TESTSERVER/16/15.asc
NCOLS 100
NROWS 100
XLLCORNER 8.2997500000e+03
YLLCORNER 2.8920025000e+05
CELLSIZE 5.0000000000e-01
NODATA_VALUE -9.9990000000e+03
[rows 40 to 59 of 100, columns 46 to 91 of 100]
5.8959997559e+02 5.8963897705e+02 5.8968499756e+02 5.8973297119e+02 5.8978100586e+02 5.8980999756e+02 5.8984197998e+02 5.8986499023e+02 5.8987799072e+02 5.8992901611e+02 5.8996697998e+02 5.9000402832e+02 5.9004302979e+02 5.9008502197e+02 5.9009997559e+02 5.9011901855e+02 5.9014801025e+02 5.9016601563e+02 5.9018597412e+02 5.9021502686e+02 5.9022900391e+02 5.9024401855e+02 5.9026599121e+02 5.9029199219e+02 5.9031701660e+02 5.9032397461e+02 5.9034197998e+02 5.9036199951e+02 5.9038702393e+02 5.9041497803e+02 5.9044000244e+02 5.9045599365e+02 5.9046398926e+02 5.9048400879e+02 5.9049798584e+02 5.9051000977e+02 5.9053100586e+02 5.9052801514e+02 5.9053002930e+02 5.9054199219e+02 5.9054901123e+02 5.9055999756e+02 5.9056701660e+02 5.9058001709e+02 5.9058697510e+02 5.9059802246e+02
5.8950299072e+02 5.8954400635e+02 5.8958398438e+02 5.8963800049e+02 5.8968499756e+02 5.8971899414e+02 5.8976300049e+02 5.8978900146e+02 5.8979998779e+02 5.8984002686e+02 5.8985699463e+02 5.8989001465e+02 5.8993298340e+02 5.8997601318e+02 5.8999700928e+02 5.9002899170e+02 5.9005499268e+02 5.9005798340e+02 5.9007702637e+02 5.9010302734e+02 5.9012597656e+02 5.9014202881e+02 5.9017297363e+02 5.9020098877e+02 5.9021197510e+02 5.9022601318e+02 5.9024597168e+02 5.9026501465e+02 5.9029400635e+02 5.9032202148e+02 5.9034399414e+02 5.9036102295e+02 5.9037200928e+02 5.9037701416e+02 5.9038500977e+02 5.9039697266e+02 5.9041900635e+02 5.9042602539e+02 5.9042401123e+02 5.9043902588e+02 5.9045001221e+02 5.9045898438e+02 5.9046099854e+02 5.9046600342e+02 5.9047497559e+02 5.9049102783e+02
5.8940301514e+02 5.8944000244e+02 5.8948101807e+02 5.8953302002e+02 5.8957202148e+02 5.8960198975e+02 5.8963702393e+02 5.8966302490e+02 5.8968701172e+02 5.8973400879e+02 5.8975701904e+02 5.8978198242e+02 5.8980999756e+02 5.8984600830e+02 5.8988201904e+02 5.8991900635e+02 5.8993499756e+02 5.8994702148e+02 5.8997198486e+02 5.8999298096e+02 5.9001702881e+02 5.9003100586e+02 5.9005401611e+02 5.9007897949e+02 5.9009899902e+02 5.9011999512e+02 5.9013800049e+02 5.9015301514e+02 5.9017700195e+02 5.9021002197e+02 5.9023602295e+02 5.9026202393e+02 5.9027600098e+02 5.9027697754e+02 5.9028698730e+02 5.9029498291e+02 5.9029998779e+02 5.9030499268e+02 5.9031298828e+02 5.9033898926e+02 5.9035302734e+02 5.9035900879e+02 5.9035797119e+02 5.9036102295e+02 5.9037200928e+02 5.9038598633e+02
5.8929602051e+02 5.8933099365e+02 5.8937500000e+02 5.8942297363e+02 5.8945800781e+02 5.8949597168e+02 5.8952502441e+02 5.8954498291e+02 5.8957202148e+02 5.8961602783e+02 5.8964599609e+02 5.8966802979e+02 5.8968597412e+02 5.8971997070e+02 5.8976599121e+02 5.8979699707e+02 5.8980700684e+02 5.8983099365e+02 5.8986102295e+02 5.8988397217e+02 5.8990899658e+02 5.8992700195e+02 5.8994299316e+02 5.8996398926e+02 5.8999401855e+02 5.9001501465e+02 5.9003497314e+02 5.9005102539e+02 5.9006799316e+02 5.9009997559e+02 5.9012298584e+02 5.9014697266e+02 5.9016699219e+02 5.9017498779e+02 5.9019299316e+02 5.9020300293e+02 5.9019897461e+02 5.9020300293e+02 5.9021099854e+02 5.9023498535e+02 5.9025299072e+02 5.9026202393e+02 5.9026300049e+02 5.9026800537e+02 5.9028100586e+02 5.9028997803e+02
5.8919500732e+02 5.8923101807e+02 5.8926501465e+02 5.8930603027e+02 5.8936102295e+02 5.8940100098e+02 5.8941699219e+02 5.8943103027e+02 5.8945001221e+02 5.8950000000e+02 5.8953302002e+02 5.8954797363e+02 5.8957501221e+02 5.8960797119e+02 5.8965002441e+02 5.8967797852e+02 5.8969299316e+02 5.8971301270e+02 5.8973797607e+02 5.8977001953e+02 5.8980603027e+02 5.8983300781e+02 5.8985101318e+02 5.8986901855e+02 5.8990502930e+02 5.8991802979e+02 5.8994299316e+02 5.8996099854e+02 5.8997399902e+02 5.8998602295e+02 5.9000000000e+02 5.9001898193e+02 5.9004699707e+02 5.9006097412e+02 5.9008398438e+02 5.9010302734e+02 5.9011901855e+02 5.9013800049e+02 5.9013201904e+02 5.9013500977e+02 5.9014898682e+02 5.9016699219e+02 5.9016900635e+02 5.9017102051e+02 5.9019396973e+02 5.9020397949e+02
5.8909497070e+02 5.8913500977e+02 5.8917102051e+02 5.8921099854e+02 5.8925097656e+02 5.8928497314e+02 5.8930999756e+02 5.8933001709e+02 5.8934301758e+02 5.8937402344e+02 5.8940997314e+02 5.8943298340e+02 5.8947198486e+02 5.8951202393e+02 5.8954101563e+02 5.8956298828e+02 5.8957501221e+02 5.8959997559e+02 5.8962597656e+02 5.8965399170e+02 5.8968597412e+02 5.8971301270e+02 5.8973797607e+02 5.8976202393e+02 5.8978802490e+02 5.8981597900e+02 5.8985101318e+02 5.8986401367e+02 5.8986297607e+02 5.8987597656e+02 5.8989501953e+02 5.8991998291e+02 5.8994897461e+02 5.8996600342e+02 5.8998498535e+02 5.8999700928e+02 5.9001300049e+02 5.9002502441e+02 5.9001800537e+02 5.9002502441e+02 5.9004400635e+02 5.9007598877e+02 5.9007897949e+02 5.9007897949e+02 5.9010601807e+02 5.9011700439e+02
5.8899700928e+02 5.8903302002e+02 5.8907202148e+02 5.8911102295e+02 5.8914099121e+02 5.8917199707e+02 5.8919897461e+02 5.8922302246e+02 5.8923999023e+02 5.8926202393e+02 5.8929699707e+02 5.8932501221e+02 5.8935900879e+02 5.8938897705e+02 5.8942102051e+02 5.8945098877e+02 5.8946697998e+02 5.8950000000e+02 5.8953198242e+02 5.8955902100e+02 5.8958001709e+02 5.8959497070e+02 5.8962200928e+02 5.8965399170e+02 5.8968298340e+02 5.8971398926e+02 5.8974499512e+02 5.8975402832e+02 5.8974902344e+02 5.8976599121e+02 5.8979498291e+02 5.8982702637e+02 5.8985601807e+02 5.8988000488e+02 5.8989099121e+02 5.8989501953e+02 5.8991699219e+02 5.8991601563e+02 5.8991198730e+02 5.8992999268e+02 5.8995397949e+02 5.8998199463e+02 5.8998101807e+02 5.8998199463e+02 5.9000598145e+02 5.9002099609e+02
5.8890399170e+02 5.8893701172e+02 5.8897198486e+02 5.8900799561e+02 5.8903601074e+02 5.8905902100e+02 5.8908300781e+02 5.8911102295e+02 5.8913397217e+02 5.8915502930e+02 5.8919299316e+02 5.8922497559e+02 5.8925299072e+02 5.8927398682e+02 5.8931298828e+02 5.8934802246e+02 5.8936700439e+02 5.8940301514e+02 5.8944000244e+02 5.8946600342e+02 5.8948400879e+02 5.8949298096e+02 5.8951300049e+02 5.8954699707e+02 5.8958398438e+02 5.8961602783e+02 5.8964202881e+02 5.8965399170e+02 5.8965802002e+02 5.8966601563e+02 5.8969598389e+02 5.8972698975e+02 5.8975000000e+02 5.8978100586e+02 5.8979101563e+02 5.8978900146e+02 5.8982202148e+02 5.8981799316e+02 5.8981701660e+02 5.8983801270e+02 5.8985998535e+02 5.8988598633e+02 5.8988702393e+02 5.8988897705e+02 5.8990301514e+02 5.8991802979e+02
5.8881298828e+02 5.8884997559e+02 5.8887097168e+02 5.8889300537e+02 5.8890802002e+02 5.8896801758e+02 5.8899499512e+02 5.8901397705e+02 5.8902899170e+02 5.8905401611e+02 5.8908599854e+02 5.8911199951e+02 5.8913800049e+02 5.8916998291e+02 5.8920800781e+02 5.8923999023e+02 5.8926098633e+02 5.8929602051e+02 5.8933099365e+02 5.8935601807e+02 5.8938000488e+02 5.8939898682e+02 5.8941900635e+02 5.8944702148e+02 5.8947802734e+02 5.8950500488e+02 5.8952697754e+02 5.8954901123e+02 5.8957800293e+02 5.8957598877e+02 5.8959399414e+02 5.8961999512e+02 5.8964801025e+02 5.8966601563e+02 5.8968200684e+02 5.8968902588e+02 5.8971197510e+02 5.8971502686e+02 5.8971997070e+02 5.8973699951e+02 5.8975201416e+02 5.8978601074e+02 5.8980200195e+02 5.8980603027e+02 5.8981201172e+02 5.8982702637e+02
5.8868597412e+02 5.8874499512e+02 5.8877197266e+02 5.8880700684e+02 5.8881402588e+02 5.8883001709e+02 5.8885797119e+02 5.8888702393e+02 5.8891998291e+02 5.8896398926e+02 5.8898498535e+02 5.8899700928e+02 5.8902697754e+02 5.8906201172e+02 5.8909600830e+02 5.8912298584e+02 5.8914300537e+02 5.8918902588e+02 5.8922998047e+02 5.8925701904e+02 5.8928302002e+02 5.8930603027e+02 5.8933300781e+02 5.8935797119e+02 5.8938702393e+02 5.8940698242e+02 5.8942999268e+02 5.8945300293e+02 5.8947802734e+02 5.8948699951e+02 5.8951000977e+02 5.8953100586e+02 5.8955700684e+02 5.8957299805e+02 5.8958898926e+02 5.8959997559e+02 5.8962298584e+02 5.8963098145e+02 5.8963299561e+02 5.8964099121e+02 5.8965399170e+02 5.8968402100e+02 5.8970397949e+02 5.8972100830e+02 5.8974200439e+02 5.8975598145e+02
5.8857202148e+02 5.8861199951e+02 5.8863598633e+02 5.8867999268e+02 5.8870898438e+02 5.8871398926e+02 5.8873999023e+02 5.8876800537e+02 5.8880297852e+02 5.8885699463e+02 5.8887597656e+02 5.8888702393e+02 5.8892401123e+02 5.8895697021e+02 5.8898999023e+02 5.8901800537e+02 5.8903601074e+02 5.8908001709e+02 5.8912200928e+02 5.8915197754e+02 5.8917102051e+02 5.8920397949e+02 5.8923797607e+02 5.8926397705e+02 5.8929699707e+02 5.8931097412e+02 5.8933398438e+02 5.8935400391e+02 5.8937298584e+02 5.8939898682e+02 5.8942199707e+02 5.8943798828e+02 5.8946600342e+02 5.8948101807e+02 5.8950097656e+02 5.8951202393e+02 5.8953302002e+02 5.8954302979e+02 5.8954699707e+02 5.8955798340e+02 5.8956896973e+02 5.8958898926e+02 5.8960498047e+02 5.8962200928e+02 5.8964801025e+02 5.8965399170e+02
5.8847802734e+02 5.8850000000e+02 5.8852398682e+02 5.8856597900e+02 5.8859600830e+02 5.8860699463e+02 5.8863299561e+02 5.8864898682e+02 5.8867901611e+02 5.8872698975e+02 5.8875598145e+02 5.8877899170e+02 5.8881701660e+02 5.8885498047e+02 5.8888299561e+02 5.8890997314e+02 5.8893200684e+02 5.8896899414e+02 5.8901300049e+02 5.8904400635e+02 5.8905401611e+02 5.8909997559e+02 5.8914099121e+02 5.8916802979e+02 5.8919897461e+02 5.8921697998e+02 5.8924499512e+02 5.8926501465e+02 5.8928100586e+02 5.8931201172e+02 5.8933001709e+02 5.8934399414e+02 5.8937298584e+02 5.8938397217e+02 5.8940899658e+02 5.8942498779e+02 5.8944000244e+02 5.8944396973e+02 5.8945697021e+02 5.8948602295e+02 5.8949902344e+02 5.8951000977e+02 5.8952001953e+02 5.8953399658e+02 5.8954998779e+02 5.8955102539e+02
5.8840600586e+02 5.8844299316e+02 5.8846398926e+02 5.8847698975e+02 5.8848101807e+02 5.8850201416e+02 5.8853302002e+02 5.8854901123e+02 5.8857501221e+02 5.8859899902e+02 5.8863000488e+02 5.8866198730e+02 5.8869000244e+02 5.8874597168e+02 5.8877502441e+02 5.8879797363e+02 5.8882598877e+02 5.8885699463e+02 5.8890002441e+02 5.8893701172e+02 5.8896099854e+02 5.8900402832e+02 5.8904699707e+02 5.8907501221e+02 5.8909698486e+02 5.8912298584e+02 5.8915002441e+02 5.8917602539e+02 5.8920202637e+02 5.8921899414e+02 5.8923699951e+02 5.8925598145e+02 5.8929901123e+02 5.8930999756e+02 5.8933099365e+02 5.8934899902e+02 5.8936401367e+02 5.8936700439e+02 5.8938000488e+02 5.8941497803e+02 5.8943103027e+02 5.8943902588e+02 5.8945202637e+02 5.8946301270e+02 5.8947100830e+02 5.8946502686e+02
5.8828698730e+02 5.8833898926e+02 5.8835601807e+02 5.8836199951e+02 5.8836700439e+02 5.8840600586e+02 5.8844000244e+02 5.8845098877e+02 5.8847198486e+02 5.8849700928e+02 5.8852099609e+02 5.8854998779e+02 5.8858001709e+02 5.8862200928e+02 5.8865301514e+02 5.8867602539e+02 5.8870599365e+02 5.8874200439e+02 5.8878302002e+02 5.8882397461e+02 5.8886102295e+02 5.8890997314e+02 5.8894897461e+02 5.8897601318e+02 5.8899902344e+02 5.8903497314e+02 5.8905902100e+02 5.8908898926e+02 5.8912597656e+02 5.8914599609e+02 5.8916497803e+02 5.8917498779e+02 5.8920697021e+02 5.8923400879e+02 5.8925402832e+02 5.8926599121e+02 5.8928100586e+02 5.8929998779e+02 5.8932098389e+02 5.8934301758e+02 5.8934600830e+02 5.8936199951e+02 5.8937902832e+02 5.8939001465e+02 5.8939898682e+02 5.8940301514e+02
5.8820300293e+02 5.8822497559e+02 5.8824298096e+02 5.8826599121e+02 5.8827502441e+02 5.8830902100e+02 5.8834002686e+02 5.8835198975e+02 5.8837298584e+02 5.8840399170e+02 5.8842498779e+02 5.8844598389e+02 5.8847900391e+02 5.8851098633e+02 5.8853997803e+02 5.8856201172e+02 5.8858599854e+02 5.8861798096e+02 5.8866198730e+02 5.8870800781e+02 5.8875500488e+02 5.8880499268e+02 5.8884301758e+02 5.8887597656e+02 5.8890899658e+02 5.8894702148e+02 5.8896997070e+02 5.8899499512e+02 5.8903002930e+02 5.8905401611e+02 5.8908599854e+02 5.8910101318e+02 5.8912097168e+02 5.8915600586e+02 5.8917498779e+02 5.8918298340e+02 5.8919702148e+02 5.8922900391e+02 5.8925701904e+02 5.8927502441e+02 5.8926702881e+02 5.8927899170e+02 5.8928997803e+02 5.8929901123e+02 5.8931500244e+02 5.8933398438e+02
5.8813397217e+02 5.8814697266e+02 5.8815698242e+02 5.8818597412e+02 5.8820098877e+02 5.8822100830e+02 5.8824798584e+02 5.8826501465e+02 5.8828698730e+02 5.8831799316e+02 5.8833300781e+02 5.8834899902e+02 5.8838397217e+02 5.8841400146e+02 5.8844299316e+02 5.8846398926e+02 5.8848400879e+02 5.8851300049e+02 5.8855499268e+02 5.8859802246e+02 5.8863897705e+02 5.8868701172e+02 5.8872698975e+02 5.8877001953e+02 5.8880999756e+02 5.8884497070e+02 5.8886602783e+02 5.8889202881e+02 5.8892999268e+02 5.8894702148e+02 5.8898498535e+02 5.8901501465e+02 5.8903900146e+02 5.8907598877e+02 5.8909600830e+02 5.8910400391e+02 5.8911199951e+02 5.8914001465e+02 5.8916900635e+02 5.8918798828e+02 5.8918701172e+02 5.8919396973e+02 5.8920098877e+02 5.8921301270e+02 5.8923498535e+02 5.8925897217e+02
5.8802099609e+02 5.8807098389e+02 5.8808398438e+02 5.8810198975e+02 5.8810797119e+02 5.8812500000e+02 5.8815002441e+02 5.8817700195e+02 5.8819702148e+02 5.8821801758e+02 5.8823699951e+02 5.8825201416e+02 5.8827899170e+02 5.8832098389e+02 5.8835699463e+02 5.8837799072e+02 5.8838397217e+02 5.8841998291e+02 5.8845300293e+02 5.8848602295e+02 5.8852600098e+02 5.8857202148e+02 5.8861798096e+02 5.8866101074e+02 5.8870898438e+02 5.8873602295e+02 5.8875598145e+02 5.8879400635e+02 5.8884997559e+02 5.8887097168e+02 5.8890399170e+02 5.8892999268e+02 5.8895098877e+02 5.8897698975e+02 5.8899798584e+02 5.8901300049e+02 5.8903100586e+02 5.8905700684e+02 5.8907897949e+02 5.8909802246e+02 5.8911297607e+02 5.8912097168e+02 5.8913000488e+02 5.8914697266e+02 5.8915600586e+02 5.8917901611e+02
5.8793902588e+02 5.8797302246e+02 5.8801202393e+02 5.8804797363e+02 5.8803997803e+02 5.8804998779e+02 5.8807598877e+02 5.8810400391e+02 5.8812097168e+02 5.8813000488e+02 5.8814898682e+02 5.8816998291e+02 5.8820599365e+02 5.8824102783e+02 5.8827197266e+02 5.8828698730e+02 5.8828198242e+02 5.8831402588e+02 5.8834497070e+02 5.8837597656e+02 5.8842199707e+02 5.8846801758e+02 5.8852099609e+02 5.8855902100e+02 5.8860101318e+02 5.8863500977e+02 5.8865802002e+02 5.8869396973e+02 5.8873602295e+02 5.8876599121e+02 5.8880297852e+02 5.8883398438e+02 5.8886401367e+02 5.8889501953e+02 5.8892102051e+02 5.8894000244e+02 5.8896002197e+02 5.8898297119e+02 5.8899798584e+02 5.8902099609e+02 5.8904602051e+02 5.8905499268e+02 5.8905603027e+02 5.8907098389e+02 5.8908398438e+02 5.8910198975e+02
5.8785101318e+02 5.8787799072e+02 5.8790100098e+02 5.8792602539e+02 5.8794598389e+02 5.8797399902e+02 5.8799401855e+02 5.8801501465e+02 5.8803997803e+02 5.8804602051e+02 5.8807000732e+02 5.8809698486e+02 5.8813702393e+02 5.8817102051e+02 5.8818597412e+02 5.8819299316e+02 5.8819598389e+02 5.8821997070e+02 5.8825598145e+02 5.8829400635e+02 5.8832800293e+02 5.8837402344e+02 5.8842901611e+02 5.8845599365e+02 5.8848297119e+02 5.8851599121e+02 5.8854302979e+02 5.8858697510e+02 5.8862402344e+02 5.8865100098e+02 5.8869702148e+02 5.8874298096e+02 5.8878302002e+02 5.8881298828e+02 5.8883398438e+02 5.8885797119e+02 5.8888702393e+02 5.8890899658e+02 5.8892700195e+02 5.8895397949e+02 5.8896801758e+02 5.8897497559e+02 5.8898498535e+02 5.8899798584e+02 5.8901098633e+02 5.8902899170e+02
5.8775299072e+02 5.8780200195e+02 5.8780603027e+02 5.8781201172e+02 5.8784997559e+02 5.8787298584e+02 5.8789099121e+02 5.8791802979e+02 5.8795098877e+02 5.8795697021e+02 5.8798498535e+02 5.8801202393e+02 5.8803900146e+02 5.8806701660e+02 5.8808197021e+02 5.8809997559e+02 5.8811999512e+02 5.8814300537e+02 5.8817700195e+02 5.8821099854e+02 5.8823199463e+02 5.8826898193e+02 5.8831799316e+02 5.8834100342e+02 5.8836401367e+02 5.8839697266e+02 5.8842498779e+02 5.8847698975e+02 5.8851702881e+02 5.8854199219e+02 5.8859100342e+02 5.8864697266e+02 5.8869299316e+02 5.8871899414e+02 5.8873297119e+02 5.8875799561e+02 5.8879699707e+02 5.8882299805e+02 5.8884802246e+02 5.8887701416e+02 5.8888397217e+02 5.8890002441e+02 5.8891998291e+02 5.8892297363e+02 5.8893402100e+02 5.8895697021e+02
