TESTSERVER/16/15.asc
NCOLS 100
NROWS 100
XLLCORNER 8.2997500000e+03
YLLCORNER 2.8920025000e+05
CELLSIZE 5.0000000000e-01
NODATA_VALUE -9.9990000000e+03
[rows 0 to 19 of 100, columns 46 to 91 of 100]
5.9322900391e+02 5.9326098633e+02 5.9331402588e+02 5.9335601807e+02 5.9337200928e+02 5.9340899658e+02 5.9342901611e+02 5.9344500732e+02 5.9347601318e+02 5.9350000000e+02 5.9353900146e+02 5.9355499268e+02 5.9355297852e+02 5.9359002686e+02 5.9362902832e+02 5.9365002441e+02 5.9365997314e+02 5.9367700195e+02 5.9367498779e+02 5.9367602539e+02 5.9369201660e+02 5.9371502686e+02 5.9372698975e+02 5.9374499512e+02 5.9377301025e+02 5.9376898193e+02 5.9378698730e+02 5.9380798340e+02 5.9380798340e+02 5.9381597900e+02 5.9381896973e+02 5.9383099365e+02 5.9384698486e+02 5.9385498047e+02 5.9384802246e+02 5.9383898926e+02 5.9384600830e+02 5.9385498047e+02 5.9384497070e+02 5.9384197998e+02 5.9385198975e+02 5.9383398438e+02 5.9383898926e+02 5.9385601807e+02 5.9384899902e+02 5.9384600830e+02
5.9316497803e+02 5.9319396973e+02 5.9323498535e+02 5.9327502441e+02 5.9329901123e+02 5.9334002686e+02 5.9336401367e+02 5.9337902832e+02 5.9340399170e+02 5.9342901611e+02 5.9345898438e+02 5.9349298096e+02 5.9351202393e+02 5.9352197266e+02 5.9355102539e+02 5.9357397461e+02 5.9359301758e+02 5.9361102295e+02 5.9360601807e+02 5.9360699463e+02 5.9362799072e+02 5.9365301514e+02 5.9366699219e+02 5.9367602539e+02 5.9368798828e+02 5.9370001221e+02 5.9371697998e+02 5.9373400879e+02 5.9374597168e+02 5.9375097656e+02 5.9374700928e+02 5.9375402832e+02 5.9376397705e+02 5.9376898193e+02 5.9377301025e+02 5.9378002930e+02 5.9378302002e+02 5.9378997803e+02 5.9378198242e+02 5.9378002930e+02 5.9378997803e+02 5.9378198242e+02 5.9378900146e+02 5.9380102539e+02 5.9378997803e+02 5.9378997803e+02
5.9310601807e+02 5.9313299561e+02 5.9316900635e+02 5.9320397949e+02 5.9322497559e+02 5.9326000977e+02 5.9328997803e+02 5.9331097412e+02 5.9333697510e+02 5.9336901855e+02 5.9339398193e+02 5.9343298340e+02 5.9345300293e+02 5.9345599365e+02 5.9347802734e+02 5.9350097656e+02 5.9352001953e+02 5.9354199219e+02 5.9355102539e+02 5.9355499268e+02 5.9356701660e+02 5.9358801270e+02 5.9361102295e+02 5.9362799072e+02 5.9363000488e+02 5.9363702393e+02 5.9364398193e+02 5.9365600586e+02 5.9367401123e+02 5.9367797852e+02 5.9367700195e+02 5.9368701172e+02 5.9369000244e+02 5.9369702148e+02 5.9371002197e+02 5.9372100830e+02 5.9371502686e+02 5.9372601318e+02 5.9372802734e+02 5.9373297119e+02 5.9373901367e+02 5.9374401855e+02 5.9374798584e+02 5.9375201416e+02 5.9374102783e+02 5.9374597168e+02
5.9302801514e+02 5.9306597900e+02 5.9310498047e+02 5.9313598633e+02 5.9315698242e+02 5.9318902588e+02 5.9322302246e+02 5.9324700928e+02 5.9327301025e+02 5.9330200195e+02 5.9332000732e+02 5.9335601807e+02 5.9337402344e+02 5.9337902832e+02 5.9339599609e+02 5.9341601563e+02 5.9343499756e+02 5.9345800781e+02 5.9348400879e+02 5.9349401855e+02 5.9349499512e+02 5.9351202393e+02 5.9353900146e+02 5.9356799316e+02 5.9357501221e+02 5.9358001709e+02 5.9357800293e+02 5.9358197021e+02 5.9359698486e+02 5.9359802246e+02 5.9360797119e+02 5.9362402344e+02 5.9362200928e+02 5.9363397217e+02 5.9365899658e+02 5.9366900635e+02 5.9365100098e+02 5.9365802002e+02 5.9366497803e+02 5.9366998291e+02 5.9367401123e+02 5.9369396973e+02 5.9369598389e+02 5.9369201660e+02 5.9368701172e+02 5.9369598389e+02
5.9293902588e+02 5.9297497559e+02 5.9301098633e+02 5.9304998779e+02 5.9309698486e+02 5.9312597656e+02 5.9315301514e+02 5.9317797852e+02 5.9320800781e+02 5.9321997070e+02 5.9323699951e+02 5.9327801514e+02 5.9330401611e+02 5.9330401611e+02 5.9332202148e+02 5.9334997559e+02 5.9336700439e+02 5.9338397217e+02 5.9340997314e+02 5.9341497803e+02 5.9341302490e+02 5.9343701172e+02 5.9346099854e+02 5.9347998047e+02 5.9348199463e+02 5.9350500488e+02 5.9351599121e+02 5.9352001953e+02 5.9352197266e+02 5.9352502441e+02 5.9353302002e+02 5.9354901123e+02 5.9355700684e+02 5.9357501221e+02 5.9359997559e+02 5.9360699463e+02 5.9359197998e+02 5.9359002686e+02 5.9360198975e+02 5.9360998535e+02 5.9359899902e+02 5.9361401367e+02 5.9362200928e+02 5.9362701416e+02 5.9363000488e+02 5.9362701416e+02
5.9285900879e+02 5.9290502930e+02 5.9294299316e+02 5.9297497559e+02 5.9301702881e+02 5.9304797363e+02 5.9307501221e+02 5.9310302734e+02 5.9312500000e+02 5.9314898682e+02 5.9317901611e+02 5.9321197510e+02 5.9322802734e+02 5.9323400879e+02 5.9325402832e+02 5.9327697754e+02 5.9329400635e+02 5.9332098389e+02 5.9334497070e+02 5.9334698486e+02 5.9335101318e+02 5.9336798096e+02 5.9338800049e+02 5.9340698242e+02 5.9340698242e+02 5.9343499756e+02 5.9345202637e+02 5.9345397949e+02 5.9346099854e+02 5.9346801758e+02 5.9347497559e+02 5.9348498535e+02 5.9348797607e+02 5.9350299072e+02 5.9352502441e+02 5.9353601074e+02 5.9352899170e+02 5.9352801514e+02 5.9353997803e+02 5.9355401611e+02 5.9355200195e+02 5.9356298828e+02 5.9356201172e+02 5.9355798340e+02 5.9355798340e+02 5.9355499268e+02
5.9279101563e+02 5.9283801270e+02 5.9286999512e+02 5.9289300537e+02 5.9292498779e+02 5.9295800781e+02 5.9299700928e+02 5.9303100586e+02 5.9304498291e+02 5.9308099365e+02 5.9311199951e+02 5.9313201904e+02 5.9314099121e+02 5.9316699219e+02 5.9318499756e+02 5.9320202637e+02 5.9322399902e+02 5.9326000977e+02 5.9328900146e+02 5.9329302979e+02 5.9329199219e+02 5.9330902100e+02 5.9333599854e+02 5.9335601807e+02 5.9334698486e+02 5.9336999512e+02 5.9338598633e+02 5.9338800049e+02 5.9339398193e+02 5.9339898682e+02 5.9340698242e+02 5.9341699219e+02 5.9341101074e+02 5.9342297363e+02 5.9344799805e+02 5.9346600342e+02 5.9346502686e+02 5.9345800781e+02 5.9346899414e+02 5.9349102783e+02 5.9350097656e+02 5.9350897217e+02 5.9350299072e+02 5.9349597168e+02 5.9349902344e+02 5.9349798584e+02
5.9272198486e+02 5.9276702881e+02 5.9279101563e+02 5.9280999756e+02 5.9283599854e+02 5.9286602783e+02 5.9290899658e+02 5.9294299316e+02 5.9296197510e+02 5.9300598145e+02 5.9303698730e+02 5.9305102539e+02 5.9305999756e+02 5.9309802246e+02 5.9311700439e+02 5.9312701416e+02 5.9315002441e+02 5.9318798828e+02 5.9321697998e+02 5.9322497559e+02 5.9322497559e+02 5.9324401855e+02 5.9327001953e+02 5.9328497314e+02 5.9328100586e+02 5.9329901123e+02 5.9330902100e+02 5.9330700684e+02 5.9331097412e+02 5.9331799316e+02 5.9333300781e+02 5.9334899902e+02 5.9334002686e+02 5.9334399414e+02 5.9336700439e+02 5.9338500977e+02 5.9339001465e+02 5.9338702393e+02 5.9340197754e+02 5.9343200684e+02 5.9344500732e+02 5.9344097900e+02 5.9342999268e+02 5.9342797852e+02 5.9343298340e+02 5.9344201660e+02
5.9263897705e+02 5.9267999268e+02 5.9270599365e+02 5.9273400879e+02 5.9276202393e+02 5.9279101563e+02 5.9282501221e+02 5.9285101318e+02 5.9287500000e+02 5.9291198730e+02 5.9294299316e+02 5.9296801758e+02 5.9298297119e+02 5.9302899170e+02 5.9305499268e+02 5.9306597900e+02 5.9308801270e+02 5.9310998535e+02 5.9312799072e+02 5.9313897705e+02 5.9316601563e+02 5.9317102051e+02 5.9318902588e+02 5.9321301270e+02 5.9322698975e+02 5.9322900391e+02 5.9322998047e+02 5.9322302246e+02 5.9321997070e+02 5.9323699951e+02 5.9325799561e+02 5.9327697754e+02 5.9327099609e+02 5.9327502441e+02 5.9329101563e+02 5.9330200195e+02 5.9330999756e+02 5.9332501221e+02 5.9333697510e+02 5.9336297607e+02 5.9337298584e+02 5.9336700439e+02 5.9335900879e+02 5.9335900879e+02 5.9336401367e+02 5.9337799072e+02
5.9254699707e+02 5.9257800293e+02 5.9260699463e+02 5.9265399170e+02 5.9269201660e+02 5.9271697998e+02 5.9273901367e+02 5.9276599121e+02 5.9280401611e+02 5.9283898926e+02 5.9286798096e+02 5.9289300537e+02 5.9291400146e+02 5.9295202637e+02 5.9298602295e+02 5.9301098633e+02 5.9302197266e+02 5.9303198242e+02 5.9304901123e+02 5.9307098389e+02 5.9309301758e+02 5.9309802246e+02 5.9310797119e+02 5.9312902832e+02 5.9314300537e+02 5.9315802002e+02 5.9315698242e+02 5.9315100098e+02 5.9316302490e+02 5.9316497803e+02 5.9317999268e+02 5.9320202637e+02 5.9320501709e+02 5.9321099854e+02 5.9321899414e+02 5.9322900391e+02 5.9323797607e+02 5.9325201416e+02 5.9326202393e+02 5.9328302002e+02 5.9329699707e+02 5.9329302979e+02 5.9328497314e+02 5.9328698730e+02 5.9330297852e+02 5.9331896973e+02
5.9245202637e+02 5.9249102783e+02 5.9252301025e+02 5.9256402588e+02 5.9259100342e+02 5.9261999512e+02 5.9265100098e+02 5.9267999268e+02 5.9272100830e+02 5.9275201416e+02 5.9278997803e+02 5.9282299805e+02 5.9284497070e+02 5.9286999512e+02 5.9289898682e+02 5.9291998291e+02 5.9293402100e+02 5.9294897461e+02 5.9296899414e+02 5.9298797607e+02 5.9300799561e+02 5.9302197266e+02 5.9303002930e+02 5.9304901123e+02 5.9306500244e+02 5.9307897949e+02 5.9307202148e+02 5.9307098389e+02 5.9309899902e+02 5.9309497070e+02 5.9310699463e+02 5.9313098145e+02 5.9313702393e+02 5.9314300537e+02 5.9314697266e+02 5.9315899658e+02 5.9317199707e+02 5.9318597412e+02 5.9319799805e+02 5.9321197510e+02 5.9321600342e+02 5.9321301270e+02 5.9320898438e+02 5.9321502686e+02 5.9323199463e+02 5.9324902344e+02
5.9235900879e+02 5.9240399170e+02 5.9244000244e+02 5.9246801758e+02 5.9248797607e+02 5.9252899170e+02 5.9257501221e+02 5.9260101318e+02 5.9263299561e+02 5.9266998291e+02 5.9271600342e+02 5.9275000000e+02 5.9276599121e+02 5.9279699707e+02 5.9282897949e+02 5.9284002686e+02 5.9284698486e+02 5.9287200928e+02 5.9289599609e+02 5.9291400146e+02 5.9293499756e+02 5.9294799805e+02 5.9295397949e+02 5.9297497559e+02 5.9299200439e+02 5.9299298096e+02 5.9298797607e+02 5.9299102783e+02 5.9301501465e+02 5.9302197266e+02 5.9303997803e+02 5.9306298828e+02 5.9305798340e+02 5.9306500244e+02 5.9307098389e+02 5.9308398438e+02 5.9310302734e+02 5.9311602783e+02 5.9312500000e+02 5.9313397217e+02 5.9313702393e+02 5.9313598633e+02 5.9313897705e+02 5.9315002441e+02 5.9316101074e+02 5.9317797852e+02
5.9226501465e+02 5.9230902100e+02 5.9234997559e+02 5.9238299561e+02 5.9240997314e+02 5.9245697021e+02 5.9250500488e+02 5.9252697754e+02 5.9254998779e+02 5.9259497070e+02 5.9262902832e+02 5.9265502930e+02 5.9268103027e+02 5.9271899414e+02 5.9275201416e+02 5.9276702881e+02 5.9278302002e+02 5.9280102539e+02 5.9281799316e+02 5.9283001709e+02 5.9284497070e+02 5.9286499023e+02 5.9286901855e+02 5.9288500977e+02 5.9291101074e+02 5.9291497803e+02 5.9292401123e+02 5.9292797852e+02 5.9292901611e+02 5.9295202637e+02 5.9297998047e+02 5.9300000000e+02 5.9299200439e+02 5.9300500488e+02 5.9300402832e+02 5.9300701904e+02 5.9302502441e+02 5.9304101563e+02 5.9304699707e+02 5.9305700684e+02 5.9307098389e+02 5.9307098389e+02 5.9308099365e+02 5.9309497070e+02 5.9310900879e+02 5.9313000488e+02
5.9216302490e+02 5.9220300293e+02 5.9224499512e+02 5.9228997803e+02 5.9232397461e+02 5.9235998535e+02 5.9240997314e+02 5.9244598389e+02 5.9246899414e+02 5.9251000977e+02 5.9254199219e+02 5.9257202148e+02 5.9260198975e+02 5.9264398193e+02 5.9267700195e+02 5.9269702148e+02 5.9271997070e+02 5.9273797607e+02 5.9275402832e+02 5.9276397705e+02 5.9277600098e+02 5.9279101563e+02 5.9279901123e+02 5.9280798340e+02 5.9281896973e+02 5.9282897949e+02 5.9284997559e+02 5.9286999512e+02 5.9287701416e+02 5.9289202881e+02 5.9290600586e+02 5.9291802979e+02 5.9292498779e+02 5.9294500732e+02 5.9294396973e+02 5.9294299316e+02 5.9295599365e+02 5.9296197510e+02 5.9296899414e+02 5.9299200439e+02 5.9301000977e+02 5.9300598145e+02 5.9301501465e+02 5.9302801514e+02 5.9303399658e+02 5.9305999756e+02
5.9207202148e+02 5.9211401367e+02 5.9215197754e+02 5.9220001221e+02 5.9223498535e+02 5.9226702881e+02 5.9231701660e+02 5.9235699463e+02 5.9238000488e+02 5.9242102051e+02 5.9246600342e+02 5.9250097656e+02 5.9252899170e+02 5.9257397461e+02 5.9260302734e+02 5.9261499023e+02 5.9263800049e+02 5.9265502930e+02 5.9267602539e+02 5.9268701172e+02 5.9270001221e+02 5.9271600342e+02 5.9272998047e+02 5.9274597168e+02 5.9275402832e+02 5.9275402832e+02 5.9277197266e+02 5.9278802490e+02 5.9279901123e+02 5.9281701660e+02 5.9282800293e+02 5.9283898926e+02 5.9285400391e+02 5.9287500000e+02 5.9288000488e+02 5.9288500977e+02 5.9289501953e+02 5.9290100098e+02 5.9290899658e+02 5.9292297363e+02 5.9293798828e+02 5.9293597412e+02 5.9294702148e+02 5.9296398926e+02 5.9296997070e+02 5.9299700928e+02
5.9198602295e+02 5.9202899170e+02 5.9206597900e+02 5.9211199951e+02 5.9214099121e+02 5.9217999268e+02 5.9222698975e+02 5.9226300049e+02 5.9228997803e+02 5.9232897949e+02 5.9237701416e+02 5.9241400146e+02 5.9244500732e+02 5.9249298096e+02 5.9252197266e+02 5.9253399658e+02 5.9255798340e+02 5.9256298828e+02 5.9258599854e+02 5.9260601807e+02 5.9262097168e+02 5.9263897705e+02 5.9265899658e+02 5.9268200684e+02 5.9269396973e+02 5.9269702148e+02 5.9271099854e+02 5.9271801758e+02 5.9272497559e+02 5.9275299072e+02 5.9276702881e+02 5.9277398682e+02 5.9277697754e+02 5.9279699707e+02 5.9281402588e+02 5.9282299805e+02 5.9282800293e+02 5.9284497070e+02 5.9285498047e+02 5.9285797119e+02 5.9286999512e+02 5.9287097168e+02 5.9288397217e+02 5.9290802002e+02 5.9291900635e+02 5.9293701172e+02
5.9188397217e+02 5.9193298340e+02 5.9198199463e+02 5.9202502441e+02 5.9204400635e+02 5.9208697510e+02 5.9213000488e+02 5.9216497803e+02 5.9219500732e+02 5.9223901367e+02 5.9228900146e+02 5.9232598877e+02 5.9234600830e+02 5.9240002441e+02 5.9243402100e+02 5.9245697021e+02 5.9248297119e+02 5.9247900391e+02 5.9249401855e+02 5.9252001953e+02 5.9254797363e+02 5.9256097412e+02 5.9257800293e+02 5.9259698486e+02 5.9261700439e+02 5.9264001465e+02 5.9265802002e+02 5.9265899658e+02 5.9265698242e+02 5.9267498779e+02 5.9269000244e+02 5.9269702148e+02 5.9269000244e+02 5.9271301270e+02 5.9274499512e+02 5.9276397705e+02 5.9276898193e+02 5.9278302002e+02 5.9279199219e+02 5.9279602051e+02 5.9280102539e+02 5.9280401611e+02 5.9281402588e+02 5.9284100342e+02 5.9286102295e+02 5.9287902832e+02
5.9179797363e+02 5.9184698486e+02 5.9189099121e+02 5.9193298340e+02 5.9196099854e+02 5.9200201416e+02 5.9204199219e+02 5.9208300781e+02 5.9210699463e+02 5.9213299561e+02 5.9218902588e+02 5.9223699951e+02 5.9225897217e+02 5.9230200195e+02 5.9233697510e+02 5.9235699463e+02 5.9237597656e+02 5.9240600586e+02 5.9243200684e+02 5.9245202637e+02 5.9246697998e+02 5.9248901367e+02 5.9250701904e+02 5.9252502441e+02 5.9253900146e+02 5.9255999756e+02 5.9258099365e+02 5.9258197021e+02 5.9257800293e+02 5.9258801270e+02 5.9259698486e+02 5.9260900879e+02 5.9261700439e+02 5.9263702393e+02 5.9265502930e+02 5.9267102051e+02 5.9268902588e+02 5.9270098877e+02 5.9271997070e+02 5.9273699951e+02 5.9273699951e+02 5.9273901367e+02 5.9274902344e+02 5.9276898193e+02 5.9278601074e+02 5.9280999756e+02
5.9172497559e+02 5.9177001953e+02 5.9180200195e+02 5.9184002686e+02 5.9187097168e+02 5.9190997314e+02 5.9195001221e+02 5.9199499512e+02 5.9202197266e+02 5.9204302979e+02 5.9208898926e+02 5.9213299561e+02 5.9216302490e+02 5.9220898438e+02 5.9223901367e+02 5.9226098633e+02 5.9228002930e+02 5.9232098389e+02 5.9235101318e+02 5.9236901855e+02 5.9237200928e+02 5.9240301514e+02 5.9242901611e+02 5.9245001221e+02 5.9245599365e+02 5.9247302246e+02 5.9249499512e+02 5.9249902344e+02 5.9249597168e+02 5.9250500488e+02 5.9251098633e+02 5.9252001953e+02 5.9253399658e+02 5.9255499268e+02 5.9256896973e+02 5.9258099365e+02 5.9260198975e+02 5.9261499023e+02 5.9263500977e+02 5.9265399170e+02 5.9265802002e+02 5.9267199707e+02 5.9268200684e+02 5.9269299316e+02 5.9271002197e+02 5.9273199463e+02
5.9165002441e+02 5.9168902588e+02 5.9171697998e+02 5.9175799561e+02 5.9178497314e+02 5.9181500244e+02 5.9185699463e+02 5.9190502930e+02 5.9192901611e+02 5.9195800781e+02 5.9199798584e+02 5.9203601074e+02 5.9206597900e+02 5.9211297607e+02 5.9213897705e+02 5.9216101074e+02 5.9218902588e+02 5.9223199463e+02 5.9226098633e+02 5.9228399658e+02 5.9228802490e+02 5.9231500244e+02 5.9234100342e+02 5.9235998535e+02 5.9236602783e+02 5.9238800049e+02 5.9240997314e+02 5.9241400146e+02 5.9240997314e+02 5.9242199707e+02 5.9243103027e+02 5.9244000244e+02 5.9245501709e+02 5.9247802734e+02 5.9249700928e+02 5.9250799561e+02 5.9252301025e+02 5.9252899170e+02 5.9254101563e+02 5.9254998779e+02 5.9255798340e+02 5.9258502197e+02 5.9259899902e+02 5.9260998535e+02 5.9263897705e+02 5.9265899658e+02
