TESTSERVER/16/16.asc
NCOLS 100
NROWS 100
XLLCORNER 8.2997500000e+03
YLLCORNER 2.8915025000e+05
CELLSIZE 5.0000000000e-01
NODATA_VALUE -9.9990000000e+03
[rows 80 to 99 of 100, columns 0 to 45 of 100]
5.6571301270e+02 5.6571398926e+02 5.6565997314e+02 5.6563000488e+02 5.6563000488e+02 5.6565698242e+02 5.6566900635e+02 5.6574401855e+02 5.6593200684e+02 5.6602697754e+02 5.6604797363e+02 5.6608197021e+02 5.6606097412e+02 5.6599597168e+02 5.6599902344e+02 5.6604101563e+02 5.6607397461e+02 5.6613702393e+02 5.6626202393e+02 5.6636798096e+02 5.6646099854e+02 5.6655798340e+02 5.6660498047e+02 5.6667901611e+02 5.6673602295e+02 5.6675799561e+02 5.6681402588e+02 5.6692700195e+02 5.6698797607e+02 5.6703002930e+02 5.6710101318e+02 5.6714501953e+02 5.6721801758e+02 5.6729901123e+02 5.6735699463e+02 5.6741497803e+02 5.6746197510e+02 5.6749401855e+02 5.6751300049e+02 5.6751501465e+02 5.6754602051e+02 5.6756298828e+02 5.6758300781e+02 5.6761700439e+02 5.6764202881e+02 5.6765100098e+02
5.6533697510e+02 5.6551599121e+02 5.6561499023e+02 5.6555999756e+02 5.6545800781e+02 5.6541101074e+02 5.6541601563e+02 5.6543402100e+02 5.6549902344e+02 5.6554901123e+02 5.6559899902e+02 5.6564398193e+02 5.6568103027e+02 5.6566601563e+02 5.6565502930e+02 5.6566998291e+02 5.6573297119e+02 5.6583599854e+02 5.6594396973e+02 5.6601800537e+02 5.6613201904e+02 5.6624902344e+02 5.6630700684e+02 5.6635198975e+02 5.6639398193e+02 5.6640600586e+02 5.6645300293e+02 5.6656500244e+02 5.6661499023e+02 5.6666497803e+02 5.6676202393e+02 5.6681402588e+02 5.6686999512e+02 5.6693298340e+02 5.6697698975e+02 5.6702899170e+02 5.6708697510e+02 5.6713397217e+02 5.6716699219e+02 5.6720397949e+02 5.6724298096e+02 5.6726000977e+02 5.6729199219e+02 5.6731896973e+02 5.6733197021e+02 5.6735699463e+02
5.6483197021e+02 5.6512298584e+02 5.6543798828e+02 5.6549200439e+02 5.6537200928e+02 5.6527099609e+02 5.6525000000e+02 5.6521697998e+02 5.6521997070e+02 5.6523101807e+02 5.6524700928e+02 5.6528698730e+02 5.6534997559e+02 5.6537902832e+02 5.6536901855e+02 5.6537200928e+02 5.6542102051e+02 5.6550201416e+02 5.6559100342e+02 5.6566198730e+02 5.6577197266e+02 5.6589001465e+02 5.6596301270e+02 5.6601202393e+02 5.6602899170e+02 5.6601202393e+02 5.6604699707e+02 5.6614001465e+02 5.6619201660e+02 5.6626202393e+02 5.6638500977e+02 5.6645300293e+02 5.6650897217e+02 5.6656896973e+02 5.6663500977e+02 5.6671600342e+02 5.6677801514e+02 5.6682897949e+02 5.6687701416e+02 5.6692401123e+02 5.6697399902e+02 5.6698999023e+02 5.6701702881e+02 5.6703698730e+02 5.6704602051e+02 5.6706298828e+02
5.6435601807e+02 5.6465002441e+02 5.6504699707e+02 5.6523101807e+02 5.6518701172e+02 5.6511700439e+02 5.6513299561e+02 5.6507000732e+02 5.6501300049e+02 5.6496801758e+02 5.6494396973e+02 5.6496801758e+02 5.6501702881e+02 5.6505297852e+02 5.6505499268e+02 5.6507800293e+02 5.6510699463e+02 5.6514001465e+02 5.6517700195e+02 5.6521600342e+02 5.6529998779e+02 5.6539898682e+02 5.6547601318e+02 5.6553698730e+02 5.6559197998e+02 5.6561700439e+02 5.6566900635e+02 5.6573297119e+02 5.6577801514e+02 5.6584301758e+02 5.6595501709e+02 5.6603198242e+02 5.6609997559e+02 5.6617797852e+02 5.6628198242e+02 5.6637097168e+02 5.6643597412e+02 5.6650500488e+02 5.6657202148e+02 5.6664202881e+02 5.6671398926e+02 5.6672302246e+02 5.6673101807e+02 5.6675299072e+02 5.6677001953e+02 5.6676800537e+02
5.6394500732e+02 5.6413598633e+02 5.6436700439e+02 5.6465899658e+02 5.6474597168e+02 5.6481201172e+02 5.6492797852e+02 5.6497497559e+02 5.6489300537e+02 5.6477502441e+02 5.6469097900e+02 5.6467498779e+02 5.6468402100e+02 5.6470300293e+02 5.6472998047e+02 5.6478601074e+02 5.6482397461e+02 5.6483398438e+02 5.6484899902e+02 5.6487200928e+02 5.6490399170e+02 5.6493200684e+02 5.6495202637e+02 5.6502899170e+02 5.6512597656e+02 5.6521801758e+02 5.6529498291e+02 5.6534698486e+02 5.6539300537e+02 5.6544897461e+02 5.6550402832e+02 5.6559997559e+02 5.6568499756e+02 5.6577801514e+02 5.6589001465e+02 5.6596099854e+02 5.6604797363e+02 5.6616302490e+02 5.6625799561e+02 5.6632897949e+02 5.6639501953e+02 5.6638098145e+02 5.6637902832e+02 5.6641400146e+02 5.6642602539e+02 5.6641900635e+02
5.6355603027e+02 5.6370898438e+02 5.6392700195e+02 5.6413897705e+02 5.6429498291e+02 5.6444396973e+02 5.6463897705e+02 5.6477801514e+02 5.6475097656e+02 5.6464099121e+02 5.6452001953e+02 5.6442602539e+02 5.6438500977e+02 5.6437701416e+02 5.6441198730e+02 5.6446398926e+02 5.6451800537e+02 5.6455902100e+02 5.6456201172e+02 5.6457397461e+02 5.6460699463e+02 5.6463897705e+02 5.6464501953e+02 5.6470001221e+02 5.6475598145e+02 5.6480902100e+02 5.6487097168e+02 5.6493103027e+02 5.6500000000e+02 5.6507800293e+02 5.6513098145e+02 5.6520898438e+02 5.6531298828e+02 5.6541198730e+02 5.6552398682e+02 5.6560498047e+02 5.6570501709e+02 5.6584002686e+02 5.6592797852e+02 5.6595397949e+02 5.6599902344e+02 5.6603198242e+02 5.6606799316e+02 5.6610400391e+02 5.6609197998e+02 5.6606896973e+02
5.6317700195e+02 5.6334197998e+02 5.6354302979e+02 5.6376098633e+02 5.6395202637e+02 5.6412597656e+02 5.6431201172e+02 5.6445300293e+02 5.6446997070e+02 5.6440997314e+02 5.6432098389e+02 5.6425299072e+02 5.6420599365e+02 5.6414697266e+02 5.6411199951e+02 5.6410198975e+02 5.6413702393e+02 5.6419500732e+02 5.6421801758e+02 5.6423199463e+02 5.6428002930e+02 5.6433801270e+02 5.6436401367e+02 5.6441900635e+02 5.6444396973e+02 5.6445898438e+02 5.6451599121e+02 5.6458898926e+02 5.6466101074e+02 5.6474499512e+02 5.6480700684e+02 5.6489202881e+02 5.6500598145e+02 5.6510797119e+02 5.6519097900e+02 5.6527502441e+02 5.6536297607e+02 5.6548797607e+02 5.6556896973e+02 5.6559399414e+02 5.6565301514e+02 5.6571502686e+02 5.6574102783e+02 5.6578002930e+02 5.6579901123e+02 5.6578997803e+02
5.6278198242e+02 5.6296899414e+02 5.6320397949e+02 5.6344500732e+02 5.6365698242e+02 5.6383001709e+02 5.6396697998e+02 5.6406298828e+02 5.6409997559e+02 5.6409100342e+02 5.6407000732e+02 5.6407501221e+02 5.6406402588e+02 5.6399902344e+02 5.6391198730e+02 5.6383599854e+02 5.6381097412e+02 5.6383801270e+02 5.6387200928e+02 5.6389697266e+02 5.6395599365e+02 5.6403497314e+02 5.6408300781e+02 5.6413897705e+02 5.6414697266e+02 5.6414501953e+02 5.6420501709e+02 5.6426702881e+02 5.6432897949e+02 5.6441302490e+02 5.6448400879e+02 5.6457202148e+02 5.6466998291e+02 5.6474902344e+02 5.6481402588e+02 5.6490899658e+02 5.6499102783e+02 5.6510302734e+02 5.6517999268e+02 5.6522601318e+02 5.6529797363e+02 5.6536297607e+02 5.6538000488e+02 5.6543499756e+02 5.6548602295e+02 5.6548101807e+02
5.6236798096e+02 5.6258697510e+02 5.6287298584e+02 5.6315002441e+02 5.6337500000e+02 5.6353100586e+02 5.6365899658e+02 5.6369000244e+02 5.6368298340e+02 5.6369396973e+02 5.6382800293e+02 5.6383697510e+02 5.6381298828e+02 5.6379199219e+02 5.6377600098e+02 5.6372399902e+02 5.6365600586e+02 5.6361700439e+02 5.6360797119e+02 5.6363098145e+02 5.6367498779e+02 5.6373699951e+02 5.6380102539e+02 5.6385198975e+02 5.6386199951e+02 5.6386798096e+02 5.6390600586e+02 5.6393200684e+02 5.6397802734e+02 5.6406201172e+02 5.6414898682e+02 5.6424499512e+02 5.6432702637e+02 5.6437298584e+02 5.6443798828e+02 5.6452697754e+02 5.6459997559e+02 5.6468798828e+02 5.6474597168e+02 5.6479199219e+02 5.6487402344e+02 5.6494598389e+02 5.6497198486e+02 5.6506097412e+02 5.6512500000e+02 5.6511999512e+02
5.6196398926e+02 5.6217102051e+02 5.6246197510e+02 5.6276599121e+02 5.6300000000e+02 5.6315698242e+02 5.6324499512e+02 5.6324798584e+02 5.6322900391e+02 5.6332098389e+02 5.6358697510e+02 5.6362200928e+02 5.6358898926e+02 5.6353198242e+02 5.6351702881e+02 5.6350000000e+02 5.6347900391e+02 5.6347497559e+02 5.6346301270e+02 5.6346899414e+02 5.6348297119e+02 5.6351000977e+02 5.6355798340e+02 5.6359497070e+02 5.6361499023e+02 5.6363598633e+02 5.6366998291e+02 5.6368200684e+02 5.6370397949e+02 5.6375799561e+02 5.6382299805e+02 5.6390698242e+02 5.6401202393e+02 5.6409301758e+02 5.6416400146e+02 5.6421099854e+02 5.6425000000e+02 5.6429998779e+02 5.6431298828e+02 5.6435498047e+02 5.6444598389e+02 5.6453601074e+02 5.6458801270e+02 5.6467498779e+02 5.6475701904e+02 5.6480401611e+02
5.6157000732e+02 5.6175598145e+02 5.6201898193e+02 5.6230700684e+02 5.6254400635e+02 5.6271600342e+02 5.6280902100e+02 5.6281799316e+02 5.6286798096e+02 5.6309497070e+02 5.6345501709e+02 5.6346301270e+02 5.6341900635e+02 5.6332000732e+02 5.6325701904e+02 5.6322198486e+02 5.6322802734e+02 5.6327001953e+02 5.6329101563e+02 5.6328302002e+02 5.6327899170e+02 5.6328302002e+02 5.6330401611e+02 5.6332702637e+02 5.6334997559e+02 5.6338299561e+02 5.6343200684e+02 5.6344799805e+02 5.6345898438e+02 5.6348602295e+02 5.6352600098e+02 5.6357897949e+02 5.6365698242e+02 5.6373797607e+02 5.6382000732e+02 5.6385797119e+02 5.6388000488e+02 5.6391302490e+02 5.6391400146e+02 5.6396002197e+02 5.6405401611e+02 5.6415399170e+02 5.6424499512e+02 5.6432800293e+02 5.6439001465e+02 5.6445898438e+02
5.6119702148e+02 5.6135900879e+02 5.6157897949e+02 5.6183398438e+02 5.6206500244e+02 5.6224902344e+02 5.6236999512e+02 5.6242102051e+02 5.6255902100e+02 5.6291198730e+02 5.6336700439e+02 5.6336901855e+02 5.6330401611e+02 5.6315301514e+02 5.6301599121e+02 5.6292797852e+02 5.6294000244e+02 5.6302301025e+02 5.6307397461e+02 5.6304797363e+02 5.6303601074e+02 5.6302801514e+02 5.6303198242e+02 5.6304901123e+02 5.6308300781e+02 5.6313500977e+02 5.6319500732e+02 5.6321697998e+02 5.6322998047e+02 5.6323797607e+02 5.6325000000e+02 5.6328100586e+02 5.6331097412e+02 5.6335101318e+02 5.6341998291e+02 5.6347601318e+02 5.6350701904e+02 5.6355200195e+02 5.6358099365e+02 5.6364801025e+02 5.6372698975e+02 5.6380499268e+02 5.6389501953e+02 5.6398999023e+02 5.6406402588e+02 5.6413500977e+02
5.6087799072e+02 5.6101702881e+02 5.6118798828e+02 5.6138397217e+02 5.6159002686e+02 5.6177502441e+02 5.6193902588e+02 5.6204199219e+02 5.6223797607e+02 5.6265197754e+02 5.6315502930e+02 5.6331500244e+02 5.6325799561e+02 5.6304101563e+02 5.6281896973e+02 5.6263201904e+02 5.6260900879e+02 5.6267102051e+02 5.6266699219e+02 5.6272698975e+02 5.6272497559e+02 5.6272900391e+02 5.6275000000e+02 5.6278198242e+02 5.6283697510e+02 5.6290399170e+02 5.6297198486e+02 5.6300897217e+02 5.6302197266e+02 5.6301202393e+02 5.6299102783e+02 5.6302398682e+02 5.6306298828e+02 5.6308001709e+02 5.6311999512e+02 5.6314599609e+02 5.6316699219e+02 5.6320202637e+02 5.6326000977e+02 5.6335400391e+02 5.6341900635e+02 5.6347302246e+02 5.6353698730e+02 5.6365002441e+02 5.6373901367e+02 5.6380200195e+02
5.6056402588e+02 5.6070697021e+02 5.6085101318e+02 5.6101098633e+02 5.6117297363e+02 5.6132800293e+02 5.6147198486e+02 5.6161999512e+02 5.6182702637e+02 5.6221301270e+02 5.6274298096e+02 5.6302502441e+02 5.6297601318e+02 5.6270697021e+02 5.6234399414e+02 5.6221502686e+02 5.6220001221e+02 5.6223498535e+02 5.6231402588e+02 5.6235699463e+02 5.6237597656e+02 5.6240502930e+02 5.6245501709e+02 5.6252899170e+02 5.6259802246e+02 5.6266998291e+02 5.6275097656e+02 5.6280798340e+02 5.6282098389e+02 5.6280401611e+02 5.6277801514e+02 5.6280798340e+02 5.6284997559e+02 5.6286798096e+02 5.6286798096e+02 5.6286102295e+02 5.6285302734e+02 5.6284399414e+02 5.6287298584e+02 5.6297198486e+02 5.6305603027e+02 5.6314202881e+02 5.6322601318e+02 5.6331097412e+02 5.6339599609e+02 5.6347998047e+02
5.6022601318e+02 5.6037200928e+02 5.6052600098e+02 5.6066998291e+02 5.6079901123e+02 5.6091998291e+02 5.6103497314e+02 5.6120001221e+02 5.6133099365e+02 5.6157397461e+02 5.6199902344e+02 5.6226800537e+02 5.6220599365e+02 5.6196801758e+02 5.6173602295e+02 5.6173797607e+02 5.6177899170e+02 5.6185198975e+02 5.6194000244e+02 5.6198498535e+02 5.6201898193e+02 5.6206298828e+02 5.6213299561e+02 5.6222698975e+02 5.6231097412e+02 5.6239202881e+02 5.6248699951e+02 5.6255902100e+02 5.6258300781e+02 5.6257501221e+02 5.6253997803e+02 5.6255297852e+02 5.6260198975e+02 5.6263098145e+02 5.6263702393e+02 5.6262402344e+02 5.6261102295e+02 5.6258502197e+02 5.6254998779e+02 5.6255798340e+02 5.6265399170e+02 5.6279998779e+02 5.6293902588e+02 5.6303302002e+02 5.6312097168e+02 5.6320397949e+02
5.5988201904e+02 5.6002899170e+02 5.6019500732e+02 5.6033697510e+02 5.6044598389e+02 5.6054602051e+02 5.6068499756e+02 5.6089898682e+02 5.6089697266e+02 5.6090698242e+02 5.6108801270e+02 5.6128997803e+02 5.6127398682e+02 5.6115899658e+02 5.6113201904e+02 5.6125299072e+02 5.6134698486e+02 5.6145501709e+02 5.6154699707e+02 5.6159301758e+02 5.6164099121e+02 5.6169799805e+02 5.6178100586e+02 5.6188299561e+02 5.6197698975e+02 5.6206597900e+02 5.6216497803e+02 5.6224798584e+02 5.6229302979e+02 5.6231097412e+02 5.6229199219e+02 5.6230297852e+02 5.6236102295e+02 5.6240301514e+02 5.6241699219e+02 5.6241900635e+02 5.6243597412e+02 5.6243902588e+02 5.6240002441e+02 5.6225799561e+02 5.6227502441e+02 5.6242102051e+02 5.6260101318e+02 5.6273498535e+02 5.6283099365e+02 5.6290100098e+02
5.5951098633e+02 5.5965899658e+02 5.5981597900e+02 5.5994897461e+02 5.6005902100e+02 5.6018298340e+02 5.6044396973e+02 5.6070697021e+02 5.6057000732e+02 5.6033001709e+02 5.6030700684e+02 5.6044396973e+02 5.6054400635e+02 5.6062701416e+02 5.6076000977e+02 5.6081701660e+02 5.6092999268e+02 5.6103802490e+02 5.6108599854e+02 5.6116198730e+02 5.6122802734e+02 5.6129998779e+02 5.6135797119e+02 5.6147399902e+02 5.6156896973e+02 5.6166302490e+02 5.6172601318e+02 5.6183898926e+02 5.6191998291e+02 5.6199499512e+02 5.6205999756e+02 5.6209698486e+02 5.6215100098e+02 5.6217498779e+02 5.6217498779e+02 5.6217901611e+02 5.6223400879e+02 5.6230297852e+02 5.6234899902e+02 5.6211999512e+02 5.6197497559e+02 5.6198699951e+02 5.6209802246e+02 5.6228497314e+02 5.6241998291e+02 5.6251702881e+02
5.5911499023e+02 5.5925299072e+02 5.5939801025e+02 5.5949102783e+02 5.5960498047e+02 5.5973699951e+02 5.5992999268e+02 5.6008502197e+02 5.6002801514e+02 5.5993200684e+02 5.5995098877e+02 5.6006597900e+02 5.6017700195e+02 5.6028802490e+02 5.6037500000e+02 5.6045300293e+02 5.6053399658e+02 5.6061102295e+02 5.6067297363e+02 5.6073400879e+02 5.6080902100e+02 5.6088500977e+02 5.6096197510e+02 5.6104699707e+02 5.6113500977e+02 5.6122698975e+02 5.6132299805e+02 5.6141497803e+02 5.6151501465e+02 5.6161999512e+02 5.6175201416e+02 5.6188201904e+02 5.6194000244e+02 5.6194396973e+02 5.6191601563e+02 5.6191400146e+02 5.6196002197e+02 5.6202801514e+02 5.6205102539e+02 5.6185601807e+02 5.6170599365e+02 5.6164801025e+02 5.6168902588e+02 5.6178997803e+02 5.6192901611e+02 5.6208300781e+02
5.5874200439e+02 5.5886901855e+02 5.5899902344e+02 5.5911401367e+02 5.5924597168e+02 5.5936901855e+02 5.5944702148e+02 5.5943597412e+02 5.5944598389e+02 5.5949298096e+02 5.5955902100e+02 5.5964099121e+02 5.5976599121e+02 5.5989001465e+02 5.5998199463e+02 5.6004797363e+02 5.6012298584e+02 5.6019598389e+02 5.6026098633e+02 5.6033001709e+02 5.6040899658e+02 5.6048901367e+02 5.6056701660e+02 5.6064599609e+02 5.6073101807e+02 5.6081896973e+02 5.6091400146e+02 5.6101599121e+02 5.6112200928e+02 5.6123199463e+02 5.6138702393e+02 5.6155200195e+02 5.6161700439e+02 5.6162402344e+02 5.6159399414e+02 5.6158801270e+02 5.6162902832e+02 5.6168798828e+02 5.6171997070e+02 5.6160498047e+02 5.6148797607e+02 5.6141302490e+02 5.6139697266e+02 5.6140802002e+02 5.6146600342e+02 5.6159002686e+02
5.5837597656e+02 5.5849200439e+02 5.5862597656e+02 5.5879101563e+02 5.5895098877e+02 5.5907299805e+02 5.5909197998e+02 5.5893798828e+02 5.5892700195e+02 5.5900598145e+02 5.5909301758e+02 5.5919000244e+02 5.5932800293e+02 5.5946398926e+02 5.5957202148e+02 5.5963800049e+02 5.5971002197e+02 5.5978198242e+02 5.5985302734e+02 5.5993200684e+02 5.6001501465e+02 5.6009997559e+02 5.6017797852e+02 5.6025000000e+02 5.6033099365e+02 5.6041699219e+02 5.6050897217e+02 5.6061102295e+02 5.6071801758e+02 5.6082702637e+02 5.6096502686e+02 5.6111798096e+02 5.6119000244e+02 5.6121301270e+02 5.6120001221e+02 5.6120202637e+02 5.6124902344e+02 5.6131097412e+02 5.6137097168e+02 5.6136602783e+02 5.6131799316e+02 5.6126000977e+02 5.6121502686e+02 5.6116302490e+02 5.6112097168e+02 5.6115600586e+02
