TESTSERVER/16/16.asc
NCOLS 100
NROWS 100
XLLCORNER 8.2997500000e+03
YLLCORNER 2.8915025000e+05
CELLSIZE 5.0000000000e-01
NODATA_VALUE -9.9990000000e+03
[rows 80 to 99 of 100, columns 46 to 91 of 100]
5.6766302490e+02 5.6766198730e+02 5.6767297363e+02 5.6763201904e+02 5.6757397461e+02 5.6756201172e+02 5.6755499268e+02 5.6756201172e+02 5.6759997559e+02 5.6766302490e+02 5.6767999268e+02 5.6771398926e+02 5.6771697998e+02 5.6757000732e+02 5.6760797119e+02 5.6778997803e+02 5.6801898193e+02 5.6821997070e+02 5.6828698730e+02 5.6827099609e+02 5.6825598145e+02 5.6830297852e+02 5.6839099121e+02 5.6852801514e+02 5.6870001221e+02 5.6887597656e+02 5.6903399658e+02 5.6918402100e+02 5.6932501221e+02 5.6941198730e+02 5.6950299072e+02 5.6962298584e+02 5.6974298096e+02 5.6976098633e+02 5.6986901855e+02 5.7002502441e+02 5.7018798828e+02 5.7040301514e+02 5.7059002686e+02 5.7074902344e+02 5.7085699463e+02 5.7100598145e+02 5.7112701416e+02 5.7125799561e+02 5.7141497803e+02 5.7153399658e+02
5.6738702393e+02 5.6736401367e+02 5.6735101318e+02 5.6730401611e+02 5.6724499512e+02 5.6725897217e+02 5.6727099609e+02 5.6730700684e+02 5.6731597900e+02 5.6734197998e+02 5.6735498047e+02 5.6735302734e+02 5.6734600830e+02 5.6726599121e+02 5.6730902100e+02 5.6748602295e+02 5.6773602295e+02 5.6793200684e+02 5.6800201416e+02 5.6800000000e+02 5.6799700928e+02 5.6804602051e+02 5.6812701416e+02 5.6824700928e+02 5.6839599609e+02 5.6854498291e+02 5.6870501709e+02 5.6885998535e+02 5.6900201416e+02 5.6909100342e+02 5.6915899658e+02 5.6923901367e+02 5.6934197998e+02 5.6940698242e+02 5.6952801514e+02 5.6968402100e+02 5.6985797119e+02 5.7007800293e+02 5.7024798584e+02 5.7038800049e+02 5.7053100586e+02 5.7070098877e+02 5.7081701660e+02 5.7093103027e+02 5.7110601807e+02 5.7123498535e+02
5.6709197998e+02 5.6705798340e+02 5.6703802490e+02 5.6699597168e+02 5.6696099854e+02 5.6697399902e+02 5.6696997070e+02 5.6700598145e+02 5.6702801514e+02 5.6704101563e+02 5.6707098389e+02 5.6708898926e+02 5.6704400635e+02 5.6697198486e+02 5.6704602051e+02 5.6722998047e+02 5.6744702148e+02 5.6761297607e+02 5.6768798828e+02 5.6770501709e+02 5.6773297119e+02 5.6778997803e+02 5.6786602783e+02 5.6797399902e+02 5.6810998535e+02 5.6825097656e+02 5.6840399170e+02 5.6855401611e+02 5.6869500732e+02 5.6881097412e+02 5.6887298584e+02 5.6892297363e+02 5.6899798584e+02 5.6909600830e+02 5.6922802734e+02 5.6938201904e+02 5.6956201172e+02 5.6975402832e+02 5.6990600586e+02 5.7004602051e+02 5.7023498535e+02 5.7045800781e+02 5.7057299805e+02 5.7063897705e+02 5.7077398682e+02 5.7091802979e+02
5.6677301025e+02 5.6672998047e+02 5.6671197510e+02 5.6668597412e+02 5.6668597412e+02 5.6665802002e+02 5.6662902832e+02 5.6665502930e+02 5.6666998291e+02 5.6666400146e+02 5.6666699219e+02 5.6666101074e+02 5.6664001465e+02 5.6662500000e+02 5.6675097656e+02 5.6695599365e+02 5.6713598633e+02 5.6727197266e+02 5.6735400391e+02 5.6740002441e+02 5.6746398926e+02 5.6753399658e+02 5.6760998535e+02 5.6770800781e+02 5.6783599854e+02 5.6797100830e+02 5.6811297607e+02 5.6825299072e+02 5.6839501953e+02 5.6852697754e+02 5.6860400391e+02 5.6866198730e+02 5.6872698975e+02 5.6882098389e+02 5.6895300293e+02 5.6910198975e+02 5.6926501465e+02 5.6942102051e+02 5.6956402588e+02 5.6971301270e+02 5.6994799805e+02 5.7022601318e+02 5.7032897949e+02 5.7034100342e+02 5.7042199707e+02 5.7057299805e+02
5.6643499756e+02 5.6642602539e+02 5.6640698242e+02 5.6638299561e+02 5.6642700195e+02 5.6636297607e+02 5.6634002686e+02 5.6633898926e+02 5.6627801514e+02 5.6630999756e+02 5.6632299805e+02 5.6626202393e+02 5.6621600342e+02 5.6624700928e+02 5.6640997314e+02 5.6662701416e+02 5.6680999756e+02 5.6693902588e+02 5.6704101563e+02 5.6712298584e+02 5.6722198486e+02 5.6728198242e+02 5.6735498047e+02 5.6744000244e+02 5.6754998779e+02 5.6769097900e+02 5.6781799316e+02 5.6794396973e+02 5.6806097412e+02 5.6816101074e+02 5.6825201416e+02 5.6835699463e+02 5.6847100830e+02 5.6854400635e+02 5.6867797852e+02 5.6883197021e+02 5.6898297119e+02 5.6911999512e+02 5.6926800537e+02 5.6944299316e+02 5.6966699219e+02 5.6992102051e+02 5.6999200439e+02 5.6998602295e+02 5.7007098389e+02 5.7020800781e+02
5.6609197998e+02 5.6607299805e+02 5.6604199219e+02 5.6600299072e+02 5.6603601074e+02 5.6602697754e+02 5.6607202148e+02 5.6605700684e+02 5.6591802979e+02 5.6596600342e+02 5.6599902344e+02 5.6593597412e+02 5.6591101074e+02 5.6592401123e+02 5.6603900146e+02 5.6623400879e+02 5.6645501709e+02 5.6659997559e+02 5.6673199463e+02 5.6684899902e+02 5.6693798828e+02 5.6701300049e+02 5.6708801270e+02 5.6716699219e+02 5.6726397705e+02 5.6738702393e+02 5.6750500488e+02 5.6762200928e+02 5.6773498535e+02 5.6782702637e+02 5.6792297363e+02 5.6804400635e+02 5.6820202637e+02 5.6829998779e+02 5.6840002441e+02 5.6854199219e+02 5.6874798584e+02 5.6898999023e+02 5.6920697021e+02 5.6937402344e+02 5.6948901367e+02 5.6959600830e+02 5.6961102295e+02 5.6959802246e+02 5.6967700195e+02 5.6982299805e+02
5.6578601074e+02 5.6571301270e+02 5.6568902588e+02 5.6565600586e+02 5.6567901611e+02 5.6569598389e+02 5.6569598389e+02 5.6561199951e+02 5.6543902588e+02 5.6542498779e+02 5.6542999268e+02 5.6545397949e+02 5.6556298828e+02 5.6561602783e+02 5.6571801758e+02 5.6587298584e+02 5.6607598877e+02 5.6622100830e+02 5.6636798096e+02 5.6650897217e+02 5.6662298584e+02 5.6671301270e+02 5.6679901123e+02 5.6688098145e+02 5.6696997070e+02 5.6708099365e+02 5.6719097900e+02 5.6730200195e+02 5.6740600586e+02 5.6749902344e+02 5.6759997559e+02 5.6772399902e+02 5.6790100098e+02 5.6805102539e+02 5.6814501953e+02 5.6825701904e+02 5.6845800781e+02 5.6874298096e+02 5.6898101807e+02 5.6912799072e+02 5.6918298340e+02 5.6921899414e+02 5.6921697998e+02 5.6921600342e+02 5.6929602051e+02 5.6944396973e+02
5.6545800781e+02 5.6539599609e+02 5.6541101074e+02 5.6539697266e+02 5.6538897705e+02 5.6537902832e+02 5.6529797363e+02 5.6516302490e+02 5.6502398682e+02 5.6497497559e+02 5.6498400879e+02 5.6511297607e+02 5.6528399658e+02 5.6535699463e+02 5.6544702148e+02 5.6553802490e+02 5.6566900635e+02 5.6580798340e+02 5.6596899414e+02 5.6613397217e+02 5.6627899170e+02 5.6639398193e+02 5.6649597168e+02 5.6658300781e+02 5.6666802979e+02 5.6676898193e+02 5.6687402344e+02 5.6697998047e+02 5.6708001709e+02 5.6717297363e+02 5.6727600098e+02 5.6739697266e+02 5.6755200195e+02 5.6773901367e+02 5.6786297607e+02 5.6796099854e+02 5.6810498047e+02 5.6831896973e+02 5.6850897217e+02 5.6862597656e+02 5.6867498779e+02 5.6874200439e+02 5.6880499268e+02 5.6886499023e+02 5.6896600342e+02 5.6910498047e+02
5.6512597656e+02 5.6510797119e+02 5.6510498047e+02 5.6506298828e+02 5.6503802490e+02 5.6503497314e+02 5.6493597412e+02 5.6479602051e+02 5.6470898438e+02 5.6468798828e+02 5.6470098877e+02 5.6483801270e+02 5.6499597168e+02 5.6502600098e+02 5.6507202148e+02 5.6511602783e+02 5.6520300293e+02 5.6536901855e+02 5.6552801514e+02 5.6570800781e+02 5.6589202881e+02 5.6606298828e+02 5.6618200684e+02 5.6627697754e+02 5.6636401367e+02 5.6646099854e+02 5.6655499268e+02 5.6665301514e+02 5.6674499512e+02 5.6685302734e+02 5.6696197510e+02 5.6707897949e+02 5.6719500732e+02 5.6737097168e+02 5.6753802490e+02 5.6766802979e+02 5.6779302979e+02 5.6787500000e+02 5.6797698975e+02 5.6806402588e+02 5.6814099121e+02 5.6827899170e+02 5.6844396973e+02 5.6858001709e+02 5.6870898438e+02 5.6880297852e+02
5.6481896973e+02 5.6477398682e+02 5.6478698730e+02 5.6474902344e+02 5.6470098877e+02 5.6467700195e+02 5.6452398682e+02 5.6434100342e+02 5.6427801514e+02 5.6427502441e+02 5.6437902832e+02 5.6458898926e+02 5.6471600342e+02 5.6469396973e+02 5.6470098877e+02 5.6474200439e+02 5.6484002686e+02 5.6496801758e+02 5.6512298584e+02 5.6531097412e+02 5.6554998779e+02 5.6573699951e+02 5.6586401367e+02 5.6596197510e+02 5.6604797363e+02 5.6614300537e+02 5.6623400879e+02 5.6632897949e+02 5.6642901611e+02 5.6653601074e+02 5.6665197754e+02 5.6677197266e+02 5.6687597656e+02 5.6702801514e+02 5.6720397949e+02 5.6736798096e+02 5.6748901367e+02 5.6756201172e+02 5.6764398193e+02 5.6773199463e+02 5.6783599854e+02 5.6799597168e+02 5.6814898682e+02 5.6828802490e+02 5.6842498779e+02 5.6852001953e+02
5.6445397949e+02 5.6442199707e+02 5.6446600342e+02 5.6445800781e+02 5.6438201904e+02 5.6429498291e+02 5.6409497070e+02 5.6394299316e+02 5.6393701172e+02 5.6392999268e+02 5.6407098389e+02 5.6433001709e+02 5.6444799805e+02 5.6444702148e+02 5.6442199707e+02 5.6441302490e+02 5.6448400879e+02 5.6460797119e+02 5.6477801514e+02 5.6498199463e+02 5.6523101807e+02 5.6542102051e+02 5.6555200195e+02 5.6565399170e+02 5.6573498535e+02 5.6582299805e+02 5.6591900635e+02 5.6601702881e+02 5.6611798096e+02 5.6622900391e+02 5.6634802246e+02 5.6646801758e+02 5.6657000732e+02 5.6670397949e+02 5.6686199951e+02 5.6701702881e+02 5.6714599609e+02 5.6723498535e+02 5.6732501221e+02 5.6742297363e+02 5.6754602051e+02 5.6769500732e+02 5.6781701660e+02 5.6793298340e+02 5.6807000732e+02 5.6817999268e+02
5.6410699463e+02 5.6412597656e+02 5.6418103027e+02 5.6415301514e+02 5.6403497314e+02 5.6389697266e+02 5.6371301270e+02 5.6363598633e+02 5.6364697266e+02 5.6360900879e+02 5.6373797607e+02 5.6397399902e+02 5.6407000732e+02 5.6411102295e+02 5.6410101318e+02 5.6406201172e+02 5.6412200928e+02 5.6427801514e+02 5.6446502686e+02 5.6468103027e+02 5.6492797852e+02 5.6511199951e+02 5.6524401855e+02 5.6534802246e+02 5.6542498779e+02 5.6551202393e+02 5.6561102295e+02 5.6571301270e+02 5.6582000732e+02 5.6594396973e+02 5.6606896973e+02 5.6618597412e+02 5.6628198242e+02 5.6638800049e+02 5.6651300049e+02 5.6664501953e+02 5.6677001953e+02 5.6688098145e+02 5.6698498535e+02 5.6709399414e+02 5.6722198486e+02 5.6735601807e+02 5.6745098877e+02 5.6753997803e+02 5.6766497803e+02 5.6779302979e+02
5.6382397461e+02 5.6386199951e+02 5.6389202881e+02 5.6381896973e+02 5.6368103027e+02 5.6359802246e+02 5.6344500732e+02 5.6339501953e+02 5.6342401123e+02 5.6329199219e+02 5.6335900879e+02 5.6350799561e+02 5.6358898926e+02 5.6367797852e+02 5.6373297119e+02 5.6374597168e+02 5.6379797363e+02 5.6399401855e+02 5.6419500732e+02 5.6440301514e+02 5.6463800049e+02 5.6482000732e+02 5.6494598389e+02 5.6504602051e+02 5.6511798096e+02 5.6520697021e+02 5.6531402588e+02 5.6542797852e+02 5.6555902100e+02 5.6568701172e+02 5.6581896973e+02 5.6593402100e+02 5.6602197266e+02 5.6608398438e+02 5.6617999268e+02 5.6628198242e+02 5.6636901855e+02 5.6649102783e+02 5.6659997559e+02 5.6671002197e+02 5.6682598877e+02 5.6697302246e+02 5.6707202148e+02 5.6715899658e+02 5.6727502441e+02 5.6739398193e+02
5.6351501465e+02 5.6354602051e+02 5.6353002930e+02 5.6342297363e+02 5.6325000000e+02 5.6313500977e+02 5.6309100342e+02 5.6309002686e+02 5.6309399414e+02 5.6300500488e+02 5.6295001221e+02 5.6299401855e+02 5.6310302734e+02 5.6320300293e+02 5.6327301025e+02 5.6338000488e+02 5.6352899170e+02 5.6376501465e+02 5.6397497559e+02 5.6417199707e+02 5.6437298584e+02 5.6454302979e+02 5.6465899658e+02 5.6475299072e+02 5.6482397461e+02 5.6491198730e+02 5.6502398682e+02 5.6514599609e+02 5.6527398682e+02 5.6540002441e+02 5.6551898193e+02 5.6562500000e+02 5.6571502686e+02 5.6578900146e+02 5.6587799072e+02 5.6596899414e+02 5.6604998779e+02 5.6614501953e+02 5.6622998047e+02 5.6631799316e+02 5.6642498779e+02 5.6655700684e+02 5.6667102051e+02 5.6678100586e+02 5.6689898682e+02 5.6701397705e+02
5.6320599365e+02 5.6320300293e+02 5.6315997314e+02 5.6305499268e+02 5.6290899658e+02 5.6282501221e+02 5.6283599854e+02 5.6278997803e+02 5.6270501709e+02 5.6269500732e+02 5.6265600586e+02 5.6266998291e+02 5.6273699951e+02 5.6281597900e+02 5.6288897705e+02 5.6303497314e+02 5.6325897217e+02 5.6350897217e+02 5.6372399902e+02 5.6392102051e+02 5.6410699463e+02 5.6425897217e+02 5.6437097168e+02 5.6446301270e+02 5.6453399658e+02 5.6462500000e+02 5.6473602295e+02 5.6485797119e+02 5.6498797607e+02 5.6510699463e+02 5.6521697998e+02 5.6531597900e+02 5.6540301514e+02 5.6547998047e+02 5.6557000732e+02 5.6566699219e+02 5.6576098633e+02 5.6585797119e+02 5.6593103027e+02 5.6600097656e+02 5.6608502197e+02 5.6619500732e+02 5.6630297852e+02 5.6641601563e+02 5.6654101563e+02 5.6664398193e+02
5.6287402344e+02 5.6284497070e+02 5.6279101563e+02 5.6269299316e+02 5.6257702637e+02 5.6255999756e+02 5.6259802246e+02 5.6251599121e+02 5.6240899658e+02 5.6243597412e+02 5.6242602539e+02 5.6242401123e+02 5.6247399902e+02 5.6256896973e+02 5.6265197754e+02 5.6278601074e+02 5.6300097656e+02 5.6325299072e+02 5.6346997070e+02 5.6366699219e+02 5.6384002686e+02 5.6397900391e+02 5.6408697510e+02 5.6417700195e+02 5.6425000000e+02 5.6434197998e+02 5.6445300293e+02 5.6457202148e+02 5.6470300293e+02 5.6481701660e+02 5.6492199707e+02 5.6501898193e+02 5.6510400391e+02 5.6516900635e+02 5.6525799561e+02 5.6536401367e+02 5.6547998047e+02 5.6559600830e+02 5.6567700195e+02 5.6574298096e+02 5.6581701660e+02 5.6591101074e+02 5.6600299072e+02 5.6610400391e+02 5.6622302246e+02 5.6630798340e+02
5.6252697754e+02 5.6248400879e+02 5.6241900635e+02 5.6231799316e+02 5.6221301270e+02 5.6219897461e+02 5.6220898438e+02 5.6213897705e+02 5.6210797119e+02 5.6216998291e+02 5.6218499756e+02 5.6217297363e+02 5.6223297119e+02 5.6235797119e+02 5.6246099854e+02 5.6257501221e+02 5.6275299072e+02 5.6299902344e+02 5.6320898438e+02 5.6339801025e+02 5.6355700684e+02 5.6368798828e+02 5.6379302979e+02 5.6388800049e+02 5.6397399902e+02 5.6406896973e+02 5.6417602539e+02 5.6428900146e+02 5.6441900635e+02 5.6453997803e+02 5.6464801025e+02 5.6474798584e+02 5.6483001709e+02 5.6488897705e+02 5.6496502686e+02 5.6506097412e+02 5.6517498779e+02 5.6530401611e+02 5.6540802002e+02 5.6550299072e+02 5.6560998535e+02 5.6570001221e+02 5.6577697754e+02 5.6585198975e+02 5.6595098877e+02 5.6602197266e+02
5.6215100098e+02 5.6212200928e+02 5.6204901123e+02 5.6194201660e+02 5.6186102295e+02 5.6178698730e+02 5.6175897217e+02 5.6176898193e+02 5.6187200928e+02 5.6195501709e+02 5.6196002197e+02 5.6196398926e+02 5.6203698730e+02 5.6213201904e+02 5.6221801758e+02 5.6232202148e+02 5.6251098633e+02 5.6276000977e+02 5.6295397949e+02 5.6312902832e+02 5.6328698730e+02 5.6340301514e+02 5.6350799561e+02 5.6360601807e+02 5.6370001221e+02 5.6379901123e+02 5.6390197754e+02 5.6401098633e+02 5.6413299561e+02 5.6425598145e+02 5.6436999512e+02 5.6447399902e+02 5.6457397461e+02 5.6465100098e+02 5.6472100830e+02 5.6479998779e+02 5.6488800049e+02 5.6498901367e+02 5.6509802246e+02 5.6521002197e+02 5.6532800293e+02 5.6545599365e+02 5.6554400635e+02 5.6560400391e+02 5.6566900635e+02 5.6574499512e+02
5.6168798828e+02 5.6171002197e+02 5.6169299316e+02 5.6162902832e+02 5.6156402588e+02 5.6144598389e+02 5.6142199707e+02 5.6147802734e+02 5.6158300781e+02 5.6164202881e+02 5.6163897705e+02 5.6168402100e+02 5.6180999756e+02 5.6191601563e+02 5.6200000000e+02 5.6209698486e+02 5.6228198242e+02 5.6252099609e+02 5.6270501709e+02 5.6286999512e+02 5.6301702881e+02 5.6313201904e+02 5.6323602295e+02 5.6333398438e+02 5.6342401123e+02 5.6352001953e+02 5.6362097168e+02 5.6372802734e+02 5.6384399414e+02 5.6396502686e+02 5.6408300781e+02 5.6419299316e+02 5.6430297852e+02 5.6439202881e+02 5.6446197510e+02 5.6453399658e+02 5.6460797119e+02 5.6470300293e+02 5.6480999756e+02 5.6492102051e+02 5.6503100586e+02 5.6514300537e+02 5.6523297119e+02 5.6530200195e+02 5.6536602783e+02 5.6544396973e+02
5.6121502686e+02 5.6127099609e+02 5.6131500244e+02 5.6129602051e+02 5.6125000000e+02 5.6114300537e+02 5.6114202881e+02 5.6120898438e+02 5.6126501465e+02 5.6130102539e+02 5.6131896973e+02 5.6143200684e+02 5.6158300781e+02 5.6171398926e+02 5.6180499268e+02 5.6190100098e+02 5.6206500244e+02 5.6228302002e+02 5.6245697021e+02 5.6261199951e+02 5.6275000000e+02 5.6286199951e+02 5.6296600342e+02 5.6306298828e+02 5.6314697266e+02 5.6323400879e+02 5.6333398438e+02 5.6343902588e+02 5.6355200195e+02 5.6367297363e+02 5.6379400635e+02 5.6390899658e+02 5.6402197266e+02 5.6411901855e+02 5.6419396973e+02 5.6426501465e+02 5.6433502197e+02 5.6442901611e+02 5.6453100586e+02 5.6463598633e+02 5.6473101807e+02 5.6480102539e+02 5.6488000488e+02 5.6496502686e+02 5.6505603027e+02 5.6513397217e+02
