TESTSERVER/16/17.asc
NCOLS 100
NROWS 100
XLLCORNER 8.2997500000e+03
YLLCORNER 2.8910025000e+05
CELLSIZE 5.0000000000e-01
NODATA_VALUE -9.9990000000e+03
[rows 60 to 79 of 100, columns 0 to 45 of 100]
5.4219299316e+02 5.4222802734e+02 5.4228497314e+02 5.4236999512e+02 5.4246997070e+02 5.4250598145e+02 5.4251202393e+02 5.4253198242e+02 5.4254797363e+02 5.4254602051e+02 5.4257800293e+02 5.4272900391e+02 5.4291101074e+02 5.4310302734e+02 5.4332299805e+02 5.4350402832e+02 5.4364202881e+02 5.4375799561e+02 5.4385302734e+02 5.4394097900e+02 5.4402099609e+02 5.4408898926e+02 5.4413702393e+02 5.4417401123e+02 5.4422998047e+02 5.4428802490e+02 5.4433898926e+02 5.4436297607e+02 5.4443597412e+02 5.4453198242e+02 5.4470501709e+02 5.4487597656e+02 5.4511102295e+02 5.4533502197e+02 5.4551397705e+02 5.4562902832e+02 5.4577502441e+02 5.4593902588e+02 5.4610498047e+02 5.4624401855e+02 5.4635699463e+02 5.4645202637e+02 5.4654101563e+02 5.4659100342e+02 5.4661798096e+02 5.4664099121e+02
5.4217901611e+02 5.4218701172e+02 5.4222100830e+02 5.4234600830e+02 5.4246301270e+02 5.4249902344e+02 5.4251098633e+02 5.4252801514e+02 5.4253100586e+02 5.4252899170e+02 5.4256701660e+02 5.4270898438e+02 5.4285101318e+02 5.4301098633e+02 5.4319702148e+02 5.4334997559e+02 5.4347802734e+02 5.4359301758e+02 5.4369201660e+02 5.4377801514e+02 5.4385699463e+02 5.4392498779e+02 5.4397198486e+02 5.4401599121e+02 5.4407000732e+02 5.4412200928e+02 5.4415802002e+02 5.4420300293e+02 5.4428399658e+02 5.4439001465e+02 5.4452301025e+02 5.4471600342e+02 5.4492401123e+02 5.4513500977e+02 5.4533099365e+02 5.4545898438e+02 5.4558801270e+02 5.4573400879e+02 5.4590698242e+02 5.4606201172e+02 5.4617797852e+02 5.4626397705e+02 5.4633398438e+02 5.4638598633e+02 5.4641198730e+02 5.4643597412e+02
5.4214697266e+02 5.4218798828e+02 5.4224401855e+02 5.4236798096e+02 5.4247100830e+02 5.4250000000e+02 5.4250402832e+02 5.4252099609e+02 5.4252001953e+02 5.4252099609e+02 5.4256701660e+02 5.4267901611e+02 5.4279602051e+02 5.4292999268e+02 5.4309100342e+02 5.4322998047e+02 5.4334399414e+02 5.4344897461e+02 5.4354400635e+02 5.4362799072e+02 5.4370098877e+02 5.4376300049e+02 5.4381097412e+02 5.4385302734e+02 5.4389801025e+02 5.4394201660e+02 5.4397100830e+02 5.4401397705e+02 5.4409301758e+02 5.4419799805e+02 5.4433599854e+02 5.4452899170e+02 5.4473400879e+02 5.4493902588e+02 5.4514099121e+02 5.4527301025e+02 5.4539398193e+02 5.4553002930e+02 5.4570202637e+02 5.4586499023e+02 5.4597900391e+02 5.4605700684e+02 5.4611499023e+02 5.4616699219e+02 5.4619500732e+02 5.4621899414e+02
5.4209698486e+02 5.4216998291e+02 5.4227301025e+02 5.4239501953e+02 5.4247900391e+02 5.4249902344e+02 5.4250000000e+02 5.4251501465e+02 5.4251397705e+02 5.4252099609e+02 5.4257501221e+02 5.4266400146e+02 5.4275897217e+02 5.4286798096e+02 5.4300299072e+02 5.4312500000e+02 5.4322601318e+02 5.4331896973e+02 5.4340802002e+02 5.4348797607e+02 5.4355499268e+02 5.4361102295e+02 5.4365301514e+02 5.4368902588e+02 5.4372497559e+02 5.4376000977e+02 5.4377899170e+02 5.4381500244e+02 5.4389099121e+02 5.4399298096e+02 5.4413800049e+02 5.4433502197e+02 5.4453601074e+02 5.4473699951e+02 5.4493701172e+02 5.4506701660e+02 5.4518200684e+02 5.4531402588e+02 5.4548699951e+02 5.4565698242e+02 5.4576702881e+02 5.4583898926e+02 5.4588500977e+02 5.4592602539e+02 5.4594897461e+02 5.4596697998e+02
5.4206896973e+02 5.4216699219e+02 5.4229901123e+02 5.4241400146e+02 5.4247601318e+02 5.4249298096e+02 5.4250402832e+02 5.4251501465e+02 5.4252600098e+02 5.4255401611e+02 5.4262597656e+02 5.4267401123e+02 5.4274700928e+02 5.4282598877e+02 5.4292797852e+02 5.4303302002e+02 5.4311401367e+02 5.4319396973e+02 5.4328002930e+02 5.4335302734e+02 5.4340698242e+02 5.4345098877e+02 5.4348699951e+02 5.4352099609e+02 5.4353399658e+02 5.4354302979e+02 5.4352001953e+02 5.4359497070e+02 5.4366400146e+02 5.4376300049e+02 5.4390502930e+02 5.4411499023e+02 5.4430700684e+02 5.4450000000e+02 5.4464001465e+02 5.4481298828e+02 5.4495202637e+02 5.4509497070e+02 5.4526300049e+02 5.4542102051e+02 5.4553302002e+02 5.4560998535e+02 5.4566198730e+02 5.4566101074e+02 5.4566198730e+02 5.4565301514e+02
5.4203698730e+02 5.4215197754e+02 5.4229699707e+02 5.4242199707e+02 5.4248400879e+02 5.4249798584e+02 5.4250897217e+02 5.4252398682e+02 5.4254602051e+02 5.4258300781e+02 5.4263500977e+02 5.4268701172e+02 5.4274499512e+02 5.4280200195e+02 5.4286999512e+02 5.4294598389e+02 5.4301098633e+02 5.4308001709e+02 5.4315997314e+02 5.4321997070e+02 5.4326202393e+02 5.4329498291e+02 5.4333001709e+02 5.4334698486e+02 5.4334399414e+02 5.4333001709e+02 5.4332202148e+02 5.4336602783e+02 5.4342901611e+02 5.4352600098e+02 5.4366900635e+02 5.4384997559e+02 5.4403302002e+02 5.4421801758e+02 5.4439501953e+02 5.4455499268e+02 5.4471301270e+02 5.4486499023e+02 5.4501702881e+02 5.4516400146e+02 5.4528198242e+02 5.4536999512e+02 5.4542401123e+02 5.4542199707e+02 5.4540899658e+02 5.4538800049e+02
5.4199298096e+02 5.4211999512e+02 5.4228100586e+02 5.4241302490e+02 5.4248101807e+02 5.4250201416e+02 5.4251300049e+02 5.4252899170e+02 5.4255200195e+02 5.4258502197e+02 5.4262799072e+02 5.4266998291e+02 5.4271502686e+02 5.4276098633e+02 5.4280603027e+02 5.4285900879e+02 5.4291601563e+02 5.4297497559e+02 5.4304199219e+02 5.4309197998e+02 5.4312902832e+02 5.4315698242e+02 5.4317901611e+02 5.4318499756e+02 5.4317901611e+02 5.4316198730e+02 5.4313201904e+02 5.4315197754e+02 5.4321002197e+02 5.4330401611e+02 5.4343798828e+02 5.4360699463e+02 5.4378497314e+02 5.4396697998e+02 5.4415399170e+02 5.4432000732e+02 5.4447198486e+02 5.4461798096e+02 5.4476702881e+02 5.4491699219e+02 5.4503601074e+02 5.4512799072e+02 5.4519097900e+02 5.4520300293e+02 5.4519702148e+02 5.4518103027e+02
5.4195800781e+02 5.4210797119e+02 5.4228497314e+02 5.4240600586e+02 5.4247399902e+02 5.4249798584e+02 5.4251000977e+02 5.4252502441e+02 5.4254602051e+02 5.4257098389e+02 5.4260601807e+02 5.4264099121e+02 5.4267498779e+02 5.4270898438e+02 5.4273797607e+02 5.4277600098e+02 5.4282299805e+02 5.4287298584e+02 5.4292797852e+02 5.4296899414e+02 5.4300000000e+02 5.4302301025e+02 5.4303601074e+02 5.4303601074e+02 5.4302600098e+02 5.4300598145e+02 5.4295098877e+02 5.4294396973e+02 5.4299597168e+02 5.4308599854e+02 5.4321600342e+02 5.4337902832e+02 5.4355200195e+02 5.4372998047e+02 5.4391998291e+02 5.4408599854e+02 5.4423101807e+02 5.4437097168e+02 5.4451501465e+02 5.4466601563e+02 5.4478601074e+02 5.4488201904e+02 5.4495599365e+02 5.4498602295e+02 5.4499298096e+02 5.4499499512e+02
5.4195098877e+02 5.4212597656e+02 5.4230200195e+02 5.4239501953e+02 5.4246502686e+02 5.4248999023e+02 5.4250500488e+02 5.4252197266e+02 5.4253802490e+02 5.4255297852e+02 5.4257397461e+02 5.4259802246e+02 5.4261798096e+02 5.4263702393e+02 5.4265197754e+02 5.4269000244e+02 5.4271899414e+02 5.4275000000e+02 5.4277600098e+02 5.4284197998e+02 5.4286602783e+02 5.4288397217e+02 5.4288500977e+02 5.4288800049e+02 5.4287402344e+02 5.4285101318e+02 5.4278601074e+02 5.4273699951e+02 5.4276000977e+02 5.4282800293e+02 5.4293902588e+02 5.4316699219e+02 5.4334600830e+02 5.4352697754e+02 5.4369897461e+02 5.4384100342e+02 5.4398297119e+02 5.4412298584e+02 5.4426800537e+02 5.4440600586e+02 5.4452398682e+02 5.4461901855e+02 5.4467498779e+02 5.4473297119e+02 5.4476098633e+02 5.4479400635e+02
5.4189300537e+02 5.4210302734e+02 5.4227099609e+02 5.4237500000e+02 5.4246899414e+02 5.4248999023e+02 5.4249700928e+02 5.4252001953e+02 5.4253302002e+02 5.4254101563e+02 5.4254302979e+02 5.4255102539e+02 5.4256298828e+02 5.4257501221e+02 5.4259497070e+02 5.4261999512e+02 5.4263800049e+02 5.4265698242e+02 5.4269000244e+02 5.4272601318e+02 5.4274597168e+02 5.4276397705e+02 5.4277600098e+02 5.4277001953e+02 5.4275897217e+02 5.4274200439e+02 5.4269702148e+02 5.4264300537e+02 5.4263500977e+02 5.4267297363e+02 5.4279699707e+02 5.4298498535e+02 5.4315301514e+02 5.4332098389e+02 5.4347497559e+02 5.4360797119e+02 5.4374597168e+02 5.4388397217e+02 5.4402398682e+02 5.4415301514e+02 5.4426898193e+02 5.4436401367e+02 5.4442102051e+02 5.4443902588e+02 5.4446099854e+02 5.4449798584e+02
5.4182702637e+02 5.4205401611e+02 5.4222399902e+02 5.4236798096e+02 5.4247998047e+02 5.4250000000e+02 5.4249298096e+02 5.4250402832e+02 5.4251501465e+02 5.4252001953e+02 5.4251397705e+02 5.4251397705e+02 5.4252099609e+02 5.4253002930e+02 5.4254400635e+02 5.4256201172e+02 5.4257702637e+02 5.4259399414e+02 5.4261499023e+02 5.4263800049e+02 5.4265600586e+02 5.4267297363e+02 5.4268499756e+02 5.4268402100e+02 5.4267797852e+02 5.4266601563e+02 5.4264001465e+02 5.4260302734e+02 5.4259100342e+02 5.4261401367e+02 5.4270001221e+02 5.4284802246e+02 5.4298602295e+02 5.4312500000e+02 5.4326300049e+02 5.4339099121e+02 5.4351702881e+02 5.4364599609e+02 5.4378302002e+02 5.4392102051e+02 5.4404302979e+02 5.4414300537e+02 5.4419598389e+02 5.4420501709e+02 5.4422497559e+02 5.4426000977e+02
5.4178698730e+02 5.4199499512e+02 5.4217297363e+02 5.4234997559e+02 5.4245697021e+02 5.4247399902e+02 5.4247302246e+02 5.4247698975e+02 5.4248901367e+02 5.4249401855e+02 5.4248498535e+02 5.4247900391e+02 5.4248297119e+02 5.4248901367e+02 5.4249700928e+02 5.4250897217e+02 5.4252099609e+02 5.4253601074e+02 5.4254998779e+02 5.4256597900e+02 5.4258300781e+02 5.4259802246e+02 5.4261102295e+02 5.4261602783e+02 5.4261499023e+02 5.4260797119e+02 5.4260498047e+02 5.4259497070e+02 5.4258300781e+02 5.4259197998e+02 5.4264099121e+02 5.4274499512e+02 5.4284997559e+02 5.4295501709e+02 5.4305999756e+02 5.4317297363e+02 5.4328601074e+02 5.4340600586e+02 5.4354400635e+02 5.4369799805e+02 5.4382800293e+02 5.4393499756e+02 5.4400201416e+02 5.4402301025e+02 5.4404901123e+02 5.4408502197e+02
5.4177899170e+02 5.4194799805e+02 5.4213800049e+02 5.4229602051e+02 5.4235498047e+02 5.4235601807e+02 5.4237799072e+02 5.4242901611e+02 5.4244897461e+02 5.4246002197e+02 5.4246099854e+02 5.4245202637e+02 5.4245202637e+02 5.4245098877e+02 5.4244396973e+02 5.4245800781e+02 5.4246899414e+02 5.4248400879e+02 5.4251202393e+02 5.4252301025e+02 5.4253802490e+02 5.4254998779e+02 5.4256701660e+02 5.4257397461e+02 5.4258300781e+02 5.4259002686e+02 5.4261199951e+02 5.4259399414e+02 5.4258697510e+02 5.4258898926e+02 5.4260998535e+02 5.4267700195e+02 5.4275299072e+02 5.4282098389e+02 5.4285699463e+02 5.4292401123e+02 5.4302197266e+02 5.4314801025e+02 5.4332897949e+02 5.4350201416e+02 5.4364697266e+02 5.4376202393e+02 5.4386401367e+02 5.4389398193e+02 5.4392602539e+02 5.4396600342e+02
5.4176098633e+02 5.4192498779e+02 5.4211199951e+02 5.4226300049e+02 5.4231500244e+02 5.4231298828e+02 5.4232598877e+02 5.4236901855e+02 5.4239599609e+02 5.4241601563e+02 5.4242199707e+02 5.4241998291e+02 5.4241998291e+02 5.4241497803e+02 5.4240899658e+02 5.4241601563e+02 5.4242700195e+02 5.4244201660e+02 5.4247198486e+02 5.4249700928e+02 5.4250897217e+02 5.4251599121e+02 5.4252398682e+02 5.4253997803e+02 5.4255102539e+02 5.4256298828e+02 5.4257598877e+02 5.4257897949e+02 5.4257501221e+02 5.4257202148e+02 5.4259100342e+02 5.4263897705e+02 5.4267102051e+02 5.4268597412e+02 5.4266497803e+02 5.4266998291e+02 5.4273699951e+02 5.4285998535e+02 5.4306799316e+02 5.4328900146e+02 5.4344097900e+02 5.4355200195e+02 5.4365301514e+02 5.4372497559e+02 5.4374499512e+02 5.4377099609e+02
5.4177197266e+02 5.4191998291e+02 5.4208398438e+02 5.4220202637e+02 5.4224401855e+02 5.4224798584e+02 5.4227001953e+02 5.4231402588e+02 5.4234698486e+02 5.4237200928e+02 5.4238500977e+02 5.4238702393e+02 5.4238897705e+02 5.4238500977e+02 5.4237597656e+02 5.4237902832e+02 5.4238800049e+02 5.4240197754e+02 5.4243200684e+02 5.4245599365e+02 5.4246502686e+02 5.4246899414e+02 5.4247399902e+02 5.4248400879e+02 5.4248999023e+02 5.4249700928e+02 5.4252197266e+02 5.4256298828e+02 5.4257098389e+02 5.4256597900e+02 5.4257000732e+02 5.4259002686e+02 5.4258398438e+02 5.4255603027e+02 5.4250701904e+02 5.4248797607e+02 5.4252697754e+02 5.4262500000e+02 5.4282299805e+02 5.4304901123e+02 5.4319702148e+02 5.4329998779e+02 5.4339001465e+02 5.4346502686e+02 5.4348400879e+02 5.4351000977e+02
5.4179199219e+02 5.4192102051e+02 5.4205700684e+02 5.4213598633e+02 5.4216101074e+02 5.4216998291e+02 5.4220898438e+02 5.4226000977e+02 5.4229901123e+02 5.4233099365e+02 5.4235198975e+02 5.4235900879e+02 5.4236199951e+02 5.4235998535e+02 5.4234802246e+02 5.4234600830e+02 5.4235198975e+02 5.4236499023e+02 5.4239202881e+02 5.4241198730e+02 5.4241802979e+02 5.4241802979e+02 5.4241802979e+02 5.4241699219e+02 5.4241400146e+02 5.4241400146e+02 5.4244097900e+02 5.4251898193e+02 5.4255297852e+02 5.4255401611e+02 5.4253601074e+02 5.4253601074e+02 5.4251202393e+02 5.4246197510e+02 5.4240002441e+02 5.4236602783e+02 5.4238000488e+02 5.4245098877e+02 5.4261102295e+02 5.4281896973e+02 5.4295599365e+02 5.4304797363e+02 5.4307598877e+02 5.4310601807e+02 5.4313702393e+02 5.4317797852e+02
5.4180297852e+02 5.4191497803e+02 5.4201898193e+02 5.4208398438e+02 5.4209899902e+02 5.4210601807e+02 5.4213299561e+02 5.4219500732e+02 5.4224298096e+02 5.4228601074e+02 5.4232098389e+02 5.4233502197e+02 5.4234002686e+02 5.4233300781e+02 5.4230999756e+02 5.4231799316e+02 5.4232000732e+02 5.4232800293e+02 5.4234301758e+02 5.4236102295e+02 5.4235998535e+02 5.4235101318e+02 5.4232397461e+02 5.4231896973e+02 5.4229699707e+02 5.4228002930e+02 5.4227697754e+02 5.4243298340e+02 5.4249700928e+02 5.4250598145e+02 5.4246801758e+02 5.4246697998e+02 5.4245300293e+02 5.4240197754e+02 5.4235198975e+02 5.4232098389e+02 5.4231201172e+02 5.4234100342e+02 5.4242498779e+02 5.4259899902e+02 5.4271099854e+02 5.4277197266e+02 5.4267999268e+02 5.4267901611e+02 5.4273199463e+02 5.4279199219e+02
5.4181799316e+02 5.4188299561e+02 5.4193597412e+02 5.4198602295e+02 5.4199902344e+02 5.4200799561e+02 5.4205798340e+02 5.4213000488e+02 5.4218597412e+02 5.4224200439e+02 5.4229602051e+02 5.4231799316e+02 5.4232397461e+02 5.4231402588e+02 5.4229602051e+02 5.4229498291e+02 5.4228997803e+02 5.4228802490e+02 5.4229797363e+02 5.4230902100e+02 5.4230102539e+02 5.4228198242e+02 5.4224902344e+02 5.4220599365e+02 5.4217102051e+02 5.4214300537e+02 5.4214300537e+02 5.4224200439e+02 5.4230297852e+02 5.4232702637e+02 5.4231097412e+02 5.4231799316e+02 5.4233801270e+02 5.4232598877e+02 5.4229602051e+02 5.4229101563e+02 5.4229302979e+02 5.4231597900e+02 5.4237402344e+02 5.4246801758e+02 5.4253002930e+02 5.4254400635e+02 5.4247998047e+02 5.4244097900e+02 5.4245697021e+02 5.4248797607e+02
5.4178900146e+02 5.4184497070e+02 5.4189202881e+02 5.4191900635e+02 5.4191900635e+02 5.4192700195e+02 5.4199798584e+02 5.4208898926e+02 5.4215399170e+02 5.4221899414e+02 5.4228497314e+02 5.4231402588e+02 5.4232202148e+02 5.4231402588e+02 5.4228997803e+02 5.4227600098e+02 5.4226300049e+02 5.4225299072e+02 5.4225598145e+02 5.4226300049e+02 5.4225097656e+02 5.4222802734e+02 5.4218200684e+02 5.4212701416e+02 5.4209002686e+02 5.4205999756e+02 5.4202600098e+02 5.4203802490e+02 5.4206701660e+02 5.4209997559e+02 5.4213098145e+02 5.4214599609e+02 5.4217199707e+02 5.4219897461e+02 5.4223602295e+02 5.4225897217e+02 5.4227801514e+02 5.4230603027e+02 5.4234899902e+02 5.4240600586e+02 5.4244201660e+02 5.4244097900e+02 5.4238598633e+02 5.4234497070e+02 5.4234600830e+02 5.4236199951e+02
5.4173999023e+02 5.4182202148e+02 5.4188897705e+02 5.4189801025e+02 5.4189001465e+02 5.4189501953e+02 5.4196301270e+02 5.4205902100e+02 5.4213500977e+02 5.4221197510e+02 5.4229199219e+02 5.4232397461e+02 5.4233398438e+02 5.4232800293e+02 5.4229498291e+02 5.4226098633e+02 5.4223999023e+02 5.4222100830e+02 5.4221600342e+02 5.4221899414e+02 5.4220397949e+02 5.4217901611e+02 5.4212701416e+02 5.4206896973e+02 5.4203100586e+02 5.4200000000e+02 5.4196197510e+02 5.4193701172e+02 5.4193798828e+02 5.4196099854e+02 5.4199902344e+02 5.4201397705e+02 5.4204199219e+02 5.4209197998e+02 5.4217901611e+02 5.4222998047e+02 5.4226202393e+02 5.4228802490e+02 5.4231701660e+02 5.4235797119e+02 5.4238500977e+02 5.4238800049e+02 5.4235797119e+02 5.4234497070e+02 5.4235601807e+02 5.4237500000e+02
