TESTSERVER/16/17.asc
NCOLS 100
NROWS 100
XLLCORNER 8.2997500000e+03
YLLCORNER 2.8910025000e+05
CELLSIZE 5.0000000000e-01
NODATA_VALUE -9.9990000000e+03
[rows 0 to 19 of 100, columns 46 to 91 of 100]
5.6085797119e+02 5.6095300293e+02 5.6101702881e+02 5.6100701904e+02 5.6094097900e+02 5.6086499023e+02 5.6088500977e+02 5.6096899414e+02 5.6103601074e+02 5.6099597168e+02 5.6103698730e+02 5.6125299072e+02 5.6142401123e+02 5.6151800537e+02 5.6161999512e+02 5.6172100830e+02 5.6188299561e+02 5.6204901123e+02 5.6220397949e+02 5.6235101318e+02 5.6248699951e+02 5.6259802246e+02 5.6270202637e+02 5.6279602051e+02 5.6286999512e+02 5.6294299316e+02 5.6303900146e+02 5.6314501953e+02 5.6326202393e+02 5.6338098145e+02 5.6350701904e+02 5.6362902832e+02 5.6374798584e+02 5.6384301758e+02 5.6392901611e+02 5.6400402832e+02 5.6407702637e+02 5.6415899658e+02 5.6425402832e+02 5.6434802246e+02 5.6442999268e+02 5.6447900391e+02 5.6454302979e+02 5.6463702393e+02 5.6475097656e+02 5.6483300781e+02
5.6060101318e+02 5.6059497070e+02 5.6064501953e+02 5.6065899658e+02 5.6059899902e+02 5.6058599854e+02 5.6065399170e+02 5.6074102783e+02 5.6079302979e+02 5.6077001953e+02 5.6076000977e+02 5.6092797852e+02 5.6112597656e+02 5.6126202393e+02 5.6137701416e+02 5.6148797607e+02 5.6161999512e+02 5.6177099609e+02 5.6191998291e+02 5.6206896973e+02 5.6222100830e+02 5.6234100342e+02 5.6243798828e+02 5.6252099609e+02 5.6258502197e+02 5.6265100098e+02 5.6274102783e+02 5.6284600830e+02 5.6296600342e+02 5.6309100342e+02 5.6322100830e+02 5.6334698486e+02 5.6346301270e+02 5.6356402588e+02 5.6365698242e+02 5.6373999023e+02 5.6380102539e+02 5.6387200928e+02 5.6396301270e+02 5.6405297852e+02 5.6413201904e+02 5.6420300293e+02 5.6428900146e+02 5.6438397217e+02 5.6448400879e+02 5.6454699707e+02
5.6039801025e+02 5.6027502441e+02 5.6024298096e+02 5.6023101807e+02 5.6021600342e+02 5.6028497314e+02 5.6039599609e+02 5.6048797607e+02 5.6055902100e+02 5.6062298584e+02 5.6060198975e+02 5.6064202881e+02 5.6081500244e+02 5.6097601318e+02 5.6109002686e+02 5.6120397949e+02 5.6133697510e+02 5.6148901367e+02 5.6164300537e+02 5.6179602051e+02 5.6195697021e+02 5.6207501221e+02 5.6216302490e+02 5.6223602295e+02 5.6229101563e+02 5.6235101318e+02 5.6243402100e+02 5.6253601074e+02 5.6265899658e+02 5.6279101563e+02 5.6292401123e+02 5.6305297852e+02 5.6316900635e+02 5.6327301025e+02 5.6337097168e+02 5.6346002197e+02 5.6352600098e+02 5.6359399414e+02 5.6368103027e+02 5.6377099609e+02 5.6385400391e+02 5.6394897461e+02 5.6404901123e+02 5.6413897705e+02 5.6421600342e+02 5.6426702881e+02
5.6022900391e+02 5.6010797119e+02 5.6003100586e+02 5.5997698975e+02 5.5995898438e+02 5.6002099609e+02 5.6011297607e+02 5.6020001221e+02 5.6028997803e+02 5.6041699219e+02 5.6048297119e+02 5.6048602295e+02 5.6055999756e+02 5.6068402100e+02 5.6078399658e+02 5.6089202881e+02 5.6103997803e+02 5.6120800781e+02 5.6136901855e+02 5.6152801514e+02 5.6169201660e+02 5.6180102539e+02 5.6188000488e+02 5.6194097900e+02 5.6198602295e+02 5.6203997803e+02 5.6211602783e+02 5.6221398926e+02 5.6234002686e+02 5.6248101807e+02 5.6261700439e+02 5.6275000000e+02 5.6286602783e+02 5.6297100830e+02 5.6307702637e+02 5.6317401123e+02 5.6325201416e+02 5.6332202148e+02 5.6340997314e+02 5.6350201416e+02 5.6359399414e+02 5.6370697021e+02 5.6380798340e+02 5.6388299561e+02 5.6393298340e+02 5.6397998047e+02
5.6003802490e+02 5.5996301270e+02 5.5989398193e+02 5.5984197998e+02 5.5983398438e+02 5.5981500244e+02 5.5983398438e+02 5.5990802002e+02 5.6001202393e+02 5.6010302734e+02 5.6021600342e+02 5.6028002930e+02 5.6033001709e+02 5.6041302490e+02 5.6049102783e+02 5.6059002686e+02 5.6075598145e+02 5.6092999268e+02 5.6109802246e+02 5.6126397705e+02 5.6143103027e+02 5.6152600098e+02 5.6158697510e+02 5.6162402344e+02 5.6163598633e+02 5.6170397949e+02 5.6177697754e+02 5.6187402344e+02 5.6199798584e+02 5.6217498779e+02 5.6231896973e+02 5.6244097900e+02 5.6254199219e+02 5.6266400146e+02 5.6277398682e+02 5.6288000488e+02 5.6297802734e+02 5.6306097412e+02 5.6314898682e+02 5.6323999023e+02 5.6334497070e+02 5.6346600342e+02 5.6354901123e+02 5.6359100342e+02 5.6360198975e+02 5.6366699219e+02
5.5974499512e+02 5.5971301270e+02 5.5967797852e+02 5.5967199707e+02 5.5971002197e+02 5.5968597412e+02 5.5968298340e+02 5.5975097656e+02 5.5986401367e+02 5.5986199951e+02 5.5991302490e+02 5.5996997070e+02 5.6005200195e+02 5.6017700195e+02 5.6025598145e+02 5.6034100342e+02 5.6048901367e+02 5.6067199707e+02 5.6084002686e+02 5.6100897217e+02 5.6117602539e+02 5.6126599121e+02 5.6131097412e+02 5.6132598877e+02 5.6132800293e+02 5.6135998535e+02 5.6142401123e+02 5.6151599121e+02 5.6164599609e+02 5.6185400391e+02 5.6201599121e+02 5.6213702393e+02 5.6224102783e+02 5.6236401367e+02 5.6247900391e+02 5.6259100342e+02 5.6270098877e+02 5.6279602051e+02 5.6288000488e+02 5.6296697998e+02 5.6306896973e+02 5.6318597412e+02 5.6324499512e+02 5.6325799561e+02 5.6326501465e+02 5.6333099365e+02
5.5944500732e+02 5.5943902588e+02 5.5943103027e+02 5.5946398926e+02 5.5952801514e+02 5.5953997803e+02 5.5954998779e+02 5.5959399414e+02 5.5966198730e+02 5.5963201904e+02 5.5969299316e+02 5.5973901367e+02 5.5978997803e+02 5.5991998291e+02 5.6000201416e+02 5.6008197021e+02 5.6022497559e+02 5.6041699219e+02 5.6058801270e+02 5.6076000977e+02 5.6092602539e+02 5.6101000977e+02 5.6104901123e+02 5.6105902100e+02 5.6104901123e+02 5.6106799316e+02 5.6111901855e+02 5.6119500732e+02 5.6131201172e+02 5.6152899170e+02 5.6170800781e+02 5.6185101318e+02 5.6196697998e+02 5.6208398438e+02 5.6220202637e+02 5.6231799316e+02 5.6242901611e+02 5.6252398682e+02 5.6260797119e+02 5.6269201660e+02 5.6278497314e+02 5.6288500977e+02 5.6294299316e+02 5.6296502686e+02 5.6298797607e+02 5.6305603027e+02
5.5910900879e+02 5.5909600830e+02 5.5909698486e+02 5.5914599609e+02 5.5923101807e+02 5.5931597900e+02 5.5938000488e+02 5.5943499756e+02 5.5945501709e+02 5.5944299316e+02 5.5949298096e+02 5.5951000977e+02 5.5952502441e+02 5.5963702393e+02 5.5972100830e+02 5.5980603027e+02 5.5995800781e+02 5.6015997314e+02 5.6033398438e+02 5.6050897217e+02 5.6067297363e+02 5.6075402832e+02 5.6079400635e+02 5.6080499268e+02 5.6079998779e+02 5.6082299805e+02 5.6086401367e+02 5.6092297363e+02 5.6101202393e+02 5.6121600342e+02 5.6140197754e+02 5.6156500244e+02 5.6170001221e+02 5.6181402588e+02 5.6193597412e+02 5.6205401611e+02 5.6216400146e+02 5.6225799561e+02 5.6234100342e+02 5.6242102051e+02 5.6250598145e+02 5.6259802246e+02 5.6266601563e+02 5.6271197510e+02 5.6274798584e+02 5.6280200195e+02
5.5871301270e+02 5.5869201660e+02 5.5869598389e+02 5.5874298096e+02 5.5882702637e+02 5.5899597168e+02 5.5914501953e+02 5.5924401855e+02 5.5928198242e+02 5.5930102539e+02 5.5932501221e+02 5.5931201172e+02 5.5928601074e+02 5.5933001709e+02 5.5942102051e+02 5.5953601074e+02 5.5968902588e+02 5.5988500977e+02 5.6007098389e+02 5.6025402832e+02 5.6042401123e+02 5.6048901367e+02 5.6053002930e+02 5.6055200195e+02 5.6057897949e+02 5.6062701416e+02 5.6066699219e+02 5.6070599365e+02 5.6075500488e+02 5.6090002441e+02 5.6107800293e+02 5.6125500488e+02 5.6141601563e+02 5.6155102539e+02 5.6167297363e+02 5.6178900146e+02 5.6191497803e+02 5.6201000977e+02 5.6208697510e+02 5.6215502930e+02 5.6222399902e+02 5.6232800293e+02 5.6239697266e+02 5.6245202637e+02 5.6250201416e+02 5.6252398682e+02
5.5831701660e+02 5.5829901123e+02 5.5831097412e+02 5.5835900879e+02 5.5845397949e+02 5.5864001465e+02 5.5882800293e+02 5.5896301270e+02 5.5903198242e+02 5.5904101563e+02 5.5907702637e+02 5.5912402344e+02 5.5908801270e+02 5.5908197021e+02 5.5914300537e+02 5.5927001953e+02 5.5942797852e+02 5.5960198975e+02 5.5978698730e+02 5.5996301270e+02 5.6011901855e+02 5.6020098877e+02 5.6025097656e+02 5.6028802490e+02 5.6033697510e+02 5.6040698242e+02 5.6044799805e+02 5.6048101807e+02 5.6051098633e+02 5.6059802246e+02 5.6074499512e+02 5.6091101074e+02 5.6108099365e+02 5.6123999023e+02 5.6138000488e+02 5.6152398682e+02 5.6165997314e+02 5.6176599121e+02 5.6184600830e+02 5.6190698242e+02 5.6196398926e+02 5.6203698730e+02 5.6210400391e+02 5.6218200684e+02 5.6225897217e+02 5.6226599121e+02
5.5793103027e+02 5.5792901611e+02 5.5794897461e+02 5.5800097656e+02 5.5807397461e+02 5.5822399902e+02 5.5843200684e+02 5.5862902832e+02 5.5876300049e+02 5.5880297852e+02 5.5884002686e+02 5.5894299316e+02 5.5893902588e+02 5.5889501953e+02 5.5890899658e+02 5.5899597168e+02 5.5915100098e+02 5.5932598877e+02 5.5950402832e+02 5.5966998291e+02 5.5981896973e+02 5.5991601563e+02 5.5997900391e+02 5.6003002930e+02 5.6008801270e+02 5.6015502930e+02 5.6019598389e+02 5.6022998047e+02 5.6026599121e+02 5.6033898926e+02 5.6047198486e+02 5.6062597656e+02 5.6077801514e+02 5.6092297363e+02 5.6107202148e+02 5.6123101807e+02 5.6137701416e+02 5.6149499512e+02 5.6159100342e+02 5.6166497803e+02 5.6172900391e+02 5.6178802490e+02 5.6185900879e+02 5.6194500732e+02 5.6200897217e+02 5.6203002930e+02
5.5755902100e+02 5.5757202148e+02 5.5760498047e+02 5.5766198730e+02 5.5771502686e+02 5.5782098389e+02 5.5804199219e+02 5.5830798340e+02 5.5853802490e+02 5.5866101074e+02 5.5867199707e+02 5.5875000000e+02 5.5879101563e+02 5.5873901367e+02 5.5870898438e+02 5.5874102783e+02 5.5886700439e+02 5.5904998779e+02 5.5922601318e+02 5.5938897705e+02 5.5953100586e+02 5.5963702393e+02 5.5971398926e+02 5.5978002930e+02 5.5984497070e+02 5.5990502930e+02 5.5994396973e+02 5.5997900391e+02 5.6002502441e+02 5.6009899902e+02 5.6022198486e+02 5.6036999512e+02 5.6051000977e+02 5.6063598633e+02 5.6077502441e+02 5.6092797852e+02 5.6107598877e+02 5.6120800781e+02 5.6132299805e+02 5.6141998291e+02 5.6151300049e+02 5.6159497070e+02 5.6165600586e+02 5.6170202637e+02 5.6172399902e+02 5.6177801514e+02
5.5720501709e+02 5.5722399902e+02 5.5727398682e+02 5.5734197998e+02 5.5742102051e+02 5.5750701904e+02 5.5772698975e+02 5.5803302002e+02 5.5837298584e+02 5.5839898682e+02 5.5837799072e+02 5.5843902588e+02 5.5855499268e+02 5.5859399414e+02 5.5855200195e+02 5.5853198242e+02 5.5858801270e+02 5.5877600098e+02 5.5897198486e+02 5.5915899658e+02 5.5930603027e+02 5.5935797119e+02 5.5945501709e+02 5.5954400635e+02 5.5963299561e+02 5.5967602539e+02 5.5970800781e+02 5.5974102783e+02 5.5978601074e+02 5.5984497070e+02 5.5995202637e+02 5.6010302734e+02 5.6027001953e+02 5.6039398193e+02 5.6051501465e+02 5.6064801025e+02 5.6079797363e+02 5.6091900635e+02 5.6104199219e+02 5.6116101074e+02 5.6128002930e+02 5.6136102295e+02 5.6141497803e+02 5.6144201660e+02 5.6144299316e+02 5.6149798584e+02
5.5687402344e+02 5.5690502930e+02 5.5697802734e+02 5.5706500244e+02 5.5714501953e+02 5.5723101807e+02 5.5743103027e+02 5.5770800781e+02 5.5794500732e+02 5.5793597412e+02 5.5799102783e+02 5.5816699219e+02 5.5830603027e+02 5.5833801270e+02 5.5835400391e+02 5.5836199951e+02 5.5838299561e+02 5.5851800537e+02 5.5869702148e+02 5.5888397217e+02 5.5900701904e+02 5.5908398438e+02 5.5921099854e+02 5.5933099365e+02 5.5943499756e+02 5.5948602295e+02 5.5949902344e+02 5.5951202393e+02 5.5954101563e+02 5.5958398438e+02 5.5968701172e+02 5.5984497070e+02 5.6000598145e+02 5.6010601807e+02 5.6020397949e+02 5.6032800293e+02 5.6048101807e+02 5.6061499023e+02 5.6072497559e+02 5.6083197021e+02 5.6095202637e+02 5.6105999756e+02 5.6115399170e+02 5.6122802734e+02 5.6124298096e+02 5.6127899170e+02
5.5660101318e+02 5.5665301514e+02 5.5674597168e+02 5.5684802246e+02 5.5693200684e+02 5.5700500488e+02 5.5714898682e+02 5.5734399414e+02 5.5750897217e+02 5.5756500244e+02 5.5767901611e+02 5.5786901855e+02 5.5799200439e+02 5.5804797363e+02 5.5815002441e+02 5.5822698975e+02 5.5823101807e+02 5.5829901123e+02 5.5842199707e+02 5.5856597900e+02 5.5869598389e+02 5.5881500244e+02 5.5896197510e+02 5.5910302734e+02 5.5922497559e+02 5.5928698730e+02 5.5930200195e+02 5.5930700684e+02 5.5932501221e+02 5.5935498047e+02 5.5944000244e+02 5.5957000732e+02 5.5970300293e+02 5.5977899170e+02 5.5986499023e+02 5.5998999023e+02 5.6015301514e+02 5.6029498291e+02 5.6039398193e+02 5.6048901367e+02 5.6062500000e+02 5.6076702881e+02 5.6085601807e+02 5.6093701172e+02 5.6101501465e+02 5.6109100342e+02
5.5639300537e+02 5.5646997070e+02 5.5657897949e+02 5.5669097900e+02 5.5678198242e+02 5.5685302734e+02 5.5694598389e+02 5.5705902100e+02 5.5718798828e+02 5.5731701660e+02 5.5743701172e+02 5.5754998779e+02 5.5762402344e+02 5.5772698975e+02 5.5790899658e+02 5.5806701660e+02 5.5809997559e+02 5.5812298584e+02 5.5818798828e+02 5.5828100586e+02 5.5840399170e+02 5.5854699707e+02 5.5870300293e+02 5.5885498047e+02 5.5898602295e+02 5.5906201172e+02 5.5909301758e+02 5.5910797119e+02 5.5913098145e+02 5.5915301514e+02 5.5920800781e+02 5.5929199219e+02 5.5938897705e+02 5.5946398926e+02 5.5955798340e+02 5.5968798828e+02 5.5985101318e+02 5.5999102783e+02 5.6007702637e+02 5.6015802002e+02 5.6030999756e+02 5.6048999023e+02 5.6056402588e+02 5.6062701416e+02 5.6075299072e+02 5.6087902832e+02
5.5623400879e+02 5.5633801270e+02 5.5645898438e+02 5.5657800293e+02 5.5667700195e+02 5.5674200439e+02 5.5681201172e+02 5.5688800049e+02 5.5699499512e+02 5.5713897705e+02 5.5726098633e+02 5.5732098389e+02 5.5733502197e+02 5.5741601563e+02 5.5759497070e+02 5.5778198242e+02 5.5789801025e+02 5.5797998047e+02 5.5801800537e+02 5.5807000732e+02 5.5814801025e+02 5.5827801514e+02 5.5842901611e+02 5.5858801270e+02 5.5873699951e+02 5.5880603027e+02 5.5885699463e+02 5.5888702393e+02 5.5892797852e+02 5.5896697998e+02 5.5901000977e+02 5.5905999756e+02 5.5910797119e+02 5.5917797852e+02 5.5928601074e+02 5.5942401123e+02 5.5958502197e+02 5.5970898438e+02 5.5978698730e+02 5.5985998535e+02 5.5998901367e+02 5.6018402100e+02 5.6028601074e+02 5.6034698486e+02 5.6045800781e+02 5.6060601807e+02
5.5615698242e+02 5.5626098633e+02 5.5637701416e+02 5.5649499512e+02 5.5659100342e+02 5.5664801025e+02 5.5672100830e+02 5.5679901123e+02 5.5688702393e+02 5.5699401855e+02 5.5712500000e+02 5.5721099854e+02 5.5722100830e+02 5.5725500488e+02 5.5734002686e+02 5.5745202637e+02 5.5758502197e+02 5.5769000244e+02 5.5777697754e+02 5.5787597656e+02 5.5798199463e+02 5.5804400635e+02 5.5813201904e+02 5.5824499512e+02 5.5839001465e+02 5.5852697754e+02 5.5860601807e+02 5.5865002441e+02 5.5869799805e+02 5.5876599121e+02 5.5883697510e+02 5.5889099121e+02 5.5889202881e+02 5.5891601563e+02 5.5899902344e+02 5.5912799072e+02 5.5928399658e+02 5.5943298340e+02 5.5954498291e+02 5.5963299561e+02 5.5974798584e+02 5.5989697266e+02 5.5998400879e+02 5.6005401611e+02 5.6016802979e+02 5.6028997803e+02
5.5609100342e+02 5.5620202637e+02 5.5632598877e+02 5.5644396973e+02 5.5653302002e+02 5.5659399414e+02 5.5667498779e+02 5.5675097656e+02 5.5681597900e+02 5.5690399170e+02 5.5703002930e+02 5.5713000488e+02 5.5716198730e+02 5.5718798828e+02 5.5721099854e+02 5.5723797607e+02 5.5729699707e+02 5.5738500977e+02 5.5749902344e+02 5.5765600586e+02 5.5782800293e+02 5.5787402344e+02 5.5791302490e+02 5.5796600342e+02 5.5806500244e+02 5.5821899414e+02 5.5833099365e+02 5.5840502930e+02 5.5845697021e+02 5.5853002930e+02 5.5860498047e+02 5.5865802002e+02 5.5865698242e+02 5.5866998291e+02 5.5873199463e+02 5.5883197021e+02 5.5895898438e+02 5.5912402344e+02 5.5927899170e+02 5.5940600586e+02 5.5951702881e+02 5.5962701416e+02 5.5969799805e+02 5.5977197266e+02 5.5988201904e+02 5.5998199463e+02
5.5599902344e+02 5.5612402344e+02 5.5626300049e+02 5.5637701416e+02 5.5644702148e+02 5.5651501465e+02 5.5660400391e+02 5.5667297363e+02 5.5672497559e+02 5.5681298828e+02 5.5692901611e+02 5.5702801514e+02 5.5708697510e+02 5.5712298584e+02 5.5709997559e+02 5.5704901123e+02 5.5701202393e+02 5.5704602051e+02 5.5717401123e+02 5.5738397217e+02 5.5763397217e+02 5.5771398926e+02 5.5775701904e+02 5.5777697754e+02 5.5780603027e+02 5.5791699219e+02 5.5803399658e+02 5.5813098145e+02 5.5820202637e+02 5.5826098633e+02 5.5832202148e+02 5.5837097168e+02 5.5839501953e+02 5.5843499756e+02 5.5848602295e+02 5.5854998779e+02 5.5862902832e+02 5.5877301025e+02 5.5895098877e+02 5.5911700439e+02 5.5924499512e+02 5.5933697510e+02 5.5940899658e+02 5.5949102783e+02 5.5959100342e+02 5.5966802979e+02
