TESTSERVER/16/17.asc
NCOLS 100
NROWS 100
XLLCORNER 8.2997500000e+03
YLLCORNER 2.8910025000e+05
CELLSIZE 5.0000000000e-01
NODATA_VALUE -9.9990000000e+03
[rows 40 to 59 of 100, columns 0 to 45 of 100]
5.4696002197e+02 5.4701501465e+02 5.4707000732e+02 5.4712097168e+02 5.4716802979e+02 5.4722399902e+02 5.4726599121e+02 5.4733898926e+02 5.4739202881e+02 5.4744598389e+02 5.4751202393e+02 5.4754699707e+02 5.4760498047e+02 5.4768499756e+02 5.4777600098e+02 5.4785699463e+02 5.4792602539e+02 5.4797900391e+02 5.4802301025e+02 5.4807897949e+02 5.4816998291e+02 5.4828698730e+02 5.4838897705e+02 5.4851000977e+02 5.4864599609e+02 5.4876098633e+02 5.4886102295e+02 5.4895800781e+02 5.4908300781e+02 5.4919799805e+02 5.4932202148e+02 5.4946502686e+02 5.4964300537e+02 5.4982098389e+02 5.4999798584e+02 5.5018798828e+02 5.5036102295e+02 5.5053100586e+02 5.5071502686e+02 5.5086297607e+02 5.5098797607e+02 5.5110998535e+02 5.5121398926e+02 5.5132897949e+02 5.5134802246e+02 5.5142401123e+02
5.4675799561e+02 5.4679699707e+02 5.4684399414e+02 5.4688598633e+02 5.4691802979e+02 5.4697198486e+02 5.4703198242e+02 5.4710998535e+02 5.4713201904e+02 5.4718701172e+02 5.4727001953e+02 5.4731701660e+02 5.4736999512e+02 5.4744299316e+02 5.4753399658e+02 5.4761401367e+02 5.4769000244e+02 5.4775299072e+02 5.4780102539e+02 5.4785998535e+02 5.4795898438e+02 5.4807299805e+02 5.4816802979e+02 5.4829699707e+02 5.4844097900e+02 5.4856500244e+02 5.4868200684e+02 5.4882202148e+02 5.4894897461e+02 5.4902899170e+02 5.4911297607e+02 5.4924298096e+02 5.4940197754e+02 5.4956896973e+02 5.4973999023e+02 5.4994500732e+02 5.5012298584e+02 5.5028997803e+02 5.5043597412e+02 5.5059002686e+02 5.5073999023e+02 5.5087097168e+02 5.5098999023e+02 5.5109399414e+02 5.5117700195e+02 5.5126300049e+02
5.4652197266e+02 5.4656799316e+02 5.4661401367e+02 5.4665600586e+02 5.4669396973e+02 5.4675000000e+02 5.4681097412e+02 5.4686700439e+02 5.4688897705e+02 5.4694598389e+02 5.4702600098e+02 5.4708300781e+02 5.4714501953e+02 5.4721398926e+02 5.4728997803e+02 5.4735498047e+02 5.4743200684e+02 5.4750598145e+02 5.4757202148e+02 5.4764697266e+02 5.4775500488e+02 5.4787200928e+02 5.4796002197e+02 5.4808001709e+02 5.4822900391e+02 5.4835699463e+02 5.4846899414e+02 5.4861401367e+02 5.4873999023e+02 5.4881896973e+02 5.4890600586e+02 5.4903002930e+02 5.4916998291e+02 5.4932800293e+02 5.4948199463e+02 5.4963897705e+02 5.4982202148e+02 5.5001098633e+02 5.5015100098e+02 5.5030999756e+02 5.5047100830e+02 5.5061297607e+02 5.5072802734e+02 5.5082397461e+02 5.5090698242e+02 5.5098999023e+02
5.4629699707e+02 5.4634997559e+02 5.4638500977e+02 5.4642999268e+02 5.4648498535e+02 5.4653997803e+02 5.4659197998e+02 5.4665502930e+02 5.4668798828e+02 5.4672698975e+02 5.4677502441e+02 5.4683502197e+02 5.4690301514e+02 5.4696997070e+02 5.4703900146e+02 5.4710400391e+02 5.4717999268e+02 5.4725897217e+02 5.4734100342e+02 5.4743499756e+02 5.4754602051e+02 5.4766497803e+02 5.4775299072e+02 5.4785498047e+02 5.4799798584e+02 5.4811700439e+02 5.4820501709e+02 5.4832098389e+02 5.4844097900e+02 5.4854699707e+02 5.4867797852e+02 5.4880603027e+02 5.4893597412e+02 5.4909399414e+02 5.4925799561e+02 5.4938800049e+02 5.4958099365e+02 5.4977899170e+02 5.4990802002e+02 5.5006097412e+02 5.5021801758e+02 5.5035198975e+02 5.5044702148e+02 5.5051702881e+02 5.5058599854e+02 5.5066198730e+02
5.4608898926e+02 5.4614099121e+02 5.4616998291e+02 5.4620898438e+02 5.4626599121e+02 5.4633300781e+02 5.4639099121e+02 5.4645898438e+02 5.4649798584e+02 5.4652197266e+02 5.4656500244e+02 5.4660498047e+02 5.4666400146e+02 5.4672900391e+02 5.4679498291e+02 5.4687200928e+02 5.4695098877e+02 5.4702600098e+02 5.4710400391e+02 5.4720397949e+02 5.4730999756e+02 5.4742700195e+02 5.4752001953e+02 5.4763500977e+02 5.4777398682e+02 5.4787597656e+02 5.4793402100e+02 5.4803698730e+02 5.4815502930e+02 5.4828399658e+02 5.4844396973e+02 5.4860498047e+02 5.4873400879e+02 5.4885998535e+02 5.4899200439e+02 5.4916198730e+02 5.4939099121e+02 5.4960998535e+02 5.4974902344e+02 5.4986602783e+02 5.5000201416e+02 5.5010797119e+02 5.5016900635e+02 5.5021002197e+02 5.5026599121e+02 5.5033697510e+02
5.4588897705e+02 5.4593200684e+02 5.4593798828e+02 5.4598498535e+02 5.4605603027e+02 5.4611602783e+02 5.4615802002e+02 5.4623101807e+02 5.4627001953e+02 5.4630401611e+02 5.4635998535e+02 5.4640301514e+02 5.4645202637e+02 5.4651000977e+02 5.4657501221e+02 5.4666302490e+02 5.4673901367e+02 5.4679699707e+02 5.4686401367e+02 5.4695397949e+02 5.4707598877e+02 5.4721002197e+02 5.4730902100e+02 5.4742602539e+02 5.4756201172e+02 5.4765600586e+02 5.4771697998e+02 5.4779699707e+02 5.4791400146e+02 5.4805102539e+02 5.4822100830e+02 5.4840600586e+02 5.4856201172e+02 5.4867602539e+02 5.4880401611e+02 5.4896197510e+02 5.4915002441e+02 5.4936999512e+02 5.4952899170e+02 5.4965301514e+02 5.4977301025e+02 5.4986297607e+02 5.4990301514e+02 5.4993798828e+02 5.4999902344e+02 5.5006896973e+02
5.4567199707e+02 5.4571002197e+02 5.4570697021e+02 5.4576300049e+02 5.4583197021e+02 5.4587597656e+02 5.4591998291e+02 5.4599401855e+02 5.4602398682e+02 5.4606500244e+02 5.4613500977e+02 5.4618701172e+02 5.4623901367e+02 5.4630200195e+02 5.4636901855e+02 5.4644702148e+02 5.4649499512e+02 5.4653198242e+02 5.4661700439e+02 5.4673199463e+02 5.4686297607e+02 5.4698699951e+02 5.4707598877e+02 5.4720098877e+02 5.4733599854e+02 5.4744299316e+02 5.4752502441e+02 5.4760601807e+02 5.4771801758e+02 5.4784497070e+02 5.4798999023e+02 5.4817602539e+02 5.4835797119e+02 5.4848602295e+02 5.4860900879e+02 5.4874700928e+02 5.4888098145e+02 5.4906597900e+02 5.4925701904e+02 5.4939398193e+02 5.4950701904e+02 5.4959197998e+02 5.4963000488e+02 5.4966998291e+02 5.4973400879e+02 5.4980401611e+02
5.4544299316e+02 5.4548999023e+02 5.4549102783e+02 5.4556201172e+02 5.4563000488e+02 5.4566699219e+02 5.4570800781e+02 5.4577899170e+02 5.4580102539e+02 5.4583898926e+02 5.4591302490e+02 5.4597302246e+02 5.4604101563e+02 5.4611401367e+02 5.4618597412e+02 5.4626000977e+02 5.4629699707e+02 5.4632702637e+02 5.4640997314e+02 5.4651898193e+02 5.4664001465e+02 5.4675799561e+02 5.4685797119e+02 5.4699102783e+02 5.4711602783e+02 5.4723199463e+02 5.4733697510e+02 5.4743298340e+02 5.4754901123e+02 5.4766601563e+02 5.4777197266e+02 5.4793902588e+02 5.4813201904e+02 5.4827801514e+02 5.4840100098e+02 5.4853601074e+02 5.4865100098e+02 5.4879797363e+02 5.4897802734e+02 5.4911297607e+02 5.4922198486e+02 5.4930700684e+02 5.4935699463e+02 5.4940899658e+02 5.4947601318e+02 5.4954699707e+02
5.4521398926e+02 5.4526202393e+02 5.4528802490e+02 5.4534899902e+02 5.4542102051e+02 5.4547198486e+02 5.4550097656e+02 5.4557098389e+02 5.4561401367e+02 5.4565502930e+02 5.4570599365e+02 5.4576702881e+02 5.4584899902e+02 5.4592999268e+02 5.4600299072e+02 5.4607800293e+02 5.4614202881e+02 5.4619500732e+02 5.4625799561e+02 5.4633801270e+02 5.4644000244e+02 5.4655603027e+02 5.4667999268e+02 5.4680798340e+02 5.4689898682e+02 5.4700000000e+02 5.4712500000e+02 5.4723602295e+02 5.4735302734e+02 5.4746600342e+02 5.4757897949e+02 5.4771197510e+02 5.4787902832e+02 5.4803900146e+02 5.4817901611e+02 5.4830102539e+02 5.4842401123e+02 5.4856597900e+02 5.4870599365e+02 5.4881896973e+02 5.4892797852e+02 5.4901898193e+02 5.4908099365e+02 5.4915301514e+02 5.4922802734e+02 5.4930200195e+02
5.4494598389e+02 5.4499798584e+02 5.4504199219e+02 5.4510498047e+02 5.4517199707e+02 5.4522998047e+02 5.4527801514e+02 5.4536401367e+02 5.4541601563e+02 5.4546197510e+02 5.4550799561e+02 5.4556500244e+02 5.4564501953e+02 5.4572198486e+02 5.4578900146e+02 5.4586102295e+02 5.4594000244e+02 5.4601501465e+02 5.4608502197e+02 5.4616802979e+02 5.4626098633e+02 5.4636401367e+02 5.4648901367e+02 5.4662500000e+02 5.4670501709e+02 5.4679602051e+02 5.4691302490e+02 5.4703497314e+02 5.4716302490e+02 5.4729498291e+02 5.4741601563e+02 5.4751098633e+02 5.4764898682e+02 5.4781402588e+02 5.4796697998e+02 5.4808300781e+02 5.4817498779e+02 5.4828100586e+02 5.4842102051e+02 5.4855297852e+02 5.4866400146e+02 5.4876098633e+02 5.4883599854e+02 5.4890698242e+02 5.4898199463e+02 5.4905603027e+02
5.4466101074e+02 5.4471899414e+02 5.4477001953e+02 5.4482501221e+02 5.4489801025e+02 5.4496197510e+02 5.4502899170e+02 5.4513098145e+02 5.4519097900e+02 5.4525299072e+02 5.4530798340e+02 5.4536602783e+02 5.4544702148e+02 5.4552502441e+02 5.4559399414e+02 5.4565600586e+02 5.4572900391e+02 5.4581597900e+02 5.4589300537e+02 5.4598297119e+02 5.4607299805e+02 5.4617199707e+02 5.4628497314e+02 5.4641497803e+02 5.4651000977e+02 5.4661297607e+02 5.4673199463e+02 5.4685797119e+02 5.4697900391e+02 5.4710797119e+02 5.4723602295e+02 5.4731896973e+02 5.4744000244e+02 5.4759197998e+02 5.4775500488e+02 5.4788000488e+02 5.4797100830e+02 5.4805999756e+02 5.4818298340e+02 5.4832202148e+02 5.4843200684e+02 5.4852801514e+02 5.4860498047e+02 5.4867498779e+02 5.4874597168e+02 5.4881597900e+02
5.4437298584e+02 5.4441699219e+02 5.4447802734e+02 5.4453698730e+02 5.4461401367e+02 5.4467901611e+02 5.4474902344e+02 5.4485797119e+02 5.4493200684e+02 5.4501397705e+02 5.4508300781e+02 5.4514898682e+02 5.4523101807e+02 5.4530902100e+02 5.4538098145e+02 5.4544799805e+02 5.4551800537e+02 5.4560900879e+02 5.4568902588e+02 5.4577099609e+02 5.4585400391e+02 5.4595300293e+02 5.4607202148e+02 5.4620397949e+02 5.4631402588e+02 5.4643200684e+02 5.4656201172e+02 5.4667797852e+02 5.4677301025e+02 5.4688500977e+02 5.4703497314e+02 5.4714898682e+02 5.4726501465e+02 5.4740301514e+02 5.4755798340e+02 5.4767602539e+02 5.4778198242e+02 5.4788702393e+02 5.4799597168e+02 5.4811499023e+02 5.4822100830e+02 5.4831402588e+02 5.4838800049e+02 5.4845397949e+02 5.4852099609e+02 5.4858697510e+02
5.4409497070e+02 5.4410101318e+02 5.4416802979e+02 5.4426397705e+02 5.4434802246e+02 5.4440997314e+02 5.4447399902e+02 5.4458697510e+02 5.4466900635e+02 5.4475500488e+02 5.4482800293e+02 5.4490997314e+02 5.4498797607e+02 5.4504602051e+02 5.4507299805e+02 5.4518597412e+02 5.4528900146e+02 5.4539599609e+02 5.4548699951e+02 5.4555297852e+02 5.4562701416e+02 5.4573199463e+02 5.4586700439e+02 5.4601202393e+02 5.4613397217e+02 5.4625500488e+02 5.4638897705e+02 5.4648400879e+02 5.4657299805e+02 5.4667700195e+02 5.4681597900e+02 5.4696099854e+02 5.4709802246e+02 5.4723797607e+02 5.4737200928e+02 5.4746301270e+02 5.4757397461e+02 5.4770898438e+02 5.4784399414e+02 5.4794000244e+02 5.4803698730e+02 5.4811999512e+02 5.4819000244e+02 5.4824401855e+02 5.4830499268e+02 5.4836602783e+02
5.4384197998e+02 5.4385400391e+02 5.4391601563e+02 5.4393200684e+02 5.4400201416e+02 5.4411199951e+02 5.4422998047e+02 5.4435101318e+02 5.4442602539e+02 5.4447698975e+02 5.4454199219e+02 5.4460900879e+02 5.4463897705e+02 5.4466198730e+02 5.4472900391e+02 5.4488299561e+02 5.4501202393e+02 5.4511798096e+02 5.4521301270e+02 5.4529302979e+02 5.4538598633e+02 5.4549499512e+02 5.4560498047e+02 5.4576300049e+02 5.4590600586e+02 5.4604101563e+02 5.4617999268e+02 5.4629699707e+02 5.4640600586e+02 5.4651300049e+02 5.4661901855e+02 5.4674200439e+02 5.4688299561e+02 5.4702301025e+02 5.4715002441e+02 5.4724700928e+02 5.4736499023e+02 5.4751098633e+02 5.4765301514e+02 5.4776000977e+02 5.4785498047e+02 5.4793200684e+02 5.4798699951e+02 5.4803698730e+02 5.4809399414e+02 5.4815197754e+02
5.4358300781e+02 5.4362298584e+02 5.4368701172e+02 5.4364697266e+02 5.4362597656e+02 5.4367401123e+02 5.4382098389e+02 5.4400299072e+02 5.4412097168e+02 5.4419500732e+02 5.4425402832e+02 5.4430798340e+02 5.4432897949e+02 5.4436297607e+02 5.4448199463e+02 5.4466699219e+02 5.4480401611e+02 5.4489599609e+02 5.4496398926e+02 5.4503900146e+02 5.4512200928e+02 5.4520898438e+02 5.4529101563e+02 5.4542999268e+02 5.4556402588e+02 5.4570300293e+02 5.4585699463e+02 5.4599298096e+02 5.4613598633e+02 5.4627697754e+02 5.4639099121e+02 5.4650799561e+02 5.4665399170e+02 5.4679602051e+02 5.4692199707e+02 5.4703100586e+02 5.4715899658e+02 5.4731298828e+02 5.4745501709e+02 5.4755902100e+02 5.4765502930e+02 5.4773101807e+02 5.4778002930e+02 5.4782501221e+02 5.4787902832e+02 5.4793597412e+02
5.4331097412e+02 5.4336700439e+02 5.4343499756e+02 5.4341998291e+02 5.4331597900e+02 5.4320202637e+02 5.4325701904e+02 5.4344396973e+02 5.4359899902e+02 5.4374200439e+02 5.4384301758e+02 5.4393902588e+02 5.4403399658e+02 5.4414801025e+02 5.4433197021e+02 5.4453399658e+02 5.4467401123e+02 5.4474902344e+02 5.4478100586e+02 5.4483197021e+02 5.4489001465e+02 5.4493902588e+02 5.4497198486e+02 5.4506097412e+02 5.4516601563e+02 5.4529498291e+02 5.4545098877e+02 5.4558001709e+02 5.4575500488e+02 5.4594799805e+02 5.4610998535e+02 5.4625201416e+02 5.4641601563e+02 5.4656896973e+02 5.4670001221e+02 5.4681597900e+02 5.4694500732e+02 5.4709497070e+02 5.4723797607e+02 5.4734698486e+02 5.4744500732e+02 5.4752001953e+02 5.4756799316e+02 5.4760998535e+02 5.4766198730e+02 5.4771801758e+02
5.4304400635e+02 5.4309301758e+02 5.4315997314e+02 5.4319396973e+02 5.4311901855e+02 5.4294201660e+02 5.4276000977e+02 5.4278698730e+02 5.4286499023e+02 5.4300598145e+02 5.4315002441e+02 5.4344799805e+02 5.4369702148e+02 5.4394097900e+02 5.4416302490e+02 5.4438800049e+02 5.4454602051e+02 5.4464300537e+02 5.4469201660e+02 5.4469598389e+02 5.4473199463e+02 5.4475299072e+02 5.4480603027e+02 5.4480499268e+02 5.4486602783e+02 5.4494897461e+02 5.4504699707e+02 5.4516699219e+02 5.4533300781e+02 5.4553497314e+02 5.4572601318e+02 5.4597802734e+02 5.4618103027e+02 5.4635302734e+02 5.4648602295e+02 5.4660498047e+02 5.4671600342e+02 5.4684301758e+02 5.4699298096e+02 5.4712701416e+02 5.4722497559e+02 5.4729797363e+02 5.4734698486e+02 5.4738800049e+02 5.4743701172e+02 5.4749200439e+02
5.4276501465e+02 5.4283300781e+02 5.4290698242e+02 5.4294500732e+02 5.4287799072e+02 5.4274597168e+02 5.4258599854e+02 5.4252697754e+02 5.4252502441e+02 5.4257098389e+02 5.4278601074e+02 5.4312402344e+02 5.4338800049e+02 5.4364599609e+02 5.4390802002e+02 5.4413098145e+02 5.4429199219e+02 5.4440997314e+02 5.4446801758e+02 5.4451000977e+02 5.4455999756e+02 5.4459698486e+02 5.4463000488e+02 5.4468200684e+02 5.4473297119e+02 5.4479199219e+02 5.4483502197e+02 5.4490802002e+02 5.4503198242e+02 5.4518499756e+02 5.4537298584e+02 5.4564898682e+02 5.4589001465e+02 5.4608599854e+02 5.4623999023e+02 5.4636602783e+02 5.4647900391e+02 5.4660302734e+02 5.4674902344e+02 5.4688500977e+02 5.4698699951e+02 5.4706896973e+02 5.4714001465e+02 5.4717901611e+02 5.4722198486e+02 5.4727197266e+02
5.4245397949e+02 5.4251202393e+02 5.4258697510e+02 5.4263201904e+02 5.4261401367e+02 5.4255603027e+02 5.4252001953e+02 5.4250201416e+02 5.4248797607e+02 5.4248699951e+02 5.4260998535e+02 5.4290698242e+02 5.4315600586e+02 5.4340502930e+02 5.4367901611e+02 5.4390899658e+02 5.4406201172e+02 5.4417700195e+02 5.4425097656e+02 5.4431500244e+02 5.4437402344e+02 5.4441900635e+02 5.4445800781e+02 5.4450701904e+02 5.4455902100e+02 5.4461602783e+02 5.4464599609e+02 5.4468103027e+02 5.4477801514e+02 5.4490399170e+02 5.4505603027e+02 5.4532897949e+02 5.4558898926e+02 5.4580798340e+02 5.4598101807e+02 5.4610900879e+02 5.4624200439e+02 5.4638397217e+02 5.4652001953e+02 5.4663897705e+02 5.4674298096e+02 5.4683697510e+02 5.4693200684e+02 5.4698199463e+02 5.4702099609e+02 5.4706298828e+02
5.4228198242e+02 5.4231701660e+02 5.4237200928e+02 5.4242199707e+02 5.4248101807e+02 5.4250097656e+02 5.4251501465e+02 5.4253698730e+02 5.4254199219e+02 5.4252899170e+02 5.4255603027e+02 5.4276898193e+02 5.4299401855e+02 5.4322100830e+02 5.4348101807e+02 5.4370397949e+02 5.4384899902e+02 5.4396002197e+02 5.4404302979e+02 5.4412597656e+02 5.4419299316e+02 5.4424700928e+02 5.4428997803e+02 5.4433697510e+02 5.4438800049e+02 5.4444500732e+02 5.4447601318e+02 5.4449700928e+02 5.4457299805e+02 5.4467602539e+02 5.4479699707e+02 5.4505700684e+02 5.4532098389e+02 5.4555200195e+02 5.4573101807e+02 5.4584997559e+02 5.4599902344e+02 5.4616302490e+02 5.4630798340e+02 5.4642297363e+02 5.4652801514e+02 5.4662701416e+02 5.4673199463e+02 5.4678698730e+02 5.4682202148e+02 5.4685601807e+02
