TESTSERVER/16/18.asc
NCOLS 100
NROWS 100
XLLCORNER 8.2997500000e+03
YLLCORNER 2.8905025000e+05
CELLSIZE 5.0000000000e-01
NODATA_VALUE -9.9990000000e+03
[rows 20 to 39 of 100, columns 46 to 91 of 100]
5.4045697021e+02 5.4041900635e+02 5.4040100098e+02 5.4039801025e+02 5.4039300537e+02 5.4039300537e+02 5.4039099121e+02 5.4038897705e+02 5.4039300537e+02 5.4038397217e+02 5.4038098145e+02 5.4037701416e+02 5.4036999512e+02 5.4035601807e+02 5.4034100342e+02 5.4033697510e+02 5.4034002686e+02 5.4032897949e+02 5.4032501221e+02 5.4032202148e+02 5.4032000732e+02 5.4030401611e+02 5.4028997803e+02 5.4028601074e+02 5.4029199219e+02 5.4027502441e+02 5.4027301025e+02 5.4027502441e+02 5.4027197266e+02 5.4026599121e+02 5.4027600098e+02 5.4027502441e+02 5.4027001953e+02 5.4026000977e+02 5.4025598145e+02 5.4025799561e+02 5.4027001953e+02 5.4026800537e+02 5.4026397705e+02 5.4026098633e+02 5.4026702881e+02 5.4027301025e+02 5.4027697754e+02 5.4028900146e+02 5.4029901123e+02 5.4030700684e+02
5.4042999268e+02 5.4041198730e+02 5.4040502930e+02 5.4040197754e+02 5.4039398193e+02 5.4039300537e+02 5.4038598633e+02 5.4037597656e+02 5.4038000488e+02 5.4037902832e+02 5.4037402344e+02 5.4036999512e+02 5.4036700439e+02 5.4034802246e+02 5.4033300781e+02 5.4033197021e+02 5.4033697510e+02 5.4032299805e+02 5.4031500244e+02 5.4031097412e+02 5.4030700684e+02 5.4029400635e+02 5.4027801514e+02 5.4027099609e+02 5.4027600098e+02 5.4026202393e+02 5.4026300049e+02 5.4026599121e+02 5.4025701904e+02 5.4026000977e+02 5.4026202393e+02 5.4025201416e+02 5.4024902344e+02 5.4025000000e+02 5.4024102783e+02 5.4024401855e+02 5.4025701904e+02 5.4025000000e+02 5.4024499512e+02 5.4024597168e+02 5.4025598145e+02 5.4026000977e+02 5.4026702881e+02 5.4027502441e+02 5.4027899170e+02 5.4028802490e+02
5.4041900635e+02 5.4041497803e+02 5.4041198730e+02 5.4040197754e+02 5.4038897705e+02 5.4038800049e+02 5.4038397217e+02 5.4037402344e+02 5.4037200928e+02 5.4037097168e+02 5.4036602783e+02 5.4036199951e+02 5.4035900879e+02 5.4034698486e+02 5.4033599854e+02 5.4033300781e+02 5.4032897949e+02 5.4031597900e+02 5.4030603027e+02 5.4029901123e+02 5.4029498291e+02 5.4028802490e+02 5.4027697754e+02 5.4026702881e+02 5.4026300049e+02 5.4024798584e+02 5.4024902344e+02 5.4024798584e+02 5.4024102783e+02 5.4025201416e+02 5.4025000000e+02 5.4023498535e+02 5.4023199463e+02 5.4023498535e+02 5.4023199463e+02 5.4023498535e+02 5.4023699951e+02 5.4023101807e+02 5.4023101807e+02 5.4023602295e+02 5.4024200439e+02 5.4024401855e+02 5.4025097656e+02 5.4025500488e+02 5.4025799561e+02 5.4026898193e+02
5.4042401123e+02 5.4041699219e+02 5.4041400146e+02 5.4040301514e+02 5.4039001465e+02 5.4039202881e+02 5.4039099121e+02 5.4038000488e+02 5.4036602783e+02 5.4036297607e+02 5.4035797119e+02 5.4035400391e+02 5.4034899902e+02 5.4034497070e+02 5.4034497070e+02 5.4033898926e+02 5.4032501221e+02 5.4031097412e+02 5.4029998779e+02 5.4029302979e+02 5.4028900146e+02 5.4028497314e+02 5.4027697754e+02 5.4026599121e+02 5.4025201416e+02 5.4023199463e+02 5.4023199463e+02 5.4023400879e+02 5.4022998047e+02 5.4023901367e+02 5.4023602295e+02 5.4022302246e+02 5.4021997070e+02 5.4022100830e+02 5.4022198486e+02 5.4022698975e+02 5.4021899414e+02 5.4021398926e+02 5.4022302246e+02 5.4023797607e+02 5.4023101807e+02 5.4022998047e+02 5.4023797607e+02 5.4024401855e+02 5.4024700928e+02 5.4025500488e+02
5.4042901611e+02 5.4041802979e+02 5.4041302490e+02 5.4040502930e+02 5.4038897705e+02 5.4038897705e+02 5.4038702393e+02 5.4037701416e+02 5.4035797119e+02 5.4035198975e+02 5.4034899902e+02 5.4034301758e+02 5.4034002686e+02 5.4033898926e+02 5.4033502197e+02 5.4032800293e+02 5.4031201172e+02 5.4030999756e+02 5.4029998779e+02 5.4029101563e+02 5.4028698730e+02 5.4028198242e+02 5.4027301025e+02 5.4026000977e+02 5.4024499512e+02 5.4022900391e+02 5.4022900391e+02 5.4023101807e+02 5.4022698975e+02 5.4022100830e+02 5.4021899414e+02 5.4021301270e+02 5.4021099854e+02 5.4020697021e+02 5.4020697021e+02 5.4021502686e+02 5.4021502686e+02 5.4019702148e+02 5.4022198486e+02 5.4025799561e+02 5.4023101807e+02 5.4021398926e+02 5.4022601318e+02 5.4023699951e+02 5.4024200439e+02 5.4024200439e+02
5.4043798828e+02 5.4042602539e+02 5.4040997314e+02 5.4039501953e+02 5.4038098145e+02 5.4037402344e+02 5.4036999512e+02 5.4036602783e+02 5.4035601807e+02 5.4034899902e+02 5.4034698486e+02 5.4033801270e+02 5.4033697510e+02 5.4033599854e+02 5.4033001709e+02 5.4032202148e+02 5.4031201172e+02 5.4030999756e+02 5.4030102539e+02 5.4029101563e+02 5.4028698730e+02 5.4028198242e+02 5.4027301025e+02 5.4026300049e+02 5.4025201416e+02 5.4023400879e+02 5.4022698975e+02 5.4022601318e+02 5.4022302246e+02 5.4021997070e+02 5.4021099854e+02 5.4019500732e+02 5.4019299316e+02 5.4019598389e+02 5.4019000244e+02 5.4019799805e+02 5.4020300293e+02 5.4018200684e+02 5.4021801758e+02 5.4026397705e+02 5.4021997070e+02 5.4020300293e+02 5.4020898438e+02 5.4021997070e+02 5.4021899414e+02 5.4022302246e+02
5.4044500732e+02 5.4042901611e+02 5.4040997314e+02 5.4039599609e+02 5.4038098145e+02 5.4036901855e+02 5.4036199951e+02 5.4035601807e+02 5.4034600830e+02 5.4034002686e+02 5.4033599854e+02 5.4032501221e+02 5.4032501221e+02 5.4032702637e+02 5.4032397461e+02 5.4031799316e+02 5.4031097412e+02 5.4030700684e+02 5.4029998779e+02 5.4028997803e+02 5.4028698730e+02 5.4027600098e+02 5.4026300049e+02 5.4025000000e+02 5.4024499512e+02 5.4023101807e+02 5.4022497559e+02 5.4022198486e+02 5.4021301270e+02 5.4021099854e+02 5.4020202637e+02 5.4018902588e+02 5.4019097900e+02 5.4019000244e+02 5.4017602539e+02 5.4018103027e+02 5.4018298340e+02 5.4016400146e+02 5.4019799805e+02 5.4022802734e+02 5.4019097900e+02 5.4019201660e+02 5.4019799805e+02 5.4020300293e+02 5.4019598389e+02 5.4020098877e+02
5.4044702148e+02 5.4042797852e+02 5.4041101074e+02 5.4040100098e+02 5.4038500977e+02 5.4037097168e+02 5.4036102295e+02 5.4035101318e+02 5.4034100342e+02 5.4033599854e+02 5.4032897949e+02 5.4031701660e+02 5.4031201172e+02 5.4031201172e+02 5.4031097412e+02 5.4030999756e+02 5.4030798340e+02 5.4030297852e+02 5.4029699707e+02 5.4028900146e+02 5.4028198242e+02 5.4027301025e+02 5.4025701904e+02 5.4023999023e+02 5.4023400879e+02 5.4022302246e+02 5.4022198486e+02 5.4021899414e+02 5.4020202637e+02 5.4019500732e+02 5.4018798828e+02 5.4018103027e+02 5.4019097900e+02 5.4019097900e+02 5.4017297363e+02 5.4017102051e+02 5.4016497803e+02 5.4015899658e+02 5.4019598389e+02 5.4021099854e+02 5.4016802979e+02 5.4017297363e+02 5.4017901611e+02 5.4018200684e+02 5.4017700195e+02 5.4018499756e+02
5.4044799805e+02 5.4043200684e+02 5.4041900635e+02 5.4040802002e+02 5.4039099121e+02 5.4038000488e+02 5.4036602783e+02 5.4035400391e+02 5.4034802246e+02 5.4033502197e+02 5.4032702637e+02 5.4032202148e+02 5.4031799316e+02 5.4030999756e+02 5.4030700684e+02 5.4030297852e+02 5.4029797363e+02 5.4029699707e+02 5.4029602051e+02 5.4029199219e+02 5.4027899170e+02 5.4028302002e+02 5.4027001953e+02 5.4024798584e+02 5.4023199463e+02 5.4021801758e+02 5.4021197510e+02 5.4020697021e+02 5.4019201660e+02 5.4018499756e+02 5.4017700195e+02 5.4016998291e+02 5.4017297363e+02 5.4017297363e+02 5.4016400146e+02 5.4016198730e+02 5.4015698242e+02 5.4016302490e+02 5.4021502686e+02 5.4022100830e+02 5.4015600586e+02 5.4015600586e+02 5.4016302490e+02 5.4016900635e+02 5.4016699219e+02 5.4017401123e+02
5.4044396973e+02 5.4042901611e+02 5.4041699219e+02 5.4040197754e+02 5.4038897705e+02 5.4038897705e+02 5.4037402344e+02 5.4036297607e+02 5.4034997559e+02 5.4033599854e+02 5.4032800293e+02 5.4032501221e+02 5.4031402588e+02 5.4030499268e+02 5.4030401611e+02 5.4030102539e+02 5.4028399658e+02 5.4028100586e+02 5.4028497314e+02 5.4029101563e+02 5.4028100586e+02 5.4028997803e+02 5.4028100586e+02 5.4025598145e+02 5.4023498535e+02 5.4023199463e+02 5.4021502686e+02 5.4019598389e+02 5.4018402100e+02 5.4018200684e+02 5.4017602539e+02 5.4016400146e+02 5.4015600586e+02 5.4014898682e+02 5.4014801025e+02 5.4015002441e+02 5.4014697266e+02 5.4014801025e+02 5.4020300293e+02 5.4020397949e+02 5.4014202881e+02 5.4014099121e+02 5.4014599609e+02 5.4015002441e+02 5.4014599609e+02 5.4015698242e+02
5.4045501709e+02 5.4044000244e+02 5.4041998291e+02 5.4039697266e+02 5.4038098145e+02 5.4038000488e+02 5.4036901855e+02 5.4036297607e+02 5.4035302734e+02 5.4033898926e+02 5.4032702637e+02 5.4032098389e+02 5.4030902100e+02 5.4030200195e+02 5.4029998779e+02 5.4029400635e+02 5.4027600098e+02 5.4027697754e+02 5.4027099609e+02 5.4027001953e+02 5.4026800537e+02 5.4027398682e+02 5.4026501465e+02 5.4024401855e+02 5.4022601318e+02 5.4023199463e+02 5.4021099854e+02 5.4018798828e+02 5.4018402100e+02 5.4018597412e+02 5.4017602539e+02 5.4015698242e+02 5.4014501953e+02 5.4014300537e+02 5.4014398193e+02 5.4014300537e+02 5.4013500977e+02 5.4014099121e+02 5.4017901611e+02 5.4016400146e+02 5.4011602783e+02 5.4011999512e+02 5.4012500000e+02 5.4012902832e+02 5.4012597656e+02 5.4013397217e+02
5.4045898438e+02 5.4045397949e+02 5.4043597412e+02 5.4041302490e+02 5.4038702393e+02 5.4037597656e+02 5.4036102295e+02 5.4035400391e+02 5.4034802246e+02 5.4033502197e+02 5.4032299805e+02 5.4031799316e+02 5.4030798340e+02 5.4029998779e+02 5.4029699707e+02 5.4028997803e+02 5.4027600098e+02 5.4028399658e+02 5.4027001953e+02 5.4025598145e+02 5.4025701904e+02 5.4025097656e+02 5.4023901367e+02 5.4022497559e+02 5.4021099854e+02 5.4020697021e+02 5.4019201660e+02 5.4017797852e+02 5.4017901611e+02 5.4017901611e+02 5.4016497803e+02 5.4014099121e+02 5.4012597656e+02 5.4013000488e+02 5.4013098145e+02 5.4012500000e+02 5.4011199951e+02 5.4013098145e+02 5.4015600586e+02 5.4013000488e+02 5.4009698486e+02 5.4010198975e+02 5.4010302734e+02 5.4010900879e+02 5.4010699463e+02 5.4010900879e+02
5.4043200684e+02 5.4043499756e+02 5.4042797852e+02 5.4042102051e+02 5.4040802002e+02 5.4039099121e+02 5.4036700439e+02 5.4035101318e+02 5.4033599854e+02 5.4032501221e+02 5.4031597900e+02 5.4030999756e+02 5.4029901123e+02 5.4029400635e+02 5.4028900146e+02 5.4028399658e+02 5.4026898193e+02 5.4027099609e+02 5.4026202393e+02 5.4025097656e+02 5.4025299072e+02 5.4023797607e+02 5.4022601318e+02 5.4021899414e+02 5.4021301270e+02 5.4018902588e+02 5.4017602539e+02 5.4016198730e+02 5.4015802002e+02 5.4015399170e+02 5.4014202881e+02 5.4012402344e+02 5.4010900879e+02 5.4011297607e+02 5.4010900879e+02 5.4009698486e+02 5.4008801270e+02 5.4011499023e+02 5.4013702393e+02 5.4010900879e+02 5.4008697510e+02 5.4008599854e+02 5.4008197021e+02 5.4008697510e+02 5.4008697510e+02 5.4008398438e+02
5.4041900635e+02 5.4041400146e+02 5.4040301514e+02 5.4039697266e+02 5.4039300537e+02 5.4038800049e+02 5.4037298584e+02 5.4035498047e+02 5.4034002686e+02 5.4033099365e+02 5.4031597900e+02 5.4030102539e+02 5.4029199219e+02 5.4028399658e+02 5.4027600098e+02 5.4027197266e+02 5.4026397705e+02 5.4026599121e+02 5.4025701904e+02 5.4024200439e+02 5.4023999023e+02 5.4023297119e+02 5.4022100830e+02 5.4020898438e+02 5.4019500732e+02 5.4017498779e+02 5.4017199707e+02 5.4015600586e+02 5.4014099121e+02 5.4013299561e+02 5.4012298584e+02 5.4011102295e+02 5.4010601807e+02 5.4010498047e+02 5.4009301758e+02 5.4008001709e+02 5.4007397461e+02 5.4011401367e+02 5.4014202881e+02 5.4010400391e+02 5.4006799316e+02 5.4006500244e+02 5.4006298828e+02 5.4006500244e+02 5.4005401611e+02 5.4005297852e+02
5.4040100098e+02 5.4039697266e+02 5.4038702393e+02 5.4038201904e+02 5.4037799072e+02 5.4037097168e+02 5.4036499023e+02 5.4035498047e+02 5.4034100342e+02 5.4033697510e+02 5.4032098389e+02 5.4030603027e+02 5.4029797363e+02 5.4028698730e+02 5.4027099609e+02 5.4025799561e+02 5.4024798584e+02 5.4025701904e+02 5.4024700928e+02 5.4022399902e+02 5.4022302246e+02 5.4022198486e+02 5.4021301270e+02 5.4019897461e+02 5.4018597412e+02 5.4016601563e+02 5.4016101074e+02 5.4014697266e+02 5.4013500977e+02 5.4012597656e+02 5.4011401367e+02 5.4010302734e+02 5.4009698486e+02 5.4009100342e+02 5.4007800293e+02 5.4006500244e+02 5.4005798340e+02 5.4007897949e+02 5.4009301758e+02 5.4006298828e+02 5.4004101563e+02 5.4003900146e+02 5.4003698730e+02 5.4003802490e+02 5.4002600098e+02 5.4002398682e+02
5.4039099121e+02 5.4038598633e+02 5.4036999512e+02 5.4036102295e+02 5.4036297607e+02 5.4035400391e+02 5.4034997559e+02 5.4034399414e+02 5.4033398438e+02 5.4032897949e+02 5.4031597900e+02 5.4030700684e+02 5.4030297852e+02 5.4029400635e+02 5.4027600098e+02 5.4025799561e+02 5.4024401855e+02 5.4025097656e+02 5.4023699951e+02 5.4021600342e+02 5.4021600342e+02 5.4020898438e+02 5.4020001221e+02 5.4018902588e+02 5.4018103027e+02 5.4015301514e+02 5.4014801025e+02 5.4013897705e+02 5.4012902832e+02 5.4011999512e+02 5.4010601807e+02 5.4009197998e+02 5.4008502197e+02 5.4007897949e+02 5.4006201172e+02 5.4004602051e+02 5.4003802490e+02 5.4003601074e+02 5.4003302002e+02 5.4001300049e+02 5.4000799561e+02 5.4001397705e+02 5.4000799561e+02 5.4000299072e+02 5.3999597168e+02 5.3999499512e+02
5.4038800049e+02 5.4037597656e+02 5.4035601807e+02 5.4034002686e+02 5.4033398438e+02 5.4032800293e+02 5.4032299805e+02 5.4031597900e+02 5.4030902100e+02 5.4030902100e+02 5.4029797363e+02 5.4029302979e+02 5.4028399658e+02 5.4028198242e+02 5.4027697754e+02 5.4027099609e+02 5.4027099609e+02 5.4026397705e+02 5.4023797607e+02 5.4021801758e+02 5.4021301270e+02 5.4018798828e+02 5.4017797852e+02 5.4017401123e+02 5.4016900635e+02 5.4014099121e+02 5.4014300537e+02 5.4014099121e+02 5.4012097168e+02 5.4010699463e+02 5.4009002686e+02 5.4007598877e+02 5.4007000732e+02 5.4007800293e+02 5.4005700684e+02 5.4003497314e+02 5.4002398682e+02 5.4002099609e+02 5.4001202393e+02 5.3999499512e+02 5.3998199463e+02 5.3999200439e+02 5.3998400879e+02 5.3997497559e+02 5.3997198486e+02 5.3996997070e+02
5.4037298584e+02 5.4036700439e+02 5.4036297607e+02 5.4035400391e+02 5.4033898926e+02 5.4033001709e+02 5.4032299805e+02 5.4031402588e+02 5.4029901123e+02 5.4028802490e+02 5.4027697754e+02 5.4027697754e+02 5.4027197266e+02 5.4026501465e+02 5.4026397705e+02 5.4026202393e+02 5.4025000000e+02 5.4024597168e+02 5.4023199463e+02 5.4022198486e+02 5.4021697998e+02 5.4019702148e+02 5.4018402100e+02 5.4016802979e+02 5.4014801025e+02 5.4012597656e+02 5.4012902832e+02 5.4012597656e+02 5.4010699463e+02 5.4009301758e+02 5.4007897949e+02 5.4006500244e+02 5.4005603027e+02 5.4005200195e+02 5.4003198242e+02 5.4001702881e+02 5.4001300049e+02 5.4000299072e+02 5.3999499512e+02 5.3997998047e+02 5.3996899414e+02 5.3996997070e+02 5.3996197510e+02 5.3995300293e+02 5.3994396973e+02 5.3994097900e+02
5.4035998535e+02 5.4035498047e+02 5.4035699463e+02 5.4034997559e+02 5.4032897949e+02 5.4031896973e+02 5.4031201172e+02 5.4030603027e+02 5.4029101563e+02 5.4027197266e+02 5.4026202393e+02 5.4026800537e+02 5.4026702881e+02 5.4024902344e+02 5.4024200439e+02 5.4023797607e+02 5.4022497559e+02 5.4021997070e+02 5.4020898438e+02 5.4020001221e+02 5.4019799805e+02 5.4018902588e+02 5.4018103027e+02 5.4016900635e+02 5.4014898682e+02 5.4013098145e+02 5.4012500000e+02 5.4011199951e+02 5.4009399414e+02 5.4008099365e+02 5.4006799316e+02 5.4005401611e+02 5.4003900146e+02 5.4002801514e+02 5.4000897217e+02 5.4000000000e+02 5.3999798584e+02 5.3998699951e+02 5.3997802734e+02 5.3996502686e+02 5.3995397949e+02 5.3994201660e+02 5.3993597412e+02 5.3992797852e+02 5.3991699219e+02 5.3991998291e+02
5.4033801270e+02 5.4033001709e+02 5.4033502197e+02 5.4033398438e+02 5.4031896973e+02 5.4030902100e+02 5.4030102539e+02 5.4029199219e+02 5.4027697754e+02 5.4026098633e+02 5.4025500488e+02 5.4025897217e+02 5.4025598145e+02 5.4023602295e+02 5.4022399902e+02 5.4021997070e+02 5.4020800781e+02 5.4020300293e+02 5.4018902588e+02 5.4016998291e+02 5.4017199707e+02 5.4016998291e+02 5.4015802002e+02 5.4014898682e+02 5.4014599609e+02 5.4013500977e+02 5.4012701416e+02 5.4010900879e+02 5.4008599854e+02 5.4007000732e+02 5.4005603027e+02 5.4004302979e+02 5.4002600098e+02 5.4001397705e+02 5.3999298096e+02 5.3997900391e+02 5.3997399902e+02 5.3996398926e+02 5.3995599365e+02 5.3994396973e+02 5.3993402100e+02 5.3991601563e+02 5.3991101074e+02 5.3990502930e+02 5.3989202881e+02 5.3989300537e+02
