TESTSERVER/16/18.asc
NCOLS 100
NROWS 100
XLLCORNER 8.2997500000e+03
YLLCORNER 2.8905025000e+05
CELLSIZE 5.0000000000e-01
NODATA_VALUE -9.9990000000e+03
[rows 0 to 19 of 100, columns 46 to 91 of 100]
5.4109802246e+02 5.4101599121e+02 5.4098199463e+02 5.4098297119e+02 5.4099798584e+02 5.4102301025e+02 5.4103900146e+02 5.4105700684e+02 5.4108001709e+02 5.4108099365e+02 5.4110998535e+02 5.4113397217e+02 5.4111999512e+02 5.4116400146e+02 5.4119299316e+02 5.4121600342e+02 5.4124298096e+02 5.4126898193e+02 5.4130297852e+02 5.4129498291e+02 5.4116302490e+02 5.4091802979e+02 5.4073999023e+02 5.4070001221e+02 5.4071398926e+02 5.4069000244e+02 5.4068103027e+02 5.4067602539e+02 5.4066302490e+02 5.4067797852e+02 5.4067199707e+02 5.4065600586e+02 5.4064398193e+02 5.4064697266e+02 5.4064001465e+02 5.4064099121e+02 5.4064898682e+02 5.4063098145e+02 5.4062200928e+02 5.4063500977e+02 5.4064599609e+02 5.4063702393e+02 5.4064099121e+02 5.4064001465e+02 5.4063000488e+02 5.4063598633e+02
5.4095697021e+02 5.4089801025e+02 5.4089801025e+02 5.4092199707e+02 5.4093200684e+02 5.4094897461e+02 5.4096697998e+02 5.4098699951e+02 5.4100799561e+02 5.4101599121e+02 5.4103601074e+02 5.4104797363e+02 5.4105401611e+02 5.4108898926e+02 5.4111199951e+02 5.4112701416e+02 5.4114599609e+02 5.4115997314e+02 5.4119598389e+02 5.4117401123e+02 5.4101300049e+02 5.4080297852e+02 5.4070098877e+02 5.4069000244e+02 5.4069598389e+02 5.4067297363e+02 5.4066802979e+02 5.4066101074e+02 5.4065600586e+02 5.4065399170e+02 5.4064801025e+02 5.4064300537e+02 5.4064300537e+02 5.4064599609e+02 5.4063201904e+02 5.4063000488e+02 5.4063897705e+02 5.4062500000e+02 5.4061297607e+02 5.4061499023e+02 5.4061798096e+02 5.4062597656e+02 5.4063201904e+02 5.4063098145e+02 5.4062402344e+02 5.4062902832e+02
5.4084197998e+02 5.4082098389e+02 5.4083099365e+02 5.4085302734e+02 5.4086700439e+02 5.4088800049e+02 5.4090600586e+02 5.4092102051e+02 5.4094201660e+02 5.4094396973e+02 5.4096002197e+02 5.4097399902e+02 5.4099401855e+02 5.4101000977e+02 5.4102099609e+02 5.4104101563e+02 5.4106701660e+02 5.4107299805e+02 5.4109197998e+02 5.4105297852e+02 5.4087402344e+02 5.4071801758e+02 5.4068402100e+02 5.4068103027e+02 5.4067602539e+02 5.4066400146e+02 5.4065197754e+02 5.4063800049e+02 5.4063800049e+02 5.4062701416e+02 5.4062298584e+02 5.4062500000e+02 5.4062298584e+02 5.4062200928e+02 5.4061297607e+02 5.4060900879e+02 5.4061499023e+02 5.4061499023e+02 5.4061102295e+02 5.4060998535e+02 5.4060699463e+02 5.4060797119e+02 5.4061297607e+02 5.4061999512e+02 5.4062097168e+02 5.4062402344e+02
5.4076098633e+02 5.4076098633e+02 5.4077398682e+02 5.4078997803e+02 5.4080401611e+02 5.4082702637e+02 5.4083898926e+02 5.4085797119e+02 5.4088702393e+02 5.4088098145e+02 5.4089300537e+02 5.4090002441e+02 5.4091900635e+02 5.4092498779e+02 5.4093402100e+02 5.4095697021e+02 5.4098498535e+02 5.4099798584e+02 5.4099798584e+02 5.4094396973e+02 5.4077301025e+02 5.4068103027e+02 5.4068499756e+02 5.4067102051e+02 5.4065698242e+02 5.4064599609e+02 5.4063397217e+02 5.4062402344e+02 5.4062200928e+02 5.4061199951e+02 5.4060797119e+02 5.4060797119e+02 5.4059899902e+02 5.4059600830e+02 5.4059600830e+02 5.4059002686e+02 5.4058300781e+02 5.4058801270e+02 5.4059899902e+02 5.4060699463e+02 5.4059802246e+02 5.4059497070e+02 5.4059399414e+02 5.4060101318e+02 5.4060797119e+02 5.4060900879e+02
5.4070800781e+02 5.4071801758e+02 5.4072601318e+02 5.4073400879e+02 5.4073797607e+02 5.4075500488e+02 5.4077301025e+02 5.4080102539e+02 5.4082501221e+02 5.4082202148e+02 5.4082598877e+02 5.4083099365e+02 5.4085400391e+02 5.4085797119e+02 5.4087097168e+02 5.4088702393e+02 5.4089697266e+02 5.4090600586e+02 5.4089501953e+02 5.4082897949e+02 5.4071801758e+02 5.4067297363e+02 5.4067401123e+02 5.4065399170e+02 5.4063702393e+02 5.4061798096e+02 5.4061297607e+02 5.4061499023e+02 5.4060601807e+02 5.4058398438e+02 5.4057598877e+02 5.4057299805e+02 5.4056896973e+02 5.4057800293e+02 5.4059002686e+02 5.4058599854e+02 5.4057800293e+02 5.4057000732e+02 5.4057897949e+02 5.4058300781e+02 5.4058001709e+02 5.4058599854e+02 5.4057800293e+02 5.4057598877e+02 5.4058898926e+02 5.4058697510e+02
5.4066802979e+02 5.4067602539e+02 5.4068499756e+02 5.4069500732e+02 5.4070001221e+02 5.4070697021e+02 5.4072399902e+02 5.4074102783e+02 5.4076000977e+02 5.4077301025e+02 5.4076898193e+02 5.4076300049e+02 5.4078302002e+02 5.4078900146e+02 5.4079901123e+02 5.4081896973e+02 5.4083197021e+02 5.4083898926e+02 5.4081597900e+02 5.4074798584e+02 5.4068103027e+02 5.4066400146e+02 5.4065698242e+02 5.4063299561e+02 5.4062402344e+02 5.4059698486e+02 5.4058502197e+02 5.4058300781e+02 5.4057299805e+02 5.4055700684e+02 5.4056201172e+02 5.4056201172e+02 5.4056201172e+02 5.4056799316e+02 5.4056799316e+02 5.4055902100e+02 5.4055297852e+02 5.4055401611e+02 5.4056201172e+02 5.4056701660e+02 5.4056896973e+02 5.4057202148e+02 5.4056201172e+02 5.4056097412e+02 5.4057299805e+02 5.4057202148e+02
5.4063201904e+02 5.4063299561e+02 5.4064300537e+02 5.4065502930e+02 5.4065600586e+02 5.4065997314e+02 5.4067401123e+02 5.4068499756e+02 5.4069598389e+02 5.4070599365e+02 5.4070898438e+02 5.4071301270e+02 5.4072399902e+02 5.4073498535e+02 5.4074298096e+02 5.4076098633e+02 5.4077197266e+02 5.4077697754e+02 5.4074499512e+02 5.4068902588e+02 5.4065802002e+02 5.4064501953e+02 5.4063500977e+02 5.4061700439e+02 5.4061297607e+02 5.4058197021e+02 5.4056298828e+02 5.4055700684e+02 5.4054602051e+02 5.4053497314e+02 5.4054498291e+02 5.4054302979e+02 5.4053900146e+02 5.4053997803e+02 5.4053802490e+02 5.4053997803e+02 5.4053900146e+02 5.4053900146e+02 5.4054797363e+02 5.4055297852e+02 5.4054498291e+02 5.4054400635e+02 5.4054498291e+02 5.4054901123e+02 5.4055401611e+02 5.4055200195e+02
5.4059899902e+02 5.4059899902e+02 5.4060400391e+02 5.4061499023e+02 5.4061297607e+02 5.4062799072e+02 5.4063397217e+02 5.4063000488e+02 5.4064898682e+02 5.4065197754e+02 5.4065600586e+02 5.4066802979e+02 5.4067498779e+02 5.4068402100e+02 5.4068902588e+02 5.4070501709e+02 5.4070599365e+02 5.4070501709e+02 5.4067102051e+02 5.4063397217e+02 5.4063598633e+02 5.4061700439e+02 5.4060400391e+02 5.4058898926e+02 5.4058001709e+02 5.4055603027e+02 5.4054101563e+02 5.4053399658e+02 5.4052301025e+02 5.4051702881e+02 5.4052301025e+02 5.4051702881e+02 5.4051000977e+02 5.4051501465e+02 5.4051202393e+02 5.4052197266e+02 5.4052197266e+02 5.4051599121e+02 5.4052398682e+02 5.4052899170e+02 5.4051702881e+02 5.4052099609e+02 5.4053100586e+02 5.4053601074e+02 5.4053302002e+02 5.4053497314e+02
5.4057000732e+02 5.4056597900e+02 5.4056701660e+02 5.4057800293e+02 5.4057702637e+02 5.4059002686e+02 5.4059002686e+02 5.4058099365e+02 5.4060498047e+02 5.4060400391e+02 5.4060900879e+02 5.4061999512e+02 5.4062701416e+02 5.4063800049e+02 5.4064599609e+02 5.4065802002e+02 5.4065399170e+02 5.4063598633e+02 5.4060699463e+02 5.4059497070e+02 5.4060498047e+02 5.4058099365e+02 5.4057098389e+02 5.4055603027e+02 5.4053497314e+02 5.4052398682e+02 5.4051599121e+02 5.4051098633e+02 5.4050402832e+02 5.4049298096e+02 5.4049102783e+02 5.4048699951e+02 5.4049102783e+02 5.4050897217e+02 5.4050201416e+02 5.4049597168e+02 5.4050500488e+02 5.4050701904e+02 5.4050897217e+02 5.4050299072e+02 5.4049798584e+02 5.4050299072e+02 5.4051000977e+02 5.4051098633e+02 5.4050701904e+02 5.4051702881e+02
5.4052197266e+02 5.4053100586e+02 5.4053900146e+02 5.4054797363e+02 5.4054302979e+02 5.4054699707e+02 5.4055200195e+02 5.4055200195e+02 5.4057202148e+02 5.4056500244e+02 5.4057299805e+02 5.4058197021e+02 5.4058197021e+02 5.4059301758e+02 5.4059497070e+02 5.4060302734e+02 5.4059497070e+02 5.4058197021e+02 5.4056701660e+02 5.4056597900e+02 5.4056298828e+02 5.4053497314e+02 5.4053497314e+02 5.4053100586e+02 5.4051300049e+02 5.4049902344e+02 5.4048797607e+02 5.4048199463e+02 5.4047802734e+02 5.4047198486e+02 5.4047302246e+02 5.4046899414e+02 5.4046997070e+02 5.4047900391e+02 5.4047601318e+02 5.4047497559e+02 5.4048297119e+02 5.4048699951e+02 5.4048797607e+02 5.4048199463e+02 5.4048400879e+02 5.4049102783e+02 5.4048999023e+02 5.4048602295e+02 5.4048602295e+02 5.4049597168e+02
5.4048999023e+02 5.4050299072e+02 5.4051397705e+02 5.4052001953e+02 5.4051800537e+02 5.4052301025e+02 5.4052301025e+02 5.4052301025e+02 5.4054498291e+02 5.4054199219e+02 5.4054302979e+02 5.4054498291e+02 5.4054602051e+02 5.4055401611e+02 5.4054901123e+02 5.4054901123e+02 5.4054498291e+02 5.4053997803e+02 5.4053100586e+02 5.4052600098e+02 5.4052099609e+02 5.4050701904e+02 5.4050598145e+02 5.4050201416e+02 5.4048797607e+02 5.4047399902e+02 5.4045898438e+02 5.4045202637e+02 5.4044897461e+02 5.4044799805e+02 5.4045300293e+02 5.4044897461e+02 5.4044299316e+02 5.4044702148e+02 5.4045098877e+02 5.4045599365e+02 5.4046197510e+02 5.4046197510e+02 5.4046899414e+02 5.4046899414e+02 5.4046801758e+02 5.4047601318e+02 5.4047302246e+02 5.4046697998e+02 5.4046997070e+02 5.4047399902e+02
5.4047302246e+02 5.4047998047e+02 5.4048901367e+02 5.4049200439e+02 5.4049200439e+02 5.4049798584e+02 5.4049798584e+02 5.4049798584e+02 5.4052099609e+02 5.4052099609e+02 5.4051599121e+02 5.4051501465e+02 5.4051898193e+02 5.4052899170e+02 5.4052099609e+02 5.4051702881e+02 5.4051098633e+02 5.4051098633e+02 5.4050299072e+02 5.4049200439e+02 5.4048901367e+02 5.4048400879e+02 5.4047399902e+02 5.4046301270e+02 5.4045697021e+02 5.4044500732e+02 5.4043200684e+02 5.4042602539e+02 5.4042401123e+02 5.4042401123e+02 5.4043103027e+02 5.4042999268e+02 5.4042297363e+02 5.4042797852e+02 5.4043402100e+02 5.4044000244e+02 5.4044500732e+02 5.4044097900e+02 5.4045300293e+02 5.4045501709e+02 5.4044396973e+02 5.4045397949e+02 5.4045397949e+02 5.4045001221e+02 5.4045202637e+02 5.4045501709e+02
5.4046697998e+02 5.4046398926e+02 5.4046899414e+02 5.4047100830e+02 5.4046801758e+02 5.4047100830e+02 5.4047198486e+02 5.4047198486e+02 5.4048199463e+02 5.4048699951e+02 5.4048901367e+02 5.4049298096e+02 5.4049902344e+02 5.4050402832e+02 5.4050097656e+02 5.4049798584e+02 5.4048999023e+02 5.4048498535e+02 5.4046899414e+02 5.4044897461e+02 5.4045202637e+02 5.4046301270e+02 5.4044299316e+02 5.4042602539e+02 5.4042498779e+02 5.4040997314e+02 5.4040002441e+02 5.4039697266e+02 5.4040197754e+02 5.4040399170e+02 5.4040899658e+02 5.4040802002e+02 5.4040899658e+02 5.4041198730e+02 5.4041497803e+02 5.4041998291e+02 5.4042199707e+02 5.4042102051e+02 5.4043499756e+02 5.4043902588e+02 5.4043103027e+02 5.4043402100e+02 5.4043402100e+02 5.4043402100e+02 5.4043499756e+02 5.4043798828e+02
5.4045202637e+02 5.4044897461e+02 5.4045202637e+02 5.4045501709e+02 5.4045501709e+02 5.4045098877e+02 5.4045697021e+02 5.4045898438e+02 5.4046600342e+02 5.4046997070e+02 5.4047198486e+02 5.4047802734e+02 5.4048602295e+02 5.4048498535e+02 5.4047900391e+02 5.4047698975e+02 5.4046697998e+02 5.4045599365e+02 5.4044201660e+02 5.4042401123e+02 5.4042297363e+02 5.4043200684e+02 5.4041601563e+02 5.4040002441e+02 5.4039398193e+02 5.4038000488e+02 5.4036700439e+02 5.4036602783e+02 5.4037799072e+02 5.4038500977e+02 5.4038500977e+02 5.4038299561e+02 5.4038702393e+02 5.4038897705e+02 5.4039099121e+02 5.4039398193e+02 5.4039697266e+02 5.4040002441e+02 5.4040802002e+02 5.4041101074e+02 5.4041198730e+02 5.4041400146e+02 5.4041601563e+02 5.4041802979e+02 5.4041900635e+02 5.4042498779e+02
5.4043798828e+02 5.4043701172e+02 5.4043597412e+02 5.4043701172e+02 5.4043798828e+02 5.4043200684e+02 5.4044702148e+02 5.4045300293e+02 5.4045300293e+02 5.4045300293e+02 5.4045098877e+02 5.4045300293e+02 5.4046600342e+02 5.4046997070e+02 5.4046301270e+02 5.4045898438e+02 5.4044799805e+02 5.4044201660e+02 5.4042700195e+02 5.4040600586e+02 5.4040100098e+02 5.4040399170e+02 5.4038800049e+02 5.4037597656e+02 5.4036901855e+02 5.4035699463e+02 5.4034399414e+02 5.4034399414e+02 5.4035699463e+02 5.4036602783e+02 5.4036499023e+02 5.4036102295e+02 5.4036499023e+02 5.4036499023e+02 5.4036700439e+02 5.4036999512e+02 5.4037402344e+02 5.4038000488e+02 5.4038299561e+02 5.4038201904e+02 5.4039099121e+02 5.4039697266e+02 5.4039801025e+02 5.4040002441e+02 5.4040399170e+02 5.4041101074e+02
5.4043402100e+02 5.4043200684e+02 5.4042700195e+02 5.4042498779e+02 5.4042602539e+02 5.4042498779e+02 5.4043902588e+02 5.4044097900e+02 5.4043597412e+02 5.4043298340e+02 5.4042602539e+02 5.4042498779e+02 5.4043798828e+02 5.4044396973e+02 5.4043798828e+02 5.4043402100e+02 5.4042700195e+02 5.4042498779e+02 5.4040802002e+02 5.4038897705e+02 5.4038800049e+02 5.4039001465e+02 5.4037402344e+02 5.4036499023e+02 5.4035400391e+02 5.4034002686e+02 5.4033099365e+02 5.4033001709e+02 5.4033502197e+02 5.4034600830e+02 5.4034497070e+02 5.4034100342e+02 5.4034100342e+02 5.4034100342e+02 5.4034301758e+02 5.4034497070e+02 5.4034997559e+02 5.4035797119e+02 5.4036102295e+02 5.4036401367e+02 5.4037500000e+02 5.4037902832e+02 5.4038000488e+02 5.4038201904e+02 5.4038800049e+02 5.4039697266e+02
5.4042602539e+02 5.4043200684e+02 5.4042700195e+02 5.4042102051e+02 5.4041699219e+02 5.4041699219e+02 5.4042401123e+02 5.4041998291e+02 5.4041302490e+02 5.4040802002e+02 5.4041101074e+02 5.4041802979e+02 5.4042901611e+02 5.4041400146e+02 5.4040997314e+02 5.4041400146e+02 5.4040899658e+02 5.4040197754e+02 5.4039398193e+02 5.4039001465e+02 5.4038598633e+02 5.4038702393e+02 5.4036901855e+02 5.4035198975e+02 5.4033599854e+02 5.4032702637e+02 5.4032397461e+02 5.4032098389e+02 5.4031597900e+02 5.4031701660e+02 5.4032098389e+02 5.4032000732e+02 5.4031500244e+02 5.4031597900e+02 5.4031799316e+02 5.4032098389e+02 5.4032501221e+02 5.4033502197e+02 5.4034100342e+02 5.4034600830e+02 5.4035797119e+02 5.4036102295e+02 5.4036102295e+02 5.4036297607e+02 5.4036798096e+02 5.4038000488e+02
5.4043103027e+02 5.4043200684e+02 5.4042498779e+02 5.4041802979e+02 5.4040698242e+02 5.4040502930e+02 5.4040100098e+02 5.4039099121e+02 5.4038598633e+02 5.4037597656e+02 5.4038397217e+02 5.4039898682e+02 5.4041198730e+02 5.4039697266e+02 5.4039001465e+02 5.4039501953e+02 5.4039001465e+02 5.4038299561e+02 5.4037701416e+02 5.4037200928e+02 5.4036798096e+02 5.4036401367e+02 5.4034899902e+02 5.4033197021e+02 5.4032000732e+02 5.4031701660e+02 5.4031298828e+02 5.4030999756e+02 5.4030499268e+02 5.4030499268e+02 5.4030999756e+02 5.4030401611e+02 5.4029602051e+02 5.4029998779e+02 5.4030297852e+02 5.4030603027e+02 5.4031097412e+02 5.4031896973e+02 5.4032702637e+02 5.4032702637e+02 5.4033197021e+02 5.4033898926e+02 5.4033801270e+02 5.4034197998e+02 5.4034997559e+02 5.4036102295e+02
5.4044097900e+02 5.4042999268e+02 5.4041802979e+02 5.4040899658e+02 5.4039801025e+02 5.4039697266e+02 5.4039398193e+02 5.4038598633e+02 5.4037200928e+02 5.4035699463e+02 5.4035998535e+02 5.4037200928e+02 5.4038299561e+02 5.4037500000e+02 5.4036999512e+02 5.4037097168e+02 5.4036700439e+02 5.4036499023e+02 5.4035900879e+02 5.4035400391e+02 5.4034899902e+02 5.4033898926e+02 5.4032598877e+02 5.4031402588e+02 5.4030700684e+02 5.4030499268e+02 5.4030102539e+02 5.4029699707e+02 5.4029602051e+02 5.4029901123e+02 5.4030200195e+02 5.4028900146e+02 5.4027801514e+02 5.4028497314e+02 5.4028802490e+02 5.4029101563e+02 5.4029199219e+02 5.4029400635e+02 5.4030401611e+02 5.4030603027e+02 5.4030798340e+02 5.4031701660e+02 5.4031896973e+02 5.4032397461e+02 5.4033300781e+02 5.4034002686e+02
5.4045098877e+02 5.4042700195e+02 5.4041101074e+02 5.4040301514e+02 5.4039099121e+02 5.4038897705e+02 5.4039001465e+02 5.4039001465e+02 5.4037597656e+02 5.4035998535e+02 5.4035900879e+02 5.4036199951e+02 5.4036602783e+02 5.4036297607e+02 5.4035400391e+02 5.4034899902e+02 5.4034802246e+02 5.4034698486e+02 5.4034100342e+02 5.4033599854e+02 5.4033099365e+02 5.4031500244e+02 5.4030102539e+02 5.4029400635e+02 5.4029400635e+02 5.4029199219e+02 5.4028900146e+02 5.4028497314e+02 5.4028198242e+02 5.4028497314e+02 5.4029199219e+02 5.4028002930e+02 5.4026501465e+02 5.4027001953e+02 5.4027301025e+02 5.4027600098e+02 5.4027697754e+02 5.4027502441e+02 5.4028002930e+02 5.4028302002e+02 5.4028698730e+02 5.4029498291e+02 5.4029699707e+02 5.4030499268e+02 5.4031597900e+02 5.4031896973e+02
