TESTSERVER/16/18.asc
NCOLS 100
NROWS 100
XLLCORNER 8.2997500000e+03
YLLCORNER 2.8905025000e+05
CELLSIZE 5.0000000000e-01
NODATA_VALUE -9.9990000000e+03
[rows 40 to 59 of 100, columns 46 to 91 of 100]
5.4030700684e+02 5.4029699707e+02 5.4030401611e+02 5.4031201172e+02 5.4029998779e+02 5.4029699707e+02 5.4028601074e+02 5.4027197266e+02 5.4026000977e+02 5.4026397705e+02 5.4026501465e+02 5.4025097656e+02 5.4023199463e+02 5.4022497559e+02 5.4021899414e+02 5.4021502686e+02 5.4020300293e+02 5.4019396973e+02 5.4017700195e+02 5.4015802002e+02 5.4016998291e+02 5.4016302490e+02 5.4014300537e+02 5.4012500000e+02 5.4011700439e+02 5.4011297607e+02 5.4010699463e+02 5.4009197998e+02 5.4007598877e+02 5.4005999756e+02 5.4004498291e+02 5.4003198242e+02 5.4002502441e+02 5.4001098633e+02 5.3998498535e+02 5.3996002197e+02 5.3995098877e+02 5.3993597412e+02 5.3992700195e+02 5.3991497803e+02 5.3990100098e+02 5.3989099121e+02 5.3988500977e+02 5.3987799072e+02 5.3986602783e+02 5.3986199951e+02
5.4027301025e+02 5.4027398682e+02 5.4028198242e+02 5.4028802490e+02 5.4027301025e+02 5.4026898193e+02 5.4026599121e+02 5.4026098633e+02 5.4025402832e+02 5.4025299072e+02 5.4025598145e+02 5.4023797607e+02 5.4022198486e+02 5.4021502686e+02 5.4020800781e+02 5.4020202637e+02 5.4019396973e+02 5.4018499756e+02 5.4017102051e+02 5.4015802002e+02 5.4016101074e+02 5.4015002441e+02 5.4013500977e+02 5.4011798096e+02 5.4010498047e+02 5.4009497070e+02 5.4008300781e+02 5.4007000732e+02 5.4005999756e+02 5.4004302979e+02 5.4002697754e+02 5.4001599121e+02 5.4001202393e+02 5.4000402832e+02 5.3998699951e+02 5.3996997070e+02 5.3995599365e+02 5.3993798828e+02 5.3992297363e+02 5.3990802002e+02 5.3989099121e+02 5.3987902832e+02 5.3986901855e+02 5.3985797119e+02 5.3984002686e+02 5.3982897949e+02
5.4023498535e+02 5.4024298096e+02 5.4024798584e+02 5.4025097656e+02 5.4024200439e+02 5.4024102783e+02 5.4024102783e+02 5.4024102783e+02 5.4023400879e+02 5.4023101807e+02 5.4023297119e+02 5.4021899414e+02 5.4020800781e+02 5.4020202637e+02 5.4019500732e+02 5.4018902588e+02 5.4017999268e+02 5.4016998291e+02 5.4016101074e+02 5.4015399170e+02 5.4014697266e+02 5.4013702393e+02 5.4012500000e+02 5.4011102295e+02 5.4009802246e+02 5.4008300781e+02 5.4007098389e+02 5.4005902100e+02 5.4004699707e+02 5.4003002930e+02 5.4001599121e+02 5.4000598145e+02 5.3999798584e+02 5.3998797607e+02 5.3997698975e+02 5.3996502686e+02 5.3995397949e+02 5.3993701172e+02 5.3992602539e+02 5.3991400146e+02 5.3989599609e+02 5.3988397217e+02 5.3987402344e+02 5.3985601807e+02 5.3982702637e+02 5.3981097412e+02
5.4024499512e+02 5.4024298096e+02 5.4023199463e+02 5.4022698975e+02 5.4021801758e+02 5.4021502686e+02 5.4021002197e+02 5.4020599365e+02 5.4020202637e+02 5.4020001221e+02 5.4020397949e+02 5.4019799805e+02 5.4019396973e+02 5.4019000244e+02 5.4018298340e+02 5.4017602539e+02 5.4016601563e+02 5.4015698242e+02 5.4015301514e+02 5.4014801025e+02 5.4013500977e+02 5.4012597656e+02 5.4011798096e+02 5.4010699463e+02 5.4009399414e+02 5.4008001709e+02 5.4006896973e+02 5.4005603027e+02 5.4003698730e+02 5.4002197266e+02 5.4001202393e+02 5.4000201416e+02 5.3998901367e+02 5.3997601318e+02 5.3996502686e+02 5.3995202637e+02 5.3993798828e+02 5.3992700195e+02 5.3992199707e+02 5.3991601563e+02 5.3990002441e+02 5.3988897705e+02 5.3988000488e+02 5.3986199951e+02 5.3983099365e+02 5.3981402588e+02
5.4029998779e+02 5.4028802490e+02 5.4025799561e+02 5.4023297119e+02 5.4020697021e+02 5.4019702148e+02 5.4019000244e+02 5.4018597412e+02 5.4018902588e+02 5.4018701172e+02 5.4019000244e+02 5.4019201660e+02 5.4018402100e+02 5.4017901611e+02 5.4017102051e+02 5.4016198730e+02 5.4015002441e+02 5.4015100098e+02 5.4014898682e+02 5.4014697266e+02 5.4012597656e+02 5.4011999512e+02 5.4011297607e+02 5.4010400391e+02 5.4010198975e+02 5.4008398438e+02 5.4007397461e+02 5.4005798340e+02 5.4002697754e+02 5.4001898193e+02 5.4001202393e+02 5.4000000000e+02 5.3998498535e+02 5.3997497559e+02 5.3996002197e+02 5.3993798828e+02 5.3991601563e+02 5.3991601563e+02 5.3991302490e+02 5.3990399170e+02 5.3988598633e+02 5.3987902832e+02 5.3987701416e+02 5.3986700439e+02 5.3984802246e+02 5.3981896973e+02
5.4034100342e+02 5.4033099365e+02 5.4029400635e+02 5.4026098633e+02 5.4023199463e+02 5.4021899414e+02 5.4020397949e+02 5.4019598389e+02 5.4019897461e+02 5.4018798828e+02 5.4018499756e+02 5.4018200684e+02 5.4016998291e+02 5.4014801025e+02 5.4014801025e+02 5.4014898682e+02 5.4013800049e+02 5.4013598633e+02 5.4012799072e+02 5.4012902832e+02 5.4011901855e+02 5.4011102295e+02 5.4009997559e+02 5.4009301758e+02 5.4008801270e+02 5.4007501221e+02 5.4006799316e+02 5.4005798340e+02 5.4003302002e+02 5.4002502441e+02 5.4001300049e+02 5.3999499512e+02 5.3997900391e+02 5.3997100830e+02 5.3995599365e+02 5.3993701172e+02 5.3991998291e+02 5.3991497803e+02 5.3990899658e+02 5.3989202881e+02 5.3987701416e+02 5.3987298584e+02 5.3987200928e+02 5.3986901855e+02 5.3985998535e+02 5.3984100342e+02
5.4033599854e+02 5.4032897949e+02 5.4029901123e+02 5.4027801514e+02 5.4026599121e+02 5.4026800537e+02 5.4025299072e+02 5.4023101807e+02 5.4022198486e+02 5.4021301270e+02 5.4021899414e+02 5.4022601318e+02 5.4020800781e+02 5.4015698242e+02 5.4014398193e+02 5.4013800049e+02 5.4012298584e+02 5.4011700439e+02 5.4010302734e+02 5.4009802246e+02 5.4010400391e+02 5.4009802246e+02 5.4008898926e+02 5.4008099365e+02 5.4006701660e+02 5.4005297852e+02 5.4004699707e+02 5.4004199219e+02 5.4003002930e+02 5.4002502441e+02 5.4001202393e+02 5.3999200439e+02 5.3997302246e+02 5.3996197510e+02 5.3995001221e+02 5.3993798828e+02 5.3992797852e+02 5.3991497803e+02 5.3990698242e+02 5.3989300537e+02 5.3987902832e+02 5.3986999512e+02 5.3986199951e+02 5.3985400391e+02 5.3984997559e+02 5.3984399414e+02
5.4029797363e+02 5.4030200195e+02 5.4029400635e+02 5.4028601074e+02 5.4028497314e+02 5.4032501221e+02 5.4034399414e+02 5.4032299805e+02 5.4029400635e+02 5.4027099609e+02 5.4027398682e+02 5.4028900146e+02 5.4028002930e+02 5.4023101807e+02 5.4019897461e+02 5.4017102051e+02 5.4013500977e+02 5.4010998535e+02 5.4008801270e+02 5.4008001709e+02 5.4008801270e+02 5.4008502197e+02 5.4007800293e+02 5.4006701660e+02 5.4004400635e+02 5.4003002930e+02 5.4002398682e+02 5.4002001953e+02 5.4001702881e+02 5.4001397705e+02 5.4000201416e+02 5.3998602295e+02 5.3996997070e+02 5.3995599365e+02 5.3994396973e+02 5.3993597412e+02 5.3992797852e+02 5.3990997314e+02 5.3990301514e+02 5.3989300537e+02 5.3987799072e+02 5.3986798096e+02 5.3985400391e+02 5.3983898926e+02 5.3983502197e+02 5.3983898926e+02
5.4027697754e+02 5.4029998779e+02 5.4031097412e+02 5.4029400635e+02 5.4027600098e+02 5.4036798096e+02 5.4044598389e+02 5.4047399902e+02 5.4047100830e+02 5.4040197754e+02 5.4035400391e+02 5.4033197021e+02 5.4031500244e+02 5.4028601074e+02 5.4025799561e+02 5.4022900391e+02 5.4019799805e+02 5.4014599609e+02 5.4010900879e+02 5.4008697510e+02 5.4006597900e+02 5.4005700684e+02 5.4005499268e+02 5.4004901123e+02 5.4003198242e+02 5.4002099609e+02 5.4001501465e+02 5.4000897217e+02 5.4000799561e+02 5.4000000000e+02 5.3998602295e+02 5.3997302246e+02 5.3996697998e+02 5.3995098877e+02 5.3994000244e+02 5.3993298340e+02 5.3992102051e+02 5.3990600586e+02 5.3990002441e+02 5.3989099121e+02 5.3987200928e+02 5.3986499023e+02 5.3985699463e+02 5.3984301758e+02 5.3983502197e+02 5.3984399414e+02
5.4025402832e+02 5.4028698730e+02 5.4029498291e+02 5.4027301025e+02 5.4026000977e+02 5.4034600830e+02 5.4043798828e+02 5.4050799561e+02 5.4053601074e+02 5.4050598145e+02 5.4044799805e+02 5.4040002441e+02 5.4036102295e+02 5.4030603027e+02 5.4026397705e+02 5.4023400879e+02 5.4021997070e+02 5.4020397949e+02 5.4017700195e+02 5.4014501953e+02 5.4010498047e+02 5.4007000732e+02 5.4005902100e+02 5.4003997803e+02 5.4001599121e+02 5.3999902344e+02 5.4000000000e+02 5.3999700928e+02 5.3998901367e+02 5.3998297119e+02 5.3997198486e+02 5.3995397949e+02 5.3994299316e+02 5.3993902588e+02 5.3993298340e+02 5.3992297363e+02 5.3991101074e+02 5.3989697266e+02 5.3989697266e+02 5.3989501953e+02 5.3987402344e+02 5.3986700439e+02 5.3986401367e+02 5.3985101318e+02 5.3983898926e+02 5.3985601807e+02
5.4022998047e+02 5.4026000977e+02 5.4025201416e+02 5.4022497559e+02 5.4021301270e+02 5.4026098633e+02 5.4033398438e+02 5.4040997314e+02 5.4046301270e+02 5.4046197510e+02 5.4042901611e+02 5.4040002441e+02 5.4037200928e+02 5.4031097412e+02 5.4025299072e+02 5.4021301270e+02 5.4020800781e+02 5.4021899414e+02 5.4020898438e+02 5.4018701172e+02 5.4016101074e+02 5.4013702393e+02 5.4011297607e+02 5.4007702637e+02 5.4003302002e+02 5.3999597168e+02 5.3998602295e+02 5.3997698975e+02 5.3996697998e+02 5.3996502686e+02 5.3995898438e+02 5.3993902588e+02 5.3992401123e+02 5.3992602539e+02 5.3991699219e+02 5.3990600586e+02 5.3990197754e+02 5.3988800049e+02 5.3988897705e+02 5.3988500977e+02 5.3986401367e+02 5.3985900879e+02 5.3985900879e+02 5.3984802246e+02 5.3983801270e+02 5.3985198975e+02
5.4019201660e+02 5.4021197510e+02 5.4019598389e+02 5.4016802979e+02 5.4015698242e+02 5.4016302490e+02 5.4019799805e+02 5.4025201416e+02 5.4030603027e+02 5.4032501221e+02 5.4032397461e+02 5.4032897949e+02 5.4033099365e+02 5.4028497314e+02 5.4022900391e+02 5.4018597412e+02 5.4017797852e+02 5.4020098877e+02 5.4020697021e+02 5.4020098877e+02 5.4019097900e+02 5.4017102051e+02 5.4014501953e+02 5.4010797119e+02 5.4006701660e+02 5.4002801514e+02 5.4000000000e+02 5.3996899414e+02 5.3995202637e+02 5.3995098877e+02 5.3994097900e+02 5.3992401123e+02 5.3991601563e+02 5.3991400146e+02 5.3990301514e+02 5.3989501953e+02 5.3989300537e+02 5.3987799072e+02 5.3987200928e+02 5.3986297607e+02 5.3984698486e+02 5.3984600830e+02 5.3984997559e+02 5.3984197998e+02 5.3983599854e+02 5.3984698486e+02
5.4014001465e+02 5.4014898682e+02 5.4013598633e+02 5.4011999512e+02 5.4011499023e+02 5.4009899902e+02 5.4009301758e+02 5.4011602783e+02 5.4015997314e+02 5.4017401123e+02 5.4019000244e+02 5.4021398926e+02 5.4024499512e+02 5.4025500488e+02 5.4024298096e+02 5.4021899414e+02 5.4021197510e+02 5.4019598389e+02 5.4020202637e+02 5.4020300293e+02 5.4019702148e+02 5.4016998291e+02 5.4013702393e+02 5.4010400391e+02 5.4008398438e+02 5.4007000732e+02 5.4003802490e+02 5.3998498535e+02 5.3994299316e+02 5.3993597412e+02 5.3992199707e+02 5.3991699219e+02 5.3992199707e+02 5.3990997314e+02 5.3989300537e+02 5.3988397217e+02 5.3988000488e+02 5.3986999512e+02 5.3986401367e+02 5.3984997559e+02 5.3983099365e+02 5.3983300781e+02 5.3983697510e+02 5.3983099365e+02 5.3982397461e+02 5.3983300781e+02
5.4009997559e+02 5.4010400391e+02 5.4009301758e+02 5.4007397461e+02 5.4006402588e+02 5.4007702637e+02 5.4006597900e+02 5.4005200195e+02 5.4005902100e+02 5.4004998779e+02 5.4004998779e+02 5.4007598877e+02 5.4014501953e+02 5.4022698975e+02 5.4030401611e+02 5.4034698486e+02 5.4031500244e+02 5.4026000977e+02 5.4022802734e+02 5.4020202637e+02 5.4019000244e+02 5.4017199707e+02 5.4014599609e+02 5.4012402344e+02 5.4010601807e+02 5.4009698486e+02 5.4007800293e+02 5.4003198242e+02 5.3998199463e+02 5.3995202637e+02 5.3990698242e+02 5.3989099121e+02 5.3990399170e+02 5.3989501953e+02 5.3988000488e+02 5.3987500000e+02 5.3986297607e+02 5.3984802246e+02 5.3984399414e+02 5.3983898926e+02 5.3983502197e+02 5.3983197021e+02 5.3983099365e+02 5.3981799316e+02 5.3980999756e+02 5.3982000732e+02
5.4005297852e+02 5.4005999756e+02 5.4005499268e+02 5.4003399658e+02 5.4001501465e+02 5.4003302002e+02 5.4003302002e+02 5.4000000000e+02 5.3998297119e+02 5.3997698975e+02 5.3996899414e+02 5.3999298096e+02 5.4007202148e+02 5.4019500732e+02 5.4033502197e+02 5.4043402100e+02 5.4040802002e+02 5.4031097412e+02 5.4025097656e+02 5.4020599365e+02 5.4018402100e+02 5.4016497803e+02 5.4014697266e+02 5.4013299561e+02 5.4011798096e+02 5.4010498047e+02 5.4009197998e+02 5.4005603027e+02 5.4001098633e+02 5.3997601318e+02 5.3991497803e+02 5.3987597656e+02 5.3987500000e+02 5.3987298584e+02 5.3986602783e+02 5.3985998535e+02 5.3984497070e+02 5.3983300781e+02 5.3983099365e+02 5.3982897949e+02 5.3983300781e+02 5.3983300781e+02 5.3982598877e+02 5.3980297852e+02 5.3979400635e+02 5.3980401611e+02
5.4001501465e+02 5.4002801514e+02 5.4002502441e+02 5.4000201416e+02 5.3997302246e+02 5.3997698975e+02 5.3998999023e+02 5.3996801758e+02 5.3994299316e+02 5.3994396973e+02 5.3993597412e+02 5.3996002197e+02 5.4002697754e+02 5.4015100098e+02 5.4031701660e+02 5.4044799805e+02 5.4044299316e+02 5.4033197021e+02 5.4026000977e+02 5.4021099854e+02 5.4018798828e+02 5.4016497803e+02 5.4015100098e+02 5.4013598633e+02 5.4011499023e+02 5.4010101318e+02 5.4008898926e+02 5.4005902100e+02 5.4001202393e+02 5.3998999023e+02 5.3995501709e+02 5.3990997314e+02 5.3987402344e+02 5.3985198975e+02 5.3984698486e+02 5.3984497070e+02 5.3982800293e+02 5.3982098389e+02 5.3982501221e+02 5.3982202148e+02 5.3982397461e+02 5.3982202148e+02 5.3981201172e+02 5.3979199219e+02 5.3978601074e+02 5.3979199219e+02
5.3998999023e+02 5.3999798584e+02 5.3999401855e+02 5.3997497559e+02 5.3994500732e+02 5.3993597412e+02 5.3994799805e+02 5.3994201660e+02 5.3991601563e+02 5.3991497803e+02 5.3990802002e+02 5.3993103027e+02 5.3998901367e+02 5.4007897949e+02 5.4022497559e+02 5.4036102295e+02 5.4040002441e+02 5.4031597900e+02 5.4025500488e+02 5.4021801758e+02 5.4019897461e+02 5.4018402100e+02 5.4016497803e+02 5.4014001465e+02 5.4010998535e+02 5.4009100342e+02 5.4007598877e+02 5.4004797363e+02 5.4000500488e+02 5.3998199463e+02 5.3998699951e+02 5.3996801758e+02 5.3991601563e+02 5.3984802246e+02 5.3983197021e+02 5.3983801270e+02 5.3982598877e+02 5.3981500244e+02 5.3981896973e+02 5.3981201172e+02 5.3980499268e+02 5.3979498291e+02 5.3978601074e+02 5.3978002930e+02 5.3978302002e+02 5.3978302002e+02
5.3996197510e+02 5.3996301270e+02 5.3996502686e+02 5.3995800781e+02 5.3993597412e+02 5.3992498779e+02 5.3992498779e+02 5.3991802979e+02 5.3988702393e+02 5.3988000488e+02 5.3988299561e+02 5.3990600586e+02 5.3994201660e+02 5.4000402832e+02 5.4010498047e+02 5.4020697021e+02 5.4024499512e+02 5.4022399902e+02 5.4020800781e+02 5.4019799805e+02 5.4019500732e+02 5.4019299316e+02 5.4017797852e+02 5.4015197754e+02 5.4011999512e+02 5.4009100342e+02 5.4006500244e+02 5.4003997803e+02 5.4001098633e+02 5.3998797607e+02 5.3998101807e+02 5.3997497559e+02 5.3993902588e+02 5.3985797119e+02 5.3981896973e+02 5.3982000732e+02 5.3981597900e+02 5.3980499268e+02 5.3980499268e+02 5.3979199219e+02 5.3978002930e+02 5.3977600098e+02 5.3977301025e+02 5.3976898193e+02 5.3977099609e+02 5.3977398682e+02
5.3994702148e+02 5.3994201660e+02 5.3994000244e+02 5.3993298340e+02 5.3991302490e+02 5.3990399170e+02 5.3990100098e+02 5.3989202881e+02 5.3985998535e+02 5.3984197998e+02 5.3984698486e+02 5.3986102295e+02 5.3988201904e+02 5.3992297363e+02 5.3997802734e+02 5.4003802490e+02 5.4007501221e+02 5.4009997559e+02 5.4013098145e+02 5.4015698242e+02 5.4017901611e+02 5.4018798828e+02 5.4017797852e+02 5.4015399170e+02 5.4012097168e+02 5.4007897949e+02 5.4004400635e+02 5.4002301025e+02 5.4001397705e+02 5.3999200439e+02 5.3996801758e+02 5.3995501709e+02 5.3994598389e+02 5.3989501953e+02 5.3983398438e+02 5.3980700684e+02 5.3980200195e+02 5.3979302979e+02 5.3979101563e+02 5.3977899170e+02 5.3977099609e+02 5.3977301025e+02 5.3977398682e+02 5.3977099609e+02 5.3976702881e+02 5.3976501465e+02
5.3993200684e+02 5.3992199707e+02 5.3991601563e+02 5.3990802002e+02 5.3988897705e+02 5.3988000488e+02 5.3987402344e+02 5.3986602783e+02 5.3984399414e+02 5.3982501221e+02 5.3982098389e+02 5.3982501221e+02 5.3983300781e+02 5.3984100342e+02 5.3985498047e+02 5.3988299561e+02 5.3993103027e+02 5.3999700928e+02 5.4006500244e+02 5.4011700439e+02 5.4015301514e+02 5.4016699219e+02 5.4016198730e+02 5.4014001465e+02 5.4010498047e+02 5.4005603027e+02 5.4001898193e+02 5.4000598145e+02 5.4001702881e+02 5.4000701904e+02 5.3997998047e+02 5.3996502686e+02 5.3995898438e+02 5.3992700195e+02 5.3986199951e+02 5.3980700684e+02 5.3979101563e+02 5.3978302002e+02 5.3978002930e+02 5.3977502441e+02 5.3977398682e+02 5.3977001953e+02 5.3977001953e+02 5.3976898193e+02 5.3976202393e+02 5.3975500488e+02
