TESTSERVER/16/19.asc
NCOLS 100
NROWS 100
XLLCORNER 8.2997500000e+03
YLLCORNER 2.8900025000e+05
CELLSIZE 5.0000000000e-01
NODATA_VALUE -9.9990000000e+03
[rows 40 to 59 of 100, columns 0 to 45 of 100]
5.3971197510e+02 5.3970501709e+02 5.3968499756e+02 5.3967297363e+02 5.3965899658e+02 5.3964398193e+02 5.3963000488e+02 5.3962097168e+02 5.3960900879e+02 5.3959698486e+02 5.3958697510e+02 5.3958398438e+02 5.3957702637e+02 5.3957000732e+02 5.3956500244e+02 5.3956597900e+02 5.3956298828e+02 5.3955902100e+02 5.3955700684e+02 5.3955603027e+02 5.3955200195e+02 5.3954901123e+02 5.3954797363e+02 5.3954400635e+02 5.3954101563e+02 5.3953802490e+02 5.3953601074e+02 5.3953198242e+02 5.3953198242e+02 5.3953198242e+02 5.3953497314e+02 5.3953997803e+02 5.3954498291e+02 5.3954998779e+02 5.3955902100e+02 5.3956799316e+02 5.3957397461e+02 5.3958197021e+02 5.3959497070e+02 5.3959698486e+02 5.3959399414e+02 5.3958398438e+02 5.3956701660e+02 5.3954998779e+02 5.3953601074e+02 5.3952301025e+02
5.3971899414e+02 5.3971600342e+02 5.3969598389e+02 5.3967901611e+02 5.3966400146e+02 5.3964697266e+02 5.3963098145e+02 5.3962200928e+02 5.3960900879e+02 5.3959698486e+02 5.3958697510e+02 5.3958197021e+02 5.3957397461e+02 5.3956701660e+02 5.3956298828e+02 5.3956201172e+02 5.3955700684e+02 5.3955297852e+02 5.3955102539e+02 5.3955102539e+02 5.3954699707e+02 5.3954400635e+02 5.3954101563e+02 5.3953900146e+02 5.3953601074e+02 5.3953302002e+02 5.3953002930e+02 5.3952801514e+02 5.3952899170e+02 5.3953100586e+02 5.3953302002e+02 5.3953900146e+02 5.3954498291e+02 5.3955297852e+02 5.3956097412e+02 5.3957098389e+02 5.3957897949e+02 5.3958599854e+02 5.3959698486e+02 5.3960198975e+02 5.3959600830e+02 5.3958398438e+02 5.3956201172e+02 5.3954101563e+02 5.3953399658e+02 5.3952801514e+02
5.3972100830e+02 5.3972497559e+02 5.3970501709e+02 5.3968402100e+02 5.3966802979e+02 5.3965002441e+02 5.3963299561e+02 5.3962097168e+02 5.3960900879e+02 5.3959600830e+02 5.3958599854e+02 5.3958197021e+02 5.3957397461e+02 5.3956701660e+02 5.3956097412e+02 5.3955798340e+02 5.3955401611e+02 5.3954901123e+02 5.3954602051e+02 5.3954302979e+02 5.3953997803e+02 5.3953601074e+02 5.3953302002e+02 5.3953100586e+02 5.3952801514e+02 5.3952502441e+02 5.3952398682e+02 5.3952398682e+02 5.3952502441e+02 5.3952697754e+02 5.3953100586e+02 5.3953802490e+02 5.3954602051e+02 5.3955401611e+02 5.3956402588e+02 5.3957299805e+02 5.3958099365e+02 5.3958697510e+02 5.3959600830e+02 5.3959497070e+02 5.3958599854e+02 5.3957299805e+02 5.3955102539e+02 5.3953698730e+02 5.3953601074e+02 5.3952801514e+02
5.3971899414e+02 5.3972900391e+02 5.3971197510e+02 5.3968798828e+02 5.3967102051e+02 5.3965301514e+02 5.3963299561e+02 5.3962097168e+02 5.3960797119e+02 5.3959600830e+02 5.3958599854e+02 5.3958099365e+02 5.3957397461e+02 5.3956597900e+02 5.3955798340e+02 5.3955401611e+02 5.3954901123e+02 5.3954498291e+02 5.3953997803e+02 5.3953601074e+02 5.3953198242e+02 5.3952899170e+02 5.3952502441e+02 5.3952301025e+02 5.3952001953e+02 5.3951702881e+02 5.3951599121e+02 5.3951800537e+02 5.3951898193e+02 5.3952197266e+02 5.3952697754e+02 5.3953601074e+02 5.3954498291e+02 5.3955499268e+02 5.3956597900e+02 5.3957501221e+02 5.3958197021e+02 5.3958697510e+02 5.3959197998e+02 5.3958502197e+02 5.3957299805e+02 5.3955798340e+02 5.3953997803e+02 5.3952697754e+02 5.3952301025e+02 5.3950701904e+02
5.3971697998e+02 5.3974597168e+02 5.3975000000e+02 5.3969299316e+02 5.3967297363e+02 5.3965197754e+02 5.3962902832e+02 5.3961901855e+02 5.3960797119e+02 5.3959600830e+02 5.3958697510e+02 5.3957800293e+02 5.3957000732e+02 5.3956201172e+02 5.3955401611e+02 5.3954998779e+02 5.3954400635e+02 5.3953698730e+02 5.3953198242e+02 5.3953100586e+02 5.3952502441e+02 5.3952001953e+02 5.3951702881e+02 5.3951702881e+02 5.3951300049e+02 5.3951000977e+02 5.3950897217e+02 5.3951202393e+02 5.3951397705e+02 5.3951800537e+02 5.3952697754e+02 5.3953302002e+02 5.3954400635e+02 5.3955603027e+02 5.3957098389e+02 5.3958001709e+02 5.3958697510e+02 5.3959002686e+02 5.3958197021e+02 5.3956701660e+02 5.3955603027e+02 5.3955401611e+02 5.3955200195e+02 5.3950897217e+02 5.3949298096e+02 5.3946099854e+02
5.3968701172e+02 5.3972802734e+02 5.3973297119e+02 5.3969299316e+02 5.3967297363e+02 5.3965301514e+02 5.3963000488e+02 5.3961700439e+02 5.3960601807e+02 5.3959600830e+02 5.3958599854e+02 5.3957501221e+02 5.3956597900e+02 5.3955603027e+02 5.3955200195e+02 5.3954699707e+02 5.3953802490e+02 5.3952899170e+02 5.3952502441e+02 5.3952398682e+02 5.3951702881e+02 5.3951000977e+02 5.3950598145e+02 5.3950701904e+02 5.3950299072e+02 5.3950000000e+02 5.3949798584e+02 5.3950201416e+02 5.3950500488e+02 5.3951000977e+02 5.3951800537e+02 5.3952899170e+02 5.3954101563e+02 5.3955401611e+02 5.3957397461e+02 5.3959497070e+02 5.3960101318e+02 5.3960101318e+02 5.3958398438e+02 5.3957501221e+02 5.3957800293e+02 5.3957897949e+02 5.3955297852e+02 5.3945202637e+02 5.3938500977e+02 5.3935198975e+02
5.3965802002e+02 5.3968902588e+02 5.3970898438e+02 5.3968298340e+02 5.3966699219e+02 5.3965100098e+02 5.3963000488e+02 5.3961602783e+02 5.3960498047e+02 5.3959497070e+02 5.3958502197e+02 5.3957397461e+02 5.3956500244e+02 5.3955499268e+02 5.3954901123e+02 5.3954400635e+02 5.3953399658e+02 5.3952502441e+02 5.3952001953e+02 5.3951599121e+02 5.3950897217e+02 5.3950097656e+02 5.3949597168e+02 5.3949499512e+02 5.3949200439e+02 5.3948797607e+02 5.3948699951e+02 5.3949102783e+02 5.3949200439e+02 5.3949700928e+02 5.3950701904e+02 5.3952099609e+02 5.3953302002e+02 5.3954602051e+02 5.3957501221e+02 5.3960601807e+02 5.3961102295e+02 5.3960498047e+02 5.3959197998e+02 5.3958502197e+02 5.3956402588e+02 5.3953302002e+02 5.3947399902e+02 5.3935900879e+02 5.3929302979e+02 5.3928399658e+02
5.3963201904e+02 5.3965002441e+02 5.3967797852e+02 5.3966802979e+02 5.3965600586e+02 5.3964398193e+02 5.3962799072e+02 5.3961499023e+02 5.3960400391e+02 5.3959399414e+02 5.3958300781e+02 5.3957299805e+02 5.3956298828e+02 5.3955401611e+02 5.3954699707e+02 5.3954101563e+02 5.3953100586e+02 5.3952197266e+02 5.3951397705e+02 5.3950701904e+02 5.3950000000e+02 5.3949298096e+02 5.3948602295e+02 5.3948297119e+02 5.3947998047e+02 5.3947601318e+02 5.3947399902e+02 5.3947601318e+02 5.3947900391e+02 5.3948400879e+02 5.3949401855e+02 5.3950799561e+02 5.3952001953e+02 5.3953399658e+02 5.3957202148e+02 5.3960998535e+02 5.3961102295e+02 5.3959802246e+02 5.3959100342e+02 5.3954797363e+02 5.3947399902e+02 5.3941302490e+02 5.3935498047e+02 5.3929901123e+02 5.3928002930e+02 5.3928802490e+02
5.3961297607e+02 5.3961199951e+02 5.3963897705e+02 5.3964599609e+02 5.3964001465e+02 5.3963299561e+02 5.3962200928e+02 5.3961401367e+02 5.3960400391e+02 5.3959301758e+02 5.3958197021e+02 5.3957202148e+02 5.3956201172e+02 5.3955200195e+02 5.3954400635e+02 5.3953601074e+02 5.3952502441e+02 5.3951501465e+02 5.3950201416e+02 5.3949798584e+02 5.3948999023e+02 5.3948199463e+02 5.3947399902e+02 5.3947100830e+02 5.3946697998e+02 5.3946502686e+02 5.3946301270e+02 5.3946099854e+02 5.3946197510e+02 5.3946600342e+02 5.3947100830e+02 5.3949401855e+02 5.3951397705e+02 5.3953302002e+02 5.3959197998e+02 5.3961798096e+02 5.3960998535e+02 5.3958001709e+02 5.3953497314e+02 5.3943798828e+02 5.3932202148e+02 5.3927197266e+02 5.3929199219e+02 5.3929498291e+02 5.3929302979e+02 5.3928601074e+02
5.3961297607e+02 5.3959497070e+02 5.3961102295e+02 5.3961901855e+02 5.3961798096e+02 5.3961499023e+02 5.3961401367e+02 5.3960998535e+02 5.3960101318e+02 5.3959100342e+02 5.3958099365e+02 5.3957202148e+02 5.3956097412e+02 5.3955102539e+02 5.3954199219e+02 5.3953100586e+02 5.3951898193e+02 5.3950701904e+02 5.3949700928e+02 5.3948999023e+02 5.3947998047e+02 5.3947100830e+02 5.3946197510e+02 5.3945599365e+02 5.3945202637e+02 5.3944702148e+02 5.3944500732e+02 5.3944299316e+02 5.3944201660e+02 5.3944299316e+02 5.3945202637e+02 5.3947698975e+02 5.3949700928e+02 5.3951501465e+02 5.3955401611e+02 5.3958300781e+02 5.3955603027e+02 5.3950402832e+02 5.3941497803e+02 5.3931097412e+02 5.3926599121e+02 5.3926702881e+02 5.3928698730e+02 5.3928802490e+02 5.3928002930e+02 5.3927301025e+02
5.3963500977e+02 5.3960101318e+02 5.3959399414e+02 5.3959997559e+02 5.3960198975e+02 5.3960400391e+02 5.3960797119e+02 5.3960699463e+02 5.3959899902e+02 5.3958898926e+02 5.3958001709e+02 5.3957098389e+02 5.3956097412e+02 5.3955102539e+02 5.3953997803e+02 5.3952801514e+02 5.3951599121e+02 5.3950299072e+02 5.3949200439e+02 5.3948199463e+02 5.3946997070e+02 5.3946002197e+02 5.3944897461e+02 5.3944097900e+02 5.3943499756e+02 5.3943103027e+02 5.3942700195e+02 5.3942297363e+02 5.3942199707e+02 5.3942199707e+02 5.3942999268e+02 5.3945098877e+02 5.3946398926e+02 5.3947399902e+02 5.3949700928e+02 5.3950500488e+02 5.3946801758e+02 5.3941198730e+02 5.3932397461e+02 5.3926397705e+02 5.3927099609e+02 5.3928002930e+02 5.3928399658e+02 5.3928302002e+02 5.3927197266e+02 5.3926202393e+02
5.3966497803e+02 5.3961798096e+02 5.3958801270e+02 5.3958898926e+02 5.3959399414e+02 5.3959802246e+02 5.3960498047e+02 5.3960601807e+02 5.3959802246e+02 5.3958898926e+02 5.3957897949e+02 5.3957000732e+02 5.3955999756e+02 5.3954998779e+02 5.3953802490e+02 5.3952502441e+02 5.3951300049e+02 5.3950000000e+02 5.3948602295e+02 5.3947302246e+02 5.3946002197e+02 5.3944799805e+02 5.3943499756e+02 5.3942602539e+02 5.3941802979e+02 5.3941302490e+02 5.3940802002e+02 5.3940301514e+02 5.3940002441e+02 5.3939898682e+02 5.3940502930e+02 5.3941998291e+02 5.3942498779e+02 5.3942498779e+02 5.3942700195e+02 5.3941400146e+02 5.3937597656e+02 5.3932702637e+02 5.3927899170e+02 5.3927099609e+02 5.3927801514e+02 5.3926898193e+02 5.3926599121e+02 5.3926800537e+02 5.3926098633e+02 5.3925097656e+02
5.3968402100e+02 5.3963897705e+02 5.3960699463e+02 5.3958599854e+02 5.3958398438e+02 5.3958697510e+02 5.3959600830e+02 5.3960900879e+02 5.3960198975e+02 5.3959197998e+02 5.3957897949e+02 5.3956896973e+02 5.3955700684e+02 5.3954602051e+02 5.3953399658e+02 5.3952398682e+02 5.3951000977e+02 5.3949499512e+02 5.3947698975e+02 5.3946301270e+02 5.3944799805e+02 5.3943200684e+02 5.3941900635e+02 5.3940899658e+02 5.3939801025e+02 5.3938897705e+02 5.3938098145e+02 5.3938098145e+02 5.3937597656e+02 5.3936999512e+02 5.3935498047e+02 5.3936999512e+02 5.3937097168e+02 5.3936901855e+02 5.3935900879e+02 5.3931896973e+02 5.3928198242e+02 5.3925598145e+02 5.3926300049e+02 5.3926800537e+02 5.3926202393e+02 5.3924597168e+02 5.3924200439e+02 5.3924298096e+02 5.3924597168e+02 5.3923699951e+02
5.3968103027e+02 5.3964697266e+02 5.3961297607e+02 5.3959497070e+02 5.3958801270e+02 5.3959197998e+02 5.3960699463e+02 5.3961499023e+02 5.3960998535e+02 5.3959997559e+02 5.3958300781e+02 5.3956896973e+02 5.3955700684e+02 5.3954498291e+02 5.3953399658e+02 5.3952099609e+02 5.3950500488e+02 5.3948699951e+02 5.3946899414e+02 5.3945202637e+02 5.3943298340e+02 5.3941802979e+02 5.3940301514e+02 5.3939099121e+02 5.3937902832e+02 5.3936901855e+02 5.3936199951e+02 5.3935699463e+02 5.3934899902e+02 5.3934002686e+02 5.3932299805e+02 5.3931402588e+02 5.3931201172e+02 5.3930999756e+02 5.3928802490e+02 5.3924902344e+02 5.3923101807e+02 5.3922998047e+02 5.3925000000e+02 5.3925701904e+02 5.3924597168e+02 5.3923101807e+02 5.3922698975e+02 5.3922399902e+02 5.3921997070e+02 5.3920898438e+02
5.3967199707e+02 5.3964501953e+02 5.3961700439e+02 5.3960101318e+02 5.3959698486e+02 5.3960198975e+02 5.3961401367e+02 5.3961798096e+02 5.3961499023e+02 5.3960498047e+02 5.3958697510e+02 5.3957098389e+02 5.3955902100e+02 5.3954699707e+02 5.3953399658e+02 5.3951800537e+02 5.3950097656e+02 5.3948101807e+02 5.3945898438e+02 5.3944000244e+02 5.3941998291e+02 5.3940301514e+02 5.3938702393e+02 5.3937402344e+02 5.3936297607e+02 5.3935302734e+02 5.3934497070e+02 5.3933502197e+02 5.3932598877e+02 5.3931500244e+02 5.3929602051e+02 5.3928100586e+02 5.3927600098e+02 5.3926898193e+02 5.3925201416e+02 5.3924401855e+02 5.3924200439e+02 5.3924102783e+02 5.3924499512e+02 5.3923797607e+02 5.3922100830e+02 5.3920898438e+02 5.3920599365e+02 5.3919799805e+02 5.3917901611e+02 5.3916400146e+02
5.3966198730e+02 5.3964202881e+02 5.3961999512e+02 5.3960400391e+02 5.3959997559e+02 5.3960400391e+02 5.3961499023e+02 5.3961999512e+02 5.3961798096e+02 5.3960900879e+02 5.3959002686e+02 5.3957299805e+02 5.3956097412e+02 5.3954901123e+02 5.3953601074e+02 5.3951702881e+02 5.3949700928e+02 5.3947497559e+02 5.3945098877e+02 5.3942797852e+02 5.3940698242e+02 5.3938800049e+02 5.3936999512e+02 5.3935797119e+02 5.3934698486e+02 5.3933898926e+02 5.3932897949e+02 5.3931500244e+02 5.3930401611e+02 5.3929302979e+02 5.3927398682e+02 5.3926000977e+02 5.3925299072e+02 5.3924401855e+02 5.3923999023e+02 5.3925598145e+02 5.3925598145e+02 5.3924597168e+02 5.3922497559e+02 5.3920098877e+02 5.3918597412e+02 5.3918701172e+02 5.3918200684e+02 5.3915997314e+02 5.3912902832e+02 5.3911602783e+02
5.3965600586e+02 5.3964300537e+02 5.3962200928e+02 5.3959899902e+02 5.3959002686e+02 5.3959399414e+02 5.3960900879e+02 5.3962097168e+02 5.3962200928e+02 5.3961602783e+02 5.3960101318e+02 5.3957702637e+02 5.3956402588e+02 5.3955102539e+02 5.3953698730e+02 5.3951800537e+02 5.3949298096e+02 5.3946697998e+02 5.3943200684e+02 5.3940997314e+02 5.3938702393e+02 5.3936798096e+02 5.3934802246e+02 5.3933502197e+02 5.3932397461e+02 5.3931402588e+02 5.3928900146e+02 5.3928698730e+02 5.3927502441e+02 5.3926501465e+02 5.3925500488e+02 5.3924798584e+02 5.3923999023e+02 5.3923297119e+02 5.3923999023e+02 5.3924298096e+02 5.3923297119e+02 5.3921099854e+02 5.3918200684e+02 5.3916601563e+02 5.3915802002e+02 5.3916198730e+02 5.3915100098e+02 5.3912298584e+02 5.3909600830e+02 5.3908898926e+02
5.3966900635e+02 5.3965197754e+02 5.3962097168e+02 5.3958801270e+02 5.3957501221e+02 5.3958099365e+02 5.3960198975e+02 5.3961499023e+02 5.3961999512e+02 5.3961602783e+02 5.3959899902e+02 5.3958099365e+02 5.3956701660e+02 5.3955297852e+02 5.3953698730e+02 5.3951599121e+02 5.3948797607e+02 5.3945599365e+02 5.3942102051e+02 5.3939099121e+02 5.3936700439e+02 5.3934899902e+02 5.3932897949e+02 5.3930798340e+02 5.3930102539e+02 5.3929498291e+02 5.3928802490e+02 5.3927801514e+02 5.3927197266e+02 5.3927001953e+02 5.3927398682e+02 5.3925799561e+02 5.3923797607e+02 5.3922100830e+02 5.3921197510e+02 5.3920202637e+02 5.3919097900e+02 5.3918200684e+02 5.3917297363e+02 5.3915600586e+02 5.3915002441e+02 5.3914001465e+02 5.3912298584e+02 5.3911798096e+02 5.3909698486e+02 5.3908398438e+02
5.3969299316e+02 5.3967102051e+02 5.3962500000e+02 5.3958099365e+02 5.3956298828e+02 5.3956799316e+02 5.3959497070e+02 5.3961199951e+02 5.3961798096e+02 5.3961401367e+02 5.3959899902e+02 5.3958398438e+02 5.3957000732e+02 5.3955603027e+02 5.3954199219e+02 5.3951800537e+02 5.3948901367e+02 5.3945397949e+02 5.3941101074e+02 5.3937500000e+02 5.3934997559e+02 5.3933300781e+02 5.3931298828e+02 5.3929901123e+02 5.3929998779e+02 5.3930200195e+02 5.3930297852e+02 5.3929699707e+02 5.3929400635e+02 5.3929498291e+02 5.3930297852e+02 5.3927801514e+02 5.3924401855e+02 5.3921197510e+02 5.3918597412e+02 5.3916900635e+02 5.3916400146e+02 5.3916699219e+02 5.3917602539e+02 5.3916802979e+02 5.3915899658e+02 5.3913500977e+02 5.3911297607e+02 5.3912500000e+02 5.3910601807e+02 5.3908300781e+02
5.3972198486e+02 5.3969299316e+02 5.3963397217e+02 5.3957800293e+02 5.3955401611e+02 5.3955603027e+02 5.3958898926e+02 5.3961297607e+02 5.3961999512e+02 5.3961602783e+02 5.3960198975e+02 5.3958697510e+02 5.3957397461e+02 5.3956097412e+02 5.3954901123e+02 5.3952600098e+02 5.3949499512e+02 5.3945697021e+02 5.3940399170e+02 5.3935797119e+02 5.3933300781e+02 5.3931597900e+02 5.3930297852e+02 5.3930297852e+02 5.3931298828e+02 5.3932299805e+02 5.3933001709e+02 5.3932202148e+02 5.3931896973e+02 5.3932202148e+02 5.3933099365e+02 5.3929699707e+02 5.3925299072e+02 5.3921099854e+02 5.3917498779e+02 5.3915600586e+02 5.3915399170e+02 5.3916101074e+02 5.3917401123e+02 5.3916497803e+02 5.3914697266e+02 5.3911602783e+02 5.3910198975e+02 5.3911798096e+02 5.3909600830e+02 5.3906799316e+02
