TESTSERVER/16/19.asc
NCOLS 100
NROWS 100
XLLCORNER 8.2997500000e+03
YLLCORNER 2.8900025000e+05
CELLSIZE 5.0000000000e-01
NODATA_VALUE -9.9990000000e+03
[rows 60 to 79 of 100, columns 0 to 45 of 100]
5.3976501465e+02 5.3972198486e+02 5.3966101074e+02 5.3958197021e+02 5.3954797363e+02 5.3955499268e+02 5.3959802246e+02 5.3961700439e+02 5.3962597656e+02 5.3962200928e+02 5.3960302734e+02 5.3959399414e+02 5.3958502197e+02 5.3957299805e+02 5.3956500244e+02 5.3955102539e+02 5.3952398682e+02 5.3947900391e+02 5.3938000488e+02 5.3932098389e+02 5.3930297852e+02 5.3930603027e+02 5.3933001709e+02 5.3932501221e+02 5.3934802246e+02 5.3936798096e+02 5.3937298584e+02 5.3934997559e+02 5.3934899902e+02 5.3935498047e+02 5.3935998535e+02 5.3930999756e+02 5.3927197266e+02 5.3923400879e+02 5.3920898438e+02 5.3916900635e+02 5.3915899658e+02 5.3915899658e+02 5.3915698242e+02 5.3914099121e+02 5.3911798096e+02 5.3909197998e+02 5.3908898926e+02 5.3909100342e+02 5.3906701660e+02 5.3904101563e+02
5.3978601074e+02 5.3972302246e+02 5.3966400146e+02 5.3959002686e+02 5.3954797363e+02 5.3955102539e+02 5.3957202148e+02 5.3959197998e+02 5.3960900879e+02 5.3961297607e+02 5.3960699463e+02 5.3960400391e+02 5.3959899902e+02 5.3959002686e+02 5.3958197021e+02 5.3959100342e+02 5.3957397461e+02 5.3952301025e+02 5.3940997314e+02 5.3932000732e+02 5.3929901123e+02 5.3932000732e+02 5.3936999512e+02 5.3940002441e+02 5.3941497803e+02 5.3941400146e+02 5.3937799072e+02 5.3935198975e+02 5.3934997559e+02 5.3935400391e+02 5.3936199951e+02 5.3936798096e+02 5.3936401367e+02 5.3933502197e+02 5.3929199219e+02 5.3925402832e+02 5.3922399902e+02 5.3920397949e+02 5.3918597412e+02 5.3915997314e+02 5.3911798096e+02 5.3907299805e+02 5.3905401611e+02 5.3905700684e+02 5.3903997803e+02 5.3902301025e+02
5.3974700928e+02 5.3967700195e+02 5.3963299561e+02 5.3957800293e+02 5.3953900146e+02 5.3953698730e+02 5.3955401611e+02 5.3957397461e+02 5.3959497070e+02 5.3960797119e+02 5.3961102295e+02 5.3961102295e+02 5.3960699463e+02 5.3959997559e+02 5.3959600830e+02 5.3961499023e+02 5.3960101318e+02 5.3954998779e+02 5.3944598389e+02 5.3933801270e+02 5.3928601074e+02 5.3928399658e+02 5.3933099365e+02 5.3938201904e+02 5.3940502930e+02 5.3940399170e+02 5.3935900879e+02 5.3931500244e+02 5.3929699707e+02 5.3928601074e+02 5.3930499268e+02 5.3937799072e+02 5.3940600586e+02 5.3938299561e+02 5.3933001709e+02 5.3929699707e+02 5.3927099609e+02 5.3925097656e+02 5.3923101807e+02 5.3920202637e+02 5.3914001465e+02 5.3906298828e+02 5.3901300049e+02 5.3901702881e+02 5.3901800537e+02 5.3901300049e+02
5.3967199707e+02 5.3960198975e+02 5.3956896973e+02 5.3953198242e+02 5.3951501465e+02 5.3953399658e+02 5.3956799316e+02 5.3958502197e+02 5.3960302734e+02 5.3961602783e+02 5.3961798096e+02 5.3961499023e+02 5.3961297607e+02 5.3960699463e+02 5.3960498047e+02 5.3962701416e+02 5.3961499023e+02 5.3956298828e+02 5.3947497559e+02 5.3933801270e+02 5.3923297119e+02 5.3918499756e+02 5.3919299316e+02 5.3925000000e+02 5.3929199219e+02 5.3931298828e+02 5.3929699707e+02 5.3924401855e+02 5.3919702148e+02 5.3915997314e+02 5.3916601563e+02 5.3928997803e+02 5.3935302734e+02 5.3934002686e+02 5.3927099609e+02 5.3922998047e+02 5.3922198486e+02 5.3922601318e+02 5.3922698975e+02 5.3921002197e+02 5.3915002441e+02 5.3906799316e+02 5.3900500488e+02 5.3899401855e+02 5.3899200439e+02 5.3898297119e+02
5.3957397461e+02 5.3951898193e+02 5.3950897217e+02 5.3946997070e+02 5.3948498535e+02 5.3955902100e+02 5.3964501953e+02 5.3963500977e+02 5.3963397217e+02 5.3963500977e+02 5.3963098145e+02 5.3961901855e+02 5.3961401367e+02 5.3960797119e+02 5.3959997559e+02 5.3960601807e+02 5.3960699463e+02 5.3957800293e+02 5.3950402832e+02 5.3927697754e+02 5.3909899902e+02 5.3899200439e+02 5.3903399658e+02 5.3909399414e+02 5.3912097168e+02 5.3913702393e+02 5.3912597656e+02 5.3912799072e+02 5.3904400635e+02 5.3896899414e+02 5.3892602539e+02 5.3908502197e+02 5.3917700195e+02 5.3918902588e+02 5.3910900879e+02 5.3906701660e+02 5.3907202148e+02 5.3910400391e+02 5.3914001465e+02 5.3914801025e+02 5.3912902832e+02 5.3909698486e+02 5.3907000732e+02 5.3903198242e+02 5.3898901367e+02 5.3894500732e+02
5.3951098633e+02 5.3949401855e+02 5.3949200439e+02 5.3947601318e+02 5.3949597168e+02 5.3957202148e+02 5.3965002441e+02 5.3965002441e+02 5.3963702393e+02 5.3962701416e+02 5.3962097168e+02 5.3961798096e+02 5.3960900879e+02 5.3959802246e+02 5.3958300781e+02 5.3956896973e+02 5.3959301758e+02 5.3960198975e+02 5.3948602295e+02 5.3917401123e+02 5.3897302246e+02 5.3886602783e+02 5.3893499756e+02 5.3902697754e+02 5.3904101563e+02 5.3904400635e+02 5.3900097656e+02 5.3890301514e+02 5.3879302979e+02 5.3871301270e+02 5.3870697021e+02 5.3886199951e+02 5.3898297119e+02 5.3904699707e+02 5.3902801514e+02 5.3897302246e+02 5.3896398926e+02 5.3898901367e+02 5.3904400635e+02 5.3908300781e+02 5.3909899902e+02 5.3908697510e+02 5.3905700684e+02 5.3903900146e+02 5.3899597168e+02 5.3894201660e+02
5.3950799561e+02 5.3949102783e+02 5.3948699951e+02 5.3947601318e+02 5.3946099854e+02 5.3948999023e+02 5.3958197021e+02 5.3963201904e+02 5.3963598633e+02 5.3961901855e+02 5.3960699463e+02 5.3960601807e+02 5.3959497070e+02 5.3958300781e+02 5.3956896973e+02 5.3955603027e+02 5.3958099365e+02 5.3959002686e+02 5.3945397949e+02 5.3911297607e+02 5.3890600586e+02 5.3880401611e+02 5.3886901855e+02 5.3895300293e+02 5.3897497559e+02 5.3897802734e+02 5.3889898682e+02 5.3873101807e+02 5.3860998535e+02 5.3853497314e+02 5.3854199219e+02 5.3868499756e+02 5.3882202148e+02 5.3891998291e+02 5.3896197510e+02 5.3891302490e+02 5.3888800049e+02 5.3889202881e+02 5.3891198730e+02 5.3898199463e+02 5.3903399658e+02 5.3903997803e+02 5.3901202393e+02 5.3901202393e+02 5.3898602295e+02 5.3894097900e+02
5.3950097656e+02 5.3948199463e+02 5.3947399902e+02 5.3946099854e+02 5.3942700195e+02 5.3941802979e+02 5.3949200439e+02 5.3959497070e+02 5.3963201904e+02 5.3961499023e+02 5.3959301758e+02 5.3959002686e+02 5.3957800293e+02 5.3956701660e+02 5.3955902100e+02 5.3954998779e+02 5.3956799316e+02 5.3956298828e+02 5.3940802002e+02 5.3906799316e+02 5.3886700439e+02 5.3877801514e+02 5.3883502197e+02 5.3890301514e+02 5.3892700195e+02 5.3892797852e+02 5.3883001709e+02 5.3862902832e+02 5.3850598145e+02 5.3844000244e+02 5.3845300293e+02 5.3856597900e+02 5.3869897461e+02 5.3881701660e+02 5.3890899658e+02 5.3886499023e+02 5.3881799316e+02 5.3878698730e+02 5.3875097656e+02 5.3883197021e+02 5.3891601563e+02 5.3894702148e+02 5.3892999268e+02 5.3895397949e+02 5.3895501709e+02 5.3893499756e+02
5.3948901367e+02 5.3947698975e+02 5.3946697998e+02 5.3946099854e+02 5.3943298340e+02 5.3940600586e+02 5.3941699219e+02 5.3954998779e+02 5.3962500000e+02 5.3961499023e+02 5.3958801270e+02 5.3958099365e+02 5.3956799316e+02 5.3955102539e+02 5.3954302979e+02 5.3955999756e+02 5.3955700684e+02 5.3950500488e+02 5.3933398438e+02 5.3910302734e+02 5.3893597412e+02 5.3884497070e+02 5.3883001709e+02 5.3885900879e+02 5.3887799072e+02 5.3887500000e+02 5.3878002930e+02 5.3863000488e+02 5.3854302979e+02 5.3848699951e+02 5.3855200195e+02 5.3857598877e+02 5.3865100098e+02 5.3872802734e+02 5.3877801514e+02 5.3880700684e+02 5.3875402832e+02 5.3869897461e+02 5.3867401123e+02 5.3867199707e+02 5.3872698975e+02 5.3876397705e+02 5.3876098633e+02 5.3884100342e+02 5.3885998535e+02 5.3886499023e+02
5.3954199219e+02 5.3951202393e+02 5.3947399902e+02 5.3945599365e+02 5.3942401123e+02 5.3939001465e+02 5.3937200928e+02 5.3946997070e+02 5.3959002686e+02 5.3961199951e+02 5.3957598877e+02 5.3956701660e+02 5.3955401611e+02 5.3953302002e+02 5.3955902100e+02 5.3961499023e+02 5.3960699463e+02 5.3954199219e+02 5.3932897949e+02 5.3910998535e+02 5.3898199463e+02 5.3889001465e+02 5.3884997559e+02 5.3887597656e+02 5.3887799072e+02 5.3886602783e+02 5.3877301025e+02 5.3865600586e+02 5.3860699463e+02 5.3856298828e+02 5.3858099365e+02 5.3865600586e+02 5.3868499756e+02 5.3871099854e+02 5.3874200439e+02 5.3873199463e+02 5.3869598389e+02 5.3865502930e+02 5.3859698486e+02 5.3857098389e+02 5.3857897949e+02 5.3859997559e+02 5.3865997314e+02 5.3870800781e+02 5.3872399902e+02 5.3873199463e+02
5.3957598877e+02 5.3953601074e+02 5.3948699951e+02 5.3946600342e+02 5.3943298340e+02 5.3938800049e+02 5.3933502197e+02 5.3937799072e+02 5.3953100586e+02 5.3960998535e+02 5.3956896973e+02 5.3955200195e+02 5.3955902100e+02 5.3955499268e+02 5.3956097412e+02 5.3958197021e+02 5.3958300781e+02 5.3953399658e+02 5.3929498291e+02 5.3905401611e+02 5.3895001221e+02 5.3887799072e+02 5.3886499023e+02 5.3889001465e+02 5.3888098145e+02 5.3885998535e+02 5.3876702881e+02 5.3866699219e+02 5.3862902832e+02 5.3859698486e+02 5.3861499023e+02 5.3867102051e+02 5.3869000244e+02 5.3870697021e+02 5.3871099854e+02 5.3867999268e+02 5.3864398193e+02 5.3860302734e+02 5.3854101563e+02 5.3850299072e+02 5.3850598145e+02 5.3852398682e+02 5.3858001709e+02 5.3862097168e+02 5.3863500977e+02 5.3864202881e+02
5.3957501221e+02 5.3953601074e+02 5.3949401855e+02 5.3947998047e+02 5.3945001221e+02 5.3939697266e+02 5.3932598877e+02 5.3931701660e+02 5.3944702148e+02 5.3957299805e+02 5.3957299805e+02 5.3956701660e+02 5.3958398438e+02 5.3955999756e+02 5.3947198486e+02 5.3943103027e+02 5.3944799805e+02 5.3942602539e+02 5.3921398926e+02 5.3899401855e+02 5.3891802979e+02 5.3886700439e+02 5.3887298584e+02 5.3888702393e+02 5.3886798096e+02 5.3884002686e+02 5.3875897217e+02 5.3868798828e+02 5.3865997314e+02 5.3863702393e+02 5.3864697266e+02 5.3867999268e+02 5.3868902588e+02 5.3869598389e+02 5.3868402100e+02 5.3864501953e+02 5.3860797119e+02 5.3856799316e+02 5.3850799561e+02 5.3846600342e+02 5.3846600342e+02 5.3848101807e+02 5.3852801514e+02 5.3855798340e+02 5.3856500244e+02 5.3856597900e+02
5.3955401611e+02 5.3953698730e+02 5.3951800537e+02 5.3948999023e+02 5.3946899414e+02 5.3941302490e+02 5.3932098389e+02 5.3920098877e+02 5.3924401855e+02 5.3940002441e+02 5.3956500244e+02 5.3955902100e+02 5.3948101807e+02 5.3934399414e+02 5.3909301758e+02 5.3911297607e+02 5.3915899658e+02 5.3917602539e+02 5.3907598877e+02 5.3895599365e+02 5.3891302490e+02 5.3887799072e+02 5.3884600830e+02 5.3884997559e+02 5.3883099365e+02 5.3880700684e+02 5.3878497314e+02 5.3873199463e+02 5.3871002197e+02 5.3869000244e+02 5.3866802979e+02 5.3866900635e+02 5.3866699219e+02 5.3866497803e+02 5.3865399170e+02 5.3862902832e+02 5.3859600830e+02 5.3856097412e+02 5.3853302002e+02 5.3848797607e+02 5.3848602295e+02 5.3849298096e+02 5.3853497314e+02 5.3853198242e+02 5.3852600098e+02 5.3851397705e+02
5.3956799316e+02 5.3958099365e+02 5.3954699707e+02 5.3951702881e+02 5.3948498535e+02 5.3940197754e+02 5.3925500488e+02 5.3909100342e+02 5.3907800293e+02 5.3918298340e+02 5.3928601074e+02 5.3914398193e+02 5.3891497803e+02 5.3868103027e+02 5.3861499023e+02 5.3877398682e+02 5.3885400391e+02 5.3890802002e+02 5.3891198730e+02 5.3887701416e+02 5.3886102295e+02 5.3883801270e+02 5.3881500244e+02 5.3881701660e+02 5.3880999756e+02 5.3879901123e+02 5.3877801514e+02 5.3874798584e+02 5.3872601318e+02 5.3870202637e+02 5.3867498779e+02 5.3866400146e+02 5.3865698242e+02 5.3865100098e+02 5.3864501953e+02 5.3861999512e+02 5.3859399414e+02 5.3856500244e+02 5.3853497314e+02 5.3852301025e+02 5.3851898193e+02 5.3851898193e+02 5.3852899170e+02 5.3852801514e+02 5.3851599121e+02 5.3849798584e+02
5.3956799316e+02 5.3957000732e+02 5.3950000000e+02 5.3940301514e+02 5.3931201172e+02 5.3918798828e+02 5.3902301025e+02 5.3888897705e+02 5.3887799072e+02 5.3892297363e+02 5.3893200684e+02 5.3875799561e+02 5.3850299072e+02 5.3825598145e+02 5.3827697754e+02 5.3853497314e+02 5.3863397217e+02 5.3871197510e+02 5.3876898193e+02 5.3878302002e+02 5.3878900146e+02 5.3878497314e+02 5.3878399658e+02 5.3879498291e+02 5.3879101563e+02 5.3878497314e+02 5.3876702881e+02 5.3873999023e+02 5.3872198486e+02 5.3870001221e+02 5.3867700195e+02 5.3866699219e+02 5.3865600586e+02 5.3864801025e+02 5.3863397217e+02 5.3860797119e+02 5.3858502197e+02 5.3855999756e+02 5.3853698730e+02 5.3852697754e+02 5.3852099609e+02 5.3851800537e+02 5.3852301025e+02 5.3851702881e+02 5.3850097656e+02 5.3848101807e+02
5.3953399658e+02 5.3949298096e+02 5.3934497070e+02 5.3913000488e+02 5.3895202637e+02 5.3879101563e+02 5.3863500977e+02 5.3858801270e+02 5.3863500977e+02 5.3864801025e+02 5.3857897949e+02 5.3845300293e+02 5.3825402832e+02 5.3806799316e+02 5.3811798096e+02 5.3836499023e+02 5.3847497559e+02 5.3856701660e+02 5.3865600586e+02 5.3870300293e+02 5.3872698975e+02 5.3874102783e+02 5.3875500488e+02 5.3876800537e+02 5.3876702881e+02 5.3876300049e+02 5.3874902344e+02 5.3872802734e+02 5.3871301270e+02 5.3869396973e+02 5.3867602539e+02 5.3866400146e+02 5.3865100098e+02 5.3864001465e+02 5.3862298584e+02 5.3859899902e+02 5.3857897949e+02 5.3855700684e+02 5.3853802490e+02 5.3852801514e+02 5.3852099609e+02 5.3851702881e+02 5.3851702881e+02 5.3850598145e+02 5.3848901367e+02 5.3846600342e+02
5.3942797852e+02 5.3928497314e+02 5.3898999023e+02 5.3877899170e+02 5.3855798340e+02 5.3838897705e+02 5.3833001709e+02 5.3833502197e+02 5.3839398193e+02 5.3839398193e+02 5.3833300781e+02 5.3828399658e+02 5.3821801758e+02 5.3816601563e+02 5.3829302979e+02 5.3832800293e+02 5.3841400146e+02 5.3849798584e+02 5.3858502197e+02 5.3863299561e+02 5.3867297363e+02 5.3870397949e+02 5.3872497559e+02 5.3873400879e+02 5.3873999023e+02 5.3874298096e+02 5.3873797607e+02 5.3871502686e+02 5.3870800781e+02 5.3869799805e+02 5.3867901611e+02 5.3864898682e+02 5.3863397217e+02 5.3861901855e+02 5.3860498047e+02 5.3859497070e+02 5.3857800293e+02 5.3856201172e+02 5.3854998779e+02 5.3853198242e+02 5.3852197266e+02 5.3851397705e+02 5.3851098633e+02 5.3849700928e+02 5.3847497559e+02 5.3845001221e+02
5.3904998779e+02 5.3888500977e+02 5.3866497803e+02 5.3847802734e+02 5.3834997559e+02 5.3825201416e+02 5.3823901367e+02 5.3828900146e+02 5.3828900146e+02 5.3828698730e+02 5.3828601074e+02 5.3826702881e+02 5.3825201416e+02 5.3825097656e+02 5.3827398682e+02 5.3832800293e+02 5.3838397217e+02 5.3844799805e+02 5.3853399658e+02 5.3859301758e+02 5.3862902832e+02 5.3865698242e+02 5.3867297363e+02 5.3868200684e+02 5.3869201660e+02 5.3870098877e+02 5.3869702148e+02 5.3868798828e+02 5.3868701172e+02 5.3868200684e+02 5.3866101074e+02 5.3863598633e+02 5.3862298584e+02 5.3860900879e+02 5.3859899902e+02 5.3858697510e+02 5.3857299805e+02 5.3855902100e+02 5.3854498291e+02 5.3853198242e+02 5.3852197266e+02 5.3851098633e+02 5.3850402832e+02 5.3848699951e+02 5.3846398926e+02 5.3843798828e+02
5.3869097900e+02 5.3855297852e+02 5.3839599609e+02 5.3828002930e+02 5.3820800781e+02 5.3816400146e+02 5.3819702148e+02 5.3824700928e+02 5.3824798584e+02 5.3824902344e+02 5.3825701904e+02 5.3825299072e+02 5.3825000000e+02 5.3825897217e+02 5.3827398682e+02 5.3830401611e+02 5.3835400391e+02 5.3841101074e+02 5.3849700928e+02 5.3855798340e+02 5.3858898926e+02 5.3861199951e+02 5.3862402344e+02 5.3863299561e+02 5.3864398193e+02 5.3865399170e+02 5.3865698242e+02 5.3865698242e+02 5.3865698242e+02 5.3865301514e+02 5.3864099121e+02 5.3862701416e+02 5.3861499023e+02 5.3860302734e+02 5.3859002686e+02 5.3857598877e+02 5.3856201172e+02 5.3854998779e+02 5.3853802490e+02 5.3852697754e+02 5.3851702881e+02 5.3850598145e+02 5.3849597168e+02 5.3847802734e+02 5.3845501709e+02 5.3842999268e+02
5.3838598633e+02 5.3829101563e+02 5.3821899414e+02 5.3817602539e+02 5.3815301514e+02 5.3815002441e+02 5.3820001221e+02 5.3823400879e+02 5.3823400879e+02 5.3823602295e+02 5.3824597168e+02 5.3825000000e+02 5.3825598145e+02 5.3827398682e+02 5.3828802490e+02 5.3830499268e+02 5.3834698486e+02 5.3839599609e+02 5.3847302246e+02 5.3852697754e+02 5.3855297852e+02 5.3857202148e+02 5.3858001709e+02 5.3859002686e+02 5.3860101318e+02 5.3861102295e+02 5.3861999512e+02 5.3862701416e+02 5.3862799072e+02 5.3862597656e+02 5.3861999512e+02 5.3861297607e+02 5.3860400391e+02 5.3859399414e+02 5.3857897949e+02 5.3856298828e+02 5.3855102539e+02 5.3853900146e+02 5.3853002930e+02 5.3852099609e+02 5.3851098633e+02 5.3850097656e+02 5.3848901367e+02 5.3846899414e+02 5.3844799805e+02 5.3842297363e+02
