TESTSERVER/16/19.asc
NCOLS 100
NROWS 100
XLLCORNER 8.2997500000e+03
YLLCORNER 2.8900025000e+05
CELLSIZE 5.0000000000e-01
NODATA_VALUE -9.9990000000e+03
[rows 0 to 19 of 100, columns 0 to 45 of 100]
5.3986297607e+02 5.3985198975e+02 5.3982800293e+02 5.3977099609e+02 5.3972399902e+02 5.3968103027e+02 5.3965197754e+02 5.3965100098e+02 5.3965399170e+02 5.3966601563e+02 5.3968103027e+02 5.3969598389e+02 5.3970098877e+02 5.3969702148e+02 5.3970098877e+02 5.3971502686e+02 5.3971099854e+02 5.3969702148e+02 5.3969396973e+02 5.3970697021e+02 5.3973199463e+02 5.3976397705e+02 5.3981298828e+02 5.3985400391e+02 5.3989300537e+02 5.3990002441e+02 5.3988201904e+02 5.3986798096e+02 5.3985797119e+02 5.3982397461e+02 5.3977801514e+02 5.3972497559e+02 5.3968902588e+02 5.3967199707e+02 5.3966998291e+02 5.3965997314e+02 5.3964697266e+02 5.3963397217e+02 5.3961700439e+02 5.3960498047e+02 5.3959698486e+02 5.3959100342e+02 5.3958197021e+02 5.3957098389e+02 5.3956097412e+02 5.3955200195e+02
5.3994897461e+02 5.3994201660e+02 5.3989501953e+02 5.3983300781e+02 5.3977099609e+02 5.3971600342e+02 5.3966497803e+02 5.3964697266e+02 5.3965502930e+02 5.3967297363e+02 5.3968798828e+02 5.3968499756e+02 5.3969299316e+02 5.3970501709e+02 5.3971301270e+02 5.3971099854e+02 5.3970697021e+02 5.3971002197e+02 5.3973199463e+02 5.3977697754e+02 5.3981799316e+02 5.3984497070e+02 5.3985998535e+02 5.3987799072e+02 5.3989398193e+02 5.3988702393e+02 5.3985797119e+02 5.3982702637e+02 5.3979400635e+02 5.3974902344e+02 5.3971502686e+02 5.3969299316e+02 5.3967401123e+02 5.3966400146e+02 5.3966302490e+02 5.3965100098e+02 5.3963702393e+02 5.3962200928e+02 5.3960302734e+02 5.3959100342e+02 5.3958197021e+02 5.3957598877e+02 5.3956896973e+02 5.3955401611e+02 5.3954302979e+02 5.3953399658e+02
5.3998602295e+02 5.3999200439e+02 5.3994702148e+02 5.3987298584e+02 5.3980700684e+02 5.3974401855e+02 5.3968402100e+02 5.3965997314e+02 5.3966497803e+02 5.3968200684e+02 5.3969799805e+02 5.3969000244e+02 5.3969000244e+02 5.3969799805e+02 5.3971301270e+02 5.3971697998e+02 5.3972698975e+02 5.3974902344e+02 5.3978802490e+02 5.3984100342e+02 5.3987902832e+02 5.3989398193e+02 5.3988598633e+02 5.3988098145e+02 5.3987097168e+02 5.3984197998e+02 5.3979797363e+02 5.3975201416e+02 5.3972100830e+02 5.3969299316e+02 5.3967797852e+02 5.3967498779e+02 5.3966802979e+02 5.3966101074e+02 5.3965600586e+02 5.3963800049e+02 5.3962097168e+02 5.3960601807e+02 5.3959002686e+02 5.3957598877e+02 5.3956597900e+02 5.3956097412e+02 5.3955401611e+02 5.3953802490e+02 5.3952899170e+02 5.3952801514e+02
5.3999401855e+02 5.4001300049e+02 5.3997900391e+02 5.3990301514e+02 5.3983398438e+02 5.3976800537e+02 5.3970898438e+02 5.3968298340e+02 5.3968200684e+02 5.3969201660e+02 5.3970397949e+02 5.3969500732e+02 5.3969299316e+02 5.3969702148e+02 5.3971398926e+02 5.3974102783e+02 5.3977099609e+02 5.3980499268e+02 5.3984301758e+02 5.3988201904e+02 5.3990002441e+02 5.3989697266e+02 5.3988098145e+02 5.3986102295e+02 5.3982800293e+02 5.3978198242e+02 5.3973101807e+02 5.3969396973e+02 5.3968499756e+02 5.3967901611e+02 5.3966601563e+02 5.3966400146e+02 5.3965802002e+02 5.3964898682e+02 5.3963897705e+02 5.3961700439e+02 5.3960101318e+02 5.3959002686e+02 5.3958099365e+02 5.3956402588e+02 5.3955297852e+02 5.3954699707e+02 5.3953997803e+02 5.3952899170e+02 5.3953002930e+02 5.3954302979e+02
5.3997601318e+02 5.4002001953e+02 5.4002301025e+02 5.3992700195e+02 5.3985400391e+02 5.3978497314e+02 5.3973101807e+02 5.3971801758e+02 5.3970599365e+02 5.3970300293e+02 5.3970202637e+02 5.3969702148e+02 5.3970501709e+02 5.3971899414e+02 5.3974200439e+02 5.3978198242e+02 5.3982501221e+02 5.3985900879e+02 5.3987902832e+02 5.3988800049e+02 5.3988598633e+02 5.3987200928e+02 5.3986901855e+02 5.3982800293e+02 5.3977001953e+02 5.3971697998e+02 5.3969500732e+02 5.3968402100e+02 5.3968200684e+02 5.3967700195e+02 5.3965802002e+02 5.3965502930e+02 5.3964300537e+02 5.3963000488e+02 5.3961401367e+02 5.3959497070e+02 5.3958300781e+02 5.3957800293e+02 5.3957299805e+02 5.3955902100e+02 5.3954400635e+02 5.3953399658e+02 5.3952398682e+02 5.3953399658e+02 5.3955603027e+02 5.3958599854e+02
5.3990399170e+02 5.3994799805e+02 5.3996197510e+02 5.3992297363e+02 5.3986700439e+02 5.3981097412e+02 5.3977197266e+02 5.3975201416e+02 5.3973101807e+02 5.3971301270e+02 5.3969897461e+02 5.3971197510e+02 5.3974401855e+02 5.3977899170e+02 5.3981097412e+02 5.3984899902e+02 5.3987597656e+02 5.3989099121e+02 5.3988897705e+02 5.3987701416e+02 5.3986199951e+02 5.3983801270e+02 5.3979302979e+02 5.3974499512e+02 5.3970800781e+02 5.3968402100e+02 5.3968298340e+02 5.3967498779e+02 5.3966802979e+02 5.3965802002e+02 5.3964697266e+02 5.3964099121e+02 5.3962799072e+02 5.3961297607e+02 5.3959997559e+02 5.3958599854e+02 5.3957501221e+02 5.3956701660e+02 5.3955700684e+02 5.3954101563e+02 5.3952899170e+02 5.3952801514e+02 5.3954400635e+02 5.3957202148e+02 5.3959997559e+02 5.3963000488e+02
5.3985302734e+02 5.3988500977e+02 5.3990899658e+02 5.3989801025e+02 5.3986499023e+02 5.3982897949e+02 5.3980499268e+02 5.3978002930e+02 5.3974902344e+02 5.3972198486e+02 5.3970501709e+02 5.3974102783e+02 5.3979302979e+02 5.3984100342e+02 5.3987597656e+02 5.3989697266e+02 5.3990100098e+02 5.3989202881e+02 5.3987402344e+02 5.3984600830e+02 5.3980999756e+02 5.3977301025e+02 5.3972497559e+02 5.3969299316e+02 5.3967999268e+02 5.3967297363e+02 5.3967401123e+02 5.3966302490e+02 5.3965399170e+02 5.3964398193e+02 5.3963500977e+02 5.3962799072e+02 5.3961401367e+02 5.3959698486e+02 5.3958398438e+02 5.3957202148e+02 5.3956097412e+02 5.3955200195e+02 5.3953698730e+02 5.3952197266e+02 5.3952398682e+02 5.3954101563e+02 5.3957702637e+02 5.3960900879e+02 5.3963598633e+02 5.3965997314e+02
5.3982397461e+02 5.3984997559e+02 5.3986798096e+02 5.3986798096e+02 5.3985601807e+02 5.3983801270e+02 5.3982897949e+02 5.3980200195e+02 5.3976800537e+02 5.3973699951e+02 5.3972802734e+02 5.3978198242e+02 5.3983898926e+02 5.3988299561e+02 5.3990802002e+02 5.3990899658e+02 5.3989001465e+02 5.3986297607e+02 5.3983502197e+02 5.3979699707e+02 5.3975201416e+02 5.3971600342e+02 5.3968798828e+02 5.3968298340e+02 5.3967901611e+02 5.3966802979e+02 5.3965899658e+02 5.3964801025e+02 5.3963800049e+02 5.3963098145e+02 5.3962500000e+02 5.3961602783e+02 5.3959997559e+02 5.3958300781e+02 5.3956896973e+02 5.3955902100e+02 5.3954998779e+02 5.3953900146e+02 5.3952301025e+02 5.3952099609e+02 5.3953900146e+02 5.3957299805e+02 5.3961700439e+02 5.3964202881e+02 5.3966302490e+02 5.3967901611e+02
5.3981402588e+02 5.3982800293e+02 5.3982897949e+02 5.3983697510e+02 5.3984197998e+02 5.3984197998e+02 5.3984100342e+02 5.3982598877e+02 5.3979797363e+02 5.3977398682e+02 5.3978497314e+02 5.3983001709e+02 5.3987298584e+02 5.3989599609e+02 5.3989202881e+02 5.3988397217e+02 5.3985699463e+02 5.3981701660e+02 5.3977600098e+02 5.3973498535e+02 5.3970098877e+02 5.3968597412e+02 5.3967901611e+02 5.3968499756e+02 5.3968298340e+02 5.3965997314e+02 5.3963598633e+02 5.3963299561e+02 5.3962799072e+02 5.3962402344e+02 5.3961798096e+02 5.3960400391e+02 5.3958801270e+02 5.3957098389e+02 5.3955798340e+02 5.3955102539e+02 5.3954498291e+02 5.3953802490e+02 5.3954199219e+02 5.3955700684e+02 5.3958599854e+02 5.3961798096e+02 5.3963702393e+02 5.3965502930e+02 5.3966198730e+02 5.3966302490e+02
5.3980499268e+02 5.3980700684e+02 5.3980102539e+02 5.3980700684e+02 5.3982000732e+02 5.3983599854e+02 5.3985302734e+02 5.3985900879e+02 5.3984698486e+02 5.3983599854e+02 5.3984100342e+02 5.3987799072e+02 5.3989599609e+02 5.3989001465e+02 5.3987402344e+02 5.3985498047e+02 5.3980603027e+02 5.3975201416e+02 5.3971899414e+02 5.3970898438e+02 5.3969299316e+02 5.3968499756e+02 5.3966900635e+02 5.3966998291e+02 5.3966497803e+02 5.3964697266e+02 5.3963201904e+02 5.3962799072e+02 5.3961999512e+02 5.3961401367e+02 5.3960699463e+02 5.3959399414e+02 5.3957897949e+02 5.3956500244e+02 5.3955700684e+02 5.3955102539e+02 5.3955102539e+02 5.3955798340e+02 5.3957202148e+02 5.3960400391e+02 5.3962701416e+02 5.3964300537e+02 5.3964599609e+02 5.3964300537e+02 5.3964300537e+02 5.3964001465e+02
5.3978802490e+02 5.3978698730e+02 5.3978198242e+02 5.3979400635e+02 5.3981701660e+02 5.3984497070e+02 5.3987701416e+02 5.3989300537e+02 5.3988598633e+02 5.3987500000e+02 5.3987701416e+02 5.3989599609e+02 5.3988702393e+02 5.3985498047e+02 5.3982702637e+02 5.3979998779e+02 5.3975000000e+02 5.3971301270e+02 5.3970001221e+02 5.3970098877e+02 5.3969000244e+02 5.3967999268e+02 5.3965802002e+02 5.3965100098e+02 5.3964697266e+02 5.3963702393e+02 5.3962597656e+02 5.3961999512e+02 5.3960998535e+02 5.3960198975e+02 5.3959600830e+02 5.3958801270e+02 5.3957800293e+02 5.3956799316e+02 5.3956097412e+02 5.3955603027e+02 5.3955798340e+02 5.3956799316e+02 5.3959100342e+02 5.3962298584e+02 5.3964202881e+02 5.3965399170e+02 5.3964599609e+02 5.3963702393e+02 5.3963702393e+02 5.3963397217e+02
5.3977001953e+02 5.3977099609e+02 5.3977502441e+02 5.3979302979e+02 5.3982397461e+02 5.3986199951e+02 5.3990301514e+02 5.3991900635e+02 5.3991101074e+02 5.3989398193e+02 5.3988397217e+02 5.3988000488e+02 5.3984698486e+02 5.3979797363e+02 5.3975897217e+02 5.3973901367e+02 5.3971197510e+02 5.3969897461e+02 5.3970001221e+02 5.3969000244e+02 5.3967700195e+02 5.3966802979e+02 5.3964898682e+02 5.3963702393e+02 5.3963201904e+02 5.3962402344e+02 5.3961401367e+02 5.3960601807e+02 5.3959600830e+02 5.3958898926e+02 5.3958697510e+02 5.3958599854e+02 5.3958197021e+02 5.3957598877e+02 5.3957098389e+02 5.3956402588e+02 5.3956402588e+02 5.3957397461e+02 5.3959802246e+02 5.3962701416e+02 5.3964202881e+02 5.3965002441e+02 5.3963800049e+02 5.3963000488e+02 5.3963000488e+02 5.3962799072e+02
5.3975500488e+02 5.3976202393e+02 5.3978601074e+02 5.3979699707e+02 5.3983099365e+02 5.3987902832e+02 5.3993499756e+02 5.3993499756e+02 5.3991400146e+02 5.3988702393e+02 5.3986700439e+02 5.3984399414e+02 5.3979302979e+02 5.3973699951e+02 5.3970800781e+02 5.3970800781e+02 5.3969598389e+02 5.3969201660e+02 5.3970599365e+02 5.3967999268e+02 5.3965802002e+02 5.3965600586e+02 5.3965399170e+02 5.3963299561e+02 5.3962298584e+02 5.3961102295e+02 5.3959899902e+02 5.3958801270e+02 5.3957897949e+02 5.3957501221e+02 5.3957800293e+02 5.3958398438e+02 5.3958697510e+02 5.3958599854e+02 5.3958197021e+02 5.3957397461e+02 5.3957098389e+02 5.3957501221e+02 5.3958801270e+02 5.3960998535e+02 5.3961901855e+02 5.3962500000e+02 5.3961602783e+02 5.3961798096e+02 5.3961798096e+02 5.3961700439e+02
5.3976501465e+02 5.3977398682e+02 5.3978802490e+02 5.3979302979e+02 5.3982800293e+02 5.3988000488e+02 5.3991198730e+02 5.3991400146e+02 5.3989697266e+02 5.3986901855e+02 5.3983502197e+02 5.3978802490e+02 5.3974798584e+02 5.3971600342e+02 5.3970800781e+02 5.3970898438e+02 5.3968798828e+02 5.3967401123e+02 5.3968798828e+02 5.3966601563e+02 5.3964801025e+02 5.3964599609e+02 5.3963800049e+02 5.3962298584e+02 5.3961499023e+02 5.3960699463e+02 5.3959600830e+02 5.3958300781e+02 5.3957098389e+02 5.3956799316e+02 5.3957702637e+02 5.3958898926e+02 5.3959497070e+02 5.3959600830e+02 5.3959197998e+02 5.3958300781e+02 5.3957897949e+02 5.3957897949e+02 5.3958599854e+02 5.3959301758e+02 5.3959802246e+02 5.3960400391e+02 5.3960699463e+02 5.3960699463e+02 5.3960797119e+02 5.3960797119e+02
5.3977502441e+02 5.3978002930e+02 5.3977801514e+02 5.3978100586e+02 5.3981402588e+02 5.3985900879e+02 5.3988702393e+02 5.3988201904e+02 5.3985900879e+02 5.3982098389e+02 5.3977600098e+02 5.3972900391e+02 5.3971899414e+02 5.3970898438e+02 5.3970098877e+02 5.3970501709e+02 5.3969000244e+02 5.3966900635e+02 5.3966900635e+02 5.3965197754e+02 5.3964099121e+02 5.3963702393e+02 5.3962402344e+02 5.3961199951e+02 5.3960699463e+02 5.3960198975e+02 5.3959301758e+02 5.3958099365e+02 5.3957202148e+02 5.3957098389e+02 5.3958398438e+02 5.3959899902e+02 5.3960601807e+02 5.3960699463e+02 5.3960101318e+02 5.3959002686e+02 5.3958398438e+02 5.3958300781e+02 5.3958502197e+02 5.3958801270e+02 5.3959100342e+02 5.3959497070e+02 5.3959997559e+02 5.3960101318e+02 5.3960198975e+02 5.3960198975e+02
5.3977899170e+02 5.3978198242e+02 5.3977301025e+02 5.3977899170e+02 5.3980603027e+02 5.3983898926e+02 5.3986199951e+02 5.3984002686e+02 5.3979998779e+02 5.3976000977e+02 5.3972802734e+02 5.3970001221e+02 5.3970300293e+02 5.3969598389e+02 5.3968701172e+02 5.3969097900e+02 5.3967999268e+02 5.3965698242e+02 5.3964697266e+02 5.3963397217e+02 5.3962597656e+02 5.3962500000e+02 5.3961297607e+02 5.3960198975e+02 5.3959802246e+02 5.3959497070e+02 5.3958697510e+02 5.3958300781e+02 5.3958300781e+02 5.3958801270e+02 5.3960101318e+02 5.3961199951e+02 5.3961798096e+02 5.3961700439e+02 5.3960699463e+02 5.3959497070e+02 5.3958898926e+02 5.3958599854e+02 5.3958502197e+02 5.3958502197e+02 5.3958697510e+02 5.3958898926e+02 5.3959301758e+02 5.3959600830e+02 5.3959600830e+02 5.3959698486e+02
5.3978997803e+02 5.3979699707e+02 5.3979400635e+02 5.3979400635e+02 5.3980700684e+02 5.3982000732e+02 5.3982202148e+02 5.3977197266e+02 5.3974102783e+02 5.3972802734e+02 5.3971301270e+02 5.3969702148e+02 5.3969097900e+02 5.3967602539e+02 5.3966802979e+02 5.3966900635e+02 5.3965698242e+02 5.3964300537e+02 5.3963598633e+02 5.3961700439e+02 5.3961297607e+02 5.3961798096e+02 5.3961199951e+02 5.3959497070e+02 5.3958898926e+02 5.3958599854e+02 5.3958398438e+02 5.3959100342e+02 5.3960302734e+02 5.3961499023e+02 5.3962298584e+02 5.3962200928e+02 5.3962097168e+02 5.3961700439e+02 5.3960400391e+02 5.3959698486e+02 5.3959197998e+02 5.3958801270e+02 5.3958697510e+02 5.3958599854e+02 5.3958398438e+02 5.3958300781e+02 5.3958502197e+02 5.3958898926e+02 5.3958801270e+02 5.3958697510e+02
5.3980999756e+02 5.3981298828e+02 5.3981097412e+02 5.3979699707e+02 5.3978601074e+02 5.3977899170e+02 5.3976000977e+02 5.3972998047e+02 5.3972601318e+02 5.3971997070e+02 5.3969598389e+02 5.3968499756e+02 5.3967700195e+02 5.3966101074e+02 5.3965502930e+02 5.3965899658e+02 5.3965197754e+02 5.3964202881e+02 5.3962799072e+02 5.3961102295e+02 5.3960797119e+02 5.3960998535e+02 5.3959100342e+02 5.3957897949e+02 5.3958099365e+02 5.3958898926e+02 5.3959997559e+02 5.3961297607e+02 5.3962200928e+02 5.3962799072e+02 5.3962701416e+02 5.3961999512e+02 5.3961602783e+02 5.3961199951e+02 5.3960400391e+02 5.3959600830e+02 5.3959301758e+02 5.3958898926e+02 5.3958697510e+02 5.3958697510e+02 5.3958398438e+02 5.3958197021e+02 5.3958398438e+02 5.3958599854e+02 5.3958300781e+02 5.3958099365e+02
5.3982397461e+02 5.3981298828e+02 5.3980603027e+02 5.3978497314e+02 5.3976397705e+02 5.3975097656e+02 5.3973699951e+02 5.3972998047e+02 5.3972698975e+02 5.3971002197e+02 5.3968499756e+02 5.3966998291e+02 5.3966101074e+02 5.3964501953e+02 5.3963897705e+02 5.3964599609e+02 5.3964099121e+02 5.3962902832e+02 5.3961499023e+02 5.3960498047e+02 5.3960101318e+02 5.3959802246e+02 5.3957702637e+02 5.3957702637e+02 5.3959002686e+02 5.3960699463e+02 5.3961999512e+02 5.3962701416e+02 5.3963201904e+02 5.3963500977e+02 5.3962902832e+02 5.3961901855e+02 5.3961499023e+02 5.3961199951e+02 5.3960400391e+02 5.3959698486e+02 5.3959301758e+02 5.3958898926e+02 5.3958801270e+02 5.3958697510e+02 5.3958398438e+02 5.3958197021e+02 5.3958197021e+02 5.3958300781e+02 5.3958001709e+02 5.3957800293e+02
5.3982000732e+02 5.3979302979e+02 5.3977197266e+02 5.3975897217e+02 5.3974597168e+02 5.3973797607e+02 5.3973602295e+02 5.3973297119e+02 5.3972100830e+02 5.3970001221e+02 5.3968499756e+02 5.3966601563e+02 5.3965197754e+02 5.3963500977e+02 5.3963299561e+02 5.3963397217e+02 5.3962298584e+02 5.3961102295e+02 5.3960198975e+02 5.3959197998e+02 5.3958801270e+02 5.3958502197e+02 5.3957299805e+02 5.3958697510e+02 5.3960601807e+02 5.3962799072e+02 5.3963702393e+02 5.3963500977e+02 5.3963702393e+02 5.3963598633e+02 5.3962701416e+02 5.3961700439e+02 5.3961401367e+02 5.3960998535e+02 5.3960400391e+02 5.3959802246e+02 5.3959399414e+02 5.3959002686e+02 5.3958801270e+02 5.3958697510e+02 5.3958398438e+02 5.3958197021e+02 5.3958099365e+02 5.3958001709e+02 5.3957702637e+02 5.3957501221e+02
