TESTSERVER/16/2.asc
NCOLS 100
NROWS 100
XLLCORNER 8.2997500000e+03
YLLCORNER 2.8985025000e+05
CELLSIZE 5.0000000000e-01
NODATA_VALUE -9.9990000000e+03
[rows 20 to 39 of 100, columns 0 to 45 of 100]
7.0484301758e+02 7.0492297363e+02 7.0500500488e+02 7.0515802002e+02 7.0534997559e+02 7.0537097168e+02 7.0538702393e+02 7.0542999268e+02 7.0552502441e+02 7.0562701416e+02 7.0572302246e+02 7.0585302734e+02 7.0597698975e+02 7.0608898926e+02 7.0622100830e+02 7.0635900879e+02 7.0652697754e+02 7.0660601807e+02 7.0666998291e+02 7.0668597412e+02 7.0675799561e+02 7.0681701660e+02 7.0687902832e+02 7.0690197754e+02 7.0691101074e+02 7.0698101807e+02 7.0705902100e+02 7.0708197021e+02 7.0701898193e+02 7.0700897217e+02 7.0698199463e+02 7.0697100830e+02 7.0696600342e+02 7.0697900391e+02 7.0695599365e+02 7.0693597412e+02 7.0692199707e+02 7.0692102051e+02 7.0691101074e+02 7.0692401123e+02 7.0696997070e+02 7.0701000977e+02 7.0707098389e+02 7.0708502197e+02 7.0710699463e+02 7.0713098145e+02
7.0470397949e+02 7.0481298828e+02 7.0489801025e+02 7.0505499268e+02 7.0520800781e+02 7.0521697998e+02 7.0526098633e+02 7.0532098389e+02 7.0540100098e+02 7.0550799561e+02 7.0559600830e+02 7.0571697998e+02 7.0582202148e+02 7.0592700195e+02 7.0606597900e+02 7.0617102051e+02 7.0633001709e+02 7.0646197510e+02 7.0649401855e+02 7.0652801514e+02 7.0661499023e+02 7.0664801025e+02 7.0669702148e+02 7.0677398682e+02 7.0681097412e+02 7.0685900879e+02 7.0688800049e+02 7.0688897705e+02 7.0686102295e+02 7.0688500977e+02 7.0689099121e+02 7.0692297363e+02 7.0695098877e+02 7.0695898438e+02 7.0696002197e+02 7.0697198486e+02 7.0697497559e+02 7.0695098877e+02 7.0693499756e+02 7.0694897461e+02 7.0696002197e+02 7.0700097656e+02 7.0703002930e+02 7.0701202393e+02 7.0703399658e+02 7.0702600098e+02
7.0456201172e+02 7.0465197754e+02 7.0472601318e+02 7.0483099365e+02 7.0494598389e+02 7.0501397705e+02 7.0511297607e+02 7.0518902588e+02 7.0523999023e+02 7.0534802246e+02 7.0544897461e+02 7.0554302979e+02 7.0565399170e+02 7.0578900146e+02 7.0589398193e+02 7.0598602295e+02 7.0607000732e+02 7.0617401123e+02 7.0625201416e+02 7.0631402588e+02 7.0636602783e+02 7.0641497803e+02 7.0649401855e+02 7.0659997559e+02 7.0668402100e+02 7.0672698975e+02 7.0674298096e+02 7.0676898193e+02 7.0678802490e+02 7.0682397461e+02 7.0684698486e+02 7.0689300537e+02 7.0692102051e+02 7.0695001221e+02 7.0696002197e+02 7.0696697998e+02 7.0696301270e+02 7.0692999268e+02 7.0691998291e+02 7.0692700195e+02 7.0691699219e+02 7.0693103027e+02 7.0694799805e+02 7.0695001221e+02 7.0695800781e+02 7.0693103027e+02
7.0451300049e+02 7.0455798340e+02 7.0460699463e+02 7.0465802002e+02 7.0473400879e+02 7.0483197021e+02 7.0493902588e+02 7.0500598145e+02 7.0505297852e+02 7.0515997314e+02 7.0525701904e+02 7.0533099365e+02 7.0541802979e+02 7.0553997803e+02 7.0561602783e+02 7.0571502686e+02 7.0580499268e+02 7.0588598633e+02 7.0599499512e+02 7.0608197021e+02 7.0615997314e+02 7.0626098633e+02 7.0636401367e+02 7.0645098877e+02 7.0653302002e+02 7.0660302734e+02 7.0662200928e+02 7.0665600586e+02 7.0670697021e+02 7.0675201416e+02 7.0679400635e+02 7.0682598877e+02 7.0684002686e+02 7.0685101318e+02 7.0689398193e+02 7.0691802979e+02 7.0692498779e+02 7.0691998291e+02 7.0693701172e+02 7.0694396973e+02 7.0692401123e+02 7.0689300537e+02 7.0689697266e+02 7.0690899658e+02 7.0688800049e+02 7.0687097168e+02
7.0447302246e+02 7.0451000977e+02 7.0457202148e+02 7.0461901855e+02 7.0466400146e+02 7.0471899414e+02 7.0479498291e+02 7.0485601807e+02 7.0490002441e+02 7.0500799561e+02 7.0509497070e+02 7.0518200684e+02 7.0522497559e+02 7.0533001709e+02 7.0541601563e+02 7.0553497314e+02 7.0566302490e+02 7.0575500488e+02 7.0588500977e+02 7.0600299072e+02 7.0616198730e+02 7.0623400879e+02 7.0629901123e+02 7.0635198975e+02 7.0638500977e+02 7.0644097900e+02 7.0645697021e+02 7.0650000000e+02 7.0659197998e+02 7.0669799805e+02 7.0677001953e+02 7.0680798340e+02 7.0684100342e+02 7.0685198975e+02 7.0689398193e+02 7.0695202637e+02 7.0698901367e+02 7.0697802734e+02 7.0699902344e+02 7.0698498535e+02 7.0693798828e+02 7.0688299561e+02 7.0685198975e+02 7.0680603027e+02 7.0671801758e+02 7.0673602295e+02
7.0433099365e+02 7.0438397217e+02 7.0445098877e+02 7.0450799561e+02 7.0458001709e+02 7.0466101074e+02 7.0473498535e+02 7.0480603027e+02 7.0487902832e+02 7.0496502686e+02 7.0503997803e+02 7.0515100098e+02 7.0523797607e+02 7.0535998535e+02 7.0542999268e+02 7.0552801514e+02 7.0566400146e+02 7.0575201416e+02 7.0583599854e+02 7.0592797852e+02 7.0606402588e+02 7.0613500977e+02 7.0619299316e+02 7.0626300049e+02 7.0628198242e+02 7.0630798340e+02 7.0638800049e+02 7.0648199463e+02 7.0657397461e+02 7.0665997314e+02 7.0673199463e+02 7.0679998779e+02 7.0687500000e+02 7.0690600586e+02 7.0689801025e+02 7.0694299316e+02 7.0697399902e+02 7.0694702148e+02 7.0694201660e+02 7.0692700195e+02 7.0690002441e+02 7.0682202148e+02 7.0670001221e+02 7.0663500977e+02 7.0658697510e+02 7.0654199219e+02
7.0422399902e+02 7.0427001953e+02 7.0431500244e+02 7.0437097168e+02 7.0443798828e+02 7.0454400635e+02 7.0462902832e+02 7.0471099854e+02 7.0480200195e+02 7.0492102051e+02 7.0500000000e+02 7.0510900879e+02 7.0522399902e+02 7.0531799316e+02 7.0537799072e+02 7.0546002197e+02 7.0556500244e+02 7.0564099121e+02 7.0572100830e+02 7.0579998779e+02 7.0588897705e+02 7.0598101807e+02 7.0611602783e+02 7.0623699951e+02 7.0628900146e+02 7.0635498047e+02 7.0641802979e+02 7.0646801758e+02 7.0648999023e+02 7.0651501465e+02 7.0656896973e+02 7.0665100098e+02 7.0675299072e+02 7.0677600098e+02 7.0679101563e+02 7.0684497070e+02 7.0687402344e+02 7.0685198975e+02 7.0683300781e+02 7.0679998779e+02 7.0672497559e+02 7.0665002441e+02 7.0653198242e+02 7.0646398926e+02 7.0643402100e+02 7.0639697266e+02
7.0409997559e+02 7.0415997314e+02 7.0420098877e+02 7.0425598145e+02 7.0431201172e+02 7.0441699219e+02 7.0449798584e+02 7.0458099365e+02 7.0467498779e+02 7.0481201172e+02 7.0490002441e+02 7.0498199463e+02 7.0511297607e+02 7.0518798828e+02 7.0525000000e+02 7.0532000732e+02 7.0542199707e+02 7.0555102539e+02 7.0567498779e+02 7.0578497314e+02 7.0585498047e+02 7.0599902344e+02 7.0612799072e+02 7.0620001221e+02 7.0619702148e+02 7.0625701904e+02 7.0625500488e+02 7.0622900391e+02 7.0626702881e+02 7.0631500244e+02 7.0639501953e+02 7.0648400879e+02 7.0656201172e+02 7.0662200928e+02 7.0667797852e+02 7.0671197510e+02 7.0671801758e+02 7.0668103027e+02 7.0665899658e+02 7.0662402344e+02 7.0653002930e+02 7.0645599365e+02 7.0636901855e+02 7.0632000732e+02 7.0628698730e+02 7.0630902100e+02
7.0396398926e+02 7.0405499268e+02 7.0409698486e+02 7.0414801025e+02 7.0423297119e+02 7.0431701660e+02 7.0440301514e+02 7.0450097656e+02 7.0460400391e+02 7.0473400879e+02 7.0486999512e+02 7.0496899414e+02 7.0507202148e+02 7.0518701172e+02 7.0526000977e+02 7.0528900146e+02 7.0538800049e+02 7.0553002930e+02 7.0561901855e+02 7.0572198486e+02 7.0573699951e+02 7.0584497070e+02 7.0586700439e+02 7.0584301758e+02 7.0586999512e+02 7.0598999023e+02 7.0606701660e+02 7.0604699707e+02 7.0607598877e+02 7.0615197754e+02 7.0626098633e+02 7.0635302734e+02 7.0640100098e+02 7.0650201416e+02 7.0656597900e+02 7.0656402588e+02 7.0660601807e+02 7.0655401611e+02 7.0649597168e+02 7.0643701172e+02 7.0633697510e+02 7.0628302002e+02 7.0620800781e+02 7.0617102051e+02 7.0614801025e+02 7.0619799805e+02
7.0382397461e+02 7.0389697266e+02 7.0394000244e+02 7.0401202393e+02 7.0410498047e+02 7.0418798828e+02 7.0427197266e+02 7.0438500977e+02 7.0449798584e+02 7.0463098145e+02 7.0479998779e+02 7.0494000244e+02 7.0503802490e+02 7.0518200684e+02 7.0526898193e+02 7.0527197266e+02 7.0528698730e+02 7.0534002686e+02 7.0541998291e+02 7.0557501221e+02 7.0563000488e+02 7.0564599609e+02 7.0564801025e+02 7.0564001465e+02 7.0566699219e+02 7.0578601074e+02 7.0586602783e+02 7.0587402344e+02 7.0595098877e+02 7.0600402832e+02 7.0614001465e+02 7.0622601318e+02 7.0628302002e+02 7.0632501221e+02 7.0637701416e+02 7.0639599609e+02 7.0638397217e+02 7.0639801025e+02 7.0634698486e+02 7.0627398682e+02 7.0624200439e+02 7.0621398926e+02 7.0619097900e+02 7.0618200684e+02 7.0615899658e+02 7.0614398193e+02
7.0366302490e+02 7.0372302246e+02 7.0379199219e+02 7.0388000488e+02 7.0396502686e+02 7.0403900146e+02 7.0415197754e+02 7.0429101563e+02 7.0442602539e+02 7.0456402588e+02 7.0474700928e+02 7.0492602539e+02 7.0505297852e+02 7.0519598389e+02 7.0528497314e+02 7.0529199219e+02 7.0526501465e+02 7.0524597168e+02 7.0530297852e+02 7.0543298340e+02 7.0553698730e+02 7.0544598389e+02 7.0541802979e+02 7.0546301270e+02 7.0550097656e+02 7.0561901855e+02 7.0566802979e+02 7.0569396973e+02 7.0577398682e+02 7.0581896973e+02 7.0595001221e+02 7.0605700684e+02 7.0615197754e+02 7.0616601563e+02 7.0622601318e+02 7.0627502441e+02 7.0620397949e+02 7.0625201416e+02 7.0619702148e+02 7.0613098145e+02 7.0620501709e+02 7.0627099609e+02 7.0625897217e+02 7.0623602295e+02 7.0618798828e+02 7.0613702393e+02
7.0352502441e+02 7.0358502197e+02 7.0367199707e+02 7.0375598145e+02 7.0381500244e+02 7.0390301514e+02 7.0405200195e+02 7.0421502686e+02 7.0437097168e+02 7.0453802490e+02 7.0474200439e+02 7.0492297363e+02 7.0499700928e+02 7.0509197998e+02 7.0519000244e+02 7.0525299072e+02 7.0528002930e+02 7.0528100586e+02 7.0528002930e+02 7.0529101563e+02 7.0534802246e+02 7.0527301025e+02 7.0526397705e+02 7.0529901123e+02 7.0531500244e+02 7.0545501709e+02 7.0550201416e+02 7.0554199219e+02 7.0561297607e+02 7.0567797852e+02 7.0579400635e+02 7.0590100098e+02 7.0597802734e+02 7.0602600098e+02 7.0604302979e+02 7.0608398438e+02 7.0609698486e+02 7.0613702393e+02 7.0608398438e+02 7.0610101318e+02 7.0624499512e+02 7.0634100342e+02 7.0629400635e+02 7.0623498535e+02 7.0615899658e+02 7.0611700439e+02
7.0338598633e+02 7.0344396973e+02 7.0353497314e+02 7.0360601807e+02 7.0364300537e+02 7.0376800537e+02 7.0392700195e+02 7.0409100342e+02 7.0428302002e+02 7.0448199463e+02 7.0471997070e+02 7.0488397217e+02 7.0487701416e+02 7.0482598877e+02 7.0489697266e+02 7.0501000977e+02 7.0516302490e+02 7.0529901123e+02 7.0532098389e+02 7.0528100586e+02 7.0523297119e+02 7.0523797607e+02 7.0528497314e+02 7.0524499512e+02 7.0520501709e+02 7.0529602051e+02 7.0536297607e+02 7.0539697266e+02 7.0544702148e+02 7.0553002930e+02 7.0561499023e+02 7.0569799805e+02 7.0571301270e+02 7.0577301025e+02 7.0581597900e+02 7.0590997314e+02 7.0599798584e+02 7.0599401855e+02 7.0598699951e+02 7.0611901855e+02 7.0626000977e+02 7.0627502441e+02 7.0621502686e+02 7.0618200684e+02 7.0613098145e+02 7.0605798340e+02
7.0327801514e+02 7.0331597900e+02 7.0339501953e+02 7.0345300293e+02 7.0353802490e+02 7.0367797852e+02 7.0383099365e+02 7.0403601074e+02 7.0429998779e+02 7.0453399658e+02 7.0465899658e+02 7.0467297363e+02 7.0455700684e+02 7.0450799561e+02 7.0457800293e+02 7.0467999268e+02 7.0482397461e+02 7.0503601074e+02 7.0517797852e+02 7.0521502686e+02 7.0513500977e+02 7.0513000488e+02 7.0518902588e+02 7.0515502930e+02 7.0515399170e+02 7.0517297363e+02 7.0523797607e+02 7.0524798584e+02 7.0525000000e+02 7.0531701660e+02 7.0545202637e+02 7.0558599854e+02 7.0555603027e+02 7.0551599121e+02 7.0560498047e+02 7.0573797607e+02 7.0582397461e+02 7.0586700439e+02 7.0596099854e+02 7.0609698486e+02 7.0620098877e+02 7.0622100830e+02 7.0614599609e+02 7.0607598877e+02 7.0596301270e+02 7.0588000488e+02
7.0317102051e+02 7.0320300293e+02 7.0327697754e+02 7.0334802246e+02 7.0343798828e+02 7.0357598877e+02 7.0375097656e+02 7.0401898193e+02 7.0430499268e+02 7.0448400879e+02 7.0445001221e+02 7.0439001465e+02 7.0430102539e+02 7.0427398682e+02 7.0436602783e+02 7.0444201660e+02 7.0446301270e+02 7.0463299561e+02 7.0494598389e+02 7.0514099121e+02 7.0509301758e+02 7.0503100586e+02 7.0507000732e+02 7.0507598877e+02 7.0508599854e+02 7.0504901123e+02 7.0505297852e+02 7.0504101563e+02 7.0505499268e+02 7.0512402344e+02 7.0524102783e+02 7.0535302734e+02 7.0536999512e+02 7.0534002686e+02 7.0546002197e+02 7.0563897705e+02 7.0569799805e+02 7.0579400635e+02 7.0591802979e+02 7.0596099854e+02 7.0597198486e+02 7.0597399902e+02 7.0598901367e+02 7.0599902344e+02 7.0590698242e+02 7.0579602051e+02
7.0308599854e+02 7.0311102295e+02 7.0317700195e+02 7.0324499512e+02 7.0330999756e+02 7.0342602539e+02 7.0364801025e+02 7.0396197510e+02 7.0426000977e+02 7.0431402588e+02 7.0419702148e+02 7.0423999023e+02 7.0427398682e+02 7.0424298096e+02 7.0428399658e+02 7.0429101563e+02 7.0419500732e+02 7.0432299805e+02 7.0475799561e+02 7.0507702637e+02 7.0509997559e+02 7.0501599121e+02 7.0498498535e+02 7.0496197510e+02 7.0494299316e+02 7.0489898682e+02 7.0486798096e+02 7.0485699463e+02 7.0491101074e+02 7.0499700928e+02 7.0509002686e+02 7.0518902588e+02 7.0524597168e+02 7.0527600098e+02 7.0536102295e+02 7.0553802490e+02 7.0552502441e+02 7.0560900879e+02 7.0571997070e+02 7.0573797607e+02 7.0581597900e+02 7.0576898193e+02 7.0577600098e+02 7.0578399658e+02 7.0573999023e+02 7.0567999268e+02
7.0303100586e+02 7.0303100586e+02 7.0307098389e+02 7.0312799072e+02 7.0320098877e+02 7.0331701660e+02 7.0358099365e+02 7.0388598633e+02 7.0416400146e+02 7.0418499756e+02 7.0406201172e+02 7.0415502930e+02 7.0423400879e+02 7.0420501709e+02 7.0418597412e+02 7.0417901611e+02 7.0408099365e+02 7.0413000488e+02 7.0451898193e+02 7.0487500000e+02 7.0494702148e+02 7.0495697021e+02 7.0487500000e+02 7.0481701660e+02 7.0481701660e+02 7.0475897217e+02 7.0468499756e+02 7.0470800781e+02 7.0481298828e+02 7.0487097168e+02 7.0497100830e+02 7.0512902832e+02 7.0519201660e+02 7.0516699219e+02 7.0515100098e+02 7.0522900391e+02 7.0522399902e+02 7.0535601807e+02 7.0548602295e+02 7.0557202148e+02 7.0572399902e+02 7.0568402100e+02 7.0561700439e+02 7.0550097656e+02 7.0546600342e+02 7.0543499756e+02
7.0298101807e+02 7.0295098877e+02 7.0297900391e+02 7.0305200195e+02 7.0311901855e+02 7.0321600342e+02 7.0355798340e+02 7.0383599854e+02 7.0392401123e+02 7.0403100586e+02 7.0396099854e+02 7.0401000977e+02 7.0405603027e+02 7.0400701904e+02 7.0398101807e+02 7.0406402588e+02 7.0403997803e+02 7.0406597900e+02 7.0434497070e+02 7.0466699219e+02 7.0478802490e+02 7.0483398438e+02 7.0477398682e+02 7.0472802734e+02 7.0470098877e+02 7.0462298584e+02 7.0454302979e+02 7.0458300781e+02 7.0465399170e+02 7.0474499512e+02 7.0483697510e+02 7.0497601318e+02 7.0507098389e+02 7.0505297852e+02 7.0499298096e+02 7.0500500488e+02 7.0508001709e+02 7.0520397949e+02 7.0525201416e+02 7.0529302979e+02 7.0541802979e+02 7.0566497803e+02 7.0567999268e+02 7.0542297363e+02 7.0529498291e+02 7.0524597168e+02
7.0289801025e+02 7.0284100342e+02 7.0288500977e+02 7.0297497559e+02 7.0302600098e+02 7.0312902832e+02 7.0348999023e+02 7.0373400879e+02 7.0375500488e+02 7.0389501953e+02 7.0386297607e+02 7.0390002441e+02 7.0396197510e+02 7.0395300293e+02 7.0390997314e+02 7.0394799805e+02 7.0396697998e+02 7.0406201172e+02 7.0430902100e+02 7.0456298828e+02 7.0467401123e+02 7.0470501709e+02 7.0464099121e+02 7.0459802246e+02 7.0457299805e+02 7.0453100586e+02 7.0449499512e+02 7.0455700684e+02 7.0462799072e+02 7.0472698975e+02 7.0481896973e+02 7.0488800049e+02 7.0489898682e+02 7.0490002441e+02 7.0498999023e+02 7.0502099609e+02 7.0496301270e+02 7.0500402832e+02 7.0503497314e+02 7.0507202148e+02 7.0515600586e+02 7.0535400391e+02 7.0537799072e+02 7.0519396973e+02 7.0512298584e+02 7.0508898926e+02
7.0282897949e+02 7.0276202393e+02 7.0280200195e+02 7.0285998535e+02 7.0288201904e+02 7.0300799561e+02 7.0334301758e+02 7.0355297852e+02 7.0364599609e+02 7.0372998047e+02 7.0367199707e+02 7.0371801758e+02 7.0387799072e+02 7.0395599365e+02 7.0390802002e+02 7.0386999512e+02 7.0386499023e+02 7.0398999023e+02 7.0432397461e+02 7.0453100586e+02 7.0451300049e+02 7.0458099365e+02 7.0452600098e+02 7.0445098877e+02 7.0445098877e+02 7.0448297119e+02 7.0450598145e+02 7.0457000732e+02 7.0462097168e+02 7.0471197510e+02 7.0483300781e+02 7.0491699219e+02 7.0495697021e+02 7.0492199707e+02 7.0506097412e+02 7.0509802246e+02 7.0487701416e+02 7.0484802246e+02 7.0487097168e+02 7.0489099121e+02 7.0494396973e+02 7.0496600342e+02 7.0495898438e+02 7.0491998291e+02 7.0493798828e+02 7.0490301514e+02
