TESTSERVER/16/2.asc
NCOLS 100
NROWS 100
XLLCORNER 8.2997500000e+03
YLLCORNER 2.8985025000e+05
CELLSIZE 5.0000000000e-01
NODATA_VALUE -9.9990000000e+03
[rows 60 to 79 of 100, columns 0 to 45 of 100]
7.0166198730e+02 7.0151397705e+02 7.0146899414e+02 7.0147698975e+02 7.0144897461e+02 7.0128997803e+02 7.0113897705e+02 7.0106597900e+02 7.0105297852e+02 7.0104797363e+02 7.0107000732e+02 7.0107501221e+02 7.0101898193e+02 7.0101300049e+02 7.0101202393e+02 7.0099700928e+02 7.0101300049e+02 7.0101800537e+02 7.0103399658e+02 7.0105499268e+02 7.0106201172e+02 7.0109802246e+02 7.0113098145e+02 7.0114398193e+02 7.0116302490e+02 7.0121502686e+02 7.0127099609e+02 7.0132897949e+02 7.0136297607e+02 7.0145898438e+02 7.0154797363e+02 7.0162298584e+02 7.0169702148e+02 7.0178399658e+02 7.0187799072e+02 7.0198297119e+02 7.0208599854e+02 7.0214801025e+02 7.0222198486e+02 7.0229699707e+02 7.0237200928e+02 7.0243402100e+02 7.0248602295e+02 7.0252801514e+02 7.0256298828e+02 7.0261102295e+02
7.0163299561e+02 7.0154998779e+02 7.0151000977e+02 7.0147900391e+02 7.0137597656e+02 7.0122198486e+02 7.0110498047e+02 7.0106597900e+02 7.0105200195e+02 7.0104199219e+02 7.0104498291e+02 7.0104101563e+02 7.0101098633e+02 7.0099499512e+02 7.0098498535e+02 7.0097302246e+02 7.0098297119e+02 7.0097100830e+02 7.0097698975e+02 7.0099401855e+02 7.0099798584e+02 7.0101800537e+02 7.0105102539e+02 7.0105999756e+02 7.0108300781e+02 7.0112799072e+02 7.0116302490e+02 7.0121801758e+02 7.0128100586e+02 7.0135797119e+02 7.0142700195e+02 7.0149700928e+02 7.0159399414e+02 7.0166900635e+02 7.0176000977e+02 7.0183898926e+02 7.0193402100e+02 7.0202697754e+02 7.0211401367e+02 7.0217797852e+02 7.0221997070e+02 7.0228802490e+02 7.0234698486e+02 7.0238702393e+02 7.0242297363e+02 7.0246301270e+02
7.0162597656e+02 7.0157299805e+02 7.0153399658e+02 7.0146398926e+02 7.0129901123e+02 7.0115802002e+02 7.0106597900e+02 7.0103997803e+02 7.0102899170e+02 7.0102801514e+02 7.0102697754e+02 7.0102301025e+02 7.0100299072e+02 7.0098400879e+02 7.0096002197e+02 7.0095001221e+02 7.0096197510e+02 7.0095001221e+02 7.0094500732e+02 7.0094799805e+02 7.0094500732e+02 7.0095098877e+02 7.0097802734e+02 7.0098498535e+02 7.0101800537e+02 7.0105700684e+02 7.0107598877e+02 7.0112597656e+02 7.0118798828e+02 7.0124700928e+02 7.0131298828e+02 7.0138397217e+02 7.0146997070e+02 7.0154901123e+02 7.0163800049e+02 7.0170898438e+02 7.0179797363e+02 7.0188299561e+02 7.0196600342e+02 7.0203601074e+02 7.0208398438e+02 7.0215197754e+02 7.0221801758e+02 7.0226800537e+02 7.0229998779e+02 7.0232397461e+02
7.0163702393e+02 7.0155902100e+02 7.0150598145e+02 7.0141699219e+02 7.0125701904e+02 7.0112097168e+02 7.0102697754e+02 7.0099902344e+02 7.0101000977e+02 7.0100897217e+02 7.0100701904e+02 7.0099798584e+02 7.0096899414e+02 7.0096099854e+02 7.0093798828e+02 7.0092797852e+02 7.0092602539e+02 7.0090600586e+02 7.0089202881e+02 7.0089398193e+02 7.0088299561e+02 7.0089697266e+02 7.0092199707e+02 7.0093103027e+02 7.0096697998e+02 7.0099200439e+02 7.0100299072e+02 7.0104400635e+02 7.0109997559e+02 7.0115600586e+02 7.0121801758e+02 7.0129602051e+02 7.0136199951e+02 7.0144396973e+02 7.0152301025e+02 7.0158898926e+02 7.0167498779e+02 7.0175701904e+02 7.0183197021e+02 7.0191101074e+02 7.0197399902e+02 7.0202600098e+02 7.0208099365e+02 7.0213000488e+02 7.0215899658e+02 7.0219201660e+02
7.0164099121e+02 7.0152197266e+02 7.0144000244e+02 7.0134399414e+02 7.0122698975e+02 7.0110900879e+02 7.0100299072e+02 7.0097497559e+02 7.0100500488e+02 7.0099597168e+02 7.0098602295e+02 7.0097601318e+02 7.0096002197e+02 7.0094598389e+02 7.0091900635e+02 7.0088897705e+02 7.0086798096e+02 7.0086401367e+02 7.0085302734e+02 7.0084600830e+02 7.0084399414e+02 7.0086499023e+02 7.0089202881e+02 7.0090502930e+02 7.0092901611e+02 7.0094299316e+02 7.0095800781e+02 7.0099597168e+02 7.0103399658e+02 7.0109002686e+02 7.0115197754e+02 7.0122198486e+02 7.0126397705e+02 7.0135998535e+02 7.0143499756e+02 7.0148602295e+02 7.0154901123e+02 7.0162298584e+02 7.0170001221e+02 7.0178100586e+02 7.0184802246e+02 7.0191198730e+02 7.0196398926e+02 7.0200402832e+02 7.0202301025e+02 7.0206896973e+02
7.0159997559e+02 7.0151098633e+02 7.0137402344e+02 7.0127197266e+02 7.0118597412e+02 7.0106701660e+02 7.0098101807e+02 7.0096502686e+02 7.0096099854e+02 7.0096600342e+02 7.0097100830e+02 7.0096697998e+02 7.0094097900e+02 7.0091497803e+02 7.0089697266e+02 7.0087298584e+02 7.0085498047e+02 7.0082702637e+02 7.0081298828e+02 7.0082098389e+02 7.0081500244e+02 7.0082702637e+02 7.0085900879e+02 7.0087701416e+02 7.0088702393e+02 7.0090399170e+02 7.0092102051e+02 7.0095501709e+02 7.0097698975e+02 7.0103198242e+02 7.0110101318e+02 7.0116699219e+02 7.0121899414e+02 7.0127899170e+02 7.0133197021e+02 7.0137902832e+02 7.0144201660e+02 7.0152398682e+02 7.0160900879e+02 7.0169097900e+02 7.0174902344e+02 7.0181097412e+02 7.0186102295e+02 7.0191699219e+02 7.0194097900e+02 7.0196301270e+02
7.0156298828e+02 7.0147302246e+02 7.0132702637e+02 7.0123797607e+02 7.0113897705e+02 7.0101599121e+02 7.0095001221e+02 7.0093902588e+02 7.0092498779e+02 7.0094396973e+02 7.0095898438e+02 7.0095397949e+02 7.0093200684e+02 7.0089801025e+02 7.0086901855e+02 7.0083502197e+02 7.0082501221e+02 7.0080297852e+02 7.0079302979e+02 7.0079699707e+02 7.0078002930e+02 7.0078601074e+02 7.0082897949e+02 7.0084301758e+02 7.0084600830e+02 7.0087402344e+02 7.0089202881e+02 7.0091900635e+02 7.0093200684e+02 7.0098901367e+02 7.0105401611e+02 7.0110400391e+02 7.0115197754e+02 7.0120800781e+02 7.0125701904e+02 7.0129901123e+02 7.0135900879e+02 7.0142498779e+02 7.0149298096e+02 7.0158001709e+02 7.0165100098e+02 7.0171197510e+02 7.0175500488e+02 7.0180200195e+02 7.0184002686e+02 7.0186499023e+02
7.0151000977e+02 7.0142602539e+02 7.0130603027e+02 7.0122198486e+02 7.0109301758e+02 7.0097302246e+02 7.0089898682e+02 7.0087902832e+02 7.0087902832e+02 7.0090698242e+02 7.0093597412e+02 7.0092999268e+02 7.0090698242e+02 7.0088702393e+02 7.0084698486e+02 7.0080499268e+02 7.0079199219e+02 7.0077600098e+02 7.0076501465e+02 7.0077001953e+02 7.0076098633e+02 7.0076098633e+02 7.0080700684e+02 7.0081896973e+02 7.0082000732e+02 7.0084002686e+02 7.0084600830e+02 7.0086999512e+02 7.0089898682e+02 7.0095001221e+02 7.0100201416e+02 7.0105102539e+02 7.0108001709e+02 7.0114099121e+02 7.0119500732e+02 7.0124102783e+02 7.0129400635e+02 7.0133398438e+02 7.0140100098e+02 7.0149200439e+02 7.0155102539e+02 7.0160900879e+02 7.0165600586e+02 7.0169702148e+02 7.0174298096e+02 7.0177801514e+02
7.0146301270e+02 7.0137402344e+02 7.0128997803e+02 7.0120300293e+02 7.0107501221e+02 7.0094097900e+02 7.0085601807e+02 7.0083599854e+02 7.0085101318e+02 7.0087500000e+02 7.0090197754e+02 7.0089202881e+02 7.0086199951e+02 7.0085198975e+02 7.0081500244e+02 7.0078900146e+02 7.0076599121e+02 7.0075500488e+02 7.0073400879e+02 7.0073797607e+02 7.0073797607e+02 7.0074401855e+02 7.0077502441e+02 7.0079302979e+02 7.0079101563e+02 7.0079901123e+02 7.0081298828e+02 7.0084899902e+02 7.0088397217e+02 7.0091302490e+02 7.0094299316e+02 7.0099798584e+02 7.0102899170e+02 7.0107598877e+02 7.0112097168e+02 7.0116998291e+02 7.0122601318e+02 7.0124798584e+02 7.0132598877e+02 7.0141900635e+02 7.0147802734e+02 7.0152502441e+02 7.0156799316e+02 7.0160101318e+02 7.0163201904e+02 7.0167401123e+02
7.0142297363e+02 7.0132202148e+02 7.0125598145e+02 7.0117700195e+02 7.0103698730e+02 7.0091900635e+02 7.0083197021e+02 7.0081500244e+02 7.0083502197e+02 7.0086297607e+02 7.0088299561e+02 7.0087402344e+02 7.0085198975e+02 7.0081597900e+02 7.0077600098e+02 7.0075897217e+02 7.0075000000e+02 7.0072900391e+02 7.0072100830e+02 7.0071697998e+02 7.0070397949e+02 7.0072302246e+02 7.0074499512e+02 7.0075598145e+02 7.0075897217e+02 7.0077502441e+02 7.0078900146e+02 7.0081896973e+02 7.0084497070e+02 7.0087097168e+02 7.0089898682e+02 7.0094396973e+02 7.0097998047e+02 7.0102398682e+02 7.0105700684e+02 7.0110101318e+02 7.0117199707e+02 7.0119000244e+02 7.0125402832e+02 7.0132202148e+02 7.0135699463e+02 7.0142102051e+02 7.0147698975e+02 7.0151702881e+02 7.0154797363e+02 7.0159399414e+02
7.0135998535e+02 7.0128900146e+02 7.0123901367e+02 7.0116497803e+02 7.0101800537e+02 7.0090100098e+02 7.0081298828e+02 7.0079998779e+02 7.0082800293e+02 7.0084301758e+02 7.0086199951e+02 7.0086199951e+02 7.0083697510e+02 7.0080603027e+02 7.0076501465e+02 7.0072698975e+02 7.0071801758e+02 7.0070202637e+02 7.0069299316e+02 7.0068402100e+02 7.0068402100e+02 7.0070599365e+02 7.0070800781e+02 7.0071801758e+02 7.0072900391e+02 7.0074798584e+02 7.0076000977e+02 7.0079998779e+02 7.0082897949e+02 7.0084399414e+02 7.0087500000e+02 7.0090002441e+02 7.0093499756e+02 7.0097100830e+02 7.0100299072e+02 7.0104498291e+02 7.0110797119e+02 7.0113000488e+02 7.0118499756e+02 7.0123400879e+02 7.0127099609e+02 7.0132397461e+02 7.0137200928e+02 7.0142401123e+02 7.0146398926e+02 7.0150500488e+02
7.0131701660e+02 7.0123797607e+02 7.0118402100e+02 7.0110797119e+02 7.0097998047e+02 7.0085797119e+02 7.0078601074e+02 7.0078997803e+02 7.0082897949e+02 7.0084399414e+02 7.0085797119e+02 7.0085900879e+02 7.0082299805e+02 7.0078997803e+02 7.0073901367e+02 7.0070300293e+02 7.0069201660e+02 7.0067700195e+02 7.0065899658e+02 7.0065899658e+02 7.0067297363e+02 7.0068597412e+02 7.0068402100e+02 7.0069500732e+02 7.0070397949e+02 7.0070898438e+02 7.0072100830e+02 7.0076800537e+02 7.0079699707e+02 7.0080902100e+02 7.0083697510e+02 7.0085998535e+02 7.0089697266e+02 7.0092199707e+02 7.0095397949e+02 7.0099401855e+02 7.0104602051e+02 7.0105499268e+02 7.0109698486e+02 7.0115399170e+02 7.0120501709e+02 7.0124298096e+02 7.0127899170e+02 7.0134197998e+02 7.0139202881e+02 7.0141900635e+02
7.0132598877e+02 7.0123297119e+02 7.0113800049e+02 7.0103302002e+02 7.0091802979e+02 7.0080999756e+02 7.0075500488e+02 7.0077301025e+02 7.0081402588e+02 7.0083697510e+02 7.0085400391e+02 7.0084301758e+02 7.0078900146e+02 7.0075897217e+02 7.0070800781e+02 7.0069299316e+02 7.0067602539e+02 7.0064697266e+02 7.0062701416e+02 7.0062097168e+02 7.0061499023e+02 7.0063800049e+02 7.0065997314e+02 7.0066101074e+02 7.0066101074e+02 7.0069201660e+02 7.0070397949e+02 7.0072802734e+02 7.0074902344e+02 7.0076898193e+02 7.0079302979e+02 7.0081701660e+02 7.0084497070e+02 7.0088598633e+02 7.0091302490e+02 7.0092700195e+02 7.0097497559e+02 7.0099401855e+02 7.0102801514e+02 7.0107800293e+02 7.0112597656e+02 7.0117498779e+02 7.0121301270e+02 7.0125799561e+02 7.0129302979e+02 7.0134301758e+02
7.0127600098e+02 7.0120501709e+02 7.0110998535e+02 7.0101397705e+02 7.0090197754e+02 7.0080401611e+02 7.0074499512e+02 7.0076599121e+02 7.0079797363e+02 7.0082299805e+02 7.0084997559e+02 7.0083898926e+02 7.0077398682e+02 7.0074200439e+02 7.0070098877e+02 7.0068402100e+02 7.0067102051e+02 7.0064801025e+02 7.0062597656e+02 7.0061199951e+02 7.0059197998e+02 7.0061401367e+02 7.0063397217e+02 7.0063397217e+02 7.0063598633e+02 7.0066699219e+02 7.0068597412e+02 7.0070300293e+02 7.0071801758e+02 7.0074401855e+02 7.0076202393e+02 7.0078802490e+02 7.0081597900e+02 7.0085302734e+02 7.0087200928e+02 7.0087799072e+02 7.0093103027e+02 7.0095599365e+02 7.0097698975e+02 7.0100598145e+02 7.0103302002e+02 7.0109399414e+02 7.0114697266e+02 7.0119097900e+02 7.0123797607e+02 7.0127099609e+02
7.0121997070e+02 7.0114398193e+02 7.0107501221e+02 7.0099902344e+02 7.0088800049e+02 7.0078497314e+02 7.0073699951e+02 7.0075701904e+02 7.0078198242e+02 7.0080401611e+02 7.0081701660e+02 7.0080102539e+02 7.0075500488e+02 7.0073101807e+02 7.0070202637e+02 7.0066802979e+02 7.0065698242e+02 7.0063098145e+02 7.0061297607e+02 7.0059899902e+02 7.0057098389e+02 7.0058801270e+02 7.0060101318e+02 7.0060302734e+02 7.0061499023e+02 7.0063897705e+02 7.0065997314e+02 7.0067797852e+02 7.0069201660e+02 7.0071002197e+02 7.0072601318e+02 7.0074700928e+02 7.0077099609e+02 7.0080102539e+02 7.0082598877e+02 7.0084399414e+02 7.0088299561e+02 7.0090698242e+02 7.0092700195e+02 7.0095397949e+02 7.0097100830e+02 7.0102301025e+02 7.0107501221e+02 7.0111297607e+02 7.0115997314e+02 7.0118499756e+02
7.0121899414e+02 7.0111999512e+02 7.0103601074e+02 7.0094097900e+02 7.0085198975e+02 7.0073901367e+02 7.0069897461e+02 7.0073498535e+02 7.0076599121e+02 7.0079498291e+02 7.0080401611e+02 7.0077600098e+02 7.0073297119e+02 7.0070800781e+02 7.0068103027e+02 7.0064202881e+02 7.0063897705e+02 7.0061297607e+02 7.0060400391e+02 7.0059497070e+02 7.0057598877e+02 7.0058197021e+02 7.0057501221e+02 7.0057000732e+02 7.0059899902e+02 7.0061102295e+02 7.0062402344e+02 7.0063500977e+02 7.0065502930e+02 7.0066699219e+02 7.0068597412e+02 7.0070501709e+02 7.0070898438e+02 7.0073999023e+02 7.0077197266e+02 7.0079797363e+02 7.0082800293e+02 7.0085101318e+02 7.0087298584e+02 7.0090802002e+02 7.0092602539e+02 7.0096002197e+02 7.0100402832e+02 7.0103497314e+02 7.0107598877e+02 7.0109899902e+02
7.0120397949e+02 7.0110900879e+02 7.0100799561e+02 7.0092498779e+02 7.0085601807e+02 7.0072998047e+02 7.0067901611e+02 7.0070898438e+02 7.0075500488e+02 7.0077600098e+02 7.0078100586e+02 7.0075701904e+02 7.0071502686e+02 7.0068902588e+02 7.0065100098e+02 7.0062200928e+02 7.0061999512e+02 7.0060900879e+02 7.0059100342e+02 7.0056597900e+02 7.0055798340e+02 7.0055999756e+02 7.0055902100e+02 7.0056799316e+02 7.0057897949e+02 7.0058398438e+02 7.0059197998e+02 7.0060601807e+02 7.0061602783e+02 7.0062799072e+02 7.0063500977e+02 7.0065698242e+02 7.0065502930e+02 7.0069000244e+02 7.0072601318e+02 7.0074499512e+02 7.0076599121e+02 7.0078399658e+02 7.0081500244e+02 7.0085498047e+02 7.0087597656e+02 7.0091400146e+02 7.0094897461e+02 7.0097497559e+02 7.0101000977e+02 7.0103900146e+02
7.0115899658e+02 7.0107897949e+02 7.0098199463e+02 7.0090100098e+02 7.0080297852e+02 7.0069799805e+02 7.0065802002e+02 7.0068597412e+02 7.0072497559e+02 7.0074700928e+02 7.0076397705e+02 7.0074401855e+02 7.0070397949e+02 7.0068200684e+02 7.0064501953e+02 7.0061102295e+02 7.0059802246e+02 7.0057897949e+02 7.0056500244e+02 7.0055499268e+02 7.0053497314e+02 7.0053802490e+02 7.0054699707e+02 7.0054602051e+02 7.0055902100e+02 7.0057299805e+02 7.0057397461e+02 7.0058898926e+02 7.0060101318e+02 7.0062597656e+02 7.0061798096e+02 7.0061499023e+02 7.0062902832e+02 7.0065301514e+02 7.0069000244e+02 7.0070001221e+02 7.0070800781e+02 7.0073400879e+02 7.0077600098e+02 7.0080999756e+02 7.0081701660e+02 7.0086798096e+02 7.0089099121e+02 7.0092297363e+02 7.0095300293e+02 7.0097601318e+02
7.0113299561e+02 7.0105902100e+02 7.0096099854e+02 7.0086999512e+02 7.0076898193e+02 7.0067401123e+02 7.0063702393e+02 7.0066802979e+02 7.0071398926e+02 7.0073999023e+02 7.0076098633e+02 7.0073699951e+02 7.0069500732e+02 7.0066998291e+02 7.0063000488e+02 7.0059002686e+02 7.0057299805e+02 7.0055798340e+02 7.0055102539e+02 7.0053900146e+02 7.0052099609e+02 7.0052899170e+02 7.0054400635e+02 7.0054199219e+02 7.0054797363e+02 7.0055401611e+02 7.0055902100e+02 7.0056500244e+02 7.0056097412e+02 7.0057897949e+02 7.0058001709e+02 7.0058398438e+02 7.0061401367e+02 7.0062097168e+02 7.0064898682e+02 7.0065399170e+02 7.0066302490e+02 7.0070501709e+02 7.0073699951e+02 7.0076702881e+02 7.0077899170e+02 7.0082397461e+02 7.0082897949e+02 7.0085400391e+02 7.0090502930e+02 7.0093103027e+02
7.0108599854e+02 7.0103698730e+02 7.0093103027e+02 7.0082202148e+02 7.0075000000e+02 7.0064398193e+02 7.0060699463e+02 7.0065301514e+02 7.0069897461e+02 7.0072399902e+02 7.0073602295e+02 7.0070098877e+02 7.0065802002e+02 7.0064599609e+02 7.0060601807e+02 7.0055200195e+02 7.0054302979e+02 7.0053698730e+02 7.0053100586e+02 7.0051501465e+02 7.0050799561e+02 7.0051202393e+02 7.0052398682e+02 7.0052301025e+02 7.0053198242e+02 7.0054101563e+02 7.0054199219e+02 7.0053601074e+02 7.0053698730e+02 7.0054498291e+02 7.0054998779e+02 7.0056402588e+02 7.0058502197e+02 7.0059899902e+02 7.0062597656e+02 7.0062597656e+02 7.0062799072e+02 7.0065802002e+02 7.0067999268e+02 7.0071002197e+02 7.0073498535e+02 7.0077398682e+02 7.0078900146e+02 7.0080902100e+02 7.0084600830e+02 7.0087200928e+02
