TESTSERVER/16/2.asc
NCOLS 100
NROWS 100
XLLCORNER 8.2997500000e+03
YLLCORNER 2.8985025000e+05
CELLSIZE 5.0000000000e-01
NODATA_VALUE -9.9990000000e+03
[rows 60 to 79 of 100, columns 46 to 91 of 100]
7.0262701416e+02 7.0264001465e+02 7.0265002441e+02 7.0264697266e+02 7.0266302490e+02 7.0266198730e+02 7.0265899658e+02 7.0266900635e+02 7.0265502930e+02 7.0263598633e+02 7.0262097168e+02 7.0263201904e+02 7.0262500000e+02 7.0261700439e+02 7.0260900879e+02 7.0260198975e+02 7.0258099365e+02 7.0259002686e+02 7.0262500000e+02 7.0258697510e+02 7.0257098389e+02 7.0258001709e+02 7.0259100342e+02 7.0258502197e+02 7.0257897949e+02 7.0256799316e+02 7.0258801270e+02 7.0259899902e+02 7.0259899902e+02 7.0259301758e+02 7.0259600830e+02 7.0260797119e+02 7.0261102295e+02 7.0262799072e+02 7.0264202881e+02 7.0264697266e+02 7.0265600586e+02 7.0266198730e+02 7.0267297363e+02 7.0269299316e+02 7.0271997070e+02 7.0275201416e+02 7.0277099609e+02 7.0281402588e+02 7.0284197998e+02 7.0287298584e+02
7.0248797607e+02 7.0252502441e+02 7.0252001953e+02 7.0252301025e+02 7.0254602051e+02 7.0256298828e+02 7.0254998779e+02 7.0256597900e+02 7.0255401611e+02 7.0253497314e+02 7.0253302002e+02 7.0254199219e+02 7.0253997803e+02 7.0253601074e+02 7.0252398682e+02 7.0253399658e+02 7.0251800537e+02 7.0250201416e+02 7.0251397705e+02 7.0251098633e+02 7.0251800537e+02 7.0251800537e+02 7.0251300049e+02 7.0252301025e+02 7.0252502441e+02 7.0250799561e+02 7.0251397705e+02 7.0252398682e+02 7.0253198242e+02 7.0253002930e+02 7.0253802490e+02 7.0254797363e+02 7.0256298828e+02 7.0257897949e+02 7.0258898926e+02 7.0259301758e+02 7.0259802246e+02 7.0261102295e+02 7.0262402344e+02 7.0263397217e+02 7.0265399170e+02 7.0268298340e+02 7.0269201660e+02 7.0273199463e+02 7.0275897217e+02 7.0278302002e+02
7.0235498047e+02 7.0239801025e+02 7.0240698242e+02 7.0241302490e+02 7.0243798828e+02 7.0245599365e+02 7.0245202637e+02 7.0248199463e+02 7.0246997070e+02 7.0245800781e+02 7.0245202637e+02 7.0244799805e+02 7.0245098877e+02 7.0245202637e+02 7.0244201660e+02 7.0245501709e+02 7.0245501709e+02 7.0245300293e+02 7.0244396973e+02 7.0243701172e+02 7.0244097900e+02 7.0243798828e+02 7.0242700195e+02 7.0244799805e+02 7.0245599365e+02 7.0244396973e+02 7.0245397949e+02 7.0245501709e+02 7.0245397949e+02 7.0247198486e+02 7.0247998047e+02 7.0248400879e+02 7.0250402832e+02 7.0252502441e+02 7.0252697754e+02 7.0253198242e+02 7.0253900146e+02 7.0254199219e+02 7.0256500244e+02 7.0257000732e+02 7.0258898926e+02 7.0261199951e+02 7.0263299561e+02 7.0266302490e+02 7.0268200684e+02 7.0270501709e+02
7.0222302246e+02 7.0225799561e+02 7.0228698730e+02 7.0229901123e+02 7.0232897949e+02 7.0235498047e+02 7.0237200928e+02 7.0239599609e+02 7.0238598633e+02 7.0238299561e+02 7.0237097168e+02 7.0237597656e+02 7.0237701416e+02 7.0237597656e+02 7.0237200928e+02 7.0238598633e+02 7.0237902832e+02 7.0237500000e+02 7.0236999512e+02 7.0236999512e+02 7.0236999512e+02 7.0237097168e+02 7.0234698486e+02 7.0236999512e+02 7.0238000488e+02 7.0238000488e+02 7.0239398193e+02 7.0238702393e+02 7.0238299561e+02 7.0241101074e+02 7.0240502930e+02 7.0240997314e+02 7.0243402100e+02 7.0245397949e+02 7.0245898438e+02 7.0247100830e+02 7.0247802734e+02 7.0247802734e+02 7.0250402832e+02 7.0250402832e+02 7.0252899170e+02 7.0254998779e+02 7.0257299805e+02 7.0259698486e+02 7.0261297607e+02 7.0264099121e+02
7.0211401367e+02 7.0214801025e+02 7.0218701172e+02 7.0220697021e+02 7.0224700928e+02 7.0228100586e+02 7.0228997803e+02 7.0230798340e+02 7.0229797363e+02 7.0229901123e+02 7.0228399658e+02 7.0229199219e+02 7.0230297852e+02 7.0231298828e+02 7.0229498291e+02 7.0230902100e+02 7.0229901123e+02 7.0228997803e+02 7.0229602051e+02 7.0229400635e+02 7.0229400635e+02 7.0230700684e+02 7.0228497314e+02 7.0228399658e+02 7.0229400635e+02 7.0229901123e+02 7.0232397461e+02 7.0232598877e+02 7.0231799316e+02 7.0233599854e+02 7.0233398438e+02 7.0234802246e+02 7.0236199951e+02 7.0237597656e+02 7.0239801025e+02 7.0241601563e+02 7.0240899658e+02 7.0241601563e+02 7.0243298340e+02 7.0244201660e+02 7.0246697998e+02 7.0247900391e+02 7.0249597168e+02 7.0253698730e+02 7.0256201172e+02 7.0257800293e+02
7.0200598145e+02 7.0204797363e+02 7.0209698486e+02 7.0212799072e+02 7.0216699219e+02 7.0219097900e+02 7.0220300293e+02 7.0221997070e+02 7.0221099854e+02 7.0220898438e+02 7.0219396973e+02 7.0218597412e+02 7.0221197510e+02 7.0223400879e+02 7.0221502686e+02 7.0223999023e+02 7.0223797607e+02 7.0223199463e+02 7.0222100830e+02 7.0222497559e+02 7.0222302246e+02 7.0223602295e+02 7.0222802734e+02 7.0221801758e+02 7.0221899414e+02 7.0222497559e+02 7.0224499512e+02 7.0226397705e+02 7.0225201416e+02 7.0225598145e+02 7.0226397705e+02 7.0227502441e+02 7.0229199219e+02 7.0231701660e+02 7.0233300781e+02 7.0234197998e+02 7.0234197998e+02 7.0236700439e+02 7.0238201904e+02 7.0239001465e+02 7.0240600586e+02 7.0242401123e+02 7.0244500732e+02 7.0246697998e+02 7.0248797607e+02 7.0251202393e+02
7.0190600586e+02 7.0195001221e+02 7.0199102783e+02 7.0201800537e+02 7.0206097412e+02 7.0208898926e+02 7.0212097168e+02 7.0213098145e+02 7.0212799072e+02 7.0213299561e+02 7.0212500000e+02 7.0211798096e+02 7.0213800049e+02 7.0215802002e+02 7.0215100098e+02 7.0216900635e+02 7.0215698242e+02 7.0215002441e+02 7.0214099121e+02 7.0215100098e+02 7.0215197754e+02 7.0215502930e+02 7.0215301514e+02 7.0215997314e+02 7.0215502930e+02 7.0215997314e+02 7.0216400146e+02 7.0218701172e+02 7.0217700195e+02 7.0218499756e+02 7.0219702148e+02 7.0220697021e+02 7.0222198486e+02 7.0224102783e+02 7.0226202393e+02 7.0226800537e+02 7.0227197266e+02 7.0229998779e+02 7.0232397461e+02 7.0233001709e+02 7.0233898926e+02 7.0235998535e+02 7.0238800049e+02 7.0240100098e+02 7.0241497803e+02 7.0245202637e+02
7.0181799316e+02 7.0185699463e+02 7.0188897705e+02 7.0192297363e+02 7.0195800781e+02 7.0198297119e+02 7.0202099609e+02 7.0203497314e+02 7.0205102539e+02 7.0206701660e+02 7.0206298828e+02 7.0205499268e+02 7.0206402588e+02 7.0208099365e+02 7.0208697510e+02 7.0210302734e+02 7.0208398438e+02 7.0208398438e+02 7.0208001709e+02 7.0207299805e+02 7.0208099365e+02 7.0208599854e+02 7.0207000732e+02 7.0207897949e+02 7.0209100342e+02 7.0209997559e+02 7.0209002686e+02 7.0211798096e+02 7.0210498047e+02 7.0210900879e+02 7.0212097168e+02 7.0214398193e+02 7.0215802002e+02 7.0216802979e+02 7.0218902588e+02 7.0220001221e+02 7.0220501709e+02 7.0222601318e+02 7.0225201416e+02 7.0227600098e+02 7.0228997803e+02 7.0230401611e+02 7.0232501221e+02 7.0234899902e+02 7.0236499023e+02 7.0240301514e+02
7.0171997070e+02 7.0175402832e+02 7.0176202393e+02 7.0180999756e+02 7.0186700439e+02 7.0189697266e+02 7.0192199707e+02 7.0194897461e+02 7.0196801758e+02 7.0197698975e+02 7.0198199463e+02 7.0198901367e+02 7.0199401855e+02 7.0199902344e+02 7.0200701904e+02 7.0201098633e+02 7.0200097656e+02 7.0201397705e+02 7.0201702881e+02 7.0200097656e+02 7.0201098633e+02 7.0201300049e+02 7.0200897217e+02 7.0200598145e+02 7.0201300049e+02 7.0200598145e+02 7.0201300049e+02 7.0202899170e+02 7.0202398682e+02 7.0204400635e+02 7.0205999756e+02 7.0207800293e+02 7.0209197998e+02 7.0210900879e+02 7.0212701416e+02 7.0214300537e+02 7.0215899658e+02 7.0216998291e+02 7.0218200684e+02 7.0220397949e+02 7.0222399902e+02 7.0223101807e+02 7.0225000000e+02 7.0229400635e+02 7.0232000732e+02 7.0235198975e+02
7.0164001465e+02 7.0166998291e+02 7.0169097900e+02 7.0174597168e+02 7.0178497314e+02 7.0179797363e+02 7.0182598877e+02 7.0184899902e+02 7.0187200928e+02 7.0188897705e+02 7.0190502930e+02 7.0192700195e+02 7.0192401123e+02 7.0192700195e+02 7.0193402100e+02 7.0194702148e+02 7.0193499756e+02 7.0193499756e+02 7.0193298340e+02 7.0195001221e+02 7.0194097900e+02 7.0194299316e+02 7.0194598389e+02 7.0194500732e+02 7.0195001221e+02 7.0193298340e+02 7.0194598389e+02 7.0196600342e+02 7.0196301270e+02 7.0197198486e+02 7.0197698975e+02 7.0199700928e+02 7.0201898193e+02 7.0203698730e+02 7.0204101563e+02 7.0206097412e+02 7.0207397461e+02 7.0208898926e+02 7.0210797119e+02 7.0212200928e+02 7.0214501953e+02 7.0216101074e+02 7.0219201660e+02 7.0223400879e+02 7.0225201416e+02 7.0228198242e+02
7.0154400635e+02 7.0157299805e+02 7.0160101318e+02 7.0165197754e+02 7.0169299316e+02 7.0171899414e+02 7.0173602295e+02 7.0174700928e+02 7.0178198242e+02 7.0181799316e+02 7.0182397461e+02 7.0184399414e+02 7.0184301758e+02 7.0184600830e+02 7.0184002686e+02 7.0186199951e+02 7.0185998535e+02 7.0185601807e+02 7.0185101318e+02 7.0188598633e+02 7.0187701416e+02 7.0188299561e+02 7.0188201904e+02 7.0188397217e+02 7.0188897705e+02 7.0187402344e+02 7.0188598633e+02 7.0189801025e+02 7.0189898682e+02 7.0190899658e+02 7.0191400146e+02 7.0192498779e+02 7.0194396973e+02 7.0196502686e+02 7.0197698975e+02 7.0198999023e+02 7.0200299072e+02 7.0202301025e+02 7.0204699707e+02 7.0205902100e+02 7.0208697510e+02 7.0210400391e+02 7.0212799072e+02 7.0216699219e+02 7.0218902588e+02 7.0222198486e+02
7.0145300293e+02 7.0148901367e+02 7.0151800537e+02 7.0155401611e+02 7.0159100342e+02 7.0162597656e+02 7.0164398193e+02 7.0166699219e+02 7.0169702148e+02 7.0172900391e+02 7.0175000000e+02 7.0176000977e+02 7.0176000977e+02 7.0176898193e+02 7.0176702881e+02 7.0178198242e+02 7.0178399658e+02 7.0178198242e+02 7.0178802490e+02 7.0181201172e+02 7.0179901123e+02 7.0180902100e+02 7.0180999756e+02 7.0180102539e+02 7.0180798340e+02 7.0180902100e+02 7.0182098389e+02 7.0182397461e+02 7.0182897949e+02 7.0184802246e+02 7.0184997559e+02 7.0185699463e+02 7.0187799072e+02 7.0190197754e+02 7.0191198730e+02 7.0192602539e+02 7.0193902588e+02 7.0196398926e+02 7.0198602295e+02 7.0200201416e+02 7.0203302002e+02 7.0203802490e+02 7.0205200195e+02 7.0209100342e+02 7.0212097168e+02 7.0215301514e+02
7.0138299561e+02 7.0140899658e+02 7.0142102051e+02 7.0145397949e+02 7.0149798584e+02 7.0153900146e+02 7.0155401611e+02 7.0160198975e+02 7.0162200928e+02 7.0163598633e+02 7.0166699219e+02 7.0167297363e+02 7.0168798828e+02 7.0170599365e+02 7.0171801758e+02 7.0172198486e+02 7.0171899414e+02 7.0172100830e+02 7.0173498535e+02 7.0173297119e+02 7.0173797607e+02 7.0175097656e+02 7.0175897217e+02 7.0173797607e+02 7.0173999023e+02 7.0174298096e+02 7.0174102783e+02 7.0174902344e+02 7.0175799561e+02 7.0177899170e+02 7.0178802490e+02 7.0178900146e+02 7.0181201172e+02 7.0184002686e+02 7.0183697510e+02 7.0185302734e+02 7.0185400391e+02 7.0187902832e+02 7.0192199707e+02 7.0194897461e+02 7.0196697998e+02 7.0196099854e+02 7.0197698975e+02 7.0202099609e+02 7.0205499268e+02 7.0209301758e+02
7.0130499268e+02 7.0133502197e+02 7.0135101318e+02 7.0137701416e+02 7.0141302490e+02 7.0144702148e+02 7.0147198486e+02 7.0152197266e+02 7.0153002930e+02 7.0153900146e+02 7.0158197021e+02 7.0159197998e+02 7.0161602783e+02 7.0163598633e+02 7.0163800049e+02 7.0164801025e+02 7.0165502930e+02 7.0166998291e+02 7.0167797852e+02 7.0167102051e+02 7.0168200684e+02 7.0168902588e+02 7.0168402100e+02 7.0167498779e+02 7.0168798828e+02 7.0168701172e+02 7.0168200684e+02 7.0169201660e+02 7.0169598389e+02 7.0171099854e+02 7.0172399902e+02 7.0173498535e+02 7.0173498535e+02 7.0176098633e+02 7.0177697754e+02 7.0179101563e+02 7.0179901123e+02 7.0182202148e+02 7.0185601807e+02 7.0187902832e+02 7.0189599609e+02 7.0189801025e+02 7.0192602539e+02 7.0196899414e+02 7.0199597168e+02 7.0203002930e+02
7.0122601318e+02 7.0126800537e+02 7.0128002930e+02 7.0130297852e+02 7.0133398438e+02 7.0135699463e+02 7.0138098145e+02 7.0143402100e+02 7.0145599365e+02 7.0146398926e+02 7.0149597168e+02 7.0151300049e+02 7.0152502441e+02 7.0154400635e+02 7.0156701660e+02 7.0157598877e+02 7.0158099365e+02 7.0159497070e+02 7.0159802246e+02 7.0160699463e+02 7.0162298584e+02 7.0162597656e+02 7.0161401367e+02 7.0161602783e+02 7.0163800049e+02 7.0162701416e+02 7.0162701416e+02 7.0163397217e+02 7.0163500977e+02 7.0164898682e+02 7.0166400146e+02 7.0166998291e+02 7.0167102051e+02 7.0169097900e+02 7.0170300293e+02 7.0171997070e+02 7.0173297119e+02 7.0175500488e+02 7.0178802490e+02 7.0180499268e+02 7.0182202148e+02 7.0183099365e+02 7.0186102295e+02 7.0190100098e+02 7.0192602539e+02 7.0195599365e+02
7.0114001465e+02 7.0119299316e+02 7.0120599365e+02 7.0123101807e+02 7.0126599121e+02 7.0128802490e+02 7.0130700684e+02 7.0134497070e+02 7.0136999512e+02 7.0139001465e+02 7.0141900635e+02 7.0143798828e+02 7.0145501709e+02 7.0147198486e+02 7.0149798584e+02 7.0151501465e+02 7.0151702881e+02 7.0152197266e+02 7.0152301025e+02 7.0153802490e+02 7.0154302979e+02 7.0155102539e+02 7.0155499268e+02 7.0155401611e+02 7.0156701660e+02 7.0155401611e+02 7.0156799316e+02 7.0158001709e+02 7.0158197021e+02 7.0159399414e+02 7.0159899902e+02 7.0160998535e+02 7.0161700439e+02 7.0163397217e+02 7.0163201904e+02 7.0165600586e+02 7.0166699219e+02 7.0168701172e+02 7.0172900391e+02 7.0173699951e+02 7.0175299072e+02 7.0176501465e+02 7.0179797363e+02 7.0183801270e+02 7.0186297607e+02 7.0189398193e+02
7.0107299805e+02 7.0110699463e+02 7.0111700439e+02 7.0114398193e+02 7.0118499756e+02 7.0121301270e+02 7.0124200439e+02 7.0127301025e+02 7.0128497314e+02 7.0131402588e+02 7.0134698486e+02 7.0136297607e+02 7.0138201904e+02 7.0140100098e+02 7.0141699219e+02 7.0143298340e+02 7.0144500732e+02 7.0144897461e+02 7.0146600342e+02 7.0147399902e+02 7.0147601318e+02 7.0148999023e+02 7.0148297119e+02 7.0148602295e+02 7.0150097656e+02 7.0148901367e+02 7.0147998047e+02 7.0150097656e+02 7.0151501465e+02 7.0153497314e+02 7.0155102539e+02 7.0153900146e+02 7.0155798340e+02 7.0158001709e+02 7.0158300781e+02 7.0159197998e+02 7.0160797119e+02 7.0162701416e+02 7.0165997314e+02 7.0166302490e+02 7.0169097900e+02 7.0171301270e+02 7.0174200439e+02 7.0176898193e+02 7.0178802490e+02 7.0182598877e+02
7.0100402832e+02 7.0104901123e+02 7.0106201172e+02 7.0107202148e+02 7.0110699463e+02 7.0114099121e+02 7.0117498779e+02 7.0122399902e+02 7.0123498535e+02 7.0124700928e+02 7.0125701904e+02 7.0127899170e+02 7.0130603027e+02 7.0132702637e+02 7.0133099365e+02 7.0135101318e+02 7.0136102295e+02 7.0136700439e+02 7.0139001465e+02 7.0139300537e+02 7.0139898682e+02 7.0142498779e+02 7.0141101074e+02 7.0142297363e+02 7.0145098877e+02 7.0143597412e+02 7.0143200684e+02 7.0145599365e+02 7.0144897461e+02 7.0145800781e+02 7.0147601318e+02 7.0147601318e+02 7.0148797607e+02 7.0151800537e+02 7.0153601074e+02 7.0153601074e+02 7.0155603027e+02 7.0156701660e+02 7.0159698486e+02 7.0159997559e+02 7.0163098145e+02 7.0165698242e+02 7.0169500732e+02 7.0170599365e+02 7.0172399902e+02 7.0176397705e+02
7.0093902588e+02 7.0097698975e+02 7.0098999023e+02 7.0100201416e+02 7.0103997803e+02 7.0107000732e+02 7.0109301758e+02 7.0113897705e+02 7.0115802002e+02 7.0117901611e+02 7.0118798828e+02 7.0120501709e+02 7.0122497559e+02 7.0124401855e+02 7.0125799561e+02 7.0128100586e+02 7.0128802490e+02 7.0130297852e+02 7.0132897949e+02 7.0133599854e+02 7.0134002686e+02 7.0135601807e+02 7.0134497070e+02 7.0136102295e+02 7.0139001465e+02 7.0137799072e+02 7.0138000488e+02 7.0140100098e+02 7.0139300537e+02 7.0140698242e+02 7.0142602539e+02 7.0142901611e+02 7.0143103027e+02 7.0145697021e+02 7.0147100830e+02 7.0147497559e+02 7.0149798584e+02 7.0151202393e+02 7.0153802490e+02 7.0155499268e+02 7.0158099365e+02 7.0159899902e+02 7.0163800049e+02 7.0165502930e+02 7.0166802979e+02 7.0169702148e+02
7.0087902832e+02 7.0091497803e+02 7.0093499756e+02 7.0095397949e+02 7.0098498535e+02 7.0100000000e+02 7.0102697754e+02 7.0106701660e+02 7.0108398438e+02 7.0110998535e+02 7.0112200928e+02 7.0114501953e+02 7.0116497803e+02 7.0118402100e+02 7.0120501709e+02 7.0121502686e+02 7.0121600342e+02 7.0123901367e+02 7.0126800537e+02 7.0128198242e+02 7.0128802490e+02 7.0129998779e+02 7.0129498291e+02 7.0130297852e+02 7.0132000732e+02 7.0131097412e+02 7.0132598877e+02 7.0134698486e+02 7.0134100342e+02 7.0134600830e+02 7.0136901855e+02 7.0137500000e+02 7.0138500977e+02 7.0141101074e+02 7.0141699219e+02 7.0143200684e+02 7.0144897461e+02 7.0146398926e+02 7.0148699951e+02 7.0151501465e+02 7.0154400635e+02 7.0155798340e+02 7.0157897949e+02 7.0160101318e+02 7.0160797119e+02 7.0163897705e+02
