TESTSERVER/16/3.asc
NCOLS 100
NROWS 100
XLLCORNER 8.2997500000e+03
YLLCORNER 2.8980025000e+05
CELLSIZE 5.0000000000e-01
NODATA_VALUE -9.9990000000e+03
[rows 80 to 99 of 100, columns 46 to 91 of 100]
6.9350598145e+02 6.9359698486e+02 6.9369897461e+02 6.9380297852e+02 6.9391101074e+02 6.9401000977e+02 6.9410998535e+02 6.9420397949e+02 6.9429101563e+02 6.9438098145e+02 6.9450000000e+02 6.9459399414e+02 6.9469201660e+02 6.9479302979e+02 6.9489599609e+02 6.9496697998e+02 6.9504101563e+02 6.9512402344e+02 6.9520697021e+02 6.9529602051e+02 6.9538201904e+02 6.9546197510e+02 6.9554699707e+02 6.9563201904e+02 6.9572802734e+02 6.9584197998e+02 6.9595397949e+02 6.9605200195e+02 6.9615301514e+02 6.9623797607e+02 6.9634600830e+02 6.9644702148e+02 6.9653900146e+02 6.9666497803e+02 6.9678900146e+02 6.9691302490e+02 6.9705102539e+02 6.9717999268e+02 6.9727301025e+02 6.9738800049e+02 6.9750299072e+02 6.9761798096e+02 6.9771002197e+02 6.9778302002e+02 6.9786297607e+02 6.9794799805e+02
6.9334497070e+02 6.9343902588e+02 6.9353399658e+02 6.9364300537e+02 6.9374298096e+02 6.9384698486e+02 6.9395001221e+02 6.9404797363e+02 6.9415301514e+02 6.9424401855e+02 6.9435400391e+02 6.9445397949e+02 6.9455603027e+02 6.9466198730e+02 6.9476800537e+02 6.9484899902e+02 6.9492498779e+02 6.9501000977e+02 6.9508697510e+02 6.9518402100e+02 6.9526098633e+02 6.9533300781e+02 6.9542901611e+02 6.9551098633e+02 6.9561199951e+02 6.9571997070e+02 6.9581701660e+02 6.9592297363e+02 6.9602600098e+02 6.9610699463e+02 6.9621697998e+02 6.9632098389e+02 6.9641302490e+02 6.9653302002e+02 6.9665997314e+02 6.9679199219e+02 6.9691302490e+02 6.9703497314e+02 6.9714001465e+02 6.9726202393e+02 6.9738598633e+02 6.9750598145e+02 6.9760699463e+02 6.9769500732e+02 6.9778399658e+02 6.9787097168e+02
6.9317901611e+02 6.9327801514e+02 6.9338098145e+02 6.9349499512e+02 6.9359100342e+02 6.9369097900e+02 6.9378802490e+02 6.9390100098e+02 6.9400598145e+02 6.9409600830e+02 6.9418798828e+02 6.9430499268e+02 6.9441601563e+02 6.9451599121e+02 6.9461700439e+02 6.9470501709e+02 6.9478900146e+02 6.9487200928e+02 6.9495697021e+02 6.9505401611e+02 6.9512902832e+02 6.9520800781e+02 6.9530999756e+02 6.9539001465e+02 6.9549902344e+02 6.9560601807e+02 6.9569396973e+02 6.9580700684e+02 6.9590100098e+02 6.9598901367e+02 6.9609600830e+02 6.9619097900e+02 6.9630700684e+02 6.9641802979e+02 6.9652001953e+02 6.9665802002e+02 6.9677899170e+02 6.9689898682e+02 6.9700701904e+02 6.9712298584e+02 6.9724298096e+02 6.9735998535e+02 6.9748101807e+02 6.9758801270e+02 6.9769702148e+02 6.9777899170e+02
6.9301800537e+02 6.9311999512e+02 6.9322900391e+02 6.9333599854e+02 6.9343402100e+02 6.9353698730e+02 6.9362597656e+02 6.9374499512e+02 6.9384802246e+02 6.9394799805e+02 6.9404400635e+02 6.9415997314e+02 6.9427001953e+02 6.9436999512e+02 6.9447198486e+02 6.9456896973e+02 6.9466601563e+02 6.9474499512e+02 6.9482397461e+02 6.9490997314e+02 6.9499700928e+02 6.9508599854e+02 6.9517700195e+02 6.9526397705e+02 6.9537701416e+02 6.9548901367e+02 6.9558099365e+02 6.9567700195e+02 6.9576397705e+02 6.9586999512e+02 6.9596697998e+02 6.9607000732e+02 6.9619396973e+02 6.9629400635e+02 6.9639398193e+02 6.9653399658e+02 6.9664697266e+02 6.9676300049e+02 6.9686999512e+02 6.9698699951e+02 6.9709899902e+02 6.9721502686e+02 6.9735699463e+02 6.9747497559e+02 6.9759899902e+02 6.9768402100e+02
6.9288598633e+02 6.9298797607e+02 6.9309997559e+02 6.9318499756e+02 6.9328198242e+02 6.9339202881e+02 6.9350097656e+02 6.9360198975e+02 6.9369702148e+02 6.9378997803e+02 6.9390002441e+02 6.9400799561e+02 6.9411999512e+02 6.9422302246e+02 6.9431597900e+02 6.9442297363e+02 6.9453497314e+02 6.9461199951e+02 6.9468902588e+02 6.9476000977e+02 6.9485900879e+02 6.9495098877e+02 6.9504602051e+02 6.9513500977e+02 6.9524298096e+02 6.9535498047e+02 6.9545599365e+02 6.9554498291e+02 6.9564697266e+02 6.9575201416e+02 6.9584399414e+02 6.9596099854e+02 6.9607098389e+02 6.9616900635e+02 6.9628100586e+02 6.9641497803e+02 6.9651599121e+02 6.9661999512e+02 6.9671801758e+02 6.9685998535e+02 6.9697198486e+02 6.9708502197e+02 6.9721301270e+02 6.9733099365e+02 6.9746099854e+02 6.9756701660e+02
6.9273999023e+02 6.9283898926e+02 6.9294396973e+02 6.9304101563e+02 6.9313500977e+02 6.9323797607e+02 6.9333898926e+02 6.9344396973e+02 6.9353802490e+02 6.9363702393e+02 6.9375897217e+02 6.9386102295e+02 6.9395599365e+02 6.9405499268e+02 6.9413897705e+02 6.9425402832e+02 6.9436901855e+02 6.9445300293e+02 6.9453997803e+02 6.9462500000e+02 6.9472302246e+02 6.9480798340e+02 6.9491198730e+02 6.9501098633e+02 6.9510400391e+02 6.9521801758e+02 6.9533099365e+02 6.9542199707e+02 6.9554699707e+02 6.9564599609e+02 6.9572802734e+02 6.9584497070e+02 6.9594702148e+02 6.9604699707e+02 6.9616699219e+02 6.9628302002e+02 6.9638201904e+02 6.9648999023e+02 6.9660101318e+02 6.9672198486e+02 6.9682598877e+02 6.9694201660e+02 6.9707098389e+02 6.9719897461e+02 6.9732702637e+02 6.9743298340e+02
6.9258001709e+02 6.9267199707e+02 6.9278302002e+02 6.9288500977e+02 6.9298199463e+02 6.9308697510e+02 6.9318298340e+02 6.9330401611e+02 6.9339801025e+02 6.9348999023e+02 6.9360198975e+02 6.9370898438e+02 6.9380798340e+02 6.9390802002e+02 6.9399499512e+02 6.9409997559e+02 6.9421099854e+02 6.9429602051e+02 6.9439001465e+02 6.9448901367e+02 6.9458001709e+02 6.9466802979e+02 6.9478100586e+02 6.9487701416e+02 6.9496997070e+02 6.9508398438e+02 6.9518902588e+02 6.9529498291e+02 6.9541101074e+02 6.9549902344e+02 6.9561102295e+02 6.9573199463e+02 6.9583300781e+02 6.9593298340e+02 6.9605297852e+02 6.9615997314e+02 6.9626000977e+02 6.9636700439e+02 6.9647302246e+02 6.9658398438e+02 6.9670300293e+02 6.9681597900e+02 6.9692901611e+02 6.9706500244e+02 6.9718902588e+02 6.9728802490e+02
6.9242797852e+02 6.9252197266e+02 6.9263598633e+02 6.9272900391e+02 6.9282000732e+02 6.9292602539e+02 6.9302899170e+02 6.9314001465e+02 6.9324499512e+02 6.9334899902e+02 6.9344799805e+02 6.9356097412e+02 6.9365802002e+02 6.9375097656e+02 6.9386798096e+02 6.9394799805e+02 6.9405499268e+02 6.9414697266e+02 6.9424298096e+02 6.9434497070e+02 6.9443200684e+02 6.9452899170e+02 6.9464099121e+02 6.9473101807e+02 6.9483099365e+02 6.9493902588e+02 6.9502899170e+02 6.9515399170e+02 6.9526800537e+02 6.9536999512e+02 6.9551000977e+02 6.9561401367e+02 6.9571801758e+02 6.9582000732e+02 6.9593200684e+02 6.9603900146e+02 6.9613098145e+02 6.9623101807e+02 6.9634002686e+02 6.9645800781e+02 6.9658898926e+02 6.9669598389e+02 6.9679998779e+02 6.9693103027e+02 6.9705297852e+02 6.9714501953e+02
6.9227502441e+02 6.9237200928e+02 6.9249200439e+02 6.9258099365e+02 6.9266900635e+02 6.9276702881e+02 6.9287597656e+02 6.9296899414e+02 6.9306799316e+02 6.9319299316e+02 6.9330798340e+02 6.9340698242e+02 6.9349200439e+02 6.9359802246e+02 6.9372302246e+02 6.9378002930e+02 6.9389398193e+02 6.9399700928e+02 6.9409002686e+02 6.9418798828e+02 6.9427600098e+02 6.9437701416e+02 6.9448901367e+02 6.9458197021e+02 6.9467797852e+02 6.9478002930e+02 6.9488500977e+02 6.9500097656e+02 6.9511102295e+02 6.9523400879e+02 6.9536798096e+02 6.9546997070e+02 6.9558599854e+02 6.9569097900e+02 6.9580401611e+02 6.9591400146e+02 6.9600201416e+02 6.9610101318e+02 6.9620800781e+02 6.9633099365e+02 6.9645202637e+02 6.9655999756e+02 6.9667102051e+02 6.9679901123e+02 6.9691900635e+02 6.9700701904e+02
6.9213201904e+02 6.9222497559e+02 6.9233300781e+02 6.9242700195e+02 6.9251397705e+02 6.9261102295e+02 6.9271502686e+02 6.9281799316e+02 6.9290899658e+02 6.9303497314e+02 6.9314599609e+02 6.9326599121e+02 6.9335900879e+02 6.9346398926e+02 6.9356201172e+02 6.9363299561e+02 6.9374401855e+02 6.9384899902e+02 6.9394201660e+02 6.9403997803e+02 6.9413000488e+02 6.9422998047e+02 6.9432800293e+02 6.9441699219e+02 6.9452398682e+02 6.9463000488e+02 6.9475000000e+02 6.9485302734e+02 6.9496099854e+02 6.9509698486e+02 6.9520599365e+02 6.9531097412e+02 6.9543902588e+02 6.9553698730e+02 6.9565301514e+02 6.9576800537e+02 6.9588000488e+02 6.9599401855e+02 6.9609197998e+02 6.9619500732e+02 6.9631896973e+02 6.9642498779e+02 6.9652801514e+02 6.9666400146e+02 6.9677398682e+02 6.9686602783e+02
6.9198101807e+02 6.9207702637e+02 6.9216802979e+02 6.9226501465e+02 6.9236297607e+02 6.9246600342e+02 6.9255798340e+02 6.9266302490e+02 6.9275701904e+02 6.9288299561e+02 6.9298797607e+02 6.9310400391e+02 6.9321600342e+02 6.9332397461e+02 6.9341998291e+02 6.9349798584e+02 6.9359301758e+02 6.9369500732e+02 6.9379400635e+02 6.9388598633e+02 6.9398400879e+02 6.9407897949e+02 6.9416998291e+02 6.9426898193e+02 6.9436999512e+02 6.9447399902e+02 6.9459197998e+02 6.9469299316e+02 6.9480401611e+02 6.9492999268e+02 6.9504400635e+02 6.9516998291e+02 6.9529498291e+02 6.9539697266e+02 6.9552099609e+02 6.9561297607e+02 6.9573297119e+02 6.9585198975e+02 6.9594598389e+02 6.9605499268e+02 6.9618402100e+02 6.9629602051e+02 6.9641101074e+02 6.9652600098e+02 6.9662701416e+02 6.9672802734e+02
6.9184100342e+02 6.9192999268e+02 6.9200701904e+02 6.9210601807e+02 6.9222302246e+02 6.9233398438e+02 6.9241802979e+02 6.9252502441e+02 6.9261901855e+02 6.9272998047e+02 6.9282702637e+02 6.9292199707e+02 6.9303900146e+02 6.9315301514e+02 6.9326501465e+02 6.9335797119e+02 6.9345501709e+02 6.9354101563e+02 6.9363201904e+02 6.9373602295e+02 6.9383801270e+02 6.9392700195e+02 6.9402099609e+02 6.9412597656e+02 6.9421899414e+02 6.9431500244e+02 6.9441497803e+02 6.9452301025e+02 6.9464398193e+02 6.9475897217e+02 6.9488000488e+02 6.9501202393e+02 6.9513098145e+02 6.9523602295e+02 6.9536999512e+02 6.9546600342e+02 6.9558697510e+02 6.9569500732e+02 6.9577899170e+02 6.9591400146e+02 6.9604101563e+02 6.9615301514e+02 6.9628399658e+02 6.9638800049e+02 6.9649798584e+02 6.9660400391e+02
6.9169201660e+02 6.9179199219e+02 6.9187500000e+02 6.9195300293e+02 6.9207000732e+02 6.9219201660e+02 6.9228997803e+02 6.9238397217e+02 6.9247497559e+02 6.9257299805e+02 6.9267498779e+02 6.9277197266e+02 6.9287902832e+02 6.9298999023e+02 6.9310400391e+02 6.9318499756e+02 6.9329101563e+02 6.9338000488e+02 6.9346997070e+02 6.9358697510e+02 6.9368902588e+02 6.9378100586e+02 6.9388500977e+02 6.9397399902e+02 6.9406896973e+02 6.9415600586e+02 6.9424902344e+02 6.9437402344e+02 6.9449499512e+02 6.9460400391e+02 6.9470898438e+02 6.9483599854e+02 6.9495800781e+02 6.9507098389e+02 6.9517999268e+02 6.9531298828e+02 6.9542700195e+02 6.9552398682e+02 6.9562500000e+02 6.9576702881e+02 6.9589398193e+02 6.9601000977e+02 6.9612701416e+02 6.9623797607e+02 6.9635498047e+02 6.9646197510e+02
6.9154400635e+02 6.9165100098e+02 6.9174200439e+02 6.9182098389e+02 6.9192297363e+02 6.9203900146e+02 6.9214697266e+02 6.9223602295e+02 6.9233398438e+02 6.9242199707e+02 6.9250402832e+02 6.9261401367e+02 6.9270397949e+02 6.9279498291e+02 6.9291802979e+02 6.9302099609e+02 6.9313702393e+02 6.9322198486e+02 6.9330999756e+02 6.9341998291e+02 6.9352001953e+02 6.9361999512e+02 6.9372100830e+02 6.9380700684e+02 6.9390899658e+02 6.9400000000e+02 6.9410998535e+02 6.9421997070e+02 6.9432000732e+02 6.9443798828e+02 6.9456597900e+02 6.9466998291e+02 6.9479101563e+02 6.9491400146e+02 6.9503100586e+02 6.9516302490e+02 6.9527502441e+02 6.9537902832e+02 6.9549298096e+02 6.9561700439e+02 6.9575299072e+02 6.9587298584e+02 6.9598297119e+02 6.9609399414e+02 6.9620898438e+02 6.9631402588e+02
6.9140399170e+02 6.9151202393e+02 6.9160601807e+02 6.9169799805e+02 6.9178997803e+02 6.9189599609e+02 6.9199401855e+02 6.9207299805e+02 6.9217602539e+02 6.9226898193e+02 6.9234497070e+02 6.9245001221e+02 6.9254602051e+02 6.9262200928e+02 6.9273101807e+02 6.9285400391e+02 6.9296801758e+02 6.9305102539e+02 6.9315301514e+02 6.9325799561e+02 6.9335900879e+02 6.9346002197e+02 6.9356402588e+02 6.9365502930e+02 6.9374902344e+02 6.9384301758e+02 6.9396197510e+02 6.9406799316e+02 6.9416601563e+02 6.9428698730e+02 6.9441400146e+02 6.9449499512e+02 6.9461499023e+02 6.9475097656e+02 6.9489398193e+02 6.9501501465e+02 6.9512799072e+02 6.9524298096e+02 6.9535498047e+02 6.9546899414e+02 6.9560400391e+02 6.9571600342e+02 6.9582702637e+02 6.9594201660e+02 6.9605499268e+02 6.9616400146e+02
6.9126397705e+02 6.9136700439e+02 6.9145300293e+02 6.9155200195e+02 6.9164300537e+02 6.9174700928e+02 6.9183502197e+02 6.9191497803e+02 6.9201098633e+02 6.9210998535e+02 6.9219201660e+02 6.9227899170e+02 6.9238897705e+02 6.9246398926e+02 6.9255401611e+02 6.9267102051e+02 6.9278698730e+02 6.9288702393e+02 6.9299200439e+02 6.9309197998e+02 6.9319299316e+02 6.9329302979e+02 6.9340100098e+02 6.9349798584e+02 6.9358898926e+02 6.9368902588e+02 6.9380499268e+02 6.9390899658e+02 6.9401800537e+02 6.9413299561e+02 6.9424700928e+02 6.9435198975e+02 6.9446997070e+02 6.9460101318e+02 6.9473297119e+02 6.9484497070e+02 6.9496899414e+02 6.9510601807e+02 6.9521697998e+02 6.9532598877e+02 6.9545001221e+02 6.9556298828e+02 6.9567199707e+02 6.9578302002e+02 6.9589398193e+02 6.9600598145e+02
6.9112902832e+02 6.9122698975e+02 6.9131701660e+02 6.9140899658e+02 6.9149700928e+02 6.9159698486e+02 6.9168200684e+02 6.9176300049e+02 6.9184698486e+02 6.9193499756e+02 6.9204199219e+02 6.9212298584e+02 6.9221600342e+02 6.9231201172e+02 6.9239898682e+02 6.9247998047e+02 6.9259399414e+02 6.9271002197e+02 6.9281298828e+02 6.9292700195e+02 6.9303399658e+02 6.9313000488e+02 6.9323297119e+02 6.9332397461e+02 6.9342401123e+02 6.9354602051e+02 6.9366400146e+02 6.9375299072e+02 6.9386297607e+02 6.9397601318e+02 6.9408398438e+02 6.9420001221e+02 6.9430603027e+02 6.9441998291e+02 6.9455401611e+02 6.9467401123e+02 6.9480902100e+02 6.9495098877e+02 6.9506896973e+02 6.9517797852e+02 6.9529498291e+02 6.9540197754e+02 6.9550500488e+02 6.9563098145e+02 6.9574102783e+02 6.9585400391e+02
6.9098901367e+02 6.9107598877e+02 6.9117199707e+02 6.9126202393e+02 6.9134802246e+02 6.9144396973e+02 6.9153002930e+02 6.9161401367e+02 6.9169201660e+02 6.9176300049e+02 6.9187298584e+02 6.9197802734e+02 6.9205700684e+02 6.9215100098e+02 6.9224700928e+02 6.9233697510e+02 6.9244396973e+02 6.9254602051e+02 6.9263702393e+02 6.9275000000e+02 6.9285998535e+02 6.9296697998e+02 6.9306896973e+02 6.9315197754e+02 6.9326202393e+02 6.9338897705e+02 6.9349401855e+02 6.9359600830e+02 6.9369799805e+02 6.9379901123e+02 6.9391198730e+02 6.9403198242e+02 6.9414001465e+02 6.9425598145e+02 6.9440301514e+02 6.9452001953e+02 6.9465698242e+02 6.9477697754e+02 6.9489099121e+02 6.9501098633e+02 6.9512500000e+02 6.9523999023e+02 6.9536700439e+02 6.9547497559e+02 6.9557702637e+02 6.9569000244e+02
6.9085797119e+02 6.9094500732e+02 6.9103399658e+02 6.9111102295e+02 6.9119799805e+02 6.9128900146e+02 6.9137298584e+02 6.9146997070e+02 6.9154400635e+02 6.9161401367e+02 6.9170300293e+02 6.9179400635e+02 6.9188598633e+02 6.9198901367e+02 6.9208300781e+02 6.9217297363e+02 6.9227801514e+02 6.9237902832e+02 6.9246301270e+02 6.9258197021e+02 6.9268402100e+02 6.9278698730e+02 6.9289099121e+02 6.9298999023e+02 6.9310601807e+02 6.9321502686e+02 6.9331597900e+02 6.9342901611e+02 6.9352801514e+02 6.9363299561e+02 6.9375000000e+02 6.9385797119e+02 6.9396697998e+02 6.9409301758e+02 6.9422900391e+02 6.9433197021e+02 6.9447497559e+02 6.9460302734e+02 6.9472698975e+02 6.9484899902e+02 6.9495898438e+02 6.9507800293e+02 6.9520397949e+02 6.9530603027e+02 6.9541497803e+02 6.9552502441e+02
6.9071899414e+02 6.9081500244e+02 6.9089801025e+02 6.9095800781e+02 6.9104199219e+02 6.9113598633e+02 6.9122601318e+02 6.9131097412e+02 6.9139099121e+02 6.9147698975e+02 6.9155700684e+02 6.9162500000e+02 6.9172198486e+02 6.9183099365e+02 6.9191802979e+02 6.9200299072e+02 6.9210797119e+02 6.9221502686e+02 6.9230700684e+02 6.9242700195e+02 6.9251702881e+02 6.9260900879e+02 6.9270898438e+02 6.9281597900e+02 6.9293402100e+02 6.9303100586e+02 6.9314001465e+02 6.9325897217e+02 6.9335900879e+02 6.9346502686e+02 6.9357897949e+02 6.9368402100e+02 6.9379699707e+02 6.9392901611e+02 6.9404901123e+02 6.9414202881e+02 6.9427600098e+02 6.9441302490e+02 6.9454699707e+02 6.9466497803e+02 6.9477197266e+02 6.9488897705e+02 6.9501098633e+02 6.9513397217e+02 6.9525500488e+02 6.9536499023e+02
