TESTSERVER/16/3.asc
NCOLS 100
NROWS 100
XLLCORNER 8.2997500000e+03
YLLCORNER 2.8980025000e+05
CELLSIZE 5.0000000000e-01
NODATA_VALUE -9.9990000000e+03
[rows 60 to 79 of 100, columns 46 to 91 of 100]
6.9678302002e+02 6.9685198975e+02 6.9691400146e+02 6.9698797607e+02 6.9703997803e+02 6.9707800293e+02 6.9713201904e+02 6.9717297363e+02 6.9721197510e+02 6.9726898193e+02 6.9734600830e+02 6.9741497803e+02 6.9746899414e+02 6.9751397705e+02 6.9757098389e+02 6.9761199951e+02 6.9767401123e+02 6.9772998047e+02 6.9780297852e+02 6.9786102295e+02 6.9792901611e+02 6.9800799561e+02 6.9806896973e+02 6.9814697266e+02 6.9823199463e+02 6.9832397461e+02 6.9840301514e+02 6.9847802734e+02 6.9856201172e+02 6.9864001465e+02 6.9872698975e+02 6.9877502441e+02 6.9883697510e+02 6.9889697266e+02 6.9894799805e+02 6.9899902344e+02 6.9904901123e+02 6.9910198975e+02 6.9914398193e+02 6.9917700195e+02 6.9922601318e+02 6.9928100586e+02 6.9931896973e+02 6.9935797119e+02 6.9940502930e+02 6.9946301270e+02
6.9664099121e+02 6.9671099854e+02 6.9677197266e+02 6.9684899902e+02 6.9690899658e+02 6.9695501709e+02 6.9701501465e+02 6.9706500244e+02 6.9709997559e+02 6.9715899658e+02 6.9723699951e+02 6.9731298828e+02 6.9737500000e+02 6.9742602539e+02 6.9747998047e+02 6.9753100586e+02 6.9758898926e+02 6.9765197754e+02 6.9771301270e+02 6.9777197266e+02 6.9783697510e+02 6.9790802002e+02 6.9795800781e+02 6.9803100586e+02 6.9811602783e+02 6.9820800781e+02 6.9828601074e+02 6.9836499023e+02 6.9845098877e+02 6.9853100586e+02 6.9861798096e+02 6.9868701172e+02 6.9876202393e+02 6.9883300781e+02 6.9889300537e+02 6.9894897461e+02 6.9900000000e+02 6.9904797363e+02 6.9909399414e+02 6.9914599609e+02 6.9919702148e+02 6.9924700928e+02 6.9928900146e+02 6.9932702637e+02 6.9937298584e+02 6.9942102051e+02
6.9648602295e+02 6.9654699707e+02 6.9661901855e+02 6.9669396973e+02 6.9676599121e+02 6.9683001709e+02 6.9689599609e+02 6.9694598389e+02 6.9698797607e+02 6.9705200195e+02 6.9711700439e+02 6.9719396973e+02 6.9727001953e+02 6.9733300781e+02 6.9739300537e+02 6.9744097900e+02 6.9750097656e+02 6.9757397461e+02 6.9763598633e+02 6.9769299316e+02 6.9774902344e+02 6.9781298828e+02 6.9787200928e+02 6.9794201660e+02 6.9801098633e+02 6.9810302734e+02 6.9817602539e+02 6.9825299072e+02 6.9834100342e+02 6.9842498779e+02 6.9851000977e+02 6.9859197998e+02 6.9866699219e+02 6.9873901367e+02 6.9881201172e+02 6.9888702393e+02 6.9894299316e+02 6.9899401855e+02 6.9904797363e+02 6.9911102295e+02 6.9916400146e+02 6.9920898438e+02 6.9925097656e+02 6.9930297852e+02 6.9935400391e+02 6.9940197754e+02
6.9631799316e+02 6.9638098145e+02 6.9646301270e+02 6.9653997803e+02 6.9662200928e+02 6.9669598389e+02 6.9677001953e+02 6.9681201172e+02 6.9685699463e+02 6.9693200684e+02 6.9699200439e+02 6.9705999756e+02 6.9714202881e+02 6.9721801758e+02 6.9728198242e+02 6.9732702637e+02 6.9739697266e+02 6.9747802734e+02 6.9753601074e+02 6.9759698486e+02 6.9765100098e+02 6.9772100830e+02 6.9779602051e+02 6.9785797119e+02 6.9791101074e+02 6.9799798584e+02 6.9807702637e+02 6.9815899658e+02 6.9823400879e+02 6.9830902100e+02 6.9838897705e+02 6.9847900391e+02 6.9856402588e+02 6.9863897705e+02 6.9871197510e+02 6.9880200195e+02 6.9886700439e+02 6.9893200684e+02 6.9899499512e+02 6.9906402588e+02 6.9911999512e+02 6.9916400146e+02 6.9920300293e+02 6.9926000977e+02 6.9931402588e+02 6.9936901855e+02
6.9616497803e+02 6.9622698975e+02 6.9630200195e+02 6.9637200928e+02 6.9645397949e+02 6.9653100586e+02 6.9662799072e+02 6.9666601563e+02 6.9671002197e+02 6.9679498291e+02 6.9687298584e+02 6.9694000244e+02 6.9701300049e+02 6.9708197021e+02 6.9714202881e+02 6.9720800781e+02 6.9727801514e+02 6.9735101318e+02 6.9741497803e+02 6.9748297119e+02 6.9754797363e+02 6.9763000488e+02 6.9771600342e+02 6.9777001953e+02 6.9783099365e+02 6.9791400146e+02 6.9798498535e+02 6.9806097412e+02 6.9813201904e+02 6.9819500732e+02 6.9826098633e+02 6.9834802246e+02 6.9844396973e+02 6.9853497314e+02 6.9862402344e+02 6.9869799805e+02 6.9877801514e+02 6.9886401367e+02 6.9892602539e+02 6.9900000000e+02 6.9906298828e+02 6.9911499023e+02 6.9917199707e+02 6.9921002197e+02 6.9925701904e+02 6.9931500244e+02
6.9600402832e+02 6.9606402588e+02 6.9613897705e+02 6.9620697021e+02 6.9628302002e+02 6.9635101318e+02 6.9642999268e+02 6.9649102783e+02 6.9655200195e+02 6.9663500977e+02 6.9670397949e+02 6.9678002930e+02 6.9685198975e+02 6.9692797852e+02 6.9701898193e+02 6.9709698486e+02 6.9715997314e+02 6.9723797607e+02 6.9730499268e+02 6.9736901855e+02 6.9743597412e+02 6.9752099609e+02 6.9760302734e+02 6.9767199707e+02 6.9773797607e+02 6.9782202148e+02 6.9790301514e+02 6.9797198486e+02 6.9803100586e+02 6.9808197021e+02 6.9815301514e+02 6.9823498535e+02 6.9831701660e+02 6.9840002441e+02 6.9849700928e+02 6.9858197021e+02 6.9866497803e+02 6.9875897217e+02 6.9883801270e+02 6.9891302490e+02 6.9898797607e+02 6.9905798340e+02 6.9912097168e+02 6.9916601563e+02 6.9921801758e+02 6.9927801514e+02
6.9582598877e+02 6.9588098145e+02 6.9595599365e+02 6.9602899170e+02 6.9610797119e+02 6.9618298340e+02 6.9626397705e+02 6.9633197021e+02 6.9638500977e+02 6.9646002197e+02 6.9654498291e+02 6.9662597656e+02 6.9670098877e+02 6.9677197266e+02 6.9686102295e+02 6.9693902588e+02 6.9701599121e+02 6.9710302734e+02 6.9717498779e+02 6.9723901367e+02 6.9730499268e+02 6.9739001465e+02 6.9747302246e+02 6.9755297852e+02 6.9762200928e+02 6.9770800781e+02 6.9779199219e+02 6.9786602783e+02 6.9792901611e+02 6.9799597168e+02 6.9807897949e+02 6.9814099121e+02 6.9820599365e+02 6.9829101563e+02 6.9839099121e+02 6.9846398926e+02 6.9854101563e+02 6.9863800049e+02 6.9872497559e+02 6.9879797363e+02 6.9888702393e+02 6.9897302246e+02 6.9905200195e+02 6.9912298584e+02 6.9918402100e+02 6.9923400879e+02
6.9565502930e+02 6.9571099854e+02 6.9579101563e+02 6.9586901855e+02 6.9594702148e+02 6.9601800537e+02 6.9609301758e+02 6.9616601563e+02 6.9621002197e+02 6.9628198242e+02 6.9638000488e+02 6.9646997070e+02 6.9654602051e+02 6.9660900879e+02 6.9669201660e+02 6.9676397705e+02 6.9684600830e+02 6.9693402100e+02 6.9702001953e+02 6.9709301758e+02 6.9716497803e+02 6.9724902344e+02 6.9733099365e+02 6.9741998291e+02 6.9750201416e+02 6.9758599854e+02 6.9765698242e+02 6.9773498535e+02 6.9780902100e+02 6.9789099121e+02 6.9797198486e+02 6.9803497314e+02 6.9811901855e+02 6.9822399902e+02 6.9831896973e+02 6.9836297607e+02 6.9841699219e+02 6.9850799561e+02 6.9858599854e+02 6.9866900635e+02 6.9877502441e+02 6.9886901855e+02 6.9896197510e+02 6.9904699707e+02 6.9911999512e+02 6.9917797852e+02
6.9547998047e+02 6.9555200195e+02 6.9562298584e+02 6.9570397949e+02 6.9577899170e+02 6.9584197998e+02 6.9591802979e+02 6.9599401855e+02 6.9605401611e+02 6.9612799072e+02 6.9620800781e+02 6.9629101563e+02 6.9637298584e+02 6.9644799805e+02 6.9653497314e+02 6.9660198975e+02 6.9670001221e+02 6.9678900146e+02 6.9686499023e+02 6.9694097900e+02 6.9702697754e+02 6.9711401367e+02 6.9720001221e+02 6.9729498291e+02 6.9738800049e+02 6.9747100830e+02 6.9754101563e+02 6.9761199951e+02 6.9769500732e+02 6.9777697754e+02 6.9786297607e+02 6.9792602539e+02 6.9801000977e+02 6.9810797119e+02 6.9821899414e+02 6.9827801514e+02 6.9830603027e+02 6.9837402344e+02 6.9846002197e+02 6.9855603027e+02 6.9866699219e+02 6.9876898193e+02 6.9887597656e+02 6.9895001221e+02 6.9903002930e+02 6.9910998535e+02
6.9531298828e+02 6.9539202881e+02 6.9545300293e+02 6.9552697754e+02 6.9559997559e+02 6.9567199707e+02 6.9575299072e+02 6.9582897949e+02 6.9589599609e+02 6.9596197510e+02 6.9603997803e+02 6.9613598633e+02 6.9622900391e+02 6.9629101563e+02 6.9636102295e+02 6.9642602539e+02 6.9653698730e+02 6.9664099121e+02 6.9672497559e+02 6.9679998779e+02 6.9687902832e+02 6.9696899414e+02 6.9704498291e+02 6.9714099121e+02 6.9724102783e+02 6.9732598877e+02 6.9741198730e+02 6.9748297119e+02 6.9757000732e+02 6.9765197754e+02 6.9774597168e+02 6.9782702637e+02 6.9790600586e+02 6.9797802734e+02 6.9807299805e+02 6.9814001465e+02 6.9819201660e+02 6.9826202393e+02 6.9835797119e+02 6.9844500732e+02 6.9854199219e+02 6.9865197754e+02 6.9876599121e+02 6.9884399414e+02 6.9893298340e+02 6.9902801514e+02
6.9514501953e+02 6.9522497559e+02 6.9528900146e+02 6.9536401367e+02 6.9543298340e+02 6.9551599121e+02 6.9559301758e+02 6.9566198730e+02 6.9573297119e+02 6.9579998779e+02 6.9588702393e+02 6.9597900391e+02 6.9606701660e+02 6.9613000488e+02 6.9619897461e+02 6.9627697754e+02 6.9638702393e+02 6.9648297119e+02 6.9657299805e+02 6.9665301514e+02 6.9672601318e+02 6.9681402588e+02 6.9690100098e+02 6.9699902344e+02 6.9709997559e+02 6.9717602539e+02 6.9726397705e+02 6.9734899902e+02 6.9744201660e+02 6.9752697754e+02 6.9762701416e+02 6.9770898438e+02 6.9778900146e+02 6.9786602783e+02 6.9795800781e+02 6.9803399658e+02 6.9809802246e+02 6.9816699219e+02 6.9826702881e+02 6.9835302734e+02 6.9843499756e+02 6.9854199219e+02 6.9865802002e+02 6.9873602295e+02 6.9882397461e+02 6.9891699219e+02
6.9497601318e+02 6.9505603027e+02 6.9512902832e+02 6.9520501709e+02 6.9527502441e+02 6.9536199951e+02 6.9543200684e+02 6.9551202393e+02 6.9559100342e+02 6.9566302490e+02 6.9573999023e+02 6.9582000732e+02 6.9590399170e+02 6.9597900391e+02 6.9605902100e+02 6.9612799072e+02 6.9622998047e+02 6.9631799316e+02 6.9641302490e+02 6.9649499512e+02 6.9657098389e+02 6.9666601563e+02 6.9675799561e+02 6.9683898926e+02 6.9693499756e+02 6.9701898193e+02 6.9712097168e+02 6.9721002197e+02 6.9730603027e+02 6.9740399170e+02 6.9750897217e+02 6.9758697510e+02 6.9766699219e+02 6.9775598145e+02 6.9785400391e+02 6.9793298340e+02 6.9800299072e+02 6.9808599854e+02 6.9818200684e+02 6.9826898193e+02 6.9834698486e+02 6.9844000244e+02 6.9854302979e+02 6.9862200928e+02 6.9872100830e+02 6.9881097412e+02
6.9479797363e+02 6.9489001465e+02 6.9496899414e+02 6.9504101563e+02 6.9512597656e+02 6.9521099854e+02 6.9527502441e+02 6.9536999512e+02 6.9544897461e+02 6.9552301025e+02 6.9559100342e+02 6.9568200684e+02 6.9576000977e+02 6.9582397461e+02 6.9590600586e+02 6.9597601318e+02 6.9608197021e+02 6.9617901611e+02 6.9625500488e+02 6.9634197998e+02 6.9642102051e+02 6.9651300049e+02 6.9660699463e+02 6.9669897461e+02 6.9679199219e+02 6.9688000488e+02 6.9697601318e+02 6.9708398438e+02 6.9719201660e+02 6.9727600098e+02 6.9735900879e+02 6.9745697021e+02 6.9754699707e+02 6.9764099121e+02 6.9774102783e+02 6.9783801270e+02 6.9791400146e+02 6.9800500488e+02 6.9809698486e+02 6.9817498779e+02 6.9825701904e+02 6.9834399414e+02 6.9843103027e+02 6.9852197266e+02 6.9862402344e+02 6.9871801758e+02
6.9464501953e+02 6.9472900391e+02 6.9482702637e+02 6.9489697266e+02 6.9498699951e+02 6.9507702637e+02 6.9514898682e+02 6.9521600342e+02 6.9529199219e+02 6.9539202881e+02 6.9547998047e+02 6.9555603027e+02 6.9562097168e+02 6.9567602539e+02 6.9575897217e+02 6.9583801270e+02 6.9592999268e+02 6.9602398682e+02 6.9610998535e+02 6.9619396973e+02 6.9628497314e+02 6.9638702393e+02 6.9648797607e+02 6.9657098389e+02 6.9665301514e+02 6.9675097656e+02 6.9685498047e+02 6.9694201660e+02 6.9704400635e+02 6.9713702393e+02 6.9722399902e+02 6.9733001709e+02 6.9742401123e+02 6.9752197266e+02 6.9763702393e+02 6.9773498535e+02 6.9781799316e+02 6.9791699219e+02 6.9800598145e+02 6.9809100342e+02 6.9816400146e+02 6.9825299072e+02 6.9833398438e+02 6.9842901611e+02 6.9852502441e+02 6.9862097168e+02
6.9449401855e+02 6.9457397461e+02 6.9467199707e+02 6.9474798584e+02 6.9483300781e+02 6.9492102051e+02 6.9501000977e+02 6.9508099365e+02 6.9515002441e+02 6.9524401855e+02 6.9534100342e+02 6.9542297363e+02 6.9548498535e+02 6.9554901123e+02 6.9563598633e+02 6.9571697998e+02 6.9579199219e+02 6.9587799072e+02 6.9597399902e+02 6.9605999756e+02 6.9615802002e+02 6.9626000977e+02 6.9634497070e+02 6.9642199707e+02 6.9650299072e+02 6.9660198975e+02 6.9670397949e+02 6.9679901123e+02 6.9690698242e+02 6.9700500488e+02 6.9709197998e+02 6.9719897461e+02 6.9730603027e+02 6.9742297363e+02 6.9753399658e+02 6.9761901855e+02 6.9772198486e+02 6.9783001709e+02 6.9791302490e+02 6.9800000000e+02 6.9806597900e+02 6.9815002441e+02 6.9823602295e+02 6.9833300781e+02 6.9842901611e+02 6.9852502441e+02
6.9433099365e+02 6.9442797852e+02 6.9451898193e+02 6.9460900879e+02 6.9469000244e+02 6.9476397705e+02 6.9484802246e+02 6.9494799805e+02 6.9503198242e+02 6.9511798096e+02 6.9520300293e+02 6.9528399658e+02 6.9535699463e+02 6.9542999268e+02 6.9551000977e+02 6.9559497070e+02 6.9567199707e+02 6.9575299072e+02 6.9583697510e+02 6.9592199707e+02 6.9602099609e+02 6.9612402344e+02 6.9619897461e+02 6.9627697754e+02 6.9637097168e+02 6.9647399902e+02 6.9656597900e+02 6.9666900635e+02 6.9677197266e+02 6.9686700439e+02 6.9697302246e+02 6.9707800293e+02 6.9718499756e+02 6.9730902100e+02 6.9741802979e+02 6.9751702881e+02 6.9762701416e+02 6.9772698975e+02 6.9781201172e+02 6.9789898682e+02 6.9796600342e+02 6.9804797363e+02 6.9813897705e+02 6.9823602295e+02 6.9833197021e+02 6.9842797852e+02
6.9417297363e+02 6.9428802490e+02 6.9437701416e+02 6.9446502686e+02 6.9453802490e+02 6.9460400391e+02 6.9469396973e+02 6.9479498291e+02 6.9489202881e+02 6.9497802734e+02 6.9508197021e+02 6.9516699219e+02 6.9523498535e+02 6.9530700684e+02 6.9538702393e+02 6.9547100830e+02 6.9554699707e+02 6.9561999512e+02 6.9571002197e+02 6.9579602051e+02 6.9588201904e+02 6.9598498535e+02 6.9606597900e+02 6.9613598633e+02 6.9623199463e+02 6.9633300781e+02 6.9643902588e+02 6.9654498291e+02 6.9664001465e+02 6.9673699951e+02 6.9685198975e+02 6.9695501709e+02 6.9708001709e+02 6.9720397949e+02 6.9729901123e+02 6.9741998291e+02 6.9752697754e+02 6.9761602783e+02 6.9771197510e+02 6.9780401611e+02 6.9787597656e+02 6.9795098877e+02 6.9803802490e+02 6.9813598633e+02 6.9823498535e+02 6.9833300781e+02
6.9401300049e+02 6.9410900879e+02 6.9419702148e+02 6.9429797363e+02 6.9438000488e+02 6.9445599365e+02 6.9455999756e+02 6.9466302490e+02 6.9475299072e+02 6.9483599854e+02 6.9493798828e+02 6.9502301025e+02 6.9510198975e+02 6.9517297363e+02 6.9525201416e+02 6.9533502197e+02 6.9541699219e+02 6.9549200439e+02 6.9557598877e+02 6.9567199707e+02 6.9575701904e+02 6.9585302734e+02 6.9592297363e+02 6.9600201416e+02 6.9610198975e+02 6.9619201660e+02 6.9629901123e+02 6.9640502930e+02 6.9649798584e+02 6.9659600830e+02 6.9670898438e+02 6.9681597900e+02 6.9695098877e+02 6.9707202148e+02 6.9717797852e+02 6.9731896973e+02 6.9742700195e+02 6.9753002930e+02 6.9762902832e+02 6.9771502686e+02 6.9779699707e+02 6.9787799072e+02 6.9795397949e+02 6.9804101563e+02 6.9814697266e+02 6.9825201416e+02
6.9384600830e+02 6.9394000244e+02 6.9403698730e+02 6.9414001465e+02 6.9422601318e+02 6.9430798340e+02 6.9440997314e+02 6.9452197266e+02 6.9461602783e+02 6.9470397949e+02 6.9479699707e+02 6.9488897705e+02 6.9496899414e+02 6.9504199219e+02 6.9513098145e+02 6.9520697021e+02 6.9529199219e+02 6.9537402344e+02 6.9545800781e+02 6.9554998779e+02 6.9562597656e+02 6.9571398926e+02 6.9578399658e+02 6.9587701416e+02 6.9597998047e+02 6.9607299805e+02 6.9617700195e+02 6.9628399658e+02 6.9637799072e+02 6.9646301270e+02 6.9656500244e+02 6.9667297363e+02 6.9679498291e+02 6.9691998291e+02 6.9705499268e+02 6.9721301270e+02 6.9732397461e+02 6.9743701172e+02 6.9753601074e+02 6.9761499023e+02 6.9770501709e+02 6.9779901123e+02 6.9787298584e+02 6.9794396973e+02 6.9804199219e+02 6.9815698242e+02
6.9367901611e+02 6.9376702881e+02 6.9387298584e+02 6.9397601318e+02 6.9406799316e+02 6.9415802002e+02 6.9425299072e+02 6.9436700439e+02 6.9445501709e+02 6.9453997803e+02 6.9464501953e+02 6.9475402832e+02 6.9483599854e+02 6.9491302490e+02 6.9501202393e+02 6.9508099365e+02 6.9516101074e+02 6.9524700928e+02 6.9533898926e+02 6.9542102051e+02 6.9550000000e+02 6.9558599854e+02 6.9565899658e+02 6.9575598145e+02 6.9586199951e+02 6.9596600342e+02 6.9606500244e+02 6.9616601563e+02 6.9626800537e+02 6.9635198975e+02 6.9645397949e+02 6.9655499268e+02 6.9665698242e+02 6.9679199219e+02 6.9693597412e+02 6.9708197021e+02 6.9720202637e+02 6.9732000732e+02 6.9742102051e+02 6.9751202393e+02 6.9761199951e+02 6.9771002197e+02 6.9778399658e+02 6.9785101318e+02 6.9794097900e+02 6.9804998779e+02
