TESTSERVER/16/4.asc
NCOLS 100
NROWS 100
XLLCORNER 8.2997500000e+03
YLLCORNER 2.8975025000e+05
CELLSIZE 5.0000000000e-01
NODATA_VALUE -9.9990000000e+03
[rows 20 to 39 of 100, columns 0 to 45 of 100]
6.8265802002e+02 6.8273199463e+02 6.8280297852e+02 6.8287902832e+02 6.8295501709e+02 6.8303997803e+02 6.8312298584e+02 6.8321197510e+02 6.8329400635e+02 6.8338598633e+02 6.8347998047e+02 6.8357299805e+02 6.8365997314e+02 6.8375402832e+02 6.8385699463e+02 6.8397100830e+02 6.8408300781e+02 6.8417498779e+02 6.8427099609e+02 6.8437902832e+02 6.8449102783e+02 6.8464099121e+02 6.8477197266e+02 6.8491699219e+02 6.8508099365e+02 6.8522497559e+02 6.8538098145e+02 6.8552697754e+02 6.8565698242e+02 6.8580902100e+02 6.8596398926e+02 6.8609997559e+02 6.8622302246e+02 6.8634399414e+02 6.8645501709e+02 6.8656097412e+02 6.8666998291e+02 6.8678002930e+02 6.8689202881e+02 6.8700402832e+02 6.8709600830e+02 6.8718798828e+02 6.8731597900e+02 6.8742602539e+02 6.8751202393e+02 6.8761700439e+02
6.8252099609e+02 6.8259600830e+02 6.8266900635e+02 6.8274200439e+02 6.8281500244e+02 6.8289501953e+02 6.8297802734e+02 6.8306500244e+02 6.8314801025e+02 6.8323901367e+02 6.8333300781e+02 6.8342700195e+02 6.8350799561e+02 6.8360998535e+02 6.8371301270e+02 6.8381799316e+02 6.8392797852e+02 6.8402899170e+02 6.8413397217e+02 6.8423797607e+02 6.8435699463e+02 6.8451397705e+02 6.8465002441e+02 6.8478497314e+02 6.8493597412e+02 6.8508898926e+02 6.8526000977e+02 6.8539599609e+02 6.8552697754e+02 6.8568499756e+02 6.8582098389e+02 6.8595202637e+02 6.8607800293e+02 6.8620800781e+02 6.8632299805e+02 6.8643103027e+02 6.8652197266e+02 6.8663897705e+02 6.8675201416e+02 6.8685998535e+02 6.8693798828e+02 6.8703302002e+02 6.8714501953e+02 6.8725201416e+02 6.8736999512e+02 6.8746801758e+02
6.8238598633e+02 6.8246301270e+02 6.8253601074e+02 6.8260900879e+02 6.8268298340e+02 6.8277001953e+02 6.8284997559e+02 6.8292999268e+02 6.8300897217e+02 6.8310498047e+02 6.8319396973e+02 6.8328399658e+02 6.8335998535e+02 6.8346099854e+02 6.8355902100e+02 6.8365802002e+02 6.8377001953e+02 6.8389099121e+02 6.8400598145e+02 6.8410998535e+02 6.8422802734e+02 6.8437701416e+02 6.8451599121e+02 6.8465002441e+02 6.8479901123e+02 6.8495898438e+02 6.8512701416e+02 6.8526202393e+02 6.8539202881e+02 6.8554400635e+02 6.8567602539e+02 6.8580700684e+02 6.8594000244e+02 6.8606799316e+02 6.8618298340e+02 6.8628497314e+02 6.8637597656e+02 6.8649597168e+02 6.8660101318e+02 6.8670300293e+02 6.8680297852e+02 6.8690600586e+02 6.8700299072e+02 6.8709802246e+02 6.8722900391e+02 6.8732000732e+02
6.8225598145e+02 6.8233001709e+02 6.8240301514e+02 6.8247601318e+02 6.8255102539e+02 6.8263800049e+02 6.8270800781e+02 6.8277398682e+02 6.8286297607e+02 6.8296099854e+02 6.8304498291e+02 6.8313397217e+02 6.8321997070e+02 6.8332098389e+02 6.8341998291e+02 6.8351800537e+02 6.8362200928e+02 6.8374499512e+02 6.8385998535e+02 6.8397497559e+02 6.8410302734e+02 6.8424700928e+02 6.8438299561e+02 6.8451501465e+02 6.8466101074e+02 6.8482299805e+02 6.8497900391e+02 6.8511297607e+02 6.8524401855e+02 6.8538397217e+02 6.8552600098e+02 6.8565399170e+02 6.8578900146e+02 6.8591497803e+02 6.8603497314e+02 6.8614202881e+02 6.8623901367e+02 6.8635400391e+02 6.8646002197e+02 6.8655999756e+02 6.8667700195e+02 6.8678698730e+02 6.8687298584e+02 6.8696301270e+02 6.8708197021e+02 6.8717199707e+02
6.8213000488e+02 6.8220001221e+02 6.8227099609e+02 6.8234301758e+02 6.8241198730e+02 6.8250000000e+02 6.8257202148e+02 6.8264599609e+02 6.8273498535e+02 6.8281402588e+02 6.8289398193e+02 6.8298797607e+02 6.8307598877e+02 6.8318499756e+02 6.8328302002e+02 6.8337500000e+02 6.8348199463e+02 6.8359600830e+02 6.8371002197e+02 6.8384100342e+02 6.8399499512e+02 6.8413299561e+02 6.8425402832e+02 6.8438201904e+02 6.8452301025e+02 6.8468597412e+02 6.8483099365e+02 6.8496997070e+02 6.8510400391e+02 6.8524902344e+02 6.8538500977e+02 6.8551397705e+02 6.8565002441e+02 6.8575799561e+02 6.8586798096e+02 6.8598498535e+02 6.8610601807e+02 6.8622100830e+02 6.8634301758e+02 6.8644000244e+02 6.8653698730e+02 6.8664801025e+02 6.8673797607e+02 6.8683099365e+02 6.8693902588e+02 6.8703198242e+02
6.8199298096e+02 6.8206799316e+02 6.8214501953e+02 6.8221899414e+02 6.8229498291e+02 6.8237500000e+02 6.8244396973e+02 6.8251898193e+02 6.8259002686e+02 6.8267602539e+02 6.8275402832e+02 6.8284899902e+02 6.8293701172e+02 6.8303900146e+02 6.8313299561e+02 6.8323498535e+02 6.8336700439e+02 6.8347900391e+02 6.8359600830e+02 6.8373101807e+02 6.8386602783e+02 6.8399798584e+02 6.8412902832e+02 6.8426098633e+02 6.8440899658e+02 6.8455603027e+02 6.8469396973e+02 6.8484002686e+02 6.8496398926e+02 6.8512597656e+02 6.8525897217e+02 6.8536798096e+02 6.8548901367e+02 6.8560601807e+02 6.8572302246e+02 6.8583697510e+02 6.8595300293e+02 6.8607897949e+02 6.8620397949e+02 6.8630603027e+02 6.8640997314e+02 6.8649798584e+02 6.8659197998e+02 6.8669000244e+02 6.8679101563e+02 6.8689599609e+02
6.8186199951e+02 6.8194000244e+02 6.8201702881e+02 6.8208801270e+02 6.8216998291e+02 6.8224102783e+02 6.8230297852e+02 6.8237902832e+02 6.8245800781e+02 6.8253900146e+02 6.8262097168e+02 6.8271899414e+02 6.8280102539e+02 6.8289501953e+02 6.8300201416e+02 6.8311297607e+02 6.8324200439e+02 6.8335699463e+02 6.8347698975e+02 6.8361401367e+02 6.8373999023e+02 6.8387200928e+02 6.8401202393e+02 6.8414801025e+02 6.8429199219e+02 6.8441802979e+02 6.8454199219e+02 6.8469201660e+02 6.8483001709e+02 6.8498101807e+02 6.8510797119e+02 6.8521697998e+02 6.8534399414e+02 6.8546398926e+02 6.8559002686e+02 6.8570202637e+02 6.8581298828e+02 6.8592401123e+02 6.8603698730e+02 6.8615100098e+02 6.8626599121e+02 6.8635699463e+02 6.8645697021e+02 6.8654901123e+02 6.8664300537e+02 6.8675598145e+02
6.8173498535e+02 6.8181799316e+02 6.8189300537e+02 6.8196398926e+02 6.8204400635e+02 6.8210302734e+02 6.8217602539e+02 6.8225701904e+02 6.8234301758e+02 6.8241601563e+02 6.8249700928e+02 6.8258697510e+02 6.8265301514e+02 6.8275000000e+02 6.8288299561e+02 6.8300500488e+02 6.8312597656e+02 6.8324499512e+02 6.8335998535e+02 6.8349401855e+02 6.8362701416e+02 6.8374597168e+02 6.8388500977e+02 6.8403002930e+02 6.8416101074e+02 6.8427697754e+02 6.8439398193e+02 6.8453802490e+02 6.8467999268e+02 6.8482299805e+02 6.8495300293e+02 6.8507098389e+02 6.8519598389e+02 6.8531597900e+02 6.8544201660e+02 6.8556097412e+02 6.8567797852e+02 6.8576501465e+02 6.8587298584e+02 6.8600402832e+02 6.8611901855e+02 6.8621301270e+02 6.8631500244e+02 6.8640802002e+02 6.8651000977e+02 6.8661901855e+02
6.8161999512e+02 6.8169299316e+02 6.8176898193e+02 6.8184399414e+02 6.8192199707e+02 6.8197698975e+02 6.8205603027e+02 6.8213299561e+02 6.8221801758e+02 6.8229302979e+02 6.8238201904e+02 6.8246197510e+02 6.8251397705e+02 6.8261199951e+02 6.8274102783e+02 6.8286798096e+02 6.8298400879e+02 6.8313598633e+02 6.8326202393e+02 6.8337597656e+02 6.8349298096e+02 6.8361798096e+02 6.8376000977e+02 6.8390698242e+02 6.8401800537e+02 6.8414001465e+02 6.8426397705e+02 6.8439501953e+02 6.8453100586e+02 6.8467602539e+02 6.8481896973e+02 6.8493298340e+02 6.8504797363e+02 6.8516400146e+02 6.8529101563e+02 6.8541802979e+02 6.8554998779e+02 6.8562701416e+02 6.8573297119e+02 6.8584997559e+02 6.8595202637e+02 6.8607202148e+02 6.8616601563e+02 6.8627001953e+02 6.8638500977e+02 6.8647198486e+02
6.8148199463e+02 6.8155798340e+02 6.8163800049e+02 6.8171801758e+02 6.8178802490e+02 6.8186199951e+02 6.8194598389e+02 6.8202001953e+02 6.8208502197e+02 6.8216601563e+02 6.8225201416e+02 6.8233300781e+02 6.8240600586e+02 6.8250201416e+02 6.8261602783e+02 6.8273999023e+02 6.8286700439e+02 6.8300897217e+02 6.8312902832e+02 6.8324401855e+02 6.8337597656e+02 6.8349902344e+02 6.8363800049e+02 6.8377197266e+02 6.8388201904e+02 6.8400500488e+02 6.8412597656e+02 6.8425000000e+02 6.8438201904e+02 6.8452600098e+02 6.8466802979e+02 6.8478698730e+02 6.8490600586e+02 6.8503002930e+02 6.8515698242e+02 6.8526898193e+02 6.8537200928e+02 6.8546502686e+02 6.8559197998e+02 6.8570501709e+02 6.8579998779e+02 6.8593298340e+02 6.8602502441e+02 6.8611700439e+02 6.8621801758e+02 6.8632501221e+02
6.8134698486e+02 6.8142797852e+02 6.8150701904e+02 6.8158599854e+02 6.8165600586e+02 6.8173101807e+02 6.8180499268e+02 6.8188397217e+02 6.8194702148e+02 6.8203900146e+02 6.8211901855e+02 6.8220202637e+02 6.8229302979e+02 6.8240502930e+02 6.8252398682e+02 6.8263897705e+02 6.8275897217e+02 6.8288299561e+02 6.8300097656e+02 6.8312298584e+02 6.8325799561e+02 6.8337200928e+02 6.8351702881e+02 6.8364501953e+02 6.8375097656e+02 6.8386999512e+02 6.8398699951e+02 6.8411401367e+02 6.8424102783e+02 6.8439501953e+02 6.8452197266e+02 6.8463500977e+02 6.8476599121e+02 6.8488598633e+02 6.8501202393e+02 6.8512500000e+02 6.8522198486e+02 6.8533398438e+02 6.8545397949e+02 6.8556298828e+02 6.8566302490e+02 6.8577099609e+02 6.8586297607e+02 6.8596502686e+02 6.8607202148e+02 6.8618200684e+02
6.8121697998e+02 6.8130603027e+02 6.8137902832e+02 6.8144897461e+02 6.8152301025e+02 6.8159301758e+02 6.8165698242e+02 6.8174401855e+02 6.8182702637e+02 6.8191802979e+02 6.8199401855e+02 6.8208197021e+02 6.8217199707e+02 6.8229400635e+02 6.8241101074e+02 6.8252099609e+02 6.8264398193e+02 6.8275402832e+02 6.8287200928e+02 6.8300402832e+02 6.8313598633e+02 6.8324798584e+02 6.8338598633e+02 6.8351300049e+02 6.8362200928e+02 6.8373999023e+02 6.8385198975e+02 6.8397399902e+02 6.8409997559e+02 6.8425201416e+02 6.8437097168e+02 6.8448602295e+02 6.8462200928e+02 6.8473699951e+02 6.8485498047e+02 6.8495898438e+02 6.8507098389e+02 6.8519500732e+02 6.8530798340e+02 6.8541699219e+02 6.8553198242e+02 6.8561700439e+02 6.8571002197e+02 6.8582202148e+02 6.8593597412e+02 6.8603198242e+02
6.8108599854e+02 6.8117401123e+02 6.8123999023e+02 6.8131799316e+02 6.8139801025e+02 6.8146502686e+02 6.8153198242e+02 6.8161999512e+02 6.8170397949e+02 6.8177899170e+02 6.8186297607e+02 6.8196502686e+02 6.8207000732e+02 6.8217901611e+02 6.8228802490e+02 6.8240197754e+02 6.8253601074e+02 6.8265399170e+02 6.8277099609e+02 6.8288897705e+02 6.8301000977e+02 6.8313098145e+02 6.8325799561e+02 6.8338201904e+02 6.8348199463e+02 6.8361499023e+02 6.8373602295e+02 6.8384997559e+02 6.8397698975e+02 6.8411901855e+02 6.8423101807e+02 6.8434600830e+02 6.8447601318e+02 6.8460101318e+02 6.8471002197e+02 6.8480700684e+02 6.8493902588e+02 6.8504400635e+02 6.8515698242e+02 6.8527197266e+02 6.8537500000e+02 6.8547100830e+02 6.8557000732e+02 6.8567401123e+02 6.8579101563e+02 6.8589501953e+02
6.8093902588e+02 6.8102600098e+02 6.8108697510e+02 6.8116900635e+02 6.8124700928e+02 6.8133001709e+02 6.8140301514e+02 6.8148699951e+02 6.8156201172e+02 6.8164801025e+02 6.8173999023e+02 6.8184497070e+02 6.8195397949e+02 6.8206896973e+02 6.8217199707e+02 6.8226898193e+02 6.8238598633e+02 6.8252899170e+02 6.8265502930e+02 6.8277197266e+02 6.8289599609e+02 6.8300500488e+02 6.8312701416e+02 6.8323101807e+02 6.8334301758e+02 6.8348199463e+02 6.8360302734e+02 6.8372698975e+02 6.8384600830e+02 6.8398199463e+02 6.8410998535e+02 6.8422100830e+02 6.8433898926e+02 6.8445697021e+02 6.8455999756e+02 6.8465997314e+02 6.8479400635e+02 6.8488897705e+02 6.8501397705e+02 6.8513598633e+02 6.8522198486e+02 6.8533001709e+02 6.8542901611e+02 6.8552801514e+02 6.8564898682e+02 6.8574597168e+02
6.8078802490e+02 6.8086901855e+02 6.8093298340e+02 6.8101501465e+02 6.8109600830e+02 6.8118902588e+02 6.8125799561e+02 6.8133898926e+02 6.8142602539e+02 6.8151800537e+02 6.8160101318e+02 6.8170599365e+02 6.8182702637e+02 6.8194897461e+02 6.8205200195e+02 6.8214898682e+02 6.8225799561e+02 6.8239898682e+02 6.8252600098e+02 6.8265399170e+02 6.8277502441e+02 6.8286901855e+02 6.8299597168e+02 6.8309497070e+02 6.8321899414e+02 6.8334899902e+02 6.8346301270e+02 6.8359100342e+02 6.8370599365e+02 6.8384802246e+02 6.8397698975e+02 6.8407897949e+02 6.8420300293e+02 6.8432501221e+02 6.8441802979e+02 6.8453002930e+02 6.8466101074e+02 6.8474200439e+02 6.8487701416e+02 6.8499102783e+02 6.8506097412e+02 6.8518701172e+02 6.8529498291e+02 6.8539599609e+02 6.8550500488e+02 6.8560601807e+02
6.8063299561e+02 6.8070898438e+02 6.8078198242e+02 6.8086499023e+02 6.8094396973e+02 6.8102301025e+02 6.8109002686e+02 6.8117700195e+02 6.8128399658e+02 6.8138201904e+02 6.8147302246e+02 6.8158697510e+02 6.8169702148e+02 6.8181298828e+02 6.8192199707e+02 6.8203997803e+02 6.8215399170e+02 6.8226300049e+02 6.8238800049e+02 6.8253002930e+02 6.8265997314e+02 6.8273797607e+02 6.8285998535e+02 6.8297399902e+02 6.8309100342e+02 6.8321301270e+02 6.8333197021e+02 6.8346099854e+02 6.8357098389e+02 6.8372802734e+02 6.8384600830e+02 6.8393298340e+02 6.8406402588e+02 6.8419201660e+02 6.8429699707e+02 6.8441400146e+02 6.8453100586e+02 6.8460900879e+02 6.8473199463e+02 6.8483502197e+02 6.8491601563e+02 6.8504400635e+02 6.8515502930e+02 6.8526501465e+02 6.8536499023e+02 6.8547100830e+02
6.8048400879e+02 6.8056402588e+02 6.8064202881e+02 6.8071801758e+02 6.8077801514e+02 6.8086602783e+02 6.8094702148e+02 6.8104498291e+02 6.8115197754e+02 6.8125701904e+02 6.8135302734e+02 6.8145800781e+02 6.8155999756e+02 6.8167297363e+02 6.8179199219e+02 6.8191699219e+02 6.8202197266e+02 6.8216101074e+02 6.8226800537e+02 6.8238500977e+02 6.8250500488e+02 6.8260699463e+02 6.8271502686e+02 6.8282702637e+02 6.8294201660e+02 6.8307800293e+02 6.8319799805e+02 6.8332800293e+02 6.8343402100e+02 6.8359698486e+02 6.8371997070e+02 6.8381298828e+02 6.8393499756e+02 6.8404998779e+02 6.8418701172e+02 6.8430603027e+02 6.8440698242e+02 6.8449597168e+02 6.8459100342e+02 6.8468298340e+02 6.8478802490e+02 6.8489898682e+02 6.8500701904e+02 6.8512402344e+02 6.8522900391e+02 6.8534399414e+02
6.8033898926e+02 6.8042297363e+02 6.8049700928e+02 6.8056896973e+02 6.8062097168e+02 6.8071301270e+02 6.8080297852e+02 6.8090698242e+02 6.8100402832e+02 6.8112402344e+02 6.8122900391e+02 6.8131597900e+02 6.8141802979e+02 6.8154101563e+02 6.8165301514e+02 6.8177899170e+02 6.8189202881e+02 6.8202899170e+02 6.8214001465e+02 6.8225402832e+02 6.8236297607e+02 6.8247302246e+02 6.8259002686e+02 6.8270800781e+02 6.8282598877e+02 6.8295001221e+02 6.8305798340e+02 6.8319000244e+02 6.8331097412e+02 6.8346301270e+02 6.8358697510e+02 6.8368200684e+02 6.8378198242e+02 6.8389398193e+02 6.8404797363e+02 6.8416699219e+02 6.8427197266e+02 6.8436199951e+02 6.8444097900e+02 6.8454101563e+02 6.8466497803e+02 6.8476000977e+02 6.8486901855e+02 6.8497802734e+02 6.8509301758e+02 6.8519201660e+02
6.8020202637e+02 6.8027899170e+02 6.8034497070e+02 6.8042102051e+02 6.8047497559e+02 6.8055798340e+02 6.8065698242e+02 6.8077001953e+02 6.8085900879e+02 6.8098101807e+02 6.8109899902e+02 6.8119299316e+02 6.8129498291e+02 6.8141998291e+02 6.8152197266e+02 6.8163702393e+02 6.8175299072e+02 6.8187500000e+02 6.8200097656e+02 6.8212298584e+02 6.8224102783e+02 6.8234600830e+02 6.8246099854e+02 6.8258502197e+02 6.8269702148e+02 6.8281500244e+02 6.8291802979e+02 6.8303802490e+02 6.8316497803e+02 6.8331597900e+02 6.8344097900e+02 6.8353698730e+02 6.8363702393e+02 6.8376202393e+02 6.8390502930e+02 6.8401599121e+02 6.8413598633e+02 6.8424298096e+02 6.8432299805e+02 6.8441900635e+02 6.8453802490e+02 6.8461999512e+02 6.8472497559e+02 6.8483697510e+02 6.8495397949e+02 6.8504101563e+02
6.8007299805e+02 6.8013897705e+02 6.8019299316e+02 6.8027001953e+02 6.8033398438e+02 6.8040997314e+02 6.8050500488e+02 6.8061499023e+02 6.8071600342e+02 6.8084002686e+02 6.8095697021e+02 6.8105999756e+02 6.8116400146e+02 6.8128302002e+02 6.8139001465e+02 6.8150000000e+02 6.8160998535e+02 6.8173901367e+02 6.8186798096e+02 6.8198498535e+02 6.8210900879e+02 6.8221801758e+02 6.8233398438e+02 6.8245300293e+02 6.8255603027e+02 6.8267700195e+02 6.8278802490e+02 6.8289801025e+02 6.8301800537e+02 6.8316699219e+02 6.8329302979e+02 6.8339300537e+02 6.8350299072e+02 6.8363500977e+02 6.8376000977e+02 6.8386499023e+02 6.8399401855e+02 6.8409899902e+02 6.8419201660e+02 6.8429101563e+02 6.8439898682e+02 6.8448297119e+02 6.8458398438e+02 6.8469201660e+02 6.8480401611e+02 6.8489697266e+02
