TESTSERVER/16/4.asc
NCOLS 100
NROWS 100
XLLCORNER 8.2997500000e+03
YLLCORNER 2.8975025000e+05
CELLSIZE 5.0000000000e-01
NODATA_VALUE -9.9990000000e+03
[rows 80 to 99 of 100, columns 46 to 91 of 100]
6.7936798096e+02 6.7946899414e+02 6.7957098389e+02 6.7967700195e+02 6.7977502441e+02 6.7989099121e+02 6.8000201416e+02 6.8010797119e+02 6.8022601318e+02 6.8033502197e+02 6.8042700195e+02 6.8055798340e+02 6.8067700195e+02 6.8080401611e+02 6.8092102051e+02 6.8104699707e+02 6.8117999268e+02 6.8130499268e+02 6.8142901611e+02 6.8155700684e+02 6.8168701172e+02 6.8181597900e+02 6.8195300293e+02 6.8209100342e+02 6.8223101807e+02 6.8237701416e+02 6.8253002930e+02 6.8266302490e+02 6.8283197021e+02 6.8298400879e+02 6.8312402344e+02 6.8325201416e+02 6.8341400146e+02 6.8358502197e+02 6.8374902344e+02 6.8389801025e+02 6.8405603027e+02 6.8420300293e+02 6.8435699463e+02 6.8453302002e+02 6.8467999268e+02 6.8483300781e+02 6.8499700928e+02 6.8515899658e+02 6.8530297852e+02 6.8545001221e+02
6.7922302246e+02 6.7932202148e+02 6.7944598389e+02 6.7954699707e+02 6.7964202881e+02 6.7976501465e+02 6.7987500000e+02 6.7998602295e+02 6.8009497070e+02 6.8020501709e+02 6.8030603027e+02 6.8044097900e+02 6.8055603027e+02 6.8066998291e+02 6.8079199219e+02 6.8091101074e+02 6.8102697754e+02 6.8115502930e+02 6.8129602051e+02 6.8143200684e+02 6.8156799316e+02 6.8170098877e+02 6.8182501221e+02 6.8196600342e+02 6.8209399414e+02 6.8224700928e+02 6.8240698242e+02 6.8254498291e+02 6.8270501709e+02 6.8285101318e+02 6.8300402832e+02 6.8314501953e+02 6.8329998779e+02 6.8347100830e+02 6.8361798096e+02 6.8377197266e+02 6.8394396973e+02 6.8408099365e+02 6.8422399902e+02 6.8438201904e+02 6.8453302002e+02 6.8470697021e+02 6.8487402344e+02 6.8501800537e+02 6.8515399170e+02 6.8530700684e+02
6.7908801270e+02 6.7920001221e+02 6.7932098389e+02 6.7941699219e+02 6.7951202393e+02 6.7964202881e+02 6.7975097656e+02 6.7985302734e+02 6.7996301270e+02 6.8007598877e+02 6.8018798828e+02 6.8032098389e+02 6.8043798828e+02 6.8055401611e+02 6.8066998291e+02 6.8078997803e+02 6.8090698242e+02 6.8102502441e+02 6.8116497803e+02 6.8131597900e+02 6.8145202637e+02 6.8158197021e+02 6.8171301270e+02 6.8183898926e+02 6.8197100830e+02 6.8211901855e+02 6.8227001953e+02 6.8243402100e+02 6.8259600830e+02 6.8273699951e+02 6.8287597656e+02 6.8302899170e+02 6.8318597412e+02 6.8334301758e+02 6.8347802734e+02 6.8364202881e+02 6.8380401611e+02 6.8395300293e+02 6.8411602783e+02 6.8425500488e+02 6.8440197754e+02 6.8458001709e+02 6.8473498535e+02 6.8486499023e+02 6.8500201416e+02 6.8515502930e+02
6.7894799805e+02 6.7906896973e+02 6.7917602539e+02 6.7928198242e+02 6.7939300537e+02 6.7952301025e+02 6.7963098145e+02 6.7973400879e+02 6.7984997559e+02 6.7997302246e+02 6.8008697510e+02 6.8020599365e+02 6.8032598877e+02 6.8045098877e+02 6.8056896973e+02 6.8069000244e+02 6.8080798340e+02 6.8091400146e+02 6.8104302979e+02 6.8117797852e+02 6.8132598877e+02 6.8146899414e+02 6.8160998535e+02 6.8172497559e+02 6.8186401367e+02 6.8200201416e+02 6.8215301514e+02 6.8230798340e+02 6.8246099854e+02 6.8260498047e+02 6.8275598145e+02 6.8290997314e+02 6.8305700684e+02 6.8320599365e+02 6.8336401367e+02 6.8353100586e+02 6.8366998291e+02 6.8383001709e+02 6.8400500488e+02 6.8413702393e+02 6.8428002930e+02 6.8445202637e+02 6.8459600830e+02 6.8473999023e+02 6.8488897705e+02 6.8503002930e+02
6.7881597900e+02 6.7893597412e+02 6.7903399658e+02 6.7915197754e+02 6.7927502441e+02 6.7940399170e+02 6.7951300049e+02 6.7962500000e+02 6.7973797607e+02 6.7984100342e+02 6.7996002197e+02 6.8007501221e+02 6.8020098877e+02 6.8033398438e+02 6.8046197510e+02 6.8057299805e+02 6.8068103027e+02 6.8078497314e+02 6.8091699219e+02 6.8103497314e+02 6.8117700195e+02 6.8134197998e+02 6.8148297119e+02 6.8160699463e+02 6.8175000000e+02 6.8188000488e+02 6.8203399658e+02 6.8218701172e+02 6.8232800293e+02 6.8249499512e+02 6.8265100098e+02 6.8279101563e+02 6.8294396973e+02 6.8310498047e+02 6.8324902344e+02 6.8340899658e+02 6.8356500244e+02 6.8372601318e+02 6.8386700439e+02 6.8401800537e+02 6.8417401123e+02 6.8431701660e+02 6.8444500732e+02 6.8460601807e+02 6.8476202393e+02 6.8489801025e+02
6.7870800781e+02 6.7881500244e+02 6.7891101074e+02 6.7903100586e+02 6.7914099121e+02 6.7926599121e+02 6.7937799072e+02 6.7949298096e+02 6.7961102295e+02 6.7971600342e+02 6.7983697510e+02 6.7995397949e+02 6.8008001709e+02 6.8021197510e+02 6.8033001709e+02 6.8044702148e+02 6.8055902100e+02 6.8066900635e+02 6.8079400635e+02 6.8091400146e+02 6.8104901123e+02 6.8120098877e+02 6.8133697510e+02 6.8148400879e+02 6.8162799072e+02 6.8177801514e+02 6.8193798828e+02 6.8207000732e+02 6.8221398926e+02 6.8236401367e+02 6.8249597168e+02 6.8266601563e+02 6.8282800293e+02 6.8298797607e+02 6.8312298584e+02 6.8327600098e+02 6.8343103027e+02 6.8357202148e+02 6.8371301270e+02 6.8388299561e+02 6.8406701660e+02 6.8419500732e+02 6.8431402588e+02 6.8447497559e+02 6.8463000488e+02 6.8477001953e+02
6.7859698486e+02 6.7869702148e+02 6.7879498291e+02 6.7890301514e+02 6.7901202393e+02 6.7913800049e+02 6.7925201416e+02 6.7936499023e+02 6.7948297119e+02 6.7960498047e+02 6.7971697998e+02 6.7983197021e+02 6.7995697021e+02 6.8008599854e+02 6.8020202637e+02 6.8031896973e+02 6.8042901611e+02 6.8054199219e+02 6.8067199707e+02 6.8079998779e+02 6.8093402100e+02 6.8107000732e+02 6.8119897461e+02 6.8135601807e+02 6.8148901367e+02 6.8164697266e+02 6.8181701660e+02 6.8193499756e+02 6.8208697510e+02 6.8223498535e+02 6.8237200928e+02 6.8254699707e+02 6.8269598389e+02 6.8285302734e+02 6.8300500488e+02 6.8315301514e+02 6.8329797363e+02 6.8343902588e+02 6.8358697510e+02 6.8375097656e+02 6.8391699219e+02 6.8404699707e+02 6.8418798828e+02 6.8434600830e+02 6.8449401855e+02 6.8463702393e+02
6.7846301270e+02 6.7857397461e+02 6.7868902588e+02 6.7878601074e+02 6.7889099121e+02 6.7900701904e+02 6.7913000488e+02 6.7924401855e+02 6.7934802246e+02 6.7946997070e+02 6.7958398438e+02 6.7970001221e+02 6.7983197021e+02 6.7995898438e+02 6.8007800293e+02 6.8019097900e+02 6.8030297852e+02 6.8042102051e+02 6.8055200195e+02 6.8068402100e+02 6.8081298828e+02 6.8094702148e+02 6.8108801270e+02 6.8123400879e+02 6.8136901855e+02 6.8152099609e+02 6.8168200684e+02 6.8181201172e+02 6.8197302246e+02 6.8211602783e+02 6.8226501465e+02 6.8242700195e+02 6.8257397461e+02 6.8272399902e+02 6.8285302734e+02 6.8301898193e+02 6.8316497803e+02 6.8332299805e+02 6.8347998047e+02 6.8363299561e+02 6.8377697754e+02 6.8390899658e+02 6.8406201172e+02 6.8420898438e+02 6.8434802246e+02 6.8448797607e+02
6.7833099365e+02 6.7845800781e+02 6.7858197021e+02 6.7867297363e+02 6.7875799561e+02 6.7886102295e+02 6.7898699951e+02 6.7911102295e+02 6.7922198486e+02 6.7933599854e+02 6.7944299316e+02 6.7956201172e+02 6.7970599365e+02 6.7982897949e+02 6.7993902588e+02 6.8003601074e+02 6.8017199707e+02 6.8031799316e+02 6.8044000244e+02 6.8057397461e+02 6.8070599365e+02 6.8084197998e+02 6.8099298096e+02 6.8112799072e+02 6.8125799561e+02 6.8139202881e+02 6.8153198242e+02 6.8169500732e+02 6.8185601807e+02 6.8200402832e+02 6.8214801025e+02 6.8230401611e+02 6.8245001221e+02 6.8258001709e+02 6.8272601318e+02 6.8290502930e+02 6.8304699707e+02 6.8319799805e+02 6.8334698486e+02 6.8349102783e+02 6.8363702393e+02 6.8377301025e+02 6.8390802002e+02 6.8405999756e+02 6.8420397949e+02 6.8434600830e+02
6.7819799805e+02 6.7832000732e+02 6.7843298340e+02 6.7854699707e+02 6.7863702393e+02 6.7873297119e+02 6.7885198975e+02 6.7897601318e+02 6.7910302734e+02 6.7921899414e+02 6.7931298828e+02 6.7943902588e+02 6.7958197021e+02 6.7970397949e+02 6.7981402588e+02 6.7992199707e+02 6.8005902100e+02 6.8020898438e+02 6.8033300781e+02 6.8046600342e+02 6.8059698486e+02 6.8073797607e+02 6.8087097168e+02 6.8100598145e+02 6.8112799072e+02 6.8125897217e+02 6.8140802002e+02 6.8155499268e+02 6.8171502686e+02 6.8186999512e+02 6.8201501465e+02 6.8216400146e+02 6.8230902100e+02 6.8243798828e+02 6.8260101318e+02 6.8276702881e+02 6.8291198730e+02 6.8304797363e+02 6.8321197510e+02 6.8335601807e+02 6.8349798584e+02 6.8364099121e+02 6.8376202393e+02 6.8392498779e+02 6.8408197021e+02 6.8421899414e+02
6.7806799316e+02 6.7818902588e+02 6.7829302979e+02 6.7840100098e+02 6.7850097656e+02 6.7859997559e+02 6.7871997070e+02 6.7885198975e+02 6.7898699951e+02 6.7910400391e+02 6.7920202637e+02 6.7932800293e+02 6.7945599365e+02 6.7957501221e+02 6.7969396973e+02 6.7981597900e+02 6.7994598389e+02 6.8007702637e+02 6.8021600342e+02 6.8034497070e+02 6.8046899414e+02 6.8061602783e+02 6.8075701904e+02 6.8089697266e+02 6.8102197266e+02 6.8115197754e+02 6.8129901123e+02 6.8142498779e+02 6.8158599854e+02 6.8175000000e+02 6.8188702393e+02 6.8204699707e+02 6.8218701172e+02 6.8231500244e+02 6.8247302246e+02 6.8262902832e+02 6.8278802490e+02 6.8293200684e+02 6.8308801270e+02 6.8321099854e+02 6.8335498047e+02 6.8350897217e+02 6.8363000488e+02 6.8377301025e+02 6.8392999268e+02 6.8407202148e+02
6.7795098877e+02 6.7807000732e+02 6.7816802979e+02 6.7827301025e+02 6.7838397217e+02 6.7850402832e+02 6.7862597656e+02 6.7874700928e+02 6.7886999512e+02 6.7897601318e+02 6.7907202148e+02 6.7920300293e+02 6.7932397461e+02 6.7944000244e+02 6.7957000732e+02 6.7969598389e+02 6.7983398438e+02 6.7996600342e+02 6.8010699463e+02 6.8023101807e+02 6.8035797119e+02 6.8050201416e+02 6.8063897705e+02 6.8077502441e+02 6.8090698242e+02 6.8103601074e+02 6.8117102051e+02 6.8129797363e+02 6.8145397949e+02 6.8161602783e+02 6.8175097656e+02 6.8190802002e+02 6.8204101563e+02 6.8217401123e+02 6.8232202148e+02 6.8249298096e+02 6.8264599609e+02 6.8280499268e+02 6.8295898438e+02 6.8307299805e+02 6.8322698975e+02 6.8338098145e+02 6.8351202393e+02 6.8363598633e+02 6.8378497314e+02 6.8393103027e+02
6.7783099365e+02 6.7794396973e+02 6.7804199219e+02 6.7814202881e+02 6.7825701904e+02 6.7838098145e+02 6.7848602295e+02 6.7861297607e+02 6.7874102783e+02 6.7884899902e+02 6.7894897461e+02 6.7907897949e+02 6.7918902588e+02 6.7931298828e+02 6.7945599365e+02 6.7956799316e+02 6.7970202637e+02 6.7985400391e+02 6.8000000000e+02 6.8010900879e+02 6.8024102783e+02 6.8037701416e+02 6.8050799561e+02 6.8064599609e+02 6.8078198242e+02 6.8091400146e+02 6.8103900146e+02 6.8117797852e+02 6.8132897949e+02 6.8147399902e+02 6.8163000488e+02 6.8176098633e+02 6.8190600586e+02 6.8205798340e+02 6.8219897461e+02 6.8238098145e+02 6.8250701904e+02 6.8264599609e+02 6.8280499268e+02 6.8295599365e+02 6.8310498047e+02 6.8323297119e+02 6.8337701416e+02 6.8351300049e+02 6.8364501953e+02 6.8378399658e+02
6.7771099854e+02 6.7782098389e+02 6.7792401123e+02 6.7801599121e+02 6.7813397217e+02 6.7826702881e+02 6.7836999512e+02 6.7848400879e+02 6.7861401367e+02 6.7873101807e+02 6.7884497070e+02 6.7896899414e+02 6.7908300781e+02 6.7920202637e+02 6.7933099365e+02 6.7944299316e+02 6.7957202148e+02 6.7972302246e+02 6.7986602783e+02 6.7999700928e+02 6.8011999512e+02 6.8025201416e+02 6.8038500977e+02 6.8052600098e+02 6.8065997314e+02 6.8079400635e+02 6.8092498779e+02 6.8105102539e+02 6.8119396973e+02 6.8134301758e+02 6.8148400879e+02 6.8162402344e+02 6.8178002930e+02 6.8192102051e+02 6.8206597900e+02 6.8225402832e+02 6.8238299561e+02 6.8250299072e+02 6.8263702393e+02 6.8280401611e+02 6.8296899414e+02 6.8310101318e+02 6.8323699951e+02 6.8337701416e+02 6.8348797607e+02 6.8362200928e+02
6.7759600830e+02 6.7770202637e+02 6.7780102539e+02 6.7789801025e+02 6.7802197266e+02 6.7816101074e+02 6.7826800537e+02 6.7837097168e+02 6.7848699951e+02 6.7861102295e+02 6.7872802734e+02 6.7885797119e+02 6.7897100830e+02 6.7908398438e+02 6.7921697998e+02 6.7932800293e+02 6.7945697021e+02 6.7960198975e+02 6.7974102783e+02 6.7987298584e+02 6.8000000000e+02 6.8013397217e+02 6.8027001953e+02 6.8040100098e+02 6.8053601074e+02 6.8068499756e+02 6.8082702637e+02 6.8093798828e+02 6.8106298828e+02 6.8121801758e+02 6.8135400391e+02 6.8149499512e+02 6.8164099121e+02 6.8178802490e+02 6.8193298340e+02 6.8211297607e+02 6.8224597168e+02 6.8237597656e+02 6.8251501465e+02 6.8265698242e+02 6.8280902100e+02 6.8294201660e+02 6.8309002686e+02 6.8323101807e+02 6.8335900879e+02 6.8350201416e+02
6.7747497559e+02 6.7758300781e+02 6.7768103027e+02 6.7778900146e+02 6.7791400146e+02 6.7803900146e+02 6.7815100098e+02 6.7825897217e+02 6.7837402344e+02 6.7849298096e+02 6.7859301758e+02 6.7873400879e+02 6.7885101318e+02 6.7895098877e+02 6.7909002686e+02 6.7920501709e+02 6.7933599854e+02 6.7947399902e+02 6.7961901855e+02 6.7974700928e+02 6.7987902832e+02 6.8000897217e+02 6.8014697266e+02 6.8028100586e+02 6.8041101074e+02 6.8055499268e+02 6.8070501709e+02 6.8082598877e+02 6.8095202637e+02 6.8109802246e+02 6.8122497559e+02 6.8135400391e+02 6.8149401855e+02 6.8166198730e+02 6.8180902100e+02 6.8197497559e+02 6.8210198975e+02 6.8224102783e+02 6.8240197754e+02 6.8254101563e+02 6.8267999268e+02 6.8280798340e+02 6.8296398926e+02 6.8310498047e+02 6.8324499512e+02 6.8338897705e+02
6.7734997559e+02 6.7746697998e+02 6.7758502197e+02 6.7767700195e+02 6.7777899170e+02 6.7790002441e+02 6.7802600098e+02 6.7814398193e+02 6.7825897217e+02 6.7837097168e+02 6.7848101807e+02 6.7861102295e+02 6.7873199463e+02 6.7883898926e+02 6.7896502686e+02 6.7909197998e+02 6.7921899414e+02 6.7934802246e+02 6.7949401855e+02 6.7962200928e+02 6.7975799561e+02 6.7988299561e+02 6.8002398682e+02 6.8017297363e+02 6.8029699707e+02 6.8041101074e+02 6.8053900146e+02 6.8069396973e+02 6.8085797119e+02 6.8098199463e+02 6.8111297607e+02 6.8123901367e+02 6.8138299561e+02 6.8154302979e+02 6.8168499756e+02 6.8184399414e+02 6.8197998047e+02 6.8211602783e+02 6.8224102783e+02 6.8240502930e+02 6.8254797363e+02 6.8268402100e+02 6.8281201172e+02 6.8295397949e+02 6.8311102295e+02 6.8325299072e+02
6.7722802734e+02 6.7733898926e+02 6.7746600342e+02 6.7757702637e+02 6.7767297363e+02 6.7777899170e+02 6.7789099121e+02 6.7801098633e+02 6.7813098145e+02 6.7824902344e+02 6.7836401367e+02 6.7848999023e+02 6.7861999512e+02 6.7872802734e+02 6.7883197021e+02 6.7896899414e+02 6.7908801270e+02 6.7921502686e+02 6.7936798096e+02 6.7950097656e+02 6.7963201904e+02 6.7975799561e+02 6.7988800049e+02 6.8003399658e+02 6.8017999268e+02 6.8031097412e+02 6.8044799805e+02 6.8056597900e+02 6.8072100830e+02 6.8085400391e+02 6.8099200439e+02 6.8111700439e+02 6.8126098633e+02 6.8140802002e+02 6.8155499268e+02 6.8169396973e+02 6.8182897949e+02 6.8197802734e+02 6.8211602783e+02 6.8227301025e+02 6.8242999268e+02 6.8256799316e+02 6.8268499756e+02 6.8282000732e+02 6.8296502686e+02 6.8310797119e+02
6.7710797119e+02 6.7721002197e+02 6.7733300781e+02 6.7745800781e+02 6.7756597900e+02 6.7767901611e+02 6.7777301025e+02 6.7788397217e+02 6.7800701904e+02 6.7813201904e+02 6.7823999023e+02 6.7834899902e+02 6.7847802734e+02 6.7860198975e+02 6.7872601318e+02 6.7886499023e+02 6.7898101807e+02 6.7909997559e+02 6.7923999023e+02 6.7937402344e+02 6.7950201416e+02 6.7963000488e+02 6.7975897217e+02 6.7990698242e+02 6.8005297852e+02 6.8018499756e+02 6.8032397461e+02 6.8045001221e+02 6.8058599854e+02 6.8071899414e+02 6.8085900879e+02 6.8099298096e+02 6.8113201904e+02 6.8125897217e+02 6.8140301514e+02 6.8154699707e+02 6.8168402100e+02 6.8184100342e+02 6.8199200439e+02 6.8213598633e+02 6.8229498291e+02 6.8242797852e+02 6.8255798340e+02 6.8269500732e+02 6.8282897949e+02 6.8297302246e+02
6.7698901367e+02 6.7709301758e+02 6.7721997070e+02 6.7733099365e+02 6.7743597412e+02 6.7755798340e+02 6.7766198730e+02 6.7776702881e+02 6.7788299561e+02 6.7800799561e+02 6.7812500000e+02 6.7821997070e+02 6.7833599854e+02 6.7846801758e+02 6.7862097168e+02 6.7875097656e+02 6.7887298584e+02 6.7899200439e+02 6.7911901855e+02 6.7925000000e+02 6.7937500000e+02 6.7949499512e+02 6.7963098145e+02 6.7977697754e+02 6.7991998291e+02 6.8005200195e+02 6.8019201660e+02 6.8033398438e+02 6.8047900391e+02 6.8060498047e+02 6.8073498535e+02 6.8087298584e+02 6.8100500488e+02 6.8112298584e+02 6.8126300049e+02 6.8140899658e+02 6.8154901123e+02 6.8170001221e+02 6.8184600830e+02 6.8198498535e+02 6.8214001465e+02 6.8227398682e+02 6.8240399170e+02 6.8254901123e+02 6.8269201660e+02 6.8283801270e+02
