TESTSERVER/16/4.asc
NCOLS 100
NROWS 100
XLLCORNER 8.2997500000e+03
YLLCORNER 2.8975025000e+05
CELLSIZE 5.0000000000e-01
NODATA_VALUE -9.9990000000e+03
[rows 0 to 19 of 100, columns 0 to 45 of 100]
6.8592199707e+02 6.8602502441e+02 6.8611798096e+02 6.8621398926e+02 6.8632702637e+02 6.8644897461e+02 6.8656701660e+02 6.8666302490e+02 6.8675201416e+02 6.8685797119e+02 6.8696899414e+02 6.8707397461e+02 6.8718200684e+02 6.8730401611e+02 6.8741802979e+02 6.8752301025e+02 6.8762799072e+02 6.8774597168e+02 6.8783801270e+02 6.8792199707e+02 6.8802801514e+02 6.8812902832e+02 6.8821502686e+02 6.8830700684e+02 6.8840100098e+02 6.8848297119e+02 6.8856500244e+02 6.8866302490e+02 6.8876702881e+02 6.8888500977e+02 6.8900000000e+02 6.8910498047e+02 6.8920098877e+02 6.8931701660e+02 6.8942797852e+02 6.8953100586e+02 6.8962597656e+02 6.8976202393e+02 6.8988500977e+02 6.8997497559e+02 6.9004901123e+02 6.9014398193e+02 6.9024298096e+02 6.9033898926e+02 6.9041601563e+02 6.9049798584e+02
6.8572998047e+02 6.8583697510e+02 6.8592602539e+02 6.8602502441e+02 6.8614599609e+02 6.8626202393e+02 6.8636700439e+02 6.8646502686e+02 6.8655798340e+02 6.8666400146e+02 6.8678100586e+02 6.8689398193e+02 6.8700299072e+02 6.8711401367e+02 6.8721801758e+02 6.8733197021e+02 6.8743798828e+02 6.8754998779e+02 6.8765197754e+02 6.8775201416e+02 6.8785400391e+02 6.8794897461e+02 6.8803198242e+02 6.8812701416e+02 6.8822900391e+02 6.8832299805e+02 6.8841400146e+02 6.8850598145e+02 6.8859197998e+02 6.8870501709e+02 6.8882299805e+02 6.8893103027e+02 6.8903198242e+02 6.8915802002e+02 6.8924902344e+02 6.8935302734e+02 6.8948101807e+02 6.8960797119e+02 6.8972601318e+02 6.8983300781e+02 6.8991497803e+02 6.9002502441e+02 6.9010900879e+02 6.9020800781e+02 6.9028302002e+02 6.9035498047e+02
6.8553302002e+02 6.8564099121e+02 6.8573699951e+02 6.8584100342e+02 6.8595697021e+02 6.8605798340e+02 6.8615802002e+02 6.8625799561e+02 6.8635998535e+02 6.8647497559e+02 6.8658599854e+02 6.8670098877e+02 6.8681402588e+02 6.8692797852e+02 6.8702502441e+02 6.8713201904e+02 6.8723400879e+02 6.8733697510e+02 6.8744396973e+02 6.8756500244e+02 6.8766900635e+02 6.8777600098e+02 6.8786798096e+02 6.8797399902e+02 6.8807098389e+02 6.8815997314e+02 6.8825598145e+02 6.8834997559e+02 6.8842401123e+02 6.8853601074e+02 6.8865301514e+02 6.8875299072e+02 6.8885400391e+02 6.8898101807e+02 6.8907702637e+02 6.8919598389e+02 6.8933001709e+02 6.8944897461e+02 6.8955499268e+02 6.8967297363e+02 6.8978100586e+02 6.8989202881e+02 6.8996301270e+02 6.9006402588e+02 6.9015100098e+02 6.9022900391e+02
6.8535797119e+02 6.8546099854e+02 6.8554901123e+02 6.8564801025e+02 6.8576599121e+02 6.8587200928e+02 6.8597497559e+02 6.8607098389e+02 6.8616900635e+02 6.8628497314e+02 6.8639300537e+02 6.8649902344e+02 6.8660498047e+02 6.8673400879e+02 6.8684100342e+02 6.8694299316e+02 6.8704797363e+02 6.8714801025e+02 6.8725299072e+02 6.8736700439e+02 6.8746997070e+02 6.8758398438e+02 6.8768701172e+02 6.8779998779e+02 6.8790197754e+02 6.8799298096e+02 6.8809100342e+02 6.8818798828e+02 6.8826098633e+02 6.8837902832e+02 6.8848999023e+02 6.8858001709e+02 6.8868902588e+02 6.8882299805e+02 6.8892999268e+02 6.8905603027e+02 6.8918597412e+02 6.8930200195e+02 6.8940002441e+02 6.8952099609e+02 6.8964202881e+02 6.8974401855e+02 6.8982397461e+02 6.8992797852e+02 6.9001898193e+02 6.9010797119e+02
6.8517297363e+02 6.8529400635e+02 6.8538299561e+02 6.8547497559e+02 6.8558398438e+02 6.8568902588e+02 6.8578802490e+02 6.8588500977e+02 6.8599401855e+02 6.8609399414e+02 6.8620501709e+02 6.8631597900e+02 6.8641699219e+02 6.8654998779e+02 6.8665600586e+02 6.8675701904e+02 6.8688201904e+02 6.8698797607e+02 6.8709497070e+02 6.8718103027e+02 6.8727600098e+02 6.8739697266e+02 6.8750402832e+02 6.8761499023e+02 6.8771697998e+02 6.8780499268e+02 6.8790698242e+02 6.8801000977e+02 6.8809698486e+02 6.8821099854e+02 6.8832397461e+02 6.8841497803e+02 6.8851800537e+02 6.8866400146e+02 6.8878100586e+02 6.8889898682e+02 6.8903900146e+02 6.8915197754e+02 6.8926800537e+02 6.8939398193e+02 6.8949499512e+02 6.8960302734e+02 6.8970800781e+02 6.8979199219e+02 6.8988098145e+02 6.8997497559e+02
6.8501702881e+02 6.8512200928e+02 6.8521301270e+02 6.8531402588e+02 6.8540997314e+02 6.8549499512e+02 6.8559301758e+02 6.8570001221e+02 6.8580999756e+02 6.8590600586e+02 6.8600897217e+02 6.8612701416e+02 6.8622900391e+02 6.8635101318e+02 6.8646600342e+02 6.8656896973e+02 6.8668200684e+02 6.8679400635e+02 6.8690399170e+02 6.8700000000e+02 6.8710302734e+02 6.8721398926e+02 6.8732202148e+02 6.8743298340e+02 6.8753601074e+02 6.8764501953e+02 6.8774597168e+02 6.8784197998e+02 6.8793402100e+02 6.8804498291e+02 6.8816998291e+02 6.8827398682e+02 6.8838598633e+02 6.8852197266e+02 6.8865002441e+02 6.8876501465e+02 6.8887597656e+02 6.8900598145e+02 6.8912701416e+02 6.8924700928e+02 6.8934899902e+02 6.8945098877e+02 6.8955401611e+02 6.8963800049e+02 6.8975598145e+02 6.8984301758e+02
6.8486401367e+02 6.8495098877e+02 6.8503497314e+02 6.8514202881e+02 6.8523199463e+02 6.8531500244e+02 6.8541802979e+02 6.8552001953e+02 6.8562200928e+02 6.8573602295e+02 6.8584100342e+02 6.8594097900e+02 6.8603802490e+02 6.8615899658e+02 6.8627502441e+02 6.8637402344e+02 6.8647802734e+02 6.8660101318e+02 6.8670697021e+02 6.8681097412e+02 6.8692602539e+02 6.8704101563e+02 6.8714398193e+02 6.8724798584e+02 6.8735699463e+02 6.8747900391e+02 6.8758099365e+02 6.8767498779e+02 6.8775402832e+02 6.8786297607e+02 6.8799902344e+02 6.8812200928e+02 6.8826300049e+02 6.8839001465e+02 6.8850799561e+02 6.8861102295e+02 6.8872900391e+02 6.8886700439e+02 6.8896801758e+02 6.8908001709e+02 6.8921002197e+02 6.8932202148e+02 6.8942602539e+02 6.8951000977e+02 6.8961999512e+02 6.8970697021e+02
6.8470300293e+02 6.8478198242e+02 6.8486999512e+02 6.8497302246e+02 6.8507000732e+02 6.8516101074e+02 6.8526202393e+02 6.8535302734e+02 6.8545098877e+02 6.8556402588e+02 6.8567700195e+02 6.8576501465e+02 6.8585900879e+02 6.8597302246e+02 6.8608197021e+02 6.8618200684e+02 6.8629998779e+02 6.8642498779e+02 6.8652899170e+02 6.8663800049e+02 6.8675299072e+02 6.8686999512e+02 6.8697497559e+02 6.8708099365e+02 6.8718701172e+02 6.8730603027e+02 6.8740997314e+02 6.8749798584e+02 6.8756701660e+02 6.8768902588e+02 6.8783300781e+02 6.8796398926e+02 6.8811297607e+02 6.8825097656e+02 6.8836297607e+02 6.8846899414e+02 6.8859497070e+02 6.8871301270e+02 6.8882000732e+02 6.8894500732e+02 6.8907702637e+02 6.8917797852e+02 6.8928100586e+02 6.8937200928e+02 6.8947802734e+02 6.8956701660e+02
6.8452600098e+02 6.8461102295e+02 6.8470501709e+02 6.8479498291e+02 6.8490399170e+02 6.8499200439e+02 6.8508300781e+02 6.8519000244e+02 6.8530401611e+02 6.8538897705e+02 6.8549102783e+02 6.8558502197e+02 6.8568701172e+02 6.8579998779e+02 6.8590399170e+02 6.8601202393e+02 6.8613098145e+02 6.8624298096e+02 6.8634997559e+02 6.8646398926e+02 6.8658197021e+02 6.8668798828e+02 6.8679602051e+02 6.8691802979e+02 6.8703100586e+02 6.8714202881e+02 6.8725097656e+02 6.8733697510e+02 6.8741699219e+02 6.8755902100e+02 6.8770202637e+02 6.8782800293e+02 6.8797802734e+02 6.8810400391e+02 6.8822900391e+02 6.8834698486e+02 6.8846801758e+02 6.8854699707e+02 6.8866400146e+02 6.8879302979e+02 6.8890698242e+02 6.8902502441e+02 6.8914099121e+02 6.8924401855e+02 6.8935101318e+02 6.8943298340e+02
6.8434698486e+02 6.8444201660e+02 6.8453900146e+02 6.8462799072e+02 6.8472302246e+02 6.8481298828e+02 6.8490197754e+02 6.8500799561e+02 6.8511999512e+02 6.8522802734e+02 6.8531896973e+02 6.8540600586e+02 6.8552001953e+02 6.8563299561e+02 6.8573602295e+02 6.8584802246e+02 6.8595898438e+02 6.8606201172e+02 6.8616302490e+02 6.8627197266e+02 6.8639001465e+02 6.8650799561e+02 6.8662500000e+02 6.8674102783e+02 6.8685198975e+02 6.8697198486e+02 6.8708801270e+02 6.8718200684e+02 6.8726599121e+02 6.8741302490e+02 6.8755700684e+02 6.8767602539e+02 6.8781402588e+02 6.8795300293e+02 6.8809002686e+02 6.8820599365e+02 6.8830902100e+02 6.8840197754e+02 6.8851397705e+02 6.8864801025e+02 6.8877099609e+02 6.8888299561e+02 6.8899597168e+02 6.8909997559e+02 6.8920098877e+02 6.8929498291e+02
6.8417901611e+02 6.8428198242e+02 6.8437701416e+02 6.8446600342e+02 6.8456201172e+02 6.8465002441e+02 6.8473999023e+02 6.8484002686e+02 6.8494097900e+02 6.8505200195e+02 6.8514697266e+02 6.8524200439e+02 6.8534698486e+02 6.8545202637e+02 6.8555499268e+02 6.8566802979e+02 6.8578002930e+02 6.8589300537e+02 6.8599298096e+02 6.8609600830e+02 6.8620202637e+02 6.8632397461e+02 6.8645001221e+02 6.8656799316e+02 6.8667797852e+02 6.8679199219e+02 6.8690600586e+02 6.8702197266e+02 6.8712799072e+02 6.8726300049e+02 6.8739398193e+02 6.8751000977e+02 6.8764501953e+02 6.8780102539e+02 6.8793798828e+02 6.8805297852e+02 6.8816198730e+02 6.8828198242e+02 6.8838098145e+02 6.8850701904e+02 6.8863299561e+02 6.8873602295e+02 6.8884698486e+02 6.8896398926e+02 6.8906500244e+02 6.8915698242e+02
6.8401898193e+02 6.8412298584e+02 6.8420501709e+02 6.8429199219e+02 6.8439202881e+02 6.8447698975e+02 6.8456896973e+02 6.8466601563e+02 6.8476000977e+02 6.8486199951e+02 6.8496697998e+02 6.8507397461e+02 6.8517199707e+02 6.8527001953e+02 6.8537097168e+02 6.8547698975e+02 6.8559002686e+02 6.8571502686e+02 6.8582299805e+02 6.8592602539e+02 6.8602502441e+02 6.8614099121e+02 6.8626501465e+02 6.8639099121e+02 6.8650897217e+02 6.8661700439e+02 6.8673297119e+02 6.8686499023e+02 6.8699499512e+02 6.8713000488e+02 6.8725500488e+02 6.8737097168e+02 6.8749700928e+02 6.8764599609e+02 6.8777197266e+02 6.8789801025e+02 6.8803497314e+02 6.8816699219e+02 6.8826098633e+02 6.8837298584e+02 6.8848999023e+02 6.8858898926e+02 6.8869299316e+02 6.8880902100e+02 6.8891601563e+02 6.8900897217e+02
6.8388299561e+02 6.8396997070e+02 6.8404199219e+02 6.8413000488e+02 6.8422100830e+02 6.8430200195e+02 6.8439398193e+02 6.8449597168e+02 6.8459002686e+02 6.8468902588e+02 6.8479400635e+02 6.8489398193e+02 6.8498602295e+02 6.8508502197e+02 6.8519201660e+02 6.8529901123e+02 6.8541497803e+02 6.8553497314e+02 6.8564300537e+02 6.8573901367e+02 6.8584399414e+02 6.8596002197e+02 6.8608697510e+02 6.8621301270e+02 6.8632897949e+02 6.8645501709e+02 6.8658502197e+02 6.8670898438e+02 6.8682702637e+02 6.8696997070e+02 6.8711199951e+02 6.8724499512e+02 6.8735302734e+02 6.8750299072e+02 6.8761798096e+02 6.8773400879e+02 6.8789697266e+02 6.8802600098e+02 6.8813598633e+02 6.8824102783e+02 6.8834698486e+02 6.8844799805e+02 6.8855200195e+02 6.8866699219e+02 6.8876202393e+02 6.8886199951e+02
6.8371398926e+02 6.8379602051e+02 6.8387597656e+02 6.8396502686e+02 6.8405401611e+02 6.8413897705e+02 6.8423101807e+02 6.8432202148e+02 6.8441998291e+02 6.8452301025e+02 6.8462402344e+02 6.8471997070e+02 6.8481597900e+02 6.8490899658e+02 6.8500701904e+02 6.8511297607e+02 6.8522698975e+02 6.8535198975e+02 6.8546197510e+02 6.8556597900e+02 6.8568499756e+02 6.8579498291e+02 6.8591497803e+02 6.8603302002e+02 6.8615899658e+02 6.8628399658e+02 6.8640698242e+02 6.8652801514e+02 6.8664697266e+02 6.8681201172e+02 6.8697302246e+02 6.8708599854e+02 6.8719598389e+02 6.8736102295e+02 6.8748602295e+02 6.8759698486e+02 6.8774102783e+02 6.8786102295e+02 6.8797601318e+02 6.8809197998e+02 6.8821301270e+02 6.8831201172e+02 6.8841400146e+02 6.8851599121e+02 6.8859698486e+02 6.8870898438e+02
6.8354602051e+02 6.8362402344e+02 6.8371099854e+02 6.8379998779e+02 6.8388702393e+02 6.8397601318e+02 6.8407299805e+02 6.8415600586e+02 6.8426300049e+02 6.8436700439e+02 6.8446099854e+02 6.8455700684e+02 6.8465100098e+02 6.8474499512e+02 6.8483099365e+02 6.8493402100e+02 6.8505200195e+02 6.8517602539e+02 6.8528601074e+02 6.8539300537e+02 6.8551202393e+02 6.8563897705e+02 6.8575701904e+02 6.8586901855e+02 6.8600097656e+02 6.8612799072e+02 6.8624298096e+02 6.8636700439e+02 6.8649902344e+02 6.8666400146e+02 6.8682299805e+02 6.8693103027e+02 6.8705200195e+02 6.8718902588e+02 6.8732501221e+02 6.8745001221e+02 6.8758197021e+02 6.8770098877e+02 6.8781597900e+02 6.8794396973e+02 6.8806896973e+02 6.8816802979e+02 6.8827301025e+02 6.8837200928e+02 6.8846398926e+02 6.8856896973e+02
6.8338500977e+02 6.8346502686e+02 6.8355499268e+02 6.8364501953e+02 6.8373699951e+02 6.8382397461e+02 6.8391302490e+02 6.8399298096e+02 6.8410302734e+02 6.8420300293e+02 6.8429699707e+02 6.8439300537e+02 6.8448498535e+02 6.8459002686e+02 6.8467901611e+02 6.8477600098e+02 6.8488397217e+02 6.8499700928e+02 6.8510900879e+02 6.8521002197e+02 6.8532897949e+02 6.8546301270e+02 6.8558697510e+02 6.8570898438e+02 6.8585498047e+02 6.8597802734e+02 6.8609802246e+02 6.8622399902e+02 6.8635797119e+02 6.8652398682e+02 6.8668298340e+02 6.8679199219e+02 6.8691400146e+02 6.8704199219e+02 6.8717700195e+02 6.8729699707e+02 6.8742199707e+02 6.8754101563e+02 6.8764801025e+02 6.8777697754e+02 6.8789801025e+02 6.8801898193e+02 6.8812298584e+02 6.8822100830e+02 6.8833697510e+02 6.8842401123e+02
6.8322900391e+02 6.8332202148e+02 6.8340997314e+02 6.8349200439e+02 6.8358697510e+02 6.8366400146e+02 6.8374798584e+02 6.8383502197e+02 6.8393200684e+02 6.8401898193e+02 6.8411499023e+02 6.8422497559e+02 6.8431799316e+02 6.8442102051e+02 6.8451202393e+02 6.8461297607e+02 6.8472100830e+02 6.8482397461e+02 6.8493200684e+02 6.8503497314e+02 6.8516601563e+02 6.8529602051e+02 6.8541302490e+02 6.8553997803e+02 6.8569396973e+02 6.8583599854e+02 6.8597698975e+02 6.8610302734e+02 6.8622998047e+02 6.8639001465e+02 6.8654901123e+02 6.8666802979e+02 6.8677502441e+02 6.8690301514e+02 6.8702801514e+02 6.8712902832e+02 6.8723699951e+02 6.8737200928e+02 6.8748602295e+02 6.8761499023e+02 6.8772399902e+02 6.8785400391e+02 6.8796899414e+02 6.8805902100e+02 6.8817297363e+02 6.8827600098e+02
6.8307598877e+02 6.8316802979e+02 6.8324700928e+02 6.8332000732e+02 6.8341101074e+02 6.8350000000e+02 6.8359100342e+02 6.8367901611e+02 6.8378002930e+02 6.8386297607e+02 6.8394097900e+02 6.8404998779e+02 6.8414898682e+02 6.8424700928e+02 6.8434600830e+02 6.8445397949e+02 6.8455102539e+02 6.8465399170e+02 6.8475897217e+02 6.8486602783e+02 6.8499298096e+02 6.8513201904e+02 6.8526898193e+02 6.8540899658e+02 6.8554400635e+02 6.8568701172e+02 6.8583300781e+02 6.8596997070e+02 6.8609698486e+02 6.8625299072e+02 6.8640399170e+02 6.8652099609e+02 6.8663598633e+02 6.8675897217e+02 6.8687701416e+02 6.8697998047e+02 6.8709002686e+02 6.8721301270e+02 6.8732098389e+02 6.8745397949e+02 6.8757299805e+02 6.8767999268e+02 6.8779699707e+02 6.8789099121e+02 6.8800799561e+02 6.8810498047e+02
6.8292700195e+02 6.8302301025e+02 6.8309497070e+02 6.8316601563e+02 6.8325097656e+02 6.8333697510e+02 6.8343103027e+02 6.8352398682e+02 6.8361700439e+02 6.8369299316e+02 6.8377697754e+02 6.8388702393e+02 6.8398901367e+02 6.8408300781e+02 6.8418103027e+02 6.8428900146e+02 6.8438397217e+02 6.8449298096e+02 6.8460198975e+02 6.8470599365e+02 6.8482702637e+02 6.8495001221e+02 6.8508197021e+02 6.8522601318e+02 6.8537402344e+02 6.8552398682e+02 6.8567602539e+02 6.8582098389e+02 6.8595898438e+02 6.8611499023e+02 6.8626098633e+02 6.8637902832e+02 6.8650000000e+02 6.8662097168e+02 6.8673400879e+02 6.8684399414e+02 6.8696197510e+02 6.8707598877e+02 6.8717401123e+02 6.8728900146e+02 6.8740698242e+02 6.8750500488e+02 6.8761999512e+02 6.8772601318e+02 6.8784899902e+02 6.8794598389e+02
6.8278399658e+02 6.8287500000e+02 6.8294396973e+02 6.8302197266e+02 6.8309698486e+02 6.8318103027e+02 6.8327801514e+02 6.8337298584e+02 6.8345501709e+02 6.8353497314e+02 6.8363000488e+02 6.8373297119e+02 6.8382501221e+02 6.8391198730e+02 6.8400701904e+02 6.8411798096e+02 6.8422698975e+02 6.8433599854e+02 6.8444500732e+02 6.8455401611e+02 6.8467199707e+02 6.8478900146e+02 6.8491802979e+02 6.8506597900e+02 6.8523199463e+02 6.8538299561e+02 6.8553399658e+02 6.8568298340e+02 6.8582098389e+02 6.8596899414e+02 6.8611401367e+02 6.8623699951e+02 6.8635900879e+02 6.8648602295e+02 6.8659497070e+02 6.8670098877e+02 6.8681298828e+02 6.8692700195e+02 6.8703100586e+02 6.8713702393e+02 6.8724401855e+02 6.8733599854e+02 6.8746002197e+02 6.8757598877e+02 6.8768402100e+02 6.8778198242e+02
