TESTSERVER/16/5.asc
NCOLS 100
NROWS 100
XLLCORNER 8.2997500000e+03
YLLCORNER 2.8970025000e+05
CELLSIZE 5.0000000000e-01
NODATA_VALUE -9.9990000000e+03
[rows 80 to 99 of 100, columns 0 to 45 of 100]
6.6165197754e+02 6.6171997070e+02 6.6181298828e+02 6.6193298340e+02 6.6201800537e+02 6.6213397217e+02 6.6225201416e+02 6.6234899902e+02 6.6243499756e+02 6.6253802490e+02 6.6265802002e+02 6.6277001953e+02 6.6288000488e+02 6.6298999023e+02 6.6311901855e+02 6.6324200439e+02 6.6333898926e+02 6.6346801758e+02 6.6358398438e+02 6.6371197510e+02 6.6383001709e+02 6.6391400146e+02 6.6402502441e+02 6.6413800049e+02 6.6424200439e+02 6.6434698486e+02 6.6445697021e+02 6.6456201172e+02 6.6467700195e+02 6.6478997803e+02 6.6490698242e+02 6.6502600098e+02 6.6515802002e+02 6.6525701904e+02 6.6538500977e+02 6.6549401855e+02 6.6558502197e+02 6.6572198486e+02 6.6585498047e+02 6.6598297119e+02 6.6609600830e+02 6.6621697998e+02 6.6632800293e+02 6.6643402100e+02 6.6654797363e+02 6.6668402100e+02
6.6152099609e+02 6.6159002686e+02 6.6169799805e+02 6.6181597900e+02 6.6189398193e+02 6.6198999023e+02 6.6211199951e+02 6.6222497559e+02 6.6230999756e+02 6.6241302490e+02 6.6253399658e+02 6.6263500977e+02 6.6273101807e+02 6.6284997559e+02 6.6298400879e+02 6.6310400391e+02 6.6321002197e+02 6.6332501221e+02 6.6344299316e+02 6.6355401611e+02 6.6367901611e+02 6.6378497314e+02 6.6388897705e+02 6.6401202393e+02 6.6411102295e+02 6.6421002197e+02 6.6432501221e+02 6.6442901611e+02 6.6452398682e+02 6.6463800049e+02 6.6475799561e+02 6.6488000488e+02 6.6500000000e+02 6.6510302734e+02 6.6524200439e+02 6.6534997559e+02 6.6544799805e+02 6.6558398438e+02 6.6571600342e+02 6.6583898926e+02 6.6595501709e+02 6.6607702637e+02 6.6619201660e+02 6.6630499268e+02 6.6642102051e+02 6.6654101563e+02
6.6139300537e+02 6.6147698975e+02 6.6158599854e+02 6.6169097900e+02 6.6176800537e+02 6.6185998535e+02 6.6196002197e+02 6.6207202148e+02 6.6218597412e+02 6.6228900146e+02 6.6240301514e+02 6.6250500488e+02 6.6259997559e+02 6.6271398926e+02 6.6283099365e+02 6.6295397949e+02 6.6307501221e+02 6.6318298340e+02 6.6330200195e+02 6.6341601563e+02 6.6353802490e+02 6.6363598633e+02 6.6373901367e+02 6.6387402344e+02 6.6397497559e+02 6.6407702637e+02 6.6418701172e+02 6.6428900146e+02 6.6438702393e+02 6.6450097656e+02 6.6461401367e+02 6.6473498535e+02 6.6484301758e+02 6.6495697021e+02 6.6508502197e+02 6.6520098877e+02 6.6531896973e+02 6.6543298340e+02 6.6556097412e+02 6.6569500732e+02 6.6582098389e+02 6.6593103027e+02 6.6605102539e+02 6.6616802979e+02 6.6628601074e+02 6.6639099121e+02
6.6126599121e+02 6.6136199951e+02 6.6145800781e+02 6.6155401611e+02 6.6164300537e+02 6.6175299072e+02 6.6183898926e+02 6.6193499756e+02 6.6207000732e+02 6.6217999268e+02 6.6227801514e+02 6.6236901855e+02 6.6247900391e+02 6.6259002686e+02 6.6269097900e+02 6.6280401611e+02 6.6291400146e+02 6.6303198242e+02 6.6315197754e+02 6.6327502441e+02 6.6340301514e+02 6.6350000000e+02 6.6360498047e+02 6.6373602295e+02 6.6383801270e+02 6.6395300293e+02 6.6405700684e+02 6.6415399170e+02 6.6425299072e+02 6.6436102295e+02 6.6447698975e+02 6.6458801270e+02 6.6468902588e+02 6.6482202148e+02 6.6494000244e+02 6.6505798340e+02 6.6517999268e+02 6.6530499268e+02 6.6543103027e+02 6.6555102539e+02 6.6567901611e+02 6.6578302002e+02 6.6590100098e+02 6.6601501465e+02 6.6613098145e+02 6.6625201416e+02
6.6115997314e+02 6.6125201416e+02 6.6134100342e+02 6.6143298340e+02 6.6152502441e+02 6.6164898682e+02 6.6174102783e+02 6.6182299805e+02 6.6194396973e+02 6.6206701660e+02 6.6214202881e+02 6.6222198486e+02 6.6235101318e+02 6.6246002197e+02 6.6256298828e+02 6.6266900635e+02 6.6277099609e+02 6.6289501953e+02 6.6301000977e+02 6.6313201904e+02 6.6324798584e+02 6.6336199951e+02 6.6348297119e+02 6.6360601807e+02 6.6369500732e+02 6.6379901123e+02 6.6391497803e+02 6.6401800537e+02 6.6409399414e+02 6.6420599365e+02 6.6434698486e+02 6.6445501709e+02 6.6455700684e+02 6.6467700195e+02 6.6480999756e+02 6.6493103027e+02 6.6503399658e+02 6.6517297363e+02 6.6530102539e+02 6.6540899658e+02 6.6553002930e+02 6.6563598633e+02 6.6575299072e+02 6.6586901855e+02 6.6598101807e+02 6.6610699463e+02
6.6103802490e+02 6.6113397217e+02 6.6122998047e+02 6.6132598877e+02 6.6140502930e+02 6.6151300049e+02 6.6160699463e+02 6.6170001221e+02 6.6182702637e+02 6.6192901611e+02 6.6201501465e+02 6.6211602783e+02 6.6222100830e+02 6.6231896973e+02 6.6243298340e+02 6.6254699707e+02 6.6265100098e+02 6.6277301025e+02 6.6288397217e+02 6.6299798584e+02 6.6310699463e+02 6.6322601318e+02 6.6334399414e+02 6.6346099854e+02 6.6356298828e+02 6.6367199707e+02 6.6378399658e+02 6.6389398193e+02 6.6399499512e+02 6.6410400391e+02 6.6422802734e+02 6.6433502197e+02 6.6444000244e+02 6.6454400635e+02 6.6466601563e+02 6.6479400635e+02 6.6490600586e+02 6.6502099609e+02 6.6513897705e+02 6.6525402832e+02 6.6538201904e+02 6.6549401855e+02 6.6560498047e+02 6.6571899414e+02 6.6584100342e+02 6.6597601318e+02
6.6092199707e+02 6.6101800537e+02 6.6111401367e+02 6.6120397949e+02 6.6128802490e+02 6.6139099121e+02 6.6149102783e+02 6.6158502197e+02 6.6169702148e+02 6.6178900146e+02 6.6189202881e+02 6.6200201416e+02 6.6209899902e+02 6.6218798828e+02 6.6229498291e+02 6.6240197754e+02 6.6251202393e+02 6.6263299561e+02 6.6273602295e+02 6.6284002686e+02 6.6295697021e+02 6.6308001709e+02 6.6319702148e+02 6.6331896973e+02 6.6342700195e+02 6.6354302979e+02 6.6366101074e+02 6.6376599121e+02 6.6387701416e+02 6.6398297119e+02 6.6409399414e+02 6.6420397949e+02 6.6431402588e+02 6.6441198730e+02 6.6451599121e+02 6.6464501953e+02 6.6476898193e+02 6.6487200928e+02 6.6499200439e+02 6.6511199951e+02 6.6523999023e+02 6.6535900879e+02 6.6546697998e+02 6.6557202148e+02 6.6570599365e+02 6.6584997559e+02
6.6082098389e+02 6.6090600586e+02 6.6099200439e+02 6.6107800293e+02 6.6116699219e+02 6.6126501465e+02 6.6137298584e+02 6.6147302246e+02 6.6156201172e+02 6.6165399170e+02 6.6176898193e+02 6.6187902832e+02 6.6197900391e+02 6.6207897949e+02 6.6217901611e+02 6.6227301025e+02 6.6237701416e+02 6.6249499512e+02 6.6259497070e+02 6.6269201660e+02 6.6280902100e+02 6.6293200684e+02 6.6305297852e+02 6.6317797852e+02 6.6329797363e+02 6.6340802002e+02 6.6352197266e+02 6.6363201904e+02 6.6375097656e+02 6.6385101318e+02 6.6395397949e+02 6.6406896973e+02 6.6418103027e+02 6.6428497314e+02 6.6438702393e+02 6.6451202393e+02 6.6463000488e+02 6.6473297119e+02 6.6485198975e+02 6.6497497559e+02 6.6509497070e+02 6.6521398926e+02 6.6532800293e+02 6.6543701172e+02 6.6556097412e+02 6.6569396973e+02
6.6071099854e+02 6.6079699707e+02 6.6088397217e+02 6.6096502686e+02 6.6103900146e+02 6.6114001465e+02 6.6124200439e+02 6.6134997559e+02 6.6143200684e+02 6.6152001953e+02 6.6162902832e+02 6.6173999023e+02 6.6183898926e+02 6.6195300293e+02 6.6205902100e+02 6.6215802002e+02 6.6224597168e+02 6.6235699463e+02 6.6246197510e+02 6.6255603027e+02 6.6266802979e+02 6.6279901123e+02 6.6292797852e+02 6.6304400635e+02 6.6316699219e+02 6.6326702881e+02 6.6336602783e+02 6.6348699951e+02 6.6361102295e+02 6.6370599365e+02 6.6382000732e+02 6.6394000244e+02 6.6404998779e+02 6.6415100098e+02 6.6425799561e+02 6.6438397217e+02 6.6449798584e+02 6.6461199951e+02 6.6471997070e+02 6.6483898926e+02 6.6495202637e+02 6.6507598877e+02 6.6519500732e+02 6.6530700684e+02 6.6542901611e+02 6.6555798340e+02
6.6061999512e+02 6.6069396973e+02 6.6077697754e+02 6.6086602783e+02 6.6092901611e+02 6.6102697754e+02 6.6112799072e+02 6.6122998047e+02 6.6131402588e+02 6.6140399170e+02 6.6150299072e+02 6.6161999512e+02 6.6172100830e+02 6.6179901123e+02 6.6190197754e+02 6.6202697754e+02 6.6212902832e+02 6.6222497559e+02 6.6233099365e+02 6.6243798828e+02 6.6254498291e+02 6.6265698242e+02 6.6277899170e+02 6.6290100098e+02 6.6301599121e+02 6.6314801025e+02 6.6325000000e+02 6.6335498047e+02 6.6346099854e+02 6.6356597900e+02 6.6369598389e+02 6.6380902100e+02 6.6390600586e+02 6.6400000000e+02 6.6411700439e+02 6.6424401855e+02 6.6435900879e+02 6.6446502686e+02 6.6457098389e+02 6.6469000244e+02 6.6480700684e+02 6.6491900635e+02 6.6503399658e+02 6.6515399170e+02 6.6528399658e+02 6.6540997314e+02
6.6053601074e+02 6.6059899902e+02 6.6066400146e+02 6.6075097656e+02 6.6082598877e+02 6.6091900635e+02 6.6100799561e+02 6.6109997559e+02 6.6119299316e+02 6.6128802490e+02 6.6138098145e+02 6.6148999023e+02 6.6159698486e+02 6.6166699219e+02 6.6176599121e+02 6.6188800049e+02 6.6199700928e+02 6.6209301758e+02 6.6219598389e+02 6.6230401611e+02 6.6241198730e+02 6.6251000977e+02 6.6262500000e+02 6.6275402832e+02 6.6286297607e+02 6.6298602295e+02 6.6311199951e+02 6.6323699951e+02 6.6332397461e+02 6.6344000244e+02 6.6355700684e+02 6.6367999268e+02 6.6378100586e+02 6.6386297607e+02 6.6397198486e+02 6.6408898926e+02 6.6421099854e+02 6.6432598877e+02 6.6442901611e+02 6.6454602051e+02 6.6466302490e+02 6.6477099609e+02 6.6489001465e+02 6.6501098633e+02 6.6514599609e+02 6.6527398682e+02
6.6043798828e+02 6.6051000977e+02 6.6057202148e+02 6.6064398193e+02 6.6072399902e+02 6.6080902100e+02 6.6088598633e+02 6.6096697998e+02 6.6107202148e+02 6.6117297363e+02 6.6126702881e+02 6.6135797119e+02 6.6146697998e+02 6.6155102539e+02 6.6164697266e+02 6.6175299072e+02 6.6185400391e+02 6.6196502686e+02 6.6207098389e+02 6.6216900635e+02 6.6227502441e+02 6.6237500000e+02 6.6249401855e+02 6.6262799072e+02 6.6273101807e+02 6.6282897949e+02 6.6296099854e+02 6.6308898926e+02 6.6318103027e+02 6.6330401611e+02 6.6340002441e+02 6.6352899170e+02 6.6363598633e+02 6.6373498535e+02 6.6384301758e+02 6.6394598389e+02 6.6405401611e+02 6.6417999268e+02 6.6428601074e+02 6.6439300537e+02 6.6449700928e+02 6.6461297607e+02 6.6473999023e+02 6.6486297607e+02 6.6500097656e+02 6.6512902832e+02
6.6033398438e+02 6.6041601563e+02 6.6049401855e+02 6.6055902100e+02 6.6063201904e+02 6.6071301270e+02 6.6078997803e+02 6.6086700439e+02 6.6097302246e+02 6.6104901123e+02 6.6113800049e+02 6.6122399902e+02 6.6132098389e+02 6.6142602539e+02 6.6153100586e+02 6.6162597656e+02 6.6173498535e+02 6.6184698486e+02 6.6194897461e+02 6.6204797363e+02 6.6214398193e+02 6.6225799561e+02 6.6238897705e+02 6.6250701904e+02 6.6258697510e+02 6.6268701172e+02 6.6280700684e+02 6.6293103027e+02 6.6305999756e+02 6.6316302490e+02 6.6326599121e+02 6.6339398193e+02 6.6349902344e+02 6.6359698486e+02 6.6371002197e+02 6.6381298828e+02 6.6391497803e+02 6.6403100586e+02 6.6415399170e+02 6.6425299072e+02 6.6435101318e+02 6.6447100830e+02 6.6458300781e+02 6.6469299316e+02 6.6482202148e+02 6.6496301270e+02
6.6024102783e+02 6.6032000732e+02 6.6040100098e+02 6.6048101807e+02 6.6055902100e+02 6.6062799072e+02 6.6069598389e+02 6.6076202393e+02 6.6084497070e+02 6.6093701172e+02 6.6102801514e+02 6.6110400391e+02 6.6119000244e+02 6.6130499268e+02 6.6141998291e+02 6.6150799561e+02 6.6160998535e+02 6.6172399902e+02 6.6181402588e+02 6.6191802979e+02 6.6202197266e+02 6.6212200928e+02 6.6224499512e+02 6.6235302734e+02 6.6244897461e+02 6.6256799316e+02 6.6268200684e+02 6.6279602051e+02 6.6290899658e+02 6.6302301025e+02 6.6312701416e+02 6.6324298096e+02 6.6336901855e+02 6.6347100830e+02 6.6358099365e+02 6.6368200684e+02 6.6378198242e+02 6.6388800049e+02 6.6402099609e+02 6.6411999512e+02 6.6421502686e+02 6.6433398438e+02 6.6444000244e+02 6.6456298828e+02 6.6469500732e+02 6.6480499268e+02
6.6014697266e+02 6.6021301270e+02 6.6029302979e+02 6.6038000488e+02 6.6046600342e+02 6.6053497314e+02 6.6060198975e+02 6.6066998291e+02 6.6075000000e+02 6.6084399414e+02 6.6092797852e+02 6.6100402832e+02 6.6108398438e+02 6.6118499756e+02 6.6128497314e+02 6.6137298584e+02 6.6149902344e+02 6.6160900879e+02 6.6169097900e+02 6.6178900146e+02 6.6189501953e+02 6.6199902344e+02 6.6211901855e+02 6.6222399902e+02 6.6232598877e+02 6.6243798828e+02 6.6254602051e+02 6.6266302490e+02 6.6276898193e+02 6.6288397217e+02 6.6298999023e+02 6.6309997559e+02 6.6323297119e+02 6.6332501221e+02 6.6343902588e+02 6.6355200195e+02 6.6365100098e+02 6.6375598145e+02 6.6388098145e+02 6.6397100830e+02 6.6407702637e+02 6.6419500732e+02 6.6429400635e+02 6.6441101074e+02 6.6453997803e+02 6.6465802002e+02
6.6005999756e+02 6.6011499023e+02 6.6020397949e+02 6.6029302979e+02 6.6036798096e+02 6.6044500732e+02 6.6051202393e+02 6.6058398438e+02 6.6066497803e+02 6.6073498535e+02 6.6081097412e+02 6.6089398193e+02 6.6097998047e+02 6.6106896973e+02 6.6116400146e+02 6.6125000000e+02 6.6136901855e+02 6.6147998047e+02 6.6157702637e+02 6.6166699219e+02 6.6176599121e+02 6.6187097168e+02 6.6197998047e+02 6.6208801270e+02 6.6220098877e+02 6.6230603027e+02 6.6241497803e+02 6.6253601074e+02 6.6264300537e+02 6.6275897217e+02 6.6286401367e+02 6.6296697998e+02 6.6308300781e+02 6.6318902588e+02 6.6329602051e+02 6.6341302490e+02 6.6352697754e+02 6.6363201904e+02 6.6373999023e+02 6.6383398438e+02 6.6393902588e+02 6.6404797363e+02 6.6415197754e+02 6.6426501465e+02 6.6437402344e+02 6.6450799561e+02
6.5998901367e+02 6.6003198242e+02 6.6011499023e+02 6.6019201660e+02 6.6026202393e+02 6.6035198975e+02 6.6042602539e+02 6.6050402832e+02 6.6057897949e+02 6.6061999512e+02 6.6069201660e+02 6.6077697754e+02 6.6087298584e+02 6.6095397949e+02 6.6104998779e+02 6.6114099121e+02 6.6122302246e+02 6.6134497070e+02 6.6146002197e+02 6.6155700684e+02 6.6163702393e+02 6.6175598145e+02 6.6185198975e+02 6.6195800781e+02 6.6208398438e+02 6.6217999268e+02 6.6229199219e+02 6.6241101074e+02 6.6252801514e+02 6.6263702393e+02 6.6274298096e+02 6.6284197998e+02 6.6294702148e+02 6.6306597900e+02 6.6315502930e+02 6.6325097656e+02 6.6338299561e+02 6.6349102783e+02 6.6359997559e+02 6.6372302246e+02 6.6382098389e+02 6.6390100098e+02 6.6400598145e+02 6.6412799072e+02 6.6423297119e+02 6.6434899902e+02
6.5990197754e+02 6.5995599365e+02 6.6003601074e+02 6.6010601807e+02 6.6016302490e+02 6.6024200439e+02 6.6032501221e+02 6.6041497803e+02 6.6050402832e+02 6.6056298828e+02 6.6061999512e+02 6.6068701172e+02 6.6076898193e+02 6.6086401367e+02 6.6094299316e+02 6.6101898193e+02 6.6110900879e+02 6.6122302246e+02 6.6133001709e+02 6.6143402100e+02 6.6152801514e+02 6.6164099121e+02 6.6174200439e+02 6.6183898926e+02 6.6196002197e+02 6.6206097412e+02 6.6217602539e+02 6.6228698730e+02 6.6238800049e+02 6.6250299072e+02 6.6261499023e+02 6.6271502686e+02 6.6282202148e+02 6.6293499756e+02 6.6302301025e+02 6.6312597656e+02 6.6325701904e+02 6.6334997559e+02 6.6346398926e+02 6.6359197998e+02 6.6367199707e+02 6.6377502441e+02 6.6387597656e+02 6.6398797607e+02 6.6410601807e+02 6.6420599365e+02
6.5981097412e+02 6.5987902832e+02 6.5995697021e+02 6.6002899170e+02 6.6007000732e+02 6.6014202881e+02 6.6021899414e+02 6.6030200195e+02 6.6039801025e+02 6.6047802734e+02 6.6054400635e+02 6.6060900879e+02 6.6067102051e+02 6.6076098633e+02 6.6083898926e+02 6.6091601563e+02 6.6101501465e+02 6.6111499023e+02 6.6120697021e+02 6.6130200195e+02 6.6141400146e+02 6.6152099609e+02 6.6162597656e+02 6.6171997070e+02 6.6182800293e+02 6.6193298340e+02 6.6204797363e+02 6.6216601563e+02 6.6226397705e+02 6.6236602783e+02 6.6248101807e+02 6.6259698486e+02 6.6271301270e+02 6.6281896973e+02 6.6291400146e+02 6.6302099609e+02 6.6312597656e+02 6.6322399902e+02 6.6334301758e+02 6.6345300293e+02 6.6351898193e+02 6.6363800049e+02 6.6375000000e+02 6.6385400391e+02 6.6396301270e+02 6.6406500244e+02
6.5971099854e+02 6.5978100586e+02 6.5986401367e+02 6.5994500732e+02 6.5998602295e+02 6.6005700684e+02 6.6012701416e+02 6.6019598389e+02 6.6028497314e+02 6.6036499023e+02 6.6045300293e+02 6.6053802490e+02 6.6059399414e+02 6.6066699219e+02 6.6074798584e+02 6.6081701660e+02 6.6091101074e+02 6.6101202393e+02 6.6109002686e+02 6.6118597412e+02 6.6130603027e+02 6.6140301514e+02 6.6151000977e+02 6.6160101318e+02 6.6169799805e+02 6.6180401611e+02 6.6191900635e+02 6.6204199219e+02 6.6214697266e+02 6.6224597168e+02 6.6235302734e+02 6.6246502686e+02 6.6258197021e+02 6.6268499756e+02 6.6278997803e+02 6.6290399170e+02 6.6299597168e+02 6.6308599854e+02 6.6320001221e+02 6.6331097412e+02 6.6340002441e+02 6.6350598145e+02 6.6361798096e+02 6.6372100830e+02 6.6381500244e+02 6.6391302490e+02
