TESTSERVER/16/5.asc
NCOLS 100
NROWS 100
XLLCORNER 8.2997500000e+03
YLLCORNER 2.8970025000e+05
CELLSIZE 5.0000000000e-01
NODATA_VALUE -9.9990000000e+03
[rows 20 to 39 of 100, columns 0 to 45 of 100]
6.6917797852e+02 6.6928698730e+02 6.6940399170e+02 6.6952398682e+02 6.6962799072e+02 6.6974597168e+02 6.6985699463e+02 6.6994396973e+02 6.7005603027e+02 6.7019500732e+02 6.7032098389e+02 6.7045397949e+02 6.7059002686e+02 6.7072100830e+02 6.7083502197e+02 6.7095697021e+02 6.7109399414e+02 6.7122100830e+02 6.7135900879e+02 6.7149798584e+02 6.7161102295e+02 6.7172998047e+02 6.7184698486e+02 6.7196197510e+02 6.7210498047e+02 6.7221697998e+02 6.7232897949e+02 6.7246002197e+02 6.7258801270e+02 6.7270800781e+02 6.7282299805e+02 6.7294500732e+02 6.7307299805e+02 6.7316601563e+02 6.7327398682e+02 6.7338000488e+02 6.7346697998e+02 6.7357800293e+02 6.7368701172e+02 6.7380401611e+02 6.7391802979e+02 6.7401702881e+02 6.7412597656e+02 6.7423901367e+02 6.7434497070e+02 6.7446099854e+02
6.6905297852e+02 6.6915997314e+02 6.6926300049e+02 6.6938397217e+02 6.6950897217e+02 6.6961700439e+02 6.6971801758e+02 6.6980499268e+02 6.6991101074e+02 6.7003997803e+02 6.7017700195e+02 6.7029699707e+02 6.7042102051e+02 6.7055999756e+02 6.7068798828e+02 6.7081298828e+02 6.7093902588e+02 6.7106799316e+02 6.7119201660e+02 6.7132299805e+02 6.7145397949e+02 6.7158502197e+02 6.7168902588e+02 6.7181402588e+02 6.7195898438e+02 6.7207397461e+02 6.7219396973e+02 6.7232897949e+02 6.7246398926e+02 6.7257897949e+02 6.7269702148e+02 6.7281500244e+02 6.7294097900e+02 6.7304498291e+02 6.7315899658e+02 6.7326898193e+02 6.7336999512e+02 6.7347802734e+02 6.7359197998e+02 6.7370501709e+02 6.7381402588e+02 6.7391101074e+02 6.7400897217e+02 6.7413000488e+02 6.7423797607e+02 6.7434997559e+02
6.6892797852e+02 6.6902197266e+02 6.6911102295e+02 6.6923101807e+02 6.6936700439e+02 6.6946899414e+02 6.6958001709e+02 6.6969097900e+02 6.6978997803e+02 6.6990301514e+02 6.7003198242e+02 6.7014697266e+02 6.7027197266e+02 6.7040301514e+02 6.7052301025e+02 6.7065100098e+02 6.7078601074e+02 6.7091400146e+02 6.7102502441e+02 6.7115802002e+02 6.7130700684e+02 6.7142602539e+02 6.7153900146e+02 6.7166601563e+02 6.7179400635e+02 6.7192199707e+02 6.7205200195e+02 6.7218798828e+02 6.7232000732e+02 6.7243701172e+02 6.7255999756e+02 6.7267999268e+02 6.7282000732e+02 6.7293200684e+02 6.7304901123e+02 6.7316400146e+02 6.7326898193e+02 6.7336901855e+02 6.7348602295e+02 6.7359997559e+02 6.7370800781e+02 6.7381201172e+02 6.7391302490e+02 6.7402697754e+02 6.7412097168e+02 6.7423199463e+02
6.6879901123e+02 6.6888299561e+02 6.6897399902e+02 6.6909600830e+02 6.6921997070e+02 6.6932000732e+02 6.6944500732e+02 6.6956298828e+02 6.6965698242e+02 6.6976599121e+02 6.6987799072e+02 6.6999401855e+02 6.7012402344e+02 6.7024597168e+02 6.7035900879e+02 6.7049102783e+02 6.7063397217e+02 6.7076599121e+02 6.7087500000e+02 6.7100799561e+02 6.7116400146e+02 6.7127697754e+02 6.7140301514e+02 6.7151702881e+02 6.7162902832e+02 6.7176898193e+02 6.7191400146e+02 6.7205297852e+02 6.7217700195e+02 6.7229699707e+02 6.7242700195e+02 6.7255499268e+02 6.7270202637e+02 6.7280999756e+02 6.7291699219e+02 6.7302801514e+02 6.7314202881e+02 6.7326300049e+02 6.7337701416e+02 6.7349102783e+02 6.7361102295e+02 6.7371002197e+02 6.7381500244e+02 6.7392297363e+02 6.7401202393e+02 6.7412097168e+02
6.6867401123e+02 6.6876599121e+02 6.6884802246e+02 6.6896197510e+02 6.6906500244e+02 6.6917199707e+02 6.6930999756e+02 6.6942498779e+02 6.6952502441e+02 6.6963397217e+02 6.6972998047e+02 6.6984399414e+02 6.6997302246e+02 6.7009899902e+02 6.7022302246e+02 6.7035302734e+02 6.7048199463e+02 6.7059802246e+02 6.7071502686e+02 6.7085101318e+02 6.7099298096e+02 6.7111499023e+02 6.7125402832e+02 6.7136499023e+02 6.7146801758e+02 6.7160699463e+02 6.7176300049e+02 6.7191400146e+02 6.7202899170e+02 6.7215997314e+02 6.7229602051e+02 6.7243499756e+02 6.7257897949e+02 6.7268103027e+02 6.7278900146e+02 6.7290100098e+02 6.7302301025e+02 6.7315301514e+02 6.7326300049e+02 6.7336999512e+02 6.7350701904e+02 6.7359600830e+02 6.7370898438e+02 6.7382897949e+02 6.7393902588e+02 6.7403698730e+02
6.6854998779e+02 6.6863897705e+02 6.6873699951e+02 6.6885601807e+02 6.6894598389e+02 6.6904602051e+02 6.6916802979e+02 6.6927197266e+02 6.6938897705e+02 6.6950201416e+02 6.6959802246e+02 6.6971002197e+02 6.6983099365e+02 6.6994598389e+02 6.7007299805e+02 6.7019897461e+02 6.7032501221e+02 6.7043499756e+02 6.7056701660e+02 6.7072601318e+02 6.7084399414e+02 6.7095098877e+02 6.7108801270e+02 6.7121301270e+02 6.7133099365e+02 6.7148297119e+02 6.7163000488e+02 6.7177600098e+02 6.7190301514e+02 6.7204101563e+02 6.7217901611e+02 6.7230401611e+02 6.7244799805e+02 6.7255200195e+02 6.7265002441e+02 6.7275799561e+02 6.7289398193e+02 6.7301898193e+02 6.7313897705e+02 6.7326098633e+02 6.7339501953e+02 6.7349298096e+02 6.7360198975e+02 6.7372497559e+02 6.7384002686e+02 6.7393798828e+02
6.6841198730e+02 6.6850799561e+02 6.6861700439e+02 6.6872497559e+02 6.6880297852e+02 6.6891497803e+02 6.6901898193e+02 6.6912200928e+02 6.6924298096e+02 6.6934899902e+02 6.6946502686e+02 6.6957299805e+02 6.6968103027e+02 6.6980297852e+02 6.6993200684e+02 6.7005102539e+02 6.7017700195e+02 6.7029797363e+02 6.7042700195e+02 6.7056402588e+02 6.7067797852e+02 6.7080200195e+02 6.7092102051e+02 6.7104699707e+02 6.7116699219e+02 6.7133001709e+02 6.7148297119e+02 6.7161499023e+02 6.7176397705e+02 6.7190997314e+02 6.7203601074e+02 6.7215899658e+02 6.7230297852e+02 6.7240997314e+02 6.7251702881e+02 6.7262402344e+02 6.7276397705e+02 6.7288397217e+02 6.7299798584e+02 6.7313098145e+02 6.7327197266e+02 6.7338500977e+02 6.7348699951e+02 6.7360900879e+02 6.7373797607e+02 6.7384497070e+02
6.6828302002e+02 6.6838000488e+02 6.6848400879e+02 6.6857800293e+02 6.6867297363e+02 6.6878302002e+02 6.6888702393e+02 6.6899902344e+02 6.6910601807e+02 6.6921197510e+02 6.6934301758e+02 6.6944500732e+02 6.6953997803e+02 6.6966802979e+02 6.6978601074e+02 6.6989501953e+02 6.7002801514e+02 6.7015197754e+02 6.7028100586e+02 6.7039300537e+02 6.7052600098e+02 6.7066198730e+02 6.7076501465e+02 6.7089300537e+02 6.7101202393e+02 6.7117901611e+02 6.7134197998e+02 6.7146600342e+02 6.7160601807e+02 6.7175299072e+02 6.7189001465e+02 6.7202197266e+02 6.7215002441e+02 6.7227001953e+02 6.7239001465e+02 6.7251098633e+02 6.7263500977e+02 6.7275500488e+02 6.7287799072e+02 6.7300897217e+02 6.7314898682e+02 6.7327600098e+02 6.7338000488e+02 6.7349102783e+02 6.7362097168e+02 6.7374200439e+02
6.6816998291e+02 6.6826800537e+02 6.6836102295e+02 6.6844299316e+02 6.6856896973e+02 6.6865002441e+02 6.6875799561e+02 6.6887500000e+02 6.6896398926e+02 6.6907800293e+02 6.6920098877e+02 6.6931201172e+02 6.6942102051e+02 6.6953802490e+02 6.6964898682e+02 6.6975097656e+02 6.6987799072e+02 6.7001000977e+02 6.7013897705e+02 6.7024102783e+02 6.7038397217e+02 6.7050500488e+02 6.7060302734e+02 6.7073400879e+02 6.7089001465e+02 6.7104101563e+02 6.7118798828e+02 6.7132501221e+02 6.7146301270e+02 6.7159698486e+02 6.7173602295e+02 6.7187500000e+02 6.7199597168e+02 6.7211499023e+02 6.7223297119e+02 6.7237200928e+02 6.7248999023e+02 6.7261901855e+02 6.7275097656e+02 6.7288500977e+02 6.7302502441e+02 6.7314001465e+02 6.7325799561e+02 6.7337902832e+02 6.7351000977e+02 6.7363000488e+02
6.6803802490e+02 6.6815197754e+02 6.6824597168e+02 6.6833001709e+02 6.6844201660e+02 6.6851898193e+02 6.6863702393e+02 6.6874700928e+02 6.6883300781e+02 6.6895501709e+02 6.6906799316e+02 6.6917999268e+02 6.6928100586e+02 6.6939501953e+02 6.6951000977e+02 6.6962597656e+02 6.6974902344e+02 6.6987298584e+02 6.6998699951e+02 6.7010900879e+02 6.7024798584e+02 6.7033801270e+02 6.7042797852e+02 6.7056500244e+02 6.7074401855e+02 6.7089099121e+02 6.7102001953e+02 6.7117199707e+02 6.7132598877e+02 6.7145501709e+02 6.7158197021e+02 6.7171697998e+02 6.7183801270e+02 6.7196301270e+02 6.7208502197e+02 6.7222497559e+02 6.7236199951e+02 6.7250000000e+02 6.7261798096e+02 6.7274700928e+02 6.7288500977e+02 6.7301800537e+02 6.7314099121e+02 6.7326397705e+02 6.7340100098e+02 6.7352398682e+02
6.6792297363e+02 6.6802301025e+02 6.6810900879e+02 6.6821398926e+02 6.6831896973e+02 6.6840600586e+02 6.6851300049e+02 6.6861901855e+02 6.6871301270e+02 6.6883300781e+02 6.6893200684e+02 6.6903302002e+02 6.6914001465e+02 6.6925897217e+02 6.6936401367e+02 6.6948498535e+02 6.6961901855e+02 6.6974102783e+02 6.6983898926e+02 6.6997198486e+02 6.7009698486e+02 6.7019201660e+02 6.7028900146e+02 6.7041802979e+02 6.7058197021e+02 6.7072802734e+02 6.7086401367e+02 6.7101501465e+02 6.7116900635e+02 6.7130603027e+02 6.7143798828e+02 6.7155700684e+02 6.7166998291e+02 6.7181402588e+02 6.7194897461e+02 6.7207897949e+02 6.7221398926e+02 6.7235400391e+02 6.7247497559e+02 6.7260797119e+02 6.7274298096e+02 6.7288897705e+02 6.7301800537e+02 6.7313598633e+02 6.7328601074e+02 6.7342797852e+02
6.6779901123e+02 6.6789599609e+02 6.6797399902e+02 6.6808697510e+02 6.6819299316e+02 6.6829699707e+02 6.6839501953e+02 6.6849902344e+02 6.6859802246e+02 6.6870397949e+02 6.6880700684e+02 6.6891101074e+02 6.6901300049e+02 6.6913201904e+02 6.6923101807e+02 6.6935400391e+02 6.6949200439e+02 6.6960998535e+02 6.6970599365e+02 6.6983599854e+02 6.6994299316e+02 6.7004498291e+02 6.7015802002e+02 6.7028497314e+02 6.7042102051e+02 6.7056701660e+02 6.7070898438e+02 6.7085498047e+02 6.7100097656e+02 6.7115399170e+02 6.7129699707e+02 6.7142199707e+02 6.7153601074e+02 6.7166601563e+02 6.7180902100e+02 6.7193701172e+02 6.7206799316e+02 6.7220800781e+02 6.7233697510e+02 6.7248101807e+02 6.7262402344e+02 6.7276397705e+02 6.7290301514e+02 6.7301898193e+02 6.7315002441e+02 6.7329199219e+02
6.6767901611e+02 6.6778002930e+02 6.6786700439e+02 6.6797698975e+02 6.6807000732e+02 6.6816998291e+02 6.6828198242e+02 6.6838702393e+02 6.6846997070e+02 6.6856597900e+02 6.6866900635e+02 6.6878399658e+02 6.6889202881e+02 6.6900402832e+02 6.6910302734e+02 6.6921997070e+02 6.6935400391e+02 6.6945599365e+02 6.6958197021e+02 6.6971099854e+02 6.6980902100e+02 6.6988897705e+02 6.7001000977e+02 6.7014697266e+02 6.7025097656e+02 6.7040997314e+02 6.7057000732e+02 6.7071600342e+02 6.7085198975e+02 6.7100598145e+02 6.7114202881e+02 6.7127600098e+02 6.7140997314e+02 6.7153002930e+02 6.7166802979e+02 6.7179602051e+02 6.7191497803e+02 6.7205798340e+02 6.7220397949e+02 6.7235900879e+02 6.7249102783e+02 6.7261700439e+02 6.7276501465e+02 6.7290399170e+02 6.7301898193e+02 6.7314898682e+02
6.6753601074e+02 6.6764697266e+02 6.6774597168e+02 6.6785400391e+02 6.6796398926e+02 6.6804699707e+02 6.6815600586e+02 6.6825500488e+02 6.6835101318e+02 6.6844299316e+02 6.6854101563e+02 6.6865997314e+02 6.6877600098e+02 6.6888201904e+02 6.6898101807e+02 6.6909301758e+02 6.6921502686e+02 6.6931402588e+02 6.6944702148e+02 6.6955499268e+02 6.6965502930e+02 6.6976300049e+02 6.6987402344e+02 6.6999298096e+02 6.7011798096e+02 6.7027600098e+02 6.7042498779e+02 6.7055102539e+02 6.7068902588e+02 6.7085797119e+02 6.7100000000e+02 6.7112097168e+02 6.7125500488e+02 6.7139801025e+02 6.7152697754e+02 6.7164501953e+02 6.7176397705e+02 6.7192498779e+02 6.7205603027e+02 6.7220001221e+02 6.7233300781e+02 6.7247601318e+02 6.7260998535e+02 6.7275402832e+02 6.7288201904e+02 6.7301599121e+02
6.6740802002e+02 6.6752502441e+02 6.6762597656e+02 6.6773498535e+02 6.6784399414e+02 6.6792401123e+02 6.6803198242e+02 6.6813299561e+02 6.6823101807e+02 6.6831896973e+02 6.6842602539e+02 6.6854199219e+02 6.6863800049e+02 6.6874597168e+02 6.6886798096e+02 6.6897698975e+02 6.6907598877e+02 6.6919097900e+02 6.6931896973e+02 6.6942297363e+02 6.6951599121e+02 6.6963598633e+02 6.6974102783e+02 6.6983599854e+02 6.6996899414e+02 6.7013397217e+02 6.7028302002e+02 6.7040899658e+02 6.7054199219e+02 6.7069702148e+02 6.7085101318e+02 6.7098297119e+02 6.7111401367e+02 6.7124902344e+02 6.7138598633e+02 6.7151501465e+02 6.7162701416e+02 6.7178198242e+02 6.7192401123e+02 6.7205297852e+02 6.7218298340e+02 6.7234399414e+02 6.7246801758e+02 6.7259997559e+02 6.7275097656e+02 6.7289501953e+02
6.6728997803e+02 6.6741497803e+02 6.6751300049e+02 6.6761901855e+02 6.6771502686e+02 6.6780401611e+02 6.6790997314e+02 6.6801000977e+02 6.6810498047e+02 6.6820098877e+02 6.6831597900e+02 6.6842297363e+02 6.6850701904e+02 6.6862298584e+02 6.6875799561e+02 6.6886199951e+02 6.6894799805e+02 6.6906896973e+02 6.6918103027e+02 6.6928497314e+02 6.6938201904e+02 6.6951202393e+02 6.6962200928e+02 6.6971002197e+02 6.6983398438e+02 6.6998901367e+02 6.7014398193e+02 6.7029199219e+02 6.7041699219e+02 6.7055902100e+02 6.7069897461e+02 6.7083300781e+02 6.7098101807e+02 6.7111102295e+02 6.7123901367e+02 6.7137097168e+02 6.7149798584e+02 6.7162597656e+02 6.7177600098e+02 6.7191998291e+02 6.7205999756e+02 6.7220001221e+02 6.7233599854e+02 6.7247302246e+02 6.7262298584e+02 6.7276300049e+02
6.6718103027e+02 6.6730603027e+02 6.6740399170e+02 6.6750097656e+02 6.6759997559e+02 6.6770300293e+02 6.6780401611e+02 6.6788702393e+02 6.6796398926e+02 6.6807299805e+02 6.6819201660e+02 6.6829901123e+02 6.6839001465e+02 6.6850201416e+02 6.6862500000e+02 6.6873199463e+02 6.6883898926e+02 6.6894299316e+02 6.6904498291e+02 6.6915399170e+02 6.6926098633e+02 6.6939599609e+02 6.6950097656e+02 6.6959899902e+02 6.6972399902e+02 6.6986700439e+02 6.7000897217e+02 6.7016601563e+02 6.7029199219e+02 6.7043200684e+02 6.7055102539e+02 6.7067498779e+02 6.7082598877e+02 6.7097802734e+02 6.7109802246e+02 6.7121502686e+02 6.7136700439e+02 6.7147497559e+02 6.7162200928e+02 6.7177899170e+02 6.7192797852e+02 6.7204998779e+02 6.7221301270e+02 6.7234899902e+02 6.7247802734e+02 6.7261401367e+02
6.6705401611e+02 6.6716601563e+02 6.6726702881e+02 6.6737200928e+02 6.6748199463e+02 6.6758197021e+02 6.6768402100e+02 6.6777099609e+02 6.6785498047e+02 6.6795599365e+02 6.6807000732e+02 6.6818701172e+02 6.6829199219e+02 6.6839099121e+02 6.6849597168e+02 6.6859698486e+02 6.6871502686e+02 6.6881701660e+02 6.6891699219e+02 6.6902600098e+02 6.6915899658e+02 6.6927502441e+02 6.6938000488e+02 6.6949597168e+02 6.6962500000e+02 6.6974700928e+02 6.6988299561e+02 6.7003002930e+02 6.7015399170e+02 6.7028002930e+02 6.7040100098e+02 6.7053698730e+02 6.7068597412e+02 6.7083099365e+02 6.7096002197e+02 6.7108697510e+02 6.7123400879e+02 6.7135797119e+02 6.7148498535e+02 6.7162701416e+02 6.7177697754e+02 6.7190301514e+02 6.7204602051e+02 6.7220098877e+02 6.7234399414e+02 6.7247698975e+02
6.6693200684e+02 6.6704302979e+02 6.6714202881e+02 6.6723901367e+02 6.6735699463e+02 6.6746301270e+02 6.6756500244e+02 6.6765502930e+02 6.6775201416e+02 6.6785302734e+02 6.6794799805e+02 6.6806799316e+02 6.6818298340e+02 6.6827502441e+02 6.6837402344e+02 6.6847601318e+02 6.6858300781e+02 6.6868200684e+02 6.6879400635e+02 6.6891302490e+02 6.6905297852e+02 6.6915002441e+02 6.6926000977e+02 6.6938800049e+02 6.6952197266e+02 6.6963702393e+02 6.6976397705e+02 6.6989001465e+02 6.7001202393e+02 6.7013201904e+02 6.7026202393e+02 6.7040600586e+02 6.7055401611e+02 6.7068499756e+02 6.7081896973e+02 6.7096099854e+02 6.7109197998e+02 6.7123297119e+02 6.7136999512e+02 6.7150299072e+02 6.7163702393e+02 6.7177197266e+02 6.7189300537e+02 6.7203997803e+02 6.7218902588e+02 6.7233599854e+02
6.6681097412e+02 6.6691900635e+02 6.6701397705e+02 6.6710400391e+02 6.6723199463e+02 6.6734002686e+02 6.6745001221e+02 6.6754498291e+02 6.6764599609e+02 6.6774798584e+02 6.6783502197e+02 6.6795098877e+02 6.6806500244e+02 6.6815698242e+02 6.6825500488e+02 6.6835900879e+02 6.6845300293e+02 6.6855297852e+02 6.6866601563e+02 6.6879101563e+02 6.6891900635e+02 6.6901397705e+02 6.6912597656e+02 6.6925402832e+02 6.6939001465e+02 6.6951202393e+02 6.6963897705e+02 6.6975799561e+02 6.6986999512e+02 6.6998797607e+02 6.7013098145e+02 6.7027600098e+02 6.7041998291e+02 6.7053997803e+02 6.7067901611e+02 6.7082598877e+02 6.7095599365e+02 6.7108697510e+02 6.7122698975e+02 6.7136999512e+02 6.7150402832e+02 6.7164501953e+02 6.7177197266e+02 6.7190197754e+02 6.7204498291e+02 6.7220001221e+02
