TESTSERVER/16/5.asc
NCOLS 100
NROWS 100
XLLCORNER 8.2997500000e+03
YLLCORNER 2.8970025000e+05
CELLSIZE 5.0000000000e-01
NODATA_VALUE -9.9990000000e+03
[rows 40 to 59 of 100, columns 46 to 91 of 100]
6.7219897461e+02 6.7232800293e+02 6.7249298096e+02 6.7262799072e+02 6.7277301025e+02 6.7291302490e+02 6.7307000732e+02 6.7319799805e+02 6.7332202148e+02 6.7346099854e+02 6.7362097168e+02 6.7374597168e+02 6.7386700439e+02 6.7398797607e+02 6.7409997559e+02 6.7423797607e+02 6.7438000488e+02 6.7450598145e+02 6.7461297607e+02 6.7471697998e+02 6.7480798340e+02 6.7491497803e+02 6.7505798340e+02 6.7517901611e+02 6.7529101563e+02 6.7540802002e+02 6.7554101563e+02 6.7564001465e+02 6.7573297119e+02 6.7584002686e+02 6.7594097900e+02 6.7605401611e+02 6.7616101074e+02 6.7628198242e+02 6.7639202881e+02 6.7652197266e+02 6.7663800049e+02 6.7675000000e+02 6.7685400391e+02 6.7697497559e+02 6.7709497070e+02 6.7720697021e+02 6.7730999756e+02 6.7743798828e+02 6.7754101563e+02 6.7764202881e+02
6.7204901123e+02 6.7218902588e+02 6.7235601807e+02 6.7248101807e+02 6.7261102295e+02 6.7277600098e+02 6.7293402100e+02 6.7306597900e+02 6.7320599365e+02 6.7333398438e+02 6.7347198486e+02 6.7359997559e+02 6.7373199463e+02 6.7386901855e+02 6.7397601318e+02 6.7410601807e+02 6.7424902344e+02 6.7437298584e+02 6.7449499512e+02 6.7461999512e+02 6.7471502686e+02 6.7483801270e+02 6.7495697021e+02 6.7506701660e+02 6.7517498779e+02 6.7528997803e+02 6.7542999268e+02 6.7553900146e+02 6.7562799072e+02 6.7572998047e+02 6.7583197021e+02 6.7594702148e+02 6.7606201172e+02 6.7617700195e+02 6.7628900146e+02 6.7640399170e+02 6.7652398682e+02 6.7664697266e+02 6.7676501465e+02 6.7687200928e+02 6.7697900391e+02 6.7708898926e+02 6.7719897461e+02 6.7731500244e+02 6.7741497803e+02 6.7752801514e+02
6.7191302490e+02 6.7204199219e+02 6.7219500732e+02 6.7232897949e+02 6.7246697998e+02 6.7263299561e+02 6.7278198242e+02 6.7293103027e+02 6.7307897949e+02 6.7320697021e+02 6.7333599854e+02 6.7346099854e+02 6.7359100342e+02 6.7372100830e+02 6.7385498047e+02 6.7398498535e+02 6.7411700439e+02 6.7423400879e+02 6.7438098145e+02 6.7450799561e+02 6.7461297607e+02 6.7473999023e+02 6.7484698486e+02 6.7495800781e+02 6.7506799316e+02 6.7518200684e+02 6.7531701660e+02 6.7542498779e+02 6.7552600098e+02 6.7562701416e+02 6.7573297119e+02 6.7584997559e+02 6.7596002197e+02 6.7606799316e+02 6.7619702148e+02 6.7629602051e+02 6.7640899658e+02 6.7653100586e+02 6.7665002441e+02 6.7676397705e+02 6.7687500000e+02 6.7697998047e+02 6.7709600830e+02 6.7719897461e+02 6.7730200195e+02 6.7741601563e+02
6.7177899170e+02 6.7190899658e+02 6.7203900146e+02 6.7218701172e+02 6.7234197998e+02 6.7248297119e+02 6.7261102295e+02 6.7277301025e+02 6.7293103027e+02 6.7307397461e+02 6.7320697021e+02 6.7333898926e+02 6.7346697998e+02 6.7358801270e+02 6.7373797607e+02 6.7388500977e+02 6.7401000977e+02 6.7411798096e+02 6.7425598145e+02 6.7438299561e+02 6.7450897217e+02 6.7462298584e+02 6.7473797607e+02 6.7485797119e+02 6.7497198486e+02 6.7509197998e+02 6.7521697998e+02 6.7530798340e+02 6.7540997314e+02 6.7551300049e+02 6.7563500977e+02 6.7575799561e+02 6.7586199951e+02 6.7596600342e+02 6.7608599854e+02 6.7619201660e+02 6.7630401611e+02 6.7641497803e+02 6.7652301025e+02 6.7664599609e+02 6.7675897217e+02 6.7686297607e+02 6.7698297119e+02 6.7708300781e+02 6.7719000244e+02 6.7729602051e+02
6.7163397217e+02 6.7179400635e+02 6.7190600586e+02 6.7203002930e+02 6.7218902588e+02 6.7232501221e+02 6.7247497559e+02 6.7261401367e+02 6.7277001953e+02 6.7293298340e+02 6.7307397461e+02 6.7321502686e+02 6.7334600830e+02 6.7346697998e+02 6.7360198975e+02 6.7374902344e+02 6.7388500977e+02 6.7401098633e+02 6.7411798096e+02 6.7425500488e+02 6.7439202881e+02 6.7451300049e+02 6.7465600586e+02 6.7476000977e+02 6.7487298584e+02 6.7499700928e+02 6.7511499023e+02 6.7520202637e+02 6.7530297852e+02 6.7541497803e+02 6.7553399658e+02 6.7565002441e+02 6.7576800537e+02 6.7587701416e+02 6.7597399902e+02 6.7608099365e+02 6.7620300293e+02 6.7631097412e+02 6.7641699219e+02 6.7653900146e+02 6.7664599609e+02 6.7675402832e+02 6.7686999512e+02 6.7697198486e+02 6.7707397461e+02 6.7717999268e+02
6.7148297119e+02 6.7164697266e+02 6.7176300049e+02 6.7189202881e+02 6.7203698730e+02 6.7217199707e+02 6.7232299805e+02 6.7245599365e+02 6.7261199951e+02 6.7278002930e+02 6.7291497803e+02 6.7305700684e+02 6.7319299316e+02 6.7332598877e+02 6.7346197510e+02 6.7360900879e+02 6.7374298096e+02 6.7388201904e+02 6.7401599121e+02 6.7412799072e+02 6.7424902344e+02 6.7438897705e+02 6.7452899170e+02 6.7465197754e+02 6.7476000977e+02 6.7487902832e+02 6.7499102783e+02 6.7510900879e+02 6.7521502686e+02 6.7532299805e+02 6.7543402100e+02 6.7553997803e+02 6.7566998291e+02 6.7578601074e+02 6.7587701416e+02 6.7598101807e+02 6.7610400391e+02 6.7620397949e+02 6.7630401611e+02 6.7642401123e+02 6.7653997803e+02 6.7664001465e+02 6.7673602295e+02 6.7685498047e+02 6.7695397949e+02 6.7705200195e+02
6.7134301758e+02 6.7148699951e+02 6.7162200928e+02 6.7176098633e+02 6.7189300537e+02 6.7201000977e+02 6.7215399170e+02 6.7230499268e+02 6.7245001221e+02 6.7260699463e+02 6.7275299072e+02 6.7290899658e+02 6.7304901123e+02 6.7318798828e+02 6.7332299805e+02 6.7347302246e+02 6.7360699463e+02 6.7373602295e+02 6.7388800049e+02 6.7401202393e+02 6.7412500000e+02 6.7426300049e+02 6.7438702393e+02 6.7452899170e+02 6.7465197754e+02 6.7477801514e+02 6.7488897705e+02 6.7499401855e+02 6.7510498047e+02 6.7522601318e+02 6.7533697510e+02 6.7544598389e+02 6.7557202148e+02 6.7567901611e+02 6.7577301025e+02 6.7587500000e+02 6.7599499512e+02 6.7610101318e+02 6.7620300293e+02 6.7631701660e+02 6.7643103027e+02 6.7653302002e+02 6.7662500000e+02 6.7673400879e+02 6.7683898926e+02 6.7694000244e+02
6.7121301270e+02 6.7134399414e+02 6.7148400879e+02 6.7162298584e+02 6.7175000000e+02 6.7186602783e+02 6.7200097656e+02 6.7215502930e+02 6.7229302979e+02 6.7244396973e+02 6.7260198975e+02 6.7276300049e+02 6.7290899658e+02 6.7305499268e+02 6.7318298340e+02 6.7332800293e+02 6.7346002197e+02 6.7359197998e+02 6.7376000977e+02 6.7388598633e+02 6.7400598145e+02 6.7414398193e+02 6.7426202393e+02 6.7440502930e+02 6.7454101563e+02 6.7467401123e+02 6.7479498291e+02 6.7488598633e+02 6.7499298096e+02 6.7511901855e+02 6.7523699951e+02 6.7534997559e+02 6.7546899414e+02 6.7556799316e+02 6.7567102051e+02 6.7577899170e+02 6.7588897705e+02 6.7599499512e+02 6.7609802246e+02 6.7620397949e+02 6.7630603027e+02 6.7640600586e+02 6.7652600098e+02 6.7663201904e+02 6.7673101807e+02 6.7682501221e+02
6.7107702637e+02 6.7120397949e+02 6.7135198975e+02 6.7148297119e+02 6.7161199951e+02 6.7174499512e+02 6.7188702393e+02 6.7201599121e+02 6.7214099121e+02 6.7227697754e+02 6.7244097900e+02 6.7259997559e+02 6.7275402832e+02 6.7290899658e+02 6.7304901123e+02 6.7320300293e+02 6.7332702637e+02 6.7345599365e+02 6.7362298584e+02 6.7373400879e+02 6.7386602783e+02 6.7401599121e+02 6.7414501953e+02 6.7429498291e+02 6.7442498779e+02 6.7454699707e+02 6.7466601563e+02 6.7479101563e+02 6.7490997314e+02 6.7502001953e+02 6.7512701416e+02 6.7524102783e+02 6.7536199951e+02 6.7545501709e+02 6.7555798340e+02 6.7567700195e+02 6.7578002930e+02 6.7588397217e+02 6.7598699951e+02 6.7609197998e+02 6.7619799805e+02 6.7628698730e+02 6.7640600586e+02 6.7652197266e+02 6.7661297607e+02 6.7670001221e+02
6.7092797852e+02 6.7105700684e+02 6.7121301270e+02 6.7134399414e+02 6.7147399902e+02 6.7160797119e+02 6.7173999023e+02 6.7186901855e+02 6.7200201416e+02 6.7214001465e+02 6.7229602051e+02 6.7243597412e+02 6.7258898926e+02 6.7273901367e+02 6.7289099121e+02 6.7305401611e+02 6.7318298340e+02 6.7332000732e+02 6.7347198486e+02 6.7358398438e+02 6.7371697998e+02 6.7386901855e+02 6.7400799561e+02 6.7415600586e+02 6.7428198242e+02 6.7441998291e+02 6.7453997803e+02 6.7467700195e+02 6.7479998779e+02 6.7490899658e+02 6.7501599121e+02 6.7512500000e+02 6.7524401855e+02 6.7534802246e+02 6.7546398926e+02 6.7556201172e+02 6.7566900635e+02 6.7578100586e+02 6.7588000488e+02 6.7599798584e+02 6.7609497070e+02 6.7617901611e+02 6.7628497314e+02 6.7640502930e+02 6.7651202393e+02 6.7660198975e+02
6.7078302002e+02 6.7092797852e+02 6.7107098389e+02 6.7119396973e+02 6.7133300781e+02 6.7147698975e+02 6.7160699463e+02 6.7172497559e+02 6.7185601807e+02 6.7198999023e+02 6.7212200928e+02 6.7226599121e+02 6.7242901611e+02 6.7258099365e+02 6.7273101807e+02 6.7288299561e+02 6.7303698730e+02 6.7319500732e+02 6.7332000732e+02 6.7343798828e+02 6.7358001709e+02 6.7372802734e+02 6.7386901855e+02 6.7401202393e+02 6.7413897705e+02 6.7428198242e+02 6.7440899658e+02 6.7455200195e+02 6.7467401123e+02 6.7478399658e+02 6.7490002441e+02 6.7502398682e+02 6.7514300537e+02 6.7525201416e+02 6.7536297607e+02 6.7544702148e+02 6.7556597900e+02 6.7568499756e+02 6.7578100586e+02 6.7589300537e+02 6.7598901367e+02 6.7608001709e+02 6.7618200684e+02 6.7629101563e+02 6.7640002441e+02 6.7649798584e+02
6.7065502930e+02 6.7079797363e+02 6.7092999268e+02 6.7104797363e+02 6.7118902588e+02 6.7132800293e+02 6.7145001221e+02 6.7158099365e+02 6.7171099854e+02 6.7183898926e+02 6.7196197510e+02 6.7211401367e+02 6.7227600098e+02 6.7242401123e+02 6.7257098389e+02 6.7272302246e+02 6.7288397217e+02 6.7304998779e+02 6.7317700195e+02 6.7330700684e+02 6.7344598389e+02 6.7359002686e+02 6.7373101807e+02 6.7386602783e+02 6.7400000000e+02 6.7414202881e+02 6.7427398682e+02 6.7441101074e+02 6.7453601074e+02 6.7465502930e+02 6.7478100586e+02 6.7491400146e+02 6.7503302002e+02 6.7514398193e+02 6.7524298096e+02 6.7533697510e+02 6.7545800781e+02 6.7557501221e+02 6.7568200684e+02 6.7579498291e+02 6.7590197754e+02 6.7599499512e+02 6.7608898926e+02 6.7618402100e+02 6.7629302979e+02 6.7639801025e+02
6.7052697754e+02 6.7065100098e+02 6.7078198242e+02 6.7091198730e+02 6.7104998779e+02 6.7118402100e+02 6.7129199219e+02 6.7144299316e+02 6.7157098389e+02 6.7168701172e+02 6.7182202148e+02 6.7198498535e+02 6.7213397217e+02 6.7227099609e+02 6.7242999268e+02 6.7258099365e+02 6.7273400879e+02 6.7288000488e+02 6.7303198242e+02 6.7317602539e+02 6.7331500244e+02 6.7345001221e+02 6.7357598877e+02 6.7372198486e+02 6.7385699463e+02 6.7399597168e+02 6.7415399170e+02 6.7427001953e+02 6.7439099121e+02 6.7452001953e+02 6.7466900635e+02 6.7480200195e+02 6.7492700195e+02 6.7503497314e+02 6.7512200928e+02 6.7523699951e+02 6.7535900879e+02 6.7546502686e+02 6.7555200195e+02 6.7567498779e+02 6.7579998779e+02 6.7589801025e+02 6.7598901367e+02 6.7608801270e+02 6.7618902588e+02 6.7628802490e+02
6.7038598633e+02 6.7050500488e+02 6.7064001465e+02 6.7078100586e+02 6.7091998291e+02 6.7104602051e+02 6.7115197754e+02 6.7129602051e+02 6.7143701172e+02 6.7155902100e+02 6.7168597412e+02 6.7182000732e+02 6.7197698975e+02 6.7212799072e+02 6.7225201416e+02 6.7239300537e+02 6.7257397461e+02 6.7272399902e+02 6.7287799072e+02 6.7302398682e+02 6.7315600586e+02 6.7328900146e+02 6.7342797852e+02 6.7358898926e+02 6.7371099854e+02 6.7385498047e+02 6.7401501465e+02 6.7415002441e+02 6.7427301025e+02 6.7439202881e+02 6.7452801514e+02 6.7466101074e+02 6.7479602051e+02 6.7491699219e+02 6.7502099609e+02 6.7512500000e+02 6.7524902344e+02 6.7535900879e+02 6.7545001221e+02 6.7555603027e+02 6.7567102051e+02 6.7577600098e+02 6.7589001465e+02 6.7598999023e+02 6.7607800293e+02 6.7617401123e+02
6.7023602295e+02 6.7036297607e+02 6.7050701904e+02 6.7064300537e+02 6.7078399658e+02 6.7091601563e+02 6.7103601074e+02 6.7115899658e+02 6.7128698730e+02 6.7140600586e+02 6.7153698730e+02 6.7165802002e+02 6.7181402588e+02 6.7196697998e+02 6.7211199951e+02 6.7225500488e+02 6.7240899658e+02 6.7256500244e+02 6.7273400879e+02 6.7287097168e+02 6.7300897217e+02 6.7314898682e+02 6.7329199219e+02 6.7343798828e+02 6.7357202148e+02 6.7373400879e+02 6.7385400391e+02 6.7400500488e+02 6.7414697266e+02 6.7427197266e+02 6.7440502930e+02 6.7454199219e+02 6.7466900635e+02 6.7479199219e+02 6.7490802002e+02 6.7502398682e+02 6.7514697266e+02 6.7524102783e+02 6.7533898926e+02 6.7544396973e+02 6.7554699707e+02 6.7565502930e+02 6.7577197266e+02 6.7587402344e+02 6.7597698975e+02 6.7608197021e+02
6.7010601807e+02 6.7023699951e+02 6.7038397217e+02 6.7052001953e+02 6.7065802002e+02 6.7079101563e+02 6.7091998291e+02 6.7102801514e+02 6.7113500977e+02 6.7124298096e+02 6.7138397217e+02 6.7152398682e+02 6.7167700195e+02 6.7182800293e+02 6.7198297119e+02 6.7212500000e+02 6.7225897217e+02 6.7240698242e+02 6.7259197998e+02 6.7272100830e+02 6.7286297607e+02 6.7300500488e+02 6.7315197754e+02 6.7328997803e+02 6.7342797852e+02 6.7358697510e+02 6.7371099854e+02 6.7386798096e+02 6.7401501465e+02 6.7413897705e+02 6.7426501465e+02 6.7440301514e+02 6.7453802490e+02 6.7466900635e+02 6.7478997803e+02 6.7490600586e+02 6.7502801514e+02 6.7512597656e+02 6.7524102783e+02 6.7535198975e+02 6.7544396973e+02 6.7554199219e+02 6.7565399170e+02 6.7575897217e+02 6.7587402344e+02 6.7599200439e+02
6.6997998047e+02 6.7011901855e+02 6.7025097656e+02 6.7040502930e+02 6.7053900146e+02 6.7065399170e+02 6.7077899170e+02 6.7090997314e+02 6.7102301025e+02 6.7113098145e+02 6.7124798584e+02 6.7139202881e+02 6.7153497314e+02 6.7168902588e+02 6.7184698486e+02 6.7198999023e+02 6.7213201904e+02 6.7227600098e+02 6.7242999268e+02 6.7257202148e+02 6.7271801758e+02 6.7286401367e+02 6.7299700928e+02 6.7313598633e+02 6.7327301025e+02 6.7342199707e+02 6.7359197998e+02 6.7372302246e+02 6.7385998535e+02 6.7398999023e+02 6.7412902832e+02 6.7426098633e+02 6.7440197754e+02 6.7453497314e+02 6.7466699219e+02 6.7478198242e+02 6.7489001465e+02 6.7501000977e+02 6.7514202881e+02 6.7524102783e+02 6.7533300781e+02 6.7542401123e+02 6.7553997803e+02 6.7565399170e+02 6.7576800537e+02 6.7587799072e+02
6.6983099365e+02 6.6998101807e+02 6.7012402344e+02 6.7026098633e+02 6.7039099121e+02 6.7051702881e+02 6.7066302490e+02 6.7078698730e+02 6.7091302490e+02 6.7102801514e+02 6.7113299561e+02 6.7125799561e+02 6.7138598633e+02 6.7154400635e+02 6.7170001221e+02 6.7184197998e+02 6.7198901367e+02 6.7214398193e+02 6.7228100586e+02 6.7241497803e+02 6.7253997803e+02 6.7269500732e+02 6.7284002686e+02 6.7299102783e+02 6.7313800049e+02 6.7327398682e+02 6.7343499756e+02 6.7357897949e+02 6.7371502686e+02 6.7385198975e+02 6.7399902344e+02 6.7412200928e+02 6.7425500488e+02 6.7439099121e+02 6.7453302002e+02 6.7465100098e+02 6.7475402832e+02 6.7489099121e+02 6.7501397705e+02 6.7511602783e+02 6.7521600342e+02 6.7531097412e+02 6.7542498779e+02 6.7553997803e+02 6.7564501953e+02 6.7575598145e+02
6.6972302246e+02 6.6986297607e+02 6.6999401855e+02 6.7012597656e+02 6.7025897217e+02 6.7039202881e+02 6.7053198242e+02 6.7064697266e+02 6.7077197266e+02 6.7089801025e+02 6.7101300049e+02 6.7111297607e+02 6.7124401855e+02 6.7140600586e+02 6.7154797363e+02 6.7169299316e+02 6.7184301758e+02 6.7199102783e+02 6.7213397217e+02 6.7227600098e+02 6.7240802002e+02 6.7255200195e+02 6.7269097900e+02 6.7283898926e+02 6.7298297119e+02 6.7312701416e+02 6.7328002930e+02 6.7343597412e+02 6.7357098389e+02 6.7370898438e+02 6.7384002686e+02 6.7397998047e+02 6.7412097168e+02 6.7426000977e+02 6.7440100098e+02 6.7451300049e+02 6.7462799072e+02 6.7476800537e+02 6.7488397217e+02 6.7499700928e+02 6.7510498047e+02 6.7520397949e+02 6.7531402588e+02 6.7542498779e+02 6.7552197266e+02 6.7564099121e+02
6.6960198975e+02 6.6973602295e+02 6.6985900879e+02 6.6999401855e+02 6.7012799072e+02 6.7025598145e+02 6.7038800049e+02 6.7051300049e+02 6.7063500977e+02 6.7076599121e+02 6.7088098145e+02 6.7096697998e+02 6.7109600830e+02 6.7125201416e+02 6.7138897705e+02 6.7153497314e+02 6.7168499756e+02 6.7183001709e+02 6.7198699951e+02 6.7212500000e+02 6.7226397705e+02 6.7239398193e+02 6.7254302979e+02 6.7268701172e+02 6.7281500244e+02 6.7297399902e+02 6.7311999512e+02 6.7326800537e+02 6.7340899658e+02 6.7355499268e+02 6.7368597412e+02 6.7384497070e+02 6.7398901367e+02 6.7411999512e+02 6.7425701904e+02 6.7437701416e+02 6.7450201416e+02 6.7462500000e+02 6.7474200439e+02 6.7485998535e+02 6.7497497559e+02 6.7509197998e+02 6.7521099854e+02 6.7531597900e+02 6.7541699219e+02 6.7553302002e+02
