TESTSERVER/16/6.asc
NCOLS 100
NROWS 100
XLLCORNER 8.2997500000e+03
YLLCORNER 2.8965025000e+05
CELLSIZE 5.0000000000e-01
NODATA_VALUE -9.9990000000e+03
[rows 40 to 59 of 100, columns 46 to 91 of 100]
6.6005200195e+02 6.6010302734e+02 6.6015600586e+02 6.6020001221e+02 6.6025299072e+02 6.6031896973e+02 6.6038897705e+02 6.6047900391e+02 6.6054901123e+02 6.6062500000e+02 6.6071600342e+02 6.6080297852e+02 6.6094000244e+02 6.6104498291e+02 6.6113702393e+02 6.6123699951e+02 6.6132897949e+02 6.6142700195e+02 6.6151800537e+02 6.6160998535e+02 6.6169000244e+02 6.6178900146e+02 6.6189001465e+02 6.6196801758e+02 6.6206896973e+02 6.6218402100e+02 6.6230798340e+02 6.6240002441e+02 6.6250000000e+02 6.6260101318e+02 6.6270397949e+02 6.6279498291e+02 6.6290399170e+02 6.6300201416e+02 6.6310101318e+02 6.6321002197e+02 6.6331597900e+02 6.6343499756e+02 6.6356097412e+02 6.6368902588e+02 6.6382202148e+02 6.6396099854e+02 6.6410998535e+02 6.6429101563e+02 6.6445001221e+02 6.6460198975e+02
6.5996398926e+02 6.6001702881e+02 6.6008099365e+02 6.6013000488e+02 6.6018597412e+02 6.6024597168e+02 6.6030700684e+02 6.6038897705e+02 6.6045800781e+02 6.6052899170e+02 6.6063702393e+02 6.6074700928e+02 6.6086700439e+02 6.6095599365e+02 6.6103997803e+02 6.6114801025e+02 6.6126397705e+02 6.6137500000e+02 6.6145697021e+02 6.6154101563e+02 6.6163201904e+02 6.6172198486e+02 6.6180603027e+02 6.6189501953e+02 6.6198797607e+02 6.6209002686e+02 6.6220697021e+02 6.6230603027e+02 6.6240301514e+02 6.6251000977e+02 6.6261798096e+02 6.6271697998e+02 6.6281201172e+02 6.6289001465e+02 6.6298699951e+02 6.6310302734e+02 6.6320898438e+02 6.6331799316e+02 6.6345098877e+02 6.6357098389e+02 6.6370697021e+02 6.6386401367e+02 6.6401202393e+02 6.6416900635e+02 6.6431298828e+02 6.6445697021e+02
6.5989697266e+02 6.5994000244e+02 6.6001000977e+02 6.6006500244e+02 6.6011499023e+02 6.6016198730e+02 6.6022698975e+02 6.6030200195e+02 6.6036602783e+02 6.6045001221e+02 6.6056402588e+02 6.6066900635e+02 6.6078302002e+02 6.6087597656e+02 6.6094097900e+02 6.6103900146e+02 6.6117401123e+02 6.6128198242e+02 6.6136102295e+02 6.6146502686e+02 6.6157501221e+02 6.6166400146e+02 6.6174401855e+02 6.6183398438e+02 6.6190899658e+02 6.6200500488e+02 6.6210998535e+02 6.6220800781e+02 6.6230297852e+02 6.6241400146e+02 6.6252502441e+02 6.6263201904e+02 6.6273602295e+02 6.6281701660e+02 6.6289398193e+02 6.6300402832e+02 6.6311602783e+02 6.6322100830e+02 6.6335998535e+02 6.6347601318e+02 6.6360302734e+02 6.6374401855e+02 6.6388299561e+02 6.6402801514e+02 6.6416302490e+02 6.6430499268e+02
6.5979797363e+02 6.5986602783e+02 6.5993298340e+02 6.5998699951e+02 6.6004400635e+02 6.6008300781e+02 6.6014300537e+02 6.6021301270e+02 6.6028698730e+02 6.6037402344e+02 6.6047998047e+02 6.6060101318e+02 6.6071502686e+02 6.6079498291e+02 6.6084301758e+02 6.6093499756e+02 6.6107800293e+02 6.6118902588e+02 6.6127398682e+02 6.6138598633e+02 6.6150799561e+02 6.6160302734e+02 6.6168798828e+02 6.6177697754e+02 6.6183898926e+02 6.6192102051e+02 6.6201898193e+02 6.6211602783e+02 6.6221197510e+02 6.6231799316e+02 6.6242797852e+02 6.6253601074e+02 6.6263897705e+02 6.6274401855e+02 6.6282897949e+02 6.6291400146e+02 6.6301898193e+02 6.6312298584e+02 6.6324597168e+02 6.6336199951e+02 6.6348999023e+02 6.6361499023e+02 6.6374700928e+02 6.6389202881e+02 6.6403399658e+02 6.6418298340e+02
6.5964398193e+02 6.5974902344e+02 6.5982897949e+02 6.5989801025e+02 6.5996301270e+02 6.6001098633e+02 6.6006701660e+02 6.6013000488e+02 6.6019897461e+02 6.6028198242e+02 6.6038598633e+02 6.6053302002e+02 6.6065197754e+02 6.6072100830e+02 6.6078698730e+02 6.6085900879e+02 6.6097698975e+02 6.6109100342e+02 6.6120599365e+02 6.6130902100e+02 6.6140502930e+02 6.6150799561e+02 6.6160302734e+02 6.6169897461e+02 6.6177600098e+02 6.6185699463e+02 6.6195202637e+02 6.6202398682e+02 6.6211901855e+02 6.6222900391e+02 6.6232702637e+02 6.6242700195e+02 6.6252697754e+02 6.6265502930e+02 6.6277502441e+02 6.6284301758e+02 6.6292700195e+02 6.6302697754e+02 6.6314099121e+02 6.6325201416e+02 6.6337298584e+02 6.6349298096e+02 6.6365100098e+02 6.6376599121e+02 6.6389398193e+02 6.6405200195e+02
6.5953698730e+02 6.5964202881e+02 6.5972900391e+02 6.5980999756e+02 6.5987200928e+02 6.5991302490e+02 6.5997601318e+02 6.6003601074e+02 6.6009100342e+02 6.6017102051e+02 6.6026898193e+02 6.6040997314e+02 6.6054797363e+02 6.6064898682e+02 6.6076501465e+02 6.6082299805e+02 6.6090600586e+02 6.6101800537e+02 6.6111901855e+02 6.6122998047e+02 6.6132299805e+02 6.6142199707e+02 6.6151702881e+02 6.6162200928e+02 6.6171600342e+02 6.6179602051e+02 6.6190002441e+02 6.6197497559e+02 6.6205499268e+02 6.6214801025e+02 6.6224798584e+02 6.6234802246e+02 6.6244201660e+02 6.6253497314e+02 6.6265100098e+02 6.6276000977e+02 6.6284802246e+02 6.6293499756e+02 6.6303900146e+02 6.6315197754e+02 6.6326702881e+02 6.6336700439e+02 6.6350402832e+02 6.6364202881e+02 6.6377001953e+02 6.6391400146e+02
6.5942401123e+02 6.5953802490e+02 6.5963500977e+02 6.5971801758e+02 6.5978900146e+02 6.5983001709e+02 6.5988500977e+02 6.5994702148e+02 6.5999798584e+02 6.6006896973e+02 6.6016302490e+02 6.6030200195e+02 6.6045202637e+02 6.6058300781e+02 6.6071301270e+02 6.6078302002e+02 6.6084899902e+02 6.6094201660e+02 6.6102600098e+02 6.6111798096e+02 6.6122698975e+02 6.6134399414e+02 6.6144897461e+02 6.6155401611e+02 6.6164300537e+02 6.6173199463e+02 6.6183697510e+02 6.6192102051e+02 6.6200799561e+02 6.6209100342e+02 6.6217498779e+02 6.6227398682e+02 6.6237701416e+02 6.6245697021e+02 6.6254602051e+02 6.6265698242e+02 6.6275201416e+02 6.6284698486e+02 6.6295397949e+02 6.6305798340e+02 6.6316998291e+02 6.6327099609e+02 6.6339001465e+02 6.6352697754e+02 6.6365301514e+02 6.6378198242e+02
6.5932598877e+02 6.5945098877e+02 6.5955499268e+02 6.5964300537e+02 6.5973199463e+02 6.5977099609e+02 6.5980200195e+02 6.5986199951e+02 6.5991699219e+02 6.5998297119e+02 6.6008398438e+02 6.6020599365e+02 6.6034698486e+02 6.6049902344e+02 6.6065002441e+02 6.6074298096e+02 6.6079302979e+02 6.6086602783e+02 6.6093902588e+02 6.6102398682e+02 6.6113897705e+02 6.6125097656e+02 6.6136199951e+02 6.6147497559e+02 6.6156500244e+02 6.6166400146e+02 6.6174902344e+02 6.6184997559e+02 6.6194799805e+02 6.6203002930e+02 6.6210302734e+02 6.6219500732e+02 6.6229602051e+02 6.6238098145e+02 6.6245800781e+02 6.6255798340e+02 6.6265502930e+02 6.6276098633e+02 6.6287799072e+02 6.6296398926e+02 6.6305700684e+02 6.6317102051e+02 6.6329797363e+02 6.6342401123e+02 6.6354797363e+02 6.6368103027e+02
6.5922900391e+02 6.5934497070e+02 6.5943597412e+02 6.5954199219e+02 6.5965698242e+02 6.5970202637e+02 6.5973797607e+02 6.5979400635e+02 6.5983697510e+02 6.5989202881e+02 6.6000000000e+02 6.6010601807e+02 6.6023101807e+02 6.6038000488e+02 6.6054998779e+02 6.6069702148e+02 6.6072497559e+02 6.6076300049e+02 6.6084899902e+02 6.6092602539e+02 6.6103002930e+02 6.6114501953e+02 6.6126702881e+02 6.6135400391e+02 6.6145397949e+02 6.6157897949e+02 6.6169000244e+02 6.6180200195e+02 6.6189300537e+02 6.6197100830e+02 6.6205102539e+02 6.6213201904e+02 6.6221301270e+02 6.6229797363e+02 6.6238299561e+02 6.6248498535e+02 6.6256597900e+02 6.6265600586e+02 6.6276202393e+02 6.6286401367e+02 6.6294897461e+02 6.6305102539e+02 6.6318200684e+02 6.6331298828e+02 6.6342901611e+02 6.6356402588e+02
6.5911700439e+02 6.5922900391e+02 6.5932897949e+02 6.5943798828e+02 6.5956402588e+02 6.5961901855e+02 6.5965100098e+02 6.5971301270e+02 6.5975799561e+02 6.5981201172e+02 6.5990002441e+02 6.5998999023e+02 6.6011102295e+02 6.6024102783e+02 6.6039300537e+02 6.6053399658e+02 6.6060601807e+02 6.6065002441e+02 6.6072900391e+02 6.6081799316e+02 6.6092700195e+02 6.6104602051e+02 6.6114599609e+02 6.6123797607e+02 6.6135400391e+02 6.6147998047e+02 6.6160699463e+02 6.6172900391e+02 6.6182397461e+02 6.6191497803e+02 6.6200598145e+02 6.6207598877e+02 6.6215698242e+02 6.6223498535e+02 6.6230297852e+02 6.6240301514e+02 6.6249298096e+02 6.6258398438e+02 6.6267498779e+02 6.6276898193e+02 6.6287799072e+02 6.6297601318e+02 6.6307397461e+02 6.6319396973e+02 6.6330499268e+02 6.6344702148e+02
6.5900701904e+02 6.5911297607e+02 6.5921997070e+02 6.5934100342e+02 6.5947399902e+02 6.5955603027e+02 6.5958502197e+02 6.5962597656e+02 6.5966900635e+02 6.5972198486e+02 6.5979699707e+02 6.5989202881e+02 6.6001501465e+02 6.6013299561e+02 6.6024798584e+02 6.6037097168e+02 6.6045800781e+02 6.6052001953e+02 6.6058697510e+02 6.6068798828e+02 6.6080700684e+02 6.6093103027e+02 6.6102899170e+02 6.6114099121e+02 6.6126800537e+02 6.6138201904e+02 6.6152197266e+02 6.6163897705e+02 6.6172802734e+02 6.6182397461e+02 6.6193701172e+02 6.6202301025e+02 6.6210797119e+02 6.6217700195e+02 6.6224700928e+02 6.6232800293e+02 6.6241699219e+02 6.6251098633e+02 6.6259997559e+02 6.6269201660e+02 6.6280102539e+02 6.6289300537e+02 6.6299200439e+02 6.6310498047e+02 6.6320599365e+02 6.6334497070e+02
6.5892700195e+02 6.5902301025e+02 6.5912298584e+02 6.5923699951e+02 6.5935998535e+02 6.5946697998e+02 6.5951599121e+02 6.5954302979e+02 6.5958599854e+02 6.5964300537e+02 6.5970697021e+02 6.5979998779e+02 6.5992297363e+02 6.6003601074e+02 6.6012701416e+02 6.6023297119e+02 6.6031896973e+02 6.6039697266e+02 6.6048297119e+02 6.6058398438e+02 6.6069598389e+02 6.6081500244e+02 6.6091998291e+02 6.6103997803e+02 6.6117297363e+02 6.6127697754e+02 6.6141497803e+02 6.6152301025e+02 6.6162597656e+02 6.6172900391e+02 6.6183300781e+02 6.6192797852e+02 6.6202197266e+02 6.6210601807e+02 6.6219897461e+02 6.6227001953e+02 6.6235699463e+02 6.6244201660e+02 6.6252899170e+02 6.6261999512e+02 6.6271502686e+02 6.6279797363e+02 6.6290301514e+02 6.6302099609e+02 6.6311602783e+02 6.6323901367e+02
6.5885400391e+02 6.5895098877e+02 6.5903002930e+02 6.5911199951e+02 6.5921801758e+02 6.5935400391e+02 6.5943402100e+02 6.5946502686e+02 6.5950598145e+02 6.5956402588e+02 6.5963000488e+02 6.5969299316e+02 6.5980902100e+02 6.5992199707e+02 6.6001702881e+02 6.6011401367e+02 6.6019897461e+02 6.6029498291e+02 6.6040698242e+02 6.6049298096e+02 6.6058801270e+02 6.6068499756e+02 6.6078997803e+02 6.6090502930e+02 6.6102600098e+02 6.6115197754e+02 6.6129699707e+02 6.6138702393e+02 6.6149798584e+02 6.6162097168e+02 6.6172399902e+02 6.6182098389e+02 6.6193701172e+02 6.6204400635e+02 6.6214501953e+02 6.6221899414e+02 6.6230798340e+02 6.6237597656e+02 6.6245300293e+02 6.6254699707e+02 6.6263800049e+02 6.6272497559e+02 6.6280999756e+02 6.6291998291e+02 6.6302099609e+02 6.6313299561e+02
6.5876000977e+02 6.5885101318e+02 6.5892498779e+02 6.5900598145e+02 6.5910699463e+02 6.5924700928e+02 6.5934002686e+02 6.5938397217e+02 6.5941601563e+02 6.5948101807e+02 6.5955102539e+02 6.5960797119e+02 6.5970800781e+02 6.5981701660e+02 6.5992602539e+02 6.6002398682e+02 6.6010101318e+02 6.6019799805e+02 6.6030297852e+02 6.6038800049e+02 6.6050201416e+02 6.6060400391e+02 6.6069396973e+02 6.6081097412e+02 6.6091302490e+02 6.6103100586e+02 6.6114599609e+02 6.6124200439e+02 6.6138500977e+02 6.6151501465e+02 6.6162200928e+02 6.6171697998e+02 6.6182598877e+02 6.6194598389e+02 6.6206799316e+02 6.6215997314e+02 6.6224401855e+02 6.6231500244e+02 6.6239898682e+02 6.6247399902e+02 6.6255603027e+02 6.6263897705e+02 6.6272302246e+02 6.6283801270e+02 6.6293701172e+02 6.6304602051e+02
6.5866198730e+02 6.5873602295e+02 6.5880902100e+02 6.5889599609e+02 6.5900000000e+02 6.5912701416e+02 6.5923797607e+02 6.5931500244e+02 6.5933898926e+02 6.5939099121e+02 6.5946697998e+02 6.5953601074e+02 6.5961297607e+02 6.5970898438e+02 6.5982702637e+02 6.5992901611e+02 6.6001501465e+02 6.6011602783e+02 6.6021099854e+02 6.6029302979e+02 6.6040802002e+02 6.6051000977e+02 6.6060302734e+02 6.6071899414e+02 6.6079998779e+02 6.6088598633e+02 6.6098400879e+02 6.6110302734e+02 6.6125500488e+02 6.6138098145e+02 6.6150299072e+02 6.6159997559e+02 6.6171899414e+02 6.6185900879e+02 6.6199700928e+02 6.6209899902e+02 6.6218798828e+02 6.6227502441e+02 6.6235699463e+02 6.6241198730e+02 6.6248498535e+02 6.6256500244e+02 6.6265802002e+02 6.6276702881e+02 6.6286102295e+02 6.6295898438e+02
6.5857800293e+02 6.5863598633e+02 6.5871301270e+02 6.5878601074e+02 6.5889898682e+02 6.5901702881e+02 6.5913500977e+02 6.5923297119e+02 6.5927301025e+02 6.5932098389e+02 6.5938800049e+02 6.5945697021e+02 6.5951599121e+02 6.5959197998e+02 6.5971398926e+02 6.5982800293e+02 6.5992999268e+02 6.6003997803e+02 6.6012902832e+02 6.6021697998e+02 6.6032202148e+02 6.6041900635e+02 6.6053002930e+02 6.6064099121e+02 6.6070300293e+02 6.6075701904e+02 6.6084600830e+02 6.6096899414e+02 6.6109600830e+02 6.6122900391e+02 6.6137200928e+02 6.6148101807e+02 6.6160900879e+02 6.6174597168e+02 6.6187902832e+02 6.6201098633e+02 6.6212799072e+02 6.6222302246e+02 6.6229699707e+02 6.6235699463e+02 6.6243298340e+02 6.6250799561e+02 6.6259997559e+02 6.6269598389e+02 6.6278900146e+02 6.6287902832e+02
6.5850598145e+02 6.5855999756e+02 6.5861999512e+02 6.5869000244e+02 6.5880499268e+02 6.5892102051e+02 6.5903698730e+02 6.5913201904e+02 6.5919598389e+02 6.5924798584e+02 6.5930603027e+02 6.5936102295e+02 6.5941998291e+02 6.5948297119e+02 6.5960699463e+02 6.5973498535e+02 6.5983898926e+02 6.5994000244e+02 6.6002197266e+02 6.6011401367e+02 6.6021899414e+02 6.6031597900e+02 6.6042297363e+02 6.6053100586e+02 6.6059600830e+02 6.6065399170e+02 6.6073901367e+02 6.6082702637e+02 6.6093597412e+02 6.6107501221e+02 6.6121099854e+02 6.6135101318e+02 6.6147302246e+02 6.6159301758e+02 6.6173101807e+02 6.6187298584e+02 6.6201501465e+02 6.6212902832e+02 6.6222497559e+02 6.6229901123e+02 6.6238098145e+02 6.6245800781e+02 6.6252697754e+02 6.6262402344e+02 6.6271801758e+02 6.6280102539e+02
6.5842999268e+02 6.5849200439e+02 6.5853601074e+02 6.5859197998e+02 6.5870300293e+02 6.5881500244e+02 6.5890600586e+02 6.5901800537e+02 6.5910699463e+02 6.5916601563e+02 6.5922302246e+02 6.5927502441e+02 6.5934002686e+02 6.5939599609e+02 6.5949401855e+02 6.5962902832e+02 6.5975402832e+02 6.5985101318e+02 6.5992602539e+02 6.6003399658e+02 6.6014599609e+02 6.6023199463e+02 6.6031097412e+02 6.6040698242e+02 6.6047399902e+02 6.6054901123e+02 6.6064801025e+02 6.6071301270e+02 6.6080902100e+02 6.6093902588e+02 6.6106701660e+02 6.6121002197e+02 6.6134600830e+02 6.6147802734e+02 6.6161199951e+02 6.6174499512e+02 6.6190600586e+02 6.6203100586e+02 6.6214001465e+02 6.6223797607e+02 6.6230700684e+02 6.6239398193e+02 6.6246801758e+02 6.6255603027e+02 6.6264202881e+02 6.6273602295e+02
6.5835998535e+02 6.5842297363e+02 6.5846301270e+02 6.5850500488e+02 6.5860699463e+02 6.5871801758e+02 6.5879199219e+02 6.5891101074e+02 6.5901702881e+02 6.5909002686e+02 6.5914001465e+02 6.5918798828e+02 6.5925799561e+02 6.5931896973e+02 6.5939001465e+02 6.5953198242e+02 6.5965997314e+02 6.5973999023e+02 6.5981500244e+02 6.5994702148e+02 6.6006097412e+02 6.6015600586e+02 6.6024401855e+02 6.6031298828e+02 6.6036700439e+02 6.6046301270e+02 6.6056201172e+02 6.6061999512e+02 6.6071301270e+02 6.6081201172e+02 6.6093298340e+02 6.6106896973e+02 6.6120501709e+02 6.6134399414e+02 6.6149597168e+02 6.6165502930e+02 6.6182098389e+02 6.6193200684e+02 6.6204101563e+02 6.6213702393e+02 6.6222802734e+02 6.6232098389e+02 6.6239599609e+02 6.6249700928e+02 6.6258801270e+02 6.6269201660e+02
6.5830499268e+02 6.5836199951e+02 6.5840100098e+02 6.5841699219e+02 6.5848498535e+02 6.5858599854e+02 6.5868200684e+02 6.5882397461e+02 6.5894201660e+02 6.5902197266e+02 6.5905999756e+02 6.5911199951e+02 6.5917700195e+02 6.5923498535e+02 6.5930902100e+02 6.5944299316e+02 6.5955700684e+02 6.5963500977e+02 6.5971997070e+02 6.5985998535e+02 6.5997198486e+02 6.6007598877e+02 6.6017901611e+02 6.6024401855e+02 6.6030200195e+02 6.6040301514e+02 6.6048699951e+02 6.6054199219e+02 6.6062097168e+02 6.6069396973e+02 6.6080902100e+02 6.6093103027e+02 6.6106597900e+02 6.6120599365e+02 6.6135998535e+02 6.6152502441e+02 6.6167602539e+02 6.6178900146e+02 6.6191497803e+02 6.6200799561e+02 6.6213598633e+02 6.6223297119e+02 6.6230401611e+02 6.6240899658e+02 6.6251702881e+02 6.6263397217e+02
