TESTSERVER/16/6.asc
NCOLS 100
NROWS 100
XLLCORNER 8.2997500000e+03
YLLCORNER 2.8965025000e+05
CELLSIZE 5.0000000000e-01
NODATA_VALUE -9.9990000000e+03
[rows 20 to 39 of 100, columns 0 to 45 of 100]
6.5841400146e+02 6.5842498779e+02 6.5846002197e+02 6.5850299072e+02 6.5854901123e+02 6.5858300781e+02 6.5861401367e+02 6.5863500977e+02 6.5867102051e+02 6.5871997070e+02 6.5877801514e+02 6.5882501221e+02 6.5889099121e+02 6.5896301270e+02 6.5905200195e+02 6.5911602783e+02 6.5918701172e+02 6.5929400635e+02 6.5938598633e+02 6.5948101807e+02 6.5958801270e+02 6.5966802979e+02 6.5974499512e+02 6.5982098389e+02 6.5989697266e+02 6.5997698975e+02 6.6004998779e+02 6.6010900879e+02 6.6016802979e+02 6.6021099854e+02 6.6028802490e+02 6.6035601807e+02 6.6042700195e+02 6.6050097656e+02 6.6056402588e+02 6.6064398193e+02 6.6071899414e+02 6.6079400635e+02 6.6088299561e+02 6.6097601318e+02 6.6104998779e+02 6.6113397217e+02 6.6121502686e+02 6.6130401611e+02 6.6138500977e+02 6.6147998047e+02
6.5836102295e+02 6.5839300537e+02 6.5842797852e+02 6.5844598389e+02 6.5847302246e+02 6.5851898193e+02 6.5855999756e+02 6.5858898926e+02 6.5861700439e+02 6.5865002441e+02 6.5870098877e+02 6.5876300049e+02 6.5884002686e+02 6.5889801025e+02 6.5897302246e+02 6.5904602051e+02 6.5912298584e+02 6.5922399902e+02 6.5930297852e+02 6.5939202881e+02 6.5951202393e+02 6.5959100342e+02 6.5966998291e+02 6.5975701904e+02 6.5984100342e+02 6.5992700195e+02 6.6000000000e+02 6.6006097412e+02 6.6010998535e+02 6.6016101074e+02 6.6023199463e+02 6.6028399658e+02 6.6034497070e+02 6.6041101074e+02 6.6046997070e+02 6.6055401611e+02 6.6063299561e+02 6.6071099854e+02 6.6079699707e+02 6.6088201904e+02 6.6095898438e+02 6.6103997803e+02 6.6111700439e+02 6.6120599365e+02 6.6129199219e+02 6.6138500977e+02
6.5830401611e+02 6.5834899902e+02 6.5838800049e+02 6.5839898682e+02 6.5841497803e+02 6.5844799805e+02 6.5848699951e+02 6.5851702881e+02 6.5854400635e+02 6.5856896973e+02 6.5861700439e+02 6.5869500732e+02 6.5877502441e+02 6.5884802246e+02 6.5890997314e+02 6.5898797607e+02 6.5905999756e+02 6.5915100098e+02 6.5922900391e+02 6.5931201172e+02 6.5941302490e+02 6.5949102783e+02 6.5958001709e+02 6.5966998291e+02 6.5975097656e+02 6.5983898926e+02 6.5992401123e+02 6.5999700928e+02 6.6006500244e+02 6.6012597656e+02 6.6018597412e+02 6.6024597168e+02 6.6029901123e+02 6.6034301758e+02 6.6039697266e+02 6.6047802734e+02 6.6055999756e+02 6.6062597656e+02 6.6071801758e+02 6.6079901123e+02 6.6087799072e+02 6.6095202637e+02 6.6102099609e+02 6.6110900879e+02 6.6119702148e+02 6.6128002930e+02
6.5826202393e+02 6.5831701660e+02 6.5835498047e+02 6.5835900879e+02 6.5838000488e+02 6.5840100098e+02 6.5842199707e+02 6.5845098877e+02 6.5848602295e+02 6.5850897217e+02 6.5855603027e+02 6.5862701416e+02 6.5869897461e+02 6.5878802490e+02 6.5884399414e+02 6.5891802979e+02 6.5898797607e+02 6.5907800293e+02 6.5916497803e+02 6.5925000000e+02 6.5933398438e+02 6.5941198730e+02 6.5949700928e+02 6.5957897949e+02 6.5965698242e+02 6.5975897217e+02 6.5985998535e+02 6.5994396973e+02 6.6000701904e+02 6.6005603027e+02 6.6012500000e+02 6.6019299316e+02 6.6023999023e+02 6.6027502441e+02 6.6032598877e+02 6.6039398193e+02 6.6047302246e+02 6.6054400635e+02 6.6064300537e+02 6.6071801758e+02 6.6079199219e+02 6.6086700439e+02 6.6094799805e+02 6.6103698730e+02 6.6111199951e+02 6.6118798828e+02
6.5822698975e+02 6.5829699707e+02 6.5833300781e+02 6.5833300781e+02 6.5833099365e+02 6.5835302734e+02 6.5836798096e+02 6.5840399170e+02 6.5843902588e+02 6.5845300293e+02 6.5849597168e+02 6.5855700684e+02 6.5862902832e+02 6.5870098877e+02 6.5875897217e+02 6.5883398438e+02 6.5891400146e+02 6.5900598145e+02 6.5910101318e+02 6.5918499756e+02 6.5927197266e+02 6.5935198975e+02 6.5942498779e+02 6.5950598145e+02 6.5959399414e+02 6.5970599365e+02 6.5978698730e+02 6.5986499023e+02 6.5996899414e+02 6.6002801514e+02 6.6009399414e+02 6.6013500977e+02 6.6016802979e+02 6.6022399902e+02 6.6027502441e+02 6.6032501221e+02 6.6038397217e+02 6.6046301270e+02 6.6055700684e+02 6.6063201904e+02 6.6070001221e+02 6.6078002930e+02 6.6087200928e+02 6.6096099854e+02 6.6103802490e+02 6.6111401367e+02
6.5819299316e+02 6.5825402832e+02 6.5826898193e+02 6.5826800537e+02 6.5828100586e+02 6.5830401611e+02 6.5831896973e+02 6.5835198975e+02 6.5836499023e+02 6.5838500977e+02 6.5842797852e+02 6.5849401855e+02 6.5856201172e+02 6.5859997559e+02 6.5866802979e+02 6.5875598145e+02 6.5885400391e+02 6.5893402100e+02 6.5902099609e+02 6.5910498047e+02 6.5920001221e+02 6.5927801514e+02 6.5935998535e+02 6.5944598389e+02 6.5952197266e+02 6.5961999512e+02 6.5970397949e+02 6.5979998779e+02 6.5989501953e+02 6.5996997070e+02 6.6004901123e+02 6.6009899902e+02 6.6011499023e+02 6.6015997314e+02 6.6021002197e+02 6.6025799561e+02 6.6031201172e+02 6.6038098145e+02 6.6046600342e+02 6.6055603027e+02 6.6063299561e+02 6.6070098877e+02 6.6078198242e+02 6.6087799072e+02 6.6096197510e+02 6.6103399658e+02
6.5817401123e+02 6.5821398926e+02 6.5820800781e+02 6.5821301270e+02 6.5825000000e+02 6.5827001953e+02 6.5828002930e+02 6.5830200195e+02 6.5830700684e+02 6.5833801270e+02 6.5837701416e+02 6.5843402100e+02 6.5847698975e+02 6.5851702881e+02 6.5859301758e+02 6.5867199707e+02 6.5876300049e+02 6.5885400391e+02 6.5893200684e+02 6.5902001953e+02 6.5912097168e+02 6.5920501709e+02 6.5928100586e+02 6.5935998535e+02 6.5944500732e+02 6.5953100586e+02 6.5961700439e+02 6.5972698975e+02 6.5983001709e+02 6.5993499756e+02 6.6000701904e+02 6.6004302979e+02 6.6006201172e+02 6.6009802246e+02 6.6015002441e+02 6.6020001221e+02 6.6024798584e+02 6.6031799316e+02 6.6038897705e+02 6.6046801758e+02 6.6054602051e+02 6.6063000488e+02 6.6070501709e+02 6.6078698730e+02 6.6086798096e+02 6.6094396973e+02
6.5814599609e+02 6.5816400146e+02 6.5816900635e+02 6.5818902588e+02 6.5821398926e+02 6.5822198486e+02 6.5823101807e+02 6.5825097656e+02 6.5827301025e+02 6.5829400635e+02 6.5832202148e+02 6.5836999512e+02 6.5839599609e+02 6.5843701172e+02 6.5850000000e+02 6.5857897949e+02 6.5867297363e+02 6.5876702881e+02 6.5884497070e+02 6.5892797852e+02 6.5902301025e+02 6.5911999512e+02 6.5920300293e+02 6.5928198242e+02 6.5935998535e+02 6.5944299316e+02 6.5952600098e+02 6.5962500000e+02 6.5973999023e+02 6.5988702393e+02 6.5996398926e+02 6.5998297119e+02 6.6000402832e+02 6.6005200195e+02 6.6009997559e+02 6.6014599609e+02 6.6019598389e+02 6.6026501465e+02 6.6031597900e+02 6.6037701416e+02 6.6045202637e+02 6.6054699707e+02 6.6062298584e+02 6.6069000244e+02 6.6077301025e+02 6.6085699463e+02
6.5810302734e+02 6.5811297607e+02 6.5814202881e+02 6.5816699219e+02 6.5816601563e+02 6.5818298340e+02 6.5819299316e+02 6.5821002197e+02 6.5823699951e+02 6.5824298096e+02 6.5826501465e+02 6.5830401611e+02 6.5833001709e+02 6.5836401367e+02 6.5839599609e+02 6.5847900391e+02 6.5859802246e+02 6.5869299316e+02 6.5877899170e+02 6.5884100342e+02 6.5891101074e+02 6.5901098633e+02 6.5911901855e+02 6.5921697998e+02 6.5927899170e+02 6.5935998535e+02 6.5944598389e+02 6.5953198242e+02 6.5962200928e+02 6.5974200439e+02 6.5982800293e+02 6.5986901855e+02 6.5988201904e+02 6.5997998047e+02 6.6003601074e+02 6.6009197998e+02 6.6015997314e+02 6.6020397949e+02 6.6023699951e+02 6.6029302979e+02 6.6038702393e+02 6.6046997070e+02 6.6054400635e+02 6.6060101318e+02 6.6068597412e+02 6.6077801514e+02
6.5808197021e+02 6.5809497070e+02 6.5812500000e+02 6.5813000488e+02 6.5813201904e+02 6.5815997314e+02 6.5816497803e+02 6.5817602539e+02 6.5818902588e+02 6.5819201660e+02 6.5821099854e+02 6.5823400879e+02 6.5828002930e+02 6.5832897949e+02 6.5836102295e+02 6.5840698242e+02 6.5850598145e+02 6.5860699463e+02 6.5867999268e+02 6.5874401855e+02 6.5881896973e+02 6.5890100098e+02 6.5900500488e+02 6.5909399414e+02 6.5915301514e+02 6.5925701904e+02 6.5935601807e+02 6.5944097900e+02 6.5952001953e+02 6.5960198975e+02 6.5968103027e+02 6.5974700928e+02 6.5980999756e+02 6.5990502930e+02 6.5996002197e+02 6.6003399658e+02 6.6008398438e+02 6.6013397217e+02 6.6017999268e+02 6.6023297119e+02 6.6031701660e+02 6.6040899658e+02 6.6049700928e+02 6.6055401611e+02 6.6062799072e+02 6.6068298340e+02
6.5806500244e+02 6.5805401611e+02 6.5806896973e+02 6.5809002686e+02 6.5809698486e+02 6.5812902832e+02 6.5813598633e+02 6.5814001465e+02 6.5814099121e+02 6.5815002441e+02 6.5816998291e+02 6.5818200684e+02 6.5822497559e+02 6.5827697754e+02 6.5831201172e+02 6.5834100342e+02 6.5842602539e+02 6.5851098633e+02 6.5858599854e+02 6.5867199707e+02 6.5875500488e+02 6.5882397461e+02 6.5890899658e+02 6.5898400879e+02 6.5905700684e+02 6.5915502930e+02 6.5924597168e+02 6.5933502197e+02 6.5942901611e+02 6.5950897217e+02 6.5958001709e+02 6.5964801025e+02 6.5972100830e+02 6.5979901123e+02 6.5988201904e+02 6.5997100830e+02 6.6003002930e+02 6.6009100342e+02 6.6014599609e+02 6.6019201660e+02 6.6025500488e+02 6.6032501221e+02 6.6041302490e+02 6.6048699951e+02 6.6055499268e+02 6.6060198975e+02
6.5804302979e+02 6.5802899170e+02 6.5804901123e+02 6.5807897949e+02 6.5807299805e+02 6.5809301758e+02 6.5809899902e+02 6.5809802246e+02 6.5809899902e+02 6.5811199951e+02 6.5811999512e+02 6.5811199951e+02 6.5814099121e+02 6.5818597412e+02 6.5823797607e+02 6.5828198242e+02 6.5836102295e+02 6.5844097900e+02 6.5851098633e+02 6.5859197998e+02 6.5867999268e+02 6.5875598145e+02 6.5882800293e+02 6.5889099121e+02 6.5896801758e+02 6.5903900146e+02 6.5911798096e+02 6.5920599365e+02 6.5931201172e+02 6.5939202881e+02 6.5946002197e+02 6.5953698730e+02 6.5961297607e+02 6.5967700195e+02 6.5977502441e+02 6.5988201904e+02 6.5998101807e+02 6.6004901123e+02 6.6012097168e+02 6.6018298340e+02 6.6023400879e+02 6.6027899170e+02 6.6035198975e+02 6.6042602539e+02 6.6048101807e+02 6.6053601074e+02
6.5803698730e+02 6.5804101563e+02 6.5805798340e+02 6.5807397461e+02 6.5806500244e+02 6.5806500244e+02 6.5806500244e+02 6.5807098389e+02 6.5807897949e+02 6.5807800293e+02 6.5806500244e+02 6.5805401611e+02 6.5808300781e+02 6.5812701416e+02 6.5817401123e+02 6.5821398926e+02 6.5828198242e+02 6.5834899902e+02 6.5840197754e+02 6.5846502686e+02 6.5857397461e+02 6.5866497803e+02 6.5872998047e+02 6.5878601074e+02 6.5886901855e+02 6.5893499756e+02 6.5902398682e+02 6.5909899902e+02 6.5917199707e+02 6.5927301025e+02 6.5933898926e+02 6.5943798828e+02 6.5951501465e+02 6.5959100342e+02 6.5967901611e+02 6.5978698730e+02 6.5989001465e+02 6.5998901367e+02 6.6009002686e+02 6.6016302490e+02 6.6021502686e+02 6.6022900391e+02 6.6027697754e+02 6.6034899902e+02 6.6040997314e+02 6.6046697998e+02
6.5803997803e+02 6.5805798340e+02 6.5805798340e+02 6.5806500244e+02 6.5805499268e+02 6.5805297852e+02 6.5805297852e+02 6.5805200195e+02 6.5805102539e+02 6.5804699707e+02 6.5803302002e+02 6.5802600098e+02 6.5803997803e+02 6.5805499268e+02 6.5810198975e+02 6.5814202881e+02 6.5818902588e+02 6.5823901367e+02 6.5829602051e+02 6.5836401367e+02 6.5847497559e+02 6.5855603027e+02 6.5862298584e+02 6.5869299316e+02 6.5877197266e+02 6.5884197998e+02 6.5893103027e+02 6.5901800537e+02 6.5907598877e+02 6.5916998291e+02 6.5925000000e+02 6.5934698486e+02 6.5943798828e+02 6.5954797363e+02 6.5963201904e+02 6.5973297119e+02 6.5981201172e+02 6.5991198730e+02 6.6004498291e+02 6.6013500977e+02 6.6018103027e+02 6.6017999268e+02 6.6022802734e+02 6.6028198242e+02 6.6033801270e+02 6.6041497803e+02
6.5801702881e+02 6.5804602051e+02 6.5805200195e+02 6.5805603027e+02 6.5804602051e+02 6.5804400635e+02 6.5803997803e+02 6.5803198242e+02 6.5801800537e+02 6.5802001953e+02 6.5801501465e+02 6.5800299072e+02 6.5801098633e+02 6.5801898193e+02 6.5804797363e+02 6.5807098389e+02 6.5810797119e+02 6.5814501953e+02 6.5819097900e+02 6.5824798584e+02 6.5836401367e+02 6.5846197510e+02 6.5852001953e+02 6.5858398438e+02 6.5867199707e+02 6.5874798584e+02 6.5883599854e+02 6.5891900635e+02 6.5898901367e+02 6.5906799316e+02 6.5915899658e+02 6.5924798584e+02 6.5934301758e+02 6.5945501709e+02 6.5954797363e+02 6.5963897705e+02 6.5970098877e+02 6.5979602051e+02 6.5992297363e+02 6.6001800537e+02 6.6008898926e+02 6.6013397217e+02 6.6017700195e+02 6.6021502686e+02 6.6027099609e+02 6.6033697510e+02
6.5800598145e+02 6.5802801514e+02 6.5804699707e+02 6.5804699707e+02 6.5802801514e+02 6.5802697754e+02 6.5802099609e+02 6.5801898193e+02 6.5800097656e+02 6.5800500488e+02 6.5800897217e+02 6.5799200439e+02 6.5799798584e+02 6.5800799561e+02 6.5802099609e+02 6.5802801514e+02 6.5806097412e+02 6.5809698486e+02 6.5812701416e+02 6.5816802979e+02 6.5828497314e+02 6.5840802002e+02 6.5845397949e+02 6.5851000977e+02 6.5859100342e+02 6.5865997314e+02 6.5874597168e+02 6.5882397461e+02 6.5891998291e+02 6.5898602295e+02 6.5907800293e+02 6.5915997314e+02 6.5924700928e+02 6.5933801270e+02 6.5943200684e+02 6.5952398682e+02 6.5959002686e+02 6.5967797852e+02 6.5978698730e+02 6.5987298584e+02 6.5996099854e+02 6.6005499268e+02 6.6011102295e+02 6.6016302490e+02 6.6022802734e+02 6.6027600098e+02
6.5802502441e+02 6.5802600098e+02 6.5803302002e+02 6.5803100586e+02 6.5801599121e+02 6.5802099609e+02 6.5801098633e+02 6.5800000000e+02 6.5799499512e+02 6.5800402832e+02 6.5800897217e+02 6.5800701904e+02 6.5801501465e+02 6.5801000977e+02 6.5800097656e+02 6.5800402832e+02 6.5802099609e+02 6.5804400635e+02 6.5805902100e+02 6.5811102295e+02 6.5823297119e+02 6.5831896973e+02 6.5838000488e+02 6.5844500732e+02 6.5850598145e+02 6.5858300781e+02 6.5866302490e+02 6.5873297119e+02 6.5882202148e+02 6.5890197754e+02 6.5898602295e+02 6.5906701660e+02 6.5915100098e+02 6.5924298096e+02 6.5932598877e+02 6.5941900635e+02 6.5949597168e+02 6.5957800293e+02 6.5968499756e+02 6.5976702881e+02 6.5982800293e+02 6.5994396973e+02 6.6004101563e+02 6.6011798096e+02 6.6015899658e+02 6.6021899414e+02
6.5804302979e+02 6.5802600098e+02 6.5801000977e+02 6.5801501465e+02 6.5800201416e+02 6.5800097656e+02 6.5799798584e+02 6.5797900391e+02 6.5797302246e+02 6.5799102783e+02 6.5799401855e+02 6.5799902344e+02 6.5800701904e+02 6.5801397705e+02 6.5801098633e+02 6.5800299072e+02 6.5800598145e+02 6.5802301025e+02 6.5804199219e+02 6.5811901855e+02 6.5820599365e+02 6.5824499512e+02 6.5829699707e+02 6.5834997559e+02 6.5839599609e+02 6.5846697998e+02 6.5855499268e+02 6.5864697266e+02 6.5873999023e+02 6.5882897949e+02 6.5890899658e+02 6.5898699951e+02 6.5905102539e+02 6.5914300537e+02 6.5923699951e+02 6.5933300781e+02 6.5942297363e+02 6.5951599121e+02 6.5961199951e+02 6.5969500732e+02 6.5976501465e+02 6.5984301758e+02 6.5994201660e+02 6.6004302979e+02 6.6010601807e+02 6.6016699219e+02
6.5805401611e+02 6.5804602051e+02 6.5802099609e+02 6.5801800537e+02 6.5800598145e+02 6.5799499512e+02 6.5798199463e+02 6.5797802734e+02 6.5797198486e+02 6.5797998047e+02 6.5798602295e+02 6.5799102783e+02 6.5799401855e+02 6.5800402832e+02 6.5800897217e+02 6.5800201416e+02 6.5800097656e+02 6.5800897217e+02 6.5803399658e+02 6.5810998535e+02 6.5816699219e+02 6.5819097900e+02 6.5823101807e+02 6.5827697754e+02 6.5832501221e+02 6.5836999512e+02 6.5844396973e+02 6.5854101563e+02 6.5864300537e+02 6.5872998047e+02 6.5882397461e+02 6.5890600586e+02 6.5896398926e+02 6.5906298828e+02 6.5915502930e+02 6.5924597168e+02 6.5932702637e+02 6.5941198730e+02 6.5950598145e+02 6.5959802246e+02 6.5967102051e+02 6.5974401855e+02 6.5983801270e+02 6.5994299316e+02 6.6003302002e+02 6.6009698486e+02
6.5804699707e+02 6.5804602051e+02 6.5802899170e+02 6.5802301025e+02 6.5802197266e+02 6.5798699951e+02 6.5795001221e+02 6.5795501709e+02 6.5796502686e+02 6.5796197510e+02 6.5796697998e+02 6.5797802734e+02 6.5799597168e+02 6.5801000977e+02 6.5800799561e+02 6.5800097656e+02 6.5800897217e+02 6.5802001953e+02 6.5803100586e+02 6.5806402588e+02 6.5809802246e+02 6.5813800049e+02 6.5817602539e+02 6.5823101807e+02 6.5829498291e+02 6.5830902100e+02 6.5835498047e+02 6.5844299316e+02 6.5854498291e+02 6.5862097168e+02 6.5871997070e+02 6.5880603027e+02 6.5887500000e+02 6.5896502686e+02 6.5904602051e+02 6.5912902832e+02 6.5921197510e+02 6.5929998779e+02 6.5939697266e+02 6.5948901367e+02 6.5954101563e+02 6.5963598633e+02 6.5973901367e+02 6.5984399414e+02 6.5994000244e+02 6.6001501465e+02
