TESTSERVER/16/6.asc
NCOLS 100
NROWS 100
XLLCORNER 8.2997500000e+03
YLLCORNER 2.8965025000e+05
CELLSIZE 5.0000000000e-01
NODATA_VALUE -9.9990000000e+03
[rows 80 to 99 of 100, columns 46 to 91 of 100]
6.5819299316e+02 6.5819702148e+02 6.5822698975e+02 6.5823901367e+02 6.5824700928e+02 6.5827301025e+02 6.5829302979e+02 6.5830401611e+02 6.5833697510e+02 6.5836798096e+02 6.5838500977e+02 6.5838500977e+02 6.5838000488e+02 6.5836901855e+02 6.5836401367e+02 6.5835998535e+02 6.5834197998e+02 6.5842498779e+02 6.5863098145e+02 6.5879699707e+02 6.5897302246e+02 6.5912200928e+02 6.5923199463e+02 6.5925598145e+02 6.5933502197e+02 6.5949499512e+02 6.5962097168e+02 6.5972998047e+02 6.5975701904e+02 6.5971002197e+02 6.5960400391e+02 6.5959002686e+02 6.5964599609e+02 6.5972302246e+02 6.5974798584e+02 6.5984002686e+02 6.5995898438e+02 6.6008300781e+02 6.6019097900e+02 6.6030700684e+02 6.6040197754e+02 6.6050000000e+02 6.6059497070e+02 6.6068902588e+02 6.6080102539e+02 6.6090600586e+02
6.5819097900e+02 6.5819097900e+02 6.5819799805e+02 6.5819799805e+02 6.5822601318e+02 6.5827600098e+02 6.5833599854e+02 6.5834301758e+02 6.5834197998e+02 6.5835900879e+02 6.5837799072e+02 6.5839099121e+02 6.5839599609e+02 6.5839099121e+02 6.5837902832e+02 6.5836999512e+02 6.5834100342e+02 6.5837402344e+02 6.5854998779e+02 6.5877502441e+02 6.5892999268e+02 6.5902801514e+02 6.5910699463e+02 6.5913098145e+02 6.5918402100e+02 6.5929400635e+02 6.5940301514e+02 6.5953601074e+02 6.5960900879e+02 6.5954797363e+02 6.5949798584e+02 6.5952899170e+02 6.5959197998e+02 6.5964898682e+02 6.5969897461e+02 6.5978302002e+02 6.5988201904e+02 6.6001202393e+02 6.6011798096e+02 6.6022998047e+02 6.6031402588e+02 6.6040698242e+02 6.6050500488e+02 6.6060998535e+02 6.6072998047e+02 6.6083599854e+02
6.5819299316e+02 6.5819799805e+02 6.5820397949e+02 6.5821099854e+02 6.5823297119e+02 6.5827697754e+02 6.5836199951e+02 6.5838500977e+02 6.5835998535e+02 6.5835998535e+02 6.5838201904e+02 6.5839801025e+02 6.5840899658e+02 6.5840802002e+02 6.5839801025e+02 6.5838598633e+02 6.5835900879e+02 6.5836102295e+02 6.5846600342e+02 6.5870397949e+02 6.5886102295e+02 6.5892999268e+02 6.5898498535e+02 6.5904998779e+02 6.5911499023e+02 6.5917102051e+02 6.5923498535e+02 6.5932397461e+02 6.5939300537e+02 6.5938702393e+02 6.5940997314e+02 6.5945800781e+02 6.5953198242e+02 6.5959899902e+02 6.5965301514e+02 6.5972302246e+02 6.5981799316e+02 6.5995202637e+02 6.6004602051e+02 6.6013702393e+02 6.6022900391e+02 6.6033099365e+02 6.6041101074e+02 6.6051300049e+02 6.6063299561e+02 6.6073797607e+02
6.5819702148e+02 6.5819897461e+02 6.5821398926e+02 6.5822497559e+02 6.5823498535e+02 6.5826300049e+02 6.5834399414e+02 6.5838201904e+02 6.5835601807e+02 6.5835400391e+02 6.5838397217e+02 6.5840100098e+02 6.5841601563e+02 6.5842102051e+02 6.5841601563e+02 6.5839501953e+02 6.5837097168e+02 6.5836102295e+02 6.5840698242e+02 6.5863500977e+02 6.5880102539e+02 6.5886401367e+02 6.5889398193e+02 6.5896197510e+02 6.5905700684e+02 6.5912500000e+02 6.5917602539e+02 6.5922399902e+02 6.5927502441e+02 6.5932299805e+02 6.5936602783e+02 6.5940399170e+02 6.5946197510e+02 6.5953997803e+02 6.5960101318e+02 6.5967199707e+02 6.5977001953e+02 6.5989599609e+02 6.5998797607e+02 6.6007800293e+02 6.6016302490e+02 6.6025402832e+02 6.6032800293e+02 6.6041699219e+02 6.6051599121e+02 6.6061499023e+02
6.5819598389e+02 6.5819799805e+02 6.5820599365e+02 6.5822302246e+02 6.5822900391e+02 6.5824798584e+02 6.5830401611e+02 6.5836401367e+02 6.5835302734e+02 6.5834698486e+02 6.5838098145e+02 6.5839898682e+02 6.5841198730e+02 6.5841900635e+02 6.5841302490e+02 6.5840002441e+02 6.5837799072e+02 6.5836700439e+02 6.5838702393e+02 6.5857800293e+02 6.5877099609e+02 6.5885498047e+02 6.5887402344e+02 6.5891400146e+02 6.5897399902e+02 6.5905200195e+02 6.5912500000e+02 6.5918597412e+02 6.5923602295e+02 6.5928100586e+02 6.5931201172e+02 6.5935498047e+02 6.5939300537e+02 6.5947698975e+02 6.5955401611e+02 6.5962500000e+02 6.5972399902e+02 6.5982000732e+02 6.5992297363e+02 6.6002502441e+02 6.6009301758e+02 6.6016198730e+02 6.6025000000e+02 6.6034600830e+02 6.6042498779e+02 6.6052301025e+02
6.5819097900e+02 6.5820001221e+02 6.5822399902e+02 6.5822802734e+02 6.5822900391e+02 6.5824298096e+02 6.5827502441e+02 6.5833300781e+02 6.5834600830e+02 6.5835900879e+02 6.5838800049e+02 6.5838897705e+02 6.5839898682e+02 6.5842297363e+02 6.5842700195e+02 6.5841601563e+02 6.5839398193e+02 6.5837500000e+02 6.5837298584e+02 6.5850201416e+02 6.5871697998e+02 6.5884399414e+02 6.5887402344e+02 6.5890899658e+02 6.5894000244e+02 6.5899401855e+02 6.5907299805e+02 6.5915600586e+02 6.5921899414e+02 6.5926300049e+02 6.5928100586e+02 6.5930102539e+02 6.5935400391e+02 6.5944097900e+02 6.5952899170e+02 6.5959399414e+02 6.5966497803e+02 6.5976202393e+02 6.5985498047e+02 6.5993298340e+02 6.6002099609e+02 6.6009802246e+02 6.6018597412e+02 6.6027600098e+02 6.6035998535e+02 6.6045697021e+02
6.5817700195e+02 6.5819396973e+02 6.5823297119e+02 6.5823199463e+02 6.5823498535e+02 6.5825000000e+02 6.5826702881e+02 6.5828802490e+02 6.5832000732e+02 6.5835601807e+02 6.5837902832e+02 6.5839001465e+02 6.5840899658e+02 6.5843402100e+02 6.5843597412e+02 6.5842297363e+02 6.5840802002e+02 6.5839099121e+02 6.5837402344e+02 6.5844097900e+02 6.5865100098e+02 6.5882098389e+02 6.5888098145e+02 6.5890899658e+02 6.5892199707e+02 6.5896301270e+02 6.5904602051e+02 6.5914697266e+02 6.5921899414e+02 6.5926397705e+02 6.5927001953e+02 6.5927697754e+02 6.5933300781e+02 6.5940301514e+02 6.5947998047e+02 6.5956701660e+02 6.5962500000e+02 6.5970501709e+02 6.5978399658e+02 6.5986602783e+02 6.5995697021e+02 6.6002801514e+02 6.6011901855e+02 6.6021301270e+02 6.6029901123e+02 6.6039599609e+02
6.5816699219e+02 6.5817901611e+02 6.5821197510e+02 6.5822100830e+02 6.5823797607e+02 6.5825799561e+02 6.5827697754e+02 6.5828002930e+02 6.5830902100e+02 6.5834399414e+02 6.5836499023e+02 6.5839501953e+02 6.5842199707e+02 6.5844000244e+02 6.5844097900e+02 6.5842498779e+02 6.5840899658e+02 6.5839398193e+02 6.5837902832e+02 6.5841400146e+02 6.5860498047e+02 6.5879101563e+02 6.5887402344e+02 6.5891198730e+02 6.5892297363e+02 6.5896002197e+02 6.5903900146e+02 6.5911798096e+02 6.5918798828e+02 6.5923999023e+02 6.5924597168e+02 6.5926300049e+02 6.5930401611e+02 6.5935101318e+02 6.5941998291e+02 6.5951898193e+02 6.5959100342e+02 6.5965899658e+02 6.5972900391e+02 6.5981701660e+02 6.5989898682e+02 6.5997302246e+02 6.6006701660e+02 6.6015600586e+02 6.6022399902e+02 6.6029498291e+02
6.5817297363e+02 6.5817901611e+02 6.5819897461e+02 6.5821398926e+02 6.5823602295e+02 6.5825897217e+02 6.5827099609e+02 6.5828601074e+02 6.5830999756e+02 6.5833697510e+02 6.5836901855e+02 6.5839697266e+02 6.5841900635e+02 6.5843597412e+02 6.5846197510e+02 6.5844598389e+02 6.5841900635e+02 6.5839001465e+02 6.5836199951e+02 6.5840002441e+02 6.5856402588e+02 6.5873101807e+02 6.5883001709e+02 6.5886499023e+02 6.5887799072e+02 6.5893200684e+02 6.5902600098e+02 6.5906597900e+02 6.5914099121e+02 6.5919897461e+02 6.5921697998e+02 6.5923602295e+02 6.5926702881e+02 6.5931097412e+02 6.5938098145e+02 6.5946197510e+02 6.5954699707e+02 6.5961798096e+02 6.5968902588e+02 6.5976800537e+02 6.5984301758e+02 6.5993103027e+02 6.6001898193e+02 6.6009802246e+02 6.6015002441e+02 6.6020397949e+02
6.5818902588e+02 6.5819598389e+02 6.5820599365e+02 6.5822802734e+02 6.5824102783e+02 6.5826098633e+02 6.5827502441e+02 6.5828302002e+02 6.5830798340e+02 6.5833502197e+02 6.5835998535e+02 6.5837500000e+02 6.5839599609e+02 6.5841900635e+02 6.5846099854e+02 6.5847198486e+02 6.5843902588e+02 6.5840301514e+02 6.5838098145e+02 6.5839501953e+02 6.5854602051e+02 6.5870202637e+02 6.5878997803e+02 6.5882098389e+02 6.5885101318e+02 6.5891802979e+02 6.5898901367e+02 6.5904498291e+02 6.5910601807e+02 6.5915600586e+02 6.5919097900e+02 6.5921099854e+02 6.5923797607e+02 6.5927502441e+02 6.5933398438e+02 6.5940802002e+02 6.5948999023e+02 6.5957098389e+02 6.5965698242e+02 6.5972497559e+02 6.5979400635e+02 6.5987500000e+02 6.5996600342e+02 6.6004302979e+02 6.6009997559e+02 6.6014501953e+02
6.5824200439e+02 6.5823297119e+02 6.5822399902e+02 6.5824401855e+02 6.5825701904e+02 6.5827197266e+02 6.5828002930e+02 6.5828302002e+02 6.5830700684e+02 6.5832800293e+02 6.5834802246e+02 6.5836499023e+02 6.5839202881e+02 6.5841900635e+02 6.5845697021e+02 6.5847601318e+02 6.5845202637e+02 6.5841802979e+02 6.5838702393e+02 6.5837799072e+02 6.5851599121e+02 6.5866497803e+02 6.5874798584e+02 6.5879199219e+02 6.5883099365e+02 6.5889300537e+02 6.5896197510e+02 6.5904998779e+02 6.5909399414e+02 6.5912402344e+02 6.5915600586e+02 6.5917297363e+02 6.5920501709e+02 6.5924902344e+02 6.5930499268e+02 6.5938000488e+02 6.5946502686e+02 6.5954901123e+02 6.5962701416e+02 6.5968798828e+02 6.5976202393e+02 6.5984100342e+02 6.5992401123e+02 6.6001202393e+02 6.6007702637e+02 6.6012701416e+02
6.5835101318e+02 6.5830603027e+02 6.5827099609e+02 6.5825799561e+02 6.5826202393e+02 6.5827301025e+02 6.5828601074e+02 6.5829400635e+02 6.5831402588e+02 6.5832897949e+02 6.5834899902e+02 6.5836297607e+02 6.5838500977e+02 6.5842199707e+02 6.5845300293e+02 6.5846099854e+02 6.5845300293e+02 6.5843298340e+02 6.5838702393e+02 6.5835400391e+02 6.5848400879e+02 6.5862402344e+02 6.5869897461e+02 6.5876000977e+02 6.5881402588e+02 6.5887097168e+02 6.5892797852e+02 6.5900500488e+02 6.5904901123e+02 6.5908599854e+02 6.5912597656e+02 6.5915301514e+02 6.5918103027e+02 6.5922998047e+02 6.5929302979e+02 6.5936602783e+02 6.5944396973e+02 6.5952398682e+02 6.5959002686e+02 6.5965698242e+02 6.5972998047e+02 6.5979998779e+02 6.5987597656e+02 6.5995599365e+02 6.6002099609e+02 6.6008001709e+02
6.5848297119e+02 6.5840002441e+02 6.5834002686e+02 6.5830603027e+02 6.5829101563e+02 6.5829302979e+02 6.5830401611e+02 6.5830999756e+02 6.5832397461e+02 6.5833599854e+02 6.5834899902e+02 6.5835302734e+02 6.5838397217e+02 6.5842401123e+02 6.5844500732e+02 6.5846600342e+02 6.5846002197e+02 6.5843298340e+02 6.5839599609e+02 6.5836499023e+02 6.5847802734e+02 6.5859997559e+02 6.5863098145e+02 6.5869299316e+02 6.5877801514e+02 6.5884497070e+02 6.5889599609e+02 6.5896301270e+02 6.5903198242e+02 6.5909497070e+02 6.5913000488e+02 6.5915802002e+02 6.5917797852e+02 6.5921600342e+02 6.5927697754e+02 6.5933502197e+02 6.5939898682e+02 6.5947399902e+02 6.5953302002e+02 6.5960302734e+02 6.5968499756e+02 6.5974499512e+02 6.5983001709e+02 6.5991101074e+02 6.5997100830e+02 6.6001800537e+02
6.5866998291e+02 6.5855999756e+02 6.5844598389e+02 6.5835601807e+02 6.5832397461e+02 6.5832501221e+02 6.5831896973e+02 6.5831500244e+02 6.5832800293e+02 6.5834002686e+02 6.5835302734e+02 6.5837097168e+02 6.5840399170e+02 6.5844299316e+02 6.5847100830e+02 6.5847900391e+02 6.5846197510e+02 6.5842401123e+02 6.5838201904e+02 6.5836999512e+02 6.5847399902e+02 6.5857598877e+02 6.5861401367e+02 6.5867700195e+02 6.5874401855e+02 6.5881097412e+02 6.5886901855e+02 6.5893103027e+02 6.5900402832e+02 6.5906597900e+02 6.5910400391e+02 6.5914398193e+02 6.5916497803e+02 6.5919097900e+02 6.5923999023e+02 6.5929498291e+02 6.5935699463e+02 6.5943200684e+02 6.5950897217e+02 6.5958398438e+02 6.5965698242e+02 6.5972100830e+02 6.5980401611e+02 6.5987500000e+02 6.5994396973e+02 6.6000799561e+02
6.5884600830e+02 6.5875000000e+02 6.5860601807e+02 6.5848101807e+02 6.5842498779e+02 6.5840197754e+02 6.5837097168e+02 6.5833502197e+02 6.5834497070e+02 6.5834997559e+02 6.5836499023e+02 6.5838897705e+02 6.5841699219e+02 6.5845098877e+02 6.5846899414e+02 6.5846997070e+02 6.5845300293e+02 6.5842102051e+02 6.5838098145e+02 6.5838702393e+02 6.5846502686e+02 6.5854400635e+02 6.5860101318e+02 6.5867102051e+02 6.5872302246e+02 6.5878399658e+02 6.5884197998e+02 6.5889300537e+02 6.5896801758e+02 6.5902801514e+02 6.5905798340e+02 6.5911297607e+02 6.5915502930e+02 6.5919201660e+02 6.5922900391e+02 6.5928900146e+02 6.5933599854e+02 6.5939599609e+02 6.5947399902e+02 6.5954302979e+02 6.5961499023e+02 6.5970001221e+02 6.5979498291e+02 6.5983801270e+02 6.5990100098e+02 6.5996801758e+02
6.5897100830e+02 6.5890802002e+02 6.5877697754e+02 6.5867102051e+02 6.5860699463e+02 6.5855499268e+02 6.5849499512e+02 6.5838702393e+02 6.5837500000e+02 6.5838500977e+02 6.5839398193e+02 6.5841198730e+02 6.5842700195e+02 6.5844500732e+02 6.5846398926e+02 6.5847100830e+02 6.5844897461e+02 6.5841900635e+02 6.5838598633e+02 6.5840997314e+02 6.5846697998e+02 6.5851898193e+02 6.5857299805e+02 6.5864801025e+02 6.5870898438e+02 6.5876501465e+02 6.5880499268e+02 6.5885601807e+02 6.5893200684e+02 6.5898797607e+02 6.5901397705e+02 6.5907098389e+02 6.5914300537e+02 6.5920202637e+02 6.5922302246e+02 6.5927099609e+02 6.5930603027e+02 6.5936602783e+02 6.5945501709e+02 6.5951098633e+02 6.5957202148e+02 6.5966302490e+02 6.5977301025e+02 6.5983001709e+02 6.5987902832e+02 6.5993200684e+02
6.5897802734e+02 6.5892602539e+02 6.5880297852e+02 6.5880700684e+02 6.5877899170e+02 6.5873297119e+02 6.5864599609e+02 6.5846997070e+02 6.5839398193e+02 6.5841101074e+02 6.5843200684e+02 6.5842797852e+02 6.5844702148e+02 6.5845098877e+02 6.5846997070e+02 6.5845898438e+02 6.5842700195e+02 6.5840100098e+02 6.5837597656e+02 6.5840997314e+02 6.5846899414e+02 6.5850701904e+02 6.5854101563e+02 6.5861102295e+02 6.5866998291e+02 6.5870898438e+02 6.5874200439e+02 6.5881298828e+02 6.5888299561e+02 6.5893499756e+02 6.5897900391e+02 6.5902099609e+02 6.5909997559e+02 6.5916998291e+02 6.5921301270e+02 6.5925299072e+02 6.5929302979e+02 6.5935101318e+02 6.5941998291e+02 6.5947900391e+02 6.5954901123e+02 6.5964001465e+02 6.5974700928e+02 6.5982800293e+02 6.5986700439e+02 6.5990600586e+02
6.5895300293e+02 6.5888702393e+02 6.5881298828e+02 6.5880999756e+02 6.5882800293e+02 6.5881799316e+02 6.5876098633e+02 6.5860797119e+02 6.5846600342e+02 6.5842999268e+02 6.5845300293e+02 6.5846398926e+02 6.5847698975e+02 6.5848199463e+02 6.5847998047e+02 6.5845397949e+02 6.5841998291e+02 6.5839898682e+02 6.5838397217e+02 6.5840197754e+02 6.5844500732e+02 6.5847998047e+02 6.5851599121e+02 6.5856701660e+02 6.5862200928e+02 6.5866699219e+02 6.5873498535e+02 6.5878198242e+02 6.5883502197e+02 6.5889697266e+02 6.5895501709e+02 6.5900402832e+02 6.5905499268e+02 6.5911901855e+02 6.5920501709e+02 6.5924798584e+02 6.5928302002e+02 6.5932202148e+02 6.5937298584e+02 6.5943402100e+02 6.5952301025e+02 6.5961901855e+02 6.5972900391e+02 6.5980999756e+02 6.5984301758e+02 6.5988897705e+02
6.5893798828e+02 6.5888098145e+02 6.5881597900e+02 6.5882800293e+02 6.5886401367e+02 6.5886700439e+02 6.5882897949e+02 6.5870697021e+02 6.5854797363e+02 6.5847100830e+02 6.5847100830e+02 6.5848901367e+02 6.5850097656e+02 6.5850000000e+02 6.5848699951e+02 6.5845202637e+02 6.5841601563e+02 6.5839599609e+02 6.5838397217e+02 6.5840802002e+02 6.5843499756e+02 6.5846398926e+02 6.5850897217e+02 6.5856201172e+02 6.5861499023e+02 6.5865502930e+02 6.5871600342e+02 6.5875402832e+02 6.5880700684e+02 6.5887298584e+02 6.5893103027e+02 6.5899597168e+02 6.5902398682e+02 6.5907299805e+02 6.5917102051e+02 6.5922302246e+02 6.5927697754e+02 6.5930999756e+02 6.5933697510e+02 6.5939398193e+02 6.5947998047e+02 6.5956298828e+02 6.5967401123e+02 6.5975299072e+02 6.5979797363e+02 6.5985101318e+02
6.5890301514e+02 6.5885400391e+02 6.5880700684e+02 6.5881701660e+02 6.5884997559e+02 6.5885498047e+02 6.5881201172e+02 6.5868597412e+02 6.5854998779e+02 6.5849102783e+02 6.5849700928e+02 6.5851098633e+02 6.5851599121e+02 6.5850500488e+02 6.5848199463e+02 6.5844000244e+02 6.5841101074e+02 6.5840197754e+02 6.5838897705e+02 6.5841699219e+02 6.5842999268e+02 6.5844201660e+02 6.5849200439e+02 6.5854498291e+02 6.5859997559e+02 6.5864001465e+02 6.5867901611e+02 6.5872698975e+02 6.5878399658e+02 6.5884802246e+02 6.5890997314e+02 6.5898199463e+02 6.5900598145e+02 6.5904699707e+02 6.5912799072e+02 6.5918499756e+02 6.5926397705e+02 6.5931201172e+02 6.5933197021e+02 6.5937402344e+02 6.5942999268e+02 6.5949102783e+02 6.5959899902e+02 6.5967700195e+02 6.5974499512e+02 6.5981201172e+02
