TESTSERVER/16/7.asc
NCOLS 100
NROWS 100
XLLCORNER 8.2997500000e+03
YLLCORNER 2.8960025000e+05
CELLSIZE 5.0000000000e-01
NODATA_VALUE -9.9990000000e+03
[rows 40 to 59 of 100, columns 0 to 45 of 100]
6.5917797852e+02 6.5917297363e+02 6.5915197754e+02 6.5913397217e+02 6.5913397217e+02 6.5912200928e+02 6.5910699463e+02 6.5909802246e+02 6.5909002686e+02 6.5907702637e+02 6.5907098389e+02 6.5907000732e+02 6.5907098389e+02 6.5905603027e+02 6.5904101563e+02 6.5902697754e+02 6.5902801514e+02 6.5902899170e+02 6.5901702881e+02 6.5900402832e+02 6.5899200439e+02 6.5898901367e+02 6.5898498535e+02 6.5897802734e+02 6.5896502686e+02 6.5897100830e+02 6.5896502686e+02 6.5896301270e+02 6.5897601318e+02 6.5897802734e+02 6.5898498535e+02 6.5898602295e+02 6.5898297119e+02 6.5898297119e+02 6.5899200439e+02 6.5900701904e+02 6.5901202393e+02 6.5902099609e+02 6.5902899170e+02 6.5903601074e+02 6.5903997803e+02 6.5906298828e+02 6.5907702637e+02 6.5908599854e+02 6.5909802246e+02 6.5909600830e+02
6.5920098877e+02 6.5918701172e+02 6.5916998291e+02 6.5914697266e+02 6.5913702393e+02 6.5911700439e+02 6.5910699463e+02 6.5910900879e+02 6.5910101318e+02 6.5907897949e+02 6.5907299805e+02 6.5906402588e+02 6.5905297852e+02 6.5905297852e+02 6.5904101563e+02 6.5902398682e+02 6.5902801514e+02 6.5902398682e+02 6.5901397705e+02 6.5900201416e+02 6.5898297119e+02 6.5898699951e+02 6.5897998047e+02 6.5896697998e+02 6.5896398926e+02 6.5896301270e+02 6.5895599365e+02 6.5894500732e+02 6.5896002197e+02 6.5896099854e+02 6.5896600342e+02 6.5896600342e+02 6.5895800781e+02 6.5896398926e+02 6.5897198486e+02 6.5898901367e+02 6.5899401855e+02 6.5899700928e+02 6.5900897217e+02 6.5902301025e+02 6.5903399658e+02 6.5904901123e+02 6.5907098389e+02 6.5908300781e+02 6.5909600830e+02 6.5910498047e+02
6.5921301270e+02 6.5919097900e+02 6.5917700195e+02 6.5915997314e+02 6.5914801025e+02 6.5912597656e+02 6.5911499023e+02 6.5911700439e+02 6.5910198975e+02 6.5908300781e+02 6.5907897949e+02 6.5906799316e+02 6.5903900146e+02 6.5904101563e+02 6.5903698730e+02 6.5901898193e+02 6.5901098633e+02 6.5900402832e+02 6.5899902344e+02 6.5899298096e+02 6.5897698975e+02 6.5897302246e+02 6.5896899414e+02 6.5895697021e+02 6.5895397949e+02 6.5894799805e+02 6.5894500732e+02 6.5893597412e+02 6.5894799805e+02 6.5893902588e+02 6.5893902588e+02 6.5894598389e+02 6.5894598389e+02 6.5895098877e+02 6.5895697021e+02 6.5897399902e+02 6.5898101807e+02 6.5898297119e+02 6.5899798584e+02 6.5901501465e+02 6.5903100586e+02 6.5904302979e+02 6.5905999756e+02 6.5907000732e+02 6.5909100342e+02 6.5911297607e+02
6.5921502686e+02 6.5918798828e+02 6.5916900635e+02 6.5915698242e+02 6.5915301514e+02 6.5913598633e+02 6.5912097168e+02 6.5911401367e+02 6.5910101318e+02 6.5909197998e+02 6.5908599854e+02 6.5907397461e+02 6.5904797363e+02 6.5903900146e+02 6.5903198242e+02 6.5901898193e+02 6.5900402832e+02 6.5899200439e+02 6.5898199463e+02 6.5897100830e+02 6.5896099854e+02 6.5895202637e+02 6.5895397949e+02 6.5894500732e+02 6.5893902588e+02 6.5893103027e+02 6.5892401123e+02 6.5891900635e+02 6.5892700195e+02 6.5891400146e+02 6.5891497803e+02 6.5892401123e+02 6.5893499756e+02 6.5894000244e+02 6.5894396973e+02 6.5895397949e+02 6.5896502686e+02 6.5897601318e+02 6.5899200439e+02 6.5900799561e+02 6.5902801514e+02 6.5904302979e+02 6.5905499268e+02 6.5906097412e+02 6.5907299805e+02 6.5910400391e+02
6.5920397949e+02 6.5918597412e+02 6.5916601563e+02 6.5915197754e+02 6.5914099121e+02 6.5913598633e+02 6.5912298584e+02 6.5910998535e+02 6.5911199951e+02 6.5909997559e+02 6.5907702637e+02 6.5906597900e+02 6.5905603027e+02 6.5903698730e+02 6.5902502441e+02 6.5901599121e+02 6.5899798584e+02 6.5898498535e+02 6.5897698975e+02 6.5895800781e+02 6.5894500732e+02 6.5894000244e+02 6.5894097900e+02 6.5894000244e+02 6.5893103027e+02 6.5891998291e+02 6.5890802002e+02 6.5890301514e+02 6.5889697266e+02 6.5889697266e+02 6.5890197754e+02 6.5890301514e+02 6.5891802979e+02 6.5892602539e+02 6.5893597412e+02 6.5894097900e+02 6.5894000244e+02 6.5896801758e+02 6.5897900391e+02 6.5899200439e+02 6.5901397705e+02 6.5903698730e+02 6.5904901123e+02 6.5905902100e+02 6.5906896973e+02 6.5909197998e+02
6.5921301270e+02 6.5920098877e+02 6.5918103027e+02 6.5915802002e+02 6.5914501953e+02 6.5915002441e+02 6.5913500977e+02 6.5912097168e+02 6.5911602783e+02 6.5909698486e+02 6.5908099365e+02 6.5907299805e+02 6.5905200195e+02 6.5903601074e+02 6.5902899170e+02 6.5901702881e+02 6.5900500488e+02 6.5898797607e+02 6.5896997070e+02 6.5895098877e+02 6.5894500732e+02 6.5892999268e+02 6.5890899658e+02 6.5890002441e+02 6.5890301514e+02 6.5889501953e+02 6.5889001465e+02 6.5888702393e+02 6.5888702393e+02 6.5889697266e+02 6.5890197754e+02 6.5889801025e+02 6.5889898682e+02 6.5890802002e+02 6.5891900635e+02 6.5893597412e+02 6.5894799805e+02 6.5897302246e+02 6.5897698975e+02 6.5898999023e+02 6.5901702881e+02 6.5903698730e+02 6.5905401611e+02 6.5906799316e+02 6.5906799316e+02 6.5908697510e+02
6.5921801758e+02 6.5920098877e+02 6.5918298340e+02 6.5916601563e+02 6.5915899658e+02 6.5916302490e+02 6.5914501953e+02 6.5912097168e+02 6.5911297607e+02 6.5909197998e+02 6.5907800293e+02 6.5907098389e+02 6.5905401611e+02 6.5903900146e+02 6.5902697754e+02 6.5901397705e+02 6.5900799561e+02 6.5898498535e+02 6.5896502686e+02 6.5895202637e+02 6.5894897461e+02 6.5892901611e+02 6.5890399170e+02 6.5888800049e+02 6.5888500977e+02 6.5887597656e+02 6.5887200928e+02 6.5887097168e+02 6.5888201904e+02 6.5888897705e+02 6.5888702393e+02 6.5888299561e+02 6.5888397217e+02 6.5890002441e+02 6.5890698242e+02 6.5891998291e+02 6.5895001221e+02 6.5898101807e+02 6.5897900391e+02 6.5898602295e+02 6.5901501465e+02 6.5903497314e+02 6.5904998779e+02 6.5906402588e+02 6.5906896973e+02 6.5908300781e+02
6.5922497559e+02 6.5920202637e+02 6.5919299316e+02 6.5918798828e+02 6.5917700195e+02 6.5916900635e+02 6.5915399170e+02 6.5912799072e+02 6.5911499023e+02 6.5909997559e+02 6.5908801270e+02 6.5907299805e+02 6.5905499268e+02 6.5904302979e+02 6.5902600098e+02 6.5900701904e+02 6.5900000000e+02 6.5898699951e+02 6.5897399902e+02 6.5895800781e+02 6.5895001221e+02 6.5892700195e+02 6.5891101074e+02 6.5889599609e+02 6.5887701416e+02 6.5886901855e+02 6.5886602783e+02 6.5885998535e+02 6.5886602783e+02 6.5885998535e+02 6.5885998535e+02 6.5886700439e+02 6.5886700439e+02 6.5888897705e+02 6.5890600586e+02 6.5891101074e+02 6.5893798828e+02 6.5897399902e+02 6.5897802734e+02 6.5898797607e+02 6.5901202393e+02 6.5903601074e+02 6.5905200195e+02 6.5906701660e+02 6.5907702637e+02 6.5908898926e+02
6.5924798584e+02 6.5921697998e+02 6.5920397949e+02 6.5920397949e+02 6.5920001221e+02 6.5918200684e+02 6.5916802979e+02 6.5914398193e+02 6.5911700439e+02 6.5910900879e+02 6.5909899902e+02 6.5907501221e+02 6.5906500244e+02 6.5904602051e+02 6.5902600098e+02 6.5900500488e+02 6.5899700928e+02 6.5899102783e+02 6.5897900391e+02 6.5895300293e+02 6.5894396973e+02 6.5891998291e+02 6.5890802002e+02 6.5890002441e+02 6.5888500977e+02 6.5888000488e+02 6.5886901855e+02 6.5885797119e+02 6.5885601807e+02 6.5884100342e+02 6.5884002686e+02 6.5885498047e+02 6.5885302734e+02 6.5886401367e+02 6.5890100098e+02 6.5891802979e+02 6.5892999268e+02 6.5895202637e+02 6.5896997070e+02 6.5899200439e+02 6.5901202393e+02 6.5904302979e+02 6.5905603027e+02 6.5905999756e+02 6.5907598877e+02 6.5909899902e+02
6.5923400879e+02 6.5921600342e+02 6.5920599365e+02 6.5920599365e+02 6.5920001221e+02 6.5918499756e+02 6.5918597412e+02 6.5916601563e+02 6.5912701416e+02 6.5911499023e+02 6.5909802246e+02 6.5907800293e+02 6.5906298828e+02 6.5904199219e+02 6.5902502441e+02 6.5901202393e+02 6.5900402832e+02 6.5898901367e+02 6.5897302246e+02 6.5895397949e+02 6.5894201660e+02 6.5891802979e+02 6.5891198730e+02 6.5890399170e+02 6.5888397217e+02 6.5888098145e+02 6.5886700439e+02 6.5885601807e+02 6.5884997559e+02 6.5883599854e+02 6.5882598877e+02 6.5882000732e+02 6.5882501221e+02 6.5884600830e+02 6.5888201904e+02 6.5891497803e+02 6.5892602539e+02 6.5895697021e+02 6.5897802734e+02 6.5898797607e+02 6.5902001953e+02 6.5904400635e+02 6.5906097412e+02 6.5908398438e+02 6.5909802246e+02 6.5911102295e+02
6.5922998047e+02 6.5920800781e+02 6.5920098877e+02 6.5920501709e+02 6.5919897461e+02 6.5920098877e+02 6.5922698975e+02 6.5921301270e+02 6.5915301514e+02 6.5912200928e+02 6.5910302734e+02 6.5909002686e+02 6.5907501221e+02 6.5904901123e+02 6.5902899170e+02 6.5901202393e+02 6.5899798584e+02 6.5898400879e+02 6.5896801758e+02 6.5895697021e+02 6.5894702148e+02 6.5892297363e+02 6.5891699219e+02 6.5890502930e+02 6.5888897705e+02 6.5888500977e+02 6.5886999512e+02 6.5885797119e+02 6.5884399414e+02 6.5883300781e+02 6.5882397461e+02 6.5881500244e+02 6.5881201172e+02 6.5882501221e+02 6.5885797119e+02 6.5890502930e+02 6.5891699219e+02 6.5895098877e+02 6.5897698975e+02 6.5898699951e+02 6.5901800537e+02 6.5904400635e+02 6.5907202148e+02 6.5910198975e+02 6.5910998535e+02 6.5911700439e+02
6.5922998047e+02 6.5921099854e+02 6.5920898438e+02 6.5921697998e+02 6.5920397949e+02 6.5921600342e+02 6.5924499512e+02 6.5923400879e+02 6.5918298340e+02 6.5916900635e+02 6.5914801025e+02 6.5911401367e+02 6.5907501221e+02 6.5904998779e+02 6.5903399658e+02 6.5901800537e+02 6.5900299072e+02 6.5898297119e+02 6.5895898438e+02 6.5894396973e+02 6.5894000244e+02 6.5892401123e+02 6.5892102051e+02 6.5890802002e+02 6.5889697266e+02 6.5889001465e+02 6.5887298584e+02 6.5885998535e+02 6.5884497070e+02 6.5883599854e+02 6.5883099365e+02 6.5883300781e+02 6.5883398438e+02 6.5884100342e+02 6.5886297607e+02 6.5889801025e+02 6.5890899658e+02 6.5893798828e+02 6.5897302246e+02 6.5899700928e+02 6.5903399658e+02 6.5906201172e+02 6.5908697510e+02 6.5910601807e+02 6.5911602783e+02 6.5912402344e+02
6.5922302246e+02 6.5922497559e+02 6.5921301270e+02 6.5920397949e+02 6.5920001221e+02 6.5921600342e+02 6.5922998047e+02 6.5921899414e+02 6.5921899414e+02 6.5922900391e+02 6.5921600342e+02 6.5915997314e+02 6.5909802246e+02 6.5904602051e+02 6.5903100586e+02 6.5902600098e+02 6.5901098633e+02 6.5898400879e+02 6.5896899414e+02 6.5894598389e+02 6.5892401123e+02 6.5891802979e+02 6.5891497803e+02 6.5890502930e+02 6.5889697266e+02 6.5889099121e+02 6.5887799072e+02 6.5887298584e+02 6.5887200928e+02 6.5884698486e+02 6.5883801270e+02 6.5884899902e+02 6.5884997559e+02 6.5886199951e+02 6.5888098145e+02 6.5889099121e+02 6.5888598633e+02 6.5891802979e+02 6.5895800781e+02 6.5899700928e+02 6.5904998779e+02 6.5908502197e+02 6.5911199951e+02 6.5912500000e+02 6.5913500977e+02 6.5913397217e+02
6.5922698975e+02 6.5922302246e+02 6.5920898438e+02 6.5920001221e+02 6.5919299316e+02 6.5919097900e+02 6.5918402100e+02 6.5916601563e+02 6.5917401123e+02 6.5920300293e+02 6.5920800781e+02 6.5917297363e+02 6.5911102295e+02 6.5905798340e+02 6.5903399658e+02 6.5903302002e+02 6.5902099609e+02 6.5898699951e+02 6.5897100830e+02 6.5895800781e+02 6.5894396973e+02 6.5893103027e+02 6.5892401123e+02 6.5891699219e+02 6.5889398193e+02 6.5888800049e+02 6.5887902832e+02 6.5886602783e+02 6.5885900879e+02 6.5885101318e+02 6.5885601807e+02 6.5886297607e+02 6.5885900879e+02 6.5887097168e+02 6.5888500977e+02 6.5889697266e+02 6.5890600586e+02 6.5892401123e+02 6.5895202637e+02 6.5898400879e+02 6.5905499268e+02 6.5911199951e+02 6.5914300537e+02 6.5915802002e+02 6.5916900635e+02 6.5915997314e+02
6.5923400879e+02 6.5921899414e+02 6.5920397949e+02 6.5920202637e+02 6.5918499756e+02 6.5917700195e+02 6.5916198730e+02 6.5913299561e+02 6.5912200928e+02 6.5913299561e+02 6.5914202881e+02 6.5913000488e+02 6.5908898926e+02 6.5903601074e+02 6.5901599121e+02 6.5902600098e+02 6.5902197266e+02 6.5899798584e+02 6.5897998047e+02 6.5896899414e+02 6.5896502686e+02 6.5894500732e+02 6.5893701172e+02 6.5892901611e+02 6.5890399170e+02 6.5889501953e+02 6.5888098145e+02 6.5886499023e+02 6.5886700439e+02 6.5886297607e+02 6.5886798096e+02 6.5886700439e+02 6.5886901855e+02 6.5889099121e+02 6.5890002441e+02 6.5890301514e+02 6.5891900635e+02 6.5894000244e+02 6.5895001221e+02 6.5899298096e+02 6.5911999512e+02 6.5919097900e+02 6.5920599365e+02 6.5919598389e+02 6.5919897461e+02 6.5918402100e+02
6.5923400879e+02 6.5922198486e+02 6.5919598389e+02 6.5919201660e+02 6.5917901611e+02 6.5916802979e+02 6.5915698242e+02 6.5913098145e+02 6.5910601807e+02 6.5909002686e+02 6.5908001709e+02 6.5907299805e+02 6.5905401611e+02 6.5901702881e+02 6.5900402832e+02 6.5901000977e+02 6.5899298096e+02 6.5899102783e+02 6.5898901367e+02 6.5897802734e+02 6.5897399902e+02 6.5895501709e+02 6.5894897461e+02 6.5893200684e+02 6.5891601563e+02 6.5890899658e+02 6.5889801025e+02 6.5888000488e+02 6.5888000488e+02 6.5886901855e+02 6.5886297607e+02 6.5885900879e+02 6.5886999512e+02 6.5889599609e+02 6.5890600586e+02 6.5890502930e+02 6.5892700195e+02 6.5894702148e+02 6.5894500732e+02 6.5903900146e+02 6.5924902344e+02 6.5929797363e+02 6.5928601074e+02 6.5925097656e+02 6.5923602295e+02 6.5921398926e+02
6.5920898438e+02 6.5921301270e+02 6.5918902588e+02 6.5918902588e+02 6.5918103027e+02 6.5915100098e+02 6.5913800049e+02 6.5912402344e+02 6.5910900879e+02 6.5909002686e+02 6.5906097412e+02 6.5903997803e+02 6.5901702881e+02 6.5900500488e+02 6.5899499512e+02 6.5898297119e+02 6.5896899414e+02 6.5898199463e+02 6.5899902344e+02 6.5900000000e+02 6.5899499512e+02 6.5897399902e+02 6.5896398926e+02 6.5894201660e+02 6.5892498779e+02 6.5891900635e+02 6.5891101074e+02 6.5890197754e+02 6.5887799072e+02 6.5886999512e+02 6.5886901855e+02 6.5887500000e+02 6.5888500977e+02 6.5889599609e+02 6.5890600586e+02 6.5891400146e+02 6.5892199707e+02 6.5891497803e+02 6.5895202637e+02 6.5913598633e+02 6.5936798096e+02 6.5940197754e+02 6.5936499023e+02 6.5931896973e+02 6.5929199219e+02 6.5924902344e+02
6.5919598389e+02 6.5919299316e+02 6.5918103027e+02 6.5917797852e+02 6.5916601563e+02 6.5914599609e+02 6.5913598633e+02 6.5910900879e+02 6.5908599854e+02 6.5907397461e+02 6.5905401611e+02 6.5903198242e+02 6.5901098633e+02 6.5898797607e+02 6.5897198486e+02 6.5896502686e+02 6.5897698975e+02 6.5901397705e+02 6.5903302002e+02 6.5904302979e+02 6.5904699707e+02 6.5903497314e+02 6.5900598145e+02 6.5897302246e+02 6.5894598389e+02 6.5891998291e+02 6.5890600586e+02 6.5890600586e+02 6.5889398193e+02 6.5889398193e+02 6.5889099121e+02 6.5888702393e+02 6.5888201904e+02 6.5889300537e+02 6.5890301514e+02 6.5891198730e+02 6.5891699219e+02 6.5890600586e+02 6.5898699951e+02 6.5921398926e+02 6.5949499512e+02 6.5951300049e+02 6.5944097900e+02 6.5937701416e+02 6.5934301758e+02 6.5930401611e+02
6.5919000244e+02 6.5917999268e+02 6.5918499756e+02 6.5918103027e+02 6.5915399170e+02 6.5912701416e+02 6.5911798096e+02 6.5909399414e+02 6.5907202148e+02 6.5905902100e+02 6.5904400635e+02 6.5902197266e+02 6.5900000000e+02 6.5897100830e+02 6.5895898438e+02 6.5896301270e+02 6.5898901367e+02 6.5903198242e+02 6.5905297852e+02 6.5906402588e+02 6.5907397461e+02 6.5906298828e+02 6.5902899170e+02 6.5899102783e+02 6.5895800781e+02 6.5893103027e+02 6.5891601563e+02 6.5891302490e+02 6.5890600586e+02 6.5890197754e+02 6.5890197754e+02 6.5890002441e+02 6.5889001465e+02 6.5889599609e+02 6.5890301514e+02 6.5891400146e+02 6.5892199707e+02 6.5891601563e+02 6.5900799561e+02 6.5923901367e+02 6.5952899170e+02 6.5957501221e+02 6.5951599121e+02 6.5945300293e+02 6.5940502930e+02 6.5935998535e+02
6.5918701172e+02 6.5917102051e+02 6.5917700195e+02 6.5917102051e+02 6.5914099121e+02 6.5910998535e+02 6.5910101318e+02 6.5908697510e+02 6.5907000732e+02 6.5904998779e+02 6.5903698730e+02 6.5901702881e+02 6.5898498535e+02 6.5896197510e+02 6.5896301270e+02 6.5897802734e+02 6.5900500488e+02 6.5903900146e+02 6.5905798340e+02 6.5906701660e+02 6.5907702637e+02 6.5906597900e+02 6.5903198242e+02 6.5899597168e+02 6.5896697998e+02 6.5895697021e+02 6.5894000244e+02 6.5892297363e+02 6.5892199707e+02 6.5890997314e+02 6.5891101074e+02 6.5891497803e+02 6.5891601563e+02 6.5891601563e+02 6.5891198730e+02 6.5891601563e+02 6.5893499756e+02 6.5893902588e+02 6.5902001953e+02 6.5921197510e+02 6.5946600342e+02 6.5957299805e+02 6.5957501221e+02 6.5953802490e+02 6.5947998047e+02 6.5942700195e+02
