TESTSERVER/16/8.asc
NCOLS 100
NROWS 100
XLLCORNER 8.2997500000e+03
YLLCORNER 2.8955025000e+05
CELLSIZE 5.0000000000e-01
NODATA_VALUE -9.9990000000e+03
[rows 60 to 79 of 100, columns 46 to 91 of 100]
6.5368499756e+02 6.5377600098e+02 6.5379699707e+02 6.5379901123e+02 6.5378698730e+02 6.5377899170e+02 6.5380798340e+02 6.5386499023e+02 6.5394097900e+02 6.5403802490e+02 6.5408300781e+02 6.5420397949e+02 6.5427398682e+02 6.5432501221e+02 6.5436102295e+02 6.5443701172e+02 6.5450097656e+02 6.5455603027e+02 6.5465698242e+02 6.5471801758e+02 6.5479901123e+02 6.5485498047e+02 6.5491101074e+02 6.5496197510e+02 6.5503802490e+02 6.5508599854e+02 6.5513098145e+02 6.5520501709e+02 6.5527801514e+02 6.5532397461e+02 6.5538098145e+02 6.5544500732e+02 6.5550402832e+02 6.5556597900e+02 6.5565002441e+02 6.5571099854e+02 6.5574798584e+02 6.5578601074e+02 6.5584100342e+02 6.5586102295e+02 6.5590197754e+02 6.5595098877e+02 6.5598400879e+02 6.5600201416e+02 6.5600799561e+02 6.5604199219e+02
6.5333197021e+02 6.5340802002e+02 6.5343298340e+02 6.5346099854e+02 6.5352899170e+02 6.5357098389e+02 6.5358801270e+02 6.5366198730e+02 6.5376098633e+02 6.5386999512e+02 6.5395397949e+02 6.5401397705e+02 6.5406500244e+02 6.5414898682e+02 6.5424298096e+02 6.5432202148e+02 6.5437597656e+02 6.5443499756e+02 6.5453900146e+02 6.5460498047e+02 6.5467999268e+02 6.5472998047e+02 6.5478100586e+02 6.5482501221e+02 6.5489202881e+02 6.5493402100e+02 6.5496801758e+02 6.5503601074e+02 6.5509698486e+02 6.5514697266e+02 6.5519000244e+02 6.5527099609e+02 6.5533398438e+02 6.5538598633e+02 6.5544201660e+02 6.5545898438e+02 6.5548901367e+02 6.5555401611e+02 6.5561199951e+02 6.5565002441e+02 6.5571301270e+02 6.5574798584e+02 6.5579699707e+02 6.5583502197e+02 6.5585998535e+02 6.5590502930e+02
6.5300402832e+02 6.5307000732e+02 6.5313598633e+02 6.5321301270e+02 6.5332897949e+02 6.5341101074e+02 6.5345300293e+02 6.5355499268e+02 6.5364099121e+02 6.5374401855e+02 6.5384399414e+02 6.5390997314e+02 6.5399401855e+02 6.5408697510e+02 6.5415698242e+02 6.5421801758e+02 6.5428100586e+02 6.5433300781e+02 6.5439898682e+02 6.5446600342e+02 6.5452301025e+02 6.5456097412e+02 6.5460699463e+02 6.5465100098e+02 6.5470300293e+02 6.5474200439e+02 6.5479101563e+02 6.5486999512e+02 6.5494201660e+02 6.5498901367e+02 6.5501397705e+02 6.5508599854e+02 6.5515399170e+02 6.5520697021e+02 6.5524700928e+02 6.5527099609e+02 6.5530700684e+02 6.5536798096e+02 6.5539898682e+02 6.5544598389e+02 6.5550799561e+02 6.5554998779e+02 6.5562298584e+02 6.5567901611e+02 6.5572302246e+02 6.5577197266e+02
6.5284997559e+02 6.5291601563e+02 6.5299597168e+02 6.5308502197e+02 6.5317199707e+02 6.5324401855e+02 6.5333502197e+02 6.5346099854e+02 6.5354602051e+02 6.5365197754e+02 6.5375299072e+02 6.5383599854e+02 6.5392901611e+02 6.5399902344e+02 6.5403698730e+02 6.5409197998e+02 6.5415002441e+02 6.5419000244e+02 6.5423602295e+02 6.5428497314e+02 6.5433502197e+02 6.5438299561e+02 6.5444702148e+02 6.5448797607e+02 6.5453002930e+02 6.5457202148e+02 6.5462402344e+02 6.5471398926e+02 6.5478802490e+02 6.5483197021e+02 6.5488201904e+02 6.5493902588e+02 6.5498901367e+02 6.5502502441e+02 6.5505297852e+02 6.5510498047e+02 6.5515399170e+02 6.5520001221e+02 6.5521997070e+02 6.5527099609e+02 6.5532800293e+02 6.5537097168e+02 6.5543701172e+02 6.5550701904e+02 6.5556500244e+02 6.5560900879e+02
6.5274102783e+02 6.5278900146e+02 6.5286999512e+02 6.5295501709e+02 6.5304302979e+02 6.5313098145e+02 6.5325201416e+02 6.5339599609e+02 6.5348498535e+02 6.5356500244e+02 6.5361602783e+02 6.5369396973e+02 6.5376898193e+02 6.5382897949e+02 6.5388800049e+02 6.5393902588e+02 6.5399401855e+02 6.5403198242e+02 6.5408801270e+02 6.5410900879e+02 6.5415301514e+02 6.5421197510e+02 6.5429302979e+02 6.5433099365e+02 6.5438201904e+02 6.5444299316e+02 6.5449902344e+02 6.5459100342e+02 6.5464202881e+02 6.5467498779e+02 6.5472601318e+02 6.5479498291e+02 6.5485101318e+02 6.5488098145e+02 6.5490997314e+02 6.5495001221e+02 6.5498400879e+02 6.5502398682e+02 6.5506500244e+02 6.5512200928e+02 6.5516998291e+02 6.5521002197e+02 6.5527899170e+02 6.5534497070e+02 6.5540600586e+02 6.5544000244e+02
6.5257702637e+02 6.5264001465e+02 6.5271697998e+02 6.5281799316e+02 6.5295300293e+02 6.5306701660e+02 6.5314300537e+02 6.5324798584e+02 6.5331896973e+02 6.5338397217e+02 6.5342102051e+02 6.5351202393e+02 6.5357000732e+02 6.5363299561e+02 6.5375799561e+02 6.5380401611e+02 6.5384497070e+02 6.5387500000e+02 6.5393499756e+02 6.5398199463e+02 6.5402502441e+02 6.5406298828e+02 6.5411901855e+02 6.5417401123e+02 6.5422497559e+02 6.5428002930e+02 6.5434002686e+02 6.5442602539e+02 6.5448297119e+02 6.5453302002e+02 6.5458197021e+02 6.5464898682e+02 6.5470098877e+02 6.5473199463e+02 6.5477099609e+02 6.5480700684e+02 6.5484100342e+02 6.5488000488e+02 6.5491601563e+02 6.5496301270e+02 6.5501000977e+02 6.5504699707e+02 6.5510400391e+02 6.5515399170e+02 6.5521600342e+02 6.5527801514e+02
6.5249700928e+02 6.5256500244e+02 6.5261700439e+02 6.5267199707e+02 6.5278198242e+02 6.5287200928e+02 6.5291400146e+02 6.5300598145e+02 6.5307000732e+02 6.5314599609e+02 6.5323602295e+02 6.5331402588e+02 6.5334698486e+02 6.5342102051e+02 6.5357800293e+02 6.5366699219e+02 6.5371899414e+02 6.5372998047e+02 6.5377600098e+02 6.5384399414e+02 6.5389599609e+02 6.5392498779e+02 6.5397302246e+02 6.5402001953e+02 6.5405798340e+02 6.5409698486e+02 6.5417498779e+02 6.5422900391e+02 6.5429199219e+02 6.5435400391e+02 6.5441699219e+02 6.5447497559e+02 6.5451202393e+02 6.5454901123e+02 6.5459600830e+02 6.5463598633e+02 6.5468597412e+02 6.5474597168e+02 6.5479602051e+02 6.5484100342e+02 6.5488000488e+02 6.5490399170e+02 6.5494799805e+02 6.5498297119e+02 6.5504699707e+02 6.5512701416e+02
6.5229602051e+02 6.5239398193e+02 6.5247698975e+02 6.5250402832e+02 6.5257000732e+02 6.5261602783e+02 6.5267297363e+02 6.5280297852e+02 6.5286297607e+02 6.5292297363e+02 6.5303302002e+02 6.5307800293e+02 6.5310601807e+02 6.5319500732e+02 6.5333099365e+02 6.5343798828e+02 6.5350897217e+02 6.5353302002e+02 6.5358801270e+02 6.5364501953e+02 6.5371997070e+02 6.5376202393e+02 6.5380798340e+02 6.5384997559e+02 6.5390002441e+02 6.5392999268e+02 6.5401000977e+02 6.5406597900e+02 6.5413201904e+02 6.5418902588e+02 6.5424200439e+02 6.5428302002e+02 6.5431500244e+02 6.5436102295e+02 6.5441302490e+02 6.5444897461e+02 6.5450799561e+02 6.5458300781e+02 6.5464898682e+02 6.5470898438e+02 6.5475897217e+02 6.5478198242e+02 6.5481701660e+02 6.5485198975e+02 6.5492602539e+02 6.5501202393e+02
6.5191101074e+02 6.5205700684e+02 6.5219799805e+02 6.5228900146e+02 6.5238800049e+02 6.5243298340e+02 6.5249401855e+02 6.5258300781e+02 6.5265997314e+02 6.5273797607e+02 6.5283502197e+02 6.5289801025e+02 6.5294598389e+02 6.5302197266e+02 6.5314099121e+02 6.5322302246e+02 6.5327398682e+02 6.5331298828e+02 6.5338598633e+02 6.5346502686e+02 6.5354101563e+02 6.5358300781e+02 6.5363500977e+02 6.5367498779e+02 6.5372698975e+02 6.5375598145e+02 6.5377197266e+02 6.5388397217e+02 6.5397998047e+02 6.5405102539e+02 6.5411499023e+02 6.5413201904e+02 6.5415100098e+02 6.5420098877e+02 6.5427001953e+02 6.5429101563e+02 6.5434301758e+02 6.5439501953e+02 6.5445800781e+02 6.5452502441e+02 6.5459002686e+02 6.5462500000e+02 6.5464599609e+02 6.5469598389e+02 6.5479602051e+02 6.5489599609e+02
6.5166198730e+02 6.5175799561e+02 6.5184399414e+02 6.5198699951e+02 6.5211401367e+02 6.5220202637e+02 6.5229602051e+02 6.5234802246e+02 6.5241302490e+02 6.5249597168e+02 6.5260498047e+02 6.5268103027e+02 6.5275000000e+02 6.5282501221e+02 6.5289801025e+02 6.5298602295e+02 6.5304699707e+02 6.5307098389e+02 6.5311798096e+02 6.5321899414e+02 6.5330700684e+02 6.5337200928e+02 6.5344702148e+02 6.5349499512e+02 6.5354400635e+02 6.5360498047e+02 6.5362298584e+02 6.5369201660e+02 6.5377697754e+02 6.5384698486e+02 6.5391601563e+02 6.5395898438e+02 6.5398901367e+02 6.5404302979e+02 6.5410998535e+02 6.5413299561e+02 6.5416998291e+02 6.5420300293e+02 6.5427197266e+02 6.5433599854e+02 6.5441400146e+02 6.5446600342e+02 6.5449902344e+02 6.5452600098e+02 6.5460699463e+02 6.5470397949e+02
6.5153601074e+02 6.5158001709e+02 6.5164099121e+02 6.5173901367e+02 6.5182501221e+02 6.5194598389e+02 6.5208599854e+02 6.5217498779e+02 6.5225598145e+02 6.5231298828e+02 6.5237799072e+02 6.5244897461e+02 6.5251098633e+02 6.5254901123e+02 6.5262500000e+02 6.5276098633e+02 6.5283599854e+02 6.5287402344e+02 6.5293902588e+02 6.5303698730e+02 6.5310601807e+02 6.5316497803e+02 6.5324499512e+02 6.5331097412e+02 6.5337097168e+02 6.5343798828e+02 6.5347198486e+02 6.5353002930e+02 6.5359197998e+02 6.5364099121e+02 6.5370599365e+02 6.5377099609e+02 6.5382702637e+02 6.5388800049e+02 6.5393499756e+02 6.5398498535e+02 6.5403100586e+02 6.5407299805e+02 6.5414398193e+02 6.5419201660e+02 6.5424798584e+02 6.5429101563e+02 6.5435498047e+02 6.5439300537e+02 6.5444500732e+02 6.5451000977e+02
6.5141101074e+02 6.5145300293e+02 6.5153997803e+02 6.5162200928e+02 6.5167901611e+02 6.5177899170e+02 6.5189099121e+02 6.5199102783e+02 6.5209997559e+02 6.5216101074e+02 6.5221301270e+02 6.5231896973e+02 6.5238098145e+02 6.5239099121e+02 6.5245397949e+02 6.5258197021e+02 6.5264099121e+02 6.5270501709e+02 6.5279699707e+02 6.5286901855e+02 6.5294097900e+02 6.5299102783e+02 6.5305700684e+02 6.5312597656e+02 6.5319598389e+02 6.5325402832e+02 6.5330401611e+02 6.5337402344e+02 6.5343103027e+02 6.5347302246e+02 6.5352398682e+02 6.5357897949e+02 6.5365002441e+02 6.5372302246e+02 6.5375799561e+02 6.5382800293e+02 6.5387402344e+02 6.5392297363e+02 6.5398297119e+02 6.5404602051e+02 6.5409497070e+02 6.5413000488e+02 6.5420001221e+02 6.5426202393e+02 6.5430999756e+02 6.5434997559e+02
6.5116900635e+02 6.5121502686e+02 6.5128900146e+02 6.5148901367e+02 6.5160498047e+02 6.5165399170e+02 6.5168701172e+02 6.5173297119e+02 6.5181896973e+02 6.5188702393e+02 6.5197497559e+02 6.5207202148e+02 6.5215997314e+02 6.5222302246e+02 6.5228497314e+02 6.5236401367e+02 6.5240502930e+02 6.5249700928e+02 6.5258599854e+02 6.5267102051e+02 6.5275299072e+02 6.5280603027e+02 6.5285900879e+02 6.5293701172e+02 6.5300097656e+02 6.5306097412e+02 6.5314697266e+02 6.5320300293e+02 6.5325598145e+02 6.5330700684e+02 6.5336199951e+02 6.5341302490e+02 6.5347601318e+02 6.5355200195e+02 6.5361700439e+02 6.5366302490e+02 6.5370501709e+02 6.5375897217e+02 6.5380499268e+02 6.5386499023e+02 6.5393298340e+02 6.5397998047e+02 6.5403900146e+02 6.5411102295e+02 6.5416900635e+02 6.5420300293e+02
6.5090802002e+02 6.5100799561e+02 6.5107098389e+02 6.5124700928e+02 6.5141302490e+02 6.5146398926e+02 6.5147900391e+02 6.5155200195e+02 6.5163201904e+02 6.5168798828e+02 6.5175897217e+02 6.5183001709e+02 6.5188897705e+02 6.5194097900e+02 6.5204998779e+02 6.5213897705e+02 6.5216198730e+02 6.5222900391e+02 6.5230297852e+02 6.5242700195e+02 6.5253399658e+02 6.5260998535e+02 6.5265997314e+02 6.5272497559e+02 6.5279400635e+02 6.5285900879e+02 6.5294097900e+02 6.5300402832e+02 6.5305999756e+02 6.5311102295e+02 6.5316198730e+02 6.5322698975e+02 6.5328997803e+02 6.5335699463e+02 6.5342999268e+02 6.5346899414e+02 6.5352801514e+02 6.5357501221e+02 6.5361401367e+02 6.5368701172e+02 6.5376000977e+02 6.5380902100e+02 6.5386297607e+02 6.5392797852e+02 6.5399200439e+02 6.5405401611e+02
6.5069000244e+02 6.5079699707e+02 6.5085302734e+02 6.5092199707e+02 6.5104302979e+02 6.5112597656e+02 6.5119500732e+02 6.5130902100e+02 6.5141302490e+02 6.5150402832e+02 6.5159301758e+02 6.5166601563e+02 6.5169500732e+02 6.5171398926e+02 6.5182202148e+02 6.5191802979e+02 6.5197198486e+02 6.5203100586e+02 6.5208502197e+02 6.5216900635e+02 6.5226397705e+02 6.5234997559e+02 6.5242700195e+02 6.5249798584e+02 6.5257397461e+02 6.5264501953e+02 6.5273797607e+02 6.5281896973e+02 6.5287701416e+02 6.5292700195e+02 6.5299102783e+02 6.5306201172e+02 6.5311401367e+02 6.5316900635e+02 6.5322900391e+02 6.5326702881e+02 6.5333898926e+02 6.5339202881e+02 6.5343298340e+02 6.5351800537e+02 6.5359600830e+02 6.5365301514e+02 6.5371197510e+02 6.5375701904e+02 6.5381500244e+02 6.5389599609e+02
6.5057897949e+02 6.5063897705e+02 6.5069598389e+02 6.5071997070e+02 6.5078997803e+02 6.5087701416e+02 6.5095898438e+02 6.5103601074e+02 6.5111499023e+02 6.5121801758e+02 6.5133898926e+02 6.5142797852e+02 6.5147802734e+02 6.5151300049e+02 6.5161199951e+02 6.5169799805e+02 6.5178399658e+02 6.5185400391e+02 6.5190899658e+02 6.5196997070e+02 6.5204699707e+02 6.5211999512e+02 6.5219396973e+02 6.5227801514e+02 6.5236102295e+02 6.5242797852e+02 6.5252899170e+02 6.5260900879e+02 6.5266900635e+02 6.5274200439e+02 6.5282098389e+02 6.5287902832e+02 6.5293597412e+02 6.5300097656e+02 6.5305297852e+02 6.5309802246e+02 6.5315502930e+02 6.5321301270e+02 6.5326000977e+02 6.5334100342e+02 6.5343402100e+02 6.5351202393e+02 6.5357299805e+02 6.5360900879e+02 6.5366699219e+02 6.5375000000e+02
6.5043499756e+02 6.5049798584e+02 6.5055200195e+02 6.5058898926e+02 6.5065899658e+02 6.5074902344e+02 6.5079498291e+02 6.5083197021e+02 6.5089501953e+02 6.5096600342e+02 6.5103399658e+02 6.5112597656e+02 6.5120501709e+02 6.5127801514e+02 6.5138098145e+02 6.5146301270e+02 6.5154400635e+02 6.5161999512e+02 6.5169201660e+02 6.5179400635e+02 6.5188702393e+02 6.5196899414e+02 6.5205902100e+02 6.5211499023e+02 6.5216400146e+02 6.5221997070e+02 6.5232202148e+02 6.5238800049e+02 6.5244897461e+02 6.5254498291e+02 6.5264202881e+02 6.5268499756e+02 6.5276000977e+02 6.5284002686e+02 6.5289202881e+02 6.5296099854e+02 6.5300299072e+02 6.5303900146e+02 6.5311199951e+02 6.5316802979e+02 6.5326800537e+02 6.5334899902e+02 6.5339599609e+02 6.5345300293e+02 6.5351300049e+02 6.5360101318e+02
6.5007800293e+02 6.5016900635e+02 6.5023199463e+02 6.5030700684e+02 6.5034600830e+02 6.5041802979e+02 6.5050000000e+02 6.5059197998e+02 6.5069201660e+02 6.5079901123e+02 6.5089599609e+02 6.5096997070e+02 6.5103399658e+02 6.5112200928e+02 6.5123400879e+02 6.5128802490e+02 6.5133001709e+02 6.5139398193e+02 6.5146197510e+02 6.5153802490e+02 6.5163098145e+02 6.5174298096e+02 6.5183898926e+02 6.5191699219e+02 6.5197900391e+02 6.5204498291e+02 6.5213500977e+02 6.5220202637e+02 6.5225201416e+02 6.5233599854e+02 6.5243298340e+02 6.5249798584e+02 6.5257702637e+02 6.5262298584e+02 6.5267797852e+02 6.5278900146e+02 6.5284002686e+02 6.5287597656e+02 6.5295001221e+02 6.5301202393e+02 6.5310400391e+02 6.5316400146e+02 6.5321301270e+02 6.5326202393e+02 6.5332598877e+02 6.5341802979e+02
6.4978997803e+02 6.4985400391e+02 6.4992498779e+02 6.5003698730e+02 6.5009399414e+02 6.5016900635e+02 6.5026397705e+02 6.5035797119e+02 6.5046398926e+02 6.5058801270e+02 6.5071099854e+02 6.5078997803e+02 6.5087200928e+02 6.5096398926e+02 6.5105102539e+02 6.5112298584e+02 6.5117297363e+02 6.5123199463e+02 6.5128601074e+02 6.5132501221e+02 6.5138299561e+02 6.5148101807e+02 6.5157098389e+02 6.5164801025e+02 6.5175097656e+02 6.5184002686e+02 6.5191900635e+02 6.5197802734e+02 6.5203698730e+02 6.5212597656e+02 6.5220697021e+02 6.5228399658e+02 6.5234698486e+02 6.5239501953e+02 6.5249597168e+02 6.5258898926e+02 6.5263800049e+02 6.5270300293e+02 6.5276702881e+02 6.5283502197e+02 6.5292297363e+02 6.5297998047e+02 6.5303698730e+02 6.5308099365e+02 6.5315899658e+02 6.5324798584e+02
6.4965301514e+02 6.4968902588e+02 6.4972998047e+02 6.4985302734e+02 6.4992401123e+02 6.4998699951e+02 6.5007299805e+02 6.5014599609e+02 6.5021600342e+02 6.5032299805e+02 6.5042700195e+02 6.5052899170e+02 6.5065600586e+02 6.5073699951e+02 6.5079199219e+02 6.5089202881e+02 6.5096997070e+02 6.5104498291e+02 6.5110498047e+02 6.5114501953e+02 6.5117700195e+02 6.5125201416e+02 6.5134497070e+02 6.5141400146e+02 6.5151300049e+02 6.5160498047e+02 6.5169799805e+02 6.5174700928e+02 6.5181597900e+02 6.5191101074e+02 6.5198498535e+02 6.5207702637e+02 6.5212597656e+02 6.5219500732e+02 6.5230798340e+02 6.5236102295e+02 6.5240197754e+02 6.5248901367e+02 6.5255102539e+02 6.5262701416e+02 6.5271801758e+02 6.5278497314e+02 6.5285198975e+02 6.5290698242e+02 6.5299700928e+02 6.5307598877e+02
