TESTSERVER/16/8.asc
NCOLS 100
NROWS 100
XLLCORNER 8.2997500000e+03
YLLCORNER 2.8955025000e+05
CELLSIZE 5.0000000000e-01
NODATA_VALUE -9.9990000000e+03
[rows 80 to 99 of 100, columns 46 to 91 of 100]
6.4949298096e+02 6.4954797363e+02 6.4951098633e+02 6.4961401367e+02 6.4969500732e+02 6.4975000000e+02 6.4983001709e+02 6.4988397217e+02 6.4995800781e+02 6.5007598877e+02 6.5013500977e+02 6.5028002930e+02 6.5042999268e+02 6.5049298096e+02 6.5053601074e+02 6.5062500000e+02 6.5071697998e+02 6.5080700684e+02 6.5088299561e+02 6.5094799805e+02 6.5099902344e+02 6.5107098389e+02 6.5116601563e+02 6.5121997070e+02 6.5128900146e+02 6.5136798096e+02 6.5145397949e+02 6.5151397705e+02 6.5159399414e+02 6.5168499756e+02 6.5176702881e+02 6.5184301758e+02 6.5189099121e+02 6.5198101807e+02 6.5208801270e+02 6.5212097168e+02 6.5217999268e+02 6.5226397705e+02 6.5232800293e+02 6.5240899658e+02 6.5250097656e+02 6.5258001709e+02 6.5264398193e+02 6.5272698975e+02 6.5282299805e+02 6.5289398193e+02
6.4920800781e+02 6.4925598145e+02 6.4930102539e+02 6.4935797119e+02 6.4939898682e+02 6.4945397949e+02 6.4954498291e+02 6.4963000488e+02 6.4971600342e+02 6.4980999756e+02 6.4987799072e+02 6.5001000977e+02 6.5014898682e+02 6.5023498535e+02 6.5032897949e+02 6.5041900635e+02 6.5049298096e+02 6.5056097412e+02 6.5065197754e+02 6.5070397949e+02 6.5076098633e+02 6.5084301758e+02 6.5094396973e+02 6.5100402832e+02 6.5108599854e+02 6.5118499756e+02 6.5124298096e+02 6.5129901123e+02 6.5138201904e+02 6.5146600342e+02 6.5154302979e+02 6.5161297607e+02 6.5167199707e+02 6.5177301025e+02 6.5186199951e+02 6.5189697266e+02 6.5197998047e+02 6.5207000732e+02 6.5213800049e+02 6.5220001221e+02 6.5228399658e+02 6.5237097168e+02 6.5245098877e+02 6.5255102539e+02 6.5264099121e+02 6.5271002197e+02
6.4892901611e+02 6.4897198486e+02 6.4907397461e+02 6.4912500000e+02 6.4917199707e+02 6.4923797607e+02 6.4931597900e+02 6.4941802979e+02 6.4948297119e+02 6.4954998779e+02 6.4965997314e+02 6.4978900146e+02 6.4987597656e+02 6.4995599365e+02 6.5006201172e+02 6.5017102051e+02 6.5027197266e+02 6.5034899902e+02 6.5041101074e+02 6.5046502686e+02 6.5054498291e+02 6.5063000488e+02 6.5071099854e+02 6.5077301025e+02 6.5085797119e+02 6.5096997070e+02 6.5104498291e+02 6.5111499023e+02 6.5120202637e+02 6.5127899170e+02 6.5132800293e+02 6.5138598633e+02 6.5147497559e+02 6.5157299805e+02 6.5163800049e+02 6.5169598389e+02 6.5178698730e+02 6.5188000488e+02 6.5193499756e+02 6.5199298096e+02 6.5207897949e+02 6.5215600586e+02 6.5223498535e+02 6.5233898926e+02 6.5242797852e+02 6.5250598145e+02
6.4870001221e+02 6.4875402832e+02 6.4884698486e+02 6.4890899658e+02 6.4895800781e+02 6.4903100586e+02 6.4912701416e+02 6.4921697998e+02 6.4926300049e+02 6.4932501221e+02 6.4943902588e+02 6.4956701660e+02 6.4963000488e+02 6.4970697021e+02 6.4977899170e+02 6.4989300537e+02 6.5002197266e+02 6.5011700439e+02 6.5017102051e+02 6.5024902344e+02 6.5035198975e+02 6.5044097900e+02 6.5049102783e+02 6.5055102539e+02 6.5063397217e+02 6.5074401855e+02 6.5083502197e+02 6.5089599609e+02 6.5098901367e+02 6.5107702637e+02 6.5110998535e+02 6.5117602539e+02 6.5128002930e+02 6.5135400391e+02 6.5141198730e+02 6.5148699951e+02 6.5157098389e+02 6.5166101074e+02 6.5171899414e+02 6.5178900146e+02 6.5188000488e+02 6.5195098877e+02 6.5202899170e+02 6.5212799072e+02 6.5220501709e+02 6.5227502441e+02
6.4842700195e+02 6.4851501465e+02 6.4859002686e+02 6.4867602539e+02 6.4872601318e+02 6.4879998779e+02 6.4891900635e+02 6.4897998047e+02 6.4905102539e+02 6.4913000488e+02 6.4917797852e+02 6.4927099609e+02 6.4936901855e+02 6.4948101807e+02 6.4956298828e+02 6.4965600586e+02 6.4977001953e+02 6.4985498047e+02 6.4991101074e+02 6.4998699951e+02 6.5008398438e+02 6.5018902588e+02 6.5028802490e+02 6.5034600830e+02 6.5042797852e+02 6.5052301025e+02 6.5060498047e+02 6.5065802002e+02 6.5075799561e+02 6.5084698486e+02 6.5086999512e+02 6.5097198486e+02 6.5107202148e+02 6.5112200928e+02 6.5120098877e+02 6.5128900146e+02 6.5135699463e+02 6.5143200684e+02 6.5149902344e+02 6.5158697510e+02 6.5166802979e+02 6.5175097656e+02 6.5184100342e+02 6.5193402100e+02 6.5199798584e+02 6.5205401611e+02
6.4820800781e+02 6.4828900146e+02 6.4834002686e+02 6.4841802979e+02 6.4849798584e+02 6.4856701660e+02 6.4865399170e+02 6.4871697998e+02 6.4881799316e+02 6.4890997314e+02 6.4896502686e+02 6.4905401611e+02 6.4912902832e+02 6.4922497559e+02 6.4934997559e+02 6.4944000244e+02 6.4954602051e+02 6.4960900879e+02 6.4965100098e+02 6.4972900391e+02 6.4981701660e+02 6.4991900635e+02 6.5002398682e+02 6.5010601807e+02 6.5020300293e+02 6.5030499268e+02 6.5037701416e+02 6.5045300293e+02 6.5053601074e+02 6.5057098389e+02 6.5062402344e+02 6.5076800537e+02 6.5087298584e+02 6.5091699219e+02 6.5101702881e+02 6.5109802246e+02 6.5116699219e+02 6.5124798584e+02 6.5132098389e+02 6.5140399170e+02 6.5147497559e+02 6.5155401611e+02 6.5164599609e+02 6.5172302246e+02 6.5179199219e+02 6.5185699463e+02
6.4798797607e+02 6.4805700684e+02 6.4813299561e+02 6.4822198486e+02 6.4830798340e+02 6.4836401367e+02 6.4842700195e+02 6.4848999023e+02 6.4858801270e+02 6.4867797852e+02 6.4875299072e+02 6.4884497070e+02 6.4892401123e+02 6.4900701904e+02 6.4910400391e+02 6.4916497803e+02 6.4926800537e+02 6.4935601807e+02 6.4943103027e+02 6.4951397705e+02 6.4959600830e+02 6.4968701172e+02 6.4978802490e+02 6.4987500000e+02 6.4997900391e+02 6.5006597900e+02 6.5012799072e+02 6.5022302246e+02 6.5028601074e+02 6.5031701660e+02 6.5041699219e+02 6.5054498291e+02 6.5063702393e+02 6.5069897461e+02 6.5080902100e+02 6.5088800049e+02 6.5096398926e+02 6.5105297852e+02 6.5112597656e+02 6.5120599365e+02 6.5128002930e+02 6.5135699463e+02 6.5144097900e+02 6.5150701904e+02 6.5157299805e+02 6.5164099121e+02
6.4779199219e+02 6.4783801270e+02 6.4791400146e+02 6.4801000977e+02 6.4809301758e+02 6.4814398193e+02 6.4820898438e+02 6.4829400635e+02 6.4838702393e+02 6.4845898438e+02 6.4853497314e+02 6.4860900879e+02 6.4869500732e+02 6.4877502441e+02 6.4885601807e+02 6.4891998291e+02 6.4900201416e+02 6.4910601807e+02 6.4919000244e+02 6.4928002930e+02 6.4935498047e+02 6.4943298340e+02 6.4953698730e+02 6.4963800049e+02 6.4975299072e+02 6.4982702637e+02 6.4988201904e+02 6.4997698975e+02 6.5003997803e+02 6.5009698486e+02 6.5023797607e+02 6.5033099365e+02 6.5040197754e+02 6.5046600342e+02 6.5055999756e+02 6.5064300537e+02 6.5072302246e+02 6.5081799316e+02 6.5090100098e+02 6.5098699951e+02 6.5106896973e+02 6.5115002441e+02 6.5123199463e+02 6.5129797363e+02 6.5135797119e+02 6.5141699219e+02
6.4756896973e+02 6.4761999512e+02 6.4768597412e+02 6.4777197266e+02 6.4787402344e+02 6.4794799805e+02 6.4799102783e+02 6.4809698486e+02 6.4819299316e+02 6.4824902344e+02 6.4829302979e+02 6.4837799072e+02 6.4847198486e+02 6.4855700684e+02 6.4866400146e+02 6.4872302246e+02 6.4877502441e+02 6.4884802246e+02 6.4894000244e+02 6.4905798340e+02 6.4912298584e+02 6.4918798828e+02 6.4930297852e+02 6.4940197754e+02 6.4951898193e+02 6.4959600830e+02 6.4965899658e+02 6.4974902344e+02 6.4981097412e+02 6.4988702393e+02 6.4999798584e+02 6.5008801270e+02 6.5016601563e+02 6.5025299072e+02 6.5035498047e+02 6.5040698242e+02 6.5048400879e+02 6.5058801270e+02 6.5067901611e+02 6.5075701904e+02 6.5083599854e+02 6.5091302490e+02 6.5100598145e+02 6.5108398438e+02 6.5116302490e+02 6.5122998047e+02
6.4730902100e+02 6.4738897705e+02 6.4746099854e+02 6.4752197266e+02 6.4760198975e+02 6.4768499756e+02 6.4776898193e+02 6.4788000488e+02 6.4796600342e+02 6.4803399658e+02 6.4809997559e+02 6.4817498779e+02 6.4828497314e+02 6.4835998535e+02 6.4841101074e+02 6.4846801758e+02 6.4855798340e+02 6.4863598633e+02 6.4873400879e+02 6.4883697510e+02 6.4890502930e+02 6.4898901367e+02 6.4909997559e+02 6.4917297363e+02 6.4924499512e+02 6.4931896973e+02 6.4941101074e+02 6.4949499512e+02 6.4956701660e+02 6.4964801025e+02 6.4975402832e+02 6.4984100342e+02 6.4992401123e+02 6.5003900146e+02 6.5014697266e+02 6.5019097900e+02 6.5026300049e+02 6.5036798096e+02 6.5045697021e+02 6.5052801514e+02 6.5060498047e+02 6.5068103027e+02 6.5075598145e+02 6.5085302734e+02 6.5095697021e+02 6.5103997803e+02
6.4707800293e+02 6.4716302490e+02 6.4722698975e+02 6.4728802490e+02 6.4734002686e+02 6.4741900635e+02 6.4752899170e+02 6.4762402344e+02 6.4771301270e+02 6.4780499268e+02 6.4789202881e+02 6.4796997070e+02 6.4807598877e+02 6.4815100098e+02 6.4819598389e+02 6.4825799561e+02 6.4835400391e+02 6.4843402100e+02 6.4852197266e+02 6.4860900879e+02 6.4868402100e+02 6.4877197266e+02 6.4886798096e+02 6.4895800781e+02 6.4902197266e+02 6.4908502197e+02 6.4916497803e+02 6.4924499512e+02 6.4935400391e+02 6.4945800781e+02 6.4952001953e+02 6.4959002686e+02 6.4967901611e+02 6.4980297852e+02 6.4990802002e+02 6.4995501709e+02 6.5003698730e+02 6.5014001465e+02 6.5021697998e+02 6.5030102539e+02 6.5039099121e+02 6.5046002197e+02 6.5052099609e+02 6.5063201904e+02 6.5073400879e+02 6.5081097412e+02
6.4686901855e+02 6.4692901611e+02 6.4696801758e+02 6.4702801514e+02 6.4707897949e+02 6.4717498779e+02 6.4729302979e+02 6.4736700439e+02 6.4745599365e+02 6.4755200195e+02 6.4765301514e+02 6.4775201416e+02 6.4785198975e+02 6.4793200684e+02 6.4798400879e+02 6.4804101563e+02 6.4812500000e+02 6.4821002197e+02 6.4829498291e+02 6.4838702393e+02 6.4845898438e+02 6.4853997803e+02 6.4864001465e+02 6.4873498535e+02 6.4880401611e+02 6.4886499023e+02 6.4893597412e+02 6.4902301025e+02 6.4914202881e+02 6.4925897217e+02 6.4930200195e+02 6.4936499023e+02 6.4945800781e+02 6.4957000732e+02 6.4965502930e+02 6.4971002197e+02 6.4981201172e+02 6.4991802979e+02 6.4997900391e+02 6.5006896973e+02 6.5017102051e+02 6.5024102783e+02 6.5030999756e+02 6.5042297363e+02 6.5051599121e+02 6.5058502197e+02
6.4663098145e+02 6.4667797852e+02 6.4670898438e+02 6.4676898193e+02 6.4683697510e+02 6.4695001221e+02 6.4706701660e+02 6.4712902832e+02 6.4721697998e+02 6.4730297852e+02 6.4739501953e+02 6.4750799561e+02 6.4761602783e+02 6.4769897461e+02 6.4775299072e+02 6.4782897949e+02 6.4791900635e+02 6.4801501465e+02 6.4807501221e+02 6.4814801025e+02 6.4822698975e+02 6.4831500244e+02 6.4845599365e+02 6.4850402832e+02 6.4856500244e+02 6.4864202881e+02 6.4872802734e+02 6.4879901123e+02 6.4890197754e+02 6.4900097656e+02 6.4907598877e+02 6.4915698242e+02 6.4924902344e+02 6.4934002686e+02 6.4942297363e+02 6.4948297119e+02 6.4958398438e+02 6.4968402100e+02 6.4975299072e+02 6.4983898926e+02 6.4992102051e+02 6.4999499512e+02 6.5008801270e+02 6.5018902588e+02 6.5028100586e+02 6.5037298584e+02
6.4638299561e+02 6.4644097900e+02 6.4651397705e+02 6.4655102539e+02 6.4661102295e+02 6.4671502686e+02 6.4680700684e+02 6.4688397217e+02 6.4697601318e+02 6.4705499268e+02 6.4715698242e+02 6.4726202393e+02 6.4736499023e+02 6.4746002197e+02 6.4752801514e+02 6.4760601807e+02 6.4768798828e+02 6.4777502441e+02 6.4783599854e+02 6.4792602539e+02 6.4800799561e+02 6.4808599854e+02 6.4821600342e+02 6.4827398682e+02 6.4834399414e+02 6.4842797852e+02 6.4850201416e+02 6.4857702637e+02 6.4867498779e+02 6.4874597168e+02 6.4883099365e+02 6.4893200684e+02 6.4901800537e+02 6.4909301758e+02 6.4917700195e+02 6.4925598145e+02 6.4935498047e+02 6.4944097900e+02 6.4950000000e+02 6.4959997559e+02 6.4967102051e+02 6.4973498535e+02 6.4984698486e+02 6.4996398926e+02 6.5006097412e+02 6.5016101074e+02
6.4611999512e+02 6.4617297363e+02 6.4625000000e+02 6.4628302002e+02 6.4637902832e+02 6.4648400879e+02 6.4654998779e+02 6.4663098145e+02 6.4672302246e+02 6.4680603027e+02 6.4691998291e+02 6.4702398682e+02 6.4710498047e+02 6.4720397949e+02 6.4731298828e+02 6.4739801025e+02 6.4747802734e+02 6.4755700684e+02 6.4763299561e+02 6.4773400879e+02 6.4780902100e+02 6.4787500000e+02 6.4798498535e+02 6.4805297852e+02 6.4813098145e+02 6.4821099854e+02 6.4827600098e+02 6.4837500000e+02 6.4846301270e+02 6.4852899170e+02 6.4861499023e+02 6.4870898438e+02 6.4879400635e+02 6.4887799072e+02 6.4894097900e+02 6.4902502441e+02 6.4912597656e+02 6.4920001221e+02 6.4927502441e+02 6.4937402344e+02 6.4943798828e+02 6.4951501465e+02 6.4964202881e+02 6.4973797607e+02 6.4982800293e+02 6.4993103027e+02
6.4586199951e+02 6.4590197754e+02 6.4596002197e+02 6.4601702881e+02 6.4613897705e+02 6.4623400879e+02 6.4628997803e+02 6.4637298584e+02 6.4647698975e+02 6.4657800293e+02 6.4668701172e+02 6.4677001953e+02 6.4685498047e+02 6.4696997070e+02 6.4708697510e+02 6.4716601563e+02 6.4725701904e+02 6.4733502197e+02 6.4740997314e+02 6.4749798584e+02 6.4758398438e+02 6.4765997314e+02 6.4776599121e+02 6.4783099365e+02 6.4791302490e+02 6.4799298096e+02 6.4805700684e+02 6.4814801025e+02 6.4821801758e+02 6.4828997803e+02 6.4839001465e+02 6.4846899414e+02 6.4855401611e+02 6.4863800049e+02 6.4869000244e+02 6.4877001953e+02 6.4886199951e+02 6.4893499756e+02 6.4904400635e+02 6.4913500977e+02 6.4921002197e+02 6.4930798340e+02 6.4942199707e+02 6.4949902344e+02 6.4959197998e+02 6.4969702148e+02
6.4565802002e+02 6.4569598389e+02 6.4574102783e+02 6.4584100342e+02 6.4593701172e+02 6.4599597168e+02 6.4606201172e+02 6.4613702393e+02 6.4624499512e+02 6.4634497070e+02 6.4645001221e+02 6.4654199219e+02 6.4665502930e+02 6.4676300049e+02 6.4682897949e+02 6.4692199707e+02 6.4702398682e+02 6.4711602783e+02 6.4719897461e+02 6.4727197266e+02 6.4735900879e+02 6.4744201660e+02 6.4753399658e+02 6.4759497070e+02 6.4767797852e+02 6.4777197266e+02 6.4786901855e+02 6.4792602539e+02 6.4800402832e+02 6.4808599854e+02 6.4818298340e+02 6.4823101807e+02 6.4831097412e+02 6.4840002441e+02 6.4847399902e+02 6.4852899170e+02 6.4859997559e+02 6.4870098877e+02 6.4881402588e+02 6.4889300537e+02 6.4898901367e+02 6.4909399414e+02 6.4917401123e+02 6.4926300049e+02 6.4936798096e+02 6.4947100830e+02
6.4541302490e+02 6.4545202637e+02 6.4554101563e+02 6.4564898682e+02 6.4571697998e+02 6.4575598145e+02 6.4582202148e+02 6.4590997314e+02 6.4600701904e+02 6.4610198975e+02 6.4620800781e+02 6.4629901123e+02 6.4641101074e+02 6.4652197266e+02 6.4660198975e+02 6.4668597412e+02 6.4678198242e+02 6.4687097168e+02 6.4694299316e+02 6.4705102539e+02 6.4714300537e+02 6.4723297119e+02 6.4731298828e+02 6.4737799072e+02 6.4745898438e+02 6.4755200195e+02 6.4764898682e+02 6.4771899414e+02 6.4779101563e+02 6.4787597656e+02 6.4798101807e+02 6.4803399658e+02 6.4809399414e+02 6.4817602539e+02 6.4826098633e+02 6.4831799316e+02 6.4840002441e+02 6.4848797607e+02 6.4854998779e+02 6.4863897705e+02 6.4875701904e+02 6.4886602783e+02 6.4895501709e+02 6.4904901123e+02 6.4914501953e+02 6.4923400879e+02
6.4516198730e+02 6.4521197510e+02 6.4533300781e+02 6.4540600586e+02 6.4546002197e+02 6.4550897217e+02 6.4558502197e+02 6.4566802979e+02 6.4575701904e+02 6.4585601807e+02 6.4596899414e+02 6.4605200195e+02 6.4615301514e+02 6.4626202393e+02 6.4636901855e+02 6.4645697021e+02 6.4654101563e+02 6.4662200928e+02 6.4670098877e+02 6.4681701660e+02 6.4692102051e+02 6.4700701904e+02 6.4708001709e+02 6.4714801025e+02 6.4722998047e+02 6.4733398438e+02 6.4744396973e+02 6.4751501465e+02 6.4758001709e+02 6.4766497803e+02 6.4776501465e+02 6.4782299805e+02 6.4787500000e+02 6.4795697021e+02 6.4805297852e+02 6.4810998535e+02 6.4820697021e+02 6.4827697754e+02 6.4830798340e+02 6.4839300537e+02 6.4850799561e+02 6.4860699463e+02 6.4872100830e+02 6.4881896973e+02 6.4891497803e+02 6.4900799561e+02
6.4493402100e+02 6.4499902344e+02 6.4510400391e+02 6.4515301514e+02 6.4521398926e+02 6.4528100586e+02 6.4536401367e+02 6.4544598389e+02 6.4553198242e+02 6.4562402344e+02 6.4571997070e+02 6.4580401611e+02 6.4590502930e+02 6.4601000977e+02 6.4611297607e+02 6.4620898438e+02 6.4630603027e+02 6.4639501953e+02 6.4647399902e+02 6.4658502197e+02 6.4668798828e+02 6.4676202393e+02 6.4683599854e+02 6.4690997314e+02 6.4700000000e+02 6.4711700439e+02 6.4723297119e+02 6.4731298828e+02 6.4738702393e+02 6.4746301270e+02 6.4754199219e+02 6.4760797119e+02 6.4766198730e+02 6.4773797607e+02 6.4783898926e+02 6.4789398193e+02 6.4799298096e+02 6.4806097412e+02 6.4810699463e+02 6.4818597412e+02 6.4828198242e+02 6.4836102295e+02 6.4847100830e+02 6.4856799316e+02 6.4866601563e+02 6.4877001953e+02
