TESTSERVER/16/9.asc
NCOLS 100
NROWS 100
XLLCORNER 8.2997500000e+03
YLLCORNER 2.8950025000e+05
CELLSIZE 5.0000000000e-01
NODATA_VALUE -9.9990000000e+03
[rows 40 to 59 of 100, columns 46 to 91 of 100]
6.3760900879e+02 6.3764501953e+02 6.3772198486e+02 6.3784100342e+02 6.3793298340e+02 6.3802197266e+02 6.3808801270e+02 6.3818402100e+02 6.3826702881e+02 6.3833898926e+02 6.3841302490e+02 6.3847698975e+02 6.3855902100e+02 6.3862902832e+02 6.3869097900e+02 6.3878302002e+02 6.3884600830e+02 6.3891198730e+02 6.3898602295e+02 6.3907598877e+02 6.3914501953e+02 6.3922399902e+02 6.3930999756e+02 6.3937500000e+02 6.3945001221e+02 6.3952001953e+02 6.3957897949e+02 6.3968298340e+02 6.3976202393e+02 6.3983099365e+02 6.3991601563e+02 6.3999597168e+02 6.4006298828e+02 6.4013702393e+02 6.4022302246e+02 6.4030401611e+02 6.4037701416e+02 6.4045599365e+02 6.4054498291e+02 6.4065399170e+02 6.4072900391e+02 6.4080102539e+02 6.4087500000e+02 6.4094201660e+02 6.4102697754e+02 6.4109997559e+02
6.3747198486e+02 6.3753100586e+02 6.3760601807e+02 6.3769299316e+02 6.3776898193e+02 6.3786602783e+02 6.3795501709e+02 6.3804101563e+02 6.3811499023e+02 6.3819299316e+02 6.3826300049e+02 6.3832202148e+02 6.3841699219e+02 6.3850701904e+02 6.3856799316e+02 6.3862597656e+02 6.3870098877e+02 6.3877801514e+02 6.3885198975e+02 6.3893798828e+02 6.3900201416e+02 6.3907702637e+02 6.3915100098e+02 6.3922399902e+02 6.3930401611e+02 6.3936499023e+02 6.3943103027e+02 6.3953198242e+02 6.3960998535e+02 6.3969396973e+02 6.3975897217e+02 6.3984399414e+02 6.3992199707e+02 6.3999597168e+02 6.4007598877e+02 6.4015399170e+02 6.4023498535e+02 6.4032000732e+02 6.4040100098e+02 6.4049298096e+02 6.4057098389e+02 6.4064801025e+02 6.4072100830e+02 6.4080401611e+02 6.4089501953e+02 6.4096301270e+02
6.3732800293e+02 6.3741900635e+02 6.3750500488e+02 6.3756298828e+02 6.3762500000e+02 6.3770800781e+02 6.3780297852e+02 6.3789300537e+02 6.3796899414e+02 6.3804101563e+02 6.3809698486e+02 6.3817102051e+02 6.3826098633e+02 6.3835101318e+02 6.3842297363e+02 6.3847497559e+02 6.3855902100e+02 6.3864001465e+02 6.3871197510e+02 6.3879302979e+02 6.3885699463e+02 6.3893298340e+02 6.3900201416e+02 6.3908599854e+02 6.3917102051e+02 6.3923498535e+02 6.3929998779e+02 6.3939001465e+02 6.3946502686e+02 6.3954901123e+02 6.3960900879e+02 6.3969799805e+02 6.3977398682e+02 6.3985400391e+02 6.3994500732e+02 6.4001202393e+02 6.4009698486e+02 6.4019097900e+02 6.4027600098e+02 6.4036297607e+02 6.4043597412e+02 6.4051000977e+02 6.4058197021e+02 6.4066998291e+02 6.4075402832e+02 6.4082702637e+02
6.3719000244e+02 6.3728802490e+02 6.3737597656e+02 6.3742498779e+02 6.3749200439e+02 6.3756500244e+02 6.3764599609e+02 6.3773101807e+02 6.3781500244e+02 6.3788397217e+02 6.3794000244e+02 6.3804602051e+02 6.3811602783e+02 6.3817901611e+02 6.3825897217e+02 6.3833898926e+02 6.3841998291e+02 6.3848400879e+02 6.3856097412e+02 6.3863800049e+02 6.3870800781e+02 6.3879901123e+02 6.3887097168e+02 6.3892999268e+02 6.3900897217e+02 6.3908502197e+02 6.3915698242e+02 6.3924597168e+02 6.3932202148e+02 6.3940600586e+02 6.3947998047e+02 6.3955902100e+02 6.3963000488e+02 6.3972198486e+02 6.3982000732e+02 6.3987701416e+02 6.3995397949e+02 6.4004901123e+02 6.4014599609e+02 6.4022998047e+02 6.4030102539e+02 6.4037701416e+02 6.4045397949e+02 6.4053997803e+02 6.4060699463e+02 6.4068298340e+02
6.3705499268e+02 6.3714398193e+02 6.3722698975e+02 6.3729400635e+02 6.3737200928e+02 6.3745697021e+02 6.3753002930e+02 6.3758001709e+02 6.3765002441e+02 6.3772998047e+02 6.3783300781e+02 6.3791802979e+02 6.3797198486e+02 6.3802197266e+02 6.3809802246e+02 6.3819396973e+02 6.3828802490e+02 6.3835900879e+02 6.3842999268e+02 6.3848901367e+02 6.3855798340e+02 6.3865002441e+02 6.3872802734e+02 6.3877697754e+02 6.3884301758e+02 6.3892999268e+02 6.3900097656e+02 6.3908300781e+02 6.3915899658e+02 6.3924102783e+02 6.3932702637e+02 6.3939697266e+02 6.3947998047e+02 6.3957000732e+02 6.3965899658e+02 6.3973602295e+02 6.3980499268e+02 6.3988897705e+02 6.3998901367e+02 6.4007800293e+02 6.4014898682e+02 6.4023101807e+02 6.4032098389e+02 6.4040997314e+02 6.4046899414e+02 6.4054199219e+02
6.3691198730e+02 6.3699902344e+02 6.3710101318e+02 6.3715997314e+02 6.3723199463e+02 6.3731701660e+02 6.3738299561e+02 6.3744396973e+02 6.3752502441e+02 6.3760400391e+02 6.3769299316e+02 6.3775000000e+02 6.3781097412e+02 6.3788397217e+02 6.3796398926e+02 6.3804998779e+02 6.3814599609e+02 6.3821099854e+02 6.3828302002e+02 6.3837298584e+02 6.3845001221e+02 6.3851501465e+02 6.3858197021e+02 6.3864898682e+02 6.3871697998e+02 6.3880200195e+02 6.3887500000e+02 6.3894799805e+02 6.3902502441e+02 6.3910498047e+02 6.3917901611e+02 6.3925000000e+02 6.3934301758e+02 6.3942999268e+02 6.3952301025e+02 6.3959802246e+02 6.3967797852e+02 6.3975897217e+02 6.3985400391e+02 6.3993200684e+02 6.4000201416e+02 6.4008697510e+02 6.4017999268e+02 6.4026300049e+02 6.4034600830e+02 6.4043402100e+02
6.3677697754e+02 6.3686297607e+02 6.3695300293e+02 6.3701501465e+02 6.3709399414e+02 6.3716601563e+02 6.3723699951e+02 6.3730798340e+02 6.3739898682e+02 6.3748199463e+02 6.3754199219e+02 6.3760302734e+02 6.3767401123e+02 6.3774902344e+02 6.3782598877e+02 6.3789898682e+02 6.3798498535e+02 6.3805401611e+02 6.3813598633e+02 6.3821801758e+02 6.3829998779e+02 6.3837097168e+02 6.3844598389e+02 6.3851898193e+02 6.3858502197e+02 6.3866699219e+02 6.3874499512e+02 6.3882299805e+02 6.3889599609e+02 6.3897100830e+02 6.3903997803e+02 6.3912097168e+02 6.3921697998e+02 6.3930200195e+02 6.3939398193e+02 6.3946697998e+02 6.3955200195e+02 6.3963397217e+02 6.3972100830e+02 6.3980200195e+02 6.3988098145e+02 6.3996099854e+02 6.4003997803e+02 6.4010498047e+02 6.4020697021e+02 6.4030999756e+02
6.3663702393e+02 6.3671398926e+02 6.3679602051e+02 6.3688201904e+02 6.3696197510e+02 6.3701898193e+02 6.3709997559e+02 6.3718103027e+02 6.3726800537e+02 6.3734197998e+02 6.3738800049e+02 6.3747198486e+02 6.3754998779e+02 6.3761297607e+02 6.3768499756e+02 6.3776098633e+02 6.3784301758e+02 6.3791601563e+02 6.3800097656e+02 6.3806597900e+02 6.3813800049e+02 6.3821997070e+02 6.3830603027e+02 6.3837701416e+02 6.3844396973e+02 6.3852197266e+02 6.3860101318e+02 6.3869396973e+02 6.3877301025e+02 6.3885198975e+02 6.3891998291e+02 6.3899298096e+02 6.3908599854e+02 6.3916802979e+02 6.3926000977e+02 6.3933300781e+02 6.3941601563e+02 6.3949499512e+02 6.3957897949e+02 6.3966998291e+02 6.3976300049e+02 6.3984600830e+02 6.3991198730e+02 6.3996697998e+02 6.4006201172e+02 6.4015002441e+02
6.3651800537e+02 6.3658502197e+02 6.3667297363e+02 6.3675097656e+02 6.3681701660e+02 6.3688299561e+02 6.3696801758e+02 6.3703802490e+02 6.3710998535e+02 6.3717401123e+02 6.3725000000e+02 6.3733398438e+02 6.3740502930e+02 6.3747198486e+02 6.3755902100e+02 6.3763000488e+02 6.3769500732e+02 6.3775897217e+02 6.3784997559e+02 6.3791900635e+02 6.3799200439e+02 6.3806799316e+02 6.3814300537e+02 6.3822497559e+02 6.3829302979e+02 6.3836700439e+02 6.3845397949e+02 6.3854797363e+02 6.3863397217e+02 6.3872497559e+02 6.3879797363e+02 6.3886102295e+02 6.3894500732e+02 6.3902301025e+02 6.3910198975e+02 6.3918298340e+02 6.3927099609e+02 6.3935498047e+02 6.3944000244e+02 6.3952197266e+02 6.3960998535e+02 6.3969598389e+02 6.3976800537e+02 6.3984497070e+02 6.3993298340e+02 6.4000402832e+02
6.3637597656e+02 6.3644897461e+02 6.3653698730e+02 6.3660198975e+02 6.3667797852e+02 6.3676000977e+02 6.3683001709e+02 6.3689398193e+02 6.3696398926e+02 6.3703900146e+02 6.3712597656e+02 6.3720898438e+02 6.3726501465e+02 6.3733398438e+02 6.3741400146e+02 6.3748101807e+02 6.3754901123e+02 6.3761700439e+02 6.3768402100e+02 6.3776702881e+02 6.3784698486e+02 6.3791198730e+02 6.3798498535e+02 6.3807598877e+02 6.3814697266e+02 6.3823400879e+02 6.3831402588e+02 6.3839599609e+02 6.3847998047e+02 6.3855902100e+02 6.3863500977e+02 6.3871801758e+02 6.3880499268e+02 6.3889001465e+02 6.3897698975e+02 6.3905401611e+02 6.3914099121e+02 6.3922302246e+02 6.3930200195e+02 6.3938397217e+02 6.3946301270e+02 6.3953601074e+02 6.3962500000e+02 6.3971197510e+02 6.3979498291e+02 6.3987402344e+02
6.3622302246e+02 6.3631097412e+02 6.3640997314e+02 6.3647302246e+02 6.3655798340e+02 6.3663299561e+02 6.3669000244e+02 6.3676397705e+02 6.3683099365e+02 6.3690197754e+02 6.3697497559e+02 6.3705401611e+02 6.3712200928e+02 6.3719897461e+02 6.3727801514e+02 6.3733197021e+02 6.3740899658e+02 6.3749499512e+02 6.3755603027e+02 6.3762902832e+02 6.3770501709e+02 6.3777197266e+02 6.3785498047e+02 6.3794000244e+02 6.3801300049e+02 6.3809802246e+02 6.3816998291e+02 6.3826202393e+02 6.3834100342e+02 6.3840600586e+02 6.3848699951e+02 6.3857598877e+02 6.3865802002e+02 6.3874597168e+02 6.3884399414e+02 6.3891601563e+02 6.3899597168e+02 6.3907299805e+02 6.3915997314e+02 6.3925402832e+02 6.3932397461e+02 6.3938897705e+02 6.3949200439e+02 6.3957501221e+02 6.3964801025e+02 6.3973699951e+02
6.3607501221e+02 6.3617102051e+02 6.3627099609e+02 6.3634497070e+02 6.3642401123e+02 6.3648400879e+02 6.3654901123e+02 6.3663397217e+02 6.3670697021e+02 6.3677600098e+02 6.3683099365e+02 6.3690899658e+02 6.3698999023e+02 6.3706701660e+02 6.3713897705e+02 6.3720001221e+02 6.3727600098e+02 6.3736102295e+02 6.3743298340e+02 6.3749700928e+02 6.3756701660e+02 6.3763598633e+02 6.3773101807e+02 6.3780603027e+02 6.3787799072e+02 6.3795599365e+02 6.3802197266e+02 6.3811401367e+02 6.3819097900e+02 6.3826501465e+02 6.3835302734e+02 6.3843902588e+02 6.3851098633e+02 6.3859301758e+02 6.3869396973e+02 6.3875897217e+02 6.3884100342e+02 6.3892602539e+02 6.3901800537e+02 6.3911499023e+02 6.3918200684e+02 6.3924902344e+02 6.3935797119e+02 6.3943200684e+02 6.3950201416e+02 6.3959600830e+02
6.3597302246e+02 6.3605798340e+02 6.3612402344e+02 6.3620202637e+02 6.3628100586e+02 6.3633801270e+02 6.3641601563e+02 6.3649298096e+02 6.3655999756e+02 6.3662799072e+02 6.3671301270e+02 6.3677600098e+02 6.3685601807e+02 6.3693103027e+02 6.3698297119e+02 6.3707098389e+02 6.3715002441e+02 6.3722900391e+02 6.3730798340e+02 6.3735101318e+02 6.3741400146e+02 6.3749401855e+02 6.3757702637e+02 6.3765100098e+02 6.3773400879e+02 6.3781597900e+02 6.3789300537e+02 6.3796899414e+02 6.3803698730e+02 6.3812902832e+02 6.3821899414e+02 6.3830499268e+02 6.3837200928e+02 6.3844500732e+02 6.3853997803e+02 6.3860400391e+02 6.3868798828e+02 6.3878698730e+02 6.3887597656e+02 6.3895898438e+02 6.3903900146e+02 6.3911999512e+02 6.3921502686e+02 6.3928997803e+02 6.3936798096e+02 6.3945697021e+02
6.3584899902e+02 6.3592797852e+02 6.3600799561e+02 6.3607501221e+02 6.3615002441e+02 6.3623199463e+02 6.3630999756e+02 6.3637500000e+02 6.3642797852e+02 6.3648602295e+02 6.3657000732e+02 6.3664801025e+02 6.3671899414e+02 6.3678698730e+02 6.3684698486e+02 6.3694897461e+02 6.3702600098e+02 6.3708599854e+02 6.3714898682e+02 6.3722399902e+02 6.3729699707e+02 6.3738000488e+02 6.3745001221e+02 6.3753198242e+02 6.3761401367e+02 6.3768597412e+02 6.3776098633e+02 6.3783898926e+02 6.3790301514e+02 6.3799102783e+02 6.3808001709e+02 6.3816998291e+02 6.3824401855e+02 6.3831500244e+02 6.3838800049e+02 6.3847601318e+02 6.3855999756e+02 6.3864501953e+02 6.3872399902e+02 6.3880297852e+02 6.3889501953e+02 6.3898498535e+02 6.3907098389e+02 6.3914202881e+02 6.3922698975e+02 6.3931896973e+02
6.3571600342e+02 6.3578497314e+02 6.3586499023e+02 6.3593798828e+02 6.3601898193e+02 6.3610699463e+02 6.3617602539e+02 6.3623297119e+02 6.3629797363e+02 6.3637200928e+02 6.3644702148e+02 6.3652697754e+02 6.3660302734e+02 6.3666601563e+02 6.3672497559e+02 6.3681597900e+02 6.3689001465e+02 6.3695501709e+02 6.3701898193e+02 6.3709600830e+02 6.3717602539e+02 6.3724700928e+02 6.3731597900e+02 6.3740197754e+02 6.3747698975e+02 6.3754199219e+02 6.3762097168e+02 6.3770697021e+02 6.3778002930e+02 6.3786901855e+02 6.3795202637e+02 6.3802899170e+02 6.3810498047e+02 6.3817901611e+02 6.3824700928e+02 6.3833801270e+02 6.3842401123e+02 6.3850000000e+02 6.3857800293e+02 6.3866400146e+02 6.3875402832e+02 6.3884002686e+02 6.3892602539e+02 6.3900701904e+02 6.3909301758e+02 6.3917797852e+02
6.3557897949e+02 6.3564599609e+02 6.3572802734e+02 6.3581799316e+02 6.3589898682e+02 6.3597399902e+02 6.3603698730e+02 6.3609899902e+02 6.3616802979e+02 6.3624700928e+02 6.3632098389e+02 6.3638299561e+02 6.3646801758e+02 6.3653900146e+02 6.3660101318e+02 6.3667797852e+02 6.3674298096e+02 6.3681201172e+02 6.3689501953e+02 6.3697698975e+02 6.3705499268e+02 6.3711199951e+02 6.3717901611e+02 6.3726202393e+02 6.3734197998e+02 6.3741497803e+02 6.3749401855e+02 6.3757501221e+02 6.3765100098e+02 6.3774499512e+02 6.3783801270e+02 6.3790399170e+02 6.3796997070e+02 6.3804400635e+02 6.3812500000e+02 6.3820397949e+02 6.3828997803e+02 6.3835998535e+02 6.3843798828e+02 6.3853399658e+02 6.3862701416e+02 6.3870697021e+02 6.3878497314e+02 6.3886499023e+02 6.3894702148e+02 6.3902801514e+02
6.3543902588e+02 6.3550402832e+02 6.3558801270e+02 6.3567498779e+02 6.3575201416e+02 6.3582098389e+02 6.3590698242e+02 6.3597698975e+02 6.3604797363e+02 6.3612597656e+02 6.3618298340e+02 6.3624597168e+02 6.3633801270e+02 6.3642199707e+02 6.3648602295e+02 6.3655200195e+02 6.3662200928e+02 6.3669598389e+02 6.3678002930e+02 6.3684197998e+02 6.3691497803e+02 6.3698498535e+02 6.3705603027e+02 6.3712097168e+02 6.3720599365e+02 6.3729699707e+02 6.3737799072e+02 6.3745697021e+02 6.3753100586e+02 6.3762097168e+02 6.3771899414e+02 6.3778698730e+02 6.3784802246e+02 6.3792199707e+02 6.3801702881e+02 6.3808099365e+02 6.3816802979e+02 6.3824499512e+02 6.3831097412e+02 6.3840002441e+02 6.3849700928e+02 6.3857501221e+02 6.3864001465e+02 6.3873101807e+02 6.3881201172e+02 6.3888702393e+02
6.3528997803e+02 6.3537200928e+02 6.3546697998e+02 6.3555297852e+02 6.3561999512e+02 6.3567999268e+02 6.3576300049e+02 6.3582702637e+02 6.3591497803e+02 6.3600500488e+02 6.3606402588e+02 6.3613299561e+02 6.3621502686e+02 6.3629302979e+02 6.3636102295e+02 6.3643499756e+02 6.3651599121e+02 6.3658697510e+02 6.3666198730e+02 6.3671997070e+02 6.3677801514e+02 6.3684698486e+02 6.3692602539e+02 6.3699700928e+02 6.3707098389e+02 6.3715399170e+02 6.3723699951e+02 6.3732501221e+02 6.3740698242e+02 6.3748901367e+02 6.3758599854e+02 6.3766101074e+02 6.3772497559e+02 6.3780102539e+02 6.3788897705e+02 6.3794897461e+02 6.3803302002e+02 6.3813201904e+02 6.3820898438e+02 6.3827600098e+02 6.3836499023e+02 6.3845001221e+02 6.3851898193e+02 6.3859802246e+02 6.3867199707e+02 6.3874902344e+02
6.3516302490e+02 6.3525299072e+02 6.3533398438e+02 6.3542700195e+02 6.3549200439e+02 6.3555297852e+02 6.3563500977e+02 6.3570098877e+02 6.3578802490e+02 6.3587200928e+02 6.3594299316e+02 6.3602301025e+02 6.3610699463e+02 6.3617297363e+02 6.3624401855e+02 6.3630999756e+02 6.3638500977e+02 6.3645898438e+02 6.3653198242e+02 6.3659997559e+02 6.3667102051e+02 6.3673199463e+02 6.3679699707e+02 6.3688500977e+02 6.3696502686e+02 6.3704199219e+02 6.3710998535e+02 6.3719598389e+02 6.3728198242e+02 6.3736401367e+02 6.3745202637e+02 6.3752099609e+02 6.3759399414e+02 6.3767999268e+02 6.3776501465e+02 6.3783398438e+02 6.3790502930e+02 6.3798999023e+02 6.3808197021e+02 6.3815600586e+02 6.3823901367e+02 6.3832299805e+02 6.3839801025e+02 6.3846697998e+02 6.3853399658e+02 6.3860998535e+02
6.3503997803e+02 6.3513299561e+02 6.3520501709e+02 6.3529101563e+02 6.3535797119e+02 6.3543200684e+02 6.3552099609e+02 6.3559002686e+02 6.3566601563e+02 6.3573400879e+02 6.3581201172e+02 6.3589501953e+02 6.3598901367e+02 6.3605603027e+02 6.3612597656e+02 6.3619299316e+02 6.3625799561e+02 6.3633502197e+02 6.3640197754e+02 6.3647198486e+02 6.3656201172e+02 6.3662402344e+02 6.3667901611e+02 6.3676300049e+02 6.3684497070e+02 6.3692401123e+02 6.3699298096e+02 6.3707800293e+02 6.3716101074e+02 6.3724597168e+02 6.3733001709e+02 6.3739398193e+02 6.3746997070e+02 6.3755798340e+02 6.3763299561e+02 6.3771301270e+02 6.3779302979e+02 6.3786901855e+02 6.3794897461e+02 6.3802600098e+02 6.3810699463e+02 6.3818902588e+02 6.3827197266e+02 6.3833801270e+02 6.3840197754e+02 6.3847399902e+02
