TESTSERVER/16/9.asc
NCOLS 100
NROWS 100
XLLCORNER 8.2997500000e+03
YLLCORNER 2.8950025000e+05
CELLSIZE 5.0000000000e-01
NODATA_VALUE -9.9990000000e+03
[rows 80 to 99 of 100, columns 46 to 91 of 100]
6.3277398682e+02 6.3284600830e+02 6.3292901611e+02 6.3302899170e+02 6.3311700439e+02 6.3317297363e+02 6.3322399902e+02 6.3331799316e+02 6.3339398193e+02 6.3346502686e+02 6.3354901123e+02 6.3362902832e+02 6.3370800781e+02 6.3379498291e+02 6.3386602783e+02 6.3395599365e+02 6.3404101563e+02 6.3411102295e+02 6.3418701172e+02 6.3425097656e+02 6.3433599854e+02 6.3442401123e+02 6.3449597168e+02 6.3458300781e+02 6.3466699219e+02 6.3473999023e+02 6.3483001709e+02 6.3491802979e+02 6.3499200439e+02 6.3506597900e+02 6.3512298584e+02 6.3522802734e+02 6.3530902100e+02 6.3536901855e+02 6.3543402100e+02 6.3551599121e+02 6.3559399414e+02 6.3566900635e+02 6.3574102783e+02 6.3581701660e+02 6.3588598633e+02 6.3595898438e+02 6.3603802490e+02 6.3610101318e+02 6.3616497803e+02 6.3623101807e+02
6.3271002197e+02 6.3277398682e+02 6.3284100342e+02 6.3290399170e+02 6.3299902344e+02 6.3308599854e+02 6.3313800049e+02 6.3322900391e+02 6.3330798340e+02 6.3338800049e+02 6.3347998047e+02 6.3355603027e+02 6.3363397217e+02 6.3371398926e+02 6.3379199219e+02 6.3388000488e+02 6.3395800781e+02 6.3403399658e+02 6.3412701416e+02 6.3419201660e+02 6.3427301025e+02 6.3435198975e+02 6.3442199707e+02 6.3451397705e+02 6.3458697510e+02 6.3465399170e+02 6.3474298096e+02 6.3483197021e+02 6.3490600586e+02 6.3498199463e+02 6.3504199219e+02 6.3513098145e+02 6.3521301270e+02 6.3527801514e+02 6.3536700439e+02 6.3544299316e+02 6.3550402832e+02 6.3557598877e+02 6.3566601563e+02 6.3573498535e+02 6.3580902100e+02 6.3586901855e+02 6.3594201660e+02 6.3602099609e+02 6.3608801270e+02 6.3615399170e+02
6.3264099121e+02 6.3270599365e+02 6.3277502441e+02 6.3284100342e+02 6.3292401123e+02 6.3301397705e+02 6.3307299805e+02 6.3316699219e+02 6.3324700928e+02 6.3331597900e+02 6.3339697266e+02 6.3347198486e+02 6.3355700684e+02 6.3364001465e+02 6.3372998047e+02 6.3380999756e+02 6.3388800049e+02 6.3396197510e+02 6.3404901123e+02 6.3412097168e+02 6.3420397949e+02 6.3428198242e+02 6.3435498047e+02 6.3444000244e+02 6.3450799561e+02 6.3457397461e+02 6.3465600586e+02 6.3473400879e+02 6.3480700684e+02 6.3489300537e+02 6.3496398926e+02 6.3504101563e+02 6.3512500000e+02 6.3518798828e+02 6.3527502441e+02 6.3535498047e+02 6.3541400146e+02 6.3549200439e+02 6.3559600830e+02 6.3565997314e+02 6.3572302246e+02 6.3578198242e+02 6.3586700439e+02 6.3593200684e+02 6.3599700928e+02 6.3607000732e+02
6.3257598877e+02 6.3264300537e+02 6.3271301270e+02 6.3277502441e+02 6.3285498047e+02 6.3294500732e+02 6.3301702881e+02 6.3310699463e+02 6.3318499756e+02 6.3325201416e+02 6.3332202148e+02 6.3339599609e+02 6.3347998047e+02 6.3356201172e+02 6.3366101074e+02 6.3373797607e+02 6.3381799316e+02 6.3389398193e+02 6.3397198486e+02 6.3405200195e+02 6.3413397217e+02 6.3420800781e+02 6.3428399658e+02 6.3436798096e+02 6.3443200684e+02 6.3449902344e+02 6.3458197021e+02 6.3465899658e+02 6.3472900391e+02 6.3481402588e+02 6.3488500977e+02 6.3496197510e+02 6.3505102539e+02 6.3510998535e+02 6.3517700195e+02 6.3526202393e+02 6.3533197021e+02 6.3541101074e+02 6.3550598145e+02 6.3558300781e+02 6.3564300537e+02 6.3570599365e+02 6.3579901123e+02 6.3584997559e+02 6.3591900635e+02 6.3599298096e+02
6.3250897217e+02 6.3258099365e+02 6.3266198730e+02 6.3272302246e+02 6.3279901123e+02 6.3287902832e+02 6.3294799805e+02 6.3303198242e+02 6.3311102295e+02 6.3319396973e+02 6.3327502441e+02 6.3333599854e+02 6.3340600586e+02 6.3347900391e+02 6.3357897949e+02 6.3367102051e+02 6.3375000000e+02 6.3382299805e+02 6.3390802002e+02 6.3398797607e+02 6.3407702637e+02 6.3414697266e+02 6.3421502686e+02 6.3429199219e+02 6.3435400391e+02 6.3442199707e+02 6.3451000977e+02 6.3460101318e+02 6.3467602539e+02 6.3475097656e+02 6.3480200195e+02 6.3487298584e+02 6.3495300293e+02 6.3502502441e+02 6.3510498047e+02 6.3518402100e+02 6.3525500488e+02 6.3532897949e+02 6.3539398193e+02 6.3549298096e+02 6.3557202148e+02 6.3562500000e+02 6.3570800781e+02 6.3578100586e+02 6.3585498047e+02 6.3591601563e+02
6.3245397949e+02 6.3252301025e+02 6.3258801270e+02 6.3265698242e+02 6.3274298096e+02 6.3283599854e+02 6.3291101074e+02 6.3298498535e+02 6.3304498291e+02 6.3311999512e+02 6.3321398926e+02 6.3328198242e+02 6.3335101318e+02 6.3341699219e+02 6.3350701904e+02 6.3361401367e+02 6.3367901611e+02 6.3374401855e+02 6.3383197021e+02 6.3391497803e+02 6.3399597168e+02 6.3407000732e+02 6.3415899658e+02 6.3421997070e+02 6.3428302002e+02 6.3435400391e+02 6.3444000244e+02 6.3452001953e+02 6.3459100342e+02 6.3466400146e+02 6.3472100830e+02 6.3479901123e+02 6.3487402344e+02 6.3495397949e+02 6.3503002930e+02 6.3510198975e+02 6.3516900635e+02 6.3525000000e+02 6.3532299805e+02 6.3540301514e+02 6.3548297119e+02 6.3553900146e+02 6.3560900879e+02 6.3568103027e+02 6.3576098633e+02 6.3583099365e+02
6.3240100098e+02 6.3247198486e+02 6.3253002930e+02 6.3260400391e+02 6.3269000244e+02 6.3278198242e+02 6.3286602783e+02 6.3293798828e+02 6.3299499512e+02 6.3306201172e+02 6.3314398193e+02 6.3321697998e+02 6.3329901123e+02 6.3337097168e+02 6.3345501709e+02 6.3355401611e+02 6.3361798096e+02 6.3369097900e+02 6.3376898193e+02 6.3385198975e+02 6.3393402100e+02 6.3400500488e+02 6.3409497070e+02 6.3415997314e+02 6.3423199463e+02 6.3429302979e+02 6.3436901855e+02 6.3445397949e+02 6.3451702881e+02 6.3458099365e+02 6.3465002441e+02 6.3473498535e+02 6.3481896973e+02 6.3489697266e+02 6.3496099854e+02 6.3504101563e+02 6.3510198975e+02 6.3517102051e+02 6.3525000000e+02 6.3532202148e+02 6.3539697266e+02 6.3546197510e+02 6.3554199219e+02 6.3560302734e+02 6.3566699219e+02 6.3574298096e+02
6.3234600830e+02 6.3242102051e+02 6.3249298096e+02 6.3256896973e+02 6.3263800049e+02 6.3271899414e+02 6.3281097412e+02 6.3288397217e+02 6.3295300293e+02 6.3302398682e+02 6.3308300781e+02 6.3315002441e+02 6.3323602295e+02 6.3331097412e+02 6.3340301514e+02 6.3350000000e+02 6.3356597900e+02 6.3364099121e+02 6.3372100830e+02 6.3379699707e+02 6.3388201904e+02 6.3395001221e+02 6.3402398682e+02 6.3409698486e+02 6.3417199707e+02 6.3422698975e+02 6.3430102539e+02 6.3439599609e+02 6.3446099854e+02 6.3451397705e+02 6.3459002686e+02 6.3466497803e+02 6.3474200439e+02 6.3481298828e+02 6.3488000488e+02 6.3497399902e+02 6.3503698730e+02 6.3509997559e+02 6.3517498779e+02 6.3524499512e+02 6.3532299805e+02 6.3539300537e+02 6.3546899414e+02 6.3552197266e+02 6.3558099365e+02 6.3565600586e+02
6.3228802490e+02 6.3235101318e+02 6.3244097900e+02 6.3252502441e+02 6.3259197998e+02 6.3266400146e+02 6.3275097656e+02 6.3282397461e+02 6.3289599609e+02 6.3298498535e+02 6.3304699707e+02 6.3311297607e+02 6.3318902588e+02 6.3326300049e+02 6.3335498047e+02 6.3344299316e+02 6.3351599121e+02 6.3358599854e+02 6.3367401123e+02 6.3373797607e+02 6.3381500244e+02 6.3388397217e+02 6.3395599365e+02 6.3404101563e+02 6.3410900879e+02 6.3416400146e+02 6.3423400879e+02 6.3432202148e+02 6.3440197754e+02 6.3447198486e+02 6.3455200195e+02 6.3460998535e+02 6.3466802979e+02 6.3473199463e+02 6.3482000732e+02 6.3489697266e+02 6.3496301270e+02 6.3503900146e+02 6.3511401367e+02 6.3518103027e+02 6.3526202393e+02 6.3533197021e+02 6.3537902832e+02 6.3544500732e+02 6.3551501465e+02 6.3557800293e+02
6.3223602295e+02 6.3231201172e+02 6.3239099121e+02 6.3246801758e+02 6.3253698730e+02 6.3261901855e+02 6.3271301270e+02 6.3278698730e+02 6.3285400391e+02 6.3293701172e+02 6.3301300049e+02 6.3307800293e+02 6.3315301514e+02 6.3323297119e+02 6.3330700684e+02 6.3338500977e+02 6.3345800781e+02 6.3352398682e+02 6.3361401367e+02 6.3368701172e+02 6.3377801514e+02 6.3385101318e+02 6.3391302490e+02 6.3399200439e+02 6.3406799316e+02 6.3413702393e+02 6.3421099854e+02 6.3428002930e+02 6.3434301758e+02 6.3440997314e+02 6.3447601318e+02 6.3455401611e+02 6.3462402344e+02 6.3468402100e+02 6.3475402832e+02 6.3481896973e+02 6.3488702393e+02 6.3496801758e+02 6.3504199219e+02 6.3511602783e+02 6.3518798828e+02 6.3525097656e+02 6.3533197021e+02 6.3538098145e+02 6.3544000244e+02 6.3551098633e+02
6.3216900635e+02 6.3225201416e+02 6.3233197021e+02 6.3241302490e+02 6.3249597168e+02 6.3258599854e+02 6.3267297363e+02 6.3275500488e+02 6.3282501221e+02 6.3289099121e+02 6.3296197510e+02 6.3303002930e+02 6.3310998535e+02 6.3318902588e+02 6.3326202393e+02 6.3333197021e+02 6.3341198730e+02 6.3348602295e+02 6.3356799316e+02 6.3364501953e+02 6.3373400879e+02 6.3380200195e+02 6.3386499023e+02 6.3393902588e+02 6.3401898193e+02 6.3409197998e+02 6.3416802979e+02 6.3422802734e+02 6.3428698730e+02 6.3435998535e+02 6.3441400146e+02 6.3448797607e+02 6.3455902100e+02 6.3463702393e+02 6.3469897461e+02 6.3476098633e+02 6.3482800293e+02 6.3489898682e+02 6.3496801758e+02 6.3504797363e+02 6.3511199951e+02 6.3517602539e+02 6.3526702881e+02 6.3530603027e+02 6.3536199951e+02 6.3543902588e+02
6.3210400391e+02 6.3219500732e+02 6.3228601074e+02 6.3236999512e+02 6.3246099854e+02 6.3255499268e+02 6.3262799072e+02 6.3270397949e+02 6.3278002930e+02 6.3285699463e+02 6.3292999268e+02 6.3298999023e+02 6.3306701660e+02 6.3313397217e+02 6.3321600342e+02 6.3328497314e+02 6.3337097168e+02 6.3344702148e+02 6.3352301025e+02 6.3360601807e+02 6.3368103027e+02 6.3374401855e+02 6.3381402588e+02 6.3388397217e+02 6.3395800781e+02 6.3402398682e+02 6.3410101318e+02 6.3417797852e+02 6.3423999023e+02 6.3431500244e+02 6.3436199951e+02 6.3442199707e+02 6.3448699951e+02 6.3457098389e+02 6.3463000488e+02 6.3470098877e+02 6.3477899170e+02 6.3484698486e+02 6.3490698242e+02 6.3497900391e+02 6.3504101563e+02 6.3510400391e+02 6.3517700195e+02 6.3523199463e+02 6.3530603027e+02 6.3539099121e+02
6.3206201172e+02 6.3216101074e+02 6.3223297119e+02 6.3233099365e+02 6.3241400146e+02 6.3250799561e+02 6.3259197998e+02 6.3265802002e+02 6.3272802734e+02 6.3280902100e+02 6.3288897705e+02 6.3296398926e+02 6.3304199219e+02 6.3310400391e+02 6.3318902588e+02 6.3325799561e+02 6.3332702637e+02 6.3338500977e+02 6.3345800781e+02 6.3356201172e+02 6.3363397217e+02 6.3369299316e+02 6.3377001953e+02 6.3383099365e+02 6.3389599609e+02 6.3396899414e+02 6.3405102539e+02 6.3412097168e+02 6.3419201660e+02 6.3427502441e+02 6.3432098389e+02 6.3438201904e+02 6.3444097900e+02 6.3450598145e+02 6.3456298828e+02 6.3464099121e+02 6.3472198486e+02 6.3479302979e+02 6.3484600830e+02 6.3492102051e+02 6.3499298096e+02 6.3505401611e+02 6.3511700439e+02 6.3517102051e+02 6.3524298096e+02 6.3532800293e+02
6.3199798584e+02 6.3210302734e+02 6.3218902588e+02 6.3228601074e+02 6.3237701416e+02 6.3246899414e+02 6.3255102539e+02 6.3262799072e+02 6.3270098877e+02 6.3277301025e+02 6.3284497070e+02 6.3293103027e+02 6.3301397705e+02 6.3308300781e+02 6.3315301514e+02 6.3322198486e+02 6.3328399658e+02 6.3334497070e+02 6.3342999268e+02 6.3351202393e+02 6.3358197021e+02 6.3365100098e+02 6.3372100830e+02 6.3379797363e+02 6.3386602783e+02 6.3392901611e+02 6.3400000000e+02 6.3406799316e+02 6.3413800049e+02 6.3420800781e+02 6.3426397705e+02 6.3432897949e+02 6.3439898682e+02 6.3447399902e+02 6.3453399658e+02 6.3459399414e+02 6.3466198730e+02 6.3473602295e+02 6.3478900146e+02 6.3486798096e+02 6.3493798828e+02 6.3499298096e+02 6.3505902100e+02 6.3510998535e+02 6.3515997314e+02 6.3523797607e+02
6.3193402100e+02 6.3203302002e+02 6.3214099121e+02 6.3223999023e+02 6.3233697510e+02 6.3242999268e+02 6.3250701904e+02 6.3258697510e+02 6.3266998291e+02 6.3274700928e+02 6.3282202148e+02 6.3289697266e+02 6.3296801758e+02 6.3304498291e+02 6.3311901855e+02 6.3318798828e+02 6.3324798584e+02 6.3331298828e+02 6.3339599609e+02 6.3346997070e+02 6.3354302979e+02 6.3361798096e+02 6.3368200684e+02 6.3375897217e+02 6.3382397461e+02 6.3387902832e+02 6.3395098877e+02 6.3401501465e+02 6.3407702637e+02 6.3414398193e+02 6.3420800781e+02 6.3426898193e+02 6.3434100342e+02 6.3442102051e+02 6.3448400879e+02 6.3453997803e+02 6.3460699463e+02 6.3468298340e+02 6.3473400879e+02 6.3480297852e+02 6.3486401367e+02 6.3492102051e+02 6.3499597168e+02 6.3505102539e+02 6.3511199951e+02 6.3518402100e+02
6.3186999512e+02 6.3196801758e+02 6.3207702637e+02 6.3219500732e+02 6.3229400635e+02 6.3238201904e+02 6.3246801758e+02 6.3255297852e+02 6.3264099121e+02 6.3271997070e+02 6.3279498291e+02 6.3286901855e+02 6.3293103027e+02 6.3299798584e+02 6.3307702637e+02 6.3316400146e+02 6.3322802734e+02 6.3329302979e+02 6.3337097168e+02 6.3344897461e+02 6.3351397705e+02 6.3357598877e+02 6.3363500977e+02 6.3372100830e+02 6.3378698730e+02 6.3383599854e+02 6.3390600586e+02 6.3396899414e+02 6.3402697754e+02 6.3409497070e+02 6.3416400146e+02 6.3423498535e+02 6.3430102539e+02 6.3436700439e+02 6.3442797852e+02 6.3449200439e+02 6.3454998779e+02 6.3461798096e+02 6.3467498779e+02 6.3474700928e+02 6.3479998779e+02 6.3485198975e+02 6.3492297363e+02 6.3498797607e+02 6.3505999756e+02 6.3513000488e+02
6.3179797363e+02 6.3191101074e+02 6.3201898193e+02 6.3213500977e+02 6.3224102783e+02 6.3233099365e+02 6.3242401123e+02 6.3252001953e+02 6.3261297607e+02 6.3269097900e+02 6.3275097656e+02 6.3283197021e+02 6.3291101074e+02 6.3298297119e+02 6.3305499268e+02 6.3313397217e+02 6.3320300293e+02 6.3327197266e+02 6.3334600830e+02 6.3343200684e+02 6.3350598145e+02 6.3355200195e+02 6.3359100342e+02 6.3368902588e+02 6.3375500488e+02 6.3379797363e+02 6.3386798096e+02 6.3393200684e+02 6.3398699951e+02 6.3404302979e+02 6.3410302734e+02 6.3419097900e+02 6.3426397705e+02 6.3432897949e+02 6.3437500000e+02 6.3444299316e+02 6.3450201416e+02 6.3456701660e+02 6.3462500000e+02 6.3469702148e+02 6.3474700928e+02 6.3479498291e+02 6.3486700439e+02 6.3492602539e+02 6.3497601318e+02 6.3504400635e+02
6.3171301270e+02 6.3184899902e+02 6.3196600342e+02 6.3205700684e+02 6.3216900635e+02 6.3227899170e+02 6.3237500000e+02 6.3246801758e+02 6.3256799316e+02 6.3265600586e+02 6.3272802734e+02 6.3279699707e+02 6.3287402344e+02 6.3294500732e+02 6.3302001953e+02 6.3309497070e+02 6.3315600586e+02 6.3321801758e+02 6.3329302979e+02 6.3337701416e+02 6.3346398926e+02 6.3352099609e+02 6.3357299805e+02 6.3366497803e+02 6.3371398926e+02 6.3376000977e+02 6.3383197021e+02 6.3388702393e+02 6.3394201660e+02 6.3400500488e+02 6.3406298828e+02 6.3413598633e+02 6.3420300293e+02 6.3426800537e+02 6.3432397461e+02 6.3439001465e+02 6.3444702148e+02 6.3452398682e+02 6.3457702637e+02 6.3464801025e+02 6.3470697021e+02 6.3476202393e+02 6.3482702637e+02 6.3487902832e+02 6.3492498779e+02 6.3498602295e+02
6.3164801025e+02 6.3178900146e+02 6.3190502930e+02 6.3200097656e+02 6.3211199951e+02 6.3222399902e+02 6.3232202148e+02 6.3242999268e+02 6.3252801514e+02 6.3261999512e+02 6.3269598389e+02 6.3275897217e+02 6.3283898926e+02 6.3290600586e+02 6.3298901367e+02 6.3306896973e+02 6.3314001465e+02 6.3320300293e+02 6.3326800537e+02 6.3333398438e+02 6.3341998291e+02 6.3348699951e+02 6.3354498291e+02 6.3363201904e+02 6.3367999268e+02 6.3373602295e+02 6.3380102539e+02 6.3384802246e+02 6.3390802002e+02 6.3397497559e+02 6.3402197266e+02 6.3408502197e+02 6.3415100098e+02 6.3421600342e+02 6.3428198242e+02 6.3435198975e+02 6.3440502930e+02 6.3447399902e+02 6.3452502441e+02 6.3459301758e+02 6.3465899658e+02 6.3471600342e+02 6.3476898193e+02 6.3482299805e+02 6.3488800049e+02 6.3495098877e+02
6.3158398438e+02 6.3171502686e+02 6.3182397461e+02 6.3193798828e+02 6.3204901123e+02 6.3215197754e+02 6.3225299072e+02 6.3236901855e+02 6.3247302246e+02 6.3257702637e+02 6.3265301514e+02 6.3272198486e+02 6.3281799316e+02 6.3289099121e+02 6.3297399902e+02 6.3304901123e+02 6.3313098145e+02 6.3320098877e+02 6.3325799561e+02 6.3331298828e+02 6.3339202881e+02 6.3345800781e+02 6.3351599121e+02 6.3359600830e+02 6.3365399170e+02 6.3372302246e+02 6.3378698730e+02 6.3382000732e+02 6.3387200928e+02 6.3393902588e+02 6.3397998047e+02 6.3404302979e+02 6.3411297607e+02 6.3417901611e+02 6.3423797607e+02 6.3430102539e+02 6.3434997559e+02 6.3441198730e+02 6.3447302246e+02 6.3453900146e+02 6.3460400391e+02 6.3466302490e+02 6.3471899414e+02 6.3477502441e+02 6.3483599854e+02 6.3489501953e+02
