TESTSERVER/15/0.asc
NCOLS 100
NROWS 100
XLLCORNER 8.2497500000e+03
YLLCORNER 2.8995025000e+05
CELLSIZE 5.0000000000e-01
NODATA_VALUE -9.9990000000e+03
[rows 40 to 59 of 100, columns 46 to 91 of 100]
6.9879797363e+02 6.9889599609e+02 6.9897198486e+02 6.9901202393e+02 6.9907000732e+02 6.9917401123e+02 6.9926800537e+02 6.9935498047e+02 6.9941998291e+02 6.9950500488e+02 6.9961297607e+02 6.9968798828e+02 6.9973101807e+02 6.9977697754e+02 6.9984197998e+02 6.9994396973e+02 7.0004302979e+02 7.0012500000e+02 7.0021502686e+02 7.0029498291e+02 7.0037597656e+02 7.0044396973e+02 7.0053302002e+02 7.0062298584e+02 7.0070202637e+02 7.0079901123e+02 7.0092102051e+02 7.0099597168e+02 7.0113598633e+02 7.0130999756e+02 7.0141900635e+02 7.0151501465e+02 7.0168798828e+02 7.0176202393e+02 7.0179998779e+02 7.0188800049e+02 7.0198498535e+02 7.0212200928e+02 7.0231500244e+02 7.0259899902e+02 7.0284497070e+02 7.0307397461e+02 7.0324597168e+02 7.0348699951e+02 7.0374401855e+02 7.0396801758e+02
6.9877502441e+02 6.9884802246e+02 6.9892102051e+02 6.9901098633e+02 6.9906597900e+02 6.9914898682e+02 6.9924102783e+02 6.9933197021e+02 6.9941497803e+02 6.9949200439e+02 6.9957202148e+02 6.9965197754e+02 6.9970697021e+02 6.9976397705e+02 6.9982800293e+02 6.9993597412e+02 7.0003399658e+02 7.0010498047e+02 7.0020898438e+02 7.0029602051e+02 7.0036199951e+02 7.0042102051e+02 7.0051000977e+02 7.0057202148e+02 7.0064202881e+02 7.0076501465e+02 7.0089599609e+02 7.0095697021e+02 7.0107598877e+02 7.0122601318e+02 7.0132598877e+02 7.0140802002e+02 7.0157000732e+02 7.0169000244e+02 7.0176898193e+02 7.0185797119e+02 7.0192498779e+02 7.0201202393e+02 7.0216998291e+02 7.0238397217e+02 7.0260998535e+02 7.0282299805e+02 7.0301702881e+02 7.0322802734e+02 7.0347100830e+02 7.0370501709e+02
6.9872802734e+02 6.9880401611e+02 6.9887701416e+02 6.9900598145e+02 6.9907202148e+02 6.9914300537e+02 6.9920501709e+02 6.9927600098e+02 6.9938897705e+02 6.9948797607e+02 6.9957000732e+02 6.9964398193e+02 6.9971002197e+02 6.9978900146e+02 6.9983398438e+02 6.9993298340e+02 7.0002502441e+02 7.0008398438e+02 7.0017297363e+02 7.0026202393e+02 7.0033300781e+02 7.0039001465e+02 7.0045800781e+02 7.0053497314e+02 7.0062298584e+02 7.0074102783e+02 7.0084802246e+02 7.0090502930e+02 7.0101202393e+02 7.0114099121e+02 7.0123199463e+02 7.0130603027e+02 7.0146502686e+02 7.0165197754e+02 7.0176501465e+02 7.0184600830e+02 7.0189697266e+02 7.0195098877e+02 7.0207000732e+02 7.0225701904e+02 7.0245098877e+02 7.0264202881e+02 7.0285198975e+02 7.0305499268e+02 7.0326202393e+02 7.0346301270e+02
6.9865698242e+02 6.9875000000e+02 6.9884600830e+02 6.9895599365e+02 6.9905902100e+02 6.9914898682e+02 6.9918298340e+02 6.9925299072e+02 6.9936602783e+02 6.9947698975e+02 6.9957397461e+02 6.9965100098e+02 6.9970697021e+02 6.9980798340e+02 6.9985699463e+02 6.9992297363e+02 7.0002398682e+02 7.0007397461e+02 7.0012701416e+02 7.0022698975e+02 7.0032299805e+02 7.0038000488e+02 7.0041699219e+02 7.0052301025e+02 7.0062402344e+02 7.0071697998e+02 7.0078302002e+02 7.0084497070e+02 7.0095202637e+02 7.0107702637e+02 7.0116900635e+02 7.0121099854e+02 7.0138000488e+02 7.0161700439e+02 7.0170800781e+02 7.0178997803e+02 7.0184802246e+02 7.0190301514e+02 7.0200897217e+02 7.0217199707e+02 7.0233197021e+02 7.0249597168e+02 7.0269897461e+02 7.0291497803e+02 7.0310601807e+02 7.0326800537e+02
6.9863201904e+02 6.9871197510e+02 6.9881701660e+02 6.9890600586e+02 6.9901898193e+02 6.9912902832e+02 6.9919500732e+02 6.9927301025e+02 6.9936499023e+02 6.9946301270e+02 6.9955200195e+02 6.9965002441e+02 6.9969396973e+02 6.9982397461e+02 6.9994000244e+02 6.9990600586e+02 6.9999401855e+02 7.0006201172e+02 7.0011700439e+02 7.0020202637e+02 7.0031298828e+02 7.0038800049e+02 7.0043402100e+02 7.0052600098e+02 7.0061199951e+02 7.0069000244e+02 7.0074102783e+02 7.0080902100e+02 7.0091302490e+02 7.0105102539e+02 7.0118200684e+02 7.0118200684e+02 7.0131500244e+02 7.0149798584e+02 7.0154602051e+02 7.0165698242e+02 7.0175598145e+02 7.0185699463e+02 7.0195599365e+02 7.0211102295e+02 7.0223297119e+02 7.0234600830e+02 7.0249700928e+02 7.0275402832e+02 7.0298498535e+02 7.0313299561e+02
6.9865399170e+02 6.9870397949e+02 6.9880902100e+02 6.9889801025e+02 6.9899200439e+02 6.9909301758e+02 6.9920098877e+02 6.9927001953e+02 6.9933801270e+02 6.9944396973e+02 6.9954498291e+02 6.9965002441e+02 6.9969500732e+02 6.9978497314e+02 6.9987200928e+02 6.9989801025e+02 6.9998400879e+02 7.0003802490e+02 7.0009197998e+02 7.0018200684e+02 7.0028698730e+02 7.0038000488e+02 7.0045202637e+02 7.0053100586e+02 7.0058697510e+02 7.0065899658e+02 7.0070898438e+02 7.0076397705e+02 7.0086199951e+02 7.0101501465e+02 7.0113598633e+02 7.0113000488e+02 7.0127197266e+02 7.0147100830e+02 7.0153302002e+02 7.0155401611e+02 7.0162597656e+02 7.0179901123e+02 7.0198901367e+02 7.0210797119e+02 7.0217700195e+02 7.0225299072e+02 7.0234002686e+02 7.0249499512e+02 7.0277600098e+02 7.0299200439e+02
6.9873498535e+02 6.9875799561e+02 6.9882397461e+02 6.9890600586e+02 6.9898901367e+02 6.9910601807e+02 6.9923699951e+02 6.9925598145e+02 6.9929602051e+02 6.9942901611e+02 6.9952697754e+02 6.9961401367e+02 6.9967498779e+02 6.9974200439e+02 6.9980700684e+02 6.9987597656e+02 6.9995697021e+02 7.0001501465e+02 7.0008197021e+02 7.0016802979e+02 7.0026702881e+02 7.0035601807e+02 7.0042700195e+02 7.0051599121e+02 7.0056097412e+02 7.0061401367e+02 7.0067102051e+02 7.0075897217e+02 7.0086199951e+02 7.0097100830e+02 7.0105297852e+02 7.0109002686e+02 7.0125402832e+02 7.0143298340e+02 7.0149597168e+02 7.0150000000e+02 7.0153399658e+02 7.0171600342e+02 7.0196997070e+02 7.0208697510e+02 7.0214202881e+02 7.0218902588e+02 7.0223498535e+02 7.0233801270e+02 7.0254302979e+02 7.0275701904e+02
6.9876898193e+02 6.9877801514e+02 6.9882598877e+02 6.9892199707e+02 6.9901800537e+02 6.9912902832e+02 6.9919897461e+02 6.9918200684e+02 6.9926501465e+02 6.9944396973e+02 6.9950897217e+02 6.9956799316e+02 6.9965698242e+02 6.9972601318e+02 6.9978198242e+02 6.9984497070e+02 6.9989898682e+02 6.9997900391e+02 7.0007397461e+02 7.0014300537e+02 7.0023602295e+02 7.0030902100e+02 7.0037701416e+02 7.0048400879e+02 7.0052899170e+02 7.0057397461e+02 7.0063598633e+02 7.0076800537e+02 7.0086901855e+02 7.0093298340e+02 7.0098699951e+02 7.0107299805e+02 7.0123797607e+02 7.0137799072e+02 7.0144799805e+02 7.0145001221e+02 7.0147900391e+02 7.0166699219e+02 7.0191302490e+02 7.0202600098e+02 7.0209197998e+02 7.0211401367e+02 7.0214001465e+02 7.0223297119e+02 7.0238702393e+02 7.0256500244e+02
6.9864300537e+02 6.9868902588e+02 6.9873400879e+02 6.9884899902e+02 6.9899102783e+02 6.9911401367e+02 6.9913098145e+02 6.9911401367e+02 6.9925799561e+02 6.9946801758e+02 6.9951800537e+02 6.9953100586e+02 6.9963397217e+02 6.9971801758e+02 6.9980200195e+02 6.9981500244e+02 6.9986700439e+02 6.9996697998e+02 7.0006298828e+02 7.0014697266e+02 7.0025701904e+02 7.0031896973e+02 7.0037200928e+02 7.0046301270e+02 7.0049597168e+02 7.0054602051e+02 7.0062097168e+02 7.0072698975e+02 7.0082702637e+02 7.0088800049e+02 7.0094897461e+02 7.0109399414e+02 7.0122900391e+02 7.0131097412e+02 7.0139801025e+02 7.0137298584e+02 7.0139801025e+02 7.0159399414e+02 7.0181799316e+02 7.0190899658e+02 7.0201098633e+02 7.0207098389e+02 7.0212097168e+02 7.0216699219e+02 7.0228900146e+02 7.0245898438e+02
6.9822399902e+02 6.9840399170e+02 6.9856896973e+02 6.9868701172e+02 6.9880999756e+02 6.9896099854e+02 6.9902001953e+02 6.9905999756e+02 6.9921002197e+02 6.9937298584e+02 6.9942602539e+02 6.9949401855e+02 6.9964599609e+02 6.9972302246e+02 6.9979199219e+02 6.9985998535e+02 6.9989697266e+02 6.9994097900e+02 7.0003698730e+02 7.0012200928e+02 7.0022399902e+02 7.0030297852e+02 7.0033697510e+02 7.0037097168e+02 7.0041302490e+02 7.0049298096e+02 7.0057397461e+02 7.0068499756e+02 7.0078198242e+02 7.0082702637e+02 7.0090301514e+02 7.0105700684e+02 7.0116699219e+02 7.0121997070e+02 7.0129302979e+02 7.0133398438e+02 7.0137200928e+02 7.0150201416e+02 7.0164599609e+02 7.0176898193e+02 7.0195599365e+02 7.0209899902e+02 7.0216302490e+02 7.0217700195e+02 7.0223101807e+02 7.0236602783e+02
6.9802899170e+02 6.9809197998e+02 6.9821197510e+02 6.9832397461e+02 6.9848101807e+02 6.9865899658e+02 6.9877197266e+02 6.9895501709e+02 6.9913702393e+02 6.9925897217e+02 6.9937500000e+02 6.9947900391e+02 6.9962097168e+02 6.9967999268e+02 6.9973797607e+02 6.9985601807e+02 6.9991400146e+02 6.9993597412e+02 7.0004998779e+02 7.0010699463e+02 7.0017297363e+02 7.0029199219e+02 7.0035400391e+02 7.0034301758e+02 7.0037298584e+02 7.0044799805e+02 7.0052099609e+02 7.0063702393e+02 7.0072601318e+02 7.0075799561e+02 7.0083099365e+02 7.0096997070e+02 7.0106402588e+02 7.0112402344e+02 7.0120501709e+02 7.0128198242e+02 7.0134600830e+02 7.0144299316e+02 7.0152398682e+02 7.0164501953e+02 7.0182098389e+02 7.0198999023e+02 7.0212597656e+02 7.0219097900e+02 7.0223999023e+02 7.0233197021e+02
6.9816198730e+02 6.9815002441e+02 6.9813800049e+02 6.9816998291e+02 6.9826599121e+02 6.9837902832e+02 6.9847601318e+02 6.9866400146e+02 6.9888000488e+02 6.9907800293e+02 6.9931597900e+02 6.9942199707e+02 6.9953601074e+02 6.9962200928e+02 6.9968103027e+02 6.9979199219e+02 6.9989599609e+02 6.9996697998e+02 7.0008398438e+02 7.0013000488e+02 7.0017901611e+02 7.0028698730e+02 7.0032598877e+02 7.0034399414e+02 7.0039898682e+02 7.0044702148e+02 7.0048797607e+02 7.0059600830e+02 7.0067199707e+02 7.0070202637e+02 7.0077801514e+02 7.0090197754e+02 7.0098901367e+02 7.0106799316e+02 7.0117401123e+02 7.0120898438e+02 7.0127099609e+02 7.0139001465e+02 7.0150000000e+02 7.0162597656e+02 7.0171600342e+02 7.0183502197e+02 7.0203100586e+02 7.0215899658e+02 7.0226202393e+02 7.0235101318e+02
6.9825897217e+02 6.9830499268e+02 6.9831701660e+02 6.9828802490e+02 6.9829901123e+02 6.9832897949e+02 6.9839300537e+02 6.9846697998e+02 6.9859301758e+02 6.9879498291e+02 6.9903399658e+02 6.9921197510e+02 6.9942602539e+02 6.9960498047e+02 6.9965100098e+02 6.9967199707e+02 6.9980401611e+02 6.9993298340e+02 7.0003198242e+02 7.0010302734e+02 7.0018402100e+02 7.0025402832e+02 7.0029498291e+02 7.0034802246e+02 7.0044201660e+02 7.0048602295e+02 7.0050500488e+02 7.0057702637e+02 7.0063201904e+02 7.0067297363e+02 7.0077398682e+02 7.0086499023e+02 7.0094799805e+02 7.0103802490e+02 7.0115399170e+02 7.0118298340e+02 7.0122302246e+02 7.0134100342e+02 7.0149700928e+02 7.0163201904e+02 7.0170001221e+02 7.0180700684e+02 7.0199597168e+02 7.0212402344e+02 7.0227899170e+02 7.0238201904e+02
6.9830902100e+02 6.9835498047e+02 6.9839898682e+02 6.9844299316e+02 6.9849200439e+02 6.9849401855e+02 6.9848498535e+02 6.9850201416e+02 6.9852899170e+02 6.9857397461e+02 6.9870001221e+02 6.9885400391e+02 6.9909399414e+02 6.9935900879e+02 6.9946301270e+02 6.9953900146e+02 6.9970697021e+02 6.9986297607e+02 6.9994897461e+02 6.9998199463e+02 7.0010302734e+02 7.0023498535e+02 7.0032202148e+02 7.0037200928e+02 7.0047100830e+02 7.0053002930e+02 7.0052197266e+02 7.0055401611e+02 7.0059301758e+02 7.0065399170e+02 7.0076397705e+02 7.0084497070e+02 7.0091302490e+02 7.0098297119e+02 7.0108898926e+02 7.0116302490e+02 7.0123498535e+02 7.0134600830e+02 7.0149298096e+02 7.0160101318e+02 7.0167401123e+02 7.0175897217e+02 7.0189202881e+02 7.0202301025e+02 7.0222100830e+02 7.0239398193e+02
6.9831500244e+02 6.9836499023e+02 6.9842498779e+02 6.9849798584e+02 6.9855499268e+02 6.9859197998e+02 6.9862097168e+02 6.9864398193e+02 6.9864501953e+02 6.9862402344e+02 6.9863098145e+02 6.9867199707e+02 6.9878198242e+02 6.9896301270e+02 6.9912402344e+02 6.9931097412e+02 6.9954797363e+02 6.9977001953e+02 6.9982598877e+02 6.9990197754e+02 7.0006402588e+02 7.0019500732e+02 7.0029797363e+02 7.0034399414e+02 7.0043298340e+02 7.0051000977e+02 7.0051202393e+02 7.0054699707e+02 7.0058001709e+02 7.0063702393e+02 7.0071600342e+02 7.0078497314e+02 7.0086499023e+02 7.0094702148e+02 7.0102801514e+02 7.0114398193e+02 7.0124200439e+02 7.0133398438e+02 7.0146398926e+02 7.0157397461e+02 7.0166400146e+02 7.0175598145e+02 7.0186499023e+02 7.0198199463e+02 7.0214001465e+02 7.0232598877e+02
6.9829101563e+02 6.9835302734e+02 6.9842602539e+02 6.9850097656e+02 6.9856097412e+02 6.9862701416e+02 6.9869702148e+02 6.9874298096e+02 6.9877301025e+02 6.9878900146e+02 6.9879998779e+02 6.9880603027e+02 6.9879602051e+02 6.9883502197e+02 6.9893902588e+02 6.9906799316e+02 6.9924200439e+02 6.9949902344e+02 6.9964398193e+02 6.9985797119e+02 7.0005603027e+02 7.0015301514e+02 7.0024597168e+02 7.0029797363e+02 7.0036499023e+02 7.0043499756e+02 7.0047198486e+02 7.0054101563e+02 7.0059997559e+02 7.0068103027e+02 7.0073901367e+02 7.0079998779e+02 7.0086401367e+02 7.0094598389e+02 7.0100500488e+02 7.0113299561e+02 7.0124401855e+02 7.0132202148e+02 7.0143701172e+02 7.0155297852e+02 7.0165802002e+02 7.0177001953e+02 7.0187597656e+02 7.0196502686e+02 7.0206298828e+02 7.0220202637e+02
6.9830401611e+02 6.9831500244e+02 6.9836401367e+02 6.9848498535e+02 6.9856597900e+02 6.9863000488e+02 6.9870800781e+02 6.9876800537e+02 6.9882299805e+02 6.9886999512e+02 6.9894299316e+02 6.9898699951e+02 6.9900201416e+02 6.9900000000e+02 6.9903002930e+02 6.9904998779e+02 6.9907202148e+02 6.9920202637e+02 6.9934497070e+02 6.9960302734e+02 6.9986901855e+02 7.0007000732e+02 7.0021997070e+02 7.0026098633e+02 7.0030297852e+02 7.0035699463e+02 7.0047601318e+02 7.0051202393e+02 7.0059301758e+02 7.0071997070e+02 7.0081201172e+02 7.0086199951e+02 7.0089001465e+02 7.0095098877e+02 7.0100000000e+02 7.0115698242e+02 7.0126000977e+02 7.0132598877e+02 7.0143298340e+02 7.0152899170e+02 7.0162799072e+02 7.0173999023e+02 7.0185302734e+02 7.0192297363e+02 7.0200097656e+02 7.0208599854e+02
6.9849597168e+02 6.9847100830e+02 6.9845800781e+02 6.9848101807e+02 6.9852301025e+02 6.9858398438e+02 6.9867401123e+02 6.9873999023e+02 6.9883801270e+02 6.9891601563e+02 6.9897998047e+02 6.9903900146e+02 6.9909399414e+02 6.9915502930e+02 6.9919702148e+02 6.9920300293e+02 6.9919396973e+02 6.9918200684e+02 6.9921502686e+02 6.9932702637e+02 6.9952398682e+02 6.9973901367e+02 6.9997100830e+02 7.0016302490e+02 7.0022198486e+02 7.0025097656e+02 7.0037799072e+02 7.0044598389e+02 7.0052301025e+02 7.0066101074e+02 7.0078002930e+02 7.0085601807e+02 7.0089501953e+02 7.0096197510e+02 7.0103302002e+02 7.0118701172e+02 7.0124700928e+02 7.0131298828e+02 7.0144097900e+02 7.0152001953e+02 7.0161602783e+02 7.0172399902e+02 7.0180902100e+02 7.0187402344e+02 7.0194201660e+02 7.0202001953e+02
6.9867999268e+02 6.9868499756e+02 6.9866998291e+02 6.9863397217e+02 6.9860198975e+02 6.9860101318e+02 6.9864599609e+02 6.9869702148e+02 6.9880200195e+02 6.9889801025e+02 6.9896002197e+02 6.9904101563e+02 6.9911199951e+02 6.9919598389e+02 6.9927197266e+02 6.9929901123e+02 6.9933300781e+02 6.9935302734e+02 6.9933697510e+02 6.9932501221e+02 6.9938098145e+02 6.9944396973e+02 6.9960198975e+02 6.9984497070e+02 6.9999200439e+02 7.0009399414e+02 7.0024597168e+02 7.0040100098e+02 7.0046099854e+02 7.0057501221e+02 7.0071997070e+02 7.0080401611e+02 7.0083801270e+02 7.0092999268e+02 7.0102899170e+02 7.0118298340e+02 7.0127801514e+02 7.0133099365e+02 7.0142401123e+02 7.0152899170e+02 7.0162500000e+02 7.0170202637e+02 7.0175402832e+02 7.0183801270e+02 7.0191699219e+02 7.0198498535e+02
6.9872497559e+02 6.9873498535e+02 6.9877197266e+02 6.9879699707e+02 6.9878198242e+02 6.9875500488e+02 6.9875097656e+02 6.9875500488e+02 6.9879699707e+02 6.9886798096e+02 6.9892102051e+02 6.9900500488e+02 6.9909100342e+02 6.9918103027e+02 6.9927600098e+02 6.9935302734e+02 6.9941998291e+02 6.9948297119e+02 6.9950598145e+02 6.9951000977e+02 6.9954498291e+02 6.9953002930e+02 6.9953698730e+02 6.9961297607e+02 6.9972900391e+02 6.9986901855e+02 7.0004101563e+02 7.0025000000e+02 7.0036499023e+02 7.0051898193e+02 7.0064501953e+02 7.0069201660e+02 7.0076501465e+02 7.0088299561e+02 7.0098199463e+02 7.0115899658e+02 7.0131201172e+02 7.0135797119e+02 7.0139398193e+02 7.0150897217e+02 7.0159600830e+02 7.0165600586e+02 7.0171697998e+02 7.0183697510e+02 7.0193499756e+02 7.0197900391e+02
