TESTSERVER/15/0.asc
NCOLS 100
NROWS 100
XLLCORNER 8.2497500000e+03
YLLCORNER 2.8995025000e+05
CELLSIZE 5.0000000000e-01
NODATA_VALUE -9.9990000000e+03
[rows 0 to 19 of 100, columns 0 to 45 of 100]
6.9648699951e+02 6.9663800049e+02 6.9673699951e+02 6.9700701904e+02 6.9743103027e+02 6.9789001465e+02 6.9834899902e+02 6.9867602539e+02 6.9897302246e+02 6.9920898438e+02 6.9936999512e+02 6.9948699951e+02 6.9966900635e+02 6.9983398438e+02 7.0002099609e+02 7.0013098145e+02 7.0019500732e+02 7.0030200195e+02 7.0032299805e+02 7.0032000732e+02 7.0031896973e+02 7.0032000732e+02 7.0016699219e+02 6.9990802002e+02 6.9982598877e+02 6.9983697510e+02 6.9989898682e+02 7.0010998535e+02 7.0056097412e+02 7.0095501709e+02 7.0119299316e+02 7.0141998291e+02 7.0162200928e+02 7.0169000244e+02 7.0175000000e+02 7.0189599609e+02 7.0207897949e+02 7.0218298340e+02 7.0221801758e+02 7.0229101563e+02 7.0244500732e+02 7.0259802246e+02 7.0279797363e+02 7.0297302246e+02 7.0305603027e+02 7.0304901123e+02
6.9632299805e+02 6.9645800781e+02 6.9653399658e+02 6.9673901367e+02 6.9717999268e+02 6.9769097900e+02 6.9816101074e+02 6.9855999756e+02 6.9889001465e+02 6.9909197998e+02 6.9921301270e+02 6.9929400635e+02 6.9941198730e+02 6.9958300781e+02 6.9981896973e+02 6.9996002197e+02 7.0002398682e+02 7.0006298828e+02 7.0008697510e+02 7.0011102295e+02 7.0014202881e+02 7.0017901611e+02 7.0008801270e+02 6.9984497070e+02 6.9974700928e+02 6.9972802734e+02 6.9976300049e+02 6.9993298340e+02 7.0036700439e+02 7.0074401855e+02 7.0095098877e+02 7.0111999512e+02 7.0128601074e+02 7.0134802246e+02 7.0143200684e+02 7.0160900879e+02 7.0180700684e+02 7.0191101074e+02 7.0195501709e+02 7.0202899170e+02 7.0216900635e+02 7.0231597900e+02 7.0250897217e+02 7.0269201660e+02 7.0284399414e+02 7.0293200684e+02
6.9613500977e+02 6.9627502441e+02 6.9638000488e+02 6.9657501221e+02 6.9692999268e+02 6.9737701416e+02 6.9782501221e+02 6.9825000000e+02 6.9864300537e+02 6.9882202148e+02 6.9893597412e+02 6.9906298828e+02 6.9922399902e+02 6.9940502930e+02 6.9964202881e+02 6.9977398682e+02 6.9984997559e+02 6.9989202881e+02 6.9989202881e+02 6.9991302490e+02 6.9998699951e+02 7.0003997803e+02 6.9995202637e+02 6.9976202393e+02 6.9965997314e+02 6.9963201904e+02 6.9966998291e+02 6.9978698730e+02 7.0014398193e+02 7.0048901367e+02 7.0063702393e+02 7.0072698975e+02 7.0090301514e+02 7.0102301025e+02 7.0112701416e+02 7.0129901123e+02 7.0148498535e+02 7.0160699463e+02 7.0169396973e+02 7.0180798340e+02 7.0196002197e+02 7.0208001709e+02 7.0223199463e+02 7.0238598633e+02 7.0255999756e+02 7.0272601318e+02
6.9591900635e+02 6.9607397461e+02 6.9622497559e+02 6.9643798828e+02 6.9671099854e+02 6.9703198242e+02 6.9740399170e+02 6.9781402588e+02 6.9823602295e+02 6.9845800781e+02 6.9862500000e+02 6.9883398438e+02 6.9906597900e+02 6.9924597168e+02 6.9946600342e+02 6.9956896973e+02 6.9963702393e+02 6.9971997070e+02 6.9973297119e+02 6.9975097656e+02 6.9985900879e+02 6.9991198730e+02 6.9981402588e+02 6.9967498779e+02 6.9958599854e+02 6.9954797363e+02 6.9957501221e+02 6.9963299561e+02 6.9986798096e+02 7.0018798828e+02 7.0034002686e+02 7.0042199707e+02 7.0060302734e+02 7.0075201416e+02 7.0086798096e+02 7.0102398682e+02 7.0119500732e+02 7.0134698486e+02 7.0148602295e+02 7.0165002441e+02 7.0181896973e+02 7.0190899658e+02 7.0202398682e+02 7.0214599609e+02 7.0229602051e+02 7.0248901367e+02
6.9569897461e+02 6.9586297607e+02 6.9603997803e+02 6.9627697754e+02 6.9655999756e+02 6.9678497314e+02 6.9705297852e+02 6.9739099121e+02 6.9777502441e+02 6.9812298584e+02 6.9840002441e+02 6.9865600586e+02 6.9889501953e+02 6.9911199951e+02 6.9931500244e+02 6.9940399170e+02 6.9941998291e+02 6.9949902344e+02 6.9957202148e+02 6.9961602783e+02 6.9971997070e+02 6.9976599121e+02 6.9968499756e+02 6.9959600830e+02 6.9955603027e+02 6.9946301270e+02 6.9946099854e+02 6.9949700928e+02 6.9961401367e+02 6.9994702148e+02 7.0012799072e+02 7.0023199463e+02 7.0039501953e+02 7.0053002930e+02 7.0066900635e+02 7.0083197021e+02 7.0101000977e+02 7.0116400146e+02 7.0132397461e+02 7.0150097656e+02 7.0166998291e+02 7.0176702881e+02 7.0187402344e+02 7.0199200439e+02 7.0209802246e+02 7.0224597168e+02
6.9547399902e+02 6.9565698242e+02 6.9584899902e+02 6.9609997559e+02 6.9641802979e+02 6.9669299316e+02 6.9693798828e+02 6.9721697998e+02 6.9754302979e+02 6.9784899902e+02 6.9816699219e+02 6.9849902344e+02 6.9879101563e+02 6.9901501465e+02 6.9919201660e+02 6.9928399658e+02 6.9927899170e+02 6.9934197998e+02 6.9943701172e+02 6.9945397949e+02 6.9952801514e+02 6.9960302734e+02 6.9961602783e+02 6.9960998535e+02 6.9951599121e+02 6.9941699219e+02 6.9938598633e+02 6.9939501953e+02 6.9945397949e+02 6.9973999023e+02 6.9995300293e+02 7.0006701660e+02 7.0020800781e+02 7.0034301758e+02 7.0048498535e+02 7.0065301514e+02 7.0084899902e+02 7.0100299072e+02 7.0113098145e+02 7.0127197266e+02 7.0143402100e+02 7.0153399658e+02 7.0161798096e+02 7.0170599365e+02 7.0178399658e+02 7.0192297363e+02
6.9522399902e+02 6.9543200684e+02 6.9563702393e+02 6.9590399170e+02 6.9624902344e+02 6.9653802490e+02 6.9676800537e+02 6.9702197266e+02 6.9734197998e+02 6.9763397217e+02 6.9802001953e+02 6.9853302002e+02 6.9883001709e+02 6.9899700928e+02 6.9912701416e+02 6.9917401123e+02 6.9914300537e+02 6.9923101807e+02 6.9933197021e+02 6.9931201172e+02 6.9938000488e+02 6.9947198486e+02 6.9954602051e+02 6.9960699463e+02 6.9944799805e+02 6.9937298584e+02 6.9930603027e+02 6.9927899170e+02 6.9931500244e+02 6.9949700928e+02 6.9972698975e+02 6.9987402344e+02 7.0002197266e+02 7.0017999268e+02 7.0029998779e+02 7.0044201660e+02 7.0065698242e+02 7.0083099365e+02 7.0093701172e+02 7.0104699707e+02 7.0120098877e+02 7.0130297852e+02 7.0134600830e+02 7.0138598633e+02 7.0146002197e+02 7.0161199951e+02
6.9501898193e+02 6.9520800781e+02 6.9540197754e+02 6.9566302490e+02 6.9601397705e+02 6.9631298828e+02 6.9654101563e+02 6.9679400635e+02 6.9712701416e+02 6.9740899658e+02 6.9778802490e+02 6.9838397217e+02 6.9876397705e+02 6.9891302490e+02 6.9901397705e+02 6.9902899170e+02 6.9897399902e+02 6.9903601074e+02 6.9910998535e+02 6.9910498047e+02 6.9925201416e+02 6.9936901855e+02 6.9942401123e+02 6.9948297119e+02 6.9932299805e+02 6.9931402588e+02 6.9924798584e+02 6.9918597412e+02 6.9921801758e+02 6.9930999756e+02 6.9951000977e+02 6.9968597412e+02 6.9983398438e+02 7.0001300049e+02 7.0010498047e+02 7.0020501709e+02 7.0041601563e+02 7.0061401367e+02 7.0072698975e+02 7.0083001709e+02 7.0097998047e+02 7.0107702637e+02 7.0110498047e+02 7.0114300537e+02 7.0123199463e+02 7.0139501953e+02
6.9483300781e+02 6.9497998047e+02 6.9513201904e+02 6.9535498047e+02 6.9573101807e+02 6.9604101563e+02 6.9629199219e+02 6.9654998779e+02 6.9696301270e+02 6.9723901367e+02 6.9749102783e+02 6.9792102051e+02 6.9837200928e+02 6.9859698486e+02 6.9873498535e+02 6.9879797363e+02 6.9881097412e+02 6.9881097412e+02 6.9883099365e+02 6.9887200928e+02 6.9901300049e+02 6.9914501953e+02 6.9924499512e+02 6.9929602051e+02 6.9920300293e+02 6.9925799561e+02 6.9919097900e+02 6.9909600830e+02 6.9912097168e+02 6.9915997314e+02 6.9930798340e+02 6.9950299072e+02 6.9960601807e+02 6.9980499268e+02 6.9989697266e+02 6.9997998047e+02 7.0015301514e+02 7.0033898926e+02 7.0047698975e+02 7.0059997559e+02 7.0075000000e+02 7.0084899902e+02 7.0089300537e+02 7.0097399902e+02 7.0106799316e+02 7.0121600342e+02
6.9463500977e+02 6.9477197266e+02 6.9489599609e+02 6.9503497314e+02 6.9531201172e+02 6.9575000000e+02 6.9610601807e+02 6.9633300781e+02 6.9666699219e+02 6.9704101563e+02 6.9732897949e+02 6.9759100342e+02 6.9787097168e+02 6.9810900879e+02 6.9834802246e+02 6.9853698730e+02 6.9864300537e+02 6.9867297363e+02 6.9870800781e+02 6.9875402832e+02 6.9884997559e+02 6.9894598389e+02 6.9901702881e+02 6.9906500244e+02 6.9906298828e+02 6.9917602539e+02 6.9911199951e+02 6.9900500488e+02 6.9901300049e+02 6.9900799561e+02 6.9911297607e+02 6.9931701660e+02 6.9941497803e+02 6.9953198242e+02 6.9964099121e+02 6.9976202393e+02 6.9992297363e+02 7.0008801270e+02 7.0024102783e+02 7.0041400146e+02 7.0062200928e+02 7.0067999268e+02 7.0073999023e+02 7.0084899902e+02 7.0092297363e+02 7.0105401611e+02
6.9447198486e+02 6.9460101318e+02 6.9472601318e+02 6.9482397461e+02 6.9496197510e+02 6.9541601563e+02 6.9587799072e+02 6.9613299561e+02 6.9635302734e+02 6.9670501709e+02 6.9707702637e+02 6.9731097412e+02 6.9747802734e+02 6.9774102783e+02 6.9804199219e+02 6.9830902100e+02 6.9848297119e+02 6.9857397461e+02 6.9863098145e+02 6.9864898682e+02 6.9869396973e+02 6.9878198242e+02 6.9880401611e+02 6.9887701416e+02 6.9894201660e+02 6.9907897949e+02 6.9903900146e+02 6.9890600586e+02 6.9888897705e+02 6.9889599609e+02 6.9896697998e+02 6.9917700195e+02 6.9933001709e+02 6.9936901855e+02 6.9946697998e+02 6.9958099365e+02 6.9973101807e+02 6.9991998291e+02 7.0007000732e+02 7.0025500488e+02 7.0049597168e+02 7.0054602051e+02 7.0063098145e+02 7.0075000000e+02 7.0080499268e+02 7.0091497803e+02
6.9435498047e+02 6.9446197510e+02 6.9459002686e+02 6.9470697021e+02 6.9478698730e+02 6.9509100342e+02 6.9553698730e+02 6.9586401367e+02 6.9612902832e+02 6.9642797852e+02 6.9682098389e+02 6.9710601807e+02 6.9727502441e+02 6.9751898193e+02 6.9783599854e+02 6.9812799072e+02 6.9833599854e+02 6.9848901367e+02 6.9856097412e+02 6.9853997803e+02 6.9854302979e+02 6.9863598633e+02 6.9863098145e+02 6.9871801758e+02 6.9881097412e+02 6.9896697998e+02 6.9898498535e+02 6.9884002686e+02 6.9877697754e+02 6.9878497314e+02 6.9879797363e+02 6.9900000000e+02 6.9928002930e+02 6.9930700684e+02 6.9937597656e+02 6.9946600342e+02 6.9959002686e+02 6.9978302002e+02 6.9990002441e+02 7.0004101563e+02 7.0026300049e+02 7.0038397217e+02 7.0053497314e+02 7.0066302490e+02 7.0070397949e+02 7.0079797363e+02
6.9431500244e+02 6.9437799072e+02 6.9448297119e+02 6.9462200928e+02 6.9476702881e+02 6.9489898682e+02 6.9517797852e+02 6.9552899170e+02 6.9590399170e+02 6.9617401123e+02 6.9649401855e+02 6.9679901123e+02 6.9710797119e+02 6.9741802979e+02 6.9771301270e+02 6.9796899414e+02 6.9816802979e+02 6.9835699463e+02 6.9845501709e+02 6.9840802002e+02 6.9832098389e+02 6.9839801025e+02 6.9845397949e+02 6.9858300781e+02 6.9867602539e+02 6.9885498047e+02 6.9892498779e+02 6.9878497314e+02 6.9866601563e+02 6.9865100098e+02 6.9864202881e+02 6.9878399658e+02 6.9911401367e+02 6.9922399902e+02 6.9927301025e+02 6.9935797119e+02 6.9952697754e+02 6.9970898438e+02 6.9980798340e+02 6.9989300537e+02 7.0002697754e+02 7.0016998291e+02 7.0035198975e+02 7.0049700928e+02 7.0059197998e+02 7.0070501709e+02
6.9418798828e+02 6.9430798340e+02 6.9440399170e+02 6.9452697754e+02 6.9467999268e+02 6.9486999512e+02 6.9507299805e+02 6.9533197021e+02 6.9564001465e+02 6.9592297363e+02 6.9621697998e+02 6.9651300049e+02 6.9692498779e+02 6.9732598877e+02 6.9763098145e+02 6.9782897949e+02 6.9798602295e+02 6.9819299316e+02 6.9833099365e+02 6.9828100586e+02 6.9817901611e+02 6.9816302490e+02 6.9823297119e+02 6.9839501953e+02 6.9850598145e+02 6.9876397705e+02 6.9883697510e+02 6.9865698242e+02 6.9849102783e+02 6.9851000977e+02 6.9851800537e+02 6.9856896973e+02 6.9889501953e+02 6.9914398193e+02 6.9921997070e+02 6.9926098633e+02 6.9939501953e+02 6.9955700684e+02 6.9966400146e+02 6.9978302002e+02 6.9990100098e+02 7.0001800537e+02 7.0018701172e+02 7.0035998535e+02 7.0050701904e+02 7.0061999512e+02
6.9405700684e+02 6.9420397949e+02 6.9435198975e+02 6.9447802734e+02 6.9459600830e+02 6.9478399658e+02 6.9498602295e+02 6.9523498535e+02 6.9546301270e+02 6.9573699951e+02 6.9604498291e+02 6.9633099365e+02 6.9673101807e+02 6.9719500732e+02 6.9751501465e+02 6.9767297363e+02 6.9776202393e+02 6.9797497559e+02 6.9816302490e+02 6.9813800049e+02 6.9805200195e+02 6.9799200439e+02 6.9802899170e+02 6.9817401123e+02 6.9828399658e+02 6.9855200195e+02 6.9866302490e+02 6.9853100586e+02 6.9836602783e+02 6.9838201904e+02 6.9839501953e+02 6.9840600586e+02 6.9870300293e+02 6.9900097656e+02 6.9912200928e+02 6.9916699219e+02 6.9925701904e+02 6.9937799072e+02 6.9951202393e+02 6.9967297363e+02 6.9981402588e+02 6.9994097900e+02 7.0010101318e+02 7.0028002930e+02 7.0042498779e+02 7.0050598145e+02
6.9396801758e+02 6.9412500000e+02 6.9428698730e+02 6.9440802002e+02 6.9453802490e+02 6.9470697021e+02 6.9488598633e+02 6.9510699463e+02 6.9528900146e+02 6.9554699707e+02 6.9588598633e+02 6.9621002197e+02 6.9655902100e+02 6.9702197266e+02 6.9735302734e+02 6.9750201416e+02 6.9754797363e+02 6.9774102783e+02 6.9795501709e+02 6.9794897461e+02 6.9785198975e+02 6.9779998779e+02 6.9784197998e+02 6.9797497559e+02 6.9808697510e+02 6.9831701660e+02 6.9849700928e+02 6.9845800781e+02 6.9828198242e+02 6.9822998047e+02 6.9825299072e+02 6.9825000000e+02 6.9846600342e+02 6.9879498291e+02 6.9900598145e+02 6.9909600830e+02 6.9915899658e+02 6.9925897217e+02 6.9939801025e+02 6.9955297852e+02 6.9969897461e+02 6.9984399414e+02 6.9998602295e+02 7.0014801025e+02 7.0028997803e+02 7.0035400391e+02
6.9387298584e+02 6.9406097412e+02 6.9419897461e+02 6.9431097412e+02 6.9447100830e+02 6.9463500977e+02 6.9479602051e+02 6.9495599365e+02 6.9510400391e+02 6.9533697510e+02 6.9566802979e+02 6.9609197998e+02 6.9648400879e+02 6.9680401611e+02 6.9716699219e+02 6.9733697510e+02 6.9740301514e+02 6.9756402588e+02 6.9774401855e+02 6.9771801758e+02 6.9756701660e+02 6.9756701660e+02 6.9765802002e+02 6.9781201172e+02 6.9797198486e+02 6.9814001465e+02 6.9834002686e+02 6.9837902832e+02 6.9822497559e+02 6.9808398438e+02 6.9812500000e+02 6.9812799072e+02 6.9818200684e+02 6.9858502197e+02 6.9890997314e+02 6.9902099609e+02 6.9904901123e+02 6.9913800049e+02 6.9927801514e+02 6.9941497803e+02 6.9952801514e+02 6.9968902588e+02 6.9980297852e+02 6.9992199707e+02 7.0002697754e+02 7.0012902832e+02
6.9384802246e+02 6.9401702881e+02 6.9412597656e+02 6.9423101807e+02 6.9439300537e+02 6.9457098389e+02 6.9472900391e+02 6.9487597656e+02 6.9504901123e+02 6.9522399902e+02 6.9546398926e+02 6.9584997559e+02 6.9619299316e+02 6.9649597168e+02 6.9702197266e+02 6.9729498291e+02 6.9728100586e+02 6.9741101074e+02 6.9753302002e+02 6.9745501709e+02 6.9734399414e+02 6.9737799072e+02 6.9749298096e+02 6.9766998291e+02 6.9787701416e+02 6.9801501465e+02 6.9816400146e+02 6.9821398926e+02 6.9809100342e+02 6.9797198486e+02 6.9800000000e+02 6.9798400879e+02 6.9796099854e+02 6.9829199219e+02 6.9871398926e+02 6.9891302490e+02 6.9892999268e+02 6.9900201416e+02 6.9912298584e+02 6.9925299072e+02 6.9937799072e+02 6.9955297852e+02 6.9963897705e+02 6.9968597412e+02 6.9977301025e+02 6.9986297607e+02
6.9386602783e+02 6.9405798340e+02 6.9416400146e+02 6.9423901367e+02 6.9436999512e+02 6.9453900146e+02 6.9467297363e+02 6.9480200195e+02 6.9498101807e+02 6.9521301270e+02 6.9541101074e+02 6.9562298584e+02 6.9592199707e+02 6.9621502686e+02 6.9664898682e+02 6.9701898193e+02 6.9711700439e+02 6.9717199707e+02 6.9720898438e+02 6.9716101074e+02 6.9713000488e+02 6.9721398926e+02 6.9735797119e+02 6.9753997803e+02 6.9777899170e+02 6.9790100098e+02 6.9800201416e+02 6.9805401611e+02 6.9795001221e+02 6.9783599854e+02 6.9786700439e+02 6.9786999512e+02 6.9783197021e+02 6.9799798584e+02 6.9842797852e+02 6.9876599121e+02 6.9885601807e+02 6.9890600586e+02 6.9897698975e+02 6.9909002686e+02 6.9922698975e+02 6.9941497803e+02 6.9948101807e+02 6.9948199463e+02 6.9953900146e+02 6.9964099121e+02
6.9398101807e+02 6.9418798828e+02 6.9429602051e+02 6.9435498047e+02 6.9445397949e+02 6.9456597900e+02 6.9466302490e+02 6.9477197266e+02 6.9489099121e+02 6.9511999512e+02 6.9530297852e+02 6.9541101074e+02 6.9565197754e+02 6.9591998291e+02 6.9616998291e+02 6.9654901123e+02 6.9687701416e+02 6.9689801025e+02 6.9688000488e+02 6.9690502930e+02 6.9695501709e+02 6.9710198975e+02 6.9728997803e+02 6.9746600342e+02 6.9768298340e+02 6.9778302002e+02 6.9784600830e+02 6.9788897705e+02 6.9780700684e+02 6.9770800781e+02 6.9775299072e+02 6.9777899170e+02 6.9776800537e+02 6.9779797363e+02 6.9816302490e+02 6.9859100342e+02 6.9876800537e+02 6.9879998779e+02 6.9884802246e+02 6.9893701172e+02 6.9905499268e+02 6.9924902344e+02 6.9932000732e+02 6.9931500244e+02 6.9935998535e+02 6.9945397949e+02
