TESTSERVER/15/1.asc
NCOLS 100
NROWS 100
XLLCORNER 8.2497500000e+03
YLLCORNER 2.8990025000e+05
CELLSIZE 5.0000000000e-01
NODATA_VALUE -9.9990000000e+03
[rows 40 to 59 of 100, columns 0 to 45 of 100]
7.0154699707e+02 7.0158599854e+02 7.0161499023e+02 7.0164398193e+02 7.0162500000e+02 7.0169097900e+02 7.0175000000e+02 7.0177502441e+02 7.0177398682e+02 7.0177197266e+02 7.0178399658e+02 7.0178497314e+02 7.0176000977e+02 7.0175500488e+02 7.0176000977e+02 7.0177398682e+02 7.0179400635e+02 7.0182397461e+02 7.0184997559e+02 7.0190002441e+02 7.0193597412e+02 7.0200598145e+02 7.0203198242e+02 7.0205798340e+02 7.0212597656e+02 7.0220098877e+02 7.0227197266e+02 7.0237097168e+02 7.0247302246e+02 7.0254400635e+02 7.0259002686e+02 7.0258197021e+02 7.0255603027e+02 7.0257702637e+02 7.0262597656e+02 7.0269897461e+02 7.0278802490e+02 7.0290502930e+02 7.0303002930e+02 7.0312597656e+02 7.0319500732e+02 7.0325701904e+02 7.0332397461e+02 7.0339801025e+02 7.0350299072e+02 7.0362200928e+02
7.0160998535e+02 7.0165100098e+02 7.0167401123e+02 7.0170001221e+02 7.0170098877e+02 7.0177001953e+02 7.0182800293e+02 7.0186199951e+02 7.0186102295e+02 7.0185601807e+02 7.0184600830e+02 7.0184002686e+02 7.0181097412e+02 7.0178698730e+02 7.0179901123e+02 7.0182202148e+02 7.0183099365e+02 7.0185302734e+02 7.0186999512e+02 7.0190100098e+02 7.0195001221e+02 7.0198199463e+02 7.0200897217e+02 7.0206896973e+02 7.0211999512e+02 7.0217102051e+02 7.0222399902e+02 7.0235302734e+02 7.0245098877e+02 7.0249499512e+02 7.0256799316e+02 7.0259399414e+02 7.0257897949e+02 7.0260302734e+02 7.0266198730e+02 7.0274700928e+02 7.0284002686e+02 7.0295501709e+02 7.0307598877e+02 7.0315600586e+02 7.0320697021e+02 7.0326898193e+02 7.0334197998e+02 7.0342199707e+02 7.0351397705e+02 7.0362701416e+02
7.0165600586e+02 7.0168103027e+02 7.0170501709e+02 7.0176000977e+02 7.0184301758e+02 7.0188201904e+02 7.0188500977e+02 7.0190698242e+02 7.0193298340e+02 7.0193902588e+02 7.0190899658e+02 7.0188000488e+02 7.0186297607e+02 7.0183197021e+02 7.0183697510e+02 7.0185498047e+02 7.0186499023e+02 7.0189099121e+02 7.0189801025e+02 7.0192102051e+02 7.0201800537e+02 7.0205401611e+02 7.0202001953e+02 7.0206298828e+02 7.0210601807e+02 7.0213897705e+02 7.0218298340e+02 7.0230499268e+02 7.0239398193e+02 7.0241802979e+02 7.0248901367e+02 7.0255603027e+02 7.0258801270e+02 7.0261901855e+02 7.0268798828e+02 7.0278802490e+02 7.0289202881e+02 7.0301702881e+02 7.0314202881e+02 7.0321099854e+02 7.0323699951e+02 7.0329400635e+02 7.0337097168e+02 7.0345098877e+02 7.0352899170e+02 7.0363397217e+02
7.0173498535e+02 7.0174102783e+02 7.0174902344e+02 7.0178002930e+02 7.0188500977e+02 7.0190399170e+02 7.0189599609e+02 7.0192999268e+02 7.0197198486e+02 7.0199102783e+02 7.0197399902e+02 7.0194201660e+02 7.0192700195e+02 7.0188598633e+02 7.0186401367e+02 7.0186401367e+02 7.0188702393e+02 7.0191601563e+02 7.0192199707e+02 7.0193902588e+02 7.0202001953e+02 7.0205902100e+02 7.0203198242e+02 7.0206298828e+02 7.0210998535e+02 7.0214300537e+02 7.0218402100e+02 7.0226501465e+02 7.0234600830e+02 7.0238098145e+02 7.0245599365e+02 7.0254400635e+02 7.0259399414e+02 7.0262298584e+02 7.0270202637e+02 7.0281298828e+02 7.0292602539e+02 7.0305798340e+02 7.0318597412e+02 7.0325402832e+02 7.0327398682e+02 7.0333502197e+02 7.0341497803e+02 7.0349200439e+02 7.0355200195e+02 7.0364898682e+02
7.0182098389e+02 7.0183898926e+02 7.0183502197e+02 7.0182202148e+02 7.0186901855e+02 7.0189202881e+02 7.0190802002e+02 7.0194598389e+02 7.0198602295e+02 7.0201898193e+02 7.0202197266e+02 7.0200201416e+02 7.0199798584e+02 7.0196301270e+02 7.0190899658e+02 7.0189001465e+02 7.0190698242e+02 7.0192297363e+02 7.0192999268e+02 7.0194201660e+02 7.0198400879e+02 7.0204901123e+02 7.0205499268e+02 7.0207299805e+02 7.0210797119e+02 7.0216601563e+02 7.0222100830e+02 7.0227099609e+02 7.0233099365e+02 7.0238299561e+02 7.0246801758e+02 7.0255401611e+02 7.0258801270e+02 7.0262701416e+02 7.0271301270e+02 7.0282800293e+02 7.0294097900e+02 7.0306701660e+02 7.0318402100e+02 7.0325701904e+02 7.0329498291e+02 7.0337902832e+02 7.0345800781e+02 7.0352697754e+02 7.0358197021e+02 7.0368298340e+02
7.0190899658e+02 7.0192901611e+02 7.0192797852e+02 7.0192797852e+02 7.0196099854e+02 7.0195898438e+02 7.0196801758e+02 7.0199499512e+02 7.0202502441e+02 7.0205798340e+02 7.0206500244e+02 7.0204199219e+02 7.0202899170e+02 7.0199902344e+02 7.0196099854e+02 7.0193701172e+02 7.0192797852e+02 7.0194702148e+02 7.0194897461e+02 7.0195697021e+02 7.0198999023e+02 7.0206097412e+02 7.0208502197e+02 7.0209301758e+02 7.0214697266e+02 7.0219897461e+02 7.0225799561e+02 7.0231701660e+02 7.0239599609e+02 7.0244097900e+02 7.0249298096e+02 7.0255102539e+02 7.0259399414e+02 7.0266400146e+02 7.0275500488e+02 7.0284997559e+02 7.0295501709e+02 7.0306201172e+02 7.0316998291e+02 7.0325500488e+02 7.0330999756e+02 7.0339898682e+02 7.0347497559e+02 7.0354699707e+02 7.0361798096e+02 7.0372198486e+02
7.0202801514e+02 7.0203100586e+02 7.0202899170e+02 7.0203497314e+02 7.0205297852e+02 7.0204199219e+02 7.0204302979e+02 7.0205297852e+02 7.0205603027e+02 7.0208898926e+02 7.0211901855e+02 7.0210302734e+02 7.0206402588e+02 7.0203802490e+02 7.0201800537e+02 7.0199499512e+02 7.0196600342e+02 7.0196997070e+02 7.0196697998e+02 7.0196398926e+02 7.0198699951e+02 7.0206500244e+02 7.0211102295e+02 7.0212902832e+02 7.0217999268e+02 7.0223400879e+02 7.0229602051e+02 7.0235900879e+02 7.0244396973e+02 7.0248101807e+02 7.0250598145e+02 7.0254400635e+02 7.0259899902e+02 7.0270098877e+02 7.0279602051e+02 7.0286901855e+02 7.0296301270e+02 7.0305999756e+02 7.0316400146e+02 7.0325799561e+02 7.0332397461e+02 7.0340698242e+02 7.0348400879e+02 7.0356097412e+02 7.0364501953e+02 7.0374700928e+02
7.0215002441e+02 7.0220001221e+02 7.0216302490e+02 7.0214202881e+02 7.0215100098e+02 7.0211602783e+02 7.0209997559e+02 7.0209600830e+02 7.0210198975e+02 7.0214501953e+02 7.0218597412e+02 7.0217797852e+02 7.0212902832e+02 7.0209497070e+02 7.0206896973e+02 7.0203997803e+02 7.0201501465e+02 7.0200701904e+02 7.0198400879e+02 7.0197399902e+02 7.0199798584e+02 7.0205102539e+02 7.0209997559e+02 7.0214001465e+02 7.0219000244e+02 7.0231500244e+02 7.0239501953e+02 7.0238000488e+02 7.0243499756e+02 7.0248699951e+02 7.0251397705e+02 7.0254797363e+02 7.0261199951e+02 7.0273498535e+02 7.0283801270e+02 7.0290301514e+02 7.0297900391e+02 7.0307501221e+02 7.0317297363e+02 7.0325897217e+02 7.0333099365e+02 7.0340899658e+02 7.0348297119e+02 7.0356298828e+02 7.0365899658e+02 7.0376098633e+02
7.0229901123e+02 7.0237701416e+02 7.0227697754e+02 7.0222399902e+02 7.0224499512e+02 7.0221197510e+02 7.0219396973e+02 7.0216400146e+02 7.0217999268e+02 7.0220697021e+02 7.0223400879e+02 7.0222998047e+02 7.0221600342e+02 7.0217401123e+02 7.0213201904e+02 7.0210400391e+02 7.0207702637e+02 7.0205102539e+02 7.0199499512e+02 7.0198498535e+02 7.0204602051e+02 7.0206402588e+02 7.0209301758e+02 7.0214398193e+02 7.0219000244e+02 7.0233300781e+02 7.0242901611e+02 7.0239898682e+02 7.0241900635e+02 7.0248498535e+02 7.0253900146e+02 7.0257897949e+02 7.0263000488e+02 7.0274499512e+02 7.0284301758e+02 7.0290600586e+02 7.0298498535e+02 7.0309100342e+02 7.0317602539e+02 7.0324902344e+02 7.0333300781e+02 7.0342199707e+02 7.0349102783e+02 7.0356402588e+02 7.0365197754e+02 7.0376202393e+02
7.0237701416e+02 7.0241998291e+02 7.0232000732e+02 7.0228497314e+02 7.0232598877e+02 7.0232897949e+02 7.0232897949e+02 7.0231500244e+02 7.0232501221e+02 7.0228302002e+02 7.0228399658e+02 7.0228497314e+02 7.0227398682e+02 7.0225500488e+02 7.0220898438e+02 7.0217999268e+02 7.0214099121e+02 7.0210900879e+02 7.0204998779e+02 7.0202502441e+02 7.0205999756e+02 7.0208599854e+02 7.0211798096e+02 7.0214898682e+02 7.0218597412e+02 7.0228198242e+02 7.0237597656e+02 7.0238598633e+02 7.0240301514e+02 7.0246197510e+02 7.0252801514e+02 7.0257800293e+02 7.0264099121e+02 7.0273199463e+02 7.0281701660e+02 7.0289501953e+02 7.0299102783e+02 7.0310101318e+02 7.0318798828e+02 7.0327099609e+02 7.0336700439e+02 7.0346301270e+02 7.0353302002e+02 7.0359399414e+02 7.0366802979e+02 7.0375500488e+02
7.0241900635e+02 7.0246398926e+02 7.0239202881e+02 7.0236798096e+02 7.0240997314e+02 7.0240899658e+02 7.0239599609e+02 7.0243597412e+02 7.0249798584e+02 7.0246002197e+02 7.0240997314e+02 7.0236297607e+02 7.0233801270e+02 7.0229901123e+02 7.0224798584e+02 7.0223199463e+02 7.0220300293e+02 7.0216497803e+02 7.0211199951e+02 7.0206402588e+02 7.0206597900e+02 7.0210101318e+02 7.0213702393e+02 7.0214599609e+02 7.0217999268e+02 7.0223999023e+02 7.0231799316e+02 7.0236602783e+02 7.0241198730e+02 7.0247601318e+02 7.0253802490e+02 7.0258801270e+02 7.0265197754e+02 7.0272698975e+02 7.0280200195e+02 7.0288598633e+02 7.0298602295e+02 7.0309497070e+02 7.0318798828e+02 7.0328100586e+02 7.0339697266e+02 7.0350897217e+02 7.0358599854e+02 7.0364202881e+02 7.0370001221e+02 7.0377001953e+02
7.0244201660e+02 7.0246600342e+02 7.0244097900e+02 7.0243902588e+02 7.0248297119e+02 7.0250598145e+02 7.0248297119e+02 7.0250799561e+02 7.0256402588e+02 7.0260900879e+02 7.0257000732e+02 7.0247302246e+02 7.0242999268e+02 7.0236602783e+02 7.0231201172e+02 7.0230102539e+02 7.0227197266e+02 7.0221997070e+02 7.0218597412e+02 7.0213098145e+02 7.0211297607e+02 7.0214898682e+02 7.0217498779e+02 7.0216998291e+02 7.0218402100e+02 7.0221502686e+02 7.0227697754e+02 7.0234698486e+02 7.0242602539e+02 7.0249499512e+02 7.0254901123e+02 7.0259899902e+02 7.0266198730e+02 7.0272497559e+02 7.0279199219e+02 7.0287298584e+02 7.0298199463e+02 7.0309802246e+02 7.0319299316e+02 7.0329101563e+02 7.0341900635e+02 7.0354400635e+02 7.0362902832e+02 7.0368701172e+02 7.0374102783e+02 7.0380200195e+02
7.0250799561e+02 7.0250097656e+02 7.0249401855e+02 7.0249700928e+02 7.0251501465e+02 7.0258502197e+02 7.0257702637e+02 7.0254699707e+02 7.0253002930e+02 7.0260498047e+02 7.0261999512e+02 7.0253997803e+02 7.0249902344e+02 7.0246502686e+02 7.0239099121e+02 7.0235198975e+02 7.0231799316e+02 7.0226898193e+02 7.0223297119e+02 7.0219000244e+02 7.0220202637e+02 7.0221801758e+02 7.0220501709e+02 7.0220397949e+02 7.0223199463e+02 7.0222698975e+02 7.0226599121e+02 7.0233502197e+02 7.0241699219e+02 7.0248999023e+02 7.0254101563e+02 7.0258898926e+02 7.0266101074e+02 7.0271899414e+02 7.0279901123e+02 7.0289599609e+02 7.0301098633e+02 7.0311602783e+02 7.0320300293e+02 7.0329998779e+02 7.0343103027e+02 7.0356201172e+02 7.0365100098e+02 7.0371002197e+02 7.0376000977e+02 7.0384100342e+02
7.0256097412e+02 7.0254901123e+02 7.0252899170e+02 7.0253198242e+02 7.0255499268e+02 7.0259197998e+02 7.0259002686e+02 7.0257501221e+02 7.0255200195e+02 7.0257000732e+02 7.0256298828e+02 7.0255200195e+02 7.0256402588e+02 7.0254101563e+02 7.0247900391e+02 7.0241998291e+02 7.0236700439e+02 7.0233801270e+02 7.0231597900e+02 7.0225299072e+02 7.0223498535e+02 7.0225402832e+02 7.0227001953e+02 7.0225897217e+02 7.0226300049e+02 7.0227099609e+02 7.0228997803e+02 7.0232800293e+02 7.0237597656e+02 7.0244702148e+02 7.0251898193e+02 7.0257702637e+02 7.0265600586e+02 7.0273797607e+02 7.0283801270e+02 7.0292999268e+02 7.0302899170e+02 7.0311901855e+02 7.0320300293e+02 7.0329602051e+02 7.0340997314e+02 7.0354901123e+02 7.0364001465e+02 7.0369201660e+02 7.0375897217e+02 7.0385601807e+02
7.0259899902e+02 7.0260198975e+02 7.0258898926e+02 7.0260400391e+02 7.0262597656e+02 7.0259698486e+02 7.0259002686e+02 7.0258898926e+02 7.0258001709e+02 7.0257702637e+02 7.0256402588e+02 7.0256701660e+02 7.0257098389e+02 7.0255999756e+02 7.0252600098e+02 7.0247698975e+02 7.0243701172e+02 7.0239202881e+02 7.0236798096e+02 7.0230798340e+02 7.0226501465e+02 7.0227801514e+02 7.0228497314e+02 7.0228302002e+02 7.0229901123e+02 7.0230499268e+02 7.0230700684e+02 7.0233697510e+02 7.0236798096e+02 7.0242498779e+02 7.0251202393e+02 7.0258898926e+02 7.0267297363e+02 7.0277099609e+02 7.0286999512e+02 7.0295001221e+02 7.0303399658e+02 7.0312200928e+02 7.0320697021e+02 7.0328698730e+02 7.0339202881e+02 7.0352099609e+02 7.0361798096e+02 7.0369396973e+02 7.0378399658e+02 7.0387902832e+02
7.0265997314e+02 7.0266198730e+02 7.0265002441e+02 7.0266900635e+02 7.0270098877e+02 7.0266699219e+02 7.0265698242e+02 7.0263702393e+02 7.0260998535e+02 7.0258099365e+02 7.0258599854e+02 7.0258599854e+02 7.0254498291e+02 7.0255401611e+02 7.0253900146e+02 7.0250402832e+02 7.0249102783e+02 7.0244299316e+02 7.0242102051e+02 7.0238598633e+02 7.0232098389e+02 7.0231799316e+02 7.0230700684e+02 7.0231402588e+02 7.0236102295e+02 7.0238500977e+02 7.0235900879e+02 7.0236602783e+02 7.0239398193e+02 7.0244201660e+02 7.0252600098e+02 7.0260302734e+02 7.0269097900e+02 7.0280297852e+02 7.0289697266e+02 7.0296997070e+02 7.0304998779e+02 7.0314801025e+02 7.0324298096e+02 7.0332202148e+02 7.0341900635e+02 7.0351898193e+02 7.0361401367e+02 7.0371197510e+02 7.0381597900e+02 7.0389697266e+02
7.0275598145e+02 7.0274298096e+02 7.0272100830e+02 7.0271899414e+02 7.0272497559e+02 7.0273400879e+02 7.0273297119e+02 7.0268402100e+02 7.0264697266e+02 7.0259399414e+02 7.0257202148e+02 7.0257897949e+02 7.0257000732e+02 7.0257000732e+02 7.0255401611e+02 7.0252600098e+02 7.0249798584e+02 7.0247900391e+02 7.0247900391e+02 7.0247100830e+02 7.0243499756e+02 7.0239398193e+02 7.0239202881e+02 7.0240002441e+02 7.0239599609e+02 7.0242700195e+02 7.0241497803e+02 7.0241601563e+02 7.0242901611e+02 7.0247601318e+02 7.0254998779e+02 7.0261297607e+02 7.0268701172e+02 7.0281500244e+02 7.0292602539e+02 7.0300799561e+02 7.0309899902e+02 7.0320001221e+02 7.0329400635e+02 7.0337597656e+02 7.0345501709e+02 7.0353002930e+02 7.0361602783e+02 7.0371502686e+02 7.0381298828e+02 7.0389501953e+02
7.0287298584e+02 7.0284301758e+02 7.0281597900e+02 7.0279101563e+02 7.0279400635e+02 7.0276501465e+02 7.0275701904e+02 7.0272399902e+02 7.0269799805e+02 7.0264300537e+02 7.0261297607e+02 7.0259497070e+02 7.0259301758e+02 7.0259497070e+02 7.0258300781e+02 7.0256402588e+02 7.0255297852e+02 7.0254498291e+02 7.0251202393e+02 7.0247900391e+02 7.0247302246e+02 7.0246197510e+02 7.0246398926e+02 7.0246301270e+02 7.0245800781e+02 7.0246002197e+02 7.0247399902e+02 7.0249298096e+02 7.0248699951e+02 7.0249798584e+02 7.0254302979e+02 7.0261999512e+02 7.0271600342e+02 7.0282299805e+02 7.0294097900e+02 7.0304101563e+02 7.0313299561e+02 7.0323602295e+02 7.0333898926e+02 7.0342401123e+02 7.0349798584e+02 7.0355401611e+02 7.0362298584e+02 7.0371697998e+02 7.0382702637e+02 7.0391302490e+02
7.0301202393e+02 7.0297900391e+02 7.0293798828e+02 7.0289202881e+02 7.0288000488e+02 7.0283599854e+02 7.0280102539e+02 7.0275402832e+02 7.0272802734e+02 7.0267797852e+02 7.0266101074e+02 7.0264398193e+02 7.0265197754e+02 7.0265899658e+02 7.0264001465e+02 7.0260699463e+02 7.0257501221e+02 7.0258300781e+02 7.0257299805e+02 7.0255499268e+02 7.0253100586e+02 7.0254901123e+02 7.0256799316e+02 7.0256701660e+02 7.0255499268e+02 7.0251800537e+02 7.0252697754e+02 7.0255102539e+02 7.0256201172e+02 7.0255200195e+02 7.0255700684e+02 7.0261901855e+02 7.0272601318e+02 7.0282598877e+02 7.0293902588e+02 7.0306201172e+02 7.0317102051e+02 7.0328399658e+02 7.0345599365e+02 7.0355297852e+02 7.0357299805e+02 7.0359997559e+02 7.0364202881e+02 7.0372601318e+02 7.0384197998e+02 7.0393798828e+02
7.0315002441e+02 7.0311102295e+02 7.0306896973e+02 7.0301800537e+02 7.0298602295e+02 7.0293701172e+02 7.0290100098e+02 7.0284197998e+02 7.0279199219e+02 7.0273498535e+02 7.0272399902e+02 7.0271197510e+02 7.0271997070e+02 7.0271801758e+02 7.0270098877e+02 7.0267102051e+02 7.0263201904e+02 7.0262597656e+02 7.0263000488e+02 7.0262402344e+02 7.0259002686e+02 7.0261700439e+02 7.0265600586e+02 7.0267797852e+02 7.0265600586e+02 7.0261401367e+02 7.0259197998e+02 7.0258502197e+02 7.0262200928e+02 7.0262200928e+02 7.0261901855e+02 7.0264898682e+02 7.0271197510e+02 7.0282501221e+02 7.0293103027e+02 7.0306500244e+02 7.0321002197e+02 7.0339001465e+02 7.0363201904e+02 7.0368798828e+02 7.0363299561e+02 7.0363397217e+02 7.0364898682e+02 7.0371899414e+02 7.0384100342e+02 7.0394702148e+02
