TESTSERVER/15/1.asc
NCOLS 100
NROWS 100
XLLCORNER 8.2497500000e+03
YLLCORNER 2.8990025000e+05
CELLSIZE 5.0000000000e-01
NODATA_VALUE -9.9990000000e+03
[rows 60 to 79 of 100, columns 0 to 45 of 100]
7.0326300049e+02 7.0325000000e+02 7.0320202637e+02 7.0313000488e+02 7.0308398438e+02 7.0302899170e+02 7.0299102783e+02 7.0293499756e+02 7.0286798096e+02 7.0285198975e+02 7.0282702637e+02 7.0280902100e+02 7.0278399658e+02 7.0277600098e+02 7.0276397705e+02 7.0275799561e+02 7.0271502686e+02 7.0268298340e+02 7.0267297363e+02 7.0266601563e+02 7.0265899658e+02 7.0266400146e+02 7.0269799805e+02 7.0273602295e+02 7.0272601318e+02 7.0272198486e+02 7.0267602539e+02 7.0263098145e+02 7.0264099121e+02 7.0267498779e+02 7.0270501709e+02 7.0272802734e+02 7.0273999023e+02 7.0284002686e+02 7.0294201660e+02 7.0305499268e+02 7.0319201660e+02 7.0346899414e+02 7.0375799561e+02 7.0378900146e+02 7.0369097900e+02 7.0364398193e+02 7.0363598633e+02 7.0369396973e+02 7.0381201172e+02 7.0392901611e+02
7.0340698242e+02 7.0338800049e+02 7.0331500244e+02 7.0322698975e+02 7.0319000244e+02 7.0314001465e+02 7.0309399414e+02 7.0304101563e+02 7.0299499512e+02 7.0295599365e+02 7.0291699219e+02 7.0291699219e+02 7.0290399170e+02 7.0289599609e+02 7.0287298584e+02 7.0282897949e+02 7.0278497314e+02 7.0275201416e+02 7.0272601318e+02 7.0271197510e+02 7.0272100830e+02 7.0275000000e+02 7.0277099609e+02 7.0278698730e+02 7.0279699707e+02 7.0278698730e+02 7.0276000977e+02 7.0272497559e+02 7.0269799805e+02 7.0273699951e+02 7.0276898193e+02 7.0279901123e+02 7.0280700684e+02 7.0283599854e+02 7.0293902588e+02 7.0307000732e+02 7.0321197510e+02 7.0341998291e+02 7.0362200928e+02 7.0365100098e+02 7.0360900879e+02 7.0361700439e+02 7.0363201904e+02 7.0369500732e+02 7.0380902100e+02 7.0390802002e+02
7.0353698730e+02 7.0350201416e+02 7.0343902588e+02 7.0337500000e+02 7.0332098389e+02 7.0326800537e+02 7.0322198486e+02 7.0316198730e+02 7.0313500977e+02 7.0310498047e+02 7.0304797363e+02 7.0302197266e+02 7.0301000977e+02 7.0301000977e+02 7.0298699951e+02 7.0292102051e+02 7.0287200928e+02 7.0283801270e+02 7.0281500244e+02 7.0279199219e+02 7.0278198242e+02 7.0282098389e+02 7.0283801270e+02 7.0284399414e+02 7.0286602783e+02 7.0285302734e+02 7.0282897949e+02 7.0281201172e+02 7.0278997803e+02 7.0280603027e+02 7.0281402588e+02 7.0284197998e+02 7.0288397217e+02 7.0288201904e+02 7.0295800781e+02 7.0309399414e+02 7.0322302246e+02 7.0334497070e+02 7.0345898438e+02 7.0350701904e+02 7.0354699707e+02 7.0360101318e+02 7.0364801025e+02 7.0371398926e+02 7.0380902100e+02 7.0389398193e+02
7.0365600586e+02 7.0360601807e+02 7.0354400635e+02 7.0348797607e+02 7.0343402100e+02 7.0339202881e+02 7.0335601807e+02 7.0328601074e+02 7.0326501465e+02 7.0327099609e+02 7.0324597168e+02 7.0318402100e+02 7.0313897705e+02 7.0310400391e+02 7.0305200195e+02 7.0299700928e+02 7.0295800781e+02 7.0293902588e+02 7.0293597412e+02 7.0291101074e+02 7.0287097168e+02 7.0287902832e+02 7.0289099121e+02 7.0290100098e+02 7.0292102051e+02 7.0290997314e+02 7.0289001465e+02 7.0288897705e+02 7.0288201904e+02 7.0289697266e+02 7.0288299561e+02 7.0287500000e+02 7.0294201660e+02 7.0293402100e+02 7.0296301270e+02 7.0307397461e+02 7.0321197510e+02 7.0332098389e+02 7.0340197754e+02 7.0346301270e+02 7.0353100586e+02 7.0360601807e+02 7.0367498779e+02 7.0374102783e+02 7.0381402588e+02 7.0388800049e+02
7.0380902100e+02 7.0372900391e+02 7.0365997314e+02 7.0359899902e+02 7.0355102539e+02 7.0351098633e+02 7.0346398926e+02 7.0341198730e+02 7.0339001465e+02 7.0340301514e+02 7.0341900635e+02 7.0336499023e+02 7.0330700684e+02 7.0321398926e+02 7.0313598633e+02 7.0309802246e+02 7.0305200195e+02 7.0304101563e+02 7.0304101563e+02 7.0301397705e+02 7.0297601318e+02 7.0297802734e+02 7.0298999023e+02 7.0300500488e+02 7.0299401855e+02 7.0297497559e+02 7.0296697998e+02 7.0297698975e+02 7.0298699951e+02 7.0300097656e+02 7.0298101807e+02 7.0296301270e+02 7.0299700928e+02 7.0300500488e+02 7.0300201416e+02 7.0305603027e+02 7.0319201660e+02 7.0333398438e+02 7.0341998291e+02 7.0348101807e+02 7.0354602051e+02 7.0363299561e+02 7.0370800781e+02 7.0376800537e+02 7.0382299805e+02 7.0388897705e+02
7.0391998291e+02 7.0385699463e+02 7.0380200195e+02 7.0375000000e+02 7.0369396973e+02 7.0363500977e+02 7.0357800293e+02 7.0357098389e+02 7.0356201172e+02 7.0356402588e+02 7.0352301025e+02 7.0344000244e+02 7.0337298584e+02 7.0328497314e+02 7.0326098633e+02 7.0325201416e+02 7.0318597412e+02 7.0315802002e+02 7.0314697266e+02 7.0313702393e+02 7.0310797119e+02 7.0308898926e+02 7.0310101318e+02 7.0311199951e+02 7.0309002686e+02 7.0306896973e+02 7.0305798340e+02 7.0306298828e+02 7.0306500244e+02 7.0306298828e+02 7.0304998779e+02 7.0304901123e+02 7.0307000732e+02 7.0309100342e+02 7.0310601807e+02 7.0309802246e+02 7.0315802002e+02 7.0328302002e+02 7.0339801025e+02 7.0352197266e+02 7.0361700439e+02 7.0367401123e+02 7.0372601318e+02 7.0377301025e+02 7.0382501221e+02 7.0389202881e+02
7.0406896973e+02 7.0400799561e+02 7.0394097900e+02 7.0387902832e+02 7.0381201172e+02 7.0374401855e+02 7.0369702148e+02 7.0370501709e+02 7.0366998291e+02 7.0362799072e+02 7.0354199219e+02 7.0345202637e+02 7.0341699219e+02 7.0336700439e+02 7.0336499023e+02 7.0335601807e+02 7.0331201172e+02 7.0330902100e+02 7.0329199219e+02 7.0327099609e+02 7.0324902344e+02 7.0322198486e+02 7.0323199463e+02 7.0323199463e+02 7.0320202637e+02 7.0317102051e+02 7.0314202881e+02 7.0313098145e+02 7.0312902832e+02 7.0314697266e+02 7.0315502930e+02 7.0314501953e+02 7.0314202881e+02 7.0317297363e+02 7.0320501709e+02 7.0320001221e+02 7.0319799805e+02 7.0324902344e+02 7.0335797119e+02 7.0354699707e+02 7.0369201660e+02 7.0370898438e+02 7.0373999023e+02 7.0378802490e+02 7.0384802246e+02 7.0390197754e+02
7.0425097656e+02 7.0418499756e+02 7.0408300781e+02 7.0400500488e+02 7.0392797852e+02 7.0385601807e+02 7.0380902100e+02 7.0378601074e+02 7.0372698975e+02 7.0364599609e+02 7.0357098389e+02 7.0352697754e+02 7.0352899170e+02 7.0350097656e+02 7.0347802734e+02 7.0347497559e+02 7.0345697021e+02 7.0344799805e+02 7.0344201660e+02 7.0340997314e+02 7.0338800049e+02 7.0337799072e+02 7.0337500000e+02 7.0334399414e+02 7.0331097412e+02 7.0327697754e+02 7.0320898438e+02 7.0317498779e+02 7.0318597412e+02 7.0321301270e+02 7.0323297119e+02 7.0321697998e+02 7.0319799805e+02 7.0320800781e+02 7.0324597168e+02 7.0327600098e+02 7.0326300049e+02 7.0326898193e+02 7.0332299805e+02 7.0348101807e+02 7.0365698242e+02 7.0371301270e+02 7.0375500488e+02 7.0380999756e+02 7.0388702393e+02 7.0392199707e+02
7.0444000244e+02 7.0437097168e+02 7.0423602295e+02 7.0413201904e+02 7.0408801270e+02 7.0399499512e+02 7.0392700195e+02 7.0386401367e+02 7.0378802490e+02 7.0371899414e+02 7.0366900635e+02 7.0366101074e+02 7.0364697266e+02 7.0361798096e+02 7.0358502197e+02 7.0360498047e+02 7.0361700439e+02 7.0357800293e+02 7.0357397461e+02 7.0355102539e+02 7.0350201416e+02 7.0350402832e+02 7.0350897217e+02 7.0353198242e+02 7.0355200195e+02 7.0348101807e+02 7.0335699463e+02 7.0328497314e+02 7.0327001953e+02 7.0328302002e+02 7.0328302002e+02 7.0327301025e+02 7.0327197266e+02 7.0327697754e+02 7.0329901123e+02 7.0333197021e+02 7.0334600830e+02 7.0331201172e+02 7.0331701660e+02 7.0340399170e+02 7.0357000732e+02 7.0369201660e+02 7.0376000977e+02 7.0383001709e+02 7.0393798828e+02 7.0393597412e+02
7.0460101318e+02 7.0458599854e+02 7.0447198486e+02 7.0429602051e+02 7.0419201660e+02 7.0414599609e+02 7.0407598877e+02 7.0401599121e+02 7.0391198730e+02 7.0382702637e+02 7.0379602051e+02 7.0378497314e+02 7.0375701904e+02 7.0371197510e+02 7.0371002197e+02 7.0370001221e+02 7.0366400146e+02 7.0364898682e+02 7.0366198730e+02 7.0362799072e+02 7.0359698486e+02 7.0358697510e+02 7.0359802246e+02 7.0367102051e+02 7.0367901611e+02 7.0363299561e+02 7.0350500488e+02 7.0339501953e+02 7.0335101318e+02 7.0336401367e+02 7.0338397217e+02 7.0336798096e+02 7.0335198975e+02 7.0336901855e+02 7.0338397217e+02 7.0339599609e+02 7.0340600586e+02 7.0338500977e+02 7.0339099121e+02 7.0343402100e+02 7.0353302002e+02 7.0366101074e+02 7.0377197266e+02 7.0385101318e+02 7.0390997314e+02 7.0394201660e+02
7.0473901367e+02 7.0471502686e+02 7.0463598633e+02 7.0445697021e+02 7.0428601074e+02 7.0425097656e+02 7.0421801758e+02 7.0419299316e+02 7.0409497070e+02 7.0399700928e+02 7.0396997070e+02 7.0392401123e+02 7.0388201904e+02 7.0386401367e+02 7.0389099121e+02 7.0385198975e+02 7.0378198242e+02 7.0374499512e+02 7.0374798584e+02 7.0372100830e+02 7.0372302246e+02 7.0374700928e+02 7.0371997070e+02 7.0374401855e+02 7.0377899170e+02 7.0374200439e+02 7.0361499023e+02 7.0350201416e+02 7.0345898438e+02 7.0345599365e+02 7.0347399902e+02 7.0345501709e+02 7.0343798828e+02 7.0344702148e+02 7.0346697998e+02 7.0346697998e+02 7.0346801758e+02 7.0344500732e+02 7.0345397949e+02 7.0346600342e+02 7.0350897217e+02 7.0363000488e+02 7.0378002930e+02 7.0388299561e+02 7.0392999268e+02 7.0395800781e+02
7.0488397217e+02 7.0480200195e+02 7.0472998047e+02 7.0461798096e+02 7.0447100830e+02 7.0445397949e+02 7.0440802002e+02 7.0432299805e+02 7.0423602295e+02 7.0416802979e+02 7.0414099121e+02 7.0408197021e+02 7.0403601074e+02 7.0402600098e+02 7.0402099609e+02 7.0396197510e+02 7.0390600586e+02 7.0386401367e+02 7.0385900879e+02 7.0383801270e+02 7.0383398438e+02 7.0386401367e+02 7.0383697510e+02 7.0383001709e+02 7.0386798096e+02 7.0382501221e+02 7.0371997070e+02 7.0363201904e+02 7.0359002686e+02 7.0353601074e+02 7.0353002930e+02 7.0352099609e+02 7.0353100586e+02 7.0353198242e+02 7.0354302979e+02 7.0354498291e+02 7.0354901123e+02 7.0351300049e+02 7.0351898193e+02 7.0352301025e+02 7.0353698730e+02 7.0361199951e+02 7.0376599121e+02 7.0390899658e+02 7.0398498535e+02 7.0402398682e+02
7.0504901123e+02 7.0494500732e+02 7.0484899902e+02 7.0479498291e+02 7.0472998047e+02 7.0469799805e+02 7.0460302734e+02 7.0443798828e+02 7.0436401367e+02 7.0432800293e+02 7.0428002930e+02 7.0422698975e+02 7.0420001221e+02 7.0417700195e+02 7.0414398193e+02 7.0409497070e+02 7.0405999756e+02 7.0400402832e+02 7.0397900391e+02 7.0394799805e+02 7.0394799805e+02 7.0396801758e+02 7.0395898438e+02 7.0395098877e+02 7.0395697021e+02 7.0390802002e+02 7.0383398438e+02 7.0376501465e+02 7.0370501709e+02 7.0365502930e+02 7.0362597656e+02 7.0361297607e+02 7.0362597656e+02 7.0360498047e+02 7.0359899902e+02 7.0362500000e+02 7.0364099121e+02 7.0361102295e+02 7.0359301758e+02 7.0358502197e+02 7.0356500244e+02 7.0359600830e+02 7.0372698975e+02 7.0389501953e+02 7.0401898193e+02 7.0414501953e+02
7.0520599365e+02 7.0512902832e+02 7.0504602051e+02 7.0500201416e+02 7.0491601563e+02 7.0483197021e+02 7.0473101807e+02 7.0460900879e+02 7.0455102539e+02 7.0450402832e+02 7.0442199707e+02 7.0437200928e+02 7.0435699463e+02 7.0433001709e+02 7.0428399658e+02 7.0425000000e+02 7.0421899414e+02 7.0414801025e+02 7.0410900879e+02 7.0407299805e+02 7.0406597900e+02 7.0409698486e+02 7.0408898926e+02 7.0407702637e+02 7.0404602051e+02 7.0400598145e+02 7.0397100830e+02 7.0388800049e+02 7.0378900146e+02 7.0375201416e+02 7.0373400879e+02 7.0372900391e+02 7.0371801758e+02 7.0369000244e+02 7.0367797852e+02 7.0367901611e+02 7.0367498779e+02 7.0368103027e+02 7.0366101074e+02 7.0364300537e+02 7.0363397217e+02 7.0362701416e+02 7.0367498779e+02 7.0380999756e+02 7.0399298096e+02 7.0418200684e+02
7.0539099121e+02 7.0536401367e+02 7.0529498291e+02 7.0523797607e+02 7.0515399170e+02 7.0505999756e+02 7.0490997314e+02 7.0479400635e+02 7.0471301270e+02 7.0463000488e+02 7.0455102539e+02 7.0454400635e+02 7.0450701904e+02 7.0446697998e+02 7.0445898438e+02 7.0443298340e+02 7.0435498047e+02 7.0429400635e+02 7.0425897217e+02 7.0420599365e+02 7.0417602539e+02 7.0418298340e+02 7.0419500732e+02 7.0419097900e+02 7.0414398193e+02 7.0410400391e+02 7.0409100342e+02 7.0402099609e+02 7.0391302490e+02 7.0387701416e+02 7.0386297607e+02 7.0383502197e+02 7.0381201172e+02 7.0379400635e+02 7.0376501465e+02 7.0375299072e+02 7.0373101807e+02 7.0374401855e+02 7.0372100830e+02 7.0369201660e+02 7.0369396973e+02 7.0367199707e+02 7.0366400146e+02 7.0373901367e+02 7.0390802002e+02 7.0410400391e+02
7.0554602051e+02 7.0554498291e+02 7.0551501465e+02 7.0546301270e+02 7.0535400391e+02 7.0522698975e+02 7.0505297852e+02 7.0496099854e+02 7.0487402344e+02 7.0477600098e+02 7.0471600342e+02 7.0474902344e+02 7.0468499756e+02 7.0461999512e+02 7.0465502930e+02 7.0464599609e+02 7.0451300049e+02 7.0442901611e+02 7.0439697266e+02 7.0434002686e+02 7.0432299805e+02 7.0428900146e+02 7.0429498291e+02 7.0429797363e+02 7.0424102783e+02 7.0422399902e+02 7.0420599365e+02 7.0412200928e+02 7.0404602051e+02 7.0400799561e+02 7.0398199463e+02 7.0392797852e+02 7.0389099121e+02 7.0385699463e+02 7.0381500244e+02 7.0380499268e+02 7.0379602051e+02 7.0379199219e+02 7.0377899170e+02 7.0376098633e+02 7.0376098633e+02 7.0373901367e+02 7.0372100830e+02 7.0373199463e+02 7.0381097412e+02 7.0399298096e+02
7.0567901611e+02 7.0566497803e+02 7.0567102051e+02 7.0561602783e+02 7.0546899414e+02 7.0531097412e+02 7.0518798828e+02 7.0513000488e+02 7.0501300049e+02 7.0492102051e+02 7.0486798096e+02 7.0490100098e+02 7.0491198730e+02 7.0475598145e+02 7.0478802490e+02 7.0479901123e+02 7.0468499756e+02 7.0456402588e+02 7.0454400635e+02 7.0452801514e+02 7.0450201416e+02 7.0447302246e+02 7.0445599365e+02 7.0444299316e+02 7.0440197754e+02 7.0436700439e+02 7.0430999756e+02 7.0421502686e+02 7.0417999268e+02 7.0415197754e+02 7.0411602783e+02 7.0404199219e+02 7.0399102783e+02 7.0393902588e+02 7.0389300537e+02 7.0387902832e+02 7.0385699463e+02 7.0384100342e+02 7.0384802246e+02 7.0384399414e+02 7.0382299805e+02 7.0380902100e+02 7.0380401611e+02 7.0381097412e+02 7.0379998779e+02 7.0389697266e+02
7.0577197266e+02 7.0575299072e+02 7.0575000000e+02 7.0568402100e+02 7.0554199219e+02 7.0540399170e+02 7.0529797363e+02 7.0522802734e+02 7.0513897705e+02 7.0509197998e+02 7.0506799316e+02 7.0507800293e+02 7.0509002686e+02 7.0497399902e+02 7.0491699219e+02 7.0486401367e+02 7.0477197266e+02 7.0471301270e+02 7.0467797852e+02 7.0464300537e+02 7.0462298584e+02 7.0461401367e+02 7.0461700439e+02 7.0462597656e+02 7.0456896973e+02 7.0448901367e+02 7.0442199707e+02 7.0435498047e+02 7.0430200195e+02 7.0424401855e+02 7.0420898438e+02 7.0413201904e+02 7.0409002686e+02 7.0404602051e+02 7.0399298096e+02 7.0395397949e+02 7.0392297363e+02 7.0392999268e+02 7.0394097900e+02 7.0392498779e+02 7.0388897705e+02 7.0387799072e+02 7.0386297607e+02 7.0386602783e+02 7.0385998535e+02 7.0386602783e+02
7.0584197998e+02 7.0581402588e+02 7.0578002930e+02 7.0569299316e+02 7.0554400635e+02 7.0544598389e+02 7.0538397217e+02 7.0533300781e+02 7.0527502441e+02 7.0526000977e+02 7.0525897217e+02 7.0522497559e+02 7.0519299316e+02 7.0511297607e+02 7.0503497314e+02 7.0496899414e+02 7.0492498779e+02 7.0487799072e+02 7.0482000732e+02 7.0477301025e+02 7.0475097656e+02 7.0472998047e+02 7.0472998047e+02 7.0476397705e+02 7.0473602295e+02 7.0465002441e+02 7.0456597900e+02 7.0447497559e+02 7.0440002441e+02 7.0435101318e+02 7.0430297852e+02 7.0423101807e+02 7.0419201660e+02 7.0415502930e+02 7.0410198975e+02 7.0405798340e+02 7.0402001953e+02 7.0403002930e+02 7.0404199219e+02 7.0402301025e+02 7.0398199463e+02 7.0395501709e+02 7.0393200684e+02 7.0392102051e+02 7.0392297363e+02 7.0391802979e+02
7.0588299561e+02 7.0582598877e+02 7.0575897217e+02 7.0566400146e+02 7.0554901123e+02 7.0551599121e+02 7.0547100830e+02 7.0541900635e+02 7.0539202881e+02 7.0540802002e+02 7.0543200684e+02 7.0539697266e+02 7.0533898926e+02 7.0527697754e+02 7.0522302246e+02 7.0512500000e+02 7.0506500244e+02 7.0500598145e+02 7.0496997070e+02 7.0493200684e+02 7.0487701416e+02 7.0484802246e+02 7.0483801270e+02 7.0485601807e+02 7.0484399414e+02 7.0480401611e+02 7.0473101807e+02 7.0460601807e+02 7.0448699951e+02 7.0444500732e+02 7.0439898682e+02 7.0435797119e+02 7.0431597900e+02 7.0427099609e+02 7.0421398926e+02 7.0417401123e+02 7.0413201904e+02 7.0412402344e+02 7.0412097168e+02 7.0410400391e+02 7.0408599854e+02 7.0403601074e+02 7.0400598145e+02 7.0399200439e+02 7.0398297119e+02 7.0398297119e+02
