TESTSERVER/15/10.asc
NCOLS 100
NROWS 100
XLLCORNER 8.2497500000e+03
YLLCORNER 2.8945025000e+05
CELLSIZE 5.0000000000e-01
NODATA_VALUE -9.9990000000e+03
[rows 0 to 19 of 100, columns 46 to 91 of 100]
6.2174401855e+02 6.2177899170e+02 6.2181402588e+02 6.2185797119e+02 6.2189398193e+02 6.2193798828e+02 6.2200000000e+02 6.2201898193e+02 6.2204602051e+02 6.2210101318e+02 6.2215502930e+02 6.2219396973e+02 6.2223101807e+02 6.2227197266e+02 6.2226599121e+02 6.2227600098e+02 6.2230700684e+02 6.2233001709e+02 6.2238800049e+02 6.2247601318e+02 6.2256298828e+02 6.2261401367e+02 6.2267700195e+02 6.2271099854e+02 6.2274102783e+02 6.2272198486e+02 6.2267401123e+02 6.2271002197e+02 6.2279602051e+02 6.2289801025e+02 6.2299902344e+02 6.2310198975e+02 6.2320697021e+02 6.2328997803e+02 6.2335101318e+02 6.2342901611e+02 6.2350402832e+02 6.2357000732e+02 6.2365002441e+02 6.2370599365e+02 6.2377301025e+02 6.2384197998e+02 6.2390899658e+02 6.2399902344e+02 6.2408599854e+02 6.2415399170e+02
6.2170397949e+02 6.2174298096e+02 6.2178698730e+02 6.2182702637e+02 6.2186798096e+02 6.2190502930e+02 6.2194097900e+02 6.2197698975e+02 6.2201000977e+02 6.2206799316e+02 6.2212402344e+02 6.2217199707e+02 6.2220697021e+02 6.2224102783e+02 6.2224499512e+02 6.2226800537e+02 6.2230798340e+02 6.2234497070e+02 6.2238098145e+02 6.2241802979e+02 6.2252899170e+02 6.2262298584e+02 6.2266400146e+02 6.2270898438e+02 6.2271398926e+02 6.2264202881e+02 6.2261798096e+02 6.2269000244e+02 6.2275097656e+02 6.2284600830e+02 6.2292797852e+02 6.2301702881e+02 6.2313897705e+02 6.2322802734e+02 6.2329302979e+02 6.2337701416e+02 6.2344299316e+02 6.2349700928e+02 6.2359100342e+02 6.2366101074e+02 6.2371997070e+02 6.2378698730e+02 6.2386199951e+02 6.2394097900e+02 6.2402099609e+02 6.2408801270e+02
6.2166400146e+02 6.2172802734e+02 6.2177600098e+02 6.2181701660e+02 6.2185400391e+02 6.2188897705e+02 6.2189801025e+02 6.2193200684e+02 6.2197198486e+02 6.2203601074e+02 6.2210101318e+02 6.2214398193e+02 6.2217199707e+02 6.2220098877e+02 6.2222601318e+02 6.2226599121e+02 6.2233697510e+02 6.2237902832e+02 6.2239300537e+02 6.2240600586e+02 6.2246301270e+02 6.2252801514e+02 6.2253601074e+02 6.2257702637e+02 6.2260400391e+02 6.2256298828e+02 6.2256799316e+02 6.2265502930e+02 6.2272302246e+02 6.2280200195e+02 6.2287799072e+02 6.2296398926e+02 6.2308099365e+02 6.2316998291e+02 6.2322900391e+02 6.2331097412e+02 6.2338299561e+02 6.2343499756e+02 6.2353198242e+02 6.2359301758e+02 6.2365502930e+02 6.2373101807e+02 6.2380499268e+02 6.2388098145e+02 6.2396398926e+02 6.2404998779e+02
6.2161999512e+02 6.2169201660e+02 6.2174102783e+02 6.2178698730e+02 6.2182598877e+02 6.2186499023e+02 6.2187402344e+02 6.2191601563e+02 6.2195300293e+02 6.2200598145e+02 6.2206799316e+02 6.2211499023e+02 6.2215600586e+02 6.2219097900e+02 6.2222998047e+02 6.2227600098e+02 6.2235900879e+02 6.2239501953e+02 6.2239398193e+02 6.2241497803e+02 6.2244598389e+02 6.2246997070e+02 6.2244598389e+02 6.2244000244e+02 6.2248297119e+02 6.2250799561e+02 6.2255200195e+02 6.2263397217e+02 6.2270202637e+02 6.2277197266e+02 6.2284399414e+02 6.2293902588e+02 6.2303601074e+02 6.2311297607e+02 6.2317297363e+02 6.2325201416e+02 6.2332397461e+02 6.2339099121e+02 6.2347100830e+02 6.2352001953e+02 6.2358697510e+02 6.2365802002e+02 6.2372998047e+02 6.2380999756e+02 6.2389202881e+02 6.2398498535e+02
6.2156597900e+02 6.2161901855e+02 6.2168103027e+02 6.2173602295e+02 6.2178399658e+02 6.2181597900e+02 6.2184100342e+02 6.2189300537e+02 6.2192999268e+02 6.2197698975e+02 6.2202001953e+02 6.2208300781e+02 6.2214801025e+02 6.2219396973e+02 6.2225201416e+02 6.2229797363e+02 6.2234802246e+02 6.2238000488e+02 6.2242401123e+02 6.2245397949e+02 6.2247302246e+02 6.2247698975e+02 6.2245599365e+02 6.2241497803e+02 6.2242999268e+02 6.2247100830e+02 6.2253399658e+02 6.2259698486e+02 6.2266601563e+02 6.2273999023e+02 6.2281896973e+02 6.2289801025e+02 6.2297601318e+02 6.2305499268e+02 6.2314099121e+02 6.2321398926e+02 6.2327301025e+02 6.2333001709e+02 6.2339599609e+02 6.2346099854e+02 6.2352697754e+02 6.2359600830e+02 6.2366699219e+02 6.2376300049e+02 6.2384600830e+02 6.2391998291e+02
6.2152600098e+02 6.2158697510e+02 6.2164001465e+02 6.2168298340e+02 6.2173297119e+02 6.2176098633e+02 6.2180200195e+02 6.2184698486e+02 6.2187701416e+02 6.2192199707e+02 6.2196398926e+02 6.2202099609e+02 6.2209100342e+02 6.2214801025e+02 6.2220697021e+02 6.2226898193e+02 6.2233398438e+02 6.2237799072e+02 6.2247100830e+02 6.2251800537e+02 6.2250097656e+02 6.2248699951e+02 6.2245599365e+02 6.2241198730e+02 6.2243298340e+02 6.2247198486e+02 6.2252899170e+02 6.2258001709e+02 6.2265399170e+02 6.2272302246e+02 6.2279498291e+02 6.2286401367e+02 6.2293402100e+02 6.2300299072e+02 6.2309301758e+02 6.2316302490e+02 6.2322302246e+02 6.2327899170e+02 6.2334698486e+02 6.2341400146e+02 6.2348901367e+02 6.2356597900e+02 6.2361901855e+02 6.2370202637e+02 6.2377899170e+02 6.2384698486e+02
6.2146600342e+02 6.2154400635e+02 6.2160400391e+02 6.2164001465e+02 6.2168200684e+02 6.2171197510e+02 6.2176397705e+02 6.2181597900e+02 6.2185198975e+02 6.2189300537e+02 6.2194000244e+02 6.2198901367e+02 6.2205902100e+02 6.2213299561e+02 6.2220800781e+02 6.2229199219e+02 6.2235797119e+02 6.2238702393e+02 6.2247802734e+02 6.2256298828e+02 6.2251397705e+02 6.2244799805e+02 6.2242700195e+02 6.2239697266e+02 6.2243200684e+02 6.2247302246e+02 6.2252001953e+02 6.2257501221e+02 6.2262902832e+02 6.2268798828e+02 6.2276800537e+02 6.2283697510e+02 6.2290002441e+02 6.2295898438e+02 6.2303802490e+02 6.2311901855e+02 6.2318298340e+02 6.2324597168e+02 6.2331896973e+02 6.2338201904e+02 6.2345001221e+02 6.2352001953e+02 6.2357598877e+02 6.2364697266e+02 6.2371099854e+02 6.2377697754e+02
6.2139001465e+02 6.2145599365e+02 6.2152697754e+02 6.2157897949e+02 6.2161401367e+02 6.2165100098e+02 6.2171099854e+02 6.2177899170e+02 6.2183099365e+02 6.2186499023e+02 6.2190997314e+02 6.2196899414e+02 6.2204302979e+02 6.2214099121e+02 6.2225500488e+02 6.2237701416e+02 6.2243402100e+02 6.2241101074e+02 6.2241400146e+02 6.2247302246e+02 6.2243402100e+02 6.2236999512e+02 6.2238500977e+02 6.2237298584e+02 6.2242498779e+02 6.2247497559e+02 6.2251702881e+02 6.2257501221e+02 6.2261199951e+02 6.2266998291e+02 6.2275201416e+02 6.2281201172e+02 6.2286901855e+02 6.2291998291e+02 6.2298999023e+02 6.2307501221e+02 6.2312200928e+02 6.2319097900e+02 6.2327801514e+02 6.2333099365e+02 6.2339300537e+02 6.2346099854e+02 6.2352600098e+02 6.2359399414e+02 6.2366198730e+02 6.2372900391e+02
6.2136901855e+02 6.2140802002e+02 6.2144799805e+02 6.2151202393e+02 6.2155200195e+02 6.2159899902e+02 6.2166400146e+02 6.2172802734e+02 6.2179602051e+02 6.2182800293e+02 6.2188702393e+02 6.2194000244e+02 6.2202301025e+02 6.2214599609e+02 6.2229498291e+02 6.2243902588e+02 6.2249597168e+02 6.2244799805e+02 6.2234899902e+02 6.2232299805e+02 6.2232702637e+02 6.2234899902e+02 6.2236297607e+02 6.2237597656e+02 6.2244097900e+02 6.2248400879e+02 6.2252801514e+02 6.2257202148e+02 6.2260601807e+02 6.2266601563e+02 6.2272998047e+02 6.2278601074e+02 6.2284698486e+02 6.2290301514e+02 6.2296600342e+02 6.2302301025e+02 6.2308001709e+02 6.2316198730e+02 6.2323901367e+02 6.2328100586e+02 6.2333801270e+02 6.2340899658e+02 6.2348400879e+02 6.2354302979e+02 6.2360998535e+02 6.2367297363e+02
6.2135797119e+02 6.2139099121e+02 6.2142102051e+02 6.2146398926e+02 6.2150897217e+02 6.2156701660e+02 6.2162402344e+02 6.2168597412e+02 6.2175097656e+02 6.2180902100e+02 6.2186798096e+02 6.2192199707e+02 6.2198602295e+02 6.2208599854e+02 6.2223999023e+02 6.2236700439e+02 6.2242602539e+02 6.2242401123e+02 6.2236297607e+02 6.2229302979e+02 6.2227001953e+02 6.2231298828e+02 6.2233300781e+02 6.2238299561e+02 6.2243701172e+02 6.2247399902e+02 6.2252600098e+02 6.2255902100e+02 6.2261700439e+02 6.2268402100e+02 6.2273498535e+02 6.2277398682e+02 6.2282598877e+02 6.2287298584e+02 6.2294097900e+02 6.2298999023e+02 6.2305499268e+02 6.2313800049e+02 6.2319598389e+02 6.2323797607e+02 6.2328100586e+02 6.2334997559e+02 6.2341302490e+02 6.2349102783e+02 6.2356597900e+02 6.2363500977e+02
6.2137298584e+02 6.2140899658e+02 6.2142700195e+02 6.2143902588e+02 6.2148498535e+02 6.2153997803e+02 6.2159197998e+02 6.2165301514e+02 6.2172100830e+02 6.2179101563e+02 6.2185601807e+02 6.2195800781e+02 6.2202502441e+02 6.2207598877e+02 6.2219201660e+02 6.2230499268e+02 6.2233197021e+02 6.2232702637e+02 6.2229797363e+02 6.2228302002e+02 6.2226202393e+02 6.2228100586e+02 6.2230999756e+02 6.2238702393e+02 6.2243499756e+02 6.2246801758e+02 6.2252197266e+02 6.2256701660e+02 6.2263201904e+02 6.2268298340e+02 6.2271502686e+02 6.2275201416e+02 6.2279797363e+02 6.2284997559e+02 6.2291497803e+02 6.2296502686e+02 6.2303002930e+02 6.2309997559e+02 6.2314300537e+02 6.2320098877e+02 6.2324298096e+02 6.2330999756e+02 6.2336401367e+02 6.2345300293e+02 6.2353002930e+02 6.2358697510e+02
6.2139398193e+02 6.2141802979e+02 6.2143798828e+02 6.2146398926e+02 6.2151202393e+02 6.2154699707e+02 6.2158898926e+02 6.2165002441e+02 6.2171099854e+02 6.2178997803e+02 6.2187597656e+02 6.2202301025e+02 6.2211999512e+02 6.2216101074e+02 6.2223498535e+02 6.2231799316e+02 6.2229199219e+02 6.2225402832e+02 6.2222302246e+02 6.2221301270e+02 6.2223297119e+02 6.2227099609e+02 6.2230798340e+02 6.2238299561e+02 6.2243798828e+02 6.2248400879e+02 6.2253198242e+02 6.2257897949e+02 6.2263397217e+02 6.2267401123e+02 6.2270599365e+02 6.2274597168e+02 6.2279400635e+02 6.2284002686e+02 6.2288500977e+02 6.2295098877e+02 6.2301599121e+02 6.2307098389e+02 6.2310400391e+02 6.2315899658e+02 6.2321002197e+02 6.2327502441e+02 6.2332397461e+02 6.2340997314e+02 6.2348699951e+02 6.2353997803e+02
6.2138598633e+02 6.2142498779e+02 6.2143298340e+02 6.2148199463e+02 6.2152099609e+02 6.2155700684e+02 6.2162500000e+02 6.2166101074e+02 6.2171801758e+02 6.2180603027e+02 6.2191998291e+02 6.2205902100e+02 6.2217199707e+02 6.2223699951e+02 6.2228997803e+02 6.2230902100e+02 6.2226898193e+02 6.2224298096e+02 6.2222998047e+02 6.2219500732e+02 6.2222497559e+02 6.2227197266e+02 6.2231799316e+02 6.2237200928e+02 6.2243103027e+02 6.2248101807e+02 6.2253302002e+02 6.2258398438e+02 6.2262298584e+02 6.2266601563e+02 6.2271002197e+02 6.2274902344e+02 6.2279797363e+02 6.2282800293e+02 6.2287097168e+02 6.2294299316e+02 6.2297802734e+02 6.2301397705e+02 6.2307897949e+02 6.2312902832e+02 6.2319897461e+02 6.2324401855e+02 6.2327899170e+02 6.2336798096e+02 6.2344500732e+02 6.2350000000e+02
6.2136999512e+02 6.2141900635e+02 6.2145202637e+02 6.2150201416e+02 6.2153601074e+02 6.2157800293e+02 6.2162701416e+02 6.2170397949e+02 6.2178698730e+02 6.2184802246e+02 6.2196002197e+02 6.2212402344e+02 6.2223101807e+02 6.2227801514e+02 6.2232501221e+02 6.2235198975e+02 6.2228698730e+02 6.2225402832e+02 6.2226702881e+02 6.2221997070e+02 6.2221197510e+02 6.2225500488e+02 6.2232397461e+02 6.2238000488e+02 6.2243103027e+02 6.2247900391e+02 6.2254101563e+02 6.2259301758e+02 6.2264001465e+02 6.2266601563e+02 6.2270098877e+02 6.2274499512e+02 6.2279199219e+02 6.2282000732e+02 6.2285601807e+02 6.2292498779e+02 6.2296197510e+02 6.2299798584e+02 6.2305603027e+02 6.2310400391e+02 6.2316802979e+02 6.2321002197e+02 6.2325299072e+02 6.2332897949e+02 6.2340600586e+02 6.2347100830e+02
6.2137298584e+02 6.2142102051e+02 6.2147302246e+02 6.2152600098e+02 6.2157299805e+02 6.2160601807e+02 6.2162402344e+02 6.2174499512e+02 6.2182800293e+02 6.2186700439e+02 6.2198901367e+02 6.2216400146e+02 6.2228802490e+02 6.2232897949e+02 6.2235302734e+02 6.2237298584e+02 6.2229901123e+02 6.2223498535e+02 6.2222100830e+02 6.2218798828e+02 6.2220898438e+02 6.2226098633e+02 6.2233099365e+02 6.2239398193e+02 6.2244396973e+02 6.2249499512e+02 6.2255499268e+02 6.2258502197e+02 6.2262402344e+02 6.2265399170e+02 6.2269799805e+02 6.2275097656e+02 6.2277801514e+02 6.2279699707e+02 6.2284899902e+02 6.2290997314e+02 6.2295202637e+02 6.2299700928e+02 6.2304101563e+02 6.2307800293e+02 6.2312500000e+02 6.2317901611e+02 6.2324499512e+02 6.2330102539e+02 6.2336901855e+02 6.2342999268e+02
6.2137902832e+02 6.2143103027e+02 6.2148602295e+02 6.2153601074e+02 6.2159301758e+02 6.2163299561e+02 6.2165997314e+02 6.2178698730e+02 6.2185797119e+02 6.2190802002e+02 6.2205200195e+02 6.2222601318e+02 6.2237902832e+02 6.2241699219e+02 6.2238800049e+02 6.2235198975e+02 6.2227398682e+02 6.2219500732e+02 6.2215002441e+02 6.2216998291e+02 6.2223901367e+02 6.2229302979e+02 6.2233300781e+02 6.2239697266e+02 6.2244897461e+02 6.2249902344e+02 6.2254797363e+02 6.2257598877e+02 6.2259698486e+02 6.2264300537e+02 6.2270001221e+02 6.2274798584e+02 6.2276501465e+02 6.2278698730e+02 6.2285400391e+02 6.2290100098e+02 6.2293902588e+02 6.2299102783e+02 6.2304101563e+02 6.2307800293e+02 6.2311199951e+02 6.2316900635e+02 6.2323797607e+02 6.2330798340e+02 6.2334802246e+02 6.2340502930e+02
6.2138098145e+02 6.2144201660e+02 6.2150598145e+02 6.2155200195e+02 6.2161499023e+02 6.2167498779e+02 6.2172302246e+02 6.2182299805e+02 6.2191601563e+02 6.2201501465e+02 6.2214501953e+02 6.2226800537e+02 6.2239099121e+02 6.2240600586e+02 6.2231701660e+02 6.2225299072e+02 6.2221600342e+02 6.2218798828e+02 6.2215197754e+02 6.2218499756e+02 6.2224200439e+02 6.2230902100e+02 6.2234497070e+02 6.2240399170e+02 6.2244897461e+02 6.2249700928e+02 6.2254901123e+02 6.2258197021e+02 6.2259600830e+02 6.2265100098e+02 6.2272601318e+02 6.2273199463e+02 6.2274700928e+02 6.2279302979e+02 6.2284197998e+02 6.2288800049e+02 6.2292999268e+02 6.2298699951e+02 6.2303399658e+02 6.2306701660e+02 6.2310601807e+02 6.2316497803e+02 6.2322100830e+02 6.2328100586e+02 6.2333099365e+02 6.2339202881e+02
6.2141998291e+02 6.2148400879e+02 6.2153698730e+02 6.2159301758e+02 6.2164202881e+02 6.2167999268e+02 6.2174700928e+02 6.2186102295e+02 6.2196099854e+02 6.2208599854e+02 6.2220001221e+02 6.2223699951e+02 6.2225701904e+02 6.2224499512e+02 6.2220501709e+02 6.2218499756e+02 6.2218298340e+02 6.2216601563e+02 6.2216400146e+02 6.2220697021e+02 6.2225701904e+02 6.2231402588e+02 6.2235900879e+02 6.2242498779e+02 6.2246997070e+02 6.2250799561e+02 6.2254498291e+02 6.2255499268e+02 6.2260101318e+02 6.2265399170e+02 6.2271398926e+02 6.2272399902e+02 6.2275299072e+02 6.2280700684e+02 6.2283099365e+02 6.2287097168e+02 6.2292102051e+02 6.2298297119e+02 6.2302600098e+02 6.2305401611e+02 6.2310101318e+02 6.2315997314e+02 6.2321600342e+02 6.2327600098e+02 6.2333001709e+02 6.2336798096e+02
6.2145501709e+02 6.2150701904e+02 6.2154998779e+02 6.2162701416e+02 6.2167700195e+02 6.2170599365e+02 6.2177600098e+02 6.2186499023e+02 6.2193902588e+02 6.2208001709e+02 6.2222998047e+02 6.2223199463e+02 6.2218798828e+02 6.2216497803e+02 6.2215899658e+02 6.2214697266e+02 6.2213702393e+02 6.2213598633e+02 6.2215899658e+02 6.2219702148e+02 6.2225201416e+02 6.2231500244e+02 6.2236602783e+02 6.2241699219e+02 6.2247198486e+02 6.2251501465e+02 6.2254699707e+02 6.2256896973e+02 6.2261999512e+02 6.2265100098e+02 6.2269000244e+02 6.2271099854e+02 6.2275799561e+02 6.2281201172e+02 6.2284002686e+02 6.2288201904e+02 6.2291699219e+02 6.2295599365e+02 6.2299499512e+02 6.2304199219e+02 6.2308599854e+02 6.2313500977e+02 6.2320098877e+02 6.2326300049e+02 6.2330999756e+02 6.2334197998e+02
6.2146997070e+02 6.2151501465e+02 6.2156402588e+02 6.2163201904e+02 6.2168701172e+02 6.2173297119e+02 6.2181298828e+02 6.2189001465e+02 6.2196899414e+02 6.2209997559e+02 6.2220202637e+02 6.2220397949e+02 6.2216101074e+02 6.2214099121e+02 6.2213598633e+02 6.2209497070e+02 6.2208502197e+02 6.2211999512e+02 6.2216998291e+02 6.2222497559e+02 6.2227398682e+02 6.2232501221e+02 6.2237298584e+02 6.2242901611e+02 6.2247998047e+02 6.2251098633e+02 6.2253399658e+02 6.2257702637e+02 6.2262402344e+02 6.2265502930e+02 6.2269097900e+02 6.2273297119e+02 6.2277398682e+02 6.2281402588e+02 6.2284698486e+02 6.2288800049e+02 6.2290502930e+02 6.2293298340e+02 6.2297802734e+02 6.2302899170e+02 6.2306799316e+02 6.2311102295e+02 6.2317999268e+02 6.2323999023e+02 6.2328997803e+02 6.2332800293e+02
