TESTSERVER/15/10.asc
NCOLS 100
NROWS 100
XLLCORNER 8.2497500000e+03
YLLCORNER 2.8945025000e+05
CELLSIZE 5.0000000000e-01
NODATA_VALUE -9.9990000000e+03
[rows 60 to 79 of 100, columns 0 to 45 of 100]
6.2121899414e+02 6.2104199219e+02 6.2087298584e+02 6.2065301514e+02 6.2043402100e+02 6.2026397705e+02 6.2014599609e+02 6.2009802246e+02 6.2011700439e+02 6.2031298828e+02 6.2069299316e+02 6.2103302002e+02 6.2127398682e+02 6.2135699463e+02 6.2139599609e+02 6.2146600342e+02 6.2150701904e+02 6.2155200195e+02 6.2160601807e+02 6.2162500000e+02 6.2165899658e+02 6.2170001221e+02 6.2172302246e+02 6.2177001953e+02 6.2180102539e+02 6.2182800293e+02 6.2188098145e+02 6.2192102051e+02 6.2195397949e+02 6.2195300293e+02 6.2196099854e+02 6.2195001221e+02 6.2192797852e+02 6.2190399170e+02 6.2191497803e+02 6.2193200684e+02 6.2194500732e+02 6.2196099854e+02 6.2199597168e+02 6.2204101563e+02 6.2205603027e+02 6.2208197021e+02 6.2210797119e+02 6.2213598633e+02 6.2215899658e+02 6.2219897461e+02
6.2148602295e+02 6.2133502197e+02 6.2114801025e+02 6.2087799072e+02 6.2063800049e+02 6.2046502686e+02 6.2029400635e+02 6.2016802979e+02 6.2012799072e+02 6.2014898682e+02 6.2029199219e+02 6.2060900879e+02 6.2113201904e+02 6.2140600586e+02 6.2141302490e+02 6.2145501709e+02 6.2150500488e+02 6.2154302979e+02 6.2159997559e+02 6.2164099121e+02 6.2167901611e+02 6.2171801758e+02 6.2173901367e+02 6.2178002930e+02 6.2180700684e+02 6.2182702637e+02 6.2186999512e+02 6.2190802002e+02 6.2195697021e+02 6.2198999023e+02 6.2200097656e+02 6.2199102783e+02 6.2197100830e+02 6.2195697021e+02 6.2195800781e+02 6.2196997070e+02 6.2198999023e+02 6.2199597168e+02 6.2202301025e+02 6.2205603027e+02 6.2208502197e+02 6.2211901855e+02 6.2215100098e+02 6.2217999268e+02 6.2219000244e+02 6.2222399902e+02
6.2168798828e+02 6.2156097412e+02 6.2139398193e+02 6.2112200928e+02 6.2088000488e+02 6.2071398926e+02 6.2051800537e+02 6.2031097412e+02 6.2019201660e+02 6.2012097168e+02 6.2010699463e+02 6.2032202148e+02 6.2091998291e+02 6.2139300537e+02 6.2146099854e+02 6.2147998047e+02 6.2153100586e+02 6.2155297852e+02 6.2160400391e+02 6.2163500977e+02 6.2167297363e+02 6.2172399902e+02 6.2175598145e+02 6.2179101563e+02 6.2181799316e+02 6.2184698486e+02 6.2188299561e+02 6.2190899658e+02 6.2195098877e+02 6.2199700928e+02 6.2202697754e+02 6.2202801514e+02 6.2201098633e+02 6.2200201416e+02 6.2200402832e+02 6.2201702881e+02 6.2204498291e+02 6.2204998779e+02 6.2207202148e+02 6.2210699463e+02 6.2212500000e+02 6.2214599609e+02 6.2217199707e+02 6.2220098877e+02 6.2221801758e+02 6.2224798584e+02
6.2184497070e+02 6.2174700928e+02 6.2162402344e+02 6.2140002441e+02 6.2116998291e+02 6.2098699951e+02 6.2077001953e+02 6.2051599121e+02 6.2033099365e+02 6.2021099854e+02 6.2010198975e+02 6.2013000488e+02 6.2056201172e+02 6.2114898682e+02 6.2144702148e+02 6.2153497314e+02 6.2162500000e+02 6.2170800781e+02 6.2176800537e+02 6.2172100830e+02 6.2168298340e+02 6.2172302246e+02 6.2177001953e+02 6.2180700684e+02 6.2182598877e+02 6.2186499023e+02 6.2190600586e+02 6.2192297363e+02 6.2195501709e+02 6.2200402832e+02 6.2204498291e+02 6.2205902100e+02 6.2205700684e+02 6.2206402588e+02 6.2207702637e+02 6.2209497070e+02 6.2211499023e+02 6.2210601807e+02 6.2212597656e+02 6.2215997314e+02 6.2216601563e+02 6.2218298340e+02 6.2220599365e+02 6.2222900391e+02 6.2224298096e+02 6.2227001953e+02
6.2200500488e+02 6.2191699219e+02 6.2182000732e+02 6.2167102051e+02 6.2148699951e+02 6.2125799561e+02 6.2100799561e+02 6.2075299072e+02 6.2052801514e+02 6.2034301758e+02 6.2013299561e+02 6.2004602051e+02 6.2022601318e+02 6.2073602295e+02 6.2132501221e+02 6.2157098389e+02 6.2167297363e+02 6.2185797119e+02 6.2198199463e+02 6.2191900635e+02 6.2179199219e+02 6.2174700928e+02 6.2177899170e+02 6.2182299805e+02 6.2184301758e+02 6.2188397217e+02 6.2192700195e+02 6.2193798828e+02 6.2196801758e+02 6.2201599121e+02 6.2205499268e+02 6.2207299805e+02 6.2209698486e+02 6.2212902832e+02 6.2215197754e+02 6.2217199707e+02 6.2218402100e+02 6.2217797852e+02 6.2219000244e+02 6.2220300293e+02 6.2220501709e+02 6.2223400879e+02 6.2226397705e+02 6.2228002930e+02 6.2228100586e+02 6.2230200195e+02
6.2219500732e+02 6.2201599121e+02 6.2191101074e+02 6.2180798340e+02 6.2168798828e+02 6.2150500488e+02 6.2127899170e+02 6.2103198242e+02 6.2079602051e+02 6.2059197998e+02 6.2031500244e+02 6.2002899170e+02 6.2007202148e+02 6.2029400635e+02 6.2087097168e+02 6.2144097900e+02 6.2171899414e+02 6.2188299561e+02 6.2197198486e+02 6.2203601074e+02 6.2200097656e+02 6.2188098145e+02 6.2180102539e+02 6.2180798340e+02 6.2185797119e+02 6.2190100098e+02 6.2191998291e+02 6.2194396973e+02 6.2199200439e+02 6.2202899170e+02 6.2206799316e+02 6.2209600830e+02 6.2213299561e+02 6.2216101074e+02 6.2218902588e+02 6.2221997070e+02 6.2224597168e+02 6.2224298096e+02 6.2223699951e+02 6.2226000977e+02 6.2228198242e+02 6.2230700684e+02 6.2231799316e+02 6.2233197021e+02 6.2234002686e+02 6.2235198975e+02
6.2237402344e+02 6.2209301758e+02 6.2194897461e+02 6.2188201904e+02 6.2182598877e+02 6.2169201660e+02 6.2149200439e+02 6.2126202393e+02 6.2102398682e+02 6.2083599854e+02 6.2059997559e+02 6.2016601563e+02 6.2005999756e+02 6.2014599609e+02 6.2049902344e+02 6.2111798096e+02 6.2156896973e+02 6.2180297852e+02 6.2191497803e+02 6.2206896973e+02 6.2215899658e+02 6.2209197998e+02 6.2195098877e+02 6.2186499023e+02 6.2187902832e+02 6.2191699219e+02 6.2193298340e+02 6.2196899414e+02 6.2201599121e+02 6.2204901123e+02 6.2209600830e+02 6.2212701416e+02 6.2216601563e+02 6.2218298340e+02 6.2220599365e+02 6.2222998047e+02 6.2226000977e+02 6.2227099609e+02 6.2227502441e+02 6.2230603027e+02 6.2234600830e+02 6.2236901855e+02 6.2237597656e+02 6.2239398193e+02 6.2240197754e+02 6.2241400146e+02
6.2259997559e+02 6.2228100586e+02 6.2206500244e+02 6.2198400879e+02 6.2194201660e+02 6.2182598877e+02 6.2162701416e+02 6.2141998291e+02 6.2121398926e+02 6.2104101563e+02 6.2088397217e+02 6.2048498535e+02 6.2024401855e+02 6.2023699951e+02 6.2035998535e+02 6.2077600098e+02 6.2125201416e+02 6.2163299561e+02 6.2184600830e+02 6.2200201416e+02 6.2215002441e+02 6.2219097900e+02 6.2208398438e+02 6.2195098877e+02 6.2191400146e+02 6.2193597412e+02 6.2195697021e+02 6.2199798584e+02 6.2204101563e+02 6.2207598877e+02 6.2211602783e+02 6.2214099121e+02 6.2218499756e+02 6.2220300293e+02 6.2222698975e+02 6.2224597168e+02 6.2227001953e+02 6.2229101563e+02 6.2231298828e+02 6.2234197998e+02 6.2238299561e+02 6.2241101074e+02 6.2243597412e+02 6.2245501709e+02 6.2244799805e+02 6.2245501709e+02
6.2290698242e+02 6.2262298584e+02 6.2233001709e+02 6.2215698242e+02 6.2206402588e+02 6.2195800781e+02 6.2178002930e+02 6.2161297607e+02 6.2151300049e+02 6.2139501953e+02 6.2123199463e+02 6.2092999268e+02 6.2057897949e+02 6.2034899902e+02 6.2031701660e+02 6.2047998047e+02 6.2083197021e+02 6.2135998535e+02 6.2175299072e+02 6.2187799072e+02 6.2195501709e+02 6.2199401855e+02 6.2190698242e+02 6.2194000244e+02 6.2193701172e+02 6.2195501709e+02 6.2196801758e+02 6.2200500488e+02 6.2206298828e+02 6.2210198975e+02 6.2212799072e+02 6.2215197754e+02 6.2219201660e+02 6.2222100830e+02 6.2226397705e+02 6.2228601074e+02 6.2229602051e+02 6.2231097412e+02 6.2233197021e+02 6.2234899902e+02 6.2237701416e+02 6.2242498779e+02 6.2246697998e+02 6.2248602295e+02 6.2250299072e+02 6.2252301025e+02
6.2324298096e+02 6.2295800781e+02 6.2262902832e+02 6.2238897705e+02 6.2225500488e+02 6.2213800049e+02 6.2198602295e+02 6.2185998535e+02 6.2182800293e+02 6.2176202393e+02 6.2152697754e+02 6.2119897461e+02 6.2085400391e+02 6.2055798340e+02 6.2043402100e+02 6.2042401123e+02 6.2060101318e+02 6.2098297119e+02 6.2149798584e+02 6.2182202148e+02 6.2194702148e+02 6.2193499756e+02 6.2190502930e+02 6.2192199707e+02 6.2192401123e+02 6.2194799805e+02 6.2200097656e+02 6.2203002930e+02 6.2207000732e+02 6.2211901855e+02 6.2215002441e+02 6.2219299316e+02 6.2223602295e+02 6.2224597168e+02 6.2228802490e+02 6.2231402588e+02 6.2231701660e+02 6.2233801270e+02 6.2237402344e+02 6.2238299561e+02 6.2239801025e+02 6.2243298340e+02 6.2246697998e+02 6.2249499512e+02 6.2254400635e+02 6.2257202148e+02
6.2360101318e+02 6.2335797119e+02 6.2302502441e+02 6.2277301025e+02 6.2266101074e+02 6.2252600098e+02 6.2233697510e+02 6.2221801758e+02 6.2218701172e+02 6.2210797119e+02 6.2185198975e+02 6.2153100586e+02 6.2119299316e+02 6.2082800293e+02 6.2053698730e+02 6.2038500977e+02 6.2044097900e+02 6.2063500977e+02 6.2112402344e+02 6.2159497070e+02 6.2184399414e+02 6.2191998291e+02 6.2195202637e+02 6.2197302246e+02 6.2195898438e+02 6.2200701904e+02 6.2211199951e+02 6.2214099121e+02 6.2215502930e+02 6.2221197510e+02 6.2220397949e+02 6.2221197510e+02 6.2226098633e+02 6.2227197266e+02 6.2230603027e+02 6.2233502197e+02 6.2235101318e+02 6.2237799072e+02 6.2241497803e+02 6.2242602539e+02 6.2244299316e+02 6.2246899414e+02 6.2249401855e+02 6.2252099609e+02 6.2255798340e+02 6.2258599854e+02
6.2395300293e+02 6.2378002930e+02 6.2351397705e+02 6.2330700684e+02 6.2324102783e+02 6.2310900879e+02 6.2287200928e+02 6.2271697998e+02 6.2264300537e+02 6.2252801514e+02 6.2226599121e+02 6.2201098633e+02 6.2168402100e+02 6.2121002197e+02 6.2075097656e+02 6.2053497314e+02 6.2048699951e+02 6.2044897461e+02 6.2073901367e+02 6.2117199707e+02 6.2145397949e+02 6.2164697266e+02 6.2185302734e+02 6.2197601318e+02 6.2201800537e+02 6.2211199951e+02 6.2224298096e+02 6.2229602051e+02 6.2235302734e+02 6.2247900391e+02 6.2241198730e+02 6.2228601074e+02 6.2227801514e+02 6.2228997803e+02 6.2233001709e+02 6.2235998535e+02 6.2238897705e+02 6.2241497803e+02 6.2244299316e+02 6.2245501709e+02 6.2248498535e+02 6.2251300049e+02 6.2253198242e+02 6.2255603027e+02 6.2257397461e+02 6.2259997559e+02
6.2423797607e+02 6.2407598877e+02 6.2393798828e+02 6.2380999756e+02 6.2371697998e+02 6.2359600830e+02 6.2339898682e+02 6.2319299316e+02 6.2306402588e+02 6.2295697021e+02 6.2277099609e+02 6.2255102539e+02 6.2226501465e+02 6.2171600342e+02 6.2121697998e+02 6.2094000244e+02 6.2071197510e+02 6.2050598145e+02 6.2054498291e+02 6.2076202393e+02 6.2091497803e+02 6.2114697266e+02 6.2145800781e+02 6.2172802734e+02 6.2191400146e+02 6.2211901855e+02 6.2230297852e+02 6.2243298340e+02 6.2253997803e+02 6.2264001465e+02 6.2260400391e+02 6.2245599365e+02 6.2236102295e+02 6.2234197998e+02 6.2238000488e+02 6.2240301514e+02 6.2242199707e+02 6.2244702148e+02 6.2247100830e+02 6.2250000000e+02 6.2253399658e+02 6.2255999756e+02 6.2256402588e+02 6.2257800293e+02 6.2260400391e+02 6.2263897705e+02
6.2458697510e+02 6.2436999512e+02 6.2420898438e+02 6.2407800293e+02 6.2396502686e+02 6.2383801270e+02 6.2367297363e+02 6.2347601318e+02 6.2333502197e+02 6.2323999023e+02 6.2315197754e+02 6.2318298340e+02 6.2296600342e+02 6.2230798340e+02 6.2170202637e+02 6.2142901611e+02 6.2116998291e+02 6.2091998291e+02 6.2076098633e+02 6.2079199219e+02 6.2083697510e+02 6.2087597656e+02 6.2099401855e+02 6.2121398926e+02 6.2149499512e+02 6.2182000732e+02 6.2211297607e+02 6.2238000488e+02 6.2256298828e+02 6.2267498779e+02 6.2271301270e+02 6.2268298340e+02 6.2261499023e+02 6.2250500488e+02 6.2243597412e+02 6.2243902588e+02 6.2246099854e+02 6.2247998047e+02 6.2249298096e+02 6.2253002930e+02 6.2255902100e+02 6.2258801270e+02 6.2260302734e+02 6.2261798096e+02 6.2265502930e+02 6.2268402100e+02
6.2495800781e+02 6.2472601318e+02 6.2452801514e+02 6.2437298584e+02 6.2423999023e+02 6.2409002686e+02 6.2393597412e+02 6.2375799561e+02 6.2359899902e+02 6.2346099854e+02 6.2332501221e+02 6.2325799561e+02 6.2303601074e+02 6.2248199463e+02 6.2196502686e+02 6.2177398682e+02 6.2157598877e+02 6.2138598633e+02 6.2116400146e+02 6.2101599121e+02 6.2094396973e+02 6.2086102295e+02 6.2080603027e+02 6.2086798096e+02 6.2108398438e+02 6.2136199951e+02 6.2166900635e+02 6.2208197021e+02 6.2240100098e+02 6.2262097168e+02 6.2277502441e+02 6.2287701416e+02 6.2286602783e+02 6.2271398926e+02 6.2256799316e+02 6.2253900146e+02 6.2252502441e+02 6.2251898193e+02 6.2253198242e+02 6.2257000732e+02 6.2259002686e+02 6.2260998535e+02 6.2263500977e+02 6.2266101074e+02 6.2269897461e+02 6.2272302246e+02
6.2530401611e+02 6.2510198975e+02 6.2488800049e+02 6.2469897461e+02 6.2454797363e+02 6.2438897705e+02 6.2423797607e+02 6.2405999756e+02 6.2388299561e+02 6.2371502686e+02 6.2351898193e+02 6.2318298340e+02 6.2296600342e+02 6.2266998291e+02 6.2213299561e+02 6.2190698242e+02 6.2178997803e+02 6.2167602539e+02 6.2151202393e+02 6.2129602051e+02 6.2117199707e+02 6.2107501221e+02 6.2097302246e+02 6.2090197754e+02 6.2095001221e+02 6.2104699707e+02 6.2119799805e+02 6.2162701416e+02 6.2204602051e+02 6.2239801025e+02 6.2267999268e+02 6.2285998535e+02 6.2293200684e+02 6.2286602783e+02 6.2276800537e+02 6.2271502686e+02 6.2264398193e+02 6.2259399414e+02 6.2259100342e+02 6.2261499023e+02 6.2262298584e+02 6.2263397217e+02 6.2266802979e+02 6.2269702148e+02 6.2272302246e+02 6.2274200439e+02
6.2558099365e+02 6.2541400146e+02 6.2523297119e+02 6.2501397705e+02 6.2485601807e+02 6.2471697998e+02 6.2456402588e+02 6.2435900879e+02 6.2417498779e+02 6.2402099609e+02 6.2378997803e+02 6.2342797852e+02 6.2350500488e+02 6.2361499023e+02 6.2271997070e+02 6.2199102783e+02 6.2189599609e+02 6.2187200928e+02 6.2174798584e+02 6.2160699463e+02 6.2151599121e+02 6.2143902588e+02 6.2132800293e+02 6.2121801758e+02 6.2112799072e+02 6.2104699707e+02 6.2101702881e+02 6.2116198730e+02 6.2151501465e+02 6.2194799805e+02 6.2234997559e+02 6.2258099365e+02 6.2273101807e+02 6.2282501221e+02 6.2290002441e+02 6.2286798096e+02 6.2278002930e+02 6.2269201660e+02 6.2265997314e+02 6.2265197754e+02 6.2265100098e+02 6.2267401123e+02 6.2271899414e+02 6.2273901367e+02 6.2274798584e+02 6.2275799561e+02
6.2585699463e+02 6.2566802979e+02 6.2551000977e+02 6.2532598877e+02 6.2516601563e+02 6.2503002930e+02 6.2487701416e+02 6.2466900635e+02 6.2450000000e+02 6.2439001465e+02 6.2422497559e+02 6.2395300293e+02 6.2409698486e+02 6.2451300049e+02 6.2361999512e+02 6.2245397949e+02 6.2215002441e+02 6.2197198486e+02 6.2181097412e+02 6.2179602051e+02 6.2175201416e+02 6.2167498779e+02 6.2159399414e+02 6.2153399658e+02 6.2146502686e+02 6.2128198242e+02 6.2108599854e+02 6.2100097656e+02 6.2108001709e+02 6.2137200928e+02 6.2181097412e+02 6.2214398193e+02 6.2240899658e+02 6.2262799072e+02 6.2283502197e+02 6.2292602539e+02 6.2288598633e+02 6.2278601074e+02 6.2272900391e+02 6.2269799805e+02 6.2267797852e+02 6.2268499756e+02 6.2270300293e+02 6.2274200439e+02 6.2278802490e+02 6.2281701660e+02
6.2604998779e+02 6.2590197754e+02 6.2578698730e+02 6.2562597656e+02 6.2546600342e+02 6.2533697510e+02 6.2520202637e+02 6.2497198486e+02 6.2476098633e+02 6.2464099121e+02 6.2451397705e+02 6.2425201416e+02 6.2414099121e+02 6.2437902832e+02 6.2411999512e+02 6.2341101074e+02 6.2309600830e+02 6.2253100586e+02 6.2193298340e+02 6.2193103027e+02 6.2193701172e+02 6.2188000488e+02 6.2179699707e+02 6.2174298096e+02 6.2171398926e+02 6.2155297852e+02 6.2132598877e+02 6.2110400391e+02 6.2095098877e+02 6.2097998047e+02 6.2127801514e+02 6.2165100098e+02 6.2203302002e+02 6.2239898682e+02 6.2269000244e+02 6.2286602783e+02 6.2291302490e+02 6.2285198975e+02 6.2280499268e+02 6.2276000977e+02 6.2272198486e+02 6.2270397949e+02 6.2269702148e+02 6.2272601318e+02 6.2279302979e+02 6.2285400391e+02
6.2621899414e+02 6.2610699463e+02 6.2603302002e+02 6.2589300537e+02 6.2575097656e+02 6.2563000488e+02 6.2549798584e+02 6.2522802734e+02 6.2494897461e+02 6.2477398682e+02 6.2462902832e+02 6.2437402344e+02 6.2410302734e+02 6.2407598877e+02 6.2414599609e+02 6.2409997559e+02 6.2405798340e+02 6.2337200928e+02 6.2229302979e+02 6.2210900879e+02 6.2208197021e+02 6.2203100586e+02 6.2196398926e+02 6.2189001465e+02 6.2186297607e+02 6.2176702881e+02 6.2159698486e+02 6.2139801025e+02 6.2117602539e+02 6.2099902344e+02 6.2102001953e+02 6.2128698730e+02 6.2166601563e+02 6.2211102295e+02 6.2248602295e+02 6.2271899414e+02 6.2285601807e+02 6.2287799072e+02 6.2288000488e+02 6.2284600830e+02 6.2280902100e+02 6.2277502441e+02 6.2275500488e+02 6.2274902344e+02 6.2277697754e+02 6.2283398438e+02
