TESTSERVER/15/11.asc
NCOLS 100
NROWS 100
XLLCORNER 8.2497500000e+03
YLLCORNER 2.8940025000e+05
CELLSIZE 5.0000000000e-01
NODATA_VALUE -9.9990000000e+03
[rows 60 to 79 of 100, columns 46 to 91 of 100]
6.3984301758e+02 6.3985101318e+02 6.3984497070e+02 6.3981701660e+02 6.3977899170e+02 6.3975799561e+02 6.3976098633e+02 6.3973699951e+02 6.3971099854e+02 6.3968701172e+02 6.3967498779e+02 6.3967700195e+02 6.3967602539e+02 6.3958898926e+02 6.3953100586e+02 6.3950701904e+02 6.3950598145e+02 6.3954302979e+02 6.3955798340e+02 6.3954998779e+02 6.3954199219e+02 6.3952301025e+02 6.3950402832e+02 6.3946002197e+02 6.3935699463e+02 6.3922802734e+02 6.3911700439e+02 6.3904199219e+02 6.3899298096e+02 6.3881201172e+02 6.3865600586e+02 6.3853997803e+02 6.3844702148e+02 6.3837902832e+02 6.3837097168e+02 6.3838500977e+02 6.3836700439e+02 6.3823101807e+02 6.3810198975e+02 6.3799902344e+02 6.3791497803e+02 6.3791400146e+02 6.3787298584e+02 6.3780700684e+02 6.3774102783e+02 6.3760101318e+02
6.3985601807e+02 6.3988000488e+02 6.3987298584e+02 6.3984600830e+02 6.3982897949e+02 6.3983599854e+02 6.3987902832e+02 6.3986901855e+02 6.3982098389e+02 6.3978002930e+02 6.3976702881e+02 6.3975299072e+02 6.3975000000e+02 6.3969500732e+02 6.3965899658e+02 6.3964398193e+02 6.3965899658e+02 6.3971099854e+02 6.3970898438e+02 6.3969799805e+02 6.3973797607e+02 6.3974597168e+02 6.3969396973e+02 6.3961798096e+02 6.3951202393e+02 6.3938201904e+02 6.3927099609e+02 6.3921502686e+02 6.3920001221e+02 6.3908697510e+02 6.3893200684e+02 6.3877697754e+02 6.3864697266e+02 6.3856298828e+02 6.3853399658e+02 6.3853100586e+02 6.3850097656e+02 6.3841601563e+02 6.3830603027e+02 6.3819702148e+02 6.3809497070e+02 6.3805700684e+02 6.3802099609e+02 6.3797198486e+02 6.3789801025e+02 6.3778198242e+02
6.3988000488e+02 6.3990899658e+02 6.3990698242e+02 6.3988702393e+02 6.3988500977e+02 6.3991400146e+02 6.3997900391e+02 6.3997698975e+02 6.3994201660e+02 6.3985302734e+02 6.3981500244e+02 6.3979400635e+02 6.3977899170e+02 6.3975299072e+02 6.3974902344e+02 6.3975701904e+02 6.3978302002e+02 6.3982800293e+02 6.3982299805e+02 6.3982202148e+02 6.3987902832e+02 6.3987200928e+02 6.3979199219e+02 6.3972100830e+02 6.3964801025e+02 6.3953399658e+02 6.3941900635e+02 6.3934301758e+02 6.3930999756e+02 6.3922802734e+02 6.3910498047e+02 6.3896600342e+02 6.3883398438e+02 6.3873101807e+02 6.3868798828e+02 6.3866900635e+02 6.3861901855e+02 6.3854602051e+02 6.3847100830e+02 6.3839300537e+02 6.3830603027e+02 6.3825598145e+02 6.3820501709e+02 6.3815600586e+02 6.3807098389e+02 6.3791699219e+02
6.3986999512e+02 6.3991601563e+02 6.3992901611e+02 6.3991900635e+02 6.3992498779e+02 6.3997399902e+02 6.4005200195e+02 6.4006597900e+02 6.4005401611e+02 6.3993499756e+02 6.3986798096e+02 6.3984002686e+02 6.3979998779e+02 6.3976898193e+02 6.3978198242e+02 6.3981597900e+02 6.3985797119e+02 6.3989202881e+02 6.3990698242e+02 6.3992797852e+02 6.3996502686e+02 6.3992498779e+02 6.3984802246e+02 6.3980700684e+02 6.3977197266e+02 6.3968298340e+02 6.3956701660e+02 6.3946301270e+02 6.3938397217e+02 6.3929797363e+02 6.3921502686e+02 6.3912500000e+02 6.3901702881e+02 6.3890802002e+02 6.3885498047e+02 6.3882299805e+02 6.3876702881e+02 6.3868402100e+02 6.3860797119e+02 6.3853997803e+02 6.3847198486e+02 6.3843798828e+02 6.3837701416e+02 6.3832800293e+02 6.3825799561e+02 6.3808001709e+02
6.3980603027e+02 6.3986901855e+02 6.3990399170e+02 6.3990698242e+02 6.3993798828e+02 6.4001300049e+02 6.4007598877e+02 6.4007897949e+02 6.4005401611e+02 6.3999102783e+02 6.3993298340e+02 6.3991198730e+02 6.3986798096e+02 6.3979602051e+02 6.3977697754e+02 6.3981402588e+02 6.3988299561e+02 6.3992401123e+02 6.3995898438e+02 6.3999499512e+02 6.4002801514e+02 6.3998199463e+02 6.3992999268e+02 6.3990100098e+02 6.3986700439e+02 6.3982598877e+02 6.3971600342e+02 6.3958801270e+02 6.3949298096e+02 6.3937902832e+02 6.3932202148e+02 6.3927697754e+02 6.3920300293e+02 6.3910998535e+02 6.3905200195e+02 6.3900701904e+02 6.3893701172e+02 6.3884997559e+02 6.3875897217e+02 6.3866400146e+02 6.3858398438e+02 6.3855102539e+02 6.3849401855e+02 6.3843798828e+02 6.3836999512e+02 6.3827099609e+02
6.3972399902e+02 6.3977697754e+02 6.3982897949e+02 6.3986602783e+02 6.3994097900e+02 6.4004101563e+02 6.4008197021e+02 6.4005603027e+02 6.4004602051e+02 6.4000897217e+02 6.3994396973e+02 6.3991400146e+02 6.3988702393e+02 6.3983599854e+02 6.3981896973e+02 6.3983697510e+02 6.3988000488e+02 6.3994299316e+02 6.4000201416e+02 6.4003802490e+02 6.4005700684e+02 6.4002801514e+02 6.3999798584e+02 6.3998797607e+02 6.3997399902e+02 6.3995202637e+02 6.3985101318e+02 6.3970599365e+02 6.3958898926e+02 6.3948101807e+02 6.3943103027e+02 6.3940502930e+02 6.3936297607e+02 6.3930700684e+02 6.3924298096e+02 6.3916302490e+02 6.3905200195e+02 6.3897198486e+02 6.3889398193e+02 6.3880902100e+02 6.3873901367e+02 6.3871801758e+02 6.3863598633e+02 6.3852899170e+02 6.3844396973e+02 6.3837597656e+02
6.3968701172e+02 6.3971801758e+02 6.3975201416e+02 6.3978900146e+02 6.3989697266e+02 6.4004302979e+02 6.4009399414e+02 6.4007000732e+02 6.4005499268e+02 6.4000299072e+02 6.3993402100e+02 6.3989898682e+02 6.3988500977e+02 6.3985900879e+02 6.3985302734e+02 6.3986499023e+02 6.3989202881e+02 6.3996600342e+02 6.4003100586e+02 6.4005798340e+02 6.4006097412e+02 6.4004901123e+02 6.4003399658e+02 6.4003698730e+02 6.4003997803e+02 6.4002398682e+02 6.3995001221e+02 6.3984600830e+02 6.3973400879e+02 6.3961199951e+02 6.3953997803e+02 6.3950598145e+02 6.3947198486e+02 6.3941900635e+02 6.3935498047e+02 6.3927099609e+02 6.3916497803e+02 6.3908502197e+02 6.3902301025e+02 6.3896801758e+02 6.3891497803e+02 6.3889001465e+02 6.3878100586e+02 6.3863500977e+02 6.3852600098e+02 6.3844897461e+02
6.3967901611e+02 6.3970397949e+02 6.3971600342e+02 6.3971697998e+02 6.3979400635e+02 6.3992602539e+02 6.4001599121e+02 6.4005999756e+02 6.4004602051e+02 6.3998999023e+02 6.3993298340e+02 6.3989801025e+02 6.3987500000e+02 6.3984802246e+02 6.3984997559e+02 6.3986999512e+02 6.3990399170e+02 6.3996398926e+02 6.4001300049e+02 6.4003302002e+02 6.4004199219e+02 6.4005798340e+02 6.4006896973e+02 6.4007897949e+02 6.4008300781e+02 6.4007000732e+02 6.4000897217e+02 6.3993701172e+02 6.3985601807e+02 6.3973901367e+02 6.3966101074e+02 6.3960998535e+02 6.3955902100e+02 6.3950402832e+02 6.3944097900e+02 6.3937298584e+02 6.3929602051e+02 6.3922302246e+02 6.3917498779e+02 6.3914300537e+02 6.3909002686e+02 6.3902197266e+02 6.3888500977e+02 6.3873199463e+02 6.3863201904e+02 6.3856597900e+02
6.3963702393e+02 6.3969097900e+02 6.3971197510e+02 6.3969702148e+02 6.3969702148e+02 6.3973400879e+02 6.3979400635e+02 6.3986602783e+02 6.3986499023e+02 6.3988000488e+02 6.3987097168e+02 6.3985101318e+02 6.3982702637e+02 6.3980401611e+02 6.3980999756e+02 6.3984600830e+02 6.3989398193e+02 6.3991101074e+02 6.3992700195e+02 6.3995501709e+02 6.4000402832e+02 6.4007098389e+02 6.4013500977e+02 6.4016198730e+02 6.4014501953e+02 6.4013000488e+02 6.4008801270e+02 6.4001800537e+02 6.3994702148e+02 6.3987701416e+02 6.3982000732e+02 6.3975402832e+02 6.3967498779e+02 6.3960998535e+02 6.3953997803e+02 6.3946997070e+02 6.3940197754e+02 6.3935900879e+02 6.3933599854e+02 6.3931097412e+02 6.3925402832e+02 6.3914801025e+02 6.3900402832e+02 6.3886297607e+02 6.3875299072e+02 6.3869396973e+02
6.3951000977e+02 6.3960699463e+02 6.3969396973e+02 6.3973199463e+02 6.3971398926e+02 6.3969500732e+02 6.3968200684e+02 6.3968402100e+02 6.3969500732e+02 6.3971197510e+02 6.3971600342e+02 6.3971899414e+02 6.3972399902e+02 6.3973101807e+02 6.3975201416e+02 6.3977502441e+02 6.3978802490e+02 6.3979602051e+02 6.3981298828e+02 6.3986199951e+02 6.3995098877e+02 6.4006799316e+02 6.4020202637e+02 6.4026800537e+02 6.4023602295e+02 6.4018402100e+02 6.4013500977e+02 6.4008599854e+02 6.4004400635e+02 6.3999700928e+02 6.3995599365e+02 6.3989898682e+02 6.3981201172e+02 6.3973602295e+02 6.3965100098e+02 6.3956298828e+02 6.3949499512e+02 6.3947802734e+02 6.3948797607e+02 6.3946801758e+02 6.3938598633e+02 6.3927301025e+02 6.3911602783e+02 6.3899102783e+02 6.3888598633e+02 6.3880499268e+02
6.3935900879e+02 6.3944201660e+02 6.3957000732e+02 6.3968402100e+02 6.3971600342e+02 6.3969799805e+02 6.3965600586e+02 6.3963201904e+02 6.3963598633e+02 6.3963500977e+02 6.3963098145e+02 6.3963397217e+02 6.3964398193e+02 6.3965600586e+02 6.3967498779e+02 6.3968298340e+02 6.3968499756e+02 6.3970397949e+02 6.3973297119e+02 6.3978698730e+02 6.3988800049e+02 6.4003900146e+02 6.4019000244e+02 6.4025701904e+02 6.4022302246e+02 6.4018103027e+02 6.4015600586e+02 6.4013598633e+02 6.4012402344e+02 6.4011297607e+02 6.4012200928e+02 6.4009698486e+02 6.3999298096e+02 6.3988598633e+02 6.3978302002e+02 6.3969201660e+02 6.3962402344e+02 6.3960198975e+02 6.3961401367e+02 6.3960101318e+02 6.3953802490e+02 6.3943298340e+02 6.3928002930e+02 6.3915197754e+02 6.3903002930e+02 6.3893402100e+02
6.3926898193e+02 6.3931402588e+02 6.3939099121e+02 6.3950000000e+02 6.3958599854e+02 6.3961199951e+02 6.3958300781e+02 6.3956500244e+02 6.3960601807e+02 6.3962298584e+02 6.3961499023e+02 6.3960797119e+02 6.3961199951e+02 6.3961297607e+02 6.3962500000e+02 6.3963201904e+02 6.3963897705e+02 6.3967199707e+02 6.3970697021e+02 6.3975000000e+02 6.3983001709e+02 6.3996899414e+02 6.4008898926e+02 6.4013397217e+02 6.4011999512e+02 6.4011700439e+02 6.4013299561e+02 6.4014300537e+02 6.4016400146e+02 6.4019598389e+02 6.4026397705e+02 6.4027801514e+02 6.4016998291e+02 6.4004699707e+02 6.3994000244e+02 6.3985400391e+02 6.3978601074e+02 6.3975598145e+02 6.3973901367e+02 6.3970098877e+02 6.3965100098e+02 6.3958001709e+02 6.3945898438e+02 6.3932598877e+02 6.3917102051e+02 6.3905499268e+02
6.3927301025e+02 6.3929901123e+02 6.3927801514e+02 6.3928302002e+02 6.3934802246e+02 6.3945001221e+02 6.3948199463e+02 6.3949902344e+02 6.3956597900e+02 6.3961401367e+02 6.3961700439e+02 6.3961401367e+02 6.3963397217e+02 6.3962701416e+02 6.3963201904e+02 6.3963702393e+02 6.3964099121e+02 6.3967199707e+02 6.3969396973e+02 6.3972698975e+02 6.3978601074e+02 6.3990899658e+02 6.3999401855e+02 6.4002801514e+02 6.4006402588e+02 6.4007800293e+02 6.4009301758e+02 6.4012298584e+02 6.4017901611e+02 6.4022900391e+02 6.4030297852e+02 6.4033398438e+02 6.4026397705e+02 6.4018402100e+02 6.4009997559e+02 6.4003497314e+02 6.3999298096e+02 6.3996301270e+02 6.3991400146e+02 6.3983099365e+02 6.3975000000e+02 6.3967999268e+02 6.3958502197e+02 6.3944598389e+02 6.3926397705e+02 6.3915399170e+02
6.3928997803e+02 6.3929302979e+02 6.3926702881e+02 6.3923699951e+02 6.3925701904e+02 6.3933001709e+02 6.3939599609e+02 6.3946197510e+02 6.3954101563e+02 6.3959100342e+02 6.3960699463e+02 6.3962298584e+02 6.3966900635e+02 6.3970202637e+02 6.3973999023e+02 6.3975701904e+02 6.3972998047e+02 6.3970001221e+02 6.3968499756e+02 6.3970697021e+02 6.3975701904e+02 6.3984399414e+02 6.3989697266e+02 6.3992602539e+02 6.3996600342e+02 6.4001702881e+02 6.4005700684e+02 6.4011798096e+02 6.4021899414e+02 6.4028997803e+02 6.4032598877e+02 6.4033898926e+02 6.4031402588e+02 6.4029498291e+02 6.4025000000e+02 6.4021197510e+02 6.4019799805e+02 6.4014801025e+02 6.4008398438e+02 6.3999597168e+02 6.3988299561e+02 6.3980999756e+02 6.3968798828e+02 6.3952697754e+02 6.3936499023e+02 6.3925000000e+02
6.3923101807e+02 6.3924102783e+02 6.3926898193e+02 6.3926702881e+02 6.3925799561e+02 6.3929797363e+02 6.3935400391e+02 6.3942297363e+02 6.3948999023e+02 6.3958898926e+02 6.3963800049e+02 6.3965600586e+02 6.3969598389e+02 6.3975201416e+02 6.3981701660e+02 6.3985400391e+02 6.3982702637e+02 6.3976898193e+02 6.3972399902e+02 6.3971801758e+02 6.3973199463e+02 6.3976397705e+02 6.3978399658e+02 6.3980603027e+02 6.3985101318e+02 6.3993499756e+02 6.4002600098e+02 6.4013500977e+02 6.4024298096e+02 6.4028100586e+02 6.4028601074e+02 6.4029901123e+02 6.4030603027e+02 6.4030499268e+02 6.4029101563e+02 6.4027697754e+02 6.4026202393e+02 6.4020800781e+02 6.4014801025e+02 6.4005401611e+02 6.3994702148e+02 6.3987097168e+02 6.3974200439e+02 6.3959600830e+02 6.3948699951e+02 6.3937799072e+02
6.3917199707e+02 6.3920898438e+02 6.3929901123e+02 6.3932897949e+02 6.3928698730e+02 6.3928997803e+02 6.3931201172e+02 6.3934899902e+02 6.3942102051e+02 6.3958099365e+02 6.3965899658e+02 6.3967199707e+02 6.3970001221e+02 6.3975402832e+02 6.3981799316e+02 6.3986499023e+02 6.3987200928e+02 6.3983099365e+02 6.3977600098e+02 6.3974798584e+02 6.3973498535e+02 6.3972497559e+02 6.3971002197e+02 6.3970697021e+02 6.3973498535e+02 6.3981097412e+02 6.3991900635e+02 6.4005297852e+02 6.4016497803e+02 6.4018597412e+02 6.4020397949e+02 6.4025097656e+02 6.4029602051e+02 6.4031097412e+02 6.4030401611e+02 6.4027600098e+02 6.4022998047e+02 6.4017797852e+02 6.4012701416e+02 6.4004302979e+02 6.3995898438e+02 6.3989300537e+02 6.3979199219e+02 6.3970397949e+02 6.3965997314e+02 6.3957897949e+02
6.3914898682e+02 6.3918298340e+02 6.3927398682e+02 6.3929998779e+02 6.3924401855e+02 6.3926000977e+02 6.3925701904e+02 6.3927099609e+02 6.3939697266e+02 6.3954797363e+02 6.3962500000e+02 6.3964697266e+02 6.3970202637e+02 6.3974499512e+02 6.3978900146e+02 6.3982397461e+02 6.3984301758e+02 6.3983502197e+02 6.3981701660e+02 6.3980200195e+02 6.3977600098e+02 6.3971997070e+02 6.3968103027e+02 6.3966198730e+02 6.3967297363e+02 6.3970098877e+02 6.3975402832e+02 6.3985900879e+02 6.3999298096e+02 6.4005499268e+02 6.4012298584e+02 6.4020599365e+02 6.4029400635e+02 6.4035797119e+02 6.4035302734e+02 6.4028399658e+02 6.4020001221e+02 6.4015502930e+02 6.4011102295e+02 6.4005102539e+02 6.4000500488e+02 6.3995898438e+02 6.3989599609e+02 6.3986199951e+02 6.3981701660e+02 6.3977600098e+02
6.3906201172e+02 6.3909197998e+02 6.3913800049e+02 6.3915399170e+02 6.3915600586e+02 6.3916400146e+02 6.3916400146e+02 6.3919702148e+02 6.3936499023e+02 6.3948699951e+02 6.3955700684e+02 6.3960797119e+02 6.3967602539e+02 6.3972100830e+02 6.3975897217e+02 6.3978399658e+02 6.3979199219e+02 6.3981097412e+02 6.3989001465e+02 6.3990802002e+02 6.3979199219e+02 6.3973101807e+02 6.3969500732e+02 6.3967297363e+02 6.3967199707e+02 6.3967700195e+02 6.3968402100e+02 6.3975701904e+02 6.3989501953e+02 6.3996099854e+02 6.4004498291e+02 6.4014001465e+02 6.4024700928e+02 6.4035101318e+02 6.4035601807e+02 6.4028802490e+02 6.4022302246e+02 6.4016802979e+02 6.4010101318e+02 6.4006896973e+02 6.4007202148e+02 6.4006896973e+02 6.4002600098e+02 6.3998797607e+02 6.3993402100e+02 6.3994299316e+02
6.3889697266e+02 6.3895300293e+02 6.3898699951e+02 6.3899298096e+02 6.3900598145e+02 6.3901000977e+02 6.3904101563e+02 6.3910797119e+02 6.3925701904e+02 6.3937500000e+02 6.3945202637e+02 6.3952001953e+02 6.3959600830e+02 6.3964202881e+02 6.3968200684e+02 6.3971801758e+02 6.3971899414e+02 6.3972601318e+02 6.3982702637e+02 6.3986102295e+02 6.3975799561e+02 6.3974200439e+02 6.3970599365e+02 6.3967297363e+02 6.3966497803e+02 6.3966601563e+02 6.3966302490e+02 6.3971301270e+02 6.3981701660e+02 6.3986602783e+02 6.3994897461e+02 6.4005798340e+02 6.4016699219e+02 6.4025799561e+02 6.4027697754e+02 6.4024597168e+02 6.4021398926e+02 6.4014501953e+02 6.4008001709e+02 6.4006896973e+02 6.4009997559e+02 6.4015502930e+02 6.4014801025e+02 6.4010601807e+02 6.4004901123e+02 6.4004602051e+02
6.3866601563e+02 6.3875299072e+02 6.3880798340e+02 6.3882397461e+02 6.3884899902e+02 6.3885998535e+02 6.3888098145e+02 6.3892297363e+02 6.3903002930e+02 6.3922802734e+02 6.3935699463e+02 6.3943200684e+02 6.3949401855e+02 6.3953198242e+02 6.3956500244e+02 6.3959997559e+02 6.3961297607e+02 6.3963397217e+02 6.3970098877e+02 6.3971600342e+02 6.3968597412e+02 6.3971502686e+02 6.3969500732e+02 6.3966699219e+02 6.3966101074e+02 6.3966699219e+02 6.3966302490e+02 6.3968701172e+02 6.3974200439e+02 6.3976000977e+02 6.3982202148e+02 6.3991699219e+02 6.4003198242e+02 6.4012500000e+02 6.4016497803e+02 6.4016497803e+02 6.4015100098e+02 6.4008398438e+02 6.4004400635e+02 6.4003198242e+02 6.4003997803e+02 6.4009802246e+02 6.4010101318e+02 6.4006097412e+02 6.4002099609e+02 6.3997399902e+02
