TESTSERVER/15/11.asc
NCOLS 100
NROWS 100
XLLCORNER 8.2497500000e+03
YLLCORNER 2.8940025000e+05
CELLSIZE 5.0000000000e-01
NODATA_VALUE -9.9990000000e+03
[rows 40 to 59 of 100, columns 0 to 45 of 100]
6.3858599854e+02 6.3865197754e+02 6.3871002197e+02 6.3876300049e+02 6.3880798340e+02 6.3882598877e+02 6.3883801270e+02 6.3884997559e+02 6.3892602539e+02 6.3902398682e+02 6.3904602051e+02 6.3903601074e+02 6.3900701904e+02 6.3895599365e+02 6.3890899658e+02 6.3890802002e+02 6.3892700195e+02 6.3893798828e+02 6.3891699219e+02 6.3883197021e+02 6.3870501709e+02 6.3857397461e+02 6.3848602295e+02 6.3836901855e+02 6.3828302002e+02 6.3826000977e+02 6.3825299072e+02 6.3823999023e+02 6.3825701904e+02 6.3828302002e+02 6.3828198242e+02 6.3821899414e+02 6.3813201904e+02 6.3803802490e+02 6.3794897461e+02 6.3780102539e+02 6.3771502686e+02 6.3770501709e+02 6.3770898438e+02 6.3772698975e+02 6.3772302246e+02 6.3766601563e+02 6.3753399658e+02 6.3742102051e+02 6.3730999756e+02 6.3721002197e+02
6.3851000977e+02 6.3857800293e+02 6.3862097168e+02 6.3869097900e+02 6.3875201416e+02 6.3879199219e+02 6.3884698486e+02 6.3891998291e+02 6.3903100586e+02 6.3912298584e+02 6.3911401367e+02 6.3905102539e+02 6.3900097656e+02 6.3895800781e+02 6.3892498779e+02 6.3895001221e+02 6.3901800537e+02 6.3906298828e+02 6.3905200195e+02 6.3898101807e+02 6.3886999512e+02 6.3877600098e+02 6.3870300293e+02 6.3859399414e+02 6.3848797607e+02 6.3843298340e+02 6.3842999268e+02 6.3844299316e+02 6.3847601318e+02 6.3851800537e+02 6.3851300049e+02 6.3841198730e+02 6.3830999756e+02 6.3824700928e+02 6.3819897461e+02 6.3807299805e+02 6.3797302246e+02 6.3792797852e+02 6.3790997314e+02 6.3793200684e+02 6.3797601318e+02 6.3796398926e+02 6.3783697510e+02 6.3772698975e+02 6.3763098145e+02 6.3753497314e+02
6.3841497803e+02 6.3847802734e+02 6.3852001953e+02 6.3860900879e+02 6.3868701172e+02 6.3875799561e+02 6.3885900879e+02 6.3897302246e+02 6.3907299805e+02 6.3913897705e+02 6.3912097168e+02 6.3905297852e+02 6.3899597168e+02 6.3896002197e+02 6.3896398926e+02 6.3902697754e+02 6.3911999512e+02 6.3915802002e+02 6.3913201904e+02 6.3907702637e+02 6.3900299072e+02 6.3894702148e+02 6.3889202881e+02 6.3880700684e+02 6.3870800781e+02 6.3864501953e+02 6.3864398193e+02 6.3866601563e+02 6.3868298340e+02 6.3868902588e+02 6.3866699219e+02 6.3857202148e+02 6.3851501465e+02 6.3848797607e+02 6.3845697021e+02 6.3837298584e+02 6.3828100586e+02 6.3822698975e+02 6.3820397949e+02 6.3819598389e+02 6.3820300293e+02 6.3818499756e+02 6.3808801270e+02 6.3801300049e+02 6.3793200684e+02 6.3784100342e+02
6.3831500244e+02 6.3837902832e+02 6.3843200684e+02 6.3851202393e+02 6.3858898926e+02 6.3866400146e+02 6.3877697754e+02 6.3890399170e+02 6.3898498535e+02 6.3903601074e+02 6.3903698730e+02 6.3901898193e+02 6.3899499512e+02 6.3898199463e+02 6.3902801514e+02 6.3913397217e+02 6.3923699951e+02 6.3924298096e+02 6.3917700195e+02 6.3914300537e+02 6.3911798096e+02 6.3909899902e+02 6.3906799316e+02 6.3902197266e+02 6.3894097900e+02 6.3890002441e+02 6.3891802979e+02 6.3892498779e+02 6.3892297363e+02 6.3890600586e+02 6.3887402344e+02 6.3880999756e+02 6.3878302002e+02 6.3873999023e+02 6.3867602539e+02 6.3863702393e+02 6.3856896973e+02 6.3852301025e+02 6.3851202393e+02 6.3847698975e+02 6.3844000244e+02 6.3840698242e+02 6.3832702637e+02 6.3824499512e+02 6.3816400146e+02 6.3809301758e+02
6.3821801758e+02 6.3828302002e+02 6.3835699463e+02 6.3843402100e+02 6.3850299072e+02 6.3854602051e+02 6.3857202148e+02 6.3866900635e+02 6.3877899170e+02 6.3888098145e+02 6.3895501709e+02 6.3897802734e+02 6.3900598145e+02 6.3903302002e+02 6.3910198975e+02 6.3921801758e+02 6.3932000732e+02 6.3930902100e+02 6.3922399902e+02 6.3920599365e+02 6.3921502686e+02 6.3922399902e+02 6.3921801758e+02 6.3920001221e+02 6.3915802002e+02 6.3915100098e+02 6.3918597412e+02 6.3917401123e+02 6.3916802979e+02 6.3916101074e+02 6.3913201904e+02 6.3909100342e+02 6.3905200195e+02 6.3898498535e+02 6.3892297363e+02 6.3886102295e+02 6.3879498291e+02 6.3875000000e+02 6.3875201416e+02 6.3874298096e+02 6.3871899414e+02 6.3870599365e+02 6.3863397217e+02 6.3848199463e+02 6.3836602783e+02 6.3830902100e+02
6.3818200684e+02 6.3822998047e+02 6.3829699707e+02 6.3836999512e+02 6.3844396973e+02 6.3849102783e+02 6.3852001953e+02 6.3860302734e+02 6.3869201660e+02 6.3878601074e+02 6.3887799072e+02 6.3892797852e+02 6.3898297119e+02 6.3903198242e+02 6.3908898926e+02 6.3919201660e+02 6.3930200195e+02 6.3930798340e+02 6.3925097656e+02 6.3926098633e+02 6.3928802490e+02 6.3930999756e+02 6.3931701660e+02 6.3931298828e+02 6.3930297852e+02 6.3930603027e+02 6.3933801270e+02 6.3936901855e+02 6.3941302490e+02 6.3943402100e+02 6.3940002441e+02 6.3935797119e+02 6.3932800293e+02 6.3928100586e+02 6.3922698975e+02 6.3914599609e+02 6.3904199219e+02 6.3897900391e+02 6.3899499512e+02 6.3897998047e+02 6.3895501709e+02 6.3895098877e+02 6.3888702393e+02 6.3873901367e+02 6.3860498047e+02 6.3853198242e+02
6.3819500732e+02 6.3823101807e+02 6.3828399658e+02 6.3833300781e+02 6.3838000488e+02 6.3842797852e+02 6.3849499512e+02 6.3858599854e+02 6.3866601563e+02 6.3875299072e+02 6.3884197998e+02 6.3889501953e+02 6.3894702148e+02 6.3899102783e+02 6.3904998779e+02 6.3915698242e+02 6.3927099609e+02 6.3929797363e+02 6.3927600098e+02 6.3930297852e+02 6.3933801270e+02 6.3937200928e+02 6.3938500977e+02 6.3939501953e+02 6.3942199707e+02 6.3944702148e+02 6.3948699951e+02 6.3954699707e+02 6.3960900879e+02 6.3964501953e+02 6.3962902832e+02 6.3960400391e+02 6.3958898926e+02 6.3957202148e+02 6.3953198242e+02 6.3946301270e+02 6.3935101318e+02 6.3926300049e+02 6.3927301025e+02 6.3926098633e+02 6.3925500488e+02 6.3924401855e+02 6.3916497803e+02 6.3901300049e+02 6.3886602783e+02 6.3877301025e+02
6.3820599365e+02 6.3824902344e+02 6.3829797363e+02 6.3832702637e+02 6.3835302734e+02 6.3840100098e+02 6.3848101807e+02 6.3855297852e+02 6.3862701416e+02 6.3871801758e+02 6.3882098389e+02 6.3888299561e+02 6.3892700195e+02 6.3896600342e+02 6.3903802490e+02 6.3914599609e+02 6.3924700928e+02 6.3928198242e+02 6.3928802490e+02 6.3930700684e+02 6.3933099365e+02 6.3936602783e+02 6.3940100098e+02 6.3944598389e+02 6.3950897217e+02 6.3957702637e+02 6.3965600586e+02 6.3973199463e+02 6.3977001953e+02 6.3978802490e+02 6.3978302002e+02 6.3977099609e+02 6.3977899170e+02 6.3979901123e+02 6.3979400635e+02 6.3979498291e+02 6.3972100830e+02 6.3960998535e+02 6.3959100342e+02 6.3962500000e+02 6.3965100098e+02 6.3958898926e+02 6.3941900635e+02 6.3925097656e+02 6.3910400391e+02 6.3900000000e+02
6.3814599609e+02 6.3819000244e+02 6.3826300049e+02 6.3831500244e+02 6.3835302734e+02 6.3841400146e+02 6.3849798584e+02 6.3856402588e+02 6.3863702393e+02 6.3872302246e+02 6.3880700684e+02 6.3886700439e+02 6.3891302490e+02 6.3897198486e+02 6.3906298828e+02 6.3914300537e+02 6.3921301270e+02 6.3925201416e+02 6.3928002930e+02 6.3928601074e+02 6.3928497314e+02 6.3931402588e+02 6.3938201904e+02 6.3944201660e+02 6.3950500488e+02 6.3960797119e+02 6.3975500488e+02 6.3983599854e+02 6.3985900879e+02 6.3986901855e+02 6.3989697266e+02 6.3988800049e+02 6.3990197754e+02 6.3994799805e+02 6.3998699951e+02 6.3999700928e+02 6.3997100830e+02 6.3988201904e+02 6.3984802246e+02 6.3986700439e+02 6.3985101318e+02 6.3974298096e+02 6.3958197021e+02 6.3942797852e+02 6.3930200195e+02 6.3921600342e+02
6.3805902100e+02 6.3809899902e+02 6.3817297363e+02 6.3826501465e+02 6.3833502197e+02 6.3841998291e+02 6.3853698730e+02 6.3862200928e+02 6.3868902588e+02 6.3875799561e+02 6.3882000732e+02 6.3886901855e+02 6.3891802979e+02 6.3897198486e+02 6.3903698730e+02 6.3910797119e+02 6.3917901611e+02 6.3923199463e+02 6.3926098633e+02 6.3926000977e+02 6.3924597168e+02 6.3926202393e+02 6.3933001709e+02 6.3940698242e+02 6.3948199463e+02 6.3957702637e+02 6.3969598389e+02 6.3982897949e+02 6.3989202881e+02 6.3991400146e+02 6.3994598389e+02 6.3996997070e+02 6.3998199463e+02 6.4000701904e+02 6.4003399658e+02 6.4005999756e+02 6.4005297852e+02 6.4001800537e+02 6.3999200439e+02 6.3997698975e+02 6.3993798828e+02 6.3986199951e+02 6.3976098633e+02 6.3964099121e+02 6.3953399658e+02 6.3944897461e+02
6.3793902588e+02 6.3804901123e+02 6.3811999512e+02 6.3822698975e+02 6.3833599854e+02 6.3845300293e+02 6.3859802246e+02 6.3871002197e+02 6.3873901367e+02 6.3875897217e+02 6.3882202148e+02 6.3888201904e+02 6.3893499756e+02 6.3898602295e+02 6.3903601074e+02 6.3909100342e+02 6.3915002441e+02 6.3919702148e+02 6.3921997070e+02 6.3921997070e+02 6.3921600342e+02 6.3923101807e+02 6.3928900146e+02 6.3938098145e+02 6.3947399902e+02 6.3955297852e+02 6.3962597656e+02 6.3975701904e+02 6.3982800293e+02 6.3987402344e+02 6.3993200684e+02 6.4001300049e+02 6.4005798340e+02 6.4008001709e+02 6.4008197021e+02 6.4010797119e+02 6.4011199951e+02 6.4009600830e+02 6.4008197021e+02 6.4005798340e+02 6.4003002930e+02 6.3998699951e+02 6.3992199707e+02 6.3985198975e+02 6.3977899170e+02 6.3968298340e+02
6.3770898438e+02 6.3792199707e+02 6.3805102539e+02 6.3817797852e+02 6.3832897949e+02 6.3846301270e+02 6.3860101318e+02 6.3872998047e+02 6.3875402832e+02 6.3875097656e+02 6.3881799316e+02 6.3889398193e+02 6.3894799805e+02 6.3900000000e+02 6.3905700684e+02 6.3910601807e+02 6.3914898682e+02 6.3918103027e+02 6.3919299316e+02 6.3920697021e+02 6.3922802734e+02 6.3925299072e+02 6.3929998779e+02 6.3938897705e+02 6.3948199463e+02 6.3954797363e+02 6.3959100342e+02 6.3966497803e+02 6.3970501709e+02 6.3976300049e+02 6.3985900879e+02 6.3998797607e+02 6.4007299805e+02 6.4012200928e+02 6.4013500977e+02 6.4016699219e+02 6.4017297363e+02 6.4014300537e+02 6.4012200928e+02 6.4011102295e+02 6.4009399414e+02 6.4006500244e+02 6.4001702881e+02 6.3997698975e+02 6.3992999268e+02 6.3984197998e+02
6.3733001709e+02 6.3762500000e+02 6.3788598633e+02 6.3807800293e+02 6.3826202393e+02 6.3839398193e+02 6.3849700928e+02 6.3859802246e+02 6.3867602539e+02 6.3872100830e+02 6.3877398682e+02 6.3886297607e+02 6.3892700195e+02 6.3899597168e+02 6.3908001709e+02 6.3914398193e+02 6.3917498779e+02 6.3918402100e+02 6.3918902588e+02 6.3921398926e+02 6.3925500488e+02 6.3929498291e+02 6.3934301758e+02 6.3941802979e+02 6.3950000000e+02 6.3956097412e+02 6.3960101318e+02 6.3961499023e+02 6.3961199951e+02 6.3966302490e+02 6.3976098633e+02 6.3988000488e+02 6.3997302246e+02 6.4006201172e+02 6.4015899658e+02 6.4026098633e+02 6.4027001953e+02 6.4020098877e+02 6.4013800049e+02 6.4014599609e+02 6.4013299561e+02 6.4009698486e+02 6.4005499268e+02 6.4001702881e+02 6.3998199463e+02 6.3993402100e+02
6.3701599121e+02 6.3731896973e+02 6.3764599609e+02 6.3792797852e+02 6.3814697266e+02 6.3827197266e+02 6.3835797119e+02 6.3845898438e+02 6.3853802490e+02 6.3863598633e+02 6.3873101807e+02 6.3877899170e+02 6.3885498047e+02 6.3895501709e+02 6.3908502197e+02 6.3920001221e+02 6.3922802734e+02 6.3920202637e+02 6.3918597412e+02 6.3921002197e+02 6.3925500488e+02 6.3929498291e+02 6.3933898926e+02 6.3940997314e+02 6.3948297119e+02 6.3953997803e+02 6.3957299805e+02 6.3957501221e+02 6.3954699707e+02 6.3958001709e+02 6.3966302490e+02 6.3975299072e+02 6.3982702637e+02 6.3990997314e+02 6.4003997803e+02 6.4022497559e+02 6.4027899170e+02 6.4020599365e+02 6.4011999512e+02 6.4013098145e+02 6.4011798096e+02 6.4008001709e+02 6.4003802490e+02 6.4001800537e+02 6.4001098633e+02 6.3999499512e+02
6.3676898193e+02 6.3704901123e+02 6.3738000488e+02 6.3768298340e+02 6.3793499756e+02 6.3809698486e+02 6.3821899414e+02 6.3833599854e+02 6.3841101074e+02 6.3854498291e+02 6.3866497803e+02 6.3869897461e+02 6.3880999756e+02 6.3891497803e+02 6.3906298828e+02 6.3919201660e+02 6.3923199463e+02 6.3922100830e+02 6.3920501709e+02 6.3921301270e+02 6.3924200439e+02 6.3927099609e+02 6.3930902100e+02 6.3935900879e+02 6.3941400146e+02 6.3947100830e+02 6.3951702881e+02 6.3953100586e+02 6.3950000000e+02 6.3951501465e+02 6.3958197021e+02 6.3965899658e+02 6.3973400879e+02 6.3980700684e+02 6.3990600586e+02 6.4007702637e+02 6.4014300537e+02 6.4010302734e+02 6.4005999756e+02 6.4007702637e+02 6.4006896973e+02 6.4004498291e+02 6.4001300049e+02 6.4001000977e+02 6.4003399658e+02 6.4004602051e+02
6.3654998779e+02 6.3682098389e+02 6.3712500000e+02 6.3739801025e+02 6.3767297363e+02 6.3789599609e+02 6.3806701660e+02 6.3818298340e+02 6.3826898193e+02 6.3840100098e+02 6.3851501465e+02 6.3861798096e+02 6.3879302979e+02 6.3888598633e+02 6.3900897217e+02 6.3914001465e+02 6.3921301270e+02 6.3924700928e+02 6.3924102783e+02 6.3922802734e+02 6.3924499512e+02 6.3926000977e+02 6.3927899170e+02 6.3931201172e+02 6.3935101318e+02 6.3939898682e+02 6.3944598389e+02 6.3948797607e+02 6.3949798584e+02 6.3952197266e+02 6.3956799316e+02 6.3961901855e+02 6.3968798828e+02 6.3975598145e+02 6.3982098389e+02 6.3993499756e+02 6.3998400879e+02 6.3997399902e+02 6.3997802734e+02 6.3999902344e+02 6.4001000977e+02 6.4001202393e+02 6.4000000000e+02 6.4001599121e+02 6.4005798340e+02 6.4007800293e+02
6.3629797363e+02 6.3657897949e+02 6.3686700439e+02 6.3711401367e+02 6.3740802002e+02 6.3769897461e+02 6.3792199707e+02 6.3806701660e+02 6.3817297363e+02 6.3825201416e+02 6.3831701660e+02 6.3849401855e+02 6.3871197510e+02 6.3879699707e+02 6.3886499023e+02 6.3902099609e+02 6.3914001465e+02 6.3921697998e+02 6.3922998047e+02 6.3922802734e+02 6.3925000000e+02 6.3926898193e+02 6.3927301025e+02 6.3930102539e+02 6.3933898926e+02 6.3937097168e+02 6.3938897705e+02 6.3942102051e+02 6.3946600342e+02 6.3952099609e+02 6.3955999756e+02 6.3958001709e+02 6.3964398193e+02 6.3972399902e+02 6.3979901123e+02 6.3987799072e+02 6.3990002441e+02 6.3990197754e+02 6.3992297363e+02 6.3994396973e+02 6.3997399902e+02 6.3999597168e+02 6.3999597168e+02 6.4000201416e+02 6.4003100586e+02 6.4004602051e+02
6.3607397461e+02 6.3634002686e+02 6.3659698486e+02 6.3685998535e+02 6.3720697021e+02 6.3758898926e+02 6.3783697510e+02 6.3793402100e+02 6.3802899170e+02 6.3812097168e+02 6.3821600342e+02 6.3835198975e+02 6.3851599121e+02 6.3860900879e+02 6.3873602295e+02 6.3888702393e+02 6.3899499512e+02 6.3907397461e+02 6.3913897705e+02 6.3919897461e+02 6.3924700928e+02 6.3928399658e+02 6.3929901123e+02 6.3932598877e+02 6.3936901855e+02 6.3939300537e+02 6.3939898682e+02 6.3939398193e+02 6.3940899658e+02 6.3945599365e+02 6.3950402832e+02 6.3954498291e+02 6.3960498047e+02 6.3968499756e+02 6.3975799561e+02 6.3981500244e+02 6.3984197998e+02 6.3986401367e+02 6.3989099121e+02 6.3993402100e+02 6.3998400879e+02 6.4002398682e+02 6.4003698730e+02 6.4003002930e+02 6.4002301025e+02 6.4001000977e+02
6.3576800537e+02 6.3605200195e+02 6.3630297852e+02 6.3656701660e+02 6.3692401123e+02 6.3733001709e+02 6.3762597656e+02 6.3776397705e+02 6.3789099121e+02 6.3802001953e+02 6.3814898682e+02 6.3826501465e+02 6.3838098145e+02 6.3846697998e+02 6.3861499023e+02 6.3875402832e+02 6.3886102295e+02 6.3895501709e+02 6.3906896973e+02 6.3918103027e+02 6.3925097656e+02 6.3928997803e+02 6.3931597900e+02 6.3935601807e+02 6.3939801025e+02 6.3943597412e+02 6.3946899414e+02 6.3944201660e+02 6.3940399170e+02 6.3940502930e+02 6.3943200684e+02 6.3948602295e+02 6.3954998779e+02 6.3963098145e+02 6.3968902588e+02 6.3971099854e+02 6.3976397705e+02 6.3981799316e+02 6.3985498047e+02 6.3991601563e+02 6.3997900391e+02 6.4002899170e+02 6.4004498291e+02 6.4002600098e+02 6.4000097656e+02 6.3997998047e+02
6.3534197998e+02 6.3564398193e+02 6.3595001221e+02 6.3624902344e+02 6.3659600830e+02 6.3697198486e+02 6.3729101563e+02 6.3754797363e+02 6.3774499512e+02 6.3790600586e+02 6.3804498291e+02 6.3817700195e+02 6.3829998779e+02 6.3840002441e+02 6.3851702881e+02 6.3861999512e+02 6.3873297119e+02 6.3885400391e+02 6.3901098633e+02 6.3914697266e+02 6.3922302246e+02 6.3926000977e+02 6.3929998779e+02 6.3934600830e+02 6.3937402344e+02 6.3942199707e+02 6.3949298096e+02 6.3947802734e+02 6.3941302490e+02 6.3937500000e+02 6.3938098145e+02 6.3941998291e+02 6.3947698975e+02 6.3955999756e+02 6.3960797119e+02 6.3960400391e+02 6.3966400146e+02 6.3972998047e+02 6.3978100586e+02 6.3984600830e+02 6.3989099121e+02 6.3992602539e+02 6.3994201660e+02 6.3993200684e+02 6.3991497803e+02 6.3990600586e+02
