TESTSERVER/15/12.asc
NCOLS 100
NROWS 100
XLLCORNER 8.2497500000e+03
YLLCORNER 2.8935025000e+05
CELLSIZE 5.0000000000e-01
NODATA_VALUE -9.9990000000e+03
[rows 40 to 59 of 100, columns 0 to 45 of 100]
6.1470098877e+02 6.1477697754e+02 6.1486499023e+02 6.1501397705e+02 6.1518200684e+02 6.1536297607e+02 6.1553302002e+02 6.1564801025e+02 6.1574700928e+02 6.1585797119e+02 6.1601000977e+02 6.1607098389e+02 6.1605200195e+02 6.1613702393e+02 6.1625402832e+02 6.1635400391e+02 6.1638397217e+02 6.1642401123e+02 6.1654498291e+02 6.1665502930e+02 6.1677301025e+02 6.1691601563e+02 6.1708300781e+02 6.1719799805e+02 6.1728302002e+02 6.1735198975e+02 6.1742700195e+02 6.1749597168e+02 6.1753100586e+02 6.1757299805e+02 6.1770300293e+02 6.1798901367e+02 6.1805297852e+02 6.1801098633e+02 6.1801501465e+02 6.1809698486e+02 6.1818499756e+02 6.1826702881e+02 6.1834600830e+02 6.1855401611e+02 6.1875897217e+02 6.1889501953e+02 6.1899597168e+02 6.1917401123e+02 6.1933300781e+02 6.1945098877e+02
6.1442797852e+02 6.1451501465e+02 6.1459802246e+02 6.1471398926e+02 6.1488000488e+02 6.1508398438e+02 6.1528802490e+02 6.1541198730e+02 6.1547198486e+02 6.1555798340e+02 6.1573498535e+02 6.1574401855e+02 6.1568200684e+02 6.1576098633e+02 6.1586499023e+02 6.1595697021e+02 6.1608300781e+02 6.1621899414e+02 6.1634997559e+02 6.1639501953e+02 6.1647601318e+02 6.1661901855e+02 6.1675799561e+02 6.1689398193e+02 6.1698101807e+02 6.1704302979e+02 6.1710101318e+02 6.1715002441e+02 6.1720300293e+02 6.1727301025e+02 6.1736999512e+02 6.1748602295e+02 6.1755999756e+02 6.1761700439e+02 6.1769299316e+02 6.1778100586e+02 6.1788299561e+02 6.1798901367e+02 6.1810601807e+02 6.1831701660e+02 6.1848498535e+02 6.1858502197e+02 6.1869299316e+02 6.1889801025e+02 6.1903997803e+02 6.1911602783e+02
6.1412298584e+02 6.1422900391e+02 6.1434197998e+02 6.1447497559e+02 6.1463397217e+02 6.1481597900e+02 6.1500201416e+02 6.1513397217e+02 6.1517999268e+02 6.1524700928e+02 6.1540600586e+02 6.1543499756e+02 6.1544097900e+02 6.1555902100e+02 6.1566400146e+02 6.1574200439e+02 6.1586199951e+02 6.1598602295e+02 6.1605200195e+02 6.1607598877e+02 6.1616302490e+02 6.1630603027e+02 6.1644396973e+02 6.1658099365e+02 6.1667102051e+02 6.1671801758e+02 6.1675897217e+02 6.1681799316e+02 6.1690002441e+02 6.1699102783e+02 6.1705603027e+02 6.1711499023e+02 6.1719396973e+02 6.1728802490e+02 6.1739898682e+02 6.1749700928e+02 6.1760400391e+02 6.1771801758e+02 6.1785302734e+02 6.1804302979e+02 6.1817102051e+02 6.1825402832e+02 6.1837500000e+02 6.1857501221e+02 6.1871002197e+02 6.1878497314e+02
6.1380297852e+02 6.1392297363e+02 6.1405603027e+02 6.1420697021e+02 6.1436297607e+02 6.1452099609e+02 6.1465997314e+02 6.1480102539e+02 6.1489599609e+02 6.1499298096e+02 6.1514398193e+02 6.1522998047e+02 6.1530499268e+02 6.1545001221e+02 6.1558197021e+02 6.1563299561e+02 6.1569598389e+02 6.1573699951e+02 6.1571002197e+02 6.1575500488e+02 6.1586199951e+02 6.1600500488e+02 6.1614300537e+02 6.1627001953e+02 6.1636499023e+02 6.1641802979e+02 6.1644097900e+02 6.1651702881e+02 6.1662597656e+02 6.1672198486e+02 6.1677697754e+02 6.1683801270e+02 6.1692199707e+02 6.1702197266e+02 6.1712200928e+02 6.1722399902e+02 6.1735302734e+02 6.1748699951e+02 6.1761297607e+02 6.1775201416e+02 6.1785900879e+02 6.1794897461e+02 6.1806896973e+02 6.1823400879e+02 6.1835699463e+02 6.1845697021e+02
6.1350097656e+02 6.1362200928e+02 6.1374700928e+02 6.1388000488e+02 6.1404498291e+02 6.1420202637e+02 6.1432397461e+02 6.1446398926e+02 6.1464300537e+02 6.1480999756e+02 6.1491101074e+02 6.1499298096e+02 6.1510400391e+02 6.1527197266e+02 6.1544702148e+02 6.1548602295e+02 6.1549401855e+02 6.1547198486e+02 6.1545300293e+02 6.1554302979e+02 6.1564300537e+02 6.1574102783e+02 6.1582501221e+02 6.1590698242e+02 6.1603997803e+02 6.1613500977e+02 6.1614898682e+02 6.1621697998e+02 6.1632098389e+02 6.1643499756e+02 6.1657202148e+02 6.1660498047e+02 6.1668597412e+02 6.1677697754e+02 6.1686602783e+02 6.1696398926e+02 6.1709997559e+02 6.1725897217e+02 6.1737500000e+02 6.1746197510e+02 6.1759002686e+02 6.1770001221e+02 6.1781097412e+02 6.1789001465e+02 6.1797601318e+02 6.1808300781e+02
6.1322601318e+02 6.1334100342e+02 6.1346197510e+02 6.1357202148e+02 6.1374499512e+02 6.1391802979e+02 6.1406799316e+02 6.1425402832e+02 6.1443402100e+02 6.1459698486e+02 6.1471502686e+02 6.1485198975e+02 6.1502301025e+02 6.1513397217e+02 6.1518701172e+02 6.1521801758e+02 6.1524298096e+02 6.1524401855e+02 6.1526000977e+02 6.1540899658e+02 6.1550000000e+02 6.1552001953e+02 6.1552398682e+02 6.1559600830e+02 6.1576397705e+02 6.1590100098e+02 6.1594702148e+02 6.1593902588e+02 6.1601000977e+02 6.1614202881e+02 6.1631701660e+02 6.1640197754e+02 6.1649102783e+02 6.1660198975e+02 6.1671099854e+02 6.1676898193e+02 6.1689801025e+02 6.1707501221e+02 6.1714501953e+02 6.1723699951e+02 6.1743103027e+02 6.1754602051e+02 6.1760797119e+02 6.1762597656e+02 6.1766101074e+02 6.1775299072e+02
6.1299499512e+02 6.1311297607e+02 6.1321997070e+02 6.1329101563e+02 6.1344201660e+02 6.1361499023e+02 6.1379602051e+02 6.1401202393e+02 6.1418298340e+02 6.1434802246e+02 6.1452502441e+02 6.1472399902e+02 6.1486602783e+02 6.1489398193e+02 6.1488299561e+02 6.1492901611e+02 6.1496697998e+02 6.1498297119e+02 6.1500598145e+02 6.1515802002e+02 6.1527600098e+02 6.1529400635e+02 6.1527801514e+02 6.1534802246e+02 6.1548199463e+02 6.1561999512e+02 6.1575598145e+02 6.1578399658e+02 6.1584899902e+02 6.1595397949e+02 6.1611199951e+02 6.1622998047e+02 6.1633697510e+02 6.1646398926e+02 6.1655499268e+02 6.1658300781e+02 6.1669598389e+02 6.1683801270e+02 6.1687298584e+02 6.1700402832e+02 6.1720300293e+02 6.1729498291e+02 6.1732598877e+02 6.1732202148e+02 6.1738598633e+02 6.1753698730e+02
6.1275000000e+02 6.1286700439e+02 6.1296697998e+02 6.1300598145e+02 6.1312500000e+02 6.1328601074e+02 6.1348101807e+02 6.1368902588e+02 6.1384301758e+02 6.1401098633e+02 6.1421899414e+02 6.1438201904e+02 6.1453100586e+02 6.1462500000e+02 6.1467700195e+02 6.1470898438e+02 6.1472302246e+02 6.1472100830e+02 6.1472698975e+02 6.1481701660e+02 6.1493200684e+02 6.1498297119e+02 6.1502099609e+02 6.1511700439e+02 6.1521801758e+02 6.1533898926e+02 6.1558099365e+02 6.1575500488e+02 6.1579998779e+02 6.1584301758e+02 6.1595300293e+02 6.1603698730e+02 6.1613299561e+02 6.1625000000e+02 6.1634399414e+02 6.1640301514e+02 6.1650299072e+02 6.1659497070e+02 6.1660797119e+02 6.1671997070e+02 6.1684100342e+02 6.1688500977e+02 6.1694000244e+02 6.1697998047e+02 6.1711602783e+02 6.1732702637e+02
6.1244000244e+02 6.1254498291e+02 6.1263897705e+02 6.1271997070e+02 6.1284100342e+02 6.1299298096e+02 6.1315698242e+02 6.1334100342e+02 6.1349200439e+02 6.1366802979e+02 6.1387097168e+02 6.1401000977e+02 6.1417901611e+02 6.1436199951e+02 6.1451202393e+02 6.1451898193e+02 6.1450097656e+02 6.1448498535e+02 6.1450500488e+02 6.1453302002e+02 6.1458300781e+02 6.1464697266e+02 6.1474401855e+02 6.1490802002e+02 6.1501898193e+02 6.1513000488e+02 6.1536199951e+02 6.1558898926e+02 6.1562701416e+02 6.1564398193e+02 6.1575402832e+02 6.1585302734e+02 6.1593798828e+02 6.1599499512e+02 6.1602502441e+02 6.1615002441e+02 6.1624798584e+02 6.1632501221e+02 6.1638098145e+02 6.1647399902e+02 6.1651202393e+02 6.1654302979e+02 6.1665100098e+02 6.1674200439e+02 6.1686901855e+02 6.1700402832e+02
6.1216998291e+02 6.1230499268e+02 6.1243298340e+02 6.1251599121e+02 6.1262402344e+02 6.1275097656e+02 6.1290399170e+02 6.1309301758e+02 6.1323400879e+02 6.1337200928e+02 6.1355700684e+02 6.1376300049e+02 6.1392199707e+02 6.1403601074e+02 6.1410601807e+02 6.1417102051e+02 6.1422100830e+02 6.1426202393e+02 6.1431201172e+02 6.1435302734e+02 6.1439202881e+02 6.1445501709e+02 6.1457501221e+02 6.1476300049e+02 6.1484497070e+02 6.1489697266e+02 6.1502301025e+02 6.1521801758e+02 6.1532897949e+02 6.1540997314e+02 6.1551300049e+02 6.1561199951e+02 6.1565802002e+02 6.1564501953e+02 6.1575201416e+02 6.1590899658e+02 6.1600299072e+02 6.1608599854e+02 6.1613397217e+02 6.1618798828e+02 6.1626800537e+02 6.1641400146e+02 6.1660900879e+02 6.1678802490e+02 6.1692901611e+02 6.1703698730e+02
6.1193200684e+02 6.1208697510e+02 6.1225897217e+02 6.1240399170e+02 6.1248699951e+02 6.1255700684e+02 6.1267999268e+02 6.1287402344e+02 6.1297302246e+02 6.1305102539e+02 6.1319897461e+02 6.1344000244e+02 6.1360998535e+02 6.1371099854e+02 6.1377697754e+02 6.1389599609e+02 6.1400897217e+02 6.1409197998e+02 6.1413702393e+02 6.1417700195e+02 6.1423999023e+02 6.1431799316e+02 6.1442401123e+02 6.1459002686e+02 6.1465002441e+02 6.1467199707e+02 6.1474102783e+02 6.1490002441e+02 6.1503100586e+02 6.1514599609e+02 6.1527099609e+02 6.1538500977e+02 6.1542297363e+02 6.1545098877e+02 6.1562799072e+02 6.1574798584e+02 6.1581097412e+02 6.1586199951e+02 6.1588098145e+02 6.1591302490e+02 6.1602398682e+02 6.1624298096e+02 6.1654699707e+02 6.1683197021e+02 6.1699298096e+02 6.1706896973e+02
6.1169598389e+02 6.1185101318e+02 6.1203100586e+02 6.1223199463e+02 6.1230499268e+02 6.1232702637e+02 6.1240502930e+02 6.1256799316e+02 6.1265502930e+02 6.1273101807e+02 6.1287597656e+02 6.1310601807e+02 6.1327801514e+02 6.1340100098e+02 6.1351800537e+02 6.1366802979e+02 6.1380902100e+02 6.1390997314e+02 6.1393597412e+02 6.1397198486e+02 6.1405798340e+02 6.1414801025e+02 6.1421997070e+02 6.1432897949e+02 6.1438299561e+02 6.1442401123e+02 6.1449902344e+02 6.1461499023e+02 6.1473602295e+02 6.1485498047e+02 6.1497302246e+02 6.1506896973e+02 6.1511901855e+02 6.1522497559e+02 6.1548498535e+02 6.1554400635e+02 6.1558398438e+02 6.1562402344e+02 6.1564300537e+02 6.1568200684e+02 6.1579199219e+02 6.1600598145e+02 6.1630401611e+02 6.1663397217e+02 6.1683502197e+02 6.1691302490e+02
6.1146002197e+02 6.1159399414e+02 6.1170697021e+02 6.1185400391e+02 6.1194000244e+02 6.1198901367e+02 6.1207000732e+02 6.1221301270e+02 6.1233599854e+02 6.1247399902e+02 6.1267199707e+02 6.1284899902e+02 6.1300299072e+02 6.1312597656e+02 6.1326098633e+02 6.1341198730e+02 6.1355499268e+02 6.1365899658e+02 6.1369500732e+02 6.1373999023e+02 6.1382000732e+02 6.1389599609e+02 6.1395001221e+02 6.1401800537e+02 6.1408001709e+02 6.1416497803e+02 6.1427801514e+02 6.1434301758e+02 6.1444201660e+02 6.1454797363e+02 6.1465100098e+02 6.1469396973e+02 6.1476397705e+02 6.1491601563e+02 6.1514697266e+02 6.1523297119e+02 6.1533099365e+02 6.1543701172e+02 6.1549401855e+02 6.1552899170e+02 6.1559899902e+02 6.1569897461e+02 6.1579101563e+02 6.1613299561e+02 6.1644702148e+02 6.1664801025e+02
6.1119598389e+02 6.1128399658e+02 6.1136499023e+02 6.1148101807e+02 6.1160400391e+02 6.1170098877e+02 6.1180102539e+02 6.1192999268e+02 6.1206097412e+02 6.1221301270e+02 6.1239697266e+02 6.1264801025e+02 6.1284197998e+02 6.1291400146e+02 6.1297302246e+02 6.1308099365e+02 6.1322698975e+02 6.1334899902e+02 6.1340197754e+02 6.1345599365e+02 6.1354602051e+02 6.1364398193e+02 6.1373699951e+02 6.1378399658e+02 6.1382202148e+02 6.1389202881e+02 6.1399200439e+02 6.1406799316e+02 6.1415698242e+02 6.1425897217e+02 6.1436102295e+02 6.1442602539e+02 6.1453002930e+02 6.1468200684e+02 6.1485900879e+02 6.1498999023e+02 6.1512597656e+02 6.1525000000e+02 6.1532299805e+02 6.1538598633e+02 6.1545202637e+02 6.1550402832e+02 6.1554101563e+02 6.1571899414e+02 6.1600097656e+02 6.1623999023e+02
6.1096197510e+02 6.1103497314e+02 6.1111901855e+02 6.1124102783e+02 6.1135998535e+02 6.1145202637e+02 6.1153698730e+02 6.1164398193e+02 6.1175500488e+02 6.1188702393e+02 6.1206201172e+02 6.1235601807e+02 6.1256896973e+02 6.1262597656e+02 6.1266101074e+02 6.1276800537e+02 6.1291302490e+02 6.1303399658e+02 6.1310900879e+02 6.1317999268e+02 6.1327697754e+02 6.1339099121e+02 6.1350299072e+02 6.1355603027e+02 6.1359100342e+02 6.1364300537e+02 6.1371697998e+02 6.1378002930e+02 6.1385797119e+02 6.1395397949e+02 6.1406201172e+02 6.1417297363e+02 6.1429699707e+02 6.1443402100e+02 6.1458197021e+02 6.1474499512e+02 6.1487799072e+02 6.1498199463e+02 6.1507299805e+02 6.1516601563e+02 6.1523999023e+02 6.1529797363e+02 6.1534100342e+02 6.1544097900e+02 6.1564801025e+02 6.1585998535e+02
6.1079498291e+02 6.1087298584e+02 6.1095898438e+02 6.1105499268e+02 6.1114099121e+02 6.1120300293e+02 6.1126397705e+02 6.1136798096e+02 6.1146301270e+02 6.1157299805e+02 6.1172100830e+02 6.1197302246e+02 6.1215600586e+02 6.1223400879e+02 6.1234802246e+02 6.1249499512e+02 6.1263702393e+02 6.1274102783e+02 6.1282202148e+02 6.1291101074e+02 6.1301000977e+02 6.1311798096e+02 6.1321899414e+02 6.1329400635e+02 6.1335198975e+02 6.1340100098e+02 6.1344897461e+02 6.1349700928e+02 6.1356201172e+02 6.1364599609e+02 6.1373797607e+02 6.1386700439e+02 6.1399102783e+02 6.1411700439e+02 6.1426898193e+02 6.1444897461e+02 6.1459100342e+02 6.1469201660e+02 6.1478900146e+02 6.1488397217e+02 6.1496502686e+02 6.1504602051e+02 6.1512799072e+02 6.1522399902e+02 6.1540002441e+02 6.1558099365e+02
6.1064599609e+02 6.1072198486e+02 6.1079400635e+02 6.1084899902e+02 6.1090399170e+02 6.1095001221e+02 6.1099597168e+02 6.1110302734e+02 6.1119897461e+02 6.1129901123e+02 6.1142700195e+02 6.1159802246e+02 6.1174401855e+02 6.1187402344e+02 6.1206402588e+02 6.1224597168e+02 6.1237200928e+02 6.1245001221e+02 6.1251300049e+02 6.1262200928e+02 6.1272998047e+02 6.1282800293e+02 6.1291699219e+02 6.1301800537e+02 6.1309997559e+02 6.1315502930e+02 6.1319299316e+02 6.1323699951e+02 6.1329498291e+02 6.1335797119e+02 6.1341198730e+02 6.1353997803e+02 6.1364801025e+02 6.1376599121e+02 6.1392999268e+02 6.1414599609e+02 6.1432800293e+02 6.1445800781e+02 6.1453698730e+02 6.1459399414e+02 6.1465997314e+02 6.1475000000e+02 6.1484899902e+02 6.1500799561e+02 6.1519299316e+02 6.1533001709e+02
6.1047497559e+02 6.1054199219e+02 6.1060900879e+02 6.1064898682e+02 6.1068701172e+02 6.1071899414e+02 6.1077001953e+02 6.1085699463e+02 6.1094897461e+02 6.1105999756e+02 6.1116802979e+02 6.1131201172e+02 6.1146398926e+02 6.1161499023e+02 6.1177301025e+02 6.1196502686e+02 6.1209197998e+02 6.1215301514e+02 6.1221997070e+02 6.1232397461e+02 6.1244598389e+02 6.1257202148e+02 6.1266699219e+02 6.1276098633e+02 6.1284497070e+02 6.1291198730e+02 6.1296600342e+02 6.1300097656e+02 6.1302801514e+02 6.1307598877e+02 6.1316497803e+02 6.1326800537e+02 6.1335498047e+02 6.1347802734e+02 6.1367297363e+02 6.1389398193e+02 6.1410198975e+02 6.1425402832e+02 6.1433801270e+02 6.1437597656e+02 6.1440399170e+02 6.1446697998e+02 6.1459197998e+02 6.1482800293e+02 6.1503198242e+02 6.1513598633e+02
6.1027301025e+02 6.1033001709e+02 6.1038500977e+02 6.1044396973e+02 6.1048901367e+02 6.1050701904e+02 6.1055999756e+02 6.1063897705e+02 6.1073400879e+02 6.1085498047e+02 6.1094799805e+02 6.1105902100e+02 6.1119396973e+02 6.1133801270e+02 6.1149798584e+02 6.1171997070e+02 6.1185601807e+02 6.1190399170e+02 6.1194299316e+02 6.1202801514e+02 6.1214697266e+02 6.1228601074e+02 6.1240100098e+02 6.1249798584e+02 6.1258898926e+02 6.1266802979e+02 6.1274499512e+02 6.1278802490e+02 6.1280401611e+02 6.1285198975e+02 6.1296002197e+02 6.1300701904e+02 6.1306402588e+02 6.1319201660e+02 6.1341101074e+02 6.1364202881e+02 6.1386700439e+02 6.1404302979e+02 6.1415002441e+02 6.1418499756e+02 6.1420501709e+02 6.1427001953e+02 6.1441400146e+02 6.1464001465e+02 6.1481799316e+02 6.1492401123e+02
6.1003802490e+02 6.1009802246e+02 6.1014398193e+02 6.1021301270e+02 6.1028002930e+02 6.1030902100e+02 6.1037200928e+02 6.1045098877e+02 6.1054498291e+02 6.1066101074e+02 6.1075299072e+02 6.1085699463e+02 6.1096197510e+02 6.1108398438e+02 6.1124700928e+02 6.1148400879e+02 6.1162200928e+02 6.1166400146e+02 6.1168103027e+02 6.1174499512e+02 6.1185198975e+02 6.1199102783e+02 6.1211798096e+02 6.1222900391e+02 6.1233099365e+02 6.1242297363e+02 6.1251202393e+02 6.1257397461e+02 6.1261102295e+02 6.1267297363e+02 6.1278100586e+02 6.1279302979e+02 6.1283801270e+02 6.1296398926e+02 6.1317401123e+02 6.1339697266e+02 6.1362402344e+02 6.1381500244e+02 6.1394500732e+02 6.1399401855e+02 6.1403601074e+02 6.1413000488e+02 6.1429101563e+02 6.1443499756e+02 6.1455499268e+02 6.1465997314e+02
