TESTSERVER/15/12.asc
NCOLS 100
NROWS 100
XLLCORNER 8.2497500000e+03
YLLCORNER 2.8935025000e+05
CELLSIZE 5.0000000000e-01
NODATA_VALUE -9.9990000000e+03
[rows 0 to 19 of 100, columns 0 to 45 of 100]
6.2372900391e+02 6.2384802246e+02 6.2397601318e+02 6.2415100098e+02 6.2427697754e+02 6.2434399414e+02 6.2442102051e+02 6.2448602295e+02 6.2453100586e+02 6.2460601807e+02 6.2473199463e+02 6.2484899902e+02 6.2497998047e+02 6.2515197754e+02 6.2535998535e+02 6.2551800537e+02 6.2572900391e+02 6.2596997070e+02 6.2622198486e+02 6.2642199707e+02 6.2662799072e+02 6.2680700684e+02 6.2695098877e+02 6.2716497803e+02 6.2736798096e+02 6.2754302979e+02 6.2769598389e+02 6.2784997559e+02 6.2800598145e+02 6.2821697998e+02 6.2850097656e+02 6.2874700928e+02 6.2895898438e+02 6.2915100098e+02 6.2932598877e+02 6.2950201416e+02 6.2963598633e+02 6.2976000977e+02 6.2990399170e+02 6.3020898438e+02 6.3041802979e+02 6.3052197266e+02 6.3071801758e+02 6.3103497314e+02 6.3136499023e+02 6.3167102051e+02
6.2355297852e+02 6.2365802002e+02 6.2379302979e+02 6.2397998047e+02 6.2415002441e+02 6.2423498535e+02 6.2426300049e+02 6.2428002930e+02 6.2432202148e+02 6.2439398193e+02 6.2448400879e+02 6.2460797119e+02 6.2473901367e+02 6.2488702393e+02 6.2506201172e+02 6.2521899414e+02 6.2543701172e+02 6.2570697021e+02 6.2597900391e+02 6.2614801025e+02 6.2633697510e+02 6.2651501465e+02 6.2667700195e+02 6.2689801025e+02 6.2710101318e+02 6.2725000000e+02 6.2736199951e+02 6.2751098633e+02 6.2771301270e+02 6.2794396973e+02 6.2818402100e+02 6.2842999268e+02 6.2864202881e+02 6.2883099365e+02 6.2901501465e+02 6.2922198486e+02 6.2936297607e+02 6.2948199463e+02 6.2960699463e+02 6.2991699219e+02 6.3015002441e+02 6.3027697754e+02 6.3041699219e+02 6.3062701416e+02 6.3094396973e+02 6.3131402588e+02
6.2338598633e+02 6.2350701904e+02 6.2364501953e+02 6.2381701660e+02 6.2401397705e+02 6.2412597656e+02 6.2411999512e+02 6.2410797119e+02 6.2413897705e+02 6.2420001221e+02 6.2428002930e+02 6.2440197754e+02 6.2451501465e+02 6.2464697266e+02 6.2481201172e+02 6.2498602295e+02 6.2519097900e+02 6.2543200684e+02 6.2567797852e+02 6.2583697510e+02 6.2602301025e+02 6.2620501709e+02 6.2638299561e+02 6.2660601807e+02 6.2679199219e+02 6.2691699219e+02 6.2700799561e+02 6.2717401123e+02 6.2743298340e+02 6.2767901611e+02 6.2788897705e+02 6.2817297363e+02 6.2837402344e+02 6.2853399658e+02 6.2871997070e+02 6.2894396973e+02 6.2910900879e+02 6.2922198486e+02 6.2935498047e+02 6.2965802002e+02 6.2989300537e+02 6.3003100586e+02 6.3017297363e+02 6.3035699463e+02 6.3062701416e+02 6.3095898438e+02
6.2321099854e+02 6.2335498047e+02 6.2349499512e+02 6.2363299561e+02 6.2382000732e+02 6.2394299316e+02 6.2394299316e+02 6.2394500732e+02 6.2396697998e+02 6.2400500488e+02 6.2407000732e+02 6.2417797852e+02 6.2428997803e+02 6.2442700195e+02 6.2459197998e+02 6.2477899170e+02 6.2496398926e+02 6.2515802002e+02 6.2535998535e+02 6.2554602051e+02 6.2573699951e+02 6.2591699219e+02 6.2610198975e+02 6.2630999756e+02 6.2647399902e+02 6.2659301758e+02 6.2670098877e+02 6.2688702393e+02 6.2715301514e+02 6.2740301514e+02 6.2768902588e+02 6.2806097412e+02 6.2823297119e+02 6.2834399414e+02 6.2855700684e+02 6.2876300049e+02 6.2889801025e+02 6.2898602295e+02 6.2911297607e+02 6.2939001465e+02 6.2962402344e+02 6.2977600098e+02 6.2993103027e+02 6.3017297363e+02 6.3042602539e+02 6.3066998291e+02
6.2301202393e+02 6.2314300537e+02 6.2327899170e+02 6.2343597412e+02 6.2360797119e+02 6.2372998047e+02 6.2374902344e+02 6.2377697754e+02 6.2380798340e+02 6.2385101318e+02 6.2392700195e+02 6.2400897217e+02 6.2410498047e+02 6.2423101807e+02 6.2436297607e+02 6.2455297852e+02 6.2473999023e+02 6.2491101074e+02 6.2506896973e+02 6.2528399658e+02 6.2547900391e+02 6.2566198730e+02 6.2585198975e+02 6.2604998779e+02 6.2619097900e+02 6.2631201172e+02 6.2644598389e+02 6.2666900635e+02 6.2690399170e+02 6.2714898682e+02 6.2745202637e+02 6.2804998779e+02 6.2817401123e+02 6.2823199463e+02 6.2845397949e+02 6.2860198975e+02 6.2867797852e+02 6.2875097656e+02 6.2885101318e+02 6.2905999756e+02 6.2930297852e+02 6.2949102783e+02 6.2963500977e+02 6.2993200684e+02 6.3020898438e+02 6.3040899658e+02
6.2279199219e+02 6.2292401123e+02 6.2305499268e+02 6.2322302246e+02 6.2339300537e+02 6.2349798584e+02 6.2351000977e+02 6.2359100342e+02 6.2365600586e+02 6.2370098877e+02 6.2377899170e+02 6.2387701416e+02 6.2395397949e+02 6.2405798340e+02 6.2416900635e+02 6.2432501221e+02 6.2452600098e+02 6.2470001221e+02 6.2483300781e+02 6.2500897217e+02 6.2520800781e+02 6.2540899658e+02 6.2560998535e+02 6.2580499268e+02 6.2591699219e+02 6.2602301025e+02 6.2618902588e+02 6.2643200684e+02 6.2664501953e+02 6.2683697510e+02 6.2709600830e+02 6.2754901123e+02 6.2780499268e+02 6.2802899170e+02 6.2819897461e+02 6.2828997803e+02 6.2838500977e+02 6.2848999023e+02 6.2857098389e+02 6.2872601318e+02 6.2896997070e+02 6.2918200684e+02 6.2932098389e+02 6.2957800293e+02 6.2984497070e+02 6.3006402588e+02
6.2257397461e+02 6.2272198486e+02 6.2283001709e+02 6.2296801758e+02 6.2311999512e+02 6.2322601318e+02 6.2327197266e+02 6.2339202881e+02 6.2348498535e+02 6.2353399658e+02 6.2360198975e+02 6.2370501709e+02 6.2379498291e+02 6.2391101074e+02 6.2402301025e+02 6.2415301514e+02 6.2432501221e+02 6.2448297119e+02 6.2462298584e+02 6.2478302002e+02 6.2496697998e+02 6.2515802002e+02 6.2535302734e+02 6.2551397705e+02 6.2561798096e+02 6.2575000000e+02 6.2595697021e+02 6.2619299316e+02 6.2638897705e+02 6.2656799316e+02 6.2680499268e+02 6.2711499023e+02 6.2740802002e+02 6.2771899414e+02 6.2787200928e+02 6.2793499756e+02 6.2803802490e+02 6.2816601563e+02 6.2827099609e+02 6.2842602539e+02 6.2865802002e+02 6.2886798096e+02 6.2902001953e+02 6.2925097656e+02 6.2949102783e+02 6.2971002197e+02
6.2234197998e+02 6.2250097656e+02 6.2259997559e+02 6.2270697021e+02 6.2284698486e+02 6.2297399902e+02 6.2306597900e+02 6.2318902588e+02 6.2330200195e+02 6.2338000488e+02 6.2344897461e+02 6.2352502441e+02 6.2361602783e+02 6.2374798584e+02 6.2388098145e+02 6.2399499512e+02 6.2413702393e+02 6.2428100586e+02 6.2442901611e+02 6.2458502197e+02 6.2474499512e+02 6.2491302490e+02 6.2509100342e+02 6.2522399902e+02 6.2533697510e+02 6.2550500488e+02 6.2574401855e+02 6.2596801758e+02 6.2616198730e+02 6.2635797119e+02 6.2663702393e+02 6.2688500977e+02 6.2710797119e+02 6.2737902832e+02 6.2752502441e+02 6.2757098389e+02 6.2766998291e+02 6.2780902100e+02 6.2793902588e+02 6.2811901855e+02 6.2833898926e+02 6.2854498291e+02 6.2874298096e+02 6.2897302246e+02 6.2919799805e+02 6.2941198730e+02
6.2206701660e+02 6.2222998047e+02 6.2236401367e+02 6.2245397949e+02 6.2258300781e+02 6.2273199463e+02 6.2286901855e+02 6.2299902344e+02 6.2313201904e+02 6.2325402832e+02 6.2334997559e+02 6.2337799072e+02 6.2344598389e+02 6.2357202148e+02 6.2371301270e+02 6.2380999756e+02 6.2393902588e+02 6.2407598877e+02 6.2422399902e+02 6.2437097168e+02 6.2451202393e+02 6.2465698242e+02 6.2484301758e+02 6.2496398926e+02 6.2509497070e+02 6.2528399658e+02 6.2552099609e+02 6.2573999023e+02 6.2594799805e+02 6.2619000244e+02 6.2652001953e+02 6.2667700195e+02 6.2682202148e+02 6.2705297852e+02 6.2727697754e+02 6.2725598145e+02 6.2732800293e+02 6.2747698975e+02 6.2761102295e+02 6.2781500244e+02 6.2804699707e+02 6.2826098633e+02 6.2846197510e+02 6.2867602539e+02 6.2889801025e+02 6.2912799072e+02
6.2180297852e+02 6.2199597168e+02 6.2216802979e+02 6.2227099609e+02 6.2236499023e+02 6.2247998047e+02 6.2262799072e+02 6.2278198242e+02 6.2293701172e+02 6.2307897949e+02 6.2317602539e+02 6.2322497559e+02 6.2328802490e+02 6.2339501953e+02 6.2353100586e+02 6.2362597656e+02 6.2373199463e+02 6.2386901855e+02 6.2403698730e+02 6.2417797852e+02 6.2429199219e+02 6.2442602539e+02 6.2459997559e+02 6.2473101807e+02 6.2487701416e+02 6.2505999756e+02 6.2528802490e+02 6.2548602295e+02 6.2567797852e+02 6.2594598389e+02 6.2632202148e+02 6.2646197510e+02 6.2652301025e+02 6.2665997314e+02 6.2684497070e+02 6.2688500977e+02 6.2699401855e+02 6.2719897461e+02 6.2735699463e+02 6.2753497314e+02 6.2774200439e+02 6.2793298340e+02 6.2814001465e+02 6.2833099365e+02 6.2851098633e+02 6.2871801758e+02
6.2153100586e+02 6.2170098877e+02 6.2190197754e+02 6.2209899902e+02 6.2219201660e+02 6.2226397705e+02 6.2239001465e+02 6.2254498291e+02 6.2269702148e+02 6.2284100342e+02 6.2295397949e+02 6.2305297852e+02 6.2312799072e+02 6.2321398926e+02 6.2333599854e+02 6.2343902588e+02 6.2353900146e+02 6.2367199707e+02 6.2383599854e+02 6.2396197510e+02 6.2407202148e+02 6.2419897461e+02 6.2435998535e+02 6.2450201416e+02 6.2465399170e+02 6.2482397461e+02 6.2502600098e+02 6.2520898438e+02 6.2539099121e+02 6.2562701416e+02 6.2597601318e+02 6.2616802979e+02 6.2625299072e+02 6.2634197998e+02 6.2647998047e+02 6.2657397461e+02 6.2671099854e+02 6.2691998291e+02 6.2709698486e+02 6.2728601074e+02 6.2745898438e+02 6.2760998535e+02 6.2782000732e+02 6.2802899170e+02 6.2820202637e+02 6.2840197754e+02
6.2129699707e+02 6.2142102051e+02 6.2158898926e+02 6.2179101563e+02 6.2192199707e+02 6.2204199219e+02 6.2218597412e+02 6.2232897949e+02 6.2246099854e+02 6.2259301758e+02 6.2272900391e+02 6.2285900879e+02 6.2294897461e+02 6.2304400635e+02 6.2314697266e+02 6.2325097656e+02 6.2334997559e+02 6.2346801758e+02 6.2360101318e+02 6.2371801758e+02 6.2385198975e+02 6.2398699951e+02 6.2413000488e+02 6.2427502441e+02 6.2442199707e+02 6.2457800293e+02 6.2476300049e+02 6.2498797607e+02 6.2517602539e+02 6.2535101318e+02 6.2560601807e+02 6.2584197998e+02 6.2600402832e+02 6.2611102295e+02 6.2623297119e+02 6.2636199951e+02 6.2647998047e+02 6.2663702393e+02 6.2680499268e+02 6.2701898193e+02 6.2718597412e+02 6.2731896973e+02 6.2751599121e+02 6.2776202393e+02 6.2796600342e+02 6.2817401123e+02
6.2114801025e+02 6.2128198242e+02 6.2142498779e+02 6.2148901367e+02 6.2159698486e+02 6.2176800537e+02 6.2193902588e+02 6.2209600830e+02 6.2222497559e+02 6.2235699463e+02 6.2250000000e+02 6.2259997559e+02 6.2270202637e+02 6.2282897949e+02 6.2294897461e+02 6.2306298828e+02 6.2315997314e+02 6.2325701904e+02 6.2332897949e+02 6.2347497559e+02 6.2363299561e+02 6.2377899170e+02 6.2391601563e+02 6.2404901123e+02 6.2418298340e+02 6.2432702637e+02 6.2451702881e+02 6.2484600830e+02 6.2504797363e+02 6.2517797852e+02 6.2538299561e+02 6.2561798096e+02 6.2580999756e+02 6.2593499756e+02 6.2604302979e+02 6.2614501953e+02 6.2624902344e+02 6.2635498047e+02 6.2646502686e+02 6.2666601563e+02 6.2685797119e+02 6.2703198242e+02 6.2721502686e+02 6.2745001221e+02 6.2770397949e+02 6.2793402100e+02
6.2095800781e+02 6.2104498291e+02 6.2116802979e+02 6.2129101563e+02 6.2139599609e+02 6.2153601074e+02 6.2168402100e+02 6.2184899902e+02 6.2198699951e+02 6.2213397217e+02 6.2227398682e+02 6.2235797119e+02 6.2244500732e+02 6.2257800293e+02 6.2271801758e+02 6.2281097412e+02 6.2290997314e+02 6.2302301025e+02 6.2313000488e+02 6.2325000000e+02 6.2339398193e+02 6.2353601074e+02 6.2369299316e+02 6.2383898926e+02 6.2396600342e+02 6.2410198975e+02 6.2431500244e+02 6.2477697754e+02 6.2494598389e+02 6.2502398682e+02 6.2523400879e+02 6.2551098633e+02 6.2569396973e+02 6.2578997803e+02 6.2583697510e+02 6.2589099121e+02 6.2599597168e+02 6.2609802246e+02 6.2618902588e+02 6.2633697510e+02 6.2651300049e+02 6.2668701172e+02 6.2685601807e+02 6.2705499268e+02 6.2732501221e+02 6.2760101318e+02
6.2077899170e+02 6.2082800293e+02 6.2089801025e+02 6.2105102539e+02 6.2117999268e+02 6.2132702637e+02 6.2146502686e+02 6.2161102295e+02 6.2172399902e+02 6.2185302734e+02 6.2199401855e+02 6.2209698486e+02 6.2218902588e+02 6.2232702637e+02 6.2245697021e+02 6.2253900146e+02 6.2265197754e+02 6.2279199219e+02 6.2292602539e+02 6.2303698730e+02 6.2318902588e+02 6.2332098389e+02 6.2345300293e+02 6.2360101318e+02 6.2373699951e+02 6.2388500977e+02 6.2407299805e+02 6.2446801758e+02 6.2467102051e+02 6.2480499268e+02 6.2504498291e+02 6.2532000732e+02 6.2550097656e+02 6.2558801270e+02 6.2562799072e+02 6.2567401123e+02 6.2573498535e+02 6.2580902100e+02 6.2590502930e+02 6.2604199219e+02 6.2619702148e+02 6.2636499023e+02 6.2652301025e+02 6.2668402100e+02 6.2692199707e+02 6.2719702148e+02
6.2064898682e+02 6.2069702148e+02 6.2070697021e+02 6.2078698730e+02 6.2089898682e+02 6.2105102539e+02 6.2119396973e+02 6.2134197998e+02 6.2144799805e+02 6.2157098389e+02 6.2170300293e+02 6.2181896973e+02 6.2192199707e+02 6.2204901123e+02 6.2215899658e+02 6.2225799561e+02 6.2239801025e+02 6.2256201172e+02 6.2270898438e+02 6.2282702637e+02 6.2299597168e+02 6.2310998535e+02 6.2320501709e+02 6.2334497070e+02 6.2348901367e+02 6.2365600586e+02 6.2381701660e+02 6.2409600830e+02 6.2435198975e+02 6.2455999756e+02 6.2481402588e+02 6.2506201172e+02 6.2523797607e+02 6.2534100342e+02 6.2540002441e+02 6.2543701172e+02 6.2545098877e+02 6.2549298096e+02 6.2558801270e+02 6.2569702148e+02 6.2583502197e+02 6.2601599121e+02 6.2618701172e+02 6.2633502197e+02 6.2652001953e+02 6.2675000000e+02
6.2053997803e+02 6.2063800049e+02 6.2062402344e+02 6.2057202148e+02 6.2063598633e+02 6.2076898193e+02 6.2088299561e+02 6.2100097656e+02 6.2113702393e+02 6.2129101563e+02 6.2143200684e+02 6.2154901123e+02 6.2165301514e+02 6.2175000000e+02 6.2180798340e+02 6.2196099854e+02 6.2213098145e+02 6.2230401611e+02 6.2244598389e+02 6.2260797119e+02 6.2278601074e+02 6.2289300537e+02 6.2297601318e+02 6.2309399414e+02 6.2323999023e+02 6.2340502930e+02 6.2359100342e+02 6.2388397217e+02 6.2412597656e+02 6.2431201172e+02 6.2452801514e+02 6.2475402832e+02 6.2491101074e+02 6.2502801514e+02 6.2511798096e+02 6.2516101074e+02 6.2516900635e+02 6.2522100830e+02 6.2532702637e+02 6.2537500000e+02 6.2547601318e+02 6.2565899658e+02 6.2586297607e+02 6.2600000000e+02 6.2614501953e+02 6.2630401611e+02
6.2031097412e+02 6.2047198486e+02 6.2049200439e+02 6.2039599609e+02 6.2042297363e+02 6.2056097412e+02 6.2070898438e+02 6.2079101563e+02 6.2086901855e+02 6.2100299072e+02 6.2116497803e+02 6.2126800537e+02 6.2135101318e+02 6.2143200684e+02 6.2152801514e+02 6.2168200684e+02 6.2185797119e+02 6.2203802490e+02 6.2220898438e+02 6.2236901855e+02 6.2254199219e+02 6.2266497803e+02 6.2275201416e+02 6.2287500000e+02 6.2301300049e+02 6.2312200928e+02 6.2324902344e+02 6.2356201172e+02 6.2383801270e+02 6.2404797363e+02 6.2426599121e+02 6.2445397949e+02 6.2459100342e+02 6.2469598389e+02 6.2479699707e+02 6.2488098145e+02 6.2492797852e+02 6.2501202393e+02 6.2512902832e+02 6.2517297363e+02 6.2523297119e+02 6.2535797119e+02 6.2552301025e+02 6.2567700195e+02 6.2582800293e+02 6.2597302246e+02
6.1998199463e+02 6.2015997314e+02 6.2026501465e+02 6.2021301270e+02 6.2022198486e+02 6.2033599854e+02 6.2050402832e+02 6.2059802246e+02 6.2064300537e+02 6.2074798584e+02 6.2092199707e+02 6.2103302002e+02 6.2110101318e+02 6.2117602539e+02 6.2128802490e+02 6.2142901611e+02 6.2158300781e+02 6.2176202393e+02 6.2196697998e+02 6.2214398193e+02 6.2230798340e+02 6.2243402100e+02 6.2252398682e+02 6.2265399170e+02 6.2280401611e+02 6.2289599609e+02 6.2297302246e+02 6.2321600342e+02 6.2350000000e+02 6.2376397705e+02 6.2399102783e+02 6.2414099121e+02 6.2426098633e+02 6.2437097168e+02 6.2448297119e+02 6.2462402344e+02 6.2472802734e+02 6.2482299805e+02 6.2490100098e+02 6.2494299316e+02 6.2501501465e+02 6.2511602783e+02 6.2522802734e+02 6.2536602783e+02 6.2553198242e+02 6.2570202637e+02
6.1969702148e+02 6.1983398438e+02 6.1997497559e+02 6.2000897217e+02 6.2001501465e+02 6.2007098389e+02 6.2020202637e+02 6.2033801270e+02 6.2041400146e+02 6.2051202393e+02 6.2067401123e+02 6.2080999756e+02 6.2089697266e+02 6.2099597168e+02 6.2112298584e+02 6.2124597168e+02 6.2135900879e+02 6.2149102783e+02 6.2169396973e+02 6.2189697266e+02 6.2205798340e+02 6.2218200684e+02 6.2227398682e+02 6.2240698242e+02 6.2257098389e+02 6.2268200684e+02 6.2278802490e+02 6.2296997070e+02 6.2320898438e+02 6.2346600342e+02 6.2368597412e+02 6.2382299805e+02 6.2394500732e+02 6.2407501221e+02 6.2421301270e+02 6.2437701416e+02 6.2450701904e+02 6.2460302734e+02 6.2464801025e+02 6.2469201660e+02 6.2479998779e+02 6.2492602539e+02 6.2502801514e+02 6.2511700439e+02 6.2526702881e+02 6.2545001221e+02
