TESTSERVER/15/13.asc
NCOLS 100
NROWS 100
XLLCORNER 8.2497500000e+03
YLLCORNER 2.8930025000e+05
CELLSIZE 5.0000000000e-01
NODATA_VALUE -9.9990000000e+03
[rows 40 to 59 of 100, columns 46 to 91 of 100]
6.0263897705e+02 6.0271099854e+02 6.0277099609e+02 6.0281597900e+02 6.0284698486e+02 6.0291400146e+02 6.0296899414e+02 6.0301397705e+02 6.0307299805e+02 6.0311401367e+02 6.0317797852e+02 6.0323901367e+02 6.0328900146e+02 6.0333300781e+02 6.0338500977e+02 6.0344396973e+02 6.0351501465e+02 6.0359100342e+02 6.0363397217e+02 6.0364801025e+02 6.0364599609e+02 6.0367102051e+02 6.0371002197e+02 6.0376599121e+02 6.0381097412e+02 6.0385400391e+02 6.0390301514e+02 6.0395202637e+02 6.0400299072e+02 6.0402600098e+02 6.0406201172e+02 6.0411297607e+02 6.0418402100e+02 6.0421600342e+02 6.0424298096e+02 6.0431896973e+02 6.0437097168e+02 6.0438500977e+02 6.0442797852e+02 6.0448797607e+02 6.0450897217e+02 6.0451501465e+02 6.0455200195e+02 6.0461102295e+02 6.0462799072e+02 6.0473498535e+02
6.0250598145e+02 6.0257800293e+02 6.0265100098e+02 6.0271002197e+02 6.0274499512e+02 6.0278698730e+02 6.0283197021e+02 6.0289001465e+02 6.0294799805e+02 6.0299200439e+02 6.0305999756e+02 6.0312597656e+02 6.0317700195e+02 6.0322900391e+02 6.0328100586e+02 6.0333898926e+02 6.0340997314e+02 6.0349798584e+02 6.0355798340e+02 6.0357702637e+02 6.0357000732e+02 6.0357598877e+02 6.0358898926e+02 6.0362902832e+02 6.0367498779e+02 6.0372198486e+02 6.0377398682e+02 6.0382397461e+02 6.0386700439e+02 6.0389801025e+02 6.0394598389e+02 6.0400097656e+02 6.0405499268e+02 6.0408502197e+02 6.0410998535e+02 6.0416998291e+02 6.0421600342e+02 6.0424902344e+02 6.0430499268e+02 6.0435198975e+02 6.0436999512e+02 6.0438897705e+02 6.0442199707e+02 6.0445800781e+02 6.0448400879e+02 6.0456298828e+02
6.0238702393e+02 6.0245800781e+02 6.0253100586e+02 6.0259497070e+02 6.0264599609e+02 6.0269299316e+02 6.0272900391e+02 6.0277301025e+02 6.0282897949e+02 6.0288201904e+02 6.0294299316e+02 6.0299902344e+02 6.0305102539e+02 6.0311102295e+02 6.0316699219e+02 6.0322698975e+02 6.0329602051e+02 6.0339501953e+02 6.0347100830e+02 6.0350299072e+02 6.0349597168e+02 6.0348901367e+02 6.0348901367e+02 6.0351397705e+02 6.0354901123e+02 6.0359197998e+02 6.0364001465e+02 6.0368402100e+02 6.0372399902e+02 6.0377301025e+02 6.0383001709e+02 6.0388000488e+02 6.0392199707e+02 6.0394702148e+02 6.0397399902e+02 6.0403002930e+02 6.0408398438e+02 6.0411901855e+02 6.0416400146e+02 6.0420599365e+02 6.0424798584e+02 6.0426898193e+02 6.0428302002e+02 6.0430999756e+02 6.0435601807e+02 6.0440698242e+02
6.0229498291e+02 6.0235797119e+02 6.0241998291e+02 6.0247802734e+02 6.0253802490e+02 6.0261102295e+02 6.0264501953e+02 6.0267797852e+02 6.0273602295e+02 6.0278399658e+02 6.0283398438e+02 6.0288000488e+02 6.0292498779e+02 6.0298699951e+02 6.0304400635e+02 6.0310101318e+02 6.0316699219e+02 6.0327099609e+02 6.0335601807e+02 6.0339801025e+02 6.0339398193e+02 6.0339300537e+02 6.0339801025e+02 6.0342102051e+02 6.0344201660e+02 6.0347100830e+02 6.0350897217e+02 6.0354699707e+02 6.0358898926e+02 6.0364697266e+02 6.0369897461e+02 6.0373602295e+02 6.0376800537e+02 6.0379797363e+02 6.0382098389e+02 6.0386999512e+02 6.0393597412e+02 6.0396997070e+02 6.0399700928e+02 6.0403997803e+02 6.0410601807e+02 6.0411798096e+02 6.0411602783e+02 6.0415600586e+02 6.0422802734e+02 6.0426501465e+02
6.0222601318e+02 6.0228198242e+02 6.0232397461e+02 6.0236102295e+02 6.0240899658e+02 6.0248901367e+02 6.0253497314e+02 6.0258398438e+02 6.0265698242e+02 6.0267401123e+02 6.0271600342e+02 6.0277301025e+02 6.0280902100e+02 6.0286199951e+02 6.0292102051e+02 6.0297601318e+02 6.0303399658e+02 6.0312298584e+02 6.0320001221e+02 6.0323999023e+02 6.0324200439e+02 6.0326599121e+02 6.0328497314e+02 6.0331201172e+02 6.0333697510e+02 6.0335601807e+02 6.0338702393e+02 6.0342901611e+02 6.0348400879e+02 6.0352600098e+02 6.0355798340e+02 6.0357501221e+02 6.0359997559e+02 6.0365502930e+02 6.0367901611e+02 6.0370800781e+02 6.0375402832e+02 6.0381097412e+02 6.0384600830e+02 6.0389099121e+02 6.0394799805e+02 6.0397998047e+02 6.0399902344e+02 6.0404101563e+02 6.0410498047e+02 6.0413897705e+02
6.0212701416e+02 6.0219702148e+02 6.0222900391e+02 6.0225598145e+02 6.0231701660e+02 6.0239398193e+02 6.0242297363e+02 6.0245697021e+02 6.0253198242e+02 6.0256799316e+02 6.0260101318e+02 6.0266802979e+02 6.0274401855e+02 6.0278302002e+02 6.0282098389e+02 6.0286499023e+02 6.0291302490e+02 6.0298297119e+02 6.0303802490e+02 6.0306799316e+02 6.0308801270e+02 6.0312597656e+02 6.0315197754e+02 6.0318701172e+02 6.0322302246e+02 6.0324102783e+02 6.0327301025e+02 6.0332299805e+02 6.0337701416e+02 6.0341101074e+02 6.0342498779e+02 6.0343298340e+02 6.0345898438e+02 6.0350299072e+02 6.0352697754e+02 6.0357000732e+02 6.0363897705e+02 6.0370501709e+02 6.0373602295e+02 6.0375500488e+02 6.0378399658e+02 6.0382299805e+02 6.0386401367e+02 6.0390197754e+02 6.0396600342e+02 6.0400701904e+02
6.0203399658e+02 6.0211199951e+02 6.0215197754e+02 6.0217602539e+02 6.0222900391e+02 6.0229797363e+02 6.0232397461e+02 6.0235198975e+02 6.0243298340e+02 6.0248999023e+02 6.0250299072e+02 6.0255200195e+02 6.0265197754e+02 6.0268402100e+02 6.0271099854e+02 6.0274700928e+02 6.0279302979e+02 6.0285699463e+02 6.0290399170e+02 6.0293298340e+02 6.0296002197e+02 6.0299798584e+02 6.0303302002e+02 6.0307897949e+02 6.0310998535e+02 6.0311999512e+02 6.0315698242e+02 6.0321002197e+02 6.0325897217e+02 6.0327899170e+02 6.0328100586e+02 6.0329101563e+02 6.0332501221e+02 6.0336798096e+02 6.0340197754e+02 6.0344299316e+02 6.0349798584e+02 6.0355499268e+02 6.0360198975e+02 6.0363000488e+02 6.0363299561e+02 6.0366802979e+02 6.0372399902e+02 6.0376000977e+02 6.0379602051e+02 6.0383801270e+02
6.0193902588e+02 6.0203100586e+02 6.0208801270e+02 6.0211102295e+02 6.0213598633e+02 6.0218701172e+02 6.0222100830e+02 6.0225598145e+02 6.0232897949e+02 6.0238000488e+02 6.0238897705e+02 6.0243402100e+02 6.0253198242e+02 6.0255798340e+02 6.0258898926e+02 6.0262799072e+02 6.0267199707e+02 6.0273498535e+02 6.0278002930e+02 6.0281298828e+02 6.0284301758e+02 6.0287298584e+02 6.0290899658e+02 6.0295898438e+02 6.0298699951e+02 6.0299597168e+02 6.0303601074e+02 6.0308502197e+02 6.0311901855e+02 6.0313000488e+02 6.0313702393e+02 6.0315997314e+02 6.0320397949e+02 6.0324298096e+02 6.0327899170e+02 6.0330700684e+02 6.0334899902e+02 6.0339300537e+02 6.0344097900e+02 6.0348199463e+02 6.0349298096e+02 6.0353497314e+02 6.0359301758e+02 6.0361999512e+02 6.0361999512e+02 6.0364898682e+02
6.0180902100e+02 6.0194097900e+02 6.0202001953e+02 6.0203698730e+02 6.0202801514e+02 6.0206097412e+02 6.0211102295e+02 6.0215502930e+02 6.0221997070e+02 6.0225000000e+02 6.0227899170e+02 6.0233398438e+02 6.0241101074e+02 6.0243701172e+02 6.0248199463e+02 6.0253100586e+02 6.0257501221e+02 6.0261499023e+02 6.0265301514e+02 6.0268701172e+02 6.0272802734e+02 6.0274401855e+02 6.0276800537e+02 6.0281597900e+02 6.0284997559e+02 6.0287298584e+02 6.0290997314e+02 6.0295098877e+02 6.0297802734e+02 6.0299597168e+02 6.0302001953e+02 6.0305297852e+02 6.0308697510e+02 6.0311199951e+02 6.0313897705e+02 6.0316198730e+02 6.0319201660e+02 6.0324200439e+02 6.0328002930e+02 6.0332000732e+02 6.0335601807e+02 6.0339300537e+02 6.0343298340e+02 6.0345599365e+02 6.0349102783e+02 6.0350799561e+02
6.0166998291e+02 6.0180603027e+02 6.0189001465e+02 6.0191802979e+02 6.0192901611e+02 6.0195800781e+02 6.0200201416e+02 6.0204998779e+02 6.0210302734e+02 6.0214501953e+02 6.0219500732e+02 6.0224102783e+02 6.0228198242e+02 6.0233502197e+02 6.0239300537e+02 6.0243902588e+02 6.0247302246e+02 6.0249102783e+02 6.0250799561e+02 6.0253698730e+02 6.0258697510e+02 6.0260400391e+02 6.0263201904e+02 6.0268798828e+02 6.0272802734e+02 6.0274597168e+02 6.0278601074e+02 6.0283398438e+02 6.0285797119e+02 6.0288397217e+02 6.0290600586e+02 6.0292999268e+02 6.0296197510e+02 6.0299597168e+02 6.0301898193e+02 6.0304199219e+02 6.0308398438e+02 6.0313000488e+02 6.0315100098e+02 6.0318701172e+02 6.0323498535e+02 6.0324902344e+02 6.0328601074e+02 6.0331701660e+02 6.0335498047e+02 6.0339501953e+02
6.0155902100e+02 6.0165399170e+02 6.0172998047e+02 6.0177801514e+02 6.0182000732e+02 6.0184600830e+02 6.0189099121e+02 6.0194598389e+02 6.0198999023e+02 6.0203698730e+02 6.0210101318e+02 6.0214599609e+02 6.0217401123e+02 6.0223498535e+02 6.0228698730e+02 6.0232000732e+02 6.0234997559e+02 6.0236102295e+02 6.0236602783e+02 6.0238897705e+02 6.0244396973e+02 6.0247900391e+02 6.0251898193e+02 6.0257702637e+02 6.0260900879e+02 6.0261901855e+02 6.0266101074e+02 6.0271002197e+02 6.0272900391e+02 6.0276300049e+02 6.0278698730e+02 6.0280603027e+02 6.0283898926e+02 6.0288201904e+02 6.0290100098e+02 6.0292498779e+02 6.0297399902e+02 6.0300299072e+02 6.0301501465e+02 6.0304302979e+02 6.0309399414e+02 6.0311199951e+02 6.0314801025e+02 6.0318103027e+02 6.0320501709e+02 6.0324200439e+02
6.0145697021e+02 6.0151898193e+02 6.0158197021e+02 6.0164099121e+02 6.0170001221e+02 6.0173199463e+02 6.0178399658e+02 6.0183502197e+02 6.0187097168e+02 6.0192102051e+02 6.0198101807e+02 6.0203100586e+02 6.0207598877e+02 6.0212902832e+02 6.0216497803e+02 6.0218701172e+02 6.0221899414e+02 6.0224102783e+02 6.0224499512e+02 6.0226202393e+02 6.0232098389e+02 6.0237799072e+02 6.0241601563e+02 6.0245599365e+02 6.0247198486e+02 6.0248498535e+02 6.0253497314e+02 6.0258398438e+02 6.0260198975e+02 6.0264501953e+02 6.0267297363e+02 6.0269097900e+02 6.0272399902e+02 6.0277301025e+02 6.0279498291e+02 6.0281701660e+02 6.0285198975e+02 6.0285797119e+02 6.0287902832e+02 6.0290100098e+02 6.0294097900e+02 6.0297497559e+02 6.0300500488e+02 6.0303698730e+02 6.0306799316e+02 6.0308801270e+02
6.0134301758e+02 6.0139501953e+02 6.0144598389e+02 6.0150799561e+02 6.0157299805e+02 6.0160998535e+02 6.0166198730e+02 6.0170800781e+02 6.0175402832e+02 6.0180902100e+02 6.0185198975e+02 6.0190502930e+02 6.0198199463e+02 6.0203601074e+02 6.0206896973e+02 6.0208502197e+02 6.0210198975e+02 6.0213598633e+02 6.0214898682e+02 6.0215802002e+02 6.0219299316e+02 6.0226898193e+02 6.0230603027e+02 6.0232501221e+02 6.0232397461e+02 6.0235699463e+02 6.0240600586e+02 6.0244897461e+02 6.0247399902e+02 6.0250402832e+02 6.0254101563e+02 6.0257897949e+02 6.0266699219e+02 6.0272497559e+02 6.0274597168e+02 6.0274902344e+02 6.0274401855e+02 6.0274499512e+02 6.0276501465e+02 6.0277801514e+02 6.0279699707e+02 6.0283398438e+02 6.0286401367e+02 6.0289599609e+02 6.0294396973e+02 6.0295599365e+02
6.0122601318e+02 6.0126300049e+02 6.0130999756e+02 6.0137597656e+02 6.0143701172e+02 6.0146502686e+02 6.0151397705e+02 6.0157299805e+02 6.0163397217e+02 6.0168701172e+02 6.0173602295e+02 6.0179400635e+02 6.0186700439e+02 6.0191802979e+02 6.0194702148e+02 6.0196997070e+02 6.0198602295e+02 6.0202697754e+02 6.0205297852e+02 6.0206597900e+02 6.0209100342e+02 6.0214300537e+02 6.0218499756e+02 6.0220697021e+02 6.0220697021e+02 6.0223901367e+02 6.0228100586e+02 6.0231597900e+02 6.0233599854e+02 6.0235998535e+02 6.0239599609e+02 6.0245697021e+02 6.0257702637e+02 6.0265802002e+02 6.0266802979e+02 6.0262799072e+02 6.0258599854e+02 6.0262298584e+02 6.0264898682e+02 6.0266198730e+02 6.0267401123e+02 6.0268499756e+02 6.0272497559e+02 6.0277197266e+02 6.0281896973e+02 6.0283599854e+02
6.0111297607e+02 6.0114099121e+02 6.0119299316e+02 6.0126599121e+02 6.0132800293e+02 6.0135797119e+02 6.0139898682e+02 6.0144799805e+02 6.0150799561e+02 6.0155700684e+02 6.0160900879e+02 6.0166699219e+02 6.0172998047e+02 6.0176501465e+02 6.0178900146e+02 6.0181701660e+02 6.0185498047e+02 6.0190600586e+02 6.0194201660e+02 6.0196502686e+02 6.0199298096e+02 6.0203198242e+02 6.0206500244e+02 6.0208599854e+02 6.0209497070e+02 6.0212298584e+02 6.0216302490e+02 6.0219396973e+02 6.0221398926e+02 6.0224499512e+02 6.0226702881e+02 6.0229400635e+02 6.0238201904e+02 6.0246099854e+02 6.0248297119e+02 6.0245800781e+02 6.0243798828e+02 6.0248199463e+02 6.0251300049e+02 6.0254302979e+02 6.0256201172e+02 6.0255603027e+02 6.0258300781e+02 6.0262402344e+02 6.0266601563e+02 6.0269500732e+02
6.0100799561e+02 6.0104400635e+02 6.0110699463e+02 6.0117999268e+02 6.0122802734e+02 6.0126800537e+02 6.0131500244e+02 6.0135498047e+02 6.0140002441e+02 6.0144097900e+02 6.0148602295e+02 6.0153302002e+02 6.0158599854e+02 6.0161798096e+02 6.0164202881e+02 6.0167498779e+02 6.0172497559e+02 6.0178198242e+02 6.0182000732e+02 6.0184997559e+02 6.0188598633e+02 6.0190997314e+02 6.0193200684e+02 6.0195599365e+02 6.0197601318e+02 6.0200000000e+02 6.0204602051e+02 6.0208001709e+02 6.0209899902e+02 6.0213800049e+02 6.0215301514e+02 6.0215002441e+02 6.0218902588e+02 6.0223699951e+02 6.0227099609e+02 6.0229797363e+02 6.0233398438e+02 6.0235797119e+02 6.0236700439e+02 6.0239001465e+02 6.0242999268e+02 6.0243902588e+02 6.0245202637e+02 6.0247399902e+02 6.0250799561e+02 6.0254699707e+02
6.0090197754e+02 6.0096697998e+02 6.0103997803e+02 6.0109399414e+02 6.0110601807e+02 6.0114099121e+02 6.0119598389e+02 6.0125000000e+02 6.0130798340e+02 6.0134002686e+02 6.0137597656e+02 6.0141400146e+02 6.0145599365e+02 6.0149401855e+02 6.0153002930e+02 6.0156896973e+02 6.0161700439e+02 6.0165399170e+02 6.0168798828e+02 6.0171801758e+02 6.0174798584e+02 6.0178002930e+02 6.0180200195e+02 6.0183099365e+02 6.0185400391e+02 6.0188702393e+02 6.0195001221e+02 6.0198699951e+02 6.0199200439e+02 6.0201898193e+02 6.0204101563e+02 6.0204699707e+02 6.0207501221e+02 6.0208502197e+02 6.0211401367e+02 6.0217199707e+02 6.0223400879e+02 6.0226300049e+02 6.0227801514e+02 6.0226898193e+02 6.0228698730e+02 6.0228997803e+02 6.0229901123e+02 6.0232299805e+02 6.0235699463e+02 6.0239501953e+02
6.0077600098e+02 6.0084497070e+02 6.0091699219e+02 6.0096697998e+02 6.0100000000e+02 6.0103698730e+02 6.0108599854e+02 6.0113897705e+02 6.0120001221e+02 6.0123400879e+02 6.0127502441e+02 6.0131701660e+02 6.0134399414e+02 6.0137097168e+02 6.0140997314e+02 6.0145599365e+02 6.0149597168e+02 6.0152197266e+02 6.0155297852e+02 6.0158801270e+02 6.0162097168e+02 6.0165100098e+02 6.0168298340e+02 6.0171301270e+02 6.0173400879e+02 6.0177600098e+02 6.0182897949e+02 6.0184197998e+02 6.0184399414e+02 6.0189001465e+02 6.0192901611e+02 6.0193200684e+02 6.0194702148e+02 6.0196600342e+02 6.0199902344e+02 6.0203997803e+02 6.0208300781e+02 6.0212500000e+02 6.0215100098e+02 6.0213201904e+02 6.0213397217e+02 6.0213897705e+02 6.0215002441e+02 6.0218200684e+02 6.0222399902e+02 6.0225097656e+02
6.0066302490e+02 6.0072399902e+02 6.0078601074e+02 6.0083697510e+02 6.0088702393e+02 6.0093701172e+02 6.0098797607e+02 6.0103802490e+02 6.0109100342e+02 6.0112097168e+02 6.0116101074e+02 6.0120501709e+02 6.0123199463e+02 6.0125701904e+02 6.0129498291e+02 6.0133898926e+02 6.0137701416e+02 6.0140100098e+02 6.0143499756e+02 6.0147302246e+02 6.0151202393e+02 6.0154998779e+02 6.0158502197e+02 6.0161297607e+02 6.0163201904e+02 6.0166998291e+02 6.0170501709e+02 6.0169702148e+02 6.0170501709e+02 6.0175500488e+02 6.0179498291e+02 6.0180902100e+02 6.0183099365e+02 6.0185400391e+02 6.0188598633e+02 6.0190802002e+02 6.0192797852e+02 6.0196002197e+02 6.0197998047e+02 6.0197198486e+02 6.0198999023e+02 6.0200598145e+02 6.0202099609e+02 6.0205102539e+02 6.0208197021e+02 6.0211401367e+02
6.0056896973e+02 6.0061798096e+02 6.0066802979e+02 6.0071801758e+02 6.0077197266e+02 6.0082299805e+02 6.0088098145e+02 6.0092700195e+02 6.0096301270e+02 6.0098602295e+02 6.0102600098e+02 6.0107702637e+02 6.0111700439e+02 6.0114501953e+02 6.0117999268e+02 6.0121899414e+02 6.0125701904e+02 6.0128802490e+02 6.0132501221e+02 6.0136499023e+02 6.0141497803e+02 6.0146099854e+02 6.0149597168e+02 6.0152197266e+02 6.0153997803e+02 6.0156402588e+02 6.0161102295e+02 6.0163598633e+02 6.0164001465e+02 6.0165899658e+02 6.0167901611e+02 6.0170001221e+02 6.0172198486e+02 6.0174401855e+02 6.0177502441e+02 6.0178100586e+02 6.0177502441e+02 6.0180499268e+02 6.0184100342e+02 6.0185699463e+02 6.0187200928e+02 6.0187097168e+02 6.0188702393e+02 6.0191802979e+02 6.0193902588e+02 6.0197302246e+02
