TESTSERVER/15/13.asc
NCOLS 100
NROWS 100
XLLCORNER 8.2497500000e+03
YLLCORNER 2.8930025000e+05
CELLSIZE 5.0000000000e-01
NODATA_VALUE -9.9990000000e+03
[rows 40 to 59 of 100, columns 0 to 45 of 100]
5.9948400879e+02 5.9959497070e+02 5.9972302246e+02 5.9979998779e+02 5.9988299561e+02 5.9996398926e+02 6.0003601074e+02 6.0008599854e+02 6.0014801025e+02 6.0023999023e+02 6.0035699463e+02 6.0045599365e+02 6.0053302002e+02 6.0060998535e+02 6.0067498779e+02 6.0073602295e+02 6.0081298828e+02 6.0088098145e+02 6.0093298340e+02 6.0097900391e+02 6.0106201172e+02 6.0114501953e+02 6.0119299316e+02 6.0127099609e+02 6.0135101318e+02 6.0141998291e+02 6.0145800781e+02 6.0157202148e+02 6.0164898682e+02 6.0168798828e+02 6.0173101807e+02 6.0178100586e+02 6.0184100342e+02 6.0191998291e+02 6.0200402832e+02 6.0206896973e+02 6.0211798096e+02 6.0217602539e+02 6.0222198486e+02 6.0224798584e+02 6.0228997803e+02 6.0234698486e+02 6.0245202637e+02 6.0253399658e+02 6.0257202148e+02 6.0259399414e+02
5.9938500977e+02 5.9947698975e+02 5.9961102295e+02 5.9971002197e+02 5.9979498291e+02 5.9985699463e+02 5.9989202881e+02 5.9994000244e+02 6.0001702881e+02 6.0010498047e+02 6.0020501709e+02 6.0029699707e+02 6.0038299561e+02 6.0046899414e+02 6.0054199219e+02 6.0061798096e+02 6.0070599365e+02 6.0078497314e+02 6.0083898926e+02 6.0088500977e+02 6.0096301270e+02 6.0103997803e+02 6.0108801270e+02 6.0116198730e+02 6.0124401855e+02 6.0132202148e+02 6.0139001465e+02 6.0148199463e+02 6.0153302002e+02 6.0157000732e+02 6.0164300537e+02 6.0169500732e+02 6.0175000000e+02 6.0183001709e+02 6.0190698242e+02 6.0198602295e+02 6.0203100586e+02 6.0207397461e+02 6.0211199951e+02 6.0215002441e+02 6.0219299316e+02 6.0225701904e+02 6.0234698486e+02 6.0241998291e+02 6.0245202637e+02 6.0246899414e+02
5.9928399658e+02 5.9935900879e+02 5.9948101807e+02 5.9958898926e+02 5.9967498779e+02 5.9973199463e+02 5.9975799561e+02 5.9982000732e+02 5.9990899658e+02 5.9998400879e+02 6.0006097412e+02 6.0014599609e+02 6.0023602295e+02 6.0033099365e+02 6.0041900635e+02 6.0050799561e+02 6.0059899902e+02 6.0067297363e+02 6.0072698975e+02 6.0078100586e+02 6.0085498047e+02 6.0093298340e+02 6.0098797607e+02 6.0105401611e+02 6.0113397217e+02 6.0122302246e+02 6.0129400635e+02 6.0135498047e+02 6.0140100098e+02 6.0145397949e+02 6.0154602051e+02 6.0160101318e+02 6.0165002441e+02 6.0172100830e+02 6.0179797363e+02 6.0187701416e+02 6.0190899658e+02 6.0194500732e+02 6.0198999023e+02 6.0203601074e+02 6.0208898926e+02 6.0215399170e+02 6.0223101807e+02 6.0229302979e+02 6.0232598877e+02 6.0234698486e+02
5.9917199707e+02 5.9923797607e+02 5.9934100342e+02 5.9944299316e+02 5.9952899170e+02 5.9959497070e+02 5.9963897705e+02 5.9973101807e+02 5.9982800293e+02 5.9989099121e+02 5.9994702148e+02 6.0002502441e+02 6.0011199951e+02 6.0020800781e+02 6.0030102539e+02 6.0039898682e+02 6.0049298096e+02 6.0056298828e+02 6.0060998535e+02 6.0066601563e+02 6.0073602295e+02 6.0081402588e+02 6.0088000488e+02 6.0093597412e+02 6.0101501465e+02 6.0111102295e+02 6.0117901611e+02 6.0122802734e+02 6.0128497314e+02 6.0134997559e+02 6.0142901611e+02 6.0149401855e+02 6.0154602051e+02 6.0160797119e+02 6.0167700195e+02 6.0174298096e+02 6.0177398682e+02 6.0181402588e+02 6.0186499023e+02 6.0190899658e+02 6.0196697998e+02 6.0203198242e+02 6.0210400391e+02 6.0216900635e+02 6.0221002197e+02 6.0224597168e+02
5.9906701660e+02 5.9913500977e+02 5.9921697998e+02 5.9929199219e+02 5.9937097168e+02 5.9944598389e+02 5.9953198242e+02 5.9965197754e+02 5.9975000000e+02 5.9980102539e+02 5.9985900879e+02 5.9993499756e+02 6.0001202393e+02 6.0010198975e+02 6.0019799805e+02 6.0028302002e+02 6.0039001465e+02 6.0047497559e+02 6.0053198242e+02 6.0055297852e+02 6.0060498047e+02 6.0067999268e+02 6.0077197266e+02 6.0083599854e+02 6.0090399170e+02 6.0098498535e+02 6.0104602051e+02 6.0110998535e+02 6.0118402100e+02 6.0125598145e+02 6.0130999756e+02 6.0137799072e+02 6.0143902588e+02 6.0149597168e+02 6.0155401611e+02 6.0161798096e+02 6.0166497803e+02 6.0170397949e+02 6.0175598145e+02 6.0181402588e+02 6.0186901855e+02 6.0192797852e+02 6.0199902344e+02 6.0205999756e+02 6.0211297607e+02 6.0216198730e+02
5.9894598389e+02 5.9901898193e+02 5.9909301758e+02 5.9917498779e+02 5.9925799561e+02 5.9933099365e+02 5.9941699219e+02 5.9953399658e+02 5.9963897705e+02 5.9970300293e+02 5.9976202393e+02 5.9983502197e+02 5.9990802002e+02 6.0000299072e+02 6.0009399414e+02 6.0018200684e+02 6.0029797363e+02 6.0040301514e+02 6.0045300293e+02 6.0046002197e+02 6.0048498535e+02 6.0054400635e+02 6.0064202881e+02 6.0075299072e+02 6.0082598877e+02 6.0088598633e+02 6.0094299316e+02 6.0102197266e+02 6.0109002686e+02 6.0115600586e+02 6.0120697021e+02 6.0127398682e+02 6.0133099365e+02 6.0137701416e+02 6.0142700195e+02 6.0150299072e+02 6.0155902100e+02 6.0160601807e+02 6.0166802979e+02 6.0171801758e+02 6.0175500488e+02 6.0180401611e+02 6.0188702393e+02 6.0196099854e+02 6.0200897217e+02 6.0205297852e+02
5.9883398438e+02 5.9891101074e+02 5.9898699951e+02 5.9907501221e+02 5.9915600586e+02 5.9922698975e+02 5.9930102539e+02 5.9940197754e+02 5.9950598145e+02 5.9957897949e+02 5.9963598633e+02 5.9970300293e+02 5.9978198242e+02 5.9987500000e+02 5.9996398926e+02 6.0005798340e+02 6.0017199707e+02 6.0027600098e+02 6.0033697510e+02 6.0035699463e+02 6.0039099121e+02 6.0045001221e+02 6.0053698730e+02 6.0064801025e+02 6.0071301270e+02 6.0076000977e+02 6.0082202148e+02 6.0091601563e+02 6.0097802734e+02 6.0104199219e+02 6.0109698486e+02 6.0115100098e+02 6.0120501709e+02 6.0125799561e+02 6.0131298828e+02 6.0137902832e+02 6.0143499756e+02 6.0149597168e+02 6.0157000732e+02 6.0160797119e+02 6.0164099121e+02 6.0168701172e+02 6.0176599121e+02 6.0184002686e+02 6.0189599609e+02 6.0195001221e+02
5.9874499512e+02 5.9881097412e+02 5.9888397217e+02 5.9896398926e+02 5.9903198242e+02 5.9910699463e+02 5.9919702148e+02 5.9928601074e+02 5.9937298584e+02 5.9944299316e+02 5.9949499512e+02 5.9957202148e+02 5.9966302490e+02 5.9975500488e+02 5.9983502197e+02 5.9992401123e+02 6.0002801514e+02 6.0012097168e+02 6.0018200684e+02 6.0023297119e+02 6.0029998779e+02 6.0037097168e+02 6.0045001221e+02 6.0054498291e+02 6.0060101318e+02 6.0064300537e+02 6.0070397949e+02 6.0079602051e+02 6.0084997559e+02 6.0090698242e+02 6.0097399902e+02 6.0101599121e+02 6.0106799316e+02 6.0113800049e+02 6.0120898438e+02 6.0126501465e+02 6.0131298828e+02 6.0138299561e+02 6.0147100830e+02 6.0150299072e+02 6.0154101563e+02 6.0159197998e+02 6.0165600586e+02 6.0171502686e+02 6.0177801514e+02 6.0184997559e+02
5.9864801025e+02 5.9869897461e+02 5.9876300049e+02 5.9886199951e+02 5.9892700195e+02 5.9900097656e+02 5.9912097168e+02 5.9918103027e+02 5.9924499512e+02 5.9930798340e+02 5.9936199951e+02 5.9946801758e+02 5.9957202148e+02 5.9966101074e+02 5.9973199463e+02 5.9980999756e+02 5.9990301514e+02 5.9998602295e+02 6.0004302979e+02 6.0011297607e+02 6.0020202637e+02 6.0027801514e+02 6.0033801270e+02 6.0042102051e+02 6.0048297119e+02 6.0053399658e+02 6.0058398438e+02 6.0065997314e+02 6.0073101807e+02 6.0080499268e+02 6.0086798096e+02 6.0092102051e+02 6.0096600342e+02 6.0104101563e+02 6.0113000488e+02 6.0116802979e+02 6.0120001221e+02 6.0126202393e+02 6.0134899902e+02 6.0137500000e+02 6.0143200684e+02 6.0150598145e+02 6.0157598877e+02 6.0159301758e+02 6.0164202881e+02 6.0171697998e+02
5.9854998779e+02 5.9861999512e+02 5.9868402100e+02 5.9877099609e+02 5.9884301758e+02 5.9890502930e+02 5.9900402832e+02 5.9907299805e+02 5.9913000488e+02 5.9918701172e+02 5.9925701904e+02 5.9936798096e+02 5.9945800781e+02 5.9953900146e+02 5.9962597656e+02 5.9972497559e+02 5.9981799316e+02 5.9989398193e+02 5.9995397949e+02 6.0002801514e+02 6.0010198975e+02 6.0016998291e+02 6.0023199463e+02 6.0029797363e+02 6.0035797119e+02 6.0041900635e+02 6.0047802734e+02 6.0053997803e+02 6.0062298584e+02 6.0072900391e+02 6.0078497314e+02 6.0081298828e+02 6.0086901855e+02 6.0093200684e+02 6.0099902344e+02 6.0105700684e+02 6.0110601807e+02 6.0117700195e+02 6.0124798584e+02 6.0126501465e+02 6.0130999756e+02 6.0136499023e+02 6.0143402100e+02 6.0146398926e+02 6.0150799561e+02 6.0157299805e+02
5.9845300293e+02 5.9851397705e+02 5.9858099365e+02 5.9866302490e+02 5.9875000000e+02 5.9881701660e+02 5.9889697266e+02 5.9897900391e+02 5.9903802490e+02 5.9909698486e+02 5.9916900635e+02 5.9925500488e+02 5.9932897949e+02 5.9940802002e+02 5.9951300049e+02 5.9962902832e+02 5.9971600342e+02 5.9978399658e+02 5.9985400391e+02 5.9992700195e+02 5.9999102783e+02 6.0005499268e+02 6.0012701416e+02 6.0019598389e+02 6.0024902344e+02 6.0031298828e+02 6.0037200928e+02 6.0041601563e+02 6.0049401855e+02 6.0061901855e+02 6.0067901611e+02 6.0071002197e+02 6.0078900146e+02 6.0084002686e+02 6.0087701416e+02 6.0094598389e+02 6.0100598145e+02 6.0107501221e+02 6.0114599609e+02 6.0116900635e+02 6.0121002197e+02 6.0124798584e+02 6.0131298828e+02 6.0137298584e+02 6.0142602539e+02 6.0148400879e+02
5.9835797119e+02 5.9841101074e+02 5.9848498535e+02 5.9856597900e+02 5.9865600586e+02 5.9872497559e+02 5.9879797363e+02 5.9887500000e+02 5.9893298340e+02 5.9899700928e+02 5.9908197021e+02 5.9915399170e+02 5.9922100830e+02 5.9929699707e+02 5.9940301514e+02 5.9951599121e+02 5.9959002686e+02 5.9965197754e+02 5.9973602295e+02 5.9981201172e+02 5.9987097168e+02 5.9993402100e+02 6.0000500488e+02 6.0007299805e+02 6.0013098145e+02 6.0020001221e+02 6.0026000977e+02 6.0030401611e+02 6.0037298584e+02 6.0048297119e+02 6.0054400635e+02 6.0060699463e+02 6.0071002197e+02 6.0076300049e+02 6.0078002930e+02 6.0083898926e+02 6.0088702393e+02 6.0093902588e+02 6.0101898193e+02 6.0106402588e+02 6.0110998535e+02 6.0114398193e+02 6.0120800781e+02 6.0129199219e+02 6.0134997559e+02 6.0139697266e+02
5.9827099609e+02 5.9833300781e+02 5.9843902588e+02 5.9850799561e+02 5.9857000732e+02 5.9862500000e+02 5.9870397949e+02 5.9876702881e+02 5.9883099365e+02 5.9890399170e+02 5.9899798584e+02 5.9908099365e+02 5.9914599609e+02 5.9921502686e+02 5.9930200195e+02 5.9939501953e+02 5.9946301270e+02 5.9952197266e+02 5.9960900879e+02 5.9969097900e+02 5.9975299072e+02 5.9981402588e+02 5.9986999512e+02 5.9995202637e+02 6.0002197266e+02 6.0009100342e+02 6.0013500977e+02 6.0018902588e+02 6.0026898193e+02 6.0037097168e+02 6.0044897461e+02 6.0048999023e+02 6.0056799316e+02 6.0062500000e+02 6.0065698242e+02 6.0071398926e+02 6.0077301025e+02 6.0082897949e+02 6.0090197754e+02 6.0095599365e+02 6.0100000000e+02 6.0103100586e+02 6.0109002686e+02 6.0117999268e+02 6.0123901367e+02 6.0128399658e+02
5.9818597412e+02 5.9826000977e+02 5.9837097168e+02 5.9844000244e+02 5.9846301270e+02 5.9850201416e+02 5.9858502197e+02 5.9865899658e+02 5.9874102783e+02 5.9882397461e+02 5.9890802002e+02 5.9898602295e+02 5.9904998779e+02 5.9911602783e+02 5.9919897461e+02 5.9928601074e+02 5.9935699463e+02 5.9942700195e+02 5.9951000977e+02 5.9956597900e+02 5.9963897705e+02 5.9971697998e+02 5.9978100586e+02 5.9985302734e+02 5.9990997314e+02 5.9996801758e+02 6.0003601074e+02 6.0010302734e+02 6.0017602539e+02 6.0024597168e+02 6.0030401611e+02 6.0037799072e+02 6.0045599365e+02 6.0052398682e+02 6.0057000732e+02 6.0061297607e+02 6.0065502930e+02 6.0070697021e+02 6.0077197266e+02 6.0083599854e+02 6.0088299561e+02 6.0091101074e+02 6.0097698975e+02 6.0104998779e+02 6.0111499023e+02 6.0116900635e+02
5.9808197021e+02 5.9815802002e+02 5.9825799561e+02 5.9830902100e+02 5.9833398438e+02 5.9839202881e+02 5.9848498535e+02 5.9856597900e+02 5.9865698242e+02 5.9874298096e+02 5.9881500244e+02 5.9888397217e+02 5.9895599365e+02 5.9902697754e+02 5.9910998535e+02 5.9919500732e+02 5.9926800537e+02 5.9934002686e+02 5.9941699219e+02 5.9945898438e+02 5.9953900146e+02 5.9962902832e+02 5.9969598389e+02 5.9975897217e+02 5.9981500244e+02 5.9988098145e+02 5.9996301270e+02 6.0003601074e+02 6.0009497070e+02 6.0013000488e+02 6.0018597412e+02 6.0028601074e+02 6.0035998535e+02 6.0041601563e+02 6.0046600342e+02 6.0051898193e+02 6.0054901123e+02 6.0058898926e+02 6.0065698242e+02 6.0073797607e+02 6.0078302002e+02 6.0080603027e+02 6.0086901855e+02 6.0093597412e+02 6.0100897217e+02 6.0107202148e+02
5.9798901367e+02 5.9805902100e+02 5.9814202881e+02 5.9819299316e+02 5.9825000000e+02 5.9833801270e+02 5.9841699219e+02 5.9848400879e+02 5.9857397461e+02 5.9865997314e+02 5.9872497559e+02 5.9878997803e+02 5.9886901855e+02 5.9895001221e+02 5.9903198242e+02 5.9911798096e+02 5.9918701172e+02 5.9924902344e+02 5.9932000732e+02 5.9936602783e+02 5.9944598389e+02 5.9953802490e+02 5.9961199951e+02 5.9967797852e+02 5.9973498535e+02 5.9980499268e+02 5.9988800049e+02 5.9994299316e+02 5.9999902344e+02 6.0003997803e+02 6.0010498047e+02 6.0017700195e+02 6.0022198486e+02 6.0027801514e+02 6.0034600830e+02 6.0042700195e+02 6.0047601318e+02 6.0049499512e+02 6.0054199219e+02 6.0062402344e+02 6.0067602539e+02 6.0070898438e+02 6.0077001953e+02 6.0083502197e+02 6.0091601563e+02 6.0098297119e+02
5.9791101074e+02 5.9797698975e+02 5.9805401611e+02 5.9810101318e+02 5.9818103027e+02 5.9828302002e+02 5.9836102295e+02 5.9840698242e+02 5.9849200439e+02 5.9858001709e+02 5.9865301514e+02 5.9871502686e+02 5.9879797363e+02 5.9888299561e+02 5.9896398926e+02 5.9905401611e+02 5.9911602783e+02 5.9916101074e+02 5.9921197510e+02 5.9927697754e+02 5.9935198975e+02 5.9943597412e+02 5.9952001953e+02 5.9959002686e+02 5.9963500977e+02 5.9969396973e+02 5.9975097656e+02 5.9979400635e+02 5.9986602783e+02 5.9994500732e+02 6.0000000000e+02 6.0005798340e+02 6.0010198975e+02 6.0017401123e+02 6.0023297119e+02 6.0029901123e+02 6.0036102295e+02 6.0039300537e+02 6.0044299316e+02 6.0050299072e+02 6.0055603027e+02 6.0059997559e+02 6.0065698242e+02 6.0073199463e+02 6.0080700684e+02 6.0086901855e+02
5.9783197021e+02 5.9789898682e+02 5.9797302246e+02 5.9803198242e+02 5.9810601807e+02 5.9816802979e+02 5.9822802734e+02 5.9829498291e+02 5.9840698242e+02 5.9850701904e+02 5.9857501221e+02 5.9864801025e+02 5.9873400879e+02 5.9882000732e+02 5.9890399170e+02 5.9899700928e+02 5.9905700684e+02 5.9909197998e+02 5.9913201904e+02 5.9919598389e+02 5.9926202393e+02 5.9933197021e+02 5.9940802002e+02 5.9947198486e+02 5.9951098633e+02 5.9956402588e+02 5.9963897705e+02 5.9968499756e+02 5.9975799561e+02 5.9984600830e+02 5.9989001465e+02 5.9994000244e+02 6.0001702881e+02 6.0008599854e+02 6.0011602783e+02 6.0017401123e+02 6.0021197510e+02 6.0025097656e+02 6.0032397461e+02 6.0039202881e+02 6.0044598389e+02 6.0048297119e+02 6.0053601074e+02 6.0060998535e+02 6.0067297363e+02 6.0072302246e+02
5.9775500488e+02 5.9783001709e+02 5.9790002441e+02 5.9796099854e+02 5.9802899170e+02 5.9807897949e+02 5.9812799072e+02 5.9820202637e+02 5.9830999756e+02 5.9840100098e+02 5.9846600342e+02 5.9854901123e+02 5.9864099121e+02 5.9873602295e+02 5.9883599854e+02 5.9894097900e+02 5.9899798584e+02 5.9902398682e+02 5.9905902100e+02 5.9912200928e+02 5.9917797852e+02 5.9923101807e+02 5.9928497314e+02 5.9934802246e+02 5.9940197754e+02 5.9945501709e+02 5.9952001953e+02 5.9956097412e+02 5.9963702393e+02 5.9973797607e+02 5.9980102539e+02 5.9984399414e+02 5.9992901611e+02 6.0000201416e+02 6.0002600098e+02 6.0007397461e+02 6.0009899902e+02 6.0014398193e+02 6.0020800781e+02 6.0026300049e+02 6.0032202148e+02 6.0036999512e+02 6.0042901611e+02 6.0050097656e+02 6.0055499268e+02 6.0060101318e+02
5.9766400146e+02 5.9774499512e+02 5.9782000732e+02 5.9788800049e+02 5.9796197510e+02 5.9802600098e+02 5.9807800293e+02 5.9813397217e+02 5.9821398926e+02 5.9828997803e+02 5.9834899902e+02 5.9842999268e+02 5.9852697754e+02 5.9863201904e+02 5.9875097656e+02 5.9886798096e+02 5.9892297363e+02 5.9894396973e+02 5.9898101807e+02 5.9904498291e+02 5.9909399414e+02 5.9913299561e+02 5.9916998291e+02 5.9922998047e+02 5.9929302979e+02 5.9934301758e+02 5.9939599609e+02 5.9945098877e+02 5.9952398682e+02 5.9961102295e+02 5.9968597412e+02 5.9972698975e+02 5.9980798340e+02 5.9988299561e+02 5.9991601563e+02 5.9995599365e+02 5.9999597168e+02 6.0005102539e+02 6.0009600830e+02 6.0014099121e+02 6.0020300293e+02 6.0026300049e+02 6.0033001709e+02 6.0039898682e+02 6.0045001221e+02 6.0050000000e+02
