TESTSERVER/15/13.asc
NCOLS 100
NROWS 100
XLLCORNER 8.2497500000e+03
YLLCORNER 2.8930025000e+05
CELLSIZE 5.0000000000e-01
NODATA_VALUE -9.9990000000e+03
[rows 0 to 19 of 100, columns 0 to 45 of 100]
6.0350598145e+02 6.0358697510e+02 6.0365100098e+02 6.0369598389e+02 6.0372998047e+02 6.0379199219e+02 6.0388397217e+02 6.0395800781e+02 6.0403900146e+02 6.0413201904e+02 6.0423199463e+02 6.0430902100e+02 6.0437200928e+02 6.0445001221e+02 6.0453997803e+02 6.0460797119e+02 6.0465002441e+02 6.0472497559e+02 6.0486999512e+02 6.0493298340e+02 6.0497998047e+02 6.0501300049e+02 6.0507299805e+02 6.0516900635e+02 6.0529302979e+02 6.0546600342e+02 6.0557897949e+02 6.0562500000e+02 6.0570898438e+02 6.0576000977e+02 6.0575701904e+02 6.0583099365e+02 6.0596197510e+02 6.0606298828e+02 6.0613299561e+02 6.0623297119e+02 6.0629998779e+02 6.0639300537e+02 6.0652502441e+02 6.0659997559e+02 6.0671997070e+02 6.0684997559e+02 6.0694000244e+02 6.0702398682e+02 6.0710601807e+02 6.0719000244e+02
6.0340600586e+02 6.0348901367e+02 6.0353497314e+02 6.0358801270e+02 6.0365399170e+02 6.0372998047e+02 6.0381298828e+02 6.0389099121e+02 6.0396997070e+02 6.0405499268e+02 6.0414801025e+02 6.0421697998e+02 6.0428802490e+02 6.0436102295e+02 6.0443902588e+02 6.0451397705e+02 6.0456402588e+02 6.0462200928e+02 6.0473101807e+02 6.0482897949e+02 6.0495098877e+02 6.0498797607e+02 6.0502502441e+02 6.0507299805e+02 6.0513598633e+02 6.0526702881e+02 6.0537799072e+02 6.0545697021e+02 6.0559301758e+02 6.0568902588e+02 6.0570800781e+02 6.0575201416e+02 6.0587097168e+02 6.0595898438e+02 6.0604498291e+02 6.0614300537e+02 6.0620800781e+02 6.0628900146e+02 6.0639300537e+02 6.0645800781e+02 6.0658697510e+02 6.0672998047e+02 6.0682397461e+02 6.0692297363e+02 6.0701702881e+02 6.0709802246e+02
6.0330999756e+02 6.0340197754e+02 6.0345898438e+02 6.0350201416e+02 6.0357202148e+02 6.0365698242e+02 6.0373699951e+02 6.0380200195e+02 6.0387500000e+02 6.0395599365e+02 6.0404602051e+02 6.0410900879e+02 6.0419598389e+02 6.0428997803e+02 6.0436297607e+02 6.0442401123e+02 6.0448699951e+02 6.0455603027e+02 6.0463800049e+02 6.0472998047e+02 6.0486401367e+02 6.0493597412e+02 6.0497302246e+02 6.0500097656e+02 6.0502398682e+02 6.0511401367e+02 6.0521899414e+02 6.0529302979e+02 6.0541101074e+02 6.0552301025e+02 6.0559399414e+02 6.0566900635e+02 6.0578601074e+02 6.0587200928e+02 6.0595898438e+02 6.0603399658e+02 6.0608898926e+02 6.0616601563e+02 6.0627197266e+02 6.0633300781e+02 6.0644396973e+02 6.0657598877e+02 6.0669702148e+02 6.0682598877e+02 6.0692602539e+02 6.0700402832e+02
6.0325000000e+02 6.0333697510e+02 6.0340399170e+02 6.0343798828e+02 6.0349499512e+02 6.0357800293e+02 6.0365600586e+02 6.0371099854e+02 6.0378497314e+02 6.0386901855e+02 6.0395202637e+02 6.0401599121e+02 6.0410998535e+02 6.0420800781e+02 6.0426702881e+02 6.0432299805e+02 6.0440197754e+02 6.0448797607e+02 6.0457000732e+02 6.0463000488e+02 6.0471899414e+02 6.0480798340e+02 6.0486199951e+02 6.0489697266e+02 6.0493103027e+02 6.0501098633e+02 6.0510998535e+02 6.0517602539e+02 6.0526599121e+02 6.0535601807e+02 6.0544897461e+02 6.0554998779e+02 6.0565698242e+02 6.0574902344e+02 6.0584802246e+02 6.0590802002e+02 6.0596398926e+02 6.0604699707e+02 6.0616601563e+02 6.0623498535e+02 6.0632702637e+02 6.0643902588e+02 6.0657598877e+02 6.0672698975e+02 6.0682501221e+02 6.0688800049e+02
6.0320501709e+02 6.0328002930e+02 6.0333898926e+02 6.0337799072e+02 6.0342401123e+02 6.0349902344e+02 6.0358001709e+02 6.0364202881e+02 6.0373797607e+02 6.0382897949e+02 6.0390502930e+02 6.0393798828e+02 6.0401702881e+02 6.0409497070e+02 6.0415197754e+02 6.0421197510e+02 6.0429498291e+02 6.0437402344e+02 6.0443200684e+02 6.0452001953e+02 6.0459899902e+02 6.0468597412e+02 6.0474597168e+02 6.0478198242e+02 6.0483801270e+02 6.0492199707e+02 6.0502001953e+02 6.0509100342e+02 6.0516699219e+02 6.0524798584e+02 6.0535198975e+02 6.0542700195e+02 6.0549798584e+02 6.0558197021e+02 6.0570397949e+02 6.0579602051e+02 6.0587097168e+02 6.0595697021e+02 6.0604400635e+02 6.0613098145e+02 6.0623602295e+02 6.0636102295e+02 6.0651000977e+02 6.0660900879e+02 6.0669299316e+02 6.0674102783e+02
6.0309100342e+02 6.0317199707e+02 6.0324102783e+02 6.0329400635e+02 6.0334600830e+02 6.0341900635e+02 6.0349798584e+02 6.0357299805e+02 6.0366497803e+02 6.0374597168e+02 6.0381701660e+02 6.0386297607e+02 6.0392498779e+02 6.0398901367e+02 6.0406298828e+02 6.0413702393e+02 6.0420800781e+02 6.0428497314e+02 6.0436102295e+02 6.0443402100e+02 6.0449700928e+02 6.0457397461e+02 6.0464398193e+02 6.0471301270e+02 6.0477301025e+02 6.0484197998e+02 6.0492901611e+02 6.0498699951e+02 6.0505902100e+02 6.0515197754e+02 6.0526202393e+02 6.0533599854e+02 6.0540197754e+02 6.0548297119e+02 6.0558099365e+02 6.0567700195e+02 6.0578698730e+02 6.0590502930e+02 6.0597302246e+02 6.0602502441e+02 6.0609899902e+02 6.0619799805e+02 6.0634301758e+02 6.0646197510e+02 6.0654498291e+02 6.0660498047e+02
6.0298901367e+02 6.0305603027e+02 6.0313397217e+02 6.0320001221e+02 6.0327099609e+02 6.0335302734e+02 6.0342797852e+02 6.0349401855e+02 6.0356896973e+02 6.0364398193e+02 6.0372399902e+02 6.0378100586e+02 6.0384802246e+02 6.0392498779e+02 6.0401202393e+02 6.0407501221e+02 6.0413800049e+02 6.0422399902e+02 6.0431701660e+02 6.0438000488e+02 6.0442498779e+02 6.0449499512e+02 6.0455499268e+02 6.0463299561e+02 6.0470501709e+02 6.0477398682e+02 6.0484698486e+02 6.0490698242e+02 6.0498999023e+02 6.0509899902e+02 6.0521502686e+02 6.0528198242e+02 6.0533398438e+02 6.0539599609e+02 6.0546600342e+02 6.0555401611e+02 6.0566302490e+02 6.0578698730e+02 6.0588000488e+02 6.0594897461e+02 6.0601300049e+02 6.0608898926e+02 6.0619897461e+02 6.0629699707e+02 6.0638397217e+02 6.0646600342e+02
6.0290502930e+02 6.0295800781e+02 6.0303802490e+02 6.0310601807e+02 6.0318298340e+02 6.0327099609e+02 6.0334600830e+02 6.0340197754e+02 6.0347100830e+02 6.0355200195e+02 6.0364202881e+02 6.0369299316e+02 6.0376098633e+02 6.0384802246e+02 6.0393499756e+02 6.0396801758e+02 6.0404199219e+02 6.0414501953e+02 6.0422998047e+02 6.0428900146e+02 6.0434197998e+02 6.0442401123e+02 6.0447900391e+02 6.0453997803e+02 6.0461602783e+02 6.0469299316e+02 6.0476098633e+02 6.0483502197e+02 6.0493103027e+02 6.0504699707e+02 6.0517199707e+02 6.0522399902e+02 6.0525402832e+02 6.0530200195e+02 6.0536602783e+02 6.0544299316e+02 6.0553002930e+02 6.0563397217e+02 6.0573602295e+02 6.0582202148e+02 6.0591101074e+02 6.0599401855e+02 6.0607202148e+02 6.0613800049e+02 6.0622302246e+02 6.0632598877e+02
6.0283898926e+02 6.0290197754e+02 6.0298101807e+02 6.0303100586e+02 6.0309197998e+02 6.0316601563e+02 6.0324499512e+02 6.0330603027e+02 6.0338201904e+02 6.0347900391e+02 6.0359301758e+02 6.0364099121e+02 6.0368597412e+02 6.0375097656e+02 6.0382098389e+02 6.0386700439e+02 6.0395697021e+02 6.0405603027e+02 6.0411602783e+02 6.0419500732e+02 6.0425598145e+02 6.0435302734e+02 6.0443597412e+02 6.0446197510e+02 6.0451501465e+02 6.0459002686e+02 6.0465802002e+02 6.0473999023e+02 6.0483801270e+02 6.0495098877e+02 6.0506402588e+02 6.0511297607e+02 6.0514398193e+02 6.0520098877e+02 6.0528100586e+02 6.0535601807e+02 6.0542901611e+02 6.0551501465e+02 6.0562902832e+02 6.0571600342e+02 6.0580999756e+02 6.0589599609e+02 6.0597100830e+02 6.0600402832e+02 6.0608197021e+02 6.0619799805e+02
6.0274700928e+02 6.0281799316e+02 6.0289501953e+02 6.0296997070e+02 6.0303002930e+02 6.0309100342e+02 6.0316101074e+02 6.0323297119e+02 6.0331896973e+02 6.0341900635e+02 6.0352301025e+02 6.0355102539e+02 6.0355798340e+02 6.0361102295e+02 6.0372998047e+02 6.0383197021e+02 6.0390502930e+02 6.0397100830e+02 6.0403900146e+02 6.0412200928e+02 6.0416601563e+02 6.0424798584e+02 6.0434899902e+02 6.0440899658e+02 6.0444000244e+02 6.0449499512e+02 6.0457202148e+02 6.0464599609e+02 6.0473498535e+02 6.0484497070e+02 6.0494097900e+02 6.0498901367e+02 6.0504498291e+02 6.0510797119e+02 6.0518902588e+02 6.0527301025e+02 6.0534197998e+02 6.0541198730e+02 6.0548602295e+02 6.0556097412e+02 6.0568298340e+02 6.0579101563e+02 6.0586499023e+02 6.0590802002e+02 6.0598602295e+02 6.0609497070e+02
6.0265197754e+02 6.0272601318e+02 6.0280200195e+02 6.0288500977e+02 6.0294702148e+02 6.0300799561e+02 6.0307299805e+02 6.0314801025e+02 6.0324798584e+02 6.0334698486e+02 6.0343298340e+02 6.0346002197e+02 6.0346197510e+02 6.0350799561e+02 6.0363201904e+02 6.0374499512e+02 6.0381701660e+02 6.0388702393e+02 6.0395202637e+02 6.0401300049e+02 6.0406597900e+02 6.0415997314e+02 6.0427899170e+02 6.0435400391e+02 6.0437200928e+02 6.0441802979e+02 6.0450201416e+02 6.0457299805e+02 6.0465100098e+02 6.0474401855e+02 6.0482598877e+02 6.0489202881e+02 6.0496997070e+02 6.0503900146e+02 6.0510900879e+02 6.0518103027e+02 6.0524499512e+02 6.0531500244e+02 6.0539398193e+02 6.0545800781e+02 6.0556402588e+02 6.0566601563e+02 6.0574798584e+02 6.0579998779e+02 6.0587902832e+02 6.0598101807e+02
6.0255401611e+02 6.0263201904e+02 6.0269897461e+02 6.0277801514e+02 6.0284497070e+02 6.0291601563e+02 6.0298797607e+02 6.0306597900e+02 6.0317102051e+02 6.0326397705e+02 6.0333801270e+02 6.0339300537e+02 6.0342102051e+02 6.0346801758e+02 6.0356597900e+02 6.0366198730e+02 6.0373297119e+02 6.0380902100e+02 6.0387097168e+02 6.0391998291e+02 6.0398901367e+02 6.0409600830e+02 6.0419396973e+02 6.0425000000e+02 6.0427697754e+02 6.0434100342e+02 6.0443701172e+02 6.0450598145e+02 6.0457397461e+02 6.0464801025e+02 6.0470898438e+02 6.0478198242e+02 6.0488299561e+02 6.0497399902e+02 6.0503497314e+02 6.0509698486e+02 6.0516302490e+02 6.0523199463e+02 6.0531896973e+02 6.0537200928e+02 6.0544000244e+02 6.0552899170e+02 6.0563500977e+02 6.0569299316e+02 6.0577600098e+02 6.0587701416e+02
6.0245697021e+02 6.0253900146e+02 6.0260101318e+02 6.0266497803e+02 6.0274298096e+02 6.0282501221e+02 6.0290100098e+02 6.0299200439e+02 6.0308099365e+02 6.0315502930e+02 6.0321997070e+02 6.0330603027e+02 6.0337402344e+02 6.0343499756e+02 6.0352600098e+02 6.0358502197e+02 6.0363897705e+02 6.0370898438e+02 6.0377502441e+02 6.0384600830e+02 6.0391601563e+02 6.0399597168e+02 6.0406097412e+02 6.0413000488e+02 6.0418798828e+02 6.0427398682e+02 6.0436297607e+02 6.0441900635e+02 6.0448699951e+02 6.0455200195e+02 6.0459899902e+02 6.0467199707e+02 6.0478601074e+02 6.0489501953e+02 6.0494799805e+02 6.0501599121e+02 6.0509600830e+02 6.0515399170e+02 6.0521002197e+02 6.0527697754e+02 6.0534197998e+02 6.0541998291e+02 6.0551898193e+02 6.0559600830e+02 6.0568701172e+02 6.0579101563e+02
6.0236700439e+02 6.0245098877e+02 6.0251397705e+02 6.0258300781e+02 6.0265399170e+02 6.0272399902e+02 6.0280902100e+02 6.0290802002e+02 6.0300000000e+02 6.0306500244e+02 6.0312500000e+02 6.0319201660e+02 6.0326599121e+02 6.0334698486e+02 6.0345001221e+02 6.0350799561e+02 6.0355499268e+02 6.0362500000e+02 6.0369500732e+02 6.0376000977e+02 6.0382098389e+02 6.0388702393e+02 6.0395001221e+02 6.0403601074e+02 6.0411297607e+02 6.0419702148e+02 6.0426300049e+02 6.0430700684e+02 6.0438000488e+02 6.0445001221e+02 6.0450201416e+02 6.0456298828e+02 6.0467401123e+02 6.0477899170e+02 6.0481402588e+02 6.0487799072e+02 6.0497601318e+02 6.0506799316e+02 6.0513800049e+02 6.0517700195e+02 6.0523901367e+02 6.0531799316e+02 6.0539300537e+02 6.0546099854e+02 6.0555102539e+02 6.0564501953e+02
6.0228997803e+02 6.0237799072e+02 6.0244396973e+02 6.0251800537e+02 6.0257000732e+02 6.0262597656e+02 6.0271398926e+02 6.0281500244e+02 6.0290997314e+02 6.0297802734e+02 6.0303997803e+02 6.0309997559e+02 6.0317498779e+02 6.0325897217e+02 6.0336199951e+02 6.0341802979e+02 6.0345599365e+02 6.0352398682e+02 6.0360198975e+02 6.0366601563e+02 6.0371801758e+02 6.0378601074e+02 6.0386401367e+02 6.0395501709e+02 6.0403302002e+02 6.0411199951e+02 6.0417401123e+02 6.0421697998e+02 6.0428802490e+02 6.0435302734e+02 6.0440301514e+02 6.0445599365e+02 6.0455102539e+02 6.0464300537e+02 6.0468902588e+02 6.0475201416e+02 6.0486199951e+02 6.0498999023e+02 6.0509002686e+02 6.0511901855e+02 6.0516198730e+02 6.0521398926e+02 6.0526599121e+02 6.0533099365e+02 6.0540899658e+02 6.0548297119e+02
6.0221899414e+02 6.0231896973e+02 6.0239697266e+02 6.0246197510e+02 6.0249102783e+02 6.0253100586e+02 6.0261401367e+02 6.0270898438e+02 6.0280297852e+02 6.0287799072e+02 6.0295098877e+02 6.0302099609e+02 6.0309301758e+02 6.0316601563e+02 6.0325000000e+02 6.0330603027e+02 6.0334899902e+02 6.0341601563e+02 6.0349798584e+02 6.0356597900e+02 6.0362200928e+02 6.0369897461e+02 6.0378997803e+02 6.0386901855e+02 6.0394097900e+02 6.0401599121e+02 6.0408300781e+02 6.0413397217e+02 6.0420202637e+02 6.0426397705e+02 6.0431097412e+02 6.0436901855e+02 6.0444702148e+02 6.0452697754e+02 6.0458898926e+02 6.0465301514e+02 6.0475097656e+02 6.0488000488e+02 6.0499798584e+02 6.0503698730e+02 6.0507800293e+02 6.0511297607e+02 6.0514697266e+02 6.0521697998e+02 6.0528601074e+02 6.0534497070e+02
6.0213000488e+02 6.0224798584e+02 6.0234600830e+02 6.0240002441e+02 6.0241302490e+02 6.0244396973e+02 6.0251898193e+02 6.0259997559e+02 6.0269097900e+02 6.0277099609e+02 6.0284600830e+02 6.0292102051e+02 6.0298498535e+02 6.0304602051e+02 6.0312902832e+02 6.0320697021e+02 6.0326702881e+02 6.0333300781e+02 6.0340698242e+02 6.0348400879e+02 6.0355499268e+02 6.0363299561e+02 6.0370800781e+02 6.0378698730e+02 6.0385900879e+02 6.0391900635e+02 6.0396398926e+02 6.0401300049e+02 6.0408099365e+02 6.0414898682e+02 6.0419799805e+02 6.0427697754e+02 6.0435900879e+02 6.0442901611e+02 6.0449700928e+02 6.0456799316e+02 6.0464202881e+02 6.0474298096e+02 6.0486199951e+02 6.0489801025e+02 6.0494897461e+02 6.0499298096e+02 6.0502801514e+02 6.0510797119e+02 6.0518597412e+02 6.0524102783e+02
6.0201898193e+02 6.0213598633e+02 6.0223699951e+02 6.0228997803e+02 6.0231597900e+02 6.0235797119e+02 6.0242700195e+02 6.0249597168e+02 6.0257397461e+02 6.0265100098e+02 6.0273797607e+02 6.0280902100e+02 6.0286102295e+02 6.0291699219e+02 6.0301501465e+02 6.0311700439e+02 6.0317999268e+02 6.0324798584e+02 6.0333300781e+02 6.0341497803e+02 6.0348199463e+02 6.0354199219e+02 6.0362597656e+02 6.0371600342e+02 6.0377801514e+02 6.0383001709e+02 6.0389099121e+02 6.0393402100e+02 6.0398999023e+02 6.0405401611e+02 6.0410601807e+02 6.0416699219e+02 6.0424798584e+02 6.0431701660e+02 6.0439599609e+02 6.0446997070e+02 6.0452502441e+02 6.0459600830e+02 6.0469897461e+02 6.0475299072e+02 6.0480999756e+02 6.0485998535e+02 6.0490899658e+02 6.0499902344e+02 6.0508099365e+02 6.0513397217e+02
6.0191497803e+02 6.0201300049e+02 6.0209802246e+02 6.0215301514e+02 6.0219702148e+02 6.0225201416e+02 6.0232598877e+02 6.0239599609e+02 6.0246697998e+02 6.0253900146e+02 6.0263098145e+02 6.0270697021e+02 6.0276397705e+02 6.0282897949e+02 6.0292199707e+02 6.0302099609e+02 6.0309301758e+02 6.0317700195e+02 6.0326300049e+02 6.0332501221e+02 6.0337402344e+02 6.0343499756e+02 6.0353997803e+02 6.0364697266e+02 6.0370098877e+02 6.0373602295e+02 6.0380102539e+02 6.0386499023e+02 6.0393499756e+02 6.0400701904e+02 6.0405102539e+02 6.0409002686e+02 6.0415600586e+02 6.0422497559e+02 6.0430499268e+02 6.0437799072e+02 6.0442999268e+02 6.0448498535e+02 6.0455902100e+02 6.0461499023e+02 6.0467797852e+02 6.0473999023e+02 6.0480700684e+02 6.0490899658e+02 6.0498602295e+02 6.0503302002e+02
6.0181201172e+02 6.0188598633e+02 6.0196301270e+02 6.0202899170e+02 6.0208801270e+02 6.0215301514e+02 6.0222601318e+02 6.0230700684e+02 6.0238500977e+02 6.0245202637e+02 6.0253100586e+02 6.0260498047e+02 6.0267901611e+02 6.0276800537e+02 6.0285302734e+02 6.0292999268e+02 6.0301098633e+02 6.0310900879e+02 6.0318499756e+02 6.0323400879e+02 6.0327801514e+02 6.0334899902e+02 6.0345001221e+02 6.0355102539e+02 6.0359399414e+02 6.0361499023e+02 6.0366699219e+02 6.0375000000e+02 6.0384301758e+02 6.0392797852e+02 6.0397601318e+02 6.0401898193e+02 6.0408001709e+02 6.0414697266e+02 6.0421099854e+02 6.0428399658e+02 6.0434399414e+02 6.0439898682e+02 6.0445202637e+02 6.0449902344e+02 6.0456402588e+02 6.0463500977e+02 6.0471002197e+02 6.0482000732e+02 6.0489099121e+02 6.0492999268e+02
