TESTSERVER/15/14.asc
NCOLS 100
NROWS 100
XLLCORNER 8.2497500000e+03
YLLCORNER 2.8925025000e+05
CELLSIZE 5.0000000000e-01
NODATA_VALUE -9.9990000000e+03
[rows 0 to 19 of 100, columns 46 to 91 of 100]
5.9621997070e+02 5.9651202393e+02 5.9677899170e+02 5.9696502686e+02 5.9694799805e+02 5.9629699707e+02 5.9632397461e+02 5.9676397705e+02 5.9701898193e+02 5.9697100830e+02 5.9696099854e+02 5.9700097656e+02 5.9706402588e+02 5.9705999756e+02 5.9706500244e+02 5.9707397461e+02 5.9709002686e+02 5.9711499023e+02 5.9713702393e+02 5.9715399170e+02 5.9717102051e+02 5.9717700195e+02 5.9719201660e+02 5.9721099854e+02 5.9721801758e+02 5.9724200439e+02 5.9727502441e+02 5.9731402588e+02 5.9732800293e+02 5.9734002686e+02 5.9738500977e+02 5.9743103027e+02 5.9745098877e+02 5.9749401855e+02 5.9753900146e+02 5.9759497070e+02 5.9762298584e+02 5.9763000488e+02 5.9765899658e+02 5.9768701172e+02 5.9769702148e+02 5.9771301270e+02 5.9776000977e+02 5.9779302979e+02 5.9782598877e+02 5.9785101318e+02
5.9592901611e+02 5.9603002930e+02 5.9622399902e+02 5.9636602783e+02 5.9636700439e+02 5.9590002441e+02 5.9584497070e+02 5.9620001221e+02 5.9666601563e+02 5.9695001221e+02 5.9697998047e+02 5.9698297119e+02 5.9702197266e+02 5.9702099609e+02 5.9702099609e+02 5.9702301025e+02 5.9703302002e+02 5.9705102539e+02 5.9706701660e+02 5.9708697510e+02 5.9711999512e+02 5.9714099121e+02 5.9715100098e+02 5.9716302490e+02 5.9717199707e+02 5.9718701172e+02 5.9720501709e+02 5.9722900391e+02 5.9724499512e+02 5.9727099609e+02 5.9731201172e+02 5.9734698486e+02 5.9737402344e+02 5.9741900635e+02 5.9745697021e+02 5.9749401855e+02 5.9751702881e+02 5.9753698730e+02 5.9756597900e+02 5.9760900879e+02 5.9764697266e+02 5.9766601563e+02 5.9769702148e+02 5.9773400879e+02 5.9776599121e+02 5.9778399658e+02
5.9587097168e+02 5.9588598633e+02 5.9591900635e+02 5.9591302490e+02 5.9591400146e+02 5.9579101563e+02 5.9571997070e+02 5.9590502930e+02 5.9643103027e+02 5.9687500000e+02 5.9696697998e+02 5.9695001221e+02 5.9696502686e+02 5.9696801758e+02 5.9696502686e+02 5.9696197510e+02 5.9697399902e+02 5.9699401855e+02 5.9701000977e+02 5.9703002930e+02 5.9705999756e+02 5.9708502197e+02 5.9710900879e+02 5.9713702393e+02 5.9715600586e+02 5.9714697266e+02 5.9714202881e+02 5.9715698242e+02 5.9717602539e+02 5.9720898438e+02 5.9724597168e+02 5.9728100586e+02 5.9731298828e+02 5.9734899902e+02 5.9737902832e+02 5.9740502930e+02 5.9742999268e+02 5.9746002197e+02 5.9748297119e+02 5.9752197266e+02 5.9757501221e+02 5.9760699463e+02 5.9763800049e+02 5.9766998291e+02 5.9769299316e+02 5.9771301270e+02
5.9590698242e+02 5.9593701172e+02 5.9589898682e+02 5.9581799316e+02 5.9579797363e+02 5.9582299805e+02 5.9581097412e+02 5.9601501465e+02 5.9651397705e+02 5.9681402588e+02 5.9688702393e+02 5.9688098145e+02 5.9689599609e+02 5.9690600586e+02 5.9690899658e+02 5.9690502930e+02 5.9691497803e+02 5.9693402100e+02 5.9694897461e+02 5.9696600342e+02 5.9698999023e+02 5.9701800537e+02 5.9705999756e+02 5.9711901855e+02 5.9716601563e+02 5.9713397217e+02 5.9710302734e+02 5.9710498047e+02 5.9712200928e+02 5.9713800049e+02 5.9716998291e+02 5.9721197510e+02 5.9725299072e+02 5.9727697754e+02 5.9729602051e+02 5.9731896973e+02 5.9734698486e+02 5.9738800049e+02 5.9741699219e+02 5.9745001221e+02 5.9749401855e+02 5.9752697754e+02 5.9756402588e+02 5.9760302734e+02 5.9762500000e+02 5.9764801025e+02
5.9592297363e+02 5.9593798828e+02 5.9590100098e+02 5.9584497070e+02 5.9584002686e+02 5.9580102539e+02 5.9585797119e+02 5.9628601074e+02 5.9674401855e+02 5.9675598145e+02 5.9677697754e+02 5.9679302979e+02 5.9680700684e+02 5.9682501221e+02 5.9683599854e+02 5.9684497070e+02 5.9685797119e+02 5.9686401367e+02 5.9687701416e+02 5.9689599609e+02 5.9691497803e+02 5.9693902588e+02 5.9698797607e+02 5.9706097412e+02 5.9712597656e+02 5.9711999512e+02 5.9707202148e+02 5.9705798340e+02 5.9707202148e+02 5.9707299805e+02 5.9709899902e+02 5.9714001465e+02 5.9717199707e+02 5.9720697021e+02 5.9722900391e+02 5.9726098633e+02 5.9728698730e+02 5.9732000732e+02 5.9736602783e+02 5.9740100098e+02 5.9743798828e+02 5.9746801758e+02 5.9749401855e+02 5.9753497314e+02 5.9758398438e+02 5.9761102295e+02
5.9604101563e+02 5.9596899414e+02 5.9588598633e+02 5.9583697510e+02 5.9583300781e+02 5.9577502441e+02 5.9587500000e+02 5.9632098389e+02 5.9662200928e+02 5.9663702393e+02 5.9669097900e+02 5.9671002197e+02 5.9672698975e+02 5.9675897217e+02 5.9677001953e+02 5.9677801514e+02 5.9678698730e+02 5.9679199219e+02 5.9680902100e+02 5.9683801270e+02 5.9686700439e+02 5.9688098145e+02 5.9690997314e+02 5.9695599365e+02 5.9701202393e+02 5.9702398682e+02 5.9700402832e+02 5.9699700928e+02 5.9701599121e+02 5.9703002930e+02 5.9705499268e+02 5.9708001709e+02 5.9709899902e+02 5.9713800049e+02 5.9716699219e+02 5.9720001221e+02 5.9721997070e+02 5.9723797607e+02 5.9728100586e+02 5.9733398438e+02 5.9738000488e+02 5.9740399170e+02 5.9742901611e+02 5.9747998047e+02 5.9751800537e+02 5.9753497314e+02
5.9614202881e+02 5.9604998779e+02 5.9595001221e+02 5.9589300537e+02 5.9586199951e+02 5.9586499023e+02 5.9609301758e+02 5.9643499756e+02 5.9653399658e+02 5.9656597900e+02 5.9660900879e+02 5.9662701416e+02 5.9665502930e+02 5.9669500732e+02 5.9670697021e+02 5.9671502686e+02 5.9671997070e+02 5.9672698975e+02 5.9674700928e+02 5.9677899170e+02 5.9680798340e+02 5.9681402588e+02 5.9682800293e+02 5.9685797119e+02 5.9690002441e+02 5.9693298340e+02 5.9694201660e+02 5.9695202637e+02 5.9697198486e+02 5.9699200439e+02 5.9701300049e+02 5.9702600098e+02 5.9703698730e+02 5.9707897949e+02 5.9710797119e+02 5.9713397217e+02 5.9715100098e+02 5.9717297363e+02 5.9721301270e+02 5.9727099609e+02 5.9731896973e+02 5.9733300781e+02 5.9736297607e+02 5.9742498779e+02 5.9744799805e+02 5.9745202637e+02
5.9616497803e+02 5.9610498047e+02 5.9602697754e+02 5.9597802734e+02 5.9593798828e+02 5.9601898193e+02 5.9626702881e+02 5.9645599365e+02 5.9645501709e+02 5.9649499512e+02 5.9652502441e+02 5.9654901123e+02 5.9659399414e+02 5.9663000488e+02 5.9664202881e+02 5.9665399170e+02 5.9665997314e+02 5.9666497803e+02 5.9668499756e+02 5.9671099854e+02 5.9673297119e+02 5.9673498535e+02 5.9674499512e+02 5.9676898193e+02 5.9680902100e+02 5.9685699463e+02 5.9689001465e+02 5.9692102051e+02 5.9694500732e+02 5.9695898438e+02 5.9697198486e+02 5.9697399902e+02 5.9698101807e+02 5.9702600098e+02 5.9705603027e+02 5.9708197021e+02 5.9710302734e+02 5.9713702393e+02 5.9717102051e+02 5.9721697998e+02 5.9727502441e+02 5.9728802490e+02 5.9729101563e+02 5.9733898926e+02 5.9738000488e+02 5.9738897705e+02
5.9613897705e+02 5.9610498047e+02 5.9606597900e+02 5.9603997803e+02 5.9600598145e+02 5.9609497070e+02 5.9625500488e+02 5.9633001709e+02 5.9638500977e+02 5.9642401123e+02 5.9645501709e+02 5.9648699951e+02 5.9653002930e+02 5.9655499268e+02 5.9656500244e+02 5.9657202148e+02 5.9657897949e+02 5.9659997559e+02 5.9661901855e+02 5.9664099121e+02 5.9666198730e+02 5.9665399170e+02 5.9666497803e+02 5.9669299316e+02 5.9673797607e+02 5.9677899170e+02 5.9682397461e+02 5.9686999512e+02 5.9690100098e+02 5.9692102051e+02 5.9692401123e+02 5.9692102051e+02 5.9693103027e+02 5.9696002197e+02 5.9698297119e+02 5.9701098633e+02 5.9704400635e+02 5.9707202148e+02 5.9711499023e+02 5.9715997314e+02 5.9720098877e+02 5.9723498535e+02 5.9723699951e+02 5.9727697754e+02 5.9733599854e+02 5.9733599854e+02
5.9613598633e+02 5.9612701416e+02 5.9610699463e+02 5.9609301758e+02 5.9606597900e+02 5.9609802246e+02 5.9618701172e+02 5.9624102783e+02 5.9629602051e+02 5.9634100342e+02 5.9637402344e+02 5.9640997314e+02 5.9645300293e+02 5.9647802734e+02 5.9649102783e+02 5.9650201416e+02 5.9651898193e+02 5.9654101563e+02 5.9656298828e+02 5.9658898926e+02 5.9660198975e+02 5.9659600830e+02 5.9660998535e+02 5.9664001465e+02 5.9667797852e+02 5.9670800781e+02 5.9674298096e+02 5.9678399658e+02 5.9682702637e+02 5.9685198975e+02 5.9686102295e+02 5.9686297607e+02 5.9686901855e+02 5.9688299561e+02 5.9690802002e+02 5.9693902588e+02 5.9697100830e+02 5.9700299072e+02 5.9704400635e+02 5.9707202148e+02 5.9709100342e+02 5.9712799072e+02 5.9717297363e+02 5.9721600342e+02 5.9726202393e+02 5.9726098633e+02
5.9612799072e+02 5.9613299561e+02 5.9613000488e+02 5.9612701416e+02 5.9611602783e+02 5.9612402344e+02 5.9615100098e+02 5.9617199707e+02 5.9621398926e+02 5.9625701904e+02 5.9628497314e+02 5.9631896973e+02 5.9635998535e+02 5.9638299561e+02 5.9640399170e+02 5.9642901611e+02 5.9645800781e+02 5.9648101807e+02 5.9650000000e+02 5.9652197266e+02 5.9653802490e+02 5.9653997803e+02 5.9655999756e+02 5.9659100342e+02 5.9662097168e+02 5.9663800049e+02 5.9666400146e+02 5.9669702148e+02 5.9674102783e+02 5.9677301025e+02 5.9678802490e+02 5.9679602051e+02 5.9680102539e+02 5.9681402588e+02 5.9684497070e+02 5.9687799072e+02 5.9690399170e+02 5.9694702148e+02 5.9697998047e+02 5.9698797607e+02 5.9700500488e+02 5.9705102539e+02 5.9711297607e+02 5.9716699219e+02 5.9720898438e+02 5.9721099854e+02
5.9610797119e+02 5.9610998535e+02 5.9611102295e+02 5.9611199951e+02 5.9610797119e+02 5.9610900879e+02 5.9611901855e+02 5.9612402344e+02 5.9615002441e+02 5.9618499756e+02 5.9620697021e+02 5.9623797607e+02 5.9627600098e+02 5.9630700684e+02 5.9633502197e+02 5.9636199951e+02 5.9638702393e+02 5.9640997314e+02 5.9642797852e+02 5.9644897461e+02 5.9646801758e+02 5.9647900391e+02 5.9650299072e+02 5.9653302002e+02 5.9655700684e+02 5.9656701660e+02 5.9658502197e+02 5.9661297607e+02 5.9665197754e+02 5.9668499756e+02 5.9670697021e+02 5.9672302246e+02 5.9673999023e+02 5.9676300049e+02 5.9679602051e+02 5.9682800293e+02 5.9685101318e+02 5.9689001465e+02 5.9692700195e+02 5.9694897461e+02 5.9697302246e+02 5.9701800537e+02 5.9706701660e+02 5.9711901855e+02 5.9716101074e+02 5.9716699219e+02
5.9608502197e+02 5.9608398438e+02 5.9608099365e+02 5.9608398438e+02 5.9608197021e+02 5.9608398438e+02 5.9608898926e+02 5.9608697510e+02 5.9609497070e+02 5.9612097168e+02 5.9614599609e+02 5.9617297363e+02 5.9619500732e+02 5.9624200439e+02 5.9627398682e+02 5.9629400635e+02 5.9631799316e+02 5.9633697510e+02 5.9635400391e+02 5.9637402344e+02 5.9639599609e+02 5.9641302490e+02 5.9643402100e+02 5.9646002197e+02 5.9647698975e+02 5.9649499512e+02 5.9651300049e+02 5.9653698730e+02 5.9656500244e+02 5.9659899902e+02 5.9662799072e+02 5.9665600586e+02 5.9669500732e+02 5.9672198486e+02 5.9675402832e+02 5.9678802490e+02 5.9681500244e+02 5.9681701660e+02 5.9684997559e+02 5.9689898682e+02 5.9693402100e+02 5.9697900391e+02 5.9701098633e+02 5.9705102539e+02 5.9708898926e+02 5.9709698486e+02
5.9607800293e+02 5.9607202148e+02 5.9605700684e+02 5.9605999756e+02 5.9606402588e+02 5.9606402588e+02 5.9606500244e+02 5.9606097412e+02 5.9605401611e+02 5.9606097412e+02 5.9608599854e+02 5.9611798096e+02 5.9614099121e+02 5.9616302490e+02 5.9618798828e+02 5.9621301270e+02 5.9625201416e+02 5.9628399658e+02 5.9629998779e+02 5.9631298828e+02 5.9633197021e+02 5.9634698486e+02 5.9636199951e+02 5.9638098145e+02 5.9640600586e+02 5.9642901611e+02 5.9645098877e+02 5.9647399902e+02 5.9650402832e+02 5.9653997803e+02 5.9657202148e+02 5.9660400391e+02 5.9664202881e+02 5.9666601563e+02 5.9669201660e+02 5.9672399902e+02 5.9675402832e+02 5.9676898193e+02 5.9680499268e+02 5.9684899902e+02 5.9688500977e+02 5.9691998291e+02 5.9695599365e+02 5.9699597168e+02 5.9703302002e+02 5.9704498291e+02
5.9606500244e+02 5.9605200195e+02 5.9603100586e+02 5.9603399658e+02 5.9604797363e+02 5.9604498291e+02 5.9603698730e+02 5.9602697754e+02 5.9601702881e+02 5.9601800537e+02 5.9603302002e+02 5.9605902100e+02 5.9608502197e+02 5.9610400391e+02 5.9612200928e+02 5.9614599609e+02 5.9618597412e+02 5.9622100830e+02 5.9623797607e+02 5.9625500488e+02 5.9627502441e+02 5.9628802490e+02 5.9630200195e+02 5.9631799316e+02 5.9634197998e+02 5.9636700439e+02 5.9638897705e+02 5.9641198730e+02 5.9644299316e+02 5.9647998047e+02 5.9651300049e+02 5.9654602051e+02 5.9658398438e+02 5.9660400391e+02 5.9662799072e+02 5.9665997314e+02 5.9668902588e+02 5.9671600342e+02 5.9675598145e+02 5.9679199219e+02 5.9681896973e+02 5.9684301758e+02 5.9688500977e+02 5.9692901611e+02 5.9697698975e+02 5.9699798584e+02
5.9604302979e+02 5.9603399658e+02 5.9602502441e+02 5.9603100586e+02 5.9603802490e+02 5.9603100586e+02 5.9601300049e+02 5.9599597168e+02 5.9598602295e+02 5.9598400879e+02 5.9598999023e+02 5.9600598145e+02 5.9603002930e+02 5.9605297852e+02 5.9607202148e+02 5.9609497070e+02 5.9612298584e+02 5.9614697266e+02 5.9616699219e+02 5.9619201660e+02 5.9621697998e+02 5.9623297119e+02 5.9624700928e+02 5.9626300049e+02 5.9628399658e+02 5.9630798340e+02 5.9633001709e+02 5.9635302734e+02 5.9638397217e+02 5.9642102051e+02 5.9645397949e+02 5.9648797607e+02 5.9652099609e+02 5.9654199219e+02 5.9657098389e+02 5.9660699463e+02 5.9664599609e+02 5.9667602539e+02 5.9670397949e+02 5.9673999023e+02 5.9676800537e+02 5.9678601074e+02 5.9682897949e+02 5.9686901855e+02 5.9691802979e+02 5.9694897461e+02
5.9602197266e+02 5.9602502441e+02 5.9603100586e+02 5.9603497314e+02 5.9601501465e+02 5.9599798584e+02 5.9597399902e+02 5.9596099854e+02 5.9595697021e+02 5.9594799805e+02 5.9594897461e+02 5.9595397949e+02 5.9597100830e+02 5.9599902344e+02 5.9602301025e+02 5.9604101563e+02 5.9604498291e+02 5.9606896973e+02 5.9609600830e+02 5.9612500000e+02 5.9614501953e+02 5.9617297363e+02 5.9619299316e+02 5.9621002197e+02 5.9623101807e+02 5.9625402832e+02 5.9627697754e+02 5.9629998779e+02 5.9632598877e+02 5.9636199951e+02 5.9639801025e+02 5.9643298340e+02 5.9645397949e+02 5.9648699951e+02 5.9652697754e+02 5.9656896973e+02 5.9661102295e+02 5.9660699463e+02 5.9661700439e+02 5.9665899658e+02 5.9670697021e+02 5.9674102783e+02 5.9679199219e+02 5.9683502197e+02 5.9686499023e+02 5.9691101074e+02
5.9598999023e+02 5.9600598145e+02 5.9601397705e+02 5.9601000977e+02 5.9598498535e+02 5.9597100830e+02 5.9594396973e+02 5.9592797852e+02 5.9592102051e+02 5.9591802979e+02 5.9591699219e+02 5.9591802979e+02 5.9593798828e+02 5.9595599365e+02 5.9596899414e+02 5.9597601318e+02 5.9598297119e+02 5.9600201416e+02 5.9602801514e+02 5.9605798340e+02 5.9609100342e+02 5.9611901855e+02 5.9614202881e+02 5.9616400146e+02 5.9618701172e+02 5.9620300293e+02 5.9622399902e+02 5.9624700928e+02 5.9627099609e+02 5.9630297852e+02 5.9634100342e+02 5.9637701416e+02 5.9640698242e+02 5.9644097900e+02 5.9647302246e+02 5.9650299072e+02 5.9653802490e+02 5.9652301025e+02 5.9653698730e+02 5.9658599854e+02 5.9665600586e+02 5.9670098877e+02 5.9674499512e+02 5.9677801514e+02 5.9681201172e+02 5.9685797119e+02
5.9595800781e+02 5.9598101807e+02 5.9598297119e+02 5.9597399902e+02 5.9595202637e+02 5.9593298340e+02 5.9590802002e+02 5.9589501953e+02 5.9588800049e+02 5.9587298584e+02 5.9586499023e+02 5.9586499023e+02 5.9589599609e+02 5.9591497803e+02 5.9591802979e+02 5.9591900635e+02 5.9593902588e+02 5.9596301270e+02 5.9597998047e+02 5.9599902344e+02 5.9603497314e+02 5.9605902100e+02 5.9608099365e+02 5.9610900879e+02 5.9613598633e+02 5.9614898682e+02 5.9617102051e+02 5.9619500732e+02 5.9622100830e+02 5.9625000000e+02 5.9628601074e+02 5.9632202148e+02 5.9635699463e+02 5.9638500977e+02 5.9640399170e+02 5.9642102051e+02 5.9644097900e+02 5.9644299316e+02 5.9648400879e+02 5.9654498291e+02 5.9661297607e+02 5.9665399170e+02 5.9670397949e+02 5.9674298096e+02 5.9676702881e+02 5.9680499268e+02
5.9591900635e+02 5.9594299316e+02 5.9594299316e+02 5.9593701172e+02 5.9591900635e+02 5.9588000488e+02 5.9585498047e+02 5.9584600830e+02 5.9584600830e+02 5.9582202148e+02 5.9581500244e+02 5.9581896973e+02 5.9584100342e+02 5.9585900879e+02 5.9586199951e+02 5.9586602783e+02 5.9589398193e+02 5.9592297363e+02 5.9592999268e+02 5.9593701172e+02 5.9597601318e+02 5.9599700928e+02 5.9601397705e+02 5.9604101563e+02 5.9607501221e+02 5.9609301758e+02 5.9611700439e+02 5.9614501953e+02 5.9617401123e+02 5.9620202637e+02 5.9623498535e+02 5.9626898193e+02 5.9630297852e+02 5.9632202148e+02 5.9633300781e+02 5.9634197998e+02 5.9635101318e+02 5.9638702393e+02 5.9644396973e+02 5.9650000000e+02 5.9655999756e+02 5.9659197998e+02 5.9664599609e+02 5.9668402100e+02 5.9670397949e+02 5.9674102783e+02
