TESTSERVER/15/14.asc
NCOLS 100
NROWS 100
XLLCORNER 8.2497500000e+03
YLLCORNER 2.8925025000e+05
CELLSIZE 5.0000000000e-01
NODATA_VALUE -9.9990000000e+03
[rows 60 to 79 of 100, columns 0 to 45 of 100]
5.9323999023e+02 5.9326000977e+02 5.9328399658e+02 5.9331597900e+02 5.9334002686e+02 5.9336401367e+02 5.9339099121e+02 5.9344201660e+02 5.9346697998e+02 5.9348999023e+02 5.9349700928e+02 5.9353497314e+02 5.9354602051e+02 5.9355499268e+02 5.9349597168e+02 5.9368701172e+02 5.9382800293e+02 5.9392901611e+02 5.9397100830e+02 5.9397998047e+02 5.9400598145e+02 5.9400598145e+02 5.9397601318e+02 5.9395397949e+02 5.9397497559e+02 5.9399102783e+02 5.9398400879e+02 5.9397100830e+02 5.9394500732e+02 5.9391198730e+02 5.9388500977e+02 5.9388299561e+02 5.9388201904e+02 5.9388299561e+02 5.9389202881e+02 5.9389099121e+02 5.9388800049e+02 5.9388702393e+02 5.9388000488e+02 5.9386297607e+02 5.9386700439e+02 5.9387200928e+02 5.9386499023e+02 5.9388201904e+02 5.9388000488e+02 5.9387402344e+02
5.9322302246e+02 5.9323999023e+02 5.9326397705e+02 5.9328698730e+02 5.9330603027e+02 5.9332598877e+02 5.9335601807e+02 5.9339001465e+02 5.9340899658e+02 5.9342297363e+02 5.9343701172e+02 5.9344702148e+02 5.9344000244e+02 5.9342199707e+02 5.9337597656e+02 5.9347601318e+02 5.9360797119e+02 5.9371600342e+02 5.9379901123e+02 5.9390502930e+02 5.9398498535e+02 5.9402301025e+02 5.9398999023e+02 5.9393701172e+02 5.9394396973e+02 5.9397802734e+02 5.9397802734e+02 5.9396301270e+02 5.9395397949e+02 5.9393597412e+02 5.9389801025e+02 5.9388098145e+02 5.9387200928e+02 5.9387097168e+02 5.9387402344e+02 5.9386499023e+02 5.9386499023e+02 5.9387097168e+02 5.9387701416e+02 5.9385699463e+02 5.9386499023e+02 5.9387500000e+02 5.9386499023e+02 5.9386999512e+02 5.9387298584e+02 5.9386798096e+02
5.9320898438e+02 5.9322698975e+02 5.9324700928e+02 5.9326702881e+02 5.9328601074e+02 5.9330700684e+02 5.9333099365e+02 5.9335797119e+02 5.9337799072e+02 5.9339398193e+02 5.9340002441e+02 5.9339898682e+02 5.9339202881e+02 5.9337402344e+02 5.9332598877e+02 5.9337701416e+02 5.9346301270e+02 5.9353698730e+02 5.9359197998e+02 5.9368298340e+02 5.9379901123e+02 5.9389202881e+02 5.9391998291e+02 5.9387799072e+02 5.9387402344e+02 5.9391699219e+02 5.9393499756e+02 5.9392797852e+02 5.9393701172e+02 5.9393597412e+02 5.9390197754e+02 5.9387500000e+02 5.9386102295e+02 5.9385797119e+02 5.9386199951e+02 5.9384802246e+02 5.9384802246e+02 5.9385601807e+02 5.9386401367e+02 5.9385302734e+02 5.9385900879e+02 5.9386700439e+02 5.9385998535e+02 5.9386602783e+02 5.9387500000e+02 5.9386999512e+02
5.9319702148e+02 5.9321502686e+02 5.9323400879e+02 5.9325201416e+02 5.9327197266e+02 5.9329302979e+02 5.9331500244e+02 5.9334002686e+02 5.9336102295e+02 5.9337799072e+02 5.9338397217e+02 5.9338098145e+02 5.9337298584e+02 5.9335498047e+02 5.9332501221e+02 5.9334899902e+02 5.9338201904e+02 5.9341302490e+02 5.9342700195e+02 5.9345501709e+02 5.9354602051e+02 5.9364801025e+02 5.9371600342e+02 5.9370098877e+02 5.9371002197e+02 5.9376800537e+02 5.9382098389e+02 5.9383898926e+02 5.9387701416e+02 5.9390197754e+02 5.9389099121e+02 5.9386199951e+02 5.9384301758e+02 5.9384197998e+02 5.9385400391e+02 5.9384301758e+02 5.9384497070e+02 5.9384698486e+02 5.9384600830e+02 5.9384100342e+02 5.9383898926e+02 5.9384497070e+02 5.9384600830e+02 5.9385302734e+02 5.9386798096e+02 5.9386798096e+02
5.9318902588e+02 5.9320697021e+02 5.9322601318e+02 5.9324401855e+02 5.9326702881e+02 5.9329101563e+02 5.9333001709e+02 5.9334698486e+02 5.9336901855e+02 5.9338702393e+02 5.9341998291e+02 5.9340502930e+02 5.9339001465e+02 5.9336798096e+02 5.9334802246e+02 5.9334497070e+02 5.9334399414e+02 5.9335400391e+02 5.9339898682e+02 5.9334698486e+02 5.9334899902e+02 5.9339300537e+02 5.9342797852e+02 5.9345202637e+02 5.9350897217e+02 5.9359197998e+02 5.9366699219e+02 5.9371600342e+02 5.9378302002e+02 5.9383599854e+02 5.9386102295e+02 5.9385400391e+02 5.9383197021e+02 5.9382598877e+02 5.9384301758e+02 5.9381701660e+02 5.9382501221e+02 5.9383001709e+02 5.9384197998e+02 5.9383300781e+02 5.9381799316e+02 5.9382202148e+02 5.9383801270e+02 5.9384002686e+02 5.9384802246e+02 5.9384997559e+02
5.9318402100e+02 5.9320300293e+02 5.9322198486e+02 5.9324298096e+02 5.9326599121e+02 5.9329199219e+02 5.9333001709e+02 5.9336901855e+02 5.9339398193e+02 5.9341400146e+02 5.9344000244e+02 5.9344598389e+02 5.9342700195e+02 5.9340301514e+02 5.9336901855e+02 5.9335601807e+02 5.9334301758e+02 5.9334197998e+02 5.9336199951e+02 5.9333801270e+02 5.9332000732e+02 5.9328802490e+02 5.9322998047e+02 5.9322900391e+02 5.9329602051e+02 5.9339599609e+02 5.9348999023e+02 5.9354901123e+02 5.9360998535e+02 5.9367297363e+02 5.9374700928e+02 5.9378198242e+02 5.9378399658e+02 5.9378302002e+02 5.9379302979e+02 5.9380200195e+02 5.9382098389e+02 5.9382202148e+02 5.9382098389e+02 5.9382098389e+02 5.9381097412e+02 5.9381701660e+02 5.9382098389e+02 5.9381896973e+02 5.9381799316e+02 5.9381500244e+02
5.9318103027e+02 5.9319897461e+02 5.9321801758e+02 5.9323901367e+02 5.9326098633e+02 5.9328601074e+02 5.9332598877e+02 5.9336798096e+02 5.9339697266e+02 5.9342102051e+02 5.9345001221e+02 5.9345898438e+02 5.9344299316e+02 5.9341998291e+02 5.9339599609e+02 5.9339501953e+02 5.9336102295e+02 5.9332598877e+02 5.9331500244e+02 5.9333502197e+02 5.9332800293e+02 5.9324499512e+02 5.9313397217e+02 5.9311297607e+02 5.9313500977e+02 5.9319897461e+02 5.9328399658e+02 5.9334899902e+02 5.9341699219e+02 5.9349102783e+02 5.9357000732e+02 5.9360400391e+02 5.9363000488e+02 5.9365600586e+02 5.9368597412e+02 5.9372399902e+02 5.9376397705e+02 5.9378002930e+02 5.9379101563e+02 5.9380798340e+02 5.9380999756e+02 5.9381500244e+02 5.9381298828e+02 5.9381896973e+02 5.9381201172e+02 5.9380401611e+02
5.9317999268e+02 5.9319702148e+02 5.9321502686e+02 5.9323199463e+02 5.9325299072e+02 5.9327697754e+02 5.9331402588e+02 5.9335797119e+02 5.9338897705e+02 5.9341601563e+02 5.9344500732e+02 5.9345300293e+02 5.9343798828e+02 5.9341900635e+02 5.9340600586e+02 5.9341601563e+02 5.9337402344e+02 5.9332397461e+02 5.9329602051e+02 5.9333300781e+02 5.9331402588e+02 5.9320501709e+02 5.9309698486e+02 5.9306298828e+02 5.9303100586e+02 5.9304199219e+02 5.9309997559e+02 5.9316601563e+02 5.9322998047e+02 5.9329901123e+02 5.9337097168e+02 5.9339599609e+02 5.9342498779e+02 5.9346502686e+02 5.9351397705e+02 5.9357397461e+02 5.9364001465e+02 5.9368597412e+02 5.9372302246e+02 5.9376300049e+02 5.9378100586e+02 5.9378997803e+02 5.9379602051e+02 5.9381097412e+02 5.9381402588e+02 5.9381402588e+02
5.9318402100e+02 5.9319598389e+02 5.9320300293e+02 5.9322198486e+02 5.9323797607e+02 5.9325500488e+02 5.9327197266e+02 5.9332501221e+02 5.9335498047e+02 5.9338098145e+02 5.9340802002e+02 5.9342602539e+02 5.9341302490e+02 5.9339501953e+02 5.9339801025e+02 5.9339300537e+02 5.9335498047e+02 5.9331799316e+02 5.9330102539e+02 5.9332598877e+02 5.9326800537e+02 5.9314898682e+02 5.9305999756e+02 5.9301300049e+02 5.9296197510e+02 5.9294500732e+02 5.9297497559e+02 5.9302502441e+02 5.9306201172e+02 5.9309497070e+02 5.9314099121e+02 5.9320001221e+02 5.9322302246e+02 5.9325598145e+02 5.9332800293e+02 5.9340698242e+02 5.9348199463e+02 5.9354199219e+02 5.9360400391e+02 5.9366302490e+02 5.9371002197e+02 5.9375000000e+02 5.9378100586e+02 5.9377600098e+02 5.9379498291e+02 5.9381402588e+02
5.9318499756e+02 5.9319097900e+02 5.9319799805e+02 5.9321002197e+02 5.9321801758e+02 5.9322601318e+02 5.9324401855e+02 5.9327398682e+02 5.9329199219e+02 5.9330798340e+02 5.9332897949e+02 5.9334100342e+02 5.9333502197e+02 5.9332702637e+02 5.9333697510e+02 5.9333599854e+02 5.9331896973e+02 5.9331701660e+02 5.9332202148e+02 5.9331500244e+02 5.9319799805e+02 5.9306597900e+02 5.9300000000e+02 5.9296301270e+02 5.9292401123e+02 5.9290399170e+02 5.9291699219e+02 5.9295202637e+02 5.9296697998e+02 5.9297302246e+02 5.9300500488e+02 5.9304302979e+02 5.9307098389e+02 5.9309399414e+02 5.9315802002e+02 5.9323400879e+02 5.9330798340e+02 5.9337902832e+02 5.9345098877e+02 5.9352301025e+02 5.9357897949e+02 5.9364801025e+02 5.9371301270e+02 5.9373602295e+02 5.9376599121e+02 5.9379400635e+02
5.9318902588e+02 5.9319299316e+02 5.9319500732e+02 5.9320001221e+02 5.9320397949e+02 5.9320697021e+02 5.9321697998e+02 5.9323602295e+02 5.9324597168e+02 5.9325402832e+02 5.9324902344e+02 5.9323901367e+02 5.9323498535e+02 5.9323297119e+02 5.9324798584e+02 5.9327301025e+02 5.9330999756e+02 5.9335302734e+02 5.9335101318e+02 5.9326397705e+02 5.9310797119e+02 5.9299700928e+02 5.9296502686e+02 5.9293499756e+02 5.9291601563e+02 5.9290399170e+02 5.9290002441e+02 5.9291497803e+02 5.9291302490e+02 5.9290899658e+02 5.9293200684e+02 5.9297100830e+02 5.9300201416e+02 5.9300598145e+02 5.9303198242e+02 5.9307702637e+02 5.9313800049e+02 5.9321697998e+02 5.9329498291e+02 5.9336700439e+02 5.9342102051e+02 5.9349102783e+02 5.9357098389e+02 5.9363397217e+02 5.9369000244e+02 5.9374298096e+02
5.9319799805e+02 5.9319897461e+02 5.9319500732e+02 5.9319299316e+02 5.9319097900e+02 5.9319000244e+02 5.9319201660e+02 5.9320001221e+02 5.9320300293e+02 5.9320397949e+02 5.9318597412e+02 5.9316101074e+02 5.9315100098e+02 5.9314697266e+02 5.9315100098e+02 5.9317797852e+02 5.9325000000e+02 5.9332299805e+02 5.9331097412e+02 5.9316998291e+02 5.9302502441e+02 5.9295697021e+02 5.9294299316e+02 5.9291601563e+02 5.9290698242e+02 5.9290301514e+02 5.9288500977e+02 5.9288397217e+02 5.9287097168e+02 5.9286700439e+02 5.9289001465e+02 5.9292797852e+02 5.9295202637e+02 5.9293103027e+02 5.9290899658e+02 5.9291900635e+02 5.9296301270e+02 5.9304302979e+02 5.9312097168e+02 5.9319299316e+02 5.9324499512e+02 5.9330798340e+02 5.9338397217e+02 5.9346197510e+02 5.9352099609e+02 5.9359002686e+02
5.9321197510e+02 5.9320202637e+02 5.9318298340e+02 5.9318200684e+02 5.9317401123e+02 5.9316699219e+02 5.9315802002e+02 5.9316101074e+02 5.9315802002e+02 5.9315399170e+02 5.9315399170e+02 5.9313500977e+02 5.9311700439e+02 5.9309997559e+02 5.9309002686e+02 5.9306500244e+02 5.9309997559e+02 5.9315802002e+02 5.9316198730e+02 5.9304901123e+02 5.9297802734e+02 5.9294799805e+02 5.9291802979e+02 5.9290100098e+02 5.9289501953e+02 5.9288897705e+02 5.9287097168e+02 5.9284197998e+02 5.9282397461e+02 5.9282098389e+02 5.9282501221e+02 5.9285198975e+02 5.9285998535e+02 5.9282598877e+02 5.9277301025e+02 5.9276300049e+02 5.9279101563e+02 5.9285797119e+02 5.9292602539e+02 5.9300201416e+02 5.9306799316e+02 5.9313702393e+02 5.9321301270e+02 5.9329400635e+02 5.9334002686e+02 5.9340100098e+02
5.9323699951e+02 5.9321697998e+02 5.9319500732e+02 5.9317901611e+02 5.9316198730e+02 5.9314898682e+02 5.9313897705e+02 5.9312701416e+02 5.9312097168e+02 5.9311798096e+02 5.9312097168e+02 5.9311102295e+02 5.9309100342e+02 5.9307098389e+02 5.9306402588e+02 5.9305603027e+02 5.9304101563e+02 5.9302502441e+02 5.9301098633e+02 5.9299597168e+02 5.9297802734e+02 5.9295001221e+02 5.9291198730e+02 5.9289599609e+02 5.9288598633e+02 5.9287500000e+02 5.9285699463e+02 5.9283398438e+02 5.9281097412e+02 5.9279901123e+02 5.9278497314e+02 5.9278100586e+02 5.9277398682e+02 5.9274597168e+02 5.9269799805e+02 5.9266400146e+02 5.9266101074e+02 5.9270098877e+02 5.9275799561e+02 5.9283502197e+02 5.9292297363e+02 5.9299798584e+02 5.9304602051e+02 5.9313397217e+02 5.9319097900e+02 5.9323999023e+02
5.9326397705e+02 5.9323999023e+02 5.9320898438e+02 5.9318103027e+02 5.9315698242e+02 5.9313800049e+02 5.9312097168e+02 5.9310302734e+02 5.9309301758e+02 5.9308898926e+02 5.9309002686e+02 5.9308599854e+02 5.9306597900e+02 5.9304400635e+02 5.9304199219e+02 5.9304998779e+02 5.9303802490e+02 5.9300701904e+02 5.9297497559e+02 5.9298400879e+02 5.9297100830e+02 5.9294000244e+02 5.9291198730e+02 5.9289300537e+02 5.9287500000e+02 5.9285900879e+02 5.9284002686e+02 5.9282598877e+02 5.9280200195e+02 5.9278002930e+02 5.9275897217e+02 5.9273602295e+02 5.9271197510e+02 5.9268499756e+02 5.9265002441e+02 5.9261199951e+02 5.9259698486e+02 5.9261901855e+02 5.9265100098e+02 5.9271197510e+02 5.9279400635e+02 5.9285699463e+02 5.9288897705e+02 5.9296600342e+02 5.9302301025e+02 5.9306799316e+02
5.9329302979e+02 5.9326397705e+02 5.9322302246e+02 5.9318200684e+02 5.9315301514e+02 5.9312701416e+02 5.9310302734e+02 5.9308197021e+02 5.9307000732e+02 5.9306500244e+02 5.9306597900e+02 5.9306799316e+02 5.9304998779e+02 5.9302697754e+02 5.9301898193e+02 5.9302001953e+02 5.9301098633e+02 5.9299298096e+02 5.9296997070e+02 5.9296502686e+02 5.9294598389e+02 5.9292401123e+02 5.9290502930e+02 5.9287902832e+02 5.9286102295e+02 5.9284997559e+02 5.9283398438e+02 5.9282501221e+02 5.9279901123e+02 5.9276800537e+02 5.9274200439e+02 5.9270001221e+02 5.9266101074e+02 5.9263000488e+02 5.9260400391e+02 5.9257202148e+02 5.9255700684e+02 5.9257098389e+02 5.9258599854e+02 5.9262799072e+02 5.9268200684e+02 5.9271899414e+02 5.9273901367e+02 5.9280700684e+02 5.9285302734e+02 5.9289599609e+02
5.9333502197e+02 5.9329602051e+02 5.9323797607e+02 5.9318798828e+02 5.9314801025e+02 5.9311401367e+02 5.9308697510e+02 5.9306701660e+02 5.9305200195e+02 5.9304602051e+02 5.9305200195e+02 5.9305499268e+02 5.9303900146e+02 5.9301800537e+02 5.9300598145e+02 5.9299902344e+02 5.9298999023e+02 5.9297601318e+02 5.9295800781e+02 5.9293902588e+02 5.9292297363e+02 5.9290899658e+02 5.9289001465e+02 5.9286999512e+02 5.9286401367e+02 5.9286102295e+02 5.9284698486e+02 5.9283001709e+02 5.9280297852e+02 5.9276800537e+02 5.9273199463e+02 5.9267297363e+02 5.9261700439e+02 5.9257202148e+02 5.9253900146e+02 5.9252697754e+02 5.9251300049e+02 5.9251800537e+02 5.9252697754e+02 5.9256597900e+02 5.9260198975e+02 5.9261199951e+02 5.9261102295e+02 5.9265997314e+02 5.9270300293e+02 5.9274102783e+02
5.9336999512e+02 5.9333001709e+02 5.9325799561e+02 5.9319897461e+02 5.9315002441e+02 5.9311102295e+02 5.9308001709e+02 5.9305700684e+02 5.9304602051e+02 5.9304498291e+02 5.9305499268e+02 5.9304101563e+02 5.9302502441e+02 5.9301300049e+02 5.9300701904e+02 5.9298901367e+02 5.9297698975e+02 5.9296697998e+02 5.9295202637e+02 5.9293499756e+02 5.9291699219e+02 5.9289898682e+02 5.9288397217e+02 5.9288000488e+02 5.9288897705e+02 5.9288897705e+02 5.9287500000e+02 5.9284899902e+02 5.9281097412e+02 5.9277001953e+02 5.9273199463e+02 5.9266900635e+02 5.9259600830e+02 5.9253002930e+02 5.9248797607e+02 5.9246600342e+02 5.9245001221e+02 5.9245300293e+02 5.9247100830e+02 5.9250598145e+02 5.9253302002e+02 5.9253497314e+02 5.9252600098e+02 5.9255603027e+02 5.9258300781e+02 5.9260198975e+02
5.9338397217e+02 5.9334497070e+02 5.9326501465e+02 5.9319799805e+02 5.9314501953e+02 5.9310498047e+02 5.9307397461e+02 5.9305401611e+02 5.9304602051e+02 5.9304602051e+02 5.9305297852e+02 5.9303198242e+02 5.9301800537e+02 5.9301000977e+02 5.9299798584e+02 5.9296997070e+02 5.9295300293e+02 5.9294396973e+02 5.9293200684e+02 5.9292797852e+02 5.9291302490e+02 5.9289599609e+02 5.9288500977e+02 5.9288702393e+02 5.9289898682e+02 5.9289898682e+02 5.9288800049e+02 5.9286999512e+02 5.9283001709e+02 5.9278497314e+02 5.9274597168e+02 5.9267901611e+02 5.9258898926e+02 5.9250299072e+02 5.9243701172e+02 5.9239599609e+02 5.9238397217e+02 5.9239202881e+02 5.9240997314e+02 5.9244097900e+02 5.9246197510e+02 5.9246899414e+02 5.9246398926e+02 5.9248602295e+02 5.9250701904e+02 5.9251397705e+02
5.9338598633e+02 5.9334497070e+02 5.9325799561e+02 5.9318402100e+02 5.9313000488e+02 5.9309100342e+02 5.9306799316e+02 5.9305499268e+02 5.9304699707e+02 5.9304101563e+02 5.9303802490e+02 5.9302001953e+02 5.9301000977e+02 5.9299798584e+02 5.9297601318e+02 5.9294897461e+02 5.9293499756e+02 5.9292602539e+02 5.9290502930e+02 5.9290698242e+02 5.9290399170e+02 5.9289801025e+02 5.9289398193e+02 5.9289898682e+02 5.9290600586e+02 5.9290100098e+02 5.9288397217e+02 5.9286999512e+02 5.9283197021e+02 5.9278601074e+02 5.9274298096e+02 5.9268200684e+02 5.9258697510e+02 5.9248498535e+02 5.9239202881e+02 5.9233197021e+02 5.9232000732e+02 5.9232598877e+02 5.9233697510e+02 5.9236401367e+02 5.9238299561e+02 5.9239599609e+02 5.9240399170e+02 5.9242999268e+02 5.9245397949e+02 5.9246002197e+02
