TESTSERVER/15/15.asc
NCOLS 100
NROWS 100
XLLCORNER 8.2497500000e+03
YLLCORNER 2.8920025000e+05
CELLSIZE 5.0000000000e-01
NODATA_VALUE -9.9990000000e+03
[rows 40 to 59 of 100, columns 0 to 45 of 100]
5.8793798828e+02 5.8795898438e+02 5.8796997070e+02 5.8797601318e+02 5.8797198486e+02 5.8797601318e+02 5.8798797607e+02 5.8799499512e+02 5.8800701904e+02 5.8801599121e+02 5.8804602051e+02 5.8806500244e+02 5.8808001709e+02 5.8808801270e+02 5.8807702637e+02 5.8805798340e+02 5.8806097412e+02 5.8806097412e+02 5.8803399658e+02 5.8801702881e+02 5.8800000000e+02 5.8796301270e+02 5.8791802979e+02 5.8789001465e+02 5.8786401367e+02 5.8785198975e+02 5.8786199951e+02 5.8786901855e+02 5.8788397217e+02 5.8791802979e+02 5.8793597412e+02 5.8796197510e+02 5.8796899414e+02 5.8796002197e+02 5.8795898438e+02 5.8796997070e+02 5.8798901367e+02 5.8800097656e+02 5.8800201416e+02 5.8801702881e+02 5.8801702881e+02 5.8802398682e+02 5.8805200195e+02 5.8805700684e+02 5.8806500244e+02 5.8807501221e+02
5.8782000732e+02 5.8784600830e+02 5.8786602783e+02 5.8787200928e+02 5.8786297607e+02 5.8786199951e+02 5.8788098145e+02 5.8789599609e+02 5.8790197754e+02 5.8790301514e+02 5.8792297363e+02 5.8794097900e+02 5.8795898438e+02 5.8796801758e+02 5.8796002197e+02 5.8794897461e+02 5.8795300293e+02 5.8795001221e+02 5.8792700195e+02 5.8791601563e+02 5.8790802002e+02 5.8787597656e+02 5.8783697510e+02 5.8779602051e+02 5.8776000977e+02 5.8774798584e+02 5.8776397705e+02 5.8778698730e+02 5.8779797363e+02 5.8783502197e+02 5.8786102295e+02 5.8787200928e+02 5.8787701416e+02 5.8788098145e+02 5.8788500977e+02 5.8789398193e+02 5.8791400146e+02 5.8792498779e+02 5.8793200684e+02 5.8794500732e+02 5.8794201660e+02 5.8794201660e+02 5.8796997070e+02 5.8796899414e+02 5.8796697998e+02 5.8796801758e+02
5.8770098877e+02 5.8771899414e+02 5.8774499512e+02 5.8776098633e+02 5.8776202393e+02 5.8776501465e+02 5.8777899170e+02 5.8780297852e+02 5.8781402588e+02 5.8780902100e+02 5.8780999756e+02 5.8782202148e+02 5.8784997559e+02 5.8786700439e+02 5.8786297607e+02 5.8785900879e+02 5.8785400391e+02 5.8784301758e+02 5.8782598877e+02 5.8781701660e+02 5.8780700684e+02 5.8777697754e+02 5.8775201416e+02 5.8771099854e+02 5.8767199707e+02 5.8765399170e+02 5.8766198730e+02 5.8769201660e+02 5.8771398926e+02 5.8775000000e+02 5.8777502441e+02 5.8778900146e+02 5.8779699707e+02 5.8780499268e+02 5.8781201172e+02 5.8782299805e+02 5.8784301758e+02 5.8785601807e+02 5.8786602783e+02 5.8788000488e+02 5.8788201904e+02 5.8787902832e+02 5.8789398193e+02 5.8788702393e+02 5.8788201904e+02 5.8787799072e+02
5.8760601807e+02 5.8761401367e+02 5.8763000488e+02 5.8764898682e+02 5.8766101074e+02 5.8766900635e+02 5.8767199707e+02 5.8768902588e+02 5.8771099854e+02 5.8771600342e+02 5.8771398926e+02 5.8771997070e+02 5.8774798584e+02 5.8776397705e+02 5.8776501465e+02 5.8777001953e+02 5.8776000977e+02 5.8774700928e+02 5.8774499512e+02 5.8773199463e+02 5.8771997070e+02 5.8769799805e+02 5.8767700195e+02 5.8764599609e+02 5.8760498047e+02 5.8757299805e+02 5.8757098389e+02 5.8759997559e+02 5.8762500000e+02 5.8765502930e+02 5.8767999268e+02 5.8770800781e+02 5.8772198486e+02 5.8773400879e+02 5.8774499512e+02 5.8774700928e+02 5.8776599121e+02 5.8778399658e+02 5.8780102539e+02 5.8782299805e+02 5.8783398438e+02 5.8783300781e+02 5.8784197998e+02 5.8783502197e+02 5.8782598877e+02 5.8781402588e+02
5.8751300049e+02 5.8752502441e+02 5.8752502441e+02 5.8753900146e+02 5.8755798340e+02 5.8756597900e+02 5.8756500244e+02 5.8757702637e+02 5.8759997559e+02 5.8761401367e+02 5.8761499023e+02 5.8761999512e+02 5.8763500977e+02 5.8764501953e+02 5.8764501953e+02 5.8766699219e+02 5.8766699219e+02 5.8766497803e+02 5.8766699219e+02 5.8763897705e+02 5.8762701416e+02 5.8761700439e+02 5.8761297607e+02 5.8756896973e+02 5.8751702881e+02 5.8748101807e+02 5.8747802734e+02 5.8751098633e+02 5.8753100586e+02 5.8755200195e+02 5.8757598877e+02 5.8761102295e+02 5.8763000488e+02 5.8764898682e+02 5.8768798828e+02 5.8768103027e+02 5.8768902588e+02 5.8770697021e+02 5.8772198486e+02 5.8774902344e+02 5.8777001953e+02 5.8778002930e+02 5.8780700684e+02 5.8778698730e+02 5.8776898193e+02 5.8775402832e+02
5.8740002441e+02 5.8741802979e+02 5.8743402100e+02 5.8744799805e+02 5.8746801758e+02 5.8747399902e+02 5.8746801758e+02 5.8748699951e+02 5.8750097656e+02 5.8750500488e+02 5.8750701904e+02 5.8752099609e+02 5.8754302979e+02 5.8755401611e+02 5.8755499268e+02 5.8756597900e+02 5.8756799316e+02 5.8756896973e+02 5.8755499268e+02 5.8754302979e+02 5.8753802490e+02 5.8751202393e+02 5.8749499512e+02 5.8747399902e+02 5.8743103027e+02 5.8739398193e+02 5.8737701416e+02 5.8739801025e+02 5.8743298340e+02 5.8747198486e+02 5.8750097656e+02 5.8753002930e+02 5.8754602051e+02 5.8755798340e+02 5.8758502197e+02 5.8759997559e+02 5.8761700439e+02 5.8764099121e+02 5.8765399170e+02 5.8766998291e+02 5.8769500732e+02 5.8770300293e+02 5.8771997070e+02 5.8770599365e+02 5.8767999268e+02 5.8765399170e+02
5.8729498291e+02 5.8731298828e+02 5.8733300781e+02 5.8734698486e+02 5.8735699463e+02 5.8736297607e+02 5.8736602783e+02 5.8738201904e+02 5.8739697266e+02 5.8740399170e+02 5.8740802002e+02 5.8741900635e+02 5.8743902588e+02 5.8745599365e+02 5.8746600342e+02 5.8746600342e+02 5.8745800781e+02 5.8745898438e+02 5.8745202637e+02 5.8744097900e+02 5.8743701172e+02 5.8741601563e+02 5.8739898682e+02 5.8738897705e+02 5.8735699463e+02 5.8731799316e+02 5.8728497314e+02 5.8728997803e+02 5.8732598877e+02 5.8737500000e+02 5.8741198730e+02 5.8743902588e+02 5.8745599365e+02 5.8746697998e+02 5.8748797607e+02 5.8751202393e+02 5.8753198242e+02 5.8756500244e+02 5.8759002686e+02 5.8760198975e+02 5.8761199951e+02 5.8759497070e+02 5.8758599854e+02 5.8758898926e+02 5.8757800293e+02 5.8755700684e+02
5.8719396973e+02 5.8721099854e+02 5.8722601318e+02 5.8722998047e+02 5.8723101807e+02 5.8724102783e+02 5.8726098633e+02 5.8727099609e+02 5.8728399658e+02 5.8729400635e+02 5.8730297852e+02 5.8731097412e+02 5.8733001709e+02 5.8734997559e+02 5.8736297607e+02 5.8735998535e+02 5.8734899902e+02 5.8735101318e+02 5.8735302734e+02 5.8733099365e+02 5.8733300781e+02 5.8733197021e+02 5.8731597900e+02 5.8730102539e+02 5.8727697754e+02 5.8724798584e+02 5.8721801758e+02 5.8720202637e+02 5.8721997070e+02 5.8726599121e+02 5.8731201172e+02 5.8734497070e+02 5.8736297607e+02 5.8737701416e+02 5.8740002441e+02 5.8742602539e+02 5.8743902588e+02 5.8747198486e+02 5.8751098633e+02 5.8752398682e+02 5.8752899170e+02 5.8750201416e+02 5.8747601318e+02 5.8748797607e+02 5.8748101807e+02 5.8746600342e+02
5.8709197998e+02 5.8711499023e+02 5.8713397217e+02 5.8713201904e+02 5.8713397217e+02 5.8714697266e+02 5.8716802979e+02 5.8716998291e+02 5.8717498779e+02 5.8717797852e+02 5.8719897461e+02 5.8720397949e+02 5.8722302246e+02 5.8724200439e+02 5.8723999023e+02 5.8724200439e+02 5.8724298096e+02 5.8723999023e+02 5.8723101807e+02 5.8721600342e+02 5.8722399902e+02 5.8723101807e+02 5.8721801758e+02 5.8720098877e+02 5.8718597412e+02 5.8717602539e+02 5.8717199707e+02 5.8712902832e+02 5.8712097168e+02 5.8715502930e+02 5.8721398926e+02 5.8725000000e+02 5.8727197266e+02 5.8729101563e+02 5.8732202148e+02 5.8734497070e+02 5.8735699463e+02 5.8738702393e+02 5.8742901611e+02 5.8743402100e+02 5.8744598389e+02 5.8744299316e+02 5.8743200684e+02 5.8741998291e+02 5.8739300537e+02 5.8737799072e+02
5.8699597168e+02 5.8701202393e+02 5.8702502441e+02 5.8703002930e+02 5.8703497314e+02 5.8704400635e+02 5.8706500244e+02 5.8707702637e+02 5.8708300781e+02 5.8708001709e+02 5.8710400391e+02 5.8710699463e+02 5.8711901855e+02 5.8713299561e+02 5.8713598633e+02 5.8713702393e+02 5.8713897705e+02 5.8713598633e+02 5.8713397217e+02 5.8712097168e+02 5.8712402344e+02 5.8712200928e+02 5.8711499023e+02 5.8709899902e+02 5.8708398438e+02 5.8707397461e+02 5.8708398438e+02 5.8706298828e+02 5.8704199219e+02 5.8705798340e+02 5.8710998535e+02 5.8715100098e+02 5.8718103027e+02 5.8719799805e+02 5.8721801758e+02 5.8725201416e+02 5.8727398682e+02 5.8729998779e+02 5.8733398438e+02 5.8733801270e+02 5.8734002686e+02 5.8734197998e+02 5.8733697510e+02 5.8731799316e+02 5.8729602051e+02 5.8728198242e+02
5.8690100098e+02 5.8692102051e+02 5.8693298340e+02 5.8694201660e+02 5.8694799805e+02 5.8695599365e+02 5.8697100830e+02 5.8697698975e+02 5.8698400879e+02 5.8698400879e+02 5.8700897217e+02 5.8700299072e+02 5.8701202393e+02 5.8702801514e+02 5.8703997803e+02 5.8703802490e+02 5.8703399658e+02 5.8703302002e+02 5.8703100586e+02 5.8702301025e+02 5.8702502441e+02 5.8701702881e+02 5.8700897217e+02 5.8699700928e+02 5.8698999023e+02 5.8698797607e+02 5.8700097656e+02 5.8698999023e+02 5.8696301270e+02 5.8695898438e+02 5.8700000000e+02 5.8704699707e+02 5.8708502197e+02 5.8710601807e+02 5.8711401367e+02 5.8714898682e+02 5.8717602539e+02 5.8720898438e+02 5.8725201416e+02 5.8725701904e+02 5.8724902344e+02 5.8724499512e+02 5.8723797607e+02 5.8721301270e+02 5.8720697021e+02 5.8720697021e+02
5.8680798340e+02 5.8683300781e+02 5.8683398438e+02 5.8684301758e+02 5.8685302734e+02 5.8686798096e+02 5.8688500977e+02 5.8688299561e+02 5.8689202881e+02 5.8689599609e+02 5.8691802979e+02 5.8691198730e+02 5.8692102051e+02 5.8693701172e+02 5.8694598389e+02 5.8693902588e+02 5.8693200684e+02 5.8692999268e+02 5.8692602539e+02 5.8691699219e+02 5.8692102051e+02 5.8691198730e+02 5.8690502930e+02 5.8690100098e+02 5.8690600586e+02 5.8690997314e+02 5.8691699219e+02 5.8690698242e+02 5.8689202881e+02 5.8687902832e+02 5.8689898682e+02 5.8694201660e+02 5.8698498535e+02 5.8701702881e+02 5.8702600098e+02 5.8704901123e+02 5.8708001709e+02 5.8711999512e+02 5.8716497803e+02 5.8717602539e+02 5.8716497803e+02 5.8715600586e+02 5.8714202881e+02 5.8711798096e+02 5.8712597656e+02 5.8713800049e+02
5.8671002197e+02 5.8671997070e+02 5.8671197510e+02 5.8674298096e+02 5.8676000977e+02 5.8677502441e+02 5.8678802490e+02 5.8679302979e+02 5.8680297852e+02 5.8680700684e+02 5.8681298828e+02 5.8682501221e+02 5.8685198975e+02 5.8686401367e+02 5.8686199951e+02 5.8685101318e+02 5.8683898926e+02 5.8683099365e+02 5.8682299805e+02 5.8681201172e+02 5.8681500244e+02 5.8681097412e+02 5.8679901123e+02 5.8680297852e+02 5.8681298828e+02 5.8681597900e+02 5.8681402588e+02 5.8681298828e+02 5.8682000732e+02 5.8681799316e+02 5.8680499268e+02 5.8683001709e+02 5.8687500000e+02 5.8691601563e+02 5.8693701172e+02 5.8695800781e+02 5.8698400879e+02 5.8702001953e+02 5.8704998779e+02 5.8706402588e+02 5.8707000732e+02 5.8706500244e+02 5.8704400635e+02 5.8702301025e+02 5.8703802490e+02 5.8704199219e+02
5.8660900879e+02 5.8661901855e+02 5.8662200928e+02 5.8665600586e+02 5.8667498779e+02 5.8668200684e+02 5.8669097900e+02 5.8669799805e+02 5.8671002197e+02 5.8671899414e+02 5.8671899414e+02 5.8671398926e+02 5.8673699951e+02 5.8675097656e+02 5.8676098633e+02 5.8676300049e+02 5.8673602295e+02 5.8672100830e+02 5.8673297119e+02 5.8672601318e+02 5.8671502686e+02 5.8670599365e+02 5.8670300293e+02 5.8670697021e+02 5.8671600342e+02 5.8671398926e+02 5.8671301270e+02 5.8672399902e+02 5.8673699951e+02 5.8673400879e+02 5.8670501709e+02 5.8671697998e+02 5.8676300049e+02 5.8680401611e+02 5.8683099365e+02 5.8686602783e+02 5.8689202881e+02 5.8692498779e+02 5.8694897461e+02 5.8695397949e+02 5.8695898438e+02 5.8695202637e+02 5.8693298340e+02 5.8692297363e+02 5.8694000244e+02 5.8693402100e+02
5.8651599121e+02 5.8653198242e+02 5.8653802490e+02 5.8656701660e+02 5.8658801270e+02 5.8659899902e+02 5.8660900879e+02 5.8661499023e+02 5.8662200928e+02 5.8662902832e+02 5.8663201904e+02 5.8661297607e+02 5.8662200928e+02 5.8662500000e+02 5.8662701416e+02 5.8664300537e+02 5.8662500000e+02 5.8660797119e+02 5.8662902832e+02 5.8662701416e+02 5.8660601807e+02 5.8659301758e+02 5.8660498047e+02 5.8661199951e+02 5.8662298584e+02 5.8662500000e+02 5.8662902832e+02 5.8663897705e+02 5.8665002441e+02 5.8665399170e+02 5.8663000488e+02 5.8662200928e+02 5.8664099121e+02 5.8667498779e+02 5.8672302246e+02 5.8676898193e+02 5.8679699707e+02 5.8682598877e+02 5.8684802246e+02 5.8684497070e+02 5.8684497070e+02 5.8683300781e+02 5.8681896973e+02 5.8682000732e+02 5.8683801270e+02 5.8683001709e+02
5.8642401123e+02 5.8644201660e+02 5.8645001221e+02 5.8646502686e+02 5.8647998047e+02 5.8649298096e+02 5.8650799561e+02 5.8651599121e+02 5.8652099609e+02 5.8652600098e+02 5.8653900146e+02 5.8652600098e+02 5.8652899170e+02 5.8652600098e+02 5.8651800537e+02 5.8653100586e+02 5.8652301025e+02 5.8650299072e+02 5.8651300049e+02 5.8651898193e+02 5.8650299072e+02 5.8649102783e+02 5.8650799561e+02 5.8651098633e+02 5.8651800537e+02 5.8653002930e+02 5.8654998779e+02 5.8654699707e+02 5.8655401611e+02 5.8657098389e+02 5.8656097412e+02 5.8654101563e+02 5.8653100586e+02 5.8655200195e+02 5.8661102295e+02 5.8666198730e+02 5.8669201660e+02 5.8672399902e+02 5.8675000000e+02 5.8674499512e+02 5.8673400879e+02 5.8671697998e+02 5.8671002197e+02 5.8671899414e+02 5.8672900391e+02 5.8671398926e+02
5.8632800293e+02 5.8634002686e+02 5.8635699463e+02 5.8636602783e+02 5.8636999512e+02 5.8637799072e+02 5.8638897705e+02 5.8640502930e+02 5.8641802979e+02 5.8642199707e+02 5.8643103027e+02 5.8643298340e+02 5.8643902588e+02 5.8644799805e+02 5.8645397949e+02 5.8643701172e+02 5.8642102051e+02 5.8640600586e+02 5.8640899658e+02 5.8641302490e+02 5.8640698242e+02 5.8639801025e+02 5.8640100098e+02 5.8642199707e+02 5.8641699219e+02 5.8642498779e+02 5.8646697998e+02 5.8645800781e+02 5.8645599365e+02 5.8646398926e+02 5.8646997070e+02 5.8646899414e+02 5.8646197510e+02 5.8646801758e+02 5.8650097656e+02 5.8655200195e+02 5.8659100342e+02 5.8662500000e+02 5.8665002441e+02 5.8664001465e+02 5.8662200928e+02 5.8660198975e+02 5.8660198975e+02 5.8662097168e+02 5.8662200928e+02 5.8659802246e+02
5.8623999023e+02 5.8624798584e+02 5.8626501465e+02 5.8627197266e+02 5.8626898193e+02 5.8626599121e+02 5.8627697754e+02 5.8628497314e+02 5.8630297852e+02 5.8631500244e+02 5.8631500244e+02 5.8631597900e+02 5.8633300781e+02 5.8634002686e+02 5.8633898926e+02 5.8633099365e+02 5.8632000732e+02 5.8631597900e+02 5.8632098389e+02 5.8630999756e+02 5.8630200195e+02 5.8629797363e+02 5.8630603027e+02 5.8633300781e+02 5.8632702637e+02 5.8632598877e+02 5.8634802246e+02 5.8634899902e+02 5.8636297607e+02 5.8636401367e+02 5.8637701416e+02 5.8639697266e+02 5.8638800049e+02 5.8637597656e+02 5.8639001465e+02 5.8643701172e+02 5.8648797607e+02 5.8651800537e+02 5.8653002930e+02 5.8652301025e+02 5.8651098633e+02 5.8649597168e+02 5.8649700928e+02 5.8651000977e+02 5.8650897217e+02 5.8649401855e+02
5.8614599609e+02 5.8615100098e+02 5.8616302490e+02 5.8616998291e+02 5.8616601563e+02 5.8615997314e+02 5.8616601563e+02 5.8616497803e+02 5.8617700195e+02 5.8619396973e+02 5.8620599365e+02 5.8621801758e+02 5.8623498535e+02 5.8623199463e+02 5.8623199463e+02 5.8622900391e+02 5.8621801758e+02 5.8621502686e+02 5.8622198486e+02 5.8620697021e+02 5.8620501709e+02 5.8620397949e+02 5.8621099854e+02 5.8623400879e+02 5.8623297119e+02 5.8623400879e+02 5.8624700928e+02 5.8624298096e+02 5.8626397705e+02 5.8627197266e+02 5.8628198242e+02 5.8630603027e+02 5.8630603027e+02 5.8629302979e+02 5.8628497314e+02 5.8631201172e+02 5.8635797119e+02 5.8639801025e+02 5.8641400146e+02 5.8640698242e+02 5.8639898682e+02 5.8638897705e+02 5.8639697266e+02 5.8640002441e+02 5.8639501953e+02 5.8638598633e+02
5.8603100586e+02 5.8603698730e+02 5.8604302979e+02 5.8605603027e+02 5.8606402588e+02 5.8606097412e+02 5.8605902100e+02 5.8605603027e+02 5.8606701660e+02 5.8608697510e+02 5.8610998535e+02 5.8612799072e+02 5.8613299561e+02 5.8612500000e+02 5.8613800049e+02 5.8613299561e+02 5.8611199951e+02 5.8610498047e+02 5.8611102295e+02 5.8609698486e+02 5.8610601807e+02 5.8610900879e+02 5.8610900879e+02 5.8612200928e+02 5.8612500000e+02 5.8613201904e+02 5.8615002441e+02 5.8614398193e+02 5.8615698242e+02 5.8616802979e+02 5.8618200684e+02 5.8620898438e+02 5.8622302246e+02 5.8621801758e+02 5.8619299316e+02 5.8620098877e+02 5.8622497559e+02 5.8626501465e+02 5.8628497314e+02 5.8628802490e+02 5.8628399658e+02 5.8627801514e+02 5.8629602051e+02 5.8629699707e+02 5.8628997803e+02 5.8628399658e+02
