TESTSERVER/15/15.asc
NCOLS 100
NROWS 100
XLLCORNER 8.2497500000e+03
YLLCORNER 2.8920025000e+05
CELLSIZE 5.0000000000e-01
NODATA_VALUE -9.9990000000e+03
[rows 20 to 39 of 100, columns 46 to 91 of 100]
5.8969702148e+02 5.8965399170e+02 5.8962200928e+02 5.8961401367e+02 5.8963800049e+02 5.8964898682e+02 5.8967602539e+02 5.8969897461e+02 5.8970898438e+02 5.8971002197e+02 5.8971600342e+02 5.8973199463e+02 5.8976898193e+02 5.8981402588e+02 5.8983300781e+02 5.8982202148e+02 5.8978002930e+02 5.8970898438e+02 5.8968798828e+02 5.8970098877e+02 5.8971502686e+02 5.8971301270e+02 5.8971301270e+02 5.8971002197e+02 5.8970001221e+02 5.8967797852e+02 5.8967401123e+02 5.8969201660e+02 5.8971801758e+02 5.8973602295e+02 5.8975799561e+02 5.8977398682e+02 5.8978997803e+02 5.8979498291e+02 5.8979699707e+02 5.8980700684e+02 5.8982000732e+02 5.8983502197e+02 5.8982702637e+02 5.8982800293e+02 5.8985400391e+02 5.8988000488e+02 5.8986602783e+02 5.8985498047e+02 5.8987902832e+02 5.8989099121e+02
5.8965399170e+02 5.8959100342e+02 5.8955297852e+02 5.8954498291e+02 5.8955603027e+02 5.8955297852e+02 5.8957598877e+02 5.8959899902e+02 5.8960198975e+02 5.8960601807e+02 5.8961901855e+02 5.8964099121e+02 5.8968103027e+02 5.8973797607e+02 5.8975897217e+02 5.8973999023e+02 5.8968298340e+02 5.8961901855e+02 5.8960498047e+02 5.8961901855e+02 5.8962500000e+02 5.8962402344e+02 5.8962298584e+02 5.8962097168e+02 5.8961199951e+02 5.8958099365e+02 5.8957598877e+02 5.8959899902e+02 5.8962701416e+02 5.8964501953e+02 5.8966400146e+02 5.8967102051e+02 5.8968701172e+02 5.8970098877e+02 5.8970397949e+02 5.8970397949e+02 5.8971697998e+02 5.8974798584e+02 5.8975598145e+02 5.8975299072e+02 5.8976800537e+02 5.8979498291e+02 5.8978497314e+02 5.8977398682e+02 5.8979302979e+02 5.8981201172e+02
5.8951599121e+02 5.8949200439e+02 5.8948498535e+02 5.8948699951e+02 5.8949200439e+02 5.8948400879e+02 5.8950598145e+02 5.8952600098e+02 5.8951098633e+02 5.8950500488e+02 5.8951898193e+02 5.8954602051e+02 5.8958599854e+02 5.8963299561e+02 5.8964697266e+02 5.8962298584e+02 5.8957000732e+02 5.8953198242e+02 5.8953198242e+02 5.8954101563e+02 5.8953698730e+02 5.8953900146e+02 5.8953698730e+02 5.8953497314e+02 5.8952899170e+02 5.8951202393e+02 5.8951000977e+02 5.8952899170e+02 5.8954699707e+02 5.8955499268e+02 5.8956799316e+02 5.8957598877e+02 5.8958898926e+02 5.8959399414e+02 5.8959197998e+02 5.8959197998e+02 5.8961102295e+02 5.8964001465e+02 5.8965502930e+02 5.8966400146e+02 5.8966998291e+02 5.8969201660e+02 5.8969500732e+02 5.8969799805e+02 5.8971502686e+02 5.8972601318e+02
5.8928198242e+02 5.8933001709e+02 5.8938598633e+02 5.8942102051e+02 5.8942602539e+02 5.8942602539e+02 5.8945599365e+02 5.8947601318e+02 5.8944201660e+02 5.8941601563e+02 5.8941998291e+02 5.8945001221e+02 5.8949597168e+02 5.8953198242e+02 5.8953698730e+02 5.8951000977e+02 5.8946197510e+02 5.8945098877e+02 5.8945898438e+02 5.8946197510e+02 5.8944897461e+02 5.8945300293e+02 5.8945098877e+02 5.8944897461e+02 5.8944897461e+02 5.8944799805e+02 5.8944897461e+02 5.8945800781e+02 5.8946398926e+02 5.8946301270e+02 5.8946600342e+02 5.8947302246e+02 5.8948498535e+02 5.8947998047e+02 5.8948199463e+02 5.8949102783e+02 5.8951300049e+02 5.8952697754e+02 5.8953802490e+02 5.8955200195e+02 5.8956500244e+02 5.8958898926e+02 5.8959899902e+02 5.8961102295e+02 5.8963000488e+02 5.8963800049e+02
5.8908001709e+02 5.8912701416e+02 5.8921600342e+02 5.8929699707e+02 5.8933001709e+02 5.8934997559e+02 5.8939501953e+02 5.8941198730e+02 5.8936901855e+02 5.8933801270e+02 5.8932897949e+02 5.8936297607e+02 5.8943597412e+02 5.8945501709e+02 5.8944097900e+02 5.8940502930e+02 5.8937597656e+02 5.8936700439e+02 5.8937097168e+02 5.8936901855e+02 5.8936102295e+02 5.8936700439e+02 5.8936700439e+02 5.8936602783e+02 5.8936798096e+02 5.8936798096e+02 5.8936798096e+02 5.8936999512e+02 5.8936499023e+02 5.8936401367e+02 5.8936297607e+02 5.8936499023e+02 5.8937799072e+02 5.8938702393e+02 5.8939300537e+02 5.8940100098e+02 5.8941900635e+02 5.8943701172e+02 5.8944299316e+02 5.8944702148e+02 5.8946301270e+02 5.8948602295e+02 5.8949798584e+02 5.8950897217e+02 5.8953002930e+02 5.8954101563e+02
5.8907202148e+02 5.8903302002e+02 5.8903198242e+02 5.8906701660e+02 5.8911102295e+02 5.8916699219e+02 5.8925897217e+02 5.8932702637e+02 5.8930999756e+02 5.8927398682e+02 5.8925897217e+02 5.8928497314e+02 5.8935601807e+02 5.8937298584e+02 5.8933197021e+02 5.8929302979e+02 5.8928698730e+02 5.8927899170e+02 5.8927301025e+02 5.8927301025e+02 5.8927697754e+02 5.8927099609e+02 5.8926202393e+02 5.8926098633e+02 5.8926898193e+02 5.8927001953e+02 5.8927502441e+02 5.8927801514e+02 5.8927197266e+02 5.8928100586e+02 5.8928002930e+02 5.8927600098e+02 5.8928900146e+02 5.8929400635e+02 5.8929797363e+02 5.8930603027e+02 5.8933001709e+02 5.8934600830e+02 5.8934301758e+02 5.8933898926e+02 5.8934600830e+02 5.8936102295e+02 5.8937701416e+02 5.8939099121e+02 5.8941302490e+02 5.8943200684e+02
5.8904901123e+02 5.8899700928e+02 5.8895397949e+02 5.8892700195e+02 5.8892199707e+02 5.8895300293e+02 5.8905297852e+02 5.8917199707e+02 5.8923699951e+02 5.8924902344e+02 5.8923901367e+02 5.8924401855e+02 5.8927197266e+02 5.8926800537e+02 5.8922302246e+02 5.8919097900e+02 5.8920001221e+02 5.8919799805e+02 5.8918798828e+02 5.8918499756e+02 5.8919000244e+02 5.8917401123e+02 5.8915997314e+02 5.8915802002e+02 5.8916699219e+02 5.8916802979e+02 5.8917901611e+02 5.8918701172e+02 5.8918103027e+02 5.8918701172e+02 5.8918701172e+02 5.8918701172e+02 5.8920300293e+02 5.8920202637e+02 5.8920300293e+02 5.8921301270e+02 5.8924298096e+02 5.8924700928e+02 5.8924798584e+02 5.8925500488e+02 5.8924902344e+02 5.8926300049e+02 5.8928198242e+02 5.8929101563e+02 5.8930200195e+02 5.8932397461e+02
5.8901300049e+02 5.8898901367e+02 5.8895898438e+02 5.8892102051e+02 5.8887200928e+02 5.8883502197e+02 5.8886999512e+02 5.8895599365e+02 5.8905499268e+02 5.8914099121e+02 5.8917102051e+02 5.8917797852e+02 5.8916400146e+02 5.8915600586e+02 5.8912701416e+02 5.8910400391e+02 5.8911297607e+02 5.8911102295e+02 5.8910498047e+02 5.8910400391e+02 5.8909997559e+02 5.8908197021e+02 5.8906799316e+02 5.8906298828e+02 5.8906799316e+02 5.8906402588e+02 5.8907598877e+02 5.8908801270e+02 5.8908898926e+02 5.8909002686e+02 5.8909600830e+02 5.8910699463e+02 5.8911901855e+02 5.8911401367e+02 5.8911901855e+02 5.8913000488e+02 5.8915301514e+02 5.8915100098e+02 5.8916998291e+02 5.8918902588e+02 5.8916601563e+02 5.8918200684e+02 5.8920397949e+02 5.8920501709e+02 5.8920098877e+02 5.8921502686e+02
5.8897601318e+02 5.8895098877e+02 5.8893902588e+02 5.8892901611e+02 5.8890399170e+02 5.8885699463e+02 5.8880200195e+02 5.8876098633e+02 5.8875500488e+02 5.8885498047e+02 5.8893499756e+02 5.8897601318e+02 5.8897601318e+02 5.8904302979e+02 5.8905700684e+02 5.8904101563e+02 5.8901397705e+02 5.8901501465e+02 5.8901599121e+02 5.8901501465e+02 5.8900500488e+02 5.8899102783e+02 5.8898199463e+02 5.8897100830e+02 5.8896697998e+02 5.8896697998e+02 5.8897601318e+02 5.8899499512e+02 5.8900701904e+02 5.8900500488e+02 5.8902099609e+02 5.8903698730e+02 5.8903698730e+02 5.8903997803e+02 5.8904901123e+02 5.8904901123e+02 5.8906097412e+02 5.8906097412e+02 5.8907299805e+02 5.8908898926e+02 5.8908300781e+02 5.8909100342e+02 5.8911199951e+02 5.8910998535e+02 5.8911199951e+02 5.8910797119e+02
5.8899499512e+02 5.8892700195e+02 5.8888299561e+02 5.8885998535e+02 5.8883697510e+02 5.8882702637e+02 5.8881500244e+02 5.8877099609e+02 5.8870697021e+02 5.8867199707e+02 5.8867297363e+02 5.8868902588e+02 5.8875097656e+02 5.8887402344e+02 5.8895098877e+02 5.8897302246e+02 5.8894500732e+02 5.8893200684e+02 5.8892797852e+02 5.8891699219e+02 5.8890301514e+02 5.8889300537e+02 5.8889300537e+02 5.8888500977e+02 5.8889001465e+02 5.8889202881e+02 5.8890002441e+02 5.8891998291e+02 5.8893103027e+02 5.8892797852e+02 5.8894201660e+02 5.8895397949e+02 5.8895501709e+02 5.8896600342e+02 5.8896997070e+02 5.8896502686e+02 5.8897497559e+02 5.8898901367e+02 5.8899401855e+02 5.8899597168e+02 5.8900000000e+02 5.8900598145e+02 5.8901702881e+02 5.8900897217e+02 5.8901202393e+02 5.8901800537e+02
5.8903002930e+02 5.8895501709e+02 5.8889398193e+02 5.8885302734e+02 5.8881201172e+02 5.8878002930e+02 5.8877301025e+02 5.8874902344e+02 5.8871197510e+02 5.8866497803e+02 5.8862200928e+02 5.8859301758e+02 5.8859600830e+02 5.8865399170e+02 5.8872802734e+02 5.8878802490e+02 5.8882000732e+02 5.8883001709e+02 5.8883099365e+02 5.8882000732e+02 5.8880603027e+02 5.8879400635e+02 5.8879400635e+02 5.8878802490e+02 5.8879699707e+02 5.8880401611e+02 5.8881500244e+02 5.8883300781e+02 5.8884002686e+02 5.8883801270e+02 5.8885198975e+02 5.8886199951e+02 5.8886297607e+02 5.8887597656e+02 5.8889300537e+02 5.8889599609e+02 5.8889300537e+02 5.8889898682e+02 5.8890301514e+02 5.8890600586e+02 5.8892102051e+02 5.8892700195e+02 5.8893402100e+02 5.8893103027e+02 5.8894000244e+02 5.8895001221e+02
5.8904797363e+02 5.8898901367e+02 5.8892498779e+02 5.8887902832e+02 5.8884100342e+02 5.8878601074e+02 5.8875598145e+02 5.8872399902e+02 5.8870300293e+02 5.8868701172e+02 5.8865002441e+02 5.8860302734e+02 5.8855401611e+02 5.8851702881e+02 5.8852600098e+02 5.8856896973e+02 5.8862701416e+02 5.8866802979e+02 5.8869897461e+02 5.8871398926e+02 5.8871398926e+02 5.8870098877e+02 5.8870202637e+02 5.8869598389e+02 5.8870300293e+02 5.8871197510e+02 5.8872399902e+02 5.8874200439e+02 5.8874902344e+02 5.8874700928e+02 5.8876000977e+02 5.8877001953e+02 5.8876800537e+02 5.8877099609e+02 5.8879101563e+02 5.8880200195e+02 5.8880902100e+02 5.8880603027e+02 5.8880401611e+02 5.8881298828e+02 5.8883697510e+02 5.8884698486e+02 5.8885900879e+02 5.8886602783e+02 5.8887500000e+02 5.8888098145e+02
5.8901800537e+02 5.8897302246e+02 5.8890002441e+02 5.8884698486e+02 5.8882299805e+02 5.8880297852e+02 5.8877099609e+02 5.8872601318e+02 5.8868701172e+02 5.8865698242e+02 5.8863299561e+02 5.8860699463e+02 5.8857800293e+02 5.8853198242e+02 5.8848699951e+02 5.8845800781e+02 5.8843902588e+02 5.8846997070e+02 5.8852099609e+02 5.8857299805e+02 5.8861602783e+02 5.8861401367e+02 5.8862701416e+02 5.8862500000e+02 5.8863201904e+02 5.8863397217e+02 5.8863800049e+02 5.8865502930e+02 5.8867199707e+02 5.8867602539e+02 5.8868402100e+02 5.8868597412e+02 5.8867700195e+02 5.8869299316e+02 5.8869799805e+02 5.8870202637e+02 5.8871697998e+02 5.8871600342e+02 5.8871997070e+02 5.8873400879e+02 5.8875402832e+02 5.8876599121e+02 5.8878698730e+02 5.8880200195e+02 5.8881097412e+02 5.8882299805e+02
5.8892797852e+02 5.8887902832e+02 5.8879998779e+02 5.8873199463e+02 5.8871002197e+02 5.8871899414e+02 5.8871801758e+02 5.8871099854e+02 5.8870501709e+02 5.8867700195e+02 5.8863598633e+02 5.8859997559e+02 5.8857202148e+02 5.8853997803e+02 5.8851098633e+02 5.8849102783e+02 5.8845697021e+02 5.8840502930e+02 5.8837701416e+02 5.8838598633e+02 5.8844097900e+02 5.8848797607e+02 5.8853997803e+02 5.8855798340e+02 5.8856298828e+02 5.8856097412e+02 5.8855798340e+02 5.8856201172e+02 5.8858099365e+02 5.8858801270e+02 5.8859100342e+02 5.8859399414e+02 5.8859899902e+02 5.8862298584e+02 5.8861901855e+02 5.8861199951e+02 5.8862298584e+02 5.8863098145e+02 5.8864202881e+02 5.8865600586e+02 5.8867401123e+02 5.8869097900e+02 5.8871002197e+02 5.8872900391e+02 5.8874597168e+02 5.8875701904e+02
5.8876702881e+02 5.8872900391e+02 5.8867901611e+02 5.8863000488e+02 5.8861102295e+02 5.8862799072e+02 5.8865399170e+02 5.8867999268e+02 5.8870098877e+02 5.8868200684e+02 5.8864099121e+02 5.8860400391e+02 5.8856799316e+02 5.8853399658e+02 5.8850701904e+02 5.8849499512e+02 5.8847802734e+02 5.8843597412e+02 5.8838397217e+02 5.8834399414e+02 5.8832800293e+02 5.8832800293e+02 5.8837597656e+02 5.8841802979e+02 5.8844799805e+02 5.8846197510e+02 5.8847399902e+02 5.8848400879e+02 5.8849902344e+02 5.8850701904e+02 5.8851202393e+02 5.8851702881e+02 5.8852600098e+02 5.8853802490e+02 5.8853198242e+02 5.8853100586e+02 5.8854998779e+02 5.8855798340e+02 5.8856402588e+02 5.8857598877e+02 5.8859197998e+02 5.8861700439e+02 5.8863299561e+02 5.8864697266e+02 5.8866998291e+02 5.8867901611e+02
5.8859301758e+02 5.8858697510e+02 5.8857702637e+02 5.8855297852e+02 5.8853497314e+02 5.8854797363e+02 5.8859802246e+02 5.8865600586e+02 5.8868200684e+02 5.8862701416e+02 5.8857702637e+02 5.8854602051e+02 5.8852398682e+02 5.8850299072e+02 5.8848699951e+02 5.8847998047e+02 5.8845501709e+02 5.8843701172e+02 5.8841802979e+02 5.8838500977e+02 5.8833197021e+02 5.8827697754e+02 5.8826000977e+02 5.8826800537e+02 5.8830499268e+02 5.8833099365e+02 5.8835998535e+02 5.8838897705e+02 5.8841101074e+02 5.8842901611e+02 5.8844201660e+02 5.8844702148e+02 5.8844897461e+02 5.8845599365e+02 5.8846099854e+02 5.8846899414e+02 5.8848999023e+02 5.8849499512e+02 5.8849902344e+02 5.8851397705e+02 5.8852697754e+02 5.8855297852e+02 5.8856597900e+02 5.8857000732e+02 5.8858599854e+02 5.8859802246e+02
5.8845202637e+02 5.8845202637e+02 5.8846398926e+02 5.8845800781e+02 5.8844897461e+02 5.8845800781e+02 5.8852197266e+02 5.8860900879e+02 5.8862799072e+02 5.8852502441e+02 5.8844396973e+02 5.8840997314e+02 5.8839599609e+02 5.8840002441e+02 5.8841900635e+02 5.8844299316e+02 5.8843402100e+02 5.8840002441e+02 5.8839202881e+02 5.8838000488e+02 5.8834600830e+02 5.8832299805e+02 5.8828100586e+02 5.8824102783e+02 5.8821801758e+02 5.8821197510e+02 5.8823297119e+02 5.8827398682e+02 5.8831097412e+02 5.8834997559e+02 5.8837298584e+02 5.8837701416e+02 5.8837597656e+02 5.8838500977e+02 5.8840197754e+02 5.8841699219e+02 5.8842797852e+02 5.8842999268e+02 5.8843200684e+02 5.8845098877e+02 5.8846398926e+02 5.8849102783e+02 5.8850299072e+02 5.8849798584e+02 5.8850799561e+02 5.8851800537e+02
5.8836401367e+02 5.8835699463e+02 5.8836102295e+02 5.8836297607e+02 5.8837597656e+02 5.8838702393e+02 5.8843798828e+02 5.8848498535e+02 5.8845397949e+02 5.8836999512e+02 5.8831597900e+02 5.8828497314e+02 5.8825598145e+02 5.8823101807e+02 5.8825701904e+02 5.8831298828e+02 5.8833898926e+02 5.8835498047e+02 5.8835998535e+02 5.8835198975e+02 5.8832501221e+02 5.8829400635e+02 5.8827398682e+02 5.8825402832e+02 5.8822399902e+02 5.8819000244e+02 5.8816699219e+02 5.8816101074e+02 5.8818103027e+02 5.8821997070e+02 5.8825402832e+02 5.8828399658e+02 5.8831298828e+02 5.8832598877e+02 5.8833801270e+02 5.8834600830e+02 5.8834002686e+02 5.8834802246e+02 5.8835900879e+02 5.8838000488e+02 5.8840100098e+02 5.8842102051e+02 5.8843298340e+02 5.8843597412e+02 5.8844299316e+02 5.8844500732e+02
5.8826898193e+02 5.8826599121e+02 5.8827197266e+02 5.8828399658e+02 5.8830798340e+02 5.8832501221e+02 5.8834899902e+02 5.8834301758e+02 5.8828100586e+02 5.8823498535e+02 5.8821099854e+02 5.8818902588e+02 5.8815301514e+02 5.8811798096e+02 5.8812701416e+02 5.8816400146e+02 5.8818902588e+02 5.8822497559e+02 5.8826501465e+02 5.8829199219e+02 5.8829498291e+02 5.8827197266e+02 5.8825500488e+02 5.8823602295e+02 5.8821301270e+02 5.8819500732e+02 5.8816998291e+02 5.8814398193e+02 5.8812402344e+02 5.8811602783e+02 5.8812701416e+02 5.8815802002e+02 5.8820599365e+02 5.8823797607e+02 5.8826397705e+02 5.8827301025e+02 5.8826300049e+02 5.8826800537e+02 5.8828198242e+02 5.8830200195e+02 5.8832800293e+02 5.8834497070e+02 5.8835400391e+02 5.8836602783e+02 5.8837701416e+02 5.8836999512e+02
5.8816601563e+02 5.8816101074e+02 5.8816900635e+02 5.8818798828e+02 5.8822302246e+02 5.8825000000e+02 5.8825201416e+02 5.8821398926e+02 5.8815002441e+02 5.8813000488e+02 5.8811999512e+02 5.8810302734e+02 5.8807501221e+02 5.8805102539e+02 5.8803802490e+02 5.8804101563e+02 5.8803997803e+02 5.8806701660e+02 5.8811297607e+02 5.8815802002e+02 5.8819799805e+02 5.8821099854e+02 5.8821899414e+02 5.8820599365e+02 5.8818103027e+02 5.8816900635e+02 5.8815899658e+02 5.8814501953e+02 5.8812200928e+02 5.8808502197e+02 5.8806402588e+02 5.8806298828e+02 5.8808300781e+02 5.8810797119e+02 5.8815399170e+02 5.8819000244e+02 5.8819897461e+02 5.8820599365e+02 5.8822100830e+02 5.8824200439e+02 5.8825897217e+02 5.8827197266e+02 5.8828198242e+02 5.8829797363e+02 5.8830499268e+02 5.8828997803e+02
