TESTSERVER/15/16.asc
NCOLS 100
NROWS 100
XLLCORNER 8.2497500000e+03
YLLCORNER 2.8915025000e+05
CELLSIZE 5.0000000000e-01
NODATA_VALUE -9.9990000000e+03
[rows 20 to 39 of 100, columns 46 to 91 of 100]
5.7866302490e+02 5.7875299072e+02 5.7884600830e+02 5.7895300293e+02 5.7903302002e+02 5.7914001465e+02 5.7922802734e+02 5.7934802246e+02 5.7948999023e+02 5.7961602783e+02 5.7973400879e+02 5.7986700439e+02 5.8001000977e+02 5.8014398193e+02 5.8028601074e+02 5.8040802002e+02 5.8052099609e+02 5.8068701172e+02 5.8084399414e+02 5.8098699951e+02 5.8109002686e+02 5.8113598633e+02 5.8121301270e+02 5.8129797363e+02 5.8140100098e+02 5.8145397949e+02 5.8147998047e+02 5.8152600098e+02 5.8155603027e+02 5.8148297119e+02 5.8143298340e+02 5.8138500977e+02 5.8133300781e+02 5.8129602051e+02 5.8124798584e+02 5.8125402832e+02 5.8129302979e+02 5.8129101563e+02 5.8129400635e+02 5.8127502441e+02 5.8127398682e+02 5.8127801514e+02 5.8126702881e+02 5.8128497314e+02 5.8135101318e+02 5.8142297363e+02
5.7843701172e+02 5.7853302002e+02 5.7863800049e+02 5.7875799561e+02 5.7884497070e+02 5.7895001221e+02 5.7905200195e+02 5.7917498779e+02 5.7930603027e+02 5.7941699219e+02 5.7953399658e+02 5.7966998291e+02 5.7980102539e+02 5.7993597412e+02 5.8008300781e+02 5.8020800781e+02 5.8031201172e+02 5.8047198486e+02 5.8064398193e+02 5.8080297852e+02 5.8093701172e+02 5.8101702881e+02 5.8108197021e+02 5.8112097168e+02 5.8118200684e+02 5.8125299072e+02 5.8129302979e+02 5.8135302734e+02 5.8137597656e+02 5.8130603027e+02 5.8124102783e+02 5.8118798828e+02 5.8114697266e+02 5.8113800049e+02 5.8111199951e+02 5.8111401367e+02 5.8112097168e+02 5.8113800049e+02 5.8115600586e+02 5.8114300537e+02 5.8117602539e+02 5.8115502930e+02 5.8112200928e+02 5.8116198730e+02 5.8124798584e+02 5.8126397705e+02
5.7818402100e+02 5.7830102539e+02 5.7841101074e+02 5.7853802490e+02 5.7864599609e+02 5.7874298096e+02 5.7885198975e+02 5.7898297119e+02 5.7910998535e+02 5.7921002197e+02 5.7932800293e+02 5.7946899414e+02 5.7959899902e+02 5.7973297119e+02 5.7986102295e+02 5.7998297119e+02 5.8011102295e+02 5.8028302002e+02 5.8044000244e+02 5.8059698486e+02 5.8078997803e+02 5.8090301514e+02 5.8097900391e+02 5.8103399658e+02 5.8104699707e+02 5.8105999756e+02 5.8105999756e+02 5.8108599854e+02 5.8111700439e+02 5.8108697510e+02 5.8102801514e+02 5.8098498535e+02 5.8097198486e+02 5.8098498535e+02 5.8098797607e+02 5.8100799561e+02 5.8099298096e+02 5.8101000977e+02 5.8105499268e+02 5.8102001953e+02 5.8100000000e+02 5.8096697998e+02 5.8097601318e+02 5.8103698730e+02 5.8109802246e+02 5.8106896973e+02
5.7795501709e+02 5.7807202148e+02 5.7816998291e+02 5.7828698730e+02 5.7841601563e+02 5.7853302002e+02 5.7863897705e+02 5.7875500488e+02 5.7887298584e+02 5.7896899414e+02 5.7908599854e+02 5.7923901367e+02 5.7939801025e+02 5.7953698730e+02 5.7965600586e+02 5.7975402832e+02 5.7988397217e+02 5.8007397461e+02 5.8021502686e+02 5.8035302734e+02 5.8057598877e+02 5.8070501709e+02 5.8080102539e+02 5.8088897705e+02 5.8091101074e+02 5.8093402100e+02 5.8092999268e+02 5.8090100098e+02 5.8086102295e+02 5.8083099365e+02 5.8079498291e+02 5.8076898193e+02 5.8077001953e+02 5.8077600098e+02 5.8077001953e+02 5.8078802490e+02 5.8079699707e+02 5.8079699707e+02 5.8085400391e+02 5.8084197998e+02 5.8081500244e+02 5.8082800293e+02 5.8091302490e+02 5.8096099854e+02 5.8092999268e+02 5.8089599609e+02
5.7776800537e+02 5.7787500000e+02 5.7796002197e+02 5.7804998779e+02 5.7815002441e+02 5.7829998779e+02 5.7841497803e+02 5.7851397705e+02 5.7862902832e+02 5.7873999023e+02 5.7884600830e+02 5.7899499512e+02 5.7919000244e+02 5.7934600830e+02 5.7944897461e+02 5.7952801514e+02 5.7961999512e+02 5.7976800537e+02 5.7990698242e+02 5.8007000732e+02 5.8030999756e+02 5.8049102783e+02 5.8058502197e+02 5.8064697266e+02 5.8068402100e+02 5.8075097656e+02 5.8079302979e+02 5.8077899170e+02 5.8073400879e+02 5.8071398926e+02 5.8069299316e+02 5.8064898682e+02 5.8060998535e+02 5.8058398438e+02 5.8055200195e+02 5.8053100586e+02 5.8053302002e+02 5.8058697510e+02 5.8057299805e+02 5.8057299805e+02 5.8059802246e+02 5.8067498779e+02 5.8077697754e+02 5.8078497314e+02 5.8069799805e+02 5.8069702148e+02
5.7755401611e+02 5.7765100098e+02 5.7773999023e+02 5.7784301758e+02 5.7794299316e+02 5.7805401611e+02 5.7815899658e+02 5.7824902344e+02 5.7837597656e+02 5.7853900146e+02 5.7867297363e+02 5.7875897217e+02 5.7887701416e+02 5.7906701660e+02 5.7919598389e+02 5.7929797363e+02 5.7940399170e+02 5.7950598145e+02 5.7962097168e+02 5.7980102539e+02 5.8005603027e+02 5.8028302002e+02 5.8037500000e+02 5.8040802002e+02 5.8043499756e+02 5.8048602295e+02 5.8052899170e+02 5.8054602051e+02 5.8054302979e+02 5.8054998779e+02 5.8053601074e+02 5.8051300049e+02 5.8049200439e+02 5.8048297119e+02 5.8050799561e+02 5.8053399658e+02 5.8047601318e+02 5.8046997070e+02 5.8040600586e+02 5.8038702393e+02 5.8040802002e+02 5.8039801025e+02 5.8042498779e+02 5.8044799805e+02 5.8047900391e+02 5.8050701904e+02
5.7731097412e+02 5.7739398193e+02 5.7748699951e+02 5.7760498047e+02 5.7771600342e+02 5.7783197021e+02 5.7795599365e+02 5.7803997803e+02 5.7812799072e+02 5.7827600098e+02 5.7845202637e+02 5.7855902100e+02 5.7861999512e+02 5.7878100586e+02 5.7891699219e+02 5.7904498291e+02 5.7920397949e+02 5.7929101563e+02 5.7938702393e+02 5.7955603027e+02 5.7980401611e+02 5.8004699707e+02 5.8019097900e+02 5.8026702881e+02 5.8027502441e+02 5.8028601074e+02 5.8029602051e+02 5.8030401611e+02 5.8031597900e+02 5.8033502197e+02 5.8031201172e+02 5.8027600098e+02 5.8026702881e+02 5.8027697754e+02 5.8031799316e+02 5.8033300781e+02 5.8026397705e+02 5.8024597168e+02 5.8018902588e+02 5.8017797852e+02 5.8020800781e+02 5.8020599365e+02 5.8021899414e+02 5.8024902344e+02 5.8030297852e+02 5.8034497070e+02
5.7702001953e+02 5.7711401367e+02 5.7723199463e+02 5.7736102295e+02 5.7745898438e+02 5.7758300781e+02 5.7773101807e+02 5.7782702637e+02 5.7790600586e+02 5.7800701904e+02 5.7813897705e+02 5.7828399658e+02 5.7839398193e+02 5.7852899170e+02 5.7864697266e+02 5.7876800537e+02 5.7895202637e+02 5.7904602051e+02 5.7914898682e+02 5.7931701660e+02 5.7954199219e+02 5.7975799561e+02 5.7993200684e+02 5.8005401611e+02 5.8006500244e+02 5.8006597900e+02 5.8007098389e+02 5.8007202148e+02 5.8006097412e+02 5.8008398438e+02 5.8004797363e+02 5.7998901367e+02 5.7997998047e+02 5.7997601318e+02 5.7999200439e+02 5.7998297119e+02 5.7994702148e+02 5.7992401123e+02 5.7988098145e+02 5.7988299561e+02 5.7993798828e+02 5.7997998047e+02 5.7999798584e+02 5.8002502441e+02 5.8012902832e+02 5.8023901367e+02
5.7669097900e+02 5.7683001709e+02 5.7698602295e+02 5.7712402344e+02 5.7721398926e+02 5.7732202148e+02 5.7745202637e+02 5.7755401611e+02 5.7768597412e+02 5.7779302979e+02 5.7787597656e+02 5.7801501465e+02 5.7815997314e+02 5.7827398682e+02 5.7839599609e+02 5.7850000000e+02 5.7861901855e+02 5.7871197510e+02 5.7886999512e+02 5.7909301758e+02 5.7934100342e+02 5.7947601318e+02 5.7957897949e+02 5.7965301514e+02 5.7969000244e+02 5.7975000000e+02 5.7980499268e+02 5.7981201172e+02 5.7976599121e+02 5.7979901123e+02 5.7978399658e+02 5.7973901367e+02 5.7972399902e+02 5.7971899414e+02 5.7973797607e+02 5.7974597168e+02 5.7968402100e+02 5.7962402344e+02 5.7958197021e+02 5.7959899902e+02 5.7967401123e+02 5.7969396973e+02 5.7968701172e+02 5.7971099854e+02 5.7988598633e+02 5.8011602783e+02
5.7638000488e+02 5.7651202393e+02 5.7667401123e+02 5.7683801270e+02 5.7696502686e+02 5.7708801270e+02 5.7718701172e+02 5.7725000000e+02 5.7738598633e+02 5.7749597168e+02 5.7759100342e+02 5.7774200439e+02 5.7787701416e+02 5.7797900391e+02 5.7810699463e+02 5.7823400879e+02 5.7835400391e+02 5.7845501709e+02 5.7860900879e+02 5.7882299805e+02 5.7906298828e+02 5.7924298096e+02 5.7935198975e+02 5.7939898682e+02 5.7942700195e+02 5.7947497559e+02 5.7953399658e+02 5.7954901123e+02 5.7953698730e+02 5.7957202148e+02 5.7957800293e+02 5.7955700684e+02 5.7948901367e+02 5.7946197510e+02 5.7945098877e+02 5.7943499756e+02 5.7938000488e+02 5.7938800049e+02 5.7935498047e+02 5.7932202148e+02 5.7933197021e+02 5.7933599854e+02 5.7934100342e+02 5.7942401123e+02 5.7965002441e+02 5.7989001465e+02
5.7608801270e+02 5.7620300293e+02 5.7635900879e+02 5.7652801514e+02 5.7668597412e+02 5.7682702637e+02 5.7691497803e+02 5.7696600342e+02 5.7708099365e+02 5.7718402100e+02 5.7729797363e+02 5.7743200684e+02 5.7754602051e+02 5.7767401123e+02 5.7781097412e+02 5.7793200684e+02 5.7804699707e+02 5.7819201660e+02 5.7836297607e+02 5.7855798340e+02 5.7878802490e+02 5.7897399902e+02 5.7910400391e+02 5.7916802979e+02 5.7917498779e+02 5.7919897461e+02 5.7924499512e+02 5.7924597168e+02 5.7923901367e+02 5.7926397705e+02 5.7927398682e+02 5.7926702881e+02 5.7916802979e+02 5.7910699463e+02 5.7904602051e+02 5.7901599121e+02 5.7903302002e+02 5.7910400391e+02 5.7907000732e+02 5.7900299072e+02 5.7900201416e+02 5.7901800537e+02 5.7906402588e+02 5.7921099854e+02 5.7945202637e+02 5.7965197754e+02
5.7581896973e+02 5.7594598389e+02 5.7609698486e+02 5.7625097656e+02 5.7639001465e+02 5.7651300049e+02 5.7660900879e+02 5.7668597412e+02 5.7680902100e+02 5.7690002441e+02 5.7701098633e+02 5.7711798096e+02 5.7720300293e+02 5.7733599854e+02 5.7748400879e+02 5.7760797119e+02 5.7771899414e+02 5.7790002441e+02 5.7810198975e+02 5.7830902100e+02 5.7853198242e+02 5.7868298340e+02 5.7877697754e+02 5.7883398438e+02 5.7886401367e+02 5.7889300537e+02 5.7894000244e+02 5.7893402100e+02 5.7891198730e+02 5.7894000244e+02 5.7894799805e+02 5.7891900635e+02 5.7883197021e+02 5.7878698730e+02 5.7870800781e+02 5.7867401123e+02 5.7870397949e+02 5.7875201416e+02 5.7870800781e+02 5.7866998291e+02 5.7871197510e+02 5.7875402832e+02 5.7884899902e+02 5.7903399658e+02 5.7927001953e+02 5.7944396973e+02
5.7554797363e+02 5.7571398926e+02 5.7586102295e+02 5.7600000000e+02 5.7613000488e+02 5.7622198486e+02 5.7632702637e+02 5.7643402100e+02 5.7653900146e+02 5.7659802246e+02 5.7671197510e+02 5.7684497070e+02 5.7694598389e+02 5.7702697754e+02 5.7715002441e+02 5.7727301025e+02 5.7742700195e+02 5.7761401367e+02 5.7785900879e+02 5.7807000732e+02 5.7825598145e+02 5.7842199707e+02 5.7849597168e+02 5.7854101563e+02 5.7861297607e+02 5.7864801025e+02 5.7869201660e+02 5.7869897461e+02 5.7868798828e+02 5.7869897461e+02 5.7866497803e+02 5.7858697510e+02 5.7850097656e+02 5.7844000244e+02 5.7836999512e+02 5.7835101318e+02 5.7833398438e+02 5.7832397461e+02 5.7830999756e+02 5.7833898926e+02 5.7839001465e+02 5.7846899414e+02 5.7863598633e+02 5.7884802246e+02 5.7907000732e+02 5.7926599121e+02
5.7530297852e+02 5.7545898438e+02 5.7560101318e+02 5.7574401855e+02 5.7588702393e+02 5.7600598145e+02 5.7609497070e+02 5.7617401123e+02 5.7627398682e+02 5.7631402588e+02 5.7640197754e+02 5.7651898193e+02 5.7660699463e+02 5.7667602539e+02 5.7676300049e+02 5.7686499023e+02 5.7706701660e+02 5.7728399658e+02 5.7755499268e+02 5.7774298096e+02 5.7788397217e+02 5.7803497314e+02 5.7814599609e+02 5.7822900391e+02 5.7827600098e+02 5.7833001709e+02 5.7837701416e+02 5.7834899902e+02 5.7828198242e+02 5.7828302002e+02 5.7823498535e+02 5.7816900635e+02 5.7813299561e+02 5.7809698486e+02 5.7800000000e+02 5.7794897461e+02 5.7791101074e+02 5.7790399170e+02 5.7794299316e+02 5.7797998047e+02 5.7799902344e+02 5.7809399414e+02 5.7835101318e+02 5.7860302734e+02 5.7881201172e+02 5.7899700928e+02
5.7506799316e+02 5.7521697998e+02 5.7534997559e+02 5.7548699951e+02 5.7561798096e+02 5.7578002930e+02 5.7587597656e+02 5.7593103027e+02 5.7602801514e+02 5.7607501221e+02 5.7612200928e+02 5.7617102051e+02 5.7622100830e+02 5.7629998779e+02 5.7639001465e+02 5.7651202393e+02 5.7677099609e+02 5.7702600098e+02 5.7724499512e+02 5.7735998535e+02 5.7745202637e+02 5.7761999512e+02 5.7777502441e+02 5.7787200928e+02 5.7791198730e+02 5.7796801758e+02 5.7802600098e+02 5.7800897217e+02 5.7793103027e+02 5.7791900635e+02 5.7788702393e+02 5.7785302734e+02 5.7780999756e+02 5.7775799561e+02 5.7765802002e+02 5.7761602783e+02 5.7756896973e+02 5.7752801514e+02 5.7758099365e+02 5.7762701416e+02 5.7765100098e+02 5.7775402832e+02 5.7802697754e+02 5.7831298828e+02 5.7854602051e+02 5.7874102783e+02
5.7480700684e+02 5.7495001221e+02 5.7508898926e+02 5.7523101807e+02 5.7535101318e+02 5.7552197266e+02 5.7562298584e+02 5.7566601563e+02 5.7575299072e+02 5.7583099365e+02 5.7587097168e+02 5.7587097168e+02 5.7589898682e+02 5.7595501709e+02 5.7603698730e+02 5.7618798828e+02 5.7647100830e+02 5.7672497559e+02 5.7687298584e+02 5.7693103027e+02 5.7699902344e+02 5.7720098877e+02 5.7740100098e+02 5.7753497314e+02 5.7760998535e+02 5.7762200928e+02 5.7764801025e+02 5.7764501953e+02 5.7760198975e+02 5.7757299805e+02 5.7752301025e+02 5.7751800537e+02 5.7745098877e+02 5.7735699463e+02 5.7731799316e+02 5.7734100342e+02 5.7728900146e+02 5.7719000244e+02 5.7722198486e+02 5.7728100586e+02 5.7734197998e+02 5.7747302246e+02 5.7771502686e+02 5.7799700928e+02 5.7828900146e+02 5.7854602051e+02
5.7449597168e+02 5.7464202881e+02 5.7480401611e+02 5.7496600342e+02 5.7510101318e+02 5.7523498535e+02 5.7534399414e+02 5.7541101074e+02 5.7547399902e+02 5.7556201172e+02 5.7561199951e+02 5.7560699463e+02 5.7563800049e+02 5.7558898926e+02 5.7561901855e+02 5.7577301025e+02 5.7605603027e+02 5.7624798584e+02 5.7636297607e+02 5.7646600342e+02 5.7659997559e+02 5.7673101807e+02 5.7690399170e+02 5.7712298584e+02 5.7730499268e+02 5.7728900146e+02 5.7725500488e+02 5.7720098877e+02 5.7710101318e+02 5.7706097412e+02 5.7698901367e+02 5.7700500488e+02 5.7701300049e+02 5.7694201660e+02 5.7693103027e+02 5.7694500732e+02 5.7691998291e+02 5.7685400391e+02 5.7685900879e+02 5.7692102051e+02 5.7701800537e+02 5.7722198486e+02 5.7742999268e+02 5.7767102051e+02 5.7799102783e+02 5.7837701416e+02
5.7420898438e+02 5.7437597656e+02 5.7453802490e+02 5.7468701172e+02 5.7482000732e+02 5.7494097900e+02 5.7505700684e+02 5.7517700195e+02 5.7526599121e+02 5.7532000732e+02 5.7533801270e+02 5.7529998779e+02 5.7529199219e+02 5.7522497559e+02 5.7521600342e+02 5.7530798340e+02 5.7555401611e+02 5.7578399658e+02 5.7596197510e+02 5.7612200928e+02 5.7631201172e+02 5.7644299316e+02 5.7656500244e+02 5.7672198486e+02 5.7683197021e+02 5.7688201904e+02 5.7689001465e+02 5.7685101318e+02 5.7675201416e+02 5.7668701172e+02 5.7659997559e+02 5.7655603027e+02 5.7652899170e+02 5.7650598145e+02 5.7651898193e+02 5.7650201416e+02 5.7647802734e+02 5.7646899414e+02 5.7648400879e+02 5.7655297852e+02 5.7670001221e+02 5.7693200684e+02 5.7711297607e+02 5.7735498047e+02 5.7774700928e+02 5.7812902832e+02
5.7393597412e+02 5.7412097168e+02 5.7428698730e+02 5.7443298340e+02 5.7456597900e+02 5.7469097900e+02 5.7478997803e+02 5.7490899658e+02 5.7501397705e+02 5.7505999756e+02 5.7505700684e+02 5.7500500488e+02 5.7497497559e+02 5.7494201660e+02 5.7492401123e+02 5.7495202637e+02 5.7509497070e+02 5.7530102539e+02 5.7551702881e+02 5.7572100830e+02 5.7592297363e+02 5.7606298828e+02 5.7616198730e+02 5.7628601074e+02 5.7636499023e+02 5.7639001465e+02 5.7640399170e+02 5.7637097168e+02 5.7628100586e+02 5.7625402832e+02 5.7623297119e+02 5.7618499756e+02 5.7609497070e+02 5.7608697510e+02 5.7611999512e+02 5.7610797119e+02 5.7606402588e+02 5.7609399414e+02 5.7617102051e+02 5.7626202393e+02 5.7640002441e+02 5.7659899902e+02 5.7681500244e+02 5.7712500000e+02 5.7752600098e+02 5.7783398438e+02
5.7367102051e+02 5.7388201904e+02 5.7405499268e+02 5.7419702148e+02 5.7432800293e+02 5.7446697998e+02 5.7455603027e+02 5.7464599609e+02 5.7472998047e+02 5.7478100586e+02 5.7477899170e+02 5.7472900391e+02 5.7468597412e+02 5.7464697266e+02 5.7462200928e+02 5.7462799072e+02 5.7469500732e+02 5.7482800293e+02 5.7502099609e+02 5.7524102783e+02 5.7544201660e+02 5.7562701416e+02 5.7576702881e+02 5.7589599609e+02 5.7592498779e+02 5.7588000488e+02 5.7585699463e+02 5.7579498291e+02 5.7570501709e+02 5.7567199707e+02 5.7569598389e+02 5.7571002197e+02 5.7568402100e+02 5.7569500732e+02 5.7571398926e+02 5.7570501709e+02 5.7567602539e+02 5.7573400879e+02 5.7585900879e+02 5.7599597168e+02 5.7615197754e+02 5.7633099365e+02 5.7657800293e+02 5.7693499756e+02 5.7730401611e+02 5.7755700684e+02
