TESTSERVER/15/16.asc
NCOLS 100
NROWS 100
XLLCORNER 8.2497500000e+03
YLLCORNER 2.8915025000e+05
CELLSIZE 5.0000000000e-01
NODATA_VALUE -9.9990000000e+03
[rows 80 to 99 of 100, columns 46 to 91 of 100]
5.6098699951e+02 5.6096398926e+02 5.6099700928e+02 5.6104400635e+02 5.6112097168e+02 5.6114202881e+02 5.6116302490e+02 5.6119201660e+02 5.6124499512e+02 5.6129699707e+02 5.6139099121e+02 5.6149902344e+02 5.6158300781e+02 5.6171899414e+02 5.6181097412e+02 5.6193103027e+02 5.6206097412e+02 5.6235498047e+02 5.6237402344e+02 5.6226800537e+02 5.6206402588e+02 5.6217498779e+02 5.6231298828e+02 5.6244598389e+02 5.6256896973e+02 5.6264001465e+02 5.6273999023e+02 5.6283502197e+02 5.6292602539e+02 5.6303802490e+02 5.6311798096e+02 5.6312701416e+02 5.6314501953e+02 5.6315301514e+02 5.6321801758e+02 5.6329101563e+02 5.6336297607e+02 5.6339801025e+02 5.6344299316e+02 5.6351300049e+02 5.6360302734e+02 5.6376702881e+02 5.6392297363e+02 5.6410699463e+02 5.6436401367e+02 5.6458398438e+02
5.6076098633e+02 5.6080200195e+02 5.6081298828e+02 5.6081896973e+02 5.6084100342e+02 5.6089801025e+02 5.6096099854e+02 5.6103399658e+02 5.6107397461e+02 5.6109899902e+02 5.6118798828e+02 5.6128497314e+02 5.6134301758e+02 5.6134301758e+02 5.6136401367e+02 5.6143200684e+02 5.6153900146e+02 5.6163800049e+02 5.6170202637e+02 5.6170800781e+02 5.6172900391e+02 5.6187097168e+02 5.6200299072e+02 5.6210498047e+02 5.6223199463e+02 5.6234002686e+02 5.6243597412e+02 5.6250799561e+02 5.6254901123e+02 5.6261401367e+02 5.6275402832e+02 5.6283398438e+02 5.6285101318e+02 5.6286700439e+02 5.6291802979e+02 5.6294500732e+02 5.6298797607e+02 5.6302899170e+02 5.6307800293e+02 5.6314300537e+02 5.6322900391e+02 5.6335302734e+02 5.6352600098e+02 5.6372601318e+02 5.6397698975e+02 5.6417901611e+02
5.6046899414e+02 5.6053900146e+02 5.6056896973e+02 5.6056500244e+02 5.6052697754e+02 5.6056097412e+02 5.6066198730e+02 5.6077801514e+02 5.6084100342e+02 5.6089300537e+02 5.6100598145e+02 5.6111499023e+02 5.6113800049e+02 5.6109698486e+02 5.6109100342e+02 5.6112200928e+02 5.6118402100e+02 5.6131799316e+02 5.6142797852e+02 5.6149499512e+02 5.6155200195e+02 5.6161999512e+02 5.6173199463e+02 5.6181597900e+02 5.6191101074e+02 5.6202600098e+02 5.6213897705e+02 5.6221197510e+02 5.6224200439e+02 5.6229998779e+02 5.6241601563e+02 5.6249200439e+02 5.6252697754e+02 5.6260400391e+02 5.6265399170e+02 5.6263299561e+02 5.6263000488e+02 5.6265502930e+02 5.6273901367e+02 5.6284399414e+02 5.6293902588e+02 5.6303497314e+02 5.6318402100e+02 5.6337298584e+02 5.6359899902e+02 5.6376800537e+02
5.6012097168e+02 5.6018902588e+02 5.6024700928e+02 5.6026397705e+02 5.6021398926e+02 5.6020898438e+02 5.6029901123e+02 5.6041101074e+02 5.6050299072e+02 5.6059698486e+02 5.6073498535e+02 5.6086102295e+02 5.6088897705e+02 5.6085498047e+02 5.6085101318e+02 5.6087097168e+02 5.6094396973e+02 5.6113000488e+02 5.6125402832e+02 5.6133502197e+02 5.6135900879e+02 5.6135101318e+02 5.6144897461e+02 5.6153497314e+02 5.6162097168e+02 5.6172900391e+02 5.6185101318e+02 5.6193597412e+02 5.6198797607e+02 5.6207702637e+02 5.6214898682e+02 5.6218103027e+02 5.6222302246e+02 5.6229699707e+02 5.6232299805e+02 5.6230200195e+02 5.6230401611e+02 5.6234997559e+02 5.6246899414e+02 5.6257598877e+02 5.6264801025e+02 5.6271899414e+02 5.6281701660e+02 5.6296997070e+02 5.6315997314e+02 5.6329302979e+02
5.5975201416e+02 5.5980902100e+02 5.5989202881e+02 5.5996099854e+02 5.5996002197e+02 5.5991900635e+02 5.5996600342e+02 5.6004699707e+02 5.6013201904e+02 5.6022399902e+02 5.6035900879e+02 5.6047497559e+02 5.6051599121e+02 5.6056402588e+02 5.6060198975e+02 5.6064697266e+02 5.6072601318e+02 5.6084100342e+02 5.6090502930e+02 5.6096197510e+02 5.6100402832e+02 5.6107897949e+02 5.6116699219e+02 5.6124298096e+02 5.6132598877e+02 5.6142901611e+02 5.6152398682e+02 5.6160198975e+02 5.6170800781e+02 5.6176000977e+02 5.6179901123e+02 5.6181298828e+02 5.6187799072e+02 5.6197399902e+02 5.6197802734e+02 5.6196899414e+02 5.6201300049e+02 5.6208197021e+02 5.6219702148e+02 5.6225799561e+02 5.6225701904e+02 5.6235498047e+02 5.6244799805e+02 5.6256500244e+02 5.6268103027e+02 5.6281701660e+02
5.5942901611e+02 5.5946997070e+02 5.5953802490e+02 5.5963397217e+02 5.5967797852e+02 5.5963897705e+02 5.5966802979e+02 5.5975000000e+02 5.5984399414e+02 5.5989501953e+02 5.5998498535e+02 5.6005603027e+02 5.6009002686e+02 5.6015899658e+02 5.6022998047e+02 5.6028002930e+02 5.6034802246e+02 5.6038598633e+02 5.6038897705e+02 5.6047100830e+02 5.6057000732e+02 5.6068402100e+02 5.6081597900e+02 5.6089501953e+02 5.6097497559e+02 5.6109802246e+02 5.6118902588e+02 5.6125000000e+02 5.6134802246e+02 5.6141497803e+02 5.6144299316e+02 5.6145001221e+02 5.6152801514e+02 5.6159997559e+02 5.6161999512e+02 5.6164001465e+02 5.6168798828e+02 5.6172900391e+02 5.6182397461e+02 5.6189202881e+02 5.6190301514e+02 5.6200097656e+02 5.6211102295e+02 5.6220098877e+02 5.6226098633e+02 5.6235400391e+02
5.5909301758e+02 5.5913397217e+02 5.5918597412e+02 5.5924298096e+02 5.5931402588e+02 5.5933898926e+02 5.5936199951e+02 5.5942700195e+02 5.5953997803e+02 5.5959301758e+02 5.5964501953e+02 5.5967797852e+02 5.5968402100e+02 5.5976098633e+02 5.5983398438e+02 5.5987402344e+02 5.5993902588e+02 5.5999102783e+02 5.6003302002e+02 5.6014099121e+02 5.6023699951e+02 5.6032397461e+02 5.6042901611e+02 5.6051800537e+02 5.6061901855e+02 5.6078198242e+02 5.6088800049e+02 5.6095202637e+02 5.6102197266e+02 5.6108599854e+02 5.6111901855e+02 5.6113201904e+02 5.6119097900e+02 5.6121600342e+02 5.6125097656e+02 5.6130102539e+02 5.6133502197e+02 5.6137298584e+02 5.6146899414e+02 5.6156201172e+02 5.6160699463e+02 5.6168798828e+02 5.6176599121e+02 5.6182202148e+02 5.6187097168e+02 5.6194000244e+02
5.5871899414e+02 5.5876000977e+02 5.5883898926e+02 5.5888598633e+02 5.5896099854e+02 5.5905200195e+02 5.5905902100e+02 5.5907202148e+02 5.5917901611e+02 5.5927899170e+02 5.5932800293e+02 5.5934100342e+02 5.5933099365e+02 5.5940899658e+02 5.5947497559e+02 5.5951098633e+02 5.5956402588e+02 5.5966601563e+02 5.5975701904e+02 5.5985900879e+02 5.5993902588e+02 5.6001898193e+02 5.6011602783e+02 5.6021801758e+02 5.6031799316e+02 5.6045898438e+02 5.6057098389e+02 5.6065002441e+02 5.6069897461e+02 5.6073602295e+02 5.6077197266e+02 5.6079602051e+02 5.6083801270e+02 5.6085797119e+02 5.6090100098e+02 5.6095898438e+02 5.6099401855e+02 5.6105999756e+02 5.6113897705e+02 5.6121600342e+02 5.6128997803e+02 5.6136700439e+02 5.6142199707e+02 5.6147497559e+02 5.6153497314e+02 5.6161199951e+02
5.5835699463e+02 5.5843298340e+02 5.5854400635e+02 5.5861199951e+02 5.5867901611e+02 5.5881799316e+02 5.5879901123e+02 5.5872698975e+02 5.5871899414e+02 5.5889801025e+02 5.5899499512e+02 5.5903302002e+02 5.5903802490e+02 5.5907702637e+02 5.5912799072e+02 5.5917498779e+02 5.5923498535e+02 5.5934997559e+02 5.5944500732e+02 5.5952697754e+02 5.5962597656e+02 5.5971899414e+02 5.5982598877e+02 5.5993103027e+02 5.6003698730e+02 5.6015899658e+02 5.6026000977e+02 5.6034802246e+02 5.6039599609e+02 5.6035998535e+02 5.6037701416e+02 5.6040698242e+02 5.6047399902e+02 5.6052301025e+02 5.6059698486e+02 5.6066601563e+02 5.6070300293e+02 5.6077697754e+02 5.6084002686e+02 5.6088897705e+02 5.6096197510e+02 5.6101000977e+02 5.6106201172e+02 5.6113201904e+02 5.6119299316e+02 5.6129797363e+02
5.5802099609e+02 5.5809100342e+02 5.5818701172e+02 5.5828802490e+02 5.5840002441e+02 5.5853497314e+02 5.5855902100e+02 5.5849798584e+02 5.5843701172e+02 5.5849902344e+02 5.5856500244e+02 5.5860998535e+02 5.5864099121e+02 5.5871801758e+02 5.5878802490e+02 5.5886499023e+02 5.5896002197e+02 5.5903900146e+02 5.5911602783e+02 5.5922399902e+02 5.5933398438e+02 5.5943298340e+02 5.5950598145e+02 5.5959399414e+02 5.5969000244e+02 5.5980102539e+02 5.5987902832e+02 5.5995800781e+02 5.5996600342e+02 5.5993798828e+02 5.5996697998e+02 5.6002197266e+02 5.6010900879e+02 5.6016497803e+02 5.6025000000e+02 5.6031701660e+02 5.6033300781e+02 5.6041699219e+02 5.6051397705e+02 5.6058001709e+02 5.6064300537e+02 5.6070397949e+02 5.6072998047e+02 5.6077502441e+02 5.6085498047e+02 5.6094000244e+02
5.5768402100e+02 5.5773999023e+02 5.5782299805e+02 5.5792700195e+02 5.5803698730e+02 5.5815802002e+02 5.5824902344e+02 5.5827099609e+02 5.5822399902e+02 5.5819598389e+02 5.5817999268e+02 5.5817199707e+02 5.5821002197e+02 5.5830999756e+02 5.5841601563e+02 5.5852899170e+02 5.5864001465e+02 5.5870397949e+02 5.5878997803e+02 5.5891699219e+02 5.5902600098e+02 5.5911901855e+02 5.5919000244e+02 5.5927600098e+02 5.5935601807e+02 5.5945202637e+02 5.5950500488e+02 5.5952801514e+02 5.5952502441e+02 5.5955102539e+02 5.5961999512e+02 5.5968103027e+02 5.5974102783e+02 5.5980200195e+02 5.5987200928e+02 5.5995098877e+02 5.5999298096e+02 5.6006896973e+02 5.6017498779e+02 5.6025402832e+02 5.6031201172e+02 5.6037799072e+02 5.6039801025e+02 5.6044396973e+02 5.6053698730e+02 5.6060601807e+02
5.5736499023e+02 5.5741900635e+02 5.5748901367e+02 5.5756402588e+02 5.5763299561e+02 5.5772601318e+02 5.5784002686e+02 5.5794000244e+02 5.5798199463e+02 5.5797802734e+02 5.5792999268e+02 5.5786499023e+02 5.5785400391e+02 5.5790502930e+02 5.5801300049e+02 5.5816400146e+02 5.5830603027e+02 5.5839501953e+02 5.5849401855e+02 5.5861499023e+02 5.5870501709e+02 5.5880297852e+02 5.5889099121e+02 5.5897302246e+02 5.5903900146e+02 5.5915502930e+02 5.5920697021e+02 5.5919396973e+02 5.5917901611e+02 5.5921197510e+02 5.5926501465e+02 5.5929302979e+02 5.5932800293e+02 5.5939398193e+02 5.5945599365e+02 5.5958001709e+02 5.5967999268e+02 5.5976202393e+02 5.5985797119e+02 5.5993597412e+02 5.5998797607e+02 5.6006201172e+02 5.6010601807e+02 5.6016900635e+02 5.6024798584e+02 5.6030798340e+02
5.5708300781e+02 5.5712500000e+02 5.5715997314e+02 5.5719201660e+02 5.5724102783e+02 5.5727899170e+02 5.5734301758e+02 5.5743499756e+02 5.5757702637e+02 5.5775201416e+02 5.5777001953e+02 5.5771301270e+02 5.5765997314e+02 5.5761401367e+02 5.5764202881e+02 5.5777197266e+02 5.5794097900e+02 5.5809002686e+02 5.5820202637e+02 5.5831298828e+02 5.5841601563e+02 5.5850799561e+02 5.5859497070e+02 5.5866998291e+02 5.5873901367e+02 5.5881896973e+02 5.5886901855e+02 5.5887799072e+02 5.5886199951e+02 5.5885400391e+02 5.5887097168e+02 5.5888098145e+02 5.5890002441e+02 5.5895397949e+02 5.5902099609e+02 5.5917700195e+02 5.5932098389e+02 5.5943200684e+02 5.5954998779e+02 5.5961700439e+02 5.5968597412e+02 5.5976000977e+02 5.5983599854e+02 5.5990997314e+02 5.5994000244e+02 5.6002099609e+02
5.5675701904e+02 5.5681201172e+02 5.5683300781e+02 5.5683697510e+02 5.5683502197e+02 5.5672100830e+02 5.5672802734e+02 5.5695098877e+02 5.5732800293e+02 5.5749401855e+02 5.5750897217e+02 5.5751202393e+02 5.5755700684e+02 5.5747698975e+02 5.5738598633e+02 5.5736798096e+02 5.5749298096e+02 5.5770501709e+02 5.5788299561e+02 5.5802197266e+02 5.5810302734e+02 5.5820599365e+02 5.5829998779e+02 5.5837597656e+02 5.5843701172e+02 5.5850201416e+02 5.5852697754e+02 5.5855297852e+02 5.5853002930e+02 5.5851702881e+02 5.5857598877e+02 5.5863000488e+02 5.5863800049e+02 5.5865301514e+02 5.5867602539e+02 5.5877502441e+02 5.5889001465e+02 5.5902899170e+02 5.5920397949e+02 5.5929101563e+02 5.5936798096e+02 5.5944897461e+02 5.5951000977e+02 5.5960797119e+02 5.5968402100e+02 5.5975097656e+02
5.5642102051e+02 5.5648101807e+02 5.5651898193e+02 5.5653198242e+02 5.5649700928e+02 5.5614398193e+02 5.5602697754e+02 5.5628100586e+02 5.5681097412e+02 5.5714001465e+02 5.5720001221e+02 5.5723999023e+02 5.5737597656e+02 5.5736102295e+02 5.5729699707e+02 5.5720800781e+02 5.5719299316e+02 5.5729199219e+02 5.5746801758e+02 5.5766400146e+02 5.5775402832e+02 5.5787298584e+02 5.5797900391e+02 5.5805603027e+02 5.5812799072e+02 5.5816497803e+02 5.5818402100e+02 5.5821301270e+02 5.5820300293e+02 5.5824597168e+02 5.5832702637e+02 5.5834497070e+02 5.5833197021e+02 5.5834899902e+02 5.5835400391e+02 5.5841998291e+02 5.5850097656e+02 5.5859698486e+02 5.5878601074e+02 5.5893499756e+02 5.5904699707e+02 5.5913800049e+02 5.5919097900e+02 5.5930297852e+02 5.5939001465e+02 5.5942700195e+02
5.5615301514e+02 5.5619000244e+02 5.5625799561e+02 5.5634399414e+02 5.5634802246e+02 5.5586999512e+02 5.5562597656e+02 5.5572198486e+02 5.5605200195e+02 5.5640399170e+02 5.5653302002e+02 5.5663598633e+02 5.5695001221e+02 5.5712097168e+02 5.5714898682e+02 5.5712097168e+02 5.5706402588e+02 5.5698199463e+02 5.5703900146e+02 5.5720501709e+02 5.5733898926e+02 5.5750299072e+02 5.5763897705e+02 5.5773101807e+02 5.5782501221e+02 5.5786999512e+02 5.5790802002e+02 5.5794097900e+02 5.5792401123e+02 5.5798498535e+02 5.5804998779e+02 5.5801898193e+02 5.5798101807e+02 5.5800500488e+02 5.5802801514e+02 5.5809802246e+02 5.5817602539e+02 5.5825402832e+02 5.5841900635e+02 5.5857702637e+02 5.5869201660e+02 5.5880401611e+02 5.5887298584e+02 5.5897998047e+02 5.5903997803e+02 5.5907598877e+02
5.5595001221e+02 5.5593103027e+02 5.5604199219e+02 5.5625000000e+02 5.5626098633e+02 5.5584997559e+02 5.5563598633e+02 5.5561102295e+02 5.5565002441e+02 5.5570202637e+02 5.5576599121e+02 5.5585797119e+02 5.5609002686e+02 5.5639898682e+02 5.5643499756e+02 5.5655297852e+02 5.5684698486e+02 5.5693402100e+02 5.5685699463e+02 5.5683398438e+02 5.5688299561e+02 5.5709600830e+02 5.5728900146e+02 5.5741101074e+02 5.5750299072e+02 5.5758099365e+02 5.5763897705e+02 5.5766802979e+02 5.5764099121e+02 5.5768402100e+02 5.5771600342e+02 5.5768597412e+02 5.5765698242e+02 5.5768798828e+02 5.5772497559e+02 5.5779498291e+02 5.5786199951e+02 5.5795397949e+02 5.5811401367e+02 5.5824902344e+02 5.5833801270e+02 5.5847497559e+02 5.5857501221e+02 5.5866802979e+02 5.5871398926e+02 5.5879199219e+02
5.5575299072e+02 5.5569299316e+02 5.5583898926e+02 5.5606402588e+02 5.5606500244e+02 5.5569201660e+02 5.5563299561e+02 5.5567700195e+02 5.5566101074e+02 5.5565698242e+02 5.5565899658e+02 5.5564501953e+02 5.5560198975e+02 5.5552197266e+02 5.5547900391e+02 5.5564202881e+02 5.5614398193e+02 5.5657397461e+02 5.5673602295e+02 5.5670599365e+02 5.5664599609e+02 5.5675201416e+02 5.5690802002e+02 5.5703497314e+02 5.5714599609e+02 5.5726501465e+02 5.5734399414e+02 5.5736798096e+02 5.5733502197e+02 5.5737597656e+02 5.5740502930e+02 5.5737597656e+02 5.5736297607e+02 5.5739300537e+02 5.5738598633e+02 5.5742797852e+02 5.5750201416e+02 5.5758099365e+02 5.5773400879e+02 5.5786199951e+02 5.5797497559e+02 5.5811999512e+02 5.5820800781e+02 5.5828698730e+02 5.5835198975e+02 5.5848699951e+02
5.5555200195e+02 5.5548199463e+02 5.5561199951e+02 5.5582098389e+02 5.5583898926e+02 5.5562597656e+02 5.5564898682e+02 5.5567700195e+02 5.5565698242e+02 5.5566198730e+02 5.5568103027e+02 5.5565997314e+02 5.5551898193e+02 5.5530297852e+02 5.5525500488e+02 5.5540399170e+02 5.5572198486e+02 5.5618597412e+02 5.5643798828e+02 5.5646197510e+02 5.5645599365e+02 5.5651800537e+02 5.5659197998e+02 5.5667199707e+02 5.5680603027e+02 5.5697497559e+02 5.5707000732e+02 5.5709002686e+02 5.5707702637e+02 5.5709997559e+02 5.5712701416e+02 5.5709301758e+02 5.5707202148e+02 5.5710302734e+02 5.5709899902e+02 5.5711602783e+02 5.5715600586e+02 5.5720599365e+02 5.5733502197e+02 5.5746997070e+02 5.5759301758e+02 5.5771099854e+02 5.5778698730e+02 5.5788000488e+02 5.5797802734e+02 5.5811401367e+02
5.5536798096e+02 5.5532501221e+02 5.5541302490e+02 5.5558502197e+02 5.5566302490e+02 5.5563098145e+02 5.5566802979e+02 5.5566400146e+02 5.5564599609e+02 5.5564398193e+02 5.5567401123e+02 5.5569097900e+02 5.5558697510e+02 5.5535198975e+02 5.5527502441e+02 5.5531896973e+02 5.5550299072e+02 5.5605102539e+02 5.5629302979e+02 5.5629400635e+02 5.5631597900e+02 5.5639099121e+02 5.5641699219e+02 5.5644000244e+02 5.5653399658e+02 5.5668499756e+02 5.5677398682e+02 5.5679998779e+02 5.5681597900e+02 5.5684698486e+02 5.5686700439e+02 5.5683697510e+02 5.5680200195e+02 5.5679302979e+02 5.5678997803e+02 5.5679998779e+02 5.5683197021e+02 5.5687402344e+02 5.5696398926e+02 5.5708801270e+02 5.5722497559e+02 5.5732598877e+02 5.5740899658e+02 5.5753100586e+02 5.5764398193e+02 5.5775097656e+02
