TESTSERVER/15/17.asc
NCOLS 100
NROWS 100
XLLCORNER 8.2497500000e+03
YLLCORNER 2.8910025000e+05
CELLSIZE 5.0000000000e-01
NODATA_VALUE -9.9990000000e+03
[rows 80 to 99 of 100, columns 46 to 91 of 100]
5.4234197998e+02 5.4230401611e+02 5.4228399658e+02 5.4227502441e+02 5.4227899170e+02 5.4227801514e+02 5.4227197266e+02 5.4226599121e+02 5.4226098633e+02 5.4225097656e+02 5.4224200439e+02 5.4223101807e+02 5.4222198486e+02 5.4220397949e+02 5.4218597412e+02 5.4216601563e+02 5.4213201904e+02 5.4209698486e+02 5.4208099365e+02 5.4209301758e+02 5.4219396973e+02 5.4227001953e+02 5.4227301025e+02 5.4223797607e+02 5.4218701172e+02 5.4213000488e+02 5.4206701660e+02 5.4199102783e+02 5.4190100098e+02 5.4180499268e+02 5.4175500488e+02 5.4172198486e+02 5.4169897461e+02 5.4167700195e+02 5.4167700195e+02 5.4167602539e+02 5.4166802979e+02 5.4163702393e+02 5.4162597656e+02 5.4161401367e+02 5.4159802246e+02 5.4161602783e+02 5.4163299561e+02 5.4163897705e+02 5.4163702393e+02 5.4164202881e+02
5.4230401611e+02 5.4227600098e+02 5.4226800537e+02 5.4227001953e+02 5.4227697754e+02 5.4227600098e+02 5.4227001953e+02 5.4226300049e+02 5.4225299072e+02 5.4224298096e+02 5.4223297119e+02 5.4222302246e+02 5.4221398926e+02 5.4220202637e+02 5.4218597412e+02 5.4216802979e+02 5.4212500000e+02 5.4207800293e+02 5.4208300781e+02 5.4212298584e+02 5.4221099854e+02 5.4226501465e+02 5.4224102783e+02 5.4218200684e+02 5.4212902832e+02 5.4209899902e+02 5.4203698730e+02 5.4196502686e+02 5.4188397217e+02 5.4182299805e+02 5.4177099609e+02 5.4172302246e+02 5.4168298340e+02 5.4166998291e+02 5.4166101074e+02 5.4165802002e+02 5.4164801025e+02 5.4163201904e+02 5.4162597656e+02 5.4161102295e+02 5.4160998535e+02 5.4163000488e+02 5.4164697266e+02 5.4165997314e+02 5.4165100098e+02 5.4164398193e+02
5.4227001953e+02 5.4225402832e+02 5.4225598145e+02 5.4226702881e+02 5.4227600098e+02 5.4227001953e+02 5.4226397705e+02 5.4225500488e+02 5.4224499512e+02 5.4223400879e+02 5.4222399902e+02 5.4221301270e+02 5.4220397949e+02 5.4219396973e+02 5.4217901611e+02 5.4216101074e+02 5.4211999512e+02 5.4206896973e+02 5.4206896973e+02 5.4210498047e+02 5.4219201660e+02 5.4223297119e+02 5.4219799805e+02 5.4213397217e+02 5.4209002686e+02 5.4206402588e+02 5.4199597168e+02 5.4191998291e+02 5.4184100342e+02 5.4178601074e+02 5.4173400879e+02 5.4168402100e+02 5.4163702393e+02 5.4160699463e+02 5.4158898926e+02 5.4158697510e+02 5.4160101318e+02 5.4161901855e+02 5.4162701416e+02 5.4160998535e+02 5.4160498047e+02 5.4164001465e+02 5.4166101074e+02 5.4167401123e+02 5.4166302490e+02 5.4165301514e+02
5.4224102783e+02 5.4223498535e+02 5.4224499512e+02 5.4226300049e+02 5.4227301025e+02 5.4226300049e+02 5.4225598145e+02 5.4224700928e+02 5.4223498535e+02 5.4222302246e+02 5.4221301270e+02 5.4220202637e+02 5.4219299316e+02 5.4218402100e+02 5.4216998291e+02 5.4215197754e+02 5.4211499023e+02 5.4205902100e+02 5.4204699707e+02 5.4206799316e+02 5.4214001465e+02 5.4218103027e+02 5.4215399170e+02 5.4210198975e+02 5.4206097412e+02 5.4201501465e+02 5.4193798828e+02 5.4185601807e+02 5.4177697754e+02 5.4172698975e+02 5.4167797852e+02 5.4163000488e+02 5.4157299805e+02 5.4151898193e+02 5.4148901367e+02 5.4148297119e+02 5.4149798584e+02 5.4151599121e+02 5.4155401611e+02 5.4156799316e+02 5.4158502197e+02 5.4161999512e+02 5.4164202881e+02 5.4165997314e+02 5.4165899658e+02 5.4165600586e+02
5.4221899414e+02 5.4221899414e+02 5.4223199463e+02 5.4224798584e+02 5.4225500488e+02 5.4225598145e+02 5.4224798584e+02 5.4223699951e+02 5.4222399902e+02 5.4221502686e+02 5.4220397949e+02 5.4219201660e+02 5.4218200684e+02 5.4217498779e+02 5.4216400146e+02 5.4215002441e+02 5.4213098145e+02 5.4206402588e+02 5.4203198242e+02 5.4202502441e+02 5.4204101563e+02 5.4209600830e+02 5.4210101318e+02 5.4208697510e+02 5.4208697510e+02 5.4197302246e+02 5.4186297607e+02 5.4175701904e+02 5.4166302490e+02 5.4164202881e+02 5.4159997559e+02 5.4155999756e+02 5.4151000977e+02 5.4145397949e+02 5.4141802979e+02 5.4140197754e+02 5.4140802002e+02 5.4139202881e+02 5.4142297363e+02 5.4145898438e+02 5.4150000000e+02 5.4157000732e+02 5.4157598877e+02 5.4158300781e+02 5.4160101318e+02 5.4161297607e+02
5.4220697021e+02 5.4221099854e+02 5.4221997070e+02 5.4223101807e+02 5.4223999023e+02 5.4224102783e+02 5.4223400879e+02 5.4222198486e+02 5.4221002197e+02 5.4220397949e+02 5.4219201660e+02 5.4217901611e+02 5.4216699219e+02 5.4216101074e+02 5.4214801025e+02 5.4213201904e+02 5.4209802246e+02 5.4204602051e+02 5.4201599121e+02 5.4200500488e+02 5.4202001953e+02 5.4204797363e+02 5.4206597900e+02 5.4206597900e+02 5.4204797363e+02 5.4193597412e+02 5.4178900146e+02 5.4165802002e+02 5.4159197998e+02 5.4156701660e+02 5.4153198242e+02 5.4150201416e+02 5.4146801758e+02 5.4142602539e+02 5.4140301514e+02 5.4139697266e+02 5.4140100098e+02 5.4139099121e+02 5.4139801025e+02 5.4140698242e+02 5.4146502686e+02 5.4155902100e+02 5.4157098389e+02 5.4157299805e+02 5.4156097412e+02 5.4155700684e+02
5.4218902588e+02 5.4219598389e+02 5.4220599365e+02 5.4221697998e+02 5.4222497559e+02 5.4222601318e+02 5.4221997070e+02 5.4220898438e+02 5.4219702148e+02 5.4219000244e+02 5.4217700195e+02 5.4216101074e+02 5.4215100098e+02 5.4214501953e+02 5.4212597656e+02 5.4210302734e+02 5.4206097412e+02 5.4201501465e+02 5.4199102783e+02 5.4198400879e+02 5.4199499512e+02 5.4201702881e+02 5.4203198242e+02 5.4202697754e+02 5.4199902344e+02 5.4187402344e+02 5.4172198486e+02 5.4159301758e+02 5.4153698730e+02 5.4152001953e+02 5.4148999023e+02 5.4146502686e+02 5.4143499756e+02 5.4140399170e+02 5.4139099121e+02 5.4139099121e+02 5.4139599609e+02 5.4139099121e+02 5.4139599609e+02 5.4140002441e+02 5.4143103027e+02 5.4147399902e+02 5.4147900391e+02 5.4151702881e+02 5.4152099609e+02 5.4153698730e+02
5.4216900635e+02 5.4217901611e+02 5.4219097900e+02 5.4220397949e+02 5.4221301270e+02 5.4221398926e+02 5.4220898438e+02 5.4219897461e+02 5.4218701172e+02 5.4217498779e+02 5.4216101074e+02 5.4214501953e+02 5.4213397217e+02 5.4212402344e+02 5.4210101318e+02 5.4207202148e+02 5.4202600098e+02 5.4198699951e+02 5.4196801758e+02 5.4196099854e+02 5.4196600342e+02 5.4198101807e+02 5.4199102783e+02 5.4197900391e+02 5.4193798828e+02 5.4180603027e+02 5.4165997314e+02 5.4154400635e+02 5.4150000000e+02 5.4148699951e+02 5.4146099854e+02 5.4143798828e+02 5.4141400146e+02 5.4139099121e+02 5.4138201904e+02 5.4138098145e+02 5.4138299561e+02 5.4138000488e+02 5.4138702393e+02 5.4139099121e+02 5.4138000488e+02 5.4136700439e+02 5.4136901855e+02 5.4141101074e+02 5.4141497803e+02 5.4144500732e+02
5.4215399170e+02 5.4216497803e+02 5.4218103027e+02 5.4219598389e+02 5.4220599365e+02 5.4220800781e+02 5.4220202637e+02 5.4218798828e+02 5.4217102051e+02 5.4216302490e+02 5.4214898682e+02 5.4213299561e+02 5.4212597656e+02 5.4210498047e+02 5.4207397461e+02 5.4203601074e+02 5.4198297119e+02 5.4197998047e+02 5.4196301270e+02 5.4194299316e+02 5.4192498779e+02 5.4193597412e+02 5.4194500732e+02 5.4193103027e+02 5.4184997559e+02 5.4172302246e+02 5.4160797119e+02 5.4152197266e+02 5.4150299072e+02 5.4147802734e+02 5.4145098877e+02 5.4142602539e+02 5.4140301514e+02 5.4138098145e+02 5.4136999512e+02 5.4136401367e+02 5.4135101318e+02 5.4136199951e+02 5.4138098145e+02 5.4138000488e+02 5.4135998535e+02 5.4135101318e+02 5.4135400391e+02 5.4132202148e+02 5.4126800537e+02 5.4128997803e+02
5.4213702393e+02 5.4215399170e+02 5.4217401123e+02 5.4219299316e+02 5.4220800781e+02 5.4221099854e+02 5.4220300293e+02 5.4218701172e+02 5.4216900635e+02 5.4215399170e+02 5.4213500977e+02 5.4211401367e+02 5.4209301758e+02 5.4206896973e+02 5.4203601074e+02 5.4199798584e+02 5.4195898438e+02 5.4197198486e+02 5.4194897461e+02 5.4191998291e+02 5.4190698242e+02 5.4190698242e+02 5.4190698242e+02 5.4189001465e+02 5.4183398438e+02 5.4171099854e+02 5.4160198975e+02 5.4152600098e+02 5.4149102783e+02 5.4146697998e+02 5.4143798828e+02 5.4141302490e+02 5.4138500977e+02 5.4136901855e+02 5.4136901855e+02 5.4136999512e+02 5.4135498047e+02 5.4135699463e+02 5.4137097168e+02 5.4136499023e+02 5.4134997559e+02 5.4134899902e+02 5.4131799316e+02 5.4120001221e+02 5.4111901855e+02 5.4111297607e+02
5.4211999512e+02 5.4213397217e+02 5.4215502930e+02 5.4218597412e+02 5.4221099854e+02 5.4221301270e+02 5.4220599365e+02 5.4219097900e+02 5.4216998291e+02 5.4214697266e+02 5.4211999512e+02 5.4209197998e+02 5.4205902100e+02 5.4202398682e+02 5.4199298096e+02 5.4196197510e+02 5.4193298340e+02 5.4193402100e+02 5.4190600586e+02 5.4188500977e+02 5.4189001465e+02 5.4188702393e+02 5.4188397217e+02 5.4187597656e+02 5.4183300781e+02 5.4170001221e+02 5.4158197021e+02 5.4150598145e+02 5.4146899414e+02 5.4144299316e+02 5.4141998291e+02 5.4139898682e+02 5.4137701416e+02 5.4136499023e+02 5.4136901855e+02 5.4137500000e+02 5.4136102295e+02 5.4135400391e+02 5.4136401367e+02 5.4135498047e+02 5.4134002686e+02 5.4134997559e+02 5.4126202393e+02 5.4108300781e+02 5.4098400879e+02 5.4096002197e+02
5.4209802246e+02 5.4210498047e+02 5.4213201904e+02 5.4217401123e+02 5.4221398926e+02 5.4221600342e+02 5.4221099854e+02 5.4219598389e+02 5.4217297363e+02 5.4214099121e+02 5.4210699463e+02 5.4207098389e+02 5.4202502441e+02 5.4198199463e+02 5.4195202637e+02 5.4192901611e+02 5.4191302490e+02 5.4190600586e+02 5.4187701416e+02 5.4186297607e+02 5.4187200928e+02 5.4186700439e+02 5.4187200928e+02 5.4187701416e+02 5.4181896973e+02 5.4165197754e+02 5.4153100586e+02 5.4145898438e+02 5.4143402100e+02 5.4141699219e+02 5.4140002441e+02 5.4138702393e+02 5.4137500000e+02 5.4136297607e+02 5.4136297607e+02 5.4136602783e+02 5.4135302734e+02 5.4134399414e+02 5.4134997559e+02 5.4133801270e+02 5.4132501221e+02 5.4133099365e+02 5.4120599365e+02 5.4101702881e+02 5.4092401123e+02 5.4089300537e+02
5.4207897949e+02 5.4206799316e+02 5.4209497070e+02 5.4214898682e+02 5.4221502686e+02 5.4222802734e+02 5.4222698975e+02 5.4221801758e+02 5.4222698975e+02 5.4215698242e+02 5.4210797119e+02 5.4205499268e+02 5.4198199463e+02 5.4194000244e+02 5.4191497803e+02 5.4190399170e+02 5.4190100098e+02 5.4188702393e+02 5.4185998535e+02 5.4184301758e+02 5.4184497070e+02 5.4183197021e+02 5.4183898926e+02 5.4186102295e+02 5.4177899170e+02 5.4153100586e+02 5.4141302490e+02 5.4137902832e+02 5.4140502930e+02 5.4138702393e+02 5.4137701416e+02 5.4137298584e+02 5.4138299561e+02 5.4136602783e+02 5.4135498047e+02 5.4134997559e+02 5.4134997559e+02 5.4133197021e+02 5.4132598877e+02 5.4131799316e+02 5.4132800293e+02 5.4130401611e+02 5.4115197754e+02 5.4099102783e+02 5.4091302490e+02 5.4089001465e+02
5.4204101563e+02 5.4202001953e+02 5.4202600098e+02 5.4205999756e+02 5.4212200928e+02 5.4215399170e+02 5.4217102051e+02 5.4218597412e+02 5.4220001221e+02 5.4215399170e+02 5.4209698486e+02 5.4203601074e+02 5.4195898438e+02 5.4190802002e+02 5.4189099121e+02 5.4188500977e+02 5.4188299561e+02 5.4186102295e+02 5.4183398438e+02 5.4181701660e+02 5.4181597900e+02 5.4181298828e+02 5.4182897949e+02 5.4180999756e+02 5.4162701416e+02 5.4140301514e+02 5.4134399414e+02 5.4136999512e+02 5.4138897705e+02 5.4136199951e+02 5.4135198975e+02 5.4135498047e+02 5.4136102295e+02 5.4135302734e+02 5.4133697510e+02 5.4133801270e+02 5.4134899902e+02 5.4132897949e+02 5.4131896973e+02 5.4131896973e+02 5.4132702637e+02 5.4126397705e+02 5.4108697510e+02 5.4094799805e+02 5.4089599609e+02 5.4087500000e+02
5.4201898193e+02 5.4199102783e+02 5.4197802734e+02 5.4198602295e+02 5.4201702881e+02 5.4203997803e+02 5.4206402588e+02 5.4209197998e+02 5.4212799072e+02 5.4209399414e+02 5.4204699707e+02 5.4199597168e+02 5.4193103027e+02 5.4188800049e+02 5.4187597656e+02 5.4186999512e+02 5.4186901855e+02 5.4183898926e+02 5.4181402588e+02 5.4180700684e+02 5.4180999756e+02 5.4180297852e+02 5.4182598877e+02 5.4174902344e+02 5.4152001953e+02 5.4135797119e+02 5.4132897949e+02 5.4136401367e+02 5.4136999512e+02 5.4134497070e+02 5.4134100342e+02 5.4134600830e+02 5.4134497070e+02 5.4134100342e+02 5.4133197021e+02 5.4133197021e+02 5.4133197021e+02 5.4131799316e+02 5.4131201172e+02 5.4131597900e+02 5.4131097412e+02 5.4119897461e+02 5.4103100586e+02 5.4093103027e+02 5.4088598633e+02 5.4086700439e+02
5.4200701904e+02 5.4197900391e+02 5.4195599365e+02 5.4194299316e+02 5.4194201660e+02 5.4194598389e+02 5.4196301270e+02 5.4198901367e+02 5.4203002930e+02 5.4200897217e+02 5.4197601318e+02 5.4194097900e+02 5.4189599609e+02 5.4186499023e+02 5.4185601807e+02 5.4184899902e+02 5.4184197998e+02 5.4180999756e+02 5.4179498291e+02 5.4179901123e+02 5.4179498291e+02 5.4178198242e+02 5.4184100342e+02 5.4179602051e+02 5.4155902100e+02 5.4137701416e+02 5.4133599854e+02 5.4135400391e+02 5.4135198975e+02 5.4133801270e+02 5.4134002686e+02 5.4134497070e+02 5.4134497070e+02 5.4133300781e+02 5.4132702637e+02 5.4133398438e+02 5.4132299805e+02 5.4130798340e+02 5.4129998779e+02 5.4129901123e+02 5.4128198242e+02 5.4113299561e+02 5.4098699951e+02 5.4092498779e+02 5.4087500000e+02 5.4085998535e+02
5.4198797607e+02 5.4197100830e+02 5.4195300293e+02 5.4193701172e+02 5.4193103027e+02 5.4191601563e+02 5.4191699219e+02 5.4192498779e+02 5.4193701172e+02 5.4191900635e+02 5.4190301514e+02 5.4188299561e+02 5.4184698486e+02 5.4183099365e+02 5.4182299805e+02 5.4180999756e+02 5.4179199219e+02 5.4177697754e+02 5.4177301025e+02 5.4177398682e+02 5.4174700928e+02 5.4175299072e+02 5.4184899902e+02 5.4186602783e+02 5.4166198730e+02 5.4142700195e+02 5.4134399414e+02 5.4134197998e+02 5.4135198975e+02 5.4134197998e+02 5.4134600830e+02 5.4134399414e+02 5.4132299805e+02 5.4129400635e+02 5.4128900146e+02 5.4131097412e+02 5.4130700684e+02 5.4128997803e+02 5.4128601074e+02 5.4129199219e+02 5.4124298096e+02 5.4106597900e+02 5.4094396973e+02 5.4090997314e+02 5.4087200928e+02 5.4084802246e+02
5.4197100830e+02 5.4195300293e+02 5.4193798828e+02 5.4192700195e+02 5.4191302490e+02 5.4190002441e+02 5.4189398193e+02 5.4189398193e+02 5.4189001465e+02 5.4186798096e+02 5.4185498047e+02 5.4184197998e+02 5.4181402588e+02 5.4179797363e+02 5.4180102539e+02 5.4179998779e+02 5.4178802490e+02 5.4177001953e+02 5.4175500488e+02 5.4174902344e+02 5.4173297119e+02 5.4175897217e+02 5.4183502197e+02 5.4179998779e+02 5.4159197998e+02 5.4138098145e+02 5.4131500244e+02 5.4132202148e+02 5.4133197021e+02 5.4133300781e+02 5.4132501221e+02 5.4130999756e+02 5.4129602051e+02 5.4128997803e+02 5.4128002930e+02 5.4127502441e+02 5.4127600098e+02 5.4128497314e+02 5.4128601074e+02 5.4128100586e+02 5.4117700195e+02 5.4099102783e+02 5.4088897705e+02 5.4087200928e+02 5.4085498047e+02 5.4083300781e+02
5.4196600342e+02 5.4194299316e+02 5.4192498779e+02 5.4191302490e+02 5.4189898682e+02 5.4188201904e+02 5.4186999512e+02 5.4185998535e+02 5.4184802246e+02 5.4182202148e+02 5.4181298828e+02 5.4180902100e+02 5.4179199219e+02 5.4178100586e+02 5.4178302002e+02 5.4177697754e+02 5.4176202393e+02 5.4175701904e+02 5.4174700928e+02 5.4173999023e+02 5.4173297119e+02 5.4175897217e+02 5.4177600098e+02 5.4168200684e+02 5.4148101807e+02 5.4134899902e+02 5.4132202148e+02 5.4131799316e+02 5.4131701660e+02 5.4131896973e+02 5.4130401611e+02 5.4128802490e+02 5.4128698730e+02 5.4129199219e+02 5.4127801514e+02 5.4126501465e+02 5.4128198242e+02 5.4129400635e+02 5.4129400635e+02 5.4126800537e+02 5.4112597656e+02 5.4094897461e+02 5.4086199951e+02 5.4085198975e+02 5.4084002686e+02 5.4081597900e+02
5.4196099854e+02 5.4193499756e+02 5.4191101074e+02 5.4189697266e+02 5.4188397217e+02 5.4186499023e+02 5.4184698486e+02 5.4183197021e+02 5.4181597900e+02 5.4178900146e+02 5.4178302002e+02 5.4178399658e+02 5.4177197266e+02 5.4176300049e+02 5.4175897217e+02 5.4173498535e+02 5.4171301270e+02 5.4172900391e+02 5.4173400879e+02 5.4173101807e+02 5.4172601318e+02 5.4174499512e+02 5.4170202637e+02 5.4157299805e+02 5.4140899658e+02 5.4134002686e+02 5.4133197021e+02 5.4131701660e+02 5.4130999756e+02 5.4131097412e+02 5.4129602051e+02 5.4129602051e+02 5.4130603027e+02 5.4128802490e+02 5.4126501465e+02 5.4125799561e+02 5.4128002930e+02 5.4128002930e+02 5.4127899170e+02 5.4122802734e+02 5.4107000732e+02 5.4092602539e+02 5.4086401367e+02 5.4085400391e+02 5.4084197998e+02 5.4081799316e+02
