TESTSERVER/15/17.asc
NCOLS 100
NROWS 100
XLLCORNER 8.2497500000e+03
YLLCORNER 2.8910025000e+05
CELLSIZE 5.0000000000e-01
NODATA_VALUE -9.9990000000e+03
[rows 20 to 39 of 100, columns 0 to 45 of 100]
5.4937597656e+02 5.4942901611e+02 5.4946801758e+02 5.4949700928e+02 5.4952301025e+02 5.4954302979e+02 5.4956799316e+02 5.4957702637e+02 5.4957501221e+02 5.4956402588e+02 5.4954699707e+02 5.4948999023e+02 5.4940899658e+02 5.4931799316e+02 5.4905102539e+02 5.4914300537e+02 5.4916302490e+02 5.4926501465e+02 5.4962298584e+02 5.5019097900e+02 5.4988098145e+02 5.4905902100e+02 5.4842401123e+02 5.4865301514e+02 5.4897198486e+02 5.4909600830e+02 5.4894299316e+02 5.4892602539e+02 5.4894299316e+02 5.4896197510e+02 5.4901000977e+02 5.4904998779e+02 5.4902801514e+02 5.4901098633e+02 5.4902899170e+02 5.4901800537e+02 5.4901397705e+02 5.4902301025e+02 5.4905499268e+02 5.4907098389e+02 5.4911199951e+02 5.4915399170e+02 5.4920397949e+02 5.4928100586e+02 5.4929699707e+02 5.4926800537e+02
5.4918597412e+02 5.4923602295e+02 5.4927502441e+02 5.4930200195e+02 5.4932598877e+02 5.4934197998e+02 5.4936199951e+02 5.4936798096e+02 5.4935101318e+02 5.4931799316e+02 5.4929602051e+02 5.4923797607e+02 5.4911401367e+02 5.4895202637e+02 5.4869396973e+02 5.4848602295e+02 5.4844201660e+02 5.4852697754e+02 5.4881097412e+02 5.4949102783e+02 5.4932501221e+02 5.4856701660e+02 5.4824700928e+02 5.4852301025e+02 5.4880902100e+02 5.4883001709e+02 5.4871600342e+02 5.4872601318e+02 5.4871502686e+02 5.4870697021e+02 5.4873699951e+02 5.4876898193e+02 5.4877301025e+02 5.4877301025e+02 5.4879400635e+02 5.4878198242e+02 5.4876800537e+02 5.4876702881e+02 5.4878900146e+02 5.4882501221e+02 5.4887799072e+02 5.4891601563e+02 5.4895202637e+02 5.4901599121e+02 5.4902899170e+02 5.4900897217e+02
5.4899700928e+02 5.4904602051e+02 5.4908398438e+02 5.4910998535e+02 5.4913098145e+02 5.4914398193e+02 5.4915698242e+02 5.4915698242e+02 5.4913598633e+02 5.4909899902e+02 5.4905700684e+02 5.4897900391e+02 5.4885400391e+02 5.4869299316e+02 5.4840100098e+02 5.4810699463e+02 5.4799401855e+02 5.4799499512e+02 5.4805603027e+02 5.4833300781e+02 5.4829699707e+02 5.4798999023e+02 5.4804101563e+02 5.4840997314e+02 5.4864398193e+02 5.4857098389e+02 5.4849200439e+02 5.4849798584e+02 5.4847302246e+02 5.4846801758e+02 5.4849401855e+02 5.4852197266e+02 5.4854101563e+02 5.4854699707e+02 5.4855102539e+02 5.4854101563e+02 5.4853399658e+02 5.4851702881e+02 5.4852197266e+02 5.4857800293e+02 5.4864398193e+02 5.4868103027e+02 5.4870397949e+02 5.4874499512e+02 5.4876202393e+02 5.4877301025e+02
5.4881097412e+02 5.4885797119e+02 5.4889599609e+02 5.4891998291e+02 5.4893798828e+02 5.4894799805e+02 5.4895501709e+02 5.4894897461e+02 5.4892498779e+02 5.4888500977e+02 5.4883001709e+02 5.4874200439e+02 5.4861999512e+02 5.4846301270e+02 5.4817901611e+02 5.4787200928e+02 5.4772198486e+02 5.4766101074e+02 5.4765100098e+02 5.4768402100e+02 5.4768798828e+02 5.4767602539e+02 5.4787701416e+02 5.4821801758e+02 5.4840698242e+02 5.4831298828e+02 5.4827099609e+02 5.4825402832e+02 5.4822698975e+02 5.4823101807e+02 5.4825500488e+02 5.4827697754e+02 5.4830401611e+02 5.4831597900e+02 5.4831597900e+02 5.4829797363e+02 5.4829699707e+02 5.4827600098e+02 5.4828002930e+02 5.4834399414e+02 5.4840197754e+02 5.4843200684e+02 5.4846099854e+02 5.4848297119e+02 5.4851000977e+02 5.4855798340e+02
5.4863000488e+02 5.4867498779e+02 5.4871301270e+02 5.4873498535e+02 5.4874700928e+02 5.4875000000e+02 5.4873297119e+02 5.4872900391e+02 5.4870300293e+02 5.4866699219e+02 5.4860998535e+02 5.4851800537e+02 5.4840100098e+02 5.4825897217e+02 5.4807800293e+02 5.4781201172e+02 5.4766699219e+02 5.4757897949e+02 5.4761901855e+02 5.4761401367e+02 5.4760601807e+02 5.4763800049e+02 5.4773400879e+02 5.4795001221e+02 5.4808599854e+02 5.4805902100e+02 5.4799102783e+02 5.4796301270e+02 5.4796502686e+02 5.4798498535e+02 5.4799798584e+02 5.4802697754e+02 5.4803900146e+02 5.4804602051e+02 5.4806500244e+02 5.4804797363e+02 5.4804797363e+02 5.4804602051e+02 5.4805499268e+02 5.4810900879e+02 5.4814398193e+02 5.4816900635e+02 5.4822198486e+02 5.4824902344e+02 5.4827001953e+02 5.4832598877e+02
5.4845800781e+02 5.4850201416e+02 5.4853399658e+02 5.4855297852e+02 5.4856201172e+02 5.4855999756e+02 5.4854302979e+02 5.4851898193e+02 5.4849499512e+02 5.4846502686e+02 5.4841998291e+02 5.4832800293e+02 5.4822497559e+02 5.4810498047e+02 5.4793499756e+02 5.4775097656e+02 5.4765802002e+02 5.4761602783e+02 5.4760797119e+02 5.4760198975e+02 5.4759997559e+02 5.4763299561e+02 5.4767602539e+02 5.4773400879e+02 5.4781597900e+02 5.4781799316e+02 5.4772900391e+02 5.4767602539e+02 5.4770202637e+02 5.4775701904e+02 5.4779199219e+02 5.4778399658e+02 5.4778399658e+02 5.4779998779e+02 5.4784100342e+02 5.4782299805e+02 5.4780902100e+02 5.4782702637e+02 5.4785601807e+02 5.4786499023e+02 5.4787902832e+02 5.4790997314e+02 5.4797399902e+02 5.4801501465e+02 5.4802801514e+02 5.4806298828e+02
5.4828900146e+02 5.4833001709e+02 5.4835797119e+02 5.4837597656e+02 5.4838397217e+02 5.4838000488e+02 5.4835998535e+02 5.4833502197e+02 5.4831097412e+02 5.4828302002e+02 5.4824102783e+02 5.4816198730e+02 5.4807397461e+02 5.4796801758e+02 5.4781402588e+02 5.4767102051e+02 5.4761499023e+02 5.4760302734e+02 5.4761199951e+02 5.4759301758e+02 5.4760498047e+02 5.4765600586e+02 5.4763299561e+02 5.4756298828e+02 5.4755102539e+02 5.4753302002e+02 5.4747900391e+02 5.4747399902e+02 5.4750000000e+02 5.4754699707e+02 5.4758300781e+02 5.4756097412e+02 5.4754998779e+02 5.4756298828e+02 5.4760400391e+02 5.4761102295e+02 5.4759698486e+02 5.4762200928e+02 5.4765197754e+02 5.4763201904e+02 5.4763800049e+02 5.4767297363e+02 5.4772802734e+02 5.4776098633e+02 5.4777502441e+02 5.4779901123e+02
5.4812402344e+02 5.4816302490e+02 5.4818798828e+02 5.4820397949e+02 5.4821099854e+02 5.4820697021e+02 5.4818701172e+02 5.4816198730e+02 5.4814001465e+02 5.4811199951e+02 5.4807397461e+02 5.4801202393e+02 5.4793798828e+02 5.4784899902e+02 5.4771697998e+02 5.4761499023e+02 5.4758801270e+02 5.4759301758e+02 5.4760699463e+02 5.4757000732e+02 5.4760699463e+02 5.4769201660e+02 5.4760498047e+02 5.4739300537e+02 5.4727697754e+02 5.4722998047e+02 5.4722100830e+02 5.4727197266e+02 5.4730200195e+02 5.4733001709e+02 5.4735101318e+02 5.4735998535e+02 5.4735498047e+02 5.4735900879e+02 5.4737902832e+02 5.4738702393e+02 5.4738500977e+02 5.4741302490e+02 5.4743902588e+02 5.4742102051e+02 5.4743200684e+02 5.4746099854e+02 5.4750201416e+02 5.4754302979e+02 5.4755999756e+02 5.4758502197e+02
5.4796899414e+02 5.4800799561e+02 5.4803698730e+02 5.4803802490e+02 5.4804602051e+02 5.4804602051e+02 5.4803601074e+02 5.4800000000e+02 5.4797698975e+02 5.4794799805e+02 5.4792401123e+02 5.4788800049e+02 5.4783502197e+02 5.4777197266e+02 5.4766998291e+02 5.4755999756e+02 5.4755603027e+02 5.4757202148e+02 5.4759100342e+02 5.4752398682e+02 5.4761199951e+02 5.4772900391e+02 5.4753399658e+02 5.4719201660e+02 5.4700897217e+02 5.4695697021e+02 5.4698901367e+02 5.4705700684e+02 5.4709002686e+02 5.4709497070e+02 5.4707202148e+02 5.4714202881e+02 5.4717602539e+02 5.4719500732e+02 5.4721997070e+02 5.4722998047e+02 5.4724298096e+02 5.4724798584e+02 5.4722698975e+02 5.4720898438e+02 5.4723199463e+02 5.4726202393e+02 5.4728900146e+02 5.4733697510e+02 5.4734698486e+02 5.4737298584e+02
5.4782098389e+02 5.4785699463e+02 5.4787597656e+02 5.4787799072e+02 5.4788598633e+02 5.4789099121e+02 5.4788098145e+02 5.4785498047e+02 5.4783502197e+02 5.4780999756e+02 5.4779400635e+02 5.4777502441e+02 5.4773498535e+02 5.4769201660e+02 5.4760900879e+02 5.4752899170e+02 5.4752600098e+02 5.4753900146e+02 5.4753601074e+02 5.4751098633e+02 5.4763500977e+02 5.4760101318e+02 5.4718902588e+02 5.4690600586e+02 5.4679602051e+02 5.4677398682e+02 5.4680499268e+02 5.4683300781e+02 5.4684698486e+02 5.4685797119e+02 5.4684698486e+02 5.4691101074e+02 5.4696099854e+02 5.4700201416e+02 5.4706597900e+02 5.4713397217e+02 5.4713098145e+02 5.4707897949e+02 5.4703198242e+02 5.4701397705e+02 5.4704101563e+02 5.4707897949e+02 5.4710498047e+02 5.4714202881e+02 5.4715899658e+02 5.4719000244e+02
5.4766601563e+02 5.4769799805e+02 5.4771600342e+02 5.4771899414e+02 5.4772497559e+02 5.4772900391e+02 5.4772601318e+02 5.4771002197e+02 5.4769396973e+02 5.4767401123e+02 5.4765802002e+02 5.4763598633e+02 5.4760198975e+02 5.4756402588e+02 5.4754400635e+02 5.4754998779e+02 5.4754498291e+02 5.4753302002e+02 5.4750799561e+02 5.4753900146e+02 5.4754498291e+02 5.4726800537e+02 5.4679901123e+02 5.4662597656e+02 5.4657800293e+02 5.4657501221e+02 5.4658801270e+02 5.4658898926e+02 5.4660302734e+02 5.4662701416e+02 5.4663598633e+02 5.4667700195e+02 5.4672100830e+02 5.4678601074e+02 5.4690802002e+02 5.4699700928e+02 5.4697497559e+02 5.4689898682e+02 5.4686102295e+02 5.4685400391e+02 5.4687500000e+02 5.4690197754e+02 5.4691998291e+02 5.4695800781e+02 5.4699700928e+02 5.4703002930e+02
5.4751000977e+02 5.4753997803e+02 5.4755700684e+02 5.4755902100e+02 5.4756402588e+02 5.4756701660e+02 5.4756896973e+02 5.4756097412e+02 5.4754901123e+02 5.4753399658e+02 5.4751599121e+02 5.4748101807e+02 5.4744500732e+02 5.4740600586e+02 5.4743597412e+02 5.4754901123e+02 5.4755902100e+02 5.4751800537e+02 5.4745501709e+02 5.4749102783e+02 5.4729498291e+02 5.4682000732e+02 5.4647100830e+02 5.4639801025e+02 5.4636901855e+02 5.4635900879e+02 5.4635400391e+02 5.4637500000e+02 5.4640002441e+02 5.4642797852e+02 5.4643499756e+02 5.4646697998e+02 5.4652801514e+02 5.4661901855e+02 5.4674499512e+02 5.4678997803e+02 5.4677197266e+02 5.4672802734e+02 5.4671301270e+02 5.4671502686e+02 5.4672900391e+02 5.4674597168e+02 5.4675500488e+02 5.4677697754e+02 5.4681298828e+02 5.4683398438e+02
5.4732800293e+02 5.4736999512e+02 5.4741302490e+02 5.4739801025e+02 5.4739398193e+02 5.4739300537e+02 5.4738897705e+02 5.4740002441e+02 5.4739202881e+02 5.4737402344e+02 5.4730999756e+02 5.4727697754e+02 5.4722802734e+02 5.4719097900e+02 5.4721997070e+02 5.4743200684e+02 5.4747198486e+02 5.4737701416e+02 5.4723901367e+02 5.4733197021e+02 5.4699298096e+02 5.4647601318e+02 5.4620898438e+02 5.4620800781e+02 5.4620098877e+02 5.4618103027e+02 5.4614099121e+02 5.4617797852e+02 5.4619897461e+02 5.4620501709e+02 5.4619799805e+02 5.4621899414e+02 5.4632598877e+02 5.4644000244e+02 5.4650201416e+02 5.4649798584e+02 5.4652899170e+02 5.4654699707e+02 5.4654998779e+02 5.4656097412e+02 5.4658599854e+02 5.4661401367e+02 5.4662902832e+02 5.4662701416e+02 5.4664202881e+02 5.4665600586e+02
5.4709997559e+02 5.4715002441e+02 5.4720501709e+02 5.4719000244e+02 5.4718499756e+02 5.4719000244e+02 5.4720800781e+02 5.4721801758e+02 5.4721502686e+02 5.4719299316e+02 5.4713201904e+02 5.4703900146e+02 5.4696997070e+02 5.4692700195e+02 5.4692602539e+02 5.4707897949e+02 5.4708801270e+02 5.4701300049e+02 5.4711401367e+02 5.4731896973e+02 5.4674499512e+02 5.4620397949e+02 5.4605603027e+02 5.4601098633e+02 5.4599499512e+02 5.4598297119e+02 5.4597998047e+02 5.4596801758e+02 5.4595001221e+02 5.4595800781e+02 5.4597302246e+02 5.4599200439e+02 5.4609698486e+02 5.4619702148e+02 5.4621899414e+02 5.4624597168e+02 5.4630700684e+02 5.4631896973e+02 5.4633197021e+02 5.4635900879e+02 5.4638897705e+02 5.4641699219e+02 5.4645898438e+02 5.4647100830e+02 5.4646502686e+02 5.4647399902e+02
5.4692797852e+02 5.4696502686e+02 5.4701300049e+02 5.4700201416e+02 5.4700598145e+02 5.4702099609e+02 5.4705102539e+02 5.4707000732e+02 5.4707299805e+02 5.4705401611e+02 5.4699102783e+02 5.4689898682e+02 5.4683099365e+02 5.4678100586e+02 5.4674902344e+02 5.4679498291e+02 5.4677899170e+02 5.4679901123e+02 5.4712200928e+02 5.4725799561e+02 5.4637701416e+02 5.4584497070e+02 5.4585699463e+02 5.4579498291e+02 5.4578100586e+02 5.4578100586e+02 5.4578198242e+02 5.4574102783e+02 5.4572601318e+02 5.4574700928e+02 5.4575897217e+02 5.4577502441e+02 5.4585498047e+02 5.4592700195e+02 5.4593200684e+02 5.4596801758e+02 5.4603100586e+02 5.4604699707e+02 5.4606500244e+02 5.4608599854e+02 5.4614300537e+02 5.4617602539e+02 5.4622198486e+02 5.4626000977e+02 5.4627600098e+02 5.4629699707e+02
5.4681298828e+02 5.4683502197e+02 5.4686499023e+02 5.4686199951e+02 5.4687701416e+02 5.4689898682e+02 5.4693103027e+02 5.4695397949e+02 5.4696002197e+02 5.4694598389e+02 5.4689398193e+02 5.4683697510e+02 5.4678698730e+02 5.4674499512e+02 5.4672802734e+02 5.4673199463e+02 5.4669201660e+02 5.4672698975e+02 5.4704302979e+02 5.4695599365e+02 5.4594702148e+02 5.4551898193e+02 5.4562597656e+02 5.4557397461e+02 5.4558801270e+02 5.4558801270e+02 5.4553900146e+02 5.4547100830e+02 5.4545501709e+02 5.4547900391e+02 5.4548999023e+02 5.4551300049e+02 5.4557202148e+02 5.4562597656e+02 5.4563800049e+02 5.4567700195e+02 5.4574798584e+02 5.4577697754e+02 5.4579998779e+02 5.4580700684e+02 5.4586401367e+02 5.4591101074e+02 5.4594897461e+02 5.4599798584e+02 5.4604101563e+02 5.4609600830e+02
5.4677398682e+02 5.4677398682e+02 5.4680499268e+02 5.4679699707e+02 5.4681500244e+02 5.4683599854e+02 5.4686499023e+02 5.4686999512e+02 5.4687402344e+02 5.4686499023e+02 5.4684497070e+02 5.4681597900e+02 5.4679602051e+02 5.4678002930e+02 5.4676702881e+02 5.4675701904e+02 5.4671301270e+02 5.4667999268e+02 5.4681097412e+02 5.4651202393e+02 5.4562500000e+02 5.4522698975e+02 5.4530297852e+02 5.4534399414e+02 5.4534399414e+02 5.4530297852e+02 5.4521697998e+02 5.4515899658e+02 5.4513500977e+02 5.4515399170e+02 5.4521002197e+02 5.4524597168e+02 5.4529901123e+02 5.4535699463e+02 5.4539202881e+02 5.4542999268e+02 5.4549102783e+02 5.4551702881e+02 5.4553002930e+02 5.4554498291e+02 5.4557299805e+02 5.4562597656e+02 5.4567297363e+02 5.4572601318e+02 5.4577197266e+02 5.4584399414e+02
5.4680700684e+02 5.4680297852e+02 5.4680902100e+02 5.4680603027e+02 5.4680999756e+02 5.4681402588e+02 5.4682397461e+02 5.4682702637e+02 5.4682501221e+02 5.4682299805e+02 5.4681500244e+02 5.4679302979e+02 5.4678198242e+02 5.4677600098e+02 5.4676702881e+02 5.4675000000e+02 5.4669598389e+02 5.4669000244e+02 5.4683197021e+02 5.4630902100e+02 5.4537597656e+02 5.4482897949e+02 5.4491998291e+02 5.4505902100e+02 5.4503997803e+02 5.4497302246e+02 5.4488299561e+02 5.4481701660e+02 5.4478399658e+02 5.4481097412e+02 5.4489300537e+02 5.4494097900e+02 5.4499102783e+02 5.4506896973e+02 5.4512200928e+02 5.4516802979e+02 5.4523400879e+02 5.4528002930e+02 5.4529498291e+02 5.4529699707e+02 5.4531298828e+02 5.4534197998e+02 5.4539697266e+02 5.4547802734e+02 5.4553198242e+02 5.4558599854e+02
5.4672900391e+02 5.4676898193e+02 5.4678997803e+02 5.4679400635e+02 5.4680401611e+02 5.4680798340e+02 5.4680798340e+02 5.4680200195e+02 5.4679602051e+02 5.4679199219e+02 5.4678802490e+02 5.4677801514e+02 5.4677502441e+02 5.4677099609e+02 5.4675799561e+02 5.4672198486e+02 5.4669299316e+02 5.4674102783e+02 5.4684600830e+02 5.4630401611e+02 5.4537799072e+02 5.4476098633e+02 5.4465002441e+02 5.4476098633e+02 5.4477502441e+02 5.4468103027e+02 5.4452398682e+02 5.4442401123e+02 5.4436102295e+02 5.4437701416e+02 5.4447698975e+02 5.4457202148e+02 5.4464398193e+02 5.4472601318e+02 5.4480102539e+02 5.4485302734e+02 5.4493499756e+02 5.4501599121e+02 5.4504498291e+02 5.4505798340e+02 5.4509301758e+02 5.4511102295e+02 5.4515899658e+02 5.4524798584e+02 5.4531799316e+02 5.4535900879e+02
5.4651000977e+02 5.4660900879e+02 5.4669000244e+02 5.4673297119e+02 5.4677197266e+02 5.4679498291e+02 5.4679797363e+02 5.4678802490e+02 5.4678100586e+02 5.4677099609e+02 5.4676501465e+02 5.4676300049e+02 5.4676501465e+02 5.4676000977e+02 5.4673602295e+02 5.4669799805e+02 5.4671099854e+02 5.4666900635e+02 5.4661602783e+02 5.4640600586e+02 5.4563098145e+02 5.4500000000e+02 5.4462902832e+02 5.4461999512e+02 5.4464099121e+02 5.4447998047e+02 5.4416699219e+02 5.4402001953e+02 5.4394598389e+02 5.4394299316e+02 5.4402398682e+02 5.4416302490e+02 5.4425799561e+02 5.4434301758e+02 5.4444201660e+02 5.4450799561e+02 5.4459301758e+02 5.4469702148e+02 5.4474200439e+02 5.4478399658e+02 5.4485998535e+02 5.4488598633e+02 5.4491601563e+02 5.4498999023e+02 5.4508398438e+02 5.4512799072e+02
