TESTSERVER/15/2.asc
NCOLS 100
NROWS 100
XLLCORNER 8.2497500000e+03
YLLCORNER 2.8985025000e+05
CELLSIZE 5.0000000000e-01
NODATA_VALUE -9.9990000000e+03
[rows 40 to 59 of 100, columns 0 to 45 of 100]
7.0569799805e+02 7.0580700684e+02 7.0589398193e+02 7.0601202393e+02 7.0613598633e+02 7.0625500488e+02 7.0635400391e+02 7.0648999023e+02 7.0662200928e+02 7.0674700928e+02 7.0687200928e+02 7.0697399902e+02 7.0712701416e+02 7.0726098633e+02 7.0737200928e+02 7.0749102783e+02 7.0761297607e+02 7.0778002930e+02 7.0791998291e+02 7.0802001953e+02 7.0806799316e+02 7.0809600830e+02 7.0810900879e+02 7.0811297607e+02 7.0809802246e+02 7.0807098389e+02 7.0803198242e+02 7.0801501465e+02 7.0803399658e+02 7.0807598877e+02 7.0808801270e+02 7.0811102295e+02 7.0813598633e+02 7.0814300537e+02 7.0810699463e+02 7.0812500000e+02 7.0814898682e+02 7.0814501953e+02 7.0820397949e+02 7.0824798584e+02 7.0822698975e+02 7.0821997070e+02 7.0818798828e+02 7.0815399170e+02 7.0814300537e+02 7.0811999512e+02
7.0554901123e+02 7.0564697266e+02 7.0572698975e+02 7.0581201172e+02 7.0595202637e+02 7.0612402344e+02 7.0623498535e+02 7.0636901855e+02 7.0650701904e+02 7.0664398193e+02 7.0676501465e+02 7.0684002686e+02 7.0694500732e+02 7.0707098389e+02 7.0718701172e+02 7.0732202148e+02 7.0746502686e+02 7.0763500977e+02 7.0781201172e+02 7.0794201660e+02 7.0799298096e+02 7.0796600342e+02 7.0796801758e+02 7.0799200439e+02 7.0800097656e+02 7.0798101807e+02 7.0795300293e+02 7.0793298340e+02 7.0795599365e+02 7.0797497559e+02 7.0797399902e+02 7.0799597168e+02 7.0807000732e+02 7.0815698242e+02 7.0820898438e+02 7.0824401855e+02 7.0826000977e+02 7.0828100586e+02 7.0831298828e+02 7.0832202148e+02 7.0828698730e+02 7.0827197266e+02 7.0822497559e+02 7.0817797852e+02 7.0816601563e+02 7.0816497803e+02
7.0541900635e+02 7.0555499268e+02 7.0565197754e+02 7.0571502686e+02 7.0583697510e+02 7.0601098633e+02 7.0612902832e+02 7.0626702881e+02 7.0641699219e+02 7.0654400635e+02 7.0664599609e+02 7.0671099854e+02 7.0677398682e+02 7.0686798096e+02 7.0698297119e+02 7.0713201904e+02 7.0729498291e+02 7.0746801758e+02 7.0764398193e+02 7.0778302002e+02 7.0784301758e+02 7.0779602051e+02 7.0779797363e+02 7.0784802246e+02 7.0789398193e+02 7.0789398193e+02 7.0787597656e+02 7.0786901855e+02 7.0790502930e+02 7.0792901611e+02 7.0794000244e+02 7.0797100830e+02 7.0803198242e+02 7.0813397217e+02 7.0826000977e+02 7.0834802246e+02 7.0836999512e+02 7.0838397217e+02 7.0838800049e+02 7.0835797119e+02 7.0831201172e+02 7.0830401611e+02 7.0825097656e+02 7.0819396973e+02 7.0817297363e+02 7.0819500732e+02
7.0525500488e+02 7.0545001221e+02 7.0560198975e+02 7.0568402100e+02 7.0580297852e+02 7.0596997070e+02 7.0608599854e+02 7.0622198486e+02 7.0636798096e+02 7.0644598389e+02 7.0651202393e+02 7.0657702637e+02 7.0662597656e+02 7.0669299316e+02 7.0680297852e+02 7.0695501709e+02 7.0712298584e+02 7.0727099609e+02 7.0741101074e+02 7.0752801514e+02 7.0759100342e+02 7.0757501221e+02 7.0761297607e+02 7.0769799805e+02 7.0778497314e+02 7.0781500244e+02 7.0781402588e+02 7.0782202148e+02 7.0786901855e+02 7.0791601563e+02 7.0795898438e+02 7.0800799561e+02 7.0806500244e+02 7.0815399170e+02 7.0829498291e+02 7.0839300537e+02 7.0841198730e+02 7.0842700195e+02 7.0843103027e+02 7.0842999268e+02 7.0842102051e+02 7.0840100098e+02 7.0832800293e+02 7.0824798584e+02 7.0819799805e+02 7.0818597412e+02
7.0505999756e+02 7.0526702881e+02 7.0548101807e+02 7.0563702393e+02 7.0578698730e+02 7.0592700195e+02 7.0603601074e+02 7.0615002441e+02 7.0625799561e+02 7.0631896973e+02 7.0636602783e+02 7.0642999268e+02 7.0647900391e+02 7.0656402588e+02 7.0667199707e+02 7.0681201172e+02 7.0696997070e+02 7.0708801270e+02 7.0716802979e+02 7.0722497559e+02 7.0726599121e+02 7.0735699463e+02 7.0745501709e+02 7.0757098389e+02 7.0767999268e+02 7.0774200439e+02 7.0775799561e+02 7.0777801514e+02 7.0782397461e+02 7.0790301514e+02 7.0799499512e+02 7.0807501221e+02 7.0814202881e+02 7.0818701172e+02 7.0828002930e+02 7.0834899902e+02 7.0836499023e+02 7.0838397217e+02 7.0842797852e+02 7.0851702881e+02 7.0857501221e+02 7.0852001953e+02 7.0840600586e+02 7.0829101563e+02 7.0822497559e+02 7.0817199707e+02
7.0489099121e+02 7.0508502197e+02 7.0531201172e+02 7.0553399658e+02 7.0569500732e+02 7.0580200195e+02 7.0590802002e+02 7.0600897217e+02 7.0609997559e+02 7.0616802979e+02 7.0623602295e+02 7.0630401611e+02 7.0638098145e+02 7.0648901367e+02 7.0659698486e+02 7.0671301270e+02 7.0683898926e+02 7.0695697021e+02 7.0702197266e+02 7.0704602051e+02 7.0709899902e+02 7.0720397949e+02 7.0732098389e+02 7.0745300293e+02 7.0756597900e+02 7.0762298584e+02 7.0764398193e+02 7.0767102051e+02 7.0771398926e+02 7.0781799316e+02 7.0794097900e+02 7.0804199219e+02 7.0809497070e+02 7.0814599609e+02 7.0822601318e+02 7.0828002930e+02 7.0828198242e+02 7.0831701660e+02 7.0839099121e+02 7.0850402832e+02 7.0857800293e+02 7.0852001953e+02 7.0839202881e+02 7.0826599121e+02 7.0819500732e+02 7.0814099121e+02
7.0474499512e+02 7.0494097900e+02 7.0515899658e+02 7.0538500977e+02 7.0555102539e+02 7.0565802002e+02 7.0577301025e+02 7.0587799072e+02 7.0596301270e+02 7.0604400635e+02 7.0612799072e+02 7.0620697021e+02 7.0629998779e+02 7.0642498779e+02 7.0652600098e+02 7.0661102295e+02 7.0670098877e+02 7.0681701660e+02 7.0689001465e+02 7.0691998291e+02 7.0696002197e+02 7.0705902100e+02 7.0718701172e+02 7.0732800293e+02 7.0741900635e+02 7.0744598389e+02 7.0747399902e+02 7.0752099609e+02 7.0757598877e+02 7.0766101074e+02 7.0777301025e+02 7.0787701416e+02 7.0795001221e+02 7.0803399658e+02 7.0812701416e+02 7.0817700195e+02 7.0819396973e+02 7.0825097656e+02 7.0832598877e+02 7.0841699219e+02 7.0847100830e+02 7.0842602539e+02 7.0832702637e+02 7.0822998047e+02 7.0817700195e+02 7.0813201904e+02
7.0464300537e+02 7.0483197021e+02 7.0501202393e+02 7.0519897461e+02 7.0536401367e+02 7.0549597168e+02 7.0562597656e+02 7.0573498535e+02 7.0582000732e+02 7.0590002441e+02 7.0598400879e+02 7.0607299805e+02 7.0616802979e+02 7.0631097412e+02 7.0641400146e+02 7.0648199463e+02 7.0654302979e+02 7.0665502930e+02 7.0675299072e+02 7.0680902100e+02 7.0685101318e+02 7.0695001221e+02 7.0708398438e+02 7.0721197510e+02 7.0726599121e+02 7.0727801514e+02 7.0731701660e+02 7.0738000488e+02 7.0744396973e+02 7.0750000000e+02 7.0758697510e+02 7.0769000244e+02 7.0778997803e+02 7.0791802979e+02 7.0802801514e+02 7.0808300781e+02 7.0812701416e+02 7.0819598389e+02 7.0824902344e+02 7.0829199219e+02 7.0832098389e+02 7.0831298828e+02 7.0826300049e+02 7.0820202637e+02 7.0815002441e+02 7.0813299561e+02
7.0460998535e+02 7.0474597168e+02 7.0489398193e+02 7.0504498291e+02 7.0519500732e+02 7.0532897949e+02 7.0545697021e+02 7.0555200195e+02 7.0562200928e+02 7.0568798828e+02 7.0576202393e+02 7.0584497070e+02 7.0594702148e+02 7.0611102295e+02 7.0622998047e+02 7.0631402588e+02 7.0638299561e+02 7.0647900391e+02 7.0659002686e+02 7.0668499756e+02 7.0676599121e+02 7.0688598633e+02 7.0702197266e+02 7.0711999512e+02 7.0714599609e+02 7.0717102051e+02 7.0721997070e+02 7.0728002930e+02 7.0734600830e+02 7.0738500977e+02 7.0746997070e+02 7.0757501221e+02 7.0767901611e+02 7.0782397461e+02 7.0791601563e+02 7.0796398926e+02 7.0803198242e+02 7.0812500000e+02 7.0816998291e+02 7.0819299316e+02 7.0822399902e+02 7.0823699951e+02 7.0821398926e+02 7.0816400146e+02 7.0812200928e+02 7.0815502930e+02
7.0461401367e+02 7.0469799805e+02 7.0479199219e+02 7.0490802002e+02 7.0504199219e+02 7.0517602539e+02 7.0528497314e+02 7.0533697510e+02 7.0536901855e+02 7.0542999268e+02 7.0551202393e+02 7.0560302734e+02 7.0572198486e+02 7.0588598633e+02 7.0602001953e+02 7.0613098145e+02 7.0622998047e+02 7.0634802246e+02 7.0647399902e+02 7.0659301758e+02 7.0670300293e+02 7.0685900879e+02 7.0699401855e+02 7.0706298828e+02 7.0706298828e+02 7.0707397461e+02 7.0711401367e+02 7.0718200684e+02 7.0726000977e+02 7.0732202148e+02 7.0741900635e+02 7.0750000000e+02 7.0758398438e+02 7.0771398926e+02 7.0779699707e+02 7.0784899902e+02 7.0792999268e+02 7.0803698730e+02 7.0810601807e+02 7.0815301514e+02 7.0819702148e+02 7.0820501709e+02 7.0817297363e+02 7.0812799072e+02 7.0811999512e+02 7.0816900635e+02
7.0459399414e+02 7.0463598633e+02 7.0468402100e+02 7.0476501465e+02 7.0488800049e+02 7.0501898193e+02 7.0510601807e+02 7.0513500977e+02 7.0514202881e+02 7.0519000244e+02 7.0527502441e+02 7.0538299561e+02 7.0552099609e+02 7.0568798828e+02 7.0583001709e+02 7.0595697021e+02 7.0608300781e+02 7.0622698975e+02 7.0637097168e+02 7.0650598145e+02 7.0662298584e+02 7.0678399658e+02 7.0690899658e+02 7.0696002197e+02 7.0695501709e+02 7.0694702148e+02 7.0699200439e+02 7.0708398438e+02 7.0717297363e+02 7.0724298096e+02 7.0732299805e+02 7.0740002441e+02 7.0748797607e+02 7.0760400391e+02 7.0770001221e+02 7.0777899170e+02 7.0787402344e+02 7.0799200439e+02 7.0807397461e+02 7.0812597656e+02 7.0817401123e+02 7.0818499756e+02 7.0815100098e+02 7.0810998535e+02 7.0810998535e+02 7.0816601563e+02
7.0448199463e+02 7.0454498291e+02 7.0461102295e+02 7.0467797852e+02 7.0476098633e+02 7.0486297607e+02 7.0492999268e+02 7.0495501709e+02 7.0496002197e+02 7.0498797607e+02 7.0507098389e+02 7.0519897461e+02 7.0536297607e+02 7.0552502441e+02 7.0566497803e+02 7.0579797363e+02 7.0594299316e+02 7.0610699463e+02 7.0626202393e+02 7.0640197754e+02 7.0652001953e+02 7.0665802002e+02 7.0674700928e+02 7.0677502441e+02 7.0679400635e+02 7.0679302979e+02 7.0684802246e+02 7.0695001221e+02 7.0704498291e+02 7.0711297607e+02 7.0717498779e+02 7.0727398682e+02 7.0739801025e+02 7.0751300049e+02 7.0762200928e+02 7.0771801758e+02 7.0782397461e+02 7.0795001221e+02 7.0803302002e+02 7.0807501221e+02 7.0811297607e+02 7.0812500000e+02 7.0810498047e+02 7.0808099365e+02 7.0808697510e+02 7.0813800049e+02
7.0428198242e+02 7.0442602539e+02 7.0456896973e+02 7.0464099121e+02 7.0465197754e+02 7.0471600342e+02 7.0478100586e+02 7.0482598877e+02 7.0484497070e+02 7.0485601807e+02 7.0493103027e+02 7.0507098389e+02 7.0524298096e+02 7.0540399170e+02 7.0553698730e+02 7.0566400146e+02 7.0580798340e+02 7.0598199463e+02 7.0613598633e+02 7.0627001953e+02 7.0639099121e+02 7.0653100586e+02 7.0659802246e+02 7.0660498047e+02 7.0660797119e+02 7.0664202881e+02 7.0671197510e+02 7.0680902100e+02 7.0693103027e+02 7.0702001953e+02 7.0710400391e+02 7.0721398926e+02 7.0733300781e+02 7.0744299316e+02 7.0754998779e+02 7.0764501953e+02 7.0777197266e+02 7.0786901855e+02 7.0793597412e+02 7.0797100830e+02 7.0801501465e+02 7.0801599121e+02 7.0802600098e+02 7.0802502441e+02 7.0803302002e+02 7.0804901123e+02
7.0410101318e+02 7.0421600342e+02 7.0439398193e+02 7.0450701904e+02 7.0452001953e+02 7.0459600830e+02 7.0469799805e+02 7.0477301025e+02 7.0478997803e+02 7.0478802490e+02 7.0484497070e+02 7.0497302246e+02 7.0515100098e+02 7.0531097412e+02 7.0543798828e+02 7.0555297852e+02 7.0567498779e+02 7.0582397461e+02 7.0596997070e+02 7.0609899902e+02 7.0620501709e+02 7.0632397461e+02 7.0640802002e+02 7.0645300293e+02 7.0649401855e+02 7.0657702637e+02 7.0667199707e+02 7.0677697754e+02 7.0689898682e+02 7.0694799805e+02 7.0701800537e+02 7.0711700439e+02 7.0722302246e+02 7.0731298828e+02 7.0741998291e+02 7.0754101563e+02 7.0768103027e+02 7.0776599121e+02 7.0784802246e+02 7.0788702393e+02 7.0789898682e+02 7.0790698242e+02 7.0793103027e+02 7.0795098877e+02 7.0798199463e+02 7.0798101807e+02
7.0390301514e+02 7.0395098877e+02 7.0409802246e+02 7.0425097656e+02 7.0435601807e+02 7.0448199463e+02 7.0461199951e+02 7.0470397949e+02 7.0472698975e+02 7.0472998047e+02 7.0478900146e+02 7.0491101074e+02 7.0508502197e+02 7.0523400879e+02 7.0534497070e+02 7.0544396973e+02 7.0554699707e+02 7.0567297363e+02 7.0580700684e+02 7.0593200684e+02 7.0604699707e+02 7.0618798828e+02 7.0631298828e+02 7.0639501953e+02 7.0645098877e+02 7.0654199219e+02 7.0662799072e+02 7.0669799805e+02 7.0680200195e+02 7.0685900879e+02 7.0692498779e+02 7.0702197266e+02 7.0715899658e+02 7.0725097656e+02 7.0731896973e+02 7.0742602539e+02 7.0756597900e+02 7.0764697266e+02 7.0771099854e+02 7.0772601318e+02 7.0772399902e+02 7.0776800537e+02 7.0779998779e+02 7.0783300781e+02 7.0788299561e+02 7.0787500000e+02
7.0373101807e+02 7.0375897217e+02 7.0387097168e+02 7.0402600098e+02 7.0419097900e+02 7.0434399414e+02 7.0448101807e+02 7.0457897949e+02 7.0461700439e+02 7.0464599609e+02 7.0472497559e+02 7.0485699463e+02 7.0503100586e+02 7.0515502930e+02 7.0524200439e+02 7.0532202148e+02 7.0541400146e+02 7.0553100586e+02 7.0565502930e+02 7.0578100586e+02 7.0591400146e+02 7.0608697510e+02 7.0624401855e+02 7.0635699463e+02 7.0642498779e+02 7.0650000000e+02 7.0657598877e+02 7.0663000488e+02 7.0671697998e+02 7.0684197998e+02 7.0694702148e+02 7.0704400635e+02 7.0716699219e+02 7.0725097656e+02 7.0725500488e+02 7.0730999756e+02 7.0741497803e+02 7.0745202637e+02 7.0746997070e+02 7.0748498535e+02 7.0752899170e+02 7.0760498047e+02 7.0765502930e+02 7.0769299316e+02 7.0772601318e+02 7.0771997070e+02
7.0361199951e+02 7.0367498779e+02 7.0377197266e+02 7.0388598633e+02 7.0402697754e+02 7.0416900635e+02 7.0428802490e+02 7.0437902832e+02 7.0444097900e+02 7.0451702881e+02 7.0463397217e+02 7.0479498291e+02 7.0499200439e+02 7.0506097412e+02 7.0511401367e+02 7.0517700195e+02 7.0527801514e+02 7.0539202881e+02 7.0551300049e+02 7.0564099121e+02 7.0578002930e+02 7.0595397949e+02 7.0612200928e+02 7.0626898193e+02 7.0639697266e+02 7.0647998047e+02 7.0654699707e+02 7.0660797119e+02 7.0669897461e+02 7.0683197021e+02 7.0697497559e+02 7.0707897949e+02 7.0711901855e+02 7.0709497070e+02 7.0706701660e+02 7.0711602783e+02 7.0718701172e+02 7.0721697998e+02 7.0723297119e+02 7.0728198242e+02 7.0734698486e+02 7.0741198730e+02 7.0747497559e+02 7.0750201416e+02 7.0749401855e+02 7.0752899170e+02
7.0348199463e+02 7.0359197998e+02 7.0369299316e+02 7.0377301025e+02 7.0387799072e+02 7.0399700928e+02 7.0408697510e+02 7.0416699219e+02 7.0424902344e+02 7.0434100342e+02 7.0448602295e+02 7.0466998291e+02 7.0485198975e+02 7.0491101074e+02 7.0495001221e+02 7.0501300049e+02 7.0512500000e+02 7.0524902344e+02 7.0537902832e+02 7.0552301025e+02 7.0566802979e+02 7.0582397461e+02 7.0599200439e+02 7.0616101074e+02 7.0634698486e+02 7.0647399902e+02 7.0653198242e+02 7.0656402588e+02 7.0660400391e+02 7.0665197754e+02 7.0673699951e+02 7.0683898926e+02 7.0686102295e+02 7.0683300781e+02 7.0687500000e+02 7.0696398926e+02 7.0701702881e+02 7.0706402588e+02 7.0708099365e+02 7.0712799072e+02 7.0720001221e+02 7.0723101807e+02 7.0726501465e+02 7.0729699707e+02 7.0732501221e+02 7.0737298584e+02
7.0339202881e+02 7.0352301025e+02 7.0362902832e+02 7.0369396973e+02 7.0377301025e+02 7.0386102295e+02 7.0392297363e+02 7.0398797607e+02 7.0407000732e+02 7.0416998291e+02 7.0431896973e+02 7.0449499512e+02 7.0466699219e+02 7.0473901367e+02 7.0478802490e+02 7.0486199951e+02 7.0498797607e+02 7.0512402344e+02 7.0527197266e+02 7.0544201660e+02 7.0560699463e+02 7.0576000977e+02 7.0591699219e+02 7.0607702637e+02 7.0626702881e+02 7.0639697266e+02 7.0645800781e+02 7.0648297119e+02 7.0649700928e+02 7.0649102783e+02 7.0651098633e+02 7.0657397461e+02 7.0661798096e+02 7.0667199707e+02 7.0673999023e+02 7.0678802490e+02 7.0680297852e+02 7.0686102295e+02 7.0689898682e+02 7.0698797607e+02 7.0709002686e+02 7.0707299805e+02 7.0705999756e+02 7.0710498047e+02 7.0716101074e+02 7.0721600342e+02
7.0336297607e+02 7.0348901367e+02 7.0359399414e+02 7.0365301514e+02 7.0370501709e+02 7.0376702881e+02 7.0381500244e+02 7.0387097168e+02 7.0394897461e+02 7.0405700684e+02 7.0420001221e+02 7.0434997559e+02 7.0449102783e+02 7.0458099365e+02 7.0464898682e+02 7.0473999023e+02 7.0487701416e+02 7.0501501465e+02 7.0516998291e+02 7.0535498047e+02 7.0555499268e+02 7.0571301270e+02 7.0585198975e+02 7.0599298096e+02 7.0614398193e+02 7.0624499512e+02 7.0630102539e+02 7.0633502197e+02 7.0637799072e+02 7.0641400146e+02 7.0642498779e+02 7.0645098877e+02 7.0648101807e+02 7.0654797363e+02 7.0658599854e+02 7.0658197021e+02 7.0658099365e+02 7.0661700439e+02 7.0665997314e+02 7.0675299072e+02 7.0685498047e+02 7.0684197998e+02 7.0683801270e+02 7.0691101074e+02 7.0699798584e+02 7.0705499268e+02
