TESTSERVER/15/2.asc
NCOLS 100
NROWS 100
XLLCORNER 8.2497500000e+03
YLLCORNER 2.8985025000e+05
CELLSIZE 5.0000000000e-01
NODATA_VALUE -9.9990000000e+03
[rows 80 to 99 of 100, columns 0 to 45 of 100]
7.0027197266e+02 7.0040197754e+02 7.0055200195e+02 7.0070501709e+02 7.0083099365e+02 7.0098699951e+02 7.0109100342e+02 7.0116302490e+02 7.0121099854e+02 7.0122198486e+02 7.0129797363e+02 7.0139202881e+02 7.0148901367e+02 7.0158801270e+02 7.0171099854e+02 7.0186297607e+02 7.0204901123e+02 7.0217199707e+02 7.0229101563e+02 7.0243701172e+02 7.0263800049e+02 7.0265802002e+02 7.0268701172e+02 7.0274298096e+02 7.0280401611e+02 7.0287200928e+02 7.0299499512e+02 7.0316497803e+02 7.0329602051e+02 7.0346099854e+02 7.0370501709e+02 7.0388500977e+02 7.0399499512e+02 7.0409002686e+02 7.0411602783e+02 7.0407397461e+02 7.0406298828e+02 7.0413800049e+02 7.0420697021e+02 7.0420098877e+02 7.0415997314e+02 7.0406799316e+02 7.0406097412e+02 7.0417999268e+02 7.0430700684e+02 7.0439001465e+02
7.0008697510e+02 7.0023199463e+02 7.0039300537e+02 7.0055603027e+02 7.0070001221e+02 7.0080798340e+02 7.0088897705e+02 7.0096099854e+02 7.0103399658e+02 7.0109600830e+02 7.0116601563e+02 7.0124597168e+02 7.0132299805e+02 7.0142401123e+02 7.0155200195e+02 7.0171301270e+02 7.0188897705e+02 7.0200201416e+02 7.0211499023e+02 7.0224499512e+02 7.0242602539e+02 7.0246502686e+02 7.0250598145e+02 7.0255999756e+02 7.0261700439e+02 7.0269799805e+02 7.0281298828e+02 7.0295599365e+02 7.0307202148e+02 7.0321801758e+02 7.0340502930e+02 7.0356701660e+02 7.0368798828e+02 7.0377197266e+02 7.0379498291e+02 7.0382000732e+02 7.0390002441e+02 7.0396697998e+02 7.0400402832e+02 7.0401800537e+02 7.0402197266e+02 7.0400000000e+02 7.0401800537e+02 7.0410198975e+02 7.0421697998e+02 7.0433001709e+02
6.9991400146e+02 7.0006298828e+02 7.0024102783e+02 7.0042199707e+02 7.0058599854e+02 7.0068701172e+02 7.0074700928e+02 7.0080499268e+02 7.0087902832e+02 7.0092498779e+02 7.0097100830e+02 7.0104998779e+02 7.0116699219e+02 7.0128802490e+02 7.0143200684e+02 7.0157598877e+02 7.0170800781e+02 7.0180798340e+02 7.0188299561e+02 7.0195599365e+02 7.0208398438e+02 7.0215600586e+02 7.0225402832e+02 7.0232897949e+02 7.0239300537e+02 7.0252197266e+02 7.0266900635e+02 7.0277001953e+02 7.0283300781e+02 7.0295800781e+02 7.0308001709e+02 7.0318103027e+02 7.0328399658e+02 7.0337902832e+02 7.0344396973e+02 7.0354199219e+02 7.0367602539e+02 7.0373999023e+02 7.0378698730e+02 7.0384899902e+02 7.0390002441e+02 7.0397302246e+02 7.0406097412e+02 7.0413897705e+02 7.0419897461e+02 7.0427001953e+02
6.9973602295e+02 6.9990002441e+02 7.0009600830e+02 7.0029498291e+02 7.0047900391e+02 7.0059197998e+02 7.0064801025e+02 7.0070098877e+02 7.0077197266e+02 7.0079400635e+02 7.0084600830e+02 7.0093597412e+02 7.0105499268e+02 7.0117797852e+02 7.0131701660e+02 7.0144201660e+02 7.0154699707e+02 7.0163598633e+02 7.0168499756e+02 7.0171099854e+02 7.0177502441e+02 7.0183001709e+02 7.0193597412e+02 7.0204498291e+02 7.0214001465e+02 7.0232000732e+02 7.0251300049e+02 7.0259197998e+02 7.0260400391e+02 7.0270202637e+02 7.0277398682e+02 7.0282598877e+02 7.0290600586e+02 7.0303497314e+02 7.0315301514e+02 7.0328997803e+02 7.0342999268e+02 7.0352301025e+02 7.0360198975e+02 7.0372698975e+02 7.0384497070e+02 7.0396997070e+02 7.0406799316e+02 7.0410900879e+02 7.0411401367e+02 7.0412500000e+02
6.9955999756e+02 6.9974700928e+02 6.9995501709e+02 7.0016802979e+02 7.0037597656e+02 7.0050897217e+02 7.0057000732e+02 7.0061999512e+02 7.0069897461e+02 7.0071398926e+02 7.0078997803e+02 7.0088800049e+02 7.0098297119e+02 7.0109197998e+02 7.0119598389e+02 7.0128002930e+02 7.0139202881e+02 7.0146301270e+02 7.0149401855e+02 7.0148199463e+02 7.0148498535e+02 7.0154302979e+02 7.0160900879e+02 7.0172399902e+02 7.0182598877e+02 7.0203302002e+02 7.0224597168e+02 7.0235498047e+02 7.0237500000e+02 7.0241198730e+02 7.0247601318e+02 7.0254302979e+02 7.0264697266e+02 7.0275897217e+02 7.0289398193e+02 7.0306097412e+02 7.0319799805e+02 7.0333599854e+02 7.0344500732e+02 7.0360998535e+02 7.0378997803e+02 7.0389898682e+02 7.0394598389e+02 7.0393701172e+02 7.0389599609e+02 7.0385498047e+02
6.9943402100e+02 6.9961901855e+02 6.9983001709e+02 7.0004302979e+02 7.0023602295e+02 7.0037701416e+02 7.0043597412e+02 7.0048797607e+02 7.0058801270e+02 7.0060998535e+02 7.0065698242e+02 7.0073999023e+02 7.0084997559e+02 7.0095501709e+02 7.0102398682e+02 7.0109002686e+02 7.0118499756e+02 7.0122497559e+02 7.0124902344e+02 7.0123999023e+02 7.0123297119e+02 7.0127600098e+02 7.0134698486e+02 7.0145098877e+02 7.0155200195e+02 7.0168200684e+02 7.0185498047e+02 7.0200000000e+02 7.0207702637e+02 7.0215399170e+02 7.0221997070e+02 7.0227001953e+02 7.0238299561e+02 7.0244598389e+02 7.0256402588e+02 7.0279901123e+02 7.0298901367e+02 7.0316802979e+02 7.0334497070e+02 7.0352398682e+02 7.0364898682e+02 7.0372998047e+02 7.0372802734e+02 7.0370800781e+02 7.0366802979e+02 7.0357800293e+02
6.9931500244e+02 6.9950701904e+02 6.9971301270e+02 6.9991198730e+02 7.0007897949e+02 7.0018902588e+02 7.0022998047e+02 7.0027502441e+02 7.0040802002e+02 7.0050897217e+02 7.0054400635e+02 7.0059301758e+02 7.0066802979e+02 7.0073999023e+02 7.0081500244e+02 7.0089801025e+02 7.0097698975e+02 7.0098498535e+02 7.0098199463e+02 7.0097399902e+02 7.0100799561e+02 7.0104101563e+02 7.0109497070e+02 7.0121997070e+02 7.0134698486e+02 7.0143499756e+02 7.0157000732e+02 7.0171002197e+02 7.0181097412e+02 7.0191198730e+02 7.0197998047e+02 7.0201599121e+02 7.0210498047e+02 7.0216601563e+02 7.0225299072e+02 7.0244299316e+02 7.0268402100e+02 7.0295202637e+02 7.0322302246e+02 7.0343701172e+02 7.0349700928e+02 7.0350701904e+02 7.0346301270e+02 7.0340899658e+02 7.0336901855e+02 7.0329101563e+02
6.9920300293e+02 6.9940002441e+02 6.9959497070e+02 6.9977197266e+02 6.9991699219e+02 6.9999200439e+02 6.9999700928e+02 7.0001202393e+02 7.0012298584e+02 7.0027801514e+02 7.0036102295e+02 7.0042901611e+02 7.0048297119e+02 7.0054699707e+02 7.0061999512e+02 7.0067700195e+02 7.0071099854e+02 7.0071301270e+02 7.0072900391e+02 7.0073901367e+02 7.0078900146e+02 7.0082000732e+02 7.0086102295e+02 7.0098199463e+02 7.0114099121e+02 7.0126202393e+02 7.0138800049e+02 7.0150097656e+02 7.0156597900e+02 7.0163500977e+02 7.0170202637e+02 7.0175299072e+02 7.0182598877e+02 7.0191400146e+02 7.0202899170e+02 7.0218499756e+02 7.0240002441e+02 7.0266601563e+02 7.0294299316e+02 7.0316400146e+02 7.0324401855e+02 7.0325701904e+02 7.0321197510e+02 7.0312902832e+02 7.0305401611e+02 7.0297302246e+02
6.9910302734e+02 6.9928601074e+02 6.9946502686e+02 6.9962500000e+02 6.9978100586e+02 6.9982501221e+02 6.9979400635e+02 6.9976702881e+02 6.9981597900e+02 6.9997198486e+02 7.0011297607e+02 7.0021697998e+02 7.0028302002e+02 7.0035400391e+02 7.0040698242e+02 7.0042700195e+02 7.0046600342e+02 7.0048199463e+02 7.0052197266e+02 7.0054998779e+02 7.0057202148e+02 7.0061297607e+02 7.0068597412e+02 7.0079998779e+02 7.0094702148e+02 7.0108300781e+02 7.0121099854e+02 7.0127197266e+02 7.0128698730e+02 7.0143597412e+02 7.0150201416e+02 7.0155902100e+02 7.0164801025e+02 7.0172698975e+02 7.0187701416e+02 7.0203002930e+02 7.0221600342e+02 7.0244396973e+02 7.0265197754e+02 7.0281701660e+02 7.0292700195e+02 7.0298199463e+02 7.0295300293e+02 7.0283502197e+02 7.0275299072e+02 7.0268298340e+02
6.9896600342e+02 6.9915197754e+02 6.9932098389e+02 6.9947198486e+02 6.9959899902e+02 6.9961999512e+02 6.9955798340e+02 6.9951898193e+02 6.9958502197e+02 6.9975000000e+02 6.9989801025e+02 7.0000000000e+02 7.0005603027e+02 7.0013201904e+02 7.0018103027e+02 7.0016198730e+02 7.0017401123e+02 7.0023797607e+02 7.0035302734e+02 7.0042602539e+02 7.0044201660e+02 7.0047497559e+02 7.0053002930e+02 7.0063000488e+02 7.0078198242e+02 7.0090301514e+02 7.0103900146e+02 7.0111499023e+02 7.0116198730e+02 7.0128302002e+02 7.0137902832e+02 7.0148297119e+02 7.0159698486e+02 7.0165002441e+02 7.0176000977e+02 7.0189300537e+02 7.0205297852e+02 7.0225299072e+02 7.0242297363e+02 7.0254302979e+02 7.0261499023e+02 7.0268103027e+02 7.0264099121e+02 7.0252600098e+02 7.0252502441e+02 7.0249401855e+02
6.9880902100e+02 6.9897100830e+02 6.9911999512e+02 6.9925201416e+02 6.9936798096e+02 6.9937799072e+02 6.9931402588e+02 6.9930200195e+02 6.9941998291e+02 6.9957299805e+02 6.9966699219e+02 6.9975000000e+02 6.9980902100e+02 6.9989697266e+02 6.9992602539e+02 6.9988897705e+02 6.9990899658e+02 7.0001000977e+02 7.0017901611e+02 7.0030603027e+02 7.0033197021e+02 7.0034100342e+02 7.0038702393e+02 7.0048297119e+02 7.0063299561e+02 7.0074902344e+02 7.0088500977e+02 7.0100799561e+02 7.0111700439e+02 7.0122998047e+02 7.0136499023e+02 7.0148797607e+02 7.0157897949e+02 7.0162298584e+02 7.0167901611e+02 7.0176800537e+02 7.0188000488e+02 7.0203100586e+02 7.0218597412e+02 7.0233398438e+02 7.0240100098e+02 7.0237298584e+02 7.0231597900e+02 7.0227600098e+02 7.0233502197e+02 7.0242700195e+02
6.9861901855e+02 6.9874102783e+02 6.9886401367e+02 6.9897198486e+02 6.9907702637e+02 6.9909399414e+02 6.9905700684e+02 6.9909497070e+02 6.9928399658e+02 6.9940399170e+02 6.9941699219e+02 6.9947900391e+02 6.9955401611e+02 6.9963598633e+02 6.9964001465e+02 6.9962402344e+02 6.9969097900e+02 6.9980401611e+02 6.9995697021e+02 7.0009497070e+02 7.0017297363e+02 7.0020800781e+02 7.0026501465e+02 7.0034002686e+02 7.0045697021e+02 7.0060900879e+02 7.0076000977e+02 7.0090600586e+02 7.0104998779e+02 7.0119201660e+02 7.0134997559e+02 7.0145800781e+02 7.0150500488e+02 7.0153302002e+02 7.0155102539e+02 7.0161999512e+02 7.0170098877e+02 7.0177801514e+02 7.0187200928e+02 7.0202801514e+02 7.0216101074e+02 7.0211901855e+02 7.0209301758e+02 7.0214001465e+02 7.0224401855e+02 7.0244000244e+02
6.9839001465e+02 6.9844702148e+02 6.9853100586e+02 6.9862597656e+02 6.9870898438e+02 6.9875201416e+02 6.9876202393e+02 6.9884197998e+02 6.9902502441e+02 6.9915002441e+02 6.9915802002e+02 6.9922998047e+02 6.9933300781e+02 6.9932897949e+02 6.9934899902e+02 6.9940002441e+02 6.9952197266e+02 6.9963800049e+02 6.9974200439e+02 6.9985699463e+02 6.9998400879e+02 7.0008001709e+02 7.0013702393e+02 7.0017602539e+02 7.0026501465e+02 7.0043597412e+02 7.0062200928e+02 7.0078601074e+02 7.0092102051e+02 7.0106500244e+02 7.0121197510e+02 7.0128497314e+02 7.0130200195e+02 7.0128997803e+02 7.0130401611e+02 7.0139898682e+02 7.0151300049e+02 7.0152801514e+02 7.0156097412e+02 7.0165502930e+02 7.0179101563e+02 7.0185198975e+02 7.0191900635e+02 7.0204699707e+02 7.0224902344e+02 7.0245898438e+02
6.9813098145e+02 6.9813897705e+02 6.9819598389e+02 6.9828497314e+02 6.9838299561e+02 6.9843402100e+02 6.9846697998e+02 6.9854797363e+02 6.9871899414e+02 6.9884802246e+02 6.9892401123e+02 6.9901300049e+02 6.9905902100e+02 6.9907702637e+02 6.9915698242e+02 6.9926300049e+02 6.9936199951e+02 6.9945800781e+02 6.9959002686e+02 6.9971600342e+02 6.9982501221e+02 6.9990399170e+02 6.9998297119e+02 7.0004302979e+02 7.0010101318e+02 7.0024102783e+02 7.0043902588e+02 7.0063299561e+02 7.0078399658e+02 7.0088299561e+02 7.0094598389e+02 7.0097601318e+02 7.0099902344e+02 7.0100299072e+02 7.0100201416e+02 7.0107501221e+02 7.0119000244e+02 7.0127600098e+02 7.0135400391e+02 7.0142102051e+02 7.0148400879e+02 7.0159100342e+02 7.0173999023e+02 7.0193701172e+02 7.0217901611e+02 7.0236798096e+02
6.9787799072e+02 6.9787500000e+02 6.9791497803e+02 6.9798901367e+02 6.9808398438e+02 6.9815100098e+02 6.9819897461e+02 6.9828198242e+02 6.9842700195e+02 6.9856402588e+02 6.9866998291e+02 6.9874200439e+02 6.9873602295e+02 6.9874597168e+02 6.9887500000e+02 6.9909899902e+02 6.9924200439e+02 6.9931298828e+02 6.9946398926e+02 6.9960699463e+02 6.9968902588e+02 6.9971002197e+02 6.9975598145e+02 6.9983697510e+02 6.9994000244e+02 7.0008001709e+02 7.0025701904e+02 7.0043597412e+02 7.0058300781e+02 7.0064599609e+02 7.0065899658e+02 7.0066699219e+02 7.0070098877e+02 7.0074401855e+02 7.0076300049e+02 7.0081896973e+02 7.0090502930e+02 7.0098297119e+02 7.0108099365e+02 7.0118402100e+02 7.0125299072e+02 7.0135998535e+02 7.0153601074e+02 7.0174298096e+02 7.0200000000e+02 7.0217199707e+02
6.9764501953e+02 6.9763397217e+02 6.9765899658e+02 6.9771997070e+02 6.9780603027e+02 6.9787701416e+02 6.9793798828e+02 6.9802801514e+02 6.9816497803e+02 6.9831896973e+02 6.9841802979e+02 6.9848400879e+02 6.9848699951e+02 6.9842999268e+02 6.9851599121e+02 6.9881500244e+02 6.9908502197e+02 6.9915802002e+02 6.9928601074e+02 6.9944000244e+02 6.9958300781e+02 6.9961297607e+02 6.9959899902e+02 6.9965698242e+02 6.9979199219e+02 6.9992102051e+02 7.0006500244e+02 7.0021197510e+02 7.0034600830e+02 7.0041101074e+02 7.0040899658e+02 7.0040698242e+02 7.0043798828e+02 7.0052197266e+02 7.0058898926e+02 7.0065399170e+02 7.0071398926e+02 7.0074499512e+02 7.0079199219e+02 7.0090399170e+02 7.0103198242e+02 7.0114697266e+02 7.0130200195e+02 7.0147698975e+02 7.0172302246e+02 7.0192602539e+02
6.9745098877e+02 6.9741900635e+02 6.9742401123e+02 6.9746301270e+02 6.9752099609e+02 6.9759399414e+02 6.9767401123e+02 6.9778198242e+02 6.9791998291e+02 6.9808001709e+02 6.9819500732e+02 6.9832000732e+02 6.9842102051e+02 6.9835797119e+02 6.9830603027e+02 6.9847601318e+02 6.9876098633e+02 6.9895501709e+02 6.9905700684e+02 6.9920397949e+02 6.9939001465e+02 6.9945501709e+02 6.9943701172e+02 6.9948901367e+02 6.9964202881e+02 6.9978802490e+02 6.9990698242e+02 7.0001397705e+02 7.0012500000e+02 7.0020202637e+02 7.0021197510e+02 7.0021002197e+02 7.0022998047e+02 7.0031597900e+02 7.0041101074e+02 7.0047302246e+02 7.0049902344e+02 7.0052801514e+02 7.0056500244e+02 7.0064801025e+02 7.0077502441e+02 7.0090698242e+02 7.0104498291e+02 7.0118902588e+02 7.0140301514e+02 7.0162402344e+02
6.9722998047e+02 6.9720300293e+02 6.9720800781e+02 6.9723101807e+02 6.9727099609e+02 6.9731597900e+02 6.9741497803e+02 6.9755999756e+02 6.9772601318e+02 6.9786401367e+02 6.9799200439e+02 6.9813897705e+02 6.9826000977e+02 6.9827099609e+02 6.9820800781e+02 6.9827600098e+02 6.9853399658e+02 6.9874200439e+02 6.9882800293e+02 6.9892297363e+02 6.9903997803e+02 6.9913299561e+02 6.9921997070e+02 6.9933099365e+02 6.9947100830e+02 6.9962200928e+02 6.9973101807e+02 6.9981597900e+02 6.9989599609e+02 6.9995697021e+02 6.9997497559e+02 6.9999401855e+02 7.0003497314e+02 7.0007397461e+02 7.0013800049e+02 7.0020300293e+02 7.0020397949e+02 7.0026702881e+02 7.0032800293e+02 7.0041400146e+02 7.0053601074e+02 7.0069598389e+02 7.0083599854e+02 7.0092700195e+02 7.0106701660e+02 7.0122100830e+02
6.9694897461e+02 6.9696398926e+02 6.9699798584e+02 6.9703802490e+02 6.9707702637e+02 6.9711602783e+02 6.9721697998e+02 6.9735699463e+02 6.9750000000e+02 6.9761297607e+02 6.9775500488e+02 6.9791400146e+02 6.9803002930e+02 6.9813098145e+02 6.9816601563e+02 6.9825000000e+02 6.9843798828e+02 6.9856298828e+02 6.9861499023e+02 6.9868499756e+02 6.9874902344e+02 6.9884698486e+02 6.9898999023e+02 6.9915698242e+02 6.9929602051e+02 6.9943103027e+02 6.9952502441e+02 6.9959698486e+02 6.9964801025e+02 6.9967498779e+02 6.9968402100e+02 6.9971099854e+02 6.9975000000e+02 6.9976599121e+02 6.9982397461e+02 6.9988702393e+02 6.9989801025e+02 6.9999102783e+02 7.0009497070e+02 7.0019396973e+02 7.0028900146e+02 7.0043402100e+02 7.0059802246e+02 7.0071197510e+02 7.0080902100e+02 7.0091101074e+02
6.9665600586e+02 6.9672198486e+02 6.9679101563e+02 6.9685998535e+02 6.9692199707e+02 6.9695898438e+02 6.9703900146e+02 6.9713800049e+02 6.9723699951e+02 6.9734600830e+02 6.9748999023e+02 6.9764697266e+02 6.9775897217e+02 6.9792700195e+02 6.9806500244e+02 6.9818902588e+02 6.9832800293e+02 6.9837902832e+02 6.9841601563e+02 6.9848498535e+02 6.9853399658e+02 6.9863897705e+02 6.9879602051e+02 6.9898999023e+02 6.9912902832e+02 6.9922302246e+02 6.9929797363e+02 6.9935998535e+02 6.9939300537e+02 6.9939099121e+02 6.9939099121e+02 6.9941699219e+02 6.9944702148e+02 6.9948699951e+02 6.9957202148e+02 6.9964001465e+02 6.9966198730e+02 6.9973297119e+02 6.9985302734e+02 6.9995098877e+02 7.0003100586e+02 7.0013201904e+02 7.0029199219e+02 7.0043902588e+02 7.0055999756e+02 7.0063598633e+02
