TESTSERVER/15/3.asc
NCOLS 100
NROWS 100
XLLCORNER 8.2497500000e+03
YLLCORNER 2.8980025000e+05
CELLSIZE 5.0000000000e-01
NODATA_VALUE -9.9990000000e+03
[rows 40 to 59 of 100, columns 46 to 91 of 100]
6.9141400146e+02 6.9150201416e+02 6.9160998535e+02 6.9171398926e+02 6.9184301758e+02 6.9196600342e+02 6.9210302734e+02 6.9218298340e+02 6.9228399658e+02 6.9234997559e+02 6.9232800293e+02 6.9236199951e+02 6.9245001221e+02 6.9255499268e+02 6.9265301514e+02 6.9269201660e+02 6.9273297119e+02 6.9280297852e+02 6.9295898438e+02 6.9316497803e+02 6.9332000732e+02 6.9334197998e+02 6.9338299561e+02 6.9345397949e+02 6.9342999268e+02 6.9338098145e+02 6.9345001221e+02 6.9355700684e+02 6.9364300537e+02 6.9379602051e+02 6.9386102295e+02 6.9390100098e+02 6.9402801514e+02 6.9410998535e+02 6.9414202881e+02 6.9421997070e+02 6.9422399902e+02 6.9418402100e+02 6.9419799805e+02 6.9417199707e+02 6.9420800781e+02 6.9433801270e+02 6.9449902344e+02 6.9468701172e+02 6.9488897705e+02 6.9510797119e+02
6.9131402588e+02 6.9142901611e+02 6.9154400635e+02 6.9166302490e+02 6.9179901123e+02 6.9192199707e+02 6.9202502441e+02 6.9207098389e+02 6.9212902832e+02 6.9217999268e+02 6.9221502686e+02 6.9228002930e+02 6.9235601807e+02 6.9244201660e+02 6.9251098633e+02 6.9258398438e+02 6.9265197754e+02 6.9270098877e+02 6.9284399414e+02 6.9297900391e+02 6.9312902832e+02 6.9322900391e+02 6.9329797363e+02 6.9335601807e+02 6.9336199951e+02 6.9333697510e+02 6.9340002441e+02 6.9345898438e+02 6.9352301025e+02 6.9363397217e+02 6.9371801758e+02 6.9375799561e+02 6.9388000488e+02 6.9398602295e+02 6.9399902344e+02 6.9400097656e+02 6.9401098633e+02 6.9401501465e+02 6.9405603027e+02 6.9406201172e+02 6.9411401367e+02 6.9423297119e+02 6.9439202881e+02 6.9458300781e+02 6.9474597168e+02 6.9489801025e+02
6.9126501465e+02 6.9140002441e+02 6.9150299072e+02 6.9161401367e+02 6.9173797607e+02 6.9184399414e+02 6.9192602539e+02 6.9199298096e+02 6.9206201172e+02 6.9211700439e+02 6.9213702393e+02 6.9218499756e+02 6.9227001953e+02 6.9235101318e+02 6.9239501953e+02 6.9246197510e+02 6.9252502441e+02 6.9260198975e+02 6.9274902344e+02 6.9286602783e+02 6.9300402832e+02 6.9313598633e+02 6.9322302246e+02 6.9332702637e+02 6.9336602783e+02 6.9330297852e+02 6.9330401611e+02 6.9332202148e+02 6.9338800049e+02 6.9350201416e+02 6.9359399414e+02 6.9364599609e+02 6.9373797607e+02 6.9386798096e+02 6.9396502686e+02 6.9391497803e+02 6.9388000488e+02 6.9387701416e+02 6.9391802979e+02 6.9393902588e+02 6.9400000000e+02 6.9410601807e+02 6.9426098633e+02 6.9445501709e+02 6.9462799072e+02 6.9480999756e+02
6.9122998047e+02 6.9137097168e+02 6.9145501709e+02 6.9152899170e+02 6.9161999512e+02 6.9170098877e+02 6.9178900146e+02 6.9186901855e+02 6.9198699951e+02 6.9208801270e+02 6.9210601807e+02 6.9212902832e+02 6.9221301270e+02 6.9228497314e+02 6.9231896973e+02 6.9235900879e+02 6.9239202881e+02 6.9248400879e+02 6.9263098145e+02 6.9275097656e+02 6.9286798096e+02 6.9299298096e+02 6.9308801270e+02 6.9319702148e+02 6.9326800537e+02 6.9322998047e+02 6.9322198486e+02 6.9323699951e+02 6.9328100586e+02 6.9336297607e+02 6.9345098877e+02 6.9353198242e+02 6.9361297607e+02 6.9375897217e+02 6.9392297363e+02 6.9386798096e+02 6.9378802490e+02 6.9376397705e+02 6.9378802490e+02 6.9381701660e+02 6.9388897705e+02 6.9398199463e+02 6.9414398193e+02 6.9435101318e+02 6.9454302979e+02 6.9475598145e+02
6.9115899658e+02 6.9124200439e+02 6.9130902100e+02 6.9136199951e+02 6.9142199707e+02 6.9149700928e+02 6.9160699463e+02 6.9168701172e+02 6.9180200195e+02 6.9192102051e+02 6.9200402832e+02 6.9211901855e+02 6.9217401123e+02 6.9221301270e+02 6.9223797607e+02 6.9227801514e+02 6.9231201172e+02 6.9237402344e+02 6.9250897217e+02 6.9260400391e+02 6.9268902588e+02 6.9277600098e+02 6.9285302734e+02 6.9289001465e+02 6.9296002197e+02 6.9303100586e+02 6.9308197021e+02 6.9312298584e+02 6.9317999268e+02 6.9324401855e+02 6.9331097412e+02 6.9342700195e+02 6.9350500488e+02 6.9360699463e+02 6.9372601318e+02 6.9372497559e+02 6.9370800781e+02 6.9372100830e+02 6.9372497559e+02 6.9378198242e+02 6.9387402344e+02 6.9397998047e+02 6.9413702393e+02 6.9428997803e+02 6.9450500488e+02 6.9470001221e+02
6.9101098633e+02 6.9105999756e+02 6.9112597656e+02 6.9119500732e+02 6.9123901367e+02 6.9129498291e+02 6.9138702393e+02 6.9148602295e+02 6.9160900879e+02 6.9173797607e+02 6.9185101318e+02 6.9198901367e+02 6.9208898926e+02 6.9215997314e+02 6.9218103027e+02 6.9214898682e+02 6.9216802979e+02 6.9224499512e+02 6.9235302734e+02 6.9243701172e+02 6.9252099609e+02 6.9258502197e+02 6.9266101074e+02 6.9271002197e+02 6.9276000977e+02 6.9282202148e+02 6.9290399170e+02 6.9295501709e+02 6.9302301025e+02 6.9310601807e+02 6.9318798828e+02 6.9327801514e+02 6.9333398438e+02 6.9340197754e+02 6.9350598145e+02 6.9356799316e+02 6.9359399414e+02 6.9360900879e+02 6.9365100098e+02 6.9375299072e+02 6.9385101318e+02 6.9398498535e+02 6.9414202881e+02 6.9424700928e+02 6.9438800049e+02 6.9454699707e+02
6.9083502197e+02 6.9087298584e+02 6.9092297363e+02 6.9100000000e+02 6.9107897949e+02 6.9115698242e+02 6.9124298096e+02 6.9133502197e+02 6.9145501709e+02 6.9159002686e+02 6.9171502686e+02 6.9186901855e+02 6.9199902344e+02 6.9205700684e+02 6.9205200195e+02 6.9200299072e+02 6.9201501465e+02 6.9208697510e+02 6.9216900635e+02 6.9223699951e+02 6.9231298828e+02 6.9239202881e+02 6.9249200439e+02 6.9256896973e+02 6.9263000488e+02 6.9268701172e+02 6.9276397705e+02 6.9284698486e+02 6.9290002441e+02 6.9295098877e+02 6.9302899170e+02 6.9308801270e+02 6.9313800049e+02 6.9320501709e+02 6.9329199219e+02 6.9339801025e+02 6.9347302246e+02 6.9354101563e+02 6.9366497803e+02 6.9380401611e+02 6.9393200684e+02 6.9408502197e+02 6.9420599365e+02 6.9423400879e+02 6.9426800537e+02 6.9439599609e+02
6.9065698242e+02 6.9067999268e+02 6.9072302246e+02 6.9080499268e+02 6.9092199707e+02 6.9101397705e+02 6.9108697510e+02 6.9115899658e+02 6.9127502441e+02 6.9142602539e+02 6.9158197021e+02 6.9172998047e+02 6.9187200928e+02 6.9189697266e+02 6.9187597656e+02 6.9186700439e+02 6.9187902832e+02 6.9192102051e+02 6.9196899414e+02 6.9203997803e+02 6.9211602783e+02 6.9222100830e+02 6.9234301758e+02 6.9243402100e+02 6.9250402832e+02 6.9256097412e+02 6.9264599609e+02 6.9278100586e+02 6.9281799316e+02 6.9282000732e+02 6.9286499023e+02 6.9288598633e+02 6.9293499756e+02 6.9302001953e+02 6.9311401367e+02 6.9325000000e+02 6.9336199951e+02 6.9350299072e+02 6.9372900391e+02 6.9392199707e+02 6.9411602783e+02 6.9428002930e+02 6.9428497314e+02 6.9422802734e+02 6.9420300293e+02 6.9428100586e+02
6.9045898438e+02 6.9047601318e+02 6.9049298096e+02 6.9061999512e+02 6.9078997803e+02 6.9087298584e+02 6.9090802002e+02 6.9100897217e+02 6.9115002441e+02 6.9128601074e+02 6.9140698242e+02 6.9154602051e+02 6.9168402100e+02 6.9172198486e+02 6.9170800781e+02 6.9173901367e+02 6.9175000000e+02 6.9174298096e+02 6.9172998047e+02 6.9181799316e+02 6.9191497803e+02 6.9203601074e+02 6.9220098877e+02 6.9235699463e+02 6.9241400146e+02 6.9242401123e+02 6.9247198486e+02 6.9255798340e+02 6.9258398438e+02 6.9262902832e+02 6.9271899414e+02 6.9270300293e+02 6.9275097656e+02 6.9282702637e+02 6.9293902588e+02 6.9308398438e+02 6.9323400879e+02 6.9346002197e+02 6.9376599121e+02 6.9397198486e+02 6.9415197754e+02 6.9429901123e+02 6.9429901123e+02 6.9424902344e+02 6.9419799805e+02 6.9418402100e+02
6.9028198242e+02 6.9030102539e+02 6.9031402588e+02 6.9048297119e+02 6.9066699219e+02 6.9069097900e+02 6.9072698975e+02 6.9087799072e+02 6.9104901123e+02 6.9115899658e+02 6.9121197510e+02 6.9130499268e+02 6.9146301270e+02 6.9156597900e+02 6.9156201172e+02 6.9155401611e+02 6.9153198242e+02 6.9152001953e+02 6.9153198242e+02 6.9161798096e+02 6.9172399902e+02 6.9185601807e+02 6.9205603027e+02 6.9226000977e+02 6.9231701660e+02 6.9228601074e+02 6.9227398682e+02 6.9226098633e+02 6.9234301758e+02 6.9249902344e+02 6.9260699463e+02 6.9252899170e+02 6.9258898926e+02 6.9268200684e+02 6.9279498291e+02 6.9293402100e+02 6.9307202148e+02 6.9330603027e+02 6.9365301514e+02 6.9390899658e+02 6.9403997803e+02 6.9414398193e+02 6.9418402100e+02 6.9424102783e+02 6.9416998291e+02 6.9409002686e+02
6.9008502197e+02 6.9013201904e+02 6.9011999512e+02 6.9021398926e+02 6.9038098145e+02 6.9044000244e+02 6.9054498291e+02 6.9070800781e+02 6.9090002441e+02 6.9102001953e+02 6.9103497314e+02 6.9108898926e+02 6.9126098633e+02 6.9142797852e+02 6.9147497559e+02 6.9140802002e+02 6.9133599854e+02 6.9132397461e+02 6.9137597656e+02 6.9147100830e+02 6.9156201172e+02 6.9167102051e+02 6.9186199951e+02 6.9207897949e+02 6.9214697266e+02 6.9215600586e+02 6.9218298340e+02 6.9213702393e+02 6.9219598389e+02 6.9230401611e+02 6.9235797119e+02 6.9234997559e+02 6.9242700195e+02 6.9252697754e+02 6.9263702393e+02 6.9281298828e+02 6.9295300293e+02 6.9315899658e+02 6.9344097900e+02 6.9366198730e+02 6.9381597900e+02 6.9389398193e+02 6.9392199707e+02 6.9397998047e+02 6.9394299316e+02 6.9390399170e+02
6.8986999512e+02 6.8994396973e+02 6.8992297363e+02 6.8993597412e+02 6.9007501221e+02 6.9021398926e+02 6.9038397217e+02 6.9049401855e+02 6.9062097168e+02 6.9072698975e+02 6.9078100586e+02 6.9081500244e+02 6.9095397949e+02 6.9112597656e+02 6.9125000000e+02 6.9121899414e+02 6.9117199707e+02 6.9116998291e+02 6.9123797607e+02 6.9133099365e+02 6.9140197754e+02 6.9147998047e+02 6.9160302734e+02 6.9175201416e+02 6.9184600830e+02 6.9195599365e+02 6.9207397461e+02 6.9206201172e+02 6.9209301758e+02 6.9214001465e+02 6.9218499756e+02 6.9222998047e+02 6.9226800537e+02 6.9236102295e+02 6.9245697021e+02 6.9265002441e+02 6.9280603027e+02 6.9300299072e+02 6.9321002197e+02 6.9335900879e+02 6.9352899170e+02 6.9361999512e+02 6.9364202881e+02 6.9366802979e+02 6.9365502930e+02 6.9367102051e+02
6.8963702393e+02 6.8971099854e+02 6.8971398926e+02 6.8971697998e+02 6.8979901123e+02 6.8996997070e+02 6.9014697266e+02 6.9016497803e+02 6.9021301270e+02 6.9032000732e+02 6.9045202637e+02 6.9051702881e+02 6.9060699463e+02 6.9070397949e+02 6.9083599854e+02 6.9094702148e+02 6.9098199463e+02 6.9099298096e+02 6.9107000732e+02 6.9117602539e+02 6.9125000000e+02 6.9133502197e+02 6.9141101074e+02 6.9149700928e+02 6.9161602783e+02 6.9174902344e+02 6.9186700439e+02 6.9194000244e+02 6.9197900391e+02 6.9201397705e+02 6.9206402588e+02 6.9208398438e+02 6.9210601807e+02 6.9220898438e+02 6.9229498291e+02 6.9245697021e+02 6.9262799072e+02 6.9282800293e+02 6.9301397705e+02 6.9315600586e+02 6.9329400635e+02 6.9336999512e+02 6.9340301514e+02 6.9343701172e+02 6.9345599365e+02 6.9352600098e+02
6.8931298828e+02 6.8939501953e+02 6.8941900635e+02 6.8944598389e+02 6.8950402832e+02 6.8964202881e+02 6.8977600098e+02 6.8980499268e+02 6.8988098145e+02 6.9000000000e+02 6.9009899902e+02 6.9016497803e+02 6.9028302002e+02 6.9042199707e+02 6.9059002686e+02 6.9074298096e+02 6.9081201172e+02 6.9085101318e+02 6.9094201660e+02 6.9101202393e+02 6.9107501221e+02 6.9118103027e+02 6.9129400635e+02 6.9138000488e+02 6.9147802734e+02 6.9155401611e+02 6.9163897705e+02 6.9172198486e+02 6.9180902100e+02 6.9189501953e+02 6.9192401123e+02 6.9194897461e+02 6.9198999023e+02 6.9207397461e+02 6.9214898682e+02 6.9228302002e+02 6.9247198486e+02 6.9264697266e+02 6.9277301025e+02 6.9291802979e+02 6.9306701660e+02 6.9313897705e+02 6.9317700195e+02 6.9324102783e+02 6.9329602051e+02 6.9338397217e+02
6.8903100586e+02 6.8909802246e+02 6.8916400146e+02 6.8923101807e+02 6.8927801514e+02 6.8935601807e+02 6.8945202637e+02 6.8953002930e+02 6.8963201904e+02 6.8973901367e+02 6.8981597900e+02 6.8987402344e+02 6.8998699951e+02 6.9015502930e+02 6.9033801270e+02 6.9052099609e+02 6.9062799072e+02 6.9068103027e+02 6.9076000977e+02 6.9082800293e+02 6.9088800049e+02 6.9098297119e+02 6.9111199951e+02 6.9122100830e+02 6.9131500244e+02 6.9136602783e+02 6.9143798828e+02 6.9150799561e+02 6.9161798096e+02 6.9173699951e+02 6.9178601074e+02 6.9182397461e+02 6.9186602783e+02 6.9192797852e+02 6.9199298096e+02 6.9212298584e+02 6.9230297852e+02 6.9245001221e+02 6.9258599854e+02 6.9271002197e+02 6.9283300781e+02 6.9291601563e+02 6.9297302246e+02 6.9304797363e+02 6.9310900879e+02 6.9318798828e+02
6.8887902832e+02 6.8894201660e+02 6.8901702881e+02 6.8909301758e+02 6.8913897705e+02 6.8920001221e+02 6.8926800537e+02 6.8937200928e+02 6.8946697998e+02 6.8954797363e+02 6.8962200928e+02 6.8969702148e+02 6.8980499268e+02 6.8994799805e+02 6.9011499023e+02 6.9031799316e+02 6.9041497803e+02 6.9044396973e+02 6.9051501465e+02 6.9059002686e+02 6.9066699219e+02 6.9075299072e+02 6.9087500000e+02 6.9100402832e+02 6.9111401367e+02 6.9116900635e+02 6.9123699951e+02 6.9130200195e+02 6.9139801025e+02 6.9151800537e+02 6.9159698486e+02 6.9166802979e+02 6.9171099854e+02 6.9176300049e+02 6.9183697510e+02 6.9195599365e+02 6.9211401367e+02 6.9226202393e+02 6.9243499756e+02 6.9252600098e+02 6.9261798096e+02 6.9268200684e+02 6.9272399902e+02 6.9282000732e+02 6.9290502930e+02 6.9294299316e+02
6.8874499512e+02 6.8883099365e+02 6.8890301514e+02 6.8897100830e+02 6.8903497314e+02 6.8911602783e+02 6.8917102051e+02 6.8926202393e+02 6.8935302734e+02 6.8941198730e+02 6.8948199463e+02 6.8959802246e+02 6.8970397949e+02 6.8980798340e+02 6.8993902588e+02 6.9012799072e+02 6.9021801758e+02 6.9025598145e+02 6.9031402588e+02 6.9036798096e+02 6.9047198486e+02 6.9058801270e+02 6.9068103027e+02 6.9075799561e+02 6.9084600830e+02 6.9091601563e+02 6.9098400879e+02 6.9103002930e+02 6.9110601807e+02 6.9122399902e+02 6.9130603027e+02 6.9140997314e+02 6.9147302246e+02 6.9154998779e+02 6.9166497803e+02 6.9172100830e+02 6.9186297607e+02 6.9204901123e+02 6.9227502441e+02 6.9231896973e+02 6.9240399170e+02 6.9246600342e+02 6.9243798828e+02 6.9257800293e+02 6.9273602295e+02 6.9274102783e+02
6.8864501953e+02 6.8873297119e+02 6.8879797363e+02 6.8888500977e+02 6.8895697021e+02 6.8902801514e+02 6.8908599854e+02 6.8915399170e+02 6.8925500488e+02 6.8933599854e+02 6.8943597412e+02 6.8951702881e+02 6.8959899902e+02 6.8970397949e+02 6.8979498291e+02 6.8991497803e+02 6.9003302002e+02 6.9013598633e+02 6.9021697998e+02 6.9025201416e+02 6.9034197998e+02 6.9046899414e+02 6.9057800293e+02 6.9063098145e+02 6.9067401123e+02 6.9071899414e+02 6.9076202393e+02 6.9079797363e+02 6.9086102295e+02 6.9095800781e+02 6.9104602051e+02 6.9113397217e+02 6.9122497559e+02 6.9129797363e+02 6.9138897705e+02 6.9144000244e+02 6.9153698730e+02 6.9167602539e+02 6.9187097168e+02 6.9194799805e+02 6.9199200439e+02 6.9207702637e+02 6.9214801025e+02 6.9226202393e+02 6.9237701416e+02 6.9239398193e+02
6.8856500244e+02 6.8862799072e+02 6.8867999268e+02 6.8880401611e+02 6.8890002441e+02 6.8898400879e+02 6.8905401611e+02 6.8911999512e+02 6.8921197510e+02 6.8929302979e+02 6.8939501953e+02 6.8947497559e+02 6.8953802490e+02 6.8963800049e+02 6.8973101807e+02 6.8983898926e+02 6.8994500732e+02 6.9003100586e+02 6.9009197998e+02 6.9013800049e+02 6.9021697998e+02 6.9031701660e+02 6.9040997314e+02 6.9049102783e+02 6.9055603027e+02 6.9059002686e+02 6.9058599854e+02 6.9062402344e+02 6.9068701172e+02 6.9078302002e+02 6.9087402344e+02 6.9097198486e+02 6.9107702637e+02 6.9113201904e+02 6.9119000244e+02 6.9125598145e+02 6.9133001709e+02 6.9142401123e+02 6.9153497314e+02 6.9163098145e+02 6.9171099854e+02 6.9182202148e+02 6.9195898438e+02 6.9204199219e+02 6.9212298584e+02 6.9216900635e+02
6.8831402588e+02 6.8838397217e+02 6.8844201660e+02 6.8855798340e+02 6.8868103027e+02 6.8880499268e+02 6.8893597412e+02 6.8902697754e+02 6.8911401367e+02 6.8918402100e+02 6.8927600098e+02 6.8938000488e+02 6.8945898438e+02 6.8957598877e+02 6.8967700195e+02 6.8979901123e+02 6.8988397217e+02 6.8994500732e+02 6.8999597168e+02 6.9005401611e+02 6.9010198975e+02 6.9014202881e+02 6.9018701172e+02 6.9024902344e+02 6.9032598877e+02 6.9038201904e+02 6.9041101074e+02 6.9046600342e+02 6.9053601074e+02 6.9064202881e+02 6.9074597168e+02 6.9083898926e+02 6.9092700195e+02 6.9099102783e+02 6.9105700684e+02 6.9113800049e+02 6.9121997070e+02 6.9131402588e+02 6.9141699219e+02 6.9154901123e+02 6.9164300537e+02 6.9172998047e+02 6.9185198975e+02 6.9195202637e+02 6.9204199219e+02 6.9210699463e+02
