TESTSERVER/15/3.asc
NCOLS 100
NROWS 100
XLLCORNER 8.2497500000e+03
YLLCORNER 2.8980025000e+05
CELLSIZE 5.0000000000e-01
NODATA_VALUE -9.9990000000e+03
[rows 80 to 99 of 100, columns 0 to 45 of 100]
6.8010101318e+02 6.8015899658e+02 6.8024499512e+02 6.8032501221e+02 6.8042498779e+02 6.8050897217e+02 6.8060101318e+02 6.8066497803e+02 6.8073400879e+02 6.8082098389e+02 6.8091802979e+02 6.8101397705e+02 6.8109100342e+02 6.8117498779e+02 6.8126098633e+02 6.8135900879e+02 6.8144396973e+02 6.8151800537e+02 6.8158697510e+02 6.8167700195e+02 6.8177801514e+02 6.8185900879e+02 6.8195800781e+02 6.8204901123e+02 6.8212902832e+02 6.8221099854e+02 6.8229498291e+02 6.8237298584e+02 6.8243902588e+02 6.8253002930e+02 6.8262597656e+02 6.8270098877e+02 6.8280700684e+02 6.8288500977e+02 6.8296600342e+02 6.8308001709e+02 6.8321002197e+02 6.8331097412e+02 6.8341198730e+02 6.8351000977e+02 6.8362298584e+02 6.8373901367e+02 6.8383697510e+02 6.8393200684e+02 6.8402801514e+02 6.8415301514e+02
6.7996301270e+02 6.8004699707e+02 6.8011901855e+02 6.8017401123e+02 6.8025097656e+02 6.8034100342e+02 6.8042700195e+02 6.8050000000e+02 6.8056097412e+02 6.8065301514e+02 6.8074798584e+02 6.8083898926e+02 6.8092498779e+02 6.8101098633e+02 6.8108697510e+02 6.8118902588e+02 6.8127899170e+02 6.8134100342e+02 6.8141101074e+02 6.8150897217e+02 6.8160498047e+02 6.8169299316e+02 6.8180102539e+02 6.8188800049e+02 6.8195098877e+02 6.8203302002e+02 6.8212097168e+02 6.8220599365e+02 6.8227600098e+02 6.8236297607e+02 6.8244897461e+02 6.8252001953e+02 6.8261499023e+02 6.8271600342e+02 6.8282098389e+02 6.8293298340e+02 6.8303497314e+02 6.8314599609e+02 6.8324102783e+02 6.8333801270e+02 6.8346697998e+02 6.8357202148e+02 6.8366601563e+02 6.8376702881e+02 6.8385699463e+02 6.8398199463e+02
6.7982800293e+02 6.7990197754e+02 6.7995800781e+02 6.8001397705e+02 6.8007702637e+02 6.8015899658e+02 6.8025000000e+02 6.8034301758e+02 6.8039501953e+02 6.8048901367e+02 6.8058398438e+02 6.8066900635e+02 6.8076000977e+02 6.8084899902e+02 6.8092498779e+02 6.8103302002e+02 6.8113299561e+02 6.8119702148e+02 6.8127099609e+02 6.8136499023e+02 6.8145599365e+02 6.8154602051e+02 6.8163397217e+02 6.8171197510e+02 6.8178100586e+02 6.8187200928e+02 6.8196600342e+02 6.8204199219e+02 6.8211602783e+02 6.8221398926e+02 6.8228900146e+02 6.8235302734e+02 6.8244299316e+02 6.8254101563e+02 6.8264697266e+02 6.8276397705e+02 6.8285797119e+02 6.8297698975e+02 6.8307299805e+02 6.8316802979e+02 6.8328399658e+02 6.8338098145e+02 6.8348101807e+02 6.8359197998e+02 6.8368597412e+02 6.8381597900e+02
6.7966900635e+02 6.7975701904e+02 6.7981597900e+02 6.7987701416e+02 6.7994598389e+02 6.8001800537e+02 6.8009100342e+02 6.8017498779e+02 6.8025097656e+02 6.8033599854e+02 6.8042401123e+02 6.8050799561e+02 6.8059497070e+02 6.8067199707e+02 6.8075299072e+02 6.8086297607e+02 6.8095397949e+02 6.8103198242e+02 6.8111297607e+02 6.8121002197e+02 6.8130102539e+02 6.8138702393e+02 6.8146899414e+02 6.8154602051e+02 6.8162500000e+02 6.8171697998e+02 6.8180401611e+02 6.8187200928e+02 6.8195898438e+02 6.8205102539e+02 6.8212902832e+02 6.8220098877e+02 6.8228399658e+02 6.8237097168e+02 6.8246801758e+02 6.8257800293e+02 6.8268103027e+02 6.8279400635e+02 6.8289599609e+02 6.8299902344e+02 6.8310797119e+02 6.8322100830e+02 6.8332098389e+02 6.8342797852e+02 6.8352197266e+02 6.8363500977e+02
6.7951501465e+02 6.7961798096e+02 6.7968597412e+02 6.7975500488e+02 6.7984698486e+02 6.7991101074e+02 6.7997399902e+02 6.8003100586e+02 6.8010699463e+02 6.8017797852e+02 6.8025897217e+02 6.8034399414e+02 6.8042999268e+02 6.8049401855e+02 6.8058398438e+02 6.8069097900e+02 6.8076397705e+02 6.8084497070e+02 6.8094396973e+02 6.8104302979e+02 6.8113299561e+02 6.8120697021e+02 6.8130102539e+02 6.8138897705e+02 6.8146502686e+02 6.8155200195e+02 6.8163098145e+02 6.8170300293e+02 6.8181201172e+02 6.8188500977e+02 6.8197100830e+02 6.8206500244e+02 6.8214300537e+02 6.8223797607e+02 6.8233099365e+02 6.8242498779e+02 6.8253002930e+02 6.8262298584e+02 6.8273797607e+02 6.8284497070e+02 6.8293103027e+02 6.8305700684e+02 6.8314898682e+02 6.8324298096e+02 6.8335498047e+02 6.8345599365e+02
6.7939898682e+02 6.7947100830e+02 6.7955297852e+02 6.7962500000e+02 6.7969396973e+02 6.7975097656e+02 6.7983599854e+02 6.7990698242e+02 6.7997698975e+02 6.8002398682e+02 6.8009899902e+02 6.8017999268e+02 6.8025402832e+02 6.8033898926e+02 6.8042999268e+02 6.8053198242e+02 6.8061499023e+02 6.8070397949e+02 6.8079498291e+02 6.8087701416e+02 6.8095898438e+02 6.8102899170e+02 6.8113201904e+02 6.8121997070e+02 6.8129498291e+02 6.8137701416e+02 6.8147100830e+02 6.8155401611e+02 6.8163598633e+02 6.8171600342e+02 6.8180200195e+02 6.8189898682e+02 6.8197698975e+02 6.8208898926e+02 6.8219598389e+02 6.8228601074e+02 6.8237200928e+02 6.8246697998e+02 6.8257897949e+02 6.8268103027e+02 6.8277301025e+02 6.8288000488e+02 6.8298699951e+02 6.8308898926e+02 6.8319299316e+02 6.8330297852e+02
6.7927502441e+02 6.7934698486e+02 6.7942297363e+02 6.7949700928e+02 6.7956799316e+02 6.7961297607e+02 6.7968902588e+02 6.7976501465e+02 6.7984997559e+02 6.7990698242e+02 6.7998400879e+02 6.8005297852e+02 6.8010797119e+02 6.8020300293e+02 6.8029998779e+02 6.8039001465e+02 6.8047698975e+02 6.8057501221e+02 6.8064697266e+02 6.8071301270e+02 6.8079699707e+02 6.8086700439e+02 6.8096502686e+02 6.8105902100e+02 6.8114599609e+02 6.8122802734e+02 6.8132098389e+02 6.8141802979e+02 6.8149798584e+02 6.8156799316e+02 6.8163800049e+02 6.8173602295e+02 6.8183398438e+02 6.8194201660e+02 6.8204101563e+02 6.8212597656e+02 6.8220697021e+02 6.8229901123e+02 6.8240502930e+02 6.8251000977e+02 6.8262298584e+02 6.8272998047e+02 6.8283099365e+02 6.8292602539e+02 6.8301300049e+02 6.8313598633e+02
6.7912097168e+02 6.7921002197e+02 6.7927502441e+02 6.7934197998e+02 6.7942401123e+02 6.7947198486e+02 6.7955401611e+02 6.7962402344e+02 6.7968798828e+02 6.7976300049e+02 6.7985699463e+02 6.7992700195e+02 6.7997900391e+02 6.8006896973e+02 6.8016198730e+02 6.8023999023e+02 6.8032299805e+02 6.8042297363e+02 6.8050299072e+02 6.8057000732e+02 6.8065197754e+02 6.8073999023e+02 6.8082397461e+02 6.8090197754e+02 6.8099499512e+02 6.8108099365e+02 6.8116998291e+02 6.8126800537e+02 6.8135998535e+02 6.8143103027e+02 6.8149298096e+02 6.8158697510e+02 6.8169000244e+02 6.8177697754e+02 6.8187701416e+02 6.8196600342e+02 6.8204901123e+02 6.8215197754e+02 6.8224700928e+02 6.8233398438e+02 6.8243298340e+02 6.8255297852e+02 6.8265997314e+02 6.8276300049e+02 6.8283599854e+02 6.8295202637e+02
6.7897399902e+02 6.7905603027e+02 6.7913000488e+02 6.7919702148e+02 6.7928100586e+02 6.7932397461e+02 6.7940899658e+02 6.7948498535e+02 6.7953900146e+02 6.7960601807e+02 6.7970800781e+02 6.7977197266e+02 6.7982098389e+02 6.7991802979e+02 6.8000402832e+02 6.8008001709e+02 6.8015997314e+02 6.8024902344e+02 6.8034197998e+02 6.8042401123e+02 6.8047601318e+02 6.8057800293e+02 6.8067199707e+02 6.8074798584e+02 6.8083697510e+02 6.8093597412e+02 6.8102398682e+02 6.8109802246e+02 6.8118200684e+02 6.8127301025e+02 6.8134698486e+02 6.8143298340e+02 6.8152001953e+02 6.8160699463e+02 6.8170800781e+02 6.8180902100e+02 6.8190002441e+02 6.8201098633e+02 6.8209002686e+02 6.8216900635e+02 6.8227801514e+02 6.8238299561e+02 6.8248699951e+02 6.8259698486e+02 6.8268200684e+02 6.8279400635e+02
6.7883599854e+02 6.7891998291e+02 6.7900299072e+02 6.7907000732e+02 6.7914697266e+02 6.7919500732e+02 6.7925201416e+02 6.7932800293e+02 6.7940301514e+02 6.7947100830e+02 6.7957299805e+02 6.7964398193e+02 6.7968701172e+02 6.7977600098e+02 6.7986199951e+02 6.7992102051e+02 6.7998699951e+02 6.8008001709e+02 6.8017999268e+02 6.8027697754e+02 6.8033801270e+02 6.8041101074e+02 6.8049798584e+02 6.8059301758e+02 6.8068701172e+02 6.8077099609e+02 6.8086901855e+02 6.8095800781e+02 6.8103601074e+02 6.8111999512e+02 6.8120800781e+02 6.8130401611e+02 6.8139099121e+02 6.8147998047e+02 6.8156097412e+02 6.8165997314e+02 6.8175598145e+02 6.8185198975e+02 6.8194000244e+02 6.8203198242e+02 6.8213500977e+02 6.8223699951e+02 6.8233398438e+02 6.8244201660e+02 6.8252899170e+02 6.8263098145e+02
6.7870800781e+02 6.7878900146e+02 6.7886199951e+02 6.7892602539e+02 6.7900097656e+02 6.7906201172e+02 6.7911999512e+02 6.7919396973e+02 6.7926501465e+02 6.7934399414e+02 6.7943402100e+02 6.7950897217e+02 6.7956402588e+02 6.7963201904e+02 6.7971398926e+02 6.7978802490e+02 6.7985998535e+02 6.7994299316e+02 6.8003698730e+02 6.8013500977e+02 6.8020397949e+02 6.8027001953e+02 6.8034997559e+02 6.8044000244e+02 6.8053198242e+02 6.8061199951e+02 6.8071197510e+02 6.8081097412e+02 6.8088397217e+02 6.8097198486e+02 6.8106402588e+02 6.8115600586e+02 6.8123699951e+02 6.8132702637e+02 6.8140600586e+02 6.8150598145e+02 6.8159997559e+02 6.8168499756e+02 6.8178698730e+02 6.8189202881e+02 6.8198699951e+02 6.8207299805e+02 6.8217297363e+02 6.8226800537e+02 6.8235998535e+02 6.8247601318e+02
6.7856201172e+02 6.7864697266e+02 6.7872399902e+02 6.7878802490e+02 6.7885699463e+02 6.7892999268e+02 6.7899499512e+02 6.7905700684e+02 6.7911901855e+02 6.7920898438e+02 6.7929602051e+02 6.7936999512e+02 6.7943798828e+02 6.7949700928e+02 6.7957299805e+02 6.7966699219e+02 6.7975201416e+02 6.7982202148e+02 6.7989801025e+02 6.7998101807e+02 6.8004901123e+02 6.8012402344e+02 6.8021697998e+02 6.8030401611e+02 6.8039501953e+02 6.8047497559e+02 6.8056799316e+02 6.8066302490e+02 6.8073199463e+02 6.8082098389e+02 6.8092102051e+02 6.8101098633e+02 6.8108300781e+02 6.8117297363e+02 6.8126599121e+02 6.8136297607e+02 6.8144000244e+02 6.8153198242e+02 6.8163897705e+02 6.8174902344e+02 6.8184100342e+02 6.8191101074e+02 6.8200598145e+02 6.8210198975e+02 6.8220300293e+02 6.8231799316e+02
6.7838598633e+02 6.7848797607e+02 6.7857202148e+02 6.7864898682e+02 6.7873400879e+02 6.7879998779e+02 6.7886798096e+02 6.7893798828e+02 6.7900402832e+02 6.7907800293e+02 6.7916802979e+02 6.7923999023e+02 6.7930603027e+02 6.7938098145e+02 6.7946197510e+02 6.7954602051e+02 6.7961798096e+02 6.7969598389e+02 6.7977099609e+02 6.7984399414e+02 6.7991900635e+02 6.8000097656e+02 6.8009002686e+02 6.8017797852e+02 6.8027197266e+02 6.8034197998e+02 6.8043200684e+02 6.8052697754e+02 6.8060601807e+02 6.8068402100e+02 6.8078198242e+02 6.8087200928e+02 6.8093298340e+02 6.8103302002e+02 6.8112701416e+02 6.8120898438e+02 6.8128698730e+02 6.8137701416e+02 6.8147198486e+02 6.8157501221e+02 6.8167199707e+02 6.8174798584e+02 6.8182897949e+02 6.8193402100e+02 6.8203198242e+02 6.8215002441e+02
6.7822998047e+02 6.7832397461e+02 6.7841101074e+02 6.7849798584e+02 6.7858801270e+02 6.7865197754e+02 6.7872601318e+02 6.7880999756e+02 6.7889300537e+02 6.7895397949e+02 6.7902001953e+02 6.7909600830e+02 6.7917999268e+02 6.7925799561e+02 6.7934399414e+02 6.7942199707e+02 6.7947998047e+02 6.7955999756e+02 6.7964599609e+02 6.7971197510e+02 6.7978900146e+02 6.7986297607e+02 6.7994396973e+02 6.8003997803e+02 6.8012097168e+02 6.8018798828e+02 6.8028802490e+02 6.8038201904e+02 6.8046600342e+02 6.8055499268e+02 6.8063598633e+02 6.8072998047e+02 6.8080499268e+02 6.8088598633e+02 6.8096697998e+02 6.8104797363e+02 6.8113897705e+02 6.8123400879e+02 6.8132800293e+02 6.8141900635e+02 6.8151397705e+02 6.8160198975e+02 6.8168798828e+02 6.8178601074e+02 6.8187597656e+02 6.8198199463e+02
6.7806701660e+02 6.7817401123e+02 6.7826300049e+02 6.7834802246e+02 6.7844097900e+02 6.7851000977e+02 6.7859100342e+02 6.7868597412e+02 6.7876898193e+02 6.7883801270e+02 6.7889898682e+02 6.7897100830e+02 6.7904998779e+02 6.7912298584e+02 6.7920800781e+02 6.7929302979e+02 6.7935302734e+02 6.7943402100e+02 6.7952398682e+02 6.7958801270e+02 6.7966497803e+02 6.7972900391e+02 6.7980999756e+02 6.7990197754e+02 6.7997998047e+02 6.8005499268e+02 6.8015899658e+02 6.8025598145e+02 6.8032800293e+02 6.8041302490e+02 6.8048498535e+02 6.8057897949e+02 6.8066699219e+02 6.8074700928e+02 6.8083197021e+02 6.8092401123e+02 6.8100402832e+02 6.8108898926e+02 6.8117602539e+02 6.8125402832e+02 6.8134399414e+02 6.8144500732e+02 6.8153497314e+02 6.8162799072e+02 6.8171997070e+02 6.8182299805e+02
6.7789099121e+02 6.7800402832e+02 6.7809600830e+02 6.7818701172e+02 6.7828900146e+02 6.7837701416e+02 6.7846600342e+02 6.7856500244e+02 6.7864697266e+02 6.7871801758e+02 6.7879498291e+02 6.7886700439e+02 6.7893103027e+02 6.7899798584e+02 6.7907098389e+02 6.7915301514e+02 6.7922802734e+02 6.7931201172e+02 6.7939300537e+02 6.7945202637e+02 6.7953601074e+02 6.7960400391e+02 6.7968701172e+02 6.7977099609e+02 6.7985601807e+02 6.7991900635e+02 6.8001501465e+02 6.8011901855e+02 6.8019000244e+02 6.8026702881e+02 6.8034301758e+02 6.8043200684e+02 6.8051300049e+02 6.8059899902e+02 6.8069299316e+02 6.8078997803e+02 6.8086499023e+02 6.8094799805e+02 6.8103802490e+02 6.8111901855e+02 6.8119799805e+02 6.8129498291e+02 6.8138000488e+02 6.8147198486e+02 6.8156298828e+02 6.8168298340e+02
6.7771600342e+02 6.7782397461e+02 6.7792700195e+02 6.7803399658e+02 6.7814398193e+02 6.7823199463e+02 6.7833001709e+02 6.7843701172e+02 6.7852502441e+02 6.7859100342e+02 6.7867401123e+02 6.7875598145e+02 6.7883801270e+02 6.7889599609e+02 6.7896099854e+02 6.7902899170e+02 6.7909002686e+02 6.7918200684e+02 6.7926702881e+02 6.7932897949e+02 6.7940002441e+02 6.7947100830e+02 6.7956097412e+02 6.7964202881e+02 6.7973699951e+02 6.7980102539e+02 6.7988598633e+02 6.7998101807e+02 6.8005499268e+02 6.8013897705e+02 6.8022802734e+02 6.8030902100e+02 6.8037597656e+02 6.8045800781e+02 6.8054901123e+02 6.8064099121e+02 6.8071600342e+02 6.8079998779e+02 6.8089599609e+02 6.8099102783e+02 6.8106701660e+02 6.8115197754e+02 6.8123602295e+02 6.8132501221e+02 6.8141302490e+02 6.8152001953e+02
6.7752001953e+02 6.7764898682e+02 6.7776000977e+02 6.7786798096e+02 6.7798999023e+02 6.7809301758e+02 6.7819598389e+02 6.7829901123e+02 6.7839099121e+02 6.7847601318e+02 6.7856799316e+02 6.7864898682e+02 6.7872399902e+02 6.7879199219e+02 6.7886499023e+02 6.7892901611e+02 6.7898901367e+02 6.7906896973e+02 6.7915399170e+02 6.7922497559e+02 6.7930700684e+02 6.7936401367e+02 6.7944702148e+02 6.7951800537e+02 6.7959997559e+02 6.7968103027e+02 6.7977001953e+02 6.7985498047e+02 6.7992797852e+02 6.8000799561e+02 6.8009600830e+02 6.8017498779e+02 6.8025598145e+02 6.8034399414e+02 6.8042498779e+02 6.8050799561e+02 6.8058300781e+02 6.8066900635e+02 6.8076501465e+02 6.8084600830e+02 6.8091400146e+02 6.8099902344e+02 6.8108300781e+02 6.8117102051e+02 6.8127301025e+02 6.8137902832e+02
6.7732702637e+02 6.7746197510e+02 6.7758502197e+02 6.7769500732e+02 6.7781201172e+02 6.7792602539e+02 6.7803997803e+02 6.7814801025e+02 6.7824200439e+02 6.7833300781e+02 6.7843103027e+02 6.7851397705e+02 6.7859802246e+02 6.7866900635e+02 6.7874597168e+02 6.7882098389e+02 6.7889398193e+02 6.7896600342e+02 6.7904797363e+02 6.7911700439e+02 6.7920001221e+02 6.7926300049e+02 6.7934197998e+02 6.7940997314e+02 6.7947998047e+02 6.7955700684e+02 6.7964001465e+02 6.7972399902e+02 6.7980297852e+02 6.7988702393e+02 6.7996997070e+02 6.8004901123e+02 6.8013098145e+02 6.8021600342e+02 6.8028698730e+02 6.8036499023e+02 6.8044702148e+02 6.8053399658e+02 6.8062298584e+02 6.8069799805e+02 6.8077502441e+02 6.8085302734e+02 6.8093701172e+02 6.8103302002e+02 6.8113702393e+02 6.8124401855e+02
6.7714599609e+02 6.7726202393e+02 6.7738397217e+02 6.7750000000e+02 6.7762799072e+02 6.7775000000e+02 6.7786798096e+02 6.7798297119e+02 6.7809100342e+02 6.7818701172e+02 6.7829101563e+02 6.7839202881e+02 6.7848699951e+02 6.7855902100e+02 6.7863800049e+02 6.7871002197e+02 6.7878497314e+02 6.7885699463e+02 6.7894897461e+02 6.7901599121e+02 6.7908697510e+02 6.7915899658e+02 6.7923602295e+02 6.7930200195e+02 6.7937298584e+02 6.7944201660e+02 6.7951000977e+02 6.7959197998e+02 6.7967700195e+02 6.7976098633e+02 6.7984600830e+02 6.7992700195e+02 6.8000097656e+02 6.8008398438e+02 6.8015301514e+02 6.8022497559e+02 6.8031201172e+02 6.8039599609e+02 6.8047399902e+02 6.8054998779e+02 6.8063897705e+02 6.8072497559e+02 6.8080401611e+02 6.8089599609e+02 6.8098699951e+02 6.8108898926e+02
