TESTSERVER/15/4.asc
NCOLS 100
NROWS 100
XLLCORNER 8.2497500000e+03
YLLCORNER 2.8975025000e+05
CELLSIZE 5.0000000000e-01
NODATA_VALUE -9.9990000000e+03
[rows 80 to 99 of 100, columns 46 to 91 of 100]
6.6978100586e+02 6.6986901855e+02 6.6995202637e+02 6.7003302002e+02 6.7010998535e+02 6.7019097900e+02 6.7026702881e+02 6.7034301758e+02 6.7041497803e+02 6.7048498535e+02 6.7058502197e+02 6.7067901611e+02 6.7076397705e+02 6.7084100342e+02 6.7091900635e+02 6.7099902344e+02 6.7106896973e+02 6.7113500977e+02 6.7121997070e+02 6.7133398438e+02 6.7142901611e+02 6.7150201416e+02 6.7158697510e+02 6.7167602539e+02 6.7175097656e+02 6.7184399414e+02 6.7192602539e+02 6.7200701904e+02 6.7209301758e+02 6.7217901611e+02 6.7228198242e+02 6.7238598633e+02 6.7247399902e+02 6.7255499268e+02 6.7265502930e+02 6.7276501465e+02 6.7286999512e+02 6.7296899414e+02 6.7306896973e+02 6.7319097900e+02 6.7330200195e+02 6.7340698242e+02 6.7352001953e+02 6.7364001465e+02 6.7375097656e+02 6.7385400391e+02
6.6964300537e+02 6.6973699951e+02 6.6981402588e+02 6.6989697266e+02 6.6998101807e+02 6.7006201172e+02 6.7013598633e+02 6.7021502686e+02 6.7029901123e+02 6.7037402344e+02 6.7046197510e+02 6.7054901123e+02 6.7063397217e+02 6.7070300293e+02 6.7078100586e+02 6.7085900879e+02 6.7094097900e+02 6.7101300049e+02 6.7109197998e+02 6.7119201660e+02 6.7128198242e+02 6.7136401367e+02 6.7146002197e+02 6.7155798340e+02 6.7163800049e+02 6.7172497559e+02 6.7179101563e+02 6.7187298584e+02 6.7196099854e+02 6.7205999756e+02 6.7217401123e+02 6.7226300049e+02 6.7234600830e+02 6.7242700195e+02 6.7252301025e+02 6.7262298584e+02 6.7272698975e+02 6.7282897949e+02 6.7293798828e+02 6.7304302979e+02 6.7314099121e+02 6.7325701904e+02 6.7337799072e+02 6.7348498535e+02 6.7359802246e+02 6.7370300293e+02
6.6950598145e+02 6.6960101318e+02 6.6967602539e+02 6.6976202393e+02 6.6984100342e+02 6.6992797852e+02 6.7000201416e+02 6.7007299805e+02 6.7016400146e+02 6.7023999023e+02 6.7033099365e+02 6.7041601563e+02 6.7049700928e+02 6.7057702637e+02 6.7065002441e+02 6.7073400879e+02 6.7081597900e+02 6.7088500977e+02 6.7096697998e+02 6.7105798340e+02 6.7113800049e+02 6.7122399902e+02 6.7131799316e+02 6.7141497803e+02 6.7150097656e+02 6.7159301758e+02 6.7166802979e+02 6.7175201416e+02 6.7184399414e+02 6.7194897461e+02 6.7206097412e+02 6.7213598633e+02 6.7221600342e+02 6.7230200195e+02 6.7238500977e+02 6.7247802734e+02 6.7258599854e+02 6.7270098877e+02 6.7280200195e+02 6.7289599609e+02 6.7299102783e+02 6.7311102295e+02 6.7323199463e+02 6.7333697510e+02 6.7344299316e+02 6.7354998779e+02
6.6936102295e+02 6.6945599365e+02 6.6953497314e+02 6.6961499023e+02 6.6969299316e+02 6.6979199219e+02 6.6988299561e+02 6.6996002197e+02 6.7003198242e+02 6.7008801270e+02 6.7017999268e+02 6.7027502441e+02 6.7035400391e+02 6.7044000244e+02 6.7051202393e+02 6.7059698486e+02 6.7067901611e+02 6.7075000000e+02 6.7083398438e+02 6.7093298340e+02 6.7101501465e+02 6.7109600830e+02 6.7117999268e+02 6.7126702881e+02 6.7135498047e+02 6.7145397949e+02 6.7154699707e+02 6.7163299561e+02 6.7172497559e+02 6.7182501221e+02 6.7191998291e+02 6.7199902344e+02 6.7208197021e+02 6.7217700195e+02 6.7226202393e+02 6.7235601807e+02 6.7245501709e+02 6.7256701660e+02 6.7266802979e+02 6.7276397705e+02 6.7285400391e+02 6.7296600342e+02 6.7308697510e+02 6.7320001221e+02 6.7330297852e+02 6.7340698242e+02
6.6919598389e+02 6.6929302979e+02 6.6940100098e+02 6.6949102783e+02 6.6957598877e+02 6.6965600586e+02 6.6973199463e+02 6.6982098389e+02 6.6988500977e+02 6.6995599365e+02 6.7005798340e+02 6.7014001465e+02 6.7021099854e+02 6.7029498291e+02 6.7036999512e+02 6.7045001221e+02 6.7053399658e+02 6.7061401367e+02 6.7070098877e+02 6.7079797363e+02 6.7088201904e+02 6.7096301270e+02 6.7104901123e+02 6.7112500000e+02 6.7121502686e+02 6.7131896973e+02 6.7142498779e+02 6.7150598145e+02 6.7159301758e+02 6.7169201660e+02 6.7178698730e+02 6.7187200928e+02 6.7195098877e+02 6.7204998779e+02 6.7214697266e+02 6.7223797607e+02 6.7232897949e+02 6.7244000244e+02 6.7255297852e+02 6.7263201904e+02 6.7270898438e+02 6.7281597900e+02 6.7294500732e+02 6.7304998779e+02 6.7315301514e+02 6.7326599121e+02
6.6903900146e+02 6.6914300537e+02 6.6925299072e+02 6.6934301758e+02 6.6944500732e+02 6.6951800537e+02 6.6958099365e+02 6.6967797852e+02 6.6975402832e+02 6.6983398438e+02 6.6992602539e+02 6.7000299072e+02 6.7007702637e+02 6.7016497803e+02 6.7023797607e+02 6.7031201172e+02 6.7039599609e+02 6.7047698975e+02 6.7056097412e+02 6.7064801025e+02 6.7073498535e+02 6.7082397461e+02 6.7091699219e+02 6.7100201416e+02 6.7109399414e+02 6.7118597412e+02 6.7129400635e+02 6.7138800049e+02 6.7147302246e+02 6.7156799316e+02 6.7167102051e+02 6.7175402832e+02 6.7183001709e+02 6.7192498779e+02 6.7201702881e+02 6.7211999512e+02 6.7222497559e+02 6.7232098389e+02 6.7241302490e+02 6.7250500488e+02 6.7259301758e+02 6.7268499756e+02 6.7279699707e+02 6.7289501953e+02 6.7300201416e+02 6.7312097168e+02
6.6888299561e+02 6.6899200439e+02 6.6909399414e+02 6.6919299316e+02 6.6929400635e+02 6.6937701416e+02 6.6946099854e+02 6.6953601074e+02 6.6960699463e+02 6.6969799805e+02 6.6978100586e+02 6.6985601807e+02 6.6993902588e+02 6.7002600098e+02 6.7010601807e+02 6.7019396973e+02 6.7028100586e+02 6.7036499023e+02 6.7044396973e+02 6.7052301025e+02 6.7060900879e+02 6.7069201660e+02 6.7077899170e+02 6.7088299561e+02 6.7097900391e+02 6.7105999756e+02 6.7115197754e+02 6.7124700928e+02 6.7133898926e+02 6.7142999268e+02 6.7153698730e+02 6.7162402344e+02 6.7169598389e+02 6.7178399658e+02 6.7188098145e+02 6.7198901367e+02 6.7210101318e+02 6.7219598389e+02 6.7228997803e+02 6.7239300537e+02 6.7248602295e+02 6.7256701660e+02 6.7267700195e+02 6.7277801514e+02 6.7288500977e+02 6.7298999023e+02
6.6872802734e+02 6.6884002686e+02 6.6893103027e+02 6.6903900146e+02 6.6913299561e+02 6.6921997070e+02 6.6932397461e+02 6.6938299561e+02 6.6945202637e+02 6.6955401611e+02 6.6963598633e+02 6.6971600342e+02 6.6979901123e+02 6.6987902832e+02 6.6996197510e+02 6.7006097412e+02 6.7015301514e+02 6.7024200439e+02 6.7031701660e+02 6.7039697266e+02 6.7047698975e+02 6.7055102539e+02 6.7064599609e+02 6.7075500488e+02 6.7084802246e+02 6.7093200684e+02 6.7100897217e+02 6.7110302734e+02 6.7119799805e+02 6.7128601074e+02 6.7139202881e+02 6.7148498535e+02 6.7156500244e+02 6.7165502930e+02 6.7176397705e+02 6.7186602783e+02 6.7196899414e+02 6.7207702637e+02 6.7216998291e+02 6.7227099609e+02 6.7236297607e+02 6.7245098877e+02 6.7256896973e+02 6.7267700195e+02 6.7277899170e+02 6.7287799072e+02
6.6859002686e+02 6.6868200684e+02 6.6878002930e+02 6.6889300537e+02 6.6898699951e+02 6.6907501221e+02 6.6916900635e+02 6.6925299072e+02 6.6932501221e+02 6.6940100098e+02 6.6947198486e+02 6.6956201172e+02 6.6964697266e+02 6.6972900391e+02 6.6980603027e+02 6.6990197754e+02 6.6999798584e+02 6.7008398438e+02 6.7015399170e+02 6.7026397705e+02 6.7034002686e+02 6.7040997314e+02 6.7050897217e+02 6.7060400391e+02 6.7069299316e+02 6.7078802490e+02 6.7086297607e+02 6.7096502686e+02 6.7106097412e+02 6.7115197754e+02 6.7125000000e+02 6.7134802246e+02 6.7142999268e+02 6.7152502441e+02 6.7163897705e+02 6.7173699951e+02 6.7183599854e+02 6.7195001221e+02 6.7204302979e+02 6.7213702393e+02 6.7222998047e+02 6.7232598877e+02 6.7243701172e+02 6.7255297852e+02 6.7265002441e+02 6.7274798584e+02
6.6842602539e+02 6.6852398682e+02 6.6861700439e+02 6.6873199463e+02 6.6883801270e+02 6.6894299316e+02 6.6902697754e+02 6.6910400391e+02 6.6918103027e+02 6.6925000000e+02 6.6933300781e+02 6.6941302490e+02 6.6950000000e+02 6.6959002686e+02 6.6966302490e+02 6.6973797607e+02 6.6983197021e+02 6.6991802979e+02 6.6999597168e+02 6.7010498047e+02 6.7020397949e+02 6.7030297852e+02 6.7038299561e+02 6.7046398926e+02 6.7054602051e+02 6.7062500000e+02 6.7071600342e+02 6.7081799316e+02 6.7091802979e+02 6.7101599121e+02 6.7111901855e+02 6.7121801758e+02 6.7130798340e+02 6.7140399170e+02 6.7150897217e+02 6.7160302734e+02 6.7170599365e+02 6.7182000732e+02 6.7191802979e+02 6.7200500488e+02 6.7210101318e+02 6.7219702148e+02 6.7231500244e+02 6.7242498779e+02 6.7252697754e+02 6.7261297607e+02
6.6824700928e+02 6.6835998535e+02 6.6846502686e+02 6.6855902100e+02 6.6866198730e+02 6.6877899170e+02 6.6886297607e+02 6.6894396973e+02 6.6902899170e+02 6.6910498047e+02 6.6920397949e+02 6.6927502441e+02 6.6934997559e+02 6.6943902588e+02 6.6951702881e+02 6.6959497070e+02 6.6967401123e+02 6.6975598145e+02 6.6984600830e+02 6.6993402100e+02 6.7003002930e+02 6.7014599609e+02 6.7023101807e+02 6.7031597900e+02 6.7040197754e+02 6.7047998047e+02 6.7058099365e+02 6.7067199707e+02 6.7076898193e+02 6.7087701416e+02 6.7098797607e+02 6.7108398438e+02 6.7117199707e+02 6.7126800537e+02 6.7137597656e+02 6.7146801758e+02 6.7156896973e+02 6.7168200684e+02 6.7177899170e+02 6.7187298584e+02 6.7197302246e+02 6.7207000732e+02 6.7219598389e+02 6.7228198242e+02 6.7239300537e+02 6.7248999023e+02
6.6806402588e+02 6.6817901611e+02 6.6829400635e+02 6.6838500977e+02 6.6847100830e+02 6.6858001709e+02 6.6867901611e+02 6.6877697754e+02 6.6886602783e+02 6.6894396973e+02 6.6904302979e+02 6.6911401367e+02 6.6918902588e+02 6.6927502441e+02 6.6935900879e+02 6.6945599365e+02 6.6952197266e+02 6.6959600830e+02 6.6968902588e+02 6.6978002930e+02 6.6986602783e+02 6.6997698975e+02 6.7006298828e+02 6.7014501953e+02 6.7024902344e+02 6.7034100342e+02 6.7044097900e+02 6.7052600098e+02 6.7062097168e+02 6.7072900391e+02 6.7084002686e+02 6.7093499756e+02 6.7102697754e+02 6.7112799072e+02 6.7124200439e+02 6.7133599854e+02 6.7143597412e+02 6.7155102539e+02 6.7164801025e+02 6.7176000977e+02 6.7185998535e+02 6.7194897461e+02 6.7206201172e+02 6.7214300537e+02 6.7225598145e+02 6.7236499023e+02
6.6788397217e+02 6.6799401855e+02 6.6809100342e+02 6.6819396973e+02 6.6829199219e+02 6.6839398193e+02 6.6848602295e+02 6.6860498047e+02 6.6870001221e+02 6.6878002930e+02 6.6886401367e+02 6.6894097900e+02 6.6902197266e+02 6.6910198975e+02 6.6918298340e+02 6.6929400635e+02 6.6937799072e+02 6.6945599365e+02 6.6952899170e+02 6.6960900879e+02 6.6971697998e+02 6.6984399414e+02 6.6992498779e+02 6.6999200439e+02 6.7008898926e+02 6.7018200684e+02 6.7028497314e+02 6.7038000488e+02 6.7046997070e+02 6.7057397461e+02 6.7068701172e+02 6.7078900146e+02 6.7088702393e+02 6.7099798584e+02 6.7111798096e+02 6.7121301270e+02 6.7130603027e+02 6.7141302490e+02 6.7150799561e+02 6.7161901855e+02 6.7172698975e+02 6.7182098389e+02 6.7192199707e+02 6.7202398682e+02 6.7212298584e+02 6.7223199463e+02
6.6770599365e+02 6.6780902100e+02 6.6790301514e+02 6.6800201416e+02 6.6810498047e+02 6.6821099854e+02 6.6830700684e+02 6.6840301514e+02 6.6850201416e+02 6.6860198975e+02 6.6869299316e+02 6.6876702881e+02 6.6884802246e+02 6.6893902588e+02 6.6902899170e+02 6.6911999512e+02 6.6920898438e+02 6.6929797363e+02 6.6938598633e+02 6.6946899414e+02 6.6957397461e+02 6.6967797852e+02 6.6976800537e+02 6.6984399414e+02 6.6993597412e+02 6.7003302002e+02 6.7013000488e+02 6.7021398926e+02 6.7031701660e+02 6.7042797852e+02 6.7054699707e+02 6.7064599609e+02 6.7073400879e+02 6.7084100342e+02 6.7096697998e+02 6.7107397461e+02 6.7117102051e+02 6.7128497314e+02 6.7138500977e+02 6.7148699951e+02 6.7158801270e+02 6.7169702148e+02 6.7180798340e+02 6.7190698242e+02 6.7200598145e+02 6.7211700439e+02
6.6753399658e+02 6.6762799072e+02 6.6772198486e+02 6.6782202148e+02 6.6791998291e+02 6.6801599121e+02 6.6811999512e+02 6.6821502686e+02 6.6832202148e+02 6.6842901611e+02 6.6852197266e+02 6.6859698486e+02 6.6867602539e+02 6.6877502441e+02 6.6887097168e+02 6.6894396973e+02 6.6903497314e+02 6.6913000488e+02 6.6921997070e+02 6.6932000732e+02 6.6940698242e+02 6.6948797607e+02 6.6958801270e+02 6.6967102051e+02 6.6976800537e+02 6.6987500000e+02 6.6997497559e+02 6.7005798340e+02 6.7016802979e+02 6.7026898193e+02 6.7037701416e+02 6.7048400879e+02 6.7057800293e+02 6.7067901611e+02 6.7079797363e+02 6.7091601563e+02 6.7102099609e+02 6.7113598633e+02 6.7124499512e+02 6.7134698486e+02 6.7144396973e+02 6.7155902100e+02 6.7167999268e+02 6.7177099609e+02 6.7188201904e+02 6.7198999023e+02
6.6735699463e+02 6.6745501709e+02 6.6755798340e+02 6.6765600586e+02 6.6774798584e+02 6.6783801270e+02 6.6793798828e+02 6.6803302002e+02 6.6814501953e+02 6.6824200439e+02 6.6833502197e+02 6.6842498779e+02 6.6851098633e+02 6.6860699463e+02 6.6868798828e+02 6.6876202393e+02 6.6885998535e+02 6.6895397949e+02 6.6903802490e+02 6.6916101074e+02 6.6924298096e+02 6.6932000732e+02 6.6942199707e+02 6.6950299072e+02 6.6960302734e+02 6.6970800781e+02 6.6980902100e+02 6.6989801025e+02 6.7000897217e+02 6.7010198975e+02 6.7020202637e+02 6.7032598877e+02 6.7042700195e+02 6.7052001953e+02 6.7063201904e+02 6.7075701904e+02 6.7086401367e+02 6.7097998047e+02 6.7109497070e+02 6.7119897461e+02 6.7130798340e+02 6.7142102051e+02 6.7152801514e+02 6.7162298584e+02 6.7174401855e+02 6.7184802246e+02
6.6719396973e+02 6.6728997803e+02 6.6738201904e+02 6.6746899414e+02 6.6757299805e+02 6.6768200684e+02 6.6776000977e+02 6.6784497070e+02 6.6795098877e+02 6.6804400635e+02 6.6814300537e+02 6.6824499512e+02 6.6833502197e+02 6.6842901611e+02 6.6850598145e+02 6.6859399414e+02 6.6869201660e+02 6.6878399658e+02 6.6887200928e+02 6.6898297119e+02 6.6907000732e+02 6.6915301514e+02 6.6925299072e+02 6.6932702637e+02 6.6942498779e+02 6.6952697754e+02 6.6962402344e+02 6.6972100830e+02 6.6983300781e+02 6.6993798828e+02 6.7004901123e+02 6.7016998291e+02 6.7027502441e+02 6.7037298584e+02 6.7048602295e+02 6.7060998535e+02 6.7071801758e+02 6.7084399414e+02 6.7096600342e+02 6.7105798340e+02 6.7116900635e+02 6.7127301025e+02 6.7135400391e+02 6.7147900391e+02 6.7160101318e+02 6.7170800781e+02
6.6702001953e+02 6.6711700439e+02 6.6721899414e+02 6.6730102539e+02 6.6740100098e+02 6.6748699951e+02 6.6755902100e+02 6.6766998291e+02 6.6777001953e+02 6.6785101318e+02 6.6795501709e+02 6.6806097412e+02 6.6816302490e+02 6.6826501465e+02 6.6834301758e+02 6.6844299316e+02 6.6853302002e+02 6.6861901855e+02 6.6869702148e+02 6.6881799316e+02 6.6891198730e+02 6.6899401855e+02 6.6908099365e+02 6.6916699219e+02 6.6926501465e+02 6.6935498047e+02 6.6945800781e+02 6.6957098389e+02 6.6966699219e+02 6.6976702881e+02 6.6989599609e+02 6.7001202393e+02 6.7011499023e+02 6.7022900391e+02 6.7034197998e+02 6.7044799805e+02 6.7056201172e+02 6.7068200684e+02 6.7079302979e+02 6.7092102051e+02 6.7102502441e+02 6.7111602783e+02 6.7121801758e+02 6.7135400391e+02 6.7146600342e+02 6.7156402588e+02
6.6685699463e+02 6.6695397949e+02 6.6704400635e+02 6.6712298584e+02 6.6722100830e+02 6.6730401611e+02 6.6738598633e+02 6.6749298096e+02 6.6758898926e+02 6.6767901611e+02 6.6779101563e+02 6.6789001465e+02 6.6799597168e+02 6.6810699463e+02 6.6818701172e+02 6.6827697754e+02 6.6836199951e+02 6.6846002197e+02 6.6854602051e+02 6.6864599609e+02 6.6873199463e+02 6.6882098389e+02 6.6891302490e+02 6.6900500488e+02 6.6909698486e+02 6.6918103027e+02 6.6929699707e+02 6.6941699219e+02 6.6951501465e+02 6.6961700439e+02 6.6973797607e+02 6.6984997559e+02 6.6995898438e+02 6.7007202148e+02 6.7018298340e+02 6.7029602051e+02 6.7042102051e+02 6.7053002930e+02 6.7063000488e+02 6.7076098633e+02 6.7086602783e+02 6.7096697998e+02 6.7109197998e+02 6.7122601318e+02 6.7133697510e+02 6.7142901611e+02
6.6669299316e+02 6.6678198242e+02 6.6686798096e+02 6.6696002197e+02 6.6706402588e+02 6.6715197754e+02 6.6723901367e+02 6.6732397461e+02 6.6741400146e+02 6.6751898193e+02 6.6762701416e+02 6.6771600342e+02 6.6781500244e+02 6.6792700195e+02 6.6801397705e+02 6.6809899902e+02 6.6817700195e+02 6.6827398682e+02 6.6837902832e+02 6.6847302246e+02 6.6855798340e+02 6.6865399170e+02 6.6876000977e+02 6.6884997559e+02 6.6893298340e+02 6.6902301025e+02 6.6914898682e+02 6.6925000000e+02 6.6935699463e+02 6.6947302246e+02 6.6958398438e+02 6.6968902588e+02 6.6979901123e+02 6.6990899658e+02 6.7002502441e+02 6.7015502930e+02 6.7028601074e+02 6.7039099121e+02 6.7049102783e+02 6.7060797119e+02 6.7070800781e+02 6.7082800293e+02 6.7095898438e+02 6.7107897949e+02 6.7118902588e+02 6.7128497314e+02
