TESTSERVER/15/4.asc
NCOLS 100
NROWS 100
XLLCORNER 8.2497500000e+03
YLLCORNER 2.8975025000e+05
CELLSIZE 5.0000000000e-01
NODATA_VALUE -9.9990000000e+03
[rows 20 to 39 of 100, columns 0 to 45 of 100]
6.7338897705e+02 6.7350097656e+02 6.7361999512e+02 6.7373901367e+02 6.7385900879e+02 6.7400402832e+02 6.7412298584e+02 6.7424200439e+02 6.7438500977e+02 6.7452899170e+02 6.7466998291e+02 6.7479797363e+02 6.7492102051e+02 6.7506701660e+02 6.7521099854e+02 6.7533898926e+02 6.7546301270e+02 6.7557897949e+02 6.7570300293e+02 6.7583697510e+02 6.7598297119e+02 6.7609997559e+02 6.7621099854e+02 6.7633300781e+02 6.7646801758e+02 6.7659600830e+02 6.7672802734e+02 6.7685302734e+02 6.7697900391e+02 6.7709399414e+02 6.7722302246e+02 6.7734197998e+02 6.7745098877e+02 6.7756298828e+02 6.7766900635e+02 6.7776800537e+02 6.7786199951e+02 6.7797198486e+02 6.7806597900e+02 6.7815002441e+02 6.7824298096e+02 6.7833502197e+02 6.7841302490e+02 6.7847998047e+02 6.7856896973e+02 6.7863702393e+02
6.7321697998e+02 6.7333599854e+02 6.7346099854e+02 6.7357397461e+02 6.7369500732e+02 6.7384002686e+02 6.7395898438e+02 6.7407897949e+02 6.7422497559e+02 6.7436798096e+02 6.7450701904e+02 6.7461901855e+02 6.7475000000e+02 6.7489398193e+02 6.7503497314e+02 6.7516101074e+02 6.7528900146e+02 6.7542401123e+02 6.7554498291e+02 6.7565997314e+02 6.7580200195e+02 6.7591601563e+02 6.7603698730e+02 6.7617401123e+02 6.7630297852e+02 6.7642401123e+02 6.7654101563e+02 6.7666900635e+02 6.7680798340e+02 6.7693499756e+02 6.7706701660e+02 6.7719799805e+02 6.7730200195e+02 6.7741497803e+02 6.7753100586e+02 6.7763000488e+02 6.7771801758e+02 6.7782501221e+02 6.7792700195e+02 6.7802001953e+02 6.7810797119e+02 6.7821002197e+02 6.7830200195e+02 6.7837902832e+02 6.7846398926e+02 6.7853900146e+02
6.7306597900e+02 6.7317901611e+02 6.7329797363e+02 6.7341802979e+02 6.7353100586e+02 6.7367102051e+02 6.7379998779e+02 6.7391601563e+02 6.7405999756e+02 6.7420300293e+02 6.7432202148e+02 6.7444201660e+02 6.7458801270e+02 6.7470800781e+02 6.7485101318e+02 6.7498498535e+02 6.7509802246e+02 6.7524597168e+02 6.7538000488e+02 6.7550000000e+02 6.7563800049e+02 6.7574298096e+02 6.7586499023e+02 6.7599902344e+02 6.7612500000e+02 6.7625402832e+02 6.7637597656e+02 6.7650201416e+02 6.7663702393e+02 6.7676702881e+02 6.7690197754e+02 6.7703802490e+02 6.7714599609e+02 6.7725799561e+02 6.7738000488e+02 6.7748297119e+02 6.7757501221e+02 6.7768499756e+02 6.7779199219e+02 6.7788702393e+02 6.7797497559e+02 6.7808300781e+02 6.7816998291e+02 6.7825500488e+02 6.7835601807e+02 6.7842700195e+02
6.7291802979e+02 6.7302899170e+02 6.7313702393e+02 6.7326098633e+02 6.7337701416e+02 6.7351300049e+02 6.7364501953e+02 6.7376397705e+02 6.7388598633e+02 6.7402502441e+02 6.7414697266e+02 6.7427801514e+02 6.7440997314e+02 6.7451800537e+02 6.7466400146e+02 6.7480902100e+02 6.7492700195e+02 6.7506097412e+02 6.7519799805e+02 6.7533197021e+02 6.7546301270e+02 6.7556896973e+02 6.7570202637e+02 6.7583398438e+02 6.7596099854e+02 6.7609399414e+02 6.7622302246e+02 6.7633898926e+02 6.7646600342e+02 6.7659197998e+02 6.7672802734e+02 6.7686999512e+02 6.7698999023e+02 6.7709698486e+02 6.7722497559e+02 6.7733697510e+02 6.7742999268e+02 6.7753100586e+02 6.7763702393e+02 6.7774298096e+02 6.7784002686e+02 6.7795800781e+02 6.7804699707e+02 6.7812701416e+02 6.7822900391e+02 6.7830798340e+02
6.7276202393e+02 6.7288000488e+02 6.7299200439e+02 6.7311102295e+02 6.7322698975e+02 6.7333599854e+02 6.7345697021e+02 6.7358197021e+02 6.7371002197e+02 6.7386199951e+02 6.7398901367e+02 6.7410797119e+02 6.7423498535e+02 6.7435998535e+02 6.7451098633e+02 6.7464001465e+02 6.7475799561e+02 6.7488897705e+02 6.7502197266e+02 6.7516601563e+02 6.7529199219e+02 6.7540899658e+02 6.7554101563e+02 6.7566802979e+02 6.7579699707e+02 6.7592700195e+02 6.7604998779e+02 6.7616601563e+02 6.7629498291e+02 6.7641601563e+02 6.7654901123e+02 6.7669799805e+02 6.7682397461e+02 6.7694500732e+02 6.7707397461e+02 6.7719000244e+02 6.7728002930e+02 6.7737597656e+02 6.7748101807e+02 6.7759002686e+02 6.7768902588e+02 6.7779901123e+02 6.7790997314e+02 6.7799700928e+02 6.7809100342e+02 6.7818902588e+02
6.7260400391e+02 6.7272698975e+02 6.7284197998e+02 6.7295001221e+02 6.7305700684e+02 6.7317602539e+02 6.7329797363e+02 6.7342199707e+02 6.7354699707e+02 6.7369201660e+02 6.7382598877e+02 6.7393200684e+02 6.7406298828e+02 6.7418902588e+02 6.7433300781e+02 6.7446099854e+02 6.7459100342e+02 6.7472900391e+02 6.7485498047e+02 6.7497601318e+02 6.7510101318e+02 6.7523699951e+02 6.7537402344e+02 6.7550500488e+02 6.7562402344e+02 6.7574700928e+02 6.7586999512e+02 6.7599597168e+02 6.7612597656e+02 6.7624200439e+02 6.7635797119e+02 6.7650201416e+02 6.7662902832e+02 6.7676898193e+02 6.7689801025e+02 6.7702801514e+02 6.7712200928e+02 6.7722399902e+02 6.7733197021e+02 6.7744702148e+02 6.7755200195e+02 6.7765997314e+02 6.7777398682e+02 6.7786499023e+02 6.7796197510e+02 6.7805999756e+02
6.7245001221e+02 6.7257098389e+02 6.7268597412e+02 6.7279302979e+02 6.7288897705e+02 6.7303100586e+02 6.7315698242e+02 6.7327398682e+02 6.7338897705e+02 6.7353002930e+02 6.7365899658e+02 6.7377001953e+02 6.7390301514e+02 6.7403497314e+02 6.7417401123e+02 6.7429101563e+02 6.7441497803e+02 6.7455700684e+02 6.7468798828e+02 6.7480297852e+02 6.7493499756e+02 6.7506597900e+02 6.7519702148e+02 6.7533398438e+02 6.7544097900e+02 6.7556896973e+02 6.7568298340e+02 6.7580401611e+02 6.7594598389e+02 6.7607000732e+02 6.7618798828e+02 6.7632800293e+02 6.7645599365e+02 6.7658801270e+02 6.7671600342e+02 6.7684301758e+02 6.7694702148e+02 6.7706799316e+02 6.7717602539e+02 6.7728601074e+02 6.7739202881e+02 6.7749597168e+02 6.7761901855e+02 6.7772601318e+02 6.7782501221e+02 6.7792401123e+02
6.7230999756e+02 6.7242401123e+02 6.7253002930e+02 6.7263500977e+02 6.7271997070e+02 6.7286798096e+02 6.7299798584e+02 6.7311602783e+02 6.7323297119e+02 6.7337402344e+02 6.7348797607e+02 6.7360601807e+02 6.7373101807e+02 6.7385998535e+02 6.7399700928e+02 6.7412200928e+02 6.7424401855e+02 6.7439300537e+02 6.7452502441e+02 6.7463800049e+02 6.7477899170e+02 6.7489697266e+02 6.7501702881e+02 6.7515399170e+02 6.7526501465e+02 6.7540802002e+02 6.7552099609e+02 6.7563500977e+02 6.7577301025e+02 6.7589898682e+02 6.7602697754e+02 6.7615197754e+02 6.7627099609e+02 6.7640002441e+02 6.7653802490e+02 6.7665802002e+02 6.7676800537e+02 6.7690600586e+02 6.7702001953e+02 6.7712799072e+02 6.7723602295e+02 6.7734100342e+02 6.7746697998e+02 6.7757800293e+02 6.7768597412e+02 6.7779302979e+02
6.7219097900e+02 6.7228900146e+02 6.7238299561e+02 6.7249200439e+02 6.7259301758e+02 6.7271899414e+02 6.7283099365e+02 6.7295098877e+02 6.7308502197e+02 6.7320800781e+02 6.7331799316e+02 6.7344396973e+02 6.7357397461e+02 6.7369702148e+02 6.7382800293e+02 6.7396398926e+02 6.7408197021e+02 6.7422998047e+02 6.7435400391e+02 6.7447399902e+02 6.7461499023e+02 6.7473400879e+02 6.7485900879e+02 6.7498797607e+02 6.7508801270e+02 6.7521697998e+02 6.7534497070e+02 6.7548101807e+02 6.7559899902e+02 6.7572802734e+02 6.7586602783e+02 6.7598101807e+02 6.7609997559e+02 6.7624597168e+02 6.7636700439e+02 6.7648400879e+02 6.7660797119e+02 6.7673498535e+02 6.7685797119e+02 6.7697100830e+02 6.7709497070e+02 6.7721502686e+02 6.7732800293e+02 6.7744000244e+02 6.7755499268e+02 6.7767401123e+02
6.7203497314e+02 6.7213702393e+02 6.7224200439e+02 6.7234600830e+02 6.7245001221e+02 6.7256896973e+02 6.7267602539e+02 6.7279302979e+02 6.7291198730e+02 6.7303900146e+02 6.7315899658e+02 6.7328802490e+02 6.7342297363e+02 6.7354498291e+02 6.7366400146e+02 6.7378997803e+02 6.7390802002e+02 6.7405297852e+02 6.7418103027e+02 6.7430297852e+02 6.7445001221e+02 6.7458300781e+02 6.7470397949e+02 6.7482397461e+02 6.7494000244e+02 6.7505999756e+02 6.7518200684e+02 6.7531701660e+02 6.7544299316e+02 6.7555102539e+02 6.7568499756e+02 6.7581597900e+02 6.7593597412e+02 6.7607598877e+02 6.7620697021e+02 6.7632397461e+02 6.7642797852e+02 6.7654797363e+02 6.7667797852e+02 6.7680700684e+02 6.7692999268e+02 6.7706097412e+02 6.7716900635e+02 6.7727398682e+02 6.7739300537e+02 6.7752099609e+02
6.7188800049e+02 6.7200701904e+02 6.7211798096e+02 6.7221301270e+02 6.7231896973e+02 6.7243597412e+02 6.7253997803e+02 6.7265100098e+02 6.7276397705e+02 6.7288500977e+02 6.7301098633e+02 6.7312402344e+02 6.7325500488e+02 6.7337298584e+02 6.7348699951e+02 6.7361199951e+02 6.7374102783e+02 6.7388598633e+02 6.7401501465e+02 6.7414501953e+02 6.7429302979e+02 6.7442999268e+02 6.7454699707e+02 6.7465899658e+02 6.7478698730e+02 6.7490399170e+02 6.7503399658e+02 6.7516400146e+02 6.7528698730e+02 6.7539501953e+02 6.7552197266e+02 6.7564599609e+02 6.7577099609e+02 6.7591400146e+02 6.7604400635e+02 6.7616400146e+02 6.7627502441e+02 6.7638897705e+02 6.7650598145e+02 6.7662902832e+02 6.7675500488e+02 6.7687799072e+02 6.7698602295e+02 6.7710302734e+02 6.7723797607e+02 6.7736199951e+02
6.7175299072e+02 6.7187097168e+02 6.7198101807e+02 6.7208599854e+02 6.7219201660e+02 6.7230102539e+02 6.7240600586e+02 6.7252001953e+02 6.7263201904e+02 6.7273699951e+02 6.7285998535e+02 6.7296600342e+02 6.7308398438e+02 6.7320697021e+02 6.7333197021e+02 6.7345898438e+02 6.7358801270e+02 6.7372399902e+02 6.7385601807e+02 6.7399200439e+02 6.7411700439e+02 6.7424597168e+02 6.7438000488e+02 6.7450500488e+02 6.7462902832e+02 6.7475598145e+02 6.7488299561e+02 6.7500799561e+02 6.7512500000e+02 6.7524102783e+02 6.7536602783e+02 6.7548199463e+02 6.7560601807e+02 6.7574700928e+02 6.7587200928e+02 6.7599597168e+02 6.7612097168e+02 6.7623999023e+02 6.7634600830e+02 6.7645501709e+02 6.7658099365e+02 6.7670001221e+02 6.7681097412e+02 6.7693902588e+02 6.7706799316e+02 6.7719500732e+02
6.7162701416e+02 6.7171997070e+02 6.7183001709e+02 6.7194799805e+02 6.7204901123e+02 6.7215301514e+02 6.7225701904e+02 6.7237200928e+02 6.7248602295e+02 6.7259399414e+02 6.7270800781e+02 6.7281799316e+02 6.7292602539e+02 6.7304998779e+02 6.7318402100e+02 6.7330499268e+02 6.7340899658e+02 6.7355102539e+02 6.7368701172e+02 6.7382098389e+02 6.7394000244e+02 6.7407098389e+02 6.7420898438e+02 6.7434197998e+02 6.7446600342e+02 6.7460198975e+02 6.7472198486e+02 6.7484100342e+02 6.7496502686e+02 6.7507598877e+02 6.7520599365e+02 6.7534100342e+02 6.7546502686e+02 6.7558898926e+02 6.7571197510e+02 6.7583898926e+02 6.7596301270e+02 6.7608502197e+02 6.7618597412e+02 6.7628900146e+02 6.7639398193e+02 6.7653002930e+02 6.7665197754e+02 6.7677697754e+02 6.7689001465e+02 6.7701202393e+02
6.7149401855e+02 6.7159497070e+02 6.7170098877e+02 6.7181500244e+02 6.7192102051e+02 6.7202600098e+02 6.7212097168e+02 6.7223498535e+02 6.7234399414e+02 6.7245300293e+02 6.7256201172e+02 6.7266302490e+02 6.7277697754e+02 6.7289599609e+02 6.7302001953e+02 6.7314398193e+02 6.7325897217e+02 6.7339300537e+02 6.7352398682e+02 6.7365002441e+02 6.7378399658e+02 6.7391699219e+02 6.7405102539e+02 6.7417297363e+02 6.7429199219e+02 6.7442401123e+02 6.7455700684e+02 6.7468597412e+02 6.7480798340e+02 6.7493200684e+02 6.7505700684e+02 6.7519097900e+02 6.7530902100e+02 6.7543701172e+02 6.7555798340e+02 6.7566998291e+02 6.7577697754e+02 6.7590899658e+02 6.7602899170e+02 6.7614801025e+02 6.7625299072e+02 6.7636999512e+02 6.7648699951e+02 6.7660302734e+02 6.7672100830e+02 6.7683801270e+02
6.7136102295e+02 6.7146398926e+02 6.7155798340e+02 6.7165802002e+02 6.7177398682e+02 6.7188000488e+02 6.7197399902e+02 6.7208001709e+02 6.7218597412e+02 6.7229901123e+02 6.7241601563e+02 6.7252099609e+02 6.7263098145e+02 6.7274597168e+02 6.7285900879e+02 6.7297900391e+02 6.7310302734e+02 6.7323297119e+02 6.7336602783e+02 6.7348999023e+02 6.7362701416e+02 6.7375897217e+02 6.7389300537e+02 6.7401599121e+02 6.7414001465e+02 6.7425598145e+02 6.7439398193e+02 6.7452899170e+02 6.7465197754e+02 6.7478698730e+02 6.7491699219e+02 6.7503900146e+02 6.7514801025e+02 6.7527398682e+02 6.7541198730e+02 6.7552502441e+02 6.7562200928e+02 6.7574798584e+02 6.7586999512e+02 6.7598602295e+02 6.7610699463e+02 6.7621801758e+02 6.7632501221e+02 6.7643402100e+02 6.7654901123e+02 6.7666400146e+02
6.7123999023e+02 6.7134301758e+02 6.7143298340e+02 6.7151800537e+02 6.7162402344e+02 6.7173498535e+02 6.7183197021e+02 6.7192797852e+02 6.7203497314e+02 6.7214599609e+02 6.7226800537e+02 6.7237902832e+02 6.7248297119e+02 6.7259997559e+02 6.7270697021e+02 6.7282000732e+02 6.7294897461e+02 6.7307397461e+02 6.7319799805e+02 6.7331597900e+02 6.7345697021e+02 6.7358697510e+02 6.7372198486e+02 6.7385498047e+02 6.7399200439e+02 6.7410900879e+02 6.7423602295e+02 6.7436901855e+02 6.7449597168e+02 6.7462902832e+02 6.7477197266e+02 6.7489099121e+02 6.7499499512e+02 6.7510699463e+02 6.7524102783e+02 6.7536602783e+02 6.7548101807e+02 6.7560900879e+02 6.7572399902e+02 6.7583197021e+02 6.7595397949e+02 6.7606298828e+02 6.7616998291e+02 6.7627697754e+02 6.7637902832e+02 6.7649499512e+02
6.7113000488e+02 6.7122998047e+02 6.7132897949e+02 6.7142297363e+02 6.7151000977e+02 6.7161798096e+02 6.7170599365e+02 6.7178802490e+02 6.7187902832e+02 6.7200000000e+02 6.7211700439e+02 6.7222900391e+02 6.7233001709e+02 6.7245397949e+02 6.7255700684e+02 6.7266302490e+02 6.7277899170e+02 6.7292602539e+02 6.7304901123e+02 6.7315100098e+02 6.7328497314e+02 6.7342901611e+02 6.7355798340e+02 6.7369201660e+02 6.7382299805e+02 6.7395697021e+02 6.7407598877e+02 6.7419799805e+02 6.7433300781e+02 6.7446502686e+02 6.7461700439e+02 6.7474102783e+02 6.7484698486e+02 6.7496002197e+02 6.7508197021e+02 6.7519799805e+02 6.7531701660e+02 6.7545001221e+02 6.7557299805e+02 6.7567999268e+02 6.7579199219e+02 6.7590197754e+02 6.7601098633e+02 6.7611999512e+02 6.7621197510e+02 6.7633502197e+02
6.7102899170e+02 6.7110900879e+02 6.7119897461e+02 6.7130102539e+02 6.7138800049e+02 6.7149798584e+02 6.7158099365e+02 6.7166699219e+02 6.7175799561e+02 6.7186700439e+02 6.7198901367e+02 6.7209497070e+02 6.7219396973e+02 6.7230798340e+02 6.7240002441e+02 6.7251397705e+02 6.7265399170e+02 6.7277197266e+02 6.7289501953e+02 6.7299902344e+02 6.7311901855e+02 6.7327301025e+02 6.7341400146e+02 6.7354699707e+02 6.7366400146e+02 6.7380200195e+02 6.7392297363e+02 6.7404400635e+02 6.7417498779e+02 6.7430700684e+02 6.7444299316e+02 6.7457397461e+02 6.7469500732e+02 6.7480798340e+02 6.7493798828e+02 6.7505700684e+02 6.7515698242e+02 6.7527697754e+02 6.7539501953e+02 6.7550799561e+02 6.7562902832e+02 6.7573297119e+02 6.7584002686e+02 6.7595098877e+02 6.7605902100e+02 6.7618597412e+02
6.7092498779e+02 6.7100000000e+02 6.7108197021e+02 6.7117700195e+02 6.7125598145e+02 6.7137200928e+02 6.7146697998e+02 6.7155401611e+02 6.7165100098e+02 6.7174902344e+02 6.7186499023e+02 6.7197698975e+02 6.7208599854e+02 6.7219897461e+02 6.7228802490e+02 6.7239398193e+02 6.7253002930e+02 6.7263299561e+02 6.7275402832e+02 6.7285900879e+02 6.7296398926e+02 6.7310400391e+02 6.7325097656e+02 6.7338800049e+02 6.7350402832e+02 6.7364202881e+02 6.7376702881e+02 6.7389300537e+02 6.7401898193e+02 6.7415600586e+02 6.7428399658e+02 6.7441302490e+02 6.7453399658e+02 6.7465197754e+02 6.7478698730e+02 6.7491101074e+02 6.7501300049e+02 6.7513000488e+02 6.7523400879e+02 6.7534997559e+02 6.7547802734e+02 6.7559497070e+02 6.7569000244e+02 6.7578698730e+02 6.7590197754e+02 6.7602099609e+02
6.7081896973e+02 6.7090802002e+02 6.7098400879e+02 6.7107000732e+02 6.7114398193e+02 6.7125097656e+02 6.7135101318e+02 6.7145001221e+02 6.7155499268e+02 6.7164398193e+02 6.7174298096e+02 6.7184802246e+02 6.7195599365e+02 6.7207098389e+02 6.7217297363e+02 6.7228198242e+02 6.7240301514e+02 6.7250097656e+02 6.7261199951e+02 6.7271301270e+02 6.7282501221e+02 6.7294897461e+02 6.7308197021e+02 6.7320800781e+02 6.7333801270e+02 6.7346301270e+02 6.7359197998e+02 6.7372302246e+02 6.7385797119e+02 6.7401000977e+02 6.7414801025e+02 6.7426800537e+02 6.7437597656e+02 6.7450097656e+02 6.7463397217e+02 6.7475000000e+02 6.7486199951e+02 6.7497198486e+02 6.7508001709e+02 6.7519702148e+02 6.7531701660e+02 6.7544097900e+02 6.7553399658e+02 6.7563500977e+02 6.7575402832e+02 6.7585498047e+02
