TESTSERVER/15/4.asc
NCOLS 100
NROWS 100
XLLCORNER 8.2497500000e+03
YLLCORNER 2.8975025000e+05
CELLSIZE 5.0000000000e-01
NODATA_VALUE -9.9990000000e+03
[rows 0 to 19 of 100, columns 0 to 45 of 100]
6.7694702148e+02 6.7707702637e+02 6.7719799805e+02 6.7730999756e+02 6.7745098877e+02 6.7758398438e+02 6.7769702148e+02 6.7780603027e+02 6.7791998291e+02 6.7802801514e+02 6.7813897705e+02 6.7825701904e+02 6.7836102295e+02 6.7844598389e+02 6.7853302002e+02 6.7859600830e+02 6.7867297363e+02 6.7875598145e+02 6.7884802246e+02 6.7891998291e+02 6.7899298096e+02 6.7905798340e+02 6.7912402344e+02 6.7918499756e+02 6.7926898193e+02 6.7934600830e+02 6.7939801025e+02 6.7946697998e+02 6.7954199219e+02 6.7963598633e+02 6.7973297119e+02 6.7980401611e+02 6.7986602783e+02 6.7993902588e+02 6.8001800537e+02 6.8009497070e+02 6.8016400146e+02 6.8025097656e+02 6.8034600830e+02 6.8042797852e+02 6.8048901367e+02 6.8059002686e+02 6.8066998291e+02 6.8074700928e+02 6.8083898926e+02 6.8093499756e+02
6.7674798584e+02 6.7687902832e+02 6.7701000977e+02 6.7714001465e+02 6.7728302002e+02 6.7739300537e+02 6.7751800537e+02 6.7764202881e+02 6.7775897217e+02 6.7786798096e+02 6.7798699951e+02 6.7811199951e+02 6.7821801758e+02 6.7830902100e+02 6.7841101074e+02 6.7849102783e+02 6.7857598877e+02 6.7865802002e+02 6.7873901367e+02 6.7881097412e+02 6.7889398193e+02 6.7895697021e+02 6.7902801514e+02 6.7908398438e+02 6.7915399170e+02 6.7923400879e+02 6.7929797363e+02 6.7936999512e+02 6.7944201660e+02 6.7951599121e+02 6.7959899902e+02 6.7966198730e+02 6.7973400879e+02 6.7980902100e+02 6.7988897705e+02 6.7996099854e+02 6.8002697754e+02 6.8011102295e+02 6.8020898438e+02 6.8028900146e+02 6.8035302734e+02 6.8044201660e+02 6.8052899170e+02 6.8061499023e+02 6.8070501709e+02 6.8079797363e+02
6.7655700684e+02 6.7668597412e+02 6.7680700684e+02 6.7694396973e+02 6.7710400391e+02 6.7722198486e+02 6.7734497070e+02 6.7745599365e+02 6.7757397461e+02 6.7769897461e+02 6.7782702637e+02 6.7795501709e+02 6.7807598877e+02 6.7817498779e+02 6.7827502441e+02 6.7836901855e+02 6.7846502686e+02 6.7854998779e+02 6.7862799072e+02 6.7870300293e+02 6.7879498291e+02 6.7885998535e+02 6.7892901611e+02 6.7898797607e+02 6.7905401611e+02 6.7912200928e+02 6.7918701172e+02 6.7926300049e+02 6.7933801270e+02 6.7940600586e+02 6.7948602295e+02 6.7955700684e+02 6.7961901855e+02 6.7968402100e+02 6.7976397705e+02 6.7984197998e+02 6.7990899658e+02 6.7998699951e+02 6.8007098389e+02 6.8014001465e+02 6.8021697998e+02 6.8030297852e+02 6.8038800049e+02 6.8047399902e+02 6.8055700684e+02 6.8065002441e+02
6.7636199951e+02 6.7650701904e+02 6.7662200928e+02 6.7674499512e+02 6.7688897705e+02 6.7704199219e+02 6.7717401123e+02 6.7727001953e+02 6.7738598633e+02 6.7752197266e+02 6.7766101074e+02 6.7779699707e+02 6.7792102051e+02 6.7802099609e+02 6.7811901855e+02 6.7822497559e+02 6.7833197021e+02 6.7843103027e+02 6.7851702881e+02 6.7860101318e+02 6.7869097900e+02 6.7876599121e+02 6.7883898926e+02 6.7890899658e+02 6.7897497559e+02 6.7903198242e+02 6.7909100342e+02 6.7916802979e+02 6.7923699951e+02 6.7930297852e+02 6.7937597656e+02 6.7944201660e+02 6.7949798584e+02 6.7956597900e+02 6.7963598633e+02 6.7970898438e+02 6.7977899170e+02 6.7985498047e+02 6.7993597412e+02 6.8001000977e+02 6.8009399414e+02 6.8017901611e+02 6.8025701904e+02 6.8033502197e+02 6.8041699219e+02 6.8049902344e+02
6.7616699219e+02 6.7630902100e+02 6.7643902588e+02 6.7657098389e+02 6.7670697021e+02 6.7684899902e+02 6.7697698975e+02 6.7709698486e+02 6.7723297119e+02 6.7734100342e+02 6.7747198486e+02 6.7761499023e+02 6.7774700928e+02 6.7785601807e+02 6.7796600342e+02 6.7808398438e+02 6.7818499756e+02 6.7828802490e+02 6.7839599609e+02 6.7849200439e+02 6.7858099365e+02 6.7866198730e+02 6.7874102783e+02 6.7881201172e+02 6.7887097168e+02 6.7894000244e+02 6.7900299072e+02 6.7908001709e+02 6.7914202881e+02 6.7920202637e+02 6.7926202393e+02 6.7932501221e+02 6.7939099121e+02 6.7945501709e+02 6.7951702881e+02 6.7958398438e+02 6.7965502930e+02 6.7972698975e+02 6.7979901123e+02 6.7987402344e+02 6.7995001221e+02 6.8003802490e+02 6.8012298584e+02 6.8020300293e+02 6.8028900146e+02 6.8036499023e+02
6.7598797607e+02 6.7612500000e+02 6.7626300049e+02 6.7640301514e+02 6.7653802490e+02 6.7665802002e+02 6.7678100586e+02 6.7690002441e+02 6.7702801514e+02 6.7715502930e+02 6.7729302979e+02 6.7743597412e+02 6.7757000732e+02 6.7769000244e+02 6.7781097412e+02 6.7793200684e+02 6.7802801514e+02 6.7813800049e+02 6.7826397705e+02 6.7835101318e+02 6.7844799805e+02 6.7853100586e+02 6.7862799072e+02 6.7871600342e+02 6.7878497314e+02 6.7885400391e+02 6.7890997314e+02 6.7896600342e+02 6.7902801514e+02 6.7909600830e+02 6.7915502930e+02 6.7920898438e+02 6.7926898193e+02 6.7933502197e+02 6.7940698242e+02 6.7946997070e+02 6.7953198242e+02 6.7959997559e+02 6.7967797852e+02 6.7975500488e+02 6.7982098389e+02 6.7990301514e+02 6.7998901367e+02 6.8006799316e+02 6.8014501953e+02 6.8023797607e+02
6.7581201172e+02 6.7594702148e+02 6.7607897949e+02 6.7622302246e+02 6.7636700439e+02 6.7647900391e+02 6.7660400391e+02 6.7671899414e+02 6.7683197021e+02 6.7696801758e+02 6.7710797119e+02 6.7725598145e+02 6.7739099121e+02 6.7752502441e+02 6.7764501953e+02 6.7776800537e+02 6.7787701416e+02 6.7799102783e+02 6.7810900879e+02 6.7819799805e+02 6.7831201172e+02 6.7839898682e+02 6.7850000000e+02 6.7859698486e+02 6.7867797852e+02 6.7874902344e+02 6.7881500244e+02 6.7886999512e+02 6.7893798828e+02 6.7899499512e+02 6.7904602051e+02 6.7910302734e+02 6.7915899658e+02 6.7921899414e+02 6.7928900146e+02 6.7935302734e+02 6.7942102051e+02 6.7949102783e+02 6.7955999756e+02 6.7962701416e+02 6.7969598389e+02 6.7977697754e+02 6.7985998535e+02 6.7993701172e+02 6.8001098633e+02 6.8010797119e+02
6.7564697266e+02 6.7578302002e+02 6.7590997314e+02 6.7604400635e+02 6.7619396973e+02 6.7631201172e+02 6.7643902588e+02 6.7655499268e+02 6.7666302490e+02 6.7679901123e+02 6.7693103027e+02 6.7707299805e+02 6.7720397949e+02 6.7733801270e+02 6.7746099854e+02 6.7759698486e+02 6.7771899414e+02 6.7782897949e+02 6.7794500732e+02 6.7804302979e+02 6.7817401123e+02 6.7826599121e+02 6.7836401367e+02 6.7846801758e+02 6.7855401611e+02 6.7862799072e+02 6.7869897461e+02 6.7876599121e+02 6.7884002686e+02 6.7890100098e+02 6.7894897461e+02 6.7901098633e+02 6.7906701660e+02 6.7912200928e+02 6.7918701172e+02 6.7923797607e+02 6.7929797363e+02 6.7937799072e+02 6.7943902588e+02 6.7949401855e+02 6.7956597900e+02 6.7964898682e+02 6.7971899414e+02 6.7979199219e+02 6.7988201904e+02 6.7997998047e+02
6.7545397949e+02 6.7560699463e+02 6.7574798584e+02 6.7587402344e+02 6.7600701904e+02 6.7612597656e+02 6.7625201416e+02 6.7638000488e+02 6.7650201416e+02 6.7664801025e+02 6.7677398682e+02 6.7689697266e+02 6.7703198242e+02 6.7716198730e+02 6.7728802490e+02 6.7742498779e+02 6.7754699707e+02 6.7765997314e+02 6.7778002930e+02 6.7789202881e+02 6.7802301025e+02 6.7811700439e+02 6.7822399902e+02 6.7833502197e+02 6.7842700195e+02 6.7850201416e+02 6.7857800293e+02 6.7865600586e+02 6.7873400879e+02 6.7880401611e+02 6.7886102295e+02 6.7891497803e+02 6.7896899414e+02 6.7903698730e+02 6.7910900879e+02 6.7914801025e+02 6.7919299316e+02 6.7927099609e+02 6.7933502197e+02 6.7938800049e+02 6.7945001221e+02 6.7953302002e+02 6.7959399414e+02 6.7966101074e+02 6.7975701904e+02 6.7986199951e+02
6.7527600098e+02 6.7542199707e+02 6.7556500244e+02 6.7570397949e+02 6.7583599854e+02 6.7595397949e+02 6.7607501221e+02 6.7620202637e+02 6.7631896973e+02 6.7645599365e+02 6.7659698486e+02 6.7671600342e+02 6.7684197998e+02 6.7697497559e+02 6.7710797119e+02 6.7724102783e+02 6.7736901855e+02 6.7750097656e+02 6.7762097168e+02 6.7773901367e+02 6.7787298584e+02 6.7797601318e+02 6.7807800293e+02 6.7817901611e+02 6.7827600098e+02 6.7836798096e+02 6.7845898438e+02 6.7853900146e+02 6.7862701416e+02 6.7869000244e+02 6.7875701904e+02 6.7880798340e+02 6.7885900879e+02 6.7892700195e+02 6.7899700928e+02 6.7904797363e+02 6.7909802246e+02 6.7915802002e+02 6.7921801758e+02 6.7928601074e+02 6.7936499023e+02 6.7943597412e+02 6.7948999023e+02 6.7955700684e+02 6.7964300537e+02 6.7974102783e+02
6.7510101318e+02 6.7523199463e+02 6.7536401367e+02 6.7551202393e+02 6.7565997314e+02 6.7578698730e+02 6.7590802002e+02 6.7603302002e+02 6.7615002441e+02 6.7627301025e+02 6.7642102051e+02 6.7655297852e+02 6.7666699219e+02 6.7678997803e+02 6.7692199707e+02 6.7706097412e+02 6.7718902588e+02 6.7733197021e+02 6.7745898438e+02 6.7757202148e+02 6.7770098877e+02 6.7781799316e+02 6.7793298340e+02 6.7803698730e+02 6.7813201904e+02 6.7822900391e+02 6.7832702637e+02 6.7841400146e+02 6.7850701904e+02 6.7857397461e+02 6.7864801025e+02 6.7870501709e+02 6.7876000977e+02 6.7882202148e+02 6.7888397217e+02 6.7894097900e+02 6.7899798584e+02 6.7905700684e+02 6.7911798096e+02 6.7918103027e+02 6.7925201416e+02 6.7931097412e+02 6.7937402344e+02 6.7944799805e+02 6.7952001953e+02 6.7960797119e+02
6.7492199707e+02 6.7505200195e+02 6.7518402100e+02 6.7533099365e+02 6.7546899414e+02 6.7560198975e+02 6.7573297119e+02 6.7586798096e+02 6.7599700928e+02 6.7611102295e+02 6.7623901367e+02 6.7637799072e+02 6.7649298096e+02 6.7662298584e+02 6.7674700928e+02 6.7687200928e+02 6.7699902344e+02 6.7714501953e+02 6.7728601074e+02 6.7739801025e+02 6.7753100586e+02 6.7764202881e+02 6.7777301025e+02 6.7788897705e+02 6.7797198486e+02 6.7807800293e+02 6.7817901611e+02 6.7827502441e+02 6.7837298584e+02 6.7845599365e+02 6.7853002930e+02 6.7859100342e+02 6.7866101074e+02 6.7872497559e+02 6.7879199219e+02 6.7885198975e+02 6.7890600586e+02 6.7896600342e+02 6.7902899170e+02 6.7908001709e+02 6.7914001465e+02 6.7919799805e+02 6.7926397705e+02 6.7933898926e+02 6.7940399170e+02 6.7947302246e+02
6.7474200439e+02 6.7487799072e+02 6.7501599121e+02 6.7515399170e+02 6.7527301025e+02 6.7540899658e+02 6.7555798340e+02 6.7569702148e+02 6.7581799316e+02 6.7594396973e+02 6.7606701660e+02 6.7620001221e+02 6.7633197021e+02 6.7646197510e+02 6.7658398438e+02 6.7670300293e+02 6.7683398438e+02 6.7695397949e+02 6.7709100342e+02 6.7721899414e+02 6.7737701416e+02 6.7747601318e+02 6.7760699463e+02 6.7773602295e+02 6.7782098389e+02 6.7792901611e+02 6.7803100586e+02 6.7812902832e+02 6.7821997070e+02 6.7831201172e+02 6.7839599609e+02 6.7847497559e+02 6.7855798340e+02 6.7861798096e+02 6.7868701172e+02 6.7874597168e+02 6.7879699707e+02 6.7885601807e+02 6.7892901611e+02 6.7898602295e+02 6.7904797363e+02 6.7910699463e+02 6.7916302490e+02 6.7922802734e+02 6.7930200195e+02 6.7936401367e+02
6.7455700684e+02 6.7469598389e+02 6.7483300781e+02 6.7497302246e+02 6.7509197998e+02 6.7523699951e+02 6.7539099121e+02 6.7551702881e+02 6.7564099121e+02 6.7577600098e+02 6.7590802002e+02 6.7603698730e+02 6.7614898682e+02 6.7628198242e+02 6.7641400146e+02 6.7653698730e+02 6.7666400146e+02 6.7678002930e+02 6.7689898682e+02 6.7701800537e+02 6.7718701172e+02 6.7731201172e+02 6.7744097900e+02 6.7756597900e+02 6.7767297363e+02 6.7778900146e+02 6.7788598633e+02 6.7798999023e+02 6.7810198975e+02 6.7818200684e+02 6.7825701904e+02 6.7834100342e+02 6.7841998291e+02 6.7849700928e+02 6.7857702637e+02 6.7863897705e+02 6.7869500732e+02 6.7876202393e+02 6.7883599854e+02 6.7889202881e+02 6.7895098877e+02 6.7900201416e+02 6.7905700684e+02 6.7911401367e+02 6.7920001221e+02 6.7925000000e+02
6.7438201904e+02 6.7452502441e+02 6.7465399170e+02 6.7479302979e+02 6.7491802979e+02 6.7505902100e+02 6.7520300293e+02 6.7533099365e+02 6.7546697998e+02 6.7559002686e+02 6.7572302246e+02 6.7586199951e+02 6.7597601318e+02 6.7611102295e+02 6.7624902344e+02 6.7637200928e+02 6.7649298096e+02 6.7661297607e+02 6.7672802734e+02 6.7684002686e+02 6.7698999023e+02 6.7712500000e+02 6.7726202393e+02 6.7738800049e+02 6.7750402832e+02 6.7761700439e+02 6.7772302246e+02 6.7783197021e+02 6.7795599365e+02 6.7804602051e+02 6.7812701416e+02 6.7820898438e+02 6.7828698730e+02 6.7837500000e+02 6.7846899414e+02 6.7853698730e+02 6.7859899902e+02 6.7866998291e+02 6.7874798584e+02 6.7880102539e+02 6.7885900879e+02 6.7891601563e+02 6.7897399902e+02 6.7902801514e+02 6.7910302734e+02 6.7915301514e+02
6.7421002197e+02 6.7434997559e+02 6.7448101807e+02 6.7461700439e+02 6.7473699951e+02 6.7487597656e+02 6.7501300049e+02 6.7513800049e+02 6.7528802490e+02 6.7540600586e+02 6.7554400635e+02 6.7569000244e+02 6.7581298828e+02 6.7594598389e+02 6.7608502197e+02 6.7620501709e+02 6.7631799316e+02 6.7645001221e+02 6.7656896973e+02 6.7668402100e+02 6.7681701660e+02 6.7694097900e+02 6.7707897949e+02 6.7720697021e+02 6.7733197021e+02 6.7745202637e+02 6.7756597900e+02 6.7767797852e+02 6.7779400635e+02 6.7789300537e+02 6.7798699951e+02 6.7807098389e+02 6.7815502930e+02 6.7825097656e+02 6.7834899902e+02 6.7842199707e+02 6.7849200439e+02 6.7857202148e+02 6.7865301514e+02 6.7871099854e+02 6.7876898193e+02 6.7883197021e+02 6.7889202881e+02 6.7893701172e+02 6.7899798584e+02 6.7906201172e+02
6.7403601074e+02 6.7417401123e+02 6.7430902100e+02 6.7444396973e+02 6.7455603027e+02 6.7470300293e+02 6.7482897949e+02 6.7495697021e+02 6.7510400391e+02 6.7523101807e+02 6.7538098145e+02 6.7551202393e+02 6.7561499023e+02 6.7575000000e+02 6.7589697266e+02 6.7602801514e+02 6.7613897705e+02 6.7627398682e+02 6.7639398193e+02 6.7651898193e+02 6.7666802979e+02 6.7677398682e+02 6.7691802979e+02 6.7703900146e+02 6.7715399170e+02 6.7728802490e+02 6.7740399170e+02 6.7751501465e+02 6.7762402344e+02 6.7772698975e+02 6.7783697510e+02 6.7794097900e+02 6.7802398682e+02 6.7810302734e+02 6.7820300293e+02 6.7829699707e+02 6.7839001465e+02 6.7846502686e+02 6.7853997803e+02 6.7862097168e+02 6.7867901611e+02 6.7873999023e+02 6.7880700684e+02 6.7885198975e+02 6.7891400146e+02 6.7897399902e+02
6.7387402344e+02 6.7401000977e+02 6.7413702393e+02 6.7427001953e+02 6.7438299561e+02 6.7452600098e+02 6.7464001465e+02 6.7475402832e+02 6.7490100098e+02 6.7504498291e+02 6.7518902588e+02 6.7533300781e+02 6.7545800781e+02 6.7558001709e+02 6.7571997070e+02 6.7585601807e+02 6.7597900391e+02 6.7612200928e+02 6.7624102783e+02 6.7635101318e+02 6.7648797607e+02 6.7660101318e+02 6.7673901367e+02 6.7685699463e+02 6.7698797607e+02 6.7712200928e+02 6.7725500488e+02 6.7736700439e+02 6.7746801758e+02 6.7756597900e+02 6.7767700195e+02 6.7778900146e+02 6.7788897705e+02 6.7797698975e+02 6.7807000732e+02 6.7815997314e+02 6.7825799561e+02 6.7835699463e+02 6.7843200684e+02 6.7851501465e+02 6.7857397461e+02 6.7864697266e+02 6.7871502686e+02 6.7876397705e+02 6.7883697510e+02 6.7889898682e+02
6.7371002197e+02 6.7383898926e+02 6.7395501709e+02 6.7408398438e+02 6.7420501709e+02 6.7434399414e+02 6.7446398926e+02 6.7458099365e+02 6.7471600342e+02 6.7486901855e+02 6.7500598145e+02 6.7515301514e+02 6.7529101563e+02 6.7542297363e+02 6.7554699707e+02 6.7567102051e+02 6.7579998779e+02 6.7595001221e+02 6.7607098389e+02 6.7617797852e+02 6.7629602051e+02 6.7642901611e+02 6.7656402588e+02 6.7668200684e+02 6.7681896973e+02 6.7694299316e+02 6.7708502197e+02 6.7720300293e+02 6.7730700684e+02 6.7740802002e+02 6.7753100586e+02 6.7764501953e+02 6.7775000000e+02 6.7784802246e+02 6.7793701172e+02 6.7802697754e+02 6.7812402344e+02 6.7822601318e+02 6.7830798340e+02 6.7840197754e+02 6.7847497559e+02 6.7855999756e+02 6.7862902832e+02 6.7867797852e+02 6.7875097656e+02 6.7881500244e+02
6.7354302979e+02 6.7366302490e+02 6.7378100586e+02 6.7390600586e+02 6.7402301025e+02 6.7415802002e+02 6.7428399658e+02 6.7441497803e+02 6.7455297852e+02 6.7470300293e+02 6.7483197021e+02 6.7496801758e+02 6.7510601807e+02 6.7526202393e+02 6.7539001465e+02 6.7550701904e+02 6.7562200928e+02 6.7576098633e+02 6.7588598633e+02 6.7600799561e+02 6.7613098145e+02 6.7626000977e+02 6.7638098145e+02 6.7650097656e+02 6.7664501953e+02 6.7676702881e+02 6.7690100098e+02 6.7702099609e+02 6.7714099121e+02 6.7724798584e+02 6.7738098145e+02 6.7750201416e+02 6.7760797119e+02 6.7771002197e+02 6.7780401611e+02 6.7790197754e+02 6.7799798584e+02 6.7809399414e+02 6.7818499756e+02 6.7828100586e+02 6.7835699463e+02 6.7843902588e+02 6.7851501465e+02 6.7857800293e+02 6.7865899658e+02 6.7872802734e+02
