TESTSERVER/15/5.asc
NCOLS 100
NROWS 100
XLLCORNER 8.2497500000e+03
YLLCORNER 2.8970025000e+05
CELLSIZE 5.0000000000e-01
NODATA_VALUE -9.9990000000e+03
[rows 60 to 79 of 100, columns 46 to 91 of 100]
6.5984197998e+02 6.5987799072e+02 6.5992102051e+02 6.5998699951e+02 6.6004699707e+02 6.6009899902e+02 6.6015698242e+02 6.6021099854e+02 6.6027398682e+02 6.6033898926e+02 6.6039801025e+02 6.6045202637e+02 6.6050799561e+02 6.6055902100e+02 6.6061499023e+02 6.6069396973e+02 6.6077697754e+02 6.6084899902e+02 6.6090600586e+02 6.6096197510e+02 6.6102697754e+02 6.6110101318e+02 6.6117901611e+02 6.6126599121e+02 6.6134997559e+02 6.6143200684e+02 6.6150701904e+02 6.6160198975e+02 6.6169897461e+02 6.6178100586e+02 6.6185198975e+02 6.6190600586e+02 6.6198999023e+02 6.6209100342e+02 6.6218103027e+02 6.6225500488e+02 6.6235498047e+02 6.6246197510e+02 6.6252600098e+02 6.6264300537e+02 6.6273901367e+02 6.6280902100e+02 6.6293701172e+02 6.6301800537e+02 6.6310198975e+02 6.6321697998e+02
6.5976702881e+02 6.5980700684e+02 6.5985699463e+02 6.5992297363e+02 6.5998101807e+02 6.6003198242e+02 6.6008502197e+02 6.6014202881e+02 6.6019201660e+02 6.6025500488e+02 6.6031097412e+02 6.6035699463e+02 6.6041198730e+02 6.6047100830e+02 6.6053198242e+02 6.6059698486e+02 6.6067797852e+02 6.6073901367e+02 6.6079797363e+02 6.6086499023e+02 6.6092498779e+02 6.6099298096e+02 6.6107098389e+02 6.6115100098e+02 6.6123297119e+02 6.6132299805e+02 6.6139300537e+02 6.6148199463e+02 6.6157098389e+02 6.6165100098e+02 6.6174401855e+02 6.6180999756e+02 6.6188500977e+02 6.6196899414e+02 6.6206402588e+02 6.6215997314e+02 6.6224499512e+02 6.6233697510e+02 6.6243597412e+02 6.6253698730e+02 6.6261700439e+02 6.6269598389e+02 6.6280700684e+02 6.6289599609e+02 6.6298297119e+02 6.6309301758e+02
6.5968597412e+02 6.5972601318e+02 6.5978601074e+02 6.5985198975e+02 6.5989898682e+02 6.5994897461e+02 6.6000897217e+02 6.6006701660e+02 6.6011102295e+02 6.6016302490e+02 6.6021398926e+02 6.6026000977e+02 6.6031298828e+02 6.6038000488e+02 6.6045001221e+02 6.6051202393e+02 6.6058697510e+02 6.6064501953e+02 6.6069897461e+02 6.6076397705e+02 6.6082702637e+02 6.6089300537e+02 6.6096997070e+02 6.6104797363e+02 6.6112597656e+02 6.6120202637e+02 6.6128698730e+02 6.6138000488e+02 6.6146398926e+02 6.6153698730e+02 6.6162097168e+02 6.6169897461e+02 6.6178100586e+02 6.6185998535e+02 6.6194598389e+02 6.6204699707e+02 6.6212097168e+02 6.6220501709e+02 6.6231201172e+02 6.6239001465e+02 6.6248699951e+02 6.6259399414e+02 6.6268298340e+02 6.6277502441e+02 6.6287597656e+02 6.6298498535e+02
6.5961499023e+02 6.5965301514e+02 6.5971398926e+02 6.5977197266e+02 6.5982098389e+02 6.5987402344e+02 6.5992901611e+02 6.5997497559e+02 6.6002801514e+02 6.6008502197e+02 6.6014099121e+02 6.6018298340e+02 6.6022399902e+02 6.6028100586e+02 6.6035998535e+02 6.6042999268e+02 6.6049700928e+02 6.6055700684e+02 6.6061401367e+02 6.6067498779e+02 6.6073699951e+02 6.6079998779e+02 6.6087597656e+02 6.6094299316e+02 6.6102398682e+02 6.6109600830e+02 6.6118701172e+02 6.6126898193e+02 6.6134497070e+02 6.6141699219e+02 6.6149700928e+02 6.6158099365e+02 6.6166998291e+02 6.6175000000e+02 6.6183697510e+02 6.6194299316e+02 6.6201397705e+02 6.6208898926e+02 6.6218701172e+02 6.6226800537e+02 6.6237500000e+02 6.6249499512e+02 6.6257000732e+02 6.6266400146e+02 6.6277001953e+02 6.6286901855e+02
6.5953601074e+02 6.5956896973e+02 6.5962200928e+02 6.5968499756e+02 6.5974597168e+02 6.5979699707e+02 6.5984802246e+02 6.5989202881e+02 6.5994702148e+02 6.6000500488e+02 6.6006701660e+02 6.6011499023e+02 6.6015698242e+02 6.6019799805e+02 6.6027301025e+02 6.6033197021e+02 6.6039501953e+02 6.6046502686e+02 6.6053302002e+02 6.6058300781e+02 6.6064697266e+02 6.6071997070e+02 6.6078002930e+02 6.6084002686e+02 6.6092498779e+02 6.6100000000e+02 6.6107098389e+02 6.6115802002e+02 6.6123101807e+02 6.6130401611e+02 6.6138800049e+02 6.6147399902e+02 6.6154901123e+02 6.6162701416e+02 6.6172497559e+02 6.6183099365e+02 6.6191497803e+02 6.6200000000e+02 6.6207702637e+02 6.6215002441e+02 6.6225097656e+02 6.6236602783e+02 6.6245599365e+02 6.6254498291e+02 6.6265002441e+02 6.6274200439e+02
6.5947100830e+02 6.5950299072e+02 6.5954998779e+02 6.5960198975e+02 6.5965600586e+02 6.5971002197e+02 6.5976501465e+02 6.5980603027e+02 6.5985699463e+02 6.5991497803e+02 6.5996801758e+02 6.6001501465e+02 6.6007299805e+02 6.6012902832e+02 6.6019097900e+02 6.6023602295e+02 6.6029998779e+02 6.6037500000e+02 6.6044097900e+02 6.6049902344e+02 6.6055999756e+02 6.6063897705e+02 6.6070001221e+02 6.6074200439e+02 6.6082501221e+02 6.6090399170e+02 6.6096697998e+02 6.6104199219e+02 6.6111499023e+02 6.6118402100e+02 6.6127301025e+02 6.6135699463e+02 6.6142901611e+02 6.6150897217e+02 6.6161297607e+02 6.6169897461e+02 6.6178399658e+02 6.6187402344e+02 6.6195599365e+02 6.6203698730e+02 6.6214202881e+02 6.6223797607e+02 6.6233599854e+02 6.6242999268e+02 6.6252801514e+02 6.6261499023e+02
6.5940997314e+02 6.5943597412e+02 6.5947302246e+02 6.5952398682e+02 6.5957397461e+02 6.5963000488e+02 6.5968298340e+02 6.5972802734e+02 6.5977600098e+02 6.5982800293e+02 6.5987298584e+02 6.5992102051e+02 6.5998297119e+02 6.6004602051e+02 6.6010498047e+02 6.6014801025e+02 6.6020599365e+02 6.6027301025e+02 6.6033502197e+02 6.6040399170e+02 6.6047198486e+02 6.6055102539e+02 6.6062500000e+02 6.6067199707e+02 6.6074700928e+02 6.6081799316e+02 6.6087298584e+02 6.6092999268e+02 6.6100000000e+02 6.6107299805e+02 6.6115502930e+02 6.6124298096e+02 6.6133001709e+02 6.6140802002e+02 6.6150500488e+02 6.6159002686e+02 6.6167999268e+02 6.6175402832e+02 6.6182897949e+02 6.6192999268e+02 6.6203698730e+02 6.6212200928e+02 6.6221600342e+02 6.6231402588e+02 6.6241497803e+02 6.6250500488e+02
6.5933599854e+02 6.5935797119e+02 6.5940600586e+02 6.5946301270e+02 6.5950897217e+02 6.5955603027e+02 6.5960101318e+02 6.5965197754e+02 6.5970098877e+02 6.5975097656e+02 6.5978900146e+02 6.5984301758e+02 6.5990002441e+02 6.5996002197e+02 6.6002398682e+02 6.6007800293e+02 6.6013299561e+02 6.6018499756e+02 6.6023999023e+02 6.6031201172e+02 6.6038397217e+02 6.6046197510e+02 6.6053997803e+02 6.6059301758e+02 6.6065997314e+02 6.6071600342e+02 6.6077600098e+02 6.6082598877e+02 6.6089099121e+02 6.6097302246e+02 6.6103698730e+02 6.6112200928e+02 6.6121997070e+02 6.6130603027e+02 6.6139099121e+02 6.6147900391e+02 6.6156896973e+02 6.6163702393e+02 6.6170800781e+02 6.6181500244e+02 6.6191601563e+02 6.6200500488e+02 6.6209600830e+02 6.6219598389e+02 6.6228802490e+02 6.6238000488e+02
6.5925799561e+02 6.5929101563e+02 6.5934497070e+02 6.5939599609e+02 6.5943902588e+02 6.5947601318e+02 6.5952502441e+02 6.5958001709e+02 6.5962500000e+02 6.5967797852e+02 6.5971899414e+02 6.5976000977e+02 6.5982000732e+02 6.5988500977e+02 6.5994799805e+02 6.6000500488e+02 6.6005798340e+02 6.6011297607e+02 6.6016699219e+02 6.6023602295e+02 6.6029797363e+02 6.6036700439e+02 6.6042700195e+02 6.6049102783e+02 6.6056500244e+02 6.6062597656e+02 6.6067700195e+02 6.6072601318e+02 6.6079101563e+02 6.6086700439e+02 6.6092797852e+02 6.6100897217e+02 6.6110699463e+02 6.6119702148e+02 6.6125097656e+02 6.6136700439e+02 6.6145098877e+02 6.6152301025e+02 6.6160198975e+02 6.6170599365e+02 6.6180499268e+02 6.6189801025e+02 6.6198999023e+02 6.6208099365e+02 6.6215997314e+02 6.6225000000e+02
6.5919500732e+02 6.5923999023e+02 6.5927600098e+02 6.5932098389e+02 6.5936999512e+02 6.5940802002e+02 6.5945300293e+02 6.5949298096e+02 6.5954602051e+02 6.5959899902e+02 6.5964300537e+02 6.5969000244e+02 6.5974902344e+02 6.5980798340e+02 6.5985998535e+02 6.5991101074e+02 6.5997399902e+02 6.6004797363e+02 6.6009197998e+02 6.6015802002e+02 6.6021899414e+02 6.6027600098e+02 6.6033300781e+02 6.6038897705e+02 6.6044897461e+02 6.6051599121e+02 6.6057501221e+02 6.6063800049e+02 6.6071697998e+02 6.6078399658e+02 6.6082897949e+02 6.6090997314e+02 6.6100500488e+02 6.6107800293e+02 6.6114898682e+02 6.6126599121e+02 6.6132000732e+02 6.6140002441e+02 6.6150500488e+02 6.6160198975e+02 6.6169201660e+02 6.6178100586e+02 6.6187597656e+02 6.6195898438e+02 6.6203802490e+02 6.6212500000e+02
6.5913598633e+02 6.5918103027e+02 6.5921197510e+02 6.5925000000e+02 6.5929101563e+02 6.5933300781e+02 6.5937701416e+02 6.5942401123e+02 6.5947399902e+02 6.5951300049e+02 6.5955603027e+02 6.5961999512e+02 6.5967199707e+02 6.5971997070e+02 6.5978497314e+02 6.5983801270e+02 6.5990197754e+02 6.5997497559e+02 6.6001702881e+02 6.6009600830e+02 6.6015399170e+02 6.6019500732e+02 6.6025500488e+02 6.6029901123e+02 6.6034899902e+02 6.6040899658e+02 6.6046997070e+02 6.6054302979e+02 6.6062200928e+02 6.6069396973e+02 6.6074298096e+02 6.6082897949e+02 6.6090802002e+02 6.6096697998e+02 6.6104699707e+02 6.6113897705e+02 6.6119799805e+02 6.6129101563e+02 6.6139697266e+02 6.6149102783e+02 6.6157800293e+02 6.6166302490e+02 6.6175000000e+02 6.6183197021e+02 6.6191699219e+02 6.6200799561e+02
6.5907098389e+02 6.5910400391e+02 6.5913702393e+02 6.5917102051e+02 6.5920898438e+02 6.5926501465e+02 6.5930499268e+02 6.5935601807e+02 6.5940002441e+02 6.5943798828e+02 6.5947998047e+02 6.5953497314e+02 6.5958898926e+02 6.5962902832e+02 6.5970202637e+02 6.5976202393e+02 6.5982202148e+02 6.5989202881e+02 6.5995599365e+02 6.6003002930e+02 6.6007202148e+02 6.6010797119e+02 6.6017797852e+02 6.6021398926e+02 6.6025799561e+02 6.6031402588e+02 6.6037402344e+02 6.6044897461e+02 6.6052697754e+02 6.6060101318e+02 6.6066802979e+02 6.6074102783e+02 6.6080401611e+02 6.6086401367e+02 6.6095098877e+02 6.6101898193e+02 6.6109100342e+02 6.6119702148e+02 6.6127502441e+02 6.6136297607e+02 6.6145898438e+02 6.6154602051e+02 6.6161798096e+02 6.6170300293e+02 6.6179998779e+02 6.6189300537e+02
6.5900701904e+02 6.5903100586e+02 6.5906402588e+02 6.5910998535e+02 6.5914801025e+02 6.5920202637e+02 6.5923602295e+02 6.5927197266e+02 6.5931097412e+02 6.5936602783e+02 6.5942999268e+02 6.5946197510e+02 6.5950897217e+02 6.5955401611e+02 6.5962298584e+02 6.5967797852e+02 6.5973602295e+02 6.5980499268e+02 6.5988000488e+02 6.5993499756e+02 6.5997802734e+02 6.6003802490e+02 6.6009197998e+02 6.6013397217e+02 6.6017199707e+02 6.6022497559e+02 6.6029797363e+02 6.6037200928e+02 6.6044201660e+02 6.6051000977e+02 6.6058898926e+02 6.6065100098e+02 6.6070898438e+02 6.6077502441e+02 6.6085198975e+02 6.6090301514e+02 6.6098797607e+02 6.6109197998e+02 6.6116198730e+02 6.6123797607e+02 6.6133300781e+02 6.6141900635e+02 6.6150799561e+02 6.6159197998e+02 6.6169000244e+02 6.6177801514e+02
6.5893798828e+02 6.5897100830e+02 6.5901098633e+02 6.5904998779e+02 6.5907897949e+02 6.5912200928e+02 6.5916497803e+02 6.5921099854e+02 6.5924298096e+02 6.5928198242e+02 6.5935198975e+02 6.5939398193e+02 6.5942999268e+02 6.5947698975e+02 6.5953802490e+02 6.5960101318e+02 6.5965698242e+02 6.5971801758e+02 6.5978100586e+02 6.5983300781e+02 6.5988800049e+02 6.5994897461e+02 6.6000500488e+02 6.6005603027e+02 6.6009497070e+02 6.6014099121e+02 6.6021801758e+02 6.6028399658e+02 6.6035198975e+02 6.6042602539e+02 6.6050000000e+02 6.6056298828e+02 6.6061700439e+02 6.6068200684e+02 6.6073901367e+02 6.6079101563e+02 6.6088598633e+02 6.6097399902e+02 6.6105499268e+02 6.6113702393e+02 6.6121697998e+02 6.6129998779e+02 6.6139898682e+02 6.6146997070e+02 6.6155401611e+02 6.6165502930e+02
6.5885900879e+02 6.5889398193e+02 6.5894000244e+02 6.5897802734e+02 6.5901397705e+02 6.5905999756e+02 6.5910101318e+02 6.5913201904e+02 6.5916302490e+02 6.5920599365e+02 6.5926397705e+02 6.5930798340e+02 6.5935198975e+02 6.5939501953e+02 6.5944799805e+02 6.5951702881e+02 6.5957397461e+02 6.5963598633e+02 6.5968902588e+02 6.5973602295e+02 6.5980700684e+02 6.5986999512e+02 6.5991497803e+02 6.5995898438e+02 6.6000701904e+02 6.6005999756e+02 6.6013897705e+02 6.6020898438e+02 6.6027801514e+02 6.6034197998e+02 6.6040301514e+02 6.6046899414e+02 6.6053698730e+02 6.6059802246e+02 6.6063201904e+02 6.6069799805e+02 6.6078399658e+02 6.6085900879e+02 6.6093402100e+02 6.6101898193e+02 6.6110699463e+02 6.6118597412e+02 6.6128698730e+02 6.6136499023e+02 6.6143902588e+02 6.6154797363e+02
6.5880200195e+02 6.5882598877e+02 6.5885699463e+02 6.5889697266e+02 6.5893798828e+02 6.5898498535e+02 6.5902502441e+02 6.5905297852e+02 6.5909301758e+02 6.5914202881e+02 6.5918798828e+02 6.5923101807e+02 6.5928302002e+02 6.5932299805e+02 6.5937500000e+02 6.5943798828e+02 6.5949200439e+02 6.5954998779e+02 6.5960101318e+02 6.5964801025e+02 6.5971697998e+02 6.5977502441e+02 6.5981701660e+02 6.5985699463e+02 6.5991497803e+02 6.5997601318e+02 6.6005297852e+02 6.6012701416e+02 6.6020202637e+02 6.6026501465e+02 6.6030603027e+02 6.6036798096e+02 6.6044799805e+02 6.6050897217e+02 6.6054400635e+02 6.6061798096e+02 6.6068798828e+02 6.6075799561e+02 6.6083001709e+02 6.6090502930e+02 6.6099902344e+02 6.6108197021e+02 6.6116302490e+02 6.6125402832e+02 6.6133697510e+02 6.6143298340e+02
6.5874200439e+02 6.5876599121e+02 6.5879101563e+02 6.5882800293e+02 6.5886700439e+02 6.5890399170e+02 6.5894500732e+02 6.5898498535e+02 6.5903100586e+02 6.5907098389e+02 6.5910998535e+02 6.5915100098e+02 6.5919799805e+02 6.5925097656e+02 6.5931097412e+02 6.5936102295e+02 6.5941302490e+02 6.5946197510e+02 6.5950299072e+02 6.5956402588e+02 6.5962597656e+02 6.5967700195e+02 6.5972399902e+02 6.5977197266e+02 6.5983300781e+02 6.5989099121e+02 6.5996197510e+02 6.6003100586e+02 6.6009497070e+02 6.6016400146e+02 6.6022802734e+02 6.6028997803e+02 6.6034600830e+02 6.6039001465e+02 6.6045800781e+02 6.6053601074e+02 6.6059997559e+02 6.6066601563e+02 6.6073400879e+02 6.6082202148e+02 6.6090301514e+02 6.6097802734e+02 6.6103302002e+02 6.6112799072e+02 6.6123400879e+02 6.6130499268e+02
6.5866802979e+02 6.5870501709e+02 6.5873901367e+02 6.5877398682e+02 6.5880297852e+02 6.5883300781e+02 6.5887500000e+02 6.5891699219e+02 6.5896697998e+02 6.5900701904e+02 6.5903802490e+02 6.5907598877e+02 6.5912402344e+02 6.5918298340e+02 6.5923699951e+02 6.5927899170e+02 6.5933801270e+02 6.5938500977e+02 6.5942199707e+02 6.5947998047e+02 6.5952801514e+02 6.5957501221e+02 6.5962701416e+02 6.5968798828e+02 6.5974401855e+02 6.5979498291e+02 6.5986602783e+02 6.5994097900e+02 6.6000299072e+02 6.6005999756e+02 6.6011999512e+02 6.6019000244e+02 6.6025000000e+02 6.6029302979e+02 6.6036798096e+02 6.6043499756e+02 6.6049499512e+02 6.6056701660e+02 6.6064501953e+02 6.6071502686e+02 6.6078900146e+02 6.6085900879e+02 6.6093499756e+02 6.6101098633e+02 6.6110198975e+02 6.6117901611e+02
6.5861199951e+02 6.5864001465e+02 6.5866998291e+02 6.5871502686e+02 6.5874401855e+02 6.5876898193e+02 6.5880401611e+02 6.5884899902e+02 6.5889898682e+02 6.5893798828e+02 6.5897900391e+02 6.5902197266e+02 6.5905902100e+02 6.5910198975e+02 6.5915197754e+02 6.5920300293e+02 6.5925097656e+02 6.5929498291e+02 6.5934301758e+02 6.5939398193e+02 6.5943902588e+02 6.5948797607e+02 6.5953497314e+02 6.5960198975e+02 6.5965197754e+02 6.5969702148e+02 6.5976501465e+02 6.5983697510e+02 6.5990197754e+02 6.5995599365e+02 6.6001702881e+02 6.6007800293e+02 6.6013598633e+02 6.6020501709e+02 6.6028601074e+02 6.6034197998e+02 6.6040600586e+02 6.6047698975e+02 6.6055102539e+02 6.6060498047e+02 6.6066601563e+02 6.6073101807e+02 6.6082800293e+02 6.6090802002e+02 6.6098498535e+02 6.6106402588e+02
6.5855102539e+02 6.5857098389e+02 6.5859997559e+02 6.5864300537e+02 6.5867498779e+02 6.5870697021e+02 6.5873699951e+02 6.5878900146e+02 6.5883502197e+02 6.5886901855e+02 6.5892199707e+02 6.5896600342e+02 6.5899499512e+02 6.5903198242e+02 6.5908300781e+02 6.5913897705e+02 6.5917199707e+02 6.5921197510e+02 6.5927600098e+02 6.5931402588e+02 6.5935998535e+02 6.5940899658e+02 6.5944799805e+02 6.5951800537e+02 6.5956799316e+02 6.5960900879e+02 6.5966601563e+02 6.5972998047e+02 6.5980499268e+02 6.5986999512e+02 6.5992602539e+02 6.5996002197e+02 6.6002099609e+02 6.6010900879e+02 6.6018200684e+02 6.6024102783e+02 6.6031298828e+02 6.6038598633e+02 6.6045098877e+02 6.6050402832e+02 6.6056701660e+02 6.6062902832e+02 6.6072198486e+02 6.6080902100e+02 6.6087701416e+02 6.6095800781e+02
