TESTSERVER/15/5.asc
NCOLS 100
NROWS 100
XLLCORNER 8.2497500000e+03
YLLCORNER 2.8970025000e+05
CELLSIZE 5.0000000000e-01
NODATA_VALUE -9.9990000000e+03
[rows 80 to 99 of 100, columns 46 to 91 of 100]
6.5848498535e+02 6.5851300049e+02 6.5855297852e+02 6.5858001709e+02 6.5860797119e+02 6.5864300537e+02 6.5868402100e+02 6.5872198486e+02 6.5876599121e+02 6.5880700684e+02 6.5885797119e+02 6.5889599609e+02 6.5893103027e+02 6.5897302246e+02 6.5902502441e+02 6.5907299805e+02 6.5911102295e+02 6.5915399170e+02 6.5920300293e+02 6.5923101807e+02 6.5927600098e+02 6.5932702637e+02 6.5936798096e+02 6.5942700195e+02 6.5948101807e+02 6.5953399658e+02 6.5959301758e+02 6.5963897705e+02 6.5970501709e+02 6.5978399658e+02 6.5983599854e+02 6.5986297607e+02 6.5993701172e+02 6.6001000977e+02 6.6005102539e+02 6.6012200928e+02 6.6019897461e+02 6.6027697754e+02 6.6035400391e+02 6.6041101074e+02 6.6047998047e+02 6.6054101563e+02 6.6060601807e+02 6.6070501709e+02 6.6077697754e+02 6.6085498047e+02
6.5842797852e+02 6.5845501709e+02 6.5849499512e+02 6.5852398682e+02 6.5854602051e+02 6.5857702637e+02 6.5862701416e+02 6.5866101074e+02 6.5869702148e+02 6.5874200439e+02 6.5877899170e+02 6.5882501221e+02 6.5887097168e+02 6.5890899658e+02 6.5895300293e+02 6.5899700928e+02 6.5903198242e+02 6.5907299805e+02 6.5911602783e+02 6.5915301514e+02 6.5919396973e+02 6.5924200439e+02 6.5928399658e+02 6.5933398438e+02 6.5939501953e+02 6.5945800781e+02 6.5951300049e+02 6.5957098389e+02 6.5962701416e+02 6.5969201660e+02 6.5973199463e+02 6.5978100586e+02 6.5985699463e+02 6.5991802979e+02 6.5997302246e+02 6.6004101563e+02 6.6010498047e+02 6.6016998291e+02 6.6025201416e+02 6.6032098389e+02 6.6038702393e+02 6.6045697021e+02 6.6053997803e+02 6.6060101318e+02 6.6066998291e+02 6.6075701904e+02
6.5838299561e+02 6.5840002441e+02 6.5842999268e+02 6.5845800781e+02 6.5848101807e+02 6.5851300049e+02 6.5856298828e+02 6.5860198975e+02 6.5863201904e+02 6.5867199707e+02 6.5870898438e+02 6.5875299072e+02 6.5879797363e+02 6.5883697510e+02 6.5888299561e+02 6.5892401123e+02 6.5895800781e+02 6.5899700928e+02 6.5903198242e+02 6.5906500244e+02 6.5909698486e+02 6.5915802002e+02 6.5921697998e+02 6.5925897217e+02 6.5931402588e+02 6.5937597656e+02 6.5942901611e+02 6.5948400879e+02 6.5955401611e+02 6.5960498047e+02 6.5963000488e+02 6.5969201660e+02 6.5975897217e+02 6.5981500244e+02 6.5989398193e+02 6.5995800781e+02 6.6001800537e+02 6.6008398438e+02 6.6015301514e+02 6.6022302246e+02 6.6029400635e+02 6.6036798096e+02 6.6045300293e+02 6.6050500488e+02 6.6058001709e+02 6.6067199707e+02
6.5833502197e+02 6.5834802246e+02 6.5837597656e+02 6.5840600586e+02 6.5842700195e+02 6.5846099854e+02 6.5850000000e+02 6.5853497314e+02 6.5856597900e+02 6.5859997559e+02 6.5864202881e+02 6.5867700195e+02 6.5871899414e+02 6.5876599121e+02 6.5881500244e+02 6.5884698486e+02 6.5888397217e+02 6.5891900635e+02 6.5894897461e+02 6.5897998047e+02 6.5901202393e+02 6.5907598877e+02 6.5913500977e+02 6.5918499756e+02 6.5924902344e+02 6.5930603027e+02 6.5934497070e+02 6.5938800049e+02 6.5945898438e+02 6.5949700928e+02 6.5953802490e+02 6.5960601807e+02 6.5966802979e+02 6.5972399902e+02 6.5979199219e+02 6.5985797119e+02 6.5992797852e+02 6.5999700928e+02 6.6005603027e+02 6.6012200928e+02 6.6020001221e+02 6.6027001953e+02 6.6033300781e+02 6.6041198730e+02 6.6048901367e+02 6.6056896973e+02
6.5827600098e+02 6.5830200195e+02 6.5832702637e+02 6.5835601807e+02 6.5838000488e+02 6.5841400146e+02 6.5845098877e+02 6.5848400879e+02 6.5852197266e+02 6.5855700684e+02 6.5858898926e+02 6.5861499023e+02 6.5865600586e+02 6.5870800781e+02 6.5874700928e+02 6.5877502441e+02 6.5881201172e+02 6.5884399414e+02 6.5887298584e+02 6.5890997314e+02 6.5894799805e+02 6.5899798584e+02 6.5904901123e+02 6.5909802246e+02 6.5916302490e+02 6.5922302246e+02 6.5926800537e+02 6.5932299805e+02 6.5936901855e+02 6.5939599609e+02 6.5946301270e+02 6.5952398682e+02 6.5959100342e+02 6.5964697266e+02 6.5970501709e+02 6.5977099609e+02 6.5984497070e+02 6.5991198730e+02 6.5996801758e+02 6.6003399658e+02 6.6011297607e+02 6.6017498779e+02 6.6021899414e+02 6.6031896973e+02 6.6039599609e+02 6.6045697021e+02
6.5821600342e+02 6.5824700928e+02 6.5827197266e+02 6.5828802490e+02 6.5832299805e+02 6.5836199951e+02 6.5839801025e+02 6.5842999268e+02 6.5846600342e+02 6.5850201416e+02 6.5853698730e+02 6.5856597900e+02 6.5860101318e+02 6.5863598633e+02 6.5865698242e+02 6.5870300293e+02 6.5874798584e+02 6.5877899170e+02 6.5881097412e+02 6.5885498047e+02 6.5887799072e+02 6.5891400146e+02 6.5896502686e+02 6.5901800537e+02 6.5908001709e+02 6.5913897705e+02 6.5919396973e+02 6.5925097656e+02 6.5929602051e+02 6.5932800293e+02 6.5939001465e+02 6.5943200684e+02 6.5949597168e+02 6.5955603027e+02 6.5961700439e+02 6.5968103027e+02 6.5975402832e+02 6.5982800293e+02 6.5989099121e+02 6.5996099854e+02 6.6002398682e+02 6.6007098389e+02 6.6013299561e+02 6.6022998047e+02 6.6031298828e+02 6.6037902832e+02
6.5815899658e+02 6.5818597412e+02 6.5821697998e+02 6.5823400879e+02 6.5827099609e+02 6.5830499268e+02 6.5833697510e+02 6.5837402344e+02 6.5840997314e+02 6.5844598389e+02 6.5848101807e+02 6.5851300049e+02 6.5854901123e+02 6.5857598877e+02 6.5859197998e+02 6.5863800049e+02 6.5868200684e+02 6.5871398926e+02 6.5874401855e+02 6.5877899170e+02 6.5881097412e+02 6.5885302734e+02 6.5889599609e+02 6.5895599365e+02 6.5901397705e+02 6.5906201172e+02 6.5912200928e+02 6.5916601563e+02 6.5920001221e+02 6.5925701904e+02 6.5931500244e+02 6.5935699463e+02 6.5941699219e+02 6.5947802734e+02 6.5954199219e+02 6.5960797119e+02 6.5967602539e+02 6.5974902344e+02 6.5981799316e+02 6.5989398193e+02 6.5994799805e+02 6.5998602295e+02 6.6005200195e+02 6.6012500000e+02 6.6019500732e+02 6.6027001953e+02
6.5810699463e+02 6.5813500977e+02 6.5816198730e+02 6.5818298340e+02 6.5822100830e+02 6.5825000000e+02 6.5827801514e+02 6.5831799316e+02 6.5835400391e+02 6.5838897705e+02 6.5842102051e+02 6.5845599365e+02 6.5849200439e+02 6.5851702881e+02 6.5854498291e+02 6.5857897949e+02 6.5861199951e+02 6.5864398193e+02 6.5867797852e+02 6.5871002197e+02 6.5875598145e+02 6.5879797363e+02 6.5883502197e+02 6.5889099121e+02 6.5893902588e+02 6.5898797607e+02 6.5905297852e+02 6.5907800293e+02 6.5910400391e+02 6.5917297363e+02 6.5922900391e+02 6.5929101563e+02 6.5935198975e+02 6.5940600586e+02 6.5947698975e+02 6.5954901123e+02 6.5960699463e+02 6.5967297363e+02 6.5974298096e+02 6.5981896973e+02 6.5986901855e+02 6.5990899658e+02 6.5997302246e+02 6.6003497314e+02 6.6008599854e+02 6.6015802002e+02
6.5805700684e+02 6.5807800293e+02 6.5810498047e+02 6.5812902832e+02 6.5816400146e+02 6.5819799805e+02 6.5823602295e+02 6.5826300049e+02 6.5829797363e+02 6.5833599854e+02 6.5836499023e+02 6.5839202881e+02 6.5841601563e+02 6.5845800781e+02 6.5851300049e+02 6.5853802490e+02 6.5856097412e+02 6.5859002686e+02 6.5862402344e+02 6.5865600586e+02 6.5868902588e+02 6.5873498535e+02 6.5879199219e+02 6.5882702637e+02 6.5885900879e+02 6.5891302490e+02 6.5896801758e+02 6.5899700928e+02 6.5904400635e+02 6.5909802246e+02 6.5913598633e+02 6.5919702148e+02 6.5926898193e+02 6.5933502197e+02 6.5940600586e+02 6.5948498535e+02 6.5954699707e+02 6.5960498047e+02 6.5966900635e+02 6.5971997070e+02 6.5977301025e+02 6.5982897949e+02 6.5989898682e+02 6.5995501709e+02 6.5999902344e+02 6.6005999756e+02
6.5800402832e+02 6.5802001953e+02 6.5806097412e+02 6.5809100342e+02 6.5811401367e+02 6.5814300537e+02 6.5818298340e+02 6.5821197510e+02 6.5824401855e+02 6.5828601074e+02 6.5831896973e+02 6.5834802246e+02 6.5836999512e+02 6.5841198730e+02 6.5845599365e+02 6.5847698975e+02 6.5850598145e+02 6.5854400635e+02 6.5857397461e+02 6.5861102295e+02 6.5863397217e+02 6.5866900635e+02 6.5872198486e+02 6.5876000977e+02 6.5879199219e+02 6.5884600830e+02 6.5888201904e+02 6.5892199707e+02 6.5897900391e+02 6.5901898193e+02 6.5907202148e+02 6.5912500000e+02 6.5918597412e+02 6.5925500488e+02 6.5933197021e+02 6.5939202881e+02 6.5946600342e+02 6.5953601074e+02 6.5958801270e+02 6.5962500000e+02 6.5967498779e+02 6.5973999023e+02 6.5981799316e+02 6.5986999512e+02 6.5992498779e+02 6.5997998047e+02
6.5794799805e+02 6.5796997070e+02 6.5800701904e+02 6.5803900146e+02 6.5806201172e+02 6.5808599854e+02 6.5812701416e+02 6.5816101074e+02 6.5818798828e+02 6.5822497559e+02 6.5826300049e+02 6.5829797363e+02 6.5833001709e+02 6.5837097168e+02 6.5839801025e+02 6.5841900635e+02 6.5845697021e+02 6.5849499512e+02 6.5851898193e+02 6.5855798340e+02 6.5859100342e+02 6.5862597656e+02 6.5865802002e+02 6.5869201660e+02 6.5872802734e+02 6.5877899170e+02 6.5880102539e+02 6.5884698486e+02 6.5890997314e+02 6.5895098877e+02 6.5900299072e+02 6.5905603027e+02 6.5911700439e+02 6.5918103027e+02 6.5925000000e+02 6.5929797363e+02 6.5937402344e+02 6.5944500732e+02 6.5949298096e+02 6.5953100586e+02 6.5958099365e+02 6.5964599609e+02 6.5973199463e+02 6.5979498291e+02 6.5985601807e+02 6.5989801025e+02
6.5788598633e+02 6.5791900635e+02 6.5795800781e+02 6.5798400879e+02 6.5800598145e+02 6.5802899170e+02 6.5807299805e+02 6.5810998535e+02 6.5813201904e+02 6.5816699219e+02 6.5821002197e+02 6.5824499512e+02 6.5828100586e+02 6.5832098389e+02 6.5834698486e+02 6.5837701416e+02 6.5841900635e+02 6.5844598389e+02 6.5846697998e+02 6.5850299072e+02 6.5853302002e+02 6.5856896973e+02 6.5859399414e+02 6.5862799072e+02 6.5866302490e+02 6.5870397949e+02 6.5873297119e+02 6.5877502441e+02 6.5883398438e+02 6.5887902832e+02 6.5892199707e+02 6.5897302246e+02 6.5903302002e+02 6.5909600830e+02 6.5915698242e+02 6.5920898438e+02 6.5928302002e+02 6.5934600830e+02 6.5938897705e+02 6.5943597412e+02 6.5950097656e+02 6.5956402588e+02 6.5963702393e+02 6.5970800781e+02 6.5976800537e+02 6.5980902100e+02
6.5783898926e+02 6.5786999512e+02 6.5790399170e+02 6.5793200684e+02 6.5794897461e+02 6.5797698975e+02 6.5801202393e+02 6.5805902100e+02 6.5808300781e+02 6.5811499023e+02 6.5815301514e+02 6.5818499756e+02 6.5822399902e+02 6.5826702881e+02 6.5829998779e+02 6.5833197021e+02 6.5837799072e+02 6.5840997314e+02 6.5843103027e+02 6.5845800781e+02 6.5848602295e+02 6.5851800537e+02 6.5854901123e+02 6.5857800293e+02 6.5860998535e+02 6.5863500977e+02 6.5867401123e+02 6.5871899414e+02 6.5876202393e+02 6.5881402588e+02 6.5887298584e+02 6.5890802002e+02 6.5896398926e+02 6.5902697754e+02 6.5908001709e+02 6.5911901855e+02 6.5918499756e+02 6.5923901367e+02 6.5928698730e+02 6.5935101318e+02 6.5942602539e+02 6.5948297119e+02 6.5954101563e+02 6.5961901855e+02 6.5967901611e+02 6.5972497559e+02
6.5778997803e+02 6.5782299805e+02 6.5785498047e+02 6.5787701416e+02 6.5790301514e+02 6.5792999268e+02 6.5796502686e+02 6.5800402832e+02 6.5803198242e+02 6.5806701660e+02 6.5809197998e+02 6.5812701416e+02 6.5816699219e+02 6.5820397949e+02 6.5823602295e+02 6.5826800537e+02 6.5831201172e+02 6.5834698486e+02 6.5838000488e+02 6.5842700195e+02 6.5846899414e+02 6.5847900391e+02 6.5850097656e+02 6.5853100586e+02 6.5855200195e+02 6.5857202148e+02 6.5861602783e+02 6.5865997314e+02 6.5869598389e+02 6.5873901367e+02 6.5879998779e+02 6.5884698486e+02 6.5890100098e+02 6.5895001221e+02 6.5899102783e+02 6.5904901123e+02 6.5910198975e+02 6.5914099121e+02 6.5920800781e+02 6.5926599121e+02 6.5933898926e+02 6.5939501953e+02 6.5945800781e+02 6.5953302002e+02 6.5959301758e+02 6.5965197754e+02
6.5774700928e+02 6.5777899170e+02 6.5780297852e+02 6.5783300781e+02 6.5786102295e+02 6.5788800049e+02 6.5793103027e+02 6.5795397949e+02 6.5797198486e+02 6.5800097656e+02 6.5803100586e+02 6.5807501221e+02 6.5810998535e+02 6.5814300537e+02 6.5818597412e+02 6.5821801758e+02 6.5825701904e+02 6.5828601074e+02 6.5832501221e+02 6.5836901855e+02 6.5840698242e+02 6.5842700195e+02 6.5846099854e+02 6.5848999023e+02 6.5850500488e+02 6.5853100586e+02 6.5857397461e+02 6.5860998535e+02 6.5865600586e+02 6.5869799805e+02 6.5873797607e+02 6.5878497314e+02 6.5883697510e+02 6.5887402344e+02 6.5890399170e+02 6.5896600342e+02 6.5901599121e+02 6.5905102539e+02 6.5910998535e+02 6.5916400146e+02 6.5923999023e+02 6.5930401611e+02 6.5937500000e+02 6.5944201660e+02 6.5950500488e+02 6.5957702637e+02
6.5770898438e+02 6.5774102783e+02 6.5775402832e+02 6.5779101563e+02 6.5782000732e+02 6.5785198975e+02 6.5789300537e+02 6.5791497803e+02 6.5793499756e+02 6.5795397949e+02 6.5798400879e+02 6.5802697754e+02 6.5805902100e+02 6.5808898926e+02 6.5813800049e+02 6.5816699219e+02 6.5820898438e+02 6.5823901367e+02 6.5827600098e+02 6.5831597900e+02 6.5835101318e+02 6.5838702393e+02 6.5842102051e+02 6.5843298340e+02 6.5845300293e+02 6.5849298096e+02 6.5852600098e+02 6.5855999756e+02 6.5861700439e+02 6.5866400146e+02 6.5869598389e+02 6.5872698975e+02 6.5876599121e+02 6.5880499268e+02 6.5884100342e+02 6.5888098145e+02 6.5892297363e+02 6.5896801758e+02 6.5901501465e+02 6.5906298828e+02 6.5913000488e+02 6.5920397949e+02 6.5928002930e+02 6.5933898926e+02 6.5940899658e+02 6.5948901367e+02
6.5766900635e+02 6.5770001221e+02 6.5772601318e+02 6.5775402832e+02 6.5778198242e+02 6.5781298828e+02 6.5784399414e+02 6.5787500000e+02 6.5790802002e+02 6.5791699219e+02 6.5793701172e+02 6.5797802734e+02 6.5800701904e+02 6.5803698730e+02 6.5807299805e+02 6.5810797119e+02 6.5815301514e+02 6.5818701172e+02 6.5822998047e+02 6.5826202393e+02 6.5828802490e+02 6.5832000732e+02 6.5834802246e+02 6.5836602783e+02 6.5841302490e+02 6.5846099854e+02 6.5847998047e+02 6.5851397705e+02 6.5857000732e+02 6.5861999512e+02 6.5864801025e+02 6.5866497803e+02 6.5868597412e+02 6.5871997070e+02 6.5875500488e+02 6.5879302979e+02 6.5882897949e+02 6.5888299561e+02 6.5892297363e+02 6.5897601318e+02 6.5903198242e+02 6.5910900879e+02 6.5918902588e+02 6.5923901367e+02 6.5930401611e+02 6.5939300537e+02
6.5764001465e+02 6.5766699219e+02 6.5769799805e+02 6.5771398926e+02 6.5774401855e+02 6.5777801514e+02 6.5780297852e+02 6.5783197021e+02 6.5785699463e+02 6.5787298584e+02 6.5790698242e+02 6.5793798828e+02 6.5796197510e+02 6.5798999023e+02 6.5802697754e+02 6.5806701660e+02 6.5810900879e+02 6.5813500977e+02 6.5816699219e+02 6.5819500732e+02 6.5822998047e+02 6.5827001953e+02 6.5828802490e+02 6.5832098389e+02 6.5837097168e+02 6.5840899658e+02 6.5844897461e+02 6.5848498535e+02 6.5852301025e+02 6.5855999756e+02 6.5860101318e+02 6.5860998535e+02 6.5863098145e+02 6.5866497803e+02 6.5869799805e+02 6.5871697998e+02 6.5875897217e+02 6.5880902100e+02 6.5885101318e+02 6.5889898682e+02 6.5894097900e+02 6.5899700928e+02 6.5905603027e+02 6.5913000488e+02 6.5921502686e+02 6.5929797363e+02
6.5761999512e+02 6.5762902832e+02 6.5765002441e+02 6.5767498779e+02 6.5771398926e+02 6.5774298096e+02 6.5776098633e+02 6.5779400635e+02 6.5781701660e+02 6.5784497070e+02 6.5787200928e+02 6.5788897705e+02 6.5790698242e+02 6.5793597412e+02 6.5797601318e+02 6.5801098633e+02 6.5804797363e+02 6.5807501221e+02 6.5811199951e+02 6.5814001465e+02 6.5817102051e+02 6.5820501709e+02 6.5821899414e+02 6.5826300049e+02 6.5830798340e+02 6.5834197998e+02 6.5839697266e+02 6.5844000244e+02 6.5847601318e+02 6.5850897217e+02 6.5854400635e+02 6.5854797363e+02 6.5856799316e+02 6.5860601807e+02 6.5863201904e+02 6.5864099121e+02 6.5868902588e+02 6.5874200439e+02 6.5879199219e+02 6.5882702637e+02 6.5885601807e+02 6.5886999512e+02 6.5890197754e+02 6.5900598145e+02 6.5912500000e+02 6.5920697021e+02
6.5759802246e+02 6.5760101318e+02 6.5761297607e+02 6.5764001465e+02 6.5767401123e+02 6.5769702148e+02 6.5771899414e+02 6.5775000000e+02 6.5777502441e+02 6.5780401611e+02 6.5782098389e+02 6.5783898926e+02 6.5785998535e+02 6.5789202881e+02 6.5792602539e+02 6.5795697021e+02 6.5798699951e+02 6.5801702881e+02 6.5805603027e+02 6.5807897949e+02 6.5810797119e+02 6.5813800049e+02 6.5815698242e+02 6.5821002197e+02 6.5824902344e+02 6.5828399658e+02 6.5833398438e+02 6.5838897705e+02 6.5842602539e+02 6.5844702148e+02 6.5846197510e+02 6.5846997070e+02 6.5849902344e+02 6.5854400635e+02 6.5856597900e+02 6.5858398438e+02 6.5862701416e+02 6.5867297363e+02 6.5872900391e+02 6.5875201416e+02 6.5878302002e+02 6.5878900146e+02 6.5880499268e+02 6.5889398193e+02 6.5902001953e+02 6.5910601807e+02
