TESTSERVER/15/5.asc
NCOLS 100
NROWS 100
XLLCORNER 8.2497500000e+03
YLLCORNER 2.8970025000e+05
CELLSIZE 5.0000000000e-01
NODATA_VALUE -9.9990000000e+03
[rows 20 to 39 of 100, columns 0 to 45 of 100]
6.6140698242e+02 6.6142602539e+02 6.6145202637e+02 6.6148699951e+02 6.6152398682e+02 6.6155603027e+02 6.6158898926e+02 6.6162298584e+02 6.6164898682e+02 6.6167401123e+02 6.6169500732e+02 6.6173498535e+02 6.6178100586e+02 6.6183398438e+02 6.6187402344e+02 6.6191497803e+02 6.6195599365e+02 6.6198999023e+02 6.6204302979e+02 6.6209100342e+02 6.6211999512e+02 6.6216400146e+02 6.6220397949e+02 6.6224499512e+02 6.6229901123e+02 6.6232299805e+02 6.6236297607e+02 6.6241802979e+02 6.6247998047e+02 6.6253399658e+02 6.6259399414e+02 6.6265600586e+02 6.6270202637e+02 6.6277899170e+02 6.6284802246e+02 6.6290399170e+02 6.6297802734e+02 6.6304797363e+02 6.6311401367e+02 6.6318597412e+02 6.6325201416e+02 6.6335998535e+02 6.6343499756e+02 6.6350897217e+02 6.6359997559e+02 6.6367199707e+02
6.6129101563e+02 6.6132098389e+02 6.6134301758e+02 6.6137500000e+02 6.6140502930e+02 6.6143298340e+02 6.6146398926e+02 6.6150799561e+02 6.6154302979e+02 6.6157000732e+02 6.6158801270e+02 6.6163201904e+02 6.6168103027e+02 6.6172698975e+02 6.6176397705e+02 6.6179797363e+02 6.6183801270e+02 6.6188201904e+02 6.6193798828e+02 6.6198199463e+02 6.6201599121e+02 6.6206097412e+02 6.6209197998e+02 6.6213000488e+02 6.6217901611e+02 6.6221600342e+02 6.6227001953e+02 6.6232501221e+02 6.6238000488e+02 6.6242901611e+02 6.6248699951e+02 6.6254400635e+02 6.6259399414e+02 6.6265502930e+02 6.6271398926e+02 6.6278002930e+02 6.6286199951e+02 6.6292199707e+02 6.6299401855e+02 6.6307202148e+02 6.6314398193e+02 6.6321899414e+02 6.6329199219e+02 6.6337597656e+02 6.6345397949e+02 6.6353900146e+02
6.6118103027e+02 6.6120898438e+02 6.6123602295e+02 6.6125897217e+02 6.6128302002e+02 6.6131402588e+02 6.6134899902e+02 6.6138702393e+02 6.6141802979e+02 6.6145599365e+02 6.6148297119e+02 6.6153002930e+02 6.6157098389e+02 6.6161102295e+02 6.6165197754e+02 6.6169000244e+02 6.6173297119e+02 6.6177600098e+02 6.6182897949e+02 6.6186401367e+02 6.6191601563e+02 6.6195898438e+02 6.6198699951e+02 6.6202697754e+02 6.6207397461e+02 6.6210302734e+02 6.6216101074e+02 6.6222302246e+02 6.6226800537e+02 6.6231298828e+02 6.6236602783e+02 6.6242498779e+02 6.6248901367e+02 6.6254602051e+02 6.6259997559e+02 6.6266699219e+02 6.6274499512e+02 6.6280700684e+02 6.6287799072e+02 6.6296301270e+02 6.6303997803e+02 6.6309600830e+02 6.6316302490e+02 6.6324499512e+02 6.6330999756e+02 6.6339501953e+02
6.6108001709e+02 6.6110797119e+02 6.6113299561e+02 6.6114599609e+02 6.6117199707e+02 6.6120599365e+02 6.6123498535e+02 6.6126202393e+02 6.6128997803e+02 6.6133801270e+02 6.6137200928e+02 6.6141998291e+02 6.6145501709e+02 6.6149798584e+02 6.6153900146e+02 6.6157501221e+02 6.6161700439e+02 6.6166101074e+02 6.6170898438e+02 6.6174298096e+02 6.6179797363e+02 6.6183599854e+02 6.6188000488e+02 6.6192199707e+02 6.6196801758e+02 6.6199298096e+02 6.6204699707e+02 6.6211401367e+02 6.6215899658e+02 6.6220397949e+02 6.6225000000e+02 6.6230297852e+02 6.6236700439e+02 6.6243701172e+02 6.6249700928e+02 6.6255798340e+02 6.6261901855e+02 6.6268902588e+02 6.6275402832e+02 6.6283697510e+02 6.6291497803e+02 6.6297302246e+02 6.6303100586e+02 6.6310797119e+02 6.6317999268e+02 6.6325897217e+02
6.6099102783e+02 6.6100000000e+02 6.6101501465e+02 6.6103302002e+02 6.6106799316e+02 6.6109802246e+02 6.6111999512e+02 6.6114898682e+02 6.6117199707e+02 6.6121398926e+02 6.6125201416e+02 6.6130102539e+02 6.6134100342e+02 6.6137799072e+02 6.6140802002e+02 6.6144201660e+02 6.6149700928e+02 6.6154400635e+02 6.6158398438e+02 6.6162500000e+02 6.6167602539e+02 6.6171002197e+02 6.6175701904e+02 6.6179998779e+02 6.6184997559e+02 6.6188397217e+02 6.6193798828e+02 6.6199298096e+02 6.6204498291e+02 6.6210601807e+02 6.6215802002e+02 6.6220501709e+02 6.6226202393e+02 6.6232598877e+02 6.6238598633e+02 6.6244097900e+02 6.6249902344e+02 6.6256799316e+02 6.6263397217e+02 6.6270898438e+02 6.6278497314e+02 6.6285302734e+02 6.6290698242e+02 6.6297802734e+02 6.6306701660e+02 6.6314801025e+02
6.6087097168e+02 6.6089300537e+02 6.6091497803e+02 6.6093701172e+02 6.6096301270e+02 6.6100500488e+02 6.6103002930e+02 6.6105902100e+02 6.6107202148e+02 6.6110998535e+02 6.6115502930e+02 6.6119799805e+02 6.6122497559e+02 6.6126000977e+02 6.6128802490e+02 6.6132897949e+02 6.6138500977e+02 6.6143103027e+02 6.6146801758e+02 6.6151702881e+02 6.6157598877e+02 6.6161499023e+02 6.6164001465e+02 6.6167999268e+02 6.6174298096e+02 6.6178100586e+02 6.6184100342e+02 6.6189398193e+02 6.6194299316e+02 6.6199499512e+02 6.6205297852e+02 6.6211199951e+02 6.6216497803e+02 6.6222198486e+02 6.6227099609e+02 6.6232299805e+02 6.6239300537e+02 6.6245697021e+02 6.6252697754e+02 6.6259802246e+02 6.6266302490e+02 6.6272302246e+02 6.6277502441e+02 6.6285302734e+02 6.6294396973e+02 6.6302899170e+02
6.6076000977e+02 6.6078100586e+02 6.6080700684e+02 6.6082897949e+02 6.6085498047e+02 6.6090100098e+02 6.6092401123e+02 6.6095202637e+02 6.6097802734e+02 6.6100598145e+02 6.6104302979e+02 6.6108697510e+02 6.6111499023e+02 6.6114501953e+02 6.6117498779e+02 6.6122497559e+02 6.6127697754e+02 6.6132202148e+02 6.6135900879e+02 6.6140301514e+02 6.6145098877e+02 6.6149298096e+02 6.6152197266e+02 6.6155798340e+02 6.6162200928e+02 6.6166998291e+02 6.6173602295e+02 6.6179699707e+02 6.6184899902e+02 6.6189300537e+02 6.6194299316e+02 6.6200402832e+02 6.6207202148e+02 6.6213098145e+02 6.6217102051e+02 6.6221197510e+02 6.6228002930e+02 6.6234100342e+02 6.6241101074e+02 6.6248400879e+02 6.6254199219e+02 6.6259600830e+02 6.6264898682e+02 6.6273602295e+02 6.6282800293e+02 6.6290600586e+02
6.6066101074e+02 6.6067401123e+02 6.6069500732e+02 6.6072100830e+02 6.6075299072e+02 6.6078997803e+02 6.6081402588e+02 6.6084399414e+02 6.6088000488e+02 6.6090802002e+02 6.6093298340e+02 6.6097698975e+02 6.6101000977e+02 6.6103997803e+02 6.6107202148e+02 6.6111901855e+02 6.6116302490e+02 6.6120898438e+02 6.6125500488e+02 6.6129602051e+02 6.6133099365e+02 6.6137298584e+02 6.6140899658e+02 6.6146099854e+02 6.6151501465e+02 6.6156597900e+02 6.6162500000e+02 6.6168200684e+02 6.6174298096e+02 6.6179699707e+02 6.6184497070e+02 6.6189801025e+02 6.6195501709e+02 6.6201501465e+02 6.6206597900e+02 6.6211700439e+02 6.6217999268e+02 6.6223498535e+02 6.6230200195e+02 6.6238098145e+02 6.6243798828e+02 6.6249902344e+02 6.6255499268e+02 6.6264202881e+02 6.6272601318e+02 6.6278601074e+02
6.6058001709e+02 6.6057897949e+02 6.6059301758e+02 6.6061700439e+02 6.6065399170e+02 6.6068499756e+02 6.6071502686e+02 6.6073199463e+02 6.6075097656e+02 6.6081597900e+02 6.6084698486e+02 6.6087402344e+02 6.6089300537e+02 6.6093200684e+02 6.6096502686e+02 6.6100701904e+02 6.6105401611e+02 6.6108898926e+02 6.6114300537e+02 6.6117999268e+02 6.6121600342e+02 6.6127502441e+02 6.6132000732e+02 6.6136297607e+02 6.6138897705e+02 6.6146899414e+02 6.6153100586e+02 6.6157000732e+02 6.6161700439e+02 6.6168798828e+02 6.6175097656e+02 6.6179998779e+02 6.6185198975e+02 6.6190100098e+02 6.6195800781e+02 6.6203100586e+02 6.6209997559e+02 6.6213897705e+02 6.6219702148e+02 6.6226501465e+02 6.6231896973e+02 6.6239599609e+02 6.6245098877e+02 6.6253002930e+02 6.6261199951e+02 6.6267700195e+02
6.6046697998e+02 6.6049200439e+02 6.6051501465e+02 6.6053302002e+02 6.6056701660e+02 6.6058801270e+02 6.6061297607e+02 6.6063299561e+02 6.6065997314e+02 6.6070800781e+02 6.6073999023e+02 6.6077398682e+02 6.6080401611e+02 6.6083197021e+02 6.6085998535e+02 6.6090399170e+02 6.6095300293e+02 6.6098400879e+02 6.6103302002e+02 6.6107598877e+02 6.6111700439e+02 6.6117901611e+02 6.6121899414e+02 6.6124902344e+02 6.6129602051e+02 6.6135900879e+02 6.6141497803e+02 6.6146197510e+02 6.6150701904e+02 6.6156097412e+02 6.6162500000e+02 6.6169598389e+02 6.6175799561e+02 6.6180798340e+02 6.6186102295e+02 6.6191497803e+02 6.6197998047e+02 6.6204302979e+02 6.6209600830e+02 6.6214898682e+02 6.6220800781e+02 6.6228802490e+02 6.6235101318e+02 6.6242901611e+02 6.6249700928e+02 6.6257000732e+02
6.6036199951e+02 6.6038702393e+02 6.6041802979e+02 6.6044097900e+02 6.6046398926e+02 6.6048797607e+02 6.6051800537e+02 6.6054998779e+02 6.6058398438e+02 6.6061901855e+02 6.6064001465e+02 6.6066601563e+02 6.6069598389e+02 6.6073797607e+02 6.6076898193e+02 6.6080798340e+02 6.6084997559e+02 6.6088397217e+02 6.6092797852e+02 6.6097302246e+02 6.6100897217e+02 6.6105700684e+02 6.6111499023e+02 6.6116198730e+02 6.6120898438e+02 6.6125897217e+02 6.6129998779e+02 6.6134497070e+02 6.6140100098e+02 6.6145599365e+02 6.6151098633e+02 6.6157501221e+02 6.6163397217e+02 6.6170001221e+02 6.6175897217e+02 6.6180200195e+02 6.6186602783e+02 6.6192797852e+02 6.6197698975e+02 6.6204302979e+02 6.6211297607e+02 6.6218499756e+02 6.6225299072e+02 6.6233099365e+02 6.6238897705e+02 6.6245599365e+02
6.6026702881e+02 6.6028497314e+02 6.6032598877e+02 6.6035400391e+02 6.6036901855e+02 6.6039697266e+02 6.6041998291e+02 6.6045397949e+02 6.6048797607e+02 6.6051898193e+02 6.6053997803e+02 6.6056799316e+02 6.6058898926e+02 6.6063500977e+02 6.6067297363e+02 6.6071301270e+02 6.6074902344e+02 6.6078497314e+02 6.6082397461e+02 6.6086999512e+02 6.6090502930e+02 6.6094897461e+02 6.6101702881e+02 6.6107299805e+02 6.6110797119e+02 6.6116400146e+02 6.6120098877e+02 6.6123699951e+02 6.6129498291e+02 6.6135601807e+02 6.6140698242e+02 6.6145697021e+02 6.6150598145e+02 6.6158099365e+02 6.6164300537e+02 6.6169702148e+02 6.6177600098e+02 6.6182897949e+02 6.6186999512e+02 6.6193798828e+02 6.6201000977e+02 6.6207702637e+02 6.6214300537e+02 6.6221502686e+02 6.6227899170e+02 6.6234399414e+02
6.6016900635e+02 6.6019000244e+02 6.6023797607e+02 6.6027001953e+02 6.6028698730e+02 6.6030700684e+02 6.6032202148e+02 6.6034802246e+02 6.6036700439e+02 6.6040802002e+02 6.6043597412e+02 6.6047601318e+02 6.6050598145e+02 6.6053497314e+02 6.6057000732e+02 6.6061602783e+02 6.6065301514e+02 6.6070001221e+02 6.6073400879e+02 6.6077801514e+02 6.6080700684e+02 6.6084600830e+02 6.6090002441e+02 6.6095300293e+02 6.6100097656e+02 6.6105798340e+02 6.6109997559e+02 6.6114697266e+02 6.6120800781e+02 6.6125500488e+02 6.6130499268e+02 6.6135998535e+02 6.6141699219e+02 6.6147399902e+02 6.6151898193e+02 6.6158398438e+02 6.6167901611e+02 6.6172900391e+02 6.6177099609e+02 6.6182800293e+02 6.6188098145e+02 6.6196002197e+02 6.6203802490e+02 6.6211199951e+02 6.6216400146e+02 6.6222601318e+02
6.6007800293e+02 6.6010797119e+02 6.6014898682e+02 6.6017797852e+02 6.6019097900e+02 6.6020397949e+02 6.6022698975e+02 6.6026702881e+02 6.6028900146e+02 6.6030499268e+02 6.6032800293e+02 6.6037799072e+02 6.6042102051e+02 6.6045599365e+02 6.6048797607e+02 6.6052600098e+02 6.6054699707e+02 6.6059197998e+02 6.6063897705e+02 6.6067700195e+02 6.6070800781e+02 6.6074597168e+02 6.6079498291e+02 6.6084997559e+02 6.6090399170e+02 6.6096002197e+02 6.6100299072e+02 6.6104797363e+02 6.6111499023e+02 6.6116497803e+02 6.6120599365e+02 6.6125500488e+02 6.6131896973e+02 6.6137597656e+02 6.6141900635e+02 6.6148999023e+02 6.6156597900e+02 6.6161798096e+02 6.6166900635e+02 6.6173400879e+02 6.6179498291e+02 6.6186297607e+02 6.6193103027e+02 6.6200402832e+02 6.6205603027e+02 6.6211401367e+02
6.5998498535e+02 6.6002099609e+02 6.6005603027e+02 6.6008300781e+02 6.6010601807e+02 6.6012097168e+02 6.6014099121e+02 6.6016900635e+02 6.6020501709e+02 6.6022100830e+02 6.6023797607e+02 6.6028100586e+02 6.6032598877e+02 6.6036401367e+02 6.6039697266e+02 6.6044097900e+02 6.6046600342e+02 6.6049902344e+02 6.6053997803e+02 6.6056701660e+02 6.6060998535e+02 6.6065997314e+02 6.6070599365e+02 6.6075299072e+02 6.6081201172e+02 6.6086401367e+02 6.6091302490e+02 6.6095800781e+02 6.6102099609e+02 6.6106701660e+02 6.6110699463e+02 6.6115698242e+02 6.6121899414e+02 6.6127398682e+02 6.6133300781e+02 6.6140698242e+02 6.6146600342e+02 6.6152502441e+02 6.6157397461e+02 6.6163397217e+02 6.6169897461e+02 6.6176098633e+02 6.6181701660e+02 6.6189202881e+02 6.6195800781e+02 6.6201898193e+02
6.5989300537e+02 6.5993200684e+02 6.5996002197e+02 6.5998699951e+02 6.6001599121e+02 6.6003802490e+02 6.6006201172e+02 6.6008001709e+02 6.6011700439e+02 6.6014501953e+02 6.6016198730e+02 6.6019097900e+02 6.6022601318e+02 6.6026898193e+02 6.6030200195e+02 6.6034997559e+02 6.6038299561e+02 6.6040997314e+02 6.6044299316e+02 6.6046997070e+02 6.6051202393e+02 6.6056701660e+02 6.6061602783e+02 6.6065600586e+02 6.6071997070e+02 6.6076397705e+02 6.6081097412e+02 6.6085998535e+02 6.6092102051e+02 6.6096997070e+02 6.6101397705e+02 6.6107202148e+02 6.6112799072e+02 6.6117602539e+02 6.6123999023e+02 6.6130902100e+02 6.6136102295e+02 6.6141601563e+02 6.6147399902e+02 6.6153399658e+02 6.6159100342e+02 6.6165899658e+02 6.6172198486e+02 6.6179302979e+02 6.6185601807e+02 6.6192297363e+02
6.5980700684e+02 6.5983801270e+02 6.5987500000e+02 6.5991198730e+02 6.5993499756e+02 6.5996099854e+02 6.5998999023e+02 6.6001202393e+02 6.6002801514e+02 6.6005902100e+02 6.6008300781e+02 6.6011199951e+02 6.6013897705e+02 6.6017401123e+02 6.6020397949e+02 6.6024597168e+02 6.6028900146e+02 6.6033502197e+02 6.6036199951e+02 6.6038897705e+02 6.6041802979e+02 6.6046502686e+02 6.6051397705e+02 6.6055603027e+02 6.6060900879e+02 6.6066497803e+02 6.6071801758e+02 6.6076800537e+02 6.6082000732e+02 6.6086999512e+02 6.6091998291e+02 6.6097601318e+02 6.6101397705e+02 6.6107800293e+02 6.6113500977e+02 6.6118597412e+02 6.6125201416e+02 6.6130902100e+02 6.6136901855e+02 6.6142297363e+02 6.6146600342e+02 6.6154101563e+02 6.6161602783e+02 6.6167999268e+02 6.6174401855e+02 6.6182098389e+02
6.5971600342e+02 6.5973901367e+02 6.5977301025e+02 6.5980603027e+02 6.5984399414e+02 6.5986999512e+02 6.5990100098e+02 6.5993701172e+02 6.5994396973e+02 6.5995800781e+02 6.5999902344e+02 6.6004302979e+02 6.6005700684e+02 6.6008697510e+02 6.6011798096e+02 6.6015600586e+02 6.6019799805e+02 6.6024298096e+02 6.6026898193e+02 6.6030902100e+02 6.6034002686e+02 6.6037597656e+02 6.6041900635e+02 6.6045800781e+02 6.6050701904e+02 6.6056896973e+02 6.6061901855e+02 6.6066998291e+02 6.6071997070e+02 6.6078100586e+02 6.6083300781e+02 6.6087799072e+02 6.6091198730e+02 6.6097998047e+02 6.6103198242e+02 6.6107800293e+02 6.6115100098e+02 6.6120397949e+02 6.6125500488e+02 6.6132299805e+02 6.6137597656e+02 6.6144598389e+02 6.6150701904e+02 6.6156896973e+02 6.6164501953e+02 6.6172497559e+02
6.5962500000e+02 6.5965002441e+02 6.5968298340e+02 6.5970501709e+02 6.5974298096e+02 6.5978002930e+02 6.5980999756e+02 6.5984802246e+02 6.5985797119e+02 6.5988000488e+02 6.5992797852e+02 6.5996502686e+02 6.5997198486e+02 6.5999401855e+02 6.6002899170e+02 6.6007000732e+02 6.6011297607e+02 6.6014801025e+02 6.6017498779e+02 6.6022100830e+02 6.6026202393e+02 6.6029901123e+02 6.6033801270e+02 6.6036901855e+02 6.6040899658e+02 6.6046997070e+02 6.6052301025e+02 6.6057702637e+02 6.6062402344e+02 6.6067999268e+02 6.6072998047e+02 6.6077398682e+02 6.6082702637e+02 6.6088897705e+02 6.6092901611e+02 6.6097698975e+02 6.6104901123e+02 6.6110498047e+02 6.6115399170e+02 6.6122100830e+02 6.6127801514e+02 6.6134197998e+02 6.6140002441e+02 6.6146997070e+02 6.6154901123e+02 6.6162701416e+02
6.5953698730e+02 6.5956298828e+02 6.5959002686e+02 6.5961602783e+02 6.5964001465e+02 6.5967199707e+02 6.5970501709e+02 6.5974700928e+02 6.5977301025e+02 6.5979998779e+02 6.5984197998e+02 6.5988000488e+02 6.5989300537e+02 6.5991400146e+02 6.5994702148e+02 6.5998400879e+02 6.6002697754e+02 6.6005603027e+02 6.6008801270e+02 6.6013299561e+02 6.6017602539e+02 6.6022302246e+02 6.6026397705e+02 6.6029901123e+02 6.6033099365e+02 6.6037597656e+02 6.6042700195e+02 6.6047998047e+02 6.6052502441e+02 6.6057299805e+02 6.6062402344e+02 6.6067498779e+02 6.6073602295e+02 6.6079199219e+02 6.6083197021e+02 6.6089099121e+02 6.6095397949e+02 6.6100500488e+02 6.6105798340e+02 6.6112200928e+02 6.6118298340e+02 6.6124298096e+02 6.6130700684e+02 6.6138000488e+02 6.6145202637e+02 6.6153100586e+02
