TESTSERVER/15/7.asc
NCOLS 100
NROWS 100
XLLCORNER 8.2497500000e+03
YLLCORNER 2.8960025000e+05
CELLSIZE 5.0000000000e-01
NODATA_VALUE -9.9990000000e+03
[rows 80 to 99 of 100, columns 0 to 45 of 100]
6.5634698486e+02 6.5638397217e+02 6.5641699219e+02 6.5646099854e+02 6.5650201416e+02 6.5653002930e+02 6.5656500244e+02 6.5661401367e+02 6.5665600586e+02 6.5670098877e+02 6.5672698975e+02 6.5674102783e+02 6.5678100586e+02 6.5682202148e+02 6.5686798096e+02 6.5692797852e+02 6.5696697998e+02 6.5702502441e+02 6.5707598877e+02 6.5713897705e+02 6.5718701172e+02 6.5724401855e+02 6.5730603027e+02 6.5735699463e+02 6.5741900635e+02 6.5748699951e+02 6.5754602051e+02 6.5759997559e+02 6.5765802002e+02 6.5772900391e+02 6.5782000732e+02 6.5790997314e+02 6.5798602295e+02 6.5805200195e+02 6.5812597656e+02 6.5819097900e+02 6.5823999023e+02 6.5829101563e+02 6.5834100342e+02 6.5840399170e+02 6.5845098877e+02 6.5850201416e+02 6.5854199219e+02 6.5855200195e+02 6.5854302979e+02 6.5854101563e+02
6.5624499512e+02 6.5628601074e+02 6.5632202148e+02 6.5636499023e+02 6.5641198730e+02 6.5645001221e+02 6.5649298096e+02 6.5652899170e+02 6.5656402588e+02 6.5659899902e+02 6.5663299561e+02 6.5666101074e+02 6.5669500732e+02 6.5671801758e+02 6.5675701904e+02 6.5680999756e+02 6.5685101318e+02 6.5690002441e+02 6.5695098877e+02 6.5701501465e+02 6.5706799316e+02 6.5711602783e+02 6.5716699219e+02 6.5722497559e+02 6.5728900146e+02 6.5734197998e+02 6.5740399170e+02 6.5744799805e+02 6.5751501465e+02 6.5759600830e+02 6.5767297363e+02 6.5776098633e+02 6.5784100342e+02 6.5788800049e+02 6.5796398926e+02 6.5805603027e+02 6.5812500000e+02 6.5818200684e+02 6.5824401855e+02 6.5830603027e+02 6.5836401367e+02 6.5843200684e+02 6.5847998047e+02 6.5849798584e+02 6.5850799561e+02 6.5853302002e+02
6.5614501953e+02 6.5617797852e+02 6.5622302246e+02 6.5626599121e+02 6.5632000732e+02 6.5635400391e+02 6.5640301514e+02 6.5644799805e+02 6.5648797607e+02 6.5651702881e+02 6.5653997803e+02 6.5656500244e+02 6.5659497070e+02 6.5662597656e+02 6.5666802979e+02 6.5670697021e+02 6.5673901367e+02 6.5678302002e+02 6.5682501221e+02 6.5687200928e+02 6.5694000244e+02 6.5698797607e+02 6.5703002930e+02 6.5708599854e+02 6.5715502930e+02 6.5721197510e+02 6.5727899170e+02 6.5732299805e+02 6.5738098145e+02 6.5746502686e+02 6.5754101563e+02 6.5761999512e+02 6.5768103027e+02 6.5773797607e+02 6.5780798340e+02 6.5790899658e+02 6.5799200439e+02 6.5805102539e+02 6.5812402344e+02 6.5819097900e+02 6.5825402832e+02 6.5833197021e+02 6.5838800049e+02 6.5841400146e+02 6.5844396973e+02 6.5847601318e+02
6.5605297852e+02 6.5608502197e+02 6.5612597656e+02 6.5616400146e+02 6.5621002197e+02 6.5624499512e+02 6.5630102539e+02 6.5636199951e+02 6.5639898682e+02 6.5643298340e+02 6.5645202637e+02 6.5645898438e+02 6.5648999023e+02 6.5653900146e+02 6.5657897949e+02 6.5660900879e+02 6.5664398193e+02 6.5670397949e+02 6.5674200439e+02 6.5677099609e+02 6.5682598877e+02 6.5687902832e+02 6.5690997314e+02 6.5693597412e+02 6.5700500488e+02 6.5708801270e+02 6.5715600586e+02 6.5720098877e+02 6.5725000000e+02 6.5732702637e+02 6.5739898682e+02 6.5746502686e+02 6.5752001953e+02 6.5759997559e+02 6.5767700195e+02 6.5777099609e+02 6.5784100342e+02 6.5790802002e+02 6.5798602295e+02 6.5805401611e+02 6.5811901855e+02 6.5820501709e+02 6.5827099609e+02 6.5830603027e+02 6.5835400391e+02 6.5840502930e+02
6.5595800781e+02 6.5598901367e+02 6.5601800537e+02 6.5605999756e+02 6.5610998535e+02 6.5614202881e+02 6.5619299316e+02 6.5624597168e+02 6.5629400635e+02 6.5633398438e+02 6.5635101318e+02 6.5636602783e+02 6.5640899658e+02 6.5645300293e+02 6.5648498535e+02 6.5651800537e+02 6.5657000732e+02 6.5661999512e+02 6.5665197754e+02 6.5667700195e+02 6.5670697021e+02 6.5674798584e+02 6.5680401611e+02 6.5682897949e+02 6.5686999512e+02 6.5694299316e+02 6.5699700928e+02 6.5705102539e+02 6.5711499023e+02 6.5717700195e+02 6.5723699951e+02 6.5730200195e+02 6.5738800049e+02 6.5747900391e+02 6.5755999756e+02 6.5762902832e+02 6.5767999268e+02 6.5774798584e+02 6.5783197021e+02 6.5790600586e+02 6.5796801758e+02 6.5805499268e+02 6.5813201904e+02 6.5817797852e+02 6.5824597168e+02 6.5830102539e+02
6.5584301758e+02 6.5588598633e+02 6.5592199707e+02 6.5596197510e+02 6.5601599121e+02 6.5605102539e+02 6.5608599854e+02 6.5612298584e+02 6.5618402100e+02 6.5623199463e+02 6.5624102783e+02 6.5627197266e+02 6.5631500244e+02 6.5634802246e+02 6.5638897705e+02 6.5642999268e+02 6.5647998047e+02 6.5652398682e+02 6.5654998779e+02 6.5657800293e+02 6.5660699463e+02 6.5663397217e+02 6.5668798828e+02 6.5673602295e+02 6.5676702881e+02 6.5680798340e+02 6.5685198975e+02 6.5690399170e+02 6.5698101807e+02 6.5704498291e+02 6.5711901855e+02 6.5720001221e+02 6.5726898193e+02 6.5734197998e+02 6.5741101074e+02 6.5747698975e+02 6.5753302002e+02 6.5759698486e+02 6.5766998291e+02 6.5774700928e+02 6.5780999756e+02 6.5789202881e+02 6.5797601318e+02 6.5803698730e+02 6.5809899902e+02 6.5816302490e+02
6.5574401855e+02 6.5578698730e+02 6.5582800293e+02 6.5586700439e+02 6.5591302490e+02 6.5594396973e+02 6.5597998047e+02 6.5602502441e+02 6.5608001709e+02 6.5611199951e+02 6.5612597656e+02 6.5617498779e+02 6.5622100830e+02 6.5624499512e+02 6.5629101563e+02 6.5633697510e+02 6.5638397217e+02 6.5642199707e+02 6.5645202637e+02 6.5647601318e+02 6.5649499512e+02 6.5652502441e+02 6.5657299805e+02 6.5662799072e+02 6.5667199707e+02 6.5670300293e+02 6.5674401855e+02 6.5679400635e+02 6.5685699463e+02 6.5692602539e+02 6.5699798584e+02 6.5707000732e+02 6.5713598633e+02 6.5721099854e+02 6.5727001953e+02 6.5733398438e+02 6.5739398193e+02 6.5746398926e+02 6.5752502441e+02 6.5759002686e+02 6.5766198730e+02 6.5774499512e+02 6.5782202148e+02 6.5788800049e+02 6.5794500732e+02 6.5801800537e+02
6.5563897705e+02 6.5567797852e+02 6.5572100830e+02 6.5576098633e+02 6.5580200195e+02 6.5583801270e+02 6.5589099121e+02 6.5593798828e+02 6.5597399902e+02 6.5600299072e+02 6.5601800537e+02 6.5606597900e+02 6.5611199951e+02 6.5614697266e+02 6.5619299316e+02 6.5623498535e+02 6.5627697754e+02 6.5631201172e+02 6.5635900879e+02 6.5640301514e+02 6.5640997314e+02 6.5643298340e+02 6.5647198486e+02 6.5651898193e+02 6.5657000732e+02 6.5660498047e+02 6.5664202881e+02 6.5669702148e+02 6.5674597168e+02 6.5680999756e+02 6.5686499023e+02 6.5693200684e+02 6.5699798584e+02 6.5706799316e+02 6.5712799072e+02 6.5719396973e+02 6.5725500488e+02 6.5732702637e+02 6.5737799072e+02 6.5742901611e+02 6.5750402832e+02 6.5758197021e+02 6.5765802002e+02 6.5773297119e+02 6.5778698730e+02 6.5786798096e+02
6.5551202393e+02 6.5556500244e+02 6.5561901855e+02 6.5566497803e+02 6.5569799805e+02 6.5573101807e+02 6.5579498291e+02 6.5583502197e+02 6.5586602783e+02 6.5590899658e+02 6.5593597412e+02 6.5596002197e+02 6.5598297119e+02 6.5602099609e+02 6.5608398438e+02 6.5613500977e+02 6.5615997314e+02 6.5619396973e+02 6.5625799561e+02 6.5633099365e+02 6.5635699463e+02 6.5637701416e+02 6.5638800049e+02 6.5640399170e+02 6.5645098877e+02 6.5650500488e+02 6.5655700684e+02 6.5660400391e+02 6.5664202881e+02 6.5670001221e+02 6.5674902344e+02 6.5681201172e+02 6.5686798096e+02 6.5691998291e+02 6.5698400879e+02 6.5704901123e+02 6.5710699463e+02 6.5716900635e+02 6.5722302246e+02 6.5729199219e+02 6.5737500000e+02 6.5744000244e+02 6.5750000000e+02 6.5756402588e+02 6.5761401367e+02 6.5770697021e+02
6.5541601563e+02 6.5544702148e+02 6.5549401855e+02 6.5555700684e+02 6.5560101318e+02 6.5563299561e+02 6.5568701172e+02 6.5572100830e+02 6.5574200439e+02 6.5578497314e+02 6.5583502197e+02 6.5586901855e+02 6.5589697266e+02 6.5592700195e+02 6.5597900391e+02 6.5602502441e+02 6.5606201172e+02 6.5610998535e+02 6.5615502930e+02 6.5619799805e+02 6.5623297119e+02 6.5627899170e+02 6.5629901123e+02 6.5630401611e+02 6.5634899902e+02 6.5639898682e+02 6.5644000244e+02 6.5648400879e+02 6.5653900146e+02 6.5659197998e+02 6.5664398193e+02 6.5669500732e+02 6.5673498535e+02 6.5679400635e+02 6.5685498047e+02 6.5692602539e+02 6.5698199463e+02 6.5703802490e+02 6.5709698486e+02 6.5716497803e+02 6.5722802734e+02 6.5729797363e+02 6.5736102295e+02 6.5741802979e+02 6.5746899414e+02 6.5753198242e+02
6.5531402588e+02 6.5534399414e+02 6.5538098145e+02 6.5542498779e+02 6.5546997070e+02 6.5553497314e+02 6.5558502197e+02 6.5561102295e+02 6.5562902832e+02 6.5567700195e+02 6.5572998047e+02 6.5576800537e+02 6.5580200195e+02 6.5583502197e+02 6.5588397217e+02 6.5592401123e+02 6.5596197510e+02 6.5600500488e+02 6.5605200195e+02 6.5608697510e+02 6.5610900879e+02 6.5615399170e+02 6.5619598389e+02 6.5620599365e+02 6.5624499512e+02 6.5629901123e+02 6.5634301758e+02 6.5638897705e+02 6.5643798828e+02 6.5647900391e+02 6.5652502441e+02 6.5657702637e+02 6.5663000488e+02 6.5668298340e+02 6.5673400879e+02 6.5680999756e+02 6.5687500000e+02 6.5692602539e+02 6.5698297119e+02 6.5704101563e+02 6.5708001709e+02 6.5714001465e+02 6.5720697021e+02 6.5727197266e+02 6.5732800293e+02 6.5738702393e+02
6.5517901611e+02 6.5522698975e+02 6.5527697754e+02 6.5531597900e+02 6.5535900879e+02 6.5542297363e+02 6.5546398926e+02 6.5548999023e+02 6.5552001953e+02 6.5557000732e+02 6.5561199951e+02 6.5564801025e+02 6.5568798828e+02 6.5573101807e+02 6.5578802490e+02 6.5582598877e+02 6.5585601807e+02 6.5589300537e+02 6.5594299316e+02 6.5598797607e+02 6.5601300049e+02 6.5604400635e+02 6.5608801270e+02 6.5610400391e+02 6.5613800049e+02 6.5619500732e+02 6.5625299072e+02 6.5630297852e+02 6.5634600830e+02 6.5638397217e+02 6.5642498779e+02 6.5647601318e+02 6.5654302979e+02 6.5658300781e+02 6.5662500000e+02 6.5669097900e+02 6.5676501465e+02 6.5682000732e+02 6.5687200928e+02 6.5691900635e+02 6.5695098877e+02 6.5700701904e+02 6.5707702637e+02 6.5714697266e+02 6.5719799805e+02 6.5726000977e+02
6.5506896973e+02 6.5511401367e+02 6.5516101074e+02 6.5521099854e+02 6.5527001953e+02 6.5530401611e+02 6.5533398438e+02 6.5536499023e+02 6.5541497803e+02 6.5544799805e+02 6.5548999023e+02 6.5553100586e+02 6.5559399414e+02 6.5564300537e+02 6.5568798828e+02 6.5572198486e+02 6.5575000000e+02 6.5578198242e+02 6.5583197021e+02 6.5587298584e+02 6.5590197754e+02 6.5593402100e+02 6.5596600342e+02 6.5599401855e+02 6.5604101563e+02 6.5609399414e+02 6.5615301514e+02 6.5620501709e+02 6.5628802490e+02 6.5630603027e+02 6.5635498047e+02 6.5640002441e+02 6.5645501709e+02 6.5649700928e+02 6.5653997803e+02 6.5659100342e+02 6.5665301514e+02 6.5669396973e+02 6.5674700928e+02 6.5678997803e+02 6.5683300781e+02 6.5687902832e+02 6.5696600342e+02 6.5704797363e+02 6.5708001709e+02 6.5713500977e+02
6.5497399902e+02 6.5502197266e+02 6.5505102539e+02 6.5509600830e+02 6.5515997314e+02 6.5518597412e+02 6.5521398926e+02 6.5524597168e+02 6.5529998779e+02 6.5533697510e+02 6.5538500977e+02 6.5542401123e+02 6.5548602295e+02 6.5553497314e+02 6.5557598877e+02 6.5560400391e+02 6.5563000488e+02 6.5567999268e+02 6.5572900391e+02 6.5577697754e+02 6.5579602051e+02 6.5584197998e+02 6.5587701416e+02 6.5589599609e+02 6.5593902588e+02 6.5599499512e+02 6.5605999756e+02 6.5611401367e+02 6.5617102051e+02 6.5618902588e+02 6.5623999023e+02 6.5629498291e+02 6.5635198975e+02 6.5641101074e+02 6.5645501709e+02 6.5650500488e+02 6.5656402588e+02 6.5659497070e+02 6.5665002441e+02 6.5669500732e+02 6.5673602295e+02 6.5676800537e+02 6.5684002686e+02 6.5691497803e+02 6.5696398926e+02 6.5702899170e+02
6.5487298584e+02 6.5491802979e+02 6.5494299316e+02 6.5498699951e+02 6.5504302979e+02 6.5507000732e+02 6.5509600830e+02 6.5513201904e+02 6.5518402100e+02 6.5521899414e+02 6.5526501465e+02 6.5531201172e+02 6.5537500000e+02 6.5542199707e+02 6.5546502686e+02 6.5548901367e+02 6.5551800537e+02 6.5556896973e+02 6.5560101318e+02 6.5565997314e+02 6.5569702148e+02 6.5574200439e+02 6.5577398682e+02 6.5579602051e+02 6.5583898926e+02 6.5588299561e+02 6.5594500732e+02 6.5600402832e+02 6.5605297852e+02 6.5609197998e+02 6.5614898682e+02 6.5621697998e+02 6.5627197266e+02 6.5632598877e+02 6.5636602783e+02 6.5640802002e+02 6.5646197510e+02 6.5649298096e+02 6.5654498291e+02 6.5659100342e+02 6.5663800049e+02 6.5668499756e+02 6.5673999023e+02 6.5679602051e+02 6.5684899902e+02 6.5691802979e+02
6.5477099609e+02 6.5480999756e+02 6.5484802246e+02 6.5489398193e+02 6.5492901611e+02 6.5495397949e+02 6.5498101807e+02 6.5502197266e+02 6.5506896973e+02 6.5509997559e+02 6.5514001465e+02 6.5520098877e+02 6.5526501465e+02 6.5531298828e+02 6.5535498047e+02 6.5538397217e+02 6.5541601563e+02 6.5545397949e+02 6.5547998047e+02 6.5553497314e+02 6.5558801270e+02 6.5561999512e+02 6.5565002441e+02 6.5568902588e+02 6.5573999023e+02 6.5577899170e+02 6.5583801270e+02 6.5590002441e+02 6.5595300293e+02 6.5600402832e+02 6.5604797363e+02 6.5611999512e+02 6.5617999268e+02 6.5622998047e+02 6.5627197266e+02 6.5631799316e+02 6.5636901855e+02 6.5640197754e+02 6.5645001221e+02 6.5648999023e+02 6.5653399658e+02 6.5658599854e+02 6.5664202881e+02 6.5669201660e+02 6.5673498535e+02 6.5680499268e+02
6.5466302490e+02 6.5470001221e+02 6.5475299072e+02 6.5479400635e+02 6.5482000732e+02 6.5484698486e+02 6.5487799072e+02 6.5491302490e+02 6.5494897461e+02 6.5498297119e+02 6.5502899170e+02 6.5509497070e+02 6.5514398193e+02 6.5518902588e+02 6.5522399902e+02 6.5526300049e+02 6.5530499268e+02 6.5533801270e+02 6.5538201904e+02 6.5542999268e+02 6.5546997070e+02 6.5550299072e+02 6.5554602051e+02 6.5558099365e+02 6.5560198975e+02 6.5566998291e+02 6.5573901367e+02 6.5581097412e+02 6.5586798096e+02 6.5591802979e+02 6.5594897461e+02 6.5601599121e+02 6.5607098389e+02 6.5612402344e+02 6.5617602539e+02 6.5622900391e+02 6.5627398682e+02 6.5633697510e+02 6.5639300537e+02 6.5642102051e+02 6.5644201660e+02 6.5647900391e+02 6.5654302979e+02 6.5661102295e+02 6.5665301514e+02 6.5670501709e+02
6.5454199219e+02 6.5458599854e+02 6.5463397217e+02 6.5466998291e+02 6.5470898438e+02 6.5475402832e+02 6.5479199219e+02 6.5481597900e+02 6.5484301758e+02 6.5487597656e+02 6.5491900635e+02 6.5496301270e+02 6.5500701904e+02 6.5506201172e+02 6.5510900879e+02 6.5516302490e+02 6.5519299316e+02 6.5522698975e+02 6.5528399658e+02 6.5533197021e+02 6.5536602783e+02 6.5539001465e+02 6.5545397949e+02 6.5550097656e+02 6.5552600098e+02 6.5557299805e+02 6.5562902832e+02 6.5569299316e+02 6.5574597168e+02 6.5580499268e+02 6.5584698486e+02 6.5590899658e+02 6.5596600342e+02 6.5602197266e+02 6.5607202148e+02 6.5613897705e+02 6.5618701172e+02 6.5623297119e+02 6.5629498291e+02 6.5634301758e+02 6.5636999512e+02 6.5642199707e+02 6.5648400879e+02 6.5653497314e+02 6.5656597900e+02 6.5661199951e+02
6.5442297363e+02 6.5447601318e+02 6.5452001953e+02 6.5454901123e+02 6.5457897949e+02 6.5463397217e+02 6.5468597412e+02 6.5472302246e+02 6.5474902344e+02 6.5477502441e+02 6.5481597900e+02 6.5484698486e+02 6.5488598633e+02 6.5493902588e+02 6.5499102783e+02 6.5504998779e+02 6.5508697510e+02 6.5512402344e+02 6.5518902588e+02 6.5523498535e+02 6.5526397705e+02 6.5530297852e+02 6.5535198975e+02 6.5539599609e+02 6.5544000244e+02 6.5548602295e+02 6.5554302979e+02 6.5559100342e+02 6.5563598633e+02 6.5570300293e+02 6.5575500488e+02 6.5580999756e+02 6.5585998535e+02 6.5591900635e+02 6.5596002197e+02 6.5602502441e+02 6.5608099365e+02 6.5612597656e+02 6.5618798828e+02 6.5625500488e+02 6.5630102539e+02 6.5634197998e+02 6.5639300537e+02 6.5644000244e+02 6.5648400879e+02 6.5653399658e+02
6.5432000732e+02 6.5438098145e+02 6.5442199707e+02 6.5444702148e+02 6.5446301270e+02 6.5451000977e+02 6.5456201172e+02 6.5461199951e+02 6.5465100098e+02 6.5468798828e+02 6.5472497559e+02 6.5475299072e+02 6.5477502441e+02 6.5480499268e+02 6.5485302734e+02 6.5491497803e+02 6.5497497559e+02 6.5502197266e+02 6.5509100342e+02 6.5513000488e+02 6.5515502930e+02 6.5520202637e+02 6.5524102783e+02 6.5528997803e+02 6.5534899902e+02 6.5540100098e+02 6.5545599365e+02 6.5549597168e+02 6.5554199219e+02 6.5560797119e+02 6.5566302490e+02 6.5571301270e+02 6.5576202393e+02 6.5582702637e+02 6.5585900879e+02 6.5591400146e+02 6.5596301270e+02 6.5600897217e+02 6.5608502197e+02 6.5614599609e+02 6.5620202637e+02 6.5624798584e+02 6.5629400635e+02 6.5633898926e+02 6.5639300537e+02 6.5644500732e+02
