TESTSERVER/15/7.asc
NCOLS 100
NROWS 100
XLLCORNER 8.2497500000e+03
YLLCORNER 2.8960025000e+05
CELLSIZE 5.0000000000e-01
NODATA_VALUE -9.9990000000e+03
[rows 80 to 99 of 100, columns 46 to 91 of 100]
6.5853997803e+02 6.5854602051e+02 6.5855499268e+02 6.5857202148e+02 6.5857299805e+02 6.5858599854e+02 6.5859497070e+02 6.5859600830e+02 6.5859899902e+02 6.5860101318e+02 6.5859399414e+02 6.5861102295e+02 6.5861199951e+02 6.5860900879e+02 6.5861999512e+02 6.5864398193e+02 6.5865899658e+02 6.5866802979e+02 6.5865100098e+02 6.5864099121e+02 6.5866198730e+02 6.5868298340e+02 6.5869299316e+02 6.5872100830e+02 6.5872698975e+02 6.5872802734e+02 6.5875097656e+02 6.5875000000e+02 6.5876397705e+02 6.5877600098e+02 6.5876599121e+02 6.5876599121e+02 6.5877197266e+02 6.5877099609e+02 6.5876800537e+02 6.5876300049e+02 6.5876599121e+02 6.5877301025e+02 6.5877801514e+02 6.5880102539e+02 6.5881701660e+02 6.5883001709e+02 6.5883300781e+02 6.5884899902e+02 6.5885998535e+02 6.5884399414e+02
6.5853302002e+02 6.5852899170e+02 6.5855102539e+02 6.5855999756e+02 6.5855603027e+02 6.5856298828e+02 6.5857098389e+02 6.5857501221e+02 6.5858599854e+02 6.5858898926e+02 6.5859600830e+02 6.5861901855e+02 6.5860601807e+02 6.5859997559e+02 6.5861798096e+02 6.5861901855e+02 6.5863500977e+02 6.5866101074e+02 6.5864501953e+02 6.5864099121e+02 6.5866302490e+02 6.5866601563e+02 6.5866699219e+02 6.5868499756e+02 6.5869299316e+02 6.5869799805e+02 6.5871697998e+02 6.5872698975e+02 6.5874200439e+02 6.5875299072e+02 6.5875000000e+02 6.5875500488e+02 6.5875799561e+02 6.5875000000e+02 6.5875000000e+02 6.5875000000e+02 6.5875299072e+02 6.5876202393e+02 6.5876098633e+02 6.5877899170e+02 6.5880200195e+02 6.5881701660e+02 6.5881799316e+02 6.5883502197e+02 6.5883099365e+02 6.5881597900e+02
6.5850701904e+02 6.5852502441e+02 6.5853802490e+02 6.5854302979e+02 6.5854199219e+02 6.5854602051e+02 6.5855700684e+02 6.5855999756e+02 6.5857299805e+02 6.5857501221e+02 6.5858099365e+02 6.5859399414e+02 6.5858300781e+02 6.5858801270e+02 6.5861199951e+02 6.5860699463e+02 6.5860699463e+02 6.5861999512e+02 6.5861798096e+02 6.5863397217e+02 6.5865301514e+02 6.5864599609e+02 6.5865002441e+02 6.5865502930e+02 6.5866198730e+02 6.5867602539e+02 6.5868402100e+02 6.5869000244e+02 6.5870202637e+02 6.5871899414e+02 6.5872302246e+02 6.5872998047e+02 6.5873797607e+02 6.5873400879e+02 6.5873602295e+02 6.5873699951e+02 6.5873602295e+02 6.5874798584e+02 6.5875299072e+02 6.5876300049e+02 6.5878399658e+02 6.5879602051e+02 6.5879498291e+02 6.5880603027e+02 6.5880700684e+02 6.5880297852e+02
6.5846002197e+02 6.5850000000e+02 6.5850402832e+02 6.5852502441e+02 6.5853302002e+02 6.5853100586e+02 6.5854302979e+02 6.5854699707e+02 6.5855902100e+02 6.5856799316e+02 6.5857000732e+02 6.5857000732e+02 6.5856500244e+02 6.5857299805e+02 6.5858300781e+02 6.5858398438e+02 6.5858599854e+02 6.5858801270e+02 6.5859698486e+02 6.5861401367e+02 6.5861700439e+02 6.5860699463e+02 6.5862402344e+02 6.5863201904e+02 6.5864697266e+02 6.5866699219e+02 6.5866998291e+02 6.5866699219e+02 6.5867602539e+02 6.5869201660e+02 6.5869299316e+02 6.5870697021e+02 6.5871502686e+02 6.5871502686e+02 6.5871398926e+02 6.5871002197e+02 6.5870202637e+02 6.5871697998e+02 6.5873901367e+02 6.5874401855e+02 6.5874700928e+02 6.5874700928e+02 6.5875299072e+02 6.5877600098e+02 6.5879498291e+02 6.5879498291e+02
6.5836602783e+02 6.5841900635e+02 6.5843902588e+02 6.5848400879e+02 6.5851202393e+02 6.5852099609e+02 6.5852600098e+02 6.5852502441e+02 6.5853002930e+02 6.5854101563e+02 6.5854498291e+02 6.5855102539e+02 6.5854998779e+02 6.5855297852e+02 6.5856298828e+02 6.5856298828e+02 6.5856500244e+02 6.5856701660e+02 6.5857897949e+02 6.5858599854e+02 6.5858197021e+02 6.5858001709e+02 6.5859802246e+02 6.5861401367e+02 6.5863702393e+02 6.5865197754e+02 6.5865802002e+02 6.5864697266e+02 6.5865197754e+02 6.5865502930e+02 6.5864599609e+02 6.5867102051e+02 6.5868499756e+02 6.5869000244e+02 6.5869201660e+02 6.5868200684e+02 6.5868402100e+02 6.5870501709e+02 6.5869702148e+02 6.5871502686e+02 6.5870898438e+02 6.5870501709e+02 6.5870697021e+02 6.5872900391e+02 6.5875500488e+02 6.5877001953e+02
6.5823999023e+02 6.5830102539e+02 6.5833898926e+02 6.5839599609e+02 6.5844000244e+02 6.5848101807e+02 6.5850402832e+02 6.5850701904e+02 6.5851000977e+02 6.5852197266e+02 6.5853497314e+02 6.5853601074e+02 6.5853399658e+02 6.5853802490e+02 6.5854302979e+02 6.5855798340e+02 6.5856201172e+02 6.5856298828e+02 6.5856701660e+02 6.5856597900e+02 6.5857501221e+02 6.5858300781e+02 6.5859197998e+02 6.5859997559e+02 6.5861102295e+02 6.5861798096e+02 6.5863000488e+02 6.5864001465e+02 6.5864202881e+02 6.5863201904e+02 6.5864898682e+02 6.5866497803e+02 6.5866699219e+02 6.5866802979e+02 6.5866900635e+02 6.5866497803e+02 6.5866998291e+02 6.5868298340e+02 6.5868701172e+02 6.5869201660e+02 6.5868902588e+02 6.5869799805e+02 6.5869299316e+02 6.5871398926e+02 6.5874597168e+02 6.5875598145e+02
6.5809002686e+02 6.5815002441e+02 6.5821502686e+02 6.5827899170e+02 6.5833398438e+02 6.5838702393e+02 6.5842602539e+02 6.5845501709e+02 6.5847900391e+02 6.5850299072e+02 6.5851599121e+02 6.5852001953e+02 6.5852398682e+02 6.5852398682e+02 6.5852600098e+02 6.5853997803e+02 6.5854400635e+02 6.5854998779e+02 6.5855200195e+02 6.5854797363e+02 6.5855902100e+02 6.5857202148e+02 6.5857397461e+02 6.5857098389e+02 6.5857897949e+02 6.5858898926e+02 6.5859698486e+02 6.5861499023e+02 6.5862097168e+02 6.5861602783e+02 6.5864501953e+02 6.5864801025e+02 6.5864501953e+02 6.5864801025e+02 6.5864801025e+02 6.5864202881e+02 6.5864501953e+02 6.5865698242e+02 6.5867199707e+02 6.5865997314e+02 6.5865997314e+02 6.5868200684e+02 6.5868103027e+02 6.5870501709e+02 6.5873400879e+02 6.5873699951e+02
6.5793103027e+02 6.5799102783e+02 6.5806701660e+02 6.5814099121e+02 6.5820300293e+02 6.5825598145e+02 6.5830603027e+02 6.5835498047e+02 6.5840301514e+02 6.5843798828e+02 6.5845800781e+02 6.5848498535e+02 6.5850701904e+02 6.5851501465e+02 6.5851702881e+02 6.5851898193e+02 6.5852398682e+02 6.5853698730e+02 6.5853900146e+02 6.5853601074e+02 6.5854302979e+02 6.5855297852e+02 6.5855499268e+02 6.5855798340e+02 6.5856097412e+02 6.5856597900e+02 6.5856500244e+02 6.5857897949e+02 6.5858502197e+02 6.5858697510e+02 6.5862298584e+02 6.5862500000e+02 6.5863000488e+02 6.5863397217e+02 6.5862402344e+02 6.5862097168e+02 6.5862799072e+02 6.5863598633e+02 6.5863702393e+02 6.5863500977e+02 6.5865100098e+02 6.5867602539e+02 6.5867401123e+02 6.5868499756e+02 6.5869500732e+02 6.5871002197e+02
6.5777301025e+02 6.5785302734e+02 6.5790100098e+02 6.5798101807e+02 6.5804797363e+02 6.5811199951e+02 6.5817602539e+02 6.5823498535e+02 6.5829901123e+02 6.5834997559e+02 6.5838800049e+02 6.5841900635e+02 6.5845300293e+02 6.5848101807e+02 6.5848901367e+02 6.5850201416e+02 6.5850799561e+02 6.5851000977e+02 6.5851202393e+02 6.5852197266e+02 6.5852801514e+02 6.5853198242e+02 6.5855401611e+02 6.5854602051e+02 6.5854400635e+02 6.5854498291e+02 6.5854797363e+02 6.5856597900e+02 6.5856597900e+02 6.5856402588e+02 6.5858300781e+02 6.5859497070e+02 6.5861297607e+02 6.5860797119e+02 6.5858599854e+02 6.5860101318e+02 6.5861401367e+02 6.5861602783e+02 6.5860302734e+02 6.5862298584e+02 6.5864697266e+02 6.5865502930e+02 6.5866302490e+02 6.5867199707e+02 6.5868103027e+02 6.5869097900e+02
6.5759997559e+02 6.5769702148e+02 6.5776800537e+02 6.5784301758e+02 6.5790301514e+02 6.5796398926e+02 6.5803997803e+02 6.5810797119e+02 6.5817498779e+02 6.5823797607e+02 6.5829699707e+02 6.5833001709e+02 6.5837402344e+02 6.5841699219e+02 6.5844299316e+02 6.5848602295e+02 6.5850701904e+02 6.5849902344e+02 6.5850402832e+02 6.5851397705e+02 6.5851599121e+02 6.5851702881e+02 6.5852301025e+02 6.5852502441e+02 6.5853302002e+02 6.5852801514e+02 6.5853399658e+02 6.5854998779e+02 6.5854901123e+02 6.5854797363e+02 6.5855798340e+02 6.5856298828e+02 6.5857299805e+02 6.5857202148e+02 6.5858801270e+02 6.5859002686e+02 6.5858502197e+02 6.5859802246e+02 6.5859997559e+02 6.5859802246e+02 6.5860797119e+02 6.5861499023e+02 6.5863397217e+02 6.5865802002e+02 6.5867602539e+02 6.5866802979e+02
6.5745202637e+02 6.5753302002e+02 6.5762097168e+02 6.5769702148e+02 6.5776098633e+02 6.5782397461e+02 6.5790100098e+02 6.5797399902e+02 6.5803302002e+02 6.5809899902e+02 6.5816802979e+02 6.5821899414e+02 6.5828601074e+02 6.5833898926e+02 6.5836999512e+02 6.5843402100e+02 6.5847601318e+02 6.5847497559e+02 6.5848101807e+02 6.5849700928e+02 6.5850402832e+02 6.5850799561e+02 6.5850097656e+02 6.5851300049e+02 6.5852099609e+02 6.5851300049e+02 6.5852398682e+02 6.5852801514e+02 6.5852801514e+02 6.5853100586e+02 6.5854602051e+02 6.5854797363e+02 6.5854302979e+02 6.5853997803e+02 6.5856896973e+02 6.5856402588e+02 6.5856402588e+02 6.5858300781e+02 6.5860797119e+02 6.5859497070e+02 6.5859802246e+02 6.5860302734e+02 6.5860498047e+02 6.5862701416e+02 6.5865100098e+02 6.5864599609e+02
6.5733099365e+02 6.5740100098e+02 6.5748199463e+02 6.5755401611e+02 6.5761602783e+02 6.5767901611e+02 6.5775897217e+02 6.5781402588e+02 6.5785998535e+02 6.5792901611e+02 6.5801300049e+02 6.5807598877e+02 6.5816497803e+02 6.5821899414e+02 6.5826202393e+02 6.5833599854e+02 6.5839599609e+02 6.5841400146e+02 6.5842199707e+02 6.5845501709e+02 6.5847497559e+02 6.5848797607e+02 6.5848797607e+02 6.5849401855e+02 6.5849798584e+02 6.5849798584e+02 6.5851702881e+02 6.5850799561e+02 6.5850897217e+02 6.5851599121e+02 6.5852899170e+02 6.5852301025e+02 6.5851800537e+02 6.5851800537e+02 6.5854302979e+02 6.5853900146e+02 6.5855297852e+02 6.5857202148e+02 6.5859399414e+02 6.5858398438e+02 6.5859301758e+02 6.5859497070e+02 6.5858398438e+02 6.5859100342e+02 6.5860797119e+02 6.5860498047e+02
6.5720202637e+02 6.5726898193e+02 6.5734802246e+02 6.5741601563e+02 6.5746502686e+02 6.5752502441e+02 6.5760198975e+02 6.5764501953e+02 6.5768597412e+02 6.5775701904e+02 6.5784197998e+02 6.5791998291e+02 6.5801501465e+02 6.5808398438e+02 6.5816699219e+02 6.5822601318e+02 6.5828601074e+02 6.5832702637e+02 6.5836901855e+02 6.5841699219e+02 6.5843902588e+02 6.5845202637e+02 6.5847802734e+02 6.5847998047e+02 6.5847302246e+02 6.5848199463e+02 6.5850402832e+02 6.5849102783e+02 6.5849200439e+02 6.5850201416e+02 6.5851501465e+02 6.5850799561e+02 6.5850097656e+02 6.5850201416e+02 6.5851202393e+02 6.5852001953e+02 6.5853497314e+02 6.5854498291e+02 6.5854797363e+02 6.5855700684e+02 6.5857501221e+02 6.5858001709e+02 6.5856799316e+02 6.5857397461e+02 6.5858801270e+02 6.5858898926e+02
6.5709197998e+02 6.5715698242e+02 6.5723101807e+02 6.5728100586e+02 6.5732397461e+02 6.5738201904e+02 6.5744799805e+02 6.5749102783e+02 6.5755297852e+02 6.5761602783e+02 6.5769897461e+02 6.5777600098e+02 6.5786602783e+02 6.5794097900e+02 6.5803399658e+02 6.5809698486e+02 6.5815899658e+02 6.5822302246e+02 6.5827801514e+02 6.5833502197e+02 6.5837500000e+02 6.5840600586e+02 6.5843701172e+02 6.5845397949e+02 6.5845898438e+02 6.5847497559e+02 6.5849200439e+02 6.5848602295e+02 6.5848901367e+02 6.5849700928e+02 6.5850097656e+02 6.5848498535e+02 6.5848797607e+02 6.5849499512e+02 6.5850000000e+02 6.5850500488e+02 6.5851898193e+02 6.5852398682e+02 6.5852099609e+02 6.5852801514e+02 6.5854199219e+02 6.5855499268e+02 6.5855499268e+02 6.5856500244e+02 6.5857000732e+02 6.5857501221e+02
6.5697100830e+02 6.5702099609e+02 6.5710101318e+02 6.5715997314e+02 6.5721502686e+02 6.5726501465e+02 6.5730798340e+02 6.5736297607e+02 6.5743597412e+02 6.5750701904e+02 6.5759100342e+02 6.5766400146e+02 6.5774902344e+02 6.5781896973e+02 6.5788299561e+02 6.5795397949e+02 6.5803302002e+02 6.5810699463e+02 6.5816699219e+02 6.5823297119e+02 6.5827899170e+02 6.5832897949e+02 6.5837097168e+02 6.5840997314e+02 6.5843200684e+02 6.5844799805e+02 6.5847100830e+02 6.5846997070e+02 6.5847302246e+02 6.5847497559e+02 6.5847100830e+02 6.5846697998e+02 6.5847998047e+02 6.5848602295e+02 6.5849200439e+02 6.5849102783e+02 6.5850701904e+02 6.5850402832e+02 6.5850500488e+02 6.5851300049e+02 6.5851599121e+02 6.5851702881e+02 6.5852600098e+02 6.5853997803e+02 6.5854302979e+02 6.5854498291e+02
6.5685797119e+02 6.5690197754e+02 6.5696502686e+02 6.5702001953e+02 6.5708502197e+02 6.5713598633e+02 6.5717297363e+02 6.5724902344e+02 6.5732202148e+02 6.5739099121e+02 6.5747802734e+02 6.5754101563e+02 6.5762799072e+02 6.5769897461e+02 6.5773699951e+02 6.5781500244e+02 6.5789898682e+02 6.5797198486e+02 6.5803302002e+02 6.5810601807e+02 6.5815502930e+02 6.5821398926e+02 6.5826098633e+02 6.5831701660e+02 6.5836199951e+02 6.5838702393e+02 6.5842401123e+02 6.5844097900e+02 6.5845501709e+02 6.5845599365e+02 6.5844799805e+02 6.5846002197e+02 6.5846502686e+02 6.5846398926e+02 6.5847998047e+02 6.5848101807e+02 6.5849102783e+02 6.5848297119e+02 6.5849700928e+02 6.5849499512e+02 6.5848901367e+02 6.5848999023e+02 6.5851000977e+02 6.5851202393e+02 6.5851397705e+02 6.5851098633e+02
6.5675299072e+02 6.5679901123e+02 6.5685198975e+02 6.5690899658e+02 6.5697198486e+02 6.5701898193e+02 6.5704699707e+02 6.5711602783e+02 6.5718298340e+02 6.5725201416e+02 6.5733398438e+02 6.5740600586e+02 6.5750201416e+02 6.5758099365e+02 6.5762701416e+02 6.5767901611e+02 6.5774499512e+02 6.5781097412e+02 6.5788098145e+02 6.5794799805e+02 6.5801898193e+02 6.5808599854e+02 6.5814501953e+02 6.5820697021e+02 6.5826599121e+02 6.5830401611e+02 6.5834301758e+02 6.5838500977e+02 6.5841900635e+02 6.5843103027e+02 6.5844000244e+02 6.5845300293e+02 6.5845697021e+02 6.5845501709e+02 6.5846301270e+02 6.5847399902e+02 6.5847900391e+02 6.5847100830e+02 6.5847302246e+02 6.5847399902e+02 6.5846899414e+02 6.5848199463e+02 6.5850097656e+02 6.5849401855e+02 6.5848999023e+02 6.5849401855e+02
6.5665899658e+02 6.5671099854e+02 6.5676800537e+02 6.5682299805e+02 6.5686700439e+02 6.5690399170e+02 6.5695697021e+02 6.5702001953e+02 6.5708197021e+02 6.5714099121e+02 6.5720800781e+02 6.5728198242e+02 6.5736499023e+02 6.5743499756e+02 6.5749597168e+02 6.5755401611e+02 6.5762097168e+02 6.5769396973e+02 6.5777398682e+02 6.5783099365e+02 6.5788897705e+02 6.5794897461e+02 6.5801800537e+02 6.5808599854e+02 6.5814898682e+02 6.5819396973e+02 6.5824200439e+02 6.5829101563e+02 6.5833300781e+02 6.5836102295e+02 6.5839398193e+02 6.5841302490e+02 6.5843798828e+02 6.5845397949e+02 6.5845501709e+02 6.5844097900e+02 6.5845397949e+02 6.5846301270e+02 6.5846099854e+02 6.5846502686e+02 6.5846600342e+02 6.5847198486e+02 6.5847198486e+02 6.5847900391e+02 6.5848297119e+02 6.5848297119e+02
6.5657501221e+02 6.5662597656e+02 6.5669201660e+02 6.5674102783e+02 6.5677398682e+02 6.5680999756e+02 6.5687097168e+02 6.5693499756e+02 6.5700500488e+02 6.5706097412e+02 6.5712402344e+02 6.5717602539e+02 6.5722900391e+02 6.5729101563e+02 6.5736199951e+02 6.5741900635e+02 6.5750097656e+02 6.5758599854e+02 6.5765899658e+02 6.5773498535e+02 6.5778302002e+02 6.5782800293e+02 6.5788500977e+02 6.5793902588e+02 6.5800897217e+02 6.5805401611e+02 6.5810601807e+02 6.5816601563e+02 6.5821697998e+02 6.5825500488e+02 6.5831097412e+02 6.5834100342e+02 6.5837298584e+02 6.5840197754e+02 6.5843701172e+02 6.5843499756e+02 6.5844897461e+02 6.5845202637e+02 6.5844000244e+02 6.5845098877e+02 6.5845397949e+02 6.5845300293e+02 6.5845800781e+02 6.5846697998e+02 6.5846600342e+02 6.5846899414e+02
6.5648199463e+02 6.5653100586e+02 6.5660302734e+02 6.5665399170e+02 6.5669897461e+02 6.5674401855e+02 6.5679602051e+02 6.5685400391e+02 6.5692602539e+02 6.5697998047e+02 6.5704797363e+02 6.5708197021e+02 6.5711499023e+02 6.5716802979e+02 6.5723101807e+02 6.5728802490e+02 6.5737402344e+02 6.5744500732e+02 6.5749902344e+02 6.5760797119e+02 6.5766198730e+02 6.5771502686e+02 6.5776702881e+02 6.5780798340e+02 6.5788201904e+02 6.5792297363e+02 6.5796502686e+02 6.5803601074e+02 6.5809301758e+02 6.5813500977e+02 6.5819897461e+02 6.5823602295e+02 6.5828002930e+02 6.5831701660e+02 6.5837597656e+02 6.5840502930e+02 6.5842602539e+02 6.5843499756e+02 6.5844000244e+02 6.5844000244e+02 6.5844000244e+02 6.5844396973e+02 6.5845300293e+02 6.5845397949e+02 6.5845202637e+02 6.5846099854e+02
