TESTSERVER/15/8.asc
NCOLS 100
NROWS 100
XLLCORNER 8.2497500000e+03
YLLCORNER 2.8955025000e+05
CELLSIZE 5.0000000000e-01
NODATA_VALUE -9.9990000000e+03
[rows 60 to 79 of 100, columns 46 to 91 of 100]
6.4594097900e+02 6.4599597168e+02 6.4606701660e+02 6.4623101807e+02 6.4639300537e+02 6.4656500244e+02 6.4670697021e+02 6.4693298340e+02 6.4713500977e+02 6.4733001709e+02 6.4749700928e+02 6.4756402588e+02 6.4763000488e+02 6.4771600342e+02 6.4783898926e+02 6.4793902588e+02 6.4804602051e+02 6.4814801025e+02 6.4822399902e+02 6.4838598633e+02 6.4847497559e+02 6.4853497314e+02 6.4858801270e+02 6.4862500000e+02 6.4878601074e+02 6.4899798584e+02 6.4917498779e+02 6.4935998535e+02 6.4950402832e+02 6.4954400635e+02 6.4954797363e+02 6.4967498779e+02 6.4979498291e+02 6.4990502930e+02 6.5003198242e+02 6.5026202393e+02 6.5038897705e+02 6.5044299316e+02 6.5044299316e+02 6.5052398682e+02 6.5069500732e+02 6.5087902832e+02 6.5097497559e+02 6.5104901123e+02 6.5112701416e+02 6.5121697998e+02
6.4566802979e+02 6.4579400635e+02 6.4590002441e+02 6.4602099609e+02 6.4613702393e+02 6.4630499268e+02 6.4644201660e+02 6.4656298828e+02 6.4670599365e+02 6.4691302490e+02 6.4713800049e+02 6.4730700684e+02 6.4743597412e+02 6.4754199219e+02 6.4767901611e+02 6.4774700928e+02 6.4778900146e+02 6.4786700439e+02 6.4798498535e+02 6.4809600830e+02 6.4819201660e+02 6.4831500244e+02 6.4841400146e+02 6.4841802979e+02 6.4850897217e+02 6.4864898682e+02 6.4880297852e+02 6.4900201416e+02 6.4920501709e+02 6.4931298828e+02 6.4933898926e+02 6.4937200928e+02 6.4944500732e+02 6.4951501465e+02 6.4960699463e+02 6.4976898193e+02 6.4993798828e+02 6.5010101318e+02 6.5019598389e+02 6.5027600098e+02 6.5036401367e+02 6.5046801758e+02 6.5056500244e+02 6.5066699219e+02 6.5075000000e+02 6.5083197021e+02
6.4529302979e+02 6.4548498535e+02 6.4565399170e+02 6.4575799561e+02 6.4586297607e+02 6.4606201172e+02 6.4624597168e+02 6.4634399414e+02 6.4642999268e+02 6.4656896973e+02 6.4675000000e+02 6.4688897705e+02 6.4703997803e+02 6.4719799805e+02 6.4740899658e+02 6.4747399902e+02 6.4743798828e+02 6.4751501465e+02 6.4772802734e+02 6.4786901855e+02 6.4795800781e+02 6.4810400391e+02 6.4826501465e+02 6.4827899170e+02 6.4832098389e+02 6.4840600586e+02 6.4851702881e+02 6.4866302490e+02 6.4884899902e+02 6.4898699951e+02 6.4907299805e+02 6.4910601807e+02 6.4914697266e+02 6.4919702148e+02 6.4925701904e+02 6.4937597656e+02 6.4952801514e+02 6.4970800781e+02 6.4987597656e+02 6.5003802490e+02 6.5014099121e+02 6.5022198486e+02 6.5029797363e+02 6.5039398193e+02 6.5048199463e+02 6.5055297852e+02
6.4493499756e+02 6.4509997559e+02 6.4528302002e+02 6.4541497803e+02 6.4552197266e+02 6.4570501709e+02 6.4594097900e+02 6.4614202881e+02 6.4628002930e+02 6.4638397217e+02 6.4646997070e+02 6.4654199219e+02 6.4667297363e+02 6.4680200195e+02 6.4693902588e+02 6.4699597168e+02 6.4698101807e+02 6.4707299805e+02 6.4734600830e+02 6.4757702637e+02 6.4771197510e+02 6.4787597656e+02 6.4806500244e+02 6.4815002441e+02 6.4818701172e+02 6.4822698975e+02 6.4830102539e+02 6.4841101074e+02 6.4854901123e+02 6.4865502930e+02 6.4874102783e+02 6.4882000732e+02 6.4887097168e+02 6.4891699219e+02 6.4897900391e+02 6.4909497070e+02 6.4922100830e+02 6.4935400391e+02 6.4949401855e+02 6.4967199707e+02 6.4980999756e+02 6.4993701172e+02 6.5005700684e+02 6.5017797852e+02 6.5026800537e+02 6.5034802246e+02
6.4465698242e+02 6.4476501465e+02 6.4490899658e+02 6.4511700439e+02 6.4524298096e+02 6.4533898926e+02 6.4549401855e+02 6.4577600098e+02 6.4604498291e+02 6.4623199463e+02 6.4630999756e+02 6.4638500977e+02 6.4648999023e+02 6.4651000977e+02 6.4644396973e+02 6.4653002930e+02 6.4665997314e+02 6.4680297852e+02 6.4697399902e+02 6.4724499512e+02 6.4742199707e+02 6.4759600830e+02 6.4779400635e+02 6.4799102783e+02 6.4803997803e+02 6.4800500488e+02 6.4800402832e+02 6.4815899658e+02 6.4829901123e+02 6.4839398193e+02 6.4847802734e+02 6.4857501221e+02 6.4861602783e+02 6.4864398193e+02 6.4873602295e+02 6.4884301758e+02 6.4893597412e+02 6.4900701904e+02 6.4908197021e+02 6.4921997070e+02 6.4933898926e+02 6.4949102783e+02 6.4960198975e+02 6.4972802734e+02 6.4981500244e+02 6.4992401123e+02
6.4431597900e+02 6.4444396973e+02 6.4457800293e+02 6.4482202148e+02 6.4501599121e+02 6.4512799072e+02 6.4522198486e+02 6.4537402344e+02 6.4559399414e+02 6.4584399414e+02 6.4603100586e+02 6.4612200928e+02 6.4619799805e+02 6.4625701904e+02 6.4631201172e+02 6.4639898682e+02 6.4654400635e+02 6.4668200684e+02 6.4678601074e+02 6.4691699219e+02 6.4701397705e+02 6.4716601563e+02 6.4738800049e+02 6.4763201904e+02 6.4780902100e+02 6.4788098145e+02 6.4785699463e+02 6.4787200928e+02 6.4793200684e+02 6.4801898193e+02 6.4815100098e+02 6.4829901123e+02 6.4836102295e+02 6.4836297607e+02 6.4842700195e+02 6.4858502197e+02 6.4870001221e+02 6.4877099609e+02 6.4883197021e+02 6.4890698242e+02 6.4897900391e+02 6.4908801270e+02 6.4918499756e+02 6.4930102539e+02 6.4942199707e+02 6.4957598877e+02
6.4397302246e+02 6.4414300537e+02 6.4429302979e+02 6.4448999023e+02 6.4473699951e+02 6.4496801758e+02 6.4509002686e+02 6.4514300537e+02 6.4522100830e+02 6.4539398193e+02 6.4562200928e+02 6.4576702881e+02 6.4588299561e+02 6.4600500488e+02 6.4614801025e+02 6.4625402832e+02 6.4638800049e+02 6.4651501465e+02 6.4660699463e+02 6.4668402100e+02 6.4675299072e+02 6.4688397217e+02 6.4705603027e+02 6.4723797607e+02 6.4745300293e+02 6.4763397217e+02 6.4769097900e+02 6.4767297363e+02 6.4765502930e+02 6.4769097900e+02 6.4778100586e+02 6.4790301514e+02 6.4802600098e+02 6.4809002686e+02 6.4812500000e+02 6.4823400879e+02 6.4835302734e+02 6.4846801758e+02 6.4858398438e+02 6.4871502686e+02 6.4879797363e+02 6.4889801025e+02 6.4898999023e+02 6.4908001709e+02 6.4918902588e+02 6.4934600830e+02
6.4366802979e+02 6.4389001465e+02 6.4407598877e+02 6.4415600586e+02 6.4434301758e+02 6.4462097168e+02 6.4483502197e+02 6.4493499756e+02 6.4496697998e+02 6.4505798340e+02 6.4522900391e+02 6.4543701172e+02 6.4562298584e+02 6.4577197266e+02 6.4588702393e+02 6.4597601318e+02 6.4611499023e+02 6.4625799561e+02 6.4637500000e+02 6.4647900391e+02 6.4660998535e+02 6.4678002930e+02 6.4689697266e+02 6.4695697021e+02 6.4707098389e+02 6.4724200439e+02 6.4742297363e+02 6.4748797607e+02 6.4747900391e+02 6.4747900391e+02 6.4749700928e+02 6.4756701660e+02 6.4770001221e+02 6.4782702637e+02 6.4788201904e+02 6.4790600586e+02 6.4797198486e+02 6.4807897949e+02 6.4820898438e+02 6.4837701416e+02 6.4850799561e+02 6.4865399170e+02 6.4876000977e+02 6.4882299805e+02 6.4886999512e+02 6.4895300293e+02
6.4333197021e+02 6.4360198975e+02 6.4388800049e+02 6.4395202637e+02 6.4401098633e+02 6.4415502930e+02 6.4436798096e+02 6.4461999512e+02 6.4477301025e+02 6.4487298584e+02 6.4495697021e+02 6.4515600586e+02 6.4538897705e+02 6.4555603027e+02 6.4562200928e+02 6.4567999268e+02 6.4580102539e+02 6.4592700195e+02 6.4602899170e+02 6.4617199707e+02 6.4636999512e+02 6.4658197021e+02 6.4673602295e+02 6.4680700684e+02 6.4683502197e+02 6.4694097900e+02 6.4717199707e+02 6.4728302002e+02 6.4732098389e+02 6.4732000732e+02 6.4730798340e+02 6.4737200928e+02 6.4746398926e+02 6.4759100342e+02 6.4769201660e+02 6.4768103027e+02 6.4769299316e+02 6.4775201416e+02 6.4781500244e+02 6.4789001465e+02 6.4800799561e+02 6.4814801025e+02 6.4828100586e+02 6.4847302246e+02 6.4857299805e+02 6.4861102295e+02
6.4301599121e+02 6.4321197510e+02 6.4350402832e+02 6.4372302246e+02 6.4385101318e+02 6.4394396973e+02 6.4409197998e+02 6.4433300781e+02 6.4453399658e+02 6.4467297363e+02 6.4476202393e+02 6.4485302734e+02 6.4500000000e+02 6.4519201660e+02 6.4534301758e+02 6.4544299316e+02 6.4554498291e+02 6.4561901855e+02 6.4570098877e+02 6.4582299805e+02 6.4598199463e+02 6.4615698242e+02 6.4634197998e+02 6.4651501465e+02 6.4660699463e+02 6.4668402100e+02 6.4682501221e+02 6.4689801025e+02 6.4702099609e+02 6.4712402344e+02 6.4714801025e+02 6.4713201904e+02 6.4717797852e+02 6.4731799316e+02 6.4743902588e+02 6.4743798828e+02 6.4745397949e+02 6.4752398682e+02 6.4759301758e+02 6.4764501953e+02 6.4770202637e+02 6.4776397705e+02 6.4786999512e+02 6.4802398682e+02 6.4815399170e+02 6.4826000977e+02
6.4283197021e+02 6.4287200928e+02 6.4303997803e+02 6.4333197021e+02 6.4356402588e+02 6.4370202637e+02 6.4379998779e+02 6.4396600342e+02 6.4417498779e+02 6.4437902832e+02 6.4453900146e+02 6.4459698486e+02 6.4467102051e+02 6.4481701660e+02 6.4497601318e+02 6.4511401367e+02 6.4524298096e+02 6.4532598877e+02 6.4540802002e+02 6.4550897217e+02 6.4561499023e+02 6.4575701904e+02 6.4595800781e+02 6.4618200684e+02 6.4632702637e+02 6.4641699219e+02 6.4652600098e+02 6.4656097412e+02 6.4666900635e+02 6.4680499268e+02 6.4690002441e+02 6.4690802002e+02 6.4691900635e+02 6.4698901367e+02 6.4708801270e+02 6.4712298584e+02 6.4716400146e+02 6.4723699951e+02 6.4730902100e+02 6.4737799072e+02 6.4747497559e+02 6.4756402588e+02 6.4763897705e+02 6.4774902344e+02 6.4780902100e+02 6.4786297607e+02
6.4265899658e+02 6.4264300537e+02 6.4266601563e+02 6.4288897705e+02 6.4314398193e+02 6.4334698486e+02 6.4348101807e+02 6.4359997559e+02 6.4377301025e+02 6.4397601318e+02 6.4418597412e+02 6.4430603027e+02 6.4440002441e+02 6.4450598145e+02 6.4458300781e+02 6.4469702148e+02 6.4484497070e+02 6.4497698975e+02 6.4511798096e+02 6.4523901367e+02 6.4531799316e+02 6.4543103027e+02 6.4562799072e+02 6.4585601807e+02 6.4601098633e+02 6.4609997559e+02 6.4622198486e+02 6.4632299805e+02 6.4640399170e+02 6.4649102783e+02 6.4658300781e+02 6.4666802979e+02 6.4671099854e+02 6.4671801758e+02 6.4675897217e+02 6.4682202148e+02 6.4687701416e+02 6.4694897461e+02 6.4700799561e+02 6.4703802490e+02 6.4713897705e+02 6.4726202393e+02 6.4736602783e+02 6.4753698730e+02 6.4762097168e+02 6.4765600586e+02
6.4237902832e+02 6.4248199463e+02 6.4246600342e+02 6.4256597900e+02 6.4277301025e+02 6.4301501465e+02 6.4319702148e+02 6.4336401367e+02 6.4350799561e+02 6.4363201904e+02 6.4380603027e+02 6.4396899414e+02 6.4411602783e+02 6.4423297119e+02 6.4429400635e+02 6.4433898926e+02 6.4445001221e+02 6.4460302734e+02 6.4477197266e+02 6.4493103027e+02 6.4502001953e+02 6.4509802246e+02 6.4520397949e+02 6.4543298340e+02 6.4558398438e+02 6.4566998291e+02 6.4576300049e+02 6.4596697998e+02 6.4609899902e+02 6.4619897461e+02 6.4631402588e+02 6.4643597412e+02 6.4653399658e+02 6.4654101563e+02 6.4653002930e+02 6.4656201172e+02 6.4661297607e+02 6.4668798828e+02 6.4679699707e+02 6.4685797119e+02 6.4688000488e+02 6.4693200684e+02 6.4700299072e+02 6.4712298584e+02 6.4729901123e+02 6.4746600342e+02
6.4192999268e+02 6.4214398193e+02 6.4223297119e+02 6.4228601074e+02 6.4242401123e+02 6.4269702148e+02 6.4292901611e+02 6.4312200928e+02 6.4328002930e+02 6.4336199951e+02 6.4347497559e+02 6.4363800049e+02 6.4378002930e+02 6.4392199707e+02 6.4402197266e+02 6.4408398438e+02 6.4418402100e+02 6.4431597900e+02 6.4446697998e+02 6.4459399414e+02 6.4469097900e+02 6.4480999756e+02 6.4493103027e+02 6.4503698730e+02 6.4515802002e+02 6.4523999023e+02 6.4532098389e+02 6.4544201660e+02 6.4559100342e+02 6.4575299072e+02 6.4592498779e+02 6.4611999512e+02 6.4630499268e+02 6.4638098145e+02 6.4635601807e+02 6.4635998535e+02 6.4634100342e+02 6.4633099365e+02 6.4641601563e+02 6.4652502441e+02 6.4659802246e+02 6.4667999268e+02 6.4675799561e+02 6.4683001709e+02 6.4693402100e+02 6.4708300781e+02
6.4149597168e+02 6.4170501709e+02 6.4192199707e+02 6.4204602051e+02 6.4213800049e+02 6.4232000732e+02 6.4251800537e+02 6.4273901367e+02 6.4295001221e+02 6.4306701660e+02 6.4316101074e+02 6.4331500244e+02 6.4345501709e+02 6.4359100342e+02 6.4369201660e+02 6.4377801514e+02 6.4390698242e+02 6.4403802490e+02 6.4416699219e+02 6.4426702881e+02 6.4435900879e+02 6.4450799561e+02 6.4467498779e+02 6.4477697754e+02 6.4489099121e+02 6.4496997070e+02 6.4501800537e+02 6.4508001709e+02 6.4518902588e+02 6.4532202148e+02 6.4546697998e+02 6.4561901855e+02 6.4583099365e+02 6.4596997070e+02 6.4599902344e+02 6.4608099365e+02 6.4611798096e+02 6.4609197998e+02 6.4610601807e+02 6.4613702393e+02 6.4621899414e+02 6.4632897949e+02 6.4642401123e+02 6.4651098633e+02 6.4660699463e+02 6.4674597168e+02
6.4119702148e+02 6.4135198975e+02 6.4157397461e+02 6.4175402832e+02 6.4188000488e+02 6.4200598145e+02 6.4211700439e+02 6.4229901123e+02 6.4252801514e+02 6.4271801758e+02 6.4287402344e+02 6.4303601074e+02 6.4315502930e+02 6.4324798584e+02 6.4333197021e+02 6.4342797852e+02 6.4357800293e+02 6.4370800781e+02 6.4380999756e+02 6.4391198730e+02 6.4400598145e+02 6.4413800049e+02 6.4429101563e+02 6.4440899658e+02 6.4454602051e+02 6.4465997314e+02 6.4474102783e+02 6.4484497070e+02 6.4494000244e+02 6.4502301025e+02 6.4510900879e+02 6.4518902588e+02 6.4532501221e+02 6.4543298340e+02 6.4550402832e+02 6.4566302490e+02 6.4582000732e+02 6.4587597656e+02 6.4589801025e+02 6.4591302490e+02 6.4594702148e+02 6.4600201416e+02 6.4608099365e+02 6.4617297363e+02 6.4626599121e+02 6.4638397217e+02
6.4096801758e+02 6.4109997559e+02 6.4125500488e+02 6.4140502930e+02 6.4159600830e+02 6.4179998779e+02 6.4191802979e+02 6.4196398926e+02 6.4211102295e+02 6.4231701660e+02 6.4254199219e+02 6.4274700928e+02 6.4285498047e+02 6.4291101074e+02 6.4298400879e+02 6.4306597900e+02 6.4321502686e+02 6.4334197998e+02 6.4344396973e+02 6.4356799316e+02 6.4368103027e+02 6.4375299072e+02 6.4377001953e+02 6.4385699463e+02 6.4398999023e+02 6.4413897705e+02 6.4427899170e+02 6.4444201660e+02 6.4457098389e+02 6.4467797852e+02 6.4482000732e+02 6.4500598145e+02 6.4510302734e+02 6.4515502930e+02 6.4519097900e+02 6.4527301025e+02 6.4542999268e+02 6.4555603027e+02 6.4563299561e+02 6.4574401855e+02 6.4579302979e+02 6.4581799316e+02 6.4588500977e+02 6.4592199707e+02 6.4599102783e+02 6.4605999756e+02
6.4067199707e+02 6.4084997559e+02 6.4099298096e+02 6.4108502197e+02 6.4122100830e+02 6.4143701172e+02 6.4162200928e+02 6.4174597168e+02 6.4182702637e+02 6.4191198730e+02 6.4206896973e+02 6.4225598145e+02 6.4242401123e+02 6.4254998779e+02 6.4261401367e+02 6.4266400146e+02 6.4279199219e+02 6.4291497803e+02 6.4306201172e+02 6.4321502686e+02 6.4331201172e+02 6.4335900879e+02 6.4336499023e+02 6.4342199707e+02 6.4348498535e+02 6.4355902100e+02 6.4367700195e+02 6.4384899902e+02 6.4402099609e+02 6.4416601563e+02 6.4432098389e+02 6.4451300049e+02 6.4471301270e+02 6.4488500977e+02 6.4492498779e+02 6.4496301270e+02 6.4506402588e+02 6.4517602539e+02 6.4525097656e+02 6.4534802246e+02 6.4546099854e+02 6.4557098389e+02 6.4568798828e+02 6.4578900146e+02 6.4583001709e+02 6.4582897949e+02
6.4030401611e+02 6.4051000977e+02 6.4068200684e+02 6.4080999756e+02 6.4090100098e+02 6.4104302979e+02 6.4123101807e+02 6.4143902588e+02 6.4156097412e+02 6.4161297607e+02 6.4168597412e+02 6.4183197021e+02 6.4201202393e+02 6.4217401123e+02 6.4227301025e+02 6.4235198975e+02 6.4245098877e+02 6.4251202393e+02 6.4260302734e+02 6.4272900391e+02 6.4281402588e+02 6.4288299561e+02 6.4296997070e+02 6.4306298828e+02 6.4310998535e+02 6.4312298584e+02 6.4316302490e+02 6.4331201172e+02 6.4351599121e+02 6.4368701172e+02 6.4381201172e+02 6.4394299316e+02 6.4413702393e+02 6.4434002686e+02 6.4445300293e+02 6.4454498291e+02 6.4468798828e+02 6.4484002686e+02 6.4494000244e+02 6.4498901367e+02 6.4507501221e+02 6.4519500732e+02 6.4533801270e+02 6.4549102783e+02 6.4560198975e+02 6.4564697266e+02
6.3994702148e+02 6.4012597656e+02 6.4030297852e+02 6.4047998047e+02 6.4060198975e+02 6.4073699951e+02 6.4086798096e+02 6.4105102539e+02 6.4123901367e+02 6.4135601807e+02 6.4143200684e+02 6.4153100586e+02 6.4165301514e+02 6.4179602051e+02 6.4193200684e+02 6.4207000732e+02 6.4218103027e+02 6.4219702148e+02 6.4219097900e+02 6.4226800537e+02 6.4233099365e+02 6.4240698242e+02 6.4253997803e+02 6.4267297363e+02 6.4277697754e+02 6.4282299805e+02 6.4283001709e+02 6.4291101074e+02 6.4309301758e+02 6.4326702881e+02 6.4337298584e+02 6.4343298340e+02 6.4355700684e+02 6.4371997070e+02 6.4388201904e+02 6.4405200195e+02 6.4425897217e+02 6.4448602295e+02 6.4466601563e+02 6.4470098877e+02 6.4473901367e+02 6.4482397461e+02 6.4495898438e+02 6.4507000732e+02 6.4520898438e+02 6.4534002686e+02
