TESTSERVER/15/8.asc
NCOLS 100
NROWS 100
XLLCORNER 8.2497500000e+03
YLLCORNER 2.8955025000e+05
CELLSIZE 5.0000000000e-01
NODATA_VALUE -9.9990000000e+03
[rows 40 to 59 of 100, columns 46 to 91 of 100]
6.5158898926e+02 6.5175000000e+02 6.5187298584e+02 6.5198602295e+02 6.5212200928e+02 6.5223297119e+02 6.5234497070e+02 6.5243902588e+02 6.5251800537e+02 6.5259002686e+02 6.5263702393e+02 6.5272698975e+02 6.5280798340e+02 6.5286102295e+02 6.5290002441e+02 6.5296197510e+02 6.5302001953e+02 6.5306597900e+02 6.5310998535e+02 6.5317102051e+02 6.5322399902e+02 6.5326397705e+02 6.5332202148e+02 6.5334997559e+02 6.5338897705e+02 6.5346600342e+02 6.5353399658e+02 6.5357397461e+02 6.5362298584e+02 6.5366699219e+02 6.5372497559e+02 6.5376501465e+02 6.5380297852e+02 6.5384197998e+02 6.5388000488e+02 6.5390997314e+02 6.5397601318e+02 6.5403100586e+02 6.5405200195e+02 6.5416101074e+02 6.5422998047e+02 6.5428802490e+02 6.5435699463e+02 6.5441198730e+02 6.5446398926e+02 6.5452398682e+02
6.5149401855e+02 6.5156298828e+02 6.5163098145e+02 6.5170501709e+02 6.5181402588e+02 6.5192602539e+02 6.5207098389e+02 6.5225000000e+02 6.5237597656e+02 6.5245098877e+02 6.5250097656e+02 6.5258398438e+02 6.5264599609e+02 6.5269396973e+02 6.5273699951e+02 6.5282397461e+02 6.5289801025e+02 6.5294097900e+02 6.5299597168e+02 6.5305798340e+02 6.5311499023e+02 6.5316802979e+02 6.5320800781e+02 6.5324298096e+02 6.5328900146e+02 6.5334100342e+02 6.5339898682e+02 6.5345202637e+02 6.5349401855e+02 6.5353997803e+02 6.5358697510e+02 6.5364001465e+02 6.5368902588e+02 6.5371997070e+02 6.5375201416e+02 6.5377899170e+02 6.5384997559e+02 6.5390997314e+02 6.5394702148e+02 6.5401599121e+02 6.5409600830e+02 6.5417297363e+02 6.5423297119e+02 6.5428399658e+02 6.5436297607e+02 6.5445599365e+02
6.5138800049e+02 6.5147900391e+02 6.5151599121e+02 6.5154101563e+02 6.5158197021e+02 6.5164398193e+02 6.5175598145e+02 6.5193597412e+02 6.5209600830e+02 6.5223602295e+02 6.5235900879e+02 6.5245599365e+02 6.5249499512e+02 6.5254498291e+02 6.5260900879e+02 6.5266497803e+02 6.5272998047e+02 6.5279302979e+02 6.5286700439e+02 6.5292999268e+02 6.5298999023e+02 6.5304901123e+02 6.5308898926e+02 6.5313299561e+02 6.5319201660e+02 6.5323999023e+02 6.5328497314e+02 6.5333099365e+02 6.5337902832e+02 6.5342401123e+02 6.5346997070e+02 6.5351501465e+02 6.5355401611e+02 6.5358502197e+02 6.5362402344e+02 6.5365802002e+02 6.5372302246e+02 6.5378302002e+02 6.5382000732e+02 6.5386901855e+02 6.5393200684e+02 6.5399597168e+02 6.5406402588e+02 6.5412097168e+02 6.5420202637e+02 6.5429498291e+02
6.5105798340e+02 6.5124597168e+02 6.5136199951e+02 6.5143798828e+02 6.5145898438e+02 6.5145898438e+02 6.5150701904e+02 6.5161901855e+02 6.5175402832e+02 6.5192199707e+02 6.5210400391e+02 6.5225402832e+02 6.5231701660e+02 6.5239001465e+02 6.5248901367e+02 6.5253198242e+02 6.5259100342e+02 6.5265802002e+02 6.5271398926e+02 6.5278198242e+02 6.5284497070e+02 6.5290802002e+02 6.5296301270e+02 6.5301000977e+02 6.5308001709e+02 6.5313897705e+02 6.5319396973e+02 6.5323699951e+02 6.5328399658e+02 6.5332598877e+02 6.5338000488e+02 6.5341101074e+02 6.5343402100e+02 6.5347302246e+02 6.5351702881e+02 6.5355603027e+02 6.5360699463e+02 6.5365399170e+02 6.5368701172e+02 6.5373199463e+02 6.5378002930e+02 6.5382598877e+02 6.5389001465e+02 6.5394598389e+02 6.5401898193e+02 6.5410797119e+02
6.5068499756e+02 6.5087402344e+02 6.5106097412e+02 6.5124798584e+02 6.5135198975e+02 6.5137799072e+02 6.5141497803e+02 6.5143103027e+02 6.5148901367e+02 6.5158599854e+02 6.5170202637e+02 6.5190301514e+02 6.5202001953e+02 6.5211199951e+02 6.5222100830e+02 6.5234100342e+02 6.5245501709e+02 6.5253601074e+02 6.5255902100e+02 6.5261401367e+02 6.5267498779e+02 6.5274499512e+02 6.5282098389e+02 6.5287200928e+02 6.5296002197e+02 6.5302801514e+02 6.5308099365e+02 6.5312402344e+02 6.5316802979e+02 6.5321301270e+02 6.5326702881e+02 6.5328997803e+02 6.5331701660e+02 6.5336999512e+02 6.5341400146e+02 6.5344396973e+02 6.5347198486e+02 6.5350598145e+02 6.5354498291e+02 6.5361602783e+02 6.5365997314e+02 6.5370098877e+02 6.5375500488e+02 6.5379901123e+02 6.5386297607e+02 6.5395599365e+02
6.5036999512e+02 6.5052899170e+02 6.5068499756e+02 6.5086602783e+02 6.5104498291e+02 6.5118798828e+02 6.5130798340e+02 6.5136499023e+02 6.5140301514e+02 6.5146002197e+02 6.5148901367e+02 6.5159698486e+02 6.5171002197e+02 6.5182000732e+02 6.5191601563e+02 6.5200000000e+02 6.5215301514e+02 6.5229797363e+02 6.5238500977e+02 6.5245898438e+02 6.5250799561e+02 6.5257800293e+02 6.5266198730e+02 6.5271002197e+02 6.5280499268e+02 6.5287500000e+02 6.5292602539e+02 6.5299401855e+02 6.5304901123e+02 6.5310601807e+02 6.5315698242e+02 6.5317797852e+02 6.5320800781e+02 6.5325402832e+02 6.5325701904e+02 6.5325701904e+02 6.5329498291e+02 6.5334399414e+02 6.5339898682e+02 6.5346600342e+02 6.5353698730e+02 6.5359301758e+02 6.5363500977e+02 6.5367297363e+02 6.5371899414e+02 6.5379199219e+02
6.5005499268e+02 6.5022399902e+02 6.5034497070e+02 6.5047302246e+02 6.5066699219e+02 6.5088897705e+02 6.5109399414e+02 6.5120898438e+02 6.5127001953e+02 6.5133898926e+02 6.5135302734e+02 6.5143499756e+02 6.5152697754e+02 6.5162298584e+02 6.5170898438e+02 6.5174499512e+02 6.5184100342e+02 6.5197302246e+02 6.5211199951e+02 6.5225097656e+02 6.5233801270e+02 6.5241900635e+02 6.5250097656e+02 6.5254199219e+02 6.5262701416e+02 6.5269598389e+02 6.5276098633e+02 6.5283502197e+02 6.5290698242e+02 6.5299102783e+02 6.5304901123e+02 6.5307800293e+02 6.5311199951e+02 6.5314697266e+02 6.5313397217e+02 6.5312597656e+02 6.5316900635e+02 6.5322302246e+02 6.5326000977e+02 6.5331097412e+02 6.5339099121e+02 6.5345397949e+02 6.5350402832e+02 6.5354998779e+02 6.5358697510e+02 6.5364001465e+02
6.4972601318e+02 6.4989300537e+02 6.5003198242e+02 6.5015301514e+02 6.5034399414e+02 6.5058697510e+02 6.5081097412e+02 6.5096398926e+02 6.5103802490e+02 6.5109399414e+02 6.5115600586e+02 6.5127899170e+02 6.5139001465e+02 6.5150000000e+02 6.5158398438e+02 6.5158197021e+02 6.5161999512e+02 6.5170202637e+02 6.5180401611e+02 6.5196600342e+02 6.5210498047e+02 6.5221398926e+02 6.5230297852e+02 6.5236199951e+02 6.5244097900e+02 6.5251202393e+02 6.5259197998e+02 6.5267102051e+02 6.5274798584e+02 6.5284301758e+02 6.5290997314e+02 6.5294598389e+02 6.5299102783e+02 6.5303100586e+02 6.5303497314e+02 6.5303900146e+02 6.5308001709e+02 6.5313201904e+02 6.5315197754e+02 6.5319500732e+02 6.5325701904e+02 6.5329797363e+02 6.5334600830e+02 6.5339202881e+02 6.5343597412e+02 6.5349200439e+02
6.4940802002e+02 6.4951202393e+02 6.4966802979e+02 6.4987097168e+02 6.5008300781e+02 6.5033099365e+02 6.5055999756e+02 6.5073602295e+02 6.5084997559e+02 6.5088500977e+02 6.5089398193e+02 6.5096197510e+02 6.5107702637e+02 6.5126800537e+02 6.5142297363e+02 6.5144396973e+02 6.5150299072e+02 6.5156597900e+02 6.5159399414e+02 6.5167401123e+02 6.5182598877e+02 6.5196600342e+02 6.5205297852e+02 6.5211297607e+02 6.5220001221e+02 6.5230401611e+02 6.5238702393e+02 6.5247998047e+02 6.5257800293e+02 6.5267199707e+02 6.5275402832e+02 6.5279498291e+02 6.5284997559e+02 6.5290002441e+02 6.5291998291e+02 6.5295800781e+02 6.5300500488e+02 6.5305297852e+02 6.5308502197e+02 6.5312799072e+02 6.5316998291e+02 6.5318902588e+02 6.5320501709e+02 6.5322302246e+02 6.5327197266e+02 6.5334899902e+02
6.4914001465e+02 6.4924401855e+02 6.4937701416e+02 6.4956597900e+02 6.4974597168e+02 6.4998400879e+02 6.5025201416e+02 6.5045001221e+02 6.5060699463e+02 6.5069799805e+02 6.5069097900e+02 6.5063897705e+02 6.5066497803e+02 6.5084197998e+02 6.5103601074e+02 6.5110302734e+02 6.5127301025e+02 6.5142901611e+02 6.5148199463e+02 6.5150701904e+02 6.5157800293e+02 6.5167602539e+02 6.5178399658e+02 6.5183898926e+02 6.5193298340e+02 6.5204400635e+02 6.5210797119e+02 6.5224499512e+02 6.5240100098e+02 6.5252502441e+02 6.5262500000e+02 6.5266400146e+02 6.5271600342e+02 6.5276300049e+02 6.5279998779e+02 6.5286199951e+02 6.5292297363e+02 6.5296600342e+02 6.5299902344e+02 6.5304101563e+02 6.5307299805e+02 6.5309399414e+02 6.5310900879e+02 6.5312597656e+02 6.5315600586e+02 6.5321502686e+02
6.4885699463e+02 6.4896600342e+02 6.4906201172e+02 6.4923999023e+02 6.4942102051e+02 6.4961999512e+02 6.4984698486e+02 6.5003100586e+02 6.5020800781e+02 6.5037097168e+02 6.5045001221e+02 6.5040002441e+02 6.5035998535e+02 6.5044598389e+02 6.5060601807e+02 6.5068597412e+02 6.5087298584e+02 6.5109002686e+02 6.5124798584e+02 6.5136499023e+02 6.5145001221e+02 6.5150299072e+02 6.5157501221e+02 6.5160498047e+02 6.5167102051e+02 6.5175500488e+02 6.5181799316e+02 6.5195697021e+02 6.5215197754e+02 6.5232897949e+02 6.5245098877e+02 6.5253802490e+02 6.5259100342e+02 6.5263000488e+02 6.5266497803e+02 6.5271899414e+02 6.5279199219e+02 6.5285998535e+02 6.5291302490e+02 6.5295001221e+02 6.5297802734e+02 6.5299597168e+02 6.5300201416e+02 6.5301300049e+02 6.5304797363e+02 6.5309802246e+02
6.4859899902e+02 6.4874499512e+02 6.4883300781e+02 6.4892700195e+02 6.4907202148e+02 6.4927600098e+02 6.4946502686e+02 6.4961700439e+02 6.4978802490e+02 6.4997497559e+02 6.5013598633e+02 6.5019201660e+02 6.5016699219e+02 6.5018597412e+02 6.5028601074e+02 6.5033398438e+02 6.5045501709e+02 6.5064300537e+02 6.5086102295e+02 6.5111297607e+02 6.5128302002e+02 6.5137298584e+02 6.5143597412e+02 6.5146301270e+02 6.5151098633e+02 6.5156298828e+02 6.5160302734e+02 6.5169097900e+02 6.5185998535e+02 6.5203497314e+02 6.5215802002e+02 6.5231500244e+02 6.5242297363e+02 6.5248400879e+02 6.5253100586e+02 6.5257702637e+02 6.5264898682e+02 6.5273101807e+02 6.5279400635e+02 6.5283300781e+02 6.5285101318e+02 6.5285699463e+02 6.5287597656e+02 6.5288500977e+02 6.5289697266e+02 6.5294000244e+02
6.4824102783e+02 6.4847601318e+02 6.4867797852e+02 6.4872698975e+02 6.4875500488e+02 6.4891699219e+02 6.4911401367e+02 6.4929498291e+02 6.4947100830e+02 6.4963299561e+02 6.4980200195e+02 6.4991900635e+02 6.4994799805e+02 6.4996997070e+02 6.5006298828e+02 6.5010101318e+02 6.5016497803e+02 6.5028601074e+02 6.5044799805e+02 6.5071301270e+02 6.5089501953e+02 6.5105102539e+02 6.5121997070e+02 6.5131298828e+02 6.5139501953e+02 6.5146697998e+02 6.5151000977e+02 6.5154998779e+02 6.5164501953e+02 6.5175097656e+02 6.5183801270e+02 6.5199597168e+02 6.5215899658e+02 6.5226702881e+02 6.5236999512e+02 6.5242797852e+02 6.5251397705e+02 6.5260198975e+02 6.5264501953e+02 6.5268597412e+02 6.5270001221e+02 6.5271600342e+02 6.5274700928e+02 6.5275299072e+02 6.5274499512e+02 6.5277899170e+02
6.4785101318e+02 6.4804998779e+02 6.4824902344e+02 6.4844396973e+02 6.4851000977e+02 6.4860498047e+02 6.4875201416e+02 6.4893200684e+02 6.4911199951e+02 6.4928900146e+02 6.4946301270e+02 6.4961199951e+02 6.4970098877e+02 6.4974298096e+02 6.4978900146e+02 6.4985998535e+02 6.4995697021e+02 6.5007397461e+02 6.5017700195e+02 6.5030297852e+02 6.5044201660e+02 6.5063500977e+02 6.5086401367e+02 6.5100799561e+02 6.5114501953e+02 6.5126702881e+02 6.5136700439e+02 6.5146197510e+02 6.5148101807e+02 6.5152001953e+02 6.5163598633e+02 6.5171002197e+02 6.5182702637e+02 6.5196997070e+02 6.5208099365e+02 6.5214898682e+02 6.5226300049e+02 6.5236798096e+02 6.5242901611e+02 6.5253100586e+02 6.5256201172e+02 6.5258801270e+02 6.5259600830e+02 6.5259997559e+02 6.5261297607e+02 6.5264398193e+02
6.4761602783e+02 6.4775799561e+02 6.4789501953e+02 6.4808001709e+02 6.4820501709e+02 6.4834002686e+02 6.4852502441e+02 6.4865002441e+02 6.4875097656e+02 6.4887597656e+02 6.4905603027e+02 6.4923901367e+02 6.4939501953e+02 6.4950000000e+02 6.4952600098e+02 6.4956402588e+02 6.4966699219e+02 6.4981298828e+02 6.4995501709e+02 6.5002398682e+02 6.5012500000e+02 6.5030603027e+02 6.5051702881e+02 6.5068902588e+02 6.5086499023e+02 6.5098999023e+02 6.5108599854e+02 6.5121099854e+02 6.5126098633e+02 6.5133502197e+02 6.5149401855e+02 6.5155297852e+02 6.5158197021e+02 6.5166302490e+02 6.5174401855e+02 6.5181896973e+02 6.5195599365e+02 6.5206500244e+02 6.5215301514e+02 6.5227502441e+02 6.5233599854e+02 6.5239501953e+02 6.5242602539e+02 6.5246697998e+02 6.5248999023e+02 6.5250000000e+02
6.4740899658e+02 6.4754699707e+02 6.4768597412e+02 6.4786999512e+02 6.4795300293e+02 6.4807098389e+02 6.4831298828e+02 6.4844598389e+02 6.4850897217e+02 6.4858398438e+02 6.4871099854e+02 6.4886499023e+02 6.4903002930e+02 6.4918200684e+02 6.4925897217e+02 6.4930401611e+02 6.4936297607e+02 6.4947100830e+02 6.4964599609e+02 6.4974200439e+02 6.4986297607e+02 6.5004901123e+02 6.5023901367e+02 6.5041699219e+02 6.5060797119e+02 6.5071899414e+02 6.5076202393e+02 6.5084100342e+02 6.5092401123e+02 6.5105999756e+02 6.5124902344e+02 6.5139398193e+02 6.5143798828e+02 6.5146899414e+02 6.5150299072e+02 6.5154101563e+02 6.5164801025e+02 6.5176000977e+02 6.5187200928e+02 6.5197100830e+02 6.5203497314e+02 6.5211999512e+02 6.5219097900e+02 6.5227099609e+02 6.5231097412e+02 6.5232501221e+02
6.4709002686e+02 6.4722399902e+02 6.4735400391e+02 6.4760198975e+02 6.4770501709e+02 6.4775201416e+02 6.4785400391e+02 6.4811297607e+02 6.4828302002e+02 6.4842199707e+02 6.4853100586e+02 6.4862799072e+02 6.4872198486e+02 6.4882202148e+02 6.4893701172e+02 6.4908599854e+02 6.4913800049e+02 6.4916302490e+02 6.4924499512e+02 6.4939202881e+02 6.4955297852e+02 6.4975402832e+02 6.4993402100e+02 6.5012597656e+02 6.5034997559e+02 6.5049597168e+02 6.5054101563e+02 6.5050201416e+02 6.5053497314e+02 6.5067102051e+02 6.5085302734e+02 6.5103601074e+02 6.5118701172e+02 6.5129302979e+02 6.5137597656e+02 6.5138897705e+02 6.5139898682e+02 6.5145001221e+02 6.5154199219e+02 6.5165899658e+02 6.5176599121e+02 6.5187200928e+02 6.5193597412e+02 6.5199700928e+02 6.5204498291e+02 6.5208697510e+02
6.4679901123e+02 6.4693402100e+02 6.4707501221e+02 6.4728802490e+02 6.4744500732e+02 6.4752502441e+02 6.4756298828e+02 6.4769500732e+02 6.4789300537e+02 6.4810699463e+02 6.4829602051e+02 6.4843798828e+02 6.4852001953e+02 6.4859002686e+02 6.4869598389e+02 6.4878002930e+02 6.4886401367e+02 6.4894097900e+02 6.4899798584e+02 6.4907000732e+02 6.4916302490e+02 6.4932202148e+02 6.4952801514e+02 6.4974298096e+02 6.5002099609e+02 6.5023400879e+02 6.5033001709e+02 6.5032897949e+02 6.5028601074e+02 6.5032598877e+02 6.5046801758e+02 6.5058697510e+02 6.5072900391e+02 6.5086901855e+02 6.5101599121e+02 6.5112902832e+02 6.5121002197e+02 6.5126800537e+02 6.5132501221e+02 6.5140301514e+02 6.5147302246e+02 6.5153900146e+02 6.5160498047e+02 6.5166998291e+02 6.5174401855e+02 6.5179498291e+02
6.4647698975e+02 6.4666302490e+02 6.4679602051e+02 6.4696398926e+02 6.4714099121e+02 6.4728399658e+02 6.4735198975e+02 6.4744201660e+02 6.4757501221e+02 6.4774597168e+02 6.4792700195e+02 6.4807598877e+02 6.4818499756e+02 6.4830200195e+02 6.4846997070e+02 6.4851898193e+02 6.4861102295e+02 6.4875500488e+02 6.4884100342e+02 6.4885797119e+02 6.4886499023e+02 6.4895800781e+02 6.4916302490e+02 6.4934497070e+02 6.4958502197e+02 6.4981500244e+02 6.4997302246e+02 6.5006799316e+02 6.5006298828e+02 6.5007501221e+02 6.5017199707e+02 6.5026898193e+02 6.5038201904e+02 6.5051702881e+02 6.5070098877e+02 6.5083502197e+02 6.5094097900e+02 6.5101501465e+02 6.5109399414e+02 6.5124798584e+02 6.5133001709e+02 6.5137200928e+02 6.5140100098e+02 6.5145599365e+02 6.5151202393e+02 6.5156298828e+02
6.4616400146e+02 6.4633502197e+02 6.4645300293e+02 6.4659301758e+02 6.4676800537e+02 6.4695098877e+02 6.4708898926e+02 6.4724597168e+02 6.4738897705e+02 6.4752697754e+02 6.4763500977e+02 6.4773602295e+02 6.4783398438e+02 6.4796801758e+02 6.4817498779e+02 6.4824902344e+02 6.4835302734e+02 6.4851501465e+02 6.4864099121e+02 6.4870202637e+02 6.4869299316e+02 6.4872399902e+02 6.4885302734e+02 6.4896600342e+02 6.4914300537e+02 6.4936297607e+02 6.4954498291e+02 6.4970898438e+02 6.4978497314e+02 6.4980798340e+02 6.4989001465e+02 6.5002600098e+02 6.5014099121e+02 6.5027197266e+02 6.5045397949e+02 6.5059100342e+02 6.5067401123e+02 6.5071197510e+02 6.5075500488e+02 6.5094500732e+02 6.5111199951e+02 6.5122698975e+02 6.5128997803e+02 6.5137500000e+02 6.5141900635e+02 6.5146002197e+02
