TESTSERVER/15/9.asc
NCOLS 100
NROWS 100
XLLCORNER 8.2497500000e+03
YLLCORNER 2.8950025000e+05
CELLSIZE 5.0000000000e-01
NODATA_VALUE -9.9990000000e+03
[rows 80 to 99 of 100, columns 0 to 45 of 100]
6.1984002686e+02 6.1984899902e+02 6.1987597656e+02 6.1994598389e+02 6.2002801514e+02 6.2006201172e+02 6.2010900879e+02 6.2015802002e+02 6.2021301270e+02 6.2025897217e+02 6.2031402588e+02 6.2036999512e+02 6.2043298340e+02 6.2049902344e+02 6.2056500244e+02 6.2061102295e+02 6.2067297363e+02 6.2073498535e+02 6.2076898193e+02 6.2076898193e+02 6.2078198242e+02 6.2079797363e+02 6.2082098389e+02 6.2083801270e+02 6.2084002686e+02 6.2086102295e+02 6.2087200928e+02 6.2089001465e+02 6.2092102051e+02 6.2092102051e+02 6.2093597412e+02 6.2096600342e+02 6.2102301025e+02 6.2107000732e+02 6.2111602783e+02 6.2117797852e+02 6.2124499512e+02 6.2130297852e+02 6.2137097168e+02 6.2144598389e+02 6.2150299072e+02 6.2158398438e+02 6.2165600586e+02 6.2173101807e+02 6.2180102539e+02 6.2184600830e+02
6.1974902344e+02 6.1979101563e+02 6.1984399414e+02 6.1992401123e+02 6.1998797607e+02 6.2004101563e+02 6.2011102295e+02 6.2017199707e+02 6.2021697998e+02 6.2027099609e+02 6.2033197021e+02 6.2039001465e+02 6.2044299316e+02 6.2048498535e+02 6.2054199219e+02 6.2059002686e+02 6.2066900635e+02 6.2071002197e+02 6.2075299072e+02 6.2078302002e+02 6.2081500244e+02 6.2082397461e+02 6.2084100342e+02 6.2086102295e+02 6.2087701416e+02 6.2090698242e+02 6.2091302490e+02 6.2091601563e+02 6.2094702148e+02 6.2096301270e+02 6.2098199463e+02 6.2100500488e+02 6.2104302979e+02 6.2108197021e+02 6.2111102295e+02 6.2116302490e+02 6.2122802734e+02 6.2129498291e+02 6.2136499023e+02 6.2143402100e+02 6.2151300049e+02 6.2158502197e+02 6.2164300537e+02 6.2170001221e+02 6.2175598145e+02 6.2181701660e+02
6.1965301514e+02 6.1971197510e+02 6.1978497314e+02 6.1987097168e+02 6.1992999268e+02 6.1999798584e+02 6.2008099365e+02 6.2014697266e+02 6.2018798828e+02 6.2026000977e+02 6.2033197021e+02 6.2039099121e+02 6.2043902588e+02 6.2048400879e+02 6.2053198242e+02 6.2058001709e+02 6.2065301514e+02 6.2069201660e+02 6.2072497559e+02 6.2076000977e+02 6.2080700684e+02 6.2082202148e+02 6.2085198975e+02 6.2088397217e+02 6.2091601563e+02 6.2094500732e+02 6.2095501709e+02 6.2096398926e+02 6.2098699951e+02 6.2100000000e+02 6.2101599121e+02 6.2103997803e+02 6.2106597900e+02 6.2109399414e+02 6.2111199951e+02 6.2115802002e+02 6.2121099854e+02 6.2129602051e+02 6.2136700439e+02 6.2144299316e+02 6.2152697754e+02 6.2157501221e+02 6.2162701416e+02 6.2168402100e+02 6.2173797607e+02 6.2180999756e+02
6.1959399414e+02 6.1965399170e+02 6.1972399902e+02 6.1981298828e+02 6.1989099121e+02 6.1995599365e+02 6.2003802490e+02 6.2010302734e+02 6.2014697266e+02 6.2022601318e+02 6.2031298828e+02 6.2038000488e+02 6.2042901611e+02 6.2048101807e+02 6.2052398682e+02 6.2056799316e+02 6.2062298584e+02 6.2067199707e+02 6.2069799805e+02 6.2071997070e+02 6.2077899170e+02 6.2080401611e+02 6.2084802246e+02 6.2089801025e+02 6.2094097900e+02 6.2096197510e+02 6.2099200439e+02 6.2101702881e+02 6.2102801514e+02 6.2103198242e+02 6.2103601074e+02 6.2105700684e+02 6.2107702637e+02 6.2109399414e+02 6.2111499023e+02 6.2117199707e+02 6.2122998047e+02 6.2131896973e+02 6.2138000488e+02 6.2145800781e+02 6.2152600098e+02 6.2156097412e+02 6.2160900879e+02 6.2166900635e+02 6.2172900391e+02 6.2179199219e+02
6.1959899902e+02 6.1961901855e+02 6.1967102051e+02 6.1975000000e+02 6.1982000732e+02 6.1989001465e+02 6.1998199463e+02 6.2005798340e+02 6.2012402344e+02 6.2019799805e+02 6.2028601074e+02 6.2035400391e+02 6.2042498779e+02 6.2047198486e+02 6.2050201416e+02 6.2053997803e+02 6.2059698486e+02 6.2064001465e+02 6.2067700195e+02 6.2070001221e+02 6.2074102783e+02 6.2077001953e+02 6.2080499268e+02 6.2086297607e+02 6.2092797852e+02 6.2096398926e+02 6.2100000000e+02 6.2102197266e+02 6.2103399658e+02 6.2105902100e+02 6.2106097412e+02 6.2107501221e+02 6.2110198975e+02 6.2111401367e+02 6.2113397217e+02 6.2119702148e+02 6.2127197266e+02 6.2132800293e+02 6.2138702393e+02 6.2145501709e+02 6.2150799561e+02 6.2157299805e+02 6.2162200928e+02 6.2167199707e+02 6.2172900391e+02 6.2177001953e+02
6.1961102295e+02 6.1963201904e+02 6.1967102051e+02 6.1972601318e+02 6.1977197266e+02 6.1983801270e+02 6.1993200684e+02 6.2001397705e+02 6.2008502197e+02 6.2017199707e+02 6.2025402832e+02 6.2031799316e+02 6.2037500000e+02 6.2043499756e+02 6.2049401855e+02 6.2053399658e+02 6.2057800293e+02 6.2061499023e+02 6.2065997314e+02 6.2070202637e+02 6.2073400879e+02 6.2075097656e+02 6.2078198242e+02 6.2083099365e+02 6.2086999512e+02 6.2092602539e+02 6.2097399902e+02 6.2100500488e+02 6.2103601074e+02 6.2106097412e+02 6.2108099365e+02 6.2109997559e+02 6.2112200928e+02 6.2114202881e+02 6.2115399170e+02 6.2120397949e+02 6.2129400635e+02 6.2133099365e+02 6.2139501953e+02 6.2145300293e+02 6.2151501465e+02 6.2157202148e+02 6.2162597656e+02 6.2168200684e+02 6.2172698975e+02 6.2175799561e+02
6.1963500977e+02 6.1965899658e+02 6.1969201660e+02 6.1972399902e+02 6.1974902344e+02 6.1980102539e+02 6.1986602783e+02 6.1994299316e+02 6.2002398682e+02 6.2011999512e+02 6.2020501709e+02 6.2027697754e+02 6.2033697510e+02 6.2039099121e+02 6.2046301270e+02 6.2051202393e+02 6.2056097412e+02 6.2059497070e+02 6.2063702393e+02 6.2067797852e+02 6.2070697021e+02 6.2073498535e+02 6.2077697754e+02 6.2081201172e+02 6.2083599854e+02 6.2087701416e+02 6.2092199707e+02 6.2096002197e+02 6.2102197266e+02 6.2104901123e+02 6.2109002686e+02 6.2112402344e+02 6.2114801025e+02 6.2116802979e+02 6.2117498779e+02 6.2121099854e+02 6.2127899170e+02 6.2133502197e+02 6.2140997314e+02 6.2146600342e+02 6.2152301025e+02 6.2156799316e+02 6.2162097168e+02 6.2169000244e+02 6.2174200439e+02 6.2176702881e+02
6.1965698242e+02 6.1967999268e+02 6.1971099854e+02 6.1973797607e+02 6.1977398682e+02 6.1981298828e+02 6.1984100342e+02 6.1989398193e+02 6.1996801758e+02 6.2005102539e+02 6.2013201904e+02 6.2021301270e+02 6.2029199219e+02 6.2035198975e+02 6.2042297363e+02 6.2047497559e+02 6.2051898193e+02 6.2056097412e+02 6.2060400391e+02 6.2064001465e+02 6.2067901611e+02 6.2071801758e+02 6.2076202393e+02 6.2077398682e+02 6.2079101563e+02 6.2082202148e+02 6.2086901855e+02 6.2090301514e+02 6.2096997070e+02 6.2100299072e+02 6.2106201172e+02 6.2111199951e+02 6.2114398193e+02 6.2116699219e+02 6.2118402100e+02 6.2121899414e+02 6.2127099609e+02 6.2134002686e+02 6.2141101074e+02 6.2146899414e+02 6.2153002930e+02 6.2159197998e+02 6.2164599609e+02 6.2170202637e+02 6.2175402832e+02 6.2178100586e+02
6.1966400146e+02 6.1969598389e+02 6.1973400879e+02 6.1976501465e+02 6.1981799316e+02 6.1984197998e+02 6.1985498047e+02 6.1990002441e+02 6.1995098877e+02 6.1999597168e+02 6.2005798340e+02 6.2012799072e+02 6.2020397949e+02 6.2031097412e+02 6.2039099121e+02 6.2043597412e+02 6.2047601318e+02 6.2052502441e+02 6.2057397461e+02 6.2061401367e+02 6.2066802979e+02 6.2070202637e+02 6.2072198486e+02 6.2072900391e+02 6.2076599121e+02 6.2080999756e+02 6.2084899902e+02 6.2087298584e+02 6.2091101074e+02 6.2096099854e+02 6.2101501465e+02 6.2107299805e+02 6.2112799072e+02 6.2115100098e+02 6.2117297363e+02 6.2120202637e+02 6.2124700928e+02 6.2133697510e+02 6.2140899658e+02 6.2146801758e+02 6.2153802490e+02 6.2161199951e+02 6.2167700195e+02 6.2172399902e+02 6.2175701904e+02 6.2179998779e+02
6.1967602539e+02 6.1971697998e+02 6.1975402832e+02 6.1978399658e+02 6.1982800293e+02 6.1985400391e+02 6.1987701416e+02 6.1992199707e+02 6.1995599365e+02 6.1998199463e+02 6.2002099609e+02 6.2005798340e+02 6.2011602783e+02 6.2021197510e+02 6.2030902100e+02 6.2037298584e+02 6.2043902588e+02 6.2048797607e+02 6.2053399658e+02 6.2056896973e+02 6.2060998535e+02 6.2065600586e+02 6.2067700195e+02 6.2069799805e+02 6.2073199463e+02 6.2077600098e+02 6.2080102539e+02 6.2084197998e+02 6.2089898682e+02 6.2093103027e+02 6.2097900391e+02 6.2102801514e+02 6.2107000732e+02 6.2109399414e+02 6.2113000488e+02 6.2116802979e+02 6.2123498535e+02 6.2130798340e+02 6.2138598633e+02 6.2146398926e+02 6.2154498291e+02 6.2163098145e+02 6.2170001221e+02 6.2175000000e+02 6.2177600098e+02 6.2183398438e+02
6.1968902588e+02 6.1972302246e+02 6.1976898193e+02 6.1980999756e+02 6.1984399414e+02 6.1987500000e+02 6.1990301514e+02 6.1994396973e+02 6.1996197510e+02 6.1997900391e+02 6.2001202393e+02 6.2003601074e+02 6.2008197021e+02 6.2013897705e+02 6.2021197510e+02 6.2028198242e+02 6.2035900879e+02 6.2041302490e+02 6.2046197510e+02 6.2050500488e+02 6.2055297852e+02 6.2059002686e+02 6.2061901855e+02 6.2065197754e+02 6.2069299316e+02 6.2073797607e+02 6.2075701904e+02 6.2080200195e+02 6.2088299561e+02 6.2092102051e+02 6.2096600342e+02 6.2100201416e+02 6.2103002930e+02 6.2106298828e+02 6.2110302734e+02 6.2114898682e+02 6.2122497559e+02 6.2128198242e+02 6.2136401367e+02 6.2145599365e+02 6.2153997803e+02 6.2163702393e+02 6.2171197510e+02 6.2176300049e+02 6.2180297852e+02 6.2186798096e+02
6.1970300293e+02 6.1972998047e+02 6.1978198242e+02 6.1983197021e+02 6.1984802246e+02 6.1986700439e+02 6.1990100098e+02 6.1994598389e+02 6.1996301270e+02 6.1998602295e+02 6.2001599121e+02 6.2003100586e+02 6.2006201172e+02 6.2008697510e+02 6.2013500977e+02 6.2019598389e+02 6.2026898193e+02 6.2031701660e+02 6.2036700439e+02 6.2042901611e+02 6.2050598145e+02 6.2053497314e+02 6.2056701660e+02 6.2060601807e+02 6.2064398193e+02 6.2069097900e+02 6.2071997070e+02 6.2076300049e+02 6.2085101318e+02 6.2090002441e+02 6.2094799805e+02 6.2099298096e+02 6.2101702881e+02 6.2105297852e+02 6.2109197998e+02 6.2114801025e+02 6.2121600342e+02 6.2127197266e+02 6.2135601807e+02 6.2144799805e+02 6.2152697754e+02 6.2161999512e+02 6.2168402100e+02 6.2173297119e+02 6.2180401611e+02 6.2186199951e+02
6.1970599365e+02 6.1973602295e+02 6.1979101563e+02 6.1983898926e+02 6.1984997559e+02 6.1985797119e+02 6.1990301514e+02 6.1994000244e+02 6.1993701172e+02 6.1998999023e+02 6.2001800537e+02 6.2004101563e+02 6.2006500244e+02 6.2007501221e+02 6.2011700439e+02 6.2016101074e+02 6.2021301270e+02 6.2024700928e+02 6.2029400635e+02 6.2035699463e+02 6.2042498779e+02 6.2045898438e+02 6.2050000000e+02 6.2055499268e+02 6.2058697510e+02 6.2063800049e+02 6.2068402100e+02 6.2073699951e+02 6.2080700684e+02 6.2086499023e+02 6.2091699219e+02 6.2096697998e+02 6.2099798584e+02 6.2105700684e+02 6.2110198975e+02 6.2115301514e+02 6.2120697021e+02 6.2127398682e+02 6.2135998535e+02 6.2144000244e+02 6.2149200439e+02 6.2158502197e+02 6.2164599609e+02 6.2171301270e+02 6.2180102539e+02 6.2185601807e+02
6.1970397949e+02 6.1973400879e+02 6.1976800537e+02 6.1980297852e+02 6.1984002686e+02 6.1987097168e+02 6.1991601563e+02 6.1993798828e+02 6.1995001221e+02 6.1998101807e+02 6.1999798584e+02 6.2004199219e+02 6.2007501221e+02 6.2009301758e+02 6.2013098145e+02 6.2014599609e+02 6.2017102051e+02 6.2019299316e+02 6.2023602295e+02 6.2028900146e+02 6.2033697510e+02 6.2038800049e+02 6.2043597412e+02 6.2049200439e+02 6.2053900146e+02 6.2059301758e+02 6.2064501953e+02 6.2070202637e+02 6.2076599121e+02 6.2084100342e+02 6.2090197754e+02 6.2095599365e+02 6.2099798584e+02 6.2103601074e+02 6.2107702637e+02 6.2112701416e+02 6.2119201660e+02 6.2126599121e+02 6.2134997559e+02 6.2142401123e+02 6.2148699951e+02 6.2156402588e+02 6.2161602783e+02 6.2168701172e+02 6.2177801514e+02 6.2183099365e+02
6.1970001221e+02 6.1972399902e+02 6.1975000000e+02 6.1979199219e+02 6.1984399414e+02 6.1987799072e+02 6.1991302490e+02 6.1992901611e+02 6.1995599365e+02 6.1998699951e+02 6.2000402832e+02 6.2003399658e+02 6.2007202148e+02 6.2010302734e+02 6.2013299561e+02 6.2014300537e+02 6.2017297363e+02 6.2019097900e+02 6.2021899414e+02 6.2024798584e+02 6.2028497314e+02 6.2031701660e+02 6.2035699463e+02 6.2041198730e+02 6.2048199463e+02 6.2054602051e+02 6.2060601807e+02 6.2066302490e+02 6.2072601318e+02 6.2079901123e+02 6.2085900879e+02 6.2092297363e+02 6.2097302246e+02 6.2101702881e+02 6.2106402588e+02 6.2111297607e+02 6.2117700195e+02 6.2124902344e+02 6.2131701660e+02 6.2138500977e+02 6.2145800781e+02 6.2152398682e+02 6.2158599854e+02 6.2165600586e+02 6.2173498535e+02 6.2181701660e+02
6.1970098877e+02 6.1972802734e+02 6.1975402832e+02 6.1979101563e+02 6.1983801270e+02 6.1986798096e+02 6.1989697266e+02 6.1991497803e+02 6.1994799805e+02 6.1999200439e+02 6.2001501465e+02 6.2003002930e+02 6.2005102539e+02 6.2009899902e+02 6.2013800049e+02 6.2016198730e+02 6.2018499756e+02 6.2019897461e+02 6.2021997070e+02 6.2022802734e+02 6.2026898193e+02 6.2029797363e+02 6.2033300781e+02 6.2037298584e+02 6.2043298340e+02 6.2049902344e+02 6.2056500244e+02 6.2061700439e+02 6.2067901611e+02 6.2074200439e+02 6.2079998779e+02 6.2087701416e+02 6.2091802979e+02 6.2097802734e+02 6.2103698730e+02 6.2108697510e+02 6.2115197754e+02 6.2123199463e+02 6.2129302979e+02 6.2135797119e+02 6.2143200684e+02 6.2149499512e+02 6.2158197021e+02 6.2165698242e+02 6.2171398926e+02 6.2178802490e+02
6.1969897461e+02 6.1972998047e+02 6.1976501465e+02 6.1980297852e+02 6.1984899902e+02 6.1987097168e+02 6.1989398193e+02 6.1992199707e+02 6.1995800781e+02 6.1999401855e+02 6.2002502441e+02 6.2004199219e+02 6.2003698730e+02 6.2009899902e+02 6.2013800049e+02 6.2015502930e+02 6.2016400146e+02 6.2020697021e+02 6.2023901367e+02 6.2024200439e+02 6.2027600098e+02 6.2031201172e+02 6.2033599854e+02 6.2035797119e+02 6.2042498779e+02 6.2046197510e+02 6.2051800537e+02 6.2057598877e+02 6.2063500977e+02 6.2069500732e+02 6.2074902344e+02 6.2080401611e+02 6.2084100342e+02 6.2093402100e+02 6.2101098633e+02 6.2108197021e+02 6.2115600586e+02 6.2120898438e+02 6.2128399658e+02 6.2135900879e+02 6.2143499756e+02 6.2149700928e+02 6.2158001709e+02 6.2165002441e+02 6.2171801758e+02 6.2177001953e+02
6.1970599365e+02 6.1972302246e+02 6.1975097656e+02 6.1978497314e+02 6.1982702637e+02 6.1985797119e+02 6.1990197754e+02 6.1994000244e+02 6.1997100830e+02 6.2000299072e+02 6.2003002930e+02 6.2004901123e+02 6.2006298828e+02 6.2010797119e+02 6.2014202881e+02 6.2016497803e+02 6.2018701172e+02 6.2022100830e+02 6.2024597168e+02 6.2026397705e+02 6.2030297852e+02 6.2032800293e+02 6.2034600830e+02 6.2036401367e+02 6.2042498779e+02 6.2045501709e+02 6.2048901367e+02 6.2053302002e+02 6.2058001709e+02 6.2061999512e+02 6.2066400146e+02 6.2071002197e+02 6.2076599121e+02 6.2087200928e+02 6.2096502686e+02 6.2105200195e+02 6.2113800049e+02 6.2119799805e+02 6.2127301025e+02 6.2134802246e+02 6.2142700195e+02 6.2149401855e+02 6.2157098389e+02 6.2162902832e+02 6.2170300293e+02 6.2175701904e+02
6.1970697021e+02 6.1972900391e+02 6.1975299072e+02 6.1978802490e+02 6.1981896973e+02 6.1985101318e+02 6.1991302490e+02 6.1997698975e+02 6.1999798584e+02 6.2002600098e+02 6.2004797363e+02 6.2006298828e+02 6.2008300781e+02 6.2010498047e+02 6.2013500977e+02 6.2016601563e+02 6.2019897461e+02 6.2023101807e+02 6.2025799561e+02 6.2029400635e+02 6.2033398438e+02 6.2034600830e+02 6.2036901855e+02 6.2040100098e+02 6.2044097900e+02 6.2046697998e+02 6.2048699951e+02 6.2050598145e+02 6.2053601074e+02 6.2054901123e+02 6.2058300781e+02 6.2062500000e+02 6.2069500732e+02 6.2079901123e+02 6.2090399170e+02 6.2098498535e+02 6.2106201172e+02 6.2114801025e+02 6.2124298096e+02 6.2132800293e+02 6.2140997314e+02 6.2149102783e+02 6.2157098389e+02 6.2163397217e+02 6.2170300293e+02 6.2175299072e+02
6.1970001221e+02 6.1973498535e+02 6.1976000977e+02 6.1980200195e+02 6.1983300781e+02 6.1986102295e+02 6.1993103027e+02 6.2002197266e+02 6.2005200195e+02 6.2009600830e+02 6.2010900879e+02 6.2009100342e+02 6.2009100342e+02 6.2012402344e+02 6.2015100098e+02 6.2017401123e+02 6.2020800781e+02 6.2024298096e+02 6.2027600098e+02 6.2032202148e+02 6.2035198975e+02 6.2035302734e+02 6.2039398193e+02 6.2043298340e+02 6.2045898438e+02 6.2048297119e+02 6.2050299072e+02 6.2051599121e+02 6.2053399658e+02 6.2053100586e+02 6.2054797363e+02 6.2058197021e+02 6.2064599609e+02 6.2072601318e+02 6.2083898926e+02 6.2092199707e+02 6.2099499512e+02 6.2108898926e+02 6.2118200684e+02 6.2127398682e+02 6.2136999512e+02 6.2146301270e+02 6.2154498291e+02 6.2160900879e+02 6.2166497803e+02 6.2172900391e+02
