TESTSERVER/15/9.asc
NCOLS 100
NROWS 100
XLLCORNER 8.2497500000e+03
YLLCORNER 2.8950025000e+05
CELLSIZE 5.0000000000e-01
NODATA_VALUE -9.9990000000e+03
[rows 0 to 19 of 100, columns 0 to 45 of 100]
6.3019702148e+02 6.3030401611e+02 6.3042602539e+02 6.3053997803e+02 6.3066400146e+02 6.3078100586e+02 6.3088897705e+02 6.3100097656e+02 6.3110400391e+02 6.3120697021e+02 6.3131799316e+02 6.3143499756e+02 6.3158001709e+02 6.3169702148e+02 6.3180902100e+02 6.3190002441e+02 6.3199597168e+02 6.3212799072e+02 6.3221600342e+02 6.3231701660e+02 6.3248602295e+02 6.3260900879e+02 6.3273498535e+02 6.3284802246e+02 6.3291900635e+02 6.3303399658e+02 6.3313598633e+02 6.3324798584e+02 6.3336602783e+02 6.3348699951e+02 6.3357897949e+02 6.3367700195e+02 6.3380200195e+02 6.3391601563e+02 6.3401702881e+02 6.3416900635e+02 6.3435101318e+02 6.3443298340e+02 6.3454101563e+02 6.3464501953e+02 6.3475201416e+02 6.3488299561e+02 6.3499902344e+02 6.3511102295e+02 6.3522399902e+02 6.3529400635e+02
6.3000000000e+02 6.3011499023e+02 6.3024102783e+02 6.3035601807e+02 6.3048101807e+02 6.3058898926e+02 6.3070001221e+02 6.3082000732e+02 6.3090802002e+02 6.3100402832e+02 6.3111798096e+02 6.3124902344e+02 6.3137402344e+02 6.3147100830e+02 6.3159698486e+02 6.3170800781e+02 6.3182299805e+02 6.3192498779e+02 6.3201599121e+02 6.3210198975e+02 6.3223797607e+02 6.3237701416e+02 6.3252600098e+02 6.3264300537e+02 6.3271899414e+02 6.3285198975e+02 6.3296997070e+02 6.3304998779e+02 6.3312902832e+02 6.3325598145e+02 6.3336798096e+02 6.3348699951e+02 6.3361901855e+02 6.3373101807e+02 6.3383697510e+02 6.3396099854e+02 6.3410198975e+02 6.3421398926e+02 6.3432098389e+02 6.3441998291e+02 6.3454498291e+02 6.3468103027e+02 6.3479101563e+02 6.3489599609e+02 6.3503802490e+02 6.3516699219e+02
6.2978399658e+02 6.2989898682e+02 6.3004101563e+02 6.3017102051e+02 6.3029302979e+02 6.3039697266e+02 6.3050897217e+02 6.3062701416e+02 6.3071002197e+02 6.3082000732e+02 6.3092901611e+02 6.3105102539e+02 6.3116802979e+02 6.3127001953e+02 6.3140399170e+02 6.3151000977e+02 6.3161999512e+02 6.3171002197e+02 6.3181896973e+02 6.3191601563e+02 6.3203900146e+02 6.3217797852e+02 6.3230999756e+02 6.3240301514e+02 6.3248297119e+02 6.3263299561e+02 6.3278601074e+02 6.3289599609e+02 6.3296502686e+02 6.3308398438e+02 6.3319097900e+02 6.3329797363e+02 6.3342102051e+02 6.3353601074e+02 6.3365698242e+02 6.3377099609e+02 6.3386700439e+02 6.3399401855e+02 6.3410900879e+02 6.3421002197e+02 6.3433697510e+02 6.3445098877e+02 6.3453997803e+02 6.3464202881e+02 6.3478601074e+02 6.3494396973e+02
6.2957702637e+02 6.2968200684e+02 6.2982897949e+02 6.2996600342e+02 6.3008697510e+02 6.3019598389e+02 6.3031298828e+02 6.3043798828e+02 6.3052099609e+02 6.3063702393e+02 6.3073999023e+02 6.3084698486e+02 6.3097100830e+02 6.3108099365e+02 6.3120599365e+02 6.3129699707e+02 6.3140197754e+02 6.3149700928e+02 6.3161401367e+02 6.3172100830e+02 6.3184698486e+02 6.3197399902e+02 6.3208697510e+02 6.3218402100e+02 6.3228302002e+02 6.3240899658e+02 6.3254602051e+02 6.3268701172e+02 6.3278997803e+02 6.3288800049e+02 6.3300097656e+02 6.3310601807e+02 6.3320697021e+02 6.3332000732e+02 6.3344598389e+02 6.3356500244e+02 6.3366198730e+02 6.3377099609e+02 6.3388598633e+02 6.3399700928e+02 6.3412500000e+02 6.3422601318e+02 6.3430798340e+02 6.3440600586e+02 6.3452301025e+02 6.3467797852e+02
6.2936999512e+02 6.2947601318e+02 6.2961199951e+02 6.2975201416e+02 6.2988598633e+02 6.3000000000e+02 6.3011499023e+02 6.3024401855e+02 6.3035498047e+02 6.3046801758e+02 6.3057000732e+02 6.3066802979e+02 6.3077600098e+02 6.3088098145e+02 6.3100500488e+02 6.3110797119e+02 6.3120397949e+02 6.3130902100e+02 6.3141802979e+02 6.3152099609e+02 6.3163800049e+02 6.3176397705e+02 6.3186999512e+02 6.3197998047e+02 6.3210302734e+02 6.3220599365e+02 6.3230999756e+02 6.3245300293e+02 6.3257800293e+02 6.3265802002e+02 6.3277301025e+02 6.3289599609e+02 6.3299700928e+02 6.3312097168e+02 6.3324499512e+02 6.3335797119e+02 6.3346697998e+02 6.3355700684e+02 6.3366198730e+02 6.3377600098e+02 6.3391400146e+02 6.3400402832e+02 6.3409399414e+02 6.3420001221e+02 6.3429199219e+02 6.3442901611e+02
6.2916497803e+02 6.2928497314e+02 6.2941900635e+02 6.2955102539e+02 6.2967297363e+02 6.2978002930e+02 6.2989099121e+02 6.3001000977e+02 6.3013598633e+02 6.3024902344e+02 6.3034698486e+02 6.3046197510e+02 6.3059301758e+02 6.3069201660e+02 6.3080499268e+02 6.3090997314e+02 6.3101702881e+02 6.3111602783e+02 6.3122698975e+02 6.3133099365e+02 6.3143499756e+02 6.3154998779e+02 6.3165301514e+02 6.3175299072e+02 6.3185998535e+02 6.3198999023e+02 6.3212200928e+02 6.3224499512e+02 6.3233197021e+02 6.3242602539e+02 6.3254400635e+02 6.3267700195e+02 6.3280200195e+02 6.3290899658e+02 6.3301599121e+02 6.3313299561e+02 6.3326300049e+02 6.3336602783e+02 6.3345898438e+02 6.3355700684e+02 6.3367999268e+02 6.3376202393e+02 6.3386499023e+02 6.3398297119e+02 6.3408502197e+02 6.3421197510e+02
6.2895501709e+02 6.2906896973e+02 6.2920599365e+02 6.2933898926e+02 6.2944299316e+02 6.2954101563e+02 6.2965802002e+02 6.2978100586e+02 6.2990997314e+02 6.3001702881e+02 6.3012500000e+02 6.3025299072e+02 6.3039202881e+02 6.3050097656e+02 6.3061102295e+02 6.3071398926e+02 6.3082000732e+02 6.3092199707e+02 6.3103601074e+02 6.3113702393e+02 6.3123199463e+02 6.3133697510e+02 6.3143701172e+02 6.3153802490e+02 6.3164697266e+02 6.3178100586e+02 6.3190997314e+02 6.3202801514e+02 6.3212597656e+02 6.3224298096e+02 6.3235699463e+02 6.3246997070e+02 6.3257897949e+02 6.3267700195e+02 6.3279302979e+02 6.3291802979e+02 6.3306298828e+02 6.3321301270e+02 6.3331799316e+02 6.3339697266e+02 6.3348498535e+02 6.3356701660e+02 6.3365399170e+02 6.3375799561e+02 6.3387200928e+02 6.3400201416e+02
6.2874700928e+02 6.2884997559e+02 6.2898498535e+02 6.2911199951e+02 6.2920898438e+02 6.2932897949e+02 6.2946099854e+02 6.2957897949e+02 6.2968798828e+02 6.2980999756e+02 6.2992999268e+02 6.3004998779e+02 6.3016802979e+02 6.3028802490e+02 6.3040600586e+02 6.3051397705e+02 6.3062597656e+02 6.3073400879e+02 6.3084802246e+02 6.3094799805e+02 6.3103601074e+02 6.3113201904e+02 6.3123602295e+02 6.3134497070e+02 6.3145001221e+02 6.3157397461e+02 6.3169799805e+02 6.3181701660e+02 6.3191998291e+02 6.3204101563e+02 6.3214599609e+02 6.3224102783e+02 6.3234100342e+02 6.3245202637e+02 6.3258502197e+02 6.3269702148e+02 6.3283398438e+02 6.3299700928e+02 6.3312500000e+02 6.3321997070e+02 6.3329998779e+02 6.3339898682e+02 6.3348101807e+02 6.3355902100e+02 6.3366699219e+02 6.3380603027e+02
6.2855401611e+02 6.2864398193e+02 6.2876300049e+02 6.2887200928e+02 6.2897802734e+02 6.2910498047e+02 6.2923797607e+02 6.2936401367e+02 6.2948400879e+02 6.2960302734e+02 6.2972100830e+02 6.2983398438e+02 6.2994396973e+02 6.3006402588e+02 6.3018402100e+02 6.3030102539e+02 6.3042297363e+02 6.3051702881e+02 6.3063500977e+02 6.3074298096e+02 6.3084600830e+02 6.3094000244e+02 6.3105297852e+02 6.3116802979e+02 6.3126599121e+02 6.3137597656e+02 6.3148199463e+02 6.3160198975e+02 6.3172497559e+02 6.3182897949e+02 6.3193298340e+02 6.3202600098e+02 6.3212298584e+02 6.3226202393e+02 6.3239501953e+02 6.3249200439e+02 6.3260797119e+02 6.3273101807e+02 6.3284399414e+02 6.3295501709e+02 6.3306500244e+02 6.3321398926e+02 6.3334997559e+02 6.3344299316e+02 6.3353198242e+02 6.3361999512e+02
6.2835302734e+02 6.2845800781e+02 6.2856597900e+02 6.2866601563e+02 6.2877197266e+02 6.2889099121e+02 6.2902502441e+02 6.2915301514e+02 6.2926202393e+02 6.2936401367e+02 6.2947900391e+02 6.2961700439e+02 6.2974798584e+02 6.2986700439e+02 6.2997100830e+02 6.3007202148e+02 6.3017901611e+02 6.3031097412e+02 6.3043298340e+02 6.3052502441e+02 6.3064099121e+02 6.3077099609e+02 6.3087799072e+02 6.3097302246e+02 6.3106097412e+02 6.3116302490e+02 6.3127001953e+02 6.3138299561e+02 6.3148498535e+02 6.3160900879e+02 6.3172100830e+02 6.3181799316e+02 6.3191998291e+02 6.3206402588e+02 6.3218798828e+02 6.3226898193e+02 6.3239099121e+02 6.3251098633e+02 6.3261700439e+02 6.3273297119e+02 6.3283898926e+02 6.3296899414e+02 6.3311499023e+02 6.3325299072e+02 6.3338201904e+02 6.3346697998e+02
6.2814099121e+02 6.2825799561e+02 6.2836199951e+02 6.2845898438e+02 6.2857702637e+02 6.2870800781e+02 6.2883099365e+02 6.2894000244e+02 6.2903497314e+02 6.2913201904e+02 6.2924700928e+02 6.2938598633e+02 6.2952398682e+02 6.2964501953e+02 6.2975402832e+02 6.2986297607e+02 6.2996997070e+02 6.3010998535e+02 6.3022601318e+02 6.3031701660e+02 6.3042401123e+02 6.3056201172e+02 6.3067700195e+02 6.3077099609e+02 6.3085998535e+02 6.3096197510e+02 6.3106701660e+02 6.3117401123e+02 6.3128302002e+02 6.3142102051e+02 6.3153198242e+02 6.3162298584e+02 6.3172497559e+02 6.3185498047e+02 6.3197698975e+02 6.3206896973e+02 6.3219097900e+02 6.3230798340e+02 6.3241601563e+02 6.3252899170e+02 6.3261901855e+02 6.3273400879e+02 6.3285400391e+02 6.3298901367e+02 6.3313702393e+02 6.3323999023e+02
6.2791998291e+02 6.2803698730e+02 6.2813598633e+02 6.2823297119e+02 6.2836999512e+02 6.2850000000e+02 6.2860699463e+02 6.2870898438e+02 6.2881500244e+02 6.2891699219e+02 6.2902398682e+02 6.2915502930e+02 6.2928802490e+02 6.2940698242e+02 6.2952099609e+02 6.2964801025e+02 6.2977001953e+02 6.2988702393e+02 6.2999200439e+02 6.3009600830e+02 6.3020697021e+02 6.3033801270e+02 6.3045898438e+02 6.3056597900e+02 6.3066699219e+02 6.3077001953e+02 6.3087799072e+02 6.3098602295e+02 6.3109002686e+02 6.3122497559e+02 6.3132598877e+02 6.3140997314e+02 6.3152899170e+02 6.3165301514e+02 6.3178002930e+02 6.3188800049e+02 6.3199401855e+02 6.3211297607e+02 6.3221600342e+02 6.3232000732e+02 6.3241699219e+02 6.3252600098e+02 6.3263098145e+02 6.3275000000e+02 6.3287298584e+02 6.3297100830e+02
6.2769299316e+02 6.2781500244e+02 6.2791497803e+02 6.2801300049e+02 6.2814398193e+02 6.2825201416e+02 6.2835601807e+02 6.2846801758e+02 6.2858898926e+02 6.2869702148e+02 6.2879901123e+02 6.2893103027e+02 6.2906201172e+02 6.2916302490e+02 6.2928900146e+02 6.2942901611e+02 6.2953802490e+02 6.2965100098e+02 6.2977502441e+02 6.2990399170e+02 6.3000299072e+02 6.3013897705e+02 6.3025897217e+02 6.3036901855e+02 6.3047100830e+02 6.3057897949e+02 6.3069299316e+02 6.3078399658e+02 6.3085101318e+02 6.3100701904e+02 6.3110498047e+02 6.3119799805e+02 6.3135400391e+02 6.3145800781e+02 6.3157800293e+02 6.3169702148e+02 6.3180102539e+02 6.3191601563e+02 6.3200598145e+02 6.3210998535e+02 6.3223901367e+02 6.3232702637e+02 6.3243902588e+02 6.3256896973e+02 6.3268499756e+02 6.3276300049e+02
6.2745001221e+02 6.2758599854e+02 6.2770300293e+02 6.2780603027e+02 6.2790197754e+02 6.2801397705e+02 6.2813201904e+02 6.2825897217e+02 6.2837597656e+02 6.2848101807e+02 6.2858398438e+02 6.2872198486e+02 6.2884301758e+02 6.2895898438e+02 6.2909600830e+02 6.2922399902e+02 6.2933801270e+02 6.2943798828e+02 6.2955902100e+02 6.2968103027e+02 6.2979901123e+02 6.2993402100e+02 6.3004602051e+02 6.3015100098e+02 6.3025097656e+02 6.3036700439e+02 6.3049597168e+02 6.3058801270e+02 6.3066998291e+02 6.3079797363e+02 6.3089300537e+02 6.3100201416e+02 6.3115197754e+02 6.3126098633e+02 6.3137799072e+02 6.3149102783e+02 6.3160198975e+02 6.3171197510e+02 6.3180902100e+02 6.3193298340e+02 6.3206201172e+02 6.3213598633e+02 6.3224902344e+02 6.3238702393e+02 6.3248699951e+02 6.3257397461e+02
6.2720800781e+02 6.2734197998e+02 6.2747100830e+02 6.2757897949e+02 6.2766497803e+02 6.2778497314e+02 6.2790600586e+02 6.2803198242e+02 6.2814801025e+02 6.2826397705e+02 6.2838299561e+02 6.2851300049e+02 6.2862799072e+02 6.2875000000e+02 6.2888897705e+02 6.2900201416e+02 6.2912097168e+02 6.2922601318e+02 6.2932397461e+02 6.2944097900e+02 6.2959197998e+02 6.2973901367e+02 6.2984002686e+02 6.2993499756e+02 6.3003802490e+02 6.3014898682e+02 6.3028399658e+02 6.3040002441e+02 6.3051000977e+02 6.3061602783e+02 6.3069897461e+02 6.3080700684e+02 6.3093798828e+02 6.3106201172e+02 6.3118701172e+02 6.3129699707e+02 6.3140301514e+02 6.3150799561e+02 6.3161102295e+02 6.3174102783e+02 6.3186999512e+02 6.3196301270e+02 6.3207299805e+02 6.3219201660e+02 6.3229302979e+02 6.3240100098e+02
6.2697802734e+02 6.2710198975e+02 6.2722802734e+02 6.2733697510e+02 6.2743103027e+02 6.2755700684e+02 6.2767602539e+02 6.2779998779e+02 6.2792199707e+02 6.2804400635e+02 6.2817498779e+02 6.2829101563e+02 6.2839099121e+02 6.2850402832e+02 6.2865197754e+02 6.2876397705e+02 6.2889898682e+02 6.2901202393e+02 6.2910900879e+02 6.2922698975e+02 6.2937799072e+02 6.2951501465e+02 6.2961901855e+02 6.2972198486e+02 6.2984002686e+02 6.2994598389e+02 6.3007202148e+02 6.3019500732e+02 6.3030999756e+02 6.3042199707e+02 6.3050500488e+02 6.3060601807e+02 6.3072497559e+02 6.3084600830e+02 6.3097100830e+02 6.3108398438e+02 6.3117901611e+02 6.3128900146e+02 6.3140301514e+02 6.3152801514e+02 6.3164898682e+02 6.3178100586e+02 6.3189801025e+02 6.3199102783e+02 6.3209497070e+02 6.3220697021e+02
6.2675402832e+02 6.2687597656e+02 6.2698602295e+02 6.2708697510e+02 6.2719396973e+02 6.2732000732e+02 6.2744598389e+02 6.2757897949e+02 6.2770202637e+02 6.2780700684e+02 6.2793701172e+02 6.2805603027e+02 6.2814501953e+02 6.2827398682e+02 6.2841699219e+02 6.2853601074e+02 6.2868701172e+02 6.2879699707e+02 6.2889398193e+02 6.2900598145e+02 6.2912799072e+02 6.2926202393e+02 6.2937902832e+02 6.2950500488e+02 6.2962500000e+02 6.2974700928e+02 6.2986199951e+02 6.2997198486e+02 6.3004797363e+02 6.3018798828e+02 6.3028198242e+02 6.3038299561e+02 6.3052398682e+02 6.3063299561e+02 6.3076501465e+02 6.3089501953e+02 6.3097900391e+02 6.3108099365e+02 6.3119897461e+02 6.3131597900e+02 6.3144500732e+02 6.3158300781e+02 6.3171099854e+02 6.3179901123e+02 6.3190600586e+02 6.3201000977e+02
6.2653497314e+02 6.2664697266e+02 6.2674700928e+02 6.2684002686e+02 6.2695300293e+02 6.2708197021e+02 6.2721398926e+02 6.2734301758e+02 6.2745501709e+02 6.2757702637e+02 6.2769598389e+02 6.2779498291e+02 6.2790997314e+02 6.2804901123e+02 6.2817999268e+02 6.2830297852e+02 6.2845397949e+02 6.2857000732e+02 6.2867199707e+02 6.2877899170e+02 6.2891302490e+02 6.2903497314e+02 6.2914001465e+02 6.2926300049e+02 6.2939099121e+02 6.2951898193e+02 6.2965100098e+02 6.2977001953e+02 6.2982598877e+02 6.2995898438e+02 6.3007098389e+02 6.3017797852e+02 6.3031298828e+02 6.3042602539e+02 6.3056097412e+02 6.3068798828e+02 6.3077801514e+02 6.3089099121e+02 6.3100097656e+02 6.3111499023e+02 6.3123498535e+02 6.3135998535e+02 6.3148199463e+02 6.3158001709e+02 6.3168798828e+02 6.3179602051e+02
6.2629901123e+02 6.2642901611e+02 6.2653601074e+02 6.2662298584e+02 6.2671997070e+02 6.2685797119e+02 6.2699700928e+02 6.2710797119e+02 6.2720898438e+02 6.2733197021e+02 6.2745202637e+02 6.2756896973e+02 6.2770898438e+02 6.2783398438e+02 6.2795501709e+02 6.2807397461e+02 6.2822601318e+02 6.2834802246e+02 6.2845697021e+02 6.2856097412e+02 6.2868701172e+02 6.2879602051e+02 6.2890301514e+02 6.2903399658e+02 6.2915997314e+02 6.2927600098e+02 6.2940899658e+02 6.2953997803e+02 6.2960797119e+02 6.2974200439e+02 6.2987200928e+02 6.2998999023e+02 6.3010900879e+02 6.3021600342e+02 6.3033697510e+02 6.3045098877e+02 6.3055102539e+02 6.3066400146e+02 6.3078100586e+02 6.3090301514e+02 6.3101599121e+02 6.3112500000e+02 6.3124499512e+02 6.3135601807e+02 6.3147900391e+02 6.3160797119e+02
6.2606402588e+02 6.2620098877e+02 6.2631799316e+02 6.2641101074e+02 6.2650201416e+02 6.2664099121e+02 6.2677899170e+02 6.2687799072e+02 6.2696899414e+02 6.2707800293e+02 6.2720599365e+02 6.2735400391e+02 6.2750097656e+02 6.2761102295e+02 6.2771997070e+02 6.2783300781e+02 6.2798498535e+02 6.2809399414e+02 6.2820697021e+02 6.2831799316e+02 6.2844000244e+02 6.2855999756e+02 6.2868200684e+02 6.2881896973e+02 6.2894702148e+02 6.2906402588e+02 6.2918798828e+02 6.2932397461e+02 6.2941302490e+02 6.2954602051e+02 6.2968103027e+02 6.2980200195e+02 6.2991101074e+02 6.3001599121e+02 6.3011999512e+02 6.3022302246e+02 6.3034497070e+02 6.3045800781e+02 6.3058599854e+02 6.3071502686e+02 6.3081097412e+02 6.3090997314e+02 6.3102697754e+02 6.3115600586e+02 6.3128399658e+02 6.3141101074e+02
