TESTSERVER/7/0.asc
NCOLS 100
NROWS 100
XLLCORNER 7.8497500000e+03
YLLCORNER 2.8995025000e+05
CELLSIZE 5.0000000000e-01
NODATA_VALUE -9.9990000000e+03
[rows 0 to 19 of 100, columns 46 to 91 of 100]
6.6255700684e+02 6.6258001709e+02 6.6259301758e+02 6.6259197998e+02 6.6261901855e+02 6.6264501953e+02 6.6268798828e+02 6.6268402100e+02 6.6267901611e+02 6.6274597168e+02 6.6278698730e+02 6.6279699707e+02 6.6277099609e+02 6.6264300537e+02 6.6245098877e+02 6.6224401855e+02 6.6204199219e+02 6.6183099365e+02 6.6163397217e+02 6.6146197510e+02 6.6129101563e+02 6.6116802979e+02 6.6105603027e+02 6.6094299316e+02 6.6085198975e+02 6.6075299072e+02 6.6064300537e+02 6.6054199219e+02 6.6043597412e+02 6.6032202148e+02 6.6021600342e+02 6.6012500000e+02 6.6003100586e+02 6.5990301514e+02 6.5979901123e+02 6.5969897461e+02 6.5959698486e+02 6.5948498535e+02 6.5935900879e+02 6.5926202393e+02 6.5914898682e+02 6.5902600098e+02 6.5891699219e+02 6.5880798340e+02 6.5867999268e+02 6.5858197021e+02
6.6246801758e+02 6.6247802734e+02 6.6249401855e+02 6.6250402832e+02 6.6251501465e+02 6.6254602051e+02 6.6259197998e+02 6.6259399414e+02 6.6259301758e+02 6.6265197754e+02 6.6267999268e+02 6.6267602539e+02 6.6263897705e+02 6.6250299072e+02 6.6230603027e+02 6.6209698486e+02 6.6189001465e+02 6.6169799805e+02 6.6150000000e+02 6.6132098389e+02 6.6117700195e+02 6.6105999756e+02 6.6094702148e+02 6.6083801270e+02 6.6074700928e+02 6.6064599609e+02 6.6052099609e+02 6.6043200684e+02 6.6033801270e+02 6.6021197510e+02 6.6011297607e+02 6.6002697754e+02 6.5991302490e+02 6.5977801514e+02 6.5968499756e+02 6.5958502197e+02 6.5946899414e+02 6.5935797119e+02 6.5923101807e+02 6.5914001465e+02 6.5903302002e+02 6.5888397217e+02 6.5878698730e+02 6.5867797852e+02 6.5854400635e+02 6.5844598389e+02
6.6237097168e+02 6.6236999512e+02 6.6240100098e+02 6.6241699219e+02 6.6242102051e+02 6.6244201660e+02 6.6248498535e+02 6.6250201416e+02 6.6250897217e+02 6.6255603027e+02 6.6258697510e+02 6.6258001709e+02 6.6251300049e+02 6.6233898926e+02 6.6214001465e+02 6.6194702148e+02 6.6175299072e+02 6.6156701660e+02 6.6134997559e+02 6.6119000244e+02 6.6108099365e+02 6.6096600342e+02 6.6084997559e+02 6.6073999023e+02 6.6064801025e+02 6.6054498291e+02 6.6042498779e+02 6.6033398438e+02 6.6022698975e+02 6.6010601807e+02 6.6000201416e+02 6.5991601563e+02 6.5980297852e+02 6.5966400146e+02 6.5957202148e+02 6.5947302246e+02 6.5934899902e+02 6.5924401855e+02 6.5913201904e+02 6.5904199219e+02 6.5892498779e+02 6.5877899170e+02 6.5867498779e+02 6.5855200195e+02 6.5842602539e+02 6.5833197021e+02
6.6227697754e+02 6.6227697754e+02 6.6231298828e+02 6.6231597900e+02 6.6232098389e+02 6.6236199951e+02 6.6241198730e+02 6.6242401123e+02 6.6242602539e+02 6.6245501709e+02 6.6248101807e+02 6.6246997070e+02 6.6237597656e+02 6.6217700195e+02 6.6197100830e+02 6.6179797363e+02 6.6161901855e+02 6.6143298340e+02 6.6121099854e+02 6.6107202148e+02 6.6096502686e+02 6.6084997559e+02 6.6074597168e+02 6.6065100098e+02 6.6055603027e+02 6.6045397949e+02 6.6034802246e+02 6.6024102783e+02 6.6011102295e+02 6.6001202393e+02 6.5990899658e+02 6.5981201172e+02 6.5969201660e+02 6.5954998779e+02 6.5946600342e+02 6.5936798096e+02 6.5923999023e+02 6.5913800049e+02 6.5903698730e+02 6.5893200684e+02 6.5878802490e+02 6.5865802002e+02 6.5854998779e+02 6.5841802979e+02 6.5829998779e+02 6.5820001221e+02
6.6218902588e+02 6.6220300293e+02 6.6222802734e+02 6.6222198486e+02 6.6222698975e+02 6.6226599121e+02 6.6229498291e+02 6.6230297852e+02 6.6233001709e+02 6.6235998535e+02 6.6237701416e+02 6.6234197998e+02 6.6221697998e+02 6.6202600098e+02 6.6182702637e+02 6.6166497803e+02 6.6148498535e+02 6.6130999756e+02 6.6111401367e+02 6.6098602295e+02 6.6085498047e+02 6.6073101807e+02 6.6064300537e+02 6.6055603027e+02 6.6046398926e+02 6.6035797119e+02 6.6024902344e+02 6.6013201904e+02 6.6000299072e+02 6.5988500977e+02 6.5979101563e+02 6.5971301270e+02 6.5957202148e+02 6.5943402100e+02 6.5936199951e+02 6.5925799561e+02 6.5912597656e+02 6.5900097656e+02 6.5889202881e+02 6.5877398682e+02 6.5863397217e+02 6.5853002930e+02 6.5840997314e+02 6.5828002930e+02 6.5816900635e+02 6.5807501221e+02
6.6210498047e+02 6.6211401367e+02 6.6212298584e+02 6.6212597656e+02 6.6215301514e+02 6.6219500732e+02 6.6223699951e+02 6.6224298096e+02 6.6223498535e+02 6.6226599121e+02 6.6228100586e+02 6.6222497559e+02 6.6210302734e+02 6.6192102051e+02 6.6171398926e+02 6.6154101563e+02 6.6135601807e+02 6.6119396973e+02 6.6102001953e+02 6.6089001465e+02 6.6076300049e+02 6.6065502930e+02 6.6056201172e+02 6.6047497559e+02 6.6037701416e+02 6.6025598145e+02 6.6014697266e+02 6.6003997803e+02 6.5990197754e+02 6.5979602051e+02 6.5969500732e+02 6.5960302734e+02 6.5947601318e+02 6.5934698486e+02 6.5925897217e+02 6.5914801025e+02 6.5902600098e+02 6.5890002441e+02 6.5877801514e+02 6.5864599609e+02 6.5851300049e+02 6.5841601563e+02 6.5829901123e+02 6.5816400146e+02 6.5805902100e+02 6.5797302246e+02
6.6201599121e+02 6.6202600098e+02 6.6203497314e+02 6.6204797363e+02 6.6207202148e+02 6.6210699463e+02 6.6215399170e+02 6.6216699219e+02 6.6215100098e+02 6.6217602539e+02 6.6216998291e+02 6.6208801270e+02 6.6195098877e+02 6.6175402832e+02 6.6156597900e+02 6.6140197754e+02 6.6120800781e+02 6.6106402588e+02 6.6091497803e+02 6.6078302002e+02 6.6066101074e+02 6.6055603027e+02 6.6045397949e+02 6.6035900879e+02 6.6026800537e+02 6.6015802002e+02 6.6005297852e+02 6.5994799805e+02 6.5981500244e+02 6.5971197510e+02 6.5960998535e+02 6.5950500488e+02 6.5938397217e+02 6.5924298096e+02 6.5913299561e+02 6.5901702881e+02 6.5889501953e+02 6.5878302002e+02 6.5865997314e+02 6.5853698730e+02 6.5841198730e+02 6.5829498291e+02 6.5818499756e+02 6.5807202148e+02 6.5797198486e+02 6.5787402344e+02
6.6191601563e+02 6.6192901611e+02 6.6195300293e+02 6.6195697021e+02 6.6195599365e+02 6.6200097656e+02 6.6205499268e+02 6.6207501221e+02 6.6205603027e+02 6.6208099365e+02 6.6206500244e+02 6.6196502686e+02 6.6181597900e+02 6.6160797119e+02 6.6143499756e+02 6.6126599121e+02 6.6106201172e+02 6.6091400146e+02 6.6078900146e+02 6.6067498779e+02 6.6055700684e+02 6.6045697021e+02 6.6036102295e+02 6.6026000977e+02 6.6015899658e+02 6.6005401611e+02 6.5995599365e+02 6.5984399414e+02 6.5972497559e+02 6.5961798096e+02 6.5951202393e+02 6.5940997314e+02 6.5928698730e+02 6.5913897705e+02 6.5902001953e+02 6.5889202881e+02 6.5876000977e+02 6.5866900635e+02 6.5852899170e+02 6.5840301514e+02 6.5829699707e+02 6.5817797852e+02 6.5807098389e+02 6.5796301270e+02 6.5785900879e+02 6.5775897217e+02
6.6181402588e+02 6.6183898926e+02 6.6185699463e+02 6.6184899902e+02 6.6186798096e+02 6.6190502930e+02 6.6196002197e+02 6.6196899414e+02 6.6195202637e+02 6.6196899414e+02 6.6193798828e+02 6.6181896973e+02 6.6166998291e+02 6.6148901367e+02 6.6133099365e+02 6.6114202881e+02 6.6092797852e+02 6.6076501465e+02 6.6065997314e+02 6.6056500244e+02 6.6045800781e+02 6.6035699463e+02 6.6026800537e+02 6.6016998291e+02 6.6007800293e+02 6.5997302246e+02 6.5987799072e+02 6.5975402832e+02 6.5963702393e+02 6.5951599121e+02 6.5939599609e+02 6.5930603027e+02 6.5916998291e+02 6.5902197266e+02 6.5891198730e+02 6.5878802490e+02 6.5865301514e+02 6.5853802490e+02 6.5840802002e+02 6.5828601074e+02 6.5818200684e+02 6.5807299805e+02 6.5796801758e+02 6.5785302734e+02 6.5772900391e+02 6.5762597656e+02
6.6173797607e+02 6.6174499512e+02 6.6175402832e+02 6.6177001953e+02 6.6182501221e+02 6.6183502197e+02 6.6186297607e+02 6.6186602783e+02 6.6186401367e+02 6.6187097168e+02 6.6180499268e+02 6.6166198730e+02 6.6151898193e+02 6.6133398438e+02 6.6116497803e+02 6.6098901367e+02 6.6081701660e+02 6.6065997314e+02 6.6054199219e+02 6.6044299316e+02 6.6035797119e+02 6.6026501465e+02 6.6018200684e+02 6.6007202148e+02 6.5996899414e+02 6.5987902832e+02 6.5977398682e+02 6.5965698242e+02 6.5953997803e+02 6.5942199707e+02 6.5928399658e+02 6.5919000244e+02 6.5906298828e+02 6.5889697266e+02 6.5878497314e+02 6.5866699219e+02 6.5853698730e+02 6.5840802002e+02 6.5829699707e+02 6.5818597412e+02 6.5807800293e+02 6.5795898438e+02 6.5786297607e+02 6.5774200439e+02 6.5760900879e+02 6.5749902344e+02
6.6164898682e+02 6.6166198730e+02 6.6166101074e+02 6.6167102051e+02 6.6172497559e+02 6.6173999023e+02 6.6177099609e+02 6.6177502441e+02 6.6176501465e+02 6.6176098633e+02 6.6168402100e+02 6.6154302979e+02 6.6138702393e+02 6.6117498779e+02 6.6100402832e+02 6.6084997559e+02 6.6070098877e+02 6.6056402588e+02 6.6044598389e+02 6.6033898926e+02 6.6024902344e+02 6.6016198730e+02 6.6008502197e+02 6.5997601318e+02 6.5986199951e+02 6.5977899170e+02 6.5967401123e+02 6.5956701660e+02 6.5944396973e+02 6.5933398438e+02 6.5918902588e+02 6.5907702637e+02 6.5894897461e+02 6.5878198242e+02 6.5866900635e+02 6.5854901123e+02 6.5842401123e+02 6.5830102539e+02 6.5818499756e+02 6.5806097412e+02 6.5795300293e+02 6.5783398438e+02 6.5772900391e+02 6.5761102295e+02 6.5749102783e+02 6.5737701416e+02
6.6155102539e+02 6.6157800293e+02 6.6158398438e+02 6.6159002686e+02 6.6159899902e+02 6.6161999512e+02 6.6167401123e+02 6.6168298340e+02 6.6166802979e+02 6.6163897705e+02 6.6154797363e+02 6.6141900635e+02 6.6125701904e+02 6.6105700684e+02 6.6088702393e+02 6.6072900391e+02 6.6056500244e+02 6.6045300293e+02 6.6035998535e+02 6.6026300049e+02 6.6016400146e+02 6.6008099365e+02 6.5999597168e+02 6.5989202881e+02 6.5977697754e+02 6.5969000244e+02 6.5958898926e+02 6.5948199463e+02 6.5934497070e+02 6.5921899414e+02 6.5907702637e+02 6.5895300293e+02 6.5882702637e+02 6.5866802979e+02 6.5856097412e+02 6.5845202637e+02 6.5831097412e+02 6.5818200684e+02 6.5805902100e+02 6.5794500732e+02 6.5783001709e+02 6.5769897461e+02 6.5759399414e+02 6.5748498535e+02 6.5737298584e+02 6.5727001953e+02
6.6145098877e+02 6.6146899414e+02 6.6147601318e+02 6.6149401855e+02 6.6153802490e+02 6.6153698730e+02 6.6157397461e+02 6.6157598877e+02 6.6157897949e+02 6.6152001953e+02 6.6139898682e+02 6.6126000977e+02 6.6109698486e+02 6.6093200684e+02 6.6076000977e+02 6.6059600830e+02 6.6042797852e+02 6.6033697510e+02 6.6024401855e+02 6.6015301514e+02 6.6006799316e+02 6.5998400879e+02 6.5988800049e+02 6.5979498291e+02 6.5971301270e+02 6.5959997559e+02 6.5948199463e+02 6.5935998535e+02 6.5921697998e+02 6.5908801270e+02 6.5895697021e+02 6.5883898926e+02 6.5871600342e+02 6.5853698730e+02 6.5842999268e+02 6.5832800293e+02 6.5818499756e+02 6.5806500244e+02 6.5792797852e+02 6.5782397461e+02 6.5771002197e+02 6.5757098389e+02 6.5747302246e+02 6.5735797119e+02 6.5723400879e+02 6.5713897705e+02
6.6137799072e+02 6.6136999512e+02 6.6139398193e+02 6.6142102051e+02 6.6144097900e+02 6.6141497803e+02 6.6147900391e+02 6.6148699951e+02 6.6144500732e+02 6.6137097168e+02 6.6126098633e+02 6.6110900879e+02 6.6093499756e+02 6.6077099609e+02 6.6060302734e+02 6.6044299316e+02 6.6030499268e+02 6.6022198486e+02 6.6014202881e+02 6.6005902100e+02 6.5997198486e+02 6.5989697266e+02 6.5979400635e+02 6.5968798828e+02 6.5961401367e+02 6.5950701904e+02 6.5937097168e+02 6.5924102783e+02 6.5911297607e+02 6.5896600342e+02 6.5883398438e+02 6.5872198486e+02 6.5860601807e+02 6.5842297363e+02 6.5829797363e+02 6.5817999268e+02 6.5803399658e+02 6.5794000244e+02 6.5782202148e+02 6.5769897461e+02 6.5756799316e+02 6.5744799805e+02 6.5735998535e+02 6.5724298096e+02 6.5712799072e+02 6.5703198242e+02
6.6129400635e+02 6.6127899170e+02 6.6129998779e+02 6.6132000732e+02 6.6134002686e+02 6.6132397461e+02 6.6137402344e+02 6.6138000488e+02 6.6133398438e+02 6.6124700928e+02 6.6113897705e+02 6.6097998047e+02 6.6079199219e+02 6.6063201904e+02 6.6047802734e+02 6.6033398438e+02 6.6022399902e+02 6.6013098145e+02 6.6004400635e+02 6.5996502686e+02 6.5987597656e+02 6.5980297852e+02 6.5970898438e+02 6.5961199951e+02 6.5952600098e+02 6.5939898682e+02 6.5925097656e+02 6.5911297607e+02 6.5897302246e+02 6.5881799316e+02 6.5869799805e+02 6.5859002686e+02 6.5846398926e+02 6.5829797363e+02 6.5816198730e+02 6.5803399658e+02 6.5790002441e+02 6.5780401611e+02 6.5769598389e+02 6.5757098389e+02 6.5743798828e+02 6.5733300781e+02 6.5723999023e+02 6.5712799072e+02 6.5701501465e+02 6.5691198730e+02
6.6119598389e+02 6.6119396973e+02 6.6120697021e+02 6.6121398926e+02 6.6123101807e+02 6.6123400879e+02 6.6126000977e+02 6.6126300049e+02 6.6121997070e+02 6.6111499023e+02 6.6099798584e+02 6.6083898926e+02 6.6067401123e+02 6.6052600098e+02 6.6038000488e+02 6.6024298096e+02 6.6013897705e+02 6.6003997803e+02 6.5995098877e+02 6.5986901855e+02 6.5977301025e+02 6.5968701172e+02 6.5960302734e+02 6.5952197266e+02 6.5941802979e+02 6.5926098633e+02 6.5912097168e+02 6.5898901367e+02 6.5883398438e+02 6.5869897461e+02 6.5857501221e+02 6.5845898438e+02 6.5830798340e+02 6.5815600586e+02 6.5801898193e+02 6.5789898682e+02 6.5779199219e+02 6.5768200684e+02 6.5757299805e+02 6.5745098877e+02 6.5732598877e+02 6.5722198486e+02 6.5711602783e+02 6.5699597168e+02 6.5690002441e+02 6.5680297852e+02
6.6108398438e+02 6.6109600830e+02 6.6112701416e+02 6.6112200928e+02 6.6113000488e+02 6.6114801025e+02 6.6116601563e+02 6.6115698242e+02 6.6107702637e+02 6.6098101807e+02 6.6086602783e+02 6.6069201660e+02 6.6054498291e+02 6.6040997314e+02 6.6028002930e+02 6.6015899658e+02 6.6004602051e+02 6.5995397949e+02 6.5986102295e+02 6.5977502441e+02 6.5967498779e+02 6.5957501221e+02 6.5949298096e+02 6.5940502930e+02 6.5927398682e+02 6.5912200928e+02 6.5898797607e+02 6.5884997559e+02 6.5869396973e+02 6.5857800293e+02 6.5844702148e+02 6.5833502197e+02 6.5817797852e+02 6.5803497314e+02 6.5791198730e+02 6.5779302979e+02 6.5765698242e+02 6.5753997803e+02 6.5743701172e+02 6.5733001709e+02 6.5721697998e+02 6.5710302734e+02 6.5699700928e+02 6.5688299561e+02 6.5679101563e+02 6.5669000244e+02
6.6097698975e+02 6.6098699951e+02 6.6102502441e+02 6.6102697754e+02 6.6102398682e+02 6.6104498291e+02 6.6107702637e+02 6.6105297852e+02 6.6093200684e+02 6.6084497070e+02 6.6073498535e+02 6.6055401611e+02 6.6040100098e+02 6.6026800537e+02 6.6015197754e+02 6.6005700684e+02 6.5993902588e+02 6.5985198975e+02 6.5976501465e+02 6.5967602539e+02 6.5956597900e+02 6.5945001221e+02 6.5936499023e+02 6.5926000977e+02 6.5913098145e+02 6.5898699951e+02 6.5884100342e+02 6.5869201660e+02 6.5854400635e+02 6.5842602539e+02 6.5829400635e+02 6.5817901611e+02 6.5804400635e+02 6.5790502930e+02 6.5778997803e+02 6.5767498779e+02 6.5753601074e+02 6.5744000244e+02 6.5733099365e+02 6.5720098877e+02 6.5708398438e+02 6.5697802734e+02 6.5687799072e+02 6.5676898193e+02 6.5667199707e+02 6.5657000732e+02
6.6090002441e+02 6.6088598633e+02 6.6091900635e+02 6.6093701172e+02 6.6093499756e+02 6.6095202637e+02 6.6097900391e+02 6.6095001221e+02 6.6082897949e+02 6.6072198486e+02 6.6059497070e+02 6.6042999268e+02 6.6029302979e+02 6.6014501953e+02 6.6003601074e+02 6.5995300293e+02 6.5984100342e+02 6.5974700928e+02 6.5965399170e+02 6.5956201172e+02 6.5945001221e+02 6.5933502197e+02 6.5924102783e+02 6.5910797119e+02 6.5896899414e+02 6.5882897949e+02 6.5869000244e+02 6.5854998779e+02 6.5842199707e+02 6.5828802490e+02 6.5814801025e+02 6.5803198242e+02 6.5791802979e+02 6.5776702881e+02 6.5764801025e+02 6.5754998779e+02 6.5742297363e+02 6.5732202148e+02 6.5719396973e+02 6.5708099365e+02 6.5697100830e+02 6.5685699463e+02 6.5676898193e+02 6.5666400146e+02 6.5655102539e+02 6.5644097900e+02
6.6083099365e+02 6.6079302979e+02 6.6082202148e+02 6.6085302734e+02 6.6084899902e+02 6.6086401367e+02 6.6087200928e+02 6.6083099365e+02 6.6071801758e+02 6.6059197998e+02 6.6045599365e+02 6.6030902100e+02 6.6018200684e+02 6.6003698730e+02 6.5993798828e+02 6.5984997559e+02 6.5973797607e+02 6.5964099121e+02 6.5954199219e+02 6.5944598389e+02 6.5932897949e+02 6.5921502686e+02 6.5910302734e+02 6.5894702148e+02 6.5882501221e+02 6.5868597412e+02 6.5853997803e+02 6.5840100098e+02 6.5828399658e+02 6.5815399170e+02 6.5801501465e+02 6.5790197754e+02 6.5778399658e+02 6.5764501953e+02 6.5753100586e+02 6.5742297363e+02 6.5729602051e+02 6.5719897461e+02 6.5707098389e+02 6.5696899414e+02 6.5685998535e+02 6.5674499512e+02 6.5664898682e+02 6.5653900146e+02 6.5642700195e+02 6.5632800293e+02
