TESTSERVER/7/0.asc
NCOLS 100
NROWS 100
XLLCORNER 7.8497500000e+03
YLLCORNER 2.8995025000e+05
CELLSIZE 5.0000000000e-01
NODATA_VALUE -9.9990000000e+03
[rows 20 to 39 of 100, columns 46 to 91 of 100]
6.6070697021e+02 6.6069500732e+02 6.6072399902e+02 6.6074298096e+02 6.6075402832e+02 6.6076800537e+02 6.6076702881e+02 6.6070898438e+02 6.6057098389e+02 6.6044598389e+02 6.6033197021e+02 6.6018701172e+02 6.6002301025e+02 6.5991699219e+02 6.5983300781e+02 6.5971502686e+02 6.5959698486e+02 6.5952301025e+02 6.5942297363e+02 6.5931097412e+02 6.5920300293e+02 6.5908599854e+02 6.5895898438e+02 6.5878302002e+02 6.5864898682e+02 6.5852099609e+02 6.5838299561e+02 6.5826501465e+02 6.5814898682e+02 6.5802801514e+02 6.5789300537e+02 6.5777301025e+02 6.5763598633e+02 6.5750598145e+02 6.5740698242e+02 6.5729699707e+02 6.5717401123e+02 6.5706402588e+02 6.5694299316e+02 6.5683697510e+02 6.5672497559e+02 6.5663397217e+02 6.5653002930e+02 6.5641900635e+02 6.5631201172e+02 6.5621398926e+02
6.6063397217e+02 6.6062799072e+02 6.6064501953e+02 6.6064898682e+02 6.6066101074e+02 6.6067700195e+02 6.6065899658e+02 6.6058001709e+02 6.6043200684e+02 6.6030798340e+02 6.6019097900e+02 6.6004400635e+02 6.5992498779e+02 6.5979998779e+02 6.5971899414e+02 6.5960498047e+02 6.5948999023e+02 6.5941101074e+02 6.5929797363e+02 6.5917901611e+02 6.5905902100e+02 6.5892999268e+02 6.5880200195e+02 6.5863897705e+02 6.5851202393e+02 6.5839202881e+02 6.5824798584e+02 6.5813800049e+02 6.5802502441e+02 6.5789001465e+02 6.5776599121e+02 6.5765301514e+02 6.5751599121e+02 6.5737701416e+02 6.5727001953e+02 6.5716198730e+02 6.5706701660e+02 6.5695098877e+02 6.5683099365e+02 6.5672900391e+02 6.5662097168e+02 6.5652801514e+02 6.5642901611e+02 6.5631799316e+02 6.5620098877e+02 6.5609197998e+02
6.6052099609e+02 6.6053198242e+02 6.6054498291e+02 6.6054602051e+02 6.6055999756e+02 6.6057598877e+02 6.6053399658e+02 6.6042901611e+02 6.6028497314e+02 6.6015600586e+02 6.6003601074e+02 6.5990997314e+02 6.5981201172e+02 6.5967901611e+02 6.5958898926e+02 6.5948699951e+02 6.5937402344e+02 6.5927099609e+02 6.5915802002e+02 6.5903997803e+02 6.5890997314e+02 6.5878997803e+02 6.5865002441e+02 6.5849401855e+02 6.5837500000e+02 6.5824902344e+02 6.5810998535e+02 6.5800897217e+02 6.5789398193e+02 6.5775097656e+02 6.5764001465e+02 6.5753002930e+02 6.5739599609e+02 6.5725701904e+02 6.5714599609e+02 6.5703900146e+02 6.5695599365e+02 6.5683197021e+02 6.5671801758e+02 6.5661602783e+02 6.5651300049e+02 6.5640698242e+02 6.5630603027e+02 6.5620300293e+02 6.5607598877e+02 6.5597100830e+02
6.6041802979e+02 6.6042999268e+02 6.6044299316e+02 6.6045501709e+02 6.6046398926e+02 6.6047302246e+02 6.6041998291e+02 6.6029901123e+02 6.6013800049e+02 6.6000500488e+02 6.5988098145e+02 6.5977398682e+02 6.5967498779e+02 6.5956298828e+02 6.5946301270e+02 6.5936199951e+02 6.5926000977e+02 6.5914202881e+02 6.5903198242e+02 6.5891302490e+02 6.5876300049e+02 6.5863500977e+02 6.5848797607e+02 6.5835302734e+02 6.5823797607e+02 6.5810101318e+02 6.5798199463e+02 6.5788397217e+02 6.5776800537e+02 6.5763201904e+02 6.5751599121e+02 6.5740698242e+02 6.5728399658e+02 6.5715502930e+02 6.5704699707e+02 6.5694396973e+02 6.5684002686e+02 6.5671997070e+02 6.5661297607e+02 6.5650500488e+02 6.5639599609e+02 6.5628100586e+02 6.5617901611e+02 6.5607098389e+02 6.5594000244e+02 6.5585101318e+02
6.6034600830e+02 6.6033398438e+02 6.6034301758e+02 6.6036999512e+02 6.6036602783e+02 6.6034100342e+02 6.6028698730e+02 6.6016497803e+02 6.5999798584e+02 6.5986798096e+02 6.5973797607e+02 6.5962500000e+02 6.5953100586e+02 6.5942602539e+02 6.5933697510e+02 6.5925402832e+02 6.5915600586e+02 6.5901098633e+02 6.5889099121e+02 6.5877301025e+02 6.5863897705e+02 6.5850897217e+02 6.5836401367e+02 6.5822100830e+02 6.5809100342e+02 6.5796099854e+02 6.5786297607e+02 6.5776702881e+02 6.5764300537e+02 6.5751000977e+02 6.5737902832e+02 6.5727600098e+02 6.5716198730e+02 6.5704302979e+02 6.5693103027e+02 6.5683099365e+02 6.5670800781e+02 6.5662500000e+02 6.5651202393e+02 6.5638702393e+02 6.5628601074e+02 6.5616497803e+02 6.5604699707e+02 6.5593701172e+02 6.5581500244e+02 6.5570800781e+02
6.6026098633e+02 6.6025701904e+02 6.6026702881e+02 6.6027398682e+02 6.6025201416e+02 6.6022900391e+02 6.6013897705e+02 6.6001300049e+02 6.5987402344e+02 6.5974401855e+02 6.5961999512e+02 6.5951300049e+02 6.5943103027e+02 6.5932702637e+02 6.5922802734e+02 6.5912902832e+02 6.5901300049e+02 6.5888000488e+02 6.5876501465e+02 6.5865301514e+02 6.5851397705e+02 6.5837701416e+02 6.5824298096e+02 6.5809899902e+02 6.5796899414e+02 6.5786102295e+02 6.5774298096e+02 6.5761999512e+02 6.5750500488e+02 6.5739099121e+02 6.5726599121e+02 6.5715997314e+02 6.5706402588e+02 6.5692999268e+02 6.5681896973e+02 6.5672302246e+02 6.5659600830e+02 6.5650201416e+02 6.5638598633e+02 6.5627197266e+02 6.5615997314e+02 6.5604199219e+02 6.5592901611e+02 6.5582299805e+02 6.5570001221e+02 6.5559802246e+02
6.6017401123e+02 6.6015197754e+02 6.6016998291e+02 6.6017999268e+02 6.6015100098e+02 6.6010498047e+02 6.5999298096e+02 6.5986401367e+02 6.5974401855e+02 6.5962298584e+02 6.5951300049e+02 6.5941497803e+02 6.5932397461e+02 6.5921697998e+02 6.5911401367e+02 6.5899798584e+02 6.5887402344e+02 6.5875299072e+02 6.5863000488e+02 6.5850500488e+02 6.5836901855e+02 6.5823101807e+02 6.5811199951e+02 6.5797998047e+02 6.5784600830e+02 6.5774700928e+02 6.5761602783e+02 6.5748901367e+02 6.5738000488e+02 6.5728198242e+02 6.5716699219e+02 6.5705401611e+02 6.5694299316e+02 6.5680603027e+02 6.5670501709e+02 6.5660400391e+02 6.5648797607e+02 6.5639001465e+02 6.5626397705e+02 6.5614001465e+02 6.5603399658e+02 6.5592297363e+02 6.5580902100e+02 6.5570098877e+02 6.5557202148e+02 6.5546301270e+02
6.6005297852e+02 6.6003997803e+02 6.6007397461e+02 6.6007702637e+02 6.6003698730e+02 6.5997698975e+02 6.5988201904e+02 6.5975897217e+02 6.5961199951e+02 6.5950299072e+02 6.5940197754e+02 6.5930297852e+02 6.5921197510e+02 6.5910198975e+02 6.5899401855e+02 6.5886499023e+02 6.5872698975e+02 6.5862500000e+02 6.5851000977e+02 6.5838201904e+02 6.5824798584e+02 6.5812200928e+02 6.5800402832e+02 6.5787402344e+02 6.5773602295e+02 6.5762902832e+02 6.5749401855e+02 6.5737902832e+02 6.5726898193e+02 6.5716198730e+02 6.5704901123e+02 6.5693701172e+02 6.5681402588e+02 6.5669702148e+02 6.5659399414e+02 6.5648199463e+02 6.5636401367e+02 6.5627001953e+02 6.5615002441e+02 6.5601800537e+02 6.5591497803e+02 6.5580102539e+02 6.5567901611e+02 6.5556701660e+02 6.5543902588e+02 6.5533398438e+02
6.5996099854e+02 6.5996099854e+02 6.5998602295e+02 6.5997399902e+02 6.5992602539e+02 6.5985302734e+02 6.5975201416e+02 6.5962701416e+02 6.5948498535e+02 6.5938299561e+02 6.5927899170e+02 6.5917797852e+02 6.5910198975e+02 6.5898797607e+02 6.5888299561e+02 6.5875701904e+02 6.5860900879e+02 6.5849401855e+02 6.5838299561e+02 6.5826397705e+02 6.5812597656e+02 6.5799298096e+02 6.5787298584e+02 6.5776000977e+02 6.5763397217e+02 6.5750500488e+02 6.5738098145e+02 6.5726800537e+02 6.5716302490e+02 6.5704498291e+02 6.5693200684e+02 6.5682299805e+02 6.5669897461e+02 6.5657897949e+02 6.5646899414e+02 6.5635302734e+02 6.5623199463e+02 6.5614599609e+02 6.5602301025e+02 6.5589398193e+02 6.5578399658e+02 6.5565002441e+02 6.5553997803e+02 6.5543298340e+02 6.5529901123e+02 6.5518902588e+02
6.5986999512e+02 6.5986700439e+02 6.5989697266e+02 6.5986602783e+02 6.5979901123e+02 6.5973999023e+02 6.5961499023e+02 6.5948199463e+02 6.5936199951e+02 6.5928100586e+02 6.5918103027e+02 6.5906799316e+02 6.5898602295e+02 6.5887298584e+02 6.5876800537e+02 6.5864501953e+02 6.5850799561e+02 6.5838201904e+02 6.5825500488e+02 6.5813702393e+02 6.5801000977e+02 6.5787597656e+02 6.5776000977e+02 6.5762799072e+02 6.5749597168e+02 6.5738000488e+02 6.5727099609e+02 6.5715399170e+02 6.5704199219e+02 6.5692700195e+02 6.5681701660e+02 6.5671502686e+02 6.5657800293e+02 6.5645800781e+02 6.5635400391e+02 6.5623498535e+02 6.5610998535e+02 6.5602197266e+02 6.5588201904e+02 6.5576501465e+02 6.5565100098e+02 6.5551599121e+02 6.5540301514e+02 6.5530200195e+02 6.5517901611e+02 6.5506298828e+02
6.5978497314e+02 6.5977301025e+02 6.5979797363e+02 6.5976000977e+02 6.5967999268e+02 6.5961901855e+02 6.5949298096e+02 6.5935900879e+02 6.5924298096e+02 6.5916101074e+02 6.5907501221e+02 6.5896801758e+02 6.5887200928e+02 6.5876000977e+02 6.5864801025e+02 6.5852001953e+02 6.5839099121e+02 6.5828002930e+02 6.5814300537e+02 6.5801501465e+02 6.5788598633e+02 6.5776000977e+02 6.5764099121e+02 6.5751000977e+02 6.5738201904e+02 6.5726000977e+02 6.5715301514e+02 6.5703100586e+02 6.5691601563e+02 6.5679797363e+02 6.5667999268e+02 6.5657800293e+02 6.5645599365e+02 6.5632800293e+02 6.5621301270e+02 6.5609802246e+02 6.5597399902e+02 6.5587701416e+02 6.5575201416e+02 6.5564300537e+02 6.5552301025e+02 6.5540502930e+02 6.5527600098e+02 6.5515997314e+02 6.5504602051e+02 6.5492999268e+02
6.5970300293e+02 6.5968597412e+02 6.5970202637e+02 6.5965698242e+02 6.5956896973e+02 6.5949499512e+02 6.5936999512e+02 6.5925097656e+02 6.5913702393e+02 6.5903900146e+02 6.5895397949e+02 6.5886102295e+02 6.5875799561e+02 6.5864697266e+02 6.5853198242e+02 6.5840100098e+02 6.5827301025e+02 6.5815899658e+02 6.5802301025e+02 6.5789501953e+02 6.5777301025e+02 6.5765002441e+02 6.5750701904e+02 6.5738201904e+02 6.5726800537e+02 6.5714599609e+02 6.5703198242e+02 6.5690698242e+02 6.5679199219e+02 6.5666998291e+02 6.5654699707e+02 6.5643902588e+02 6.5634100342e+02 6.5620300293e+02 6.5608300781e+02 6.5597900391e+02 6.5584399414e+02 6.5573602295e+02 6.5562298584e+02 6.5551702881e+02 6.5540100098e+02 6.5528601074e+02 6.5515197754e+02 6.5502502441e+02 6.5490301514e+02 6.5479699707e+02
6.5959497070e+02 6.5958398438e+02 6.5960400391e+02 6.5954901123e+02 6.5946398926e+02 6.5935601807e+02 6.5923498535e+02 6.5913098145e+02 6.5903802490e+02 6.5894702148e+02 6.5885699463e+02 6.5875701904e+02 6.5864599609e+02 6.5852502441e+02 6.5841497803e+02 6.5829400635e+02 6.5816998291e+02 6.5802600098e+02 6.5789697266e+02 6.5778698730e+02 6.5765399170e+02 6.5753198242e+02 6.5739001465e+02 6.5725897217e+02 6.5714898682e+02 6.5703497314e+02 6.5691101074e+02 6.5678900146e+02 6.5667498779e+02 6.5655102539e+02 6.5643499756e+02 6.5632202148e+02 6.5620898438e+02 6.5608398438e+02 6.5597497559e+02 6.5585797119e+02 6.5572399902e+02 6.5560797119e+02 6.5548699951e+02 6.5536901855e+02 6.5524401855e+02 6.5513500977e+02 6.5501501465e+02 6.5489501953e+02 6.5476599121e+02 6.5465899658e+02
6.5949499512e+02 6.5947698975e+02 6.5948999023e+02 6.5943200684e+02 6.5931701660e+02 6.5922497559e+02 6.5913598633e+02 6.5903601074e+02 6.5893798828e+02 6.5884997559e+02 6.5876000977e+02 6.5865100098e+02 6.5854602051e+02 6.5843597412e+02 6.5831799316e+02 6.5818902588e+02 6.5806701660e+02 6.5792901611e+02 6.5779199219e+02 6.5767498779e+02 6.5753100586e+02 6.5740802002e+02 6.5728497314e+02 6.5716601563e+02 6.5704998779e+02 6.5692797852e+02 6.5679498291e+02 6.5667498779e+02 6.5656201172e+02 6.5641699219e+02 6.5629797363e+02 6.5620300293e+02 6.5607897949e+02 6.5595001221e+02 6.5585101318e+02 6.5573101807e+02 6.5561602783e+02 6.5549902344e+02 6.5537097168e+02 6.5525299072e+02 6.5511901855e+02 6.5501300049e+02 6.5487902832e+02 6.5475598145e+02 6.5465100098e+02 6.5453900146e+02
6.5938897705e+02 6.5934997559e+02 6.5934899902e+02 6.5929400635e+02 6.5919000244e+02 6.5911901855e+02 6.5903900146e+02 6.5894799805e+02 6.5885998535e+02 6.5876800537e+02 6.5866198730e+02 6.5854400635e+02 6.5844201660e+02 6.5832702637e+02 6.5820599365e+02 6.5807098389e+02 6.5795397949e+02 6.5783099365e+02 6.5770202637e+02 6.5758502197e+02 6.5742797852e+02 6.5730200195e+02 6.5717700195e+02 6.5705902100e+02 6.5692602539e+02 6.5680499268e+02 6.5668103027e+02 6.5654901123e+02 6.5643597412e+02 6.5630401611e+02 6.5617297363e+02 6.5607000732e+02 6.5594500732e+02 6.5581701660e+02 6.5572601318e+02 6.5561102295e+02 6.5548498535e+02 6.5538000488e+02 6.5524700928e+02 6.5513299561e+02 6.5501300049e+02 6.5489898682e+02 6.5476599121e+02 6.5463500977e+02 6.5452197266e+02 6.5440802002e+02
6.5928997803e+02 6.5924499512e+02 6.5922698975e+02 6.5915899658e+02 6.5907598877e+02 6.5901501465e+02 6.5894097900e+02 6.5885900879e+02 6.5878198242e+02 6.5867999268e+02 6.5856298828e+02 6.5845397949e+02 6.5834197998e+02 6.5821899414e+02 6.5809600830e+02 6.5795898438e+02 6.5784497070e+02 6.5771502686e+02 6.5758502197e+02 6.5746197510e+02 6.5732598877e+02 6.5720202637e+02 6.5707098389e+02 6.5694299316e+02 6.5680798340e+02 6.5668902588e+02 6.5656298828e+02 6.5642700195e+02 6.5631402588e+02 6.5619299316e+02 6.5605798340e+02 6.5594897461e+02 6.5582598877e+02 6.5570599365e+02 6.5560400391e+02 6.5548797607e+02 6.5535198975e+02 6.5525299072e+02 6.5512200928e+02 6.5500402832e+02 6.5487902832e+02 6.5475897217e+02 6.5464398193e+02 6.5451098633e+02 6.5438897705e+02 6.5427801514e+02
6.5920501709e+02 6.5915802002e+02 6.5911499023e+02 6.5903997803e+02 6.5898797607e+02 6.5891497803e+02 6.5885601807e+02 6.5877398682e+02 6.5867401123e+02 6.5857098389e+02 6.5845898438e+02 6.5834997559e+02 6.5824298096e+02 6.5811901855e+02 6.5799200439e+02 6.5785601807e+02 6.5772802734e+02 6.5759197998e+02 6.5746899414e+02 6.5734399414e+02 6.5722998047e+02 6.5708300781e+02 6.5695098877e+02 6.5682897949e+02 6.5669500732e+02 6.5657098389e+02 6.5643798828e+02 6.5630798340e+02 6.5622198486e+02 6.5608197021e+02 6.5596002197e+02 6.5584301758e+02 6.5571697998e+02 6.5559698486e+02 6.5548797607e+02 6.5536798096e+02 6.5522399902e+02 6.5510699463e+02 6.5499401855e+02 6.5488201904e+02 6.5475598145e+02 6.5464300537e+02 6.5452197266e+02 6.5438098145e+02 6.5426098633e+02 6.5416400146e+02
6.5909600830e+02 6.5903802490e+02 6.5899597168e+02 6.5891998291e+02 6.5887298584e+02 6.5883898926e+02 6.5877398682e+02 6.5868103027e+02 6.5858099365e+02 6.5847998047e+02 6.5837402344e+02 6.5826098633e+02 6.5814697266e+02 6.5801898193e+02 6.5790899658e+02 6.5777301025e+02 6.5761602783e+02 6.5748797607e+02 6.5736401367e+02 6.5724102783e+02 6.5710998535e+02 6.5697198486e+02 6.5684497070e+02 6.5671197510e+02 6.5658197021e+02 6.5645501709e+02 6.5631799316e+02 6.5620098877e+02 6.5609399414e+02 6.5594897461e+02 6.5583398438e+02 6.5572698975e+02 6.5560900879e+02 6.5547802734e+02 6.5536499023e+02 6.5524700928e+02 6.5511401367e+02 6.5499700928e+02 6.5487701416e+02 6.5476800537e+02 6.5464300537e+02 6.5451501465e+02 6.5438800049e+02 6.5425897217e+02 6.5413800049e+02 6.5405297852e+02
6.5899597168e+02 6.5893902588e+02 6.5890002441e+02 6.5883099365e+02 6.5877801514e+02 6.5874902344e+02 6.5867602539e+02 6.5858001709e+02 6.5848297119e+02 6.5838500977e+02 6.5827801514e+02 6.5815600586e+02 6.5804400635e+02 6.5791497803e+02 6.5779998779e+02 6.5765997314e+02 6.5751898193e+02 6.5738598633e+02 6.5724401855e+02 6.5712500000e+02 6.5699200439e+02 6.5687200928e+02 6.5673797607e+02 6.5659802246e+02 6.5647198486e+02 6.5633398438e+02 6.5619598389e+02 6.5607800293e+02 6.5596398926e+02 6.5583099365e+02 6.5571197510e+02 6.5559899902e+02 6.5547802734e+02 6.5534997559e+02 6.5523901367e+02 6.5512500000e+02 6.5498999023e+02 6.5486901855e+02 6.5473999023e+02 6.5463598633e+02 6.5451702881e+02 6.5437701416e+02 6.5425500488e+02 6.5414501953e+02 6.5403802490e+02 6.5393298340e+02
6.5888098145e+02 6.5883697510e+02 6.5880999756e+02 6.5875000000e+02 6.5868701172e+02 6.5864697266e+02 6.5857598877e+02 6.5847900391e+02 6.5837402344e+02 6.5829199219e+02 6.5818499756e+02 6.5804797363e+02 6.5793499756e+02 6.5780700684e+02 6.5767700195e+02 6.5752099609e+02 6.5740802002e+02 6.5726898193e+02 6.5712402344e+02 6.5700598145e+02 6.5687597656e+02 6.5674902344e+02 6.5660601807e+02 6.5646801758e+02 6.5633502197e+02 6.5620300293e+02 6.5608599854e+02 6.5596398926e+02 6.5583502197e+02 6.5571801758e+02 6.5559698486e+02 6.5547998047e+02 6.5535198975e+02 6.5521697998e+02 6.5510498047e+02 6.5499102783e+02 6.5486401367e+02 6.5473699951e+02 6.5460498047e+02 6.5450201416e+02 6.5438299561e+02 6.5425799561e+02 6.5414001465e+02 6.5403399658e+02 6.5392602539e+02 6.5381298828e+02
