TESTSERVER/7/1.asc
NCOLS 100
NROWS 100
XLLCORNER 7.8497500000e+03
YLLCORNER 2.8990025000e+05
CELLSIZE 5.0000000000e-01
NODATA_VALUE -9.9990000000e+03
[rows 60 to 79 of 100, columns 0 to 45 of 100]
6.4985998535e+02 6.5002600098e+02 6.5003497314e+02 6.5007702637e+02 6.5009399414e+02 6.5009002686e+02 6.5009802246e+02 6.5010498047e+02 6.4997399902e+02 6.4973498535e+02 6.4949200439e+02 6.4943402100e+02 6.4947900391e+02 6.4951000977e+02 6.4940399170e+02 6.4928900146e+02 6.4919799805e+02 6.4910498047e+02 6.4903802490e+02 6.4902398682e+02 6.4892797852e+02 6.4878002930e+02 6.4866900635e+02 6.4860400391e+02 6.4845397949e+02 6.4825897217e+02 6.4808801270e+02 6.4796301270e+02 6.4785198975e+02 6.4777099609e+02 6.4765399170e+02 6.4750299072e+02 6.4739099121e+02 6.4727398682e+02 6.4713897705e+02 6.4711499023e+02 6.4710900879e+02 6.4709698486e+02 6.4703601074e+02 6.4689300537e+02 6.4677099609e+02 6.4665100098e+02 6.4654400635e+02 6.4645898438e+02 6.4636401367e+02 6.4627001953e+02
6.4992901611e+02 6.4999200439e+02 6.4998901367e+02 6.5003100586e+02 6.5004797363e+02 6.5003997803e+02 6.5003497314e+02 6.5005499268e+02 6.4989398193e+02 6.4961798096e+02 6.4933599854e+02 6.4916601563e+02 6.4916198730e+02 6.4919000244e+02 6.4913000488e+02 6.4899200439e+02 6.4886297607e+02 6.4878002930e+02 6.4872900391e+02 6.4873498535e+02 6.4866998291e+02 6.4852001953e+02 6.4842498779e+02 6.4835400391e+02 6.4826702881e+02 6.4812500000e+02 6.4795202637e+02 6.4783502197e+02 6.4778002930e+02 6.4771398926e+02 6.4754498291e+02 6.4739300537e+02 6.4729699707e+02 6.4718402100e+02 6.4708398438e+02 6.4704699707e+02 6.4702899170e+02 6.4699798584e+02 6.4691900635e+02 6.4679797363e+02 6.4667401123e+02 6.4655200195e+02 6.4644500732e+02 6.4634600830e+02 6.4624499512e+02 6.4614398193e+02
6.4994500732e+02 6.4993701172e+02 6.4995501709e+02 6.4999597168e+02 6.5001898193e+02 6.5001397705e+02 6.5000598145e+02 6.5001098633e+02 6.4979101563e+02 6.4948400879e+02 6.4918200684e+02 6.4892102051e+02 6.4887298584e+02 6.4889099121e+02 6.4883697510e+02 6.4868200684e+02 6.4856402588e+02 6.4851898193e+02 6.4848297119e+02 6.4850897217e+02 6.4847198486e+02 6.4830102539e+02 6.4818701172e+02 6.4813598633e+02 6.4808801270e+02 6.4799798584e+02 6.4782702637e+02 6.4771502686e+02 6.4766998291e+02 6.4760797119e+02 6.4745397949e+02 6.4734899902e+02 6.4725799561e+02 6.4711901855e+02 6.4701501465e+02 6.4696697998e+02 6.4692297363e+02 6.4687097168e+02 6.4678698730e+02 6.4667797852e+02 6.4656298828e+02 6.4645300293e+02 6.4635101318e+02 6.4624700928e+02 6.4614202881e+02 6.4603601074e+02
6.4990997314e+02 6.4990002441e+02 6.4993499756e+02 6.4996099854e+02 6.4997198486e+02 6.4996899414e+02 6.4996002197e+02 6.4990399170e+02 6.4957800293e+02 6.4923498535e+02 6.4894897461e+02 6.4868597412e+02 6.4863098145e+02 6.4861297607e+02 6.4852301025e+02 6.4838800049e+02 6.4832702637e+02 6.4830200195e+02 6.4822198486e+02 6.4825097656e+02 6.4829998779e+02 6.4816101074e+02 6.4797497559e+02 6.4790899658e+02 6.4787402344e+02 6.4781402588e+02 6.4768798828e+02 6.4759600830e+02 6.4754101563e+02 6.4747399902e+02 6.4736901855e+02 6.4733801270e+02 6.4726098633e+02 6.4707800293e+02 6.4692901611e+02 6.4686700439e+02 6.4679901123e+02 6.4673101807e+02 6.4664898682e+02 6.4655401611e+02 6.4645300293e+02 6.4635699463e+02 6.4626599121e+02 6.4616400146e+02 6.4605999756e+02 6.4595300293e+02
6.4983898926e+02 6.4987701416e+02 6.4989801025e+02 6.4992102051e+02 6.4991601563e+02 6.4990899658e+02 6.4990600586e+02 6.4980297852e+02 6.4932098389e+02 6.4889898682e+02 6.4862200928e+02 6.4849200439e+02 6.4845800781e+02 6.4840802002e+02 6.4827697754e+02 6.4817700195e+02 6.4813000488e+02 6.4807598877e+02 6.4795800781e+02 6.4791198730e+02 6.4796899414e+02 6.4792700195e+02 6.4775799561e+02 6.4770800781e+02 6.4768597412e+02 6.4759100342e+02 6.4748498535e+02 6.4747900391e+02 6.4742602539e+02 6.4733697510e+02 6.4726098633e+02 6.4728302002e+02 6.4723498535e+02 6.4707702637e+02 6.4689099121e+02 6.4675701904e+02 6.4666601563e+02 6.4659100342e+02 6.4651501465e+02 6.4642999268e+02 6.4634497070e+02 6.4626397705e+02 6.4617901611e+02 6.4609301758e+02 6.4599700928e+02 6.4588897705e+02
6.4978997803e+02 6.4984100342e+02 6.4988098145e+02 6.4989398193e+02 6.4988098145e+02 6.4987597656e+02 6.4989202881e+02 6.4972998047e+02 6.4909802246e+02 6.4861199951e+02 6.4841198730e+02 6.4833502197e+02 6.4830902100e+02 6.4826599121e+02 6.4813500977e+02 6.4801098633e+02 6.4792401123e+02 6.4785302734e+02 6.4777697754e+02 6.4775799561e+02 6.4775299072e+02 6.4771600342e+02 6.4766900635e+02 6.4761602783e+02 6.4754998779e+02 6.4742602539e+02 6.4736102295e+02 6.4737097168e+02 6.4730401611e+02 6.4718298340e+02 6.4712097168e+02 6.4714099121e+02 6.4711102295e+02 6.4700897217e+02 6.4683697510e+02 6.4670202637e+02 6.4659301758e+02 6.4649597168e+02 6.4640802002e+02 6.4632897949e+02 6.4625201416e+02 6.4617797852e+02 6.4610400391e+02 6.4602801514e+02 6.4594000244e+02 6.4583197021e+02
6.4974102783e+02 6.4979901123e+02 6.4983398438e+02 6.4985498047e+02 6.4985400391e+02 6.4985601807e+02 6.4984399414e+02 6.4958697510e+02 6.4902398682e+02 6.4861199951e+02 6.4838500977e+02 6.4827899170e+02 6.4824200439e+02 6.4817901611e+02 6.4803002930e+02 6.4788800049e+02 6.4779797363e+02 6.4774102783e+02 6.4769396973e+02 6.4766400146e+02 6.4759100342e+02 6.4751397705e+02 6.4751098633e+02 6.4744000244e+02 6.4734698486e+02 6.4725500488e+02 6.4722302246e+02 6.4720599365e+02 6.4713201904e+02 6.4703497314e+02 6.4697802734e+02 6.4697998047e+02 6.4695898438e+02 6.4688800049e+02 6.4677001953e+02 6.4666198730e+02 6.4655102539e+02 6.4644097900e+02 6.4633001709e+02 6.4624499512e+02 6.4616699219e+02 6.4609301758e+02 6.4602001953e+02 6.4595001221e+02 6.4586798096e+02 6.4576599121e+02
6.4973101807e+02 6.4976300049e+02 6.4978399658e+02 6.4982299805e+02 6.4983099365e+02 6.4983300781e+02 6.4976397705e+02 6.4949700928e+02 6.4904901123e+02 6.4866699219e+02 6.4836901855e+02 6.4823498535e+02 6.4817700195e+02 6.4809600830e+02 6.4794000244e+02 6.4780200195e+02 6.4772399902e+02 6.4769500732e+02 6.4769000244e+02 6.4763897705e+02 6.4753100586e+02 6.4741998291e+02 6.4738299561e+02 6.4728698730e+02 6.4721502686e+02 6.4715600586e+02 6.4709600830e+02 6.4700799561e+02 6.4694396973e+02 6.4689398193e+02 6.4684497070e+02 6.4682501221e+02 6.4679998779e+02 6.4674798584e+02 6.4667401123e+02 6.4659399414e+02 6.4649401855e+02 6.4638500977e+02 6.4626800537e+02 6.4617700195e+02 6.4609197998e+02 6.4600598145e+02 6.4592102051e+02 6.4585400391e+02 6.4577697754e+02 6.4568402100e+02
6.4969702148e+02 6.4974102783e+02 6.4974597168e+02 6.4977197266e+02 6.4978900146e+02 6.4979602051e+02 6.4968798828e+02 6.4939300537e+02 6.4899597168e+02 6.4861102295e+02 6.4827301025e+02 6.4811602783e+02 6.4802600098e+02 6.4795098877e+02 6.4785101318e+02 6.4774102783e+02 6.4767700195e+02 6.4766101074e+02 6.4768701172e+02 6.4768200684e+02 6.4756701660e+02 6.4742102051e+02 6.4734600830e+02 6.4723199463e+02 6.4715002441e+02 6.4710400391e+02 6.4705200195e+02 6.4691101074e+02 6.4683697510e+02 6.4678802490e+02 6.4673297119e+02 6.4669598389e+02 6.4666101074e+02 6.4661401367e+02 6.4655499268e+02 6.4647302246e+02 6.4638397217e+02 6.4629101563e+02 6.4620001221e+02 6.4611798096e+02 6.4602398682e+02 6.4591900635e+02 6.4579998779e+02 6.4572601318e+02 6.4565802002e+02 6.4557598877e+02
6.4967602539e+02 6.4972399902e+02 6.4970697021e+02 6.4972900391e+02 6.4972302246e+02 6.4972198486e+02 6.4961102295e+02 6.4928302002e+02 6.4889898682e+02 6.4854901123e+02 6.4821600342e+02 6.4802697754e+02 6.4789801025e+02 6.4781298828e+02 6.4776000977e+02 6.4768499756e+02 6.4762097168e+02 6.4758099365e+02 6.4757598877e+02 6.4757702637e+02 6.4743597412e+02 6.4728100586e+02 6.4721997070e+02 6.4712597656e+02 6.4707098389e+02 6.4708502197e+02 6.4700799561e+02 6.4684997559e+02 6.4676800537e+02 6.4670397949e+02 6.4663201904e+02 6.4659698486e+02 6.4655798340e+02 6.4650897217e+02 6.4643402100e+02 6.4634100342e+02 6.4624902344e+02 6.4616198730e+02 6.4608898926e+02 6.4600897217e+02 6.4592102051e+02 6.4582098389e+02 6.4570098877e+02 6.4558502197e+02 6.4551000977e+02 6.4544097900e+02
6.4965698242e+02 6.4969500732e+02 6.4968597412e+02 6.4970098877e+02 6.4968103027e+02 6.4965002441e+02 6.4952899170e+02 6.4921899414e+02 6.4885198975e+02 6.4848797607e+02 6.4815100098e+02 6.4795397949e+02 6.4782098389e+02 6.4773797607e+02 6.4769897461e+02 6.4764001465e+02 6.4757397461e+02 6.4751800537e+02 6.4746697998e+02 6.4740399170e+02 6.4725097656e+02 6.4715301514e+02 6.4712902832e+02 6.4703100586e+02 6.4695397949e+02 6.4693701172e+02 6.4686999512e+02 6.4675201416e+02 6.4668200684e+02 6.4661499023e+02 6.4654199219e+02 6.4650299072e+02 6.4646002197e+02 6.4640698242e+02 6.4632501221e+02 6.4622601318e+02 6.4613500977e+02 6.4605102539e+02 6.4597802734e+02 6.4589501953e+02 6.4581097412e+02 6.4572100830e+02 6.4561602783e+02 6.4549200439e+02 6.4541198730e+02 6.4535198975e+02
6.4961700439e+02 6.4963000488e+02 6.4962701416e+02 6.4963000488e+02 6.4963800049e+02 6.4960302734e+02 6.4943499756e+02 6.4910601807e+02 6.4873901367e+02 6.4838897705e+02 6.4807800293e+02 6.4789001465e+02 6.4776501465e+02 6.4769201660e+02 6.4766802979e+02 6.4762902832e+02 6.4756402588e+02 6.4748901367e+02 6.4740600586e+02 6.4730297852e+02 6.4715802002e+02 6.4711499023e+02 6.4711700439e+02 6.4702001953e+02 6.4687298584e+02 6.4677899170e+02 6.4671502686e+02 6.4665502930e+02 6.4660601807e+02 6.4654101563e+02 6.4646502686e+02 6.4641699219e+02 6.4636499023e+02 6.4630499268e+02 6.4622302246e+02 6.4612701416e+02 6.4603497314e+02 6.4594799805e+02 6.4587200928e+02 6.4578601074e+02 6.4570202637e+02 6.4561798096e+02 6.4553100586e+02 6.4541900635e+02 6.4534002686e+02 6.4528698730e+02
6.4959002686e+02 6.4960198975e+02 6.4960498047e+02 6.4960998535e+02 6.4961499023e+02 6.4955200195e+02 6.4937200928e+02 6.4897100830e+02 6.4859100342e+02 6.4825598145e+02 6.4797698975e+02 6.4783599854e+02 6.4773199463e+02 6.4766900635e+02 6.4766497803e+02 6.4764501953e+02 6.4758398438e+02 6.4749700928e+02 6.4737097168e+02 6.4721899414e+02 6.4709002686e+02 6.4705499268e+02 6.4705102539e+02 6.4695397949e+02 6.4678399658e+02 6.4665899658e+02 6.4660198975e+02 6.4657299805e+02 6.4653100586e+02 6.4646801758e+02 6.4639300537e+02 6.4632598877e+02 6.4625897217e+02 6.4619097900e+02 6.4611199951e+02 6.4603302002e+02 6.4594396973e+02 6.4584997559e+02 6.4576599121e+02 6.4568701172e+02 6.4559600830e+02 6.4550701904e+02 6.4541497803e+02 6.4533697510e+02 6.4526300049e+02 6.4520898438e+02
6.4957598877e+02 6.4957897949e+02 6.4958599854e+02 6.4959997559e+02 6.4958697510e+02 6.4949401855e+02 6.4924298096e+02 6.4884802246e+02 6.4847601318e+02 6.4813702393e+02 6.4788000488e+02 6.4776397705e+02 6.4766497803e+02 6.4759899902e+02 6.4759802246e+02 6.4760198975e+02 6.4754699707e+02 6.4746997070e+02 6.4736700439e+02 6.4717999268e+02 6.4700201416e+02 6.4694000244e+02 6.4692297363e+02 6.4687097168e+02 6.4672497559e+02 6.4656701660e+02 6.4651800537e+02 6.4648199463e+02 6.4642498779e+02 6.4636199951e+02 6.4630297852e+02 6.4622698975e+02 6.4615002441e+02 6.4607598877e+02 6.4600000000e+02 6.4592498779e+02 6.4584301758e+02 6.4574700928e+02 6.4564801025e+02 6.4556201172e+02 6.4547399902e+02 6.4538598633e+02 6.4531097412e+02 6.4525402832e+02 6.4519097900e+02 6.4513598633e+02
6.4953399658e+02 6.4954302979e+02 6.4954602051e+02 6.4953997803e+02 6.4951599121e+02 6.4939398193e+02 6.4909497070e+02 6.4872497559e+02 6.4836798096e+02 6.4804199219e+02 6.4779699707e+02 6.4767700195e+02 6.4757702637e+02 6.4750799561e+02 6.4750598145e+02 6.4751000977e+02 6.4745599365e+02 6.4738598633e+02 6.4732098389e+02 6.4715100098e+02 6.4693499756e+02 6.4686602783e+02 6.4684399414e+02 6.4683801270e+02 6.4669500732e+02 6.4651098633e+02 6.4645697021e+02 6.4640301514e+02 6.4633099365e+02 6.4626397705e+02 6.4621197510e+02 6.4613500977e+02 6.4605297852e+02 6.4597497559e+02 6.4590100098e+02 6.4583197021e+02 6.4575500488e+02 6.4566101074e+02 6.4555603027e+02 6.4546697998e+02 6.4538098145e+02 6.4529901123e+02 6.4523797607e+02 6.4519799805e+02 6.4514099121e+02 6.4507702637e+02
6.4949298096e+02 6.4951397705e+02 6.4950598145e+02 6.4949401855e+02 6.4944799805e+02 6.4927398682e+02 6.4895202637e+02 6.4859600830e+02 6.4823901367e+02 6.4791497803e+02 6.4770098877e+02 6.4759100342e+02 6.4748797607e+02 6.4741198730e+02 6.4739300537e+02 6.4737500000e+02 6.4731597900e+02 6.4724798584e+02 6.4718902588e+02 6.4704797363e+02 6.4684698486e+02 6.4680603027e+02 6.4681597900e+02 6.4680603027e+02 6.4663800049e+02 6.4643798828e+02 6.4638299561e+02 6.4631799316e+02 6.4624102783e+02 6.4617602539e+02 6.4612902832e+02 6.4604901123e+02 6.4596502686e+02 6.4588500977e+02 6.4581500244e+02 6.4575500488e+02 6.4568200684e+02 6.4559100342e+02 6.4548400879e+02 6.4539202881e+02 6.4530999756e+02 6.4523797607e+02 6.4519500732e+02 6.4516101074e+02 6.4509997559e+02 6.4501898193e+02
6.4945599365e+02 6.4947399902e+02 6.4946600342e+02 6.4947100830e+02 6.4938897705e+02 6.4915301514e+02 6.4882800293e+02 6.4844799805e+02 6.4808300781e+02 6.4777899170e+02 6.4760601807e+02 6.4749499512e+02 6.4739099121e+02 6.4731097412e+02 6.4726098633e+02 6.4721502686e+02 6.4714599609e+02 6.4707000732e+02 6.4697900391e+02 6.4687402344e+02 6.4673999023e+02 6.4674499512e+02 6.4684002686e+02 6.4673797607e+02 6.4653601074e+02 6.4634002686e+02 6.4626202393e+02 6.4620599365e+02 6.4614801025e+02 6.4610101318e+02 6.4605902100e+02 6.4597302246e+02 6.4588500977e+02 6.4580603027e+02 6.4574499512e+02 6.4568597412e+02 6.4561401367e+02 6.4552899170e+02 6.4542999268e+02 6.4532299805e+02 6.4524200439e+02 6.4518298340e+02 6.4514202881e+02 6.4512200928e+02 6.4505102539e+02 6.4494799805e+02
6.4943200684e+02 6.4944598389e+02 6.4942401123e+02 6.4944598389e+02 6.4938299561e+02 6.4912701416e+02 6.4872302246e+02 6.4830200195e+02 6.4794201660e+02 6.4766802979e+02 6.4751098633e+02 6.4739202881e+02 6.4728802490e+02 6.4720898438e+02 6.4714501953e+02 6.4707897949e+02 6.4701300049e+02 6.4693402100e+02 6.4683898926e+02 6.4678100586e+02 6.4671301270e+02 6.4663201904e+02 6.4663098145e+02 6.4657800293e+02 6.4642297363e+02 6.4626202393e+02 6.4617700195e+02 6.4613702393e+02 6.4610998535e+02 6.4606701660e+02 6.4599700928e+02 6.4590301514e+02 6.4581500244e+02 6.4573999023e+02 6.4567700195e+02 6.4561297607e+02 6.4553802490e+02 6.4545599365e+02 6.4536102295e+02 6.4526000977e+02 6.4518103027e+02 6.4511999512e+02 6.4507202148e+02 6.4501599121e+02 6.4495697021e+02 6.4486999512e+02
6.4941198730e+02 6.4941601563e+02 6.4939599609e+02 6.4941302490e+02 6.4932397461e+02 6.4901300049e+02 6.4858099365e+02 6.4817797852e+02 6.4783001709e+02 6.4757000732e+02 6.4742797852e+02 6.4730297852e+02 6.4718902588e+02 6.4710699463e+02 6.4703198242e+02 6.4694702148e+02 6.4687500000e+02 6.4679302979e+02 6.4671301270e+02 6.4669396973e+02 6.4668597412e+02 6.4653399658e+02 6.4639898682e+02 6.4638500977e+02 6.4629699707e+02 6.4618402100e+02 6.4610302734e+02 6.4608599854e+02 6.4607299805e+02 6.4602001953e+02 6.4592199707e+02 6.4582299805e+02 6.4573999023e+02 6.4566900635e+02 6.4560302734e+02 6.4553002930e+02 6.4545300293e+02 6.4537298584e+02 6.4528601074e+02 6.4519897461e+02 6.4512701416e+02 6.4506500244e+02 6.4500402832e+02 6.4493298340e+02 6.4487298584e+02 6.4478497314e+02
6.4938201904e+02 6.4937902832e+02 6.4937298584e+02 6.4932800293e+02 6.4914300537e+02 6.4881298828e+02 6.4846801758e+02 6.4809399414e+02 6.4776397705e+02 6.4751599121e+02 6.4736602783e+02 6.4721997070e+02 6.4709497070e+02 6.4700799561e+02 6.4694000244e+02 6.4684899902e+02 6.4676098633e+02 6.4666802979e+02 6.4657800293e+02 6.4650500488e+02 6.4654797363e+02 6.4644097900e+02 6.4627197266e+02 6.4624902344e+02 6.4619702148e+02 6.4611999512e+02 6.4603698730e+02 6.4601800537e+02 6.4599499512e+02 6.4592999268e+02 6.4582501221e+02 6.4573199463e+02 6.4565399170e+02 6.4558599854e+02 6.4551702881e+02 6.4543798828e+02 6.4536102295e+02 6.4528302002e+02 6.4520599365e+02 6.4513299561e+02 6.4506500244e+02 6.4499798584e+02 6.4492797852e+02 6.4486401367e+02 6.4479602051e+02 6.4469702148e+02
