TESTSERVER/7/1.asc
NCOLS 100
NROWS 100
XLLCORNER 7.8497500000e+03
YLLCORNER 2.8990025000e+05
CELLSIZE 5.0000000000e-01
NODATA_VALUE -9.9990000000e+03
[rows 20 to 39 of 100, columns 0 to 45 of 100]
6.5203997803e+02 6.5205200195e+02 6.5207299805e+02 6.5209899902e+02 6.5213000488e+02 6.5208801270e+02 6.5184002686e+02 6.5154797363e+02 6.5130999756e+02 6.5138000488e+02 6.5164300537e+02 6.5178802490e+02 6.5187200928e+02 6.5189801025e+02 6.5190100098e+02 6.5194500732e+02 6.5196801758e+02 6.5196398926e+02 6.5195300293e+02 6.5190399170e+02 6.5185998535e+02 6.5180603027e+02 6.5172399902e+02 6.5163702393e+02 6.5155200195e+02 6.5146398926e+02 6.5138201904e+02 6.5131402588e+02 6.5121197510e+02 6.5114898682e+02 6.5114697266e+02 6.5108697510e+02 6.5103100586e+02 6.5100201416e+02 6.5094702148e+02 6.5090301514e+02 6.5088500977e+02 6.5083898926e+02 6.5079602051e+02 6.5072601318e+02 6.5061297607e+02 6.5045098877e+02 6.5021801758e+02 6.5010900879e+02 6.5008197021e+02 6.5007202148e+02
6.5200500488e+02 6.5200000000e+02 6.5203002930e+02 6.5206201172e+02 6.5207299805e+02 6.5201397705e+02 6.5175299072e+02 6.5145599365e+02 6.5125299072e+02 6.5137902832e+02 6.5163500977e+02 6.5176898193e+02 6.5183001709e+02 6.5184002686e+02 6.5185498047e+02 6.5191900635e+02 6.5191900635e+02 6.5191601563e+02 6.5190899658e+02 6.5184100342e+02 6.5179400635e+02 6.5174401855e+02 6.5166302490e+02 6.5156597900e+02 6.5148602295e+02 6.5140502930e+02 6.5133001709e+02 6.5126000977e+02 6.5117602539e+02 6.5112597656e+02 6.5109997559e+02 6.5103802490e+02 6.5100299072e+02 6.5097198486e+02 6.5091802979e+02 6.5088800049e+02 6.5083697510e+02 6.5076800537e+02 6.5076000977e+02 6.5066601563e+02 6.5045098877e+02 6.5028100586e+02 6.5013098145e+02 6.5008398438e+02 6.5008502197e+02 6.5008300781e+02
6.5195501709e+02 6.5195898438e+02 6.5198400879e+02 6.5200402832e+02 6.5201898193e+02 6.5191998291e+02 6.5160797119e+02 6.5132598877e+02 6.5120599365e+02 6.5136999512e+02 6.5161901855e+02 6.5173101807e+02 6.5177301025e+02 6.5178497314e+02 6.5180401611e+02 6.5184698486e+02 6.5185498047e+02 6.5186199951e+02 6.5183801270e+02 6.5179302979e+02 6.5174597168e+02 6.5168597412e+02 6.5159899902e+02 6.5149597168e+02 6.5142901611e+02 6.5134899902e+02 6.5126098633e+02 6.5119097900e+02 6.5112402344e+02 6.5108801270e+02 6.5105902100e+02 6.5100701904e+02 6.5096099854e+02 6.5092901611e+02 6.5089801025e+02 6.5085797119e+02 6.5080297852e+02 6.5074298096e+02 6.5070300293e+02 6.5051898193e+02 6.5025897217e+02 6.5014202881e+02 6.5010498047e+02 6.5007000732e+02 6.5007501221e+02 6.5008599854e+02
6.5192401123e+02 6.5193499756e+02 6.5194799805e+02 6.5195501709e+02 6.5197497559e+02 6.5184698486e+02 6.5150598145e+02 6.5120501709e+02 6.5117401123e+02 6.5141198730e+02 6.5165002441e+02 6.5170001221e+02 6.5172399902e+02 6.5175000000e+02 6.5177398682e+02 6.5179498291e+02 6.5180700684e+02 6.5181201172e+02 6.5176098633e+02 6.5173400879e+02 6.5168103027e+02 6.5160601807e+02 6.5153601074e+02 6.5143902588e+02 6.5136700439e+02 6.5128900146e+02 6.5119897461e+02 6.5113201904e+02 6.5107897949e+02 6.5104199219e+02 6.5102197266e+02 6.5096997070e+02 6.5092199707e+02 6.5090301514e+02 6.5088500977e+02 6.5082702637e+02 6.5078302002e+02 6.5069000244e+02 6.5052301025e+02 6.5032897949e+02 6.5016699219e+02 6.5011297607e+02 6.5009802246e+02 6.5007598877e+02 6.5008801270e+02 6.5009399414e+02
6.5189398193e+02 6.5191400146e+02 6.5192602539e+02 6.5194097900e+02 6.5192297363e+02 6.5174798584e+02 6.5144201660e+02 6.5115301514e+02 6.5116998291e+02 6.5144000244e+02 6.5163098145e+02 6.5166400146e+02 6.5169598389e+02 6.5173498535e+02 6.5173999023e+02 6.5173498535e+02 6.5175598145e+02 6.5176397705e+02 6.5171197510e+02 6.5167297363e+02 6.5160400391e+02 6.5153601074e+02 6.5147802734e+02 6.5138800049e+02 6.5130603027e+02 6.5122497559e+02 6.5112902832e+02 6.5108599854e+02 6.5104498291e+02 6.5100598145e+02 6.5098602295e+02 6.5092999268e+02 6.5089898682e+02 6.5088000488e+02 6.5083300781e+02 6.5077697754e+02 6.5067700195e+02 6.5047802734e+02 6.5027398682e+02 6.5017297363e+02 6.5013702393e+02 6.5012402344e+02 6.5008300781e+02 6.5008398438e+02 6.5008197021e+02 6.5008099365e+02
6.5186499023e+02 6.5187597656e+02 6.5186901855e+02 6.5189801025e+02 6.5188000488e+02 6.5165301514e+02 6.5133197021e+02 6.5108001709e+02 6.5116699219e+02 6.5144799805e+02 6.5161199951e+02 6.5161700439e+02 6.5165997314e+02 6.5169500732e+02 6.5166802979e+02 6.5168902588e+02 6.5171099854e+02 6.5169598389e+02 6.5166400146e+02 6.5162298584e+02 6.5154797363e+02 6.5148400879e+02 6.5140600586e+02 6.5132598877e+02 6.5125097656e+02 6.5117102051e+02 6.5108697510e+02 6.5103802490e+02 6.5098498535e+02 6.5095397949e+02 6.5093499756e+02 6.5089099121e+02 6.5086999512e+02 6.5084997559e+02 6.5078997803e+02 6.5065399170e+02 6.5046600342e+02 6.5027502441e+02 6.5018701172e+02 6.5014599609e+02 6.5012597656e+02 6.5012500000e+02 6.5009002686e+02 6.5008801270e+02 6.5008599854e+02 6.5009002686e+02
6.5183099365e+02 6.5183801270e+02 6.5183197021e+02 6.5186199951e+02 6.5179998779e+02 6.5153802490e+02 6.5121899414e+02 6.5104901123e+02 6.5120800781e+02 6.5146398926e+02 6.5156896973e+02 6.5156500244e+02 6.5161102295e+02 6.5164898682e+02 6.5161901855e+02 6.5164398193e+02 6.5165399170e+02 6.5163299561e+02 6.5160699463e+02 6.5156298828e+02 6.5149401855e+02 6.5142401123e+02 6.5133197021e+02 6.5127697754e+02 6.5120898438e+02 6.5112097168e+02 6.5103698730e+02 6.5100500488e+02 6.5095300293e+02 6.5091699219e+02 6.5088800049e+02 6.5086199951e+02 6.5083502197e+02 6.5078900146e+02 6.5065698242e+02 6.5045800781e+02 6.5027502441e+02 6.5018798828e+02 6.5018902588e+02 6.5015899658e+02 6.5013800049e+02 6.5013098145e+02 6.5010198975e+02 6.5009899902e+02 6.5010601807e+02 6.5011798096e+02
6.5179998779e+02 6.5179998779e+02 6.5179699707e+02 6.5182598877e+02 6.5170397949e+02 6.5142498779e+02 6.5112200928e+02 6.5101000977e+02 6.5122399902e+02 6.5146197510e+02 6.5151898193e+02 6.5152099609e+02 6.5156201172e+02 6.5158898926e+02 6.5157098389e+02 6.5158898926e+02 6.5158599854e+02 6.5157800293e+02 6.5156298828e+02 6.5152099609e+02 6.5143798828e+02 6.5136401367e+02 6.5128399658e+02 6.5121197510e+02 6.5113800049e+02 6.5105902100e+02 6.5098797607e+02 6.5097399902e+02 6.5092199707e+02 6.5087298584e+02 6.5083099365e+02 6.5080798340e+02 6.5074597168e+02 6.5064501953e+02 6.5045800781e+02 6.5029400635e+02 6.5019000244e+02 6.5017102051e+02 6.5018798828e+02 6.5016601563e+02 6.5013397217e+02 6.5011499023e+02 6.5010900879e+02 6.5011199951e+02 6.5011901855e+02 6.5012597656e+02
6.5177398682e+02 6.5177197266e+02 6.5176300049e+02 6.5178399658e+02 6.5161199951e+02 6.5133197021e+02 6.5108599854e+02 6.5098797607e+02 6.5121697998e+02 6.5144097900e+02 6.5149200439e+02 6.5148101807e+02 6.5151202393e+02 6.5153497314e+02 6.5153698730e+02 6.5153601074e+02 6.5153302002e+02 6.5154602051e+02 6.5154498291e+02 6.5147900391e+02 6.5136999512e+02 6.5129602051e+02 6.5124102783e+02 6.5115600586e+02 6.5108502197e+02 6.5101501465e+02 6.5094299316e+02 6.5091400146e+02 6.5086602783e+02 6.5081500244e+02 6.5074597168e+02 6.5069396973e+02 6.5058898926e+02 6.5046398926e+02 6.5031201172e+02 6.5021398926e+02 6.5018103027e+02 6.5017602539e+02 6.5016699219e+02 6.5016400146e+02 6.5013500977e+02 6.5011901855e+02 6.5012097168e+02 6.5012701416e+02 6.5012298584e+02 6.5012402344e+02
6.5173498535e+02 6.5174798584e+02 6.5174499512e+02 6.5176800537e+02 6.5155798340e+02 6.5121502686e+02 6.5100201416e+02 6.5097998047e+02 6.5123400879e+02 6.5141198730e+02 6.5144396973e+02 6.5145898438e+02 6.5149200439e+02 6.5148999023e+02 6.5148602295e+02 6.5149597168e+02 6.5148498535e+02 6.5147900391e+02 6.5144702148e+02 6.5139599609e+02 6.5131701660e+02 6.5123999023e+02 6.5117797852e+02 6.5110101318e+02 6.5104400635e+02 6.5097497559e+02 6.5089697266e+02 6.5087597656e+02 6.5081799316e+02 6.5075201416e+02 6.5067700195e+02 6.5059002686e+02 6.5046002197e+02 6.5033599854e+02 6.5024902344e+02 6.5019702148e+02 6.5017901611e+02 6.5017999268e+02 6.5016699219e+02 6.5016699219e+02 6.5013702393e+02 6.5014398193e+02 6.5016400146e+02 6.5015698242e+02 6.5013598633e+02 6.5013201904e+02
6.5170001221e+02 6.5171801758e+02 6.5172802734e+02 6.5169598389e+02 6.5141802979e+02 6.5107800293e+02 6.5092700195e+02 6.5102099609e+02 6.5128997803e+02 6.5139801025e+02 6.5140100098e+02 6.5141198730e+02 6.5143200684e+02 6.5144500732e+02 6.5144702148e+02 6.5145501709e+02 6.5144500732e+02 6.5143499756e+02 6.5139001465e+02 6.5134802246e+02 6.5127600098e+02 6.5118798828e+02 6.5111602783e+02 6.5104199219e+02 6.5098999023e+02 6.5092700195e+02 6.5085302734e+02 6.5082501221e+02 6.5074902344e+02 6.5067297363e+02 6.5059399414e+02 6.5047399902e+02 6.5034002686e+02 6.5025799561e+02 6.5023101807e+02 6.5019897461e+02 6.5019500732e+02 6.5018798828e+02 6.5016699219e+02 6.5016601563e+02 6.5015399170e+02 6.5017999268e+02 6.5018701172e+02 6.5016198730e+02 6.5014300537e+02 6.5014398193e+02
6.5166101074e+02 6.5166900635e+02 6.5167297363e+02 6.5156799316e+02 6.5123797607e+02 6.5094897461e+02 6.5086999512e+02 6.5105700684e+02 6.5130499268e+02 6.5137402344e+02 6.5136199951e+02 6.5135998535e+02 6.5137097168e+02 6.5139801025e+02 6.5139801025e+02 6.5141101074e+02 6.5140301514e+02 6.5139398193e+02 6.5135400391e+02 6.5130603027e+02 6.5120898438e+02 6.5111999512e+02 6.5105200195e+02 6.5097302246e+02 6.5091900635e+02 6.5086199951e+02 6.5079699707e+02 6.5075701904e+02 6.5067401123e+02 6.5058599854e+02 6.5048199463e+02 6.5035699463e+02 6.5025897217e+02 6.5022198486e+02 6.5022399902e+02 6.5020098877e+02 6.5019702148e+02 6.5018103027e+02 6.5017199707e+02 6.5017602539e+02 6.5018499756e+02 6.5022601318e+02 6.5023400879e+02 6.5019500732e+02 6.5015698242e+02 6.5013598633e+02
6.5161199951e+02 6.5162097168e+02 6.5162500000e+02 6.5146997070e+02 6.5115197754e+02 6.5088397217e+02 6.5083398438e+02 6.5103900146e+02 6.5124298096e+02 6.5132000732e+02 6.5132202148e+02 6.5133801270e+02 6.5134899902e+02 6.5135900879e+02 6.5134698486e+02 6.5137298584e+02 6.5136199951e+02 6.5134100342e+02 6.5130401611e+02 6.5122497559e+02 6.5111798096e+02 6.5104901123e+02 6.5101202393e+02 6.5091198730e+02 6.5084899902e+02 6.5079901123e+02 6.5074499512e+02 6.5068701172e+02 6.5058898926e+02 6.5047399902e+02 6.5036102295e+02 6.5028198242e+02 6.5022698975e+02 6.5021398926e+02 6.5021002197e+02 6.5020599365e+02 6.5019097900e+02 6.5016802979e+02 6.5017602539e+02 6.5019396973e+02 6.5022497559e+02 6.5025500488e+02 6.5026702881e+02 6.5023199463e+02 6.5018902588e+02 6.5017297363e+02
6.5156402588e+02 6.5158502197e+02 6.5157000732e+02 6.5138598633e+02 6.5108398438e+02 6.5081597900e+02 6.5078997803e+02 6.5104901123e+02 6.5124102783e+02 6.5128002930e+02 6.5127502441e+02 6.5127697754e+02 6.5129498291e+02 6.5131701660e+02 6.5130902100e+02 6.5131701660e+02 6.5130297852e+02 6.5127801514e+02 6.5123101807e+02 6.5114898682e+02 6.5106201172e+02 6.5098400879e+02 6.5093701172e+02 6.5085198975e+02 6.5079199219e+02 6.5073498535e+02 6.5066302490e+02 6.5058801270e+02 6.5045898438e+02 6.5035797119e+02 6.5029302979e+02 6.5025097656e+02 6.5021600342e+02 6.5021099854e+02 6.5022100830e+02 6.5020501709e+02 6.5019299316e+02 6.5017901611e+02 6.5020501709e+02 6.5024499512e+02 6.5027099609e+02 6.5027001953e+02 6.5024700928e+02 6.5021197510e+02 6.5019598389e+02 6.5020098877e+02
6.5152600098e+02 6.5153100586e+02 6.5147399902e+02 6.5123999023e+02 6.5094799805e+02 6.5072399902e+02 6.5075201416e+02 6.5105297852e+02 6.5120202637e+02 6.5122802734e+02 6.5123699951e+02 6.5123498535e+02 6.5126599121e+02 6.5128399658e+02 6.5125500488e+02 6.5125598145e+02 6.5124902344e+02 6.5121801758e+02 6.5117401123e+02 6.5109899902e+02 6.5101501465e+02 6.5093200684e+02 6.5087402344e+02 6.5079498291e+02 6.5073199463e+02 6.5065399170e+02 6.5055700684e+02 6.5046600342e+02 6.5036401367e+02 6.5031097412e+02 6.5028698730e+02 6.5026300049e+02 6.5024102783e+02 6.5023400879e+02 6.5023699951e+02 6.5020501709e+02 6.5019500732e+02 6.5019299316e+02 6.5022497559e+02 6.5025799561e+02 6.5027197266e+02 6.5026397705e+02 6.5021301270e+02 6.5018298340e+02 6.5015399170e+02 6.5011199951e+02
6.5147802734e+02 6.5146398926e+02 6.5140197754e+02 6.5112799072e+02 6.5081701660e+02 6.5065399170e+02 6.5076800537e+02 6.5106799316e+02 6.5116497803e+02 6.5118200684e+02 6.5119799805e+02 6.5120300293e+02 6.5123602295e+02 6.5123901367e+02 6.5119097900e+02 6.5121099854e+02 6.5121899414e+02 6.5116497803e+02 6.5110400391e+02 6.5102899170e+02 6.5094702148e+02 6.5086901855e+02 6.5080603027e+02 6.5073498535e+02 6.5066101074e+02 6.5055700684e+02 6.5045300293e+02 6.5037902832e+02 6.5033398438e+02 6.5031298828e+02 6.5030297852e+02 6.5028100586e+02 6.5026000977e+02 6.5025598145e+02 6.5025000000e+02 6.5022198486e+02 6.5023101807e+02 6.5024102783e+02 6.5025000000e+02 6.5025897217e+02 6.5024597168e+02 6.5019897461e+02 6.5010998535e+02 6.5006799316e+02 6.5000500488e+02 6.4994097900e+02
6.5141497803e+02 6.5137701416e+02 6.5123797607e+02 6.5098602295e+02 6.5071899414e+02 6.5064599609e+02 6.5082000732e+02 6.5105700684e+02 6.5111999512e+02 6.5113397217e+02 6.5113000488e+02 6.5115698242e+02 6.5119201660e+02 6.5119201660e+02 6.5113897705e+02 6.5117297363e+02 6.5118402100e+02 6.5110998535e+02 6.5103302002e+02 6.5096697998e+02 6.5088397217e+02 6.5079901123e+02 6.5072497559e+02 6.5066400146e+02 6.5058300781e+02 6.5047399902e+02 6.5038397217e+02 6.5035998535e+02 6.5034997559e+02 6.5032299805e+02 6.5028997803e+02 6.5027398682e+02 6.5026300049e+02 6.5026898193e+02 6.5027197266e+02 6.5026702881e+02 6.5028497314e+02 6.5028601074e+02 6.5026397705e+02 6.5024798584e+02 6.5020800781e+02 6.5012597656e+02 6.5004699707e+02 6.4995800781e+02 6.4987799072e+02 6.4980603027e+02
6.5133398438e+02 6.5125799561e+02 6.5104101563e+02 6.5079498291e+02 6.5060699463e+02 6.5060998535e+02 6.5083898926e+02 6.5104998779e+02 6.5107598877e+02 6.5107800293e+02 6.5108801270e+02 6.5111297607e+02 6.5113800049e+02 6.5115399170e+02 6.5110601807e+02 6.5113098145e+02 6.5113299561e+02 6.5105902100e+02 6.5097900391e+02 6.5089398193e+02 6.5081097412e+02 6.5075500488e+02 6.5068298340e+02 6.5059002686e+02 6.5051000977e+02 6.5043902588e+02 6.5039099121e+02 6.5037597656e+02 6.5036297607e+02 6.5034399414e+02 6.5031201172e+02 6.5029101563e+02 6.5027697754e+02 6.5028900146e+02 6.5030999756e+02 6.5030102539e+02 6.5030200195e+02 6.5029901123e+02 6.5026501465e+02 6.5019299316e+02 6.5011499023e+02 6.5002099609e+02 6.4993701172e+02 6.4986499023e+02 6.4975701904e+02 6.4965802002e+02
6.5121002197e+02 6.5110302734e+02 6.5086602783e+02 6.5064202881e+02 6.5054797363e+02 6.5066198730e+02 6.5088800049e+02 6.5101397705e+02 6.5102197266e+02 6.5103698730e+02 6.5104901123e+02 6.5105798340e+02 6.5108599854e+02 6.5112097168e+02 6.5108099365e+02 6.5110101318e+02 6.5109100342e+02 6.5100299072e+02 6.5090502930e+02 6.5082702637e+02 6.5074597168e+02 6.5068902588e+02 6.5061499023e+02 6.5052502441e+02 6.5047497559e+02 6.5044299316e+02 6.5040399170e+02 6.5039300537e+02 6.5037500000e+02 6.5036297607e+02 6.5034002686e+02 6.5031799316e+02 6.5029302979e+02 6.5031402588e+02 6.5034802246e+02 6.5031597900e+02 6.5029797363e+02 6.5028601074e+02 6.5023699951e+02 6.5011798096e+02 6.5000402832e+02 6.4988500977e+02 6.4978302002e+02 6.4969500732e+02 6.4957598877e+02 6.4946197510e+02
6.5108099365e+02 6.5092498779e+02 6.5070800781e+02 6.5052697754e+02 6.5052197266e+02 6.5073199463e+02 6.5092602539e+02 6.5098199463e+02 6.5097497559e+02 6.5099200439e+02 6.5100097656e+02 6.5100201416e+02 6.5104101563e+02 6.5107897949e+02 6.5104998779e+02 6.5105902100e+02 6.5103802490e+02 6.5094097900e+02 6.5083197021e+02 6.5076501465e+02 6.5068597412e+02 6.5061700439e+02 6.5054400635e+02 6.5050097656e+02 6.5048901367e+02 6.5046697998e+02 6.5041601563e+02 6.5040502930e+02 6.5038897705e+02 6.5037402344e+02 6.5034497070e+02 6.5032598877e+02 6.5033300781e+02 6.5036798096e+02 6.5035900879e+02 6.5031402588e+02 6.5027600098e+02 6.5023101807e+02 6.5015399170e+02 6.5002197266e+02 6.4989501953e+02 6.4976202393e+02 6.4963098145e+02 6.4951599121e+02 6.4938500977e+02 6.4926000977e+02
