TESTSERVER/7/10.asc
NCOLS 100
NROWS 100
XLLCORNER 7.8497500000e+03
YLLCORNER 2.8945025000e+05
CELLSIZE 5.0000000000e-01
NODATA_VALUE -9.9990000000e+03
[rows 80 to 99 of 100, columns 0 to 45 of 100]
5.7343597412e+02 5.7334399414e+02 5.7356799316e+02 5.7434698486e+02 5.7462597656e+02 5.7469799805e+02 5.7490502930e+02 5.7478002930e+02 5.7469396973e+02 5.7478002930e+02 5.7480902100e+02 5.7478601074e+02 5.7480700684e+02 5.7483697510e+02 5.7484802246e+02 5.7491302490e+02 5.7496997070e+02 5.7499902344e+02 5.7506799316e+02 5.7519897461e+02 5.7539697266e+02 5.7558398438e+02 5.7561499023e+02 5.7550097656e+02 5.7539202881e+02 5.7536602783e+02 5.7535498047e+02 5.7539001465e+02 5.7545001221e+02 5.7552899170e+02 5.7559197998e+02 5.7563098145e+02 5.7566198730e+02 5.7569500732e+02 5.7575598145e+02 5.7581298828e+02 5.7587597656e+02 5.7594396973e+02 5.7600299072e+02 5.7606097412e+02 5.7611297607e+02 5.7616101074e+02 5.7620599365e+02 5.7624902344e+02 5.7628900146e+02 5.7633001709e+02
5.7345098877e+02 5.7341198730e+02 5.7345697021e+02 5.7401000977e+02 5.7457299805e+02 5.7482000732e+02 5.7498297119e+02 5.7490502930e+02 5.7470501709e+02 5.7471502686e+02 5.7476898193e+02 5.7476599121e+02 5.7478100586e+02 5.7480999756e+02 5.7483502197e+02 5.7489001465e+02 5.7495599365e+02 5.7501599121e+02 5.7508898926e+02 5.7519500732e+02 5.7532897949e+02 5.7545300293e+02 5.7547399902e+02 5.7535601807e+02 5.7525897217e+02 5.7525799561e+02 5.7528100586e+02 5.7532397461e+02 5.7539697266e+02 5.7547302246e+02 5.7554302979e+02 5.7559301758e+02 5.7563500977e+02 5.7568103027e+02 5.7573699951e+02 5.7579602051e+02 5.7585998535e+02 5.7592498779e+02 5.7598602295e+02 5.7604498291e+02 5.7610302734e+02 5.7615600586e+02 5.7620202637e+02 5.7624499512e+02 5.7628802490e+02 5.7633099365e+02
5.7344897461e+02 5.7344299316e+02 5.7337402344e+02 5.7350500488e+02 5.7423498535e+02 5.7477697754e+02 5.7488800049e+02 5.7493298340e+02 5.7477502441e+02 5.7467102051e+02 5.7472497559e+02 5.7475799561e+02 5.7477801514e+02 5.7481500244e+02 5.7484997559e+02 5.7488800049e+02 5.7496197510e+02 5.7504498291e+02 5.7511602783e+02 5.7518499756e+02 5.7525701904e+02 5.7532800293e+02 5.7532800293e+02 5.7523400879e+02 5.7516802979e+02 5.7520098877e+02 5.7525598145e+02 5.7529797363e+02 5.7535998535e+02 5.7542797852e+02 5.7549700928e+02 5.7554998779e+02 5.7559899902e+02 5.7565301514e+02 5.7571301270e+02 5.7577600098e+02 5.7584197998e+02 5.7590802002e+02 5.7597399902e+02 5.7603601074e+02 5.7609698486e+02 5.7615301514e+02 5.7620202637e+02 5.7624700928e+02 5.7629199219e+02 5.7633502197e+02
5.7343103027e+02 5.7343701172e+02 5.7340100098e+02 5.7332800293e+02 5.7384997559e+02 5.7457897949e+02 5.7475097656e+02 5.7486102295e+02 5.7481896973e+02 5.7467700195e+02 5.7468499756e+02 5.7473797607e+02 5.7477600098e+02 5.7480499268e+02 5.7484802246e+02 5.7489599609e+02 5.7497601318e+02 5.7506097412e+02 5.7512799072e+02 5.7516900635e+02 5.7518798828e+02 5.7521099854e+02 5.7519598389e+02 5.7514099121e+02 5.7512902832e+02 5.7521002197e+02 5.7527899170e+02 5.7529498291e+02 5.7533300781e+02 5.7538702393e+02 5.7544897461e+02 5.7550402832e+02 5.7555798340e+02 5.7561901855e+02 5.7568499756e+02 5.7575500488e+02 5.7582501221e+02 5.7589398193e+02 5.7596502686e+02 5.7603198242e+02 5.7609497070e+02 5.7615399170e+02 5.7620697021e+02 5.7625402832e+02 5.7629998779e+02 5.7634301758e+02
5.7344299316e+02 5.7344000244e+02 5.7343902588e+02 5.7336999512e+02 5.7353802490e+02 5.7419799805e+02 5.7464398193e+02 5.7471801758e+02 5.7476898193e+02 5.7471801758e+02 5.7466699219e+02 5.7470599365e+02 5.7478802490e+02 5.7483398438e+02 5.7488598633e+02 5.7494396973e+02 5.7500701904e+02 5.7506597900e+02 5.7511102295e+02 5.7513397217e+02 5.7512500000e+02 5.7511602783e+02 5.7509497070e+02 5.7507702637e+02 5.7511700439e+02 5.7523999023e+02 5.7530603027e+02 5.7529302979e+02 5.7529901123e+02 5.7533599854e+02 5.7539001465e+02 5.7544396973e+02 5.7550500488e+02 5.7557598877e+02 5.7565301514e+02 5.7573297119e+02 5.7581597900e+02 5.7589202881e+02 5.7597497559e+02 5.7603997803e+02 5.7611102295e+02 5.7616302490e+02 5.7621697998e+02 5.7626702881e+02 5.7631597900e+02 5.7635601807e+02
5.7343902588e+02 5.7344799805e+02 5.7346398926e+02 5.7341198730e+02 5.7342700195e+02 5.7391101074e+02 5.7441900635e+02 5.7462701416e+02 5.7469201660e+02 5.7471301270e+02 5.7467797852e+02 5.7473101807e+02 5.7484997559e+02 5.7493902588e+02 5.7498699951e+02 5.7501300049e+02 5.7502899170e+02 5.7505102539e+02 5.7507202148e+02 5.7509002686e+02 5.7509002686e+02 5.7507897949e+02 5.7506896973e+02 5.7506201172e+02 5.7509399414e+02 5.7517797852e+02 5.7522998047e+02 5.7522698975e+02 5.7522998047e+02 5.7526397705e+02 5.7532000732e+02 5.7537902832e+02 5.7545202637e+02 5.7553100586e+02 5.7561798096e+02 5.7570898438e+02 5.7580200195e+02 5.7589202881e+02 5.7597601318e+02 5.7605102539e+02 5.7611901855e+02 5.7617498779e+02 5.7622900391e+02 5.7628198242e+02 5.7633197021e+02 5.7637402344e+02
5.7344097900e+02 5.7344097900e+02 5.7345898438e+02 5.7343902588e+02 5.7341601563e+02 5.7365197754e+02 5.7400598145e+02 5.7430401611e+02 5.7450701904e+02 5.7464599609e+02 5.7467199707e+02 5.7474597168e+02 5.7488800049e+02 5.7499902344e+02 5.7503900146e+02 5.7502502441e+02 5.7500000000e+02 5.7499798584e+02 5.7502502441e+02 5.7506298828e+02 5.7508099365e+02 5.7508099365e+02 5.7507800293e+02 5.7507897949e+02 5.7508898926e+02 5.7511199951e+02 5.7513500977e+02 5.7513800049e+02 5.7515502930e+02 5.7519799805e+02 5.7525799561e+02 5.7532501221e+02 5.7540600586e+02 5.7549401855e+02 5.7558801270e+02 5.7568499756e+02 5.7578399658e+02 5.7587902832e+02 5.7596899414e+02 5.7604901123e+02 5.7611999512e+02 5.7618103027e+02 5.7623797607e+02 5.7629400635e+02 5.7634698486e+02 5.7639202881e+02
5.7345202637e+02 5.7344097900e+02 5.7344000244e+02 5.7344097900e+02 5.7342602539e+02 5.7346301270e+02 5.7361602783e+02 5.7389501953e+02 5.7428002930e+02 5.7455102539e+02 5.7463397217e+02 5.7472302246e+02 5.7487097168e+02 5.7498602295e+02 5.7501501465e+02 5.7497601318e+02 5.7493499756e+02 5.7493499756e+02 5.7497998047e+02 5.7503900146e+02 5.7507598877e+02 5.7509002686e+02 5.7509301758e+02 5.7510198975e+02 5.7510498047e+02 5.7508801270e+02 5.7507800293e+02 5.7507299805e+02 5.7509399414e+02 5.7514001465e+02 5.7520098877e+02 5.7527502441e+02 5.7536401367e+02 5.7546099854e+02 5.7555999756e+02 5.7566198730e+02 5.7576599121e+02 5.7586499023e+02 5.7595898438e+02 5.7604302979e+02 5.7611798096e+02 5.7618499756e+02 5.7624499512e+02 5.7630603027e+02 5.7636297607e+02 5.7641101074e+02
5.7346099854e+02 5.7345001221e+02 5.7344299316e+02 5.7343798828e+02 5.7340899658e+02 5.7342700195e+02 5.7358599854e+02 5.7383300781e+02 5.7417297363e+02 5.7443597412e+02 5.7458502197e+02 5.7468902588e+02 5.7481201172e+02 5.7490100098e+02 5.7492297363e+02 5.7488897705e+02 5.7486901855e+02 5.7489599609e+02 5.7494897461e+02 5.7501501465e+02 5.7506701660e+02 5.7508599854e+02 5.7509399414e+02 5.7511798096e+02 5.7513201904e+02 5.7510998535e+02 5.7507800293e+02 5.7505999756e+02 5.7506597900e+02 5.7508801270e+02 5.7515100098e+02 5.7523999023e+02 5.7534997559e+02 5.7544299316e+02 5.7555499268e+02 5.7564697266e+02 5.7575299072e+02 5.7585101318e+02 5.7594201660e+02 5.7602697754e+02 5.7610699463e+02 5.7618701172e+02 5.7625402832e+02 5.7632000732e+02 5.7638098145e+02 5.7643200684e+02
5.7346502686e+02 5.7345898438e+02 5.7345599365e+02 5.7344396973e+02 5.7334899902e+02 5.7327099609e+02 5.7346899414e+02 5.7376898193e+02 5.7405102539e+02 5.7432598877e+02 5.7453802490e+02 5.7469000244e+02 5.7476898193e+02 5.7478900146e+02 5.7479699707e+02 5.7483099365e+02 5.7486297607e+02 5.7488897705e+02 5.7491699219e+02 5.7496801758e+02 5.7504498291e+02 5.7508502197e+02 5.7509002686e+02 5.7512298584e+02 5.7515002441e+02 5.7513098145e+02 5.7509600830e+02 5.7507299805e+02 5.7505499268e+02 5.7504699707e+02 5.7510498047e+02 5.7520800781e+02 5.7531500244e+02 5.7540698242e+02 5.7551300049e+02 5.7562298584e+02 5.7572802734e+02 5.7582397461e+02 5.7591198730e+02 5.7600097656e+02 5.7609399414e+02 5.7617999268e+02 5.7625598145e+02 5.7632800293e+02 5.7639801025e+02 5.7646002197e+02
5.7346801758e+02 5.7346301270e+02 5.7345800781e+02 5.7345001221e+02 5.7335900879e+02 5.7320098877e+02 5.7328900146e+02 5.7354901123e+02 5.7384197998e+02 5.7416900635e+02 5.7445397949e+02 5.7466699219e+02 5.7475799561e+02 5.7476599121e+02 5.7477801514e+02 5.7484197998e+02 5.7487597656e+02 5.7488397217e+02 5.7489501953e+02 5.7492602539e+02 5.7501098633e+02 5.7507897949e+02 5.7508502197e+02 5.7510998535e+02 5.7513800049e+02 5.7512701416e+02 5.7509899902e+02 5.7507800293e+02 5.7505102539e+02 5.7502398682e+02 5.7506500244e+02 5.7516101074e+02 5.7525598145e+02 5.7533898926e+02 5.7544897461e+02 5.7557299805e+02 5.7568499756e+02 5.7579199219e+02 5.7589001465e+02 5.7598999023e+02 5.7609197998e+02 5.7618499756e+02 5.7626800537e+02 5.7634600830e+02 5.7642498779e+02 5.7649401855e+02
5.7346600342e+02 5.7346099854e+02 5.7345397949e+02 5.7345501709e+02 5.7342797852e+02 5.7330902100e+02 5.7323901367e+02 5.7336999512e+02 5.7363500977e+02 5.7393597412e+02 5.7426702881e+02 5.7457897949e+02 5.7473199463e+02 5.7476397705e+02 5.7479498291e+02 5.7486700439e+02 5.7488598633e+02 5.7488702393e+02 5.7490002441e+02 5.7490698242e+02 5.7497198486e+02 5.7506201172e+02 5.7507897949e+02 5.7508599854e+02 5.7510302734e+02 5.7510302734e+02 5.7509100342e+02 5.7508099365e+02 5.7505499268e+02 5.7501300049e+02 5.7502697754e+02 5.7509997559e+02 5.7517401123e+02 5.7525000000e+02 5.7536199951e+02 5.7550097656e+02 5.7563201904e+02 5.7575897217e+02 5.7587402344e+02 5.7598999023e+02 5.7610400391e+02 5.7620397949e+02 5.7629400635e+02 5.7637597656e+02 5.7646099854e+02 5.7653198242e+02
5.7345501709e+02 5.7345501709e+02 5.7345300293e+02 5.7344799805e+02 5.7345599365e+02 5.7344799805e+02 5.7333599854e+02 5.7328900146e+02 5.7344299316e+02 5.7366497803e+02 5.7398999023e+02 5.7438397217e+02 5.7463598633e+02 5.7470898438e+02 5.7476202393e+02 5.7484698486e+02 5.7488897705e+02 5.7490997314e+02 5.7494500732e+02 5.7493597412e+02 5.7494299316e+02 5.7503900146e+02 5.7508099365e+02 5.7506701660e+02 5.7506701660e+02 5.7507702637e+02 5.7508898926e+02 5.7508898926e+02 5.7506201172e+02 5.7500799561e+02 5.7498199463e+02 5.7502600098e+02 5.7508599854e+02 5.7511700439e+02 5.7516198730e+02 5.7531298828e+02 5.7542797852e+02 5.7566601563e+02 5.7583697510e+02 5.7600000000e+02 5.7613702393e+02 5.7623999023e+02 5.7634399414e+02 5.7643902588e+02 5.7652099609e+02 5.7658001709e+02
5.7344702148e+02 5.7344799805e+02 5.7344500732e+02 5.7344299316e+02 5.7344500732e+02 5.7345898438e+02 5.7342602539e+02 5.7337200928e+02 5.7339398193e+02 5.7346099854e+02 5.7369500732e+02 5.7405102539e+02 5.7440002441e+02 5.7462597656e+02 5.7472198486e+02 5.7480902100e+02 5.7490698242e+02 5.7496398926e+02 5.7497497559e+02 5.7493902588e+02 5.7489501953e+02 5.7498699951e+02 5.7506597900e+02 5.7507397461e+02 5.7508099365e+02 5.7508599854e+02 5.7508197021e+02 5.7505999756e+02 5.7501098633e+02 5.7496801758e+02 5.7496002197e+02 5.7498297119e+02 5.7498901367e+02 5.7496301270e+02 5.7497998047e+02 5.7508898926e+02 5.7528997803e+02 5.7553302002e+02 5.7579101563e+02 5.7601098633e+02 5.7618701172e+02 5.7631701660e+02 5.7642999268e+02 5.7652502441e+02 5.7658502197e+02 5.7663098145e+02
5.7344201660e+02 5.7344396973e+02 5.7344299316e+02 5.7344097900e+02 5.7343798828e+02 5.7344396973e+02 5.7345001221e+02 5.7344396973e+02 5.7344201660e+02 5.7341302490e+02 5.7354199219e+02 5.7381500244e+02 5.7416900635e+02 5.7449597168e+02 5.7465399170e+02 5.7479901123e+02 5.7495098877e+02 5.7498498535e+02 5.7495300293e+02 5.7490197754e+02 5.7485498047e+02 5.7493298340e+02 5.7502697754e+02 5.7507000732e+02 5.7508801270e+02 5.7507397461e+02 5.7504199219e+02 5.7500402832e+02 5.7495300293e+02 5.7491802979e+02 5.7493200684e+02 5.7497100830e+02 5.7496197510e+02 5.7490899658e+02 5.7490301514e+02 5.7500897217e+02 5.7524102783e+02 5.7551501465e+02 5.7580902100e+02 5.7606201172e+02 5.7626300049e+02 5.7640301514e+02 5.7650799561e+02 5.7659002686e+02 5.7663598633e+02 5.7666699219e+02
5.7344097900e+02 5.7344598389e+02 5.7344702148e+02 5.7344201660e+02 5.7343701172e+02 5.7343103027e+02 5.7342797852e+02 5.7342999268e+02 5.7346697998e+02 5.7348797607e+02 5.7360400391e+02 5.7381201172e+02 5.7410302734e+02 5.7442700195e+02 5.7458801270e+02 5.7477502441e+02 5.7495800781e+02 5.7496398926e+02 5.7492700195e+02 5.7488397217e+02 5.7483697510e+02 5.7488800049e+02 5.7496002197e+02 5.7500402832e+02 5.7502801514e+02 5.7501702881e+02 5.7498699951e+02 5.7496301270e+02 5.7493499756e+02 5.7489501953e+02 5.7489801025e+02 5.7496099854e+02 5.7497698975e+02 5.7490997314e+02 5.7488000488e+02 5.7498602295e+02 5.7525799561e+02 5.7557702637e+02 5.7589300537e+02 5.7616198730e+02 5.7636602783e+02 5.7649798584e+02 5.7658801270e+02 5.7665100098e+02 5.7668200684e+02 5.7669201660e+02
5.7344598389e+02 5.7344799805e+02 5.7344702148e+02 5.7344097900e+02 5.7343701172e+02 5.7343200684e+02 5.7341497803e+02 5.7340899658e+02 5.7343499756e+02 5.7354797363e+02 5.7375299072e+02 5.7398797607e+02 5.7424102783e+02 5.7445697021e+02 5.7452001953e+02 5.7464898682e+02 5.7482800293e+02 5.7489202881e+02 5.7491101074e+02 5.7487902832e+02 5.7482702637e+02 5.7485699463e+02 5.7488897705e+02 5.7489099121e+02 5.7490100098e+02 5.7494299316e+02 5.7494897461e+02 5.7494897461e+02 5.7497198486e+02 5.7491802979e+02 5.7487200928e+02 5.7491497803e+02 5.7498699951e+02 5.7493798828e+02 5.7487500000e+02 5.7497601318e+02 5.7530999756e+02 5.7577099609e+02 5.7612500000e+02 5.7636102295e+02 5.7652197266e+02 5.7659197998e+02 5.7665502930e+02 5.7669598389e+02 5.7670001221e+02 5.7670098877e+02
5.7344598389e+02 5.7344598389e+02 5.7344299316e+02 5.7343902588e+02 5.7343798828e+02 5.7343701172e+02 5.7342199707e+02 5.7341400146e+02 5.7342498779e+02 5.7356701660e+02 5.7389099121e+02 5.7421899414e+02 5.7439801025e+02 5.7451300049e+02 5.7449298096e+02 5.7452301025e+02 5.7467401123e+02 5.7484399414e+02 5.7489398193e+02 5.7483599854e+02 5.7478698730e+02 5.7481402588e+02 5.7483099365e+02 5.7482897949e+02 5.7483300781e+02 5.7487701416e+02 5.7489697266e+02 5.7489501953e+02 5.7491198730e+02 5.7489697266e+02 5.7485400391e+02 5.7484802246e+02 5.7490600586e+02 5.7491497803e+02 5.7485900879e+02 5.7500500488e+02 5.7551000977e+02 5.7610900879e+02 5.7645098877e+02 5.7659399414e+02 5.7663201904e+02 5.7666601563e+02 5.7670397949e+02 5.7674902344e+02 5.7677001953e+02 5.7678399658e+02
5.7344500732e+02 5.7344500732e+02 5.7344299316e+02 5.7343798828e+02 5.7343798828e+02 5.7343798828e+02 5.7342102051e+02 5.7341601563e+02 5.7344500732e+02 5.7359997559e+02 5.7397100830e+02 5.7432501221e+02 5.7445300293e+02 5.7449902344e+02 5.7444000244e+02 5.7442901611e+02 5.7455297852e+02 5.7473999023e+02 5.7478601074e+02 5.7473602295e+02 5.7473498535e+02 5.7476599121e+02 5.7477197266e+02 5.7477899170e+02 5.7478497314e+02 5.7481298828e+02 5.7484002686e+02 5.7483599854e+02 5.7483898926e+02 5.7484899902e+02 5.7484197998e+02 5.7482598877e+02 5.7484997559e+02 5.7488500977e+02 5.7485797119e+02 5.7506799316e+02 5.7568902588e+02 5.7636297607e+02 5.7669201660e+02 5.7675097656e+02 5.7671301270e+02 5.7674200439e+02 5.7677502441e+02 5.7679101563e+02 5.7675299072e+02 5.7663397217e+02
5.7344500732e+02 5.7344396973e+02 5.7344201660e+02 5.7343798828e+02 5.7343499756e+02 5.7342901611e+02 5.7342700195e+02 5.7348400879e+02 5.7358502197e+02 5.7369097900e+02 5.7398999023e+02 5.7431298828e+02 5.7444702148e+02 5.7446398926e+02 5.7434197998e+02 5.7427600098e+02 5.7439898682e+02 5.7457397461e+02 5.7463000488e+02 5.7462298584e+02 5.7468103027e+02 5.7471997070e+02 5.7472198486e+02 5.7474200439e+02 5.7476501465e+02 5.7478802490e+02 5.7480499268e+02 5.7479602051e+02 5.7478900146e+02 5.7480700684e+02 5.7481896973e+02 5.7481097412e+02 5.7481597900e+02 5.7483599854e+02 5.7479602051e+02 5.7501098633e+02 5.7569097900e+02 5.7645300293e+02 5.7680700684e+02 5.7683300781e+02 5.7675598145e+02 5.7678002930e+02 5.7677502441e+02 5.7667102051e+02 5.7647698975e+02 5.7610498047e+02
