TESTSERVER/7/10.asc
NCOLS 100
NROWS 100
XLLCORNER 7.8497500000e+03
YLLCORNER 2.8945025000e+05
CELLSIZE 5.0000000000e-01
NODATA_VALUE -9.9990000000e+03
[rows 40 to 59 of 100, columns 46 to 91 of 100]
5.7722399902e+02 5.7724597168e+02 5.7727600098e+02 5.7730200195e+02 5.7733001709e+02 5.7733801270e+02 5.7737200928e+02 5.7741302490e+02 5.7746002197e+02 5.7745098877e+02 5.7743902588e+02 5.7744201660e+02 5.7747698975e+02 5.7751702881e+02 5.7753698730e+02 5.7754199219e+02 5.7752801514e+02 5.7756402588e+02 5.7759698486e+02 5.7763800049e+02 5.7768499756e+02 5.7773901367e+02 5.7777899170e+02 5.7781500244e+02 5.7784600830e+02 5.7784899902e+02 5.7788598633e+02 5.7792700195e+02 5.7796997070e+02 5.7802801514e+02 5.7808502197e+02 5.7814599609e+02 5.7821899414e+02 5.7829199219e+02 5.7835198975e+02 5.7840502930e+02 5.7849700928e+02 5.7848797607e+02 5.7847802734e+02 5.7847302246e+02 5.7848400879e+02 5.7843798828e+02 5.7842297363e+02 5.7844201660e+02 5.7843597412e+02 5.7851300049e+02
5.7720599365e+02 5.7722698975e+02 5.7725402832e+02 5.7727899170e+02 5.7729302979e+02 5.7731097412e+02 5.7733300781e+02 5.7736297607e+02 5.7738598633e+02 5.7739501953e+02 5.7740502930e+02 5.7742602539e+02 5.7746002197e+02 5.7749200439e+02 5.7750299072e+02 5.7750299072e+02 5.7751000977e+02 5.7754498291e+02 5.7758502197e+02 5.7763397217e+02 5.7769799805e+02 5.7776000977e+02 5.7781201172e+02 5.7786297607e+02 5.7789099121e+02 5.7791302490e+02 5.7795202637e+02 5.7799102783e+02 5.7803198242e+02 5.7808599854e+02 5.7814099121e+02 5.7819799805e+02 5.7826800537e+02 5.7834301758e+02 5.7839801025e+02 5.7844299316e+02 5.7848901367e+02 5.7847998047e+02 5.7847399902e+02 5.7846997070e+02 5.7847802734e+02 5.7843200684e+02 5.7841699219e+02 5.7843200684e+02 5.7841497803e+02 5.7845697021e+02
5.7718103027e+02 5.7719799805e+02 5.7721502686e+02 5.7723498535e+02 5.7725299072e+02 5.7727001953e+02 5.7728802490e+02 5.7731097412e+02 5.7733599854e+02 5.7736297607e+02 5.7738098145e+02 5.7740197754e+02 5.7743902588e+02 5.7746801758e+02 5.7747900391e+02 5.7748400879e+02 5.7750097656e+02 5.7754699707e+02 5.7759301758e+02 5.7764801025e+02 5.7771600342e+02 5.7778198242e+02 5.7784002686e+02 5.7789501953e+02 5.7793798828e+02 5.7796997070e+02 5.7801300049e+02 5.7805401611e+02 5.7809399414e+02 5.7814300537e+02 5.7819500732e+02 5.7825000000e+02 5.7831701660e+02 5.7838500977e+02 5.7842999268e+02 5.7846197510e+02 5.7847998047e+02 5.7847100830e+02 5.7847601318e+02 5.7846801758e+02 5.7847198486e+02 5.7843597412e+02 5.7840100098e+02 5.7840802002e+02 5.7843298340e+02 5.7846398926e+02
5.7715399170e+02 5.7716998291e+02 5.7717999268e+02 5.7719702148e+02 5.7721801758e+02 5.7724298096e+02 5.7726501465e+02 5.7728900146e+02 5.7731298828e+02 5.7734600830e+02 5.7736297607e+02 5.7737799072e+02 5.7741198730e+02 5.7744299316e+02 5.7746197510e+02 5.7747900391e+02 5.7750701904e+02 5.7755603027e+02 5.7760601807e+02 5.7766497803e+02 5.7773699951e+02 5.7780700684e+02 5.7786999512e+02 5.7793103027e+02 5.7798498535e+02 5.7802600098e+02 5.7807098389e+02 5.7811499023e+02 5.7815502930e+02 5.7820098877e+02 5.7825097656e+02 5.7830297852e+02 5.7836602783e+02 5.7842401123e+02 5.7845898438e+02 5.7847998047e+02 5.7848297119e+02 5.7847802734e+02 5.7847802734e+02 5.7846398926e+02 5.7846697998e+02 5.7844598389e+02 5.7840899658e+02 5.7841497803e+02 5.7846899414e+02 5.7849902344e+02
5.7712799072e+02 5.7715301514e+02 5.7716302490e+02 5.7717297363e+02 5.7719299316e+02 5.7722497559e+02 5.7725701904e+02 5.7728002930e+02 5.7730200195e+02 5.7732501221e+02 5.7733599854e+02 5.7734600830e+02 5.7737597656e+02 5.7741101074e+02 5.7745001221e+02 5.7749798584e+02 5.7754998779e+02 5.7757897949e+02 5.7763397217e+02 5.7769702148e+02 5.7777502441e+02 5.7783801270e+02 5.7790899658e+02 5.7797601318e+02 5.7804101563e+02 5.7808197021e+02 5.7812902832e+02 5.7817199707e+02 5.7820898438e+02 5.7826397705e+02 5.7831500244e+02 5.7836199951e+02 5.7840100098e+02 5.7845300293e+02 5.7848101807e+02 5.7849700928e+02 5.7849401855e+02 5.7847802734e+02 5.7847497559e+02 5.7846997070e+02 5.7846801758e+02 5.7844702148e+02 5.7841900635e+02 5.7841998291e+02 5.7842700195e+02 5.7848400879e+02
5.7712298584e+02 5.7713800049e+02 5.7714398193e+02 5.7715002441e+02 5.7716802979e+02 5.7720202637e+02 5.7723297119e+02 5.7724401855e+02 5.7727600098e+02 5.7731298828e+02 5.7732000732e+02 5.7733197021e+02 5.7738397217e+02 5.7741497803e+02 5.7745898438e+02 5.7753302002e+02 5.7758398438e+02 5.7761199951e+02 5.7766699219e+02 5.7773199463e+02 5.7779797363e+02 5.7786901855e+02 5.7794702148e+02 5.7802301025e+02 5.7808697510e+02 5.7813702393e+02 5.7818902588e+02 5.7823498535e+02 5.7827801514e+02 5.7833398438e+02 5.7838500977e+02 5.7842797852e+02 5.7846002197e+02 5.7849200439e+02 5.7850799561e+02 5.7851098633e+02 5.7848999023e+02 5.7848199463e+02 5.7847302246e+02 5.7843402100e+02 5.7838201904e+02 5.7836499023e+02 5.7835400391e+02 5.7835900879e+02 5.7839099121e+02 5.7846600342e+02
5.7710998535e+02 5.7712298584e+02 5.7713397217e+02 5.7713800049e+02 5.7715197754e+02 5.7717901611e+02 5.7720397949e+02 5.7721801758e+02 5.7726702881e+02 5.7732501221e+02 5.7733398438e+02 5.7734399414e+02 5.7739398193e+02 5.7742199707e+02 5.7746002197e+02 5.7753302002e+02 5.7758801270e+02 5.7761602783e+02 5.7767297363e+02 5.7774102783e+02 5.7781402588e+02 5.7789300537e+02 5.7797802734e+02 5.7805999756e+02 5.7813299561e+02 5.7819097900e+02 5.7825000000e+02 5.7830297852e+02 5.7835101318e+02 5.7840698242e+02 5.7845697021e+02 5.7849597168e+02 5.7853100586e+02 5.7855102539e+02 5.7853900146e+02 5.7851300049e+02 5.7849200439e+02 5.7849597168e+02 5.7843499756e+02 5.7835498047e+02 5.7832598877e+02 5.7837799072e+02 5.7839801025e+02 5.7839697266e+02 5.7838897705e+02 5.7841699219e+02
5.7707897949e+02 5.7709802246e+02 5.7712200928e+02 5.7713201904e+02 5.7714300537e+02 5.7716699219e+02 5.7717999268e+02 5.7719598389e+02 5.7727001953e+02 5.7734698486e+02 5.7736199951e+02 5.7736297607e+02 5.7739501953e+02 5.7741802979e+02 5.7744598389e+02 5.7750299072e+02 5.7755700684e+02 5.7759899902e+02 5.7765997314e+02 5.7773199463e+02 5.7782098389e+02 5.7791497803e+02 5.7800598145e+02 5.7809497070e+02 5.7817797852e+02 5.7824700928e+02 5.7831201172e+02 5.7837200928e+02 5.7842700195e+02 5.7848297119e+02 5.7853198242e+02 5.7856799316e+02 5.7861401367e+02 5.7862200928e+02 5.7857098389e+02 5.7850402832e+02 5.7846997070e+02 5.7844396973e+02 5.7834802246e+02 5.7830902100e+02 5.7835400391e+02 5.7845397949e+02 5.7848999023e+02 5.7846197510e+02 5.7838299561e+02 5.7833099365e+02
5.7706097412e+02 5.7707098389e+02 5.7709899902e+02 5.7711602783e+02 5.7712500000e+02 5.7715100098e+02 5.7715197754e+02 5.7716802979e+02 5.7722802734e+02 5.7733801270e+02 5.7738299561e+02 5.7739202881e+02 5.7739202881e+02 5.7740399170e+02 5.7742797852e+02 5.7746899414e+02 5.7749798584e+02 5.7754602051e+02 5.7760998535e+02 5.7769500732e+02 5.7783197021e+02 5.7795001221e+02 5.7804797363e+02 5.7813598633e+02 5.7821099854e+02 5.7830499268e+02 5.7838000488e+02 5.7844702148e+02 5.7851000977e+02 5.7857098389e+02 5.7862500000e+02 5.7866497803e+02 5.7872802734e+02 5.7870098877e+02 5.7861798096e+02 5.7849298096e+02 5.7830902100e+02 5.7819396973e+02 5.7813897705e+02 5.7825799561e+02 5.7839501953e+02 5.7843200684e+02 5.7842700195e+02 5.7836602783e+02 5.7828198242e+02 5.7820800781e+02
5.7703698730e+02 5.7704797363e+02 5.7706799316e+02 5.7708697510e+02 5.7710998535e+02 5.7713299561e+02 5.7713897705e+02 5.7714898682e+02 5.7718200684e+02 5.7728198242e+02 5.7736999512e+02 5.7741699219e+02 5.7741101074e+02 5.7739801025e+02 5.7740600586e+02 5.7743701172e+02 5.7745898438e+02 5.7749200439e+02 5.7754498291e+02 5.7763299561e+02 5.7781799316e+02 5.7802001953e+02 5.7815100098e+02 5.7826397705e+02 5.7832202148e+02 5.7838000488e+02 5.7845397949e+02 5.7851702881e+02 5.7858599854e+02 5.7866198730e+02 5.7871099854e+02 5.7874401855e+02 5.7876800537e+02 5.7876702881e+02 5.7871600342e+02 5.7855603027e+02 5.7821398926e+02 5.7789202881e+02 5.7782098389e+02 5.7797802734e+02 5.7814801025e+02 5.7811700439e+02 5.7809997559e+02 5.7805999756e+02 5.7801202393e+02 5.7796997070e+02
5.7705297852e+02 5.7704101563e+02 5.7704400635e+02 5.7706298828e+02 5.7709399414e+02 5.7711401367e+02 5.7712799072e+02 5.7713397217e+02 5.7714599609e+02 5.7721099854e+02 5.7730902100e+02 5.7738598633e+02 5.7740600586e+02 5.7740100098e+02 5.7740399170e+02 5.7742401123e+02 5.7743597412e+02 5.7745599365e+02 5.7749597168e+02 5.7757299805e+02 5.7778198242e+02 5.7804797363e+02 5.7821801758e+02 5.7836999512e+02 5.7843798828e+02 5.7846502686e+02 5.7853302002e+02 5.7858801270e+02 5.7865399170e+02 5.7872198486e+02 5.7875402832e+02 5.7877197266e+02 5.7877197266e+02 5.7878497314e+02 5.7879101563e+02 5.7866900635e+02 5.7828399658e+02 5.7776898193e+02 5.7763397217e+02 5.7776501465e+02 5.7788598633e+02 5.7784802246e+02 5.7783300781e+02 5.7781500244e+02 5.7779498291e+02 5.7779101563e+02
5.7708099365e+02 5.7704998779e+02 5.7703302002e+02 5.7704400635e+02 5.7708300781e+02 5.7710198975e+02 5.7711700439e+02 5.7712402344e+02 5.7713299561e+02 5.7715197754e+02 5.7722302246e+02 5.7730700684e+02 5.7736297607e+02 5.7739898682e+02 5.7741302490e+02 5.7742999268e+02 5.7742901611e+02 5.7742999268e+02 5.7745300293e+02 5.7751397705e+02 5.7771301270e+02 5.7801702881e+02 5.7822802734e+02 5.7842401123e+02 5.7853900146e+02 5.7856298828e+02 5.7861999512e+02 5.7866400146e+02 5.7871301270e+02 5.7875799561e+02 5.7877301025e+02 5.7877502441e+02 5.7875402832e+02 5.7876702881e+02 5.7881799316e+02 5.7877099609e+02 5.7846899414e+02 5.7784899902e+02 5.7759997559e+02 5.7765301514e+02 5.7770300293e+02 5.7767700195e+02 5.7767297363e+02 5.7767901611e+02 5.7769500732e+02 5.7771301270e+02
5.7706500244e+02 5.7706201172e+02 5.7704400635e+02 5.7703698730e+02 5.7705297852e+02 5.7708001709e+02 5.7709802246e+02 5.7710797119e+02 5.7712701416e+02 5.7711901855e+02 5.7714501953e+02 5.7721600342e+02 5.7731201172e+02 5.7737902832e+02 5.7740802002e+02 5.7741497803e+02 5.7740600586e+02 5.7740698242e+02 5.7742199707e+02 5.7747900391e+02 5.7762701416e+02 5.7783599854e+02 5.7807000732e+02 5.7832897949e+02 5.7864202881e+02 5.7871697998e+02 5.7872998047e+02 5.7873602295e+02 5.7876599121e+02 5.7877502441e+02 5.7877099609e+02 5.7875402832e+02 5.7872900391e+02 5.7873999023e+02 5.7879797363e+02 5.7881896973e+02 5.7876202393e+02 5.7821002197e+02 5.7773999023e+02 5.7762701416e+02 5.7765197754e+02 5.7764300537e+02 5.7765899658e+02 5.7767999268e+02 5.7769598389e+02 5.7769299316e+02
5.7701000977e+02 5.7704199219e+02 5.7705200195e+02 5.7703698730e+02 5.7704602051e+02 5.7706597900e+02 5.7708300781e+02 5.7709698486e+02 5.7711602783e+02 5.7710699463e+02 5.7711602783e+02 5.7715802002e+02 5.7723199463e+02 5.7731799316e+02 5.7738000488e+02 5.7739501953e+02 5.7737701416e+02 5.7739501953e+02 5.7741802979e+02 5.7744097900e+02 5.7750299072e+02 5.7758300781e+02 5.7779901123e+02 5.7816699219e+02 5.7867999268e+02 5.7882702637e+02 5.7879602051e+02 5.7874298096e+02 5.7875701904e+02 5.7876397705e+02 5.7876300049e+02 5.7875402832e+02 5.7875799561e+02 5.7878302002e+02 5.7880999756e+02 5.7882501221e+02 5.7876800537e+02 5.7836499023e+02 5.7785601807e+02 5.7765002441e+02 5.7762200928e+02 5.7761798096e+02 5.7763098145e+02 5.7764398193e+02 5.7764599609e+02 5.7764801025e+02
5.7695300293e+02 5.7702899170e+02 5.7705902100e+02 5.7704797363e+02 5.7705603027e+02 5.7705798340e+02 5.7706597900e+02 5.7708300781e+02 5.7709899902e+02 5.7709600830e+02 5.7710198975e+02 5.7711602783e+02 5.7716198730e+02 5.7725299072e+02 5.7733599854e+02 5.7736999512e+02 5.7735601807e+02 5.7738397217e+02 5.7738201904e+02 5.7731799316e+02 5.7726501465e+02 5.7725799561e+02 5.7746697998e+02 5.7795098877e+02 5.7863500977e+02 5.7883300781e+02 5.7881701660e+02 5.7874401855e+02 5.7874499512e+02 5.7875799561e+02 5.7877099609e+02 5.7877697754e+02 5.7879302979e+02 5.7877398682e+02 5.7865197754e+02 5.7852301025e+02 5.7835900879e+02 5.7806896973e+02 5.7778997803e+02 5.7764300537e+02 5.7759100342e+02 5.7758697510e+02 5.7759497070e+02 5.7760101318e+02 5.7761602783e+02 5.7764001465e+02
5.7690997314e+02 5.7697802734e+02 5.7701000977e+02 5.7703302002e+02 5.7706402588e+02 5.7704797363e+02 5.7704302979e+02 5.7705401611e+02 5.7706402588e+02 5.7707702637e+02 5.7708898926e+02 5.7709002686e+02 5.7711700439e+02 5.7718597412e+02 5.7727099609e+02 5.7732202148e+02 5.7733398438e+02 5.7737200928e+02 5.7733099365e+02 5.7716699219e+02 5.7696398926e+02 5.7684497070e+02 5.7704400635e+02 5.7764001465e+02 5.7852502441e+02 5.7881402588e+02 5.7883001709e+02 5.7875299072e+02 5.7874499512e+02 5.7877099609e+02 5.7879498291e+02 5.7878100586e+02 5.7872302246e+02 5.7860400391e+02 5.7832397461e+02 5.7804602051e+02 5.7782702637e+02 5.7771002197e+02 5.7768701172e+02 5.7764202881e+02 5.7757501221e+02 5.7757501221e+02 5.7757897949e+02 5.7758001709e+02 5.7760900879e+02 5.7763897705e+02
5.7685797119e+02 5.7689501953e+02 5.7693103027e+02 5.7699798584e+02 5.7705297852e+02 5.7703802490e+02 5.7702301025e+02 5.7702899170e+02 5.7704199219e+02 5.7705401611e+02 5.7707000732e+02 5.7707501221e+02 5.7709497070e+02 5.7713098145e+02 5.7719097900e+02 5.7725500488e+02 5.7729602051e+02 5.7735998535e+02 5.7731298828e+02 5.7709100342e+02 5.7670898438e+02 5.7645599365e+02 5.7665301514e+02 5.7740197754e+02 5.7872399902e+02 5.7882598877e+02 5.7881500244e+02 5.7876000977e+02 5.7879400635e+02 5.7878302002e+02 5.7881597900e+02 5.7872198486e+02 5.7846301270e+02 5.7824102783e+02 5.7795202637e+02 5.7771697998e+02 5.7774102783e+02 5.7763702393e+02 5.7764202881e+02 5.7760601807e+02 5.7754498291e+02 5.7756799316e+02 5.7758300781e+02 5.7758697510e+02 5.7759802246e+02 5.7761199951e+02
5.7682000732e+02 5.7683898926e+02 5.7686297607e+02 5.7692999268e+02 5.7698602295e+02 5.7700598145e+02 5.7702398682e+02 5.7703497314e+02 5.7702899170e+02 5.7703302002e+02 5.7705401611e+02 5.7705902100e+02 5.7706701660e+02 5.7709100342e+02 5.7712902832e+02 5.7719702148e+02 5.7726702881e+02 5.7733398438e+02 5.7732598877e+02 5.7715997314e+02 5.7683898926e+02 5.7655297852e+02 5.7659698486e+02 5.7721899414e+02 5.7827899170e+02 5.7876202393e+02 5.7883599854e+02 5.7877502441e+02 5.7877697754e+02 5.7873199463e+02 5.7871197510e+02 5.7857299805e+02 5.7820397949e+02 5.7791900635e+02 5.7772900391e+02 5.7761199951e+02 5.7757501221e+02 5.7753601074e+02 5.7753198242e+02 5.7754797363e+02 5.7755999756e+02 5.7758099365e+02 5.7759002686e+02 5.7758599854e+02 5.7757299805e+02 5.7757397461e+02
5.7678100586e+02 5.7677001953e+02 5.7678002930e+02 5.7684399414e+02 5.7688800049e+02 5.7691302490e+02 5.7696002197e+02 5.7700897217e+02 5.7702801514e+02 5.7702801514e+02 5.7704400635e+02 5.7704498291e+02 5.7704498291e+02 5.7706799316e+02 5.7709197998e+02 5.7714099121e+02 5.7721197510e+02 5.7728497314e+02 5.7732897949e+02 5.7727502441e+02 5.7706500244e+02 5.7671502686e+02 5.7653601074e+02 5.7684600830e+02 5.7777001953e+02 5.7868402100e+02 5.7889501953e+02 5.7873602295e+02 5.7852899170e+02 5.7838897705e+02 5.7832000732e+02 5.7820599365e+02 5.7792602539e+02 5.7771997070e+02 5.7759600830e+02 5.7752001953e+02 5.7748699951e+02 5.7747698975e+02 5.7750201416e+02 5.7753601074e+02 5.7755499268e+02 5.7756402588e+02 5.7757702637e+02 5.7757598877e+02 5.7755603027e+02 5.7754998779e+02
5.7672601318e+02 5.7671502686e+02 5.7674700928e+02 5.7682098389e+02 5.7682800293e+02 5.7679199219e+02 5.7682397461e+02 5.7691802979e+02 5.7700500488e+02 5.7702301025e+02 5.7703399658e+02 5.7703399658e+02 5.7703100586e+02 5.7705102539e+02 5.7706597900e+02 5.7709301758e+02 5.7713702393e+02 5.7719897461e+02 5.7727398682e+02 5.7731701660e+02 5.7724298096e+02 5.7692700195e+02 5.7657800293e+02 5.7658502197e+02 5.7734197998e+02 5.7856701660e+02 5.7888299561e+02 5.7860101318e+02 5.7812500000e+02 5.7788201904e+02 5.7782501221e+02 5.7778198242e+02 5.7765502930e+02 5.7755902100e+02 5.7749597168e+02 5.7746197510e+02 5.7746002197e+02 5.7748498535e+02 5.7750402832e+02 5.7751300049e+02 5.7752099609e+02 5.7753497314e+02 5.7754998779e+02 5.7755603027e+02 5.7753997803e+02 5.7753497314e+02
