TESTSERVER/7/11.asc
NCOLS 100
NROWS 100
XLLCORNER 7.8497500000e+03
YLLCORNER 2.8940025000e+05
CELLSIZE 5.0000000000e-01
NODATA_VALUE -9.9990000000e+03
[rows 80 to 99 of 100, columns 0 to 45 of 100]
5.7180401611e+02 5.7182897949e+02 5.7184197998e+02 5.7185601807e+02 5.7189300537e+02 5.7191101074e+02 5.7193597412e+02 5.7197302246e+02 5.7200701904e+02 5.7203399658e+02 5.7205798340e+02 5.7207202148e+02 5.7209100342e+02 5.7209997559e+02 5.7210601807e+02 5.7212500000e+02 5.7215997314e+02 5.7218902588e+02 5.7221801758e+02 5.7225299072e+02 5.7228399658e+02 5.7230297852e+02 5.7233099365e+02 5.7236700439e+02 5.7240899658e+02 5.7243499756e+02 5.7244897461e+02 5.7246301270e+02 5.7247900391e+02 5.7248199463e+02 5.7249401855e+02 5.7251397705e+02 5.7252301025e+02 5.7253198242e+02 5.7253997803e+02 5.7254797363e+02 5.7255297852e+02 5.7257501221e+02 5.7258599854e+02 5.7259399414e+02 5.7259100342e+02 5.7258502197e+02 5.7258697510e+02 5.7258801270e+02 5.7259002686e+02 5.7259002686e+02
5.7180297852e+02 5.7182501221e+02 5.7183001709e+02 5.7184399414e+02 5.7187200928e+02 5.7188702393e+02 5.7191101074e+02 5.7195001221e+02 5.7199401855e+02 5.7201898193e+02 5.7202801514e+02 5.7202899170e+02 5.7204602051e+02 5.7206201172e+02 5.7207800293e+02 5.7210797119e+02 5.7214501953e+02 5.7216998291e+02 5.7220001221e+02 5.7223699951e+02 5.7227600098e+02 5.7229901123e+02 5.7232098389e+02 5.7234698486e+02 5.7237701416e+02 5.7241198730e+02 5.7243103027e+02 5.7243200684e+02 5.7243298340e+02 5.7243402100e+02 5.7243701172e+02 5.7244598389e+02 5.7246099854e+02 5.7247100830e+02 5.7248101807e+02 5.7249102783e+02 5.7250402832e+02 5.7251898193e+02 5.7253198242e+02 5.7254400635e+02 5.7254901123e+02 5.7254901123e+02 5.7255499268e+02 5.7256097412e+02 5.7256402588e+02 5.7256701660e+02
5.7178997803e+02 5.7182397461e+02 5.7184899902e+02 5.7185699463e+02 5.7185101318e+02 5.7186401367e+02 5.7189300537e+02 5.7193499756e+02 5.7196899414e+02 5.7197399902e+02 5.7197698975e+02 5.7198602295e+02 5.7201599121e+02 5.7204101563e+02 5.7206701660e+02 5.7209899902e+02 5.7213000488e+02 5.7215399170e+02 5.7218499756e+02 5.7222399902e+02 5.7226702881e+02 5.7229302979e+02 5.7230999756e+02 5.7232501221e+02 5.7234002686e+02 5.7236499023e+02 5.7238299561e+02 5.7239300537e+02 5.7239801025e+02 5.7239599609e+02 5.7239202881e+02 5.7239398193e+02 5.7240502930e+02 5.7241900635e+02 5.7243103027e+02 5.7244299316e+02 5.7245697021e+02 5.7247100830e+02 5.7248498535e+02 5.7249798584e+02 5.7250799561e+02 5.7251501465e+02 5.7252398682e+02 5.7253198242e+02 5.7253900146e+02 5.7254498291e+02
5.7176800537e+02 5.7183502197e+02 5.7188299561e+02 5.7187298584e+02 5.7182397461e+02 5.7184698486e+02 5.7187500000e+02 5.7190002441e+02 5.7191101074e+02 5.7190899658e+02 5.7192999268e+02 5.7196099854e+02 5.7199700928e+02 5.7203100586e+02 5.7205999756e+02 5.7208801270e+02 5.7211700439e+02 5.7214300537e+02 5.7217602539e+02 5.7221398926e+02 5.7225598145e+02 5.7228198242e+02 5.7229602051e+02 5.7230200195e+02 5.7230603027e+02 5.7230401611e+02 5.7231298828e+02 5.7234002686e+02 5.7236700439e+02 5.7236199951e+02 5.7235302734e+02 5.7234899902e+02 5.7235601807e+02 5.7236999512e+02 5.7238299561e+02 5.7239599609e+02 5.7240899658e+02 5.7242498779e+02 5.7243902588e+02 5.7245300293e+02 5.7246801758e+02 5.7248101807e+02 5.7249200439e+02 5.7250299072e+02 5.7251300049e+02 5.7252197266e+02
5.7173498535e+02 5.7181896973e+02 5.7186901855e+02 5.7184497070e+02 5.7179797363e+02 5.7180999756e+02 5.7182702637e+02 5.7183898926e+02 5.7185198975e+02 5.7186199951e+02 5.7189501953e+02 5.7193902588e+02 5.7197802734e+02 5.7201599121e+02 5.7204302979e+02 5.7206701660e+02 5.7209399414e+02 5.7214001465e+02 5.7217700195e+02 5.7221099854e+02 5.7224102783e+02 5.7226000977e+02 5.7227099609e+02 5.7227697754e+02 5.7227502441e+02 5.7226000977e+02 5.7225598145e+02 5.7228100586e+02 5.7231701660e+02 5.7232000732e+02 5.7230603027e+02 5.7230102539e+02 5.7231402588e+02 5.7232501221e+02 5.7233697510e+02 5.7234899902e+02 5.7236401367e+02 5.7237799072e+02 5.7239398193e+02 5.7240997314e+02 5.7242797852e+02 5.7244500732e+02 5.7246099854e+02 5.7247698975e+02 5.7249298096e+02 5.7250201416e+02
5.7172399902e+02 5.7180603027e+02 5.7182598877e+02 5.7178002930e+02 5.7173498535e+02 5.7173999023e+02 5.7176000977e+02 5.7178198242e+02 5.7179498291e+02 5.7182702637e+02 5.7187097168e+02 5.7191802979e+02 5.7195501709e+02 5.7199200439e+02 5.7202398682e+02 5.7205297852e+02 5.7209497070e+02 5.7214801025e+02 5.7218402100e+02 5.7220898438e+02 5.7222100830e+02 5.7222698975e+02 5.7223297119e+02 5.7223699951e+02 5.7223498535e+02 5.7221997070e+02 5.7221600342e+02 5.7222802734e+02 5.7225897217e+02 5.7227899170e+02 5.7227301025e+02 5.7226501465e+02 5.7227099609e+02 5.7228399658e+02 5.7229498291e+02 5.7230700684e+02 5.7232098389e+02 5.7233398438e+02 5.7234997559e+02 5.7236901855e+02 5.7238897705e+02 5.7240600586e+02 5.7242602539e+02 5.7244598389e+02 5.7246801758e+02 5.7248602295e+02
5.7171301270e+02 5.7175897217e+02 5.7173498535e+02 5.7168499756e+02 5.7166998291e+02 5.7168597412e+02 5.7171997070e+02 5.7175598145e+02 5.7177899170e+02 5.7182098389e+02 5.7186297607e+02 5.7189599609e+02 5.7192901611e+02 5.7196997070e+02 5.7200701904e+02 5.7204998779e+02 5.7210400391e+02 5.7215002441e+02 5.7217901611e+02 5.7219500732e+02 5.7219396973e+02 5.7219299316e+02 5.7219500732e+02 5.7219500732e+02 5.7219201660e+02 5.7217901611e+02 5.7217297363e+02 5.7218200684e+02 5.7220397949e+02 5.7223199463e+02 5.7224499512e+02 5.7223602295e+02 5.7222998047e+02 5.7224298096e+02 5.7225201416e+02 5.7226300049e+02 5.7227600098e+02 5.7229101563e+02 5.7230902100e+02 5.7232897949e+02 5.7235101318e+02 5.7237097168e+02 5.7239300537e+02 5.7241601563e+02 5.7244299316e+02 5.7246801758e+02
5.7164300537e+02 5.7163201904e+02 5.7159802246e+02 5.7158398438e+02 5.7162097168e+02 5.7165301514e+02 5.7169000244e+02 5.7173297119e+02 5.7177099609e+02 5.7181201172e+02 5.7184600830e+02 5.7186999512e+02 5.7190802002e+02 5.7194598389e+02 5.7199102783e+02 5.7204901123e+02 5.7211102295e+02 5.7214099121e+02 5.7216198730e+02 5.7216900635e+02 5.7215899658e+02 5.7215399170e+02 5.7215399170e+02 5.7215301514e+02 5.7214801025e+02 5.7213800049e+02 5.7213397217e+02 5.7214099121e+02 5.7215899658e+02 5.7217999268e+02 5.7220098877e+02 5.7220397949e+02 5.7219500732e+02 5.7220202637e+02 5.7220898438e+02 5.7221801758e+02 5.7223199463e+02 5.7224902344e+02 5.7226800537e+02 5.7228900146e+02 5.7231402588e+02 5.7233697510e+02 5.7236102295e+02 5.7238702393e+02 5.7241900635e+02 5.7244897461e+02
5.7149200439e+02 5.7148297119e+02 5.7150201416e+02 5.7154101563e+02 5.7159197998e+02 5.7163201904e+02 5.7166699219e+02 5.7170898438e+02 5.7175000000e+02 5.7179199219e+02 5.7182202148e+02 5.7184698486e+02 5.7188702393e+02 5.7191802979e+02 5.7196899414e+02 5.7203601074e+02 5.7208001709e+02 5.7210699463e+02 5.7211901855e+02 5.7212097168e+02 5.7210400391e+02 5.7210699463e+02 5.7210797119e+02 5.7210699463e+02 5.7209698486e+02 5.7209600830e+02 5.7209698486e+02 5.7210302734e+02 5.7211798096e+02 5.7212500000e+02 5.7213702393e+02 5.7216198730e+02 5.7219097900e+02 5.7216998291e+02 5.7216802979e+02 5.7216998291e+02 5.7218499756e+02 5.7220697021e+02 5.7222698975e+02 5.7225000000e+02 5.7227398682e+02 5.7230102539e+02 5.7233099365e+02 5.7236199951e+02 5.7239398193e+02 5.7242401123e+02
5.7138702393e+02 5.7143402100e+02 5.7147601318e+02 5.7151702881e+02 5.7156402588e+02 5.7159698486e+02 5.7164001465e+02 5.7168902588e+02 5.7172497559e+02 5.7176702881e+02 5.7180297852e+02 5.7183001709e+02 5.7186401367e+02 5.7188702393e+02 5.7193298340e+02 5.7198602295e+02 5.7202899170e+02 5.7205102539e+02 5.7206500244e+02 5.7207098389e+02 5.7206597900e+02 5.7206500244e+02 5.7206799316e+02 5.7206799316e+02 5.7206201172e+02 5.7205603027e+02 5.7205603027e+02 5.7205798340e+02 5.7206298828e+02 5.7207202148e+02 5.7207800293e+02 5.7209698486e+02 5.7213397217e+02 5.7214801025e+02 5.7214398193e+02 5.7213800049e+02 5.7214599609e+02 5.7216601563e+02 5.7218597412e+02 5.7221002197e+02 5.7223602295e+02 5.7226300049e+02 5.7229602051e+02 5.7233197021e+02 5.7236602783e+02 5.7239501953e+02
5.7135302734e+02 5.7141101074e+02 5.7145098877e+02 5.7149401855e+02 5.7154302979e+02 5.7157299805e+02 5.7161999512e+02 5.7167102051e+02 5.7170599365e+02 5.7175000000e+02 5.7179602051e+02 5.7183001709e+02 5.7185797119e+02 5.7187402344e+02 5.7190600586e+02 5.7194299316e+02 5.7197998047e+02 5.7200799561e+02 5.7202301025e+02 5.7203100586e+02 5.7203002930e+02 5.7203002930e+02 5.7203302002e+02 5.7203399658e+02 5.7202899170e+02 5.7202197266e+02 5.7201800537e+02 5.7201702881e+02 5.7201702881e+02 5.7202899170e+02 5.7203100586e+02 5.7203601074e+02 5.7206597900e+02 5.7210601807e+02 5.7211499023e+02 5.7210998535e+02 5.7210699463e+02 5.7212500000e+02 5.7214599609e+02 5.7217199707e+02 5.7220202637e+02 5.7223199463e+02 5.7226599121e+02 5.7230297852e+02 5.7234100342e+02 5.7237799072e+02
5.7133502197e+02 5.7138500977e+02 5.7142797852e+02 5.7147601318e+02 5.7152502441e+02 5.7155902100e+02 5.7160699463e+02 5.7165899658e+02 5.7170397949e+02 5.7174200439e+02 5.7178802490e+02 5.7182501221e+02 5.7185601807e+02 5.7186700439e+02 5.7188299561e+02 5.7190399170e+02 5.7193402100e+02 5.7196600342e+02 5.7198297119e+02 5.7199401855e+02 5.7199597168e+02 5.7199798584e+02 5.7200097656e+02 5.7200201416e+02 5.7199798584e+02 5.7198999023e+02 5.7198498535e+02 5.7197998047e+02 5.7197900391e+02 5.7199298096e+02 5.7199200439e+02 5.7198602295e+02 5.7199499512e+02 5.7205401611e+02 5.7208001709e+02 5.7207800293e+02 5.7206799316e+02 5.7208502197e+02 5.7210601807e+02 5.7213397217e+02 5.7216998291e+02 5.7220501709e+02 5.7223999023e+02 5.7227801514e+02 5.7232098389e+02 5.7236602783e+02
5.7130401611e+02 5.7134899902e+02 5.7140100098e+02 5.7145202637e+02 5.7150897217e+02 5.7155200195e+02 5.7160198975e+02 5.7165899658e+02 5.7170898438e+02 5.7174499512e+02 5.7178198242e+02 5.7181701660e+02 5.7184899902e+02 5.7185797119e+02 5.7186297607e+02 5.7187298584e+02 5.7190100098e+02 5.7192797852e+02 5.7194598389e+02 5.7195800781e+02 5.7196697998e+02 5.7196801758e+02 5.7196899414e+02 5.7196899414e+02 5.7196600342e+02 5.7196197510e+02 5.7195697021e+02 5.7195098877e+02 5.7195202637e+02 5.7195202637e+02 5.7195202637e+02 5.7194702148e+02 5.7194500732e+02 5.7199401855e+02 5.7204101563e+02 5.7205102539e+02 5.7203399658e+02 5.7204699707e+02 5.7206799316e+02 5.7209399414e+02 5.7214398193e+02 5.7218798828e+02 5.7222302246e+02 5.7225897217e+02 5.7230700684e+02 5.7236499023e+02
5.7128002930e+02 5.7133099365e+02 5.7138500977e+02 5.7143200684e+02 5.7149798584e+02 5.7154901123e+02 5.7160400391e+02 5.7166101074e+02 5.7170001221e+02 5.7173400879e+02 5.7176898193e+02 5.7179998779e+02 5.7182897949e+02 5.7184399414e+02 5.7185302734e+02 5.7186199951e+02 5.7188397217e+02 5.7190899658e+02 5.7192297363e+02 5.7193402100e+02 5.7194097900e+02 5.7194097900e+02 5.7193902588e+02 5.7193798828e+02 5.7193701172e+02 5.7193298340e+02 5.7192901611e+02 5.7192401123e+02 5.7191802979e+02 5.7191400146e+02 5.7191497803e+02 5.7191699219e+02 5.7191699219e+02 5.7193298340e+02 5.7198199463e+02 5.7201397705e+02 5.7200799561e+02 5.7202001953e+02 5.7203100586e+02 5.7204797363e+02 5.7209899902e+02 5.7215899658e+02 5.7220300293e+02 5.7225000000e+02 5.7230798340e+02 5.7237597656e+02
5.7126501465e+02 5.7132501221e+02 5.7137500000e+02 5.7142199707e+02 5.7149401855e+02 5.7154699707e+02 5.7159899902e+02 5.7165502930e+02 5.7169299316e+02 5.7172601318e+02 5.7176000977e+02 5.7179101563e+02 5.7182098389e+02 5.7183801270e+02 5.7184698486e+02 5.7185498047e+02 5.7187298584e+02 5.7189398193e+02 5.7190502930e+02 5.7191302490e+02 5.7191601563e+02 5.7191302490e+02 5.7191198730e+02 5.7190997314e+02 5.7190802002e+02 5.7190301514e+02 5.7189801025e+02 5.7189300537e+02 5.7188598633e+02 5.7188201904e+02 5.7188397217e+02 5.7189001465e+02 5.7189501953e+02 5.7188800049e+02 5.7191998291e+02 5.7196301270e+02 5.7198400879e+02 5.7199298096e+02 5.7199499512e+02 5.7200598145e+02 5.7205102539e+02 5.7211602783e+02 5.7217602539e+02 5.7223999023e+02 5.7231701660e+02 5.7239501953e+02
5.7125000000e+02 5.7130700684e+02 5.7135699463e+02 5.7140802002e+02 5.7147802734e+02 5.7152899170e+02 5.7158599854e+02 5.7164300537e+02 5.7167901611e+02 5.7171002197e+02 5.7174401855e+02 5.7178302002e+02 5.7181799316e+02 5.7183398438e+02 5.7184399414e+02 5.7185302734e+02 5.7186602783e+02 5.7187902832e+02 5.7188702393e+02 5.7189202881e+02 5.7189001465e+02 5.7188500977e+02 5.7188299561e+02 5.7188201904e+02 5.7187902832e+02 5.7187298584e+02 5.7186798096e+02 5.7186297607e+02 5.7185601807e+02 5.7185302734e+02 5.7185699463e+02 5.7186401367e+02 5.7187701416e+02 5.7186798096e+02 5.7187799072e+02 5.7191400146e+02 5.7196002197e+02 5.7196502686e+02 5.7196002197e+02 5.7196697998e+02 5.7200097656e+02 5.7206799316e+02 5.7214599609e+02 5.7222998047e+02 5.7233398438e+02 5.7242901611e+02
5.7123297119e+02 5.7127801514e+02 5.7133599854e+02 5.7139300537e+02 5.7144598389e+02 5.7150097656e+02 5.7157299805e+02 5.7163397217e+02 5.7166699219e+02 5.7169702148e+02 5.7172698975e+02 5.7176599121e+02 5.7180902100e+02 5.7182598877e+02 5.7184100342e+02 5.7185498047e+02 5.7186798096e+02 5.7186602783e+02 5.7186901855e+02 5.7186999512e+02 5.7186700439e+02 5.7185900879e+02 5.7185601807e+02 5.7185400391e+02 5.7185198975e+02 5.7184497070e+02 5.7184100342e+02 5.7183697510e+02 5.7183300781e+02 5.7182800293e+02 5.7183300781e+02 5.7184100342e+02 5.7185400391e+02 5.7185498047e+02 5.7185699463e+02 5.7187701416e+02 5.7191802979e+02 5.7193798828e+02 5.7192700195e+02 5.7192901611e+02 5.7197399902e+02 5.7201702881e+02 5.7211901855e+02 5.7223699951e+02 5.7240100098e+02 5.7248999023e+02
5.7120800781e+02 5.7125299072e+02 5.7131298828e+02 5.7136602783e+02 5.7141497803e+02 5.7147399902e+02 5.7154699707e+02 5.7160998535e+02 5.7165600586e+02 5.7169500732e+02 5.7172302246e+02 5.7175701904e+02 5.7179498291e+02 5.7181402588e+02 5.7183300781e+02 5.7184899902e+02 5.7185101318e+02 5.7184399414e+02 5.7184399414e+02 5.7184399414e+02 5.7183599854e+02 5.7182702637e+02 5.7182397461e+02 5.7182000732e+02 5.7181799316e+02 5.7181500244e+02 5.7181201172e+02 5.7180798340e+02 5.7180200195e+02 5.7180200195e+02 5.7180700684e+02 5.7181402588e+02 5.7182397461e+02 5.7182501221e+02 5.7183099365e+02 5.7184802246e+02 5.7188201904e+02 5.7190399170e+02 5.7190100098e+02 5.7189801025e+02 5.7191699219e+02 5.7191601563e+02 5.7202600098e+02 5.7221997070e+02 5.7245397949e+02 5.7258099365e+02
5.7119201660e+02 5.7123999023e+02 5.7129498291e+02 5.7134399414e+02 5.7139898682e+02 5.7145397949e+02 5.7151599121e+02 5.7158398438e+02 5.7164202881e+02 5.7168798828e+02 5.7172198486e+02 5.7175299072e+02 5.7178302002e+02 5.7180401611e+02 5.7182202148e+02 5.7183599854e+02 5.7182800293e+02 5.7181597900e+02 5.7181500244e+02 5.7181298828e+02 5.7180401611e+02 5.7179400635e+02 5.7178997803e+02 5.7178698730e+02 5.7178497314e+02 5.7178198242e+02 5.7177801514e+02 5.7177398682e+02 5.7177099609e+02 5.7177301025e+02 5.7177600098e+02 5.7178302002e+02 5.7179302979e+02 5.7179602051e+02 5.7180200195e+02 5.7181896973e+02 5.7184899902e+02 5.7187500000e+02 5.7188800049e+02 5.7188397217e+02 5.7184497070e+02 5.7176702881e+02 5.7186602783e+02 5.7212298584e+02 5.7246099854e+02 5.7262799072e+02
5.7118200684e+02 5.7122497559e+02 5.7126800537e+02 5.7131896973e+02 5.7138299561e+02 5.7144000244e+02 5.7149499512e+02 5.7155499268e+02 5.7161102295e+02 5.7166699219e+02 5.7171301270e+02 5.7174798584e+02 5.7177197266e+02 5.7178900146e+02 5.7180401611e+02 5.7181201172e+02 5.7179797363e+02 5.7178399658e+02 5.7178198242e+02 5.7177899170e+02 5.7177001953e+02 5.7176000977e+02 5.7175701904e+02 5.7175299072e+02 5.7175201416e+02 5.7174902344e+02 5.7174499512e+02 5.7174102783e+02 5.7173797607e+02 5.7174102783e+02 5.7174401855e+02 5.7174902344e+02 5.7175799561e+02 5.7176300049e+02 5.7177001953e+02 5.7178601074e+02 5.7181402588e+02 5.7184497070e+02 5.7187298584e+02 5.7185998535e+02 5.7175201416e+02 5.7157299805e+02 5.7163397217e+02 5.7193200684e+02 5.7239300537e+02 5.7263500977e+02
