TESTSERVER/7/11.asc
NCOLS 100
NROWS 100
XLLCORNER 7.8497500000e+03
YLLCORNER 2.8940025000e+05
CELLSIZE 5.0000000000e-01
NODATA_VALUE -9.9990000000e+03
[rows 80 to 99 of 100, columns 46 to 91 of 100]
5.7259301758e+02 5.7259600830e+02 5.7259802246e+02 5.7260601807e+02 5.7260601807e+02 5.7260400391e+02 5.7259197998e+02 5.7256896973e+02 5.7254302979e+02 5.7253997803e+02 5.7257202148e+02 5.7257202148e+02 5.7253100586e+02 5.7249298096e+02 5.7249102783e+02 5.7249200439e+02 5.7248199463e+02 5.7247302246e+02 5.7246600342e+02 5.7246099854e+02 5.7246697998e+02 5.7244702148e+02 5.7240600586e+02 5.7231402588e+02 5.7221099854e+02 5.7213702393e+02 5.7210302734e+02 5.7212402344e+02 5.7213500977e+02 5.7214697266e+02 5.7215301514e+02 5.7213702393e+02 5.7209698486e+02 5.7205902100e+02 5.7206298828e+02 5.7210302734e+02 5.7164599609e+02 5.7072802734e+02 5.6982800293e+02 5.6968200684e+02 5.6966802979e+02 5.6933898926e+02 5.6881097412e+02 5.6874902344e+02 5.6849597168e+02 5.6817401123e+02
5.7257202148e+02 5.7257702637e+02 5.7258398438e+02 5.7259399414e+02 5.7259802246e+02 5.7259802246e+02 5.7258599854e+02 5.7255401611e+02 5.7253198242e+02 5.7252502441e+02 5.7253497314e+02 5.7256097412e+02 5.7253497314e+02 5.7249499512e+02 5.7248901367e+02 5.7249200439e+02 5.7248199463e+02 5.7246899414e+02 5.7245599365e+02 5.7245001221e+02 5.7244500732e+02 5.7239898682e+02 5.7233697510e+02 5.7227697754e+02 5.7221301270e+02 5.7216198730e+02 5.7212597656e+02 5.7211798096e+02 5.7212402344e+02 5.7213299561e+02 5.7214099121e+02 5.7211102295e+02 5.7208300781e+02 5.7209997559e+02 5.7217700195e+02 5.7165698242e+02 5.7068103027e+02 5.6982702637e+02 5.6960601807e+02 5.6962402344e+02 5.6945697021e+02 5.6902600098e+02 5.6860400391e+02 5.6848199463e+02 5.6818402100e+02 5.6796899414e+02
5.7255200195e+02 5.7255999756e+02 5.7256896973e+02 5.7258099365e+02 5.7258697510e+02 5.7258801270e+02 5.7258001709e+02 5.7255200195e+02 5.7252899170e+02 5.7251599121e+02 5.7251702881e+02 5.7253100586e+02 5.7251599121e+02 5.7249200439e+02 5.7249401855e+02 5.7248797607e+02 5.7246600342e+02 5.7243103027e+02 5.7241601563e+02 5.7241101074e+02 5.7239300537e+02 5.7233898926e+02 5.7228100586e+02 5.7225402832e+02 5.7222399902e+02 5.7218200684e+02 5.7214398193e+02 5.7213598633e+02 5.7213397217e+02 5.7213201904e+02 5.7212799072e+02 5.7208099365e+02 5.7211297607e+02 5.7210699463e+02 5.7188598633e+02 5.7080499268e+02 5.6987500000e+02 5.6948101807e+02 5.6958197021e+02 5.6937701416e+02 5.6898101807e+02 5.6866900635e+02 5.6842797852e+02 5.6816900635e+02 5.6795898438e+02 5.6786499023e+02
5.7253302002e+02 5.7254302979e+02 5.7255499268e+02 5.7256701660e+02 5.7257397461e+02 5.7257702637e+02 5.7257098389e+02 5.7255102539e+02 5.7253002930e+02 5.7251397705e+02 5.7250500488e+02 5.7250000000e+02 5.7249902344e+02 5.7249499512e+02 5.7248797607e+02 5.7247601318e+02 5.7244299316e+02 5.7238299561e+02 5.7235601807e+02 5.7234698486e+02 5.7232397461e+02 5.7228198242e+02 5.7224798584e+02 5.7223797607e+02 5.7222100830e+02 5.7218298340e+02 5.7214898682e+02 5.7214697266e+02 5.7214300537e+02 5.7213397217e+02 5.7211297607e+02 5.7209197998e+02 5.7214801025e+02 5.7190600586e+02 5.7105200195e+02 5.6994097900e+02 5.6947497559e+02 5.6944598389e+02 5.6950201416e+02 5.6905102539e+02 5.6863098145e+02 5.6849499512e+02 5.6827099609e+02 5.6790600586e+02 5.6779602051e+02 5.6776501465e+02
5.7251599121e+02 5.7252899170e+02 5.7253997803e+02 5.7254998779e+02 5.7255700684e+02 5.7255902100e+02 5.7255902100e+02 5.7255200195e+02 5.7253601074e+02 5.7252001953e+02 5.7250598145e+02 5.7248797607e+02 5.7250000000e+02 5.7250402832e+02 5.7245501709e+02 5.7244299316e+02 5.7241601563e+02 5.7235198975e+02 5.7230798340e+02 5.7229498291e+02 5.7227301025e+02 5.7224401855e+02 5.7222601318e+02 5.7221899414e+02 5.7220300293e+02 5.7217297363e+02 5.7214599609e+02 5.7214398193e+02 5.7214099121e+02 5.7213397217e+02 5.7207702637e+02 5.7210400391e+02 5.7218200684e+02 5.7152099609e+02 5.6989202881e+02 5.6950598145e+02 5.6943103027e+02 5.6939801025e+02 5.6914300537e+02 5.6868402100e+02 5.6847802734e+02 5.6834600830e+02 5.6800500488e+02 5.6768103027e+02 5.6766302490e+02 5.6763098145e+02
5.7250201416e+02 5.7251702881e+02 5.7252899170e+02 5.7253802490e+02 5.7254302979e+02 5.7254498291e+02 5.7254498291e+02 5.7254302979e+02 5.7253302002e+02 5.7252001953e+02 5.7250299072e+02 5.7248101807e+02 5.7247302246e+02 5.7247399902e+02 5.7243597412e+02 5.7238098145e+02 5.7235601807e+02 5.7232501221e+02 5.7227697754e+02 5.7226397705e+02 5.7225097656e+02 5.7222698975e+02 5.7221502686e+02 5.7220397949e+02 5.7217999268e+02 5.7215997314e+02 5.7214898682e+02 5.7215002441e+02 5.7213000488e+02 5.7210998535e+02 5.7208197021e+02 5.7220898438e+02 5.7191802979e+02 5.7078198242e+02 5.6957702637e+02 5.6943798828e+02 5.6932098389e+02 5.6911602783e+02 5.6870501709e+02 5.6843798828e+02 5.6831799316e+02 5.6810101318e+02 5.6776800537e+02 5.6740301514e+02 5.6730902100e+02 5.6726800537e+02
5.7248699951e+02 5.7250500488e+02 5.7251898193e+02 5.7253002930e+02 5.7253601074e+02 5.7253802490e+02 5.7253601074e+02 5.7253198242e+02 5.7252301025e+02 5.7251300049e+02 5.7249902344e+02 5.7247802734e+02 5.7246398926e+02 5.7246398926e+02 5.7243902588e+02 5.7233898926e+02 5.7229699707e+02 5.7230499268e+02 5.7226397705e+02 5.7224597168e+02 5.7223400879e+02 5.7221002197e+02 5.7219500732e+02 5.7218499756e+02 5.7217102051e+02 5.7215002441e+02 5.7213000488e+02 5.7213201904e+02 5.7211297607e+02 5.7208599854e+02 5.7216802979e+02 5.7206896973e+02 5.7108398438e+02 5.6988098145e+02 5.6940600586e+02 5.6936499023e+02 5.6923602295e+02 5.6887701416e+02 5.6841101074e+02 5.6827398682e+02 5.6811102295e+02 5.6783898926e+02 5.6752899170e+02 5.6708001709e+02 5.6690600586e+02 5.6686999512e+02
5.7247198486e+02 5.7249298096e+02 5.7251098633e+02 5.7252502441e+02 5.7253198242e+02 5.7253497314e+02 5.7253100586e+02 5.7252502441e+02 5.7251599121e+02 5.7250500488e+02 5.7249102783e+02 5.7247601318e+02 5.7246301270e+02 5.7246099854e+02 5.7244897461e+02 5.7234002686e+02 5.7225701904e+02 5.7227301025e+02 5.7225402832e+02 5.7222900391e+02 5.7221697998e+02 5.7219500732e+02 5.7217797852e+02 5.7216302490e+02 5.7215197754e+02 5.7212200928e+02 5.7209698486e+02 5.7208599854e+02 5.7209600830e+02 5.7209899902e+02 5.7214697266e+02 5.7132098389e+02 5.7009600830e+02 5.6937298584e+02 5.6934301758e+02 5.6928002930e+02 5.6906402588e+02 5.6857598877e+02 5.6823297119e+02 5.6811401367e+02 5.6788201904e+02 5.6760498047e+02 5.6733300781e+02 5.6686901855e+02 5.6666998291e+02 5.6658502197e+02
5.7245202637e+02 5.7247802734e+02 5.7250897217e+02 5.7252301025e+02 5.7253002930e+02 5.7253002930e+02 5.7252001953e+02 5.7252001953e+02 5.7250897217e+02 5.7249499512e+02 5.7248199463e+02 5.7247198486e+02 5.7246002197e+02 5.7244702148e+02 5.7243499756e+02 5.7237701416e+02 5.7227301025e+02 5.7223400879e+02 5.7222900391e+02 5.7219897461e+02 5.7218499756e+02 5.7217297363e+02 5.7216400146e+02 5.7214300537e+02 5.7211798096e+02 5.7210498047e+02 5.7214001465e+02 5.7202197266e+02 5.7211901855e+02 5.7219897461e+02 5.7146197510e+02 5.7003399658e+02 5.6940100098e+02 5.6933197021e+02 5.6923297119e+02 5.6917602539e+02 5.6877801514e+02 5.6826397705e+02 5.6807397461e+02 5.6790600586e+02 5.6765698242e+02 5.6738897705e+02 5.6709301758e+02 5.6665899658e+02 5.6641302490e+02 5.6623199463e+02
5.7242901611e+02 5.7246197510e+02 5.7250000000e+02 5.7252099609e+02 5.7253002930e+02 5.7253100586e+02 5.7252801514e+02 5.7252301025e+02 5.7250598145e+02 5.7248400879e+02 5.7246197510e+02 5.7246197510e+02 5.7245800781e+02 5.7244097900e+02 5.7243200684e+02 5.7240502930e+02 5.7231799316e+02 5.7224200439e+02 5.7221398926e+02 5.7218200684e+02 5.7215502930e+02 5.7213897705e+02 5.7213500977e+02 5.7213299561e+02 5.7210797119e+02 5.7208099365e+02 5.7203399658e+02 5.7210498047e+02 5.7233300781e+02 5.7192602539e+02 5.7038098145e+02 5.6942700195e+02 5.6934100342e+02 5.6931597900e+02 5.6918402100e+02 5.6899798584e+02 5.6844500732e+02 5.6807598877e+02 5.6791400146e+02 5.6763397217e+02 5.6736297607e+02 5.6712298584e+02 5.6689398193e+02 5.6647698975e+02 5.6612402344e+02 5.6594500732e+02
5.7241601563e+02 5.7245300293e+02 5.7249499512e+02 5.7252197266e+02 5.7253601074e+02 5.7254199219e+02 5.7254699707e+02 5.7254400635e+02 5.7252398682e+02 5.7249401855e+02 5.7245697021e+02 5.7246301270e+02 5.7246398926e+02 5.7244500732e+02 5.7241699219e+02 5.7237799072e+02 5.7230297852e+02 5.7224499512e+02 5.7222302246e+02 5.7219396973e+02 5.7214599609e+02 5.7210900879e+02 5.7210400391e+02 5.7212298584e+02 5.7211102295e+02 5.7206799316e+02 5.7200402832e+02 5.7230200195e+02 5.7225000000e+02 5.7121398926e+02 5.6962402344e+02 5.6933801270e+02 5.6930902100e+02 5.6920697021e+02 5.6910302734e+02 5.6865100098e+02 5.6811700439e+02 5.6789300537e+02 5.6767498779e+02 5.6734197998e+02 5.6709997559e+02 5.6690997314e+02 5.6670202637e+02 5.6633801270e+02 5.6592999268e+02 5.6573400879e+02
5.7240802002e+02 5.7245098877e+02 5.7249597168e+02 5.7252697754e+02 5.7254797363e+02 5.7255902100e+02 5.7257202148e+02 5.7257897949e+02 5.7255798340e+02 5.7252001953e+02 5.7246997070e+02 5.7245599365e+02 5.7243701172e+02 5.7240301514e+02 5.7235601807e+02 5.7229901123e+02 5.7223199463e+02 5.7220898438e+02 5.7223199463e+02 5.7222302246e+02 5.7216302490e+02 5.7209802246e+02 5.7206799316e+02 5.7209100342e+02 5.7208898926e+02 5.7204998779e+02 5.7205603027e+02 5.7228302002e+02 5.7165100098e+02 5.7028997803e+02 5.6934600830e+02 5.6932598877e+02 5.6920202637e+02 5.6909698486e+02 5.6900799561e+02 5.6831402588e+02 5.6789300537e+02 5.6772399902e+02 5.6737701416e+02 5.6708197021e+02 5.6689202881e+02 5.6668499756e+02 5.6637402344e+02 5.6605297852e+02 5.6570300293e+02 5.6553497314e+02
5.7241101074e+02 5.7245300293e+02 5.7249902344e+02 5.7254797363e+02 5.7257397461e+02 5.7258801270e+02 5.7260101318e+02 5.7262402344e+02 5.7261297607e+02 5.7256799316e+02 5.7247802734e+02 5.7236999512e+02 5.7229199219e+02 5.7225000000e+02 5.7220697021e+02 5.7218701172e+02 5.7216302490e+02 5.7217602539e+02 5.7222497559e+02 5.7224298096e+02 5.7219000244e+02 5.7211499023e+02 5.7208697510e+02 5.7204797363e+02 5.7204901123e+02 5.7207702637e+02 5.7219799805e+02 5.7184399414e+02 5.7065997314e+02 5.6952099609e+02 5.6928698730e+02 5.6918402100e+02 5.6908099365e+02 5.6905401611e+02 5.6880499268e+02 5.6812597656e+02 5.6771301270e+02 5.6744799805e+02 5.6702899170e+02 5.6680700684e+02 5.6657501221e+02 5.6624200439e+02 5.6585101318e+02 5.6561401367e+02 5.6541400146e+02 5.6532702637e+02
5.7242401123e+02 5.7246301270e+02 5.7251898193e+02 5.7258099365e+02 5.7260198975e+02 5.7261102295e+02 5.7261199951e+02 5.7262701416e+02 5.7263201904e+02 5.7260400391e+02 5.7250000000e+02 5.7219897461e+02 5.7197601318e+02 5.7193597412e+02 5.7199401855e+02 5.7202099609e+02 5.7208300781e+02 5.7216900635e+02 5.7223797607e+02 5.7226000977e+02 5.7221002197e+02 5.7213098145e+02 5.7207598877e+02 5.7201898193e+02 5.7211700439e+02 5.7210198975e+02 5.7166601563e+02 5.7051898193e+02 5.6958599854e+02 5.6922698975e+02 5.6921801758e+02 5.6913397217e+02 5.6906402588e+02 5.6883697510e+02 5.6822302246e+02 5.6778302002e+02 5.6747900391e+02 5.6715997314e+02 5.6682501221e+02 5.6647399902e+02 5.6610900879e+02 5.6583898926e+02 5.6565997314e+02 5.6550402832e+02 5.6529699707e+02 5.6504901123e+02
5.7244897461e+02 5.7249102783e+02 5.7254699707e+02 5.7260101318e+02 5.7261700439e+02 5.7262200928e+02 5.7261901855e+02 5.7262902832e+02 5.7264001465e+02 5.7263500977e+02 5.7258197021e+02 5.7226202393e+02 5.7188500977e+02 5.7175097656e+02 5.7183599854e+02 5.7188598633e+02 5.7198101807e+02 5.7210101318e+02 5.7219598389e+02 5.7224499512e+02 5.7221899414e+02 5.7214501953e+02 5.7205700684e+02 5.7208398438e+02 5.7225299072e+02 5.7191198730e+02 5.7080999756e+02 5.6952697754e+02 5.6919201660e+02 5.6924499512e+02 5.6920098877e+02 5.6903302002e+02 5.6872698975e+02 5.6832299805e+02 5.6783197021e+02 5.6758898926e+02 5.6730401611e+02 5.6697198486e+02 5.6668597412e+02 5.6622698975e+02 5.6583099365e+02 5.6566497803e+02 5.6556402588e+02 5.6544702148e+02 5.6529199219e+02 5.6503497314e+02
5.7248901367e+02 5.7253399658e+02 5.7258197021e+02 5.7261901855e+02 5.7262701416e+02 5.7262500000e+02 5.7262402344e+02 5.7263201904e+02 5.7263800049e+02 5.7263500977e+02 5.7266101074e+02 5.7245898438e+02 5.7198498535e+02 5.7173901367e+02 5.7177600098e+02 5.7180603027e+02 5.7188098145e+02 5.7198797607e+02 5.7209600830e+02 5.7218701172e+02 5.7220001221e+02 5.7214801025e+02 5.7204998779e+02 5.7219799805e+02 5.7221002197e+02 5.7138000488e+02 5.6995599365e+02 5.6922100830e+02 5.6929602051e+02 5.6929797363e+02 5.6901800537e+02 5.6864300537e+02 5.6818499756e+02 5.6786901855e+02 5.6763897705e+02 5.6743499756e+02 5.6715197754e+02 5.6682598877e+02 5.6645397949e+02 5.6596600342e+02 5.6568200684e+02 5.6557299805e+02 5.6545800781e+02 5.6536798096e+02 5.6531298828e+02 5.6520800781e+02
5.7254400635e+02 5.7258599854e+02 5.7261798096e+02 5.7261499023e+02 5.7262200928e+02 5.7263000488e+02 5.7265802002e+02 5.7262402344e+02 5.7259497070e+02 5.7256402588e+02 5.7254498291e+02 5.7232501221e+02 5.7190600586e+02 5.7170397949e+02 5.7171899414e+02 5.7175897217e+02 5.7179199219e+02 5.7185601807e+02 5.7189599609e+02 5.7201501465e+02 5.7209899902e+02 5.7214300537e+02 5.7218402100e+02 5.7228997803e+02 5.7172497559e+02 5.7044097900e+02 5.6935998535e+02 5.6918902588e+02 5.6915802002e+02 5.6888500977e+02 5.6845397949e+02 5.6806701660e+02 5.6783502197e+02 5.6766101074e+02 5.6745599365e+02 5.6727600098e+02 5.6706097412e+02 5.6677600098e+02 5.6636798096e+02 5.6570098877e+02 5.6553802490e+02 5.6546697998e+02 5.6535400391e+02 5.6530798340e+02 5.6527099609e+02 5.6515399170e+02
5.7261499023e+02 5.7261401367e+02 5.7261602783e+02 5.7263598633e+02 5.7265997314e+02 5.7264801025e+02 5.7261602783e+02 5.7242797852e+02 5.7223797607e+02 5.7210998535e+02 5.7195001221e+02 5.7176397705e+02 5.7167700195e+02 5.7168200684e+02 5.7169201660e+02 5.7168701172e+02 5.7168902588e+02 5.7172802734e+02 5.7178100586e+02 5.7189001465e+02 5.7204101563e+02 5.7214501953e+02 5.7228302002e+02 5.7190002441e+02 5.7064202881e+02 5.6951702881e+02 5.6917102051e+02 5.6893701172e+02 5.6855401611e+02 5.6813500977e+02 5.6799200439e+02 5.6797698975e+02 5.6778802490e+02 5.6747100830e+02 5.6730700684e+02 5.6713000488e+02 5.6683697510e+02 5.6644000244e+02 5.6598297119e+02 5.6555902100e+02 5.6545599365e+02 5.6540100098e+02 5.6527197266e+02 5.6528802490e+02 5.6504998779e+02 5.6448999023e+02
5.7266497803e+02 5.7263800049e+02 5.7263800049e+02 5.7268103027e+02 5.7265802002e+02 5.7255499268e+02 5.7236602783e+02 5.7205999756e+02 5.7185699463e+02 5.7175701904e+02 5.7168103027e+02 5.7165997314e+02 5.7169000244e+02 5.7171099854e+02 5.7167700195e+02 5.7164099121e+02 5.7161798096e+02 5.7163800049e+02 5.7170898438e+02 5.7183398438e+02 5.7192297363e+02 5.7190802002e+02 5.7191198730e+02 5.7105999756e+02 5.6975402832e+02 5.6910400391e+02 5.6911999512e+02 5.6879101563e+02 5.6845599365e+02 5.6805603027e+02 5.6792401123e+02 5.6801000977e+02 5.6772198486e+02 5.6731597900e+02 5.6716900635e+02 5.6688397217e+02 5.6644897461e+02 5.6599102783e+02 5.6561798096e+02 5.6539099121e+02 5.6534197998e+02 5.6530902100e+02 5.6522998047e+02 5.6527899170e+02 5.6497698975e+02 5.6430603027e+02
5.7269201660e+02 5.7265399170e+02 5.7263800049e+02 5.7261798096e+02 5.7250299072e+02 5.7230603027e+02 5.7200402832e+02 5.7175701904e+02 5.7167401123e+02 5.7166802979e+02 5.7169702148e+02 5.7172802734e+02 5.7171600342e+02 5.7169396973e+02 5.7166198730e+02 5.7162701416e+02 5.7159600830e+02 5.7159997559e+02 5.7168200684e+02 5.7174102783e+02 5.7165600586e+02 5.7141198730e+02 5.7100201416e+02 5.7003900146e+02 5.6921997070e+02 5.6899798584e+02 5.6898199463e+02 5.6860498047e+02 5.6838897705e+02 5.6810998535e+02 5.6799200439e+02 5.6795300293e+02 5.6757501221e+02 5.6719598389e+02 5.6697998047e+02 5.6653802490e+02 5.6607501221e+02 5.6569201660e+02 5.6541101074e+02 5.6524798584e+02 5.6521099854e+02 5.6520202637e+02 5.6517797852e+02 5.6508099365e+02 5.6468499756e+02 5.6405297852e+02
