TESTSERVER/7/12.asc
NCOLS 100
NROWS 100
XLLCORNER 7.8497500000e+03
YLLCORNER 2.8935025000e+05
CELLSIZE 5.0000000000e-01
NODATA_VALUE -9.9990000000e+03
[rows 40 to 59 of 100, columns 46 to 91 of 100]
5.6692700195e+02 5.6661499023e+02 5.6630902100e+02 5.6605603027e+02 5.6581896973e+02 5.6559197998e+02 5.6532501221e+02 5.6507202148e+02 5.6473602295e+02 5.6440002441e+02 5.6420800781e+02 5.6399401855e+02 5.6367797852e+02 5.6340997314e+02 5.6323199463e+02 5.6297998047e+02 5.6270397949e+02 5.6244500732e+02 5.6222497559e+02 5.6210101318e+02 5.6187597656e+02 5.6157397461e+02 5.6131597900e+02 5.6110797119e+02 5.6083599854e+02 5.6052697754e+02 5.6022900391e+02 5.5986999512e+02 5.5940100098e+02 5.5891101074e+02 5.5844799805e+02 5.5817401123e+02 5.5801599121e+02 5.5795397949e+02 5.5796600342e+02 5.5801501465e+02 5.5804199219e+02 5.5805902100e+02 5.5809301758e+02 5.5775402832e+02 5.5730902100e+02 5.5697998047e+02 5.5670001221e+02 5.5647601318e+02 5.5626202393e+02 5.5583697510e+02
5.6655798340e+02 5.6623699951e+02 5.6600000000e+02 5.6577001953e+02 5.6550201416e+02 5.6521697998e+02 5.6493902588e+02 5.6466198730e+02 5.6433801270e+02 5.6408197021e+02 5.6394097900e+02 5.6368200684e+02 5.6337298584e+02 5.6313299561e+02 5.6295202637e+02 5.6272698975e+02 5.6246002197e+02 5.6221398926e+02 5.6201000977e+02 5.6184399414e+02 5.6155401611e+02 5.6123901367e+02 5.6103802490e+02 5.6084197998e+02 5.6056298828e+02 5.6023797607e+02 5.5987097168e+02 5.5944702148e+02 5.5898602295e+02 5.5855999756e+02 5.5821197510e+02 5.5802801514e+02 5.5794201660e+02 5.5791802979e+02 5.5795697021e+02 5.5799902344e+02 5.5805102539e+02 5.5808898926e+02 5.5790600586e+02 5.5734497070e+02 5.5698498535e+02 5.5673498535e+02 5.5644598389e+02 5.5625000000e+02 5.5606097412e+02 5.5563897705e+02
5.6622698975e+02 5.6591497803e+02 5.6570898438e+02 5.6548901367e+02 5.6519299316e+02 5.6486602783e+02 5.6455700684e+02 5.6426098633e+02 5.6398699951e+02 5.6379998779e+02 5.6365997314e+02 5.6336901855e+02 5.6307800293e+02 5.6284399414e+02 5.6263098145e+02 5.6240502930e+02 5.6216497803e+02 5.6196502686e+02 5.6177001953e+02 5.6153002930e+02 5.6121099854e+02 5.6092102051e+02 5.6075701904e+02 5.6056402588e+02 5.6025201416e+02 5.5986297607e+02 5.5944799805e+02 5.5901599121e+02 5.5859497070e+02 5.5826202393e+02 5.5803002930e+02 5.5792999268e+02 5.5790600586e+02 5.5791900635e+02 5.5796801758e+02 5.5802001953e+02 5.5805297852e+02 5.5794799805e+02 5.5756799316e+02 5.5704101563e+02 5.5673699951e+02 5.5652001953e+02 5.5626599121e+02 5.5601702881e+02 5.5572100830e+02 5.5525799561e+02
5.6588702393e+02 5.6558099365e+02 5.6536700439e+02 5.6515600586e+02 5.6485601807e+02 5.6451000977e+02 5.6416302490e+02 5.6386700439e+02 5.6364398193e+02 5.6347998047e+02 5.6329998779e+02 5.6300897217e+02 5.6274902344e+02 5.6253497314e+02 5.6231701660e+02 5.6209197998e+02 5.6187597656e+02 5.6170300293e+02 5.6149700928e+02 5.6122302246e+02 5.6090802002e+02 5.6063201904e+02 5.6045599365e+02 5.6024798584e+02 5.5989501953e+02 5.5944897461e+02 5.5899798584e+02 5.5860498047e+02 5.5828399658e+02 5.5806597900e+02 5.5792297363e+02 5.5787500000e+02 5.5788598633e+02 5.5792401123e+02 5.5798199463e+02 5.5803997803e+02 5.5794702148e+02 5.5760900879e+02 5.5716400146e+02 5.5673602295e+02 5.5647497559e+02 5.5627502441e+02 5.5605798340e+02 5.5572198486e+02 5.5527697754e+02 5.5476397705e+02
5.6553997803e+02 5.6516900635e+02 5.6484301758e+02 5.6472698975e+02 5.6445697021e+02 5.6412200928e+02 5.6377801514e+02 5.6353302002e+02 5.6332397461e+02 5.6312902832e+02 5.6290600586e+02 5.6265100098e+02 5.6243402100e+02 5.6224798584e+02 5.6204901123e+02 5.6181298828e+02 5.6160699463e+02 5.6140997314e+02 5.6117498779e+02 5.6091699219e+02 5.6064501953e+02 5.6038702393e+02 5.6017602539e+02 5.5992999268e+02 5.5954797363e+02 5.5907598877e+02 5.5861102295e+02 5.5829199219e+02 5.5807299805e+02 5.5794299316e+02 5.5787298584e+02 5.5785198975e+02 5.5787902832e+02 5.5793701172e+02 5.5801397705e+02 5.5800598145e+02 5.5776599121e+02 5.5732299805e+02 5.5691400146e+02 5.5644598389e+02 5.5619897461e+02 5.5601501465e+02 5.5575500488e+02 5.5531500244e+02 5.5479797363e+02 5.5435998535e+02
5.6542901611e+02 5.6492199707e+02 5.6444598389e+02 5.6426000977e+02 5.6400097656e+02 5.6370697021e+02 5.6343597412e+02 5.6324401855e+02 5.6301202393e+02 5.6277697754e+02 5.6254199219e+02 5.6231298828e+02 5.6211297607e+02 5.6192602539e+02 5.6174298096e+02 5.6153601074e+02 5.6133898926e+02 5.6113397217e+02 5.6092401123e+02 5.6069299316e+02 5.6044598389e+02 5.6018499756e+02 5.5992102051e+02 5.5960797119e+02 5.5919201660e+02 5.5872399902e+02 5.5830798340e+02 5.5807897949e+02 5.5793798828e+02 5.5785797119e+02 5.5783197021e+02 5.5783898926e+02 5.5788098145e+02 5.5793902588e+02 5.5799102783e+02 5.5782397461e+02 5.5752502441e+02 5.5711901855e+02 5.5663598633e+02 5.5616101074e+02 5.5593798828e+02 5.5575897217e+02 5.5544000244e+02 5.5504199219e+02 5.5459197998e+02 5.5421502686e+02
5.6518499756e+02 5.6465698242e+02 5.6407800293e+02 5.6382299805e+02 5.6357202148e+02 5.6333197021e+02 5.6313800049e+02 5.6296002197e+02 5.6271502686e+02 5.6247100830e+02 5.6222399902e+02 5.6200299072e+02 5.6181298828e+02 5.6162298584e+02 5.6142700195e+02 5.6123297119e+02 5.6104498291e+02 5.6085400391e+02 5.6067102051e+02 5.6046899414e+02 5.6023901367e+02 5.5996197510e+02 5.5963299561e+02 5.5921997070e+02 5.5878399658e+02 5.5837799072e+02 5.5806896973e+02 5.5792498779e+02 5.5784600830e+02 5.5780700684e+02 5.5780297852e+02 5.5783197021e+02 5.5789202881e+02 5.5792602539e+02 5.5789202881e+02 5.5760601807e+02 5.5726898193e+02 5.5680999756e+02 5.5625097656e+02 5.5585101318e+02 5.5562298584e+02 5.5538500977e+02 5.5506799316e+02 5.5477899170e+02 5.5440899658e+02 5.5405700684e+02
5.6453198242e+02 5.6409399414e+02 5.6367498779e+02 5.6342602539e+02 5.6319500732e+02 5.6300000000e+02 5.6283898926e+02 5.6263098145e+02 5.6238800049e+02 5.6216400146e+02 5.6193200684e+02 5.6170898438e+02 5.6152398682e+02 5.6133801270e+02 5.6113098145e+02 5.6094702148e+02 5.6076000977e+02 5.6057000732e+02 5.6040002441e+02 5.6021099854e+02 5.5997998047e+02 5.5968103027e+02 5.5930798340e+02 5.5884399414e+02 5.5842901611e+02 5.5811999512e+02 5.5792297363e+02 5.5782397461e+02 5.5777398682e+02 5.5776702881e+02 5.5778601074e+02 5.5783898926e+02 5.5788702393e+02 5.5779302979e+02 5.5759899902e+02 5.5732702637e+02 5.5697998047e+02 5.5641802979e+02 5.5580902100e+02 5.5552001953e+02 5.5528399658e+02 5.5498999023e+02 5.5471002197e+02 5.5450701904e+02 5.5419097900e+02 5.5387701416e+02
5.6383502197e+02 5.6353698730e+02 5.6332397461e+02 5.6305401611e+02 5.6286401367e+02 5.6270800781e+02 5.6252001953e+02 5.6229101563e+02 5.6207098389e+02 5.6186602783e+02 5.6160101318e+02 5.6138397217e+02 5.6121697998e+02 5.6104797363e+02 5.6086102295e+02 5.6069598389e+02 5.6050201416e+02 5.6030798340e+02 5.6013702393e+02 5.5993200684e+02 5.5967498779e+02 5.5933697510e+02 5.5895098877e+02 5.5853497314e+02 5.5818798828e+02 5.5796398926e+02 5.5783502197e+02 5.5776300049e+02 5.5772698975e+02 5.5774200439e+02 5.5777697754e+02 5.5784802246e+02 5.5781500244e+02 5.5753399658e+02 5.5722198486e+02 5.5696600342e+02 5.5655798340e+02 5.5596899414e+02 5.5547698975e+02 5.5523498535e+02 5.5500000000e+02 5.5472198486e+02 5.5450299072e+02 5.5429302979e+02 5.5398901367e+02 5.5373602295e+02
5.6357598877e+02 5.6326800537e+02 5.6294000244e+02 5.6269299316e+02 5.6256298828e+02 5.6241101074e+02 5.6218499756e+02 5.6197100830e+02 5.6176501465e+02 5.6155999756e+02 5.6131298828e+02 5.6111602783e+02 5.6100500488e+02 5.6084802246e+02 5.6063299561e+02 5.6043798828e+02 5.6023699951e+02 5.6004901123e+02 5.5986297607e+02 5.5965997314e+02 5.5938299561e+02 5.5901000977e+02 5.5861700439e+02 5.5824902344e+02 5.5797998047e+02 5.5783197021e+02 5.5775897217e+02 5.5771801758e+02 5.5771502686e+02 5.5775097656e+02 5.5778399658e+02 5.5782598877e+02 5.5765600586e+02 5.5724401855e+02 5.5681597900e+02 5.5645202637e+02 5.5601000977e+02 5.5555603027e+02 5.5524798584e+02 5.5503698730e+02 5.5478100586e+02 5.5453497314e+02 5.5435699463e+02 5.5416699219e+02 5.5386102295e+02 5.5365997314e+02
5.6326000977e+02 5.6292797852e+02 5.6257897949e+02 5.6240802002e+02 5.6227899170e+02 5.6206799316e+02 5.6181500244e+02 5.6162701416e+02 5.6144097900e+02 5.6125402832e+02 5.6105102539e+02 5.6090301514e+02 5.6082000732e+02 5.6065600586e+02 5.6040600586e+02 5.6018200684e+02 5.5996801758e+02 5.5977697754e+02 5.5959301758e+02 5.5939099121e+02 5.5909399414e+02 5.5870800781e+02 5.5832702637e+02 5.5803002930e+02 5.5783898926e+02 5.5775097656e+02 5.5771301270e+02 5.5769799805e+02 5.5772100830e+02 5.5774298096e+02 5.5775701904e+02 5.5761602783e+02 5.5726000977e+02 5.5678997803e+02 5.5637097168e+02 5.5599597168e+02 5.5561798096e+02 5.5528399658e+02 5.5506298828e+02 5.5483502197e+02 5.5458300781e+02 5.5437097168e+02 5.5425097656e+02 5.5411199951e+02 5.5385998535e+02 5.5369201660e+02
5.6291101074e+02 5.6259100342e+02 5.6228399658e+02 5.6214501953e+02 5.6196801758e+02 5.6171197510e+02 5.6146997070e+02 5.6129901123e+02 5.6112200928e+02 5.6095001221e+02 5.6077398682e+02 5.6064001465e+02 5.6054602051e+02 5.6036901855e+02 5.6013299561e+02 5.5992102051e+02 5.5971801758e+02 5.5952197266e+02 5.5932000732e+02 5.5909002686e+02 5.5877697754e+02 5.5841198730e+02 5.5807598877e+02 5.5786401367e+02 5.5774902344e+02 5.5770800781e+02 5.5769201660e+02 5.5769598389e+02 5.5772198486e+02 5.5769396973e+02 5.5765502930e+02 5.5727001953e+02 5.5681597900e+02 5.5640698242e+02 5.5604400635e+02 5.5572302246e+02 5.5542797852e+02 5.5516601563e+02 5.5493103027e+02 5.5467199707e+02 5.5442797852e+02 5.5424499512e+02 5.5415502930e+02 5.5406896973e+02 5.5388000488e+02 5.5372100830e+02
5.6255401611e+02 5.6229602051e+02 5.6205297852e+02 5.6187402344e+02 5.6165301514e+02 5.6139898682e+02 5.6117498779e+02 5.6099798584e+02 5.6080999756e+02 5.6063702393e+02 5.6048699951e+02 5.6036700439e+02 5.6023297119e+02 5.6004602051e+02 5.5983197021e+02 5.5964501953e+02 5.5945397949e+02 5.5923901367e+02 5.5898901367e+02 5.5873999023e+02 5.5843103027e+02 5.5812500000e+02 5.5787799072e+02 5.5775000000e+02 5.5769097900e+02 5.5767999268e+02 5.5767297363e+02 5.5768701172e+02 5.5771801758e+02 5.5765100098e+02 5.5740197754e+02 5.5691699219e+02 5.5653997803e+02 5.5623498535e+02 5.5588098145e+02 5.5560101318e+02 5.5534997559e+02 5.5509002686e+02 5.5479998779e+02 5.5452197266e+02 5.5429602051e+02 5.5413897705e+02 5.5403601074e+02 5.5397399902e+02 5.5382800293e+02 5.5364300537e+02
5.6223199463e+02 5.6201202393e+02 5.6179302979e+02 5.6160198975e+02 5.6135797119e+02 5.6109802246e+02 5.6088702393e+02 5.6072399902e+02 5.6054602051e+02 5.6037402344e+02 5.6022698975e+02 5.6009997559e+02 5.5994299316e+02 5.5975097656e+02 5.5953698730e+02 5.5929901123e+02 5.5908099365e+02 5.5887200928e+02 5.5865100098e+02 5.5840197754e+02 5.5813702393e+02 5.5791601563e+02 5.5777197266e+02 5.5768499756e+02 5.5764501953e+02 5.5764599609e+02 5.5764697266e+02 5.5767102051e+02 5.5765502930e+02 5.5741900635e+02 5.5700299072e+02 5.5661999512e+02 5.5637701416e+02 5.5614300537e+02 5.5588897705e+02 5.5556799316e+02 5.5522399902e+02 5.5491601563e+02 5.5463897705e+02 5.5434698486e+02 5.5415502930e+02 5.5402801514e+02 5.5392999268e+02 5.5391302490e+02 5.5382098389e+02 5.5364001465e+02
5.6192797852e+02 5.6172698975e+02 5.6153997803e+02 5.6134301758e+02 5.6109600830e+02 5.6085498047e+02 5.6066998291e+02 5.6051300049e+02 5.6032702637e+02 5.6016601563e+02 5.6002502441e+02 5.5986401367e+02 5.5967797852e+02 5.5947302246e+02 5.5926800537e+02 5.5901599121e+02 5.5877502441e+02 5.5856799316e+02 5.5836102295e+02 5.5813702393e+02 5.5792999268e+02 5.5777398682e+02 5.5768402100e+02 5.5763000488e+02 5.5761700439e+02 5.5762799072e+02 5.5762500000e+02 5.5763098145e+02 5.5751898193e+02 5.5714001465e+02 5.5671002197e+02 5.5647302246e+02 5.5629400635e+02 5.5610601807e+02 5.5588702393e+02 5.5549597168e+02 5.5508801270e+02 5.5475799561e+02 5.5452502441e+02 5.5428601074e+02 5.5412701416e+02 5.5401202393e+02 5.5386401367e+02 5.5381701660e+02 5.5372698975e+02 5.5356097412e+02
5.6159002686e+02 5.6140502930e+02 5.6125201416e+02 5.6106896973e+02 5.6084399414e+02 5.6063201904e+02 5.6045501709e+02 5.6028002930e+02 5.6009197998e+02 5.5995599365e+02 5.5983697510e+02 5.5966699219e+02 5.5946600342e+02 5.5924200439e+02 5.5903601074e+02 5.5879400635e+02 5.5853399658e+02 5.5831597900e+02 5.5812097168e+02 5.5794097900e+02 5.5778802490e+02 5.5767297363e+02 5.5760900879e+02 5.5758898926e+02 5.5759899902e+02 5.5760998535e+02 5.5760198975e+02 5.5756701660e+02 5.5735302734e+02 5.5692498779e+02 5.5655700684e+02 5.5635699463e+02 5.5616699219e+02 5.5594598389e+02 5.5573901367e+02 5.5536602783e+02 5.5495300293e+02 5.5463397217e+02 5.5444097900e+02 5.5422998047e+02 5.5407598877e+02 5.5395800781e+02 5.5376702881e+02 5.5365399170e+02 5.5354400635e+02 5.5340600586e+02
5.6127099609e+02 5.6110302734e+02 5.6094702148e+02 5.6077697754e+02 5.6057702637e+02 5.6037500000e+02 5.6019702148e+02 5.6002600098e+02 5.5985400391e+02 5.5972100830e+02 5.5959899902e+02 5.5945202637e+02 5.5929400635e+02 5.5908001709e+02 5.5881500244e+02 5.5859802246e+02 5.5833599854e+02 5.5810797119e+02 5.5794000244e+02 5.5779797363e+02 5.5767602539e+02 5.5759002686e+02 5.5755902100e+02 5.5756701660e+02 5.5757598877e+02 5.5757299805e+02 5.5759002686e+02 5.5743103027e+02 5.5710101318e+02 5.5671398926e+02 5.5640997314e+02 5.5617498779e+02 5.5594799805e+02 5.5567297363e+02 5.5539599609e+02 5.5516802979e+02 5.5481896973e+02 5.5452301025e+02 5.5433697510e+02 5.5410699463e+02 5.5391302490e+02 5.5376098633e+02 5.5358300781e+02 5.5358398438e+02 5.5352398682e+02 5.5342901611e+02
5.6102398682e+02 5.6085699463e+02 5.6067602539e+02 5.6048999023e+02 5.6028002930e+02 5.6007897949e+02 5.5993902588e+02 5.5978698730e+02 5.5963598633e+02 5.5951702881e+02 5.5944897461e+02 5.5942700195e+02 5.5943200684e+02 5.5928198242e+02 5.5893200684e+02 5.5856701660e+02 5.5820501709e+02 5.5795501709e+02 5.5781896973e+02 5.5768597412e+02 5.5757800293e+02 5.5752801514e+02 5.5752398682e+02 5.5753497314e+02 5.5753100586e+02 5.5751202393e+02 5.5746899414e+02 5.5714599609e+02 5.5679400635e+02 5.5654302979e+02 5.5627001953e+02 5.5596301270e+02 5.5570300293e+02 5.5539501953e+02 5.5502502441e+02 5.5474700928e+02 5.5450799561e+02 5.5432598877e+02 5.5419500732e+02 5.5401702881e+02 5.5385198975e+02 5.5371197510e+02 5.5354797363e+02 5.5359399414e+02 5.5358599854e+02 5.5349401855e+02
5.6078997803e+02 5.6059100342e+02 5.6039202881e+02 5.6020300293e+02 5.6001000977e+02 5.5984301758e+02 5.5973297119e+02 5.5960498047e+02 5.5946697998e+02 5.5937097168e+02 5.5938201904e+02 5.5953997803e+02 5.5967102051e+02 5.5956097412e+02 5.5917199707e+02 5.5866497803e+02 5.5817199707e+02 5.5785797119e+02 5.5770697021e+02 5.5757702637e+02 5.5749298096e+02 5.5747601318e+02 5.5748699951e+02 5.5749798584e+02 5.5749102783e+02 5.5743298340e+02 5.5729699707e+02 5.5687597656e+02 5.5653997803e+02 5.5635998535e+02 5.5607397461e+02 5.5572497559e+02 5.5544799805e+02 5.5512701416e+02 5.5475598145e+02 5.5452197266e+02 5.5440802002e+02 5.5430798340e+02 5.5413702393e+02 5.5397900391e+02 5.5378900146e+02 5.5359497070e+02 5.5347302246e+02 5.5353601074e+02 5.5351098633e+02 5.5340002441e+02
5.6059197998e+02 5.6035198975e+02 5.6014099121e+02 5.5995697021e+02 5.5978900146e+02 5.5964801025e+02 5.5954498291e+02 5.5942199707e+02 5.5929498291e+02 5.5923297119e+02 5.5930798340e+02 5.5957598877e+02 5.5976800537e+02 5.5966400146e+02 5.5927502441e+02 5.5867901611e+02 5.5812097168e+02 5.5778497314e+02 5.5761102295e+02 5.5749102783e+02 5.5743499756e+02 5.5743902588e+02 5.5745397949e+02 5.5747198486e+02 5.5744201660e+02 5.5728302002e+02 5.5699401855e+02 5.5656500244e+02 5.5624902344e+02 5.5607397461e+02 5.5581097412e+02 5.5550897217e+02 5.5524499512e+02 5.5494000244e+02 5.5461499023e+02 5.5444897461e+02 5.5440802002e+02 5.5433099365e+02 5.5410699463e+02 5.5396502686e+02 5.5375799561e+02 5.5352099609e+02 5.5342401123e+02 5.5345300293e+02 5.5339398193e+02 5.5328302002e+02
