TESTSERVER/7/12.asc
NCOLS 100
NROWS 100
XLLCORNER 7.8497500000e+03
YLLCORNER 2.8935025000e+05
CELLSIZE 5.0000000000e-01
NODATA_VALUE -9.9990000000e+03
[rows 80 to 99 of 100, columns 46 to 91 of 100]
5.5744897461e+02 5.5727697754e+02 5.5714398193e+02 5.5709301758e+02 5.5706701660e+02 5.5704302979e+02 5.5699102783e+02 5.5694097900e+02 5.5693402100e+02 5.5694598389e+02 5.5694299316e+02 5.5683197021e+02 5.5653698730e+02 5.5618499756e+02 5.5597100830e+02 5.5554797363e+02 5.5508502197e+02 5.5473297119e+02 5.5454901123e+02 5.5444799805e+02 5.5430200195e+02 5.5411901855e+02 5.5392602539e+02 5.5384497070e+02 5.5385900879e+02 5.5384698486e+02 5.5378497314e+02 5.5376599121e+02 5.5359197998e+02 5.5325000000e+02 5.5291497803e+02 5.5286297607e+02 5.5290600586e+02 5.5296099854e+02 5.5299499512e+02 5.5299102783e+02 5.5296002197e+02 5.5290100098e+02 5.5286102295e+02 5.5288800049e+02 5.5358197021e+02 5.5465997314e+02 5.5529797363e+02 5.5558001709e+02 5.5592999268e+02 5.5618200684e+02
5.5731201172e+02 5.5715502930e+02 5.5707299805e+02 5.5705200195e+02 5.5703802490e+02 5.5701501465e+02 5.5695800781e+02 5.5693103027e+02 5.5694097900e+02 5.5693902588e+02 5.5688098145e+02 5.5671197510e+02 5.5640802002e+02 5.5606402588e+02 5.5575598145e+02 5.5529699707e+02 5.5480401611e+02 5.5445300293e+02 5.5430499268e+02 5.5424200439e+02 5.5410302734e+02 5.5393103027e+02 5.5383300781e+02 5.5385998535e+02 5.5381402588e+02 5.5363702393e+02 5.5345599365e+02 5.5343701172e+02 5.5334997559e+02 5.5316699219e+02 5.5294702148e+02 5.5288702393e+02 5.5291601563e+02 5.5296600342e+02 5.5300000000e+02 5.5306701660e+02 5.5303100586e+02 5.5290399170e+02 5.5282501221e+02 5.5309197998e+02 5.5423901367e+02 5.5528100586e+02 5.5550097656e+02 5.5573901367e+02 5.5606298828e+02 5.5621801758e+02
5.5717999268e+02 5.5705499268e+02 5.5702001953e+02 5.5701098633e+02 5.5698999023e+02 5.5696301270e+02 5.5692602539e+02 5.5692498779e+02 5.5693402100e+02 5.5689099121e+02 5.5676702881e+02 5.5656896973e+02 5.5628601074e+02 5.5595300293e+02 5.5556896973e+02 5.5506701660e+02 5.5456896973e+02 5.5422698975e+02 5.5408801270e+02 5.5402600098e+02 5.5391601563e+02 5.5379498291e+02 5.5376098633e+02 5.5379998779e+02 5.5362500000e+02 5.5327697754e+02 5.5299798584e+02 5.5300000000e+02 5.5303997803e+02 5.5303497314e+02 5.5292498779e+02 5.5283801270e+02 5.5287902832e+02 5.5293902588e+02 5.5298901367e+02 5.5307098389e+02 5.5303601074e+02 5.5299102783e+02 5.5313201904e+02 5.5382202148e+02 5.5496899414e+02 5.5568298340e+02 5.5574298096e+02 5.5593798828e+02 5.5616198730e+02 5.5624298096e+02
5.5708502197e+02 5.5700402832e+02 5.5699401855e+02 5.5697302246e+02 5.5694598389e+02 5.5692401123e+02 5.5690802002e+02 5.5692199707e+02 5.5691101074e+02 5.5680297852e+02 5.5659497070e+02 5.5638000488e+02 5.5609497070e+02 5.5573297119e+02 5.5528100586e+02 5.5478802490e+02 5.5433801270e+02 5.5404602051e+02 5.5392199707e+02 5.5385400391e+02 5.5377600098e+02 5.5370001221e+02 5.5367498779e+02 5.5370001221e+02 5.5344201660e+02 5.5300500488e+02 5.5270300293e+02 5.5271801758e+02 5.5282000732e+02 5.5290600586e+02 5.5285900879e+02 5.5278497314e+02 5.5285400391e+02 5.5294097900e+02 5.5299902344e+02 5.5302801514e+02 5.5299102783e+02 5.5313397217e+02 5.5372698975e+02 5.5476000977e+02 5.5552801514e+02 5.5585699463e+02 5.5596899414e+02 5.5612298584e+02 5.5622698975e+02 5.5625097656e+02
5.5704101563e+02 5.5699902344e+02 5.5698101807e+02 5.5694598389e+02 5.5691699219e+02 5.5690399170e+02 5.5689898682e+02 5.5690802002e+02 5.5684997559e+02 5.5667999268e+02 5.5645001221e+02 5.5628100586e+02 5.5596099854e+02 5.5550299072e+02 5.5497802734e+02 5.5448400879e+02 5.5413000488e+02 5.5390600586e+02 5.5377899170e+02 5.5371197510e+02 5.5364099121e+02 5.5355999756e+02 5.5354797363e+02 5.5349401855e+02 5.5327398682e+02 5.5293798828e+02 5.5275000000e+02 5.5270202637e+02 5.5275701904e+02 5.5281597900e+02 5.5280499268e+02 5.5279400635e+02 5.5288598633e+02 5.5298797607e+02 5.5313201904e+02 5.5297601318e+02 5.5290802002e+02 5.5327197266e+02 5.5431097412e+02 5.5525598145e+02 5.5560498047e+02 5.5583398438e+02 5.5612200928e+02 5.5621600342e+02 5.5624499512e+02 5.5624298096e+02
5.5699298096e+02 5.5696502686e+02 5.5692999268e+02 5.5690502930e+02 5.5688897705e+02 5.5688897705e+02 5.5689099121e+02 5.5685400391e+02 5.5670898438e+02 5.5650897217e+02 5.5636401367e+02 5.5615197754e+02 5.5568597412e+02 5.5516497803e+02 5.5468597412e+02 5.5424102783e+02 5.5394500732e+02 5.5376800537e+02 5.5365802002e+02 5.5356298828e+02 5.5345001221e+02 5.5331201172e+02 5.5323901367e+02 5.5319299316e+02 5.5304797363e+02 5.5286102295e+02 5.5272100830e+02 5.5271301270e+02 5.5275201416e+02 5.5279998779e+02 5.5279498291e+02 5.5283001709e+02 5.5294500732e+02 5.5302502441e+02 5.5305798340e+02 5.5288702393e+02 5.5301702881e+02 5.5372100830e+02 5.5486401367e+02 5.5541198730e+02 5.5571002197e+02 5.5605499268e+02 5.5624102783e+02 5.5627197266e+02 5.5626501465e+02 5.5626300049e+02
5.5693298340e+02 5.5691101074e+02 5.5687902832e+02 5.5686798096e+02 5.5687200928e+02 5.5688000488e+02 5.5686297607e+02 5.5676800537e+02 5.5658300781e+02 5.5638201904e+02 5.5627600098e+02 5.5586102295e+02 5.5521899414e+02 5.5467797852e+02 5.5430902100e+02 5.5397698975e+02 5.5378302002e+02 5.5366400146e+02 5.5355297852e+02 5.5343103027e+02 5.5329602051e+02 5.5313702393e+02 5.5301702881e+02 5.5294299316e+02 5.5283502197e+02 5.5271002197e+02 5.5262200928e+02 5.5262298584e+02 5.5269799805e+02 5.5279797363e+02 5.5282897949e+02 5.5284997559e+02 5.5295202637e+02 5.5301098633e+02 5.5295501709e+02 5.5295898438e+02 5.5341998291e+02 5.5433502197e+02 5.5535400391e+02 5.5562902832e+02 5.5592498779e+02 5.5624102783e+02 5.5629602051e+02 5.5627001953e+02 5.5625799561e+02 5.5627600098e+02
5.5688500977e+02 5.5685998535e+02 5.5683801270e+02 5.5684301758e+02 5.5685998535e+02 5.5686102295e+02 5.5680700684e+02 5.5667999268e+02 5.5648999023e+02 5.5627398682e+02 5.5613897705e+02 5.5549597168e+02 5.5477600098e+02 5.5430297852e+02 5.5404199219e+02 5.5380603027e+02 5.5368298340e+02 5.5357800293e+02 5.5342700195e+02 5.5328399658e+02 5.5314300537e+02 5.5299499512e+02 5.5288397217e+02 5.5279498291e+02 5.5269500732e+02 5.5258697510e+02 5.5249798584e+02 5.5248999023e+02 5.5260400391e+02 5.5276702881e+02 5.5284802246e+02 5.5281701660e+02 5.5287701416e+02 5.5293902588e+02 5.5291601563e+02 5.5331097412e+02 5.5409002686e+02 5.5502099609e+02 5.5571697998e+02 5.5583697510e+02 5.5608398438e+02 5.5630200195e+02 5.5628302002e+02 5.5625201416e+02 5.5625799561e+02 5.5629602051e+02
5.5684698486e+02 5.5682098389e+02 5.5680999756e+02 5.5682702637e+02 5.5684002686e+02 5.5681701660e+02 5.5670800781e+02 5.5656799316e+02 5.5638800049e+02 5.5614599609e+02 5.5577001953e+02 5.5506500244e+02 5.5444299316e+02 5.5411700439e+02 5.5395898438e+02 5.5380401611e+02 5.5366601563e+02 5.5348297119e+02 5.5326000977e+02 5.5310699463e+02 5.5296801758e+02 5.5284600830e+02 5.5275201416e+02 5.5268902588e+02 5.5260797119e+02 5.5252502441e+02 5.5245202637e+02 5.5240997314e+02 5.5250097656e+02 5.5266601563e+02 5.5282598877e+02 5.5281097412e+02 5.5280200195e+02 5.5282098389e+02 5.5296197510e+02 5.5388702393e+02 5.5490301514e+02 5.5566900635e+02 5.5595599365e+02 5.5603997803e+02 5.5618402100e+02 5.5627197266e+02 5.5626397705e+02 5.5626202393e+02 5.5628100586e+02 5.5630603027e+02
5.5682098389e+02 5.5679400635e+02 5.5678302002e+02 5.5680798340e+02 5.5681298828e+02 5.5676800537e+02 5.5662500000e+02 5.5644500732e+02 5.5622802734e+02 5.5589501953e+02 5.5538098145e+02 5.5467999268e+02 5.5415502930e+02 5.5390399170e+02 5.5386199951e+02 5.5381896973e+02 5.5365899658e+02 5.5339801025e+02 5.5312799072e+02 5.5295898438e+02 5.5280700684e+02 5.5265698242e+02 5.5254498291e+02 5.5250402832e+02 5.5247900391e+02 5.5246398926e+02 5.5244702148e+02 5.5240100098e+02 5.5240997314e+02 5.5249798584e+02 5.5269201660e+02 5.5273101807e+02 5.5270098877e+02 5.5284698486e+02 5.5335998535e+02 5.5450000000e+02 5.5548901367e+02 5.5598199463e+02 5.5606097412e+02 5.5618701172e+02 5.5626098633e+02 5.5626599121e+02 5.5625201416e+02 5.5626501465e+02 5.5627801514e+02 5.5628497314e+02
5.5678100586e+02 5.5676300049e+02 5.5676202393e+02 5.5678497314e+02 5.5677001953e+02 5.5668798828e+02 5.5651898193e+02 5.5630102539e+02 5.5600598145e+02 5.5559600830e+02 5.5502801514e+02 5.5441497803e+02 5.5396600342e+02 5.5374499512e+02 5.5373602295e+02 5.5375000000e+02 5.5359802246e+02 5.5331201172e+02 5.5301098633e+02 5.5284802246e+02 5.5270001221e+02 5.5254199219e+02 5.5241998291e+02 5.5240197754e+02 5.5241302490e+02 5.5243902588e+02 5.5246697998e+02 5.5241497803e+02 5.5238098145e+02 5.5240600586e+02 5.5250402832e+02 5.5251000977e+02 5.5266998291e+02 5.5315399170e+02 5.5401702881e+02 5.5508300781e+02 5.5583001709e+02 5.5608001709e+02 5.5608502197e+02 5.5621197510e+02 5.5625000000e+02 5.5624298096e+02 5.5624499512e+02 5.5626898193e+02 5.5628100586e+02 5.5628497314e+02
5.5673999023e+02 5.5673999023e+02 5.5674798584e+02 5.5674902344e+02 5.5669598389e+02 5.5656298828e+02 5.5635498047e+02 5.5607702637e+02 5.5570098877e+02 5.5523101807e+02 5.5465502930e+02 5.5418701172e+02 5.5383898926e+02 5.5363397217e+02 5.5359301758e+02 5.5361999512e+02 5.5348602295e+02 5.5320501709e+02 5.5289398193e+02 5.5274499512e+02 5.5262902832e+02 5.5250500488e+02 5.5238598633e+02 5.5237097168e+02 5.5239898682e+02 5.5244299316e+02 5.5249102783e+02 5.5245501709e+02 5.5240600586e+02 5.5239001465e+02 5.5234197998e+02 5.5236102295e+02 5.5283197021e+02 5.5367297363e+02 5.5473199463e+02 5.5557098389e+02 5.5607397461e+02 5.5617797852e+02 5.5614001465e+02 5.5621301270e+02 5.5623101807e+02 5.5623699951e+02 5.5625701904e+02 5.5628198242e+02 5.5629199219e+02 5.5629199219e+02
5.5671197510e+02 5.5672802734e+02 5.5673498535e+02 5.5668902588e+02 5.5658300781e+02 5.5638800049e+02 5.5610302734e+02 5.5574700928e+02 5.5529199219e+02 5.5478399658e+02 5.5424499512e+02 5.5400500488e+02 5.5380700684e+02 5.5362701416e+02 5.5347698975e+02 5.5344702148e+02 5.5333197021e+02 5.5308697510e+02 5.5278100586e+02 5.5262298584e+02 5.5254602051e+02 5.5248602295e+02 5.5240802002e+02 5.5239501953e+02 5.5242297363e+02 5.5245898438e+02 5.5248101807e+02 5.5241601563e+02 5.5232897949e+02 5.5230798340e+02 5.5223199463e+02 5.5256799316e+02 5.5342199707e+02 5.5440100098e+02 5.5517199707e+02 5.5590698242e+02 5.5627697754e+02 5.5634002686e+02 5.5627697754e+02 5.5626202393e+02 5.5625799561e+02 5.5626599121e+02 5.5628399658e+02 5.5629797363e+02 5.5630401611e+02 5.5630297852e+02
5.5668103027e+02 5.5670599365e+02 5.5668597412e+02 5.5657897949e+02 5.5640698242e+02 5.5614001465e+02 5.5579498291e+02 5.5540698242e+02 5.5496398926e+02 5.5450402832e+02 5.5405603027e+02 5.5384100342e+02 5.5372698975e+02 5.5359698486e+02 5.5338800049e+02 5.5324102783e+02 5.5313201904e+02 5.5294201660e+02 5.5265100098e+02 5.5247198486e+02 5.5241198730e+02 5.5241302490e+02 5.5241802979e+02 5.5243402100e+02 5.5246099854e+02 5.5248602295e+02 5.5245599365e+02 5.5222497559e+02 5.5208502197e+02 5.5214801025e+02 5.5246899414e+02 5.5332202148e+02 5.5438897705e+02 5.5519201660e+02 5.5562200928e+02 5.5613800049e+02 5.5639099121e+02 5.5638500977e+02 5.5630603027e+02 5.5630902100e+02 5.5629901123e+02 5.5629797363e+02 5.5630700684e+02 5.5631298828e+02 5.5631597900e+02 5.5631597900e+02
5.5665997314e+02 5.5668597412e+02 5.5663500977e+02 5.5646301270e+02 5.5621801758e+02 5.5587902832e+02 5.5547698975e+02 5.5507897949e+02 5.5466497803e+02 5.5426501465e+02 5.5389300537e+02 5.5368499756e+02 5.5358502197e+02 5.5347198486e+02 5.5326098633e+02 5.5304101563e+02 5.5289202881e+02 5.5272198486e+02 5.5250799561e+02 5.5237097168e+02 5.5234802246e+02 5.5239398193e+02 5.5244396973e+02 5.5246697998e+02 5.5249499512e+02 5.5252001953e+02 5.5243902588e+02 5.5213000488e+02 5.5201800537e+02 5.5219299316e+02 5.5276000977e+02 5.5392797852e+02 5.5502502441e+02 5.5567797852e+02 5.5593902588e+02 5.5629199219e+02 5.5642102051e+02 5.5637298584e+02 5.5632098389e+02 5.5633300781e+02 5.5632397461e+02 5.5632202148e+02 5.5632501221e+02 5.5632800293e+02 5.5633001709e+02 5.5633001709e+02
5.5664898682e+02 5.5666699219e+02 5.5658801270e+02 5.5636199951e+02 5.5604998779e+02 5.5564398193e+02 5.5518902588e+02 5.5478002930e+02 5.5439300537e+02 5.5405102539e+02 5.5376202393e+02 5.5355401611e+02 5.5341302490e+02 5.5327502441e+02 5.5306201172e+02 5.5281201172e+02 5.5264001465e+02 5.5250799561e+02 5.5241101074e+02 5.5234399414e+02 5.5235101318e+02 5.5240899658e+02 5.5245599365e+02 5.5247802734e+02 5.5251501465e+02 5.5254699707e+02 5.5244799805e+02 5.5211602783e+02 5.5205102539e+02 5.5233398438e+02 5.5307501221e+02 5.5431597900e+02 5.5530798340e+02 5.5583502197e+02 5.5610101318e+02 5.5634497070e+02 5.5638702393e+02 5.5633398438e+02 5.5632202148e+02 5.5634301758e+02 5.5633697510e+02 5.5633697510e+02 5.5633898926e+02 5.5634002686e+02 5.5634197998e+02 5.5634002686e+02
5.5662799072e+02 5.5661798096e+02 5.5656402588e+02 5.5633197021e+02 5.5597198486e+02 5.5548999023e+02 5.5491998291e+02 5.5450097656e+02 5.5413897705e+02 5.5384399414e+02 5.5359399414e+02 5.5340802002e+02 5.5322100830e+02 5.5304498291e+02 5.5284997559e+02 5.5260998535e+02 5.5245599365e+02 5.5239300537e+02 5.5239300537e+02 5.5237902832e+02 5.5238800049e+02 5.5240698242e+02 5.5240399170e+02 5.5244500732e+02 5.5250897217e+02 5.5257397461e+02 5.5261401367e+02 5.5226300049e+02 5.5219396973e+02 5.5253900146e+02 5.5344299316e+02 5.5458197021e+02 5.5533697510e+02 5.5585998535e+02 5.5622302246e+02 5.5631500244e+02 5.5633300781e+02 5.5632000732e+02 5.5633599854e+02 5.5633398438e+02 5.5633398438e+02 5.5633801270e+02 5.5634100342e+02 5.5634698486e+02 5.5634899902e+02 5.5634600830e+02
5.5660101318e+02 5.5657702637e+02 5.5654699707e+02 5.5638000488e+02 5.5601000977e+02 5.5546899414e+02 5.5482501221e+02 5.5434497070e+02 5.5398199463e+02 5.5368499756e+02 5.5340100098e+02 5.5319500732e+02 5.5304101563e+02 5.5286401367e+02 5.5265899658e+02 5.5246398926e+02 5.5236199951e+02 5.5232098389e+02 5.5234802246e+02 5.5239501953e+02 5.5240399170e+02 5.5239398193e+02 5.5236999512e+02 5.5236602783e+02 5.5242199707e+02 5.5249597168e+02 5.5253198242e+02 5.5231896973e+02 5.5231201172e+02 5.5277502441e+02 5.5375500488e+02 5.5486798096e+02 5.5551501465e+02 5.5597998047e+02 5.5619396973e+02 5.5625097656e+02 5.5629400635e+02 5.5630902100e+02 5.5631597900e+02 5.5631799316e+02 5.5632000732e+02 5.5632501221e+02 5.5633398438e+02 5.5634197998e+02 5.5634600830e+02 5.5634497070e+02
5.5659399414e+02 5.5655902100e+02 5.5652398682e+02 5.5636999512e+02 5.5599597168e+02 5.5544500732e+02 5.5479797363e+02 5.5431799316e+02 5.5393798828e+02 5.5360198975e+02 5.5325500488e+02 5.5303997803e+02 5.5290100098e+02 5.5272698975e+02 5.5250799561e+02 5.5239300537e+02 5.5235699463e+02 5.5234197998e+02 5.5232800293e+02 5.5236102295e+02 5.5237298584e+02 5.5236499023e+02 5.5234399414e+02 5.5233197021e+02 5.5235900879e+02 5.5240301514e+02 5.5239398193e+02 5.5229101563e+02 5.5249298096e+02 5.5312902832e+02 5.5420599365e+02 5.5523901367e+02 5.5577697754e+02 5.5605603027e+02 5.5617797852e+02 5.5623901367e+02 5.5627899170e+02 5.5629498291e+02 5.5630200195e+02 5.5630700684e+02 5.5631097412e+02 5.5631597900e+02 5.5632897949e+02 5.5634100342e+02 5.5634600830e+02 5.5634698486e+02
5.5658099365e+02 5.5653100586e+02 5.5646502686e+02 5.5629101563e+02 5.5591802979e+02 5.5539300537e+02 5.5480297852e+02 5.5435101318e+02 5.5394799805e+02 5.5355499268e+02 5.5313500977e+02 5.5289599609e+02 5.5277001953e+02 5.5262402344e+02 5.5242901611e+02 5.5234899902e+02 5.5234600830e+02 5.5236700439e+02 5.5231597900e+02 5.5229901123e+02 5.5230200195e+02 5.5230700684e+02 5.5231799316e+02 5.5233599854e+02 5.5236700439e+02 5.5240899658e+02 5.5237402344e+02 5.5245697021e+02 5.5291699219e+02 5.5370599365e+02 5.5475701904e+02 5.5548999023e+02 5.5591400146e+02 5.5613201904e+02 5.5622100830e+02 5.5626800537e+02 5.5629302979e+02 5.5630200195e+02 5.5629901123e+02 5.5630200195e+02 5.5630700684e+02 5.5631298828e+02 5.5632800293e+02 5.5634301758e+02 5.5634899902e+02 5.5635101318e+02
