TESTSERVER/7/13.asc
NCOLS 100
NROWS 100
XLLCORNER 7.8497500000e+03
YLLCORNER 2.8930025000e+05
CELLSIZE 5.0000000000e-01
NODATA_VALUE -9.9990000000e+03
[rows 80 to 99 of 100, columns 0 to 45 of 100]
5.5502801514e+02 5.5507098389e+02 5.5510400391e+02 5.5513000488e+02 5.5516699219e+02 5.5517102051e+02 5.5516900635e+02 5.5515802002e+02 5.5513800049e+02 5.5513000488e+02 5.5511401367e+02 5.5509600830e+02 5.5508898926e+02 5.5506597900e+02 5.5504101563e+02 5.5500500488e+02 5.5497100830e+02 5.5485400391e+02 5.5459600830e+02 5.5422802734e+02 5.5377801514e+02 5.5321801758e+02 5.5262799072e+02 5.5219097900e+02 5.5185900879e+02 5.5161401367e+02 5.5146600342e+02 5.5138000488e+02 5.5132897949e+02 5.5139801025e+02 5.5141601563e+02 5.5141900635e+02 5.5143499756e+02 5.5139898682e+02 5.5140399170e+02 5.5142199707e+02 5.5147802734e+02 5.5145800781e+02 5.5148400879e+02 5.5158001709e+02 5.5180999756e+02 5.5226202393e+02 5.5268798828e+02 5.5306597900e+02 5.5344000244e+02 5.5408599854e+02
5.5501202393e+02 5.5504699707e+02 5.5508599854e+02 5.5513299561e+02 5.5516699219e+02 5.5515997314e+02 5.5515600586e+02 5.5514599609e+02 5.5513299561e+02 5.5512402344e+02 5.5511199951e+02 5.5509698486e+02 5.5509100342e+02 5.5508801270e+02 5.5506097412e+02 5.5501397705e+02 5.5495800781e+02 5.5480499268e+02 5.5450799561e+02 5.5409100342e+02 5.5358099365e+02 5.5305401611e+02 5.5256402588e+02 5.5213000488e+02 5.5180499268e+02 5.5159002686e+02 5.5144396973e+02 5.5134197998e+02 5.5126397705e+02 5.5128399658e+02 5.5132202148e+02 5.5137402344e+02 5.5140002441e+02 5.5137500000e+02 5.5138000488e+02 5.5140997314e+02 5.5148297119e+02 5.5145898438e+02 5.5146002197e+02 5.5159100342e+02 5.5189697266e+02 5.5236901855e+02 5.5284698486e+02 5.5330603027e+02 5.5371099854e+02 5.5424401855e+02
5.5499200439e+02 5.5502502441e+02 5.5506896973e+02 5.5512402344e+02 5.5515600586e+02 5.5514801025e+02 5.5514697266e+02 5.5514099121e+02 5.5512799072e+02 5.5511700439e+02 5.5510699463e+02 5.5509497070e+02 5.5509301758e+02 5.5509197998e+02 5.5506201172e+02 5.5501000977e+02 5.5494702148e+02 5.5473297119e+02 5.5438702393e+02 5.5394897461e+02 5.5346697998e+02 5.5299499512e+02 5.5251202393e+02 5.5205401611e+02 5.5172698975e+02 5.5155603027e+02 5.5143902588e+02 5.5134497070e+02 5.5123699951e+02 5.5121099854e+02 5.5124102783e+02 5.5130200195e+02 5.5135400391e+02 5.5133697510e+02 5.5134497070e+02 5.5138702393e+02 5.5147399902e+02 5.5144396973e+02 5.5144897461e+02 5.5160400391e+02 5.5194000244e+02 5.5241497803e+02 5.5295001221e+02 5.5347302246e+02 5.5391302490e+02 5.5433001709e+02
5.5496899414e+02 5.5500097656e+02 5.5504699707e+02 5.5509899902e+02 5.5513098145e+02 5.5513299561e+02 5.5513598633e+02 5.5513397217e+02 5.5512298584e+02 5.5511199951e+02 5.5510400391e+02 5.5509399414e+02 5.5509399414e+02 5.5509301758e+02 5.5505999756e+02 5.5500701904e+02 5.5493798828e+02 5.5466400146e+02 5.5428002930e+02 5.5384301758e+02 5.5343402100e+02 5.5297399902e+02 5.5240997314e+02 5.5191699219e+02 5.5163299561e+02 5.5148498535e+02 5.5138800049e+02 5.5131701660e+02 5.5123297119e+02 5.5118798828e+02 5.5120800781e+02 5.5126800537e+02 5.5131799316e+02 5.5129302979e+02 5.5130297852e+02 5.5135699463e+02 5.5144897461e+02 5.5142901611e+02 5.5145501709e+02 5.5163598633e+02 5.5199102783e+02 5.5244702148e+02 5.5298901367e+02 5.5354199219e+02 5.5404602051e+02 5.5445202637e+02
5.5494396973e+02 5.5497698975e+02 5.5502398682e+02 5.5506896973e+02 5.5509002686e+02 5.5511297607e+02 5.5511999512e+02 5.5512298584e+02 5.5512402344e+02 5.5511798096e+02 5.5511199951e+02 5.5510302734e+02 5.5511102295e+02 5.5510400391e+02 5.5507000732e+02 5.5500799561e+02 5.5491400146e+02 5.5459997559e+02 5.5419799805e+02 5.5378198242e+02 5.5340502930e+02 5.5286700439e+02 5.5224597168e+02 5.5178198242e+02 5.5155902100e+02 5.5141900635e+02 5.5132000732e+02 5.5127502441e+02 5.5125402832e+02 5.5119799805e+02 5.5121398926e+02 5.5127001953e+02 5.5129400635e+02 5.5124700928e+02 5.5125500488e+02 5.5131597900e+02 5.5141400146e+02 5.5143597412e+02 5.5150598145e+02 5.5169897461e+02 5.5208599854e+02 5.5251000977e+02 5.5298602295e+02 5.5357598877e+02 5.5416802979e+02 5.5465997314e+02
5.5493298340e+02 5.5496197510e+02 5.5500897217e+02 5.5505902100e+02 5.5508398438e+02 5.5509997559e+02 5.5510998535e+02 5.5511602783e+02 5.5512402344e+02 5.5512799072e+02 5.5512097168e+02 5.5510998535e+02 5.5511798096e+02 5.5512902832e+02 5.5509100342e+02 5.5501599121e+02 5.5489898682e+02 5.5458697510e+02 5.5417901611e+02 5.5373999023e+02 5.5332202148e+02 5.5273999023e+02 5.5213598633e+02 5.5175402832e+02 5.5156597900e+02 5.5140301514e+02 5.5129699707e+02 5.5124902344e+02 5.5122900391e+02 5.5118701172e+02 5.5119396973e+02 5.5123297119e+02 5.5126000977e+02 5.5122601318e+02 5.5120599365e+02 5.5122698975e+02 5.5128302002e+02 5.5133801270e+02 5.5146801758e+02 5.5174401855e+02 5.5229302979e+02 5.5284899902e+02 5.5344702148e+02 5.5411199951e+02 5.5478002930e+02 5.5506597900e+02
5.5491400146e+02 5.5493798828e+02 5.5498101807e+02 5.5503997803e+02 5.5507800293e+02 5.5509197998e+02 5.5510699463e+02 5.5511499023e+02 5.5512298584e+02 5.5512402344e+02 5.5511602783e+02 5.5510302734e+02 5.5511700439e+02 5.5513299561e+02 5.5509100342e+02 5.5501397705e+02 5.5490802002e+02 5.5461901855e+02 5.5419000244e+02 5.5369702148e+02 5.5321197510e+02 5.5259600830e+02 5.5202502441e+02 5.5170300293e+02 5.5152899170e+02 5.5136999512e+02 5.5127899170e+02 5.5122900391e+02 5.5120098877e+02 5.5117797852e+02 5.5118597412e+02 5.5120898438e+02 5.5122802734e+02 5.5120300293e+02 5.5117999268e+02 5.5117901611e+02 5.5120599365e+02 5.5130902100e+02 5.5151300049e+02 5.5189801025e+02 5.5269897461e+02 5.5370397949e+02 5.5443499756e+02 5.5488397217e+02 5.5521197510e+02 5.5526000977e+02
5.5488702393e+02 5.5490399170e+02 5.5493701172e+02 5.5499902344e+02 5.5505700684e+02 5.5507897949e+02 5.5509698486e+02 5.5510998535e+02 5.5511700439e+02 5.5510998535e+02 5.5510198975e+02 5.5508898926e+02 5.5510400391e+02 5.5511700439e+02 5.5507397461e+02 5.5499798584e+02 5.5491400146e+02 5.5464099121e+02 5.5417297363e+02 5.5360998535e+02 5.5303698730e+02 5.5238800049e+02 5.5186499023e+02 5.5160302734e+02 5.5145800781e+02 5.5132397461e+02 5.5124700928e+02 5.5120001221e+02 5.5117102051e+02 5.5116802979e+02 5.5117498779e+02 5.5118701172e+02 5.5119500732e+02 5.5118200684e+02 5.5118103027e+02 5.5119500732e+02 5.5121600342e+02 5.5134899902e+02 5.5160998535e+02 5.5207098389e+02 5.5302600098e+02 5.5432702637e+02 5.5508099365e+02 5.5525000000e+02 5.5526000977e+02 5.5524597168e+02
5.5483697510e+02 5.5486999512e+02 5.5489398193e+02 5.5494799805e+02 5.5501800537e+02 5.5505200195e+02 5.5507397461e+02 5.5509497070e+02 5.5511199951e+02 5.5509301758e+02 5.5508801270e+02 5.5507598877e+02 5.5509197998e+02 5.5509899902e+02 5.5506201172e+02 5.5497698975e+02 5.5484997559e+02 5.5455297852e+02 5.5404998779e+02 5.5344097900e+02 5.5279199219e+02 5.5216198730e+02 5.5174102783e+02 5.5154400635e+02 5.5141198730e+02 5.5127197266e+02 5.5118902588e+02 5.5116302490e+02 5.5116198730e+02 5.5116198730e+02 5.5115997314e+02 5.5115899658e+02 5.5116699219e+02 5.5118200684e+02 5.5122302246e+02 5.5128698730e+02 5.5134399414e+02 5.5147698975e+02 5.5177301025e+02 5.5230102539e+02 5.5303100586e+02 5.5423699951e+02 5.5501098633e+02 5.5518200684e+02 5.5516101074e+02 5.5520397949e+02
5.5480102539e+02 5.5483502197e+02 5.5486102295e+02 5.5490002441e+02 5.5495300293e+02 5.5498999023e+02 5.5501800537e+02 5.5504400635e+02 5.5506201172e+02 5.5505999756e+02 5.5505798340e+02 5.5504199219e+02 5.5503399658e+02 5.5504302979e+02 5.5498199463e+02 5.5484899902e+02 5.5468200684e+02 5.5438598633e+02 5.5387298584e+02 5.5324401855e+02 5.5254400635e+02 5.5188397217e+02 5.5157397461e+02 5.5144897461e+02 5.5132702637e+02 5.5117797852e+02 5.5112097168e+02 5.5113598633e+02 5.5115502930e+02 5.5115802002e+02 5.5115301514e+02 5.5114300537e+02 5.5114501953e+02 5.5117901611e+02 5.5128497314e+02 5.5141998291e+02 5.5154302979e+02 5.5165100098e+02 5.5196301270e+02 5.5258697510e+02 5.5330102539e+02 5.5413702393e+02 5.5482800293e+02 5.5510797119e+02 5.5516198730e+02 5.5520800781e+02
5.5477398682e+02 5.5480798340e+02 5.5482897949e+02 5.5485198975e+02 5.5489001465e+02 5.5492602539e+02 5.5495697021e+02 5.5498297119e+02 5.5499902344e+02 5.5500897217e+02 5.5501098633e+02 5.5499102783e+02 5.5496301270e+02 5.5493798828e+02 5.5484399414e+02 5.5467498779e+02 5.5446600342e+02 5.5414801025e+02 5.5361999512e+02 5.5297998047e+02 5.5228302002e+02 5.5172198486e+02 5.5147998047e+02 5.5136602783e+02 5.5124499512e+02 5.5112902832e+02 5.5109497070e+02 5.5111602783e+02 5.5113397217e+02 5.5114300537e+02 5.5114202881e+02 5.5113800049e+02 5.5114001465e+02 5.5121301270e+02 5.5137799072e+02 5.5154699707e+02 5.5164001465e+02 5.5184100342e+02 5.5232202148e+02 5.5302301025e+02 5.5369097900e+02 5.5434497070e+02 5.5487402344e+02 5.5510198975e+02 5.5515100098e+02 5.5518103027e+02
5.5474499512e+02 5.5477600098e+02 5.5479498291e+02 5.5480798340e+02 5.5483599854e+02 5.5487200928e+02 5.5490197754e+02 5.5492602539e+02 5.5493798828e+02 5.5496002197e+02 5.5496600342e+02 5.5494299316e+02 5.5489300537e+02 5.5483197021e+02 5.5470599365e+02 5.5450598145e+02 5.5423699951e+02 5.5385601807e+02 5.5331402588e+02 5.5268103027e+02 5.5203601074e+02 5.5163598633e+02 5.5143103027e+02 5.5130499268e+02 5.5120697021e+02 5.5115399170e+02 5.5113201904e+02 5.5113098145e+02 5.5112200928e+02 5.5113000488e+02 5.5113500977e+02 5.5113702393e+02 5.5114300537e+02 5.5124597168e+02 5.5145098877e+02 5.5164001465e+02 5.5169097900e+02 5.5207501221e+02 5.5278399658e+02 5.5352801514e+02 5.5407397461e+02 5.5458599854e+02 5.5494598389e+02 5.5507897949e+02 5.5512298584e+02 5.5515002441e+02
5.5472900391e+02 5.5474798584e+02 5.5476800537e+02 5.5477697754e+02 5.5478698730e+02 5.5482598877e+02 5.5485900879e+02 5.5488098145e+02 5.5488800049e+02 5.5490997314e+02 5.5492797852e+02 5.5491699219e+02 5.5486199951e+02 5.5475000000e+02 5.5459802246e+02 5.5437298584e+02 5.5403900146e+02 5.5360101318e+02 5.5303698730e+02 5.5241699219e+02 5.5186999512e+02 5.5155902100e+02 5.5134600830e+02 5.5122198486e+02 5.5118902588e+02 5.5120098877e+02 5.5119396973e+02 5.5116101074e+02 5.5111700439e+02 5.5112298584e+02 5.5112799072e+02 5.5113397217e+02 5.5114599609e+02 5.5121600342e+02 5.5139898682e+02 5.5162902832e+02 5.5177697754e+02 5.5235302734e+02 5.5313299561e+02 5.5384899902e+02 5.5436199951e+02 5.5473699951e+02 5.5497497559e+02 5.5507299805e+02 5.5514001465e+02 5.5514001465e+02
5.5472198486e+02 5.5473101807e+02 5.5473602295e+02 5.5475097656e+02 5.5476098633e+02 5.5478698730e+02 5.5482098389e+02 5.5484399414e+02 5.5484002686e+02 5.5484698486e+02 5.5488299561e+02 5.5490197754e+02 5.5484002686e+02 5.5471002197e+02 5.5454699707e+02 5.5430999756e+02 5.5397399902e+02 5.5353802490e+02 5.5294598389e+02 5.5229797363e+02 5.5174499512e+02 5.5148297119e+02 5.5126098633e+02 5.5113702393e+02 5.5113897705e+02 5.5117102051e+02 5.5118298340e+02 5.5116400146e+02 5.5113000488e+02 5.5112902832e+02 5.5112402344e+02 5.5112799072e+02 5.5115100098e+02 5.5116302490e+02 5.5130798340e+02 5.5163500977e+02 5.5208599854e+02 5.5272998047e+02 5.5335998535e+02 5.5394799805e+02 5.5447399902e+02 5.5480401611e+02 5.5499102783e+02 5.5508697510e+02 5.5513800049e+02 5.5513500977e+02
5.5469299316e+02 5.5470599365e+02 5.5471899414e+02 5.5473999023e+02 5.5474902344e+02 5.5476397705e+02 5.5478002930e+02 5.5479602051e+02 5.5479699707e+02 5.5480102539e+02 5.5483697510e+02 5.5486499023e+02 5.5481896973e+02 5.5468798828e+02 5.5452301025e+02 5.5428601074e+02 5.5398199463e+02 5.5357702637e+02 5.5297399902e+02 5.5229400635e+02 5.5164697266e+02 5.5139898682e+02 5.5122497559e+02 5.5112402344e+02 5.5111901855e+02 5.5111602783e+02 5.5112200928e+02 5.5112402344e+02 5.5113201904e+02 5.5113800049e+02 5.5112799072e+02 5.5113000488e+02 5.5116302490e+02 5.5119702148e+02 5.5140399170e+02 5.5184802246e+02 5.5247900391e+02 5.5313000488e+02 5.5364501953e+02 5.5409301758e+02 5.5454498291e+02 5.5482702637e+02 5.5499798584e+02 5.5509301758e+02 5.5511401367e+02 5.5510797119e+02
5.5465399170e+02 5.5467700195e+02 5.5470599365e+02 5.5473101807e+02 5.5473297119e+02 5.5474499512e+02 5.5474700928e+02 5.5475799561e+02 5.5476599121e+02 5.5476397705e+02 5.5479400635e+02 5.5482202148e+02 5.5479199219e+02 5.5466900635e+02 5.5451098633e+02 5.5428198242e+02 5.5401501465e+02 5.5363800049e+02 5.5303399658e+02 5.5232702637e+02 5.5160101318e+02 5.5133001709e+02 5.5117498779e+02 5.5110302734e+02 5.5110302734e+02 5.5105999756e+02 5.5105102539e+02 5.5106701660e+02 5.5111999512e+02 5.5114801025e+02 5.5113897705e+02 5.5114300537e+02 5.5119299316e+02 5.5131298828e+02 5.5161499023e+02 5.5214099121e+02 5.5282501221e+02 5.5349102783e+02 5.5401800537e+02 5.5439099121e+02 5.5466497803e+02 5.5486102295e+02 5.5500799561e+02 5.5508599854e+02 5.5508001709e+02 5.5507202148e+02
5.5460302734e+02 5.5464501953e+02 5.5468200684e+02 5.5471002197e+02 5.5471697998e+02 5.5473602295e+02 5.5474200439e+02 5.5474700928e+02 5.5474700928e+02 5.5474499512e+02 5.5476300049e+02 5.5477398682e+02 5.5473400879e+02 5.5462701416e+02 5.5447198486e+02 5.5426000977e+02 5.5400598145e+02 5.5363299561e+02 5.5305200195e+02 5.5233197021e+02 5.5154400635e+02 5.5126702881e+02 5.5109497070e+02 5.5103900146e+02 5.5105200195e+02 5.5102398682e+02 5.5101000977e+02 5.5102899170e+02 5.5107000732e+02 5.5113897705e+02 5.5113598633e+02 5.5112097168e+02 5.5114501953e+02 5.5144799805e+02 5.5184802246e+02 5.5238299561e+02 5.5297302246e+02 5.5367297363e+02 5.5433502197e+02 5.5474798584e+02 5.5484497070e+02 5.5490997314e+02 5.5500799561e+02 5.5505902100e+02 5.5505700684e+02 5.5505401611e+02
5.5461401367e+02 5.5462799072e+02 5.5465698242e+02 5.5468298340e+02 5.5470300293e+02 5.5472900391e+02 5.5473602295e+02 5.5473498535e+02 5.5472998047e+02 5.5473602295e+02 5.5474401855e+02 5.5472497559e+02 5.5464599609e+02 5.5451599121e+02 5.5435198975e+02 5.5414001465e+02 5.5392401123e+02 5.5361199951e+02 5.5305499268e+02 5.5230902100e+02 5.5143402100e+02 5.5114599609e+02 5.5103900146e+02 5.5103802490e+02 5.5105603027e+02 5.5103100586e+02 5.5102600098e+02 5.5104797363e+02 5.5109600830e+02 5.5116302490e+02 5.5114202881e+02 5.5109802246e+02 5.5112097168e+02 5.5145800781e+02 5.5196502686e+02 5.5252801514e+02 5.5310400391e+02 5.5375402832e+02 5.5444396973e+02 5.5486901855e+02 5.5490197754e+02 5.5494500732e+02 5.5501397705e+02 5.5503399658e+02 5.5503399658e+02 5.5503997803e+02
5.5464697266e+02 5.5464398193e+02 5.5465997314e+02 5.5467700195e+02 5.5468902588e+02 5.5471502686e+02 5.5471997070e+02 5.5471502686e+02 5.5471002197e+02 5.5472302246e+02 5.5472100830e+02 5.5467602539e+02 5.5456298828e+02 5.5442797852e+02 5.5426202393e+02 5.5404699707e+02 5.5384698486e+02 5.5356896973e+02 5.5299798584e+02 5.5222399902e+02 5.5127001953e+02 5.5101800537e+02 5.5098901367e+02 5.5103100586e+02 5.5105902100e+02 5.5103601074e+02 5.5103997803e+02 5.5107702637e+02 5.5114099121e+02 5.5119000244e+02 5.5116900635e+02 5.5115399170e+02 5.5122399902e+02 5.5160900879e+02 5.5214300537e+02 5.5269396973e+02 5.5321997070e+02 5.5378100586e+02 5.5439599609e+02 5.5479199219e+02 5.5485900879e+02 5.5494000244e+02 5.5500500488e+02 5.5501202393e+02 5.5501501465e+02 5.5502001953e+02
5.5469299316e+02 5.5468298340e+02 5.5468200684e+02 5.5468103027e+02 5.5468103027e+02 5.5469702148e+02 5.5470001221e+02 5.5469396973e+02 5.5469000244e+02 5.5470800781e+02 5.5469396973e+02 5.5462500000e+02 5.5449102783e+02 5.5435998535e+02 5.5419201660e+02 5.5397399902e+02 5.5377099609e+02 5.5347601318e+02 5.5287500000e+02 5.5207299805e+02 5.5112701416e+02 5.5096301270e+02 5.5097399902e+02 5.5102697754e+02 5.5105902100e+02 5.5103497314e+02 5.5104498291e+02 5.5109600830e+02 5.5116497803e+02 5.5120202637e+02 5.5122497559e+02 5.5129699707e+02 5.5147497559e+02 5.5186901855e+02 5.5234899902e+02 5.5283300781e+02 5.5330603027e+02 5.5382098389e+02 5.5435797119e+02 5.5471197510e+02 5.5481201172e+02 5.5491802979e+02 5.5498199463e+02 5.5498602295e+02 5.5499902344e+02 5.5500097656e+02
