TESTSERVER/7/13.asc
NCOLS 100
NROWS 100
XLLCORNER 7.8497500000e+03
YLLCORNER 2.8930025000e+05
CELLSIZE 5.0000000000e-01
NODATA_VALUE -9.9990000000e+03
[rows 0 to 19 of 100, columns 0 to 45 of 100]
5.6467199707e+02 5.6425097656e+02 5.6380999756e+02 5.6345501709e+02 5.6311901855e+02 5.6277398682e+02 5.6245697021e+02 5.6212298584e+02 5.6165802002e+02 5.6123101807e+02 5.6095800781e+02 5.6077697754e+02 5.6056500244e+02 5.6030297852e+02 5.6003601074e+02 5.5974401855e+02 5.5940002441e+02 5.5916998291e+02 5.5901898193e+02 5.5883099365e+02 5.5857299805e+02 5.5836102295e+02 5.5822100830e+02 5.5802801514e+02 5.5768701172e+02 5.5736499023e+02 5.5712799072e+02 5.5699102783e+02 5.5692700195e+02 5.5685601807e+02 5.5671997070e+02 5.5652197266e+02 5.5633898926e+02 5.5619500732e+02 5.5614501953e+02 5.5614398193e+02 5.5615899658e+02 5.5617401123e+02 5.5618701172e+02 5.5621899414e+02 5.5625000000e+02 5.5634600830e+02 5.5644299316e+02 5.5650799561e+02 5.5651599121e+02 5.5654302979e+02
5.6438000488e+02 5.6389398193e+02 5.6350000000e+02 5.6322601318e+02 5.6292199707e+02 5.6250097656e+02 5.6214898682e+02 5.6183197021e+02 5.6138598633e+02 5.6106298828e+02 5.6084698486e+02 5.6061401367e+02 5.6029302979e+02 5.6003100586e+02 5.5975701904e+02 5.5946697998e+02 5.5920800781e+02 5.5905700684e+02 5.5889202881e+02 5.5865899658e+02 5.5838897705e+02 5.5821197510e+02 5.5803601074e+02 5.5777697754e+02 5.5749902344e+02 5.5722601318e+02 5.5700097656e+02 5.5690100098e+02 5.5684002686e+02 5.5676898193e+02 5.5659399414e+02 5.5633502197e+02 5.5614599609e+02 5.5602801514e+02 5.5600000000e+02 5.5601000977e+02 5.5605798340e+02 5.5608197021e+02 5.5610601807e+02 5.5614697266e+02 5.5619897461e+02 5.5628997803e+02 5.5640399170e+02 5.5648602295e+02 5.5650299072e+02 5.5652899170e+02
5.6419799805e+02 5.6373400879e+02 5.6333197021e+02 5.6303601074e+02 5.6268798828e+02 5.6222698975e+02 5.6183599854e+02 5.6153997803e+02 5.6120501709e+02 5.6095397949e+02 5.6069500732e+02 5.6039099121e+02 5.6002001953e+02 5.5975500488e+02 5.5951000977e+02 5.5924597168e+02 5.5900201416e+02 5.5885400391e+02 5.5868597412e+02 5.5845800781e+02 5.5821600342e+02 5.5806298828e+02 5.5787298584e+02 5.5758898926e+02 5.5729199219e+02 5.5705102539e+02 5.5691900635e+02 5.5685400391e+02 5.5676702881e+02 5.5660998535e+02 5.5635900879e+02 5.5610302734e+02 5.5596398926e+02 5.5587597656e+02 5.5586499023e+02 5.5589202881e+02 5.5596301270e+02 5.5599798584e+02 5.5602801514e+02 5.5607299805e+02 5.5613500977e+02 5.5621997070e+02 5.5634301758e+02 5.5645098877e+02 5.5649902344e+02 5.5650402832e+02
5.6400097656e+02 5.6357098389e+02 5.6316198730e+02 5.6281097412e+02 5.6239398193e+02 5.6198297119e+02 5.6160400391e+02 5.6131201172e+02 5.6103198242e+02 5.6072399902e+02 5.6039202881e+02 5.6008697510e+02 5.5978198242e+02 5.5952801514e+02 5.5929302979e+02 5.5903601074e+02 5.5877502441e+02 5.5857299805e+02 5.5840899658e+02 5.5823699951e+02 5.5802502441e+02 5.5783697510e+02 5.5764599609e+02 5.5739001465e+02 5.5709497070e+02 5.5692401123e+02 5.5688598633e+02 5.5681597900e+02 5.5667700195e+02 5.5641900635e+02 5.5609497070e+02 5.5587200928e+02 5.5579101563e+02 5.5572302246e+02 5.5574298096e+02 5.5579998779e+02 5.5588299561e+02 5.5592199707e+02 5.5596002197e+02 5.5601800537e+02 5.5609100342e+02 5.5616802979e+02 5.5627502441e+02 5.5636901855e+02 5.5644097900e+02 5.5642901611e+02
5.6372698975e+02 5.6333300781e+02 5.6300000000e+02 5.6263098145e+02 5.6215301514e+02 5.6180401611e+02 5.6145202637e+02 5.6114001465e+02 5.6087799072e+02 5.6053100586e+02 5.6019799805e+02 5.5991101074e+02 5.5960400391e+02 5.5932299805e+02 5.5906799316e+02 5.5881597900e+02 5.5857397461e+02 5.5835198975e+02 5.5817797852e+02 5.5801501465e+02 5.5776098633e+02 5.5756896973e+02 5.5736901855e+02 5.5714099121e+02 5.5695098877e+02 5.5687402344e+02 5.5687298584e+02 5.5677301025e+02 5.5652899170e+02 5.5619000244e+02 5.5586401367e+02 5.5567199707e+02 5.5559600830e+02 5.5558697510e+02 5.5563397217e+02 5.5571801758e+02 5.5579901123e+02 5.5584600830e+02 5.5591101074e+02 5.5600598145e+02 5.5611199951e+02 5.5617199707e+02 5.5624700928e+02 5.5627801514e+02 5.5629901123e+02 5.5629199219e+02
5.6354602051e+02 5.6314898682e+02 5.6282202148e+02 5.6246600342e+02 5.6203997803e+02 5.6167199707e+02 5.6130798340e+02 5.6101300049e+02 5.6077001953e+02 5.6042498779e+02 5.6008697510e+02 5.5977502441e+02 5.5942401123e+02 5.5915002441e+02 5.5890100098e+02 5.5865301514e+02 5.5842901611e+02 5.5822900391e+02 5.5803997803e+02 5.5783801270e+02 5.5759802246e+02 5.5744396973e+02 5.5723199463e+02 5.5699499512e+02 5.5686798096e+02 5.5679400635e+02 5.5676000977e+02 5.5663397217e+02 5.5630297852e+02 5.5592498779e+02 5.5564898682e+02 5.5549700928e+02 5.5546301270e+02 5.5547998047e+02 5.5552600098e+02 5.5559997559e+02 5.5568902588e+02 5.5574798584e+02 5.5582501221e+02 5.5592901611e+02 5.5605401611e+02 5.5612701416e+02 5.5618597412e+02 5.5619000244e+02 5.5619598389e+02 5.5624298096e+02
5.6342901611e+02 5.6310699463e+02 5.6271697998e+02 5.6230603027e+02 5.6193499756e+02 5.6159802246e+02 5.6121997070e+02 5.6086999512e+02 5.6057897949e+02 5.6023199463e+02 5.5990698242e+02 5.5960998535e+02 5.5927697754e+02 5.5901702881e+02 5.5876702881e+02 5.5851202393e+02 5.5828698730e+02 5.5810601807e+02 5.5790502930e+02 5.5768298340e+02 5.5746398926e+02 5.5733197021e+02 5.5713201904e+02 5.5690002441e+02 5.5677301025e+02 5.5666101074e+02 5.5654498291e+02 5.5634802246e+02 5.5601898193e+02 5.5570397949e+02 5.5548699951e+02 5.5539099121e+02 5.5539300537e+02 5.5541101074e+02 5.5545098877e+02 5.5550799561e+02 5.5557202148e+02 5.5561401367e+02 5.5568298340e+02 5.5578198242e+02 5.5590197754e+02 5.5598999023e+02 5.5607299805e+02 5.5611401367e+02 5.5615002441e+02 5.5615399170e+02
5.6336297607e+02 5.6301800537e+02 5.6250897217e+02 5.6200701904e+02 5.6169396973e+02 5.6155200195e+02 5.6117498779e+02 5.6067797852e+02 5.6033099365e+02 5.6001599121e+02 5.5970697021e+02 5.5943200684e+02 5.5913000488e+02 5.5886901855e+02 5.5861700439e+02 5.5836499023e+02 5.5814697266e+02 5.5796899414e+02 5.5775897217e+02 5.5752899170e+02 5.5732501221e+02 5.5718499756e+02 5.5702197266e+02 5.5682598877e+02 5.5668902588e+02 5.5655401611e+02 5.5636401367e+02 5.5609997559e+02 5.5578302002e+02 5.5553997803e+02 5.5539599609e+02 5.5535498047e+02 5.5537500000e+02 5.5538500977e+02 5.5541101074e+02 5.5544201660e+02 5.5546899414e+02 5.5548297119e+02 5.5553002930e+02 5.5560101318e+02 5.5568103027e+02 5.5577697754e+02 5.5590399170e+02 5.5602301025e+02 5.5609600830e+02 5.5594000244e+02
5.6290301514e+02 5.6236199951e+02 5.6183001709e+02 5.6139099121e+02 5.6119799805e+02 5.6135699463e+02 5.6104699707e+02 5.6048101807e+02 5.6014599609e+02 5.5986297607e+02 5.5954797363e+02 5.5926000977e+02 5.5896301270e+02 5.5869500732e+02 5.5844500732e+02 5.5821997070e+02 5.5803802490e+02 5.5783898926e+02 5.5760998535e+02 5.5738702393e+02 5.5721002197e+02 5.5705700684e+02 5.5693701172e+02 5.5678100586e+02 5.5660797119e+02 5.5647698975e+02 5.5624499512e+02 5.5593798828e+02 5.5560198975e+02 5.5545800781e+02 5.5538299561e+02 5.5536297607e+02 5.5537597656e+02 5.5538800049e+02 5.5539801025e+02 5.5540802002e+02 5.5542498779e+02 5.5541101074e+02 5.5542797852e+02 5.5545300293e+02 5.5546697998e+02 5.5553302002e+02 5.5567297363e+02 5.5583001709e+02 5.5591497803e+02 5.5563598633e+02
5.6210699463e+02 5.6153802490e+02 5.6118499756e+02 5.6094299316e+02 5.6080700684e+02 5.6077001953e+02 5.6057702637e+02 5.6025500488e+02 5.6002001953e+02 5.5968798828e+02 5.5936700439e+02 5.5909197998e+02 5.5882800293e+02 5.5854699707e+02 5.5828900146e+02 5.5808898926e+02 5.5790899658e+02 5.5769897461e+02 5.5749200439e+02 5.5729901123e+02 5.5714001465e+02 5.5696099854e+02 5.5683398438e+02 5.5667401123e+02 5.5650701904e+02 5.5633801270e+02 5.5607202148e+02 5.5576501465e+02 5.5551397705e+02 5.5542797852e+02 5.5537097168e+02 5.5534301758e+02 5.5535302734e+02 5.5536499023e+02 5.5536798096e+02 5.5537298584e+02 5.5536999512e+02 5.5536297607e+02 5.5536999512e+02 5.5538299561e+02 5.5535400391e+02 5.5536798096e+02 5.5548699951e+02 5.5559497070e+02 5.5562298584e+02 5.5540301514e+02
5.6167199707e+02 5.6122601318e+02 5.6090002441e+02 5.6067700195e+02 5.6052301025e+02 5.6039398193e+02 5.6028497314e+02 5.6010998535e+02 5.5986401367e+02 5.5948901367e+02 5.5920300293e+02 5.5895001221e+02 5.5869897461e+02 5.5842700195e+02 5.5816900635e+02 5.5796502686e+02 5.5777697754e+02 5.5761102295e+02 5.5747802734e+02 5.5732000732e+02 5.5709399414e+02 5.5684002686e+02 5.5671502686e+02 5.5657299805e+02 5.5641900635e+02 5.5618701172e+02 5.5588897705e+02 5.5560900879e+02 5.5544799805e+02 5.5538897705e+02 5.5534197998e+02 5.5532000732e+02 5.5532800293e+02 5.5533099365e+02 5.5532702637e+02 5.5532501221e+02 5.5531701660e+02 5.5530297852e+02 5.5530102539e+02 5.5530401611e+02 5.5527099609e+02 5.5528002930e+02 5.5536602783e+02 5.5540802002e+02 5.5534197998e+02 5.5511700439e+02
5.6142999268e+02 5.6104199219e+02 5.6072198486e+02 5.6046997070e+02 5.6028601074e+02 5.6017498779e+02 5.6011297607e+02 5.6000097656e+02 5.5973101807e+02 5.5934002686e+02 5.5909100342e+02 5.5884997559e+02 5.5856402588e+02 5.5829400635e+02 5.5804797363e+02 5.5784399414e+02 5.5766601563e+02 5.5755200195e+02 5.5748797607e+02 5.5735400391e+02 5.5704302979e+02 5.5671997070e+02 5.5661102295e+02 5.5649401855e+02 5.5634197998e+02 5.5604699707e+02 5.5573400879e+02 5.5550201416e+02 5.5541198730e+02 5.5535900879e+02 5.5532000732e+02 5.5529901123e+02 5.5530102539e+02 5.5529498291e+02 5.5528497314e+02 5.5527697754e+02 5.5526501465e+02 5.5524597168e+02 5.5523498535e+02 5.5522900391e+02 5.5520898438e+02 5.5523999023e+02 5.5529302979e+02 5.5526397705e+02 5.5509100342e+02 5.5479498291e+02
5.6114099121e+02 5.6081201172e+02 5.6054101563e+02 5.6028100586e+02 5.6003002930e+02 5.5992602539e+02 5.5990698242e+02 5.5988299561e+02 5.5970800781e+02 5.5925402832e+02 5.5901202393e+02 5.5877801514e+02 5.5842199707e+02 5.5811901855e+02 5.5789801025e+02 5.5772802734e+02 5.5756597900e+02 5.5743701172e+02 5.5736602783e+02 5.5722601318e+02 5.5694598389e+02 5.5665698242e+02 5.5650701904e+02 5.5638500977e+02 5.5621801758e+02 5.5589398193e+02 5.5560998535e+02 5.5544299316e+02 5.5538500977e+02 5.5534802246e+02 5.5531500244e+02 5.5528802490e+02 5.5527197266e+02 5.5525897217e+02 5.5523999023e+02 5.5522302246e+02 5.5520800781e+02 5.5520098877e+02 5.5518298340e+02 5.5516302490e+02 5.5517199707e+02 5.5521197510e+02 5.5521197510e+02 5.5511499023e+02 5.5485498047e+02 5.5453002930e+02
5.6105798340e+02 5.6069702148e+02 5.6042297363e+02 5.6014300537e+02 5.5984100342e+02 5.5968701172e+02 5.5963897705e+02 5.5961798096e+02 5.5946398926e+02 5.5906799316e+02 5.5886700439e+02 5.5866400146e+02 5.5827099609e+02 5.5801702881e+02 5.5783697510e+02 5.5766198730e+02 5.5749902344e+02 5.5731799316e+02 5.5716497803e+02 5.5697998047e+02 5.5680297852e+02 5.5664697266e+02 5.5649298096e+02 5.5632702637e+02 5.5606896973e+02 5.5572900391e+02 5.5549798584e+02 5.5538897705e+02 5.5536297607e+02 5.5533697510e+02 5.5530603027e+02 5.5527398682e+02 5.5524597168e+02 5.5522698975e+02 5.5520397949e+02 5.5517999268e+02 5.5516400146e+02 5.5515197754e+02 5.5512902832e+02 5.5510101318e+02 5.5507897949e+02 5.5505700684e+02 5.5498699951e+02 5.5484399414e+02 5.5457000732e+02 5.5427301025e+02
5.6095202637e+02 5.6062200928e+02 5.6033300781e+02 5.6000500488e+02 5.5968701172e+02 5.5948797607e+02 5.5937597656e+02 5.5929797363e+02 5.5917999268e+02 5.5885797119e+02 5.5862097168e+02 5.5842999268e+02 5.5815899658e+02 5.5802600098e+02 5.5788000488e+02 5.5765997314e+02 5.5743298340e+02 5.5725299072e+02 5.5709600830e+02 5.5691101074e+02 5.5678399658e+02 5.5665698242e+02 5.5645800781e+02 5.5622198486e+02 5.5590100098e+02 5.5559399414e+02 5.5542297363e+02 5.5536602783e+02 5.5535498047e+02 5.5531896973e+02 5.5528698730e+02 5.5525402832e+02 5.5522198486e+02 5.5519897461e+02 5.5517297363e+02 5.5514697266e+02 5.5512402344e+02 5.5510198975e+02 5.5507299805e+02 5.5503900146e+02 5.5500097656e+02 5.5492700195e+02 5.5481201172e+02 5.5462200928e+02 5.5430700684e+02 5.5392199707e+02
5.6078802490e+02 5.6052301025e+02 5.6018902588e+02 5.5979998779e+02 5.5954101563e+02 5.5935302734e+02 5.5919000244e+02 5.5905798340e+02 5.5900201416e+02 5.5871197510e+02 5.5837500000e+02 5.5818103027e+02 5.5803198242e+02 5.5793499756e+02 5.5781799316e+02 5.5760198975e+02 5.5734100342e+02 5.5717602539e+02 5.5705499268e+02 5.5690301514e+02 5.5679101563e+02 5.5660101318e+02 5.5633099365e+02 5.5605297852e+02 5.5573400879e+02 5.5549597168e+02 5.5538897705e+02 5.5537097168e+02 5.5535400391e+02 5.5530297852e+02 5.5527001953e+02 5.5523498535e+02 5.5520202637e+02 5.5517401123e+02 5.5514599609e+02 5.5511798096e+02 5.5508898926e+02 5.5505798340e+02 5.5502197266e+02 5.5498101807e+02 5.5493402100e+02 5.5482702637e+02 5.5467700195e+02 5.5443298340e+02 5.5405102539e+02 5.5349298096e+02
5.6064898682e+02 5.6034698486e+02 5.5991101074e+02 5.5949102783e+02 5.5933502197e+02 5.5923999023e+02 5.5909399414e+02 5.5895800781e+02 5.5887298584e+02 5.5861297607e+02 5.5819702148e+02 5.5795001221e+02 5.5781500244e+02 5.5767797852e+02 5.5755902100e+02 5.5740698242e+02 5.5718798828e+02 5.5706500244e+02 5.5697198486e+02 5.5685601807e+02 5.5671997070e+02 5.5649401855e+02 5.5621002197e+02 5.5591302490e+02 5.5561401367e+02 5.5545800781e+02 5.5538897705e+02 5.5536999512e+02 5.5533398438e+02 5.5529400635e+02 5.5525897217e+02 5.5522302246e+02 5.5518902588e+02 5.5515502930e+02 5.5512097168e+02 5.5508502197e+02 5.5504998779e+02 5.5503802490e+02 5.5500097656e+02 5.5494702148e+02 5.5485302734e+02 5.5470898438e+02 5.5456201172e+02 5.5428100586e+02 5.5368298340e+02 5.5304998779e+02
5.6052899170e+02 5.6001599121e+02 5.5952801514e+02 5.5923699951e+02 5.5917901611e+02 5.5909802246e+02 5.5901800537e+02 5.5891998291e+02 5.5878601074e+02 5.5850500488e+02 5.5811102295e+02 5.5783197021e+02 5.5767401123e+02 5.5753802490e+02 5.5740802002e+02 5.5723602295e+02 5.5706402588e+02 5.5694897461e+02 5.5686700439e+02 5.5674200439e+02 5.5656097412e+02 5.5635302734e+02 5.5606799316e+02 5.5574499512e+02 5.5548999023e+02 5.5540600586e+02 5.5536199951e+02 5.5534600830e+02 5.5532598877e+02 5.5528601074e+02 5.5525097656e+02 5.5521600342e+02 5.5517999268e+02 5.5514501953e+02 5.5510699463e+02 5.5506597900e+02 5.5503601074e+02 5.5502697754e+02 5.5497900391e+02 5.5489300537e+02 5.5475897217e+02 5.5456597900e+02 5.5438201904e+02 5.5403302002e+02 5.5331799316e+02 5.5272802734e+02
5.6021099854e+02 5.5964801025e+02 5.5927099609e+02 5.5911999512e+02 5.5909100342e+02 5.5902600098e+02 5.5899200439e+02 5.5891998291e+02 5.5878002930e+02 5.5846502686e+02 5.5804699707e+02 5.5773901367e+02 5.5756097412e+02 5.5747998047e+02 5.5735302734e+02 5.5714801025e+02 5.5696301270e+02 5.5686602783e+02 5.5678900146e+02 5.5664300537e+02 5.5642297363e+02 5.5621600342e+02 5.5590600586e+02 5.5559600830e+02 5.5541699219e+02 5.5537200928e+02 5.5535400391e+02 5.5534899902e+02 5.5532098389e+02 5.5527600098e+02 5.5524200439e+02 5.5520800781e+02 5.5517297363e+02 5.5513800049e+02 5.5509899902e+02 5.5505798340e+02 5.5502697754e+02 5.5500097656e+02 5.5492797852e+02 5.5481201172e+02 5.5465997314e+02 5.5446502686e+02 5.5420800781e+02 5.5378100586e+02 5.5305902100e+02 5.5253698730e+02
5.5971899414e+02 5.5933197021e+02 5.5916101074e+02 5.5909899902e+02 5.5902099609e+02 5.5896398926e+02 5.5893200684e+02 5.5884600830e+02 5.5867401123e+02 5.5827801514e+02 5.5785302734e+02 5.5756500244e+02 5.5741198730e+02 5.5737200928e+02 5.5723797607e+02 5.5700000000e+02 5.5680401611e+02 5.5672302246e+02 5.5664599609e+02 5.5649298096e+02 5.5626300049e+02 5.5604302979e+02 5.5573797607e+02 5.5548699951e+02 5.5539202881e+02 5.5536901855e+02 5.5536199951e+02 5.5535498047e+02 5.5531500244e+02 5.5526599121e+02 5.5523400879e+02 5.5520098877e+02 5.5516802979e+02 5.5513299561e+02 5.5509497070e+02 5.5505297852e+02 5.5502398682e+02 5.5498199463e+02 5.5488098145e+02 5.5473199463e+02 5.5454199219e+02 5.5433099365e+02 5.5402398682e+02 5.5355902100e+02 5.5290002441e+02 5.5246398926e+02
