TESTSERVER/7/14.asc
NCOLS 100
NROWS 100
XLLCORNER 7.8497500000e+03
YLLCORNER 2.8925025000e+05
CELLSIZE 5.0000000000e-01
NODATA_VALUE -9.9990000000e+03
[rows 20 to 39 of 100, columns 46 to 91 of 100]
5.5448297119e+02 5.5448699951e+02 5.5449499512e+02 5.5450000000e+02 5.5450598145e+02 5.5450799561e+02 5.5451000977e+02 5.5449700928e+02 5.5449700928e+02 5.5451098633e+02 5.5451397705e+02 5.5450799561e+02 5.5450897217e+02 5.5451098633e+02 5.5451000977e+02 5.5449700928e+02 5.5450500488e+02 5.5451599121e+02 5.5451702881e+02 5.5451599121e+02 5.5452099609e+02 5.5453100586e+02 5.5452899170e+02 5.5453198242e+02 5.5453302002e+02 5.5453698730e+02 5.5453198242e+02 5.5454797363e+02 5.5455902100e+02 5.5455700684e+02 5.5456402588e+02 5.5457501221e+02 5.5458300781e+02 5.5459301758e+02 5.5461401367e+02 5.5462500000e+02 5.5464801025e+02 5.5465997314e+02 5.5466400146e+02 5.5468402100e+02 5.5469500732e+02 5.5470599365e+02 5.5471502686e+02 5.5472399902e+02 5.5474902344e+02 5.5475500488e+02
5.5446398926e+02 5.5446502686e+02 5.5446697998e+02 5.5447100830e+02 5.5447198486e+02 5.5447601318e+02 5.5447900391e+02 5.5446997070e+02 5.5447998047e+02 5.5448999023e+02 5.5448999023e+02 5.5448297119e+02 5.5448498535e+02 5.5448699951e+02 5.5448199463e+02 5.5447998047e+02 5.5448797607e+02 5.5449102783e+02 5.5449499512e+02 5.5449597168e+02 5.5449298096e+02 5.5450299072e+02 5.5451202393e+02 5.5451599121e+02 5.5451000977e+02 5.5451397705e+02 5.5451599121e+02 5.5452600098e+02 5.5452197266e+02 5.5452502441e+02 5.5454797363e+02 5.5455102539e+02 5.5455999756e+02 5.5457098389e+02 5.5458599854e+02 5.5459497070e+02 5.5461401367e+02 5.5463299561e+02 5.5464697266e+02 5.5465802002e+02 5.5467102051e+02 5.5469396973e+02 5.5470501709e+02 5.5470697021e+02 5.5472900391e+02 5.5474401855e+02
5.5444000244e+02 5.5444702148e+02 5.5444500732e+02 5.5444598389e+02 5.5444396973e+02 5.5444702148e+02 5.5445501709e+02 5.5445599365e+02 5.5446899414e+02 5.5447198486e+02 5.5446301270e+02 5.5444396973e+02 5.5444598389e+02 5.5445202637e+02 5.5445898438e+02 5.5445397949e+02 5.5445300293e+02 5.5445697021e+02 5.5446697998e+02 5.5446697998e+02 5.5446301270e+02 5.5447302246e+02 5.5448602295e+02 5.5449401855e+02 5.5448699951e+02 5.5448400879e+02 5.5448699951e+02 5.5449499512e+02 5.5449102783e+02 5.5449798584e+02 5.5452197266e+02 5.5451800537e+02 5.5453002930e+02 5.5455401611e+02 5.5457000732e+02 5.5457501221e+02 5.5459899902e+02 5.5462500000e+02 5.5463000488e+02 5.5463397217e+02 5.5464697266e+02 5.5467199707e+02 5.5468701172e+02 5.5469299316e+02 5.5471502686e+02 5.5473498535e+02
5.5440997314e+02 5.5442297363e+02 5.5442602539e+02 5.5442797852e+02 5.5442401123e+02 5.5442602539e+02 5.5443402100e+02 5.5443103027e+02 5.5443402100e+02 5.5444000244e+02 5.5443902588e+02 5.5442199707e+02 5.5442102051e+02 5.5442602539e+02 5.5443499756e+02 5.5441900635e+02 5.5441302490e+02 5.5442199707e+02 5.5443798828e+02 5.5443701172e+02 5.5443499756e+02 5.5444299316e+02 5.5445098877e+02 5.5446197510e+02 5.5445898438e+02 5.5445202637e+02 5.5445599365e+02 5.5446197510e+02 5.5446502686e+02 5.5447302246e+02 5.5449102783e+02 5.5449401855e+02 5.5450201416e+02 5.5452197266e+02 5.5454302979e+02 5.5455102539e+02 5.5457397461e+02 5.5459802246e+02 5.5460302734e+02 5.5461700439e+02 5.5463201904e+02 5.5465301514e+02 5.5466699219e+02 5.5467602539e+02 5.5470001221e+02 5.5472601318e+02
5.5438702393e+02 5.5439599609e+02 5.5440002441e+02 5.5440197754e+02 5.5440100098e+02 5.5440399170e+02 5.5441198730e+02 5.5440100098e+02 5.5439599609e+02 5.5440899658e+02 5.5442102051e+02 5.5440100098e+02 5.5439398193e+02 5.5440002441e+02 5.5440802002e+02 5.5439501953e+02 5.5439599609e+02 5.5440399170e+02 5.5441497803e+02 5.5440997314e+02 5.5440802002e+02 5.5440997314e+02 5.5441802979e+02 5.5442700195e+02 5.5442999268e+02 5.5442199707e+02 5.5442700195e+02 5.5443499756e+02 5.5443298340e+02 5.5444299316e+02 5.5446301270e+02 5.5446502686e+02 5.5447302246e+02 5.5449102783e+02 5.5451202393e+02 5.5452398682e+02 5.5454998779e+02 5.5456896973e+02 5.5459197998e+02 5.5460498047e+02 5.5461798096e+02 5.5463500977e+02 5.5464898682e+02 5.5465502930e+02 5.5468103027e+02 5.5471398926e+02
5.5435601807e+02 5.5436700439e+02 5.5436798096e+02 5.5437402344e+02 5.5437799072e+02 5.5438098145e+02 5.5439001465e+02 5.5439001465e+02 5.5437902832e+02 5.5438201904e+02 5.5439001465e+02 5.5437097168e+02 5.5437097168e+02 5.5438299561e+02 5.5438397217e+02 5.5437200928e+02 5.5437799072e+02 5.5438201904e+02 5.5439099121e+02 5.5437902832e+02 5.5438000488e+02 5.5438098145e+02 5.5438598633e+02 5.5439300537e+02 5.5439898682e+02 5.5439202881e+02 5.5439001465e+02 5.5440301514e+02 5.5440399170e+02 5.5440997314e+02 5.5443103027e+02 5.5443902588e+02 5.5444396973e+02 5.5446502686e+02 5.5448797607e+02 5.5450299072e+02 5.5452801514e+02 5.5454302979e+02 5.5455499268e+02 5.5457800293e+02 5.5459100342e+02 5.5461199951e+02 5.5463397217e+02 5.5464898682e+02 5.5467102051e+02 5.5469000244e+02
5.5432800293e+02 5.5434600830e+02 5.5434997559e+02 5.5435198975e+02 5.5435198975e+02 5.5435302734e+02 5.5435797119e+02 5.5436499023e+02 5.5436700439e+02 5.5436700439e+02 5.5435699463e+02 5.5434301758e+02 5.5434698486e+02 5.5435498047e+02 5.5435101318e+02 5.5433599854e+02 5.5434399414e+02 5.5435198975e+02 5.5436499023e+02 5.5435699463e+02 5.5435900879e+02 5.5435699463e+02 5.5435601807e+02 5.5436199951e+02 5.5436798096e+02 5.5436499023e+02 5.5435998535e+02 5.5436700439e+02 5.5436700439e+02 5.5437701416e+02 5.5439501953e+02 5.5440600586e+02 5.5441400146e+02 5.5443402100e+02 5.5445501709e+02 5.5448199463e+02 5.5450402832e+02 5.5451501465e+02 5.5452697754e+02 5.5455902100e+02 5.5457299805e+02 5.5459197998e+02 5.5460601807e+02 5.5461999512e+02 5.5464501953e+02 5.5466400146e+02
5.5430401611e+02 5.5432501221e+02 5.5432800293e+02 5.5432098389e+02 5.5431799316e+02 5.5432000732e+02 5.5432598877e+02 5.5433502197e+02 5.5434301758e+02 5.5433197021e+02 5.5432299805e+02 5.5432000732e+02 5.5431701660e+02 5.5431298828e+02 5.5431799316e+02 5.5430499268e+02 5.5431500244e+02 5.5432501221e+02 5.5432897949e+02 5.5432299805e+02 5.5432800293e+02 5.5432800293e+02 5.5431799316e+02 5.5432000732e+02 5.5432800293e+02 5.5433300781e+02 5.5433697510e+02 5.5434301758e+02 5.5434100342e+02 5.5434497070e+02 5.5435900879e+02 5.5436999512e+02 5.5438201904e+02 5.5440002441e+02 5.5441198730e+02 5.5444201660e+02 5.5446801758e+02 5.5448199463e+02 5.5450299072e+02 5.5453497314e+02 5.5454602051e+02 5.5456701660e+02 5.5458197021e+02 5.5459899902e+02 5.5462500000e+02 5.5464300537e+02
5.5428399658e+02 5.5429998779e+02 5.5430603027e+02 5.5429498291e+02 5.5429699707e+02 5.5430200195e+02 5.5431097412e+02 5.5430700684e+02 5.5430902100e+02 5.5430700684e+02 5.5430700684e+02 5.5430499268e+02 5.5429101563e+02 5.5428100586e+02 5.5428399658e+02 5.5428497314e+02 5.5428900146e+02 5.5429101563e+02 5.5428997803e+02 5.5428002930e+02 5.5428802490e+02 5.5429498291e+02 5.5428802490e+02 5.5427899170e+02 5.5428198242e+02 5.5429498291e+02 5.5430700684e+02 5.5432000732e+02 5.5432202148e+02 5.5432598877e+02 5.5433898926e+02 5.5433398438e+02 5.5434899902e+02 5.5437701416e+02 5.5438702393e+02 5.5440002441e+02 5.5442498779e+02 5.5444598389e+02 5.5447601318e+02 5.5450897217e+02 5.5452001953e+02 5.5454199219e+02 5.5455999756e+02 5.5458398438e+02 5.5461401367e+02 5.5462200928e+02
5.5426300049e+02 5.5427801514e+02 5.5428497314e+02 5.5428302002e+02 5.5427502441e+02 5.5427099609e+02 5.5428302002e+02 5.5428198242e+02 5.5428100586e+02 5.5428002930e+02 5.5427899170e+02 5.5426898193e+02 5.5426898193e+02 5.5427197266e+02 5.5426300049e+02 5.5424902344e+02 5.5425097656e+02 5.5425402832e+02 5.5426599121e+02 5.5425897217e+02 5.5426098633e+02 5.5425897217e+02 5.5425402832e+02 5.5425799561e+02 5.5425299072e+02 5.5425402832e+02 5.5426501465e+02 5.5427899170e+02 5.5428198242e+02 5.5428100586e+02 5.5428900146e+02 5.5429797363e+02 5.5430902100e+02 5.5434002686e+02 5.5435198975e+02 5.5437097168e+02 5.5439599609e+02 5.5442102051e+02 5.5444299316e+02 5.5446502686e+02 5.5448797607e+02 5.5451501465e+02 5.5452197266e+02 5.5454602051e+02 5.5457897949e+02 5.5459399414e+02
5.5423400879e+02 5.5424499512e+02 5.5425201416e+02 5.5425500488e+02 5.5425000000e+02 5.5424700928e+02 5.5425500488e+02 5.5425598145e+02 5.5425402832e+02 5.5425299072e+02 5.5424902344e+02 5.5422998047e+02 5.5423602295e+02 5.5424499512e+02 5.5423400879e+02 5.5421899414e+02 5.5421997070e+02 5.5421997070e+02 5.5423602295e+02 5.5423199463e+02 5.5423602295e+02 5.5423602295e+02 5.5422802734e+02 5.5422698975e+02 5.5421801758e+02 5.5421502686e+02 5.5422497559e+02 5.5423602295e+02 5.5424499512e+02 5.5424902344e+02 5.5426098633e+02 5.5426599121e+02 5.5426800537e+02 5.5429901123e+02 5.5432598877e+02 5.5435302734e+02 5.5437298584e+02 5.5439001465e+02 5.5440600586e+02 5.5443499756e+02 5.5446002197e+02 5.5447900391e+02 5.5448699951e+02 5.5451202393e+02 5.5454302979e+02 5.5456500244e+02
5.5421099854e+02 5.5421997070e+02 5.5422399902e+02 5.5423101807e+02 5.5423199463e+02 5.5422998047e+02 5.5423101807e+02 5.5422900391e+02 5.5422802734e+02 5.5422698975e+02 5.5422399902e+02 5.5420697021e+02 5.5421099854e+02 5.5421301270e+02 5.5419702148e+02 5.5419097900e+02 5.5419299316e+02 5.5419097900e+02 5.5420697021e+02 5.5420098877e+02 5.5420202637e+02 5.5420501709e+02 5.5420001221e+02 5.5419396973e+02 5.5418902588e+02 5.5419097900e+02 5.5420098877e+02 5.5420898438e+02 5.5421502686e+02 5.5422302246e+02 5.5423400879e+02 5.5423602295e+02 5.5423901367e+02 5.5426599121e+02 5.5428698730e+02 5.5431201172e+02 5.5433099365e+02 5.5435198975e+02 5.5437200928e+02 5.5440002441e+02 5.5441497803e+02 5.5442602539e+02 5.5445202637e+02 5.5448199463e+02 5.5451098633e+02 5.5453698730e+02
5.5419097900e+02 5.5420202637e+02 5.5420202637e+02 5.5420599365e+02 5.5420599365e+02 5.5420599365e+02 5.5421502686e+02 5.5420202637e+02 5.5420001221e+02 5.5420202637e+02 5.5419897461e+02 5.5418103027e+02 5.5418200684e+02 5.5417797852e+02 5.5416601563e+02 5.5416101074e+02 5.5416400146e+02 5.5416400146e+02 5.5417999268e+02 5.5417401123e+02 5.5416601563e+02 5.5416302490e+02 5.5416302490e+02 5.5416497803e+02 5.5416497803e+02 5.5416497803e+02 5.5417901611e+02 5.5418200684e+02 5.5418499756e+02 5.5419000244e+02 5.5419396973e+02 5.5419799805e+02 5.5420800781e+02 5.5422900391e+02 5.5425299072e+02 5.5427197266e+02 5.5428399658e+02 5.5430499268e+02 5.5433599854e+02 5.5435601807e+02 5.5437799072e+02 5.5439398193e+02 5.5441101074e+02 5.5444299316e+02 5.5447900391e+02 5.5451098633e+02
5.5417102051e+02 5.5418200684e+02 5.5417700195e+02 5.5417700195e+02 5.5417297363e+02 5.5417498779e+02 5.5418597412e+02 5.5417199707e+02 5.5416302490e+02 5.5416497803e+02 5.5416302490e+02 5.5415002441e+02 5.5415100098e+02 5.5414697266e+02 5.5413897705e+02 5.5413299561e+02 5.5413098145e+02 5.5412701416e+02 5.5413897705e+02 5.5414001465e+02 5.5413598633e+02 5.5412902832e+02 5.5412701416e+02 5.5412597656e+02 5.5412298584e+02 5.5412799072e+02 5.5413897705e+02 5.5414300537e+02 5.5414599609e+02 5.5415002441e+02 5.5416198730e+02 5.5415802002e+02 5.5416101074e+02 5.5418402100e+02 5.5421801758e+02 5.5423602295e+02 5.5425201416e+02 5.5427197266e+02 5.5429797363e+02 5.5432000732e+02 5.5435198975e+02 5.5437097168e+02 5.5437500000e+02 5.5440399170e+02 5.5444500732e+02 5.5446899414e+02
5.5415100098e+02 5.5415997314e+02 5.5415600586e+02 5.5415100098e+02 5.5414202881e+02 5.5414202881e+02 5.5415502930e+02 5.5414398193e+02 5.5413000488e+02 5.5412902832e+02 5.5413500977e+02 5.5412200928e+02 5.5412402344e+02 5.5411700439e+02 5.5411199951e+02 5.5410101318e+02 5.5409497070e+02 5.5409997559e+02 5.5410998535e+02 5.5410498047e+02 5.5410400391e+02 5.5409802246e+02 5.5409802246e+02 5.5409899902e+02 5.5409301758e+02 5.5409600830e+02 5.5410302734e+02 5.5411102295e+02 5.5411401367e+02 5.5411401367e+02 5.5412799072e+02 5.5412902832e+02 5.5413397217e+02 5.5415399170e+02 5.5417901611e+02 5.5419598389e+02 5.5421899414e+02 5.5423999023e+02 5.5425799561e+02 5.5428100586e+02 5.5431097412e+02 5.5432702637e+02 5.5433502197e+02 5.5436401367e+02 5.5439599609e+02 5.5442102051e+02
5.5412298584e+02 5.5413000488e+02 5.5412902832e+02 5.5412701416e+02 5.5412097168e+02 5.5412402344e+02 5.5413397217e+02 5.5412597656e+02 5.5411297607e+02 5.5411199951e+02 5.5411401367e+02 5.5409301758e+02 5.5409497070e+02 5.5408898926e+02 5.5408599854e+02 5.5406799316e+02 5.5405499268e+02 5.5405902100e+02 5.5407397461e+02 5.5406799316e+02 5.5406799316e+02 5.5406298828e+02 5.5406597900e+02 5.5406402588e+02 5.5405401611e+02 5.5405102539e+02 5.5405401611e+02 5.5407098389e+02 5.5407702637e+02 5.5407897949e+02 5.5409197998e+02 5.5409698486e+02 5.5410198975e+02 5.5411401367e+02 5.5413397217e+02 5.5414801025e+02 5.5417297363e+02 5.5419799805e+02 5.5421600342e+02 5.5423999023e+02 5.5426702881e+02 5.5428497314e+02 5.5429797363e+02 5.5431500244e+02 5.5434301758e+02 5.5437200928e+02
5.5410198975e+02 5.5410900879e+02 5.5409497070e+02 5.5410198975e+02 5.5409997559e+02 5.5410101318e+02 5.5411102295e+02 5.5409497070e+02 5.5408697510e+02 5.5408898926e+02 5.5409100342e+02 5.5407299805e+02 5.5407397461e+02 5.5406896973e+02 5.5405902100e+02 5.5404699707e+02 5.5403698730e+02 5.5402801514e+02 5.5404101563e+02 5.5403198242e+02 5.5403198242e+02 5.5403198242e+02 5.5403302002e+02 5.5402502441e+02 5.5402001953e+02 5.5402001953e+02 5.5402301025e+02 5.5403198242e+02 5.5404199219e+02 5.5404797363e+02 5.5406201172e+02 5.5406701660e+02 5.5406799316e+02 5.5408001709e+02 5.5410400391e+02 5.5410998535e+02 5.5413000488e+02 5.5415600586e+02 5.5417999268e+02 5.5419897461e+02 5.5422399902e+02 5.5425000000e+02 5.5425201416e+02 5.5426501465e+02 5.5429901123e+02 5.5432897949e+02
5.5408197021e+02 5.5408502197e+02 5.5406799316e+02 5.5406500244e+02 5.5406896973e+02 5.5407202148e+02 5.5408099365e+02 5.5406500244e+02 5.5405603027e+02 5.5404998779e+02 5.5405401611e+02 5.5403399658e+02 5.5403698730e+02 5.5403399658e+02 5.5402001953e+02 5.5401000977e+02 5.5400500488e+02 5.5399700928e+02 5.5401599121e+02 5.5400701904e+02 5.5400701904e+02 5.5400402832e+02 5.5400000000e+02 5.5399798584e+02 5.5400000000e+02 5.5399798584e+02 5.5399499512e+02 5.5399902344e+02 5.5400598145e+02 5.5402001953e+02 5.5402697754e+02 5.5403198242e+02 5.5403601074e+02 5.5404797363e+02 5.5406799316e+02 5.5407702637e+02 5.5409899902e+02 5.5412298584e+02 5.5414001465e+02 5.5415100098e+02 5.5416497803e+02 5.5419201660e+02 5.5420397949e+02 5.5422198486e+02 5.5425799561e+02 5.5427600098e+02
5.5404797363e+02 5.5404797363e+02 5.5404797363e+02 5.5404199219e+02 5.5404602051e+02 5.5404901123e+02 5.5404901123e+02 5.5403698730e+02 5.5403399658e+02 5.5403302002e+02 5.5403601074e+02 5.5401000977e+02 5.5400201416e+02 5.5399499512e+02 5.5398797607e+02 5.5397900391e+02 5.5397601318e+02 5.5397100830e+02 5.5398901367e+02 5.5398297119e+02 5.5397601318e+02 5.5396697998e+02 5.5396600342e+02 5.5397100830e+02 5.5396899414e+02 5.5395599365e+02 5.5395098877e+02 5.5396697998e+02 5.5397802734e+02 5.5398699951e+02 5.5398498535e+02 5.5399700928e+02 5.5400500488e+02 5.5401300049e+02 5.5402001953e+02 5.5403399658e+02 5.5405999756e+02 5.5408300781e+02 5.5410198975e+02 5.5411999512e+02 5.5413299561e+02 5.5415399170e+02 5.5416497803e+02 5.5418499756e+02 5.5421197510e+02 5.5422802734e+02
5.5402099609e+02 5.5401599121e+02 5.5402197266e+02 5.5401800537e+02 5.5401702881e+02 5.5401898193e+02 5.5402099609e+02 5.5400799561e+02 5.5400402832e+02 5.5400299072e+02 5.5400598145e+02 5.5397998047e+02 5.5397100830e+02 5.5396502686e+02 5.5396502686e+02 5.5395501709e+02 5.5395202637e+02 5.5394598389e+02 5.5395202637e+02 5.5394897461e+02 5.5394299316e+02 5.5393597412e+02 5.5393798828e+02 5.5394000244e+02 5.5393402100e+02 5.5391998291e+02 5.5390802002e+02 5.5392199707e+02 5.5392999268e+02 5.5394201660e+02 5.5394799805e+02 5.5396002197e+02 5.5396997070e+02 5.5397802734e+02 5.5398400879e+02 5.5400201416e+02 5.5402697754e+02 5.5405102539e+02 5.5406500244e+02 5.5407598877e+02 5.5409197998e+02 5.5410797119e+02 5.5412298584e+02 5.5414300537e+02 5.5415802002e+02 5.5417700195e+02
