TESTSERVER/7/14.asc
NCOLS 100
NROWS 100
XLLCORNER 7.8497500000e+03
YLLCORNER 2.8925025000e+05
CELLSIZE 5.0000000000e-01
NODATA_VALUE -9.9990000000e+03
[rows 0 to 19 of 100, columns 0 to 45 of 100]
5.5473498535e+02 5.5472698975e+02 5.5470599365e+02 5.5468499756e+02 5.5466998291e+02 5.5468402100e+02 5.5468798828e+02 5.5468298340e+02 5.5467102051e+02 5.5468902588e+02 5.5466400146e+02 5.5458099365e+02 5.5445202637e+02 5.5433801270e+02 5.5418103027e+02 5.5396197510e+02 5.5372601318e+02 5.5335900879e+02 5.5265997314e+02 5.5177600098e+02 5.5099298096e+02 5.5098101807e+02 5.5098101807e+02 5.5101300049e+02 5.5103900146e+02 5.5103497314e+02 5.5104400635e+02 5.5108801270e+02 5.5118298340e+02 5.5124700928e+02 5.5133801270e+02 5.5152600098e+02 5.5179797363e+02 5.5213800049e+02 5.5251800537e+02 5.5290002441e+02 5.5333898926e+02 5.5386798096e+02 5.5435101318e+02 5.5467297363e+02 5.5483099365e+02 5.5492102051e+02 5.5496197510e+02 5.5496002197e+02 5.5497900391e+02 5.5497302246e+02
5.5476800537e+02 5.5474401855e+02 5.5471697998e+02 5.5469097900e+02 5.5466302490e+02 5.5466699219e+02 5.5467199707e+02 5.5466198730e+02 5.5464398193e+02 5.5465698242e+02 5.5463500977e+02 5.5456097412e+02 5.5445098877e+02 5.5437298584e+02 5.5421002197e+02 5.5394598389e+02 5.5360498047e+02 5.5318402100e+02 5.5239202881e+02 5.5148797607e+02 5.5092797852e+02 5.5095397949e+02 5.5096099854e+02 5.5097497559e+02 5.5100402832e+02 5.5102502441e+02 5.5103601074e+02 5.5106402588e+02 5.5118103027e+02 5.5128302002e+02 5.5137500000e+02 5.5157702637e+02 5.5185198975e+02 5.5223297119e+02 5.5258197021e+02 5.5291198730e+02 5.5337298584e+02 5.5392401123e+02 5.5439898682e+02 5.5467102051e+02 5.5481298828e+02 5.5491101074e+02 5.5494396973e+02 5.5493597412e+02 5.5494897461e+02 5.5495202637e+02
5.5479498291e+02 5.5476000977e+02 5.5472698975e+02 5.5469702148e+02 5.5465899658e+02 5.5465100098e+02 5.5465197754e+02 5.5464001465e+02 5.5462097168e+02 5.5463098145e+02 5.5461199951e+02 5.5454901123e+02 5.5446398926e+02 5.5440002441e+02 5.5421697998e+02 5.5391101074e+02 5.5349401855e+02 5.5288299561e+02 5.5205700684e+02 5.5127697754e+02 5.5089697266e+02 5.5092999268e+02 5.5093597412e+02 5.5094201660e+02 5.5096899414e+02 5.5100000000e+02 5.5101397705e+02 5.5103100586e+02 5.5110797119e+02 5.5114099121e+02 5.5122900391e+02 5.5146899414e+02 5.5179498291e+02 5.5213897705e+02 5.5254498291e+02 5.5301300049e+02 5.5358001709e+02 5.5409899902e+02 5.5452801514e+02 5.5472900391e+02 5.5482098389e+02 5.5489300537e+02 5.5491900635e+02 5.5491302490e+02 5.5491302490e+02 5.5492401123e+02
5.5481402588e+02 5.5477301025e+02 5.5473699951e+02 5.5470202637e+02 5.5466400146e+02 5.5464697266e+02 5.5464001465e+02 5.5462799072e+02 5.5460900879e+02 5.5461499023e+02 5.5459997559e+02 5.5454498291e+02 5.5448297119e+02 5.5442999268e+02 5.5422900391e+02 5.5388800049e+02 5.5340600586e+02 5.5259002686e+02 5.5174499512e+02 5.5111901855e+02 5.5091400146e+02 5.5092297363e+02 5.5090802002e+02 5.5090502930e+02 5.5093597412e+02 5.5096899414e+02 5.5097998047e+02 5.5098297119e+02 5.5101501465e+02 5.5103399658e+02 5.5118402100e+02 5.5150299072e+02 5.5183197021e+02 5.5207501221e+02 5.5256799316e+02 5.5322399902e+02 5.5386102295e+02 5.5428601074e+02 5.5464697266e+02 5.5478997803e+02 5.5484002686e+02 5.5487500000e+02 5.5489001465e+02 5.5489202881e+02 5.5488598633e+02 5.5490002441e+02
5.5482202148e+02 5.5478399658e+02 5.5474700928e+02 5.5471197510e+02 5.5468902588e+02 5.5465802002e+02 5.5463897705e+02 5.5462298584e+02 5.5460998535e+02 5.5460601807e+02 5.5459497070e+02 5.5455700684e+02 5.5450799561e+02 5.5445599365e+02 5.5425299072e+02 5.5388897705e+02 5.5335302734e+02 5.5242102051e+02 5.5159002686e+02 5.5109802246e+02 5.5096398926e+02 5.5095001221e+02 5.5092602539e+02 5.5091497803e+02 5.5094000244e+02 5.5094299316e+02 5.5094598389e+02 5.5094396973e+02 5.5096398926e+02 5.5106298828e+02 5.5132598877e+02 5.5168902588e+02 5.5190997314e+02 5.5216601563e+02 5.5266900635e+02 5.5332299805e+02 5.5387298584e+02 5.5439300537e+02 5.5466497803e+02 5.5478302002e+02 5.5485302734e+02 5.5485601807e+02 5.5486602783e+02 5.5488000488e+02 5.5488397217e+02 5.5487799072e+02
5.5482598877e+02 5.5478497314e+02 5.5474597168e+02 5.5471002197e+02 5.5468298340e+02 5.5466302490e+02 5.5463397217e+02 5.5461798096e+02 5.5460198975e+02 5.5459497070e+02 5.5459899902e+02 5.5458502197e+02 5.5453002930e+02 5.5446398926e+02 5.5423101807e+02 5.5378997803e+02 5.5315698242e+02 5.5220202637e+02 5.5140002441e+02 5.5103198242e+02 5.5098101807e+02 5.5096997070e+02 5.5096600342e+02 5.5096197510e+02 5.5095800781e+02 5.5094097900e+02 5.5093103027e+02 5.5094500732e+02 5.5098199463e+02 5.5113201904e+02 5.5138500977e+02 5.5169299316e+02 5.5200500488e+02 5.5230603027e+02 5.5278900146e+02 5.5342401123e+02 5.5408099365e+02 5.5455798340e+02 5.5468701172e+02 5.5476397705e+02 5.5482702637e+02 5.5483197021e+02 5.5484600830e+02 5.5485797119e+02 5.5486499023e+02 5.5486199951e+02
5.5482598877e+02 5.5478100586e+02 5.5473999023e+02 5.5470202637e+02 5.5466699219e+02 5.5465197754e+02 5.5462902832e+02 5.5460498047e+02 5.5457897949e+02 5.5457299805e+02 5.5458502197e+02 5.5458099365e+02 5.5453100586e+02 5.5444500732e+02 5.5417199707e+02 5.5366998291e+02 5.5294396973e+02 5.5189599609e+02 5.5114697266e+02 5.5091400146e+02 5.5097399902e+02 5.5097100830e+02 5.5097198486e+02 5.5097399902e+02 5.5096600342e+02 5.5092297363e+02 5.5090399170e+02 5.5092797852e+02 5.5102600098e+02 5.5129901123e+02 5.5153399658e+02 5.5181597900e+02 5.5217401123e+02 5.5247497559e+02 5.5298999023e+02 5.5364599609e+02 5.5425799561e+02 5.5459197998e+02 5.5466601563e+02 5.5475097656e+02 5.5480999756e+02 5.5481597900e+02 5.5482501221e+02 5.5483099365e+02 5.5483599854e+02 5.5483300781e+02
5.5482098389e+02 5.5477502441e+02 5.5473199463e+02 5.5469299316e+02 5.5465002441e+02 5.5463897705e+02 5.5462500000e+02 5.5459399414e+02 5.5455700684e+02 5.5454498291e+02 5.5455603027e+02 5.5455499268e+02 5.5451397705e+02 5.5442102051e+02 5.5411798096e+02 5.5357501221e+02 5.5278900146e+02 5.5167297363e+02 5.5097698975e+02 5.5084100342e+02 5.5095898438e+02 5.5096002197e+02 5.5096899414e+02 5.5098199463e+02 5.5097302246e+02 5.5090899658e+02 5.5087902832e+02 5.5090802002e+02 5.5104797363e+02 5.5141601563e+02 5.5167297363e+02 5.5196398926e+02 5.5231298828e+02 5.5262097168e+02 5.5315002441e+02 5.5377697754e+02 5.5428302002e+02 5.5455798340e+02 5.5465899658e+02 5.5474902344e+02 5.5478900146e+02 5.5479498291e+02 5.5479901123e+02 5.5480200195e+02 5.5480700684e+02 5.5480297852e+02
5.5481500244e+02 5.5476397705e+02 5.5471997070e+02 5.5468103027e+02 5.5465301514e+02 5.5463598633e+02 5.5460797119e+02 5.5456500244e+02 5.5452301025e+02 5.5451202393e+02 5.5451800537e+02 5.5452099609e+02 5.5451202393e+02 5.5440899658e+02 5.5408502197e+02 5.5351397705e+02 5.5265100098e+02 5.5161999512e+02 5.5099499512e+02 5.5080999756e+02 5.5084600830e+02 5.5092297363e+02 5.5094702148e+02 5.5097998047e+02 5.5099499512e+02 5.5093103027e+02 5.5089300537e+02 5.5090899658e+02 5.5101397705e+02 5.5141601563e+02 5.5182897949e+02 5.5221099854e+02 5.5245800781e+02 5.5268298340e+02 5.5310601807e+02 5.5362701416e+02 5.5412402344e+02 5.5450097656e+02 5.5466802979e+02 5.5473602295e+02 5.5476501465e+02 5.5476702881e+02 5.5477099609e+02 5.5477398682e+02 5.5478002930e+02 5.5478399658e+02
5.5479901123e+02 5.5475299072e+02 5.5471099854e+02 5.5467498779e+02 5.5464099121e+02 5.5461700439e+02 5.5459301758e+02 5.5454901123e+02 5.5449902344e+02 5.5447900391e+02 5.5449902344e+02 5.5452801514e+02 5.5450500488e+02 5.5437298584e+02 5.5398797607e+02 5.5334497070e+02 5.5246997070e+02 5.5155499268e+02 5.5100598145e+02 5.5079602051e+02 5.5086999512e+02 5.5089300537e+02 5.5092297363e+02 5.5096801758e+02 5.5100000000e+02 5.5096002197e+02 5.5093902588e+02 5.5096600342e+02 5.5107299805e+02 5.5143200684e+02 5.5186401367e+02 5.5226898193e+02 5.5252001953e+02 5.5273797607e+02 5.5307598877e+02 5.5354302979e+02 5.5404699707e+02 5.5447497559e+02 5.5466101074e+02 5.5471002197e+02 5.5473199463e+02 5.5474200439e+02 5.5476000977e+02 5.5476300049e+02 5.5475500488e+02 5.5475500488e+02
5.5477801514e+02 5.5473400879e+02 5.5469702148e+02 5.5466497803e+02 5.5463299561e+02 5.5460198975e+02 5.5457598877e+02 5.5453100586e+02 5.5447302246e+02 5.5444500732e+02 5.5446502686e+02 5.5449200439e+02 5.5444500732e+02 5.5425000000e+02 5.5381201172e+02 5.5313702393e+02 5.5229901123e+02 5.5150701904e+02 5.5101898193e+02 5.5083502197e+02 5.5088897705e+02 5.5088397217e+02 5.5090802002e+02 5.5095300293e+02 5.5099401855e+02 5.5097497559e+02 5.5097302246e+02 5.5101800537e+02 5.5113098145e+02 5.5141601563e+02 5.5178601074e+02 5.5219299316e+02 5.5254699707e+02 5.5278997803e+02 5.5310998535e+02 5.5356701660e+02 5.5407897949e+02 5.5450000000e+02 5.5466900635e+02 5.5470697021e+02 5.5470898438e+02 5.5471301270e+02 5.5472802734e+02 5.5473400879e+02 5.5472900391e+02 5.5472399902e+02
5.5475201416e+02 5.5470800781e+02 5.5467401123e+02 5.5464599609e+02 5.5462097168e+02 5.5458001709e+02 5.5454901123e+02 5.5451098633e+02 5.5444799805e+02 5.5441601563e+02 5.5442700195e+02 5.5443103027e+02 5.5435302734e+02 5.5412298584e+02 5.5366302490e+02 5.5298797607e+02 5.5217199707e+02 5.5148297119e+02 5.5105297852e+02 5.5087799072e+02 5.5089599609e+02 5.5087402344e+02 5.5088897705e+02 5.5093103027e+02 5.5097399902e+02 5.5097100830e+02 5.5098498535e+02 5.5104498291e+02 5.5115997314e+02 5.5137799072e+02 5.5169799805e+02 5.5211700439e+02 5.5255102539e+02 5.5284002686e+02 5.5318402100e+02 5.5364801025e+02 5.5415502930e+02 5.5452001953e+02 5.5466601563e+02 5.5469201660e+02 5.5468402100e+02 5.5468798828e+02 5.5469299316e+02 5.5469799805e+02 5.5470202637e+02 5.5470098877e+02
5.5471801758e+02 5.5466998291e+02 5.5464099121e+02 5.5461798096e+02 5.5460101318e+02 5.5455102539e+02 5.5451898193e+02 5.5448999023e+02 5.5442700195e+02 5.5440802002e+02 5.5440600586e+02 5.5437200928e+02 5.5429199219e+02 5.5402197266e+02 5.5356201172e+02 5.5292797852e+02 5.5219799805e+02 5.5154199219e+02 5.5114398193e+02 5.5092498779e+02 5.5083697510e+02 5.5085400391e+02 5.5087701416e+02 5.5091699219e+02 5.5094097900e+02 5.5093402100e+02 5.5096002197e+02 5.5103399658e+02 5.5115301514e+02 5.5132598877e+02 5.5163800049e+02 5.5205999756e+02 5.5248901367e+02 5.5284997559e+02 5.5327697754e+02 5.5376098633e+02 5.5421801758e+02 5.5451098633e+02 5.5465600586e+02 5.5466998291e+02 5.5465600586e+02 5.5466900635e+02 5.5467102051e+02 5.5467602539e+02 5.5468103027e+02 5.5468200684e+02
5.5468597412e+02 5.5463299561e+02 5.5460699463e+02 5.5458898926e+02 5.5456597900e+02 5.5452301025e+02 5.5449902344e+02 5.5445800781e+02 5.5438800049e+02 5.5438702393e+02 5.5437902832e+02 5.5430999756e+02 5.5418402100e+02 5.5390997314e+02 5.5345501709e+02 5.5287701416e+02 5.5220098877e+02 5.5163201904e+02 5.5122399902e+02 5.5096398926e+02 5.5084802246e+02 5.5083898926e+02 5.5087500000e+02 5.5091400146e+02 5.5092602539e+02 5.5091900635e+02 5.5094396973e+02 5.5102301025e+02 5.5117602539e+02 5.5138397217e+02 5.5168499756e+02 5.5205401611e+02 5.5241998291e+02 5.5280700684e+02 5.5333502197e+02 5.5389898682e+02 5.5430902100e+02 5.5450000000e+02 5.5461602783e+02 5.5464599609e+02 5.5464300537e+02 5.5465301514e+02 5.5465502930e+02 5.5465802002e+02 5.5464697266e+02 5.5464599609e+02
5.5465600586e+02 5.5460699463e+02 5.5458197021e+02 5.5456298828e+02 5.5453802490e+02 5.5449102783e+02 5.5446697998e+02 5.5441900635e+02 5.5436102295e+02 5.5436901855e+02 5.5434002686e+02 5.5422198486e+02 5.5403802490e+02 5.5377001953e+02 5.5334301758e+02 5.5281097412e+02 5.5219598389e+02 5.5165899658e+02 5.5126702881e+02 5.5100701904e+02 5.5086901855e+02 5.5084399414e+02 5.5087500000e+02 5.5090997314e+02 5.5091900635e+02 5.5092498779e+02 5.5094500732e+02 5.5102398682e+02 5.5121997070e+02 5.5148999023e+02 5.5176898193e+02 5.5208898926e+02 5.5241601563e+02 5.5281402588e+02 5.5340899658e+02 5.5401800537e+02 5.5439202881e+02 5.5452099609e+02 5.5459399414e+02 5.5461999512e+02 5.5461999512e+02 5.5462701416e+02 5.5462500000e+02 5.5463000488e+02 5.5462097168e+02 5.5461798096e+02
5.5462902832e+02 5.5458502197e+02 5.5456097412e+02 5.5454101563e+02 5.5451202393e+02 5.5446099854e+02 5.5443701172e+02 5.5439202881e+02 5.5434100342e+02 5.5434197998e+02 5.5427600098e+02 5.5409899902e+02 5.5386102295e+02 5.5360198975e+02 5.5320098877e+02 5.5271899414e+02 5.5217297363e+02 5.5167999268e+02 5.5130902100e+02 5.5104797363e+02 5.5088897705e+02 5.5085400391e+02 5.5088299561e+02 5.5091601563e+02 5.5091900635e+02 5.5092602539e+02 5.5094097900e+02 5.5102899170e+02 5.5126501465e+02 5.5156896973e+02 5.5182800293e+02 5.5212097168e+02 5.5245697021e+02 5.5286297607e+02 5.5347100830e+02 5.5406896973e+02 5.5439001465e+02 5.5451000977e+02 5.5457800293e+02 5.5459698486e+02 5.5459497070e+02 5.5459997559e+02 5.5458898926e+02 5.5460198975e+02 5.5460498047e+02 5.5460101318e+02
5.5460302734e+02 5.5456402588e+02 5.5454199219e+02 5.5452197266e+02 5.5449298096e+02 5.5444598389e+02 5.5441400146e+02 5.5436700439e+02 5.5433398438e+02 5.5430700684e+02 5.5419000244e+02 5.5396099854e+02 5.5363897705e+02 5.5336700439e+02 5.5301397705e+02 5.5262701416e+02 5.5218499756e+02 5.5168499756e+02 5.5134600830e+02 5.5107702637e+02 5.5088098145e+02 5.5086798096e+02 5.5089599609e+02 5.5092199707e+02 5.5089898682e+02 5.5091699219e+02 5.5092797852e+02 5.5102697754e+02 5.5130102539e+02 5.5163397217e+02 5.5190100098e+02 5.5220098877e+02 5.5255902100e+02 5.5294799805e+02 5.5353302002e+02 5.5406701660e+02 5.5430297852e+02 5.5445697021e+02 5.5454797363e+02 5.5456402588e+02 5.5457000732e+02 5.5457299805e+02 5.5456201172e+02 5.5457501221e+02 5.5457897949e+02 5.5457397461e+02
5.5457098389e+02 5.5453302002e+02 5.5451898193e+02 5.5450402832e+02 5.5447601318e+02 5.5442999268e+02 5.5438397217e+02 5.5433697510e+02 5.5428601074e+02 5.5425799561e+02 5.5413201904e+02 5.5389202881e+02 5.5352600098e+02 5.5315399170e+02 5.5281201172e+02 5.5246502686e+02 5.5207098389e+02 5.5166101074e+02 5.5134802246e+02 5.5109002686e+02 5.5088201904e+02 5.5085601807e+02 5.5089801025e+02 5.5091900635e+02 5.5089300537e+02 5.5091198730e+02 5.5094097900e+02 5.5105499268e+02 5.5134802246e+02 5.5169097900e+02 5.5196697998e+02 5.5226599121e+02 5.5261297607e+02 5.5300897217e+02 5.5355902100e+02 5.5402502441e+02 5.5421697998e+02 5.5441601563e+02 5.5452001953e+02 5.5454400635e+02 5.5455200195e+02 5.5454400635e+02 5.5454602051e+02 5.5456298828e+02 5.5455200195e+02 5.5454101563e+02
5.5454199219e+02 5.5450897217e+02 5.5449597168e+02 5.5448101807e+02 5.5445300293e+02 5.5440502930e+02 5.5436102295e+02 5.5431097412e+02 5.5425000000e+02 5.5422601318e+02 5.5409301758e+02 5.5383599854e+02 5.5342901611e+02 5.5301599121e+02 5.5265600586e+02 5.5229699707e+02 5.5193798828e+02 5.5158502197e+02 5.5129498291e+02 5.5106597900e+02 5.5087402344e+02 5.5084802246e+02 5.5089099121e+02 5.5090997314e+02 5.5089001465e+02 5.5090997314e+02 5.5096301270e+02 5.5109497070e+02 5.5136102295e+02 5.5172998047e+02 5.5203002930e+02 5.5230200195e+02 5.5260601807e+02 5.5296899414e+02 5.5349102783e+02 5.5396997070e+02 5.5419897461e+02 5.5440197754e+02 5.5450500488e+02 5.5453601074e+02 5.5453802490e+02 5.5452301025e+02 5.5452301025e+02 5.5453399658e+02 5.5452197266e+02 5.5452001953e+02
5.5451898193e+02 5.5449200439e+02 5.5447601318e+02 5.5445501709e+02 5.5441998291e+02 5.5437597656e+02 5.5434301758e+02 5.5428802490e+02 5.5422497559e+02 5.5420300293e+02 5.5405401611e+02 5.5377600098e+02 5.5333697510e+02 5.5289501953e+02 5.5251702881e+02 5.5214501953e+02 5.5178802490e+02 5.5146600342e+02 5.5120501709e+02 5.5100897217e+02 5.5085302734e+02 5.5083898926e+02 5.5087298584e+02 5.5088800049e+02 5.5088098145e+02 5.5089801025e+02 5.5096502686e+02 5.5110498047e+02 5.5133599854e+02 5.5174298096e+02 5.5209600830e+02 5.5234997559e+02 5.5258599854e+02 5.5292700195e+02 5.5345800781e+02 5.5397900391e+02 5.5423498535e+02 5.5440802002e+02 5.5449200439e+02 5.5451300049e+02 5.5451000977e+02 5.5450402832e+02 5.5450500488e+02 5.5450500488e+02 5.5449798584e+02 5.5450000000e+02
