TESTSERVER/7/14.asc
NCOLS 100
NROWS 100
XLLCORNER 7.8497500000e+03
YLLCORNER 2.8925025000e+05
CELLSIZE 5.0000000000e-01
NODATA_VALUE -9.9990000000e+03
[rows 80 to 99 of 100, columns 46 to 91 of 100]
5.5260400391e+02 5.5261999512e+02 5.5262200928e+02 5.5262402344e+02 5.5264099121e+02 5.5265698242e+02 5.5265899658e+02 5.5265997314e+02 5.5266802979e+02 5.5269299316e+02 5.5271502686e+02 5.5271099854e+02 5.5271997070e+02 5.5274102783e+02 5.5275299072e+02 5.5275701904e+02 5.5276702881e+02 5.5277801514e+02 5.5279302979e+02 5.5281201172e+02 5.5282897949e+02 5.5284600830e+02 5.5286700439e+02 5.5288098145e+02 5.5289801025e+02 5.5290600586e+02 5.5288500977e+02 5.5285797119e+02 5.5279998779e+02 5.5271600342e+02 5.5261798096e+02 5.5259899902e+02 5.5259497070e+02 5.5256402588e+02 5.5248901367e+02 5.5241302490e+02 5.5238702393e+02 5.5236999512e+02 5.5232299805e+02 5.5224597168e+02 5.5221600342e+02 5.5221801758e+02 5.5223199463e+02 5.5221197510e+02 5.5220501709e+02 5.5223400879e+02
5.5260400391e+02 5.5261901855e+02 5.5261798096e+02 5.5262597656e+02 5.5263897705e+02 5.5265301514e+02 5.5266302490e+02 5.5266900635e+02 5.5267901611e+02 5.5269897461e+02 5.5271801758e+02 5.5271997070e+02 5.5272198486e+02 5.5274200439e+02 5.5276000977e+02 5.5276599121e+02 5.5278198242e+02 5.5279998779e+02 5.5281402588e+02 5.5282598877e+02 5.5284802246e+02 5.5286901855e+02 5.5288397217e+02 5.5285498047e+02 5.5281701660e+02 5.5277697754e+02 5.5273400879e+02 5.5268402100e+02 5.5262200928e+02 5.5254699707e+02 5.5246398926e+02 5.5241802979e+02 5.5240502930e+02 5.5240002441e+02 5.5236798096e+02 5.5232702637e+02 5.5229901123e+02 5.5228900146e+02 5.5227502441e+02 5.5222900391e+02 5.5219396973e+02 5.5219799805e+02 5.5221997070e+02 5.5220501709e+02 5.5219299316e+02 5.5221099854e+02
5.5260797119e+02 5.5261700439e+02 5.5261901855e+02 5.5263800049e+02 5.5265301514e+02 5.5266802979e+02 5.5267297363e+02 5.5269097900e+02 5.5270098877e+02 5.5270397949e+02 5.5271398926e+02 5.5273297119e+02 5.5273400879e+02 5.5274902344e+02 5.5278302002e+02 5.5279101563e+02 5.5279998779e+02 5.5280902100e+02 5.5281298828e+02 5.5282397461e+02 5.5283502197e+02 5.5284002686e+02 5.5282598877e+02 5.5275299072e+02 5.5267602539e+02 5.5260900879e+02 5.5255798340e+02 5.5251098633e+02 5.5245697021e+02 5.5239202881e+02 5.5232202148e+02 5.5226800537e+02 5.5226098633e+02 5.5228100586e+02 5.5227502441e+02 5.5225500488e+02 5.5223797607e+02 5.5222399902e+02 5.5221301270e+02 5.5219097900e+02 5.5216302490e+02 5.5216101074e+02 5.5218499756e+02 5.5218402100e+02 5.5219299316e+02 5.5219702148e+02
5.5261700439e+02 5.5263201904e+02 5.5264099121e+02 5.5265899658e+02 5.5267297363e+02 5.5268499756e+02 5.5267797852e+02 5.5270397949e+02 5.5272100830e+02 5.5272399902e+02 5.5272900391e+02 5.5275299072e+02 5.5275500488e+02 5.5276300049e+02 5.5280200195e+02 5.5278497314e+02 5.5276202393e+02 5.5273901367e+02 5.5271997070e+02 5.5272399902e+02 5.5272198486e+02 5.5270300293e+02 5.5266302490e+02 5.5257501221e+02 5.5248699951e+02 5.5242297363e+02 5.5238598633e+02 5.5234802246e+02 5.5231097412e+02 5.5226702881e+02 5.5221697998e+02 5.5217901611e+02 5.5219000244e+02 5.5222698975e+02 5.5223297119e+02 5.5220300293e+02 5.5218798828e+02 5.5218798828e+02 5.5218597412e+02 5.5217297363e+02 5.5215600586e+02 5.5214300537e+02 5.5213897705e+02 5.5213098145e+02 5.5214898682e+02 5.5215197754e+02
5.5262200928e+02 5.5263897705e+02 5.5265802002e+02 5.5267297363e+02 5.5268298340e+02 5.5269299316e+02 5.5268597412e+02 5.5269702148e+02 5.5271997070e+02 5.5274102783e+02 5.5275701904e+02 5.5276000977e+02 5.5275598145e+02 5.5275097656e+02 5.5274902344e+02 5.5269598389e+02 5.5262500000e+02 5.5256402588e+02 5.5252502441e+02 5.5252197266e+02 5.5250500488e+02 5.5246899414e+02 5.5242700195e+02 5.5235101318e+02 5.5227899170e+02 5.5223999023e+02 5.5223699951e+02 5.5222698975e+02 5.5221002197e+02 5.5218798828e+02 5.5217199707e+02 5.5217498779e+02 5.5219500732e+02 5.5222601318e+02 5.5221600342e+02 5.5215698242e+02 5.5213397217e+02 5.5215997314e+02 5.5217999268e+02 5.5215698242e+02 5.5214599609e+02 5.5212799072e+02 5.5209497070e+02 5.5206701660e+02 5.5207202148e+02 5.5208697510e+02
5.5263500977e+02 5.5265197754e+02 5.5267901611e+02 5.5268902588e+02 5.5269097900e+02 5.5270501709e+02 5.5271398926e+02 5.5272198486e+02 5.5275201416e+02 5.5277001953e+02 5.5273699951e+02 5.5269000244e+02 5.5265997314e+02 5.5263598633e+02 5.5261700439e+02 5.5254797363e+02 5.5245397949e+02 5.5238397217e+02 5.5235101318e+02 5.5233697510e+02 5.5231402588e+02 5.5228698730e+02 5.5226800537e+02 5.5221502686e+02 5.5218200684e+02 5.5216699219e+02 5.5217602539e+02 5.5219799805e+02 5.5218499756e+02 5.5216101074e+02 5.5214898682e+02 5.5214398193e+02 5.5215997314e+02 5.5218902588e+02 5.5217102051e+02 5.5213800049e+02 5.5211901855e+02 5.5211700439e+02 5.5211199951e+02 5.5209002686e+02 5.5209399414e+02 5.5209997559e+02 5.5208001709e+02 5.5204400635e+02 5.5203698730e+02 5.5205401611e+02
5.5263897705e+02 5.5265600586e+02 5.5268298340e+02 5.5269299316e+02 5.5270098877e+02 5.5272198486e+02 5.5274102783e+02 5.5274597168e+02 5.5275500488e+02 5.5273101807e+02 5.5263897705e+02 5.5256201172e+02 5.5251300049e+02 5.5247601318e+02 5.5244598389e+02 5.5237701416e+02 5.5229101563e+02 5.5222998047e+02 5.5220098877e+02 5.5219702148e+02 5.5218701172e+02 5.5217199707e+02 5.5217102051e+02 5.5215002441e+02 5.5215100098e+02 5.5215399170e+02 5.5214501953e+02 5.5214599609e+02 5.5213702393e+02 5.5213299561e+02 5.5213299561e+02 5.5212799072e+02 5.5214801025e+02 5.5217297363e+02 5.5214300537e+02 5.5212298584e+02 5.5210900879e+02 5.5210198975e+02 5.5209399414e+02 5.5208001709e+02 5.5208099365e+02 5.5208599854e+02 5.5207000732e+02 5.5203698730e+02 5.5201599121e+02 5.5200897217e+02
5.5264398193e+02 5.5266497803e+02 5.5268902588e+02 5.5270898438e+02 5.5273498535e+02 5.5275402832e+02 5.5274401855e+02 5.5271697998e+02 5.5268298340e+02 5.5260101318e+02 5.5247399902e+02 5.5239801025e+02 5.5234197998e+02 5.5230200195e+02 5.5226599121e+02 5.5220898438e+02 5.5215301514e+02 5.5211798096e+02 5.5210302734e+02 5.5211999512e+02 5.5212298584e+02 5.5211401367e+02 5.5210900879e+02 5.5210101318e+02 5.5211499023e+02 5.5212597656e+02 5.5212200928e+02 5.5211199951e+02 5.5211499023e+02 5.5212799072e+02 5.5213201904e+02 5.5211999512e+02 5.5213000488e+02 5.5213397217e+02 5.5210198975e+02 5.5209100342e+02 5.5208197021e+02 5.5207098389e+02 5.5206701660e+02 5.5205999756e+02 5.5204400635e+02 5.5203002930e+02 5.5202099609e+02 5.5201800537e+02 5.5200598145e+02 5.5198199463e+02
5.5266101074e+02 5.5269702148e+02 5.5274798584e+02 5.5277801514e+02 5.5279101563e+02 5.5276202393e+02 5.5268597412e+02 5.5262799072e+02 5.5255999756e+02 5.5244702148e+02 5.5231298828e+02 5.5223999023e+02 5.5219000244e+02 5.5214801025e+02 5.5211401367e+02 5.5209301758e+02 5.5208001709e+02 5.5207202148e+02 5.5207000732e+02 5.5208599854e+02 5.5208599854e+02 5.5207501221e+02 5.5207000732e+02 5.5206701660e+02 5.5206896973e+02 5.5207598877e+02 5.5209002686e+02 5.5210797119e+02 5.5211798096e+02 5.5212097168e+02 5.5213397217e+02 5.5210601807e+02 5.5210998535e+02 5.5210498047e+02 5.5207598877e+02 5.5206896973e+02 5.5206799316e+02 5.5205200195e+02 5.5203601074e+02 5.5201599121e+02 5.5200000000e+02 5.5197998047e+02 5.5196099854e+02 5.5197198486e+02 5.5200097656e+02 5.5198999023e+02
5.5268902588e+02 5.5274700928e+02 5.5281701660e+02 5.5285400391e+02 5.5281500244e+02 5.5270300293e+02 5.5257800293e+02 5.5250000000e+02 5.5241699219e+02 5.5231097412e+02 5.5219799805e+02 5.5214001465e+02 5.5210498047e+02 5.5206799316e+02 5.5204101563e+02 5.5205297852e+02 5.5207000732e+02 5.5207397461e+02 5.5206402588e+02 5.5205401611e+02 5.5204998779e+02 5.5204199219e+02 5.5203497314e+02 5.5203601074e+02 5.5204797363e+02 5.5206701660e+02 5.5208898926e+02 5.5210797119e+02 5.5210900879e+02 5.5209301758e+02 5.5208801270e+02 5.5207299805e+02 5.5207897949e+02 5.5209497070e+02 5.5210998535e+02 5.5214599609e+02 5.5215002441e+02 5.5209497070e+02 5.5203997803e+02 5.5202398682e+02 5.5201397705e+02 5.5199597168e+02 5.5196801758e+02 5.5195001221e+02 5.5196502686e+02 5.5197198486e+02
5.5266101074e+02 5.5270397949e+02 5.5275402832e+02 5.5277197266e+02 5.5270697021e+02 5.5256799316e+02 5.5242797852e+02 5.5234100342e+02 5.5225897217e+02 5.5217498779e+02 5.5209997559e+02 5.5206402588e+02 5.5204901123e+02 5.5203100586e+02 5.5201898193e+02 5.5203497314e+02 5.5203802490e+02 5.5203497314e+02 5.5203601074e+02 5.5202899170e+02 5.5202502441e+02 5.5202600098e+02 5.5203497314e+02 5.5204302979e+02 5.5205102539e+02 5.5205200195e+02 5.5206402588e+02 5.5208099365e+02 5.5208599854e+02 5.5206896973e+02 5.5204498291e+02 5.5205102539e+02 5.5206701660e+02 5.5208300781e+02 5.5210601807e+02 5.5215502930e+02 5.5216101074e+02 5.5209197998e+02 5.5202001953e+02 5.5200799561e+02 5.5200799561e+02 5.5200500488e+02 5.5199401855e+02 5.5195397949e+02 5.5192297363e+02 5.5191302490e+02
5.5255297852e+02 5.5255603027e+02 5.5255499268e+02 5.5254498291e+02 5.5248999023e+02 5.5238098145e+02 5.5227001953e+02 5.5218798828e+02 5.5212701416e+02 5.5208001709e+02 5.5204302979e+02 5.5201898193e+02 5.5202099609e+02 5.5202301025e+02 5.5203399658e+02 5.5203399658e+02 5.5200701904e+02 5.5199102783e+02 5.5200299072e+02 5.5201000977e+02 5.5201702881e+02 5.5203997803e+02 5.5206701660e+02 5.5205999756e+02 5.5205401611e+02 5.5203497314e+02 5.5202801514e+02 5.5203802490e+02 5.5205700684e+02 5.5205999756e+02 5.5203100586e+02 5.5204302979e+02 5.5205499268e+02 5.5205102539e+02 5.5205603027e+02 5.5207702637e+02 5.5208099365e+02 5.5204797363e+02 5.5200299072e+02 5.5198400879e+02 5.5198699951e+02 5.5198999023e+02 5.5199200439e+02 5.5195800781e+02 5.5190502930e+02 5.5187500000e+02
5.5241400146e+02 5.5237402344e+02 5.5232299805e+02 5.5230200195e+02 5.5226702881e+02 5.5221398926e+02 5.5216400146e+02 5.5209002686e+02 5.5205902100e+02 5.5205902100e+02 5.5205499268e+02 5.5201202393e+02 5.5200598145e+02 5.5202099609e+02 5.5203802490e+02 5.5201501465e+02 5.5199102783e+02 5.5198999023e+02 5.5201397705e+02 5.5200299072e+02 5.5200799561e+02 5.5203302002e+02 5.5204302979e+02 5.5203100586e+02 5.5203802490e+02 5.5203302002e+02 5.5202697754e+02 5.5202099609e+02 5.5203198242e+02 5.5203802490e+02 5.5202301025e+02 5.5202301025e+02 5.5203302002e+02 5.5203497314e+02 5.5203302002e+02 5.5203002930e+02 5.5202398682e+02 5.5202001953e+02 5.5199597168e+02 5.5195501709e+02 5.5193798828e+02 5.5191900635e+02 5.5189801025e+02 5.5187500000e+02 5.5185601807e+02 5.5184002686e+02
5.5225299072e+02 5.5222900391e+02 5.5219897461e+02 5.5217602539e+02 5.5215100098e+02 5.5211499023e+02 5.5206500244e+02 5.5202600098e+02 5.5202197266e+02 5.5204302979e+02 5.5205102539e+02 5.5201202393e+02 5.5199200439e+02 5.5199298096e+02 5.5198101807e+02 5.5195800781e+02 5.5196600342e+02 5.5197100830e+02 5.5197802734e+02 5.5198101807e+02 5.5198797607e+02 5.5200402832e+02 5.5201599121e+02 5.5201702881e+02 5.5203302002e+02 5.5203399658e+02 5.5201000977e+02 5.5199700928e+02 5.5199700928e+02 5.5200201416e+02 5.5199902344e+02 5.5200097656e+02 5.5202099609e+02 5.5202697754e+02 5.5200097656e+02 5.5202099609e+02 5.5201000977e+02 5.5197601318e+02 5.5195098877e+02 5.5190002441e+02 5.5186999512e+02 5.5185699463e+02 5.5184497070e+02 5.5182000732e+02 5.5183099365e+02 5.5184802246e+02
5.5212200928e+02 5.5212402344e+02 5.5212402344e+02 5.5210900879e+02 5.5209802246e+02 5.5206799316e+02 5.5201098633e+02 5.5200500488e+02 5.5200097656e+02 5.5201098633e+02 5.5202197266e+02 5.5199597168e+02 5.5197399902e+02 5.5196502686e+02 5.5195501709e+02 5.5195800781e+02 5.5198901367e+02 5.5198699951e+02 5.5195697021e+02 5.5196002197e+02 5.5196398926e+02 5.5197802734e+02 5.5200402832e+02 5.5203100586e+02 5.5206402588e+02 5.5205798340e+02 5.5200799561e+02 5.5198797607e+02 5.5198199463e+02 5.5198101807e+02 5.5197802734e+02 5.5197998047e+02 5.5200701904e+02 5.5201000977e+02 5.5197900391e+02 5.5200598145e+02 5.5199700928e+02 5.5194598389e+02 5.5188800049e+02 5.5182000732e+02 5.5181298828e+02 5.5184197998e+02 5.5186999512e+02 5.5186602783e+02 5.5188201904e+02 5.5189501953e+02
5.5207202148e+02 5.5208099365e+02 5.5209197998e+02 5.5209399414e+02 5.5208300781e+02 5.5204498291e+02 5.5198400879e+02 5.5199597168e+02 5.5198901367e+02 5.5198699951e+02 5.5198699951e+02 5.5197399902e+02 5.5197302246e+02 5.5197497559e+02 5.5196099854e+02 5.5196197510e+02 5.5199499512e+02 5.5199200439e+02 5.5195202637e+02 5.5195001221e+02 5.5195001221e+02 5.5196002197e+02 5.5199102783e+02 5.5203002930e+02 5.5207202148e+02 5.5206201172e+02 5.5201098633e+02 5.5199597168e+02 5.5197998047e+02 5.5196398926e+02 5.5195501709e+02 5.5195300293e+02 5.5197497559e+02 5.5198999023e+02 5.5198498535e+02 5.5199102783e+02 5.5197497559e+02 5.5191497803e+02 5.5182501221e+02 5.5178399658e+02 5.5182000732e+02 5.5188201904e+02 5.5192401123e+02 5.5191699219e+02 5.5191802979e+02 5.5190301514e+02
5.5206201172e+02 5.5205200195e+02 5.5206298828e+02 5.5207299805e+02 5.5204998779e+02 5.5201397705e+02 5.5197100830e+02 5.5196697998e+02 5.5196697998e+02 5.5196899414e+02 5.5197601318e+02 5.5196398926e+02 5.5197100830e+02 5.5196899414e+02 5.5194201660e+02 5.5192797852e+02 5.5194000244e+02 5.5194500732e+02 5.5194299316e+02 5.5193499756e+02 5.5193798828e+02 5.5194500732e+02 5.5196697998e+02 5.5200299072e+02 5.5201898193e+02 5.5201000977e+02 5.5198797607e+02 5.5198498535e+02 5.5197601318e+02 5.5196301270e+02 5.5195001221e+02 5.5193597412e+02 5.5195001221e+02 5.5197601318e+02 5.5198901367e+02 5.5195098877e+02 5.5191699219e+02 5.5186999512e+02 5.5180401611e+02 5.5182397461e+02 5.5188098145e+02 5.5193798828e+02 5.5198297119e+02 5.5196899414e+02 5.5194000244e+02 5.5189898682e+02
5.5203698730e+02 5.5201501465e+02 5.5201397705e+02 5.5201702881e+02 5.5200299072e+02 5.5199700928e+02 5.5196600342e+02 5.5194500732e+02 5.5195001221e+02 5.5196899414e+02 5.5196197510e+02 5.5195300293e+02 5.5196801758e+02 5.5193597412e+02 5.5191601563e+02 5.5191699219e+02 5.5193499756e+02 5.5193402100e+02 5.5191699219e+02 5.5191601563e+02 5.5194201660e+02 5.5196197510e+02 5.5198101807e+02 5.5198999023e+02 5.5198901367e+02 5.5198901367e+02 5.5200500488e+02 5.5201702881e+02 5.5200897217e+02 5.5198999023e+02 5.5196002197e+02 5.5193798828e+02 5.5195599365e+02 5.5197399902e+02 5.5194396973e+02 5.5186499023e+02 5.5182598877e+02 5.5182501221e+02 5.5183001709e+02 5.5186901855e+02 5.5191699219e+02 5.5198400879e+02 5.5205102539e+02 5.5202899170e+02 5.5196697998e+02 5.5191699219e+02
5.5203302002e+02 5.5200799561e+02 5.5199200439e+02 5.5198297119e+02 5.5196398926e+02 5.5195800781e+02 5.5193701172e+02 5.5192797852e+02 5.5191900635e+02 5.5191497803e+02 5.5189001465e+02 5.5188299561e+02 5.5190100098e+02 5.5188702393e+02 5.5189501953e+02 5.5193798828e+02 5.5194396973e+02 5.5191101074e+02 5.5188397217e+02 5.5188897705e+02 5.5192297363e+02 5.5196398926e+02 5.5202502441e+02 5.5203900146e+02 5.5202398682e+02 5.5200897217e+02 5.5202899170e+02 5.5204699707e+02 5.5203900146e+02 5.5201599121e+02 5.5198101807e+02 5.5194500732e+02 5.5194702148e+02 5.5193298340e+02 5.5185998535e+02 5.5179101563e+02 5.5177899170e+02 5.5180401611e+02 5.5183502197e+02 5.5186999512e+02 5.5191699219e+02 5.5198699951e+02 5.5204901123e+02 5.5201702881e+02 5.5194097900e+02 5.5189202881e+02
5.5203198242e+02 5.5200201416e+02 5.5197100830e+02 5.5196600342e+02 5.5195098877e+02 5.5192602539e+02 5.5190399170e+02 5.5190399170e+02 5.5187097168e+02 5.5184100342e+02 5.5182202148e+02 5.5181298828e+02 5.5182397461e+02 5.5183001709e+02 5.5185699463e+02 5.5190698242e+02 5.5190301514e+02 5.5186999512e+02 5.5186401367e+02 5.5187799072e+02 5.5190502930e+02 5.5194799805e+02 5.5204400635e+02 5.5208599854e+02 5.5205603027e+02 5.5201098633e+02 5.5201202393e+02 5.5204302979e+02 5.5205401611e+02 5.5203601074e+02 5.5198999023e+02 5.5193902588e+02 5.5191900635e+02 5.5187597656e+02 5.5179101563e+02 5.5177001953e+02 5.5178802490e+02 5.5181201172e+02 5.5183099365e+02 5.5185797119e+02 5.5189697266e+02 5.5194897461e+02 5.5199700928e+02 5.5198199463e+02 5.5191302490e+02 5.5186700439e+02
