TESTSERVER/7/15.asc
NCOLS 100
NROWS 100
XLLCORNER 7.8497500000e+03
YLLCORNER 2.8920025000e+05
CELLSIZE 5.0000000000e-01
NODATA_VALUE -9.9990000000e+03
[rows 80 to 99 of 100, columns 46 to 91 of 100]
5.4941900635e+02 5.4928100586e+02 5.4923699951e+02 5.4919799805e+02 5.4918597412e+02 5.4927099609e+02 5.4937597656e+02 5.4953997803e+02 5.4968200684e+02 5.4983697510e+02 5.5004498291e+02 5.5023699951e+02 5.5032299805e+02 5.5032098389e+02 5.5030999756e+02 5.5029901123e+02 5.5028302002e+02 5.5026098633e+02 5.5020501709e+02 5.5020202637e+02 5.5018798828e+02 5.5017602539e+02 5.5016601563e+02 5.5015698242e+02 5.5015600586e+02 5.5014398193e+02 5.5011499023e+02 5.5010302734e+02 5.5009399414e+02 5.5008300781e+02 5.5005700684e+02 5.5005102539e+02 5.5008197021e+02 5.5009197998e+02 5.5010101318e+02 5.5010797119e+02 5.5013299561e+02 5.5017199707e+02 5.5015301514e+02 5.5012799072e+02 5.5012597656e+02 5.5014300537e+02 5.5017602539e+02 5.5021197510e+02 5.5022998047e+02 5.5025598145e+02
5.4938598633e+02 5.4928698730e+02 5.4926898193e+02 5.4921899414e+02 5.4916802979e+02 5.4924102783e+02 5.4932702637e+02 5.4949200439e+02 5.4965698242e+02 5.4981298828e+02 5.4998498535e+02 5.5016900635e+02 5.5026898193e+02 5.5028601074e+02 5.5028100586e+02 5.5028198242e+02 5.5027197266e+02 5.5025299072e+02 5.5019799805e+02 5.5018701172e+02 5.5016601563e+02 5.5015100098e+02 5.5014697266e+02 5.5013800049e+02 5.5012597656e+02 5.5010198975e+02 5.5009997559e+02 5.5011199951e+02 5.5009100342e+02 5.5005902100e+02 5.5004699707e+02 5.5003997803e+02 5.5005102539e+02 5.5005297852e+02 5.5005798340e+02 5.5005603027e+02 5.5007598877e+02 5.5009600830e+02 5.5009899902e+02 5.5011102295e+02 5.5013500977e+02 5.5015899658e+02 5.5020001221e+02 5.5021997070e+02 5.5021502686e+02 5.5022198486e+02
5.4935498047e+02 5.4929302979e+02 5.4927899170e+02 5.4921197510e+02 5.4915002441e+02 5.4919000244e+02 5.4928497314e+02 5.4945001221e+02 5.4960498047e+02 5.4973699951e+02 5.4988598633e+02 5.5004797363e+02 5.5016302490e+02 5.5022198486e+02 5.5023297119e+02 5.5023400879e+02 5.5024401855e+02 5.5022998047e+02 5.5018798828e+02 5.5017297363e+02 5.5014697266e+02 5.5013500977e+02 5.5013702393e+02 5.5012799072e+02 5.5009399414e+02 5.5007501221e+02 5.5011901855e+02 5.5013702393e+02 5.5013299561e+02 5.5011102295e+02 5.5009197998e+02 5.5006201172e+02 5.5005798340e+02 5.5004998779e+02 5.5004498291e+02 5.5004901123e+02 5.5007299805e+02 5.5009100342e+02 5.5009399414e+02 5.5012500000e+02 5.5016198730e+02 5.5017700195e+02 5.5020397949e+02 5.5023297119e+02 5.5022198486e+02 5.5021899414e+02
5.4935302734e+02 5.4930798340e+02 5.4928399658e+02 5.4919702148e+02 5.4912200928e+02 5.4913397217e+02 5.4922698975e+02 5.4938299561e+02 5.4950799561e+02 5.4960797119e+02 5.4974298096e+02 5.4990399170e+02 5.5005499268e+02 5.5016900635e+02 5.5021002197e+02 5.5020898438e+02 5.5021801758e+02 5.5020501709e+02 5.5016802979e+02 5.5014801025e+02 5.5011999512e+02 5.5010998535e+02 5.5012200928e+02 5.5011798096e+02 5.5007702637e+02 5.5008001709e+02 5.5013702393e+02 5.5010302734e+02 5.5012402344e+02 5.5015399170e+02 5.5013397217e+02 5.5006298828e+02 5.5007000732e+02 5.5007299805e+02 5.5005798340e+02 5.5006201172e+02 5.5009600830e+02 5.5011798096e+02 5.5011602783e+02 5.5013800049e+02 5.5017102051e+02 5.5018200684e+02 5.5019598389e+02 5.5022802734e+02 5.5022198486e+02 5.5022802734e+02
5.4937200928e+02 5.4934100342e+02 5.4931201172e+02 5.4922302246e+02 5.4913598633e+02 5.4911297607e+02 5.4916802979e+02 5.4928002930e+02 5.4938201904e+02 5.4947601318e+02 5.4961401367e+02 5.4980603027e+02 5.4998999023e+02 5.5012799072e+02 5.5017797852e+02 5.5021099854e+02 5.5020898438e+02 5.5018298340e+02 5.5014099121e+02 5.5011700439e+02 5.5008898926e+02 5.5006799316e+02 5.5008197021e+02 5.5007501221e+02 5.5003698730e+02 5.5006097412e+02 5.5013098145e+02 5.5009399414e+02 5.5011199951e+02 5.5014697266e+02 5.5011999512e+02 5.5005401611e+02 5.5006402588e+02 5.5007202148e+02 5.5005902100e+02 5.5005401611e+02 5.5009100342e+02 5.5011901855e+02 5.5012701416e+02 5.5013897705e+02 5.5015502930e+02 5.5017297363e+02 5.5018701172e+02 5.5021697998e+02 5.5022998047e+02 5.5024798584e+02
5.4935101318e+02 5.4933599854e+02 5.4929998779e+02 5.4919396973e+02 5.4912402344e+02 5.4908599854e+02 5.4911999512e+02 5.4920202637e+02 5.4929101563e+02 5.4940399170e+02 5.4957202148e+02 5.4977001953e+02 5.4995898438e+02 5.5009002686e+02 5.5013702393e+02 5.5017102051e+02 5.5017602539e+02 5.5015997314e+02 5.5012097168e+02 5.5009002686e+02 5.5006402588e+02 5.5004302979e+02 5.5004498291e+02 5.5004797363e+02 5.5003100586e+02 5.5003002930e+02 5.5008099365e+02 5.5008898926e+02 5.5010498047e+02 5.5011602783e+02 5.5008099365e+02 5.5004602051e+02 5.5005200195e+02 5.5004699707e+02 5.5004400635e+02 5.5004901123e+02 5.5008599854e+02 5.5010498047e+02 5.5010998535e+02 5.5012097168e+02 5.5014398193e+02 5.5016900635e+02 5.5019500732e+02 5.5022698975e+02 5.5023797607e+02 5.5026202393e+02
5.4927398682e+02 5.4931402588e+02 5.4928497314e+02 5.4917401123e+02 5.4911499023e+02 5.4907897949e+02 5.4909997559e+02 5.4914599609e+02 5.4921697998e+02 5.4934002686e+02 5.4953198242e+02 5.4971099854e+02 5.4988500977e+02 5.5001702881e+02 5.5007800293e+02 5.5011798096e+02 5.5013897705e+02 5.5013800049e+02 5.5010198975e+02 5.5007202148e+02 5.5004199219e+02 5.5002197266e+02 5.5001397705e+02 5.5001397705e+02 5.5001098633e+02 5.5000701904e+02 5.5001300049e+02 5.5000897217e+02 5.5003802490e+02 5.5005297852e+02 5.5003900146e+02 5.5003198242e+02 5.5003802490e+02 5.5004199219e+02 5.5005603027e+02 5.5005798340e+02 5.5007598877e+02 5.5008697510e+02 5.5009997559e+02 5.5010900879e+02 5.5013397217e+02 5.5015197754e+02 5.5017498779e+02 5.5021697998e+02 5.5023699951e+02 5.5026599121e+02
5.4919500732e+02 5.4928802490e+02 5.4927301025e+02 5.4916900635e+02 5.4910198975e+02 5.4906500244e+02 5.4908197021e+02 5.4910699463e+02 5.4915698242e+02 5.4927197266e+02 5.4946002197e+02 5.4960302734e+02 5.4976397705e+02 5.4990802002e+02 5.4999798584e+02 5.5005700684e+02 5.5009600830e+02 5.5009698486e+02 5.5006799316e+02 5.5007202148e+02 5.5003698730e+02 5.5000402832e+02 5.4998797607e+02 5.4997802734e+02 5.4998199463e+02 5.4998797607e+02 5.4997302246e+02 5.4995397949e+02 5.4999200439e+02 5.5001501465e+02 5.5000701904e+02 5.5000299072e+02 5.5001898193e+02 5.5003601074e+02 5.5004498291e+02 5.5004400635e+02 5.5006201172e+02 5.5008300781e+02 5.5010400391e+02 5.5010797119e+02 5.5013098145e+02 5.5014300537e+02 5.5017498779e+02 5.5021398926e+02 5.5023199463e+02 5.5026800537e+02
5.4911401367e+02 5.4922198486e+02 5.4922497559e+02 5.4916497803e+02 5.4910101318e+02 5.4907098389e+02 5.4906597900e+02 5.4910302734e+02 5.4912500000e+02 5.4918298340e+02 5.4929699707e+02 5.4944500732e+02 5.4964001465e+02 5.4981896973e+02 5.4994598389e+02 5.5000799561e+02 5.5004498291e+02 5.5006500244e+02 5.5005603027e+02 5.5005798340e+02 5.5002099609e+02 5.4997900391e+02 5.4995300293e+02 5.4995202637e+02 5.4996899414e+02 5.4997497559e+02 5.4992999268e+02 5.4995001221e+02 5.4998199463e+02 5.4999102783e+02 5.4999700928e+02 5.4998400879e+02 5.5000097656e+02 5.5002001953e+02 5.5003302002e+02 5.5003100586e+02 5.5005401611e+02 5.5007800293e+02 5.5009802246e+02 5.5011499023e+02 5.5013201904e+02 5.5014801025e+02 5.5020300293e+02 5.5023297119e+02 5.5025500488e+02 5.5030499268e+02
5.4899597168e+02 5.4911102295e+02 5.4917199707e+02 5.4916900635e+02 5.4910998535e+02 5.4907000732e+02 5.4907299805e+02 5.4909399414e+02 5.4910101318e+02 5.4912902832e+02 5.4920202637e+02 5.4934600830e+02 5.4957702637e+02 5.4976202393e+02 5.4987701416e+02 5.4998199463e+02 5.5001501465e+02 5.5002502441e+02 5.5002600098e+02 5.5003802490e+02 5.4999102783e+02 5.4995098877e+02 5.4993200684e+02 5.4991802979e+02 5.4991601563e+02 5.4991998291e+02 5.4991101074e+02 5.4993499756e+02 5.4995599365e+02 5.4996099854e+02 5.4997302246e+02 5.4998199463e+02 5.4998797607e+02 5.5000000000e+02 5.5001300049e+02 5.5002099609e+02 5.5003399658e+02 5.5004901123e+02 5.5007202148e+02 5.5009997559e+02 5.5011700439e+02 5.5013397217e+02 5.5019702148e+02 5.5022698975e+02 5.5027197266e+02 5.5035302734e+02
5.4889001465e+02 5.4899200439e+02 5.4910198975e+02 5.4914501953e+02 5.4912701416e+02 5.4912402344e+02 5.4913098145e+02 5.4913201904e+02 5.4914898682e+02 5.4916802979e+02 5.4917498779e+02 5.4925201416e+02 5.4946301270e+02 5.4965197754e+02 5.4978497314e+02 5.4993200684e+02 5.4997802734e+02 5.4996697998e+02 5.4996502686e+02 5.4998400879e+02 5.4994702148e+02 5.4992102051e+02 5.4991497803e+02 5.4988897705e+02 5.4987097168e+02 5.4987902832e+02 5.4990698242e+02 5.4994299316e+02 5.4996002197e+02 5.4996002197e+02 5.4996002197e+02 5.4996697998e+02 5.4996697998e+02 5.4996697998e+02 5.4998699951e+02 5.5000701904e+02 5.5000799561e+02 5.5001898193e+02 5.5003698730e+02 5.5007098389e+02 5.5009802246e+02 5.5011499023e+02 5.5017199707e+02 5.5022100830e+02 5.5028997803e+02 5.5040197754e+02
5.4882897949e+02 5.4888598633e+02 5.4899298096e+02 5.4907397461e+02 5.4911798096e+02 5.4918298340e+02 5.4920697021e+02 5.4915997314e+02 5.4916900635e+02 5.4917999268e+02 5.4916900635e+02 5.4917797852e+02 5.4934002686e+02 5.4952600098e+02 5.4967999268e+02 5.4985101318e+02 5.4993499756e+02 5.4993798828e+02 5.4991802979e+02 5.4993499756e+02 5.4992297363e+02 5.4991400146e+02 5.4990100098e+02 5.4986199951e+02 5.4984399414e+02 5.4986102295e+02 5.4989599609e+02 5.4993798828e+02 5.4995599365e+02 5.4995098877e+02 5.4994702148e+02 5.4994702148e+02 5.4994598389e+02 5.4994897461e+02 5.4996398926e+02 5.4998199463e+02 5.4997900391e+02 5.4998999023e+02 5.5001300049e+02 5.5005499268e+02 5.5008801270e+02 5.5011199951e+02 5.5016101074e+02 5.5020898438e+02 5.5028302002e+02 5.5041699219e+02
5.4880401611e+02 5.4883197021e+02 5.4889300537e+02 5.4897698975e+02 5.4907397461e+02 5.4918798828e+02 5.4926800537e+02 5.4918298340e+02 5.4913500977e+02 5.4912701416e+02 5.4913800049e+02 5.4914898682e+02 5.4925097656e+02 5.4940899658e+02 5.4954302979e+02 5.4974597168e+02 5.4987402344e+02 5.4991998291e+02 5.4990399170e+02 5.4991497803e+02 5.4994299316e+02 5.4995098877e+02 5.4990100098e+02 5.4983599854e+02 5.4984100342e+02 5.4986102295e+02 5.4987597656e+02 5.4992199707e+02 5.4994500732e+02 5.4993798828e+02 5.4992199707e+02 5.4992602539e+02 5.4992102051e+02 5.4992797852e+02 5.4994702148e+02 5.4996301270e+02 5.4996899414e+02 5.4998199463e+02 5.5002502441e+02 5.5005401611e+02 5.5006799316e+02 5.5009899902e+02 5.5016802979e+02 5.5022399902e+02 5.5029602051e+02 5.5044097900e+02
5.4874102783e+02 5.4880102539e+02 5.4885998535e+02 5.4893597412e+02 5.4902697754e+02 5.4912799072e+02 5.4920300293e+02 5.4918402100e+02 5.4913598633e+02 5.4912200928e+02 5.4913000488e+02 5.4913702393e+02 5.4916699219e+02 5.4928100586e+02 5.4942602539e+02 5.4962597656e+02 5.4978002930e+02 5.4985498047e+02 5.4985900879e+02 5.4988000488e+02 5.4992797852e+02 5.4995697021e+02 5.4991400146e+02 5.4984497070e+02 5.4984399414e+02 5.4984802246e+02 5.4985998535e+02 5.4989501953e+02 5.4989599609e+02 5.4989599609e+02 5.4991400146e+02 5.4991101074e+02 5.4990698242e+02 5.4992401123e+02 5.4994000244e+02 5.4994396973e+02 5.4995800781e+02 5.4999102783e+02 5.5003601074e+02 5.5005700684e+02 5.5007202148e+02 5.5009698486e+02 5.5017297363e+02 5.5024902344e+02 5.5031402588e+02 5.5045300293e+02
5.4868200684e+02 5.4877398682e+02 5.4884100342e+02 5.4888500977e+02 5.4893200684e+02 5.4901501465e+02 5.4913098145e+02 5.4919000244e+02 5.4916302490e+02 5.4913000488e+02 5.4912200928e+02 5.4912200928e+02 5.4911602783e+02 5.4917602539e+02 5.4929400635e+02 5.4944097900e+02 5.4959899902e+02 5.4971502686e+02 5.4977502441e+02 5.4983502197e+02 5.4989697266e+02 5.4992602539e+02 5.4988702393e+02 5.4983300781e+02 5.4982897949e+02 5.4984802246e+02 5.4986602783e+02 5.4987402344e+02 5.4985797119e+02 5.4986499023e+02 5.4989801025e+02 5.4989398193e+02 5.4990802002e+02 5.4993597412e+02 5.4994799805e+02 5.4993499756e+02 5.4995098877e+02 5.4999102783e+02 5.5002301025e+02 5.5005499268e+02 5.5007897949e+02 5.5010797119e+02 5.5019000244e+02 5.5028100586e+02 5.5035101318e+02 5.5049200439e+02
5.4861901855e+02 5.4874200439e+02 5.4882598877e+02 5.4884802246e+02 5.4885198975e+02 5.4891998291e+02 5.4910400391e+02 5.4921997070e+02 5.4919396973e+02 5.4913500977e+02 5.4909399414e+02 5.4909698486e+02 5.4909301758e+02 5.4910198975e+02 5.4916802979e+02 5.4927099609e+02 5.4941198730e+02 5.4955102539e+02 5.4966601563e+02 5.4977600098e+02 5.4984399414e+02 5.4986199951e+02 5.4983300781e+02 5.4980102539e+02 5.4979901123e+02 5.4984002686e+02 5.4988201904e+02 5.4987500000e+02 5.4984698486e+02 5.4984600830e+02 5.4988201904e+02 5.4988500977e+02 5.4989202881e+02 5.4990997314e+02 5.4993103027e+02 5.4992297363e+02 5.4994299316e+02 5.4996801758e+02 5.4998101807e+02 5.5002502441e+02 5.5006201172e+02 5.5010998535e+02 5.5020599365e+02 5.5029199219e+02 5.5038098145e+02 5.5052600098e+02
5.4853802490e+02 5.4868298340e+02 5.4878802490e+02 5.4882299805e+02 5.4882098389e+02 5.4887799072e+02 5.4905401611e+02 5.4915899658e+02 5.4916601563e+02 5.4912799072e+02 5.4905999756e+02 5.4905401611e+02 5.4906597900e+02 5.4907098389e+02 5.4910198975e+02 5.4917901611e+02 5.4930200195e+02 5.4943298340e+02 5.4957598877e+02 5.4971398926e+02 5.4977398682e+02 5.4977398682e+02 5.4977001953e+02 5.4977398682e+02 5.4976702881e+02 5.4979797363e+02 5.4985101318e+02 5.4988000488e+02 5.4985302734e+02 5.4984002686e+02 5.4986999512e+02 5.4988598633e+02 5.4988598633e+02 5.4988598633e+02 5.4989202881e+02 5.4991400146e+02 5.4993597412e+02 5.4992999268e+02 5.4995001221e+02 5.5000897217e+02 5.5004302979e+02 5.5012097168e+02 5.5024700928e+02 5.5033099365e+02 5.5043701172e+02 5.5058099365e+02
5.4842797852e+02 5.4858801270e+02 5.4872399902e+02 5.4878198242e+02 5.4879998779e+02 5.4883801270e+02 5.4892602539e+02 5.4900500488e+02 5.4911700439e+02 5.4915502930e+02 5.4908898926e+02 5.4907299805e+02 5.4907000732e+02 5.4905401611e+02 5.4904699707e+02 5.4909301758e+02 5.4919598389e+02 5.4933001709e+02 5.4948498535e+02 5.4963897705e+02 5.4971002197e+02 5.4970501709e+02 5.4970397949e+02 5.4974902344e+02 5.4976501465e+02 5.4976898193e+02 5.4981799316e+02 5.4985101318e+02 5.4984802246e+02 5.4983898926e+02 5.4984600830e+02 5.4986297607e+02 5.4987402344e+02 5.4988098145e+02 5.4989202881e+02 5.4988897705e+02 5.4988201904e+02 5.4988897705e+02 5.4994598389e+02 5.5000598145e+02 5.5004797363e+02 5.5014099121e+02 5.5026202393e+02 5.5038000488e+02 5.5051098633e+02 5.5066101074e+02
5.4830102539e+02 5.4848297119e+02 5.4865698242e+02 5.4876898193e+02 5.4881597900e+02 5.4885101318e+02 5.4890899658e+02 5.4896099854e+02 5.4906402588e+02 5.4911102295e+02 5.4908197021e+02 5.4907000732e+02 5.4905999756e+02 5.4903900146e+02 5.4902301025e+02 5.4903002930e+02 5.4909399414e+02 5.4921801758e+02 5.4938098145e+02 5.4955102539e+02 5.4964099121e+02 5.4964898682e+02 5.4967797852e+02 5.4976599121e+02 5.4978802490e+02 5.4976098633e+02 5.4977899170e+02 5.4980297852e+02 5.4981201172e+02 5.4982098389e+02 5.4982598877e+02 5.4985900879e+02 5.4988201904e+02 5.4987500000e+02 5.4986901855e+02 5.4985998535e+02 5.4985699463e+02 5.4987701416e+02 5.4992498779e+02 5.5000201416e+02 5.5007800293e+02 5.5017901611e+02 5.5028399658e+02 5.5042297363e+02 5.5056097412e+02 5.5070098877e+02
5.4816601563e+02 5.4836199951e+02 5.4857800293e+02 5.4875097656e+02 5.4883898926e+02 5.4888098145e+02 5.4892700195e+02 5.4894500732e+02 5.4899902344e+02 5.4904199219e+02 5.4904400635e+02 5.4903997803e+02 5.4903497314e+02 5.4902899170e+02 5.4901702881e+02 5.4899902344e+02 5.4903002930e+02 5.4913800049e+02 5.4930297852e+02 5.4948602295e+02 5.4957598877e+02 5.4960302734e+02 5.4969000244e+02 5.4978997803e+02 5.4979797363e+02 5.4976202393e+02 5.4976000977e+02 5.4976202393e+02 5.4976898193e+02 5.4979302979e+02 5.4981201172e+02 5.4985797119e+02 5.4987701416e+02 5.4987799072e+02 5.4987298584e+02 5.4987200928e+02 5.4991699219e+02 5.4995501709e+02 5.4996301270e+02 5.5006597900e+02 5.5015002441e+02 5.5025402832e+02 5.5037200928e+02 5.5048602295e+02 5.5060797119e+02 5.5074597168e+02
