TESTSERVER/7/15.asc
NCOLS 100
NROWS 100
XLLCORNER 7.8497500000e+03
YLLCORNER 2.8920025000e+05
CELLSIZE 5.0000000000e-01
NODATA_VALUE -9.9990000000e+03
[rows 60 to 79 of 100, columns 46 to 91 of 100]
5.4997900391e+02 5.5005798340e+02 5.5016400146e+02 5.5032000732e+02 5.5049200439e+02 5.5060101318e+02 5.5058697510e+02 5.5054699707e+02 5.5053399658e+02 5.5055798340e+02 5.5056298828e+02 5.5052197266e+02 5.5048901367e+02 5.5047601318e+02 5.5046801758e+02 5.5050201416e+02 5.5053302002e+02 5.5054400635e+02 5.5052801514e+02 5.5054101563e+02 5.5053002930e+02 5.5052801514e+02 5.5053997803e+02 5.5053302002e+02 5.5053698730e+02 5.5053900146e+02 5.5053802490e+02 5.5056701660e+02 5.5057202148e+02 5.5054998779e+02 5.5055499268e+02 5.5055700684e+02 5.5056799316e+02 5.5057299805e+02 5.5058697510e+02 5.5059698486e+02 5.5059100342e+02 5.5058099365e+02 5.5055798340e+02 5.5058197021e+02 5.5059600830e+02 5.5059802246e+02 5.5060498047e+02 5.5059399414e+02 5.5058001709e+02 5.5057501221e+02
5.4998999023e+02 5.5005798340e+02 5.5013598633e+02 5.5026300049e+02 5.5043701172e+02 5.5059197998e+02 5.5062402344e+02 5.5056701660e+02 5.5053900146e+02 5.5058197021e+02 5.5057501221e+02 5.5053100586e+02 5.5049200439e+02 5.5046301270e+02 5.5045697021e+02 5.5049700928e+02 5.5052697754e+02 5.5053802490e+02 5.5052001953e+02 5.5053198242e+02 5.5051702881e+02 5.5050598145e+02 5.5051599121e+02 5.5051202393e+02 5.5052398682e+02 5.5052801514e+02 5.5052801514e+02 5.5053802490e+02 5.5054302979e+02 5.5053302002e+02 5.5053997803e+02 5.5055102539e+02 5.5057501221e+02 5.5057202148e+02 5.5055401611e+02 5.5054101563e+02 5.5053100586e+02 5.5054699707e+02 5.5054699707e+02 5.5057800293e+02 5.5057397461e+02 5.5057000732e+02 5.5057098389e+02 5.5056402588e+02 5.5054901123e+02 5.5052502441e+02
5.4995697021e+02 5.5002398682e+02 5.5009802246e+02 5.5019097900e+02 5.5034600830e+02 5.5051397705e+02 5.5058801270e+02 5.5056201172e+02 5.5052398682e+02 5.5053601074e+02 5.5053002930e+02 5.5050897217e+02 5.5048602295e+02 5.5045501709e+02 5.5044097900e+02 5.5048199463e+02 5.5049798584e+02 5.5050299072e+02 5.5049499512e+02 5.5050701904e+02 5.5050201416e+02 5.5049401855e+02 5.5050799561e+02 5.5049700928e+02 5.5050299072e+02 5.5050299072e+02 5.5050097656e+02 5.5051000977e+02 5.5051898193e+02 5.5052502441e+02 5.5050897217e+02 5.5050500488e+02 5.5053698730e+02 5.5054797363e+02 5.5053002930e+02 5.5050500488e+02 5.5048797607e+02 5.5050299072e+02 5.5050897217e+02 5.5054498291e+02 5.5054101563e+02 5.5053900146e+02 5.5054302979e+02 5.5054400635e+02 5.5052301025e+02 5.5049200439e+02
5.4987701416e+02 5.4994000244e+02 5.5001702881e+02 5.5010198975e+02 5.5023901367e+02 5.5038800049e+02 5.5047497559e+02 5.5050897217e+02 5.5049700928e+02 5.5049298096e+02 5.5049298096e+02 5.5049200439e+02 5.5048101807e+02 5.5045397949e+02 5.5043499756e+02 5.5046301270e+02 5.5046600342e+02 5.5046002197e+02 5.5045800781e+02 5.5046899414e+02 5.5047302246e+02 5.5047100830e+02 5.5048602295e+02 5.5047198486e+02 5.5047100830e+02 5.5046600342e+02 5.5047302246e+02 5.5047998047e+02 5.5048101807e+02 5.5049102783e+02 5.5047698975e+02 5.5047100830e+02 5.5049298096e+02 5.5050299072e+02 5.5049798584e+02 5.5048797607e+02 5.5047399902e+02 5.5047601318e+02 5.5048101807e+02 5.5050500488e+02 5.5050201416e+02 5.5050097656e+02 5.5051202393e+02 5.5050299072e+02 5.5047497559e+02 5.5045501709e+02
5.4979400635e+02 5.4984497070e+02 5.4991400146e+02 5.5001898193e+02 5.5015600586e+02 5.5030200195e+02 5.5044500732e+02 5.5049200439e+02 5.5051599121e+02 5.5053497314e+02 5.5052899170e+02 5.5051501465e+02 5.5048901367e+02 5.5045098877e+02 5.5042602539e+02 5.5043103027e+02 5.5044201660e+02 5.5044799805e+02 5.5044097900e+02 5.5045501709e+02 5.5045098877e+02 5.5044299316e+02 5.5044500732e+02 5.5044396973e+02 5.5044396973e+02 5.5044799805e+02 5.5047198486e+02 5.5046197510e+02 5.5045001221e+02 5.5044500732e+02 5.5044201660e+02 5.5044702148e+02 5.5046398926e+02 5.5046301270e+02 5.5046197510e+02 5.5047399902e+02 5.5046600342e+02 5.5046801758e+02 5.5050097656e+02 5.5047802734e+02 5.5046301270e+02 5.5046697998e+02 5.5047998047e+02 5.5045599365e+02 5.5041998291e+02 5.5041400146e+02
5.4971801758e+02 5.4978100586e+02 5.4985198975e+02 5.4994201660e+02 5.5006201172e+02 5.5022198486e+02 5.5040698242e+02 5.5051898193e+02 5.5053100586e+02 5.5052697754e+02 5.5052301025e+02 5.5052801514e+02 5.5049700928e+02 5.5044598389e+02 5.5040802002e+02 5.5040002441e+02 5.5043298340e+02 5.5045098877e+02 5.5043798828e+02 5.5043499756e+02 5.5042797852e+02 5.5042700195e+02 5.5044897461e+02 5.5046398926e+02 5.5045098877e+02 5.5044500732e+02 5.5046099854e+02 5.5045001221e+02 5.5044702148e+02 5.5043402100e+02 5.5044598389e+02 5.5044500732e+02 5.5045599365e+02 5.5044799805e+02 5.5044799805e+02 5.5045898438e+02 5.5045697021e+02 5.5045300293e+02 5.5046697998e+02 5.5045599365e+02 5.5045501709e+02 5.5045098877e+02 5.5045599365e+02 5.5043701172e+02 5.5039099121e+02 5.5040197754e+02
5.4968298340e+02 5.4973400879e+02 5.4979901123e+02 5.4989001465e+02 5.5000897217e+02 5.5014697266e+02 5.5031097412e+02 5.5047998047e+02 5.5051599121e+02 5.5050201416e+02 5.5050402832e+02 5.5051800537e+02 5.5049401855e+02 5.5045001221e+02 5.5041198730e+02 5.5037902832e+02 5.5039697266e+02 5.5043103027e+02 5.5044000244e+02 5.5042999268e+02 5.5041802979e+02 5.5042102051e+02 5.5043597412e+02 5.5043103027e+02 5.5041802979e+02 5.5042102051e+02 5.5044500732e+02 5.5044897461e+02 5.5046197510e+02 5.5045098877e+02 5.5045397949e+02 5.5043103027e+02 5.5044500732e+02 5.5046600342e+02 5.5048199463e+02 5.5045599365e+02 5.5043701172e+02 5.5043798828e+02 5.5044598389e+02 5.5045300293e+02 5.5045800781e+02 5.5044799805e+02 5.5043298340e+02 5.5041198730e+02 5.5036700439e+02 5.5039001465e+02
5.4969799805e+02 5.4970300293e+02 5.4975500488e+02 5.4985998535e+02 5.4996398926e+02 5.5005999756e+02 5.5020898438e+02 5.5041699219e+02 5.5049798584e+02 5.5049597168e+02 5.5049298096e+02 5.5050299072e+02 5.5047998047e+02 5.5044598389e+02 5.5041601563e+02 5.5037597656e+02 5.5036102295e+02 5.5038702393e+02 5.5040899658e+02 5.5040698242e+02 5.5039599609e+02 5.5039599609e+02 5.5040100098e+02 5.5037701416e+02 5.5037701416e+02 5.5039801025e+02 5.5041497803e+02 5.5043298340e+02 5.5045898438e+02 5.5044702148e+02 5.5044299316e+02 5.5042199707e+02 5.5045397949e+02 5.5049902344e+02 5.5052301025e+02 5.5046600342e+02 5.5043499756e+02 5.5044097900e+02 5.5043103027e+02 5.5043597412e+02 5.5043499756e+02 5.5042901611e+02 5.5041198730e+02 5.5038800049e+02 5.5034399414e+02 5.5036999512e+02
5.4969500732e+02 5.4966699219e+02 5.4971197510e+02 5.4979400635e+02 5.4987701416e+02 5.4999597168e+02 5.5016601563e+02 5.5033001709e+02 5.5043298340e+02 5.5046099854e+02 5.5045397949e+02 5.5047601318e+02 5.5045697021e+02 5.5043298340e+02 5.5041699219e+02 5.5037500000e+02 5.5034802246e+02 5.5034399414e+02 5.5036901855e+02 5.5037799072e+02 5.5037799072e+02 5.5037500000e+02 5.5038299561e+02 5.5034399414e+02 5.5035498047e+02 5.5038098145e+02 5.5038397217e+02 5.5042199707e+02 5.5044702148e+02 5.5042602539e+02 5.5043200684e+02 5.5043499756e+02 5.5046002197e+02 5.5047998047e+02 5.5045898438e+02 5.5043402100e+02 5.5044897461e+02 5.5046997070e+02 5.5042999268e+02 5.5042999268e+02 5.5041900635e+02 5.5040899658e+02 5.5039398193e+02 5.5035998535e+02 5.5032897949e+02 5.5035198975e+02
5.4961602783e+02 5.4961401367e+02 5.4963897705e+02 5.4973498535e+02 5.4983898926e+02 5.4994897461e+02 5.5008300781e+02 5.5024102783e+02 5.5036901855e+02 5.5042999268e+02 5.5044299316e+02 5.5045501709e+02 5.5044598389e+02 5.5043103027e+02 5.5041302490e+02 5.5038500977e+02 5.5034698486e+02 5.5032202148e+02 5.5033898926e+02 5.5036199951e+02 5.5036798096e+02 5.5036401367e+02 5.5035699463e+02 5.5034399414e+02 5.5035400391e+02 5.5035797119e+02 5.5036102295e+02 5.5040100098e+02 5.5041900635e+02 5.5039898682e+02 5.5040698242e+02 5.5040600586e+02 5.5047497559e+02 5.5053100586e+02 5.5047100830e+02 5.5043200684e+02 5.5044897461e+02 5.5045599365e+02 5.5041998291e+02 5.5040399170e+02 5.5039697266e+02 5.5038897705e+02 5.5037500000e+02 5.5033300781e+02 5.5030499268e+02 5.5032897949e+02
5.4954400635e+02 5.4956201172e+02 5.4957800293e+02 5.4968902588e+02 5.4980401611e+02 5.4991400146e+02 5.5004498291e+02 5.5020300293e+02 5.5033398438e+02 5.5041302490e+02 5.5044097900e+02 5.5044702148e+02 5.5043499756e+02 5.5041998291e+02 5.5040399170e+02 5.5038800049e+02 5.5035101318e+02 5.5031402588e+02 5.5029400635e+02 5.5030401611e+02 5.5031701660e+02 5.5033898926e+02 5.5033697510e+02 5.5034899902e+02 5.5035900879e+02 5.5033697510e+02 5.5033599854e+02 5.5034997559e+02 5.5036602783e+02 5.5037701416e+02 5.5038702393e+02 5.5038098145e+02 5.5044500732e+02 5.5050500488e+02 5.5047198486e+02 5.5043499756e+02 5.5044299316e+02 5.5043103027e+02 5.5039300537e+02 5.5036901855e+02 5.5036499023e+02 5.5036901855e+02 5.5035198975e+02 5.5031097412e+02 5.5029101563e+02 5.5033197021e+02
5.4951098633e+02 5.4952197266e+02 5.4954797363e+02 5.4963598633e+02 5.4973797607e+02 5.4987500000e+02 5.5003100586e+02 5.5018798828e+02 5.5030297852e+02 5.5038098145e+02 5.5042602539e+02 5.5045001221e+02 5.5043200684e+02 5.5040802002e+02 5.5039202881e+02 5.5038201904e+02 5.5035699463e+02 5.5033801270e+02 5.5030401611e+02 5.5028601074e+02 5.5027001953e+02 5.5028302002e+02 5.5029400635e+02 5.5031701660e+02 5.5033398438e+02 5.5031097412e+02 5.5031799316e+02 5.5031500244e+02 5.5031896973e+02 5.5033898926e+02 5.5035797119e+02 5.5036102295e+02 5.5041601563e+02 5.5046697998e+02 5.5046197510e+02 5.5043798828e+02 5.5046801758e+02 5.5046197510e+02 5.5038299561e+02 5.5034399414e+02 5.5034997559e+02 5.5035302734e+02 5.5033300781e+02 5.5029400635e+02 5.5027899170e+02 5.5033898926e+02
5.4949499512e+02 5.4948199463e+02 5.4959399414e+02 5.4958398438e+02 5.4964202881e+02 5.4980200195e+02 5.4998797607e+02 5.5016900635e+02 5.5028399658e+02 5.5034600830e+02 5.5039801025e+02 5.5043499756e+02 5.5040802002e+02 5.5037799072e+02 5.5037597656e+02 5.5034997559e+02 5.5033001709e+02 5.5033001709e+02 5.5033001709e+02 5.5032299805e+02 5.5028997803e+02 5.5026000977e+02 5.5025299072e+02 5.5026599121e+02 5.5028100586e+02 5.5028399658e+02 5.5031201172e+02 5.5031597900e+02 5.5030902100e+02 5.5031500244e+02 5.5034497070e+02 5.5033502197e+02 5.5038702393e+02 5.5043597412e+02 5.5044097900e+02 5.5040997314e+02 5.5045098877e+02 5.5046398926e+02 5.5037298584e+02 5.5033599854e+02 5.5033801270e+02 5.5032299805e+02 5.5029998779e+02 5.5028399658e+02 5.5027099609e+02 5.5033502197e+02
5.4949102783e+02 5.4945397949e+02 5.4954901123e+02 5.4951599121e+02 5.4957202148e+02 5.4973699951e+02 5.4992797852e+02 5.5013800049e+02 5.5027099609e+02 5.5033099365e+02 5.5036901855e+02 5.5041101074e+02 5.5039697266e+02 5.5037799072e+02 5.5037500000e+02 5.5035900879e+02 5.5033001709e+02 5.5032702637e+02 5.5034698486e+02 5.5033197021e+02 5.5031201172e+02 5.5028100586e+02 5.5024700928e+02 5.5022698975e+02 5.5023999023e+02 5.5026800537e+02 5.5030700684e+02 5.5028601074e+02 5.5028601074e+02 5.5029400635e+02 5.5029699707e+02 5.5028399658e+02 5.5033398438e+02 5.5035900879e+02 5.5037701416e+02 5.5033898926e+02 5.5034100342e+02 5.5035400391e+02 5.5033197021e+02 5.5030700684e+02 5.5031500244e+02 5.5030499268e+02 5.5028900146e+02 5.5026800537e+02 5.5024902344e+02 5.5029797363e+02
5.4941900635e+02 5.4938397217e+02 5.4946600342e+02 5.4945098877e+02 5.4954302979e+02 5.4971002197e+02 5.4986102295e+02 5.5001098633e+02 5.5013897705e+02 5.5025201416e+02 5.5035400391e+02 5.5040600586e+02 5.5040301514e+02 5.5038702393e+02 5.5037097168e+02 5.5036999512e+02 5.5033801270e+02 5.5032397461e+02 5.5034899902e+02 5.5033197021e+02 5.5030902100e+02 5.5028698730e+02 5.5024700928e+02 5.5022601318e+02 5.5022601318e+02 5.5023297119e+02 5.5026599121e+02 5.5025701904e+02 5.5026599121e+02 5.5027001953e+02 5.5025097656e+02 5.5024200439e+02 5.5027301025e+02 5.5027801514e+02 5.5029797363e+02 5.5027001953e+02 5.5025500488e+02 5.5026599121e+02 5.5028399658e+02 5.5026898193e+02 5.5028100586e+02 5.5028100586e+02 5.5027600098e+02 5.5025701904e+02 5.5024700928e+02 5.5028802490e+02
5.4935302734e+02 5.4934399414e+02 5.4940698242e+02 5.4939599609e+02 5.4949401855e+02 5.4965301514e+02 5.4977398682e+02 5.4987298584e+02 5.5000201416e+02 5.5017297363e+02 5.5033697510e+02 5.5039898682e+02 5.5039501953e+02 5.5039001465e+02 5.5039099121e+02 5.5038598633e+02 5.5034301758e+02 5.5030798340e+02 5.5030499268e+02 5.5029901123e+02 5.5028198242e+02 5.5026800537e+02 5.5022998047e+02 5.5021801758e+02 5.5020800781e+02 5.5018402100e+02 5.5021301270e+02 5.5023498535e+02 5.5024597168e+02 5.5024499512e+02 5.5022802734e+02 5.5022302246e+02 5.5024298096e+02 5.5023699951e+02 5.5023797607e+02 5.5023901367e+02 5.5024200439e+02 5.5025500488e+02 5.5025402832e+02 5.5023699951e+02 5.5024597168e+02 5.5024700928e+02 5.5024700928e+02 5.5024200439e+02 5.5024798584e+02 5.5027801514e+02
5.4933898926e+02 5.4934399414e+02 5.4936798096e+02 5.4936199951e+02 5.4943499756e+02 5.4955798340e+02 5.4966198730e+02 5.4979400635e+02 5.4994000244e+02 5.5010198975e+02 5.5023797607e+02 5.5035699463e+02 5.5038201904e+02 5.5036999512e+02 5.5036798096e+02 5.5035498047e+02 5.5034002686e+02 5.5031896973e+02 5.5029302979e+02 5.5028002930e+02 5.5026702881e+02 5.5025299072e+02 5.5023400879e+02 5.5022302246e+02 5.5019000244e+02 5.5015197754e+02 5.5015600586e+02 5.5018798828e+02 5.5019201660e+02 5.5019598389e+02 5.5021197510e+02 5.5020300293e+02 5.5021502686e+02 5.5021197510e+02 5.5022100830e+02 5.5022802734e+02 5.5024597168e+02 5.5025598145e+02 5.5022698975e+02 5.5021997070e+02 5.5023498535e+02 5.5022998047e+02 5.5020501709e+02 5.5021697998e+02 5.5023901367e+02 5.5026800537e+02
5.4933801270e+02 5.4933697510e+02 5.4932000732e+02 5.4931402588e+02 5.4937799072e+02 5.4949298096e+02 5.4959100342e+02 5.4971899414e+02 5.4987298584e+02 5.5004602051e+02 5.5020697021e+02 5.5033801270e+02 5.5036901855e+02 5.5036102295e+02 5.5035699463e+02 5.5035198975e+02 5.5034899902e+02 5.5032397461e+02 5.5028497314e+02 5.5026501465e+02 5.5023602295e+02 5.5022998047e+02 5.5022900391e+02 5.5021502686e+02 5.5018298340e+02 5.5015002441e+02 5.5011901855e+02 5.5012298584e+02 5.5014801025e+02 5.5015802002e+02 5.5017498779e+02 5.5018402100e+02 5.5020202637e+02 5.5019702148e+02 5.5020397949e+02 5.5020800781e+02 5.5021600342e+02 5.5021301270e+02 5.5021002197e+02 5.5021502686e+02 5.5022198486e+02 5.5021301270e+02 5.5019702148e+02 5.5021099854e+02 5.5023400879e+02 5.5026300049e+02
5.4936401367e+02 5.4932501221e+02 5.4927697754e+02 5.4925402832e+02 5.4931298828e+02 5.4943499756e+02 5.4953997803e+02 5.4967102051e+02 5.4982501221e+02 5.5001898193e+02 5.5022302246e+02 5.5033801270e+02 5.5035198975e+02 5.5035601807e+02 5.5037097168e+02 5.5036102295e+02 5.5034197998e+02 5.5030603027e+02 5.5026300049e+02 5.5024200439e+02 5.5021600342e+02 5.5021398926e+02 5.5021197510e+02 5.5020397949e+02 5.5019000244e+02 5.5015997314e+02 5.5011297607e+02 5.5008398438e+02 5.5010302734e+02 5.5011602783e+02 5.5013299561e+02 5.5015899658e+02 5.5017700195e+02 5.5016601563e+02 5.5017498779e+02 5.5018902588e+02 5.5019299316e+02 5.5019000244e+02 5.5019097900e+02 5.5020300293e+02 5.5020202637e+02 5.5018103027e+02 5.5018200684e+02 5.5020697021e+02 5.5022900391e+02 5.5025500488e+02
5.4940600586e+02 5.4929901123e+02 5.4924499512e+02 5.4921197510e+02 5.4925097656e+02 5.4935400391e+02 5.4946600342e+02 5.4960797119e+02 5.4975097656e+02 5.4993402100e+02 5.5016400146e+02 5.5029998779e+02 5.5032501221e+02 5.5032299805e+02 5.5033502197e+02 5.5033801270e+02 5.5031896973e+02 5.5028601074e+02 5.5024102783e+02 5.5022100830e+02 5.5020300293e+02 5.5019799805e+02 5.5018798828e+02 5.5017901611e+02 5.5017401123e+02 5.5015502930e+02 5.5012799072e+02 5.5010400391e+02 5.5010900879e+02 5.5009497070e+02 5.5008300781e+02 5.5010998535e+02 5.5014398193e+02 5.5014599609e+02 5.5015997314e+02 5.5016497803e+02 5.5016497803e+02 5.5018200684e+02 5.5017297363e+02 5.5017797852e+02 5.5016998291e+02 5.5015301514e+02 5.5017102051e+02 5.5020501709e+02 5.5022698975e+02 5.5025598145e+02
