TESTSERVER/7/16.asc
NCOLS 100
NROWS 100
XLLCORNER 7.8497500000e+03
YLLCORNER 2.8915025000e+05
CELLSIZE 5.0000000000e-01
NODATA_VALUE -9.9990000000e+03
[rows 60 to 79 of 100, columns 0 to 45 of 100]
5.5017498779e+02 5.5018103027e+02 5.5018103027e+02 5.5018200684e+02 5.5018701172e+02 5.5017700195e+02 5.5016699219e+02 5.5015997314e+02 5.5016302490e+02 5.5016998291e+02 5.5015802002e+02 5.5014599609e+02 5.5013897705e+02 5.5013098145e+02 5.5009802246e+02 5.5008801270e+02 5.5009399414e+02 5.5010400391e+02 5.5011798096e+02 5.5014599609e+02 5.5015698242e+02 5.5016699219e+02 5.5015997314e+02 5.5015301514e+02 5.5013201904e+02 5.5015002441e+02 5.5012799072e+02 5.5012200928e+02 5.5011700439e+02 5.5010699463e+02 5.5011602783e+02 5.5014398193e+02 5.5019201660e+02 5.5019201660e+02 5.5021600342e+02 5.5028302002e+02 5.5037799072e+02 5.5043499756e+02 5.5037097168e+02 5.5027197266e+02 5.5020202637e+02 5.5013500977e+02 5.4994799805e+02 5.4972698975e+02 5.4957000732e+02 5.4946398926e+02
5.5017199707e+02 5.5017297363e+02 5.5017199707e+02 5.5017297363e+02 5.5017401123e+02 5.5016400146e+02 5.5015100098e+02 5.5014801025e+02 5.5015899658e+02 5.5017797852e+02 5.5015502930e+02 5.5012298584e+02 5.5009600830e+02 5.5008001709e+02 5.5006097412e+02 5.5005700684e+02 5.5008502197e+02 5.5009899902e+02 5.5011798096e+02 5.5013897705e+02 5.5015197754e+02 5.5016497803e+02 5.5015002441e+02 5.5014801025e+02 5.5013000488e+02 5.5013098145e+02 5.5012902832e+02 5.5012701416e+02 5.5012799072e+02 5.5011700439e+02 5.5011199951e+02 5.5012902832e+02 5.5017297363e+02 5.5018597412e+02 5.5021301270e+02 5.5027899170e+02 5.5038598633e+02 5.5045300293e+02 5.5041400146e+02 5.5031701660e+02 5.5022198486e+02 5.5016101074e+02 5.4998699951e+02 5.4978698730e+02 5.4963897705e+02 5.4947497559e+02
5.5016998291e+02 5.5016699219e+02 5.5016497803e+02 5.5016400146e+02 5.5016302490e+02 5.5015301514e+02 5.5014599609e+02 5.5015197754e+02 5.5017700195e+02 5.5019299316e+02 5.5014697266e+02 5.5009399414e+02 5.5006097412e+02 5.5005297852e+02 5.5004602051e+02 5.5005102539e+02 5.5008099365e+02 5.5009802246e+02 5.5012500000e+02 5.5015002441e+02 5.5014898682e+02 5.5014801025e+02 5.5013500977e+02 5.5014001465e+02 5.5011798096e+02 5.5010797119e+02 5.5011401367e+02 5.5012500000e+02 5.5013201904e+02 5.5011700439e+02 5.5012402344e+02 5.5015197754e+02 5.5017700195e+02 5.5018103027e+02 5.5020800781e+02 5.5028198242e+02 5.5040502930e+02 5.5048999023e+02 5.5046301270e+02 5.5036401367e+02 5.5025701904e+02 5.5019500732e+02 5.5003002930e+02 5.4983801270e+02 5.4969097900e+02 5.4950799561e+02
5.5016699219e+02 5.5016101074e+02 5.5015802002e+02 5.5015600586e+02 5.5015197754e+02 5.5014801025e+02 5.5015600586e+02 5.5017700195e+02 5.5021600342e+02 5.5021301270e+02 5.5013500977e+02 5.5006298828e+02 5.5002600098e+02 5.5003100586e+02 5.5003900146e+02 5.5005499268e+02 5.5007897949e+02 5.5009802246e+02 5.5012200928e+02 5.5014501953e+02 5.5013598633e+02 5.5013098145e+02 5.5011401367e+02 5.5011602783e+02 5.5009698486e+02 5.5009899902e+02 5.5011199951e+02 5.5013201904e+02 5.5014501953e+02 5.5013098145e+02 5.5014398193e+02 5.5017602539e+02 5.5019702148e+02 5.5019201660e+02 5.5021697998e+02 5.5029498291e+02 5.5042602539e+02 5.5052099609e+02 5.5049798584e+02 5.5039599609e+02 5.5027899170e+02 5.5021398926e+02 5.5005401611e+02 5.4985498047e+02 5.4968200684e+02 5.4951898193e+02
5.5015997314e+02 5.5015502930e+02 5.5015197754e+02 5.5015100098e+02 5.5014398193e+02 5.5014001465e+02 5.5017700195e+02 5.5021099854e+02 5.5018402100e+02 5.5015100098e+02 5.5008502197e+02 5.5003302002e+02 5.5001599121e+02 5.5002697754e+02 5.5004400635e+02 5.5006597900e+02 5.5007202148e+02 5.5009100342e+02 5.5010699463e+02 5.5012902832e+02 5.5013000488e+02 5.5012298584e+02 5.5010302734e+02 5.5011102295e+02 5.5010601807e+02 5.5011700439e+02 5.5013598633e+02 5.5014801025e+02 5.5015899658e+02 5.5016302490e+02 5.5016699219e+02 5.5017999268e+02 5.5020697021e+02 5.5021600342e+02 5.5023797607e+02 5.5030798340e+02 5.5041900635e+02 5.5051501465e+02 5.5049700928e+02 5.5039801025e+02 5.5028802490e+02 5.5020800781e+02 5.5005401611e+02 5.4984197998e+02 5.4963201904e+02 5.4948999023e+02
5.5015502930e+02 5.5014599609e+02 5.5014599609e+02 5.5015100098e+02 5.5014697266e+02 5.5018798828e+02 5.5023901367e+02 5.5020800781e+02 5.5011199951e+02 5.5005603027e+02 5.5001000977e+02 5.5000402832e+02 5.5001702881e+02 5.5003997803e+02 5.5005200195e+02 5.5006402588e+02 5.5006896973e+02 5.5008300781e+02 5.5009899902e+02 5.5011499023e+02 5.5009802246e+02 5.5009100342e+02 5.5008502197e+02 5.5010601807e+02 5.5012200928e+02 5.5012597656e+02 5.5012701416e+02 5.5013897705e+02 5.5016900635e+02 5.5017602539e+02 5.5018798828e+02 5.5020202637e+02 5.5021502686e+02 5.5023297119e+02 5.5024902344e+02 5.5030499268e+02 5.5040600586e+02 5.5048602295e+02 5.5046697998e+02 5.5037097168e+02 5.5026000977e+02 5.5016302490e+02 5.5001702881e+02 5.4980603027e+02 5.4957098389e+02 5.4942498779e+02
5.5015100098e+02 5.5014001465e+02 5.5014501953e+02 5.5015698242e+02 5.5016400146e+02 5.5019799805e+02 5.5020202637e+02 5.5013397217e+02 5.5005297852e+02 5.4999700928e+02 5.4996997070e+02 5.4998602295e+02 5.5000299072e+02 5.5002398682e+02 5.5003497314e+02 5.5004400635e+02 5.5006097412e+02 5.5006597900e+02 5.5007598877e+02 5.5008300781e+02 5.5006597900e+02 5.5006298828e+02 5.5006402588e+02 5.5009301758e+02 5.5011499023e+02 5.5013098145e+02 5.5014099121e+02 5.5015301514e+02 5.5017199707e+02 5.5017297363e+02 5.5019500732e+02 5.5022100830e+02 5.5022100830e+02 5.5023699951e+02 5.5025299072e+02 5.5030401611e+02 5.5040301514e+02 5.5047698975e+02 5.5045599365e+02 5.5035601807e+02 5.5023602295e+02 5.5009301758e+02 5.4992199707e+02 5.4970202637e+02 5.4946899414e+02 5.4934698486e+02
5.5015100098e+02 5.5014001465e+02 5.5015197754e+02 5.5016998291e+02 5.5017901611e+02 5.5015100098e+02 5.5008898926e+02 5.5002502441e+02 5.4999298096e+02 5.4995898438e+02 5.4996197510e+02 5.4997601318e+02 5.4998699951e+02 5.5001202393e+02 5.5001800537e+02 5.5001599121e+02 5.5003698730e+02 5.5004302979e+02 5.5004101563e+02 5.5004101563e+02 5.5003198242e+02 5.5003302002e+02 5.5005401611e+02 5.5008898926e+02 5.5010400391e+02 5.5012701416e+02 5.5014501953e+02 5.5015899658e+02 5.5017797852e+02 5.5016900635e+02 5.5018298340e+02 5.5020800781e+02 5.5020501709e+02 5.5023297119e+02 5.5025701904e+02 5.5030999756e+02 5.5040600586e+02 5.5046697998e+02 5.5043298340e+02 5.5031701660e+02 5.5017401123e+02 5.4999102783e+02 5.4978900146e+02 5.4956597900e+02 5.4936401367e+02 5.4927099609e+02
5.5015600586e+02 5.5014001465e+02 5.5015802002e+02 5.5018597412e+02 5.5018200684e+02 5.5009002686e+02 5.5000598145e+02 5.4996197510e+02 5.4994598389e+02 5.4994897461e+02 5.4996099854e+02 5.4996197510e+02 5.4995397949e+02 5.4998101807e+02 5.4999902344e+02 5.5000201416e+02 5.5000897217e+02 5.5001397705e+02 5.5001397705e+02 5.5001501465e+02 5.5001702881e+02 5.5006799316e+02 5.5008398438e+02 5.5009899902e+02 5.5011499023e+02 5.5012298584e+02 5.5013800049e+02 5.5016601563e+02 5.5019000244e+02 5.5018200684e+02 5.5018701172e+02 5.5019299316e+02 5.5019299316e+02 5.5022399902e+02 5.5026202393e+02 5.5031402588e+02 5.5038299561e+02 5.5041699219e+02 5.5035797119e+02 5.5022302246e+02 5.5005401611e+02 5.4986297607e+02 5.4966302490e+02 5.4946398926e+02 5.4929498291e+02 5.4920697021e+02
5.5015301514e+02 5.5014300537e+02 5.5014398193e+02 5.5013000488e+02 5.5008300781e+02 5.5000299072e+02 5.4995098877e+02 5.4992901611e+02 5.4992297363e+02 5.4994201660e+02 5.4995202637e+02 5.4996301270e+02 5.4995300293e+02 5.4995697021e+02 5.4998699951e+02 5.4999902344e+02 5.4999499512e+02 5.4998400879e+02 5.4999499512e+02 5.5001702881e+02 5.5002697754e+02 5.5008099365e+02 5.5008300781e+02 5.5008502197e+02 5.5009997559e+02 5.5012097168e+02 5.5013702393e+02 5.5015698242e+02 5.5017700195e+02 5.5017602539e+02 5.5017199707e+02 5.5016101074e+02 5.5016601563e+02 5.5021197510e+02 5.5026898193e+02 5.5032000732e+02 5.5034899902e+02 5.5033599854e+02 5.5024902344e+02 5.5009600830e+02 5.4990698242e+02 5.4969500732e+02 5.4949102783e+02 5.4932702637e+02 5.4920697021e+02 5.4911401367e+02
5.5016198730e+02 5.5016699219e+02 5.5012597656e+02 5.5004797363e+02 5.4998797607e+02 5.4994201660e+02 5.4991101074e+02 5.4989697266e+02 5.4989398193e+02 5.4990997314e+02 5.4992901611e+02 5.4995800781e+02 5.4995501709e+02 5.4995397949e+02 5.4997601318e+02 5.4997802734e+02 5.4996899414e+02 5.4995898438e+02 5.4998602295e+02 5.5002197266e+02 5.5001898193e+02 5.5004699707e+02 5.5006201172e+02 5.5008697510e+02 5.5010400391e+02 5.5012097168e+02 5.5012902832e+02 5.5014300537e+02 5.5016400146e+02 5.5015899658e+02 5.5014599609e+02 5.5014697266e+02 5.5018597412e+02 5.5024298096e+02 5.5028601074e+02 5.5029498291e+02 5.5026300049e+02 5.5020001221e+02 5.5009698486e+02 5.4994598389e+02 5.4975701904e+02 5.4953997803e+02 5.4936102295e+02 5.4923797607e+02 5.4914398193e+02 5.4902301025e+02
5.5017602539e+02 5.5016900635e+02 5.5008599854e+02 5.4998602295e+02 5.4993798828e+02 5.4991497803e+02 5.4988702393e+02 5.4986499023e+02 5.4986102295e+02 5.4989001465e+02 5.4992199707e+02 5.4995202637e+02 5.4995001221e+02 5.4995098877e+02 5.4996197510e+02 5.4995800781e+02 5.4995501709e+02 5.4994897461e+02 5.4997698975e+02 5.5001501465e+02 5.5001000977e+02 5.5002801514e+02 5.5005499268e+02 5.5009698486e+02 5.5011499023e+02 5.5012200928e+02 5.5012597656e+02 5.5013397217e+02 5.5015100098e+02 5.5014398193e+02 5.5014300537e+02 5.5017498779e+02 5.5023498535e+02 5.5027398682e+02 5.5027099609e+02 5.5021301270e+02 5.5011102295e+02 5.5001599121e+02 5.4991302490e+02 5.4977899170e+02 5.4959301758e+02 5.4938000488e+02 5.4924102783e+02 5.4914599609e+02 5.4903497314e+02 5.4887799072e+02
5.5016699219e+02 5.5009100342e+02 5.5000000000e+02 5.4994201660e+02 5.4991601563e+02 5.4988897705e+02 5.4985900879e+02 5.4984197998e+02 5.4984399414e+02 5.4988897705e+02 5.4991998291e+02 5.4993298340e+02 5.4994299316e+02 5.4994201660e+02 5.4994799805e+02 5.4994500732e+02 5.4994500732e+02 5.4995300293e+02 5.4996398926e+02 5.4998999023e+02 5.5000299072e+02 5.5002600098e+02 5.5005200195e+02 5.5009100342e+02 5.5011499023e+02 5.5013500977e+02 5.5013598633e+02 5.5012097168e+02 5.5012097168e+02 5.5013098145e+02 5.5017102051e+02 5.5022900391e+02 5.5025201416e+02 5.5022601318e+02 5.5016497803e+02 5.5005200195e+02 5.4990698242e+02 5.4980200195e+02 5.4969598389e+02 5.4957897949e+02 5.4943402100e+02 5.4925897217e+02 5.4915399170e+02 5.4904699707e+02 5.4888800049e+02 5.4869897461e+02
5.5008398438e+02 5.4999700928e+02 5.4994097900e+02 5.4990399170e+02 5.4987597656e+02 5.4983599854e+02 5.4981201172e+02 5.4982000732e+02 5.4984002686e+02 5.4989697266e+02 5.4991802979e+02 5.4991900635e+02 5.4991998291e+02 5.4992498779e+02 5.4993103027e+02 5.4993597412e+02 5.4994500732e+02 5.4995001221e+02 5.4995397949e+02 5.4997900391e+02 5.5000000000e+02 5.5002301025e+02 5.5004400635e+02 5.5008099365e+02 5.5011700439e+02 5.5013897705e+02 5.5014398193e+02 5.5011297607e+02 5.5009899902e+02 5.5012701416e+02 5.5017797852e+02 5.5021099854e+02 5.5017297363e+02 5.5009600830e+02 5.4999298096e+02 5.4985302734e+02 5.4969702148e+02 5.4958300781e+02 5.4946899414e+02 5.4935998535e+02 5.4927502441e+02 5.4918902588e+02 5.4907598877e+02 5.4891198730e+02 5.4871697998e+02 5.4853698730e+02
5.5000701904e+02 5.4992602539e+02 5.4989001465e+02 5.4985400391e+02 5.4981298828e+02 5.4978497314e+02 5.4979699707e+02 5.4983197021e+02 5.4984997559e+02 5.4990301514e+02 5.4992297363e+02 5.4992199707e+02 5.4991601563e+02 5.4990997314e+02 5.4991497803e+02 5.4991998291e+02 5.4992999268e+02 5.4993798828e+02 5.4995098877e+02 5.4997302246e+02 5.4999298096e+02 5.5003302002e+02 5.5003997803e+02 5.5006597900e+02 5.5010400391e+02 5.5011297607e+02 5.5011901855e+02 5.5010498047e+02 5.5009301758e+02 5.5011602783e+02 5.5013897705e+02 5.5011602783e+02 5.5003100586e+02 5.4994097900e+02 5.4980999756e+02 5.4965100098e+02 5.4949700928e+02 5.4937200928e+02 5.4924499512e+02 5.4914001465e+02 5.4908001709e+02 5.4901300049e+02 5.4886602783e+02 5.4866302490e+02 5.4847198486e+02 5.4835400391e+02
5.4992602539e+02 5.4985699463e+02 5.4983001709e+02 5.4979199219e+02 5.4974902344e+02 5.4975097656e+02 5.4980200195e+02 5.4985302734e+02 5.4986297607e+02 5.4990301514e+02 5.4991900635e+02 5.4991497803e+02 5.4990899658e+02 5.4990997314e+02 5.4991601563e+02 5.4991601563e+02 5.4991198730e+02 5.4992700195e+02 5.4995202637e+02 5.4997601318e+02 5.4998199463e+02 5.5001898193e+02 5.5003900146e+02 5.5007202148e+02 5.5009399414e+02 5.5009002686e+02 5.5009497070e+02 5.5008898926e+02 5.5006896973e+02 5.5006896973e+02 5.5003997803e+02 5.4995300293e+02 5.4983398438e+02 5.4974102783e+02 5.4960601807e+02 5.4945202637e+02 5.4931298828e+02 5.4917602539e+02 5.4902801514e+02 5.4890997314e+02 5.4884802246e+02 5.4874700928e+02 5.4856896973e+02 5.4837799072e+02 5.4824700928e+02 5.4820898438e+02
5.4986199951e+02 5.4981097412e+02 5.4977301025e+02 5.4973297119e+02 5.4971502686e+02 5.4975799561e+02 5.4982299805e+02 5.4986901855e+02 5.4988500977e+02 5.4990600586e+02 5.4991198730e+02 5.4990997314e+02 5.4989501953e+02 5.4990997314e+02 5.4991101074e+02 5.4990899658e+02 5.4990399170e+02 5.4991998291e+02 5.4993798828e+02 5.4996899414e+02 5.5000097656e+02 5.5001702881e+02 5.5002600098e+02 5.5004998779e+02 5.5006896973e+02 5.5004797363e+02 5.5003698730e+02 5.5003302002e+02 5.5000299072e+02 5.4996099854e+02 5.4988800049e+02 5.4975598145e+02 5.4960699463e+02 5.4951098633e+02 5.4939599609e+02 5.4926202393e+02 5.4913397217e+02 5.4898199463e+02 5.4880499268e+02 5.4865997314e+02 5.4858197021e+02 5.4844799805e+02 5.4827099609e+02 5.4814202881e+02 5.4810400391e+02 5.4813201904e+02
5.4981896973e+02 5.4976098633e+02 5.4971398926e+02 5.4969000244e+02 5.4971997070e+02 5.4978100586e+02 5.4983502197e+02 5.4986901855e+02 5.4987902832e+02 5.4990301514e+02 5.4989599609e+02 5.4989599609e+02 5.4989599609e+02 5.4989801025e+02 5.4989599609e+02 5.4990301514e+02 5.4989697266e+02 5.4989898682e+02 5.4992297363e+02 5.4995800781e+02 5.4997998047e+02 5.5000799561e+02 5.5001397705e+02 5.5001000977e+02 5.5000598145e+02 5.5000201416e+02 5.5003002930e+02 5.5003802490e+02 5.4994500732e+02 5.4982397461e+02 5.4968798828e+02 5.4951202393e+02 5.4935699463e+02 5.4930102539e+02 5.4921197510e+02 5.4908599854e+02 5.4893597412e+02 5.4876202393e+02 5.4856799316e+02 5.4839202881e+02 5.4826397705e+02 5.4811499023e+02 5.4797198486e+02 5.4789697266e+02 5.4793402100e+02 5.4802099609e+02
5.4977197266e+02 5.4969702148e+02 5.4965502930e+02 5.4966497803e+02 5.4972497559e+02 5.4977301025e+02 5.4981799316e+02 5.4985498047e+02 5.4986602783e+02 5.4989801025e+02 5.4989300537e+02 5.4989202881e+02 5.4989099121e+02 5.4988800049e+02 5.4988800049e+02 5.4989398193e+02 5.4988500977e+02 5.4988299561e+02 5.4990802002e+02 5.4993798828e+02 5.4995599365e+02 5.4998797607e+02 5.4998400879e+02 5.4998199463e+02 5.4997399902e+02 5.4998297119e+02 5.5003497314e+02 5.5003198242e+02 5.4984802246e+02 5.4964001465e+02 5.4944097900e+02 5.4925000000e+02 5.4911798096e+02 5.4907501221e+02 5.4899597168e+02 5.4887597656e+02 5.4871997070e+02 5.4855700684e+02 5.4835498047e+02 5.4814099121e+02 5.4796600342e+02 5.4781597900e+02 5.4771899414e+02 5.4770501709e+02 5.4779400635e+02 5.4790802002e+02
5.4973297119e+02 5.4967901611e+02 5.4965399170e+02 5.4966998291e+02 5.4971899414e+02 5.4975402832e+02 5.4979797363e+02 5.4984002686e+02 5.4986199951e+02 5.4989599609e+02 5.4989001465e+02 5.4987597656e+02 5.4986999512e+02 5.4987597656e+02 5.4988098145e+02 5.4986798096e+02 5.4984997559e+02 5.4985900879e+02 5.4989099121e+02 5.4992498779e+02 5.4995800781e+02 5.4998297119e+02 5.4995898438e+02 5.4997302246e+02 5.4996301270e+02 5.4993103027e+02 5.4992901611e+02 5.4987200928e+02 5.4963500977e+02 5.4941101074e+02 5.4919396973e+02 5.4900000000e+02 5.4887902832e+02 5.4882000732e+02 5.4873602295e+02 5.4862597656e+02 5.4849798584e+02 5.4836999512e+02 5.4816998291e+02 5.4792401123e+02 5.4770898438e+02 5.4757702637e+02 5.4752502441e+02 5.4755999756e+02 5.4766998291e+02 5.4776501465e+02
