TESTSERVER/7/16.asc
NCOLS 100
NROWS 100
XLLCORNER 7.8497500000e+03
YLLCORNER 2.8915025000e+05
CELLSIZE 5.0000000000e-01
NODATA_VALUE -9.9990000000e+03
[rows 40 to 59 of 100, columns 46 to 91 of 100]
5.5003198242e+02 5.4995397949e+02 5.4989801025e+02 5.4983300781e+02 5.4974298096e+02 5.4967797852e+02 5.4962701416e+02 5.4946197510e+02 5.4926702881e+02 5.4898797607e+02 5.4864599609e+02 5.4843402100e+02 5.4827001953e+02 5.4815399170e+02 5.4812402344e+02 5.4797497559e+02 5.4772998047e+02 5.4746398926e+02 5.4729101563e+02 5.4723797607e+02 5.4722802734e+02 5.4723999023e+02 5.4722601318e+02 5.4723199463e+02 5.4726000977e+02 5.4729101563e+02 5.4730700684e+02 5.4732202148e+02 5.4734899902e+02 5.4743402100e+02 5.4763598633e+02 5.4840399170e+02 5.4900097656e+02 5.4922302246e+02 5.4941101074e+02 5.4990100098e+02 5.5033697510e+02 5.5073602295e+02 5.5116802979e+02 5.5165802002e+02 5.5214398193e+02 5.5259600830e+02 5.5299200439e+02 5.5326800537e+02 5.5332702637e+02 5.5332202148e+02
5.5000402832e+02 5.4992901611e+02 5.4987597656e+02 5.4986700439e+02 5.4979101563e+02 5.4969201660e+02 5.4960302734e+02 5.4947601318e+02 5.4931799316e+02 5.4906298828e+02 5.4872399902e+02 5.4847698975e+02 5.4828802490e+02 5.4816101074e+02 5.4807299805e+02 5.4789202881e+02 5.4765399170e+02 5.4745800781e+02 5.4733502197e+02 5.4725897217e+02 5.4721301270e+02 5.4722601318e+02 5.4725201416e+02 5.4733398438e+02 5.4736700439e+02 5.4734802246e+02 5.4732000732e+02 5.4730999756e+02 5.4733599854e+02 5.4742297363e+02 5.4755902100e+02 5.4811401367e+02 5.4876898193e+02 5.4914001465e+02 5.4932202148e+02 5.4972100830e+02 5.5016101074e+02 5.5062799072e+02 5.5111102295e+02 5.5160400391e+02 5.5207501221e+02 5.5251202393e+02 5.5292700195e+02 5.5321099854e+02 5.5329302979e+02 5.5327197266e+02
5.4998297119e+02 5.4992102051e+02 5.4986499023e+02 5.4983398438e+02 5.4976800537e+02 5.4967999268e+02 5.4958599854e+02 5.4945599365e+02 5.4927398682e+02 5.4903900146e+02 5.4876702881e+02 5.4852001953e+02 5.4831201172e+02 5.4815502930e+02 5.4801898193e+02 5.4786297607e+02 5.4768798828e+02 5.4752801514e+02 5.4741101074e+02 5.4729199219e+02 5.4720202637e+02 5.4720599365e+02 5.4728002930e+02 5.4740002441e+02 5.4739099121e+02 5.4731701660e+02 5.4727600098e+02 5.4725299072e+02 5.4725598145e+02 5.4732202148e+02 5.4745098877e+02 5.4784399414e+02 5.4840301514e+02 5.4886297607e+02 5.4919702148e+02 5.4956799316e+02 5.5001599121e+02 5.5052197266e+02 5.5104699707e+02 5.5153997803e+02 5.5201898193e+02 5.5247100830e+02 5.5290002441e+02 5.5317297363e+02 5.5325598145e+02 5.5324902344e+02
5.4999102783e+02 5.4994897461e+02 5.4987597656e+02 5.4979498291e+02 5.4971801758e+02 5.4963598633e+02 5.4953497314e+02 5.4937701416e+02 5.4916497803e+02 5.4894799805e+02 5.4873999023e+02 5.4850500488e+02 5.4830902100e+02 5.4815502930e+02 5.4801800537e+02 5.4792700195e+02 5.4780999756e+02 5.4765802002e+02 5.4751501465e+02 5.4734301758e+02 5.4720599365e+02 5.4718298340e+02 5.4725299072e+02 5.4734301758e+02 5.4731402588e+02 5.4724102783e+02 5.4721301270e+02 5.4718200684e+02 5.4716400146e+02 5.4719897461e+02 5.4732800293e+02 5.4765899658e+02 5.4810900879e+02 5.4858599854e+02 5.4905200195e+02 5.4943200684e+02 5.4988897705e+02 5.5041601563e+02 5.5096600342e+02 5.5147302246e+02 5.5196697998e+02 5.5244396973e+02 5.5290997314e+02 5.5317797852e+02 5.5324798584e+02 5.5325000000e+02
5.5002301025e+02 5.5000201416e+02 5.4991601563e+02 5.4980297852e+02 5.4971697998e+02 5.4962097168e+02 5.4945898438e+02 5.4925299072e+02 5.4901397705e+02 5.4878802490e+02 5.4860198975e+02 5.4844598389e+02 5.4830102539e+02 5.4819201660e+02 5.4809997559e+02 5.4800299072e+02 5.4791998291e+02 5.4780200195e+02 5.4765399170e+02 5.4740802002e+02 5.4723901367e+02 5.4718597412e+02 5.4719799805e+02 5.4724200439e+02 5.4725598145e+02 5.4723400879e+02 5.4721697998e+02 5.4715399170e+02 5.4712200928e+02 5.4713299561e+02 5.4719396973e+02 5.4746398926e+02 5.4787298584e+02 5.4836199951e+02 5.4894500732e+02 5.4932000732e+02 5.4977899170e+02 5.5030603027e+02 5.5086602783e+02 5.5140802002e+02 5.5192797852e+02 5.5242602539e+02 5.5290100098e+02 5.5318103027e+02 5.5324499512e+02 5.5323901367e+02
5.4997399902e+02 5.4996099854e+02 5.4989099121e+02 5.4979699707e+02 5.4972100830e+02 5.4959301758e+02 5.4939202881e+02 5.4913598633e+02 5.4889898682e+02 5.4871697998e+02 5.4858697510e+02 5.4845001221e+02 5.4831799316e+02 5.4823297119e+02 5.4816998291e+02 5.4806799316e+02 5.4799700928e+02 5.4791198730e+02 5.4776202393e+02 5.4748199463e+02 5.4730200195e+02 5.4725299072e+02 5.4717700195e+02 5.4717297363e+02 5.4721002197e+02 5.4722399902e+02 5.4720898438e+02 5.4719201660e+02 5.4715100098e+02 5.4713897705e+02 5.4716198730e+02 5.4735498047e+02 5.4767602539e+02 5.4807897949e+02 5.4867700195e+02 5.4919299316e+02 5.4969396973e+02 5.5023797607e+02 5.5081298828e+02 5.5136297607e+02 5.5188702393e+02 5.5236499023e+02 5.5283099365e+02 5.5316497803e+02 5.5324499512e+02 5.5321301270e+02
5.4991101074e+02 5.4990502930e+02 5.4986199951e+02 5.4978100586e+02 5.4970397949e+02 5.4954699707e+02 5.4933697510e+02 5.4911401367e+02 5.4888702393e+02 5.4869299316e+02 5.4852697754e+02 5.4841101074e+02 5.4832702637e+02 5.4827502441e+02 5.4820800781e+02 5.4809197998e+02 5.4801800537e+02 5.4792901611e+02 5.4776202393e+02 5.4743499756e+02 5.4724798584e+02 5.4721997070e+02 5.4715997314e+02 5.4714300537e+02 5.4717700195e+02 5.4719702148e+02 5.4719000244e+02 5.4719598389e+02 5.4715899658e+02 5.4713299561e+02 5.4713897705e+02 5.4729400635e+02 5.4755401611e+02 5.4788897705e+02 5.4846997070e+02 5.4905700684e+02 5.4960699463e+02 5.5016302490e+02 5.5072698975e+02 5.5127301025e+02 5.5178002930e+02 5.5223297119e+02 5.5268902588e+02 5.5309197998e+02 5.5322802734e+02 5.5320599365e+02
5.4987799072e+02 5.4988299561e+02 5.4987402344e+02 5.4977697754e+02 5.4967297363e+02 5.4950000000e+02 5.4926898193e+02 5.4911297607e+02 5.4886700439e+02 5.4860400391e+02 5.4840802002e+02 5.4836999512e+02 5.4836901855e+02 5.4834698486e+02 5.4822998047e+02 5.4808300781e+02 5.4799401855e+02 5.4788000488e+02 5.4767401123e+02 5.4732800293e+02 5.4715698242e+02 5.4715197754e+02 5.4712902832e+02 5.4711602783e+02 5.4714697266e+02 5.4716198730e+02 5.4714398193e+02 5.4715802002e+02 5.4713098145e+02 5.4710797119e+02 5.4711297607e+02 5.4728497314e+02 5.4753302002e+02 5.4781701660e+02 5.4832098389e+02 5.4892797852e+02 5.4948797607e+02 5.5003002930e+02 5.5058099365e+02 5.5112097168e+02 5.5160198975e+02 5.5203302002e+02 5.5245800781e+02 5.5292401123e+02 5.5315399170e+02 5.5318103027e+02
5.4988098145e+02 5.4988897705e+02 5.4991198730e+02 5.4980603027e+02 5.4965997314e+02 5.4946697998e+02 5.4921301270e+02 5.4903601074e+02 5.4874200439e+02 5.4846002197e+02 5.4833300781e+02 5.4837701416e+02 5.4844702148e+02 5.4843103027e+02 5.4826599121e+02 5.4809301758e+02 5.4797802734e+02 5.4782501221e+02 5.4757598877e+02 5.4727001953e+02 5.4713598633e+02 5.4712902832e+02 5.4709802246e+02 5.4712097168e+02 5.4716198730e+02 5.4715698242e+02 5.4710198975e+02 5.4711602783e+02 5.4711297607e+02 5.4710998535e+02 5.4712799072e+02 5.4728802490e+02 5.4750097656e+02 5.4773999023e+02 5.4818499756e+02 5.4881896973e+02 5.4933398438e+02 5.4983898926e+02 5.5038098145e+02 5.5090698242e+02 5.5135797119e+02 5.5175402832e+02 5.5208697510e+02 5.5262097168e+02 5.5296398926e+02 5.5308197021e+02
5.4988702393e+02 5.4988897705e+02 5.4989501953e+02 5.4979101563e+02 5.4963800049e+02 5.4942999268e+02 5.4914898682e+02 5.4891900635e+02 5.4865197754e+02 5.4848699951e+02 5.4841497803e+02 5.4839599609e+02 5.4841900635e+02 5.4839697266e+02 5.4827502441e+02 5.4812402344e+02 5.4798602295e+02 5.4781896973e+02 5.4759899902e+02 5.4727001953e+02 5.4710797119e+02 5.4710101318e+02 5.4708801270e+02 5.4713098145e+02 5.4716802979e+02 5.4715802002e+02 5.4711999512e+02 5.4712200928e+02 5.4711499023e+02 5.4710699463e+02 5.4709399414e+02 5.4726202393e+02 5.4752697754e+02 5.4778698730e+02 5.4815197754e+02 5.4873999023e+02 5.4919000244e+02 5.4966601563e+02 5.5024102783e+02 5.5074798584e+02 5.5116699219e+02 5.5154199219e+02 5.5190399170e+02 5.5238299561e+02 5.5274902344e+02 5.5290197754e+02
5.4988299561e+02 5.4987597656e+02 5.4986297607e+02 5.4974597168e+02 5.4955798340e+02 5.4933398438e+02 5.4906896973e+02 5.4879699707e+02 5.4858099365e+02 5.4852697754e+02 5.4847998047e+02 5.4838000488e+02 5.4834600830e+02 5.4831799316e+02 5.4825500488e+02 5.4815301514e+02 5.4801300049e+02 5.4785101318e+02 5.4766699219e+02 5.4727502441e+02 5.4706298828e+02 5.4705798340e+02 5.4704998779e+02 5.4704498291e+02 5.4708300781e+02 5.4711102295e+02 5.4710900879e+02 5.4710400391e+02 5.4709698486e+02 5.4709997559e+02 5.4710601807e+02 5.4728601074e+02 5.4759997559e+02 5.4787097168e+02 5.4812799072e+02 5.4866601563e+02 5.4908502197e+02 5.4956402588e+02 5.5017700195e+02 5.5065997314e+02 5.5106500244e+02 5.5146398926e+02 5.5187298584e+02 5.5233300781e+02 5.5266998291e+02 5.5280999756e+02
5.4986602783e+02 5.4984002686e+02 5.4979699707e+02 5.4967999268e+02 5.4950097656e+02 5.4927301025e+02 5.4899298096e+02 5.4869598389e+02 5.4848199463e+02 5.4843402100e+02 5.4839300537e+02 5.4830102539e+02 5.4825299072e+02 5.4822802734e+02 5.4820397949e+02 5.4814398193e+02 5.4802697754e+02 5.4789398193e+02 5.4774298096e+02 5.4726397705e+02 5.4699499512e+02 5.4698901367e+02 5.4699798584e+02 5.4696398926e+02 5.4701300049e+02 5.4707800293e+02 5.4709600830e+02 5.4708300781e+02 5.4708398438e+02 5.4711700439e+02 5.4718298340e+02 5.4734002686e+02 5.4764398193e+02 5.4793200684e+02 5.4813702393e+02 5.4864001465e+02 5.4901800537e+02 5.4948101807e+02 5.5012500000e+02 5.5060900879e+02 5.5102398682e+02 5.5146398926e+02 5.5194299316e+02 5.5238702393e+02 5.5268402100e+02 5.5279901123e+02
5.4983898926e+02 5.4978997803e+02 5.4970697021e+02 5.4961798096e+02 5.4948999023e+02 5.4925201416e+02 5.4890899658e+02 5.4861297607e+02 5.4835900879e+02 5.4821899414e+02 5.4819799805e+02 5.4818902588e+02 5.4816497803e+02 5.4813500977e+02 5.4809399414e+02 5.4807299805e+02 5.4798999023e+02 5.4789898682e+02 5.4776898193e+02 5.4724798584e+02 5.4694500732e+02 5.4692199707e+02 5.4696899414e+02 5.4695397949e+02 5.4700097656e+02 5.4707397461e+02 5.4713500977e+02 5.4710302734e+02 5.4710198975e+02 5.4716601563e+02 5.4729797363e+02 5.4734399414e+02 5.4760797119e+02 5.4795098877e+02 5.4820800781e+02 5.4860101318e+02 5.4893103027e+02 5.4937097168e+02 5.5005603027e+02 5.5055798340e+02 5.5100000000e+02 5.5148297119e+02 5.5200701904e+02 5.5243798828e+02 5.5270098877e+02 5.5278698730e+02
5.4979400635e+02 5.4974902344e+02 5.4967297363e+02 5.4957897949e+02 5.4945202637e+02 5.4922198486e+02 5.4890002441e+02 5.4858099365e+02 5.4830700684e+02 5.4816101074e+02 5.4813201904e+02 5.4809802246e+02 5.4807800293e+02 5.4805102539e+02 5.4801202393e+02 5.4799401855e+02 5.4795697021e+02 5.4788897705e+02 5.4776702881e+02 5.4727001953e+02 5.4693298340e+02 5.4689697266e+02 5.4696697998e+02 5.4697100830e+02 5.4697900391e+02 5.4704998779e+02 5.4717102051e+02 5.4717999268e+02 5.4716998291e+02 5.4719201660e+02 5.4720300293e+02 5.4716497803e+02 5.4739801025e+02 5.4780499268e+02 5.4813098145e+02 5.4848797607e+02 5.4886901855e+02 5.4940002441e+02 5.5003399658e+02 5.5052600098e+02 5.5096197510e+02 5.5140399170e+02 5.5189099121e+02 5.5235498047e+02 5.5264202881e+02 5.5274200439e+02
5.4975701904e+02 5.4972601318e+02 5.4965899658e+02 5.4956298828e+02 5.4943902588e+02 5.4922100830e+02 5.4891302490e+02 5.4860101318e+02 5.4833599854e+02 5.4816601563e+02 5.4807501221e+02 5.4801898193e+02 5.4800299072e+02 5.4799200439e+02 5.4795501709e+02 5.4793798828e+02 5.4793402100e+02 5.4787597656e+02 5.4774700928e+02 5.4730798340e+02 5.4694500732e+02 5.4686102295e+02 5.4692602539e+02 5.4694897461e+02 5.4695697021e+02 5.4702697754e+02 5.4714898682e+02 5.4716400146e+02 5.4714099121e+02 5.4711499023e+02 5.4706201172e+02 5.4694396973e+02 5.4707397461e+02 5.4746997070e+02 5.4792797852e+02 5.4837402344e+02 5.4885198975e+02 5.4943902588e+02 5.5004101563e+02 5.5050701904e+02 5.5091400146e+02 5.5129998779e+02 5.5173101807e+02 5.5216699219e+02 5.5247100830e+02 5.5262597656e+02
5.4973297119e+02 5.4971899414e+02 5.4965802002e+02 5.4956402588e+02 5.4945898438e+02 5.4926300049e+02 5.4895397949e+02 5.4865502930e+02 5.4841802979e+02 5.4822198486e+02 5.4805798340e+02 5.4796899414e+02 5.4793902588e+02 5.4793298340e+02 5.4790698242e+02 5.4789398193e+02 5.4789697266e+02 5.4783001709e+02 5.4768298340e+02 5.4732598877e+02 5.4697802734e+02 5.4685699463e+02 5.4688598633e+02 5.4692401123e+02 5.4694299316e+02 5.4699401855e+02 5.4705499268e+02 5.4703900146e+02 5.4701098633e+02 5.4697802734e+02 5.4693298340e+02 5.4679400635e+02 5.4680999756e+02 5.4713098145e+02 5.4767901611e+02 5.4829400635e+02 5.4884600830e+02 5.4942102051e+02 5.4998699951e+02 5.5044097900e+02 5.5083502197e+02 5.5119000244e+02 5.5155297852e+02 5.5191400146e+02 5.5221899414e+02 5.5244702148e+02
5.4971600342e+02 5.4971197510e+02 5.4966101074e+02 5.4957397461e+02 5.4948498535e+02 5.4932202148e+02 5.4904302979e+02 5.4876098633e+02 5.4852197266e+02 5.4830102539e+02 5.4809600830e+02 5.4793298340e+02 5.4787200928e+02 5.4785699463e+02 5.4784002686e+02 5.4784600830e+02 5.4783197021e+02 5.4773999023e+02 5.4752197266e+02 5.4723297119e+02 5.4697302246e+02 5.4687200928e+02 5.4691400146e+02 5.4695300293e+02 5.4696398926e+02 5.4695001221e+02 5.4691400146e+02 5.4687298584e+02 5.4684698486e+02 5.4684600830e+02 5.4684698486e+02 5.4677801514e+02 5.4674499512e+02 5.4692999268e+02 5.4739300537e+02 5.4818298340e+02 5.4881701660e+02 5.4932501221e+02 5.4980798340e+02 5.5025897217e+02 5.5066400146e+02 5.5104498291e+02 5.5141802979e+02 5.5170397949e+02 5.5201397705e+02 5.5230999756e+02
5.4964898682e+02 5.4964300537e+02 5.4959301758e+02 5.4952899170e+02 5.4947497559e+02 5.4936602783e+02 5.4913598633e+02 5.4887500000e+02 5.4860498047e+02 5.4835797119e+02 5.4813000488e+02 5.4791998291e+02 5.4782098389e+02 5.4779302979e+02 5.4778997803e+02 5.4779498291e+02 5.4775897217e+02 5.4761499023e+02 5.4732299805e+02 5.4703601074e+02 5.4688702393e+02 5.4683898926e+02 5.4686901855e+02 5.4691497803e+02 5.4691900635e+02 5.4689501953e+02 5.4686901855e+02 5.4684197998e+02 5.4683197021e+02 5.4683898926e+02 5.4683300781e+02 5.4670898438e+02 5.4664697266e+02 5.4678601074e+02 5.4721801758e+02 5.4797198486e+02 5.4872497559e+02 5.4923901367e+02 5.4965802002e+02 5.5003601074e+02 5.5041302490e+02 5.5083197021e+02 5.5124200439e+02 5.5155798340e+02 5.5191198730e+02 5.5224401855e+02
5.4957397461e+02 5.4958001709e+02 5.4953802490e+02 5.4950598145e+02 5.4947601318e+02 5.4938299561e+02 5.4916497803e+02 5.4891802979e+02 5.4863800049e+02 5.4835900879e+02 5.4810998535e+02 5.4790301514e+02 5.4779699707e+02 5.4775897217e+02 5.4775299072e+02 5.4774700928e+02 5.4771997070e+02 5.4759802246e+02 5.4729699707e+02 5.4696301270e+02 5.4685302734e+02 5.4682897949e+02 5.4682098389e+02 5.4685998535e+02 5.4686700439e+02 5.4685498047e+02 5.4684497070e+02 5.4684698486e+02 5.4685101318e+02 5.4685198975e+02 5.4682397461e+02 5.4668103027e+02 5.4663000488e+02 5.4680297852e+02 5.4727398682e+02 5.4805798340e+02 5.4877502441e+02 5.4922698975e+02 5.4958300781e+02 5.4991699219e+02 5.5028497314e+02 5.5071301270e+02 5.5110699463e+02 5.5144396973e+02 5.5183099365e+02 5.5218103027e+02
5.4952099609e+02 5.4953497314e+02 5.4948999023e+02 5.4946801758e+02 5.4943499756e+02 5.4933300781e+02 5.4911602783e+02 5.4887701416e+02 5.4860198975e+02 5.4830902100e+02 5.4804998779e+02 5.4787097168e+02 5.4778497314e+02 5.4775097656e+02 5.4773498535e+02 5.4771899414e+02 5.4770501709e+02 5.4762402344e+02 5.4735900879e+02 5.4697698975e+02 5.4686102295e+02 5.4684497070e+02 5.4680200195e+02 5.4682501221e+02 5.4683599854e+02 5.4683300781e+02 5.4683599854e+02 5.4685699463e+02 5.4686798096e+02 5.4686297607e+02 5.4682702637e+02 5.4670599365e+02 5.4671301270e+02 5.4697100830e+02 5.4756097412e+02 5.4833898926e+02 5.4890802002e+02 5.4924798584e+02 5.4955297852e+02 5.4990002441e+02 5.5027600098e+02 5.5068103027e+02 5.5103399658e+02 5.5139898682e+02 5.5179998779e+02 5.5214599609e+02
