TESTSERVER/7/17.asc
NCOLS 100
NROWS 100
XLLCORNER 7.8497500000e+03
YLLCORNER 2.8910025000e+05
CELLSIZE 5.0000000000e-01
NODATA_VALUE -9.9990000000e+03
[rows 80 to 99 of 100, columns 0 to 45 of 100]
5.4626202393e+02 5.4628802490e+02 5.4631097412e+02 5.4633001709e+02 5.4635601807e+02 5.4637597656e+02 5.4639001465e+02 5.4639099121e+02 5.4639099121e+02 5.4638897705e+02 5.4639398193e+02 5.4640600586e+02 5.4642102051e+02 5.4643701172e+02 5.4645202637e+02 5.4647100830e+02 5.4653802490e+02 5.4662500000e+02 5.4664501953e+02 5.4660302734e+02 5.4659002686e+02 5.4659600830e+02 5.4661499023e+02 5.4665197754e+02 5.4666699219e+02 5.4670202637e+02 5.4674298096e+02 5.4678698730e+02 5.4683801270e+02 5.4687500000e+02 5.4691601563e+02 5.4696099854e+02 5.4699200439e+02 5.4710601807e+02 5.4728302002e+02 5.4752099609e+02 5.4780499268e+02 5.4806402588e+02 5.4828997803e+02 5.4844598389e+02 5.4846398926e+02 5.4846301270e+02 5.4845501709e+02 5.4842999268e+02 5.4838397217e+02 5.4838598633e+02
5.4626300049e+02 5.4628698730e+02 5.4630200195e+02 5.4631701660e+02 5.4634497070e+02 5.4636401367e+02 5.4637799072e+02 5.4638000488e+02 5.4639501953e+02 5.4640002441e+02 5.4640100098e+02 5.4641198730e+02 5.4642797852e+02 5.4643499756e+02 5.4644799805e+02 5.4646801758e+02 5.4652301025e+02 5.4659100342e+02 5.4659997559e+02 5.4657501221e+02 5.4658197021e+02 5.4658599854e+02 5.4659600830e+02 5.4662402344e+02 5.4663897705e+02 5.4667700195e+02 5.4672802734e+02 5.4678497314e+02 5.4683001709e+02 5.4686499023e+02 5.4690802002e+02 5.4695300293e+02 5.4699700928e+02 5.4711401367e+02 5.4730999756e+02 5.4755999756e+02 5.4783697510e+02 5.4806799316e+02 5.4824298096e+02 5.4836401367e+02 5.4840997314e+02 5.4841101074e+02 5.4840502930e+02 5.4837902832e+02 5.4834301758e+02 5.4833001709e+02
5.4626599121e+02 5.4628997803e+02 5.4630102539e+02 5.4631201172e+02 5.4633502197e+02 5.4635400391e+02 5.4636499023e+02 5.4636499023e+02 5.4638500977e+02 5.4639801025e+02 5.4639501953e+02 5.4640002441e+02 5.4641497803e+02 5.4642901611e+02 5.4644598389e+02 5.4645898438e+02 5.4648901367e+02 5.4651800537e+02 5.4652697754e+02 5.4652697754e+02 5.4654699707e+02 5.4656597900e+02 5.4658398438e+02 5.4661401367e+02 5.4662200928e+02 5.4665502930e+02 5.4671002197e+02 5.4677099609e+02 5.4681298828e+02 5.4684600830e+02 5.4690100098e+02 5.4696697998e+02 5.4703302002e+02 5.4717401123e+02 5.4738201904e+02 5.4762298584e+02 5.4786901855e+02 5.4806500244e+02 5.4821002197e+02 5.4830798340e+02 5.4835400391e+02 5.4837402344e+02 5.4836901855e+02 5.4834497070e+02 5.4830102539e+02 5.4827197266e+02
5.4626702881e+02 5.4628802490e+02 5.4629998779e+02 5.4630798340e+02 5.4632299805e+02 5.4634497070e+02 5.4635699463e+02 5.4635601807e+02 5.4637298584e+02 5.4638500977e+02 5.4637902832e+02 5.4638098145e+02 5.4639501953e+02 5.4640802002e+02 5.4642700195e+02 5.4643902588e+02 5.4646398926e+02 5.4647601318e+02 5.4648999023e+02 5.4650299072e+02 5.4652001953e+02 5.4654400635e+02 5.4656799316e+02 5.4659399414e+02 5.4659399414e+02 5.4663299561e+02 5.4668798828e+02 5.4674401855e+02 5.4678198242e+02 5.4682098389e+02 5.4689697266e+02 5.4699401855e+02 5.4709698486e+02 5.4727301025e+02 5.4748797607e+02 5.4771002197e+02 5.4790502930e+02 5.4805700684e+02 5.4817700195e+02 5.4825701904e+02 5.4830102539e+02 5.4832897949e+02 5.4832598877e+02 5.4830297852e+02 5.4825897217e+02 5.4822100830e+02
5.4625799561e+02 5.4627600098e+02 5.4628802490e+02 5.4629797363e+02 5.4630902100e+02 5.4632397461e+02 5.4633398438e+02 5.4634002686e+02 5.4635699463e+02 5.4636798096e+02 5.4636499023e+02 5.4637200928e+02 5.4638800049e+02 5.4638897705e+02 5.4640600586e+02 5.4642102051e+02 5.4644299316e+02 5.4644702148e+02 5.4646398926e+02 5.4648602295e+02 5.4650299072e+02 5.4652697754e+02 5.4654699707e+02 5.4656597900e+02 5.4655700684e+02 5.4660797119e+02 5.4666601563e+02 5.4671997070e+02 5.4676202393e+02 5.4680200195e+02 5.4689599609e+02 5.4702001953e+02 5.4716601563e+02 5.4740600586e+02 5.4761999512e+02 5.4779901123e+02 5.4792700195e+02 5.4804602051e+02 5.4814599609e+02 5.4821197510e+02 5.4823999023e+02 5.4826898193e+02 5.4827197266e+02 5.4825799561e+02 5.4823297119e+02 5.4817498779e+02
5.4623199463e+02 5.4626098633e+02 5.4627697754e+02 5.4628802490e+02 5.4629797363e+02 5.4630999756e+02 5.4632000732e+02 5.4633099365e+02 5.4634100342e+02 5.4634802246e+02 5.4634997559e+02 5.4635900879e+02 5.4638098145e+02 5.4638098145e+02 5.4639501953e+02 5.4640502930e+02 5.4642401123e+02 5.4643298340e+02 5.4644897461e+02 5.4646502686e+02 5.4648297119e+02 5.4651000977e+02 5.4652502441e+02 5.4655102539e+02 5.4656597900e+02 5.4660900879e+02 5.4665899658e+02 5.4670501709e+02 5.4673699951e+02 5.4677801514e+02 5.4685400391e+02 5.4698797607e+02 5.4719201660e+02 5.4748797607e+02 5.4772100830e+02 5.4787902832e+02 5.4796801758e+02 5.4805102539e+02 5.4812500000e+02 5.4816998291e+02 5.4819000244e+02 5.4820501709e+02 5.4821301270e+02 5.4820599365e+02 5.4818200684e+02 5.4812500000e+02
5.4620501709e+02 5.4624902344e+02 5.4627001953e+02 5.4628002930e+02 5.4628698730e+02 5.4629797363e+02 5.4630902100e+02 5.4631896973e+02 5.4632501221e+02 5.4633398438e+02 5.4634197998e+02 5.4634802246e+02 5.4636798096e+02 5.4636999512e+02 5.4637799072e+02 5.4638702393e+02 5.4640802002e+02 5.4642401123e+02 5.4644097900e+02 5.4645202637e+02 5.4646899414e+02 5.4650097656e+02 5.4651501465e+02 5.4654101563e+02 5.4657098389e+02 5.4661700439e+02 5.4666497803e+02 5.4670697021e+02 5.4674499512e+02 5.4678399658e+02 5.4684399414e+02 5.4697399902e+02 5.4718499756e+02 5.4751000977e+02 5.4778002930e+02 5.4794702148e+02 5.4800701904e+02 5.4806097412e+02 5.4811199951e+02 5.4813897705e+02 5.4814398193e+02 5.4815002441e+02 5.4815399170e+02 5.4814801025e+02 5.4812701416e+02 5.4807299805e+02
5.4618701172e+02 5.4623199463e+02 5.4625701904e+02 5.4626702881e+02 5.4627502441e+02 5.4628601074e+02 5.4629699707e+02 5.4630798340e+02 5.4631500244e+02 5.4632800293e+02 5.4633898926e+02 5.4634197998e+02 5.4635699463e+02 5.4635400391e+02 5.4635400391e+02 5.4636602783e+02 5.4639501953e+02 5.4641998291e+02 5.4644097900e+02 5.4644799805e+02 5.4646002197e+02 5.4649102783e+02 5.4651501465e+02 5.4654400635e+02 5.4657501221e+02 5.4662902832e+02 5.4667700195e+02 5.4671997070e+02 5.4676800537e+02 5.4681701660e+02 5.4687902832e+02 5.4700897217e+02 5.4720397949e+02 5.4754797363e+02 5.4784600830e+02 5.4801702881e+02 5.4804602051e+02 5.4806896973e+02 5.4809698486e+02 5.4810998535e+02 5.4810797119e+02 5.4810900879e+02 5.4810998535e+02 5.4810498047e+02 5.4808398438e+02 5.4803802490e+02
5.4617401123e+02 5.4621002197e+02 5.4623602295e+02 5.4624798584e+02 5.4625097656e+02 5.4627398682e+02 5.4628802490e+02 5.4629602051e+02 5.4630401611e+02 5.4631402588e+02 5.4632098389e+02 5.4632598877e+02 5.4634197998e+02 5.4633697510e+02 5.4633197021e+02 5.4634399414e+02 5.4637200928e+02 5.4640802002e+02 5.4643200684e+02 5.4644299316e+02 5.4646398926e+02 5.4648297119e+02 5.4651702881e+02 5.4655798340e+02 5.4659399414e+02 5.4664300537e+02 5.4668701172e+02 5.4672497559e+02 5.4678100586e+02 5.4685400391e+02 5.4693798828e+02 5.4708001709e+02 5.4728302002e+02 5.4762200928e+02 5.4793103027e+02 5.4809497070e+02 5.4809997559e+02 5.4807501221e+02 5.4807897949e+02 5.4808300781e+02 5.4808300781e+02 5.4808502197e+02 5.4808801270e+02 5.4807897949e+02 5.4805603027e+02 5.4803100586e+02
5.4616198730e+02 5.4619201660e+02 5.4622302246e+02 5.4624798584e+02 5.4625097656e+02 5.4626000977e+02 5.4627899170e+02 5.4628698730e+02 5.4629602051e+02 5.4630999756e+02 5.4631500244e+02 5.4631201172e+02 5.4632397461e+02 5.4632501221e+02 5.4633001709e+02 5.4634399414e+02 5.4636999512e+02 5.4639398193e+02 5.4641998291e+02 5.4643298340e+02 5.4645599365e+02 5.4647802734e+02 5.4651202393e+02 5.4655999756e+02 5.4660601807e+02 5.4666699219e+02 5.4670501709e+02 5.4672900391e+02 5.4677301025e+02 5.4685198975e+02 5.4695599365e+02 5.4711901855e+02 5.4734100342e+02 5.4767199707e+02 5.4797698975e+02 5.4813098145e+02 5.4809301758e+02 5.4805297852e+02 5.4805200195e+02 5.4805999756e+02 5.4805999756e+02 5.4805603027e+02 5.4805102539e+02 5.4803399658e+02 5.4801202393e+02 5.4800897217e+02
5.4616101074e+02 5.4619000244e+02 5.4621997070e+02 5.4624499512e+02 5.4624798584e+02 5.4625598145e+02 5.4627197266e+02 5.4627301025e+02 5.4628002930e+02 5.4629699707e+02 5.4630499268e+02 5.4630401611e+02 5.4631298828e+02 5.4631402588e+02 5.4632501221e+02 5.4633801270e+02 5.4636199951e+02 5.4638397217e+02 5.4641101074e+02 5.4641998291e+02 5.4643499756e+02 5.4646600342e+02 5.4650299072e+02 5.4655499268e+02 5.4660797119e+02 5.4666998291e+02 5.4670800781e+02 5.4673400879e+02 5.4677099609e+02 5.4684698486e+02 5.4696899414e+02 5.4715600586e+02 5.4739599609e+02 5.4769299316e+02 5.4795300293e+02 5.4808300781e+02 5.4805700684e+02 5.4802899170e+02 5.4803302002e+02 5.4804400635e+02 5.4804498291e+02 5.4803997803e+02 5.4803100586e+02 5.4801098633e+02 5.4799401855e+02 5.4799102783e+02
5.4616302490e+02 5.4619299316e+02 5.4621899414e+02 5.4623699951e+02 5.4623699951e+02 5.4625201416e+02 5.4626501465e+02 5.4626000977e+02 5.4626702881e+02 5.4628002930e+02 5.4628802490e+02 5.4629302979e+02 5.4630401611e+02 5.4630700684e+02 5.4632397461e+02 5.4633599854e+02 5.4635302734e+02 5.4638201904e+02 5.4641198730e+02 5.4641400146e+02 5.4641998291e+02 5.4645001221e+02 5.4649102783e+02 5.4655200195e+02 5.4660900879e+02 5.4666302490e+02 5.4670599365e+02 5.4673699951e+02 5.4677502441e+02 5.4684197998e+02 5.4696899414e+02 5.4718499756e+02 5.4745501709e+02 5.4771801758e+02 5.4792102051e+02 5.4801202393e+02 5.4801397705e+02 5.4801599121e+02 5.4802502441e+02 5.4803198242e+02 5.4803302002e+02 5.4803601074e+02 5.4802697754e+02 5.4800701904e+02 5.4799700928e+02 5.4798999023e+02
5.4614300537e+02 5.4617498779e+02 5.4621099854e+02 5.4623101807e+02 5.4623101807e+02 5.4623901367e+02 5.4624200439e+02 5.4624597168e+02 5.4626800537e+02 5.4627099609e+02 5.4627801514e+02 5.4628302002e+02 5.4629400635e+02 5.4629901123e+02 5.4632000732e+02 5.4633697510e+02 5.4635400391e+02 5.4637402344e+02 5.4640100098e+02 5.4640899658e+02 5.4642102051e+02 5.4644396973e+02 5.4647802734e+02 5.4654498291e+02 5.4660601807e+02 5.4666302490e+02 5.4671502686e+02 5.4675201416e+02 5.4679602051e+02 5.4686401367e+02 5.4699597168e+02 5.4723901367e+02 5.4755401611e+02 5.4783197021e+02 5.4797998047e+02 5.4801000977e+02 5.4800402832e+02 5.4801397705e+02 5.4801898193e+02 5.4801501465e+02 5.4801702881e+02 5.4802197266e+02 5.4801501465e+02 5.4800000000e+02 5.4800000000e+02 5.4798699951e+02
5.4611499023e+02 5.4614898682e+02 5.4618902588e+02 5.4621002197e+02 5.4621099854e+02 5.4621997070e+02 5.4622698975e+02 5.4623901367e+02 5.4625598145e+02 5.4625598145e+02 5.4625598145e+02 5.4625799561e+02 5.4627697754e+02 5.4628698730e+02 5.4631402588e+02 5.4633300781e+02 5.4634497070e+02 5.4636999512e+02 5.4639501953e+02 5.4640002441e+02 5.4641497803e+02 5.4644000244e+02 5.4648101807e+02 5.4655700684e+02 5.4659802246e+02 5.4664300537e+02 5.4670397949e+02 5.4675000000e+02 5.4681201172e+02 5.4692401123e+02 5.4709301758e+02 5.4735900879e+02 5.4768798828e+02 5.4798699951e+02 5.4807202148e+02 5.4801800537e+02 5.4798699951e+02 5.4800201416e+02 5.4800097656e+02 5.4799298096e+02 5.4799200439e+02 5.4799902344e+02 5.4799902344e+02 5.4797900391e+02 5.4797399902e+02 5.4796600342e+02
5.4610797119e+02 5.4613800049e+02 5.4616699219e+02 5.4617901611e+02 5.4618701172e+02 5.4620098877e+02 5.4620898438e+02 5.4622100830e+02 5.4624298096e+02 5.4625500488e+02 5.4624902344e+02 5.4623699951e+02 5.4625701904e+02 5.4627301025e+02 5.4630200195e+02 5.4632501221e+02 5.4633300781e+02 5.4635900879e+02 5.4639001465e+02 5.4640100098e+02 5.4641900635e+02 5.4644299316e+02 5.4648400879e+02 5.4655603027e+02 5.4658300781e+02 5.4662902832e+02 5.4669702148e+02 5.4675201416e+02 5.4681896973e+02 5.4695800781e+02 5.4717199707e+02 5.4746600342e+02 5.4779302979e+02 5.4806201172e+02 5.4809399414e+02 5.4800598145e+02 5.4797497559e+02 5.4799200439e+02 5.4799401855e+02 5.4799200439e+02 5.4799200439e+02 5.4798999023e+02 5.4798400879e+02 5.4796502686e+02 5.4796197510e+02 5.4795697021e+02
5.4609698486e+02 5.4612097168e+02 5.4614202881e+02 5.4615100098e+02 5.4616900635e+02 5.4618902588e+02 5.4619702148e+02 5.4620599365e+02 5.4623199463e+02 5.4625299072e+02 5.4624200439e+02 5.4622399902e+02 5.4624700928e+02 5.4626300049e+02 5.4628802490e+02 5.4631500244e+02 5.4633300781e+02 5.4635302734e+02 5.4638299561e+02 5.4640301514e+02 5.4642102051e+02 5.4645001221e+02 5.4648400879e+02 5.4653802490e+02 5.4656799316e+02 5.4661297607e+02 5.4668402100e+02 5.4675299072e+02 5.4681896973e+02 5.4697497559e+02 5.4723400879e+02 5.4755102539e+02 5.4785699463e+02 5.4805902100e+02 5.4805902100e+02 5.4798199463e+02 5.4797302246e+02 5.4799200439e+02 5.4799902344e+02 5.4800201416e+02 5.4800201416e+02 5.4798602295e+02 5.4797302246e+02 5.4796002197e+02 5.4796502686e+02 5.4796197510e+02
5.4608398438e+02 5.4611401367e+02 5.4613397217e+02 5.4614099121e+02 5.4615502930e+02 5.4618298340e+02 5.4619598389e+02 5.4620098877e+02 5.4621398926e+02 5.4622802734e+02 5.4622399902e+02 5.4622100830e+02 5.4624401855e+02 5.4625598145e+02 5.4627197266e+02 5.4630200195e+02 5.4633599854e+02 5.4635302734e+02 5.4637402344e+02 5.4639501953e+02 5.4641400146e+02 5.4645697021e+02 5.4649700928e+02 5.4653698730e+02 5.4656201172e+02 5.4659802246e+02 5.4666198730e+02 5.4675500488e+02 5.4684899902e+02 5.4705603027e+02 5.4735797119e+02 5.4768402100e+02 5.4797998047e+02 5.4804797363e+02 5.4801800537e+02 5.4797198486e+02 5.4797998047e+02 5.4799700928e+02 5.4800500488e+02 5.4800897217e+02 5.4798999023e+02 5.4797302246e+02 5.4796099854e+02 5.4795397949e+02 5.4795501709e+02 5.4795397949e+02
5.4608001709e+02 5.4610400391e+02 5.4612701416e+02 5.4613702393e+02 5.4615502930e+02 5.4617999268e+02 5.4619000244e+02 5.4618798828e+02 5.4619299316e+02 5.4620001221e+02 5.4620001221e+02 5.4620898438e+02 5.4623797607e+02 5.4625799561e+02 5.4627301025e+02 5.4629699707e+02 5.4632598877e+02 5.4634497070e+02 5.4636297607e+02 5.4639099121e+02 5.4642602539e+02 5.4646801758e+02 5.4651098633e+02 5.4655499268e+02 5.4658697510e+02 5.4660797119e+02 5.4665399170e+02 5.4675000000e+02 5.4689099121e+02 5.4715802002e+02 5.4749401855e+02 5.4781597900e+02 5.4802899170e+02 5.4807098389e+02 5.4802197266e+02 5.4797900391e+02 5.4798699951e+02 5.4800000000e+02 5.4800299072e+02 5.4800201416e+02 5.4798797607e+02 5.4796197510e+02 5.4795202637e+02 5.4795202637e+02 5.4795001221e+02 5.4794702148e+02
5.4607897949e+02 5.4609698486e+02 5.4612097168e+02 5.4613897705e+02 5.4616198730e+02 5.4617297363e+02 5.4617901611e+02 5.4617999268e+02 5.4618798828e+02 5.4619500732e+02 5.4619299316e+02 5.4620098877e+02 5.4622802734e+02 5.4625000000e+02 5.4626898193e+02 5.4629302979e+02 5.4631701660e+02 5.4633300781e+02 5.4634802246e+02 5.4638299561e+02 5.4642901611e+02 5.4647198486e+02 5.4651800537e+02 5.4657202148e+02 5.4663000488e+02 5.4666699219e+02 5.4669598389e+02 5.4677099609e+02 5.4692401123e+02 5.4723297119e+02 5.4758599854e+02 5.4789599609e+02 5.4805603027e+02 5.4807397461e+02 5.4802197266e+02 5.4798602295e+02 5.4800402832e+02 5.4801898193e+02 5.4801397705e+02 5.4800598145e+02 5.4799102783e+02 5.4796197510e+02 5.4794897461e+02 5.4793902588e+02 5.4793499756e+02 5.4794799805e+02
5.4607702637e+02 5.4609899902e+02 5.4612298584e+02 5.4613800049e+02 5.4616198730e+02 5.4616699219e+02 5.4617102051e+02 5.4617602539e+02 5.4619000244e+02 5.4620098877e+02 5.4620098877e+02 5.4620397949e+02 5.4621997070e+02 5.4623999023e+02 5.4626300049e+02 5.4628900146e+02 5.4630798340e+02 5.4631701660e+02 5.4632897949e+02 5.4636999512e+02 5.4642297363e+02 5.4646697998e+02 5.4651501465e+02 5.4657000732e+02 5.4664001465e+02 5.4669500732e+02 5.4673602295e+02 5.4682501221e+02 5.4698101807e+02 5.4730603027e+02 5.4765698242e+02 5.4793902588e+02 5.4806298828e+02 5.4805999756e+02 5.4801300049e+02 5.4799499512e+02 5.4802398682e+02 5.4803497314e+02 5.4802398682e+02 5.4801098633e+02 5.4799700928e+02 5.4797399902e+02 5.4795898438e+02 5.4793701172e+02 5.4792297363e+02 5.4794500732e+02
