TESTSERVER/7/17.asc
NCOLS 100
NROWS 100
XLLCORNER 7.8497500000e+03
YLLCORNER 2.8910025000e+05
CELLSIZE 5.0000000000e-01
NODATA_VALUE -9.9990000000e+03
[rows 20 to 39 of 100, columns 0 to 45 of 100]
5.4521697998e+02 5.4520001221e+02 5.4519299316e+02 5.4519500732e+02 5.4521002197e+02 5.4519299316e+02 5.4518200684e+02 5.4518200684e+02 5.4522802734e+02 5.4521997070e+02 5.4520501709e+02 5.4519097900e+02 5.4509997559e+02 5.4505401611e+02 5.4509497070e+02 5.4529998779e+02 5.4561798096e+02 5.4660699463e+02 5.4714300537e+02 5.4724200439e+02 5.4707501221e+02 5.4711297607e+02 5.4709600830e+02 5.4704101563e+02 5.4709301758e+02 5.4725500488e+02 5.4727697754e+02 5.4726397705e+02 5.4723297119e+02 5.4723901367e+02 5.4722802734e+02 5.4722998047e+02 5.4725299072e+02 5.4724499512e+02 5.4723400879e+02 5.4721197510e+02 5.4721502686e+02 5.4725897217e+02 5.4728997803e+02 5.4729901123e+02 5.4729498291e+02 5.4733801270e+02 5.4735302734e+02 5.4736499023e+02 5.4739202881e+02 5.4743298340e+02
5.4520202637e+02 5.4520202637e+02 5.4520300293e+02 5.4520300293e+02 5.4520300293e+02 5.4519500732e+02 5.4519702148e+02 5.4521099854e+02 5.4523400879e+02 5.4518103027e+02 5.4512500000e+02 5.4510498047e+02 5.4511401367e+02 5.4510998535e+02 5.4522698975e+02 5.4556097412e+02 5.4619201660e+02 5.4731500244e+02 5.4774798584e+02 5.4762500000e+02 5.4733099365e+02 5.4722998047e+02 5.4715002441e+02 5.4711401367e+02 5.4717700195e+02 5.4729699707e+02 5.4732299805e+02 5.4728698730e+02 5.4725500488e+02 5.4724401855e+02 5.4725500488e+02 5.4728698730e+02 5.4730401611e+02 5.4729498291e+02 5.4729498291e+02 5.4730102539e+02 5.4732501221e+02 5.4736199951e+02 5.4738598633e+02 5.4738800049e+02 5.4737402344e+02 5.4739300537e+02 5.4741198730e+02 5.4743499756e+02 5.4747497559e+02 5.4751898193e+02
5.4517199707e+02 5.4517602539e+02 5.4518200684e+02 5.4518798828e+02 5.4518798828e+02 5.4518200684e+02 5.4519396973e+02 5.4521899414e+02 5.4522100830e+02 5.4513598633e+02 5.4511798096e+02 5.4517401123e+02 5.4530798340e+02 5.4540802002e+02 5.4558398438e+02 5.4595098877e+02 5.4660900879e+02 5.4731597900e+02 5.4751000977e+02 5.4743798828e+02 5.4738397217e+02 5.4733197021e+02 5.4727899170e+02 5.4726702881e+02 5.4730798340e+02 5.4736199951e+02 5.4738299561e+02 5.4735900879e+02 5.4732702637e+02 5.4732397461e+02 5.4735498047e+02 5.4739697266e+02 5.4740502930e+02 5.4739898682e+02 5.4741400146e+02 5.4743798828e+02 5.4747497559e+02 5.4750201416e+02 5.4751800537e+02 5.4752001953e+02 5.4750598145e+02 5.4752099609e+02 5.4754602051e+02 5.4757000732e+02 5.4760198975e+02 5.4764898682e+02
5.4513702393e+02 5.4515002441e+02 5.4516198730e+02 5.4517199707e+02 5.4516998291e+02 5.4516400146e+02 5.4518200684e+02 5.4521197510e+02 5.4520501709e+02 5.4516601563e+02 5.4525500488e+02 5.4544702148e+02 5.4571600342e+02 5.4587500000e+02 5.4607397461e+02 5.4641699219e+02 5.4695898438e+02 5.4722100830e+02 5.4725097656e+02 5.4724597168e+02 5.4733398438e+02 5.4734600830e+02 5.4736602783e+02 5.4739898682e+02 5.4744097900e+02 5.4746301270e+02 5.4747802734e+02 5.4746600342e+02 5.4745501709e+02 5.4746398926e+02 5.4749401855e+02 5.4752600098e+02 5.4753399658e+02 5.4754498291e+02 5.4756500244e+02 5.4758801270e+02 5.4761499023e+02 5.4763201904e+02 5.4764501953e+02 5.4765301514e+02 5.4765502930e+02 5.4766302490e+02 5.4767999268e+02 5.4769702148e+02 5.4771997070e+02 5.4776202393e+02
5.4508697510e+02 5.4511499023e+02 5.4513299561e+02 5.4515899658e+02 5.4519299316e+02 5.4516802979e+02 5.4516101074e+02 5.4516302490e+02 5.4515100098e+02 5.4532299805e+02 5.4559802246e+02 5.4597100830e+02 5.4641601563e+02 5.4655297852e+02 5.4671301270e+02 5.4693402100e+02 5.4724401855e+02 5.4726898193e+02 5.4723699951e+02 5.4725500488e+02 5.4731597900e+02 5.4738897705e+02 5.4747399902e+02 5.4754400635e+02 5.4761102295e+02 5.4762902832e+02 5.4764300537e+02 5.4762701416e+02 5.4760900879e+02 5.4761401367e+02 5.4762902832e+02 5.4764697266e+02 5.4768597412e+02 5.4769702148e+02 5.4770800781e+02 5.4771301270e+02 5.4772998047e+02 5.4772100830e+02 5.4772698975e+02 5.4773999023e+02 5.4774798584e+02 5.4774298096e+02 5.4773797607e+02 5.4774700928e+02 5.4776098633e+02 5.4779400635e+02
5.4507397461e+02 5.4508898926e+02 5.4510998535e+02 5.4514099121e+02 5.4518701172e+02 5.4517498779e+02 5.4511499023e+02 5.4511901855e+02 5.4534698486e+02 5.4577697754e+02 5.4621502686e+02 5.4665197754e+02 5.4705200195e+02 5.4722601318e+02 5.4723999023e+02 5.4727801514e+02 5.4733801270e+02 5.4728399658e+02 5.4727600098e+02 5.4731201172e+02 5.4742602539e+02 5.4761700439e+02 5.4776000977e+02 5.4786297607e+02 5.4789898682e+02 5.4793499756e+02 5.4793402100e+02 5.4789300537e+02 5.4780700684e+02 5.4779101563e+02 5.4780102539e+02 5.4781597900e+02 5.4782299805e+02 5.4782897949e+02 5.4783502197e+02 5.4783502197e+02 5.4783099365e+02 5.4781597900e+02 5.4781097412e+02 5.4781201172e+02 5.4781201172e+02 5.4778497314e+02 5.4777197266e+02 5.4777600098e+02 5.4779699707e+02 5.4782501221e+02
5.4506799316e+02 5.4507598877e+02 5.4509600830e+02 5.4512298584e+02 5.4516601563e+02 5.4521099854e+02 5.4521899414e+02 5.4533599854e+02 5.4575299072e+02 5.4629199219e+02 5.4674700928e+02 5.4713000488e+02 5.4738299561e+02 5.4742102051e+02 5.4735400391e+02 5.4730902100e+02 5.4731201172e+02 5.4728002930e+02 5.4728900146e+02 5.4734899902e+02 5.4751000977e+02 5.4775598145e+02 5.4792901611e+02 5.4805102539e+02 5.4807299805e+02 5.4809802246e+02 5.4809301758e+02 5.4804101563e+02 5.4792700195e+02 5.4789801025e+02 5.4790600586e+02 5.4791601563e+02 5.4790698242e+02 5.4790698242e+02 5.4791497803e+02 5.4791497803e+02 5.4790399170e+02 5.4788800049e+02 5.4788201904e+02 5.4787799072e+02 5.4786798096e+02 5.4783099365e+02 5.4781097412e+02 5.4781201172e+02 5.4783502197e+02 5.4786999512e+02
5.4505401611e+02 5.4505902100e+02 5.4508001709e+02 5.4510797119e+02 5.4515197754e+02 5.4528698730e+02 5.4540997314e+02 5.4565997314e+02 5.4617102051e+02 5.4664202881e+02 5.4701397705e+02 5.4728698730e+02 5.4740100098e+02 5.4737402344e+02 5.4730102539e+02 5.4724597168e+02 5.4725000000e+02 5.4725201416e+02 5.4728497314e+02 5.4736999512e+02 5.4754602051e+02 5.4778997803e+02 5.4796502686e+02 5.4808898926e+02 5.4810900879e+02 5.4813000488e+02 5.4812402344e+02 5.4807202148e+02 5.4795898438e+02 5.4792901611e+02 5.4793499756e+02 5.4794097900e+02 5.4792901611e+02 5.4793200684e+02 5.4794299316e+02 5.4794897461e+02 5.4794097900e+02 5.4792901611e+02 5.4792498779e+02 5.4791900635e+02 5.4790502930e+02 5.4786297607e+02 5.4783898926e+02 5.4783898926e+02 5.4786602783e+02 5.4790997314e+02
5.4504498291e+02 5.4503601074e+02 5.4504602051e+02 5.4507501221e+02 5.4505999756e+02 5.4538800049e+02 5.4564099121e+02 5.4590600586e+02 5.4627801514e+02 5.4667901611e+02 5.4691101074e+02 5.4708599854e+02 5.4717901611e+02 5.4725799561e+02 5.4723999023e+02 5.4721600342e+02 5.4720800781e+02 5.4722100830e+02 5.4728002930e+02 5.4737500000e+02 5.4751300049e+02 5.4768902588e+02 5.4781402588e+02 5.4791101074e+02 5.4790002441e+02 5.4798400879e+02 5.4798699951e+02 5.4796398926e+02 5.4787298584e+02 5.4785797119e+02 5.4786102295e+02 5.4786798096e+02 5.4785101318e+02 5.4788598633e+02 5.4790197754e+02 5.4791601563e+02 5.4789202881e+02 5.4791198730e+02 5.4791198730e+02 5.4790698242e+02 5.4787597656e+02 5.4786999512e+02 5.4785699463e+02 5.4786102295e+02 5.4787701416e+02 5.4791998291e+02
5.4499499512e+02 5.4500201416e+02 5.4504400635e+02 5.4514599609e+02 5.4534497070e+02 5.4588201904e+02 5.4615698242e+02 5.4620397949e+02 5.4627697754e+02 5.4653997803e+02 5.4675299072e+02 5.4695098877e+02 5.4710797119e+02 5.4715600586e+02 5.4716802979e+02 5.4715899658e+02 5.4713500977e+02 5.4716699219e+02 5.4723797607e+02 5.4733599854e+02 5.4745202637e+02 5.4756097412e+02 5.4764898682e+02 5.4772601318e+02 5.4778802490e+02 5.4780798340e+02 5.4782098389e+02 5.4782501221e+02 5.4779199219e+02 5.4776501465e+02 5.4777099609e+02 5.4778198242e+02 5.4780102539e+02 5.4782202148e+02 5.4784100342e+02 5.4785699463e+02 5.4786602783e+02 5.4787402344e+02 5.4788000488e+02 5.4788201904e+02 5.4787597656e+02 5.4787097168e+02 5.4787597656e+02 5.4788702393e+02 5.4789801025e+02 5.4792797852e+02
5.4497601318e+02 5.4502502441e+02 5.4514801025e+02 5.4535400391e+02 5.4570599365e+02 5.4627197266e+02 5.4647998047e+02 5.4642602539e+02 5.4636602783e+02 5.4649700928e+02 5.4664599609e+02 5.4682702637e+02 5.4697302246e+02 5.4702398682e+02 5.4705499268e+02 5.4705999756e+02 5.4704101563e+02 5.4708599854e+02 5.4716497803e+02 5.4726898193e+02 5.4738098145e+02 5.4747601318e+02 5.4755700684e+02 5.4762799072e+02 5.4768200684e+02 5.4770501709e+02 5.4772198486e+02 5.4772900391e+02 5.4771398926e+02 5.4770300293e+02 5.4771197510e+02 5.4772698975e+02 5.4775097656e+02 5.4777801514e+02 5.4779998779e+02 5.4782098389e+02 5.4783898926e+02 5.4785699463e+02 5.4786999512e+02 5.4787902832e+02 5.4787701416e+02 5.4787902832e+02 5.4789099121e+02 5.4790698242e+02 5.4792297363e+02 5.4795202637e+02
5.4501501465e+02 5.4511401367e+02 5.4533001709e+02 5.4563897705e+02 5.4607800293e+02 5.4652301025e+02 5.4665002441e+02 5.4657897949e+02 5.4652502441e+02 5.4653302002e+02 5.4658599854e+02 5.4671197510e+02 5.4683001709e+02 5.4688702393e+02 5.4693499756e+02 5.4695898438e+02 5.4694702148e+02 5.4699902344e+02 5.4708398438e+02 5.4719000244e+02 5.4730603027e+02 5.4739898682e+02 5.4747399902e+02 5.4753698730e+02 5.4758502197e+02 5.4761102295e+02 5.4763098145e+02 5.4764099121e+02 5.4763702393e+02 5.4763897705e+02 5.4765100098e+02 5.4766998291e+02 5.4769897461e+02 5.4773199463e+02 5.4775897217e+02 5.4778302002e+02 5.4780999756e+02 5.4784197998e+02 5.4786199951e+02 5.4787799072e+02 5.4788201904e+02 5.4789099121e+02 5.4790997314e+02 5.4793200684e+02 5.4795098877e+02 5.4797900391e+02
5.4502600098e+02 5.4525897217e+02 5.4557598877e+02 5.4597100830e+02 5.4640197754e+02 5.4658697510e+02 5.4664898682e+02 5.4663702393e+02 5.4663397217e+02 5.4662200928e+02 5.4660900879e+02 5.4665802002e+02 5.4671398926e+02 5.4678002930e+02 5.4684301758e+02 5.4688397217e+02 5.4687298584e+02 5.4692498779e+02 5.4700701904e+02 5.4710601807e+02 5.4722302246e+02 5.4733001709e+02 5.4739697266e+02 5.4745501709e+02 5.4750299072e+02 5.4752899170e+02 5.4755297852e+02 5.4756799316e+02 5.4756500244e+02 5.4756298828e+02 5.4758099365e+02 5.4760601807e+02 5.4764001465e+02 5.4768103027e+02 5.4771502686e+02 5.4774798584e+02 5.4777899170e+02 5.4781896973e+02 5.4785302734e+02 5.4788299561e+02 5.4790502930e+02 5.4791497803e+02 5.4794201660e+02 5.4796697998e+02 5.4798498535e+02 5.4801397705e+02
5.4529199219e+02 5.4568597412e+02 5.4597601318e+02 5.4622900391e+02 5.4647198486e+02 5.4662097168e+02 5.4666900635e+02 5.4667401123e+02 5.4667297363e+02 5.4666998291e+02 5.4666699219e+02 5.4669598389e+02 5.4675097656e+02 5.4677099609e+02 5.4680200195e+02 5.4683300781e+02 5.4684399414e+02 5.4689398193e+02 5.4696997070e+02 5.4706402588e+02 5.4718103027e+02 5.4727301025e+02 5.4733398438e+02 5.4738500977e+02 5.4742602539e+02 5.4745300293e+02 5.4747399902e+02 5.4748699951e+02 5.4747601318e+02 5.4747399902e+02 5.4749798584e+02 5.4753198242e+02 5.4758502197e+02 5.4763598633e+02 5.4767901611e+02 5.4772399902e+02 5.4776397705e+02 5.4780603027e+02 5.4784997559e+02 5.4789001465e+02 5.4792797852e+02 5.4795599365e+02 5.4798101807e+02 5.4800201416e+02 5.4801501465e+02 5.4805102539e+02
5.4569201660e+02 5.4614801025e+02 5.4634497070e+02 5.4642297363e+02 5.4652099609e+02 5.4666198730e+02 5.4669799805e+02 5.4669897461e+02 5.4669897461e+02 5.4669799805e+02 5.4669500732e+02 5.4671697998e+02 5.4676397705e+02 5.4677801514e+02 5.4678601074e+02 5.4679498291e+02 5.4681201172e+02 5.4686401367e+02 5.4694299316e+02 5.4704101563e+02 5.4715100098e+02 5.4722802734e+02 5.4728100586e+02 5.4732397461e+02 5.4735699463e+02 5.4737902832e+02 5.4739501953e+02 5.4740301514e+02 5.4739202881e+02 5.4739801025e+02 5.4742797852e+02 5.4746801758e+02 5.4753002930e+02 5.4759100342e+02 5.4764099121e+02 5.4769500732e+02 5.4775799561e+02 5.4781799316e+02 5.4786602783e+02 5.4790899658e+02 5.4795697021e+02 5.4798901367e+02 5.4801098633e+02 5.4802801514e+02 5.4803900146e+02 5.4807299805e+02
5.4610302734e+02 5.4644097900e+02 5.4654797363e+02 5.4651898193e+02 5.4654797363e+02 5.4667700195e+02 5.4670300293e+02 5.4670599365e+02 5.4671197510e+02 5.4670898438e+02 5.4670501709e+02 5.4671997070e+02 5.4675598145e+02 5.4677600098e+02 5.4678302002e+02 5.4678100586e+02 5.4678497314e+02 5.4683801270e+02 5.4692498779e+02 5.4703002930e+02 5.4713201904e+02 5.4719201660e+02 5.4723699951e+02 5.4727099609e+02 5.4729699707e+02 5.4731298828e+02 5.4732397461e+02 5.4732598877e+02 5.4731298828e+02 5.4732800293e+02 5.4736401367e+02 5.4741101074e+02 5.4747601318e+02 5.4753997803e+02 5.4759899902e+02 5.4766198730e+02 5.4775701904e+02 5.4784600830e+02 5.4789697266e+02 5.4794299316e+02 5.4799102783e+02 5.4801800537e+02 5.4803497314e+02 5.4804797363e+02 5.4805798340e+02 5.4808801270e+02
5.4634497070e+02 5.4644897461e+02 5.4652801514e+02 5.4654797363e+02 5.4660498047e+02 5.4666601563e+02 5.4669799805e+02 5.4670697021e+02 5.4671099854e+02 5.4671600342e+02 5.4670800781e+02 5.4671899414e+02 5.4673699951e+02 5.4675500488e+02 5.4677099609e+02 5.4677801514e+02 5.4677197266e+02 5.4680902100e+02 5.4690997314e+02 5.4704400635e+02 5.4717199707e+02 5.4717297363e+02 5.4719702148e+02 5.4721502686e+02 5.4722100830e+02 5.4724298096e+02 5.4724798584e+02 5.4724401855e+02 5.4721099854e+02 5.4724401855e+02 5.4728900146e+02 5.4735198975e+02 5.4744598389e+02 5.4748999023e+02 5.4754602051e+02 5.4762597656e+02 5.4777801514e+02 5.4789898682e+02 5.4796197510e+02 5.4800402832e+02 5.4803399658e+02 5.4804498291e+02 5.4805700684e+02 5.4806799316e+02 5.4807800293e+02 5.4809497070e+02
5.4641998291e+02 5.4642199707e+02 5.4648699951e+02 5.4653497314e+02 5.4657501221e+02 5.4664697266e+02 5.4669396973e+02 5.4670501709e+02 5.4668701172e+02 5.4668798828e+02 5.4668499756e+02 5.4670501709e+02 5.4673199463e+02 5.4674200439e+02 5.4677197266e+02 5.4679400635e+02 5.4676202393e+02 5.4678002930e+02 5.4690899658e+02 5.4707897949e+02 5.4716497803e+02 5.4714801025e+02 5.4715301514e+02 5.4716198730e+02 5.4719000244e+02 5.4719201660e+02 5.4718701172e+02 5.4717901611e+02 5.4715802002e+02 5.4716497803e+02 5.4721398926e+02 5.4728900146e+02 5.4738000488e+02 5.4741802979e+02 5.4748797607e+02 5.4763000488e+02 5.4786102295e+02 5.4799902344e+02 5.4806201172e+02 5.4808697510e+02 5.4806799316e+02 5.4805798340e+02 5.4806597900e+02 5.4807501221e+02 5.4807897949e+02 5.4809197998e+02
5.4642498779e+02 5.4644500732e+02 5.4649401855e+02 5.4652600098e+02 5.4654498291e+02 5.4659197998e+02 5.4663500977e+02 5.4665502930e+02 5.4664898682e+02 5.4665502930e+02 5.4666400146e+02 5.4669000244e+02 5.4671697998e+02 5.4672900391e+02 5.4676898193e+02 5.4679901123e+02 5.4675598145e+02 5.4678302002e+02 5.4693298340e+02 5.4708697510e+02 5.4714202881e+02 5.4713000488e+02 5.4713098145e+02 5.4714300537e+02 5.4717297363e+02 5.4716601563e+02 5.4715600586e+02 5.4714599609e+02 5.4713098145e+02 5.4713702393e+02 5.4718499756e+02 5.4725897217e+02 5.4732702637e+02 5.4734497070e+02 5.4744097900e+02 5.4763500977e+02 5.4793499756e+02 5.4807098389e+02 5.4812097168e+02 5.4813299561e+02 5.4809002686e+02 5.4806500244e+02 5.4807000732e+02 5.4807702637e+02 5.4807897949e+02 5.4808898926e+02
5.4642797852e+02 5.4648797607e+02 5.4653497314e+02 5.4656201172e+02 5.4655902100e+02 5.4655297852e+02 5.4657098389e+02 5.4659399414e+02 5.4661199951e+02 5.4662902832e+02 5.4664898682e+02 5.4667700195e+02 5.4670098877e+02 5.4671502686e+02 5.4675097656e+02 5.4678100586e+02 5.4674401855e+02 5.4678997803e+02 5.4695898438e+02 5.4709997559e+02 5.4713397217e+02 5.4713397217e+02 5.4713397217e+02 5.4714599609e+02 5.4716802979e+02 5.4715301514e+02 5.4713897705e+02 5.4713299561e+02 5.4713000488e+02 5.4713800049e+02 5.4718103027e+02 5.4724499512e+02 5.4728698730e+02 5.4728802490e+02 5.4740502930e+02 5.4763897705e+02 5.4799102783e+02 5.4811700439e+02 5.4815399170e+02 5.4815502930e+02 5.4809997559e+02 5.4807098389e+02 5.4807397461e+02 5.4807897949e+02 5.4808001709e+02 5.4808697510e+02
