TESTSERVER/7/17.asc
NCOLS 100
NROWS 100
XLLCORNER 7.8497500000e+03
YLLCORNER 2.8910025000e+05
CELLSIZE 5.0000000000e-01
NODATA_VALUE -9.9990000000e+03
[rows 80 to 99 of 100, columns 46 to 91 of 100]
5.4837701416e+02 5.4836401367e+02 5.4833898926e+02 5.4828497314e+02 5.4825299072e+02 5.4825201416e+02 5.4827301025e+02 5.4828002930e+02 5.4828198242e+02 5.4828497314e+02 5.4828601074e+02 5.4830902100e+02 5.4832098389e+02 5.4833801270e+02 5.4835998535e+02 5.4840100098e+02 5.4843298340e+02 5.4846197510e+02 5.4848797607e+02 5.4852801514e+02 5.4859100342e+02 5.4866400146e+02 5.4873297119e+02 5.4877899170e+02 5.4884997559e+02 5.4890698242e+02 5.4896099854e+02 5.4900402832e+02 5.4903100586e+02 5.4903900146e+02 5.4905499268e+02 5.4907800293e+02 5.4912799072e+02 5.4918701172e+02 5.4925201416e+02 5.4926098633e+02 5.4927398682e+02 5.4928802490e+02 5.4932098389e+02 5.4932098389e+02 5.4932098389e+02 5.4932299805e+02 5.4933001709e+02 5.4934197998e+02 5.4935900879e+02 5.4937500000e+02
5.4831097412e+02 5.4828497314e+02 5.4825201416e+02 5.4819396973e+02 5.4815698242e+02 5.4814697266e+02 5.4815802002e+02 5.4815600586e+02 5.4815600586e+02 5.4815301514e+02 5.4816802979e+02 5.4818902588e+02 5.4819799805e+02 5.4820599365e+02 5.4823101807e+02 5.4826702881e+02 5.4829797363e+02 5.4832897949e+02 5.4835699463e+02 5.4839202881e+02 5.4844500732e+02 5.4850299072e+02 5.4858197021e+02 5.4864202881e+02 5.4870697021e+02 5.4877502441e+02 5.4887500000e+02 5.4897100830e+02 5.4900000000e+02 5.4897601318e+02 5.4894897461e+02 5.4897802734e+02 5.4904797363e+02 5.4913702393e+02 5.4919799805e+02 5.4922900391e+02 5.4925500488e+02 5.4927301025e+02 5.4929302979e+02 5.4930499268e+02 5.4930999756e+02 5.4931298828e+02 5.4932299805e+02 5.4934497070e+02 5.4936499023e+02 5.4938500977e+02
5.4824499512e+02 5.4821301270e+02 5.4817297363e+02 5.4813098145e+02 5.4810900879e+02 5.4809899902e+02 5.4810101318e+02 5.4810302734e+02 5.4809899902e+02 5.4809002686e+02 5.4809997559e+02 5.4811499023e+02 5.4812500000e+02 5.4813397217e+02 5.4815899658e+02 5.4818298340e+02 5.4820300293e+02 5.4823101807e+02 5.4825897217e+02 5.4828601074e+02 5.4832702637e+02 5.4837200928e+02 5.4844598389e+02 5.4849401855e+02 5.4853900146e+02 5.4860797119e+02 5.4872302246e+02 5.4881097412e+02 5.4882202148e+02 5.4877801514e+02 5.4873199463e+02 5.4876098633e+02 5.4885699463e+02 5.4898797607e+02 5.4908599854e+02 5.4914099121e+02 5.4918902588e+02 5.4922100830e+02 5.4924200439e+02 5.4926000977e+02 5.4927398682e+02 5.4928497314e+02 5.4929998779e+02 5.4932897949e+02 5.4935400391e+02 5.4937597656e+02
5.4818798828e+02 5.4815301514e+02 5.4811297607e+02 5.4809301758e+02 5.4809100342e+02 5.4808697510e+02 5.4808697510e+02 5.4808599854e+02 5.4807800293e+02 5.4806896973e+02 5.4807202148e+02 5.4808697510e+02 5.4809698486e+02 5.4810699463e+02 5.4813000488e+02 5.4814898682e+02 5.4815698242e+02 5.4817401123e+02 5.4819500732e+02 5.4821502686e+02 5.4824401855e+02 5.4827502441e+02 5.4832897949e+02 5.4835302734e+02 5.4836901855e+02 5.4840899658e+02 5.4849401855e+02 5.4853900146e+02 5.4852502441e+02 5.4848199463e+02 5.4845202637e+02 5.4848400879e+02 5.4859997559e+02 5.4877197266e+02 5.4892901611e+02 5.4902502441e+02 5.4909301758e+02 5.4914001465e+02 5.4916802979e+02 5.4919598389e+02 5.4922100830e+02 5.4923999023e+02 5.4926202393e+02 5.4929602051e+02 5.4932501221e+02 5.4934997559e+02
5.4813299561e+02 5.4810101318e+02 5.4809197998e+02 5.4808197021e+02 5.4808398438e+02 5.4808398438e+02 5.4808001709e+02 5.4807501221e+02 5.4807000732e+02 5.4806799316e+02 5.4806500244e+02 5.4807598877e+02 5.4808599854e+02 5.4809301758e+02 5.4811102295e+02 5.4812799072e+02 5.4813397217e+02 5.4814099121e+02 5.4814697266e+02 5.4816601563e+02 5.4818597412e+02 5.4820599365e+02 5.4823699951e+02 5.4826098633e+02 5.4827197266e+02 5.4827697754e+02 5.4829199219e+02 5.4829998779e+02 5.4828497314e+02 5.4826098633e+02 5.4823498535e+02 5.4826300049e+02 5.4838397217e+02 5.4856402588e+02 5.4873699951e+02 5.4887298584e+02 5.4896099854e+02 5.4902697754e+02 5.4906097412e+02 5.4910998535e+02 5.4914697266e+02 5.4917797852e+02 5.4919897461e+02 5.4924200439e+02 5.4927398682e+02 5.4930102539e+02
5.4808398438e+02 5.4806896973e+02 5.4807202148e+02 5.4806799316e+02 5.4806799316e+02 5.4807397461e+02 5.4807598877e+02 5.4806097412e+02 5.4805102539e+02 5.4804797363e+02 5.4805499268e+02 5.4806799316e+02 5.4808599854e+02 5.4809802246e+02 5.4810797119e+02 5.4811499023e+02 5.4812200928e+02 5.4812799072e+02 5.4813201904e+02 5.4813702393e+02 5.4815197754e+02 5.4816400146e+02 5.4817901611e+02 5.4819702148e+02 5.4821697998e+02 5.4822900391e+02 5.4823999023e+02 5.4824298096e+02 5.4823400879e+02 5.4821899414e+02 5.4819799805e+02 5.4821197510e+02 5.4830499268e+02 5.4845001221e+02 5.4863397217e+02 5.4876000977e+02 5.4885198975e+02 5.4892700195e+02 5.4898602295e+02 5.4903601074e+02 5.4908001709e+02 5.4911901855e+02 5.4915301514e+02 5.4919000244e+02 5.4922302246e+02 5.4925000000e+02
5.4804901123e+02 5.4805798340e+02 5.4807202148e+02 5.4806597900e+02 5.4805603027e+02 5.4804699707e+02 5.4805603027e+02 5.4804101563e+02 5.4802801514e+02 5.4802600098e+02 5.4803900146e+02 5.4805499268e+02 5.4807598877e+02 5.4809301758e+02 5.4809899902e+02 5.4810699463e+02 5.4811297607e+02 5.4811999512e+02 5.4812200928e+02 5.4812298584e+02 5.4813598633e+02 5.4814202881e+02 5.4814801025e+02 5.4816400146e+02 5.4817999268e+02 5.4818902588e+02 5.4819500732e+02 5.4820001221e+02 5.4820300293e+02 5.4820599365e+02 5.4819702148e+02 5.4819897461e+02 5.4827301025e+02 5.4839801025e+02 5.4856298828e+02 5.4869000244e+02 5.4878100586e+02 5.4885699463e+02 5.4892199707e+02 5.4897998047e+02 5.4902899170e+02 5.4907098389e+02 5.4910998535e+02 5.4915002441e+02 5.4918200684e+02 5.4921099854e+02
5.4804400635e+02 5.4809497070e+02 5.4814697266e+02 5.4817700195e+02 5.4813500977e+02 5.4805297852e+02 5.4802801514e+02 5.4801800537e+02 5.4801300049e+02 5.4801898193e+02 5.4803302002e+02 5.4804901123e+02 5.4807000732e+02 5.4808898926e+02 5.4809100342e+02 5.4809802246e+02 5.4810498047e+02 5.4811102295e+02 5.4811602783e+02 5.4811700439e+02 5.4812298584e+02 5.4812500000e+02 5.4813299561e+02 5.4814300537e+02 5.4815698242e+02 5.4816699219e+02 5.4816998291e+02 5.4818103027e+02 5.4818902588e+02 5.4819702148e+02 5.4819897461e+02 5.4820697021e+02 5.4827099609e+02 5.4837902832e+02 5.4851702881e+02 5.4863500977e+02 5.4872497559e+02 5.4880297852e+02 5.4887097168e+02 5.4893200684e+02 5.4898400879e+02 5.4902899170e+02 5.4907098389e+02 5.4910998535e+02 5.4914300537e+02 5.4917102051e+02
5.4807299805e+02 5.4818701172e+02 5.4831298828e+02 5.4839697266e+02 5.4830102539e+02 5.4809600830e+02 5.4802197266e+02 5.4801000977e+02 5.4801202393e+02 5.4802600098e+02 5.4803802490e+02 5.4805603027e+02 5.4807202148e+02 5.4808801270e+02 5.4809197998e+02 5.4809100342e+02 5.4809600830e+02 5.4810302734e+02 5.4810101318e+02 5.4810797119e+02 5.4810797119e+02 5.4810699463e+02 5.4811499023e+02 5.4812799072e+02 5.4815002441e+02 5.4816302490e+02 5.4816400146e+02 5.4817700195e+02 5.4817999268e+02 5.4818402100e+02 5.4818701172e+02 5.4820501709e+02 5.4826800537e+02 5.4836901855e+02 5.4849102783e+02 5.4859002686e+02 5.4868103027e+02 5.4876397705e+02 5.4883898926e+02 5.4889398193e+02 5.4894897461e+02 5.4899499512e+02 5.4903601074e+02 5.4907202148e+02 5.4910498047e+02 5.4913397217e+02
5.4806500244e+02 5.4821197510e+02 5.4835601807e+02 5.4844500732e+02 5.4830200195e+02 5.4806201172e+02 5.4800201416e+02 5.4800799561e+02 5.4801202393e+02 5.4801800537e+02 5.4802899170e+02 5.4804101563e+02 5.4805999756e+02 5.4807800293e+02 5.4807897949e+02 5.4807897949e+02 5.4808300781e+02 5.4808898926e+02 5.4808599854e+02 5.4809698486e+02 5.4810302734e+02 5.4810699463e+02 5.4811700439e+02 5.4813201904e+02 5.4815399170e+02 5.4816198730e+02 5.4816400146e+02 5.4817700195e+02 5.4817102051e+02 5.4817401123e+02 5.4817999268e+02 5.4818298340e+02 5.4823699951e+02 5.4833099365e+02 5.4845300293e+02 5.4855499268e+02 5.4864501953e+02 5.4873199463e+02 5.4880902100e+02 5.4887097168e+02 5.4892498779e+02 5.4896899414e+02 5.4900201416e+02 5.4903198242e+02 5.4906201172e+02 5.4909100342e+02
5.4801000977e+02 5.4809497070e+02 5.4821600342e+02 5.4826898193e+02 5.4816998291e+02 5.4801898193e+02 5.4799499512e+02 5.4799700928e+02 5.4799499512e+02 5.4799200439e+02 5.4801397705e+02 5.4803002930e+02 5.4804498291e+02 5.4805700684e+02 5.4806298828e+02 5.4806799316e+02 5.4807202148e+02 5.4807501221e+02 5.4806896973e+02 5.4807702637e+02 5.4809197998e+02 5.4809802246e+02 5.4810699463e+02 5.4812597656e+02 5.4814801025e+02 5.4815502930e+02 5.4815600586e+02 5.4816900635e+02 5.4816400146e+02 5.4816802979e+02 5.4817602539e+02 5.4817700195e+02 5.4822100830e+02 5.4830200195e+02 5.4841900635e+02 5.4852600098e+02 5.4861499023e+02 5.4870001221e+02 5.4878100586e+02 5.4884600830e+02 5.4889801025e+02 5.4894000244e+02 5.4896801758e+02 5.4899200439e+02 5.4902001953e+02 5.4904602051e+02
5.4798699951e+02 5.4800500488e+02 5.4804901123e+02 5.4806097412e+02 5.4803198242e+02 5.4798999023e+02 5.4799499512e+02 5.4798999023e+02 5.4798400879e+02 5.4797802734e+02 5.4800500488e+02 5.4801898193e+02 5.4803497314e+02 5.4804699707e+02 5.4805700684e+02 5.4805999756e+02 5.4806500244e+02 5.4807000732e+02 5.4806500244e+02 5.4807202148e+02 5.4808599854e+02 5.4808697510e+02 5.4809100342e+02 5.4811102295e+02 5.4813299561e+02 5.4814398193e+02 5.4814801025e+02 5.4816101074e+02 5.4815698242e+02 5.4816101074e+02 5.4817297363e+02 5.4817797852e+02 5.4821301270e+02 5.4828100586e+02 5.4839099121e+02 5.4850201416e+02 5.4859002686e+02 5.4867498779e+02 5.4875598145e+02 5.4881896973e+02 5.4886999512e+02 5.4890997314e+02 5.4893298340e+02 5.4895098877e+02 5.4897698975e+02 5.4900097656e+02
5.4798797607e+02 5.4799499512e+02 5.4798999023e+02 5.4797497559e+02 5.4797302246e+02 5.4797601318e+02 5.4798699951e+02 5.4799597168e+02 5.4799798584e+02 5.4799200439e+02 5.4800701904e+02 5.4802099609e+02 5.4803100586e+02 5.4803997803e+02 5.4805297852e+02 5.4805603027e+02 5.4806201172e+02 5.4806799316e+02 5.4807202148e+02 5.4808502197e+02 5.4808801270e+02 5.4808197021e+02 5.4808502197e+02 5.4810400391e+02 5.4812200928e+02 5.4813500977e+02 5.4814398193e+02 5.4815802002e+02 5.4815997314e+02 5.4816400146e+02 5.4818103027e+02 5.4818597412e+02 5.4821099854e+02 5.4826300049e+02 5.4835601807e+02 5.4847601318e+02 5.4856799316e+02 5.4865502930e+02 5.4875097656e+02 5.4880603027e+02 5.4884997559e+02 5.4888098145e+02 5.4888800049e+02 5.4890802002e+02 5.4893402100e+02 5.4896099854e+02
5.4796600342e+02 5.4797998047e+02 5.4797900391e+02 5.4796502686e+02 5.4795599365e+02 5.4795202637e+02 5.4796197510e+02 5.4798602295e+02 5.4800000000e+02 5.4800000000e+02 5.4801000977e+02 5.4802001953e+02 5.4802899170e+02 5.4803601074e+02 5.4804699707e+02 5.4805297852e+02 5.4805603027e+02 5.4805902100e+02 5.4806201172e+02 5.4806701660e+02 5.4807098389e+02 5.4806896973e+02 5.4807897949e+02 5.4809802246e+02 5.4811199951e+02 5.4812597656e+02 5.4813897705e+02 5.4815502930e+02 5.4816302490e+02 5.4816998291e+02 5.4817901611e+02 5.4817297363e+02 5.4818798828e+02 5.4823101807e+02 5.4833398438e+02 5.4846002197e+02 5.4855999756e+02 5.4865399170e+02 5.4874798584e+02 5.4881201172e+02 5.4884698486e+02 5.4886700439e+02 5.4885900879e+02 5.4886102295e+02 5.4888598633e+02 5.4891497803e+02
5.4795800781e+02 5.4797497559e+02 5.4797900391e+02 5.4797198486e+02 5.4796502686e+02 5.4795800781e+02 5.4796099854e+02 5.4797698975e+02 5.4799298096e+02 5.4800402832e+02 5.4801098633e+02 5.4801599121e+02 5.4802398682e+02 5.4803302002e+02 5.4804199219e+02 5.4804602051e+02 5.4804901123e+02 5.4805102539e+02 5.4805499268e+02 5.4805700684e+02 5.4806402588e+02 5.4806701660e+02 5.4808001709e+02 5.4809497070e+02 5.4811199951e+02 5.4813000488e+02 5.4814202881e+02 5.4815197754e+02 5.4815399170e+02 5.4815502930e+02 5.4816400146e+02 5.4815802002e+02 5.4817199707e+02 5.4821697998e+02 5.4832299805e+02 5.4845098877e+02 5.4855401611e+02 5.4865100098e+02 5.4874102783e+02 5.4879602051e+02 5.4882702637e+02 5.4884301758e+02 5.4882598877e+02 5.4882098389e+02 5.4884100342e+02 5.4886700439e+02
5.4796002197e+02 5.4797100830e+02 5.4797698975e+02 5.4797601318e+02 5.4797302246e+02 5.4796899414e+02 5.4796997070e+02 5.4797497559e+02 5.4798901367e+02 5.4800000000e+02 5.4800701904e+02 5.4801202393e+02 5.4802001953e+02 5.4802801514e+02 5.4803698730e+02 5.4803900146e+02 5.4804199219e+02 5.4804400635e+02 5.4804797363e+02 5.4804998779e+02 5.4805902100e+02 5.4806701660e+02 5.4808197021e+02 5.4809698486e+02 5.4811199951e+02 5.4812701416e+02 5.4814501953e+02 5.4815802002e+02 5.4815399170e+02 5.4814801025e+02 5.4815698242e+02 5.4815899658e+02 5.4817901611e+02 5.4822900391e+02 5.4832299805e+02 5.4844000244e+02 5.4854400635e+02 5.4864300537e+02 5.4872399902e+02 5.4876702881e+02 5.4879400635e+02 5.4880603027e+02 5.4878997803e+02 5.4878198242e+02 5.4879797363e+02 5.4882000732e+02
5.4795800781e+02 5.4796600342e+02 5.4796697998e+02 5.4797100830e+02 5.4796997070e+02 5.4796997070e+02 5.4797497559e+02 5.4797497559e+02 5.4798199463e+02 5.4798999023e+02 5.4800000000e+02 5.4800799561e+02 5.4801202393e+02 5.4802197266e+02 5.4802697754e+02 5.4803002930e+02 5.4803302002e+02 5.4803601074e+02 5.4803698730e+02 5.4803802490e+02 5.4804699707e+02 5.4805499268e+02 5.4806799316e+02 5.4809197998e+02 5.4810400391e+02 5.4811199951e+02 5.4813598633e+02 5.4815502930e+02 5.4815698242e+02 5.4816101074e+02 5.4817498779e+02 5.4818103027e+02 5.4820800781e+02 5.4825897217e+02 5.4833697510e+02 5.4842999268e+02 5.4854400635e+02 5.4865399170e+02 5.4874200439e+02 5.4872998047e+02 5.4874700928e+02 5.4875299072e+02 5.4874597168e+02 5.4874499512e+02 5.4875598145e+02 5.4877398682e+02
5.4795202637e+02 5.4796099854e+02 5.4796099854e+02 5.4796600342e+02 5.4796801758e+02 5.4796899414e+02 5.4797497559e+02 5.4798199463e+02 5.4798602295e+02 5.4799102783e+02 5.4799902344e+02 5.4800598145e+02 5.4800701904e+02 5.4801599121e+02 5.4802099609e+02 5.4802502441e+02 5.4802899170e+02 5.4803100586e+02 5.4803399658e+02 5.4803100586e+02 5.4802801514e+02 5.4803198242e+02 5.4804699707e+02 5.4807702637e+02 5.4810302734e+02 5.4812097168e+02 5.4813201904e+02 5.4814501953e+02 5.4815698242e+02 5.4817199707e+02 5.4819000244e+02 5.4821002197e+02 5.4824200439e+02 5.4828497314e+02 5.4833801270e+02 5.4841198730e+02 5.4850598145e+02 5.4860101318e+02 5.4864898682e+02 5.4865899658e+02 5.4867700195e+02 5.4868597412e+02 5.4868701172e+02 5.4869702148e+02 5.4871899414e+02 5.4874401855e+02
5.4795300293e+02 5.4796301270e+02 5.4796899414e+02 5.4797100830e+02 5.4797302246e+02 5.4797399902e+02 5.4797802734e+02 5.4798297119e+02 5.4798699951e+02 5.4799200439e+02 5.4799902344e+02 5.4800500488e+02 5.4800500488e+02 5.4801202393e+02 5.4801702881e+02 5.4802197266e+02 5.4802502441e+02 5.4802801514e+02 5.4803002930e+02 5.4802697754e+02 5.4802197266e+02 5.4802801514e+02 5.4803997803e+02 5.4806500244e+02 5.4809802246e+02 5.4812097168e+02 5.4812799072e+02 5.4814599609e+02 5.4816601563e+02 5.4818298340e+02 5.4819799805e+02 5.4822399902e+02 5.4825500488e+02 5.4828802490e+02 5.4831799316e+02 5.4836297607e+02 5.4842297363e+02 5.4848699951e+02 5.4853100586e+02 5.4856402588e+02 5.4859002686e+02 5.4860797119e+02 5.4862097168e+02 5.4864801025e+02 5.4868103027e+02 5.4871502686e+02
5.4794897461e+02 5.4796197510e+02 5.4797698975e+02 5.4797302246e+02 5.4797399902e+02 5.4797698975e+02 5.4797900391e+02 5.4798400879e+02 5.4798797607e+02 5.4799298096e+02 5.4799798584e+02 5.4800097656e+02 5.4799902344e+02 5.4800598145e+02 5.4801501465e+02 5.4801800537e+02 5.4802099609e+02 5.4802502441e+02 5.4802600098e+02 5.4802801514e+02 5.4802600098e+02 5.4803302002e+02 5.4804101563e+02 5.4805999756e+02 5.4808898926e+02 5.4811102295e+02 5.4812097168e+02 5.4814801025e+02 5.4817401123e+02 5.4819299316e+02 5.4820300293e+02 5.4822802734e+02 5.4825598145e+02 5.4827899170e+02 5.4829302979e+02 5.4831402588e+02 5.4834600830e+02 5.4838397217e+02 5.4841900635e+02 5.4846502686e+02 5.4849798584e+02 5.4852697754e+02 5.4855297852e+02 5.4859802246e+02 5.4864300537e+02 5.4868499756e+02
