TESTSERVER/7/18.asc
NCOLS 100
NROWS 100
XLLCORNER 7.8497500000e+03
YLLCORNER 2.8905025000e+05
CELLSIZE 5.0000000000e-01
NODATA_VALUE -9.9990000000e+03
[rows 60 to 79 of 100, columns 46 to 91 of 100]
5.4650000000e+02 5.4651098633e+02 5.4653900146e+02 5.4656500244e+02 5.4658697510e+02 5.4661199951e+02 5.4663201904e+02 5.4666802979e+02 5.4665600586e+02 5.4661999512e+02 5.4660900879e+02 5.4660498047e+02 5.4660699463e+02 5.4662902832e+02 5.4665502930e+02 5.4666101074e+02 5.4667901611e+02 5.4669799805e+02 5.4672497559e+02 5.4674499512e+02 5.4675500488e+02 5.4675201416e+02 5.4675201416e+02 5.4675598145e+02 5.4677899170e+02 5.4682397461e+02 5.4684197998e+02 5.4683697510e+02 5.4680603027e+02 5.4675000000e+02 5.4670202637e+02 5.4668902588e+02 5.4668402100e+02 5.4669299316e+02 5.4670697021e+02 5.4671502686e+02 5.4672900391e+02 5.4674499512e+02 5.4675598145e+02 5.4674798584e+02 5.4675598145e+02 5.4676702881e+02 5.4677502441e+02 5.4676098633e+02 5.4678100586e+02 5.4683300781e+02
5.4649102783e+02 5.4650701904e+02 5.4652801514e+02 5.4654901123e+02 5.4657800293e+02 5.4660900879e+02 5.4663397217e+02 5.4667999268e+02 5.4667401123e+02 5.4663397217e+02 5.4661102295e+02 5.4660101318e+02 5.4660998535e+02 5.4663299561e+02 5.4664099121e+02 5.4663598633e+02 5.4665997314e+02 5.4668499756e+02 5.4669299316e+02 5.4670599365e+02 5.4671502686e+02 5.4670898438e+02 5.4670098877e+02 5.4670098877e+02 5.4672100830e+02 5.4674902344e+02 5.4673297119e+02 5.4669799805e+02 5.4667297363e+02 5.4664801025e+02 5.4664099121e+02 5.4665399170e+02 5.4667498779e+02 5.4669097900e+02 5.4670300293e+02 5.4670697021e+02 5.4671600342e+02 5.4673498535e+02 5.4675000000e+02 5.4674102783e+02 5.4675000000e+02 5.4676599121e+02 5.4677697754e+02 5.4676202393e+02 5.4676702881e+02 5.4679797363e+02
5.4646697998e+02 5.4648999023e+02 5.4651397705e+02 5.4653302002e+02 5.4655999756e+02 5.4658801270e+02 5.4660498047e+02 5.4663397217e+02 5.4663397217e+02 5.4661297607e+02 5.4660198975e+02 5.4660198975e+02 5.4661602783e+02 5.4662799072e+02 5.4662902832e+02 5.4663702393e+02 5.4665197754e+02 5.4666601563e+02 5.4666400146e+02 5.4667602539e+02 5.4668798828e+02 5.4669299316e+02 5.4670202637e+02 5.4670300293e+02 5.4671197510e+02 5.4672601318e+02 5.4669500732e+02 5.4664599609e+02 5.4661199951e+02 5.4658697510e+02 5.4660198975e+02 5.4663201904e+02 5.4665698242e+02 5.4667700195e+02 5.4670202637e+02 5.4670501709e+02 5.4670898438e+02 5.4672497559e+02 5.4673901367e+02 5.4673400879e+02 5.4675598145e+02 5.4678399658e+02 5.4679400635e+02 5.4677301025e+02 5.4676202393e+02 5.4676898193e+02
5.4645397949e+02 5.4647998047e+02 5.4650097656e+02 5.4652301025e+02 5.4654901123e+02 5.4656701660e+02 5.4656597900e+02 5.4656896973e+02 5.4657202148e+02 5.4657397461e+02 5.4658300781e+02 5.4659600830e+02 5.4661999512e+02 5.4663201904e+02 5.4662200928e+02 5.4662500000e+02 5.4664501953e+02 5.4666400146e+02 5.4665600586e+02 5.4666699219e+02 5.4668798828e+02 5.4671099854e+02 5.4672998047e+02 5.4672998047e+02 5.4671801758e+02 5.4670898438e+02 5.4667199707e+02 5.4663800049e+02 5.4663201904e+02 5.4663201904e+02 5.4665698242e+02 5.4669201660e+02 5.4671197510e+02 5.4672601318e+02 5.4675402832e+02 5.4674700928e+02 5.4673602295e+02 5.4674298096e+02 5.4674700928e+02 5.4675299072e+02 5.4680102539e+02 5.4684698486e+02 5.4684399414e+02 5.4680798340e+02 5.4678601074e+02 5.4677697754e+02
5.4646002197e+02 5.4649102783e+02 5.4649902344e+02 5.4652301025e+02 5.4655700684e+02 5.4656201172e+02 5.4653497314e+02 5.4651202393e+02 5.4650598145e+02 5.4652099609e+02 5.4656402588e+02 5.4661499023e+02 5.4663800049e+02 5.4664898682e+02 5.4664202881e+02 5.4664697266e+02 5.4666900635e+02 5.4669299316e+02 5.4670098877e+02 5.4669299316e+02 5.4671301270e+02 5.4673101807e+02 5.4672100830e+02 5.4671197510e+02 5.4669598389e+02 5.4666497803e+02 5.4663000488e+02 5.4661602783e+02 5.4670001221e+02 5.4679101563e+02 5.4681597900e+02 5.4684600830e+02 5.4689300537e+02 5.4691302490e+02 5.4696801758e+02 5.4688500977e+02 5.4683099365e+02 5.4681298828e+02 5.4683001709e+02 5.4681402588e+02 5.4688897705e+02 5.4697302246e+02 5.4698498535e+02 5.4688598633e+02 5.4686102295e+02 5.4685198975e+02
5.4641900635e+02 5.4643200684e+02 5.4641998291e+02 5.4644897461e+02 5.4651800537e+02 5.4654699707e+02 5.4649902344e+02 5.4645098877e+02 5.4643200684e+02 5.4644799805e+02 5.4651898193e+02 5.4660101318e+02 5.4660601807e+02 5.4662097168e+02 5.4672802734e+02 5.4670697021e+02 5.4661999512e+02 5.4664697266e+02 5.4671099854e+02 5.4670697021e+02 5.4667700195e+02 5.4662597656e+02 5.4658197021e+02 5.4659301758e+02 5.4660601807e+02 5.4659997559e+02 5.4658801270e+02 5.4657202148e+02 5.4669299316e+02 5.4684301758e+02 5.4684002686e+02 5.4686901855e+02 5.4693597412e+02 5.4693499756e+02 5.4692401123e+02 5.4689099121e+02 5.4685400391e+02 5.4685302734e+02 5.4685900879e+02 5.4686199951e+02 5.4693103027e+02 5.4698901367e+02 5.4691802979e+02 5.4687200928e+02 5.4687200928e+02 5.4689300537e+02
5.4634600830e+02 5.4633898926e+02 5.4632098389e+02 5.4634399414e+02 5.4642401123e+02 5.4647100830e+02 5.4643798828e+02 5.4639398193e+02 5.4637200928e+02 5.4638397217e+02 5.4644897461e+02 5.4650799561e+02 5.4648797607e+02 5.4648999023e+02 5.4661297607e+02 5.4653698730e+02 5.4640698242e+02 5.4642999268e+02 5.4653100586e+02 5.4652398682e+02 5.4649401855e+02 5.4644897461e+02 5.4641998291e+02 5.4645898438e+02 5.4650897217e+02 5.4653698730e+02 5.4654998779e+02 5.4653002930e+02 5.4666198730e+02 5.4684100342e+02 5.4684497070e+02 5.4685601807e+02 5.4685101318e+02 5.4671301270e+02 5.4662902832e+02 5.4662500000e+02 5.4661602783e+02 5.4663500977e+02 5.4666101074e+02 5.4665197754e+02 5.4668499756e+02 5.4669299316e+02 5.4663098145e+02 5.4661199951e+02 5.4662500000e+02 5.4666699219e+02
5.4626800537e+02 5.4625897217e+02 5.4625799561e+02 5.4628601074e+02 5.4634997559e+02 5.4639300537e+02 5.4637902832e+02 5.4635198975e+02 5.4633300781e+02 5.4633801270e+02 5.4637500000e+02 5.4640100098e+02 5.4636999512e+02 5.4634698486e+02 5.4640399170e+02 5.4634802246e+02 5.4628698730e+02 5.4630603027e+02 5.4634899902e+02 5.4634600830e+02 5.4634497070e+02 5.4633697510e+02 5.4633599854e+02 5.4638397217e+02 5.4644702148e+02 5.4649597168e+02 5.4652899170e+02 5.4650500488e+02 5.4659301758e+02 5.4672998047e+02 5.4674401855e+02 5.4675299072e+02 5.4670501709e+02 5.4650299072e+02 5.4639300537e+02 5.4640100098e+02 5.4640301514e+02 5.4640997314e+02 5.4642700195e+02 5.4640301514e+02 5.4640301514e+02 5.4639898682e+02 5.4638397217e+02 5.4637500000e+02 5.4638000488e+02 5.4640600586e+02
5.4621502686e+02 5.4621600342e+02 5.4623901367e+02 5.4626898193e+02 5.4630798340e+02 5.4633197021e+02 5.4634100342e+02 5.4632397461e+02 5.4630999756e+02 5.4630902100e+02 5.4632098389e+02 5.4632897949e+02 5.4632598877e+02 5.4631298828e+02 5.4632202148e+02 5.4631597900e+02 5.4632598877e+02 5.4633697510e+02 5.4633599854e+02 5.4632397461e+02 5.4633502197e+02 5.4634497070e+02 5.4635900879e+02 5.4639001465e+02 5.4643499756e+02 5.4647497559e+02 5.4650299072e+02 5.4649499512e+02 5.4650500488e+02 5.4653100586e+02 5.4653497314e+02 5.4652801514e+02 5.4646697998e+02 5.4637701416e+02 5.4636700439e+02 5.4636499023e+02 5.4637298584e+02 5.4636901855e+02 5.4636700439e+02 5.4634600830e+02 5.4633697510e+02 5.4633898926e+02 5.4633099365e+02 5.4631896973e+02 5.4631597900e+02 5.4630499268e+02
5.4619000244e+02 5.4620098877e+02 5.4624401855e+02 5.4625598145e+02 5.4626898193e+02 5.4628399658e+02 5.4630102539e+02 5.4629901123e+02 5.4630200195e+02 5.4631201172e+02 5.4631097412e+02 5.4629699707e+02 5.4630902100e+02 5.4632098389e+02 5.4631597900e+02 5.4630902100e+02 5.4631500244e+02 5.4632800293e+02 5.4633001709e+02 5.4633801270e+02 5.4635198975e+02 5.4635998535e+02 5.4636602783e+02 5.4639398193e+02 5.4641900635e+02 5.4643597412e+02 5.4645800781e+02 5.4648901367e+02 5.4650598145e+02 5.4651000977e+02 5.4650500488e+02 5.4648901367e+02 5.4641302490e+02 5.4635900879e+02 5.4637701416e+02 5.4636700439e+02 5.4635900879e+02 5.4635797119e+02 5.4635498047e+02 5.4634197998e+02 5.4632800293e+02 5.4632501221e+02 5.4631799316e+02 5.4631201172e+02 5.4631402588e+02 5.4630700684e+02
5.4616998291e+02 5.4618597412e+02 5.4624401855e+02 5.4626000977e+02 5.4626501465e+02 5.4627600098e+02 5.4628601074e+02 5.4628997803e+02 5.4629699707e+02 5.4630603027e+02 5.4630401611e+02 5.4629400635e+02 5.4629998779e+02 5.4630401611e+02 5.4629998779e+02 5.4628997803e+02 5.4628900146e+02 5.4629998779e+02 5.4630200195e+02 5.4632000732e+02 5.4634301758e+02 5.4635498047e+02 5.4635998535e+02 5.4637799072e+02 5.4639398193e+02 5.4641101074e+02 5.4644000244e+02 5.4647100830e+02 5.4649499512e+02 5.4649798584e+02 5.4647802734e+02 5.4646502686e+02 5.4639801025e+02 5.4634600830e+02 5.4635302734e+02 5.4634698486e+02 5.4634002686e+02 5.4633300781e+02 5.4632897949e+02 5.4632501221e+02 5.4631597900e+02 5.4630999756e+02 5.4630401611e+02 5.4630999756e+02 5.4631298828e+02 5.4630902100e+02
5.4615100098e+02 5.4616699219e+02 5.4621697998e+02 5.4623498535e+02 5.4624902344e+02 5.4626300049e+02 5.4627197266e+02 5.4628198242e+02 5.4628601074e+02 5.4629101563e+02 5.4628497314e+02 5.4627502441e+02 5.4627600098e+02 5.4627398682e+02 5.4627801514e+02 5.4627197266e+02 5.4626800537e+02 5.4627301025e+02 5.4626800537e+02 5.4628997803e+02 5.4631701660e+02 5.4633502197e+02 5.4635198975e+02 5.4636199951e+02 5.4636999512e+02 5.4639398193e+02 5.4642901611e+02 5.4644396973e+02 5.4646502686e+02 5.4646997070e+02 5.4644799805e+02 5.4643701172e+02 5.4638500977e+02 5.4633300781e+02 5.4631402588e+02 5.4631298828e+02 5.4631500244e+02 5.4630297852e+02 5.4628900146e+02 5.4629498291e+02 5.4629302979e+02 5.4628601074e+02 5.4627899170e+02 5.4628497314e+02 5.4628302002e+02 5.4627697754e+02
5.4613500977e+02 5.4614398193e+02 5.4619299316e+02 5.4621697998e+02 5.4622601318e+02 5.4623602295e+02 5.4624102783e+02 5.4625701904e+02 5.4626397705e+02 5.4627197266e+02 5.4626702881e+02 5.4625097656e+02 5.4625299072e+02 5.4625000000e+02 5.4625097656e+02 5.4624401855e+02 5.4624102783e+02 5.4625000000e+02 5.4624499512e+02 5.4626702881e+02 5.4629498291e+02 5.4631896973e+02 5.4635198975e+02 5.4635302734e+02 5.4635198975e+02 5.4637298584e+02 5.4640698242e+02 5.4641900635e+02 5.4642797852e+02 5.4642999268e+02 5.4641302490e+02 5.4638800049e+02 5.4634997559e+02 5.4631402588e+02 5.4628997803e+02 5.4628100586e+02 5.4628997803e+02 5.4628198242e+02 5.4626098633e+02 5.4627099609e+02 5.4627600098e+02 5.4627301025e+02 5.4625897217e+02 5.4625598145e+02 5.4625598145e+02 5.4625097656e+02
5.4611602783e+02 5.4612298584e+02 5.4616802979e+02 5.4620697021e+02 5.4621697998e+02 5.4621600342e+02 5.4621398926e+02 5.4621997070e+02 5.4622900391e+02 5.4624597168e+02 5.4625299072e+02 5.4623797607e+02 5.4623297119e+02 5.4621801758e+02 5.4620098877e+02 5.4620001221e+02 5.4620501709e+02 5.4622497559e+02 5.4623400879e+02 5.4626300049e+02 5.4628698730e+02 5.4629699707e+02 5.4631799316e+02 5.4633801270e+02 5.4633001709e+02 5.4633898926e+02 5.4636499023e+02 5.4638098145e+02 5.4639398193e+02 5.4639697266e+02 5.4638000488e+02 5.4634399414e+02 5.4629998779e+02 5.4627301025e+02 5.4626202393e+02 5.4625201416e+02 5.4625897217e+02 5.4626300049e+02 5.4626000977e+02 5.4625598145e+02 5.4624798584e+02 5.4623797607e+02 5.4622698975e+02 5.4623101807e+02 5.4623999023e+02 5.4624200439e+02
5.4609197998e+02 5.4609802246e+02 5.4613500977e+02 5.4616101074e+02 5.4618701172e+02 5.4618298340e+02 5.4617401123e+02 5.4618298340e+02 5.4619097900e+02 5.4620898438e+02 5.4623199463e+02 5.4623101807e+02 5.4622198486e+02 5.4619799805e+02 5.4616998291e+02 5.4616699219e+02 5.4616802979e+02 5.4618701172e+02 5.4620800781e+02 5.4623400879e+02 5.4626300049e+02 5.4628997803e+02 5.4632299805e+02 5.4633398438e+02 5.4629901123e+02 5.4629400635e+02 5.4632501221e+02 5.4632702637e+02 5.4633697510e+02 5.4634301758e+02 5.4633502197e+02 5.4630401611e+02 5.4626000977e+02 5.4623297119e+02 5.4623199463e+02 5.4622802734e+02 5.4623400879e+02 5.4624200439e+02 5.4624902344e+02 5.4622998047e+02 5.4620800781e+02 5.4619299316e+02 5.4618402100e+02 5.4619201660e+02 5.4619702148e+02 5.4619897461e+02
5.4606701660e+02 5.4607299805e+02 5.4610900879e+02 5.4612298584e+02 5.4615100098e+02 5.4615399170e+02 5.4614300537e+02 5.4614697266e+02 5.4615197754e+02 5.4616198730e+02 5.4618597412e+02 5.4620202637e+02 5.4620397949e+02 5.4618200684e+02 5.4615002441e+02 5.4614202881e+02 5.4613598633e+02 5.4614801025e+02 5.4616998291e+02 5.4618402100e+02 5.4623199463e+02 5.4631597900e+02 5.4640301514e+02 5.4638000488e+02 5.4628698730e+02 5.4625201416e+02 5.4629797363e+02 5.4628900146e+02 5.4629199219e+02 5.4629302979e+02 5.4628497314e+02 5.4626800537e+02 5.4623199463e+02 5.4620599365e+02 5.4620098877e+02 5.4620098877e+02 5.4620397949e+02 5.4620501709e+02 5.4621099854e+02 5.4618499756e+02 5.4616198730e+02 5.4615100098e+02 5.4614398193e+02 5.4614697266e+02 5.4614398193e+02 5.4614398193e+02
5.4604797363e+02 5.4605297852e+02 5.4609002686e+02 5.4609100342e+02 5.4610900879e+02 5.4612298584e+02 5.4612097168e+02 5.4611798096e+02 5.4612200928e+02 5.4613098145e+02 5.4614398193e+02 5.4614398193e+02 5.4614898682e+02 5.4614300537e+02 5.4612298584e+02 5.4611901855e+02 5.4611700439e+02 5.4611999512e+02 5.4613299561e+02 5.4614099121e+02 5.4621301270e+02 5.4636602783e+02 5.4654101563e+02 5.4647900391e+02 5.4631701660e+02 5.4623400879e+02 5.4624597168e+02 5.4624798584e+02 5.4626098633e+02 5.4626300049e+02 5.4623797607e+02 5.4622100830e+02 5.4620300293e+02 5.4618298340e+02 5.4616998291e+02 5.4617401123e+02 5.4617199707e+02 5.4616400146e+02 5.4615600586e+02 5.4613098145e+02 5.4611499023e+02 5.4611297607e+02 5.4610900879e+02 5.4610601807e+02 5.4609899902e+02 5.4609802246e+02
5.4602301025e+02 5.4602801514e+02 5.4606201172e+02 5.4605798340e+02 5.4606896973e+02 5.4608398438e+02 5.4608502197e+02 5.4608099365e+02 5.4608099365e+02 5.4608697510e+02 5.4609899902e+02 5.4610498047e+02 5.4610797119e+02 5.4610699463e+02 5.4609600830e+02 5.4609002686e+02 5.4608898926e+02 5.4609100342e+02 5.4609899902e+02 5.4611102295e+02 5.4616900635e+02 5.4631097412e+02 5.4650201416e+02 5.4647998047e+02 5.4628900146e+02 5.4618298340e+02 5.4619097900e+02 5.4620800781e+02 5.4623498535e+02 5.4623999023e+02 5.4621301270e+02 5.4619299316e+02 5.4617498779e+02 5.4615502930e+02 5.4614001465e+02 5.4613897705e+02 5.4613598633e+02 5.4613299561e+02 5.4612298584e+02 5.4609899902e+02 5.4608502197e+02 5.4608398438e+02 5.4608300781e+02 5.4608001709e+02 5.4607098389e+02 5.4606402588e+02
5.4599902344e+02 5.4600000000e+02 5.4603002930e+02 5.4602301025e+02 5.4603497314e+02 5.4605200195e+02 5.4605401611e+02 5.4604998779e+02 5.4604699707e+02 5.4604901123e+02 5.4605798340e+02 5.4605700684e+02 5.4606201172e+02 5.4606701660e+02 5.4606597900e+02 5.4606799316e+02 5.4606597900e+02 5.4606097412e+02 5.4606597900e+02 5.4608801270e+02 5.4613800049e+02 5.4626300049e+02 5.4645599365e+02 5.4643298340e+02 5.4624401855e+02 5.4614697266e+02 5.4614801025e+02 5.4616601563e+02 5.4619702148e+02 5.4620397949e+02 5.4618298340e+02 5.4616601563e+02 5.4614898682e+02 5.4613000488e+02 5.4611297607e+02 5.4610797119e+02 5.4610900879e+02 5.4611199951e+02 5.4610302734e+02 5.4607800293e+02 5.4605902100e+02 5.4605297852e+02 5.4605401611e+02 5.4604699707e+02 5.4603900146e+02 5.4603497314e+02
5.4597900391e+02 5.4597601318e+02 5.4600097656e+02 5.4599499512e+02 5.4600598145e+02 5.4601898193e+02 5.4601300049e+02 5.4601000977e+02 5.4600897217e+02 5.4601702881e+02 5.4602600098e+02 5.4602099609e+02 5.4602801514e+02 5.4603399658e+02 5.4603802490e+02 5.4604400635e+02 5.4603997803e+02 5.4602502441e+02 5.4603302002e+02 5.4606799316e+02 5.4611401367e+02 5.4622198486e+02 5.4639300537e+02 5.4633197021e+02 5.4617700195e+02 5.4612097168e+02 5.4612200928e+02 5.4613000488e+02 5.4615100098e+02 5.4615502930e+02 5.4614099121e+02 5.4612701416e+02 5.4611602783e+02 5.4610302734e+02 5.4608398438e+02 5.4608599854e+02 5.4609399414e+02 5.4609399414e+02 5.4608197021e+02 5.4605603027e+02 5.4603698730e+02 5.4602600098e+02 5.4602697754e+02 5.4601599121e+02 5.4601000977e+02 5.4601501465e+02
