TESTSERVER/7/18.asc
NCOLS 100
NROWS 100
XLLCORNER 7.8497500000e+03
YLLCORNER 2.8905025000e+05
CELLSIZE 5.0000000000e-01
NODATA_VALUE -9.9990000000e+03
[rows 60 to 79 of 100, columns 0 to 45 of 100]
5.4512597656e+02 5.4519598389e+02 5.4527099609e+02 5.4534802246e+02 5.4541198730e+02 5.4545898438e+02 5.4548297119e+02 5.4551202393e+02 5.4554901123e+02 5.4558300781e+02 5.4560302734e+02 5.4562701416e+02 5.4565600586e+02 5.4567901611e+02 5.4569000244e+02 5.4569897461e+02 5.4570800781e+02 5.4571301270e+02 5.4572802734e+02 5.4575598145e+02 5.4579199219e+02 5.4580102539e+02 5.4580401611e+02 5.4581097412e+02 5.4580700684e+02 5.4593798828e+02 5.4620697021e+02 5.4641497803e+02 5.4643200684e+02 5.4636700439e+02 5.4634497070e+02 5.4635400391e+02 5.4637902832e+02 5.4637097168e+02 5.4636602783e+02 5.4636798096e+02 5.4636602783e+02 5.4640002441e+02 5.4642901611e+02 5.4644000244e+02 5.4643103027e+02 5.4645001221e+02 5.4647399902e+02 5.4649298096e+02 5.4650598145e+02 5.4651300049e+02
5.4505700684e+02 5.4514001465e+02 5.4522198486e+02 5.4529797363e+02 5.4535998535e+02 5.4541101074e+02 5.4544097900e+02 5.4547302246e+02 5.4551397705e+02 5.4555798340e+02 5.4558197021e+02 5.4559899902e+02 5.4561999512e+02 5.4563897705e+02 5.4565197754e+02 5.4566198730e+02 5.4567102051e+02 5.4567602539e+02 5.4569000244e+02 5.4571301270e+02 5.4574597168e+02 5.4575500488e+02 5.4576501465e+02 5.4578002930e+02 5.4577301025e+02 5.4593298340e+02 5.4620697021e+02 5.4642797852e+02 5.4647100830e+02 5.4642901611e+02 5.4641400146e+02 5.4639898682e+02 5.4639398193e+02 5.4638299561e+02 5.4638702393e+02 5.4639898682e+02 5.4640002441e+02 5.4640899658e+02 5.4641400146e+02 5.4640698242e+02 5.4639501953e+02 5.4641101074e+02 5.4643103027e+02 5.4645001221e+02 5.4647198486e+02 5.4648602295e+02
5.4497198486e+02 5.4505902100e+02 5.4515301514e+02 5.4523901367e+02 5.4531097412e+02 5.4538299561e+02 5.4541400146e+02 5.4544201660e+02 5.4547998047e+02 5.4552398682e+02 5.4555297852e+02 5.4556500244e+02 5.4558001709e+02 5.4560302734e+02 5.4561499023e+02 5.4562298584e+02 5.4563500977e+02 5.4564001465e+02 5.4565002441e+02 5.4566802979e+02 5.4569897461e+02 5.4571398926e+02 5.4572802734e+02 5.4574597168e+02 5.4574102783e+02 5.4592297363e+02 5.4622497559e+02 5.4646997070e+02 5.4653399658e+02 5.4654498291e+02 5.4653802490e+02 5.4648901367e+02 5.4642602539e+02 5.4640399170e+02 5.4640899658e+02 5.4642901611e+02 5.4644299316e+02 5.4643798828e+02 5.4642498779e+02 5.4640997314e+02 5.4640600586e+02 5.4642401123e+02 5.4643298340e+02 5.4644000244e+02 5.4644000244e+02 5.4645202637e+02
5.4489202881e+02 5.4496801758e+02 5.4507202148e+02 5.4517498779e+02 5.4526300049e+02 5.4535302734e+02 5.4538598633e+02 5.4541198730e+02 5.4545501709e+02 5.4549597168e+02 5.4552502441e+02 5.4553698730e+02 5.4555297852e+02 5.4557098389e+02 5.4558099365e+02 5.4558697510e+02 5.4559997559e+02 5.4560601807e+02 5.4560998535e+02 5.4562298584e+02 5.4565197754e+02 5.4567297363e+02 5.4568902588e+02 5.4570800781e+02 5.4571697998e+02 5.4593902588e+02 5.4626599121e+02 5.4653100586e+02 5.4661199951e+02 5.4666101074e+02 5.4666900635e+02 5.4660498047e+02 5.4649200439e+02 5.4644598389e+02 5.4644598389e+02 5.4646899414e+02 5.4649798584e+02 5.4648999023e+02 5.4647497559e+02 5.4646600342e+02 5.4648699951e+02 5.4650000000e+02 5.4648901367e+02 5.4646997070e+02 5.4643597412e+02 5.4643597412e+02
5.4481701660e+02 5.4489599609e+02 5.4500000000e+02 5.4510900879e+02 5.4521002197e+02 5.4529998779e+02 5.4534802246e+02 5.4538397217e+02 5.4543200684e+02 5.4547302246e+02 5.4549700928e+02 5.4551800537e+02 5.4554101563e+02 5.4555999756e+02 5.4556896973e+02 5.4557000732e+02 5.4557397461e+02 5.4557098389e+02 5.4557202148e+02 5.4558001709e+02 5.4560400391e+02 5.4561102295e+02 5.4561798096e+02 5.4565399170e+02 5.4579797363e+02 5.4601098633e+02 5.4632800293e+02 5.4659100342e+02 5.4671600342e+02 5.4674298096e+02 5.4675799561e+02 5.4671997070e+02 5.4665698242e+02 5.4657299805e+02 5.4656298828e+02 5.4657000732e+02 5.4660400391e+02 5.4660400391e+02 5.4660998535e+02 5.4661999512e+02 5.4666497803e+02 5.4663598633e+02 5.4659600830e+02 5.4653997803e+02 5.4647698975e+02 5.4644000244e+02
5.4474798584e+02 5.4483502197e+02 5.4492999268e+02 5.4502600098e+02 5.4513098145e+02 5.4522497559e+02 5.4528198242e+02 5.4533197021e+02 5.4540002441e+02 5.4544396973e+02 5.4546600342e+02 5.4549499512e+02 5.4552197266e+02 5.4555102539e+02 5.4555700684e+02 5.4555401611e+02 5.4554498291e+02 5.4553698730e+02 5.4553399658e+02 5.4553698730e+02 5.4555902100e+02 5.4555297852e+02 5.4554797363e+02 5.4559698486e+02 5.4576702881e+02 5.4606896973e+02 5.4638201904e+02 5.4664300537e+02 5.4674298096e+02 5.4677398682e+02 5.4678698730e+02 5.4676397705e+02 5.4671600342e+02 5.4669702148e+02 5.4669000244e+02 5.4668298340e+02 5.4666900635e+02 5.4669201660e+02 5.4671398926e+02 5.4672399902e+02 5.4672998047e+02 5.4671600342e+02 5.4666302490e+02 5.4658697510e+02 5.4648797607e+02 5.4642297363e+02
5.4467901611e+02 5.4475701904e+02 5.4484301758e+02 5.4493597412e+02 5.4504302979e+02 5.4515399170e+02 5.4523199463e+02 5.4529302979e+02 5.4536499023e+02 5.4540100098e+02 5.4541900635e+02 5.4545697021e+02 5.4549401855e+02 5.4551000977e+02 5.4551300049e+02 5.4551202393e+02 5.4551000977e+02 5.4550097656e+02 5.4549298096e+02 5.4548999023e+02 5.4551000977e+02 5.4550897217e+02 5.4549798584e+02 5.4553302002e+02 5.4568103027e+02 5.4597601318e+02 5.4629400635e+02 5.4656597900e+02 5.4667700195e+02 5.4672399902e+02 5.4675299072e+02 5.4674401855e+02 5.4671801758e+02 5.4672399902e+02 5.4672399902e+02 5.4671801758e+02 5.4669500732e+02 5.4671301270e+02 5.4673297119e+02 5.4673999023e+02 5.4674401855e+02 5.4672802734e+02 5.4666900635e+02 5.4658599854e+02 5.4647100830e+02 5.4637701416e+02
5.4462402344e+02 5.4468597412e+02 5.4476501465e+02 5.4485699463e+02 5.4496099854e+02 5.4508197021e+02 5.4517297363e+02 5.4523999023e+02 5.4531402588e+02 5.4534802246e+02 5.4536499023e+02 5.4540197754e+02 5.4543902588e+02 5.4544598389e+02 5.4545098877e+02 5.4545501709e+02 5.4546697998e+02 5.4545898438e+02 5.4544702148e+02 5.4544000244e+02 5.4545800781e+02 5.4546002197e+02 5.4544097900e+02 5.4545800781e+02 5.4555798340e+02 5.4581201172e+02 5.4611602783e+02 5.4638800049e+02 5.4652899170e+02 5.4660498047e+02 5.4665002441e+02 5.4665899658e+02 5.4666101074e+02 5.4669299316e+02 5.4670501709e+02 5.4670397949e+02 5.4667999268e+02 5.4669201660e+02 5.4670800781e+02 5.4671002197e+02 5.4670800781e+02 5.4669097900e+02 5.4663201904e+02 5.4654901123e+02 5.4642498779e+02 5.4631201172e+02
5.4457202148e+02 5.4463299561e+02 5.4471002197e+02 5.4479901123e+02 5.4489300537e+02 5.4499700928e+02 5.4508001709e+02 5.4515997314e+02 5.4523797607e+02 5.4528399658e+02 5.4530902100e+02 5.4532897949e+02 5.4534399414e+02 5.4535400391e+02 5.4536798096e+02 5.4539001465e+02 5.4541400146e+02 5.4541601563e+02 5.4540002441e+02 5.4538000488e+02 5.4536999512e+02 5.4540399170e+02 5.4539801025e+02 5.4540002441e+02 5.4542199707e+02 5.4562097168e+02 5.4587298584e+02 5.4611999512e+02 5.4624798584e+02 5.4639001465e+02 5.4646600342e+02 5.4651098633e+02 5.4652001953e+02 5.4657897949e+02 5.4660498047e+02 5.4661798096e+02 5.4659197998e+02 5.4661401367e+02 5.4661798096e+02 5.4661401367e+02 5.4658001709e+02 5.4658398438e+02 5.4653302002e+02 5.4646600342e+02 5.4635601807e+02 5.4625500488e+02
5.4450500488e+02 5.4455999756e+02 5.4463702393e+02 5.4472198486e+02 5.4481500244e+02 5.4490197754e+02 5.4497698975e+02 5.4505700684e+02 5.4513098145e+02 5.4519396973e+02 5.4522100830e+02 5.4524499512e+02 5.4527001953e+02 5.4529901123e+02 5.4532598877e+02 5.4534002686e+02 5.4533398438e+02 5.4535797119e+02 5.4536102295e+02 5.4534899902e+02 5.4534399414e+02 5.4536102295e+02 5.4537298584e+02 5.4538000488e+02 5.4537500000e+02 5.4551202393e+02 5.4570098877e+02 5.4590100098e+02 5.4608801270e+02 5.4621197510e+02 5.4630297852e+02 5.4636999512e+02 5.4641497803e+02 5.4645501709e+02 5.4648699951e+02 5.4651000977e+02 5.4652197266e+02 5.4652899170e+02 5.4653002930e+02 5.4652398682e+02 5.4651599121e+02 5.4648901367e+02 5.4644799805e+02 5.4639697266e+02 5.4631500244e+02 5.4622302246e+02
5.4443701172e+02 5.4449401855e+02 5.4456701660e+02 5.4464300537e+02 5.4472302246e+02 5.4480102539e+02 5.4487701416e+02 5.4495800781e+02 5.4503100586e+02 5.4511102295e+02 5.4514697266e+02 5.4517700195e+02 5.4520202637e+02 5.4525201416e+02 5.4527502441e+02 5.4527099609e+02 5.4525500488e+02 5.4529498291e+02 5.4531298828e+02 5.4531597900e+02 5.4531799316e+02 5.4532800293e+02 5.4533697510e+02 5.4534600830e+02 5.4535302734e+02 5.4546099854e+02 5.4561700439e+02 5.4578900146e+02 5.4597100830e+02 5.4610699463e+02 5.4619897461e+02 5.4626800537e+02 5.4632397461e+02 5.4637402344e+02 5.4640997314e+02 5.4643597412e+02 5.4645501709e+02 5.4646697998e+02 5.4647100830e+02 5.4646697998e+02 5.4645599365e+02 5.4642999268e+02 5.4639599609e+02 5.4635101318e+02 5.4628002930e+02 5.4619799805e+02
5.4436700439e+02 5.4442700195e+02 5.4449597168e+02 5.4456298828e+02 5.4463098145e+02 5.4470697021e+02 5.4478601074e+02 5.4487097168e+02 5.4495001221e+02 5.4502099609e+02 5.4505999756e+02 5.4510498047e+02 5.4513897705e+02 5.4519500732e+02 5.4520898438e+02 5.4520098877e+02 5.4520098877e+02 5.4524102783e+02 5.4526300049e+02 5.4527502441e+02 5.4528399658e+02 5.4528997803e+02 5.4529797363e+02 5.4531402588e+02 5.4533801270e+02 5.4543701172e+02 5.4557000732e+02 5.4572198486e+02 5.4589099121e+02 5.4602398682e+02 5.4611700439e+02 5.4618701172e+02 5.4624700928e+02 5.4629998779e+02 5.4633801270e+02 5.4636700439e+02 5.4639001465e+02 5.4640600586e+02 5.4641198730e+02 5.4640997314e+02 5.4639801025e+02 5.4637500000e+02 5.4634698486e+02 5.4630902100e+02 5.4624700928e+02 5.4617700195e+02
5.4429498291e+02 5.4435198975e+02 5.4441302490e+02 5.4447497559e+02 5.4454498291e+02 5.4462500000e+02 5.4469702148e+02 5.4477697754e+02 5.4486297607e+02 5.4493103027e+02 5.4497802734e+02 5.4504602051e+02 5.4510498047e+02 5.4513201904e+02 5.4514099121e+02 5.4514599609e+02 5.4517199707e+02 5.4520098877e+02 5.4521697998e+02 5.4523199463e+02 5.4523999023e+02 5.4523400879e+02 5.4524401855e+02 5.4526800537e+02 5.4530798340e+02 5.4540899658e+02 5.4553100586e+02 5.4567401123e+02 5.4583898926e+02 5.4595898438e+02 5.4604901123e+02 5.4611901855e+02 5.4617297363e+02 5.4623400879e+02 5.4627600098e+02 5.4630999756e+02 5.4633099365e+02 5.4634100342e+02 5.4635101318e+02 5.4635498047e+02 5.4635101318e+02 5.4632501221e+02 5.4630102539e+02 5.4627001953e+02 5.4621997070e+02 5.4615802002e+02
5.4423297119e+02 5.4428399658e+02 5.4433197021e+02 5.4439001465e+02 5.4446502686e+02 5.4453399658e+02 5.4460400391e+02 5.4468902588e+02 5.4477697754e+02 5.4484600830e+02 5.4489398193e+02 5.4495300293e+02 5.4501702881e+02 5.4507202148e+02 5.4509802246e+02 5.4511401367e+02 5.4514099121e+02 5.4516699219e+02 5.4517102051e+02 5.4517901611e+02 5.4518200684e+02 5.4517797852e+02 5.4518701172e+02 5.4522302246e+02 5.4528302002e+02 5.4536602783e+02 5.4547900391e+02 5.4561297607e+02 5.4578100586e+02 5.4590600586e+02 5.4599298096e+02 5.4606097412e+02 5.4611602783e+02 5.4617199707e+02 5.4621197510e+02 5.4624401855e+02 5.4626098633e+02 5.4627099609e+02 5.4628198242e+02 5.4628997803e+02 5.4628900146e+02 5.4627197266e+02 5.4625201416e+02 5.4622601318e+02 5.4618597412e+02 5.4613702393e+02
5.4416802979e+02 5.4420898438e+02 5.4424597168e+02 5.4429498291e+02 5.4436999512e+02 5.4444500732e+02 5.4452001953e+02 5.4460797119e+02 5.4468902588e+02 5.4476202393e+02 5.4481201172e+02 5.4486602783e+02 5.4493103027e+02 5.4499902344e+02 5.4504302979e+02 5.4506597900e+02 5.4509002686e+02 5.4510601807e+02 5.4511102295e+02 5.4512200928e+02 5.4513702393e+02 5.4514001465e+02 5.4514398193e+02 5.4518200684e+02 5.4525598145e+02 5.4533099365e+02 5.4543597412e+02 5.4556298828e+02 5.4572900391e+02 5.4585998535e+02 5.4594799805e+02 5.4601501465e+02 5.4606597900e+02 5.4611499023e+02 5.4615197754e+02 5.4618103027e+02 5.4619702148e+02 5.4620800781e+02 5.4621997070e+02 5.4622601318e+02 5.4622900391e+02 5.4622100830e+02 5.4620501709e+02 5.4618298340e+02 5.4615002441e+02 5.4611102295e+02
5.4410699463e+02 5.4413598633e+02 5.4416802979e+02 5.4421002197e+02 5.4427197266e+02 5.4434497070e+02 5.4442602539e+02 5.4451300049e+02 5.4458898926e+02 5.4466198730e+02 5.4471398926e+02 5.4477301025e+02 5.4485797119e+02 5.4492401123e+02 5.4497802734e+02 5.4500799561e+02 5.4503601074e+02 5.4504699707e+02 5.4505999756e+02 5.4508300781e+02 5.4510400391e+02 5.4510498047e+02 5.4510900879e+02 5.4514599609e+02 5.4522900391e+02 5.4530603027e+02 5.4540698242e+02 5.4552801514e+02 5.4569097900e+02 5.4582397461e+02 5.4591101074e+02 5.4597900391e+02 5.4602600098e+02 5.4606701660e+02 5.4610101318e+02 5.4612597656e+02 5.4614099121e+02 5.4615197754e+02 5.4616198730e+02 5.4616802979e+02 5.4617297363e+02 5.4616998291e+02 5.4615997314e+02 5.4614300537e+02 5.4611602783e+02 5.4608398438e+02
5.4406701660e+02 5.4407702637e+02 5.4410601807e+02 5.4414599609e+02 5.4419201660e+02 5.4426300049e+02 5.4434997559e+02 5.4443597412e+02 5.4450500488e+02 5.4455999756e+02 5.4461297607e+02 5.4469299316e+02 5.4480499268e+02 5.4485400391e+02 5.4489202881e+02 5.4492700195e+02 5.4498199463e+02 5.4500000000e+02 5.4501202393e+02 5.4504199219e+02 5.4506597900e+02 5.4507202148e+02 5.4508898926e+02 5.4512298584e+02 5.4520697021e+02 5.4530401611e+02 5.4540899658e+02 5.4552398682e+02 5.4567700195e+02 5.4580401611e+02 5.4588897705e+02 5.4595697021e+02 5.4600598145e+02 5.4603002930e+02 5.4605401611e+02 5.4606896973e+02 5.4607397461e+02 5.4609802246e+02 5.4610400391e+02 5.4610797119e+02 5.4610302734e+02 5.4611499023e+02 5.4611102295e+02 5.4610198975e+02 5.4608697510e+02 5.4605999756e+02
5.4404400635e+02 5.4403698730e+02 5.4406402588e+02 5.4410400391e+02 5.4414202881e+02 5.4419097900e+02 5.4428002930e+02 5.4437200928e+02 5.4443298340e+02 5.4448999023e+02 5.4454498291e+02 5.4462701416e+02 5.4473797607e+02 5.4479302979e+02 5.4482098389e+02 5.4484997559e+02 5.4490997314e+02 5.4494500732e+02 5.4495300293e+02 5.4498901367e+02 5.4501898193e+02 5.4503497314e+02 5.4506298828e+02 5.4510198975e+02 5.4519299316e+02 5.4529998779e+02 5.4541601563e+02 5.4553399658e+02 5.4567602539e+02 5.4579901123e+02 5.4588397217e+02 5.4594897461e+02 5.4598901367e+02 5.4601000977e+02 5.4602801514e+02 5.4603698730e+02 5.4603997803e+02 5.4604797363e+02 5.4605200195e+02 5.4605603027e+02 5.4605902100e+02 5.4606097412e+02 5.4606201172e+02 5.4605798340e+02 5.4605401611e+02 5.4603802490e+02
5.4403399658e+02 5.4402001953e+02 5.4403399658e+02 5.4405999756e+02 5.4409497070e+02 5.4414099121e+02 5.4421697998e+02 5.4429498291e+02 5.4435601807e+02 5.4442102051e+02 5.4447198486e+02 5.4454602051e+02 5.4465600586e+02 5.4472399902e+02 5.4477197266e+02 5.4481201172e+02 5.4485797119e+02 5.4489501953e+02 5.4490600586e+02 5.4495098877e+02 5.4500000000e+02 5.4502001953e+02 5.4504101563e+02 5.4508099365e+02 5.4517102051e+02 5.4528302002e+02 5.4540502930e+02 5.4553100586e+02 5.4566998291e+02 5.4578802490e+02 5.4587298584e+02 5.4593798828e+02 5.4597497559e+02 5.4599298096e+02 5.4601000977e+02 5.4601800537e+02 5.4601202393e+02 5.4601202393e+02 5.4601702881e+02 5.4602197266e+02 5.4602600098e+02 5.4602697754e+02 5.4602801514e+02 5.4602600098e+02 5.4602600098e+02 5.4601501465e+02
5.4402398682e+02 5.4401098633e+02 5.4400701904e+02 5.4401800537e+02 5.4405603027e+02 5.4410400391e+02 5.4416497803e+02 5.4423498535e+02 5.4429602051e+02 5.4435400391e+02 5.4440301514e+02 5.4446600342e+02 5.4455499268e+02 5.4463000488e+02 5.4471002197e+02 5.4477899170e+02 5.4482800293e+02 5.4486602783e+02 5.4489202881e+02 5.4493902588e+02 5.4498101807e+02 5.4499200439e+02 5.4501000977e+02 5.4505999756e+02 5.4514599609e+02 5.4525799561e+02 5.4538500977e+02 5.4551800537e+02 5.4565899658e+02 5.4577197266e+02 5.4585900879e+02 5.4592602539e+02 5.4596197510e+02 5.4597698975e+02 5.4599401855e+02 5.4600097656e+02 5.4598901367e+02 5.4598699951e+02 5.4599401855e+02 5.4600097656e+02 5.4600500488e+02 5.4600598145e+02 5.4600799561e+02 5.4600500488e+02 5.4600598145e+02 5.4599597168e+02
