TESTSERVER/7/19.asc
NCOLS 100
NROWS 100
XLLCORNER 7.8497500000e+03
YLLCORNER 2.8900025000e+05
CELLSIZE 5.0000000000e-01
NODATA_VALUE -9.9990000000e+03
[rows 60 to 79 of 100, columns 46 to 91 of 100]
5.4407397461e+02 5.4406597900e+02 5.4405297852e+02 5.4404901123e+02 5.4405297852e+02 5.4406201172e+02 5.4408697510e+02 5.4408300781e+02 5.4407702637e+02 5.4405999756e+02 5.4402801514e+02 5.4400897217e+02 5.4400799561e+02 5.4401098633e+02 5.4401599121e+02 5.4399499512e+02 5.4386798096e+02 5.4361602783e+02 5.4329199219e+02 5.4310900879e+02 5.4307598877e+02 5.4309100342e+02 5.4308801270e+02 5.4309997559e+02 5.4310601807e+02 5.4309497070e+02 5.4306701660e+02 5.4305999756e+02 5.4306597900e+02 5.4308898926e+02 5.4312701416e+02 5.4317498779e+02 5.4321398926e+02 5.4325500488e+02 5.4329699707e+02 5.4332800293e+02 5.4334802246e+02 5.4335900879e+02 5.4336499023e+02 5.4335601807e+02 5.4335498047e+02 5.4335302734e+02 5.4335101318e+02 5.4335302734e+02 5.4335198975e+02 5.4335198975e+02
5.4407800293e+02 5.4406896973e+02 5.4404901123e+02 5.4403997803e+02 5.4404901123e+02 5.4406597900e+02 5.4409002686e+02 5.4410101318e+02 5.4409197998e+02 5.4406701660e+02 5.4402801514e+02 5.4400598145e+02 5.4400500488e+02 5.4401000977e+02 5.4400799561e+02 5.4398297119e+02 5.4385797119e+02 5.4360601807e+02 5.4327197266e+02 5.4309899902e+02 5.4306896973e+02 5.4308099365e+02 5.4307501221e+02 5.4308502197e+02 5.4309100342e+02 5.4308300781e+02 5.4305603027e+02 5.4303900146e+02 5.4303302002e+02 5.4305102539e+02 5.4310302734e+02 5.4315802002e+02 5.4320800781e+02 5.4325897217e+02 5.4331201172e+02 5.4335498047e+02 5.4337701416e+02 5.4338702393e+02 5.4338000488e+02 5.4336700439e+02 5.4336199951e+02 5.4335900879e+02 5.4335900879e+02 5.4335797119e+02 5.4335797119e+02 5.4335797119e+02
5.4407202148e+02 5.4406298828e+02 5.4404302979e+02 5.4403497314e+02 5.4404400635e+02 5.4405999756e+02 5.4407897949e+02 5.4408599854e+02 5.4407598877e+02 5.4405603027e+02 5.4402398682e+02 5.4401000977e+02 5.4401098633e+02 5.4401397705e+02 5.4400799561e+02 5.4397302246e+02 5.4384899902e+02 5.4359497070e+02 5.4323498535e+02 5.4308502197e+02 5.4306896973e+02 5.4307098389e+02 5.4306500244e+02 5.4307000732e+02 5.4307000732e+02 5.4306500244e+02 5.4304400635e+02 5.4302197266e+02 5.4301300049e+02 5.4303100586e+02 5.4308898926e+02 5.4315502930e+02 5.4321398926e+02 5.4327197266e+02 5.4332702637e+02 5.4336798096e+02 5.4339099121e+02 5.4340100098e+02 5.4339300537e+02 5.4337799072e+02 5.4337097168e+02 5.4336700439e+02 5.4336602783e+02 5.4336499023e+02 5.4336499023e+02 5.4336499023e+02
5.4405902100e+02 5.4405200195e+02 5.4403802490e+02 5.4403601074e+02 5.4404400635e+02 5.4405401611e+02 5.4406097412e+02 5.4405798340e+02 5.4404998779e+02 5.4403601074e+02 5.4401800537e+02 5.4401702881e+02 5.4402099609e+02 5.4401898193e+02 5.4400402832e+02 5.4397497559e+02 5.4385699463e+02 5.4359698486e+02 5.4318902588e+02 5.4305401611e+02 5.4306097412e+02 5.4305999756e+02 5.4304498291e+02 5.4304901123e+02 5.4304602051e+02 5.4304400635e+02 5.4303601074e+02 5.4301397705e+02 5.4300500488e+02 5.4302899170e+02 5.4308898926e+02 5.4315698242e+02 5.4322302246e+02 5.4328497314e+02 5.4333898926e+02 5.4337597656e+02 5.4339898682e+02 5.4340899658e+02 5.4340301514e+02 5.4338702393e+02 5.4337902832e+02 5.4337402344e+02 5.4337200928e+02 5.4337200928e+02 5.4337200928e+02 5.4337200928e+02
5.4404302979e+02 5.4403698730e+02 5.4403002930e+02 5.4404699707e+02 5.4405999756e+02 5.4405499268e+02 5.4402301025e+02 5.4402099609e+02 5.4402197266e+02 5.4402099609e+02 5.4401397705e+02 5.4401800537e+02 5.4401898193e+02 5.4401202393e+02 5.4399499512e+02 5.4398602295e+02 5.4387597656e+02 5.4361102295e+02 5.4319500732e+02 5.4301300049e+02 5.4303302002e+02 5.4304699707e+02 5.4302398682e+02 5.4302801514e+02 5.4302600098e+02 5.4302502441e+02 5.4303002930e+02 5.4301599121e+02 5.4300799561e+02 5.4303698730e+02 5.4311602783e+02 5.4318200684e+02 5.4324200439e+02 5.4329101563e+02 5.4333099365e+02 5.4338000488e+02 5.4340301514e+02 5.4341198730e+02 5.4340698242e+02 5.4339801025e+02 5.4339202881e+02 5.4338500977e+02 5.4338299561e+02 5.4338000488e+02 5.4338098145e+02 5.4338299561e+02
5.4403997803e+02 5.4403100586e+02 5.4403002930e+02 5.4408801270e+02 5.4413800049e+02 5.4412500000e+02 5.4405297852e+02 5.4405999756e+02 5.4409002686e+02 5.4408599854e+02 5.4403002930e+02 5.4400201416e+02 5.4399902344e+02 5.4400000000e+02 5.4398699951e+02 5.4399700928e+02 5.4390399170e+02 5.4365197754e+02 5.4324102783e+02 5.4300299072e+02 5.4299499512e+02 5.4302001953e+02 5.4300598145e+02 5.4299902344e+02 5.4299902344e+02 5.4300299072e+02 5.4301599121e+02 5.4301702881e+02 5.4301000977e+02 5.4304199219e+02 5.4313000488e+02 5.4321997070e+02 5.4327502441e+02 5.4330603027e+02 5.4332702637e+02 5.4335797119e+02 5.4338201904e+02 5.4339202881e+02 5.4339697266e+02 5.4340002441e+02 5.4339697266e+02 5.4339202881e+02 5.4338500977e+02 5.4338299561e+02 5.4338299561e+02 5.4338299561e+02
5.4403698730e+02 5.4403497314e+02 5.4404901123e+02 5.4411901855e+02 5.4416400146e+02 5.4413397217e+02 5.4404901123e+02 5.4408697510e+02 5.4413397217e+02 5.4412500000e+02 5.4403997803e+02 5.4398797607e+02 5.4398498535e+02 5.4399499512e+02 5.4398101807e+02 5.4399597168e+02 5.4392199707e+02 5.4368701172e+02 5.4328900146e+02 5.4301098633e+02 5.4296997070e+02 5.4299102783e+02 5.4298498535e+02 5.4297900391e+02 5.4298400879e+02 5.4299102783e+02 5.4300598145e+02 5.4302301025e+02 5.4302301025e+02 5.4305297852e+02 5.4313897705e+02 5.4323297119e+02 5.4328698730e+02 5.4331597900e+02 5.4333197021e+02 5.4336102295e+02 5.4338397217e+02 5.4339202881e+02 5.4339202881e+02 5.4339300537e+02 5.4339202881e+02 5.4338897705e+02 5.4338201904e+02 5.4338000488e+02 5.4337701416e+02 5.4337597656e+02
5.4403601074e+02 5.4404498291e+02 5.4407897949e+02 5.4412701416e+02 5.4413897705e+02 5.4409100342e+02 5.4401397705e+02 5.4405700684e+02 5.4410198975e+02 5.4409497070e+02 5.4402301025e+02 5.4397998047e+02 5.4398602295e+02 5.4400097656e+02 5.4397399902e+02 5.4397601318e+02 5.4391198730e+02 5.4369097900e+02 5.4329699707e+02 5.4299902344e+02 5.4294500732e+02 5.4296997070e+02 5.4296600342e+02 5.4296398926e+02 5.4297497559e+02 5.4298699951e+02 5.4300299072e+02 5.4303002930e+02 5.4303698730e+02 5.4306701660e+02 5.4314697266e+02 5.4323400879e+02 5.4328100586e+02 5.4330499268e+02 5.4332501221e+02 5.4335998535e+02 5.4338397217e+02 5.4339300537e+02 5.4338800049e+02 5.4338598633e+02 5.4338702393e+02 5.4338397217e+02 5.4337701416e+02 5.4337402344e+02 5.4337097168e+02 5.4336901855e+02
5.4403002930e+02 5.4404901123e+02 5.4408099365e+02 5.4408599854e+02 5.4406402588e+02 5.4402697754e+02 5.4400598145e+02 5.4400701904e+02 5.4401599121e+02 5.4401000977e+02 5.4399499512e+02 5.4397497559e+02 5.4398602295e+02 5.4399700928e+02 5.4398498535e+02 5.4395098877e+02 5.4386700439e+02 5.4365100098e+02 5.4326800537e+02 5.4301501465e+02 5.4293499756e+02 5.4293902588e+02 5.4294396973e+02 5.4294702148e+02 5.4295599365e+02 5.4296899414e+02 5.4299102783e+02 5.4302502441e+02 5.4303900146e+02 5.4307397461e+02 5.4314398193e+02 5.4321899414e+02 5.4325097656e+02 5.4326800537e+02 5.4328302002e+02 5.4332202148e+02 5.4335198975e+02 5.4337097168e+02 5.4337597656e+02 5.4338098145e+02 5.4338299561e+02 5.4338098145e+02 5.4337597656e+02 5.4336901855e+02 5.4336999512e+02 5.4336798096e+02
5.4402197266e+02 5.4402600098e+02 5.4403497314e+02 5.4401397705e+02 5.4399401855e+02 5.4399401855e+02 5.4400299072e+02 5.4402197266e+02 5.4402001953e+02 5.4401098633e+02 5.4401397705e+02 5.4401599121e+02 5.4401702881e+02 5.4400097656e+02 5.4397900391e+02 5.4394702148e+02 5.4382897949e+02 5.4360101318e+02 5.4323699951e+02 5.4299902344e+02 5.4291101074e+02 5.4291302490e+02 5.4293499756e+02 5.4293402100e+02 5.4294299316e+02 5.4295800781e+02 5.4298199463e+02 5.4301397705e+02 5.4302301025e+02 5.4305401611e+02 5.4312902832e+02 5.4319897461e+02 5.4323602295e+02 5.4325299072e+02 5.4326300049e+02 5.4328698730e+02 5.4331597900e+02 5.4333801270e+02 5.4335198975e+02 5.4335900879e+02 5.4335900879e+02 5.4335601807e+02 5.4335101318e+02 5.4334997559e+02 5.4335400391e+02 5.4335198975e+02
5.4396600342e+02 5.4394897461e+02 5.4394702148e+02 5.4395501709e+02 5.4395098877e+02 5.4396002197e+02 5.4397198486e+02 5.4399102783e+02 5.4399401855e+02 5.4399200439e+02 5.4398999023e+02 5.4398901367e+02 5.4398699951e+02 5.4396697998e+02 5.4392602539e+02 5.4387097168e+02 5.4373699951e+02 5.4351501465e+02 5.4317999268e+02 5.4297100830e+02 5.4290301514e+02 5.4290997314e+02 5.4293200684e+02 5.4292797852e+02 5.4294097900e+02 5.4296197510e+02 5.4298498535e+02 5.4299902344e+02 5.4298901367e+02 5.4300500488e+02 5.4308801270e+02 5.4318200684e+02 5.4323199463e+02 5.4325097656e+02 5.4325402832e+02 5.4327099609e+02 5.4329302979e+02 5.4330700684e+02 5.4330499268e+02 5.4330297852e+02 5.4329901123e+02 5.4329797363e+02 5.4330200195e+02 5.4330401611e+02 5.4330603027e+02 5.4330499268e+02
5.4374597168e+02 5.4371301270e+02 5.4371502686e+02 5.4378002930e+02 5.4380798340e+02 5.4382501221e+02 5.4381799316e+02 5.4381597900e+02 5.4383099365e+02 5.4384197998e+02 5.4381097412e+02 5.4376702881e+02 5.4376202393e+02 5.4376000977e+02 5.4371697998e+02 5.4363299561e+02 5.4351300049e+02 5.4333697510e+02 5.4308697510e+02 5.4295397949e+02 5.4291601563e+02 5.4292401123e+02 5.4293499756e+02 5.4292297363e+02 5.4293103027e+02 5.4295202637e+02 5.4296899414e+02 5.4296600342e+02 5.4294299316e+02 5.4294598389e+02 5.4303302002e+02 5.4314599609e+02 5.4320697021e+02 5.4322497559e+02 5.4321801758e+02 5.4322601318e+02 5.4323602295e+02 5.4323602295e+02 5.4321697998e+02 5.4320397949e+02 5.4319799805e+02 5.4320098877e+02 5.4321502686e+02 5.4321301270e+02 5.4321301270e+02 5.4321502686e+02
5.4315301514e+02 5.4312200928e+02 5.4302899170e+02 5.4323297119e+02 5.4329498291e+02 5.4333300781e+02 5.4325402832e+02 5.4330200195e+02 5.4334899902e+02 5.4339697266e+02 5.4327001953e+02 5.4322802734e+02 5.4321002197e+02 5.4322698975e+02 5.4316497803e+02 5.4315502930e+02 5.4309197998e+02 5.4303198242e+02 5.4295898438e+02 5.4295599365e+02 5.4295800781e+02 5.4295397949e+02 5.4294299316e+02 5.4292199707e+02 5.4291497803e+02 5.4292199707e+02 5.4293402100e+02 5.4292797852e+02 5.4291802979e+02 5.4292901611e+02 5.4299700928e+02 5.4307000732e+02 5.4312097168e+02 5.4313598633e+02 5.4311102295e+02 5.4311199951e+02 5.4310699463e+02 5.4309197998e+02 5.4303900146e+02 5.4303900146e+02 5.4303399658e+02 5.4304199219e+02 5.4303997803e+02 5.4305603027e+02 5.4304699707e+02 5.4304998779e+02
5.4256701660e+02 5.4256402588e+02 5.4257598877e+02 5.4261102295e+02 5.4264501953e+02 5.4267199707e+02 5.4267199707e+02 5.4263897705e+02 5.4268701172e+02 5.4273602295e+02 5.4271899414e+02 5.4267498779e+02 5.4266101074e+02 5.4267102051e+02 5.4270898438e+02 5.4271398926e+02 5.4271502686e+02 5.4275000000e+02 5.4284399414e+02 5.4291802979e+02 5.4293402100e+02 5.4293103027e+02 5.4293200684e+02 5.4293798828e+02 5.4293298340e+02 5.4292602539e+02 5.4291302490e+02 5.4290002441e+02 5.4289599609e+02 5.4291101074e+02 5.4294299316e+02 5.4296197510e+02 5.4297998047e+02 5.4297998047e+02 5.4294500732e+02 5.4291699219e+02 5.4290600586e+02 5.4289300537e+02 5.4287097168e+02 5.4285400391e+02 5.4285302734e+02 5.4286102295e+02 5.4287597656e+02 5.4286999512e+02 5.4285601807e+02 5.4286602783e+02
5.4238702393e+02 5.4239599609e+02 5.4239801025e+02 5.4240002441e+02 5.4240100098e+02 5.4240600586e+02 5.4239898682e+02 5.4240197754e+02 5.4242797852e+02 5.4244799805e+02 5.4245202637e+02 5.4245800781e+02 5.4246801758e+02 5.4247802734e+02 5.4249200439e+02 5.4251397705e+02 5.4255499268e+02 5.4263500977e+02 5.4277099609e+02 5.4285699463e+02 5.4288397217e+02 5.4288897705e+02 5.4289599609e+02 5.4291400146e+02 5.4291497803e+02 5.4290399170e+02 5.4287799072e+02 5.4286199951e+02 5.4286102295e+02 5.4287701416e+02 5.4289300537e+02 5.4288299561e+02 5.4287799072e+02 5.4286297607e+02 5.4282202148e+02 5.4277801514e+02 5.4276300049e+02 5.4275701904e+02 5.4275598145e+02 5.4275701904e+02 5.4275897217e+02 5.4276702881e+02 5.4278100586e+02 5.4277600098e+02 5.4277197266e+02 5.4278997803e+02
5.4239599609e+02 5.4240197754e+02 5.4240100098e+02 5.4240899658e+02 5.4240502930e+02 5.4240100098e+02 5.4238702393e+02 5.4241699219e+02 5.4242797852e+02 5.4242901611e+02 5.4242297363e+02 5.4244500732e+02 5.4246600342e+02 5.4247802734e+02 5.4246899414e+02 5.4248199463e+02 5.4252502441e+02 5.4260797119e+02 5.4272998047e+02 5.4280200195e+02 5.4283197021e+02 5.4283898926e+02 5.4283898926e+02 5.4285797119e+02 5.4286700439e+02 5.4286102295e+02 5.4283197021e+02 5.4281402588e+02 5.4281597900e+02 5.4283197021e+02 5.4284698486e+02 5.4282702637e+02 5.4280798340e+02 5.4278802490e+02 5.4275799561e+02 5.4271899414e+02 5.4270300293e+02 5.4270300293e+02 5.4271398926e+02 5.4273101807e+02 5.4273797607e+02 5.4274401855e+02 5.4275402832e+02 5.4275299072e+02 5.4275701904e+02 5.4277899170e+02
5.4239001465e+02 5.4239501953e+02 5.4238000488e+02 5.4240600586e+02 5.4241400146e+02 5.4241400146e+02 5.4240002441e+02 5.4243200684e+02 5.4243798828e+02 5.4243798828e+02 5.4243798828e+02 5.4245800781e+02 5.4247100830e+02 5.4248199463e+02 5.4248602295e+02 5.4251202393e+02 5.4254498291e+02 5.4260699463e+02 5.4269000244e+02 5.4275799561e+02 5.4278497314e+02 5.4278601074e+02 5.4277398682e+02 5.4279400635e+02 5.4281500244e+02 5.4281500244e+02 5.4279101563e+02 5.4276202393e+02 5.4275897217e+02 5.4277697754e+02 5.4280999756e+02 5.4279302979e+02 5.4277001953e+02 5.4275402832e+02 5.4274902344e+02 5.4272198486e+02 5.4270898438e+02 5.4271197510e+02 5.4273199463e+02 5.4275402832e+02 5.4276000977e+02 5.4275402832e+02 5.4275402832e+02 5.4275598145e+02 5.4275701904e+02 5.4276702881e+02
5.4237902832e+02 5.4238500977e+02 5.4236798096e+02 5.4239099121e+02 5.4239898682e+02 5.4240197754e+02 5.4240600586e+02 5.4241802979e+02 5.4242102051e+02 5.4241998291e+02 5.4243298340e+02 5.4245098877e+02 5.4246301270e+02 5.4247601318e+02 5.4249102783e+02 5.4250500488e+02 5.4253802490e+02 5.4259002686e+02 5.4265802002e+02 5.4271301270e+02 5.4272802734e+02 5.4271899414e+02 5.4271301270e+02 5.4274200439e+02 5.4276300049e+02 5.4276397705e+02 5.4273602295e+02 5.4270300293e+02 5.4270397949e+02 5.4273101807e+02 5.4275897217e+02 5.4274597168e+02 5.4272497559e+02 5.4271600342e+02 5.4271801758e+02 5.4270501709e+02 5.4269000244e+02 5.4269299316e+02 5.4271502686e+02 5.4274597168e+02 5.4274902344e+02 5.4273400879e+02 5.4273199463e+02 5.4273699951e+02 5.4273297119e+02 5.4272601318e+02
5.4238098145e+02 5.4238897705e+02 5.4236901855e+02 5.4238201904e+02 5.4238702393e+02 5.4239300537e+02 5.4240600586e+02 5.4241998291e+02 5.4242401123e+02 5.4241900635e+02 5.4243298340e+02 5.4245300293e+02 5.4246801758e+02 5.4248297119e+02 5.4250097656e+02 5.4251800537e+02 5.4254901123e+02 5.4259197998e+02 5.4264099121e+02 5.4267401123e+02 5.4267401123e+02 5.4265997314e+02 5.4265899658e+02 5.4268200684e+02 5.4269799805e+02 5.4269897461e+02 5.4267602539e+02 5.4265600586e+02 5.4266802979e+02 5.4269799805e+02 5.4271697998e+02 5.4270300293e+02 5.4268597412e+02 5.4267999268e+02 5.4268402100e+02 5.4266900635e+02 5.4265100098e+02 5.4265002441e+02 5.4267102051e+02 5.4270300293e+02 5.4271801758e+02 5.4271502686e+02 5.4271398926e+02 5.4271197510e+02 5.4269598389e+02 5.4267700195e+02
5.4236999512e+02 5.4238000488e+02 5.4236499023e+02 5.4237402344e+02 5.4237799072e+02 5.4238500977e+02 5.4240100098e+02 5.4242999268e+02 5.4244299316e+02 5.4243701172e+02 5.4244299316e+02 5.4246099854e+02 5.4247601318e+02 5.4249102783e+02 5.4251098633e+02 5.4253399658e+02 5.4256597900e+02 5.4260400391e+02 5.4263702393e+02 5.4264801025e+02 5.4263598633e+02 5.4261798096e+02 5.4262200928e+02 5.4263299561e+02 5.4263702393e+02 5.4263598633e+02 5.4262097168e+02 5.4262597656e+02 5.4264001465e+02 5.4265997314e+02 5.4267602539e+02 5.4266699219e+02 5.4265600586e+02 5.4265197754e+02 5.4265100098e+02 5.4263500977e+02 5.4261700439e+02 5.4261102295e+02 5.4262701416e+02 5.4265502930e+02 5.4267700195e+02 5.4268298340e+02 5.4268701172e+02 5.4267401123e+02 5.4264801025e+02 5.4262097168e+02
