TESTSERVER/7/19.asc
NCOLS 100
NROWS 100
XLLCORNER 7.8497500000e+03
YLLCORNER 2.8900025000e+05
CELLSIZE 5.0000000000e-01
NODATA_VALUE -9.9990000000e+03
[rows 60 to 79 of 100, columns 0 to 45 of 100]
5.4276300049e+02 5.4275598145e+02 5.4275402832e+02 5.4273498535e+02 5.4271899414e+02 5.4269500732e+02 5.4268597412e+02 5.4267700195e+02 5.4266497803e+02 5.4262298584e+02 5.4311798096e+02 5.4389801025e+02 5.4406097412e+02 5.4404302979e+02 5.4403399658e+02 5.4400799561e+02 5.4398602295e+02 5.4398797607e+02 5.4400097656e+02 5.4400799561e+02 5.4401501465e+02 5.4400402832e+02 5.4398400879e+02 5.4397698975e+02 5.4399798584e+02 5.4401202393e+02 5.4402301025e+02 5.4403100586e+02 5.4403698730e+02 5.4403497314e+02 5.4403802490e+02 5.4404101563e+02 5.4404498291e+02 5.4404400635e+02 5.4404199219e+02 5.4403997803e+02 5.4403698730e+02 5.4404400635e+02 5.4404998779e+02 5.4405401611e+02 5.4405102539e+02 5.4405700684e+02 5.4406201172e+02 5.4407000732e+02 5.4408502197e+02 5.4407800293e+02
5.4275500488e+02 5.4273699951e+02 5.4274102783e+02 5.4272601318e+02 5.4270599365e+02 5.4268200684e+02 5.4267401123e+02 5.4266302490e+02 5.4265197754e+02 5.4254400635e+02 5.4295202637e+02 5.4383300781e+02 5.4404797363e+02 5.4400701904e+02 5.4401397705e+02 5.4401098633e+02 5.4399902344e+02 5.4399902344e+02 5.4400500488e+02 5.4400598145e+02 5.4400799561e+02 5.4400402832e+02 5.4398699951e+02 5.4397601318e+02 5.4398699951e+02 5.4400402832e+02 5.4402001953e+02 5.4403497314e+02 5.4403997803e+02 5.4403900146e+02 5.4404199219e+02 5.4404302979e+02 5.4404498291e+02 5.4404602051e+02 5.4404101563e+02 5.4403698730e+02 5.4403601074e+02 5.4404699707e+02 5.4405603027e+02 5.4405902100e+02 5.4405499268e+02 5.4404998779e+02 5.4405401611e+02 5.4406597900e+02 5.4408300781e+02 5.4408398438e+02
5.4274298096e+02 5.4272302246e+02 5.4271697998e+02 5.4270300293e+02 5.4269097900e+02 5.4267602539e+02 5.4266802979e+02 5.4265197754e+02 5.4263098145e+02 5.4252697754e+02 5.4292297363e+02 5.4381597900e+02 5.4404498291e+02 5.4398498535e+02 5.4399700928e+02 5.4401300049e+02 5.4401202393e+02 5.4400897217e+02 5.4400500488e+02 5.4398999023e+02 5.4397998047e+02 5.4398901367e+02 5.4398400879e+02 5.4397900391e+02 5.4398199463e+02 5.4399700928e+02 5.4401501465e+02 5.4403198242e+02 5.4403698730e+02 5.4403497314e+02 5.4403802490e+02 5.4403997803e+02 5.4404302979e+02 5.4404302979e+02 5.4403900146e+02 5.4403497314e+02 5.4403900146e+02 5.4405798340e+02 5.4406896973e+02 5.4407397461e+02 5.4406799316e+02 5.4405297852e+02 5.4404998779e+02 5.4405700684e+02 5.4407397461e+02 5.4407702637e+02
5.4272100830e+02 5.4271398926e+02 5.4270202637e+02 5.4267999268e+02 5.4267102051e+02 5.4265698242e+02 5.4264398193e+02 5.4262799072e+02 5.4262500000e+02 5.4255603027e+02 5.4293200684e+02 5.4380902100e+02 5.4405999756e+02 5.4397900391e+02 5.4399401855e+02 5.4400897217e+02 5.4400701904e+02 5.4400897217e+02 5.4400500488e+02 5.4398699951e+02 5.4397100830e+02 5.4397698975e+02 5.4397601318e+02 5.4397601318e+02 5.4397698975e+02 5.4398999023e+02 5.4400598145e+02 5.4402099609e+02 5.4402899170e+02 5.4402899170e+02 5.4403100586e+02 5.4403399658e+02 5.4403698730e+02 5.4403698730e+02 5.4403497314e+02 5.4403302002e+02 5.4404498291e+02 5.4407598877e+02 5.4409100342e+02 5.4409802246e+02 5.4408898926e+02 5.4406201172e+02 5.4404901123e+02 5.4404699707e+02 5.4405999756e+02 5.4406298828e+02
5.4269897461e+02 5.4269598389e+02 5.4268402100e+02 5.4266400146e+02 5.4265899658e+02 5.4264398193e+02 5.4262200928e+02 5.4260601807e+02 5.4259399414e+02 5.4250201416e+02 5.4276397705e+02 5.4354797363e+02 5.4410498047e+02 5.4399700928e+02 5.4397698975e+02 5.4400201416e+02 5.4401397705e+02 5.4401599121e+02 5.4401397705e+02 5.4399298096e+02 5.4397998047e+02 5.4397802734e+02 5.4397601318e+02 5.4397698975e+02 5.4396697998e+02 5.4398199463e+02 5.4399401855e+02 5.4400500488e+02 5.4401000977e+02 5.4401800537e+02 5.4402301025e+02 5.4402600098e+02 5.4402502441e+02 5.4402600098e+02 5.4402398682e+02 5.4402502441e+02 5.4404302979e+02 5.4410998535e+02 5.4414099121e+02 5.4414599609e+02 5.4413299561e+02 5.4407897949e+02 5.4404998779e+02 5.4403802490e+02 5.4404101563e+02 5.4404498291e+02
5.4268103027e+02 5.4267797852e+02 5.4267797852e+02 5.4265600586e+02 5.4264300537e+02 5.4262597656e+02 5.4260601807e+02 5.4259301758e+02 5.4259600830e+02 5.4252697754e+02 5.4254998779e+02 5.4299102783e+02 5.4369799805e+02 5.4401800537e+02 5.4399597168e+02 5.4396197510e+02 5.4400201416e+02 5.4401898193e+02 5.4402001953e+02 5.4399200439e+02 5.4396600342e+02 5.4396600342e+02 5.4397100830e+02 5.4397601318e+02 5.4396600342e+02 5.4398602295e+02 5.4400097656e+02 5.4401300049e+02 5.4401702881e+02 5.4401898193e+02 5.4402197266e+02 5.4402398682e+02 5.4402197266e+02 5.4401898193e+02 5.4401800537e+02 5.4402502441e+02 5.4405798340e+02 5.4414599609e+02 5.4418798828e+02 5.4417602539e+02 5.4412500000e+02 5.4408001709e+02 5.4404602051e+02 5.4403100586e+02 5.4403601074e+02 5.4404400635e+02
5.4266497803e+02 5.4266198730e+02 5.4265997314e+02 5.4263397217e+02 5.4261798096e+02 5.4260797119e+02 5.4259002686e+02 5.4257800293e+02 5.4257397461e+02 5.4254101563e+02 5.4243298340e+02 5.4253198242e+02 5.4303997803e+02 5.4389697266e+02 5.4410302734e+02 5.4399700928e+02 5.4397900391e+02 5.4399902344e+02 5.4400299072e+02 5.4398498535e+02 5.4395800781e+02 5.4396197510e+02 5.4396899414e+02 5.4397497559e+02 5.4396997070e+02 5.4398901367e+02 5.4400897217e+02 5.4402899170e+02 5.4403302002e+02 5.4402899170e+02 5.4402801514e+02 5.4402697754e+02 5.4402197266e+02 5.4401800537e+02 5.4402197266e+02 5.4403497314e+02 5.4406799316e+02 5.4415301514e+02 5.4418798828e+02 5.4416601563e+02 5.4411602783e+02 5.4409399414e+02 5.4406097412e+02 5.4403399658e+02 5.4402697754e+02 5.4403997803e+02
5.4265698242e+02 5.4265002441e+02 5.4264202881e+02 5.4261401367e+02 5.4259399414e+02 5.4258502197e+02 5.4257299805e+02 5.4256201172e+02 5.4254498291e+02 5.4255297852e+02 5.4247302246e+02 5.4240600586e+02 5.4257800293e+02 5.4338897705e+02 5.4388000488e+02 5.4400799561e+02 5.4397198486e+02 5.4397601318e+02 5.4398498535e+02 5.4398400879e+02 5.4396899414e+02 5.4397198486e+02 5.4396801758e+02 5.4397399902e+02 5.4397497559e+02 5.4398297119e+02 5.4400402832e+02 5.4402801514e+02 5.4403497314e+02 5.4402801514e+02 5.4402600098e+02 5.4402301025e+02 5.4401702881e+02 5.4401300049e+02 5.4402001953e+02 5.4403497314e+02 5.4406298828e+02 5.4414001465e+02 5.4417401123e+02 5.4415502930e+02 5.4411102295e+02 5.4411499023e+02 5.4409197998e+02 5.4405297852e+02 5.4402099609e+02 5.4403399658e+02
5.4264801025e+02 5.4263702393e+02 5.4263299561e+02 5.4261199951e+02 5.4257702637e+02 5.4256500244e+02 5.4255902100e+02 5.4254797363e+02 5.4252197266e+02 5.4252197266e+02 5.4251202393e+02 5.4247399902e+02 5.4246600342e+02 5.4250500488e+02 5.4309997559e+02 5.4390301514e+02 5.4410900879e+02 5.4400201416e+02 5.4399401855e+02 5.4399298096e+02 5.4401397705e+02 5.4399700928e+02 5.4396697998e+02 5.4396801758e+02 5.4398400879e+02 5.4397900391e+02 5.4398699951e+02 5.4400897217e+02 5.4402801514e+02 5.4400897217e+02 5.4400799561e+02 5.4400402832e+02 5.4400000000e+02 5.4400201416e+02 5.4400598145e+02 5.4401599121e+02 5.4402697754e+02 5.4409698486e+02 5.4414202881e+02 5.4413897705e+02 5.4409197998e+02 5.4411999512e+02 5.4412298584e+02 5.4408599854e+02 5.4402301025e+02 5.4401800537e+02
5.4262500000e+02 5.4261297607e+02 5.4260998535e+02 5.4259100342e+02 5.4255700684e+02 5.4254797363e+02 5.4254400635e+02 5.4253002930e+02 5.4250598145e+02 5.4249597168e+02 5.4248901367e+02 5.4247302246e+02 5.4247399902e+02 5.4237597656e+02 5.4258502197e+02 5.4334002686e+02 5.4377099609e+02 5.4388098145e+02 5.4402600098e+02 5.4404199219e+02 5.4400500488e+02 5.4398999023e+02 5.4396697998e+02 5.4397302246e+02 5.4399298096e+02 5.4398901367e+02 5.4397698975e+02 5.4396997070e+02 5.4396997070e+02 5.4396099854e+02 5.4396002197e+02 5.4396002197e+02 5.4398101807e+02 5.4399401855e+02 5.4398199463e+02 5.4397698975e+02 5.4397399902e+02 5.4401898193e+02 5.4406896973e+02 5.4407202148e+02 5.4405902100e+02 5.4408197021e+02 5.4410498047e+02 5.4407598877e+02 5.4403198242e+02 5.4401702881e+02
5.4260797119e+02 5.4259802246e+02 5.4259100342e+02 5.4257000732e+02 5.4254101563e+02 5.4253198242e+02 5.4252697754e+02 5.4251202393e+02 5.4248999023e+02 5.4247900391e+02 5.4247100830e+02 5.4245800781e+02 5.4246398926e+02 5.4241400146e+02 5.4234497070e+02 5.4257098389e+02 5.4294897461e+02 5.4341302490e+02 5.4388000488e+02 5.4407299805e+02 5.4399102783e+02 5.4398901367e+02 5.4399102783e+02 5.4398797607e+02 5.4396502686e+02 5.4397399902e+02 5.4398498535e+02 5.4396398926e+02 5.4394897461e+02 5.4396002197e+02 5.4396801758e+02 5.4398498535e+02 5.4399902344e+02 5.4399597168e+02 5.4397998047e+02 5.4397302246e+02 5.4396997070e+02 5.4400799561e+02 5.4403900146e+02 5.4403198242e+02 5.4404498291e+02 5.4408697510e+02 5.4411199951e+02 5.4407202148e+02 5.4400897217e+02 5.4397998047e+02
5.4259197998e+02 5.4258197021e+02 5.4256701660e+02 5.4254699707e+02 5.4252801514e+02 5.4252001953e+02 5.4251202393e+02 5.4249499512e+02 5.4247399902e+02 5.4246301270e+02 5.4245501709e+02 5.4244201660e+02 5.4243798828e+02 5.4245599365e+02 5.4238500977e+02 5.4232397461e+02 5.4237500000e+02 5.4288299561e+02 5.4362200928e+02 5.4406896973e+02 5.4400799561e+02 5.4398400879e+02 5.4400000000e+02 5.4399499512e+02 5.4396099854e+02 5.4399298096e+02 5.4402697754e+02 5.4402398682e+02 5.4398797607e+02 5.4399298096e+02 5.4401898193e+02 5.4404699707e+02 5.4401501465e+02 5.4399401855e+02 5.4398602295e+02 5.4398101807e+02 5.4400701904e+02 5.4401898193e+02 5.4395300293e+02 5.4387402344e+02 5.4388500977e+02 5.4394702148e+02 5.4397399902e+02 5.4392401123e+02 5.4382397461e+02 5.4377197266e+02
5.4257800293e+02 5.4255999756e+02 5.4253601074e+02 5.4251800537e+02 5.4250897217e+02 5.4250598145e+02 5.4249298096e+02 5.4247998047e+02 5.4246197510e+02 5.4244897461e+02 5.4244201660e+02 5.4242797852e+02 5.4242498779e+02 5.4241802979e+02 5.4240698242e+02 5.4238098145e+02 5.4232598877e+02 5.4252197266e+02 5.4329199219e+02 5.4395098877e+02 5.4400799561e+02 5.4401702881e+02 5.4404199219e+02 5.4403997803e+02 5.4404400635e+02 5.4390502930e+02 5.4374700928e+02 5.4376702881e+02 5.4377301025e+02 5.4380297852e+02 5.4378100586e+02 5.4381402588e+02 5.4390502930e+02 5.4392700195e+02 5.4391802979e+02 5.4394897461e+02 5.4406298828e+02 5.4391998291e+02 5.4361102295e+02 5.4333599854e+02 5.4307800293e+02 5.4331896973e+02 5.4337200928e+02 5.4333599854e+02 5.4312902832e+02 5.4319097900e+02
5.4256701660e+02 5.4254699707e+02 5.4252099609e+02 5.4250097656e+02 5.4249798584e+02 5.4249298096e+02 5.4247802734e+02 5.4246801758e+02 5.4245202637e+02 5.4244000244e+02 5.4242901611e+02 5.4241198730e+02 5.4240002441e+02 5.4239398193e+02 5.4238201904e+02 5.4237298584e+02 5.4235101318e+02 5.4231500244e+02 5.4254797363e+02 5.4282000732e+02 5.4289501953e+02 5.4289501953e+02 5.4298797607e+02 5.4307397461e+02 5.4317602539e+02 5.4293200684e+02 5.4271197510e+02 5.4269500732e+02 5.4272698975e+02 5.4276000977e+02 5.4276300049e+02 5.4282000732e+02 5.4283599854e+02 5.4284002686e+02 5.4294097900e+02 5.4304699707e+02 5.4323797607e+02 5.4308697510e+02 5.4279901123e+02 5.4258801270e+02 5.4251202393e+02 5.4254199219e+02 5.4258197021e+02 5.4258898926e+02 5.4257299805e+02 5.4256896973e+02
5.4257000732e+02 5.4255401611e+02 5.4253198242e+02 5.4251599121e+02 5.4251202393e+02 5.4249298096e+02 5.4247198486e+02 5.4246002197e+02 5.4243902588e+02 5.4242602539e+02 5.4241900635e+02 5.4240301514e+02 5.4239099121e+02 5.4238500977e+02 5.4237500000e+02 5.4236999512e+02 5.4236901855e+02 5.4230700684e+02 5.4226702881e+02 5.4226202393e+02 5.4227301025e+02 5.4222698975e+02 5.4224902344e+02 5.4226599121e+02 5.4235699463e+02 5.4228497314e+02 5.4221801758e+02 5.4223901367e+02 5.4225201416e+02 5.4227197266e+02 5.4226800537e+02 5.4227001953e+02 5.4226702881e+02 5.4228002930e+02 5.4232800293e+02 5.4232397461e+02 5.4246502686e+02 5.4242602539e+02 5.4231896973e+02 5.4228399658e+02 5.4231597900e+02 5.4232299805e+02 5.4233099365e+02 5.4234698486e+02 5.4235601807e+02 5.4236602783e+02
5.4255999756e+02 5.4254302979e+02 5.4252301025e+02 5.4251202393e+02 5.4251098633e+02 5.4248400879e+02 5.4245697021e+02 5.4244201660e+02 5.4242199707e+02 5.4241302490e+02 5.4240899658e+02 5.4239398193e+02 5.4238201904e+02 5.4236700439e+02 5.4235498047e+02 5.4235198975e+02 5.4234698486e+02 5.4234399414e+02 5.4232299805e+02 5.4229797363e+02 5.4228601074e+02 5.4229199219e+02 5.4229797363e+02 5.4227502441e+02 5.4224902344e+02 5.4227099609e+02 5.4230401611e+02 5.4233697510e+02 5.4230798340e+02 5.4231799316e+02 5.4230700684e+02 5.4229199219e+02 5.4229302979e+02 5.4232098389e+02 5.4232000732e+02 5.4226898193e+02 5.4227001953e+02 5.4228198242e+02 5.4229699707e+02 5.4234002686e+02 5.4236297607e+02 5.4236102295e+02 5.4236102295e+02 5.4236901855e+02 5.4236602783e+02 5.4237701416e+02
5.4250799561e+02 5.4249902344e+02 5.4247802734e+02 5.4246502686e+02 5.4245697021e+02 5.4243200684e+02 5.4240899658e+02 5.4240301514e+02 5.4239300537e+02 5.4238397217e+02 5.4238299561e+02 5.4237799072e+02 5.4236102295e+02 5.4234301758e+02 5.4232598877e+02 5.4231701660e+02 5.4230902100e+02 5.4230603027e+02 5.4230700684e+02 5.4230499268e+02 5.4227899170e+02 5.4229101563e+02 5.4229901123e+02 5.4230798340e+02 5.4229602051e+02 5.4229199219e+02 5.4229699707e+02 5.4230902100e+02 5.4229797363e+02 5.4230499268e+02 5.4230603027e+02 5.4231799316e+02 5.4232397461e+02 5.4233001709e+02 5.4233001709e+02 5.4233197021e+02 5.4232702637e+02 5.4234997559e+02 5.4235998535e+02 5.4236798096e+02 5.4235498047e+02 5.4236901855e+02 5.4237298584e+02 5.4237500000e+02 5.4236602783e+02 5.4238201904e+02
5.4247198486e+02 5.4245697021e+02 5.4243499756e+02 5.4241998291e+02 5.4241601563e+02 5.4239001465e+02 5.4237298584e+02 5.4236901855e+02 5.4236700439e+02 5.4235601807e+02 5.4234802246e+02 5.4234497070e+02 5.4233801270e+02 5.4231597900e+02 5.4230401611e+02 5.4229602051e+02 5.4228497314e+02 5.4227801514e+02 5.4227398682e+02 5.4226501465e+02 5.4225299072e+02 5.4225897217e+02 5.4226599121e+02 5.4227001953e+02 5.4227001953e+02 5.4226702881e+02 5.4227502441e+02 5.4228100586e+02 5.4228497314e+02 5.4228802490e+02 5.4228802490e+02 5.4229101563e+02 5.4230102539e+02 5.4229498291e+02 5.4229602051e+02 5.4230401611e+02 5.4231298828e+02 5.4231896973e+02 5.4232299805e+02 5.4233001709e+02 5.4234100342e+02 5.4233502197e+02 5.4234497070e+02 5.4235601807e+02 5.4235797119e+02 5.4236499023e+02
5.4244299316e+02 5.4242401123e+02 5.4240502930e+02 5.4239398193e+02 5.4239001465e+02 5.4237402344e+02 5.4236499023e+02 5.4236499023e+02 5.4236499023e+02 5.4235302734e+02 5.4234600830e+02 5.4234399414e+02 5.4233599854e+02 5.4231799316e+02 5.4230999756e+02 5.4229797363e+02 5.4227197266e+02 5.4225097656e+02 5.4223999023e+02 5.4222900391e+02 5.4221398926e+02 5.4221801758e+02 5.4223498535e+02 5.4224798584e+02 5.4224499512e+02 5.4224700928e+02 5.4225897217e+02 5.4226800537e+02 5.4227001953e+02 5.4227099609e+02 5.4227301025e+02 5.4227801514e+02 5.4228601074e+02 5.4227899170e+02 5.4228100586e+02 5.4229199219e+02 5.4230603027e+02 5.4230999756e+02 5.4230999756e+02 5.4231799316e+02 5.4233801270e+02 5.4233599854e+02 5.4234997559e+02 5.4235400391e+02 5.4235498047e+02 5.4235900879e+02
5.4241198730e+02 5.4239801025e+02 5.4239001465e+02 5.4238500977e+02 5.4238299561e+02 5.4237799072e+02 5.4237500000e+02 5.4237799072e+02 5.4238201904e+02 5.4237597656e+02 5.4237597656e+02 5.4237701416e+02 5.4236401367e+02 5.4234802246e+02 5.4234600830e+02 5.4233300781e+02 5.4229101563e+02 5.4223901367e+02 5.4221197510e+02 5.4219500732e+02 5.4217700195e+02 5.4217797852e+02 5.4220501709e+02 5.4222601318e+02 5.4222100830e+02 5.4222601318e+02 5.4224200439e+02 5.4225402832e+02 5.4225402832e+02 5.4225201416e+02 5.4225897217e+02 5.4226898193e+02 5.4227899170e+02 5.4227099609e+02 5.4227099609e+02 5.4228100586e+02 5.4229797363e+02 5.4230499268e+02 5.4230603027e+02 5.4231500244e+02 5.4233898926e+02 5.4234002686e+02 5.4234600830e+02 5.4233898926e+02 5.4234497070e+02 5.4234899902e+02
