TESTSERVER/7/2.asc
NCOLS 100
NROWS 100
XLLCORNER 7.8497500000e+03
YLLCORNER 2.8985025000e+05
CELLSIZE 5.0000000000e-01
NODATA_VALUE -9.9990000000e+03
[rows 60 to 79 of 100, columns 0 to 45 of 100]
6.4228399658e+02 6.4211999512e+02 6.4193701172e+02 6.4172998047e+02 6.4152398682e+02 6.4130499268e+02 6.4108001709e+02 6.4082000732e+02 6.4055102539e+02 6.4027197266e+02 6.3997601318e+02 6.3972497559e+02 6.3946197510e+02 6.3919000244e+02 6.3890502930e+02 6.3862799072e+02 6.3835900879e+02 6.3810302734e+02 6.3786798096e+02 6.3764202881e+02 6.3741998291e+02 6.3719396973e+02 6.3694702148e+02 6.3672698975e+02 6.3649499512e+02 6.3625097656e+02 6.3598199463e+02 6.3568499756e+02 6.3537500000e+02 6.3505102539e+02 6.3472802734e+02 6.3437097168e+02 6.3402398682e+02 6.3369500732e+02 6.3340301514e+02 6.3311401367e+02 6.3276898193e+02 6.3239898682e+02 6.3202301025e+02 6.3166601563e+02 6.3132800293e+02 6.3098199463e+02 6.3062402344e+02 6.3026800537e+02 6.2999597168e+02 6.2977099609e+02
6.4218200684e+02 6.4199700928e+02 6.4179199219e+02 6.4156597900e+02 6.4135699463e+02 6.4114398193e+02 6.4091900635e+02 6.4067401123e+02 6.4041101074e+02 6.4012902832e+02 6.3983398438e+02 6.3957299805e+02 6.3931298828e+02 6.3905297852e+02 6.3878698730e+02 6.3852197266e+02 6.3827197266e+02 6.3803002930e+02 6.3778601074e+02 6.3753802490e+02 6.3728900146e+02 6.3703399658e+02 6.3676599121e+02 6.3653302002e+02 6.3631500244e+02 6.3609399414e+02 6.3584802246e+02 6.3556402588e+02 6.3526702881e+02 6.3495001221e+02 6.3461199951e+02 6.3424597168e+02 6.3388598633e+02 6.3354400635e+02 6.3324102783e+02 6.3292999268e+02 6.3259002686e+02 6.3223797607e+02 6.3187402344e+02 6.3152197266e+02 6.3118597412e+02 6.3085302734e+02 6.3051702881e+02 6.3019299316e+02 6.2994396973e+02 6.2972399902e+02
6.4208398438e+02 6.4186602783e+02 6.4164300537e+02 6.4141601563e+02 6.4119799805e+02 6.4098199463e+02 6.4075799561e+02 6.4052001953e+02 6.4026397705e+02 6.3998699951e+02 6.3969000244e+02 6.3941900635e+02 6.3916400146e+02 6.3891699219e+02 6.3866699219e+02 6.3841497803e+02 6.3817797852e+02 6.3794396973e+02 6.3769799805e+02 6.3742999268e+02 6.3715502930e+02 6.3687402344e+02 6.3658898926e+02 6.3636199951e+02 6.3615100098e+02 6.3593902588e+02 6.3570599365e+02 6.3543798828e+02 6.3514697266e+02 6.3483001709e+02 6.3448602295e+02 6.3411199951e+02 6.3374499512e+02 6.3339398193e+02 6.3307598877e+02 6.3275897217e+02 6.3242401123e+02 6.3207800293e+02 6.3172302246e+02 6.3138000488e+02 6.3105297852e+02 6.3073101807e+02 6.3040197754e+02 6.3009698486e+02 6.2986102295e+02 6.2963000488e+02
6.4200701904e+02 6.4176898193e+02 6.4151800537e+02 6.4127502441e+02 6.4104602051e+02 6.4082397461e+02 6.4060101318e+02 6.4036602783e+02 6.4011401367e+02 6.3984100342e+02 6.3954498291e+02 6.3927001953e+02 6.3902001953e+02 6.3878302002e+02 6.3854797363e+02 6.3830798340e+02 6.3808099365e+02 6.3785198975e+02 6.3760302734e+02 6.3732397461e+02 6.3702899170e+02 6.3672802734e+02 6.3643499756e+02 6.3621099854e+02 6.3599798584e+02 6.3578302002e+02 6.3554797363e+02 6.3528802490e+02 6.3500299072e+02 6.3468597412e+02 6.3433898926e+02 6.3396301270e+02 6.3359301758e+02 6.3323699951e+02 6.3290899658e+02 6.3258898926e+02 6.3225701904e+02 6.3191900635e+02 6.3157000732e+02 6.3123498535e+02 6.3091699219e+02 6.3060498047e+02 6.3027899170e+02 6.2998400879e+02 6.2974902344e+02 6.2949798584e+02
6.4192700195e+02 6.4169702148e+02 6.4141998291e+02 6.4114898682e+02 6.4090100098e+02 6.4065997314e+02 6.4041998291e+02 6.4020599365e+02 6.3995501709e+02 6.3968701172e+02 6.3939599609e+02 6.3913500977e+02 6.3889099121e+02 6.3865802002e+02 6.3842498779e+02 6.3819897461e+02 6.3797802734e+02 6.3775000000e+02 6.3750402832e+02 6.3722302246e+02 6.3692102051e+02 6.3661199951e+02 6.3632397461e+02 6.3608898926e+02 6.3586102295e+02 6.3561901855e+02 6.3534301758e+02 6.3509600830e+02 6.3481597900e+02 6.3450500488e+02 6.3415997314e+02 6.3379302979e+02 6.3342700195e+02 6.3307397461e+02 6.3274401855e+02 6.3242102051e+02 6.3209100342e+02 6.3175897217e+02 6.3141601563e+02 6.3108599854e+02 6.3077899170e+02 6.3047698975e+02 6.3017401123e+02 6.2988397217e+02 6.2962298584e+02 6.2933898926e+02
6.4182202148e+02 6.4159997559e+02 6.4132202148e+02 6.4103698730e+02 6.4076599121e+02 6.4050402832e+02 6.4026000977e+02 6.4002502441e+02 6.3978100586e+02 6.3953399658e+02 6.3927600098e+02 6.3903198242e+02 6.3879901123e+02 6.3856799316e+02 6.3833599854e+02 6.3809899902e+02 6.3786798096e+02 6.3763500977e+02 6.3738800049e+02 6.3711102295e+02 6.3681298828e+02 6.3651000977e+02 6.3621997070e+02 6.3597802734e+02 6.3571899414e+02 6.3543902588e+02 6.3515100098e+02 6.3489099121e+02 6.3461401367e+02 6.3430999756e+02 6.3397802734e+02 6.3361297607e+02 6.3325500488e+02 6.3290802002e+02 6.3258197021e+02 6.3225598145e+02 6.3192602539e+02 6.3159802246e+02 6.3126300049e+02 6.3093701172e+02 6.3064001465e+02 6.3034698486e+02 6.3005102539e+02 6.2977301025e+02 6.2948901367e+02 6.2919500732e+02
6.4172399902e+02 6.4150201416e+02 6.4121997070e+02 6.4092199707e+02 6.4063897705e+02 6.4036901855e+02 6.4010998535e+02 6.3986401367e+02 6.3963201904e+02 6.3940301514e+02 6.3917797852e+02 6.3894598389e+02 6.3871398926e+02 6.3848297119e+02 6.3825000000e+02 6.3800598145e+02 6.3776300049e+02 6.3751599121e+02 6.3726098633e+02 6.3698400879e+02 6.3669000244e+02 6.3639099121e+02 6.3610498047e+02 6.3584497070e+02 6.3556097412e+02 6.3526098633e+02 6.3496801758e+02 6.3470501709e+02 6.3441900635e+02 6.3411297607e+02 6.3377801514e+02 6.3341699219e+02 6.3306701660e+02 6.3272900391e+02 6.3241101074e+02 6.3208801270e+02 6.3176501465e+02 6.3144396973e+02 6.3111602783e+02 6.3079302979e+02 6.3050201416e+02 6.3021600342e+02 6.2991699219e+02 6.2961999512e+02 6.2932800293e+02 6.2903302002e+02
6.4162402344e+02 6.4139398193e+02 6.4110900879e+02 6.4080700684e+02 6.4052001953e+02 6.4024700928e+02 6.3997802734e+02 6.3972998047e+02 6.3951000977e+02 6.3929797363e+02 6.3909899902e+02 6.3886798096e+02 6.3862902832e+02 6.3839501953e+02 6.3816198730e+02 6.3791302490e+02 6.3765502930e+02 6.3739202881e+02 6.3712097168e+02 6.3684301758e+02 6.3655102539e+02 6.3625299072e+02 6.3596997070e+02 6.3569702148e+02 6.3539898682e+02 6.3508898926e+02 6.3479602051e+02 6.3452001953e+02 6.3421997070e+02 6.3390197754e+02 6.3356201172e+02 6.3320697021e+02 6.3286700439e+02 6.3253997803e+02 6.3223199463e+02 6.3191601563e+02 6.3160400391e+02 6.3129302979e+02 6.3097497559e+02 6.3065399170e+02 6.3036499023e+02 6.3008099365e+02 6.2977398682e+02 6.2946002197e+02 6.2915899658e+02 6.2885797119e+02
6.4150598145e+02 6.4127197266e+02 6.4100201416e+02 6.4069598389e+02 6.4041601563e+02 6.4014599609e+02 6.3988000488e+02 6.3963702393e+02 6.3942797852e+02 6.3923101807e+02 6.3906701660e+02 6.3879901123e+02 6.3854199219e+02 6.3830499268e+02 6.3810198975e+02 6.3782098389e+02 6.3753997803e+02 6.3724902344e+02 6.3695800781e+02 6.3667901611e+02 6.3638897705e+02 6.3609698486e+02 6.3580999756e+02 6.3553302002e+02 6.3523797607e+02 6.3493200684e+02 6.3462500000e+02 6.3432501221e+02 6.3400402832e+02 6.3367199707e+02 6.3333197021e+02 6.3299298096e+02 6.3266198730e+02 6.3233801270e+02 6.3202001953e+02 6.3174700928e+02 6.3145599365e+02 6.3115502930e+02 6.3083697510e+02 6.3051501465e+02 6.3022399902e+02 6.2994097900e+02 6.2962902832e+02 6.2931298828e+02 6.2900598145e+02 6.2869702148e+02
6.4136602783e+02 6.4113397217e+02 6.4087298584e+02 6.4060101318e+02 6.4033300781e+02 6.4006701660e+02 6.3979699707e+02 6.3955999756e+02 6.3934301758e+02 6.3913897705e+02 6.3896002197e+02 6.3870599365e+02 6.3844097900e+02 6.3820697021e+02 6.3799700928e+02 6.3771801758e+02 6.3740301514e+02 6.3707897949e+02 6.3677697754e+02 6.3650000000e+02 6.3621997070e+02 6.3594201660e+02 6.3565100098e+02 6.3536199951e+02 6.3506402588e+02 6.3474499512e+02 6.3441302490e+02 6.3408898926e+02 6.3376000977e+02 6.3342999268e+02 6.3310797119e+02 6.3280700684e+02 6.3249597168e+02 6.3215997314e+02 6.3183001709e+02 6.3155603027e+02 6.3128802490e+02 6.3100897217e+02 6.3069396973e+02 6.3034698486e+02 6.3004602051e+02 6.2978198242e+02 6.2951702881e+02 6.2921197510e+02 6.2889202881e+02 6.2856298828e+02
6.4124401855e+02 6.4101202393e+02 6.4076599121e+02 6.4051702881e+02 6.4025701904e+02 6.3999298096e+02 6.3972302246e+02 6.3947100830e+02 6.3923400879e+02 6.3901300049e+02 6.3881298828e+02 6.3856298828e+02 6.3830102539e+02 6.3805999756e+02 6.3784197998e+02 6.3755700684e+02 6.3722802734e+02 6.3689300537e+02 6.3658898926e+02 6.3631896973e+02 6.3604498291e+02 6.3577001953e+02 6.3547601318e+02 6.3517700195e+02 6.3486700439e+02 6.3453698730e+02 6.3419799805e+02 6.3386297607e+02 6.3352801514e+02 6.3319702148e+02 6.3288201904e+02 6.3260797119e+02 6.3231597900e+02 6.3198400879e+02 6.3165197754e+02 6.3136901855e+02 6.3110400391e+02 6.3084100342e+02 6.3055102539e+02 6.3021697998e+02 6.2991802979e+02 6.2966302490e+02 6.2941400146e+02 6.2909497070e+02 6.2876202393e+02 6.2841802979e+02
6.4113500977e+02 6.4090997314e+02 6.4067700195e+02 6.4044097900e+02 6.4018597412e+02 6.3991998291e+02 6.3964801025e+02 6.3937298584e+02 6.3910900879e+02 6.3886199951e+02 6.3863397217e+02 6.3838800049e+02 6.3813000488e+02 6.3787500000e+02 6.3764001465e+02 6.3735699463e+02 6.3702801514e+02 6.3669799805e+02 6.3640002441e+02 6.3613000488e+02 6.3585797119e+02 6.3558197021e+02 6.3528900146e+02 6.3497900391e+02 6.3465698242e+02 6.3432202148e+02 6.3398797607e+02 6.3365002441e+02 6.3331097412e+02 6.3298101807e+02 6.3266601563e+02 6.3239898682e+02 6.3211297607e+02 6.3179602051e+02 6.3149200439e+02 6.3120697021e+02 6.3094097900e+02 6.3068402100e+02 6.3041699219e+02 6.3012597656e+02 6.2983502197e+02 6.2956597900e+02 6.2928997803e+02 6.2895397949e+02 6.2861199951e+02 6.2825701904e+02
6.4102899170e+02 6.4082000732e+02 6.4061499023e+02 6.4036999512e+02 6.4011297607e+02 6.3983898926e+02 6.3954998779e+02 6.3925799561e+02 6.3896697998e+02 6.3869299316e+02 6.3843200684e+02 6.3819799805e+02 6.3794500732e+02 6.3767999268e+02 6.3740899658e+02 6.3712402344e+02 6.3681597900e+02 6.3650598145e+02 6.3621398926e+02 6.3593798828e+02 6.3566400146e+02 6.3538299561e+02 6.3509197998e+02 6.3477197266e+02 6.3444097900e+02 6.3410699463e+02 6.3377502441e+02 6.3344396973e+02 6.3311102295e+02 6.3278601074e+02 6.3248999023e+02 6.3222998047e+02 6.3194598389e+02 6.3164599609e+02 6.3136297607e+02 6.3107800293e+02 6.3080798340e+02 6.3055297852e+02 6.3030798340e+02 6.3004400635e+02 6.2975000000e+02 6.2944299316e+02 6.2913299561e+02 6.2878698730e+02 6.2843798828e+02 6.2808300781e+02
6.4091998291e+02 6.4071997070e+02 6.4051202393e+02 6.4027801514e+02 6.4002001953e+02 6.3973999023e+02 6.3943499756e+02 6.3912799072e+02 6.3883300781e+02 6.3854901123e+02 6.3827801514e+02 6.3803002930e+02 6.3777899170e+02 6.3751599121e+02 6.3723602295e+02 6.3692901611e+02 6.3661297607e+02 6.3629302979e+02 6.3598498535e+02 6.3572198486e+02 6.3546099854e+02 6.3518798828e+02 6.3489099121e+02 6.3455999756e+02 6.3422601318e+02 6.3389300537e+02 6.3356201172e+02 6.3323101807e+02 6.3290802002e+02 6.3259301758e+02 6.3230102539e+02 6.3205603027e+02 6.3178900146e+02 6.3150500488e+02 6.3121502686e+02 6.3094897461e+02 6.3070599365e+02 6.3046997070e+02 6.3022399902e+02 6.2993597412e+02 6.2961199951e+02 6.2927398682e+02 6.2893902588e+02 6.2860101318e+02 6.2825701904e+02 6.2791497803e+02
6.4080603027e+02 6.4060400391e+02 6.4039300537e+02 6.4016400146e+02 6.3990899658e+02 6.3962799072e+02 6.3931896973e+02 6.3901000977e+02 6.3871301270e+02 6.3842102051e+02 6.3814099121e+02 6.3788098145e+02 6.3761798096e+02 6.3734301758e+02 6.3704602051e+02 6.3672601318e+02 6.3639898682e+02 6.3607098389e+02 6.3576098633e+02 6.3551098633e+02 6.3526202393e+02 6.3499597168e+02 6.3469500732e+02 6.3435699463e+02 6.3402197266e+02 6.3368902588e+02 6.3335400391e+02 6.3302600098e+02 6.3270599365e+02 6.3239801025e+02 6.3210400391e+02 6.3184997559e+02 6.3159301758e+02 6.3132501221e+02 6.3105700684e+02 6.3081896973e+02 6.3059899902e+02 6.3037097168e+02 6.3010498047e+02 6.2978198242e+02 6.2943499756e+02 6.2907598877e+02 6.2873101807e+02 6.2840502930e+02 6.2807299805e+02 6.2774499512e+02
6.4068798828e+02 6.4047802734e+02 6.4026202393e+02 6.4004101563e+02 6.3978997803e+02 6.3951202393e+02 6.3920202637e+02 6.3889697266e+02 6.3859802246e+02 6.3829998779e+02 6.3801300049e+02 6.3773699951e+02 6.3745397949e+02 6.3715899658e+02 6.3684197998e+02 6.3651898193e+02 6.3619097900e+02 6.3586297607e+02 6.3555902100e+02 6.3531799316e+02 6.3507397461e+02 6.3481201172e+02 6.3450598145e+02 6.3416497803e+02 6.3383300781e+02 6.3350201416e+02 6.3316497803e+02 6.3283502197e+02 6.3252001953e+02 6.3221600342e+02 6.3191998291e+02 6.3165399170e+02 6.3140100098e+02 6.3114599609e+02 6.3090100098e+02 6.3068499756e+02 6.3046801758e+02 6.3022900391e+02 6.2994097900e+02 6.2959600830e+02 6.2923699951e+02 6.2887200928e+02 6.2852600098e+02 6.2820898438e+02 6.2789001465e+02 6.2757299805e+02
6.4056799316e+02 6.4034802246e+02 6.4014001465e+02 6.3991998291e+02 6.3967602539e+02 6.3940002441e+02 6.3909399414e+02 6.3879199219e+02 6.3849102783e+02 6.3818597412e+02 6.3787597656e+02 6.3757598877e+02 6.3726898193e+02 6.3695501709e+02 6.3662597656e+02 6.3632202148e+02 6.3600897217e+02 6.3569598389e+02 6.3541699219e+02 6.3515399170e+02 6.3489398193e+02 6.3462298584e+02 6.3431701660e+02 6.3398602295e+02 6.3366400146e+02 6.3334002686e+02 6.3301501465e+02 6.3267700195e+02 6.3236499023e+02 6.3206500244e+02 6.3178497314e+02 6.3150897217e+02 6.3125500488e+02 6.3100299072e+02 6.3077301025e+02 6.3054400635e+02 6.3030297852e+02 6.3003399658e+02 6.2973901367e+02 6.2940301514e+02 6.2904797363e+02 6.2869000244e+02 6.2834600830e+02 6.2802398682e+02 6.2770898438e+02 6.2739801025e+02
6.4043902588e+02 6.4021398926e+02 6.4000500488e+02 6.3980200195e+02 6.3956402588e+02 6.3929199219e+02 6.3897802734e+02 6.3867700195e+02 6.3837298584e+02 6.3806201172e+02 6.3773400879e+02 6.3741198730e+02 6.3710198975e+02 6.3678997803e+02 6.3646398926e+02 6.3615899658e+02 6.3587097168e+02 6.3558398438e+02 6.3530603027e+02 6.3503002930e+02 6.3473999023e+02 6.3444799805e+02 6.3414599609e+02 6.3382598877e+02 6.3351098633e+02 6.3319396973e+02 6.3286700439e+02 6.3253997803e+02 6.3222998047e+02 6.3193103027e+02 6.3165399170e+02 6.3139099121e+02 6.3113098145e+02 6.3087902832e+02 6.3063299561e+02 6.3039202881e+02 6.3011798096e+02 6.2981896973e+02 6.2949798584e+02 6.2917102051e+02 6.2884100342e+02 6.2850402832e+02 6.2816998291e+02 6.2785699463e+02 6.2754199219e+02 6.2723199463e+02
6.4030200195e+02 6.4006896973e+02 6.3985601807e+02 6.3965197754e+02 6.3941601563e+02 6.3914801025e+02 6.3883697510e+02 6.3853002930e+02 6.3822497559e+02 6.3791497803e+02 6.3759002686e+02 6.3727697754e+02 6.3697302246e+02 6.3666400146e+02 6.3633300781e+02 6.3603002930e+02 6.3575402832e+02 6.3547802734e+02 6.3519702148e+02 6.3490002441e+02 6.3459600830e+02 6.3428997803e+02 6.3398498535e+02 6.3367401123e+02 6.3336199951e+02 6.3304797363e+02 6.3272698975e+02 6.3240600586e+02 6.3209802246e+02 6.3179797363e+02 6.3152197266e+02 6.3125097656e+02 6.3098400879e+02 6.3073297119e+02 6.3048699951e+02 6.3022601318e+02 6.2992602539e+02 6.2959997559e+02 6.2925500488e+02 6.2893499756e+02 6.2862902832e+02 6.2831597900e+02 6.2799798584e+02 6.2768499756e+02 6.2737298584e+02 6.2706799316e+02
6.4014801025e+02 6.3990802002e+02 6.3968701172e+02 6.3947497559e+02 6.3923498535e+02 6.3896997070e+02 6.3866497803e+02 6.3835797119e+02 6.3805798340e+02 6.3775201416e+02 6.3744000244e+02 6.3715002441e+02 6.3685900879e+02 6.3655798340e+02 6.3622601318e+02 6.3592102051e+02 6.3564599609e+02 6.3536999512e+02 6.3508197021e+02 6.3477197266e+02 6.3445898438e+02 6.3414300537e+02 6.3383599854e+02 6.3353002930e+02 6.3321997070e+02 6.3290802002e+02 6.3258898926e+02 6.3227197266e+02 6.3196502686e+02 6.3166497803e+02 6.3137902832e+02 6.3109002686e+02 6.3081896973e+02 6.3057000732e+02 6.3033197021e+02 6.3006097412e+02 6.2974401855e+02 6.2939697266e+02 6.2903399658e+02 6.2872302246e+02 6.2843597412e+02 6.2814398193e+02 6.2783099365e+02 6.2751202393e+02 6.2720300293e+02 6.2690399170e+02
