TESTSERVER/7/2.asc
NCOLS 100
NROWS 100
XLLCORNER 7.8497500000e+03
YLLCORNER 2.8985025000e+05
CELLSIZE 5.0000000000e-01
NODATA_VALUE -9.9990000000e+03
[rows 0 to 19 of 100, columns 0 to 45 of 100]
6.4775201416e+02 6.4744799805e+02 6.4710198975e+02 6.4683099365e+02 6.4656896973e+02 6.4632000732e+02 6.4609100342e+02 6.4587097168e+02 6.4566198730e+02 6.4546398926e+02 6.4527899170e+02 6.4511602783e+02 6.4495800781e+02 6.4481896973e+02 6.4469201660e+02 6.4460797119e+02 6.4454498291e+02 6.4447998047e+02 6.4440600586e+02 6.4431097412e+02 6.4421801758e+02 6.4413500977e+02 6.4407501221e+02 6.4404498291e+02 6.4401800537e+02 6.4398498535e+02 6.4393902588e+02 6.4383697510e+02 6.4374798584e+02 6.4365100098e+02 6.4351898193e+02 6.4336999512e+02 6.4328100586e+02 6.4312902832e+02 6.4299401855e+02 6.4292700195e+02 6.4274102783e+02 6.4256500244e+02 6.4248699951e+02 6.4234899902e+02 6.4211602783e+02 6.4186700439e+02 6.4166302490e+02 6.4140197754e+02 6.4114801025e+02 6.4088702393e+02
6.4750500488e+02 6.4718200684e+02 6.4688897705e+02 6.4665100098e+02 6.4640899658e+02 6.4617297363e+02 6.4594500732e+02 6.4572302246e+02 6.4551599121e+02 6.4532202148e+02 6.4514202881e+02 6.4498602295e+02 6.4484698486e+02 6.4471600342e+02 6.4459899902e+02 6.4452001953e+02 6.4444897461e+02 6.4436999512e+02 6.4428802490e+02 6.4419000244e+02 6.4409497070e+02 6.4401397705e+02 6.4395501709e+02 6.4392602539e+02 6.4390197754e+02 6.4386999512e+02 6.4383099365e+02 6.4373602295e+02 6.4364300537e+02 6.4355603027e+02 6.4342700195e+02 6.4322302246e+02 6.4311199951e+02 6.4298498535e+02 6.4284600830e+02 6.4276599121e+02 6.4258898926e+02 6.4237500000e+02 6.4224401855e+02 6.4215197754e+02 6.4193701172e+02 6.4165002441e+02 6.4143798828e+02 6.4115899658e+02 6.4085302734e+02 6.4058001709e+02
6.4728302002e+02 6.4695501709e+02 6.4669799805e+02 6.4648199463e+02 6.4624902344e+02 6.4602099609e+02 6.4579699707e+02 6.4557800293e+02 6.4537500000e+02 6.4518798828e+02 6.4501501465e+02 6.4487402344e+02 6.4474499512e+02 6.4461901855e+02 6.4450097656e+02 6.4440997314e+02 6.4433001709e+02 6.4425097656e+02 6.4417999268e+02 6.4408001709e+02 6.4398498535e+02 6.4390301514e+02 6.4384497070e+02 6.4381201172e+02 6.4377899170e+02 6.4373699951e+02 6.4367700195e+02 6.4357501221e+02 6.4349798584e+02 6.4342700195e+02 6.4330200195e+02 6.4310998535e+02 6.4299597168e+02 6.4286798096e+02 6.4274298096e+02 6.4262097168e+02 6.4241699219e+02 6.4220001221e+02 6.4207098389e+02 6.4195202637e+02 6.4172497559e+02 6.4142901611e+02 6.4119097900e+02 6.4088500977e+02 6.4054199219e+02 6.4025201416e+02
6.4710302734e+02 6.4678198242e+02 6.4653399658e+02 6.4631597900e+02 6.4609197998e+02 6.4587097168e+02 6.4565301514e+02 6.4544097900e+02 6.4524499512e+02 6.4506500244e+02 6.4490100098e+02 6.4477301025e+02 6.4464898682e+02 6.4452398682e+02 6.4439599609e+02 6.4428900146e+02 6.4420697021e+02 6.4414099121e+02 6.4408398438e+02 6.4397998047e+02 6.4388500977e+02 6.4380102539e+02 6.4373999023e+02 6.4369702148e+02 6.4365002441e+02 6.4359301758e+02 6.4350897217e+02 6.4339501953e+02 6.4331500244e+02 6.4325201416e+02 6.4314300537e+02 6.4295697021e+02 6.4281500244e+02 6.4270397949e+02 6.4267797852e+02 6.4258898926e+02 6.4238702393e+02 6.4219201660e+02 6.4200799561e+02 6.4178100586e+02 6.4148602295e+02 6.4117102051e+02 6.4088397217e+02 6.4058197021e+02 6.4023602295e+02 6.3992498779e+02
6.4694799805e+02 6.4663702393e+02 6.4638897705e+02 6.4617102051e+02 6.4595001221e+02 6.4573297119e+02 6.4552398682e+02 6.4531896973e+02 6.4513098145e+02 6.4496002197e+02 6.4480999756e+02 6.4467797852e+02 6.4454797363e+02 6.4441601563e+02 6.4427801514e+02 6.4418200684e+02 6.4411700439e+02 6.4407000732e+02 6.4399700928e+02 6.4389202881e+02 6.4379998779e+02 6.4371099854e+02 6.4363897705e+02 6.4358197021e+02 6.4351300049e+02 6.4343499756e+02 6.4334197998e+02 6.4326702881e+02 6.4317199707e+02 6.4307202148e+02 6.4295697021e+02 6.4276599121e+02 6.4262200928e+02 6.4257501221e+02 6.4257598877e+02 6.4250402832e+02 6.4234399414e+02 6.4215399170e+02 6.4194799805e+02 6.4164697266e+02 6.4126098633e+02 6.4088500977e+02 6.4049401855e+02 6.4024902344e+02 6.3996899414e+02 6.3968200684e+02
6.4677099609e+02 6.4646099854e+02 6.4624102783e+02 6.4604901123e+02 6.4582897949e+02 6.4561700439e+02 6.4540997314e+02 6.4521099854e+02 6.4503002930e+02 6.4486602783e+02 6.4472100830e+02 6.4458599854e+02 6.4444201660e+02 6.4430700684e+02 6.4419500732e+02 6.4409399414e+02 6.4403198242e+02 6.4398699951e+02 6.4390899658e+02 6.4380297852e+02 6.4371197510e+02 6.4362097168e+02 6.4353497314e+02 6.4346002197e+02 6.4337402344e+02 6.4327801514e+02 6.4317199707e+02 6.4309997559e+02 6.4304797363e+02 6.4296002197e+02 6.4278302002e+02 6.4257598877e+02 6.4244799805e+02 6.4242401123e+02 6.4240698242e+02 6.4227099609e+02 6.4210601807e+02 6.4190002441e+02 6.4165502930e+02 6.4136901855e+02 6.4100097656e+02 6.4062097168e+02 6.4019097900e+02 6.3992901611e+02 6.3974597168e+02 6.3953997803e+02
6.4662097168e+02 6.4632702637e+02 6.4611798096e+02 6.4592498779e+02 6.4571197510e+02 6.4550598145e+02 6.4530603027e+02 6.4511297607e+02 6.4493597412e+02 6.4477600098e+02 6.4463800049e+02 6.4449902344e+02 6.4435498047e+02 6.4422698975e+02 6.4413098145e+02 6.4402001953e+02 6.4394598389e+02 6.4389697266e+02 6.4381701660e+02 6.4370898438e+02 6.4361700439e+02 6.4352502441e+02 6.4343499756e+02 6.4334802246e+02 6.4325299072e+02 6.4314697266e+02 6.4300701904e+02 6.4289398193e+02 6.4284899902e+02 6.4278997803e+02 6.4266198730e+02 6.4246801758e+02 6.4226000977e+02 6.4215100098e+02 6.4213598633e+02 6.4198297119e+02 6.4182702637e+02 6.4159997559e+02 6.4132202148e+02 6.4105499268e+02 6.4074700928e+02 6.4039697266e+02 6.3995300293e+02 6.3969500732e+02 6.3949499512e+02 6.3928698730e+02
6.4648101807e+02 6.4621600342e+02 6.4601098633e+02 6.4580902100e+02 6.4560198975e+02 6.4540399170e+02 6.4521099854e+02 6.4502301025e+02 6.4484997559e+02 6.4469097900e+02 6.4455297852e+02 6.4441601563e+02 6.4427801514e+02 6.4416198730e+02 6.4407501221e+02 6.4394897461e+02 6.4386199951e+02 6.4380798340e+02 6.4372900391e+02 6.4361602783e+02 6.4352301025e+02 6.4343200684e+02 6.4334399414e+02 6.4325402832e+02 6.4315399170e+02 6.4304199219e+02 6.4290002441e+02 6.4277697754e+02 6.4271697998e+02 6.4266400146e+02 6.4259802246e+02 6.4246301270e+02 6.4221697998e+02 6.4200201416e+02 6.4188800049e+02 6.4173101807e+02 6.4157800293e+02 6.4130999756e+02 6.4096801758e+02 6.4070098877e+02 6.4043402100e+02 6.4009997559e+02 6.3968902588e+02 6.3947900391e+02 6.3920098877e+02 6.3892901611e+02
6.4632702637e+02 6.4609301758e+02 6.4589599609e+02 6.4570397949e+02 6.4550701904e+02 6.4531701660e+02 6.4513897705e+02 6.4494500732e+02 6.4477099609e+02 6.4460900879e+02 6.4446197510e+02 6.4433697510e+02 6.4420397949e+02 6.4408599854e+02 6.4397497559e+02 6.4386901855e+02 6.4377801514e+02 6.4371502686e+02 6.4362701416e+02 6.4352398682e+02 6.4342797852e+02 6.4333599854e+02 6.4325598145e+02 6.4317498779e+02 6.4307598877e+02 6.4296502686e+02 6.4283898926e+02 6.4272100830e+02 6.4263897705e+02 6.4256201172e+02 6.4248797607e+02 6.4237799072e+02 6.4222698975e+02 6.4197302246e+02 6.4169897461e+02 6.4153399658e+02 6.4134002686e+02 6.4103802490e+02 6.4063500977e+02 6.4036901855e+02 6.4008801270e+02 6.3975201416e+02 6.3937701416e+02 6.3915802002e+02 6.3886798096e+02 6.3860101318e+02
6.4619500732e+02 6.4597302246e+02 6.4578900146e+02 6.4559899902e+02 6.4540698242e+02 6.4522198486e+02 6.4504400635e+02 6.4486102295e+02 6.4468499756e+02 6.4451800537e+02 6.4437402344e+02 6.4425598145e+02 6.4411700439e+02 6.4398498535e+02 6.4387799072e+02 6.4377398682e+02 6.4368298340e+02 6.4360198975e+02 6.4352301025e+02 6.4342999268e+02 6.4333697510e+02 6.4325000000e+02 6.4316900635e+02 6.4308001709e+02 6.4299700928e+02 6.4292297363e+02 6.4283599854e+02 6.4270501709e+02 6.4257800293e+02 6.4247399902e+02 6.4239398193e+02 6.4229199219e+02 6.4215002441e+02 6.4184197998e+02 6.4153601074e+02 6.4132397461e+02 6.4106701660e+02 6.4077502441e+02 6.4041400146e+02 6.4006701660e+02 6.3979901123e+02 6.3953302002e+02 6.3920098877e+02 6.3888500977e+02 6.3861199951e+02 6.3838500977e+02
6.4609197998e+02 6.4587500000e+02 6.4568902588e+02 6.4549597168e+02 6.4530700684e+02 6.4512500000e+02 6.4495001221e+02 6.4477001953e+02 6.4459399414e+02 6.4442901611e+02 6.4427301025e+02 6.4414300537e+02 6.4401501465e+02 6.4389300537e+02 6.4378997803e+02 6.4369299316e+02 6.4360198975e+02 6.4351300049e+02 6.4342797852e+02 6.4334497070e+02 6.4326000977e+02 6.4317901611e+02 6.4310101318e+02 6.4301599121e+02 6.4295300293e+02 6.4291900635e+02 6.4289898682e+02 6.4281799316e+02 6.4268798828e+02 6.4254602051e+02 6.4237799072e+02 6.4222497559e+02 6.4201599121e+02 6.4167498779e+02 6.4138800049e+02 6.4115997314e+02 6.4088000488e+02 6.4058300781e+02 6.4022601318e+02 6.3984600830e+02 6.3961999512e+02 6.3936199951e+02 6.3898400879e+02 6.3867602539e+02 6.3846502686e+02 6.3824798584e+02
6.4601000977e+02 6.4579199219e+02 6.4559600830e+02 6.4540100098e+02 6.4521398926e+02 6.4503399658e+02 6.4485900879e+02 6.4468103027e+02 6.4450897217e+02 6.4434600830e+02 6.4418597412e+02 6.4404400635e+02 6.4391900635e+02 6.4380200195e+02 6.4370501709e+02 6.4361999512e+02 6.4353198242e+02 6.4343701172e+02 6.4334399414e+02 6.4326599121e+02 6.4318798828e+02 6.4311499023e+02 6.4304699707e+02 6.4297302246e+02 6.4292797852e+02 6.4292999268e+02 6.4297302246e+02 6.4294201660e+02 6.4280902100e+02 6.4261102295e+02 6.4235101318e+02 6.4210797119e+02 6.4185601807e+02 6.4153399658e+02 6.4125701904e+02 6.4100097656e+02 6.4071899414e+02 6.4040802002e+02 6.4003802490e+02 6.3968902588e+02 6.3946502686e+02 6.3918298340e+02 6.3880700684e+02 6.3853399658e+02 6.3831201172e+02 6.3804302979e+02
6.4593798828e+02 6.4571002197e+02 6.4550299072e+02 6.4531201172e+02 6.4512902832e+02 6.4495098877e+02 6.4477801514e+02 6.4460101318e+02 6.4443499756e+02 6.4427600098e+02 6.4412597656e+02 6.4397302246e+02 6.4383099365e+02 6.4370397949e+02 6.4360198975e+02 6.4353802490e+02 6.4345300293e+02 6.4336102295e+02 6.4327001953e+02 6.4319000244e+02 6.4311901855e+02 6.4305603027e+02 6.4301501465e+02 6.4292297363e+02 6.4288201904e+02 6.4291101074e+02 6.4300201416e+02 6.4292602539e+02 6.4276300049e+02 6.4252697754e+02 6.4221600342e+02 6.4194000244e+02 6.4168597412e+02 6.4140698242e+02 6.4113000488e+02 6.4083099365e+02 6.4052001953e+02 6.4020697021e+02 6.3990197754e+02 6.3956500244e+02 6.3929302979e+02 6.3901898193e+02 6.3872399902e+02 6.3846600342e+02 6.3819097900e+02 6.3783599854e+02
6.4584698486e+02 6.4561401367e+02 6.4540997314e+02 6.4522302246e+02 6.4504101563e+02 6.4486297607e+02 6.4469000244e+02 6.4452398682e+02 6.4436798096e+02 6.4421502686e+02 6.4405499268e+02 6.4388598633e+02 6.4374200439e+02 6.4361700439e+02 6.4350598145e+02 6.4342401123e+02 6.4334497070e+02 6.4326599121e+02 6.4319299316e+02 6.4312500000e+02 6.4305401611e+02 6.4298999023e+02 6.4293402100e+02 6.4283197021e+02 6.4277398682e+02 6.4278601074e+02 6.4283502197e+02 6.4275897217e+02 6.4259301758e+02 6.4234497070e+02 6.4205999756e+02 6.4180999756e+02 6.4153198242e+02 6.4122198486e+02 6.4088397217e+02 6.4055700684e+02 6.4026800537e+02 6.4000299072e+02 6.3971197510e+02 6.3944396973e+02 6.3919396973e+02 6.3888000488e+02 6.3858502197e+02 6.3833898926e+02 6.3813299561e+02 6.3777801514e+02
6.4574597168e+02 6.4551898193e+02 6.4532202148e+02 6.4513800049e+02 6.4495501709e+02 6.4477801514e+02 6.4460302734e+02 6.4444000244e+02 6.4428997803e+02 6.4414099121e+02 6.4398101807e+02 6.4380700684e+02 6.4365997314e+02 6.4353601074e+02 6.4341802979e+02 6.4332299805e+02 6.4324798584e+02 6.4317602539e+02 6.4310900879e+02 6.4304101563e+02 6.4296502686e+02 6.4289099121e+02 6.4283099365e+02 6.4273498535e+02 6.4265899658e+02 6.4261401367e+02 6.4256701660e+02 6.4247802734e+02 6.4233599854e+02 6.4212597656e+02 6.4188500977e+02 6.4166302490e+02 6.4140197754e+02 6.4106298828e+02 6.4066699219e+02 6.4033197021e+02 6.4006799316e+02 6.3981201172e+02 6.3957702637e+02 6.3938800049e+02 6.3911602783e+02 6.3883001709e+02 6.3853802490e+02 6.3826599121e+02 6.3807598877e+02 6.3768798828e+02
6.4564697266e+02 6.4542999268e+02 6.4524200439e+02 6.4505999756e+02 6.4487701416e+02 6.4470001221e+02 6.4452099609e+02 6.4435699463e+02 6.4420898438e+02 6.4406402588e+02 6.4390899658e+02 6.4374102783e+02 6.4359698486e+02 6.4347100830e+02 6.4334399414e+02 6.4324102783e+02 6.4316400146e+02 6.4309197998e+02 6.4302197266e+02 6.4294598389e+02 6.4285797119e+02 6.4277001953e+02 6.4269201660e+02 6.4260498047e+02 6.4252301025e+02 6.4241802979e+02 6.4226098633e+02 6.4216400146e+02 6.4204901123e+02 6.4188098145e+02 6.4169396973e+02 6.4151202393e+02 6.4127899170e+02 6.4093902588e+02 6.4056799316e+02 6.4023999023e+02 6.4003802490e+02 6.3983801270e+02 6.3966400146e+02 6.3949798584e+02 6.3915197754e+02 6.3885797119e+02 6.3856201172e+02 6.3827398682e+02 6.3807897949e+02 6.3769396973e+02
6.4556201172e+02 6.4535797119e+02 6.4517797852e+02 6.4499298096e+02 6.4480902100e+02 6.4462902832e+02 6.4445098877e+02 6.4428399658e+02 6.4413299561e+02 6.4398498535e+02 6.4383398438e+02 6.4367999268e+02 6.4354302979e+02 6.4341497803e+02 6.4328399658e+02 6.4317498779e+02 6.4309100342e+02 6.4301898193e+02 6.4295001221e+02 6.4284301758e+02 6.4274200439e+02 6.4264300537e+02 6.4253198242e+02 6.4241699219e+02 6.4233898926e+02 6.4220599365e+02 6.4201898193e+02 6.4191998291e+02 6.4181097412e+02 6.4163598633e+02 6.4140600586e+02 6.4123199463e+02 6.4104901123e+02 6.4080700684e+02 6.4058099365e+02 6.4032000732e+02 6.4019201660e+02 6.4006701660e+02 6.3990399170e+02 6.3965802002e+02 6.3928601074e+02 6.3892999268e+02 6.3863299561e+02 6.3832098389e+02 6.3812097168e+02 6.3779302979e+02
6.4548797607e+02 6.4528802490e+02 6.4510699463e+02 6.4492700195e+02 6.4474401855e+02 6.4456298828e+02 6.4438598633e+02 6.4421697998e+02 6.4405798340e+02 6.4390399170e+02 6.4375201416e+02 6.4360797119e+02 6.4347302246e+02 6.4334002686e+02 6.4320397949e+02 6.4308898926e+02 6.4301000977e+02 6.4294598389e+02 6.4285998535e+02 6.4274102783e+02 6.4264300537e+02 6.4253997803e+02 6.4241497803e+02 6.4223498535e+02 6.4207202148e+02 6.4191900635e+02 6.4176599121e+02 6.4166497803e+02 6.4155798340e+02 6.4139898682e+02 6.4120098877e+02 6.4102899170e+02 6.4085198975e+02 6.4065899658e+02 6.4048999023e+02 6.4032202148e+02 6.4021801758e+02 6.4010601807e+02 6.3994396973e+02 6.3969500732e+02 6.3933898926e+02 6.3900598145e+02 6.3875000000e+02 6.3837701416e+02 6.3814801025e+02 6.3787597656e+02
6.4541497803e+02 6.4521600342e+02 6.4503497314e+02 6.4485498047e+02 6.4467199707e+02 6.4449102783e+02 6.4431701660e+02 6.4414501953e+02 6.4398101807e+02 6.4382299805e+02 6.4366400146e+02 6.4352301025e+02 6.4339398193e+02 6.4326397705e+02 6.4312500000e+02 6.4300500488e+02 6.4292901611e+02 6.4286602783e+02 6.4277398682e+02 6.4265899658e+02 6.4255102539e+02 6.4242297363e+02 6.4227301025e+02 6.4206097412e+02 6.4183099365e+02 6.4165698242e+02 6.4152197266e+02 6.4140197754e+02 6.4129901123e+02 6.4116302490e+02 6.4098699951e+02 6.4079901123e+02 6.4061901855e+02 6.4045300293e+02 6.4029302979e+02 6.4014801025e+02 6.4004302979e+02 6.3992999268e+02 6.3980200195e+02 6.3961602783e+02 6.3931597900e+02 6.3898797607e+02 6.3869897461e+02 6.3836499023e+02 6.3812902832e+02 6.3785302734e+02
6.4534002686e+02 6.4514099121e+02 6.4496002197e+02 6.4478100586e+02 6.4459698486e+02 6.4441497803e+02 6.4423999023e+02 6.4406799316e+02 6.4390399170e+02 6.4374597168e+02 6.4358300781e+02 6.4344097900e+02 6.4332299805e+02 6.4320397949e+02 6.4307598877e+02 6.4294702148e+02 6.4286297607e+02 6.4278601074e+02 6.4268402100e+02 6.4256597900e+02 6.4243200684e+02 6.4227001953e+02 6.4208001709e+02 6.4184802246e+02 6.4160302734e+02 6.4143402100e+02 6.4132598877e+02 6.4121301270e+02 6.4113098145e+02 6.4100299072e+02 6.4077099609e+02 6.4054199219e+02 6.4034802246e+02 6.4018499756e+02 6.4001800537e+02 6.3990301514e+02 6.3980798340e+02 6.3968798828e+02 6.3958001709e+02 6.3945599365e+02 6.3922802734e+02 6.3894897461e+02 6.3865301514e+02 6.3839599609e+02 6.3814898682e+02 6.3782702637e+02
