TESTSERVER/7/3.asc
NCOLS 100
NROWS 100
XLLCORNER 7.8497500000e+03
YLLCORNER 2.8980025000e+05
CELLSIZE 5.0000000000e-01
NODATA_VALUE -9.9990000000e+03
[rows 80 to 99 of 100, columns 0 to 45 of 100]
6.2658300781e+02 6.2619201660e+02 6.2572302246e+02 6.2521301270e+02 6.2473999023e+02 6.2427197266e+02 6.2379498291e+02 6.2337799072e+02 6.2303002930e+02 6.2272698975e+02 6.2244799805e+02 6.2219000244e+02 6.2188702393e+02 6.2153698730e+02 6.2115100098e+02 6.2085302734e+02 6.2059399414e+02 6.2035198975e+02 6.2009100342e+02 6.1976098633e+02 6.1946697998e+02 6.1922399902e+02 6.1899401855e+02 6.1872198486e+02 6.1845800781e+02 6.1820599365e+02 6.1795300293e+02 6.1773797607e+02 6.1751702881e+02 6.1730102539e+02 6.1708099365e+02 6.1684497070e+02 6.1664300537e+02 6.1650097656e+02 6.1641699219e+02 6.1635998535e+02 6.1628497314e+02 6.1620697021e+02 6.1613598633e+02 6.1610498047e+02 6.1603399658e+02 6.1593798828e+02 6.1581500244e+02 6.1567199707e+02 6.1548101807e+02 6.1528698730e+02
6.2656298828e+02 6.2616998291e+02 6.2570898438e+02 6.2521899414e+02 6.2474798584e+02 6.2428100586e+02 6.2380902100e+02 6.2338500977e+02 6.2303002930e+02 6.2271801758e+02 6.2242999268e+02 6.2215802002e+02 6.2184802246e+02 6.2149499512e+02 6.2112902832e+02 6.2082598877e+02 6.2057702637e+02 6.2034899902e+02 6.2012902832e+02 6.1984600830e+02 6.1952197266e+02 6.1922900391e+02 6.1894097900e+02 6.1865600586e+02 6.1839398193e+02 6.1813598633e+02 6.1786602783e+02 6.1760601807e+02 6.1738299561e+02 6.1718798828e+02 6.1702301025e+02 6.1686602783e+02 6.1670202637e+02 6.1655902100e+02 6.1645501709e+02 6.1637097168e+02 6.1628100586e+02 6.1619396973e+02 6.1616497803e+02 6.1616900635e+02 6.1611700439e+02 6.1602301025e+02 6.1589300537e+02 6.1571801758e+02 6.1550201416e+02 6.1529699707e+02
6.2657897949e+02 6.2618103027e+02 6.2572601318e+02 6.2525598145e+02 6.2479400635e+02 6.2433300781e+02 6.2386401367e+02 6.2343798828e+02 6.2307202148e+02 6.2274700928e+02 6.2243798828e+02 6.2215802002e+02 6.2185699463e+02 6.2152502441e+02 6.2118402100e+02 6.2088800049e+02 6.2063098145e+02 6.2038598633e+02 6.2013800049e+02 6.1982897949e+02 6.1949298096e+02 6.1918200684e+02 6.1890100098e+02 6.1863800049e+02 6.1837200928e+02 6.1810302734e+02 6.1780700684e+02 6.1752398682e+02 6.1729302979e+02 6.1710400391e+02 6.1696002197e+02 6.1683801270e+02 6.1670501709e+02 6.1658697510e+02 6.1648901367e+02 6.1639099121e+02 6.1629901123e+02 6.1622100830e+02 6.1621502686e+02 6.1624401855e+02 6.1620599365e+02 6.1612097168e+02 6.1599200439e+02 6.1578900146e+02 6.1553601074e+02 6.1529797363e+02
6.2661901855e+02 6.2621997070e+02 6.2577301025e+02 6.2532598877e+02 6.2487701416e+02 6.2442297363e+02 6.2396099854e+02 6.2353100586e+02 6.2314599609e+02 6.2279797363e+02 6.2246801758e+02 6.2219201660e+02 6.2190802002e+02 6.2160998535e+02 6.2129901123e+02 6.2100000000e+02 6.2072698975e+02 6.2045202637e+02 6.2015301514e+02 6.1980902100e+02 6.1948602295e+02 6.1919000244e+02 6.1892999268e+02 6.1867700195e+02 6.1840197754e+02 6.1811401367e+02 6.1779101563e+02 6.1748999023e+02 6.1725097656e+02 6.1706201172e+02 6.1691699219e+02 6.1680102539e+02 6.1669396973e+02 6.1660101318e+02 6.1653100586e+02 6.1644799805e+02 6.1636499023e+02 6.1629998779e+02 6.1629400635e+02 6.1632202148e+02 6.1629797363e+02 6.1622497559e+02 6.1610498047e+02 6.1587500000e+02 6.1558099365e+02 6.1530401611e+02
6.2668298340e+02 6.2629302979e+02 6.2589300537e+02 6.2545300293e+02 6.2501898193e+02 6.2456896973e+02 6.2411401367e+02 6.2364501953e+02 6.2322302246e+02 6.2284100342e+02 6.2250299072e+02 6.2223101807e+02 6.2196697998e+02 6.2170397949e+02 6.2142797852e+02 6.2112298584e+02 6.2082397461e+02 6.2052398682e+02 6.2022698975e+02 6.1990399170e+02 6.1961199951e+02 6.1932598877e+02 6.1904400635e+02 6.1877502441e+02 6.1848901367e+02 6.1818298340e+02 6.1785198975e+02 6.1751599121e+02 6.1726702881e+02 6.1706896973e+02 6.1691802979e+02 6.1680700684e+02 6.1671099854e+02 6.1663299561e+02 6.1660400391e+02 6.1655603027e+02 6.1649401855e+02 6.1643902588e+02 6.1640002441e+02 6.1637701416e+02 6.1635699463e+02 6.1631201172e+02 6.1624700928e+02 6.1598797607e+02 6.1565301514e+02 6.1532098389e+02
6.2670898438e+02 6.2635101318e+02 6.2597100830e+02 6.2558697510e+02 6.2517297363e+02 6.2473199463e+02 6.2426098633e+02 6.2377001953e+02 6.2330297852e+02 6.2288897705e+02 6.2254302979e+02 6.2225598145e+02 6.2198602295e+02 6.2172399902e+02 6.2145202637e+02 6.2115100098e+02 6.2084600830e+02 6.2055297852e+02 6.2028002930e+02 6.2002697754e+02 6.1977197266e+02 6.1949597168e+02 6.1919598389e+02 6.1890502930e+02 6.1859399414e+02 6.1826300049e+02 6.1791497803e+02 6.1757299805e+02 6.1730102539e+02 6.1710101318e+02 6.1696502686e+02 6.1686401367e+02 6.1677502441e+02 6.1670300293e+02 6.1669396973e+02 6.1668701172e+02 6.1662799072e+02 6.1655999756e+02 6.1648901367e+02 6.1643902588e+02 6.1640997314e+02 6.1637701416e+02 6.1633398438e+02 6.1611499023e+02 6.1573901367e+02 6.1534399414e+02
6.2672100830e+02 6.2638702393e+02 6.2603497314e+02 6.2566900635e+02 6.2527502441e+02 6.2485101318e+02 6.2438598633e+02 6.2387500000e+02 6.2338897705e+02 6.2295397949e+02 6.2258898926e+02 6.2228399658e+02 6.2200402832e+02 6.2173498535e+02 6.2146099854e+02 6.2115899658e+02 6.2085198975e+02 6.2055902100e+02 6.2029901123e+02 6.2008697510e+02 6.1986297607e+02 6.1961199951e+02 6.1931597900e+02 6.1900598145e+02 6.1867700195e+02 6.1832800293e+02 6.1797302246e+02 6.1761602783e+02 6.1733300781e+02 6.1714202881e+02 6.1703399658e+02 6.1694799805e+02 6.1687200928e+02 6.1680798340e+02 6.1680102539e+02 6.1679400635e+02 6.1673101807e+02 6.1665301514e+02 6.1656799316e+02 6.1651202393e+02 6.1647497559e+02 6.1643597412e+02 6.1640002441e+02 6.1618298340e+02 6.1577899170e+02 6.1535498047e+02
6.2672601318e+02 6.2641101074e+02 6.2607897949e+02 6.2572802734e+02 6.2535302734e+02 6.2494500732e+02 6.2448699951e+02 6.2396697998e+02 6.2347198486e+02 6.2302502441e+02 6.2264697266e+02 6.2232299805e+02 6.2202600098e+02 6.2174597168e+02 6.2146997070e+02 6.2116601563e+02 6.2085400391e+02 6.2055603027e+02 6.2029101563e+02 6.2008898926e+02 6.1988397217e+02 6.1965502930e+02 6.1938397217e+02 6.1907299805e+02 6.1873999023e+02 6.1838201904e+02 6.1801300049e+02 6.1764801025e+02 6.1737298584e+02 6.1720697021e+02 6.1712701416e+02 6.1705700684e+02 6.1699597168e+02 6.1694201660e+02 6.1692102051e+02 6.1689099121e+02 6.1681597900e+02 6.1672399902e+02 6.1663299561e+02 6.1657702637e+02 6.1652801514e+02 6.1647698975e+02 6.1642498779e+02 6.1617498779e+02 6.1575598145e+02 6.1533197021e+02
6.2672497559e+02 6.2642102051e+02 6.2610198975e+02 6.2576702881e+02 6.2540802002e+02 6.2501599121e+02 6.2457202148e+02 6.2405902100e+02 6.2355999756e+02 6.2309997559e+02 6.2271002197e+02 6.2238397217e+02 6.2206799316e+02 6.2177001953e+02 6.2147399902e+02 6.2117999268e+02 6.2086297607e+02 6.2055200195e+02 6.2024902344e+02 6.2004199219e+02 6.1983502197e+02 6.1961901855e+02 6.1937200928e+02 6.1909197998e+02 6.1875701904e+02 6.1839001465e+02 6.1801599121e+02 6.1768701172e+02 6.1743798828e+02 6.1729901123e+02 6.1720001221e+02 6.1716497803e+02 6.1712597656e+02 6.1708599854e+02 6.1702899170e+02 6.1696398926e+02 6.1687597656e+02 6.1678198242e+02 6.1671801758e+02 6.1664300537e+02 6.1658398438e+02 6.1650799561e+02 6.1640197754e+02 6.1609301758e+02 6.1566900635e+02 6.1527697754e+02
6.2672100830e+02 6.2641699219e+02 6.2610400391e+02 6.2578997803e+02 6.2545397949e+02 6.2508197021e+02 6.2466400146e+02 6.2416601563e+02 6.2365600586e+02 6.2318200684e+02 6.2278198242e+02 6.2244702148e+02 6.2212799072e+02 6.2182501221e+02 6.2153198242e+02 6.2122998047e+02 6.2091302490e+02 6.2059301758e+02 6.2027301025e+02 6.2000598145e+02 6.1975500488e+02 6.1950598145e+02 6.1925897217e+02 6.1899200439e+02 6.1867102051e+02 6.1831799316e+02 6.1799597168e+02 6.1772198486e+02 6.1752301025e+02 6.1741400146e+02 6.1734002686e+02 6.1730102539e+02 6.1726702881e+02 6.1722198486e+02 6.1715301514e+02 6.1704901123e+02 6.1694097900e+02 6.1683898926e+02 6.1676202393e+02 6.1670098877e+02 6.1661700439e+02 6.1649401855e+02 6.1633001709e+02 6.1599700928e+02 6.1557702637e+02 6.1520898438e+02
6.2671697998e+02 6.2641198730e+02 6.2610101318e+02 6.2580200195e+02 6.2548400879e+02 6.2513598633e+02 6.2474499512e+02 6.2427001953e+02 6.2377801514e+02 6.2331298828e+02 6.2290600586e+02 6.2256298828e+02 6.2224102783e+02 6.2193499756e+02 6.2164001465e+02 6.2133697510e+02 6.2101300049e+02 6.2068499756e+02 6.2034802246e+02 6.2002197266e+02 6.1971502686e+02 6.1941900635e+02 6.1914898682e+02 6.1890802002e+02 6.1863800049e+02 6.1833599854e+02 6.1805700684e+02 6.1781298828e+02 6.1764599609e+02 6.1756201172e+02 6.1751898193e+02 6.1748699951e+02 6.1744097900e+02 6.1737799072e+02 6.1728100586e+02 6.1714599609e+02 6.1701202393e+02 6.1688500977e+02 6.1678601074e+02 6.1670397949e+02 6.1658801270e+02 6.1642700195e+02 6.1623101807e+02 6.1591198730e+02 6.1551098633e+02 6.1516400146e+02
6.2671801758e+02 6.2641198730e+02 6.2609802246e+02 6.2579998779e+02 6.2549401855e+02 6.2516699219e+02 6.2480401611e+02 6.2437402344e+02 6.2392401123e+02 6.2348901367e+02 6.2308801270e+02 6.2273901367e+02 6.2241601563e+02 6.2210498047e+02 6.2180200195e+02 6.2149200439e+02 6.2116198730e+02 6.2082501221e+02 6.2048199463e+02 6.2011999512e+02 6.1976000977e+02 6.1941601563e+02 6.1910900879e+02 6.1890197754e+02 6.1869299316e+02 6.1845202637e+02 6.1819500732e+02 6.1794897461e+02 6.1779998779e+02 6.1773498535e+02 6.1772399902e+02 6.1769000244e+02 6.1762500000e+02 6.1753302002e+02 6.1740502930e+02 6.1723901367e+02 6.1707800293e+02 6.1692700195e+02 6.1680102539e+02 6.1669500732e+02 6.1654400635e+02 6.1634899902e+02 6.1612799072e+02 6.1583300781e+02 6.1546099854e+02 6.1513299561e+02
6.2673297119e+02 6.2642199707e+02 6.2610797119e+02 6.2579400635e+02 6.2548101807e+02 6.2516198730e+02 6.2482501221e+02 6.2445697021e+02 6.2407800293e+02 6.2369897461e+02 6.2334698486e+02 6.2299298096e+02 6.2266802979e+02 6.2234802246e+02 6.2204998779e+02 6.2168597412e+02 6.2133898926e+02 6.2100500488e+02 6.2068902588e+02 6.2029901123e+02 6.1990100098e+02 6.1952197266e+02 6.1919097900e+02 6.1897198486e+02 6.1880102539e+02 6.1860998535e+02 6.1837500000e+02 6.1815301514e+02 6.1800799561e+02 6.1794598389e+02 6.1795800781e+02 6.1789898682e+02 6.1781500244e+02 6.1769500732e+02 6.1755700684e+02 6.1732897949e+02 6.1713897705e+02 6.1696997070e+02 6.1682397461e+02 6.1668103027e+02 6.1650000000e+02 6.1628100586e+02 6.1603302002e+02 6.1577197266e+02 6.1543200684e+02 6.1510900879e+02
6.2675799561e+02 6.2644201660e+02 6.2612500000e+02 6.2579797363e+02 6.2546002197e+02 6.2512200928e+02 6.2480297852e+02 6.2449200439e+02 6.2417901611e+02 6.2386199951e+02 6.2354302979e+02 6.2326898193e+02 6.2298797607e+02 6.2268298340e+02 6.2233300781e+02 6.2193200684e+02 6.2157000732e+02 6.2123901367e+02 6.2089697266e+02 6.2047802734e+02 6.2006402588e+02 6.1968402100e+02 6.1936499023e+02 6.1916101074e+02 6.1901800537e+02 6.1887200928e+02 6.1868298340e+02 6.1848498535e+02 6.1832098389e+02 6.1821099854e+02 6.1815600586e+02 6.1807299805e+02 6.1794897461e+02 6.1778198242e+02 6.1756597900e+02 6.1734399414e+02 6.1716198730e+02 6.1701599121e+02 6.1687298584e+02 6.1671398926e+02 6.1653601074e+02 6.1631896973e+02 6.1608197021e+02 6.1580401611e+02 6.1544000244e+02 6.1509002686e+02
6.2678997803e+02 6.2646899414e+02 6.2614599609e+02 6.2579797363e+02 6.2544500732e+02 6.2509899902e+02 6.2477099609e+02 6.2448400879e+02 6.2421398926e+02 6.2393597412e+02 6.2363800049e+02 6.2339801025e+02 6.2316601563e+02 6.2290399170e+02 6.2255499268e+02 6.2214300537e+02 6.2178802490e+02 6.2146301270e+02 6.2111199951e+02 6.2067797852e+02 6.2025799561e+02 6.1988397217e+02 6.1959197998e+02 6.1942901611e+02 6.1932202148e+02 6.1920397949e+02 6.1903802490e+02 6.1883801270e+02 6.1862097168e+02 6.1842999268e+02 6.1828100586e+02 6.1815002441e+02 6.1798699951e+02 6.1778100586e+02 6.1753497314e+02 6.1731896973e+02 6.1715899658e+02 6.1704302979e+02 6.1693902588e+02 6.1681201172e+02 6.1665301514e+02 6.1644500732e+02 6.1620501709e+02 6.1590002441e+02 6.1550097656e+02 6.1511700439e+02
6.2683197021e+02 6.2650402832e+02 6.2616900635e+02 6.2580297852e+02 6.2544097900e+02 6.2509197998e+02 6.2475598145e+02 6.2447900391e+02 6.2422998047e+02 6.2397198486e+02 6.2366302490e+02 6.2341302490e+02 6.2321600342e+02 6.2299401855e+02 6.2269097900e+02 6.2231201172e+02 6.2198199463e+02 6.2167498779e+02 6.2133001709e+02 6.2089398193e+02 6.2047698975e+02 6.2011401367e+02 6.1984802246e+02 6.1970800781e+02 6.1960601807e+02 6.1948199463e+02 6.1930401611e+02 6.1906597900e+02 6.1878497314e+02 6.1852697754e+02 6.1832202148e+02 6.1816302490e+02 6.1797900391e+02 6.1775701904e+02 6.1750402832e+02 6.1729699707e+02 6.1715502930e+02 6.1706500244e+02 6.1700201416e+02 6.1690997314e+02 6.1677197266e+02 6.1657702637e+02 6.1633599854e+02 6.1599597168e+02 6.1556799316e+02 6.1515502930e+02
6.2687597656e+02 6.2653399658e+02 6.2617602539e+02 6.2580999756e+02 6.2544598389e+02 6.2510400391e+02 6.2478997803e+02 6.2453100586e+02 6.2428399658e+02 6.2401800537e+02 6.2369299316e+02 6.2342999268e+02 6.2322198486e+02 6.2300299072e+02 6.2273101807e+02 6.2244396973e+02 6.2215698242e+02 6.2186798096e+02 6.2153399658e+02 6.2110998535e+02 6.2069897461e+02 6.2035998535e+02 6.2013098145e+02 6.1993902588e+02 6.1976898193e+02 6.1958197021e+02 6.1935601807e+02 6.1906799316e+02 6.1875701904e+02 6.1848602295e+02 6.1828198242e+02 6.1814398193e+02 6.1797100830e+02 6.1775701904e+02 6.1751300049e+02 6.1730603027e+02 6.1716998291e+02 6.1709497070e+02 6.1704199219e+02 6.1695898438e+02 6.1683398438e+02 6.1665197754e+02 6.1640600586e+02 6.1604400635e+02 6.1560998535e+02 6.1519500732e+02
6.2691302490e+02 6.2655999756e+02 6.2619799805e+02 6.2582397461e+02 6.2547399902e+02 6.2515502930e+02 6.2487597656e+02 6.2462500000e+02 6.2436102295e+02 6.2408599854e+02 6.2379797363e+02 6.2355102539e+02 6.2331097412e+02 6.2306097412e+02 6.2280297852e+02 6.2256402588e+02 6.2231799316e+02 6.2204901123e+02 6.2173400879e+02 6.2134600830e+02 6.2096801758e+02 6.2064599609e+02 6.2036499023e+02 6.2007897949e+02 6.1980297852e+02 6.1953002930e+02 6.1925097656e+02 6.1893597412e+02 6.1864599609e+02 6.1840997314e+02 6.1823602295e+02 6.1811602783e+02 6.1796801758e+02 6.1775402832e+02 6.1749200439e+02 6.1728900146e+02 6.1715600586e+02 6.1709100342e+02 6.1704400635e+02 6.1695697021e+02 6.1683099365e+02 6.1664801025e+02 6.1641601563e+02 6.1607800293e+02 6.1564501953e+02 6.1521899414e+02
6.2696600342e+02 6.2661297607e+02 6.2624499512e+02 6.2587298584e+02 6.2553900146e+02 6.2523602295e+02 6.2497100830e+02 6.2471099854e+02 6.2443597412e+02 6.2416497803e+02 6.2391400146e+02 6.2368298340e+02 6.2343402100e+02 6.2316699219e+02 6.2289300537e+02 6.2265997314e+02 6.2242901611e+02 6.2217498779e+02 6.2187799072e+02 6.2152899170e+02 6.2118103027e+02 6.2085900879e+02 6.2052697754e+02 6.2016302490e+02 6.1981500244e+02 6.1947100830e+02 6.1912597656e+02 6.1878997803e+02 6.1850500488e+02 6.1829101563e+02 6.1815502930e+02 6.1806201172e+02 6.1793402100e+02 6.1774102783e+02 6.1749798584e+02 6.1729498291e+02 6.1714501953e+02 6.1706298828e+02 6.1701202393e+02 6.1692297363e+02 6.1679498291e+02 6.1661297607e+02 6.1639001465e+02 6.1608599854e+02 6.1567700195e+02 6.1525897217e+02
6.2703601074e+02 6.2668597412e+02 6.2632299805e+02 6.2596197510e+02 6.2563897705e+02 6.2534301758e+02 6.2508001709e+02 6.2481097412e+02 6.2452697754e+02 6.2425799561e+02 6.2403002930e+02 6.2381402588e+02 6.2356701660e+02 6.2329302979e+02 6.2300097656e+02 6.2274700928e+02 6.2250897217e+02 6.2225299072e+02 6.2196502686e+02 6.2164300537e+02 6.2130999756e+02 6.2097399902e+02 6.2060797119e+02 6.2020397949e+02 6.1980200195e+02 6.1940899658e+02 6.1902398682e+02 6.1866400146e+02 6.1836602783e+02 6.1815600586e+02 6.1804498291e+02 6.1797802734e+02 6.1786401367e+02 6.1769299316e+02 6.1748699951e+02 6.1729101563e+02 6.1712500000e+02 6.1702001953e+02 6.1695501709e+02 6.1685797119e+02 6.1672399902e+02 6.1654602051e+02 6.1633099365e+02 6.1605999756e+02 6.1569299316e+02 6.1530499268e+02
