TESTSERVER/7/3.asc
NCOLS 100
NROWS 100
XLLCORNER 7.8497500000e+03
YLLCORNER 2.8980025000e+05
CELLSIZE 5.0000000000e-01
NODATA_VALUE -9.9990000000e+03
[rows 20 to 39 of 100, columns 0 to 45 of 100]
6.3285101318e+02 6.3257702637e+02 6.3230297852e+02 6.3202001953e+02 6.3173901367e+02 6.3145800781e+02 6.3118597412e+02 6.3089898682e+02 6.3061297607e+02 6.3034100342e+02 6.3010699463e+02 6.2991302490e+02 6.2969396973e+02 6.2944702148e+02 6.2919799805e+02 6.2901702881e+02 6.2883398438e+02 6.2860998535e+02 6.2831799316e+02 6.2805200195e+02 6.2774798584e+02 6.2743103027e+02 6.2713500977e+02 6.2683398438e+02 6.2652099609e+02 6.2619799805e+02 6.2588000488e+02 6.2560302734e+02 6.2531500244e+02 6.2501000977e+02 6.2469299316e+02 6.2436199951e+02 6.2405603027e+02 6.2376397705e+02 6.2348699951e+02 6.2321301270e+02 6.2293798828e+02 6.2267901611e+02 6.2245098877e+02 6.2220898438e+02 6.2195098877e+02 6.2170098877e+02 6.2147601318e+02 6.2120697021e+02 6.2090802002e+02 6.2059301758e+02
6.3268103027e+02 6.3239898682e+02 6.3211401367e+02 6.3182800293e+02 6.3154602051e+02 6.3126501465e+02 6.3098901367e+02 6.3070697021e+02 6.3042700195e+02 6.3016601563e+02 6.2993701172e+02 6.2974597168e+02 6.2952398682e+02 6.2927801514e+02 6.2902001953e+02 6.2883898926e+02 6.2864801025e+02 6.2840002441e+02 6.2808801270e+02 6.2783801270e+02 6.2755200195e+02 6.2722497559e+02 6.2690002441e+02 6.2659600830e+02 6.2627899170e+02 6.2596099854e+02 6.2565802002e+02 6.2537298584e+02 6.2508099365e+02 6.2478100586e+02 6.2447601318e+02 6.2415197754e+02 6.2385101318e+02 6.2357000732e+02 6.2331097412e+02 6.2303698730e+02 6.2277099609e+02 6.2252099609e+02 6.2228198242e+02 6.2204302979e+02 6.2177697754e+02 6.2151300049e+02 6.2127697754e+02 6.2101300049e+02 6.2070098877e+02 6.2037402344e+02
6.3251202393e+02 6.3222497559e+02 6.3193597412e+02 6.3164801025e+02 6.3136199951e+02 6.3107897949e+02 6.3079901123e+02 6.3051702881e+02 6.3023797607e+02 6.2997900391e+02 6.2975402832e+02 6.2955798340e+02 6.2933099365e+02 6.2908197021e+02 6.2882098389e+02 6.2861499023e+02 6.2840197754e+02 6.2813702393e+02 6.2780902100e+02 6.2755200195e+02 6.2727398682e+02 6.2695397949e+02 6.2662902832e+02 6.2633197021e+02 6.2602398682e+02 6.2571600342e+02 6.2541802979e+02 6.2513098145e+02 6.2484100342e+02 6.2454699707e+02 6.2424401855e+02 6.2393402100e+02 6.2364801025e+02 6.2338098145e+02 6.2312500000e+02 6.2286297607e+02 6.2260699463e+02 6.2235400391e+02 6.2210101318e+02 6.2184497070e+02 6.2157800293e+02 6.2131298828e+02 6.2107098389e+02 6.2079901123e+02 6.2048199463e+02 6.2015301514e+02
6.3234100342e+02 6.3205102539e+02 6.3176300049e+02 6.3147601318e+02 6.3118597412e+02 6.3089898682e+02 6.3061401367e+02 6.3032897949e+02 6.3004699707e+02 6.2978302002e+02 6.2955603027e+02 6.2935400391e+02 6.2911798096e+02 6.2886499023e+02 6.2859899902e+02 6.2835998535e+02 6.2811999512e+02 6.2784100342e+02 6.2750598145e+02 6.2723699951e+02 6.2696301270e+02 6.2665698242e+02 6.2634600830e+02 6.2605499268e+02 6.2576000977e+02 6.2546600342e+02 6.2517401123e+02 6.2488397217e+02 6.2459497070e+02 6.2430401611e+02 6.2400799561e+02 6.2371301270e+02 6.2344201660e+02 6.2319000244e+02 6.2294396973e+02 6.2270300293e+02 6.2246099854e+02 6.2220397949e+02 6.2192700195e+02 6.2164697266e+02 6.2137097168e+02 6.2110601807e+02 6.2085998535e+02 6.2058099365e+02 6.2026098633e+02 6.1993298340e+02
6.3215002441e+02 6.3186499023e+02 6.3158197021e+02 6.3130102539e+02 6.3100897217e+02 6.3071997070e+02 6.3043499756e+02 6.3014801025e+02 6.2985900879e+02 6.2958197021e+02 6.2933599854e+02 6.2912402344e+02 6.2887902832e+02 6.2862097168e+02 6.2832800293e+02 6.2807202148e+02 6.2780297852e+02 6.2752301025e+02 6.2722998047e+02 6.2694299316e+02 6.2666802979e+02 6.2637701416e+02 6.2607800293e+02 6.2578497314e+02 6.2550598145e+02 6.2522497559e+02 6.2494396973e+02 6.2464898682e+02 6.2435198975e+02 6.2405798340e+02 6.2376898193e+02 6.2350299072e+02 6.2324798584e+02 6.2300701904e+02 6.2278198242e+02 6.2256896973e+02 6.2234497070e+02 6.2208898926e+02 6.2179602051e+02 6.2147100830e+02 6.2117700195e+02 6.2090100098e+02 6.2064697266e+02 6.2036102295e+02 6.2004901123e+02 6.1973101807e+02
6.3194598389e+02 6.3166497803e+02 6.3138500977e+02 6.3109899902e+02 6.3081597900e+02 6.3053900146e+02 6.3026397705e+02 6.2998101807e+02 6.2968902588e+02 6.2940100098e+02 6.2913702393e+02 6.2889898682e+02 6.2864898682e+02 6.2838800049e+02 6.2810302734e+02 6.2780999756e+02 6.2752502441e+02 6.2724597168e+02 6.2697399902e+02 6.2668103027e+02 6.2639001465e+02 6.2609698486e+02 6.2580700684e+02 6.2554302979e+02 6.2528100586e+02 6.2501599121e+02 6.2473498535e+02 6.2443200684e+02 6.2412902832e+02 6.2383502197e+02 6.2356097412e+02 6.2331097412e+02 6.2306500244e+02 6.2283001709e+02 6.2261798096e+02 6.2242999268e+02 6.2221697998e+02 6.2196301270e+02 6.2164398193e+02 6.2131402588e+02 6.2100201416e+02 6.2070599365e+02 6.2042901611e+02 6.2014599609e+02 6.1984899902e+02 6.1954998779e+02
6.3175201416e+02 6.3146899414e+02 6.3118402100e+02 6.3090197754e+02 6.3063000488e+02 6.3036401367e+02 6.3010198975e+02 6.2982299805e+02 6.2953002930e+02 6.2923400879e+02 6.2895697021e+02 6.2870800781e+02 6.2845202637e+02 6.2818597412e+02 6.2790197754e+02 6.2760302734e+02 6.2731097412e+02 6.2702502441e+02 6.2674700928e+02 6.2643798828e+02 6.2613702393e+02 6.2584100342e+02 6.2556799316e+02 6.2532598877e+02 6.2507397461e+02 6.2481402588e+02 6.2453002930e+02 6.2422100830e+02 6.2392102051e+02 6.2363397217e+02 6.2337402344e+02 6.2313800049e+02 6.2290301514e+02 6.2267602539e+02 6.2245800781e+02 6.2227600098e+02 6.2206799316e+02 6.2180499268e+02 6.2147900391e+02 6.2114300537e+02 6.2081597900e+02 6.2050799561e+02 6.2022399902e+02 6.1995501709e+02 6.1967297363e+02 6.1938800049e+02
6.3156597900e+02 6.3128002930e+02 6.3098699951e+02 6.3070800781e+02 6.3044702148e+02 6.3019396973e+02 6.2994396973e+02 6.2967297363e+02 6.2938201904e+02 6.2908197021e+02 6.2879602051e+02 6.2854101563e+02 6.2827801514e+02 6.2800598145e+02 6.2771899414e+02 6.2741998291e+02 6.2712200928e+02 6.2683001709e+02 6.2654901123e+02 6.2624102783e+02 6.2594000244e+02 6.2564599609e+02 6.2537799072e+02 6.2513897705e+02 6.2488598633e+02 6.2462200928e+02 6.2433099365e+02 6.2402301025e+02 6.2372998047e+02 6.2345397949e+02 6.2320800781e+02 6.2298699951e+02 6.2276300049e+02 6.2254199219e+02 6.2231298828e+02 6.2212701416e+02 6.2191900635e+02 6.2164599609e+02 6.2131097412e+02 6.2096997070e+02 6.2063598633e+02 6.2032000732e+02 6.2003302002e+02 6.1977697754e+02 6.1950897217e+02 6.1923797607e+02
6.3138201904e+02 6.3109399414e+02 6.3079101563e+02 6.3052001953e+02 6.3027099609e+02 6.3003399658e+02 6.2981402588e+02 6.2953100586e+02 6.2923602295e+02 6.2892999268e+02 6.2864801025e+02 6.2840399170e+02 6.2813299561e+02 6.2785101318e+02 6.2755603027e+02 6.2725299072e+02 6.2695098877e+02 6.2665100098e+02 6.2636401367e+02 6.2610498047e+02 6.2582397461e+02 6.2553198242e+02 6.2523999023e+02 6.2497601318e+02 6.2471002197e+02 6.2442797852e+02 6.2410998535e+02 6.2382800293e+02 6.2355200195e+02 6.2329699707e+02 6.2307897949e+02 6.2285601807e+02 6.2264099121e+02 6.2242297363e+02 6.2220697021e+02 6.2200402832e+02 6.2178497314e+02 6.2150299072e+02 6.2116699219e+02 6.2079699707e+02 6.2045202637e+02 6.2013598633e+02 6.1984399414e+02 6.1959899902e+02 6.1934899902e+02 6.1909600830e+02
6.3121899414e+02 6.3092199707e+02 6.3063500977e+02 6.3036297607e+02 6.3010699463e+02 6.2986499023e+02 6.2962902832e+02 6.2936401367e+02 6.2907501221e+02 6.2878100586e+02 6.2851501465e+02 6.2826599121e+02 6.2798699951e+02 6.2769702148e+02 6.2739300537e+02 6.2709002686e+02 6.2678698730e+02 6.2648699951e+02 6.2619799805e+02 6.2594799805e+02 6.2568103027e+02 6.2539398193e+02 6.2508398438e+02 6.2480200195e+02 6.2451800537e+02 6.2422601318e+02 6.2393701172e+02 6.2366302490e+02 6.2339898682e+02 6.2315399170e+02 6.2294299316e+02 6.2273797607e+02 6.2252502441e+02 6.2230999756e+02 6.2209100342e+02 6.2189001465e+02 6.2165301514e+02 6.2135797119e+02 6.2099597168e+02 6.2060302734e+02 6.2023699951e+02 6.1991802979e+02 6.1965600586e+02 6.1942401123e+02 6.1918701172e+02 6.1894598389e+02
6.3109100342e+02 6.3078399658e+02 6.3049200439e+02 6.3020202637e+02 6.2992700195e+02 6.2966900635e+02 6.2943103027e+02 6.2918402100e+02 6.2891101074e+02 6.2863397217e+02 6.2837597656e+02 6.2811102295e+02 6.2782598877e+02 6.2753399658e+02 6.2723602295e+02 6.2693597412e+02 6.2663598633e+02 6.2633898926e+02 6.2604797363e+02 6.2579400635e+02 6.2552899170e+02 6.2524798584e+02 6.2494097900e+02 6.2464898682e+02 6.2436499023e+02 6.2408001709e+02 6.2380200195e+02 6.2353802490e+02 6.2327398682e+02 6.2302398682e+02 6.2280603027e+02 6.2260601807e+02 6.2239398193e+02 6.2217901611e+02 6.2195898438e+02 6.2174798584e+02 6.2149902344e+02 6.2119201660e+02 6.2081500244e+02 6.2041198730e+02 6.2004602051e+02 6.1973101807e+02 6.1948297119e+02 6.1926702881e+02 6.1903497314e+02 6.1879797363e+02
6.3097100830e+02 6.3065399170e+02 6.3035498047e+02 6.3004199219e+02 6.2974597168e+02 6.2947198486e+02 6.2924102783e+02 6.2901397705e+02 6.2875500488e+02 6.2849102783e+02 6.2823199463e+02 6.2794897461e+02 6.2765899658e+02 6.2736901855e+02 6.2707897949e+02 6.2678698730e+02 6.2649200439e+02 6.2619897461e+02 6.2591198730e+02 6.2565899658e+02 6.2539801025e+02 6.2512097168e+02 6.2481799316e+02 6.2453198242e+02 6.2425598145e+02 6.2397900391e+02 6.2370202637e+02 6.2343701172e+02 6.2316900635e+02 6.2290502930e+02 6.2266802979e+02 6.2246301270e+02 6.2224597168e+02 6.2202697754e+02 6.2180200195e+02 6.2158099365e+02 6.2132098389e+02 6.2100897217e+02 6.2063201904e+02 6.2024200439e+02 6.1989099121e+02 6.1958502197e+02 6.1933697510e+02 6.1912097168e+02 6.1889099121e+02 6.1865802002e+02
6.3084600830e+02 6.3052301025e+02 6.3021197510e+02 6.2989300537e+02 6.2959002686e+02 6.2932000732e+02 6.2909002686e+02 6.2885498047e+02 6.2861499023e+02 6.2835900879e+02 6.2807800293e+02 6.2776800537e+02 6.2747399902e+02 6.2719299316e+02 6.2691400146e+02 6.2663000488e+02 6.2634002686e+02 6.2605297852e+02 6.2576898193e+02 6.2553497314e+02 6.2528002930e+02 6.2500799561e+02 6.2472100830e+02 6.2443798828e+02 6.2416497803e+02 6.2389202881e+02 6.2361199951e+02 6.2335400391e+02 6.2307897949e+02 6.2280102539e+02 6.2254101563e+02 6.2230102539e+02 6.2207501221e+02 6.2184997559e+02 6.2161700439e+02 6.2138897705e+02 6.2112298584e+02 6.2081298828e+02 6.2044396973e+02 6.2009100342e+02 6.1977099609e+02 6.1948400879e+02 6.1924102783e+02 6.1899200439e+02 6.1875299072e+02 6.1851702881e+02
6.3071997070e+02 6.3040100098e+02 6.3008197021e+02 6.2976098633e+02 6.2946997070e+02 6.2920898438e+02 6.2896398926e+02 6.2873101807e+02 6.2849401855e+02 6.2822601318e+02 6.2792498779e+02 6.2760302734e+02 6.2731097412e+02 6.2703802490e+02 6.2676898193e+02 6.2647497559e+02 6.2618200684e+02 6.2589898682e+02 6.2563397217e+02 6.2540502930e+02 6.2515997314e+02 6.2489801025e+02 6.2461602783e+02 6.2433898926e+02 6.2407397461e+02 6.2380999756e+02 6.2353698730e+02 6.2326300049e+02 6.2298199463e+02 6.2269702148e+02 6.2241198730e+02 6.2214300537e+02 6.2189697266e+02 6.2166198730e+02 6.2142901611e+02 6.2119299316e+02 6.2092901611e+02 6.2062402344e+02 6.2027801514e+02 6.1994598389e+02 6.1965002441e+02 6.1938201904e+02 6.1912097168e+02 6.1885699463e+02 6.1860601807e+02 6.1836499023e+02
6.3059497070e+02 6.3027899170e+02 6.2996002197e+02 6.2964599609e+02 6.2935998535e+02 6.2909997559e+02 6.2885900879e+02 6.2862902832e+02 6.2837799072e+02 6.2809197998e+02 6.2776898193e+02 6.2745098877e+02 6.2716900635e+02 6.2690698242e+02 6.2663800049e+02 6.2633599854e+02 6.2604302979e+02 6.2576501465e+02 6.2551501465e+02 6.2529302979e+02 6.2505102539e+02 6.2479602051e+02 6.2451800537e+02 6.2425402832e+02 6.2400097656e+02 6.2374499512e+02 6.2347198486e+02 6.2318499756e+02 6.2289398193e+02 6.2259497070e+02 6.2229101563e+02 6.2199700928e+02 6.2173199463e+02 6.2148297119e+02 6.2124499512e+02 6.2101000977e+02 6.2075000000e+02 6.2045202637e+02 6.2011798096e+02 6.1979797363e+02 6.1951300049e+02 6.1925201416e+02 6.1898602295e+02 6.1871502686e+02 6.1846398926e+02 6.1822497559e+02
6.3046301270e+02 6.3015197754e+02 6.2983599854e+02 6.2953497314e+02 6.2925701904e+02 6.2899700928e+02 6.2875402832e+02 6.2851702881e+02 6.2825097656e+02 6.2794897461e+02 6.2760699463e+02 6.2729699707e+02 6.2702899170e+02 6.2678002930e+02 6.2651800537e+02 6.2621301270e+02 6.2592297363e+02 6.2565100098e+02 6.2541400146e+02 6.2519396973e+02 6.2495098877e+02 6.2469799805e+02 6.2442901611e+02 6.2418298340e+02 6.2393902588e+02 6.2368402100e+02 6.2340698242e+02 6.2310900879e+02 6.2280499268e+02 6.2249102783e+02 6.2217102051e+02 6.2185699463e+02 6.2157397461e+02 6.2131097412e+02 6.2106701660e+02 6.2083599854e+02 6.2057897949e+02 6.2028802490e+02 6.1995898438e+02 6.1964599609e+02 6.1936401367e+02 6.1910400391e+02 6.1884100342e+02 6.1857702637e+02 6.1833001709e+02 6.1809497070e+02
6.3031201172e+02 6.3000500488e+02 6.2968798828e+02 6.2941101074e+02 6.2913598633e+02 6.2887298584e+02 6.2862402344e+02 6.2837701416e+02 6.2809100342e+02 6.2777697754e+02 6.2743103027e+02 6.2712902832e+02 6.2687097168e+02 6.2663500977e+02 6.2638000488e+02 6.2610198975e+02 6.2582598877e+02 6.2556097412e+02 6.2532202148e+02 6.2509100342e+02 6.2484497070e+02 6.2459802246e+02 6.2436199951e+02 6.2412097168e+02 6.2387902832e+02 6.2362097168e+02 6.2334997559e+02 6.2302697754e+02 6.2270697021e+02 6.2238201904e+02 6.2205102539e+02 6.2172399902e+02 6.2142401123e+02 6.2114697266e+02 6.2090997314e+02 6.2066101074e+02 6.2039697266e+02 6.2011102295e+02 6.1980102539e+02 6.1949798584e+02 6.1921697998e+02 6.1894799805e+02 6.1867297363e+02 6.1843499756e+02 6.1820599365e+02 6.1799200439e+02
6.3011901855e+02 6.2982299805e+02 6.2954199219e+02 6.2927197266e+02 6.2899401855e+02 6.2872100830e+02 6.2846801758e+02 6.2820697021e+02 6.2790802002e+02 6.2759100342e+02 6.2725701904e+02 6.2695397949e+02 6.2670202637e+02 6.2647198486e+02 6.2624798584e+02 6.2599298096e+02 6.2573297119e+02 6.2547601318e+02 6.2522497559e+02 6.2497998047e+02 6.2473797607e+02 6.2449902344e+02 6.2427600098e+02 6.2405297852e+02 6.2380902100e+02 6.2354797363e+02 6.2325598145e+02 6.2292401123e+02 6.2259497070e+02 6.2226501465e+02 6.2192999268e+02 6.2159802246e+02 6.2128302002e+02 6.2098901367e+02 6.2073602295e+02 6.2047198486e+02 6.2019799805e+02 6.1991802979e+02 6.1962902832e+02 6.1934698486e+02 6.1907598877e+02 6.1881402588e+02 6.1855499268e+02 6.1831701660e+02 6.1810302734e+02 6.1790399170e+02
6.2994598389e+02 6.2965997314e+02 6.2939801025e+02 6.2913500977e+02 6.2885302734e+02 6.2857397461e+02 6.2830700684e+02 6.2803399658e+02 6.2773400879e+02 6.2742102051e+02 6.2710198975e+02 6.2681298828e+02 6.2656896973e+02 6.2634399414e+02 6.2612597656e+02 6.2588098145e+02 6.2562902832e+02 6.2537902832e+02 6.2513000488e+02 6.2488397217e+02 6.2464202881e+02 6.2440100098e+02 6.2417700195e+02 6.2395501709e+02 6.2370800781e+02 6.2344201660e+02 6.2314300537e+02 6.2280499268e+02 6.2247198486e+02 6.2214001465e+02 6.2180700684e+02 6.2147399902e+02 6.2114599609e+02 6.2083502197e+02 6.2056097412e+02 6.2028802490e+02 6.2001202393e+02 6.1973901367e+02 6.1946697998e+02 6.1920300293e+02 6.1894500732e+02 6.1869396973e+02 6.1845098877e+02 6.1822302246e+02 6.1801202393e+02 6.1781201172e+02
6.2979199219e+02 6.2951300049e+02 6.2926098633e+02 6.2900000000e+02 6.2871600342e+02 6.2843200684e+02 6.2815301514e+02 6.2786999512e+02 6.2757202148e+02 6.2727001953e+02 6.2697302246e+02 6.2670098877e+02 6.2646099854e+02 6.2623602295e+02 6.2601098633e+02 6.2576599121e+02 6.2552099609e+02 6.2527697754e+02 6.2503302002e+02 6.2478997803e+02 6.2454602051e+02 6.2429998779e+02 6.2406402588e+02 6.2383099365e+02 6.2357702637e+02 6.2330603027e+02 6.2300897217e+02 6.2267498779e+02 6.2234002686e+02 6.2200701904e+02 6.2168298340e+02 6.2135302734e+02 6.2101501465e+02 6.2068597412e+02 6.2039202881e+02 6.2011499023e+02 6.1983898926e+02 6.1957098389e+02 6.1931701660e+02 6.1907000732e+02 6.1882598877e+02 6.1858697510e+02 6.1835699463e+02 6.1813500977e+02 6.1792401123e+02 6.1772100830e+02
