TESTSERVER/7/3.asc
NCOLS 100
NROWS 100
XLLCORNER 7.8497500000e+03
YLLCORNER 2.8980025000e+05
CELLSIZE 5.0000000000e-01
NODATA_VALUE -9.9990000000e+03
[rows 40 to 59 of 100, columns 0 to 45 of 100]
6.2966497803e+02 6.2939300537e+02 6.2914697266e+02 6.2887597656e+02 6.2859100342e+02 6.2830200195e+02 6.2801202393e+02 6.2771997070e+02 6.2743103027e+02 6.2714501953e+02 6.2687597656e+02 6.2661499023e+02 6.2637097168e+02 6.2613397217e+02 6.2588500977e+02 6.2564099121e+02 6.2540197754e+02 6.2516601563e+02 6.2492999268e+02 6.2469702148e+02 6.2445501709e+02 6.2420501709e+02 6.2395098877e+02 6.2368902588e+02 6.2342297363e+02 6.2314801025e+02 6.2286602783e+02 6.2254101563e+02 6.2219299316e+02 6.2185601807e+02 6.2155603027e+02 6.2124102783e+02 6.2089697266e+02 6.2055200195e+02 6.2023199463e+02 6.1995800781e+02 6.1969000244e+02 6.1943499756e+02 6.1919396973e+02 6.1894799805e+02 6.1871899414e+02 6.1849499512e+02 6.1828302002e+02 6.1806402588e+02 6.1785498047e+02 6.1764202881e+02
6.2955999756e+02 6.2929699707e+02 6.2903601074e+02 6.2875799561e+02 6.2846697998e+02 6.2817199707e+02 6.2787902832e+02 6.2759399414e+02 6.2731298828e+02 6.2703698730e+02 6.2676397705e+02 6.2650402832e+02 6.2625201416e+02 6.2600402832e+02 6.2575500488e+02 6.2551202393e+02 6.2528302002e+02 6.2505902100e+02 6.2482800293e+02 6.2459197998e+02 6.2435400391e+02 6.2410699463e+02 6.2383502197e+02 6.2355700684e+02 6.2327197266e+02 6.2298101807e+02 6.2269299316e+02 6.2238397217e+02 6.2203497314e+02 6.2171197510e+02 6.2143798828e+02 6.2111999512e+02 6.2078002930e+02 6.2044000244e+02 6.2012298584e+02 6.1984301758e+02 6.1957598877e+02 6.1932397461e+02 6.1907202148e+02 6.1882897949e+02 6.1860498047e+02 6.1838897705e+02 6.1818298340e+02 6.1798999023e+02 6.1777801514e+02 6.1754797363e+02
6.2945697021e+02 6.2919702148e+02 6.2892700195e+02 6.2863500977e+02 6.2833697510e+02 6.2803497314e+02 6.2773797607e+02 6.2746600342e+02 6.2719598389e+02 6.2692602539e+02 6.2665399170e+02 6.2639001465e+02 6.2613397217e+02 6.2588000488e+02 6.2562701416e+02 6.2538500977e+02 6.2515899658e+02 6.2493701172e+02 6.2470697021e+02 6.2446301270e+02 6.2422198486e+02 6.2397100830e+02 6.2369702148e+02 6.2341101074e+02 6.2311602783e+02 6.2281298828e+02 6.2251898193e+02 6.2221600342e+02 6.2188098145e+02 6.2157800293e+02 6.2131201172e+02 6.2099401855e+02 6.2065997314e+02 6.2032598877e+02 6.2001098633e+02 6.1972198486e+02 6.1945202637e+02 6.1919799805e+02 6.1895001221e+02 6.1870898438e+02 6.1848901367e+02 6.1827801514e+02 6.1808001709e+02 6.1788500977e+02 6.1766497803e+02 6.1742102051e+02
6.2935601807e+02 6.2909497070e+02 6.2881701660e+02 6.2851202393e+02 6.2820599365e+02 6.2789801025e+02 6.2760302734e+02 6.2735198975e+02 6.2709197998e+02 6.2682202148e+02 6.2654699707e+02 6.2628497314e+02 6.2602398682e+02 6.2576397705e+02 6.2550097656e+02 6.2525097656e+02 6.2502001953e+02 6.2479302979e+02 6.2456097412e+02 6.2431500244e+02 6.2406597900e+02 6.2380798340e+02 6.2353198242e+02 6.2325000000e+02 6.2295202637e+02 6.2264398193e+02 6.2234002686e+02 6.2203399658e+02 6.2171697998e+02 6.2142999268e+02 6.2117102051e+02 6.2085998535e+02 6.2053198242e+02 6.2020397949e+02 6.1988397217e+02 6.1958197021e+02 6.1931201172e+02 6.1905999756e+02 6.1882098389e+02 6.1858697510e+02 6.1837097168e+02 6.1816601563e+02 6.1796899414e+02 6.1776300049e+02 6.1753198242e+02 6.1727502441e+02
6.2923999023e+02 6.2898602295e+02 6.2872100830e+02 6.2839099121e+02 6.2807501221e+02 6.2777001953e+02 6.2751898193e+02 6.2727197266e+02 6.2701000977e+02 6.2673199463e+02 6.2645898438e+02 6.2618902588e+02 6.2592401123e+02 6.2565698242e+02 6.2538500977e+02 6.2511401367e+02 6.2486901855e+02 6.2463098145e+02 6.2439898682e+02 6.2415399170e+02 6.2389501953e+02 6.2362402344e+02 6.2334197998e+02 6.2306896973e+02 6.2277600098e+02 6.2247302246e+02 6.2215698242e+02 6.2184197998e+02 6.2154498291e+02 6.2127099609e+02 6.2100598145e+02 6.2072497559e+02 6.2040997314e+02 6.2008599854e+02 6.1974902344e+02 6.1942602539e+02 6.1915997314e+02 6.1891497803e+02 6.1868902588e+02 6.1846899414e+02 6.1826098633e+02 6.1805999756e+02 6.1786401367e+02 6.1762200928e+02 6.1737902832e+02 6.1711102295e+02
6.2912799072e+02 6.2887500000e+02 6.2859600830e+02 6.2827001953e+02 6.2796502686e+02 6.2768402100e+02 6.2743298340e+02 6.2718597412e+02 6.2691998291e+02 6.2664398193e+02 6.2636901855e+02 6.2609497070e+02 6.2581896973e+02 6.2554199219e+02 6.2525097656e+02 6.2497302246e+02 6.2472399902e+02 6.2448699951e+02 6.2425799561e+02 6.2400402832e+02 6.2373400879e+02 6.2345501709e+02 6.2317498779e+02 6.2289300537e+02 6.2260400391e+02 6.2230798340e+02 6.2199902344e+02 6.2168298340e+02 6.2139697266e+02 6.2113000488e+02 6.2087200928e+02 6.2059997559e+02 6.2028802490e+02 6.1995697021e+02 6.1959301758e+02 6.1926501465e+02 6.1900701904e+02 6.1877398682e+02 6.1854998779e+02 6.1832598877e+02 6.1810699463e+02 6.1788897705e+02 6.1766497803e+02 6.1742602539e+02 6.1719598389e+02 6.1693103027e+02
6.2900897217e+02 6.2874902344e+02 6.2846197510e+02 6.2814398193e+02 6.2784802246e+02 6.2757702637e+02 6.2733001709e+02 6.2708001709e+02 6.2681597900e+02 6.2654199219e+02 6.2626397705e+02 6.2597998047e+02 6.2569598389e+02 6.2541101074e+02 6.2511602783e+02 6.2483599854e+02 6.2458599854e+02 6.2434698486e+02 6.2411401367e+02 6.2385302734e+02 6.2357702637e+02 6.2329199219e+02 6.2300897217e+02 6.2272998047e+02 6.2244500732e+02 6.2215399170e+02 6.2185101318e+02 6.2154498291e+02 6.2126397705e+02 6.2099597168e+02 6.2073602295e+02 6.2045202637e+02 6.2012500000e+02 6.1978100586e+02 6.1941101074e+02 6.1908398438e+02 6.1883300781e+02 6.1861199951e+02 6.1840002441e+02 6.1816400146e+02 6.1793402100e+02 6.1770800781e+02 6.1746899414e+02 6.1723901367e+02 6.1702502441e+02 6.1676397705e+02
6.2887701416e+02 6.2861102295e+02 6.2832000732e+02 6.2800500488e+02 6.2771301270e+02 6.2744598389e+02 6.2720300293e+02 6.2695697021e+02 6.2669598389e+02 6.2642602539e+02 6.2614697266e+02 6.2585601807e+02 6.2557000732e+02 6.2528002930e+02 6.2498999023e+02 6.2471697998e+02 6.2445898438e+02 6.2420800781e+02 6.2396099854e+02 6.2369702148e+02 6.2341802979e+02 6.2313299561e+02 6.2285101318e+02 6.2257598877e+02 6.2229498291e+02 6.2200799561e+02 6.2171398926e+02 6.2142102051e+02 6.2114202881e+02 6.2086901855e+02 6.2059899902e+02 6.2029302979e+02 6.1994201660e+02 6.1958001709e+02 6.1920697021e+02 6.1889300537e+02 6.1865100098e+02 6.1844097900e+02 6.1824200439e+02 6.1800201416e+02 6.1776898193e+02 6.1754199219e+02 6.1730499268e+02 6.1709100342e+02 6.1688397217e+02 6.1661999512e+02
6.2874200439e+02 6.2846899414e+02 6.2818103027e+02 6.2786102295e+02 6.2756799316e+02 6.2729699707e+02 6.2704101563e+02 6.2680603027e+02 6.2655297852e+02 6.2629302979e+02 6.2601501465e+02 6.2573797607e+02 6.2545300293e+02 6.2516497803e+02 6.2488201904e+02 6.2460998535e+02 6.2433502197e+02 6.2405902100e+02 6.2378601074e+02 6.2353601074e+02 6.2326599121e+02 6.2298498535e+02 6.2270001221e+02 6.2242999268e+02 6.2215802002e+02 6.2188397217e+02 6.2160797119e+02 6.2130999756e+02 6.2102899170e+02 6.2073999023e+02 6.2041802979e+02 6.2010797119e+02 6.1973602295e+02 6.1935900879e+02 6.1898999023e+02 6.1870001221e+02 6.1845697021e+02 6.1824902344e+02 6.1805401611e+02 6.1785302734e+02 6.1763397217e+02 6.1741601563e+02 6.1721398926e+02 6.1699499512e+02 6.1676098633e+02 6.1647900391e+02
6.2859899902e+02 6.2832202148e+02 6.2803997803e+02 6.2772802734e+02 6.2743701172e+02 6.2716601563e+02 6.2691101074e+02 6.2666900635e+02 6.2642700195e+02 6.2617797852e+02 6.2591101074e+02 6.2563299561e+02 6.2534899902e+02 6.2505798340e+02 6.2476098633e+02 6.2447698975e+02 6.2419396973e+02 6.2391101074e+02 6.2364697266e+02 6.2340502930e+02 6.2314099121e+02 6.2285998535e+02 6.2256896973e+02 6.2228900146e+02 6.2201702881e+02 6.2174902344e+02 6.2147802734e+02 6.2120001221e+02 6.2092498779e+02 6.2063397217e+02 6.2031298828e+02 6.1995098877e+02 6.1956298828e+02 6.1919097900e+02 6.1885101318e+02 6.1856402588e+02 6.1831799316e+02 6.1810699463e+02 6.1792602539e+02 6.1772900391e+02 6.1752502441e+02 6.1731597900e+02 6.1710699463e+02 6.1688702393e+02 6.1662902832e+02 6.1634100342e+02
6.2843298340e+02 6.2816101074e+02 6.2789001465e+02 6.2759399414e+02 6.2731402588e+02 6.2704699707e+02 6.2679400635e+02 6.2655603027e+02 6.2631701660e+02 6.2607397461e+02 6.2580902100e+02 6.2553002930e+02 6.2524499512e+02 6.2495001221e+02 6.2463800049e+02 6.2433398438e+02 6.2405401611e+02 6.2378601074e+02 6.2353601074e+02 6.2329199219e+02 6.2302197266e+02 6.2273498535e+02 6.2244299316e+02 6.2215899658e+02 6.2188299561e+02 6.2161199951e+02 6.2134997559e+02 6.2108801270e+02 6.2082000732e+02 6.2053497314e+02 6.2022198486e+02 6.1983898926e+02 6.1943499756e+02 6.1906097412e+02 6.1873498535e+02 6.1846002197e+02 6.1822100830e+02 6.1801098633e+02 6.1782000732e+02 6.1762097168e+02 6.1741998291e+02 6.1721301270e+02 6.1700201416e+02 6.1677301025e+02 6.1650799561e+02 6.1621697998e+02
6.2825897217e+02 6.2799499512e+02 6.2774200439e+02 6.2746502686e+02 6.2719500732e+02 6.2693298340e+02 6.2667797852e+02 6.2644097900e+02 6.2620501709e+02 6.2596398926e+02 6.2570501709e+02 6.2542602539e+02 6.2513800049e+02 6.2483697510e+02 6.2451599121e+02 6.2419897461e+02 6.2393103027e+02 6.2368902588e+02 6.2345098877e+02 6.2319299316e+02 6.2290802002e+02 6.2260797119e+02 6.2231896973e+02 6.2203900146e+02 6.2175897217e+02 6.2148602295e+02 6.2122399902e+02 6.2097100830e+02 6.2071002197e+02 6.2042999268e+02 6.2012298584e+02 6.1972198486e+02 6.1931298828e+02 6.1894500732e+02 6.1862701416e+02 6.1836700439e+02 6.1813397217e+02 6.1792602539e+02 6.1772998047e+02 6.1752899170e+02 6.1733001709e+02 6.1712200928e+02 6.1690600586e+02 6.1666497803e+02 6.1639300537e+02 6.1610198975e+02
6.2809497070e+02 6.2784497070e+02 6.2759802246e+02 6.2735601807e+02 6.2710101318e+02 6.2683898926e+02 6.2658398438e+02 6.2631500244e+02 6.2607598877e+02 6.2583697510e+02 6.2559002686e+02 6.2531896973e+02 6.2502600098e+02 6.2471801758e+02 6.2438800049e+02 6.2408398438e+02 6.2383300781e+02 6.2361199951e+02 6.2339501953e+02 6.2309802246e+02 6.2279101563e+02 6.2247900391e+02 6.2218402100e+02 6.2192498779e+02 6.2165197754e+02 6.2138000488e+02 6.2111999512e+02 6.2085797119e+02 6.2059698486e+02 6.2031701660e+02 6.1999798584e+02 6.1958502197e+02 6.1919396973e+02 6.1884497070e+02 6.1853900146e+02 6.1826202393e+02 6.1803302002e+02 6.1783197021e+02 6.1764898682e+02 6.1745800781e+02 6.1726098633e+02 6.1705297852e+02 6.1683099365e+02 6.1654901123e+02 6.1626300049e+02 6.1597998047e+02
6.2797497559e+02 6.2773400879e+02 6.2750000000e+02 6.2726397705e+02 6.2700598145e+02 6.2673297119e+02 6.2644598389e+02 6.2617999268e+02 6.2593701172e+02 6.2570098877e+02 6.2546197510e+02 6.2519299316e+02 6.2490301514e+02 6.2460400391e+02 6.2429199219e+02 6.2400299072e+02 6.2376202393e+02 6.2353802490e+02 6.2328997803e+02 6.2297998047e+02 6.2267199707e+02 6.2236602783e+02 6.2207299805e+02 6.2180902100e+02 6.2154699707e+02 6.2128002930e+02 6.2101702881e+02 6.2077099609e+02 6.2050598145e+02 6.2021697998e+02 6.1989300537e+02 6.1948602295e+02 6.1911199951e+02 6.1877801514e+02 6.1847998047e+02 6.1819702148e+02 6.1795697021e+02 6.1775701904e+02 6.1757598877e+02 6.1737902832e+02 6.1717999268e+02 6.1696801758e+02 6.1672198486e+02 6.1641198730e+02 6.1611999512e+02 6.1585797119e+02
6.2787200928e+02 6.2763800049e+02 6.2741302490e+02 6.2716802979e+02 6.2689501953e+02 6.2660797119e+02 6.2631298828e+02 6.2604602051e+02 6.2580297852e+02 6.2556701660e+02 6.2532702637e+02 6.2505200195e+02 6.2476397705e+02 6.2447497559e+02 6.2418200684e+02 6.2391101074e+02 6.2367102051e+02 6.2343402100e+02 6.2315899658e+02 6.2284802246e+02 6.2254699707e+02 6.2225097656e+02 6.2196502686e+02 6.2170001221e+02 6.2143902588e+02 6.2117700195e+02 6.2092297363e+02 6.2068298340e+02 6.2041400146e+02 6.2011798096e+02 6.1978601074e+02 6.1939501953e+02 6.1903698730e+02 6.1871301270e+02 6.1842401123e+02 6.1813800049e+02 6.1789099121e+02 6.1768499756e+02 6.1750000000e+02 6.1728997803e+02 6.1708300781e+02 6.1686401367e+02 6.1660400391e+02 6.1628698730e+02 6.1600500488e+02 6.1576098633e+02
6.2778100586e+02 6.2755200195e+02 6.2733398438e+02 6.2708001709e+02 6.2679302979e+02 6.2649499512e+02 6.2618701172e+02 6.2591400146e+02 6.2566699219e+02 6.2542700195e+02 6.2518402100e+02 6.2490002441e+02 6.2461102295e+02 6.2432800293e+02 6.2405102539e+02 6.2379797363e+02 6.2355499268e+02 6.2329998779e+02 6.2300402832e+02 6.2270202637e+02 6.2241400146e+02 6.2213397217e+02 6.2185601807e+02 6.2159100342e+02 6.2133599854e+02 6.2108099365e+02 6.2083599854e+02 6.2059600830e+02 6.2032098389e+02 6.2001898193e+02 6.1967602539e+02 6.1930102539e+02 6.1895800781e+02 6.1864202881e+02 6.1834698486e+02 6.1805200195e+02 6.1779998779e+02 6.1759002686e+02 6.1740600586e+02 6.1719000244e+02 6.1697497559e+02 6.1674902344e+02 6.1648101807e+02 6.1616699219e+02 6.1589898682e+02 6.1567602539e+02
6.2769201660e+02 6.2746301270e+02 6.2723901367e+02 6.2698999023e+02 6.2670098877e+02 6.2639599609e+02 6.2607702637e+02 6.2579101563e+02 6.2553302002e+02 6.2528399658e+02 6.2502001953e+02 6.2473901367e+02 6.2445202637e+02 6.2417498779e+02 6.2391802979e+02 6.2366601563e+02 6.2341101074e+02 6.2313598633e+02 6.2281896973e+02 6.2254797363e+02 6.2228002930e+02 6.2201898193e+02 6.2175897217e+02 6.2148999023e+02 6.2124102783e+02 6.2098999023e+02 6.2074499512e+02 6.2050500488e+02 6.2021801758e+02 6.1990399170e+02 6.1955401611e+02 6.1920898438e+02 6.1888201904e+02 6.1856597900e+02 6.1823999023e+02 6.1792297363e+02 6.1765899658e+02 6.1744097900e+02 6.1724597168e+02 6.1706500244e+02 6.1684802246e+02 6.1661999512e+02 6.1636401367e+02 6.1606201172e+02 6.1580999756e+02 6.1561499023e+02
6.2759399414e+02 6.2735797119e+02 6.2713201904e+02 6.2687799072e+02 6.2659899902e+02 6.2630102539e+02 6.2597802734e+02 6.2567901611e+02 6.2540802002e+02 6.2514398193e+02 6.2487799072e+02 6.2458697510e+02 6.2429998779e+02 6.2402301025e+02 6.2376501465e+02 6.2351501465e+02 6.2324902344e+02 6.2296697998e+02 6.2267401123e+02 6.2240197754e+02 6.2213702393e+02 6.2188098145e+02 6.2162500000e+02 6.2137902832e+02 6.2114001465e+02 6.2089898682e+02 6.2067901611e+02 6.2044097900e+02 6.2014001465e+02 6.1980902100e+02 6.1947399902e+02 6.1915100098e+02 6.1882202148e+02 6.1848699951e+02 6.1811999512e+02 6.1777502441e+02 6.1748999023e+02 6.1725799561e+02 6.1708398438e+02 6.1690502930e+02 6.1670300293e+02 6.1648901367e+02 6.1624298096e+02 6.1594799805e+02 6.1571099854e+02 6.1554797363e+02
6.2750402832e+02 6.2726098633e+02 6.2702801514e+02 6.2677502441e+02 6.2649902344e+02 6.2620697021e+02 6.2589099121e+02 6.2558502197e+02 6.2530401611e+02 6.2502899170e+02 6.2475402832e+02 6.2445300293e+02 6.2416101074e+02 6.2387902832e+02 6.2362097168e+02 6.2336901855e+02 6.2309802246e+02 6.2281597900e+02 6.2253198242e+02 6.2226202393e+02 6.2199700928e+02 6.2174200439e+02 6.2149401855e+02 6.2126501465e+02 6.2104302979e+02 6.2082098389e+02 6.2062097168e+02 6.2037902832e+02 6.2006701660e+02 6.1972399902e+02 6.1938299561e+02 6.1906701660e+02 6.1873199463e+02 6.1838299561e+02 6.1798797607e+02 6.1761499023e+02 6.1731597900e+02 6.1707897949e+02 6.1691802979e+02 6.1676098633e+02 6.1657299805e+02 6.1637298584e+02 6.1613598633e+02 6.1585198975e+02 6.1563299561e+02 6.1549102783e+02
6.2742102051e+02 6.2716900635e+02 6.2693103027e+02 6.2667498779e+02 6.2640002441e+02 6.2611199951e+02 6.2580700684e+02 6.2550598145e+02 6.2522100830e+02 6.2494000244e+02 6.2464801025e+02 6.2433300781e+02 6.2403497314e+02 6.2375097656e+02 6.2349298096e+02 6.2323901367e+02 6.2296301270e+02 6.2267999268e+02 6.2240197754e+02 6.2213397217e+02 6.2186901855e+02 6.2161700439e+02 6.2137500000e+02 6.2116198730e+02 6.2095697021e+02 6.2075201416e+02 6.2056201172e+02 6.2030499268e+02 6.1997998047e+02 6.1962402344e+02 6.1927099609e+02 6.1894799805e+02 6.1860601807e+02 6.1824700928e+02 6.1784197998e+02 6.1745599365e+02 6.1714801025e+02 6.1690899658e+02 6.1675897217e+02 6.1662402344e+02 6.1645397949e+02 6.1627398682e+02 6.1604901123e+02 6.1578002930e+02 6.1558099365e+02 6.1545501709e+02
