TESTSERVER/7/4.asc
NCOLS 100
NROWS 100
XLLCORNER 7.8497500000e+03
YLLCORNER 2.8975025000e+05
CELLSIZE 5.0000000000e-01
NODATA_VALUE -9.9990000000e+03
[rows 20 to 39 of 100, columns 0 to 45 of 100]
6.2948400879e+02 6.2909301758e+02 6.2873498535e+02 6.2847698975e+02 6.2822802734e+02 6.2797698975e+02 6.2773498535e+02 6.2752502441e+02 6.2735699463e+02 6.2715002441e+02 6.2685797119e+02 6.2655200195e+02 6.2624700928e+02 6.2595202637e+02 6.2566699219e+02 6.2535900879e+02 6.2506500244e+02 6.2476599121e+02 6.2444500732e+02 6.2408801270e+02 6.2374298096e+02 6.2339898682e+02 6.2306402588e+02 6.2278302002e+02 6.2253002930e+02 6.2230297852e+02 6.2207501221e+02 6.2183197021e+02 6.2158099365e+02 6.2132800293e+02 6.2104699707e+02 6.2080401611e+02 6.2054699707e+02 6.2029199219e+02 6.2003997803e+02 6.1980798340e+02 6.1952301025e+02 6.1920202637e+02 6.1887701416e+02 6.1862597656e+02 6.1837902832e+02 6.1815899658e+02 6.1797302246e+02 6.1775897217e+02 6.1753900146e+02 6.1725701904e+02
6.2965197754e+02 6.2925402832e+02 6.2889898682e+02 6.2861401367e+02 6.2838897705e+02 6.2819000244e+02 6.2796899414e+02 6.2771801758e+02 6.2750097656e+02 6.2729797363e+02 6.2702899170e+02 6.2670300293e+02 6.2638299561e+02 6.2607897949e+02 6.2579498291e+02 6.2550500488e+02 6.2523101807e+02 6.2496997070e+02 6.2469097900e+02 6.2434997559e+02 6.2396600342e+02 6.2358599854e+02 6.2325799561e+02 6.2297399902e+02 6.2270300293e+02 6.2245599365e+02 6.2221301270e+02 6.2195300293e+02 6.2167498779e+02 6.2138598633e+02 6.2109197998e+02 6.2079998779e+02 6.2054400635e+02 6.2031799316e+02 6.2011700439e+02 6.1990002441e+02 6.1962097168e+02 6.1929699707e+02 6.1895599365e+02 6.1868402100e+02 6.1842498779e+02 6.1820501709e+02 6.1801898193e+02 6.1781701660e+02 6.1760998535e+02 6.1732800293e+02
6.2985601807e+02 6.2947399902e+02 6.2911602783e+02 6.2878997803e+02 6.2855102539e+02 6.2836700439e+02 6.2816302490e+02 6.2790600586e+02 6.2765002441e+02 6.2742999268e+02 6.2720098877e+02 6.2689001465e+02 6.2657501221e+02 6.2626599121e+02 6.2598101807e+02 6.2570098877e+02 6.2543902588e+02 6.2519299316e+02 6.2493200684e+02 6.2459002686e+02 6.2419500732e+02 6.2380999756e+02 6.2348498535e+02 6.2317700195e+02 6.2288702393e+02 6.2261999512e+02 6.2237097168e+02 6.2210302734e+02 6.2180499268e+02 6.2149200439e+02 6.2116601563e+02 6.2083801270e+02 6.2056701660e+02 6.2034997559e+02 6.2017199707e+02 6.1995098877e+02 6.1968200684e+02 6.1937500000e+02 6.1903802490e+02 6.1873498535e+02 6.1844396973e+02 6.1820800781e+02 6.1803198242e+02 6.1785198975e+02 6.1766497803e+02 6.1740100098e+02
6.3009399414e+02 6.2973400879e+02 6.2936199951e+02 6.2899499512e+02 6.2872900391e+02 6.2853399658e+02 6.2832202148e+02 6.2808502197e+02 6.2781097412e+02 6.2756097412e+02 6.2736499023e+02 6.2711102295e+02 6.2683300781e+02 6.2653100586e+02 6.2622698975e+02 6.2593597412e+02 6.2566699219e+02 6.2541198730e+02 6.2514300537e+02 6.2478900146e+02 6.2439599609e+02 6.2402899170e+02 6.2372100830e+02 6.2339001465e+02 6.2308398438e+02 6.2280499268e+02 6.2255700684e+02 6.2229101563e+02 6.2198199463e+02 6.2165197754e+02 6.2130603027e+02 6.2094598389e+02 6.2064898682e+02 6.2041198730e+02 6.2021697998e+02 6.1998101807e+02 6.1972998047e+02 6.1945300293e+02 6.1914501953e+02 6.1881799316e+02 6.1848400879e+02 6.1820697021e+02 6.1802502441e+02 6.1787701416e+02 6.1771099854e+02 6.1746997070e+02
6.3035998535e+02 6.3000701904e+02 6.2961199951e+02 6.2920300293e+02 6.2890698242e+02 6.2870697021e+02 6.2852697754e+02 6.2831500244e+02 6.2804302979e+02 6.2774700928e+02 6.2753497314e+02 6.2734997559e+02 6.2712597656e+02 6.2683801270e+02 6.2648999023e+02 6.2619396973e+02 6.2590899658e+02 6.2562298584e+02 6.2530102539e+02 6.2494396973e+02 6.2456701660e+02 6.2423999023e+02 6.2395001221e+02 6.2360302734e+02 6.2328601074e+02 6.2300402832e+02 6.2274902344e+02 6.2250701904e+02 6.2221197510e+02 6.2188397217e+02 6.2154199219e+02 6.2113500977e+02 6.2079199219e+02 6.2051202393e+02 6.2027697754e+02 6.2004498291e+02 6.1981500244e+02 6.1957000732e+02 6.1929998779e+02 6.1895300293e+02 6.1858502197e+02 6.1826000977e+02 6.1802099609e+02 6.1789099121e+02 6.1773797607e+02 6.1751501465e+02
6.3061499023e+02 6.3026501465e+02 6.2985797119e+02 6.2942999268e+02 6.2909002686e+02 6.2884100342e+02 6.2863897705e+02 6.2848400879e+02 6.2824597168e+02 6.2793103027e+02 6.2769396973e+02 6.2752697754e+02 6.2737402344e+02 6.2711798096e+02 6.2673699951e+02 6.2643902588e+02 6.2615002441e+02 6.2586798096e+02 6.2554302979e+02 6.2512597656e+02 6.2474298096e+02 6.2444500732e+02 6.2417901611e+02 6.2383001709e+02 6.2351098633e+02 6.2323199463e+02 6.2299102783e+02 6.2275201416e+02 6.2247399902e+02 6.2214898682e+02 6.2177197266e+02 6.2134802246e+02 6.2097302246e+02 6.2066802979e+02 6.2043200684e+02 6.2021697998e+02 6.2000701904e+02 6.1976501465e+02 6.1946899414e+02 6.1908197021e+02 6.1869598389e+02 6.1834600830e+02 6.1806298828e+02 6.1789501953e+02 6.1772998047e+02 6.1751098633e+02
6.3078997803e+02 6.3045001221e+02 6.3006799316e+02 6.2968701172e+02 6.2932800293e+02 6.2900097656e+02 6.2871801758e+02 6.2857598877e+02 6.2839501953e+02 6.2810498047e+02 6.2784100342e+02 6.2766302490e+02 6.2754302979e+02 6.2734301758e+02 6.2699401855e+02 6.2665899658e+02 6.2635498047e+02 6.2609002686e+02 6.2579797363e+02 6.2536700439e+02 6.2496197510e+02 6.2466497803e+02 6.2441802979e+02 6.2407897949e+02 6.2376397705e+02 6.2347900391e+02 6.2323400879e+02 6.2298797607e+02 6.2270098877e+02 6.2236798096e+02 6.2198602295e+02 6.2157202148e+02 6.2118798828e+02 6.2086602783e+02 6.2062799072e+02 6.2044000244e+02 6.2023498535e+02 6.1997601318e+02 6.1963897705e+02 6.1922900391e+02 6.1882202148e+02 6.1844702148e+02 6.1813397217e+02 6.1791699219e+02 6.1771997070e+02 6.1748699951e+02
6.3089801025e+02 6.3055700684e+02 6.3020202637e+02 6.2987298584e+02 6.2952197266e+02 6.2915899658e+02 6.2883300781e+02 6.2864801025e+02 6.2848901367e+02 6.2823602295e+02 6.2796697998e+02 6.2776098633e+02 6.2762902832e+02 6.2746997070e+02 6.2721301270e+02 6.2686199951e+02 6.2654901123e+02 6.2628997803e+02 6.2601800537e+02 6.2559698486e+02 6.2517602539e+02 6.2486199951e+02 6.2463897705e+02 6.2433300781e+02 6.2402001953e+02 6.2372302246e+02 6.2345501709e+02 6.2317401123e+02 6.2286700439e+02 6.2252398682e+02 6.2215301514e+02 6.2176800537e+02 6.2139099121e+02 6.2106500244e+02 6.2082598877e+02 6.2065698242e+02 6.2044598389e+02 6.2016302490e+02 6.1979699707e+02 6.1938397217e+02 6.1896997070e+02 6.1858197021e+02 6.1824700928e+02 6.1797900391e+02 6.1773999023e+02 6.1748498535e+02
6.3096600342e+02 6.3061401367e+02 6.3028399658e+02 6.2998101807e+02 6.2968200684e+02 6.2936999512e+02 6.2907397461e+02 6.2877099609e+02 6.2854101563e+02 6.2829998779e+02 6.2806500244e+02 6.2786401367e+02 6.2771197510e+02 6.2756298828e+02 6.2736499023e+02 6.2706799316e+02 6.2676000977e+02 6.2647998047e+02 6.2620697021e+02 6.2578900146e+02 6.2537298584e+02 6.2505798340e+02 6.2487298584e+02 6.2458801270e+02 6.2428698730e+02 6.2396801758e+02 6.2362097168e+02 6.2329699707e+02 6.2295800781e+02 6.2260601807e+02 6.2223297119e+02 6.2190301514e+02 6.2155603027e+02 6.2124401855e+02 6.2100799561e+02 6.2083300781e+02 6.2060797119e+02 6.2030798340e+02 6.1994000244e+02 6.1954998779e+02 6.1915002441e+02 6.1876098633e+02 6.1841699219e+02 6.1809698486e+02 6.1781097412e+02 6.1752899170e+02
6.3102398682e+02 6.3068298340e+02 6.3036499023e+02 6.3008697510e+02 6.2981701660e+02 6.2950799561e+02 6.2914398193e+02 6.2884197998e+02 6.2859899902e+02 6.2834802246e+02 6.2811901855e+02 6.2793902588e+02 6.2779797363e+02 6.2766400146e+02 6.2749798584e+02 6.2725799561e+02 6.2697802734e+02 6.2668701172e+02 6.2639001465e+02 6.2597601318e+02 6.2558599854e+02 6.2529602051e+02 6.2508197021e+02 6.2480798340e+02 6.2452001953e+02 6.2418902588e+02 6.2380798340e+02 6.2344299316e+02 6.2307702637e+02 6.2271197510e+02 6.2236297607e+02 6.2202899170e+02 6.2170800781e+02 6.2142901611e+02 6.2121002197e+02 6.2103302002e+02 6.2079797363e+02 6.2048797607e+02 6.2010302734e+02 6.1971697998e+02 6.1932098389e+02 6.1892700195e+02 6.1853900146e+02 6.1820202637e+02 6.1790100098e+02 6.1760498047e+02
6.3102600098e+02 6.3070501709e+02 6.3040197754e+02 6.3013098145e+02 6.2985601807e+02 6.2953601074e+02 6.2916699219e+02 6.2886999512e+02 6.2860601807e+02 6.2835900879e+02 6.2814801025e+02 6.2796398926e+02 6.2783502197e+02 6.2772497559e+02 6.2759497070e+02 6.2740197754e+02 6.2715002441e+02 6.2685797119e+02 6.2654302979e+02 6.2616601563e+02 6.2580700684e+02 6.2551202393e+02 6.2526599121e+02 6.2500201416e+02 6.2471697998e+02 6.2439501953e+02 6.2402801514e+02 6.2365002441e+02 6.2326300049e+02 6.2287902832e+02 6.2252099609e+02 6.2217901611e+02 6.2186102295e+02 6.2159197998e+02 6.2139398193e+02 6.2121801758e+02 6.2097100830e+02 6.2064300537e+02 6.2023400879e+02 6.1984100342e+02 6.1944299316e+02 6.1904498291e+02 6.1865002441e+02 6.1829699707e+02 6.1798400879e+02 6.1768103027e+02
6.3103302002e+02 6.3071997070e+02 6.3041998291e+02 6.3014697266e+02 6.2987097168e+02 6.2956500244e+02 6.2922802734e+02 6.2891198730e+02 6.2861401367e+02 6.2837298584e+02 6.2817602539e+02 6.2797900391e+02 6.2785198975e+02 6.2776202393e+02 6.2766900635e+02 6.2751702881e+02 6.2729602051e+02 6.2701501465e+02 6.2670697021e+02 6.2638299561e+02 6.2604699707e+02 6.2574102783e+02 6.2546697998e+02 6.2520202637e+02 6.2491998291e+02 6.2460900879e+02 6.2427001953e+02 6.2389001465e+02 6.2348602295e+02 6.2308099365e+02 6.2270397949e+02 6.2234301758e+02 6.2201098633e+02 6.2173297119e+02 6.2152899170e+02 6.2134399414e+02 6.2108099365e+02 6.2073699951e+02 6.2031201172e+02 6.1992102051e+02 6.1952801514e+02 6.1913397217e+02 6.1874700928e+02 6.1839099121e+02 6.1806799316e+02 6.1775598145e+02
6.3109802246e+02 6.3078002930e+02 6.3047399902e+02 6.3020898438e+02 6.2993902588e+02 6.2966198730e+02 6.2933300781e+02 6.2898602295e+02 6.2867297363e+02 6.2841400146e+02 6.2821099854e+02 6.2802398682e+02 6.2789697266e+02 6.2781896973e+02 6.2774499512e+02 6.2762902832e+02 6.2744396973e+02 6.2718798828e+02 6.2691400146e+02 6.2661602783e+02 6.2629602051e+02 6.2598699951e+02 6.2570397949e+02 6.2541497803e+02 6.2512701416e+02 6.2482299805e+02 6.2450201416e+02 6.2411901855e+02 6.2370397949e+02 6.2328302002e+02 6.2288098145e+02 6.2251501465e+02 6.2215698242e+02 6.2184100342e+02 6.2157397461e+02 6.2137500000e+02 6.2110302734e+02 6.2074597168e+02 6.2032501221e+02 6.1996899414e+02 6.1960198975e+02 6.1922497559e+02 6.1884497070e+02 6.1846997070e+02 6.1813000488e+02 6.1780603027e+02
6.3122100830e+02 6.3090301514e+02 6.3061297607e+02 6.3035302734e+02 6.3007702637e+02 6.2980902100e+02 6.2951098633e+02 6.2916101074e+02 6.2883398438e+02 6.2853399658e+02 6.2829998779e+02 6.2810699463e+02 6.2799597168e+02 6.2792901611e+02 6.2785699463e+02 6.2775000000e+02 6.2757000732e+02 6.2732598877e+02 6.2705297852e+02 6.2679101563e+02 6.2649700928e+02 6.2618701172e+02 6.2590802002e+02 6.2562097168e+02 6.2532202148e+02 6.2500402832e+02 6.2466601563e+02 6.2427801514e+02 6.2385302734e+02 6.2342901611e+02 6.2303198242e+02 6.2264801025e+02 6.2226098633e+02 6.2190802002e+02 6.2161401367e+02 6.2136401367e+02 6.2109399414e+02 6.2074499512e+02 6.2036700439e+02 6.2005297852e+02 6.1970800781e+02 6.1933300781e+02 6.1890600586e+02 6.1849902344e+02 6.1815100098e+02 6.1783099365e+02
6.3137097168e+02 6.3105798340e+02 6.3076800537e+02 6.3055297852e+02 6.3032702637e+02 6.3007501221e+02 6.2977697754e+02 6.2941998291e+02 6.2908001709e+02 6.2875201416e+02 6.2847601318e+02 6.2828302002e+02 6.2816900635e+02 6.2808398438e+02 6.2796997070e+02 6.2783001709e+02 6.2765399170e+02 6.2743902588e+02 6.2719598389e+02 6.2698400879e+02 6.2673101807e+02 6.2642700195e+02 6.2611499023e+02 6.2580499268e+02 6.2548699951e+02 6.2515197754e+02 6.2479699707e+02 6.2439501953e+02 6.2396099854e+02 6.2353497314e+02 6.2314801025e+02 6.2275299072e+02 6.2235900879e+02 6.2200299072e+02 6.2169897461e+02 6.2142401123e+02 6.2113897705e+02 6.2079901123e+02 6.2044299316e+02 6.2013201904e+02 6.1977801514e+02 6.1938800049e+02 6.1893499756e+02 6.1851898193e+02 6.1817700195e+02 6.1786999512e+02
6.3155798340e+02 6.3126702881e+02 6.3098297119e+02 6.3082598877e+02 6.3066302490e+02 6.3042999268e+02 6.3010498047e+02 6.2972100830e+02 6.2935900879e+02 6.2901702881e+02 6.2872900391e+02 6.2852600098e+02 6.2837701416e+02 6.2824102783e+02 6.2806298828e+02 6.2788098145e+02 6.2771099854e+02 6.2753698730e+02 6.2735198975e+02 6.2719799805e+02 6.2698199463e+02 6.2668103027e+02 6.2633001709e+02 6.2598101807e+02 6.2563702393e+02 6.2528302002e+02 6.2491400146e+02 6.2450299072e+02 6.2407000732e+02 6.2364501953e+02 6.2325897217e+02 6.2285498047e+02 6.2246899414e+02 6.2212597656e+02 6.2183099365e+02 6.2154199219e+02 6.2124102783e+02 6.2090197754e+02 6.2054199219e+02 6.2019799805e+02 6.1981896973e+02 6.1940399170e+02 6.1893701172e+02 6.1853399658e+02 6.1820501709e+02 6.1791497803e+02
6.3177301025e+02 6.3152801514e+02 6.3129302979e+02 6.3115997314e+02 6.3103198242e+02 6.3079998779e+02 6.3044201660e+02 6.3002301025e+02 6.2963201904e+02 6.2929199219e+02 6.2901702881e+02 6.2878198242e+02 6.2857202148e+02 6.2836401367e+02 6.2813500977e+02 6.2791699219e+02 6.2777502441e+02 6.2765502930e+02 6.2753601074e+02 6.2740899658e+02 6.2721301270e+02 6.2690600586e+02 6.2651000977e+02 6.2615698242e+02 6.2579400635e+02 6.2542297363e+02 6.2504602051e+02 6.2462402344e+02 6.2419799805e+02 6.2378497314e+02 6.2338000488e+02 6.2298297119e+02 6.2260900879e+02 6.2228100586e+02 6.2198602295e+02 6.2167797852e+02 6.2136102295e+02 6.2101202393e+02 6.2063897705e+02 6.2024401855e+02 6.1981799316e+02 6.1936999512e+02 6.1891601563e+02 6.1855297852e+02 6.1824597168e+02 6.1797497559e+02
6.3195697021e+02 6.3177899170e+02 6.3161199951e+02 6.3149298096e+02 6.3135101318e+02 6.3111102295e+02 6.3076702881e+02 6.3034497070e+02 6.2990899658e+02 6.2954901123e+02 6.2923101807e+02 6.2895599365e+02 6.2869299316e+02 6.2842700195e+02 6.2816699219e+02 6.2795397949e+02 6.2787701416e+02 6.2782702637e+02 6.2770697021e+02 6.2757000732e+02 6.2735198975e+02 6.2702502441e+02 6.2663397217e+02 6.2626599121e+02 6.2590997314e+02 6.2554797363e+02 6.2515899658e+02 6.2473999023e+02 6.2433398438e+02 6.2394799805e+02 6.2356298828e+02 6.2316400146e+02 6.2279101563e+02 6.2245599365e+02 6.2214801025e+02 6.2181500244e+02 6.2146502686e+02 6.2108697510e+02 6.2068103027e+02 6.2026202393e+02 6.1980200195e+02 6.1933801270e+02 6.1892602539e+02 6.1859600830e+02 6.1831500244e+02 6.1806097412e+02
6.3206701660e+02 6.3193499756e+02 6.3181896973e+02 6.3167700195e+02 6.3150201416e+02 6.3126702881e+02 6.3094799805e+02 6.3053900146e+02 6.3010198975e+02 6.2976397705e+02 6.2940600586e+02 6.2906298828e+02 6.2875701904e+02 6.2845800781e+02 6.2817700195e+02 6.2797100830e+02 6.2791802979e+02 6.2789300537e+02 6.2778601074e+02 6.2765100098e+02 6.2743499756e+02 6.2711798096e+02 6.2673999023e+02 6.2635797119e+02 6.2599902344e+02 6.2564501953e+02 6.2526501465e+02 6.2488299561e+02 6.2451599121e+02 6.2415399170e+02 6.2377001953e+02 6.2336199951e+02 6.2297998047e+02 6.2262701416e+02 6.2228802490e+02 6.2192199707e+02 6.2153802490e+02 6.2113299561e+02 6.2072198486e+02 6.2028900146e+02 6.1981298828e+02 6.1934802246e+02 6.1895697021e+02 6.1865399170e+02 6.1838800049e+02 6.1814599609e+02
6.3212597656e+02 6.3199401855e+02 6.3188702393e+02 6.3172198486e+02 6.3154101563e+02 6.3134497070e+02 6.3104998779e+02 6.3065301514e+02 6.3024597168e+02 6.2994000244e+02 6.2957000732e+02 6.2914001465e+02 6.2876599121e+02 6.2843499756e+02 6.2817297363e+02 6.2798797607e+02 6.2793200684e+02 6.2789898682e+02 6.2780700684e+02 6.2769396973e+02 6.2750299072e+02 6.2721099854e+02 6.2684399414e+02 6.2645501709e+02 6.2610198975e+02 6.2575897217e+02 6.2539300537e+02 6.2504498291e+02 6.2470098877e+02 6.2434497070e+02 6.2395202637e+02 6.2353900146e+02 6.2315002441e+02 6.2277600098e+02 6.2240600586e+02 6.2201300049e+02 6.2160699463e+02 6.2119201660e+02 6.2078198242e+02 6.2033697510e+02 6.1985699463e+02 6.1940100098e+02 6.1902301025e+02 6.1873101807e+02 6.1847302246e+02 6.1823498535e+02
