TESTSERVER/7/4.asc
NCOLS 100
NROWS 100
XLLCORNER 7.8497500000e+03
YLLCORNER 2.8975025000e+05
CELLSIZE 5.0000000000e-01
NODATA_VALUE -9.9990000000e+03
[rows 80 to 99 of 100, columns 0 to 45 of 100]
6.3273999023e+02 6.3266497803e+02 6.3256597900e+02 6.3246197510e+02 6.3236901855e+02 6.3229199219e+02 6.3221398926e+02 6.3208099365e+02 6.3193402100e+02 6.3177697754e+02 6.3165002441e+02 6.3159497070e+02 6.3155200195e+02 6.3143402100e+02 6.3123297119e+02 6.3107299805e+02 6.3090600586e+02 6.3066998291e+02 6.3041497803e+02 6.3031402588e+02 6.3011499023e+02 6.2995300293e+02 6.2993597412e+02 6.2986798096e+02 6.2977502441e+02 6.2970898438e+02 6.2963598633e+02 6.2946398926e+02 6.2932598877e+02 6.2919598389e+02 6.2902600098e+02 6.2877398682e+02 6.2853100586e+02 6.2829498291e+02 6.2798999023e+02 6.2773999023e+02 6.2761602783e+02 6.2748498535e+02 6.2714501953e+02 6.2635900879e+02 6.2537701416e+02 6.2454901123e+02 6.2404602051e+02 6.2373797607e+02 6.2329302979e+02 6.2277899170e+02
6.3262597656e+02 6.3253399658e+02 6.3241101074e+02 6.3229199219e+02 6.3219396973e+02 6.3211602783e+02 6.3203997803e+02 6.3193103027e+02 6.3180798340e+02 6.3168402100e+02 6.3158398438e+02 6.3151898193e+02 6.3146002197e+02 6.3134997559e+02 6.3116998291e+02 6.3097100830e+02 6.3073901367e+02 6.3051202393e+02 6.3033599854e+02 6.3020397949e+02 6.3005700684e+02 6.2997601318e+02 6.2998602295e+02 6.2992700195e+02 6.2981701660e+02 6.2973400879e+02 6.2963000488e+02 6.2946801758e+02 6.2933697510e+02 6.2918499756e+02 6.2896099854e+02 6.2860101318e+02 6.2832202148e+02 6.2815301514e+02 6.2790600586e+02 6.2763897705e+02 6.2750598145e+02 6.2739501953e+02 6.2712097168e+02 6.2653002930e+02 6.2578100586e+02 6.2506896973e+02 6.2439599609e+02 6.2375097656e+02 6.2334997559e+02 6.2309997559e+02
6.3252301025e+02 6.3241601563e+02 6.3226098633e+02 6.3210797119e+02 6.3199401855e+02 6.3190899658e+02 6.3183197021e+02 6.3173797607e+02 6.3165399170e+02 6.3158001709e+02 6.3150701904e+02 6.3143499756e+02 6.3136499023e+02 6.3125897217e+02 6.3108099365e+02 6.3087298584e+02 6.3065600586e+02 6.3045202637e+02 6.3027398682e+02 6.3012500000e+02 6.3003302002e+02 6.2998797607e+02 6.2996899414e+02 6.2988702393e+02 6.2976898193e+02 6.2966699219e+02 6.2952801514e+02 6.2936102295e+02 6.2924401855e+02 6.2909197998e+02 6.2884497070e+02 6.2848797607e+02 6.2820001221e+02 6.2806201172e+02 6.2788598633e+02 6.2761798096e+02 6.2742602539e+02 6.2723602295e+02 6.2694702148e+02 6.2653002930e+02 6.2604602051e+02 6.2553198242e+02 6.2490399170e+02 6.2403601074e+02 6.2351800537e+02 6.2332501221e+02
6.3242700195e+02 6.3230902100e+02 6.3213897705e+02 6.3195397949e+02 6.3181097412e+02 6.3170397949e+02 6.3161499023e+02 6.3152697754e+02 6.3147497559e+02 6.3145300293e+02 6.3141101074e+02 6.3133099365e+02 6.3126098633e+02 6.3115100098e+02 6.3094000244e+02 6.3073602295e+02 6.3057000732e+02 6.3040600586e+02 6.3024200439e+02 6.3011297607e+02 6.3003900146e+02 6.2997198486e+02 6.2989001465e+02 6.2979199219e+02 6.2969000244e+02 6.2958300781e+02 6.2939898682e+02 6.2918103027e+02 6.2904302979e+02 6.2889697266e+02 6.2868103027e+02 6.2840802002e+02 6.2815100098e+02 6.2801300049e+02 6.2788201904e+02 6.2762500000e+02 6.2733898926e+02 6.2702197266e+02 6.2667901611e+02 6.2636102295e+02 6.2608398438e+02 6.2576599121e+02 6.2526000977e+02 6.2441302490e+02 6.2380999756e+02 6.2351300049e+02
6.3232501221e+02 6.3220898438e+02 6.3205297852e+02 6.3185601807e+02 6.3167602539e+02 6.3153100586e+02 6.3142901611e+02 6.3134802246e+02 6.3131597900e+02 6.3131597900e+02 6.3132000732e+02 6.3121197510e+02 6.3111199951e+02 6.3098101807e+02 6.3075897217e+02 6.3056500244e+02 6.3045300293e+02 6.3034899902e+02 6.3021197510e+02 6.3010998535e+02 6.3001501465e+02 6.2990399170e+02 6.2980102539e+02 6.2973699951e+02 6.2966900635e+02 6.2953302002e+02 6.2925598145e+02 6.2898901367e+02 6.2881298828e+02 6.2867102051e+02 6.2850000000e+02 6.2834698486e+02 6.2813598633e+02 6.2795300293e+02 6.2783502197e+02 6.2763598633e+02 6.2726501465e+02 6.2681402588e+02 6.2643103027e+02 6.2611401367e+02 6.2587402344e+02 6.2562701416e+02 6.2521502686e+02 6.2453198242e+02 6.2400701904e+02 6.2366400146e+02
6.3220697021e+02 6.3210198975e+02 6.3194897461e+02 6.3175701904e+02 6.3157098389e+02 6.3141497803e+02 6.3130798340e+02 6.3125299072e+02 6.3123999023e+02 6.3124700928e+02 6.3124298096e+02 6.3110699463e+02 6.3098297119e+02 6.3085900879e+02 6.3068701172e+02 6.3051098633e+02 6.3038201904e+02 6.3026898193e+02 6.3015698242e+02 6.3007800293e+02 6.2996502686e+02 6.2983001709e+02 6.2972198486e+02 6.2963397217e+02 6.2952899170e+02 6.2934301758e+02 6.2908801270e+02 6.2885302734e+02 6.2868798828e+02 6.2855603027e+02 6.2840698242e+02 6.2826800537e+02 6.2808898926e+02 6.2790002441e+02 6.2779199219e+02 6.2763299561e+02 6.2726898193e+02 6.2678601074e+02 6.2633398438e+02 6.2597698975e+02 6.2568499756e+02 6.2542199707e+02 6.2509399414e+02 6.2454699707e+02 6.2406097412e+02 6.2372302246e+02
6.3208599854e+02 6.3198602295e+02 6.3184497070e+02 6.3166101074e+02 6.3147302246e+02 6.3131097412e+02 6.3119702148e+02 6.3115197754e+02 6.3115002441e+02 6.3116101074e+02 6.3115698242e+02 6.3102801514e+02 6.3089398193e+02 6.3077398682e+02 6.3063800049e+02 6.3048498535e+02 6.3034497070e+02 6.3022100830e+02 6.3011901855e+02 6.3004302979e+02 6.2990600586e+02 6.2974798584e+02 6.2963299561e+02 6.2951501465e+02 6.2939398193e+02 6.2922302246e+02 6.2900897217e+02 6.2881799316e+02 6.2865600586e+02 6.2851300049e+02 6.2835699463e+02 6.2820300293e+02 6.2799499512e+02 6.2777197266e+02 6.2763500977e+02 6.2751501465e+02 6.2720397949e+02 6.2676300049e+02 6.2628002930e+02 6.2586901855e+02 6.2554602051e+02 6.2526300049e+02 6.2496801758e+02 6.2458197021e+02 6.2416998291e+02 6.2382598877e+02
6.3195800781e+02 6.3185998535e+02 6.3173297119e+02 6.3155999756e+02 6.3137500000e+02 6.3121099854e+02 6.3108197021e+02 6.3102099609e+02 6.3101098633e+02 6.3101599121e+02 6.3101202393e+02 6.3092498779e+02 6.3081097412e+02 6.3069299316e+02 6.3056097412e+02 6.3041900635e+02 6.3028497314e+02 6.3016998291e+02 6.3008001709e+02 6.2999298096e+02 6.2983502197e+02 6.2966198730e+02 6.2953997803e+02 6.2939697266e+02 6.2927001953e+02 6.2910900879e+02 6.2890600586e+02 6.2874298096e+02 6.2857098389e+02 6.2839898682e+02 6.2823400879e+02 6.2807000732e+02 6.2782598877e+02 6.2754400635e+02 6.2733197021e+02 6.2722601318e+02 6.2698797607e+02 6.2662799072e+02 6.2619000244e+02 6.2578399658e+02 6.2544702148e+02 6.2515002441e+02 6.2487701416e+02 6.2462500000e+02 6.2428900146e+02 6.2394897461e+02
6.3181201172e+02 6.3171801758e+02 6.3158398438e+02 6.3143103027e+02 6.3126098633e+02 6.3110198975e+02 6.3094000244e+02 6.3084698486e+02 6.3080700684e+02 6.3079101563e+02 6.3077502441e+02 6.3075500488e+02 6.3069299316e+02 6.3059002686e+02 6.3044500732e+02 6.3029602051e+02 6.3017999268e+02 6.3009100342e+02 6.3000201416e+02 6.2989801025e+02 6.2975299072e+02 6.2959100342e+02 6.2945300293e+02 6.2926397705e+02 6.2908099365e+02 6.2888702393e+02 6.2868798828e+02 6.2850598145e+02 6.2831201172e+02 6.2812500000e+02 6.2796398926e+02 6.2784002686e+02 6.2761297607e+02 6.2729998779e+02 6.2701800537e+02 6.2685998535e+02 6.2666802979e+02 6.2638098145e+02 6.2600402832e+02 6.2569702148e+02 6.2537799072e+02 6.2507800293e+02 6.2482000732e+02 6.2460400391e+02 6.2432501221e+02 6.2404199219e+02
6.3166699219e+02 6.3156896973e+02 6.3144897461e+02 6.3129101563e+02 6.3113000488e+02 6.3097399902e+02 6.3081097412e+02 6.3068701172e+02 6.3061798096e+02 6.3057702637e+02 6.3053997803e+02 6.3052099609e+02 6.3049597168e+02 6.3042602539e+02 6.3030499268e+02 6.3016900635e+02 6.3007202148e+02 6.2998199463e+02 6.2986297607e+02 6.2975598145e+02 6.2963598633e+02 6.2948602295e+02 6.2933502197e+02 6.2914801025e+02 6.2894396973e+02 6.2872900391e+02 6.2850000000e+02 6.2824902344e+02 6.2800897217e+02 6.2779498291e+02 6.2764697266e+02 6.2752398682e+02 6.2728900146e+02 6.2696600342e+02 6.2666198730e+02 6.2653601074e+02 6.2640301514e+02 6.2618597412e+02 6.2590997314e+02 6.2562097168e+02 6.2530999756e+02 6.2502899170e+02 6.2480401611e+02 6.2457800293e+02 6.2430999756e+02 6.2405902100e+02
6.3153399658e+02 6.3143103027e+02 6.3131402588e+02 6.3116601563e+02 6.3100799561e+02 6.3085198975e+02 6.3069500732e+02 6.3055603027e+02 6.3046099854e+02 6.3039697266e+02 6.3033300781e+02 6.3030999756e+02 6.3030499268e+02 6.3026202393e+02 6.3016601563e+02 6.3005401611e+02 6.2995397949e+02 6.2984301758e+02 6.2970300293e+02 6.2959002686e+02 6.2947100830e+02 6.2932800293e+02 6.2918902588e+02 6.2901898193e+02 6.2881799316e+02 6.2859497070e+02 6.2834301758e+02 6.2805798340e+02 6.2777697754e+02 6.2751501465e+02 6.2731701660e+02 6.2713397217e+02 6.2686401367e+02 6.2654101563e+02 6.2626397705e+02 6.2616601563e+02 6.2609002686e+02 6.2596197510e+02 6.2578198242e+02 6.2551898193e+02 6.2522198486e+02 6.2496600342e+02 6.2478698730e+02 6.2460601807e+02 6.2436401367e+02 6.2409002686e+02
6.3140802002e+02 6.3129998779e+02 6.3117901611e+02 6.3103900146e+02 6.3088800049e+02 6.3073602295e+02 6.3058801270e+02 6.3043798828e+02 6.3032202148e+02 6.3023400879e+02 6.3015698242e+02 6.3013098145e+02 6.3013098145e+02 6.3010101318e+02 6.3002801514e+02 6.2992498779e+02 6.2980603027e+02 6.2966998291e+02 6.2952301025e+02 6.2940002441e+02 6.2927001953e+02 6.2913201904e+02 6.2900598145e+02 6.2884698486e+02 6.2865802002e+02 6.2844097900e+02 6.2818902588e+02 6.2790399170e+02 6.2759899902e+02 6.2729199219e+02 6.2702099609e+02 6.2676202393e+02 6.2645397949e+02 6.2614099121e+02 6.2590002441e+02 6.2581500244e+02 6.2576599121e+02 6.2570001221e+02 6.2560601807e+02 6.2539300537e+02 6.2512597656e+02 6.2488800049e+02 6.2473999023e+02 6.2463598633e+02 6.2444299316e+02 6.2414001465e+02
6.3130102539e+02 6.3119000244e+02 6.3106201172e+02 6.3091101074e+02 6.3077398682e+02 6.3063702393e+02 6.3051599121e+02 6.3034399414e+02 6.3020098877e+02 6.3008300781e+02 6.2998602295e+02 6.2996997070e+02 6.2996502686e+02 6.2994097900e+02 6.2987799072e+02 6.2976300049e+02 6.2962200928e+02 6.2947302246e+02 6.2933398438e+02 6.2920397949e+02 6.2906799316e+02 6.2893402100e+02 6.2880902100e+02 6.2865399170e+02 6.2846801758e+02 6.2825500488e+02 6.2803399658e+02 6.2777502441e+02 6.2747399902e+02 6.2714099121e+02 6.2681500244e+02 6.2649401855e+02 6.2616900635e+02 6.2586999512e+02 6.2564599609e+02 6.2557299805e+02 6.2550701904e+02 6.2544097900e+02 6.2538000488e+02 6.2525201416e+02 6.2502899170e+02 6.2480102539e+02 6.2462298584e+02 6.2455499268e+02 6.2442797852e+02 6.2415502930e+02
6.3123602295e+02 6.3112500000e+02 6.3097802734e+02 6.3081500244e+02 6.3067498779e+02 6.3053497314e+02 6.3039801025e+02 6.3022998047e+02 6.3006201172e+02 6.2992700195e+02 6.2982598877e+02 6.2980700684e+02 6.2981799316e+02 6.2980700684e+02 6.2972698975e+02 6.2958197021e+02 6.2942102051e+02 6.2926098633e+02 6.2911798096e+02 6.2898699951e+02 6.2885601807e+02 6.2872497559e+02 6.2859497070e+02 6.2844897461e+02 6.2826898193e+02 6.2806500244e+02 6.2785998535e+02 6.2763201904e+02 6.2733398438e+02 6.2699597168e+02 6.2664398193e+02 6.2632202148e+02 6.2600201416e+02 6.2572998047e+02 6.2554302979e+02 6.2546301270e+02 6.2538000488e+02 6.2530200195e+02 6.2522198486e+02 6.2505902100e+02 6.2481500244e+02 6.2456500244e+02 6.2434802246e+02 6.2426098633e+02 6.2419500732e+02 6.2402502441e+02
6.3116497803e+02 6.3105401611e+02 6.3090802002e+02 6.3073602295e+02 6.3058099365e+02 6.3042700195e+02 6.3027697754e+02 6.3009301758e+02 6.2991400146e+02 6.2977301025e+02 6.2967999268e+02 6.2966601563e+02 6.2966900635e+02 6.2964599609e+02 6.2955798340e+02 6.2940997314e+02 6.2924200439e+02 6.2907501221e+02 6.2892401123e+02 6.2878100586e+02 6.2863800049e+02 6.2849798584e+02 6.2836199951e+02 6.2821600342e+02 6.2805102539e+02 6.2786999512e+02 6.2768402100e+02 6.2746002197e+02 6.2716400146e+02 6.2682501221e+02 6.2646997070e+02 6.2617199707e+02 6.2587597656e+02 6.2561999512e+02 6.2545300293e+02 6.2536499023e+02 6.2528002930e+02 6.2519201660e+02 6.2505700684e+02 6.2482299805e+02 6.2454602051e+02 6.2428198242e+02 6.2405999756e+02 6.2393402100e+02 6.2387597656e+02 6.2377600098e+02
6.3109802246e+02 6.3098602295e+02 6.3084301758e+02 6.3066302490e+02 6.3049200439e+02 6.3032000732e+02 6.3015399170e+02 6.2996197510e+02 6.2977801514e+02 6.2963702393e+02 6.2954797363e+02 6.2953198242e+02 6.2952001953e+02 6.2947998047e+02 6.2938397217e+02 6.2923797607e+02 6.2907702637e+02 6.2891601563e+02 6.2876800537e+02 6.2861499023e+02 6.2845697021e+02 6.2830102539e+02 6.2815301514e+02 6.2799902344e+02 6.2784399414e+02 6.2768298340e+02 6.2751098633e+02 6.2728002930e+02 6.2698400879e+02 6.2665399170e+02 6.2630798340e+02 6.2604901123e+02 6.2578100586e+02 6.2553002930e+02 6.2535900879e+02 6.2525402832e+02 6.2515600586e+02 6.2504998779e+02 6.2489300537e+02 6.2461700439e+02 6.2433197021e+02 6.2408001709e+02 6.2384899902e+02 6.2365899658e+02 6.2357598877e+02 6.2350598145e+02
6.3104901123e+02 6.3093701172e+02 6.3081298828e+02 6.3059899902e+02 6.3040698242e+02 6.3021801758e+02 6.3003497314e+02 6.2984197998e+02 6.2966497803e+02 6.2952600098e+02 6.2943701172e+02 6.2940698242e+02 6.2937402344e+02 6.2931402588e+02 6.2921099854e+02 6.2906097412e+02 6.2891601563e+02 6.2876800537e+02 6.2863702393e+02 6.2848101807e+02 6.2831500244e+02 6.2814898682e+02 6.2799200439e+02 6.2783599854e+02 6.2768701172e+02 6.2752801514e+02 6.2735198975e+02 6.2710400391e+02 6.2680297852e+02 6.2649298096e+02 6.2621099854e+02 6.2598797607e+02 6.2572802734e+02 6.2546697998e+02 6.2526000977e+02 6.2514300537e+02 6.2502502441e+02 6.2488897705e+02 6.2470300293e+02 6.2443499756e+02 6.2416497803e+02 6.2392199707e+02 6.2366601563e+02 6.2347100830e+02 6.2335498047e+02 6.2328100586e+02
6.3098699951e+02 6.3086999512e+02 6.3071801758e+02 6.3051599121e+02 6.3032202148e+02 6.3013000488e+02 6.2993200684e+02 6.2973400879e+02 6.2956500244e+02 6.2943597412e+02 6.2935400391e+02 6.2931597900e+02 6.2925701904e+02 6.2916101074e+02 6.2902502441e+02 6.2888098145e+02 6.2874200439e+02 6.2860101318e+02 6.2845800781e+02 6.2829998779e+02 6.2814099121e+02 6.2799102783e+02 6.2784497070e+02 6.2770397949e+02 6.2755603027e+02 6.2738800049e+02 6.2719097900e+02 6.2695697021e+02 6.2668200684e+02 6.2641802979e+02 6.2621398926e+02 6.2599597168e+02 6.2570202637e+02 6.2541601563e+02 6.2520599365e+02 6.2505499268e+02 6.2491802979e+02 6.2474597168e+02 6.2452099609e+02 6.2424401855e+02 6.2397497559e+02 6.2371801758e+02 6.2347998047e+02 6.2330499268e+02 6.2320202637e+02 6.2313098145e+02
6.3089697266e+02 6.3077398682e+02 6.3061700439e+02 6.3042199707e+02 6.3023101807e+02 6.3004101563e+02 6.2984301758e+02 6.2964599609e+02 6.2947900391e+02 6.2935198975e+02 6.2927502441e+02 6.2922802734e+02 6.2914398193e+02 6.2901501465e+02 6.2884497070e+02 6.2870300293e+02 6.2856799316e+02 6.2842797852e+02 6.2827301025e+02 6.2809698486e+02 6.2793597412e+02 6.2778997803e+02 6.2765197754e+02 6.2752099609e+02 6.2737597656e+02 6.2721099854e+02 6.2701702881e+02 6.2680297852e+02 6.2656402588e+02 6.2634100342e+02 6.2618402100e+02 6.2595697021e+02 6.2564501953e+02 6.2534497070e+02 6.2513397217e+02 6.2497497559e+02 6.2480798340e+02 6.2460498047e+02 6.2436297607e+02 6.2409802246e+02 6.2383801270e+02 6.2359600830e+02 6.2338299561e+02 6.2323699951e+02 6.2313299561e+02 6.2303802490e+02
6.3079797363e+02 6.3066900635e+02 6.3051000977e+02 6.3032702637e+02 6.3014300537e+02 6.2995599365e+02 6.2976397705e+02 6.2957098389e+02 6.2939898682e+02 6.2926800537e+02 6.2918499756e+02 6.2912597656e+02 6.2901898193e+02 6.2886401367e+02 6.2867498779e+02 6.2853198242e+02 6.2839801025e+02 6.2825598145e+02 6.2809600830e+02 6.2790997314e+02 6.2773699951e+02 6.2757501221e+02 6.2742498779e+02 6.2729797363e+02 6.2715698242e+02 6.2700000000e+02 6.2682098389e+02 6.2662500000e+02 6.2641998291e+02 6.2623297119e+02 6.2610498047e+02 6.2587799072e+02 6.2556799316e+02 6.2526098633e+02 6.2503802490e+02 6.2486401367e+02 6.2467498779e+02 6.2445800781e+02 6.2422100830e+02 6.2398101807e+02 6.2374200439e+02 6.2352697754e+02 6.2335601807e+02 6.2324200439e+02 6.2312200928e+02 6.2298297119e+02
