TESTSERVER/7/5.asc
NCOLS 100
NROWS 100
XLLCORNER 7.8497500000e+03
YLLCORNER 2.8970025000e+05
CELLSIZE 5.0000000000e-01
NODATA_VALUE -9.9990000000e+03
[rows 40 to 59 of 100, columns 0 to 45 of 100]
6.2895599365e+02 6.2872900391e+02 6.2846398926e+02 6.2819201660e+02 6.2795001221e+02 6.2771899414e+02 6.2747802734e+02 6.2721801758e+02 6.2690301514e+02 6.2656799316e+02 6.2620599365e+02 6.2584899902e+02 6.2549700928e+02 6.2515600586e+02 6.2481500244e+02 6.2449597168e+02 6.2422302246e+02 6.2398999023e+02 6.2376202393e+02 6.2351397705e+02 6.2321600342e+02 6.2294598389e+02 6.2271697998e+02 6.2252398682e+02 6.2231597900e+02 6.2207800293e+02 6.2180297852e+02 6.2149200439e+02 6.2120697021e+02 6.2094097900e+02 6.2070599365e+02 6.2049597168e+02 6.2024597168e+02 6.1997399902e+02 6.1971002197e+02 6.1945098877e+02 6.1913800049e+02 6.1880297852e+02 6.1849200439e+02 6.1818298340e+02 6.1789001465e+02 6.1759399414e+02 6.1730999756e+02 6.1706097412e+02 6.1681597900e+02 6.1655902100e+02
6.2891497803e+02 6.2870800781e+02 6.2842401123e+02 6.2815301514e+02 6.2790100098e+02 6.2764599609e+02 6.2739202881e+02 6.2710699463e+02 6.2678497314e+02 6.2644299316e+02 6.2609497070e+02 6.2577398682e+02 6.2546002197e+02 6.2514202881e+02 6.2481799316e+02 6.2450000000e+02 6.2421600342e+02 6.2396002197e+02 6.2369702148e+02 6.2341998291e+02 6.2313201904e+02 6.2287200928e+02 6.2266400146e+02 6.2247601318e+02 6.2227502441e+02 6.2204699707e+02 6.2177697754e+02 6.2150897217e+02 6.2125799561e+02 6.2098602295e+02 6.2072998047e+02 6.2051000977e+02 6.2026898193e+02 6.2003399658e+02 6.1983898926e+02 6.1962200928e+02 6.1934197998e+02 6.1901702881e+02 6.1866601563e+02 6.1834100342e+02 6.1803302002e+02 6.1772601318e+02 6.1740698242e+02 6.1710302734e+02 6.1682098389e+02 6.1655999756e+02
6.2884399414e+02 6.2864300537e+02 6.2835797119e+02 6.2808898926e+02 6.2783099365e+02 6.2756597900e+02 6.2729602051e+02 6.2699200439e+02 6.2666699219e+02 6.2633398438e+02 6.2600402832e+02 6.2571197510e+02 6.2542901611e+02 6.2513702393e+02 6.2482598877e+02 6.2451000977e+02 6.2421502686e+02 6.2393298340e+02 6.2364501953e+02 6.2334997559e+02 6.2305499268e+02 6.2280297852e+02 6.2259997559e+02 6.2240197754e+02 6.2221301270e+02 6.2200897217e+02 6.2175500488e+02 6.2152899170e+02 6.2131896973e+02 6.2105999756e+02 6.2077197266e+02 6.2052502441e+02 6.2030603027e+02 6.2011999512e+02 6.1996099854e+02 6.1976898193e+02 6.1951202393e+02 6.1920098877e+02 6.1883599854e+02 6.1848797607e+02 6.1817102051e+02 6.1785498047e+02 6.1752801514e+02 6.1718597412e+02 6.1687298584e+02 6.1660198975e+02
6.2876501465e+02 6.2856201172e+02 6.2827600098e+02 6.2801501465e+02 6.2775500488e+02 6.2748297119e+02 6.2719299316e+02 6.2686199951e+02 6.2653698730e+02 6.2622100830e+02 6.2591101074e+02 6.2563201904e+02 6.2536700439e+02 6.2509802246e+02 6.2480401611e+02 6.2450598145e+02 6.2421600342e+02 6.2391802979e+02 6.2360797119e+02 6.2328497314e+02 6.2297302246e+02 6.2271801758e+02 6.2251599121e+02 6.2230700684e+02 6.2213299561e+02 6.2195898438e+02 6.2173400879e+02 6.2152600098e+02 6.2134997559e+02 6.2112500000e+02 6.2082598877e+02 6.2054101563e+02 6.2032702637e+02 6.2017199707e+02 6.2003302002e+02 6.1985198975e+02 6.1961901855e+02 6.1933197021e+02 6.1897497559e+02 6.1861999512e+02 6.1830102539e+02 6.1798199463e+02 6.1765502930e+02 6.1729797363e+02 6.1696899414e+02 6.1669097900e+02
6.2868200684e+02 6.2847399902e+02 6.2820001221e+02 6.2794000244e+02 6.2768103027e+02 6.2740301514e+02 6.2708801270e+02 6.2673602295e+02 6.2640301514e+02 6.2609301758e+02 6.2579101563e+02 6.2551898193e+02 6.2525701904e+02 6.2500000000e+02 6.2473297119e+02 6.2447900391e+02 6.2420697021e+02 6.2390600586e+02 6.2356896973e+02 6.2321197510e+02 6.2289300537e+02 6.2263299561e+02 6.2240802002e+02 6.2220599365e+02 6.2204699707e+02 6.2190301514e+02 6.2171801758e+02 6.2149102783e+02 6.2130603027e+02 6.2112200928e+02 6.2089300537e+02 6.2054901123e+02 6.2031701660e+02 6.2015600586e+02 6.2001000977e+02 6.1985302734e+02 6.1963201904e+02 6.1936700439e+02 6.1902600098e+02 6.1872198486e+02 6.1841198730e+02 6.1809301758e+02 6.1776098633e+02 6.1740698242e+02 6.1708099365e+02 6.1681201172e+02
6.2860699463e+02 6.2839898682e+02 6.2812298584e+02 6.2786297607e+02 6.2760498047e+02 6.2732299805e+02 6.2701000977e+02 6.2664202881e+02 6.2628802490e+02 6.2596801758e+02 6.2567199707e+02 6.2541302490e+02 6.2516900635e+02 6.2493200684e+02 6.2468798828e+02 6.2444097900e+02 6.2416699219e+02 6.2385797119e+02 6.2352801514e+02 6.2317999268e+02 6.2286102295e+02 6.2257800293e+02 6.2232702637e+02 6.2211401367e+02 6.2196197510e+02 6.2184399414e+02 6.2169500732e+02 6.2150000000e+02 6.2130603027e+02 6.2110400391e+02 6.2087597656e+02 6.2057202148e+02 6.2033398438e+02 6.2014501953e+02 6.1999298096e+02 6.1983398438e+02 6.1961401367e+02 6.1935498047e+02 6.1907397461e+02 6.1879797363e+02 6.1851300049e+02 6.1821197510e+02 6.1789099121e+02 6.1755102539e+02 6.1726397705e+02 6.1703997803e+02
6.2852600098e+02 6.2832098389e+02 6.2804498291e+02 6.2778601074e+02 6.2753002930e+02 6.2724902344e+02 6.2692901611e+02 6.2655200195e+02 6.2620098877e+02 6.2588800049e+02 6.2559802246e+02 6.2534899902e+02 6.2512298584e+02 6.2490600586e+02 6.2467797852e+02 6.2443597412e+02 6.2415600586e+02 6.2383599854e+02 6.2349401855e+02 6.2315802002e+02 6.2283898926e+02 6.2253900146e+02 6.2227001953e+02 6.2204400635e+02 6.2188598633e+02 6.2177600098e+02 6.2166400146e+02 6.2152197266e+02 6.2133801270e+02 6.2110900879e+02 6.2086199951e+02 6.2060400391e+02 6.2038201904e+02 6.2019201660e+02 6.2002899170e+02 6.1985498047e+02 6.1963299561e+02 6.1937902832e+02 6.1912298584e+02 6.1888299561e+02 6.1863201904e+02 6.1836297607e+02 6.1807397461e+02 6.1777099609e+02 6.1750201416e+02 6.1728399658e+02
6.2842797852e+02 6.2822802734e+02 6.2796197510e+02 6.2770800781e+02 6.2745300293e+02 6.2717401123e+02 6.2684698486e+02 6.2647900391e+02 6.2615197754e+02 6.2586199951e+02 6.2559002686e+02 6.2534399414e+02 6.2511798096e+02 6.2490399170e+02 6.2468701172e+02 6.2444702148e+02 6.2416101074e+02 6.2383697510e+02 6.2348498535e+02 6.2314898682e+02 6.2283599854e+02 6.2253302002e+02 6.2225598145e+02 6.2201800537e+02 6.2184002686e+02 6.2171600342e+02 6.2161499023e+02 6.2149597168e+02 6.2131097412e+02 6.2107098389e+02 6.2081896973e+02 6.2060699463e+02 6.2041998291e+02 6.2025701904e+02 6.2010601807e+02 6.1991699219e+02 6.1969299316e+02 6.1944201660e+02 6.1919598389e+02 6.1898602295e+02 6.1877197266e+02 6.1853997803e+02 6.1828497314e+02 6.1799798584e+02 6.1771801758e+02 6.1747399902e+02
6.2830603027e+02 6.2812500000e+02 6.2790002441e+02 6.2763897705e+02 6.2738702393e+02 6.2710797119e+02 6.2677398682e+02 6.2641998291e+02 6.2613500977e+02 6.2588800049e+02 6.2566802979e+02 6.2538201904e+02 6.2513098145e+02 6.2490399170e+02 6.2470001221e+02 6.2445001221e+02 6.2415899658e+02 6.2384197998e+02 6.2351098633e+02 6.2317401123e+02 6.2285699463e+02 6.2254901123e+02 6.2226098633e+02 6.2203399658e+02 6.2184600830e+02 6.2169500732e+02 6.2154901123e+02 6.2141198730e+02 6.2122399902e+02 6.2099298096e+02 6.2074298096e+02 6.2055902100e+02 6.2040802002e+02 6.2028100586e+02 6.2017797852e+02 6.2002099609e+02 6.1979199219e+02 6.1953399658e+02 6.1929199219e+02 6.1911700439e+02 6.1893798828e+02 6.1873498535e+02 6.1849700928e+02 6.1817700195e+02 6.1786602783e+02 6.1758697510e+02
6.2821197510e+02 6.2804498291e+02 6.2782000732e+02 6.2757702637e+02 6.2732501221e+02 6.2704602051e+02 6.2671002197e+02 6.2637500000e+02 6.2610498047e+02 6.2587298584e+02 6.2566699219e+02 6.2539898682e+02 6.2513201904e+02 6.2489801025e+02 6.2469299316e+02 6.2445098877e+02 6.2415600586e+02 6.2383099365e+02 6.2350701904e+02 6.2321502686e+02 6.2290899658e+02 6.2258001709e+02 6.2227301025e+02 6.2206097412e+02 6.2188800049e+02 6.2172198486e+02 6.2152801514e+02 6.2134899902e+02 6.2116198730e+02 6.2093298340e+02 6.2067602539e+02 6.2050000000e+02 6.2037799072e+02 6.2028900146e+02 6.2020397949e+02 6.2007397461e+02 6.1986102295e+02 6.1961700439e+02 6.1941400146e+02 6.1926702881e+02 6.1909997559e+02 6.1890100098e+02 6.1865002441e+02 6.1832501221e+02 6.1799700928e+02 6.1768902588e+02
6.2812500000e+02 6.2795800781e+02 6.2774102783e+02 6.2750500488e+02 6.2725500488e+02 6.2697998047e+02 6.2666101074e+02 6.2635101318e+02 6.2608697510e+02 6.2584997559e+02 6.2563500977e+02 6.2535797119e+02 6.2507897949e+02 6.2483502197e+02 6.2462597656e+02 6.2440100098e+02 6.2411102295e+02 6.2378399658e+02 6.2345599365e+02 6.2316601563e+02 6.2286700439e+02 6.2255700684e+02 6.2227398682e+02 6.2208197021e+02 6.2191699219e+02 6.2173797607e+02 6.2151300049e+02 6.2129302979e+02 6.2108697510e+02 6.2086401367e+02 6.2062701416e+02 6.2046600342e+02 6.2037402344e+02 6.2031402588e+02 6.2024102783e+02 6.2011798096e+02 6.1992102051e+02 6.1969799805e+02 6.1950799561e+02 6.1935498047e+02 6.1918402100e+02 6.1898297119e+02 6.1874200439e+02 6.1845300293e+02 6.1813397217e+02 6.1780297852e+02
6.2803601074e+02 6.2787298584e+02 6.2766198730e+02 6.2743200684e+02 6.2718701172e+02 6.2691802979e+02 6.2661700439e+02 6.2632897949e+02 6.2606298828e+02 6.2581298828e+02 6.2556896973e+02 6.2527398682e+02 6.2498400879e+02 6.2472601318e+02 6.2450299072e+02 6.2428997803e+02 6.2401599121e+02 6.2370599365e+02 6.2339001465e+02 6.2306701660e+02 6.2276800537e+02 6.2250097656e+02 6.2226397705e+02 6.2207598877e+02 6.2190899658e+02 6.2171899414e+02 6.2147601318e+02 6.2123101807e+02 6.2101000977e+02 6.2079901123e+02 6.2059997559e+02 6.2046099854e+02 6.2039202881e+02 6.2035101318e+02 6.2028198242e+02 6.2015600586e+02 6.1996697998e+02 6.1975598145e+02 6.1957000732e+02 6.1939202881e+02 6.1920202637e+02 6.1898901367e+02 6.1875402832e+02 6.1852801514e+02 6.1824401855e+02 6.1791101074e+02
6.2794097900e+02 6.2779302979e+02 6.2758599854e+02 6.2734497070e+02 6.2710797119e+02 6.2684899902e+02 6.2656701660e+02 6.2628399658e+02 6.2601098633e+02 6.2574597168e+02 6.2547802734e+02 6.2516802979e+02 6.2486999512e+02 6.2459899902e+02 6.2435900879e+02 6.2414501953e+02 6.2389501953e+02 6.2363098145e+02 6.2338000488e+02 6.2300201416e+02 6.2270300293e+02 6.2247497559e+02 6.2224401855e+02 6.2203601074e+02 6.2185198975e+02 6.2165100098e+02 6.2141302490e+02 6.2116802979e+02 6.2094897461e+02 6.2075897217e+02 6.2060699463e+02 6.2048199463e+02 6.2041601563e+02 6.2036901855e+02 6.2029602051e+02 6.2017498779e+02 6.1999401855e+02 6.1979602051e+02 6.1960699463e+02 6.1940100098e+02 6.1917401123e+02 6.1893103027e+02 6.1868597412e+02 6.1852899170e+02 6.1830499268e+02 6.1799798584e+02
6.2784899902e+02 6.2770599365e+02 6.2750201416e+02 6.2726397705e+02 6.2702600098e+02 6.2676898193e+02 6.2649902344e+02 6.2620599365e+02 6.2591601563e+02 6.2564099121e+02 6.2538598633e+02 6.2507098389e+02 6.2475000000e+02 6.2446697998e+02 6.2421002197e+02 6.2397497559e+02 6.2372497559e+02 6.2347802734e+02 6.2323101807e+02 6.2290002441e+02 6.2261999512e+02 6.2239599609e+02 6.2216900635e+02 6.2196502686e+02 6.2176898193e+02 6.2156201172e+02 6.2133001709e+02 6.2109002686e+02 6.2088598633e+02 6.2072198486e+02 6.2060198975e+02 6.2051098633e+02 6.2044598389e+02 6.2038397217e+02 6.2030603027e+02 6.2017797852e+02 6.2000701904e+02 6.1982299805e+02 6.1963397217e+02 6.1942498779e+02 6.1917700195e+02 6.1890997314e+02 6.1866998291e+02 6.1851702881e+02 6.1831402588e+02 6.1803399658e+02
6.2778198242e+02 6.2763299561e+02 6.2742999268e+02 6.2719201660e+02 6.2694299316e+02 6.2668103027e+02 6.2641302490e+02 6.2611798096e+02 6.2581701660e+02 6.2552801514e+02 6.2526599121e+02 6.2496398926e+02 6.2465100098e+02 6.2436199951e+02 6.2408099365e+02 6.2381701660e+02 6.2356500244e+02 6.2331701660e+02 6.2306298828e+02 6.2277899170e+02 6.2252600098e+02 6.2230902100e+02 6.2209399414e+02 6.2188897705e+02 6.2168902588e+02 6.2148101807e+02 6.2124401855e+02 6.2101098633e+02 6.2082598877e+02 6.2068798828e+02 6.2060302734e+02 6.2054302979e+02 6.2048297119e+02 6.2040899658e+02 6.2029998779e+02 6.2015197754e+02 6.1998498535e+02 6.1981500244e+02 6.1964202881e+02 6.1944299316e+02 6.1921600342e+02 6.1895697021e+02 6.1869500732e+02 6.1850897217e+02 6.1827801514e+02 6.1801098633e+02
6.2773797607e+02 6.2758197021e+02 6.2736798096e+02 6.2711499023e+02 6.2685302734e+02 6.2658099365e+02 6.2631097412e+02 6.2602697754e+02 6.2572497559e+02 6.2542401123e+02 6.2514398193e+02 6.2485101318e+02 6.2454400635e+02 6.2425299072e+02 6.2396398926e+02 6.2370001221e+02 6.2345098877e+02 6.2319500732e+02 6.2291699219e+02 6.2265899658e+02 6.2242700195e+02 6.2221801758e+02 6.2201599121e+02 6.2180603027e+02 6.2160601807e+02 6.2140100098e+02 6.2115997314e+02 6.2093200684e+02 6.2076800537e+02 6.2065399170e+02 6.2059698486e+02 6.2055902100e+02 6.2050097656e+02 6.2041198730e+02 6.2027197266e+02 6.2009497070e+02 6.1992797852e+02 6.1977301025e+02 6.1962402344e+02 6.1944500732e+02 6.1924902344e+02 6.1901300049e+02 6.1875402832e+02 6.1853198242e+02 6.1826702881e+02 6.1800701904e+02
6.2775000000e+02 6.2757501221e+02 6.2729400635e+02 6.2701800537e+02 6.2674597168e+02 6.2647900391e+02 6.2622497559e+02 6.2595501709e+02 6.2565997314e+02 6.2534899902e+02 6.2507800293e+02 6.2476501465e+02 6.2442797852e+02 6.2411999512e+02 6.2384698486e+02 6.2361901855e+02 6.2338098145e+02 6.2311297607e+02 6.2280700684e+02 6.2256097412e+02 6.2232897949e+02 6.2211401367e+02 6.2190698242e+02 6.2171502686e+02 6.2151300049e+02 6.2131097412e+02 6.2108502197e+02 6.2086798096e+02 6.2071899414e+02 6.2061798096e+02 6.2055798340e+02 6.2052801514e+02 6.2046697998e+02 6.2036700439e+02 6.2021398926e+02 6.2002502441e+02 6.1985498047e+02 6.1971301270e+02 6.1959802246e+02 6.1941802979e+02 6.1923699951e+02 6.1903100586e+02 6.1878100586e+02 6.1857202148e+02 6.1831500244e+02 6.1807299805e+02
6.2776599121e+02 6.2755499268e+02 6.2720397949e+02 6.2686999512e+02 6.2658300781e+02 6.2632299805e+02 6.2608300781e+02 6.2584899902e+02 6.2557098389e+02 6.2525897217e+02 6.2493499756e+02 6.2465002441e+02 6.2432299805e+02 6.2401098633e+02 6.2375000000e+02 6.2351300049e+02 6.2326501465e+02 6.2300299072e+02 6.2272698975e+02 6.2247698975e+02 6.2223901367e+02 6.2201599121e+02 6.2181597900e+02 6.2162200928e+02 6.2142199707e+02 6.2122198486e+02 6.2102301025e+02 6.2082598877e+02 6.2066900635e+02 6.2055603027e+02 6.2049200439e+02 6.2045001221e+02 6.2038098145e+02 6.2027899170e+02 6.2013299561e+02 6.1996002197e+02 6.1979498291e+02 6.1965399170e+02 6.1953399658e+02 6.1935601807e+02 6.1918200684e+02 6.1899902344e+02 6.1875897217e+02 6.1857000732e+02 6.1835101318e+02 6.1812799072e+02
6.2767102051e+02 6.2744396973e+02 6.2708599854e+02 6.2673602295e+02 6.2642602539e+02 6.2614501953e+02 6.2589801025e+02 6.2567401123e+02 6.2541699219e+02 6.2511901855e+02 6.2477001953e+02 6.2449798584e+02 6.2420599365e+02 6.2391400146e+02 6.2366101074e+02 6.2341302490e+02 6.2317102051e+02 6.2292797852e+02 6.2267199707e+02 6.2241198730e+02 6.2216198730e+02 6.2193298340e+02 6.2173400879e+02 6.2154199219e+02 6.2134698486e+02 6.2115301514e+02 6.2095898438e+02 6.2076702881e+02 6.2060797119e+02 6.2048999023e+02 6.2040997314e+02 6.2034997559e+02 6.2027600098e+02 6.2017700195e+02 6.2003900146e+02 6.1988500977e+02 6.1973400879e+02 6.1959497070e+02 6.1947100830e+02 6.1928802490e+02 6.1912200928e+02 6.1895800781e+02 6.1874597168e+02 6.1856597900e+02 6.1837097168e+02 6.1818103027e+02
6.2749798584e+02 6.2726202393e+02 6.2692700195e+02 6.2659997559e+02 6.2628399658e+02 6.2598400879e+02 6.2570697021e+02 6.2546600342e+02 6.2522100830e+02 6.2494299316e+02 6.2460998535e+02 6.2436102295e+02 6.2409100342e+02 6.2381402588e+02 6.2356896973e+02 6.2332098389e+02 6.2309802246e+02 6.2287701416e+02 6.2262799072e+02 6.2235101318e+02 6.2208398438e+02 6.2184497070e+02 6.2164898682e+02 6.2146301270e+02 6.2127398682e+02 6.2108300781e+02 6.2088702393e+02 6.2069500732e+02 6.2053900146e+02 6.2041601563e+02 6.2032397461e+02 6.2025000000e+02 6.2016998291e+02 6.2007397461e+02 6.1994500732e+02 6.1980902100e+02 6.1967199707e+02 6.1953997803e+02 6.1941900635e+02 6.1926599121e+02 6.1913500977e+02 6.1899700928e+02 6.1879998779e+02 6.1860699463e+02 6.1842602539e+02 6.1827600098e+02
