TESTSERVER/7/5.asc
NCOLS 100
NROWS 100
XLLCORNER 7.8497500000e+03
YLLCORNER 2.8970025000e+05
CELLSIZE 5.0000000000e-01
NODATA_VALUE -9.9990000000e+03
[rows 80 to 99 of 100, columns 0 to 45 of 100]
6.2405102539e+02 6.2372601318e+02 6.2345397949e+02 6.2323797607e+02 6.2302899170e+02 6.2283001709e+02 6.2268499756e+02 6.2243402100e+02 6.2218798828e+02 6.2199401855e+02 6.2184802246e+02 6.2170202637e+02 6.2155200195e+02 6.2141198730e+02 6.2130798340e+02 6.2121197510e+02 6.2110198975e+02 6.2098101807e+02 6.2086199951e+02 6.2078100586e+02 6.2068499756e+02 6.2057397461e+02 6.2043902588e+02 6.2028601074e+02 6.2014300537e+02 6.2001501465e+02 6.1990899658e+02 6.1978997803e+02 6.1969396973e+02 6.1960797119e+02 6.1950897217e+02 6.1938500977e+02 6.1927398682e+02 6.1917102051e+02 6.1907897949e+02 6.1900000000e+02 6.1885498047e+02 6.1870501709e+02 6.1859497070e+02 6.1862500000e+02 6.1864300537e+02 6.1866802979e+02 6.1867297363e+02 6.1864898682e+02 6.1859002686e+02 6.1850799561e+02
6.2395800781e+02 6.2360302734e+02 6.2330902100e+02 6.2308697510e+02 6.2286901855e+02 6.2266497803e+02 6.2250000000e+02 6.2228997803e+02 6.2208502197e+02 6.2191101074e+02 6.2175701904e+02 6.2160101318e+02 6.2145397949e+02 6.2134301758e+02 6.2125701904e+02 6.2116998291e+02 6.2104699707e+02 6.2090197754e+02 6.2077502441e+02 6.2068902588e+02 6.2059802246e+02 6.2049298096e+02 6.2036199951e+02 6.2022399902e+02 6.2009997559e+02 6.1999200439e+02 6.1990301514e+02 6.1978601074e+02 6.1967797852e+02 6.1958197021e+02 6.1946099854e+02 6.1933599854e+02 6.1926098633e+02 6.1917102051e+02 6.1903900146e+02 6.1893499756e+02 6.1881597900e+02 6.1869702148e+02 6.1861602783e+02 6.1861901855e+02 6.1862597656e+02 6.1862902832e+02 6.1861499023e+02 6.1857800293e+02 6.1850701904e+02 6.1842999268e+02
6.2384997559e+02 6.2347198486e+02 6.2316400146e+02 6.2292999268e+02 6.2270599365e+02 6.2249597168e+02 6.2231896973e+02 6.2214398193e+02 6.2197497559e+02 6.2181799316e+02 6.2166400146e+02 6.2150701904e+02 6.2136102295e+02 6.2123602295e+02 6.2113800049e+02 6.2106097412e+02 6.2094799805e+02 6.2081896973e+02 6.2070098877e+02 6.2061102295e+02 6.2052099609e+02 6.2041998291e+02 6.2029498291e+02 6.2016699219e+02 6.2005401611e+02 6.1995800781e+02 6.1987097168e+02 6.1976300049e+02 6.1965899658e+02 6.1955297852e+02 6.1943200684e+02 6.1931500244e+02 6.1924298096e+02 6.1915802002e+02 6.1903002930e+02 6.1893597412e+02 6.1883898926e+02 6.1874102783e+02 6.1865899658e+02 6.1863000488e+02 6.1861401367e+02 6.1859197998e+02 6.1855401611e+02 6.1849102783e+02 6.1840997314e+02 6.1834002686e+02
6.2371801758e+02 6.2333801270e+02 6.2303302002e+02 6.2278399658e+02 6.2255700684e+02 6.2234802246e+02 6.2215997314e+02 6.2199298096e+02 6.2183898926e+02 6.2169396973e+02 6.2154797363e+02 6.2140802002e+02 6.2127099609e+02 6.2111401367e+02 6.2098101807e+02 6.2091998291e+02 6.2083099365e+02 6.2073400879e+02 6.2064001465e+02 6.2055200195e+02 6.2046301270e+02 6.2036700439e+02 6.2024902344e+02 6.2012701416e+02 6.2002197266e+02 6.1992999268e+02 6.1984197998e+02 6.1975201416e+02 6.1965600586e+02 6.1954400635e+02 6.1942999268e+02 6.1931799316e+02 6.1922100830e+02 6.1912298584e+02 6.1902600098e+02 6.1895098877e+02 6.1886199951e+02 6.1877301025e+02 6.1868902588e+02 6.1864001465e+02 6.1860198975e+02 6.1855902100e+02 6.1849597168e+02 6.1840301514e+02 6.1831298828e+02 6.1825201416e+02
6.2355603027e+02 6.2320300293e+02 6.2292700195e+02 6.2266601563e+02 6.2243902588e+02 6.2223199463e+02 6.2203399658e+02 6.2184100342e+02 6.2167700195e+02 6.2153900146e+02 6.2142901611e+02 6.2134197998e+02 6.2123400879e+02 6.2106799316e+02 6.2089599609e+02 6.2079199219e+02 6.2072399902e+02 6.2065997314e+02 6.2058099365e+02 6.2050598145e+02 6.2042297363e+02 6.2033001709e+02 6.2022302246e+02 6.2011102295e+02 6.2001501465e+02 6.1992102051e+02 6.1982897949e+02 6.1974902344e+02 6.1964898682e+02 6.1952301025e+02 6.1940997314e+02 6.1932598877e+02 6.1921600342e+02 6.1910998535e+02 6.1903198242e+02 6.1894598389e+02 6.1885601807e+02 6.1877398682e+02 6.1868402100e+02 6.1862799072e+02 6.1858300781e+02 6.1853002930e+02 6.1844500732e+02 6.1832598877e+02 6.1823498535e+02 6.1818701172e+02
6.2339697266e+02 6.2307501221e+02 6.2281402588e+02 6.2256597900e+02 6.2234399414e+02 6.2214099121e+02 6.2194598389e+02 6.2173999023e+02 6.2156402588e+02 6.2142401123e+02 6.2132501221e+02 6.2125598145e+02 6.2115002441e+02 6.2100598145e+02 6.2084698486e+02 6.2073498535e+02 6.2065502930e+02 6.2058801270e+02 6.2052502441e+02 6.2045202637e+02 6.2037200928e+02 6.2028302002e+02 6.2018597412e+02 6.2009802246e+02 6.2001702881e+02 6.1991998291e+02 6.1979602051e+02 6.1970898438e+02 6.1962799072e+02 6.1951702881e+02 6.1942498779e+02 6.1932501221e+02 6.1921801758e+02 6.1911798096e+02 6.1902502441e+02 6.1893798828e+02 6.1883197021e+02 6.1874700928e+02 6.1864398193e+02 6.1857397461e+02 6.1853100586e+02 6.1847198486e+02 6.1836901855e+02 6.1825799561e+02 6.1817999268e+02 6.1814599609e+02
6.2330499268e+02 6.2298400879e+02 6.2271997070e+02 6.2248797607e+02 6.2227502441e+02 6.2208001709e+02 6.2188397217e+02 6.2166900635e+02 6.2149102783e+02 6.2134802246e+02 6.2124102783e+02 6.2114599609e+02 6.2103100586e+02 6.2090399170e+02 6.2078100586e+02 6.2069000244e+02 6.2060900879e+02 6.2054101563e+02 6.2048400879e+02 6.2040997314e+02 6.2033099365e+02 6.2024298096e+02 6.2015502930e+02 6.2008801270e+02 6.2001098633e+02 6.1990997314e+02 6.1977600098e+02 6.1969598389e+02 6.1962799072e+02 6.1952801514e+02 6.1943798828e+02 6.1931402588e+02 6.1919500732e+02 6.1910198975e+02 6.1899902344e+02 6.1890100098e+02 6.1878198242e+02 6.1868798828e+02 6.1859197998e+02 6.1850598145e+02 6.1845898438e+02 6.1839898682e+02 6.1829699707e+02 6.1818902588e+02 6.1811401367e+02 6.1808502197e+02
6.2327398682e+02 6.2293402100e+02 6.2264898682e+02 6.2242700195e+02 6.2222100830e+02 6.2203002930e+02 6.2183300781e+02 6.2161901855e+02 6.2144201660e+02 6.2129400635e+02 6.2117401123e+02 6.2104797363e+02 6.2092102051e+02 6.2080902100e+02 6.2072302246e+02 6.2065600586e+02 6.2058300781e+02 6.2051800537e+02 6.2045898438e+02 6.2038897705e+02 6.2031402588e+02 6.2022497559e+02 6.2013299561e+02 6.2007202148e+02 6.1999700928e+02 6.1989801025e+02 6.1976800537e+02 6.1969097900e+02 6.1962402344e+02 6.1951898193e+02 6.1942901611e+02 6.1930603027e+02 6.1917999268e+02 6.1908801270e+02 6.1898297119e+02 6.1887402344e+02 6.1874798584e+02 6.1865600586e+02 6.1856896973e+02 6.1846398926e+02 6.1840698242e+02 6.1834600830e+02 6.1824902344e+02 6.1813702393e+02 6.1805499268e+02 6.1801599121e+02
6.2324401855e+02 6.2288098145e+02 6.2259899902e+02 6.2236401367e+02 6.2215399170e+02 6.2196197510e+02 6.2176300049e+02 6.2156896973e+02 6.2139801025e+02 6.2124597168e+02 6.2110198975e+02 6.2097399902e+02 6.2085797119e+02 6.2076098633e+02 6.2068798828e+02 6.2062097168e+02 6.2055102539e+02 6.2048602295e+02 6.2042999268e+02 6.2038299561e+02 6.2031896973e+02 6.2023199463e+02 6.2013098145e+02 6.2005902100e+02 6.1997802734e+02 6.1988299561e+02 6.1978601074e+02 6.1969500732e+02 6.1962597656e+02 6.1952301025e+02 6.1937097168e+02 6.1928900146e+02 6.1919097900e+02 6.1909698486e+02 6.1897802734e+02 6.1887597656e+02 6.1873797607e+02 6.1863897705e+02 6.1856799316e+02 6.1846801758e+02 6.1839202881e+02 6.1831701660e+02 6.1822198486e+02 6.1811901855e+02 6.1802697754e+02 6.1796398926e+02
6.2317102051e+02 6.2279498291e+02 6.2252899170e+02 6.2227801514e+02 6.2205102539e+02 6.2185400391e+02 6.2166900635e+02 6.2148199463e+02 6.2132501221e+02 6.2118200684e+02 6.2105200195e+02 6.2092999268e+02 6.2082098389e+02 6.2072497559e+02 6.2064099121e+02 6.2056298828e+02 6.2049597168e+02 6.2043597412e+02 6.2038702393e+02 6.2035699463e+02 6.2030902100e+02 6.2023400879e+02 6.2013800049e+02 6.2007397461e+02 6.1999401855e+02 6.1990600586e+02 6.1981701660e+02 6.1969799805e+02 6.1960900879e+02 6.1951300049e+02 6.1935601807e+02 6.1925701904e+02 6.1915997314e+02 6.1906402588e+02 6.1895800781e+02 6.1886602783e+02 6.1872698975e+02 6.1861297607e+02 6.1855102539e+02 6.1847100830e+02 6.1838201904e+02 6.1829498291e+02 6.1820898438e+02 6.1811901855e+02 6.1802899170e+02 6.1795697021e+02
6.2306701660e+02 6.2269702148e+02 6.2244799805e+02 6.2218298340e+02 6.2194598389e+02 6.2174597168e+02 6.2157299805e+02 6.2140197754e+02 6.2125500488e+02 6.2112298584e+02 6.2100201416e+02 6.2088201904e+02 6.2077197266e+02 6.2067602539e+02 6.2058801270e+02 6.2050897217e+02 6.2044702148e+02 6.2038800049e+02 6.2033697510e+02 6.2030798340e+02 6.2026800537e+02 6.2020599365e+02 6.2012402344e+02 6.2005499268e+02 6.1998498535e+02 6.1990502930e+02 6.1980603027e+02 6.1968200684e+02 6.1957800293e+02 6.1949102783e+02 6.1935699463e+02 6.1924102783e+02 6.1912701416e+02 6.1903198242e+02 6.1893902588e+02 6.1885699463e+02 6.1872900391e+02 6.1861401367e+02 6.1854302979e+02 6.1845202637e+02 6.1835198975e+02 6.1826501465e+02 6.1819201660e+02 6.1811102295e+02 6.1802502441e+02 6.1795001221e+02
6.2296398926e+02 6.2260797119e+02 6.2236102295e+02 6.2207800293e+02 6.2183502197e+02 6.2163500977e+02 6.2148101807e+02 6.2133197021e+02 6.2119598389e+02 6.2107202148e+02 6.2095501709e+02 6.2083197021e+02 6.2072198486e+02 6.2062500000e+02 6.2053302002e+02 6.2045800781e+02 6.2040100098e+02 6.2034399414e+02 6.2028601074e+02 6.2024597168e+02 6.2020800781e+02 6.2016101074e+02 6.2009399414e+02 6.2002801514e+02 6.1997399902e+02 6.1989801025e+02 6.1978100586e+02 6.1966400146e+02 6.1954602051e+02 6.1945697021e+02 6.1934497070e+02 6.1922497559e+02 6.1910797119e+02 6.1902001953e+02 6.1892498779e+02 6.1883801270e+02 6.1872698975e+02 6.1861700439e+02 6.1852600098e+02 6.1842297363e+02 6.1831500244e+02 6.1823297119e+02 6.1817401123e+02 6.1809600830e+02 6.1801098633e+02 6.1793298340e+02
6.2287902832e+02 6.2254101563e+02 6.2226599121e+02 6.2196099854e+02 6.2170898438e+02 6.2151501465e+02 6.2139099121e+02 6.2128900146e+02 6.2116900635e+02 6.2104998779e+02 6.2093402100e+02 6.2079302979e+02 6.2067999268e+02 6.2057800293e+02 6.2049102783e+02 6.2041699219e+02 6.2035699463e+02 6.2029998779e+02 6.2024597168e+02 6.2019897461e+02 6.2015399170e+02 6.2011297607e+02 6.2006896973e+02 6.2003302002e+02 6.2001397705e+02 6.1993597412e+02 6.1976702881e+02 6.1963500977e+02 6.1952697754e+02 6.1942901611e+02 6.1930798340e+02 6.1918499756e+02 6.1907897949e+02 6.1900000000e+02 6.1890997314e+02 6.1881298828e+02 6.1871997070e+02 6.1862200928e+02 6.1852197266e+02 6.1840301514e+02 6.1829498291e+02 6.1820697021e+02 6.1813800049e+02 6.1806402588e+02 6.1797998047e+02 6.1790399170e+02
6.2278002930e+02 6.2244799805e+02 6.2216699219e+02 6.2184497070e+02 6.2159197998e+02 6.2141998291e+02 6.2134100342e+02 6.2125701904e+02 6.2114398193e+02 6.2102697754e+02 6.2089501953e+02 6.2076300049e+02 6.2064697266e+02 6.2053900146e+02 6.2044598389e+02 6.2036700439e+02 6.2029699707e+02 6.2023901367e+02 6.2019097900e+02 6.2014202881e+02 6.2009497070e+02 6.2007800293e+02 6.2009399414e+02 6.2011602783e+02 6.2008801270e+02 6.1999902344e+02 6.1982000732e+02 6.1962701416e+02 6.1947900391e+02 6.1937402344e+02 6.1926898193e+02 6.1913702393e+02 6.1904498291e+02 6.1897698975e+02 6.1889599609e+02 6.1881097412e+02 6.1871002197e+02 6.1860699463e+02 6.1850500488e+02 6.1839099121e+02 6.1830200195e+02 6.1821600342e+02 6.1812701416e+02 6.1803100586e+02 6.1793798828e+02 6.1785400391e+02
6.2271697998e+02 6.2236798096e+02 6.2208300781e+02 6.2176702881e+02 6.2151898193e+02 6.2135699463e+02 6.2129302979e+02 6.2120800781e+02 6.2109899902e+02 6.2098199463e+02 6.2085101318e+02 6.2071899414e+02 6.2060198975e+02 6.2049298096e+02 6.2039202881e+02 6.2029901123e+02 6.2022601318e+02 6.2017102051e+02 6.2012597656e+02 6.2007702637e+02 6.2003900146e+02 6.2003399658e+02 6.2008001709e+02 6.2008898926e+02 6.1996197510e+02 6.1984997559e+02 6.1978302002e+02 6.1960998535e+02 6.1942999268e+02 6.1932598877e+02 6.1923797607e+02 6.1912402344e+02 6.1904101563e+02 6.1896197510e+02 6.1886199951e+02 6.1879699707e+02 6.1870697021e+02 6.1860302734e+02 6.1848999023e+02 6.1838800049e+02 6.1830297852e+02 6.1821600342e+02 6.1811901855e+02 6.1801898193e+02 6.1791699219e+02 6.1782098389e+02
6.2267297363e+02 6.2231298828e+02 6.2203198242e+02 6.2171899414e+02 6.2146801758e+02 6.2130401611e+02 6.2123797607e+02 6.2115301514e+02 6.2104400635e+02 6.2092901611e+02 6.2080102539e+02 6.2066998291e+02 6.2055200195e+02 6.2044299316e+02 6.2033099365e+02 6.2022399902e+02 6.2015301514e+02 6.2010400391e+02 6.2006799316e+02 6.2003399658e+02 6.1999499512e+02 6.1996697998e+02 6.1998101807e+02 6.1997998047e+02 6.1985198975e+02 6.1974102783e+02 6.1968298340e+02 6.1955902100e+02 6.1939801025e+02 6.1929797363e+02 6.1920800781e+02 6.1911199951e+02 6.1903399658e+02 6.1894799805e+02 6.1883898926e+02 6.1878302002e+02 6.1869201660e+02 6.1859100342e+02 6.1848297119e+02 6.1839099121e+02 6.1829602051e+02 6.1819598389e+02 6.1810400391e+02 6.1801000977e+02 6.1790698242e+02 6.1780499268e+02
6.2262298584e+02 6.2226800537e+02 6.2200701904e+02 6.2169201660e+02 6.2143298340e+02 6.2125402832e+02 6.2117297363e+02 6.2109301758e+02 6.2098400879e+02 6.2086999512e+02 6.2074499512e+02 6.2061499023e+02 6.2049700928e+02 6.2038397217e+02 6.2025598145e+02 6.2015301514e+02 6.2008697510e+02 6.2004699707e+02 6.2002697754e+02 6.2000299072e+02 6.1995898438e+02 6.1989202881e+02 6.1983502197e+02 6.1986199951e+02 6.1985498047e+02 6.1976501465e+02 6.1960101318e+02 6.1949902344e+02 6.1937298584e+02 6.1928302002e+02 6.1917199707e+02 6.1908398438e+02 6.1900299072e+02 6.1891601563e+02 6.1883099365e+02 6.1874401855e+02 6.1864801025e+02 6.1857000732e+02 6.1848199463e+02 6.1839398193e+02 6.1828802490e+02 6.1817901611e+02 6.1809899902e+02 6.1801000977e+02 6.1791101074e+02 6.1780401611e+02
6.2253997803e+02 6.2218701172e+02 6.2193902588e+02 6.2164202881e+02 6.2139202881e+02 6.2121600342e+02 6.2111901855e+02 6.2101898193e+02 6.2090197754e+02 6.2078601074e+02 6.2066699219e+02 6.2054901123e+02 6.2043701172e+02 6.2032702637e+02 6.2020501709e+02 6.2010101318e+02 6.2004302979e+02 6.2001098633e+02 6.1998797607e+02 6.1993798828e+02 6.1989398193e+02 6.1983300781e+02 6.1978100586e+02 6.1975201416e+02 6.1970300293e+02 6.1961102295e+02 6.1950402832e+02 6.1942401123e+02 6.1933099365e+02 6.1926098633e+02 6.1914099121e+02 6.1907800293e+02 6.1899401855e+02 6.1889001465e+02 6.1880798340e+02 6.1872802734e+02 6.1864001465e+02 6.1855700684e+02 6.1846801758e+02 6.1839398193e+02 6.1828802490e+02 6.1817401123e+02 6.1806896973e+02 6.1797100830e+02 6.1788800049e+02 6.1780102539e+02
6.2245898438e+02 6.2209301758e+02 6.2184301758e+02 6.2157501221e+02 6.2134600830e+02 6.2118200684e+02 6.2106701660e+02 6.2094000244e+02 6.2081402588e+02 6.2069702148e+02 6.2058898926e+02 6.2048699951e+02 6.2038201904e+02 6.2027899170e+02 6.2016400146e+02 6.2006799316e+02 6.2001202393e+02 6.1997802734e+02 6.1994396973e+02 6.1986999512e+02 6.1982897949e+02 6.1978302002e+02 6.1973999023e+02 6.1966802979e+02 6.1957598877e+02 6.1949902344e+02 6.1943701172e+02 6.1935797119e+02 6.1927197266e+02 6.1920001221e+02 6.1909600830e+02 6.1905297852e+02 6.1897497559e+02 6.1887200928e+02 6.1878601074e+02 6.1870397949e+02 6.1860900879e+02 6.1852502441e+02 6.1846099854e+02 6.1839398193e+02 6.1827697754e+02 6.1815600586e+02 6.1804302979e+02 6.1795397949e+02 6.1788098145e+02 6.1779998779e+02
6.2240802002e+02 6.2201800537e+02 6.2174298096e+02 6.2149798584e+02 6.2129199219e+02 6.2113897705e+02 6.2101000977e+02 6.2086401367e+02 6.2073101807e+02 6.2061199951e+02 6.2051599121e+02 6.2042797852e+02 6.2033099365e+02 6.2023498535e+02 6.2013000488e+02 6.2003997803e+02 6.1998297119e+02 6.1994396973e+02 6.1989697266e+02 6.1979101563e+02 6.1974597168e+02 6.1971600342e+02 6.1968200684e+02 6.1960101318e+02 6.1950701904e+02 6.1944799805e+02 6.1939099121e+02 6.1930401611e+02 6.1921398926e+02 6.1913800049e+02 6.1904699707e+02 6.1901098633e+02 6.1894201660e+02 6.1885101318e+02 6.1876202393e+02 6.1867498779e+02 6.1857702637e+02 6.1849798584e+02 6.1845397949e+02 6.1838098145e+02 6.1826098633e+02 6.1816497803e+02 6.1809002686e+02 6.1798498535e+02 6.1788098145e+02 6.1777899170e+02
