TESTSERVER/7/6.asc
NCOLS 100
NROWS 100
XLLCORNER 7.8497500000e+03
YLLCORNER 2.8965025000e+05
CELLSIZE 5.0000000000e-01
NODATA_VALUE -9.9990000000e+03
[rows 0 to 19 of 100, columns 0 to 45 of 100]
6.2236798096e+02 6.2197302246e+02 6.2165899658e+02 6.2141699219e+02 6.2122198486e+02 6.2107397461e+02 6.2093597412e+02 6.2078698730e+02 6.2065197754e+02 6.2053698730e+02 6.2045300293e+02 6.2037402344e+02 6.2028399658e+02 6.2019396973e+02 6.2009899902e+02 6.2002301025e+02 6.1996099854e+02 6.1990899658e+02 6.1985498047e+02 6.1975097656e+02 6.1968798828e+02 6.1964801025e+02 6.1959997559e+02 6.1952600098e+02 6.1945599365e+02 6.1939501953e+02 6.1932598877e+02 6.1925000000e+02 6.1916302490e+02 6.1908300781e+02 6.1900799561e+02 6.1896099854e+02 6.1889202881e+02 6.1881799316e+02 6.1875097656e+02 6.1865899658e+02 6.1855902100e+02 6.1847698975e+02 6.1842999268e+02 6.1835699463e+02 6.1825000000e+02 6.1818499756e+02 6.1810699463e+02 6.1797399902e+02 6.1785998535e+02 6.1776300049e+02
6.2228399658e+02 6.2189501953e+02 6.2156799316e+02 6.2132098389e+02 6.2113598633e+02 6.2100201416e+02 6.2087402344e+02 6.2071600342e+02 6.2058697510e+02 6.2048602295e+02 6.2041101074e+02 6.2033398438e+02 6.2024700928e+02 6.2015899658e+02 6.2007098389e+02 6.1999902344e+02 6.1993103027e+02 6.1986700439e+02 6.1980401611e+02 6.1970898438e+02 6.1963000488e+02 6.1957299805e+02 6.1953002930e+02 6.1944396973e+02 6.1936499023e+02 6.1929797363e+02 6.1925402832e+02 6.1919799805e+02 6.1912200928e+02 6.1902600098e+02 6.1892700195e+02 6.1889398193e+02 6.1884802246e+02 6.1878497314e+02 6.1871301270e+02 6.1864501953e+02 6.1855902100e+02 6.1846899414e+02 6.1840802002e+02 6.1835699463e+02 6.1828100586e+02 6.1819500732e+02 6.1807897949e+02 6.1795202637e+02 6.1784899902e+02 6.1775598145e+02
6.2218798828e+02 6.2179400635e+02 6.2147802734e+02 6.2124700928e+02 6.2107800293e+02 6.2095397949e+02 6.2082098389e+02 6.2066400146e+02 6.2054101563e+02 6.2044799805e+02 6.2037701416e+02 6.2029797363e+02 6.2021398926e+02 6.2012902832e+02 6.2004400635e+02 6.1996697998e+02 6.1989202881e+02 6.1981896973e+02 6.1974499512e+02 6.1964202881e+02 6.1955499268e+02 6.1948901367e+02 6.1943701172e+02 6.1934698486e+02 6.1927600098e+02 6.1922198486e+02 6.1919299316e+02 6.1914001465e+02 6.1906298828e+02 6.1897100830e+02 6.1889202881e+02 6.1884497070e+02 6.1879302979e+02 6.1873797607e+02 6.1866198730e+02 6.1860699463e+02 6.1854998779e+02 6.1847998047e+02 6.1841802979e+02 6.1838500977e+02 6.1831896973e+02 6.1821502686e+02 6.1807299805e+02 6.1793902588e+02 6.1782397461e+02 6.1773101807e+02
6.2216900635e+02 6.2175897217e+02 6.2142999268e+02 6.2120501709e+02 6.2103802490e+02 6.2090997314e+02 6.2077001953e+02 6.2061499023e+02 6.2049597168e+02 6.2041101074e+02 6.2034497070e+02 6.2026599121e+02 6.2018402100e+02 6.2009997559e+02 6.2001702881e+02 6.1993499756e+02 6.1985302734e+02 6.1977099609e+02 6.1968298340e+02 6.1957202148e+02 6.1947900391e+02 6.1940600586e+02 6.1933801270e+02 6.1925897217e+02 6.1921197510e+02 6.1916601563e+02 6.1912902832e+02 6.1906597900e+02 6.1898400879e+02 6.1891101074e+02 6.1887402344e+02 6.1881298828e+02 6.1875097656e+02 6.1871002197e+02 6.1864202881e+02 6.1857598877e+02 6.1854101563e+02 6.1849499512e+02 6.1842797852e+02 6.1838299561e+02 6.1831701660e+02 6.1821398926e+02 6.1808398438e+02 6.1792498779e+02 6.1779400635e+02 6.1770599365e+02
6.2226800537e+02 6.2183599854e+02 6.2145202637e+02 6.2118701172e+02 6.2100500488e+02 6.2086700439e+02 6.2070501709e+02 6.2055999756e+02 6.2044396973e+02 6.2035998535e+02 6.2028002930e+02 6.2022302246e+02 6.2014898682e+02 6.2007098389e+02 6.1998999023e+02 6.1990301514e+02 6.1981500244e+02 6.1972302246e+02 6.1961401367e+02 6.1950598145e+02 6.1941198730e+02 6.1933697510e+02 6.1927801514e+02 6.1920898438e+02 6.1915802002e+02 6.1911199951e+02 6.1906896973e+02 6.1901202393e+02 6.1892999268e+02 6.1885797119e+02 6.1881701660e+02 6.1878601074e+02 6.1873999023e+02 6.1870599365e+02 6.1866400146e+02 6.1858502197e+02 6.1855297852e+02 6.1850201416e+02 6.1840997314e+02 6.1835797119e+02 6.1828802490e+02 6.1819702148e+02 6.1808502197e+02 6.1791101074e+02 6.1778601074e+02 6.1771301270e+02
6.2240399170e+02 6.2197100830e+02 6.2155297852e+02 6.2120001221e+02 6.2097601318e+02 6.2083599854e+02 6.2067199707e+02 6.2050299072e+02 6.2038299561e+02 6.2029699707e+02 6.2024298096e+02 6.2018402100e+02 6.2011297607e+02 6.2003802490e+02 6.1995800781e+02 6.1987097168e+02 6.1977899170e+02 6.1968200684e+02 6.1956896973e+02 6.1945300293e+02 6.1936199951e+02 6.1929302979e+02 6.1924298096e+02 6.1916101074e+02 6.1910198975e+02 6.1906500244e+02 6.1901702881e+02 6.1895697021e+02 6.1888397217e+02 6.1882897949e+02 6.1879901123e+02 6.1878497314e+02 6.1871899414e+02 6.1866198730e+02 6.1863598633e+02 6.1860400391e+02 6.1855798340e+02 6.1848199463e+02 6.1839099121e+02 6.1834100342e+02 6.1827197266e+02 6.1818298340e+02 6.1806896973e+02 6.1791900635e+02 6.1780902100e+02 6.1773602295e+02
6.2249102783e+02 6.2207098389e+02 6.2165802002e+02 6.2125701904e+02 6.2098498535e+02 6.2081799316e+02 6.2065100098e+02 6.2047802734e+02 6.2035302734e+02 6.2026501465e+02 6.2021899414e+02 6.2016400146e+02 6.2008898926e+02 6.2000897217e+02 6.1992797852e+02 6.1984002686e+02 6.1974499512e+02 6.1964501953e+02 6.1953497314e+02 6.1942102051e+02 6.1932299805e+02 6.1924798584e+02 6.1920300293e+02 6.1912298584e+02 6.1905798340e+02 6.1901800537e+02 6.1896197510e+02 6.1889001465e+02 6.1882299805e+02 6.1878198242e+02 6.1876202393e+02 6.1875201416e+02 6.1869097900e+02 6.1864300537e+02 6.1862298584e+02 6.1858300781e+02 6.1850500488e+02 6.1842498779e+02 6.1835601807e+02 6.1830999756e+02 6.1824200439e+02 6.1815301514e+02 6.1804101563e+02 6.1791699219e+02 6.1781896973e+02 6.1774499512e+02
6.2256298828e+02 6.2216302490e+02 6.2175799561e+02 6.2134301758e+02 6.2103802490e+02 6.2083697510e+02 6.2066101074e+02 6.2049401855e+02 6.2036401367e+02 6.2026800537e+02 6.2021197510e+02 6.2015002441e+02 6.2006896973e+02 6.1998498535e+02 6.1990100098e+02 6.1981097412e+02 6.1971301270e+02 6.1960998535e+02 6.1951501465e+02 6.1940997314e+02 6.1929699707e+02 6.1920599365e+02 6.1915002441e+02 6.1908099365e+02 6.1901501465e+02 6.1896801758e+02 6.1890399170e+02 6.1882897949e+02 6.1876800537e+02 6.1873101807e+02 6.1870300293e+02 6.1868499756e+02 6.1865197754e+02 6.1861602783e+02 6.1857800293e+02 6.1851800537e+02 6.1844396973e+02 6.1838000488e+02 6.1831402588e+02 6.1826000977e+02 6.1819097900e+02 6.1810797119e+02 6.1801000977e+02 6.1788598633e+02 6.1778302002e+02 6.1771002197e+02
6.2267901611e+02 6.2230297852e+02 6.2186901855e+02 6.2145800781e+02 6.2113397217e+02 6.2090100098e+02 6.2070898438e+02 6.2055102539e+02 6.2041497803e+02 6.2030798340e+02 6.2023797607e+02 6.2014202881e+02 6.2004699707e+02 6.1995001221e+02 6.1984600830e+02 6.1977899170e+02 6.1968701172e+02 6.1959399414e+02 6.1954498291e+02 6.1942498779e+02 6.1928601074e+02 6.1916198730e+02 6.1906500244e+02 6.1902697754e+02 6.1897100830e+02 6.1891101074e+02 6.1883599854e+02 6.1878100586e+02 6.1873901367e+02 6.1869799805e+02 6.1864300537e+02 6.1861700439e+02 6.1859802246e+02 6.1855401611e+02 6.1849798584e+02 6.1845202637e+02 6.1838201904e+02 6.1832202148e+02 6.1827197266e+02 6.1821801758e+02 6.1813897705e+02 6.1805999756e+02 6.1798699951e+02 6.1786297607e+02 6.1774499512e+02 6.1766198730e+02
6.2283099365e+02 6.2246899414e+02 6.2206201172e+02 6.2162500000e+02 6.2121997070e+02 6.2093200684e+02 6.2078100586e+02 6.2062799072e+02 6.2048199463e+02 6.2035601807e+02 6.2024902344e+02 6.2013702393e+02 6.2002899170e+02 6.1992297363e+02 6.1982501221e+02 6.1974401855e+02 6.1965600586e+02 6.1957098389e+02 6.1950201416e+02 6.1938702393e+02 6.1924102783e+02 6.1910797119e+02 6.1901397705e+02 6.1897998047e+02 6.1892797852e+02 6.1884600830e+02 6.1875000000e+02 6.1870098877e+02 6.1867602539e+02 6.1864599609e+02 6.1859301758e+02 6.1857098389e+02 6.1854199219e+02 6.1848797607e+02 6.1844500732e+02 6.1841400146e+02 6.1834600830e+02 6.1827899170e+02 6.1823999023e+02 6.1819897461e+02 6.1811798096e+02 6.1801702881e+02 6.1792602539e+02 6.1782299805e+02 6.1772198486e+02 6.1762902832e+02
6.2295397949e+02 6.2257202148e+02 6.2219598389e+02 6.2177197266e+02 6.2129101563e+02 6.2095001221e+02 6.2084002686e+02 6.2068597412e+02 6.2053302002e+02 6.2039099121e+02 6.2026098633e+02 6.2014300537e+02 6.2002801514e+02 6.1991699219e+02 6.1981201172e+02 6.1971997070e+02 6.1962597656e+02 6.1953302002e+02 6.1944396973e+02 6.1932098389e+02 6.1918200684e+02 6.1905798340e+02 6.1897302246e+02 6.1895501709e+02 6.1890600586e+02 6.1881201172e+02 6.1869396973e+02 6.1862902832e+02 6.1859497070e+02 6.1856597900e+02 6.1852899170e+02 6.1851000977e+02 6.1847198486e+02 6.1841900635e+02 6.1838702393e+02 6.1836102295e+02 6.1830401611e+02 6.1823400879e+02 6.1817498779e+02 6.1814501953e+02 6.1807702637e+02 6.1797302246e+02 6.1787402344e+02 6.1777502441e+02 6.1767401123e+02 6.1756597900e+02
6.2308502197e+02 6.2269299316e+02 6.2228100586e+02 6.2187200928e+02 6.2136102295e+02 6.2097198486e+02 6.2086901855e+02 6.2072601318e+02 6.2057397461e+02 6.2042401123e+02 6.2028100586e+02 6.2015899658e+02 6.2003900146e+02 6.1992297363e+02 6.1980999756e+02 6.1970898438e+02 6.1960699463e+02 6.1950500488e+02 6.1939099121e+02 6.1925598145e+02 6.1913000488e+02 6.1902099609e+02 6.1895300293e+02 6.1895300293e+02 6.1891101074e+02 6.1881500244e+02 6.1868902588e+02 6.1859301758e+02 6.1853100586e+02 6.1849298096e+02 6.1846502686e+02 6.1844000244e+02 6.1839398193e+02 6.1834497070e+02 6.1832098389e+02 6.1829101563e+02 6.1824102783e+02 6.1817199707e+02 6.1809698486e+02 6.1807098389e+02 6.1801501465e+02 6.1791699219e+02 6.1782397461e+02 6.1773699951e+02 6.1763201904e+02 6.1750598145e+02
6.2323297119e+02 6.2284698486e+02 6.2237402344e+02 6.2194201660e+02 6.2152502441e+02 6.2113098145e+02 6.2086999512e+02 6.2075500488e+02 6.2062597656e+02 6.2048999023e+02 6.2032501221e+02 6.2017401123e+02 6.2004699707e+02 6.1993200684e+02 6.1983001709e+02 6.1972100830e+02 6.1960601807e+02 6.1948498535e+02 6.1933697510e+02 6.1921502686e+02 6.1910900879e+02 6.1901800537e+02 6.1895397949e+02 6.1894897461e+02 6.1891198730e+02 6.1883099365e+02 6.1871697998e+02 6.1859197998e+02 6.1850097656e+02 6.1845098877e+02 6.1842999268e+02 6.1836700439e+02 6.1831799316e+02 6.1828002930e+02 6.1825598145e+02 6.1821099854e+02 6.1815100098e+02 6.1808001709e+02 6.1800402832e+02 6.1797399902e+02 6.1791601563e+02 6.1782897949e+02 6.1774499512e+02 6.1767498779e+02 6.1757598877e+02 6.1745202637e+02
6.2338500977e+02 6.2296600342e+02 6.2248901367e+02 6.2204602051e+02 6.2169201660e+02 6.2133300781e+02 6.2098999023e+02 6.2080798340e+02 6.2069097900e+02 6.2057501221e+02 6.2038500977e+02 6.2019702148e+02 6.2006298828e+02 6.1995098877e+02 6.1985900879e+02 6.1976202393e+02 6.1964202881e+02 6.1951098633e+02 6.1935699463e+02 6.1921502686e+02 6.1911199951e+02 6.1902398682e+02 6.1895098877e+02 6.1891400146e+02 6.1886499023e+02 6.1879101563e+02 6.1868402100e+02 6.1857202148e+02 6.1849798584e+02 6.1845098877e+02 6.1840100098e+02 6.1832397461e+02 6.1826599121e+02 6.1821899414e+02 6.1817102051e+02 6.1811999512e+02 6.1804901123e+02 6.1796697998e+02 6.1789300537e+02 6.1786798096e+02 6.1781701660e+02 6.1773901367e+02 6.1765002441e+02 6.1757598877e+02 6.1748699951e+02 6.1738000488e+02
6.2349902344e+02 6.2308599854e+02 6.2264898682e+02 6.2221502686e+02 6.2184002686e+02 6.2146801758e+02 6.2110699463e+02 6.2090002441e+02 6.2076202393e+02 6.2063800049e+02 6.2045001221e+02 6.2025097656e+02 6.2010797119e+02 6.1999102783e+02 6.1989898682e+02 6.1980499268e+02 6.1968597412e+02 6.1955297852e+02 6.1939898682e+02 6.1925500488e+02 6.1914501953e+02 6.1904998779e+02 6.1896099854e+02 6.1887597656e+02 6.1880603027e+02 6.1873199463e+02 6.1863897705e+02 6.1854602051e+02 6.1849298096e+02 6.1844702148e+02 6.1837298584e+02 6.1828698730e+02 6.1822302246e+02 6.1816497803e+02 6.1810400391e+02 6.1804602051e+02 6.1796899414e+02 6.1788397217e+02 6.1781201172e+02 6.1778198242e+02 6.1771899414e+02 6.1763702393e+02 6.1755499268e+02 6.1748602295e+02 6.1740698242e+02 6.1731500244e+02
6.2356597900e+02 6.2318597412e+02 6.2278900146e+02 6.2235998535e+02 6.2196002197e+02 6.2158599854e+02 6.2122698975e+02 6.2099798584e+02 6.2083697510e+02 6.2069702148e+02 6.2051501465e+02 6.2032000732e+02 6.2016802979e+02 6.2004400635e+02 6.1994897461e+02 6.1985797119e+02 6.1974102783e+02 6.1960699463e+02 6.1945898438e+02 6.1931799316e+02 6.1919897461e+02 6.1909301758e+02 6.1898699951e+02 6.1886297607e+02 6.1877301025e+02 6.1869500732e+02 6.1860998535e+02 6.1852600098e+02 6.1848297119e+02 6.1844000244e+02 6.1835601807e+02 6.1827301025e+02 6.1820697021e+02 6.1813897705e+02 6.1806701660e+02 6.1800402832e+02 6.1792602539e+02 6.1784301758e+02 6.1777099609e+02 6.1771398926e+02 6.1762402344e+02 6.1753802490e+02 6.1747198486e+02 6.1740502930e+02 6.1733099365e+02 6.1724798584e+02
6.2365698242e+02 6.2330798340e+02 6.2292999268e+02 6.2248901367e+02 6.2207501221e+02 6.2169702148e+02 6.2134497070e+02 6.2108599854e+02 6.2090600586e+02 6.2075598145e+02 6.2058697510e+02 6.2040399170e+02 6.2024298096e+02 6.2010900879e+02 6.2001599121e+02 6.1992700195e+02 6.1981298828e+02 6.1968200684e+02 6.1953900146e+02 6.1939099121e+02 6.1926202393e+02 6.1914202881e+02 6.1901599121e+02 6.1889099121e+02 6.1878601074e+02 6.1869299316e+02 6.1860400391e+02 6.1852001953e+02 6.1846801758e+02 6.1842602539e+02 6.1837097168e+02 6.1830200195e+02 6.1823199463e+02 6.1815301514e+02 6.1807897949e+02 6.1799700928e+02 6.1791998291e+02 6.1784100342e+02 6.1776202393e+02 6.1766900635e+02 6.1756799316e+02 6.1748199463e+02 6.1741198730e+02 6.1733001709e+02 6.1725598145e+02 6.1717797852e+02
6.2378601074e+02 6.2341699219e+02 6.2302697754e+02 6.2261297607e+02 6.2218798828e+02 6.2179199219e+02 6.2146997070e+02 6.2117602539e+02 6.2097802734e+02 6.2084197998e+02 6.2068200684e+02 6.2049798584e+02 6.2032702637e+02 6.2018200684e+02 6.2008502197e+02 6.2000000000e+02 6.1988800049e+02 6.1976000977e+02 6.1961700439e+02 6.1947100830e+02 6.1933599854e+02 6.1920501709e+02 6.1907202148e+02 6.1893298340e+02 6.1880401611e+02 6.1868902588e+02 6.1858502197e+02 6.1850799561e+02 6.1846899414e+02 6.1845001221e+02 6.1842602539e+02 6.1836999512e+02 6.1828002930e+02 6.1817401123e+02 6.1807299805e+02 6.1799700928e+02 6.1792297363e+02 6.1783599854e+02 6.1773101807e+02 6.1763397217e+02 6.1754901123e+02 6.1746899414e+02 6.1739599609e+02 6.1732202148e+02 6.1724102783e+02 6.1714501953e+02
6.2389001465e+02 6.2352301025e+02 6.2313800049e+02 6.2274200439e+02 6.2231896973e+02 6.2190600586e+02 6.2158300781e+02 6.2127697754e+02 6.2106896973e+02 6.2093701172e+02 6.2077801514e+02 6.2058898926e+02 6.2041302490e+02 6.2026202393e+02 6.2015899658e+02 6.2007397461e+02 6.1995898438e+02 6.1983099365e+02 6.1969299316e+02 6.1955102539e+02 6.1941400146e+02 6.1928002930e+02 6.1914202881e+02 6.1898199463e+02 6.1882800293e+02 6.1869299316e+02 6.1857800293e+02 6.1850598145e+02 6.1847497559e+02 6.1846301270e+02 6.1845599365e+02 6.1840997314e+02 6.1829901123e+02 6.1816400146e+02 6.1803802490e+02 6.1796502686e+02 6.1789801025e+02 6.1781597900e+02 6.1771301270e+02 6.1762200928e+02 6.1754101563e+02 6.1746301270e+02 6.1739599609e+02 6.1733898926e+02 6.1725000000e+02 6.1713397217e+02
6.2394299316e+02 6.2363098145e+02 6.2323797607e+02 6.2285601807e+02 6.2245202637e+02 6.2203399658e+02 6.2167797852e+02 6.2135400391e+02 6.2113098145e+02 6.2100097656e+02 6.2086297607e+02 6.2068200684e+02 6.2050598145e+02 6.2034997559e+02 6.2023999023e+02 6.2014801025e+02 6.2003002930e+02 6.1989898682e+02 6.1976202393e+02 6.1962500000e+02 6.1949401855e+02 6.1936199951e+02 6.1922497559e+02 6.1904699707e+02 6.1887097168e+02 6.1871697998e+02 6.1859497070e+02 6.1852398682e+02 6.1848400879e+02 6.1846002197e+02 6.1844500732e+02 6.1840002441e+02 6.1827697754e+02 6.1812200928e+02 6.1797900391e+02 6.1791101074e+02 6.1785101318e+02 6.1778100586e+02 6.1770397949e+02 6.1761700439e+02 6.1753302002e+02 6.1745098877e+02 6.1738000488e+02 6.1732897949e+02 6.1724200439e+02 6.1712200928e+02
