TESTSERVER/7/6.asc
NCOLS 100
NROWS 100
XLLCORNER 7.8497500000e+03
YLLCORNER 2.8965025000e+05
CELLSIZE 5.0000000000e-01
NODATA_VALUE -9.9990000000e+03
[rows 40 to 59 of 100, columns 0 to 45 of 100]
6.2275201416e+02 6.2279400635e+02 6.2284997559e+02 6.2284600830e+02 6.2279998779e+02 6.2276702881e+02 6.2276000977e+02 6.2273400879e+02 6.2270397949e+02 6.2267401123e+02 6.2264001465e+02 6.2262402344e+02 6.2261901855e+02 6.2260601807e+02 6.2258801270e+02 6.2260601807e+02 6.2262298584e+02 6.2259002686e+02 6.2249597168e+02 6.2234802246e+02 6.2215301514e+02 6.2192297363e+02 6.2168402100e+02 6.2140600586e+02 6.2113598633e+02 6.2086401367e+02 6.2057598877e+02 6.2031799316e+02 6.2009301758e+02 6.1990399170e+02 6.1975000000e+02 6.1963201904e+02 6.1958300781e+02 6.1953698730e+02 6.1944897461e+02 6.1933599854e+02 6.1915899658e+02 6.1892401123e+02 6.1869299316e+02 6.1843499756e+02 6.1819396973e+02 6.1799102783e+02 6.1783398438e+02 6.1768902588e+02 6.1749298096e+02 6.1726800537e+02
6.2274597168e+02 6.2273400879e+02 6.2277301025e+02 6.2280200195e+02 6.2276098633e+02 6.2271899414e+02 6.2271301270e+02 6.2267901611e+02 6.2265698242e+02 6.2263000488e+02 6.2258502197e+02 6.2257202148e+02 6.2257897949e+02 6.2258398438e+02 6.2259100342e+02 6.2264801025e+02 6.2268701172e+02 6.2266497803e+02 6.2259002686e+02 6.2247900391e+02 6.2231701660e+02 6.2210400391e+02 6.2184600830e+02 6.2158099365e+02 6.2129199219e+02 6.2099401855e+02 6.2068499756e+02 6.2041497803e+02 6.2020098877e+02 6.2003198242e+02 6.1988897705e+02 6.1978100586e+02 6.1972900391e+02 6.1967498779e+02 6.1958300781e+02 6.1946502686e+02 6.1929400635e+02 6.1908001709e+02 6.1886401367e+02 6.1862402344e+02 6.1836602783e+02 6.1810699463e+02 6.1785601807e+02 6.1765502930e+02 6.1749902344e+02 6.1734698486e+02
6.2275402832e+02 6.2270501709e+02 6.2271301270e+02 6.2275598145e+02 6.2272399902e+02 6.2266900635e+02 6.2264398193e+02 6.2262097168e+02 6.2260302734e+02 6.2257598877e+02 6.2252899170e+02 6.2249902344e+02 6.2250701904e+02 6.2253802490e+02 6.2257299805e+02 6.2264697266e+02 6.2271301270e+02 6.2272302246e+02 6.2265802002e+02 6.2254998779e+02 6.2240997314e+02 6.2222198486e+02 6.2198101807e+02 6.2171502686e+02 6.2142498779e+02 6.2111999512e+02 6.2079400635e+02 6.2052697754e+02 6.2032098389e+02 6.2015802002e+02 6.2002001953e+02 6.1990399170e+02 6.1983502197e+02 6.1976599121e+02 6.1966998291e+02 6.1955499268e+02 6.1940399170e+02 6.1921801758e+02 6.1901599121e+02 6.1879498291e+02 6.1854400635e+02 6.1825598145e+02 6.1792401123e+02 6.1766198730e+02 6.1751000977e+02 6.1739697266e+02
6.2277398682e+02 6.2271002197e+02 6.2269799805e+02 6.2271697998e+02 6.2268298340e+02 6.2263000488e+02 6.2258697510e+02 6.2256097412e+02 6.2254400635e+02 6.2252099609e+02 6.2248400879e+02 6.2244097900e+02 6.2242901611e+02 6.2246099854e+02 6.2251397705e+02 6.2259002686e+02 6.2266998291e+02 6.2271099854e+02 6.2267602539e+02 6.2256896973e+02 6.2245202637e+02 6.2229699707e+02 6.2208697510e+02 6.2182897949e+02 6.2154602051e+02 6.2123797607e+02 6.2090600586e+02 6.2064697266e+02 6.2044598389e+02 6.2028198242e+02 6.2014202881e+02 6.2000799561e+02 6.1990802002e+02 6.1981500244e+02 6.1971002197e+02 6.1960498047e+02 6.1948297119e+02 6.1933697510e+02 6.1915502930e+02 6.1895001221e+02 6.1871801758e+02 6.1841802979e+02 6.1803900146e+02 6.1772100830e+02 6.1754901123e+02 6.1744702148e+02
6.2278997803e+02 6.2272601318e+02 6.2271398926e+02 6.2268103027e+02 6.2263702393e+02 6.2259600830e+02 6.2254797363e+02 6.2251599121e+02 6.2249499512e+02 6.2247601318e+02 6.2243902588e+02 6.2240301514e+02 6.2237200928e+02 6.2237799072e+02 6.2241699219e+02 6.2247900391e+02 6.2255102539e+02 6.2260101318e+02 6.2255297852e+02 6.2252197266e+02 6.2244201660e+02 6.2233001709e+02 6.2215197754e+02 6.2192999268e+02 6.2165698242e+02 6.2134698486e+02 6.2099401855e+02 6.2076599121e+02 6.2057598877e+02 6.2040997314e+02 6.2025000000e+02 6.2011199951e+02 6.1997900391e+02 6.1985198975e+02 6.1972497559e+02 6.1961999512e+02 6.1952899170e+02 6.1943200684e+02 6.1928997803e+02 6.1910498047e+02 6.1888000488e+02 6.1857501221e+02 6.1817901611e+02 6.1783001709e+02 6.1764300537e+02 6.1753900146e+02
6.2277099609e+02 6.2273797607e+02 6.2273699951e+02 6.2267498779e+02 6.2260498047e+02 6.2254998779e+02 6.2250402832e+02 6.2246099854e+02 6.2243298340e+02 6.2242401123e+02 6.2239898682e+02 6.2236102295e+02 6.2231402588e+02 6.2229400635e+02 6.2230902100e+02 6.2233300781e+02 6.2237597656e+02 6.2241601563e+02 6.2242901611e+02 6.2243103027e+02 6.2241802979e+02 6.2236297607e+02 6.2223797607e+02 6.2203997803e+02 6.2177502441e+02 6.2146398926e+02 6.2112799072e+02 6.2089398193e+02 6.2070501709e+02 6.2053002930e+02 6.2035198975e+02 6.2020501709e+02 6.2005798340e+02 6.1990399170e+02 6.1975097656e+02 6.1961602783e+02 6.1953900146e+02 6.1948602295e+02 6.1938500977e+02 6.1925402832e+02 6.1903002930e+02 6.1866601563e+02 6.1821801758e+02 6.1790698242e+02 6.1773498535e+02 6.1763598633e+02
6.2276000977e+02 6.2275897217e+02 6.2277197266e+02 6.2271099854e+02 6.2261999512e+02 6.2252697754e+02 6.2245001221e+02 6.2240399170e+02 6.2237200928e+02 6.2236602783e+02 6.2234600830e+02 6.2232098389e+02 6.2227001953e+02 6.2222302246e+02 6.2221002197e+02 6.2219799805e+02 6.2220599365e+02 6.2224102783e+02 6.2229998779e+02 6.2237200928e+02 6.2241900635e+02 6.2241900635e+02 6.2233001709e+02 6.2214202881e+02 6.2189001465e+02 6.2158801270e+02 6.2126800537e+02 6.2103399658e+02 6.2082501221e+02 6.2062597656e+02 6.2042700195e+02 6.2027301025e+02 6.2012200928e+02 6.1995800781e+02 6.1978601074e+02 6.1963397217e+02 6.1955999756e+02 6.1952899170e+02 6.1944799805e+02 6.1932897949e+02 6.1910101318e+02 6.1871398926e+02 6.1826202393e+02 6.1797698975e+02 6.1779199219e+02 6.1767700195e+02
6.2276300049e+02 6.2277801514e+02 6.2279602051e+02 6.2276000977e+02 6.2267297363e+02 6.2254498291e+02 6.2241802979e+02 6.2236401367e+02 6.2232000732e+02 6.2230297852e+02 6.2228601074e+02 6.2228100586e+02 6.2223498535e+02 6.2217199707e+02 6.2214001465e+02 6.2209698486e+02 6.2207299805e+02 6.2209600830e+02 6.2218499756e+02 6.2231402588e+02 6.2241601563e+02 6.2246697998e+02 6.2241101074e+02 6.2222998047e+02 6.2199597168e+02 6.2171002197e+02 6.2140698242e+02 6.2116101074e+02 6.2092602539e+02 6.2069598389e+02 6.2046997070e+02 6.2031701660e+02 6.2016802979e+02 6.2000299072e+02 6.1983197021e+02 6.1968701172e+02 6.1961499023e+02 6.1958300781e+02 6.1950097656e+02 6.1935699463e+02 6.1912298584e+02 6.1875799561e+02 6.1834698486e+02 6.1805902100e+02 6.1784301758e+02 6.1770001221e+02
6.2277600098e+02 6.2278698730e+02 6.2279101563e+02 6.2278002930e+02 6.2272302246e+02 6.2258801270e+02 6.2240802002e+02 6.2232800293e+02 6.2227001953e+02 6.2224200439e+02 6.2223699951e+02 6.2221502686e+02 6.2217700195e+02 6.2213000488e+02 6.2209002686e+02 6.2203100586e+02 6.2198602295e+02 6.2199597168e+02 6.2209301758e+02 6.2225701904e+02 6.2239300537e+02 6.2247198486e+02 6.2247100830e+02 6.2231597900e+02 6.2209497070e+02 6.2182501221e+02 6.2153198242e+02 6.2126202393e+02 6.2099102783e+02 6.2073199463e+02 6.2051397705e+02 6.2035400391e+02 6.2019396973e+02 6.2002801514e+02 6.1985198975e+02 6.1974798584e+02 6.1969396973e+02 6.1965399170e+02 6.1956597900e+02 6.1938598633e+02 6.1912597656e+02 6.1879901123e+02 6.1848199463e+02 6.1817797852e+02 6.1791699219e+02 6.1773999023e+02
6.2278399658e+02 6.2279498291e+02 6.2279699707e+02 6.2278802490e+02 6.2276898193e+02 6.2266101074e+02 6.2244299316e+02 6.2229199219e+02 6.2222302246e+02 6.2219799805e+02 6.2217102051e+02 6.2214001465e+02 6.2212701416e+02 6.2209698486e+02 6.2205102539e+02 6.2199597168e+02 6.2193798828e+02 6.2192199707e+02 6.2199401855e+02 6.2216699219e+02 6.2232000732e+02 6.2241802979e+02 6.2244097900e+02 6.2236199951e+02 6.2220202637e+02 6.2196099854e+02 6.2167102051e+02 6.2136102295e+02 6.2104498291e+02 6.2078002930e+02 6.2059997559e+02 6.2045697021e+02 6.2027001953e+02 6.2008398438e+02 6.1988897705e+02 6.1978198242e+02 6.1974499512e+02 6.1970397949e+02 6.1959802246e+02 6.1941400146e+02 6.1912902832e+02 6.1882299805e+02 6.1858197021e+02 6.1831701660e+02 6.1804602051e+02 6.1785797119e+02
6.2279199219e+02 6.2280798340e+02 6.2280999756e+02 6.2280700684e+02 6.2280902100e+02 6.2273400879e+02 6.2250701904e+02 6.2227197266e+02 6.2217199707e+02 6.2214398193e+02 6.2209997559e+02 6.2206597900e+02 6.2205999756e+02 6.2204602051e+02 6.2201300049e+02 6.2196899414e+02 6.2191302490e+02 6.2187799072e+02 6.2189801025e+02 6.2204400635e+02 6.2220202637e+02 6.2232501221e+02 6.2237799072e+02 6.2236401367e+02 6.2227099609e+02 6.2207598877e+02 6.2179400635e+02 6.2145202637e+02 6.2111499023e+02 6.2085498047e+02 6.2070397949e+02 6.2056701660e+02 6.2036901855e+02 6.2018701172e+02 6.2002301025e+02 6.1990100098e+02 6.1976702881e+02 6.1965002441e+02 6.1953302002e+02 6.1936199951e+02 6.1911401367e+02 6.1886999512e+02 6.1869702148e+02 6.1846899414e+02 6.1822100830e+02 6.1803399658e+02
6.2280102539e+02 6.2281896973e+02 6.2282897949e+02 6.2283398438e+02 6.2283898926e+02 6.2278302002e+02 6.2258398438e+02 6.2229302979e+02 6.2214398193e+02 6.2209497070e+02 6.2204699707e+02 6.2200897217e+02 6.2199200439e+02 6.2197497559e+02 6.2195501709e+02 6.2192901611e+02 6.2188598633e+02 6.2184497070e+02 6.2181500244e+02 6.2191302490e+02 6.2205902100e+02 6.2219598389e+02 6.2228399658e+02 6.2232098389e+02 6.2228900146e+02 6.2215002441e+02 6.2189599609e+02 6.2155798340e+02 6.2122998047e+02 6.2097998047e+02 6.2084399414e+02 6.2069799805e+02 6.2048999023e+02 6.2031500244e+02 6.2017297363e+02 6.1998901367e+02 6.1973699951e+02 6.1954302979e+02 6.1941998291e+02 6.1927502441e+02 6.1909197998e+02 6.1891900635e+02 6.1878302002e+02 6.1857702637e+02 6.1835198975e+02 6.1817199707e+02
6.2282202148e+02 6.2283801270e+02 6.2284899902e+02 6.2285900879e+02 6.2285198975e+02 6.2280700684e+02 6.2267498779e+02 6.2234802246e+02 6.2213000488e+02 6.2204101563e+02 6.2200500488e+02 6.2197802734e+02 6.2195300293e+02 6.2192102051e+02 6.2188500977e+02 6.2186700439e+02 6.2184301758e+02 6.2181298828e+02 6.2177301025e+02 6.2179302979e+02 6.2190100098e+02 6.2204498291e+02 6.2219201660e+02 6.2224597168e+02 6.2225598145e+02 6.2217700195e+02 6.2201202393e+02 6.2170202637e+02 6.2139501953e+02 6.2116302490e+02 6.2103997803e+02 6.2086401367e+02 6.2064697266e+02 6.2046002197e+02 6.2027197266e+02 6.2001898193e+02 6.1973602295e+02 6.1950897217e+02 6.1935198975e+02 6.1920599365e+02 6.1906298828e+02 6.1893200684e+02 6.1880798340e+02 6.1860400391e+02 6.1838299561e+02 6.1820501709e+02
6.2284197998e+02 6.2285601807e+02 6.2286798096e+02 6.2287402344e+02 6.2287402344e+02 6.2285101318e+02 6.2274798584e+02 6.2245501709e+02 6.2215899658e+02 6.2199298096e+02 6.2195599365e+02 6.2192401123e+02 6.2190197754e+02 6.2187200928e+02 6.2183502197e+02 6.2180297852e+02 6.2177502441e+02 6.2174700928e+02 6.2171002197e+02 6.2169396973e+02 6.2175402832e+02 6.2188500977e+02 6.2205200195e+02 6.2215997314e+02 6.2221502686e+02 6.2219000244e+02 6.2209197998e+02 6.2185400391e+02 6.2155999756e+02 6.2135302734e+02 6.2124102783e+02 6.2105297852e+02 6.2083099365e+02 6.2063299561e+02 6.2039001465e+02 6.2007800293e+02 6.1979998779e+02 6.1955902100e+02 6.1938000488e+02 6.1921002197e+02 6.1904400635e+02 6.1890002441e+02 6.1878997803e+02 6.1861901855e+02 6.1841302490e+02 6.1822998047e+02
6.2286602783e+02 6.2288000488e+02 6.2289501953e+02 6.2289801025e+02 6.2289801025e+02 6.2288299561e+02 6.2279602051e+02 6.2257397461e+02 6.2224597168e+02 6.2198602295e+02 6.2190399170e+02 6.2187597656e+02 6.2185400391e+02 6.2182202148e+02 6.2178399658e+02 6.2174401855e+02 6.2171099854e+02 6.2168402100e+02 6.2165802002e+02 6.2161798096e+02 6.2164001465e+02 6.2173901367e+02 6.2189697266e+02 6.2204400635e+02 6.2214599609e+02 6.2217401123e+02 6.2212500000e+02 6.2196197510e+02 6.2172302246e+02 6.2153601074e+02 6.2143298340e+02 6.2125299072e+02 6.2100799561e+02 6.2077001953e+02 6.2050402832e+02 6.2019500732e+02 6.1992102051e+02 6.1967102051e+02 6.1947100830e+02 6.1927600098e+02 6.1908099365e+02 6.1890698242e+02 6.1876098633e+02 6.1859600830e+02 6.1841998291e+02 6.1825799561e+02
6.2289898682e+02 6.2291101074e+02 6.2291998291e+02 6.2292498779e+02 6.2292797852e+02 6.2291198730e+02 6.2282598877e+02 6.2264801025e+02 6.2232598877e+02 6.2200402832e+02 6.2185498047e+02 6.2182800293e+02 6.2180499268e+02 6.2177197266e+02 6.2173699951e+02 6.2169299316e+02 6.2165802002e+02 6.2163098145e+02 6.2160998535e+02 6.2156298828e+02 6.2155200195e+02 6.2161199951e+02 6.2173999023e+02 6.2191302490e+02 6.2205297852e+02 6.2212701416e+02 6.2211798096e+02 6.2203100586e+02 6.2185900879e+02 6.2169598389e+02 6.2159002686e+02 6.2144201660e+02 6.2119897461e+02 6.2091900635e+02 6.2063299561e+02 6.2034997559e+02 6.2007397461e+02 6.1979699707e+02 6.1955798340e+02 6.1935101318e+02 6.1914001465e+02 6.1894500732e+02 6.1875799561e+02 6.1857702637e+02 6.1841998291e+02 6.1827899170e+02
6.2293103027e+02 6.2293103027e+02 6.2293103027e+02 6.2294702148e+02 6.2295800781e+02 6.2294500732e+02 6.2287701416e+02 6.2269702148e+02 6.2238702393e+02 6.2204400635e+02 6.2181701660e+02 6.2176098633e+02 6.2174401855e+02 6.2171697998e+02 6.2167901611e+02 6.2164697266e+02 6.2161499023e+02 6.2158300781e+02 6.2155401611e+02 6.2151300049e+02 6.2148901367e+02 6.2150598145e+02 6.2156799316e+02 6.2177301025e+02 6.2195001221e+02 6.2205798340e+02 6.2208001709e+02 6.2206402588e+02 6.2196002197e+02 6.2180902100e+02 6.2167901611e+02 6.2158502197e+02 6.2138000488e+02 6.2108197021e+02 6.2075701904e+02 6.2049102783e+02 6.2019702148e+02 6.1988201904e+02 6.1959100342e+02 6.1937200928e+02 6.1916400146e+02 6.1897399902e+02 6.1880200195e+02 6.1861297607e+02 6.1846002197e+02 6.1833300781e+02
6.2296301270e+02 6.2296099854e+02 6.2296697998e+02 6.2298699951e+02 6.2299499512e+02 6.2298101807e+02 6.2290100098e+02 6.2274298096e+02 6.2247998047e+02 6.2213800049e+02 6.2180902100e+02 6.2167498779e+02 6.2166802979e+02 6.2165301514e+02 6.2160797119e+02 6.2159399414e+02 6.2157098389e+02 6.2153900146e+02 6.2150201416e+02 6.2145501709e+02 6.2142700195e+02 6.2142199707e+02 6.2144299316e+02 6.2160601807e+02 6.2182800293e+02 6.2198400879e+02 6.2203002930e+02 6.2204602051e+02 6.2198999023e+02 6.2185101318e+02 6.2170001221e+02 6.2159899902e+02 6.2144201660e+02 6.2119201660e+02 6.2088098145e+02 6.2059698486e+02 6.2028302002e+02 6.1995697021e+02 6.1965802002e+02 6.1940301514e+02 6.1917999268e+02 6.1899298096e+02 6.1883801270e+02 6.1868499756e+02 6.1855603027e+02 6.1845501709e+02
6.2299499512e+02 6.2300000000e+02 6.2301599121e+02 6.2303497314e+02 6.2303698730e+02 6.2301898193e+02 6.2294000244e+02 6.2277697754e+02 6.2254797363e+02 6.2222998047e+02 6.2182897949e+02 6.2160699463e+02 6.2159002686e+02 6.2159997559e+02 6.2155902100e+02 6.2153900146e+02 6.2151202393e+02 6.2148699951e+02 6.2145898438e+02 6.2140301514e+02 6.2136700439e+02 6.2135101318e+02 6.2134802246e+02 6.2145697021e+02 6.2166802979e+02 6.2186401367e+02 6.2195098877e+02 6.2197497559e+02 6.2195300293e+02 6.2185498047e+02 6.2171502686e+02 6.2160302734e+02 6.2147802734e+02 6.2128198242e+02 6.2100299072e+02 6.2070202637e+02 6.2036999512e+02 6.2002697754e+02 6.1972601318e+02 6.1946301270e+02 6.1923699951e+02 6.1905999756e+02 6.1890301514e+02 6.1878302002e+02 6.1867199707e+02 6.1855499268e+02
6.2303698730e+02 6.2304400635e+02 6.2306500244e+02 6.2309002686e+02 6.2309600830e+02 6.2307397461e+02 6.2298901367e+02 6.2281402588e+02 6.2259899902e+02 6.2231097412e+02 6.2190197754e+02 6.2160400391e+02 6.2153198242e+02 6.2154400635e+02 6.2151702881e+02 6.2148999023e+02 6.2145697021e+02 6.2143499756e+02 6.2140997314e+02 6.2135400391e+02 6.2131799316e+02 6.2129797363e+02 6.2128802490e+02 6.2133398438e+02 6.2149401855e+02 6.2170202637e+02 6.2184698486e+02 6.2189300537e+02 6.2189099121e+02 6.2182897949e+02 6.2171697998e+02 6.2160797119e+02 6.2151000977e+02 6.2135302734e+02 6.2110699463e+02 6.2079101563e+02 6.2044097900e+02 6.2008502197e+02 6.1976599121e+02 6.1948498535e+02 6.1926300049e+02 6.1911102295e+02 6.1897900391e+02 6.1889697266e+02 6.1878302002e+02 6.1860797119e+02
