TESTSERVER/7/6.asc
NCOLS 100
NROWS 100
XLLCORNER 7.8497500000e+03
YLLCORNER 2.8965025000e+05
CELLSIZE 5.0000000000e-01
NODATA_VALUE -9.9990000000e+03
[rows 0 to 19 of 100, columns 46 to 91 of 100]
6.1766998291e+02 6.1759301758e+02 6.1751702881e+02 6.1742999268e+02 6.1732800293e+02 6.1723400879e+02 6.1713800049e+02 6.1702697754e+02 6.1689898682e+02 6.1666497803e+02 6.1642797852e+02 6.1619299316e+02 6.1592199707e+02 6.1566198730e+02 6.1543597412e+02 6.1519097900e+02 6.1500299072e+02 6.1467498779e+02 6.1421398926e+02 6.1361102295e+02 6.1293597412e+02 6.1229699707e+02 6.1170300293e+02 6.1101000977e+02 6.1018499756e+02 6.0936199951e+02 6.0868298340e+02 6.0814099121e+02 6.0770697021e+02 6.0725598145e+02 6.0664300537e+02 6.0592401123e+02 6.0524798584e+02 6.0478698730e+02 6.0426898193e+02 6.0375402832e+02 6.0327099609e+02 6.0287701416e+02 6.0248101807e+02 6.0194897461e+02 6.0122399902e+02 6.0037298584e+02 5.9965997314e+02 5.9901397705e+02 5.9836602783e+02 5.9790301514e+02
6.1766400146e+02 6.1760601807e+02 6.1756298828e+02 6.1750097656e+02 6.1740502930e+02 6.1728698730e+02 6.1716302490e+02 6.1704199219e+02 6.1689697266e+02 6.1664398193e+02 6.1641998291e+02 6.1620001221e+02 6.1592901611e+02 6.1564697266e+02 6.1540997314e+02 6.1519799805e+02 6.1497198486e+02 6.1463598633e+02 6.1422399902e+02 6.1376702881e+02 6.1327801514e+02 6.1281402588e+02 6.1226898193e+02 6.1154901123e+02 6.1066198730e+02 6.0984698486e+02 6.0908697510e+02 6.0839501953e+02 6.0783099365e+02 6.0737902832e+02 6.0678698730e+02 6.0608801270e+02 6.0543701172e+02 6.0496801758e+02 6.0444000244e+02 6.0387200928e+02 6.0327301025e+02 6.0276800537e+02 6.0234497070e+02 6.0188800049e+02 6.0128100586e+02 6.0042999268e+02 5.9963397217e+02 5.9900097656e+02 5.9842700195e+02 5.9792999268e+02
6.1766601563e+02 6.1764001465e+02 6.1763098145e+02 6.1759600830e+02 6.1749798584e+02 6.1734802246e+02 6.1718298340e+02 6.1703302002e+02 6.1688299561e+02 6.1665802002e+02 6.1644396973e+02 6.1621197510e+02 6.1591497803e+02 6.1558099365e+02 6.1533697510e+02 6.1515600586e+02 6.1494702148e+02 6.1460797119e+02 6.1422802734e+02 6.1383099365e+02 6.1344897461e+02 6.1308001709e+02 6.1263299561e+02 6.1200299072e+02 6.1117102051e+02 6.1038702393e+02 6.0963897705e+02 6.0887701416e+02 6.0812298584e+02 6.0752801514e+02 6.0691302490e+02 6.0627801514e+02 6.0569396973e+02 6.0522802734e+02 6.0467401123e+02 6.0401898193e+02 6.0326501465e+02 6.0258001709e+02 6.0205603027e+02 6.0162597656e+02 6.0116302490e+02 6.0034698486e+02 5.9955700684e+02 5.9898901367e+02 5.9852301025e+02 5.9797802734e+02
6.1766198730e+02 6.1764599609e+02 6.1764398193e+02 6.1761297607e+02 6.1751300049e+02 6.1734399414e+02 6.1715399170e+02 6.1698797607e+02 6.1684497070e+02 6.1666802979e+02 6.1646398926e+02 6.1620800781e+02 6.1588500977e+02 6.1552301025e+02 6.1528302002e+02 6.1514099121e+02 6.1496899414e+02 6.1463800049e+02 6.1427099609e+02 6.1389398193e+02 6.1351501465e+02 6.1314898682e+02 6.1278497314e+02 6.1226898193e+02 6.1153002930e+02 6.1078698730e+02 6.1016101074e+02 6.0950000000e+02 6.0864398193e+02 6.0778900146e+02 6.0708398438e+02 6.0650201416e+02 6.0601000977e+02 6.0555102539e+02 6.0496997070e+02 6.0425299072e+02 6.0338201904e+02 6.0247900391e+02 6.0178399658e+02 6.0130102539e+02 6.0091802979e+02 6.0017297363e+02 5.9945397949e+02 5.9897601318e+02 5.9860101318e+02 5.9803900146e+02
6.1766101074e+02 6.1762200928e+02 6.1758099365e+02 6.1752001953e+02 6.1740600586e+02 6.1726397705e+02 6.1708898926e+02 6.1692401123e+02 6.1677899170e+02 6.1665100098e+02 6.1645202637e+02 6.1617602539e+02 6.1584002686e+02 6.1551202393e+02 6.1529699707e+02 6.1516601563e+02 6.1503601074e+02 6.1474798584e+02 6.1439697266e+02 6.1400897217e+02 6.1355603027e+02 6.1316400146e+02 6.1279400635e+02 6.1232800293e+02 6.1165502930e+02 6.1091400146e+02 6.1041699219e+02 6.0995800781e+02 6.0913598633e+02 6.0804998779e+02 6.0723699951e+02 6.0667797852e+02 6.0627001953e+02 6.0584600830e+02 6.0524499512e+02 6.0452001953e+02 6.0367797852e+02 6.0266198730e+02 6.0173400879e+02 6.0103399658e+02 6.0055798340e+02 5.9999499512e+02 5.9941601563e+02 5.9896801758e+02 5.9849902344e+02 5.9801202393e+02
6.1767297363e+02 6.1759100342e+02 6.1747802734e+02 6.1736199951e+02 6.1724902344e+02 6.1712799072e+02 6.1698297119e+02 6.1683300781e+02 6.1669799805e+02 6.1658801270e+02 6.1639898682e+02 6.1611901855e+02 6.1579998779e+02 6.1553198242e+02 6.1533697510e+02 6.1518200684e+02 6.1504400635e+02 6.1486798096e+02 6.1460400391e+02 6.1422497559e+02 6.1368902588e+02 6.1315899658e+02 6.1266900635e+02 6.1218597412e+02 6.1161798096e+02 6.1094702148e+02 6.1038397217e+02 6.0983898926e+02 6.0909600830e+02 6.0813098145e+02 6.0739501953e+02 6.0688702393e+02 6.0651397705e+02 6.0607098389e+02 6.0547198486e+02 6.0478399658e+02 6.0409100342e+02 6.0322100830e+02 6.0211700439e+02 6.0105102539e+02 6.0039501953e+02 5.9997497559e+02 5.9955700684e+02 5.9912902832e+02 5.9861401367e+02 5.9801599121e+02
6.1767102051e+02 6.1754302979e+02 6.1738397217e+02 6.1723901367e+02 6.1711798096e+02 6.1699597168e+02 6.1686199951e+02 6.1672802734e+02 6.1660400391e+02 6.1649401855e+02 6.1632000732e+02 6.1606201172e+02 6.1577398682e+02 6.1555102539e+02 6.1535797119e+02 6.1517297363e+02 6.1499798584e+02 6.1485601807e+02 6.1467199707e+02 6.1435198975e+02 6.1380700684e+02 6.1315899658e+02 6.1254302979e+02 6.1201202393e+02 6.1152197266e+02 6.1096002197e+02 6.1037097168e+02 6.0973297119e+02 6.0896801758e+02 6.0814202881e+02 6.0752899170e+02 6.0710302734e+02 6.0677197266e+02 6.0636901855e+02 6.0581896973e+02 6.0516998291e+02 6.0455902100e+02 6.0383801270e+02 6.0265301514e+02 6.0132897949e+02 6.0037097168e+02 5.9998400879e+02 5.9964599609e+02 5.9924102783e+02 5.9872302246e+02 5.9809997559e+02
6.1764001465e+02 6.1748400879e+02 6.1730999756e+02 6.1715997314e+02 6.1703198242e+02 6.1689202881e+02 6.1675201416e+02 6.1662402344e+02 6.1651397705e+02 6.1641198730e+02 6.1624401855e+02 6.1600799561e+02 6.1576098633e+02 6.1556402588e+02 6.1536602783e+02 6.1515399170e+02 6.1494897461e+02 6.1479199219e+02 6.1465002441e+02 6.1439599609e+02 6.1391802979e+02 6.1319897461e+02 6.1247601318e+02 6.1188598633e+02 6.1141101074e+02 6.1091802979e+02 6.1034899902e+02 6.0968902588e+02 6.0890600586e+02 6.0819799805e+02 6.0770098877e+02 6.0733300781e+02 6.0700500488e+02 6.0666302490e+02 6.0619799805e+02 6.0559399414e+02 6.0500701904e+02 6.0440100098e+02 6.0319500732e+02 6.0169897461e+02 6.0050500488e+02 6.0001202393e+02 5.9963299561e+02 5.9919500732e+02 5.9866497803e+02 5.9811102295e+02
6.1757598877e+02 6.1742199707e+02 6.1726000977e+02 6.1710998535e+02 6.1697399902e+02 6.1681597900e+02 6.1666302490e+02 6.1652899170e+02 6.1642401123e+02 6.1631799316e+02 6.1615100098e+02 6.1594396973e+02 6.1575000000e+02 6.1556298828e+02 6.1535601807e+02 6.1513897705e+02 6.1493701172e+02 6.1475299072e+02 6.1459698486e+02 6.1437402344e+02 6.1393902588e+02 6.1325000000e+02 6.1244201660e+02 6.1178698730e+02 6.1130200195e+02 6.1080499268e+02 6.1027001953e+02 6.0966497803e+02 6.0895001221e+02 6.0836199951e+02 6.0792297363e+02 6.0754998779e+02 6.0718200684e+02 6.0686499023e+02 6.0648498535e+02 6.0598400879e+02 6.0546997070e+02 6.0475701904e+02 6.0355297852e+02 6.0203997803e+02 6.0069000244e+02 5.9996697998e+02 5.9947100830e+02 5.9897302246e+02 5.9838598633e+02 5.9805499268e+02
6.1751300049e+02 6.1737902832e+02 6.1723498535e+02 6.1707800293e+02 6.1691601563e+02 6.1674700928e+02 6.1658801270e+02 6.1644598389e+02 6.1633001709e+02 6.1620397949e+02 6.1604602051e+02 6.1587799072e+02 6.1573101807e+02 6.1553802490e+02 6.1531500244e+02 6.1509497070e+02 6.1488299561e+02 6.1468298340e+02 6.1451599121e+02 6.1435302734e+02 6.1416400146e+02 6.1362200928e+02 6.1267498779e+02 6.1178497314e+02 6.1119702148e+02 6.1065802002e+02 6.1012298584e+02 6.0959600830e+02 6.0902001953e+02 6.0852899170e+02 6.0811499023e+02 6.0774102783e+02 6.0736199951e+02 6.0703002930e+02 6.0671301270e+02 6.0636700439e+02 6.0590899658e+02 6.0516101074e+02 6.0391802979e+02 6.0236700439e+02 6.0075402832e+02 5.9979101563e+02 5.9931896973e+02 5.9888299561e+02 5.9834899902e+02 5.9808599854e+02
6.1744396973e+02 6.1733001709e+02 6.1719000244e+02 6.1702697754e+02 6.1684997559e+02 6.1668597412e+02 6.1652899170e+02 6.1638397217e+02 6.1625897217e+02 6.1612597656e+02 6.1598699951e+02 6.1584899902e+02 6.1571398926e+02 6.1548999023e+02 6.1525299072e+02 6.1502801514e+02 6.1481500244e+02 6.1459802246e+02 6.1440197754e+02 6.1424499512e+02 6.1413598633e+02 6.1374798584e+02 6.1288098145e+02 6.1194897461e+02 6.1125799561e+02 6.1065502930e+02 6.1008502197e+02 6.0959301758e+02 6.0911798096e+02 6.0867102051e+02 6.0826397705e+02 6.0788500977e+02 6.0749499512e+02 6.0715997314e+02 6.0689202881e+02 6.0663299561e+02 6.0625299072e+02 6.0548498535e+02 6.0418798828e+02 6.0254498291e+02 6.0076098633e+02 5.9966802979e+02 5.9920098877e+02 5.9883801270e+02 5.9839398193e+02 5.9807501221e+02
6.1737701416e+02 6.1726397705e+02 6.1711901855e+02 6.1695001221e+02 6.1677099609e+02 6.1662701416e+02 6.1648297119e+02 6.1634100342e+02 6.1620599365e+02 6.1607800293e+02 6.1595300293e+02 6.1583001709e+02 6.1568402100e+02 6.1543402100e+02 6.1519000244e+02 6.1495800781e+02 6.1473699951e+02 6.1450701904e+02 6.1427001953e+02 6.1406201172e+02 6.1387902832e+02 6.1359997559e+02 6.1299298096e+02 6.1222698975e+02 6.1148999023e+02 6.1079199219e+02 6.1016998291e+02 6.0967199707e+02 6.0924401855e+02 6.0880102539e+02 6.0837298584e+02 6.0797698975e+02 6.0759497070e+02 6.0726202393e+02 6.0701501465e+02 6.0680200195e+02 6.0647497559e+02 6.0567700195e+02 6.0433197021e+02 6.0262200928e+02 6.0076202393e+02 5.9962402344e+02 5.9913500977e+02 5.9881298828e+02 5.9842901611e+02 5.9805603027e+02
6.1732800293e+02 6.1718200684e+02 6.1702197266e+02 6.1684899902e+02 6.1668701172e+02 6.1657397461e+02 6.1644897461e+02 6.1631298828e+02 6.1616198730e+02 6.1603997803e+02 6.1592498779e+02 6.1579400635e+02 6.1560900879e+02 6.1538000488e+02 6.1514099121e+02 6.1490100098e+02 6.1465698242e+02 6.1441497803e+02 6.1414801025e+02 6.1387597656e+02 6.1359399414e+02 6.1334301758e+02 6.1300500488e+02 6.1248901367e+02 6.1175799561e+02 6.1099499512e+02 6.1033398438e+02 6.0980297852e+02 6.0938598633e+02 6.0893597412e+02 6.0847802734e+02 6.0805798340e+02 6.0767498779e+02 6.0737200928e+02 6.0712298584e+02 6.0688000488e+02 6.0647100830e+02 6.0572497559e+02 6.0438800049e+02 6.0267401123e+02 6.0077301025e+02 5.9968103027e+02 5.9909802246e+02 5.9873999023e+02 5.9840997314e+02 5.9806402588e+02
6.1727502441e+02 6.1713897705e+02 6.1697601318e+02 6.1680401611e+02 6.1665997314e+02 6.1654498291e+02 6.1641601563e+02 6.1627502441e+02 6.1612597656e+02 6.1600000000e+02 6.1587298584e+02 6.1572198486e+02 6.1553198242e+02 6.1532000732e+02 6.1508502197e+02 6.1483197021e+02 6.1457299805e+02 6.1430798340e+02 6.1402197266e+02 6.1373797607e+02 6.1347900391e+02 6.1326599121e+02 6.1301098633e+02 6.1259197998e+02 6.1191198730e+02 6.1118103027e+02 6.1053302002e+02 6.0999102783e+02 6.0953601074e+02 6.0907397461e+02 6.0861999512e+02 6.0818798828e+02 6.0777001953e+02 6.0742999268e+02 6.0720300293e+02 6.0698400879e+02 6.0658599854e+02 6.0570202637e+02 6.0438000488e+02 6.0269702148e+02 6.0075799561e+02 5.9964398193e+02 5.9904699707e+02 5.9864801025e+02 5.9827398682e+02 5.9797399902e+02
6.1722698975e+02 6.1710998535e+02 6.1696099854e+02 6.1679498291e+02 6.1664599609e+02 6.1651501465e+02 6.1637500000e+02 6.1622998047e+02 6.1608398438e+02 6.1595098877e+02 6.1581298828e+02 6.1565301514e+02 6.1546899414e+02 6.1526898193e+02 6.1502502441e+02 6.1475299072e+02 6.1448400879e+02 6.1420501709e+02 6.1390197754e+02 6.1361199951e+02 6.1335400391e+02 6.1313897705e+02 6.1291699219e+02 6.1256597900e+02 6.1199200439e+02 6.1131799316e+02 6.1068200684e+02 6.1012402344e+02 6.0963299561e+02 6.0917602539e+02 6.0872998047e+02 6.0829602051e+02 6.0785198975e+02 6.0746697998e+02 6.0724200439e+02 6.0704998779e+02 6.0664501953e+02 6.0566900635e+02 6.0430499268e+02 6.0262597656e+02 6.0069500732e+02 5.9964099121e+02 5.9916601563e+02 5.9883001709e+02 5.9840100098e+02 5.9801000977e+02
6.1717297363e+02 6.1707202148e+02 6.1693701172e+02 6.1677899170e+02 6.1662097168e+02 6.1647198486e+02 6.1632098389e+02 6.1617401123e+02 6.1603100586e+02 6.1589398193e+02 6.1575097656e+02 6.1559301758e+02 6.1542297363e+02 6.1522998047e+02 6.1497302246e+02 6.1468103027e+02 6.1439898682e+02 6.1411499023e+02 6.1380401611e+02 6.1351098633e+02 6.1324902344e+02 6.1300701904e+02 6.1278198242e+02 6.1247698975e+02 6.1200598145e+02 6.1137200928e+02 6.1073699951e+02 6.1015899658e+02 6.0965197754e+02 6.0922698975e+02 6.0879797363e+02 6.0837097168e+02 6.0791998291e+02 6.0749700928e+02 6.0725000000e+02 6.0703802490e+02 6.0661999512e+02 6.0557000732e+02 6.0415698242e+02 6.0249102783e+02 6.0064300537e+02 5.9975701904e+02 5.9946197510e+02 5.9925500488e+02 5.9885699463e+02 5.9823297119e+02
6.1709899902e+02 6.1700402832e+02 6.1687799072e+02 6.1673101807e+02 6.1657098389e+02 6.1641699219e+02 6.1626098633e+02 6.1610900879e+02 6.1595800781e+02 6.1582501221e+02 6.1568701172e+02 6.1554302979e+02 6.1539697266e+02 6.1519897461e+02 6.1493402100e+02 6.1462701416e+02 6.1432299805e+02 6.1404901123e+02 6.1374499512e+02 6.1344897461e+02 6.1319000244e+02 6.1293402100e+02 6.1268798828e+02 6.1240197754e+02 6.1198699951e+02 6.1133599854e+02 6.1068902588e+02 6.1008099365e+02 6.0956799316e+02 6.0920599365e+02 6.0880401611e+02 6.0840301514e+02 6.0794702148e+02 6.0754901123e+02 6.0726300049e+02 6.0693298340e+02 6.0636401367e+02 6.0538500977e+02 6.0390100098e+02 6.0221002197e+02 6.0049700928e+02 6.0005603027e+02 5.9975299072e+02 5.9957299805e+02 5.9938201904e+02 5.9843298340e+02
6.1704602051e+02 6.1693103027e+02 6.1680902100e+02 6.1667797852e+02 6.1653302002e+02 6.1637097168e+02 6.1621600342e+02 6.1605999756e+02 6.1590600586e+02 6.1576702881e+02 6.1562701416e+02 6.1547698975e+02 6.1532000732e+02 6.1513702393e+02 6.1488702393e+02 6.1459698486e+02 6.1429699707e+02 6.1401702881e+02 6.1372198486e+02 6.1342700195e+02 6.1314501953e+02 6.1288000488e+02 6.1261199951e+02 6.1230401611e+02 6.1187701416e+02 6.1126202393e+02 6.1061401367e+02 6.0998699951e+02 6.0949102783e+02 6.0912097168e+02 6.0873498535e+02 6.0836199951e+02 6.0791101074e+02 6.0754101563e+02 6.0728002930e+02 6.0687799072e+02 6.0615301514e+02 6.0495300293e+02 6.0343597412e+02 6.0185699463e+02 6.0052398682e+02 6.0017901611e+02 5.9979498291e+02 5.9959197998e+02 5.9956097412e+02 5.9865502930e+02
6.1701000977e+02 6.1688201904e+02 6.1676000977e+02 6.1663702393e+02 6.1649700928e+02 6.1632800293e+02 6.1617102051e+02 6.1601501465e+02 6.1585900879e+02 6.1571697998e+02 6.1557299805e+02 6.1541198730e+02 6.1523602295e+02 6.1504101563e+02 6.1480603027e+02 6.1454302979e+02 6.1426202393e+02 6.1399102783e+02 6.1371099854e+02 6.1342199707e+02 6.1310998535e+02 6.1279699707e+02 6.1249499512e+02 6.1217297363e+02 6.1177502441e+02 6.1121301270e+02 6.1058398438e+02 6.0995202637e+02 6.0942602539e+02 6.0903302002e+02 6.0864398193e+02 6.0828198242e+02 6.0786297607e+02 6.0753601074e+02 6.0728497314e+02 6.0685699463e+02 6.0600000000e+02 6.0460699463e+02 6.0306597900e+02 6.0162402344e+02 6.0057702637e+02 6.0029199219e+02 5.9999102783e+02 5.9980798340e+02 5.9964501953e+02 5.9881402588e+02
6.1698999023e+02 6.1684899902e+02 6.1671997070e+02 6.1659600830e+02 6.1646002197e+02 6.1628997803e+02 6.1613098145e+02 6.1597698975e+02 6.1582299805e+02 6.1568597412e+02 6.1553900146e+02 6.1536700439e+02 6.1516302490e+02 6.1494097900e+02 6.1471398926e+02 6.1447198486e+02 6.1421099854e+02 6.1395098877e+02 6.1368798828e+02 6.1340399170e+02 6.1306701660e+02 6.1271197510e+02 6.1239099121e+02 6.1207897949e+02 6.1173602295e+02 6.1122497559e+02 6.1061700439e+02 6.0997900391e+02 6.0939697266e+02 6.0896697998e+02 6.0857098389e+02 6.0821099854e+02 6.0782397461e+02 6.0754400635e+02 6.0730102539e+02 6.0685198975e+02 6.0595098877e+02 6.0443499756e+02 6.0285601807e+02 6.0148498535e+02 6.0057397461e+02 6.0032800293e+02 6.0011700439e+02 5.9983599854e+02 5.9921197510e+02 5.9848400879e+02
