TESTSERVER/7/7.asc
NCOLS 100
NROWS 100
XLLCORNER 7.8497500000e+03
YLLCORNER 2.8960025000e+05
CELLSIZE 5.0000000000e-01
NODATA_VALUE -9.9990000000e+03
[rows 80 to 99 of 100, columns 0 to 45 of 100]
6.1974902344e+02 6.1980603027e+02 6.1986999512e+02 6.1990399170e+02 6.1996697998e+02 6.2005200195e+02 6.2016198730e+02 6.2028399658e+02 6.2040802002e+02 6.2050500488e+02 6.2057000732e+02 6.2060498047e+02 6.2065002441e+02 6.2069000244e+02 6.2071899414e+02 6.2071899414e+02 6.2071801758e+02 6.2071002197e+02 6.2069201660e+02 6.2067797852e+02 6.2069299316e+02 6.2071197510e+02 6.2072399902e+02 6.2076800537e+02 6.2080297852e+02 6.2084997559e+02 6.2091699219e+02 6.2095397949e+02 6.2095300293e+02 6.2092199707e+02 6.2089001465e+02 6.2088201904e+02 6.2083898926e+02 6.2078900146e+02 6.2075701904e+02 6.2069000244e+02 6.2071502686e+02 6.2078302002e+02 6.2083697510e+02 6.2077001953e+02 6.2067401123e+02 6.2058398438e+02 6.2042102051e+02 6.2011199951e+02 6.1991497803e+02 6.1985601807e+02
6.1954199219e+02 6.1959899902e+02 6.1966101074e+02 6.1972198486e+02 6.1981201172e+02 6.1992401123e+02 6.2003900146e+02 6.2016601563e+02 6.2028198242e+02 6.2037200928e+02 6.2043298340e+02 6.2045397949e+02 6.2046697998e+02 6.2048901367e+02 6.2050799561e+02 6.2050299072e+02 6.2050500488e+02 6.2051098633e+02 6.2050500488e+02 6.2049200439e+02 6.2050097656e+02 6.2051898193e+02 6.2055102539e+02 6.2061102295e+02 6.2066302490e+02 6.2070599365e+02 6.2074798584e+02 6.2074597168e+02 6.2071899414e+02 6.2069897461e+02 6.2070800781e+02 6.2068200684e+02 6.2058599854e+02 6.2050701904e+02 6.2050097656e+02 6.2054400635e+02 6.2060998535e+02 6.2066497803e+02 6.2068402100e+02 6.2060797119e+02 6.2048901367e+02 6.2035400391e+02 6.2019396973e+02 6.1997198486e+02 6.1983697510e+02 6.1978802490e+02
6.1932397461e+02 6.1938098145e+02 6.1943597412e+02 6.1951702881e+02 6.1963201904e+02 6.1976501465e+02 6.1989099121e+02 6.2000598145e+02 6.2011297607e+02 6.2019396973e+02 6.2025097656e+02 6.2025500488e+02 6.2024499512e+02 6.2025299072e+02 6.2026898193e+02 6.2027001953e+02 6.2028399658e+02 6.2030297852e+02 6.2031298828e+02 6.2031402588e+02 6.2032800293e+02 6.2035198975e+02 6.2039501953e+02 6.2046301270e+02 6.2051300049e+02 6.2053399658e+02 6.2053198242e+02 6.2050500488e+02 6.2048602295e+02 6.2047900391e+02 6.2050500488e+02 6.2050299072e+02 6.2041699219e+02 6.2033697510e+02 6.2033099365e+02 6.2041900635e+02 6.2050402832e+02 6.2053601074e+02 6.2053198242e+02 6.2047100830e+02 6.2035302734e+02 6.2021697998e+02 6.2007202148e+02 6.1990100098e+02 6.1977899170e+02 6.1971099854e+02
6.1911297607e+02 6.1917401123e+02 6.1921099854e+02 6.1929797363e+02 6.1943597412e+02 6.1958801270e+02 6.1972302246e+02 6.1982501221e+02 6.1991699219e+02 6.1998498535e+02 6.2003100586e+02 6.2002301025e+02 6.2000701904e+02 6.2001202393e+02 6.2003198242e+02 6.2003802490e+02 6.2006298828e+02 6.2009197998e+02 6.2010797119e+02 6.2012200928e+02 6.2014697266e+02 6.2018402100e+02 6.2023901367e+02 6.2029797363e+02 6.2033001709e+02 6.2032800293e+02 6.2029400635e+02 6.2026397705e+02 6.2026300049e+02 6.2025897217e+02 6.2026000977e+02 6.2027600098e+02 6.2024401855e+02 6.2021697998e+02 6.2023297119e+02 6.2033001709e+02 6.2040899658e+02 6.2041998291e+02 6.2039599609e+02 6.2036401367e+02 6.2027502441e+02 6.2015997314e+02 6.2003900146e+02 6.1986901855e+02 6.1971899414e+02 6.1962597656e+02
6.1892602539e+02 6.1900000000e+02 6.1901300049e+02 6.1908697510e+02 6.1924298096e+02 6.1941101074e+02 6.1956701660e+02 6.1965100098e+02 6.1972399902e+02 6.1977197266e+02 6.1980700684e+02 6.1979797363e+02 6.1979699707e+02 6.1981799316e+02 6.1986798096e+02 6.1985601807e+02 6.1987200928e+02 6.1989001465e+02 6.1989300537e+02 6.1990899658e+02 6.1994500732e+02 6.1999597168e+02 6.2005603027e+02 6.2008197021e+02 6.2008599854e+02 6.2007598877e+02 6.2006896973e+02 6.2006896973e+02 6.2007202148e+02 6.2006201172e+02 6.2004302979e+02 6.2004400635e+02 6.2005798340e+02 6.2009399414e+02 6.2015899658e+02 6.2023199463e+02 6.2029901123e+02 6.2030902100e+02 6.2028698730e+02 6.2023699951e+02 6.2016302490e+02 6.2007000732e+02 6.1998797607e+02 6.1978601074e+02 6.1961602783e+02 6.1953399658e+02
6.1878100586e+02 6.1887402344e+02 6.1891601563e+02 6.1897998047e+02 6.1909100342e+02 6.1921600342e+02 6.1932897949e+02 6.1941302490e+02 6.1947698975e+02 6.1952301025e+02 6.1955297852e+02 6.1957702637e+02 6.1959997559e+02 6.1962701416e+02 6.1966601563e+02 6.1967901611e+02 6.1967602539e+02 6.1967797852e+02 6.1968798828e+02 6.1971502686e+02 6.1975097656e+02 6.1979699707e+02 6.1984100342e+02 6.1987402344e+02 6.1986901855e+02 6.1984100342e+02 6.1984899902e+02 6.1987097168e+02 6.1987902832e+02 6.1989001465e+02 6.1989099121e+02 6.1991400146e+02 6.1995300293e+02 6.2002099609e+02 6.2010797119e+02 6.2014501953e+02 6.2016198730e+02 6.2014801025e+02 6.2011499023e+02 6.2006799316e+02 6.1998602295e+02 6.1987701416e+02 6.1977197266e+02 6.1961999512e+02 6.1951202393e+02 6.1945098877e+02
6.1866101074e+02 6.1875701904e+02 6.1882397461e+02 6.1886999512e+02 6.1893103027e+02 6.1900201416e+02 6.1906201172e+02 6.1912097168e+02 6.1917901611e+02 6.1923602295e+02 6.1928198242e+02 6.1933099365e+02 6.1936999512e+02 6.1940002441e+02 6.1942700195e+02 6.1944000244e+02 6.1944799805e+02 6.1946600342e+02 6.1949597168e+02 6.1953601074e+02 6.1957397461e+02 6.1961199951e+02 6.1964398193e+02 6.1970098877e+02 6.1971801758e+02 6.1967602539e+02 6.1964398193e+02 6.1964501953e+02 6.1965399170e+02 6.1969299316e+02 6.1974102783e+02 6.1980401611e+02 6.1988598633e+02 6.1997198486e+02 6.2004498291e+02 6.2004400635e+02 6.1999902344e+02 6.1994097900e+02 6.1991198730e+02 6.1989001465e+02 6.1980798340e+02 6.1968103027e+02 6.1954400635e+02 6.1944598389e+02 6.1939898682e+02 6.1936297607e+02
6.1853802490e+02 6.1862298584e+02 6.1869299316e+02 6.1871600342e+02 6.1873699951e+02 6.1876501465e+02 6.1878601074e+02 6.1882098389e+02 6.1887799072e+02 6.1894702148e+02 6.1901599121e+02 6.1908300781e+02 6.1913201904e+02 6.1916302490e+02 6.1917700195e+02 6.1920202637e+02 6.1923400879e+02 6.1927301025e+02 6.1932098389e+02 6.1937200928e+02 6.1940997314e+02 6.1943701172e+02 6.1945202637e+02 6.1950799561e+02 6.1954400635e+02 6.1950598145e+02 6.1944396973e+02 6.1942797852e+02 6.1945800781e+02 6.1953100586e+02 6.1961798096e+02 6.1972100830e+02 6.1982000732e+02 6.1988800049e+02 6.1991699219e+02 6.1989697266e+02 6.1981500244e+02 6.1972198486e+02 6.1968597412e+02 6.1969897461e+02 6.1964599609e+02 6.1952398682e+02 6.1936602783e+02 6.1927600098e+02 6.1925402832e+02 6.1924298096e+02
6.1838702393e+02 6.1842999268e+02 6.1840002441e+02 6.1845202637e+02 6.1846099854e+02 6.1848699951e+02 6.1849597168e+02 6.1854901123e+02 6.1861602783e+02 6.1869500732e+02 6.1878399658e+02 6.1885101318e+02 6.1889898682e+02 6.1893200684e+02 6.1895300293e+02 6.1899902344e+02 6.1905499268e+02 6.1911297607e+02 6.1917297363e+02 6.1921002197e+02 6.1924798584e+02 6.1926800537e+02 6.1926702881e+02 6.1927001953e+02 6.1928900146e+02 6.1926800537e+02 6.1923602295e+02 6.1926501465e+02 6.1932897949e+02 6.1943103027e+02 6.1954101563e+02 6.1964300537e+02 6.1971801758e+02 6.1972900391e+02 6.1969299316e+02 6.1968597412e+02 6.1961499023e+02 6.1952099609e+02 6.1948602295e+02 6.1952099609e+02 6.1950000000e+02 6.1940100098e+02 6.1924902344e+02 6.1915899658e+02 6.1913299561e+02 6.1912701416e+02
6.1818597412e+02 6.1819201660e+02 6.1816900635e+02 6.1816198730e+02 6.1816900635e+02 6.1820098877e+02 6.1825799561e+02 6.1833502197e+02 6.1841198730e+02 6.1848699951e+02 6.1856896973e+02 6.1863897705e+02 6.1869396973e+02 6.1875000000e+02 6.1881896973e+02 6.1888397217e+02 6.1893298340e+02 6.1898101807e+02 6.1902801514e+02 6.1905700684e+02 6.1908599854e+02 6.1909399414e+02 6.1905999756e+02 6.1902899170e+02 6.1903802490e+02 6.1904797363e+02 6.1909399414e+02 6.1916302490e+02 6.1925897217e+02 6.1938598633e+02 6.1949298096e+02 6.1954797363e+02 6.1955999756e+02 6.1952600098e+02 6.1948199463e+02 6.1945001221e+02 6.1939898682e+02 6.1935498047e+02 6.1934997559e+02 6.1937902832e+02 6.1935900879e+02 6.1927398682e+02 6.1914599609e+02 6.1906701660e+02 6.1903698730e+02 6.1903002930e+02
6.1800201416e+02 6.1800701904e+02 6.1800500488e+02 6.1799597168e+02 6.1798999023e+02 6.1800500488e+02 6.1807000732e+02 6.1816699219e+02 6.1824401855e+02 6.1831896973e+02 6.1839697266e+02 6.1846502686e+02 6.1853198242e+02 6.1860498047e+02 6.1869702148e+02 6.1877197266e+02 6.1881402588e+02 6.1884997559e+02 6.1888500977e+02 6.1890600586e+02 6.1892102051e+02 6.1891802979e+02 6.1887902832e+02 6.1886102295e+02 6.1889300537e+02 6.1893701172e+02 6.1901000977e+02 6.1909802246e+02 6.1921398926e+02 6.1933001709e+02 6.1941400146e+02 6.1943499756e+02 6.1939801025e+02 6.1933697510e+02 6.1929699707e+02 6.1925000000e+02 6.1921801758e+02 6.1922198486e+02 6.1924700928e+02 6.1927001953e+02 6.1923999023e+02 6.1914898682e+02 6.1903100586e+02 6.1897100830e+02 6.1895501709e+02 6.1895397949e+02
6.1786499023e+02 6.1788897705e+02 6.1792401123e+02 6.1793298340e+02 6.1791802979e+02 6.1790997314e+02 6.1794396973e+02 6.1803698730e+02 6.1811499023e+02 6.1819097900e+02 6.1826599121e+02 6.1833898926e+02 6.1841198730e+02 6.1848699951e+02 6.1857598877e+02 6.1864501953e+02 6.1867901611e+02 6.1870397949e+02 6.1872900391e+02 6.1873901367e+02 6.1874700928e+02 6.1874700928e+02 6.1872998047e+02 6.1875598145e+02 6.1881896973e+02 6.1888098145e+02 6.1895800781e+02 6.1903497314e+02 6.1912298584e+02 6.1919897461e+02 6.1927697754e+02 6.1929400635e+02 6.1922601318e+02 6.1914697266e+02 6.1911199951e+02 6.1905603027e+02 6.1904199219e+02 6.1908398438e+02 6.1913500977e+02 6.1915197754e+02 6.1910198975e+02 6.1900097656e+02 6.1889801025e+02 6.1887097168e+02 6.1887799072e+02 6.1888397217e+02
6.1779699707e+02 6.1785101318e+02 6.1792297363e+02 6.1793597412e+02 6.1791601563e+02 6.1788299561e+02 6.1786297607e+02 6.1793402100e+02 6.1801202393e+02 6.1809301758e+02 6.1816802979e+02 6.1824597168e+02 6.1832299805e+02 6.1839202881e+02 6.1845501709e+02 6.1849597168e+02 6.1852099609e+02 6.1853601074e+02 6.1854901123e+02 6.1855700684e+02 6.1856097412e+02 6.1858099365e+02 6.1862799072e+02 6.1869097900e+02 6.1877301025e+02 6.1883502197e+02 6.1889300537e+02 6.1891998291e+02 6.1894299316e+02 6.1898797607e+02 6.1908502197e+02 6.1912097168e+02 6.1904199219e+02 6.1894897461e+02 6.1889898682e+02 6.1885797119e+02 6.1886499023e+02 6.1892602539e+02 6.1898999023e+02 6.1898199463e+02 6.1891699219e+02 6.1882501221e+02 6.1874200439e+02 6.1876202393e+02 6.1879797363e+02 6.1881097412e+02
6.1776300049e+02 6.1782897949e+02 6.1787097168e+02 6.1788201904e+02 6.1786102295e+02 6.1782397461e+02 6.1780102539e+02 6.1785900879e+02 6.1792700195e+02 6.1800299072e+02 6.1808502197e+02 6.1816497803e+02 6.1823602295e+02 6.1829602051e+02 6.1833697510e+02 6.1835699463e+02 6.1835900879e+02 6.1835601807e+02 6.1836102295e+02 6.1837200928e+02 6.1840002441e+02 6.1846301270e+02 6.1855499268e+02 6.1866900635e+02 6.1876501465e+02 6.1878900146e+02 6.1875701904e+02 6.1875701904e+02 6.1876599121e+02 6.1879797363e+02 6.1887200928e+02 6.1889697266e+02 6.1883001709e+02 6.1873797607e+02 6.1868200684e+02 6.1864501953e+02 6.1865997314e+02 6.1871398926e+02 6.1875897217e+02 6.1874200439e+02 6.1869299316e+02 6.1864300537e+02 6.1862701416e+02 6.1866302490e+02 6.1870800781e+02 6.1871899414e+02
6.1772497559e+02 6.1778601074e+02 6.1781402588e+02 6.1781896973e+02 6.1780297852e+02 6.1777502441e+02 6.1776501465e+02 6.1781500244e+02 6.1786602783e+02 6.1792498779e+02 6.1799902344e+02 6.1806701660e+02 6.1811798096e+02 6.1815698242e+02 6.1818402100e+02 6.1818597412e+02 6.1817297363e+02 6.1816699219e+02 6.1817797852e+02 6.1821398926e+02 6.1827801514e+02 6.1836999512e+02 6.1847802734e+02 6.1861401367e+02 6.1873297119e+02 6.1874700928e+02 6.1866699219e+02 6.1863897705e+02 6.1862402344e+02 6.1862597656e+02 6.1865698242e+02 6.1866900635e+02 6.1860900879e+02 6.1853002930e+02 6.1847601318e+02 6.1844598389e+02 6.1845098877e+02 6.1847100830e+02 6.1847399902e+02 6.1847302246e+02 6.1847198486e+02 6.1848400879e+02 6.1853002930e+02 6.1857800293e+02 6.1861901855e+02 6.1862200928e+02
6.1768298340e+02 6.1772900391e+02 6.1774200439e+02 6.1774902344e+02 6.1774798584e+02 6.1774102783e+02 6.1774499512e+02 6.1778002930e+02 6.1780902100e+02 6.1784399414e+02 6.1790197754e+02 6.1794598389e+02 6.1796801758e+02 6.1797998047e+02 6.1798699951e+02 6.1798400879e+02 6.1797900391e+02 6.1799200439e+02 6.1802801514e+02 6.1810601807e+02 6.1820098877e+02 6.1829797363e+02 6.1837902832e+02 6.1850299072e+02 6.1864501953e+02 6.1868701172e+02 6.1861102295e+02 6.1854101563e+02 6.1848602295e+02 6.1846697998e+02 6.1847497559e+02 6.1846997070e+02 6.1841998291e+02 6.1835498047e+02 6.1830200195e+02 6.1829602051e+02 6.1828997803e+02 6.1826202393e+02 6.1821197510e+02 6.1825000000e+02 6.1830499268e+02 6.1837298584e+02 6.1845501709e+02 6.1850299072e+02 6.1853802490e+02 6.1852697754e+02
6.1760998535e+02 6.1763397217e+02 6.1763098145e+02 6.1766497803e+02 6.1769799805e+02 6.1772601318e+02 6.1774102783e+02 6.1774499512e+02 6.1775799561e+02 6.1776702881e+02 6.1780297852e+02 6.1780200195e+02 6.1778198242e+02 6.1776501465e+02 6.1775598145e+02 6.1777197266e+02 6.1779901123e+02 6.1784997559e+02 6.1792602539e+02 6.1804998779e+02 6.1815502930e+02 6.1822698975e+02 6.1826300049e+02 6.1837701416e+02 6.1852301025e+02 6.1859497070e+02 6.1855499268e+02 6.1842199707e+02 6.1832702637e+02 6.1830798340e+02 6.1833599854e+02 6.1830200195e+02 6.1826800537e+02 6.1822198486e+02 6.1819702148e+02 6.1820599365e+02 6.1819000244e+02 6.1812701416e+02 6.1805902100e+02 6.1810998535e+02 6.1821002197e+02 6.1830700684e+02 6.1838000488e+02 6.1843798828e+02 6.1846002197e+02 6.1843597412e+02
6.1748699951e+02 6.1752001953e+02 6.1752600098e+02 6.1755700684e+02 6.1761199951e+02 6.1765502930e+02 6.1766198730e+02 6.1767700195e+02 6.1768103027e+02 6.1766802979e+02 6.1765399170e+02 6.1763000488e+02 6.1760400391e+02 6.1758801270e+02 6.1760400391e+02 6.1765301514e+02 6.1771099854e+02 6.1778198242e+02 6.1787597656e+02 6.1800799561e+02 6.1810998535e+02 6.1817700195e+02 6.1822399902e+02 6.1834301758e+02 6.1846502686e+02 6.1849298096e+02 6.1841198730e+02 6.1827398682e+02 6.1817401123e+02 6.1813098145e+02 6.1812701416e+02 6.1811401367e+02 6.1810900879e+02 6.1810101318e+02 6.1809497070e+02 6.1809802246e+02 6.1807098389e+02 6.1802099609e+02 6.1797399902e+02 6.1803601074e+02 6.1815100098e+02 6.1825097656e+02 6.1830902100e+02 6.1834899902e+02 6.1835400391e+02 6.1831500244e+02
6.1733898926e+02 6.1739300537e+02 6.1741400146e+02 6.1744201660e+02 6.1748602295e+02 6.1751098633e+02 6.1751300049e+02 6.1752600098e+02 6.1751599121e+02 6.1749200439e+02 6.1746697998e+02 6.1745697021e+02 6.1745697021e+02 6.1746099854e+02 6.1749102783e+02 6.1756500244e+02 6.1764202881e+02 6.1772601318e+02 6.1782598877e+02 6.1795501709e+02 6.1805798340e+02 6.1812902832e+02 6.1818597412e+02 6.1829101563e+02 6.1835797119e+02 6.1832897949e+02 6.1821502686e+02 6.1809802246e+02 6.1802899170e+02 6.1798498535e+02 6.1794500732e+02 6.1792498779e+02 6.1792797852e+02 6.1794299316e+02 6.1795800781e+02 6.1795501709e+02 6.1794097900e+02 6.1791900635e+02 6.1791101074e+02 6.1798901367e+02 6.1810498047e+02 6.1819702148e+02 6.1824401855e+02 6.1826397705e+02 6.1825097656e+02 6.1819500732e+02
6.1715301514e+02 6.1723199463e+02 6.1728698730e+02 6.1730798340e+02 6.1732000732e+02 6.1730798340e+02 6.1728997803e+02 6.1728997803e+02 6.1727197266e+02 6.1725097656e+02 6.1724499512e+02 6.1727801514e+02 6.1731896973e+02 6.1735498047e+02 6.1739300537e+02 6.1746697998e+02 6.1755200195e+02 6.1764599609e+02 6.1775897217e+02 6.1788397217e+02 6.1798400879e+02 6.1805200195e+02 6.1810101318e+02 6.1815301514e+02 6.1815100098e+02 6.1808697510e+02 6.1799102783e+02 6.1792401123e+02 6.1790698242e+02 6.1789099121e+02 6.1783502197e+02 6.1777899170e+02 6.1775402832e+02 6.1776000977e+02 6.1778399658e+02 6.1779602051e+02 6.1780999756e+02 6.1783099365e+02 6.1787097168e+02 6.1795697021e+02 6.1806201172e+02 6.1813598633e+02 6.1816998291e+02 6.1818103027e+02 6.1815399170e+02 6.1808197021e+02
