TESTSERVER/7/7.asc
NCOLS 100
NROWS 100
XLLCORNER 7.8497500000e+03
YLLCORNER 2.8960025000e+05
CELLSIZE 5.0000000000e-01
NODATA_VALUE -9.9990000000e+03
[rows 20 to 39 of 100, columns 0 to 45 of 100]
6.3069299316e+02 6.3053399658e+02 6.3031298828e+02 6.3002600098e+02 6.2975097656e+02 6.2951000977e+02 6.2932397461e+02 6.2916699219e+02 6.2900598145e+02 6.2878698730e+02 6.2848400879e+02 6.2798199463e+02 6.2754302979e+02 6.2713397217e+02 6.2666601563e+02 6.2604998779e+02 6.2542102051e+02 6.2486499023e+02 6.2442498779e+02 6.2409100342e+02 6.2390399170e+02 6.2383099365e+02 6.2374102783e+02 6.2366699219e+02 6.2348199463e+02 6.2315698242e+02 6.2283599854e+02 6.2269897461e+02 6.2263800049e+02 6.2263201904e+02 6.2266302490e+02 6.2291198730e+02 6.2312597656e+02 6.2301098633e+02 6.2251300049e+02 6.2191998291e+02 6.2156298828e+02 6.2115399170e+02 6.2064202881e+02 6.2019201660e+02 6.1988500977e+02 6.1953802490e+02 6.1889898682e+02 6.1786700439e+02 6.1705798340e+02 6.1674200439e+02
6.3072802734e+02 6.3055700684e+02 6.3035498047e+02 6.3010601807e+02 6.2985101318e+02 6.2961798096e+02 6.2943200684e+02 6.2924902344e+02 6.2907098389e+02 6.2888201904e+02 6.2865197754e+02 6.2817797852e+02 6.2772399902e+02 6.2735101318e+02 6.2693200684e+02 6.2637597656e+02 6.2580902100e+02 6.2528198242e+02 6.2471899414e+02 6.2417602539e+02 6.2389300537e+02 6.2380499268e+02 6.2375598145e+02 6.2372698975e+02 6.2362402344e+02 6.2337200928e+02 6.2303100586e+02 6.2273297119e+02 6.2260797119e+02 6.2259100342e+02 6.2259600830e+02 6.2275299072e+02 6.2298101807e+02 6.2306298828e+02 6.2280200195e+02 6.2222802734e+02 6.2185198975e+02 6.2147802734e+02 6.2099700928e+02 6.2056097412e+02 6.2024200439e+02 6.1985198975e+02 6.1916601563e+02 6.1823498535e+02 6.1733099365e+02 6.1681701660e+02
6.3075500488e+02 6.3058398438e+02 6.3039599609e+02 6.3017700195e+02 6.2993499756e+02 6.2970697021e+02 6.2951000977e+02 6.2930102539e+02 6.2909899902e+02 6.2890100098e+02 6.2867102051e+02 6.2824200439e+02 6.2785101318e+02 6.2753399658e+02 6.2721502686e+02 6.2677398682e+02 6.2623498535e+02 6.2565899658e+02 6.2500000000e+02 6.2433801270e+02 6.2394598389e+02 6.2378601074e+02 6.2373297119e+02 6.2372900391e+02 6.2367401123e+02 6.2352001953e+02 6.2323498535e+02 6.2281597900e+02 6.2260400391e+02 6.2255798340e+02 6.2254101563e+02 6.2259899902e+02 6.2276898193e+02 6.2296997070e+02 6.2302801514e+02 6.2259600830e+02 6.2212902832e+02 6.2168798828e+02 6.2124700928e+02 6.2082299805e+02 6.2051501465e+02 6.2007501221e+02 6.1929998779e+02 6.1850897217e+02 6.1769500732e+02 6.1704901123e+02
6.3076898193e+02 6.3061401367e+02 6.3044500732e+02 6.3023699951e+02 6.3000299072e+02 6.2977600098e+02 6.2957702637e+02 6.2936297607e+02 6.2913000488e+02 6.2889801025e+02 6.2864398193e+02 6.2829400635e+02 6.2796801758e+02 6.2766998291e+02 6.2739099121e+02 6.2700897217e+02 6.2645697021e+02 6.2584100342e+02 6.2521301270e+02 6.2459899902e+02 6.2416400146e+02 6.2390802002e+02 6.2374798584e+02 6.2371997070e+02 6.2368701172e+02 6.2359497070e+02 6.2338500977e+02 6.2296502686e+02 6.2266601563e+02 6.2254199219e+02 6.2250500488e+02 6.2250097656e+02 6.2257098389e+02 6.2277301025e+02 6.2305603027e+02 6.2289898682e+02 6.2240002441e+02 6.2185797119e+02 6.2145800781e+02 6.2107897949e+02 6.2077301025e+02 6.2029797363e+02 6.1946197510e+02 6.1876501465e+02 6.1809197998e+02 6.1740301514e+02
6.3077801514e+02 6.3064202881e+02 6.3050299072e+02 6.3028698730e+02 6.3005798340e+02 6.2983398438e+02 6.2967102051e+02 6.2944799805e+02 6.2917797852e+02 6.2890502930e+02 6.2867401123e+02 6.2841101074e+02 6.2808502197e+02 6.2773199463e+02 6.2743298340e+02 6.2706500244e+02 6.2649200439e+02 6.2587298584e+02 6.2536798096e+02 6.2494598389e+02 6.2452801514e+02 6.2419598389e+02 6.2388299561e+02 6.2373699951e+02 6.2371997070e+02 6.2364801025e+02 6.2348999023e+02 6.2315698242e+02 6.2276898193e+02 6.2254400635e+02 6.2248797607e+02 6.2246301270e+02 6.2247698975e+02 6.2261102295e+02 6.2289501953e+02 6.2305999756e+02 6.2272998047e+02 6.2214202881e+02 6.2169097900e+02 6.2136199951e+02 6.2102301025e+02 6.2053399658e+02 6.1979998779e+02 6.1910797119e+02 6.1848901367e+02 6.1782098389e+02
6.3077099609e+02 6.3063000488e+02 6.3048498535e+02 6.3029699707e+02 6.3009301758e+02 6.2988800049e+02 6.2971398926e+02 6.2950299072e+02 6.2923699951e+02 6.2898297119e+02 6.2879400635e+02 6.2857202148e+02 6.2822302246e+02 6.2780297852e+02 6.2743701172e+02 6.2707299805e+02 6.2654797363e+02 6.2599298096e+02 6.2562200928e+02 6.2526599121e+02 6.2477899170e+02 6.2437097168e+02 6.2397900391e+02 6.2372100830e+02 6.2369702148e+02 6.2367102051e+02 6.2358898926e+02 6.2329602051e+02 6.2284698486e+02 6.2255401611e+02 6.2247601318e+02 6.2242498779e+02 6.2242297363e+02 6.2248901367e+02 6.2267901611e+02 6.2298901367e+02 6.2296997070e+02 6.2254199219e+02 6.2202398682e+02 6.2163598633e+02 6.2122802734e+02 6.2081298828e+02 6.2032702637e+02 6.1969598389e+02 6.1897497559e+02 6.1823297119e+02
6.3071600342e+02 6.3057299805e+02 6.3041601563e+02 6.3024499512e+02 6.3006701660e+02 6.2988299561e+02 6.2970397949e+02 6.2950000000e+02 6.2927099609e+02 6.2905499268e+02 6.2887097168e+02 6.2865399170e+02 6.2829602051e+02 6.2783697510e+02 6.2741198730e+02 6.2705902100e+02 6.2661901855e+02 6.2616998291e+02 6.2586999512e+02 6.2556500244e+02 6.2505700684e+02 6.2458197021e+02 6.2418298340e+02 6.2384600830e+02 6.2372698975e+02 6.2369396973e+02 6.2363897705e+02 6.2342999268e+02 6.2301000977e+02 6.2263397217e+02 6.2246301270e+02 6.2239099121e+02 6.2237701416e+02 6.2239501953e+02 6.2247198486e+02 6.2278302002e+02 6.2295001221e+02 6.2273101807e+02 6.2226599121e+02 6.2183898926e+02 6.2139300537e+02 6.2102600098e+02 6.2072497559e+02 6.2022198486e+02 6.1955902100e+02 6.1880700684e+02
6.3060699463e+02 6.3047698975e+02 6.3032702637e+02 6.3016198730e+02 6.3000201416e+02 6.2983502197e+02 6.2965600586e+02 6.2946398926e+02 6.2927697754e+02 6.2909002686e+02 6.2889099121e+02 6.2866101074e+02 6.2831298828e+02 6.2785302734e+02 6.2739599609e+02 6.2706701660e+02 6.2672100830e+02 6.2636499023e+02 6.2606298828e+02 6.2577398682e+02 6.2532397461e+02 6.2485198975e+02 6.2442999268e+02 6.2401599121e+02 6.2381097412e+02 6.2373797607e+02 6.2364697266e+02 6.2352502441e+02 6.2319897461e+02 6.2278997803e+02 6.2249102783e+02 6.2237402344e+02 6.2234002686e+02 6.2233197021e+02 6.2234899902e+02 6.2257397461e+02 6.2278399658e+02 6.2271899414e+02 6.2237799072e+02 6.2200097656e+02 6.2159197998e+02 6.2124499512e+02 6.2098400879e+02 6.2064801025e+02 6.2015301514e+02 6.1947698975e+02
6.3046398926e+02 6.3038598633e+02 6.3028198242e+02 6.3010198975e+02 6.2994799805e+02 6.2979101563e+02 6.2960699463e+02 6.2941900635e+02 6.2925701904e+02 6.2908197021e+02 6.2886297607e+02 6.2864300537e+02 6.2832598877e+02 6.2789898682e+02 6.2745300293e+02 6.2710400391e+02 6.2682098389e+02 6.2653497314e+02 6.2625402832e+02 6.2594299316e+02 6.2555297852e+02 6.2510998535e+02 6.2464501953e+02 6.2421002197e+02 6.2393798828e+02 6.2377801514e+02 6.2361102295e+02 6.2357501221e+02 6.2337799072e+02 6.2300402832e+02 6.2256402588e+02 6.2239001465e+02 6.2232800293e+02 6.2229498291e+02 6.2230999756e+02 6.2243298340e+02 6.2258898926e+02 6.2259600830e+02 6.2235198975e+02 6.2214898682e+02 6.2185900879e+02 6.2153698730e+02 6.2120697021e+02 6.2093402100e+02 6.2057702637e+02 6.1996301270e+02
6.3029699707e+02 6.3028002930e+02 6.3019500732e+02 6.3004901123e+02 6.2993597412e+02 6.2979998779e+02 6.2961901855e+02 6.2942199707e+02 6.2922399902e+02 6.2902899170e+02 6.2882501221e+02 6.2865997314e+02 6.2838397217e+02 6.2798400879e+02 6.2753399658e+02 6.2718798828e+02 6.2690997314e+02 6.2664801025e+02 6.2636102295e+02 6.2606201172e+02 6.2570300293e+02 6.2531298828e+02 6.2492401123e+02 6.2451397705e+02 6.2420202637e+02 6.2398199463e+02 6.2377801514e+02 6.2364599609e+02 6.2349798584e+02 6.2319201660e+02 6.2274902344e+02 6.2246002197e+02 6.2233300781e+02 6.2227001953e+02 6.2223498535e+02 6.2230603027e+02 6.2246398926e+02 6.2255999756e+02 6.2246997070e+02 6.2231298828e+02 6.2205999756e+02 6.2173199463e+02 6.2138800049e+02 6.2114398193e+02 6.2083801270e+02 6.2023400879e+02
6.3001397705e+02 6.2996002197e+02 6.2991101074e+02 6.2987200928e+02 6.2983300781e+02 6.2974597168e+02 6.2959002686e+02 6.2938299561e+02 6.2916497803e+02 6.2897601318e+02 6.2880200195e+02 6.2865698242e+02 6.2839398193e+02 6.2801599121e+02 6.2758197021e+02 6.2723602295e+02 6.2697399902e+02 6.2672100830e+02 6.2642297363e+02 6.2608898926e+02 6.2572802734e+02 6.2538397217e+02 6.2508197021e+02 6.2476501465e+02 6.2450201416e+02 6.2426702881e+02 6.2397198486e+02 6.2370397949e+02 6.2353997803e+02 6.2329199219e+02 6.2291601563e+02 6.2256500244e+02 6.2236199951e+02 6.2225799561e+02 6.2220599365e+02 6.2221801758e+02 6.2234997559e+02 6.2251098633e+02 6.2253997803e+02 6.2245202637e+02 6.2225299072e+02 6.2195202637e+02 6.2162298584e+02 6.2135302734e+02 6.2103399658e+02 6.2050299072e+02
6.2974798584e+02 6.2960797119e+02 6.2953002930e+02 6.2956201172e+02 6.2958502197e+02 6.2956097412e+02 6.2945800781e+02 6.2925799561e+02 6.2906201172e+02 6.2891802979e+02 6.2877899170e+02 6.2858801270e+02 6.2830499268e+02 6.2795001221e+02 6.2758099365e+02 6.2726898193e+02 6.2702801514e+02 6.2678601074e+02 6.2648797607e+02 6.2609100342e+02 6.2569702148e+02 6.2536401367e+02 6.2511401367e+02 6.2497601318e+02 6.2476202393e+02 6.2440698242e+02 6.2394598389e+02 6.2365197754e+02 6.2351599121e+02 6.2332000732e+02 6.2302600098e+02 6.2269598389e+02 6.2244500732e+02 6.2227600098e+02 6.2219897461e+02 6.2215399170e+02 6.2221697998e+02 6.2238201904e+02 6.2251702881e+02 6.2253302002e+02 6.2242102051e+02 6.2218103027e+02 6.2188201904e+02 6.2153900146e+02 6.2116302490e+02 6.2071197510e+02
6.2963800049e+02 6.2943597412e+02 6.2924401855e+02 6.2920098877e+02 6.2921997070e+02 6.2924401855e+02 6.2920898438e+02 6.2903997803e+02 6.2891400146e+02 6.2883502197e+02 6.2873199463e+02 6.2844000244e+02 6.2811901855e+02 6.2781298828e+02 6.2760101318e+02 6.2734600830e+02 6.2709600830e+02 6.2685498047e+02 6.2662402344e+02 6.2617901611e+02 6.2572399902e+02 6.2535699463e+02 6.2524401855e+02 6.2525402832e+02 6.2491900635e+02 6.2431701660e+02 6.2372497559e+02 6.2354998779e+02 6.2346697998e+02 6.2333001709e+02 6.2310101318e+02 6.2284698486e+02 6.2258001709e+02 6.2233801270e+02 6.2220098877e+02 6.2212298584e+02 6.2210198975e+02 6.2219201660e+02 6.2237402344e+02 6.2253802490e+02 6.2253198242e+02 6.2236700439e+02 6.2210302734e+02 6.2169598389e+02 6.2124200439e+02 6.2081896973e+02
6.2951702881e+02 6.2933599854e+02 6.2915502930e+02 6.2902398682e+02 6.2895098877e+02 6.2892602539e+02 6.2890197754e+02 6.2879797363e+02 6.2871899414e+02 6.2864300537e+02 6.2853802490e+02 6.2829699707e+02 6.2807702637e+02 6.2788897705e+02 6.2769897461e+02 6.2746502686e+02 6.2720898438e+02 6.2693902588e+02 6.2670397949e+02 6.2636297607e+02 6.2593798828e+02 6.2556298828e+02 6.2540997314e+02 6.2524902344e+02 6.2478601074e+02 6.2416400146e+02 6.2361901855e+02 6.2347497559e+02 6.2341802979e+02 6.2334100342e+02 6.2317797852e+02 6.2296899414e+02 6.2271197510e+02 6.2243798828e+02 6.2222198486e+02 6.2211401367e+02 6.2205603027e+02 6.2206500244e+02 6.2219799805e+02 6.2242498779e+02 6.2254400635e+02 6.2248901367e+02 6.2228601074e+02 6.2190100098e+02 6.2141497803e+02 6.2102801514e+02
6.2942700195e+02 6.2927697754e+02 6.2914697266e+02 6.2901702881e+02 6.2890899658e+02 6.2884002686e+02 6.2878100586e+02 6.2869396973e+02 6.2861499023e+02 6.2852099609e+02 6.2839801025e+02 6.2822998047e+02 6.2809997559e+02 6.2797100830e+02 6.2778399658e+02 6.2758502197e+02 6.2739599609e+02 6.2714599609e+02 6.2684899902e+02 6.2656799316e+02 6.2618103027e+02 6.2578698730e+02 6.2550500488e+02 6.2520001221e+02 6.2471899414e+02 6.2415301514e+02 6.2370397949e+02 6.2354302979e+02 6.2345898438e+02 6.2337500000e+02 6.2322998047e+02 6.2305798340e+02 6.2284698486e+02 6.2256500244e+02 6.2225897217e+02 6.2210101318e+02 6.2203399658e+02 6.2200402832e+02 6.2204498291e+02 6.2223400879e+02 6.2240399170e+02 6.2246697998e+02 6.2237799072e+02 6.2207598877e+02 6.2162500000e+02 6.2126000977e+02
6.2933801270e+02 6.2923297119e+02 6.2912097168e+02 6.2902899170e+02 6.2894097900e+02 6.2887097168e+02 6.2880297852e+02 6.2869897461e+02 6.2859899902e+02 6.2848901367e+02 6.2836602783e+02 6.2824298096e+02 6.2814099121e+02 6.2801300049e+02 6.2782202148e+02 6.2766497803e+02 6.2756201172e+02 6.2738500977e+02 6.2707897949e+02 6.2681402588e+02 6.2645001221e+02 6.2602801514e+02 6.2563702393e+02 6.2527502441e+02 6.2484100342e+02 6.2437500000e+02 6.2400799561e+02 6.2376702881e+02 6.2358300781e+02 6.2342602539e+02 6.2326397705e+02 6.2311798096e+02 6.2297900391e+02 6.2275097656e+02 6.2239801025e+02 6.2212902832e+02 6.2201898193e+02 6.2196600342e+02 6.2194201660e+02 6.2203302002e+02 6.2218200684e+02 6.2233502197e+02 6.2240002441e+02 6.2224700928e+02 6.2188500977e+02 6.2150799561e+02
6.2913702393e+02 6.2907702637e+02 6.2896697998e+02 6.2893200684e+02 6.2889300537e+02 6.2886297607e+02 6.2882202148e+02 6.2871398926e+02 6.2860998535e+02 6.2851800537e+02 6.2845397949e+02 6.2835797119e+02 6.2822399902e+02 6.2805700684e+02 6.2788598633e+02 6.2769799805e+02 6.2762402344e+02 6.2755401611e+02 6.2739300537e+02 6.2709899902e+02 6.2675799561e+02 6.2636401367e+02 6.2594500732e+02 6.2563702393e+02 6.2525701904e+02 6.2481097412e+02 6.2440301514e+02 6.2406298828e+02 6.2374298096e+02 6.2348199463e+02 6.2329498291e+02 6.2315002441e+02 6.2305200195e+02 6.2290899658e+02 6.2261901855e+02 6.2224700928e+02 6.2203002930e+02 6.2194201660e+02 6.2189398193e+02 6.2188702393e+02 6.2197497559e+02 6.2215997314e+02 6.2236602783e+02 6.2240502930e+02 6.2214398193e+02 6.2171398926e+02
6.2890100098e+02 6.2882397461e+02 6.2876397705e+02 6.2874499512e+02 6.2871899414e+02 6.2871301270e+02 6.2872302246e+02 6.2870800781e+02 6.2865600586e+02 6.2858300781e+02 6.2852301025e+02 6.2845001221e+02 6.2827801514e+02 6.2807598877e+02 6.2792797852e+02 6.2774499512e+02 6.2765197754e+02 6.2761297607e+02 6.2747100830e+02 6.2721502686e+02 6.2696398926e+02 6.2665197754e+02 6.2622601318e+02 6.2604699707e+02 6.2563397217e+02 6.2511798096e+02 6.2465698242e+02 6.2424401855e+02 6.2381799316e+02 6.2348999023e+02 6.2332202148e+02 6.2321801758e+02 6.2309197998e+02 6.2296801758e+02 6.2277398682e+02 6.2244000244e+02 6.2211401367e+02 6.2191998291e+02 6.2184698486e+02 6.2181201172e+02 6.2184197998e+02 6.2196398926e+02 6.2219897461e+02 6.2239398193e+02 6.2226898193e+02 6.2188098145e+02
6.2871997070e+02 6.2863201904e+02 6.2858599854e+02 6.2855603027e+02 6.2852697754e+02 6.2853302002e+02 6.2857702637e+02 6.2863397217e+02 6.2862500000e+02 6.2856402588e+02 6.2850201416e+02 6.2847198486e+02 6.2834301758e+02 6.2815502930e+02 6.2799298096e+02 6.2784997559e+02 6.2774798584e+02 6.2765600586e+02 6.2749499512e+02 6.2732202148e+02 6.2714898682e+02 6.2688098145e+02 6.2649700928e+02 6.2628002930e+02 6.2582299805e+02 6.2528997803e+02 6.2484301758e+02 6.2437597656e+02 6.2387902832e+02 6.2350500488e+02 6.2334997559e+02 6.2327801514e+02 6.2314898682e+02 6.2304199219e+02 6.2290899658e+02 6.2263897705e+02 6.2227197266e+02 6.2196398926e+02 6.2180999756e+02 6.2175897217e+02 6.2175299072e+02 6.2182202148e+02 6.2200598145e+02 6.2225500488e+02 6.2228198242e+02 6.2203997803e+02
6.2854302979e+02 6.2845501709e+02 6.2840802002e+02 6.2836199951e+02 6.2832800293e+02 6.2833898926e+02 6.2840197754e+02 6.2847900391e+02 6.2848101807e+02 6.2842401123e+02 6.2837500000e+02 6.2839697266e+02 6.2834399414e+02 6.2820001221e+02 6.2802899170e+02 6.2795501709e+02 6.2787902832e+02 6.2772601318e+02 6.2751501465e+02 6.2741400146e+02 6.2730200195e+02 6.2709698486e+02 6.2676501465e+02 6.2646502686e+02 6.2599902344e+02 6.2548297119e+02 6.2504602051e+02 6.2453302002e+02 6.2398297119e+02 6.2356896973e+02 6.2340698242e+02 6.2332299805e+02 6.2319396973e+02 6.2309100342e+02 6.2296502686e+02 6.2276898193e+02 6.2245202637e+02 6.2208300781e+02 6.2180798340e+02 6.2172802734e+02 6.2169500732e+02 6.2172302246e+02 6.2185900879e+02 6.2212799072e+02 6.2225701904e+02 6.2216400146e+02
