TESTSERVER/7/7.asc
NCOLS 100
NROWS 100
XLLCORNER 7.8497500000e+03
YLLCORNER 2.8960025000e+05
CELLSIZE 5.0000000000e-01
NODATA_VALUE -9.9990000000e+03
[rows 40 to 59 of 100, columns 0 to 45 of 100]
6.2834899902e+02 6.2826599121e+02 6.2820300293e+02 6.2816101074e+02 6.2812402344e+02 6.2814599609e+02 6.2823199463e+02 6.2828399658e+02 6.2827398682e+02 6.2821899414e+02 6.2817901611e+02 6.2817700195e+02 6.2814501953e+02 6.2805603027e+02 6.2793499756e+02 6.2792498779e+02 6.2789398193e+02 6.2772100830e+02 6.2746099854e+02 6.2738299561e+02 6.2735400391e+02 6.2725299072e+02 6.2703002930e+02 6.2670599365e+02 6.2626898193e+02 6.2577600098e+02 6.2534100342e+02 6.2476800537e+02 6.2416497803e+02 6.2371398926e+02 6.2351202393e+02 6.2337500000e+02 6.2324499512e+02 6.2315197754e+02 6.2302502441e+02 6.2285699463e+02 6.2263598633e+02 6.2225799561e+02 6.2181500244e+02 6.2169598389e+02 6.2165399170e+02 6.2166198730e+02 6.2173498535e+02 6.2196997070e+02 6.2213397217e+02 6.2215301514e+02
6.2809100342e+02 6.2803900146e+02 6.2801202393e+02 6.2798498535e+02 6.2796197510e+02 6.2798498535e+02 6.2805297852e+02 6.2810601807e+02 6.2809197998e+02 6.2803002930e+02 6.2796398926e+02 6.2791998291e+02 6.2788897705e+02 6.2783502197e+02 6.2777398682e+02 6.2773498535e+02 6.2769799805e+02 6.2756701660e+02 6.2736499023e+02 6.2726000977e+02 6.2725000000e+02 6.2716699219e+02 6.2693798828e+02 6.2678302002e+02 6.2652600098e+02 6.2611901855e+02 6.2562701416e+02 6.2504498291e+02 6.2443298340e+02 6.2396899414e+02 6.2371502686e+02 6.2342901611e+02 6.2325097656e+02 6.2317602539e+02 6.2308599854e+02 6.2292199707e+02 6.2276397705e+02 6.2244500732e+02 6.2194799805e+02 6.2167999268e+02 6.2160998535e+02 6.2160400391e+02 6.2164099121e+02 6.2178302002e+02 6.2193597412e+02 6.2204199219e+02
6.2787902832e+02 6.2782598877e+02 6.2781701660e+02 6.2780297852e+02 6.2780700684e+02 6.2784100342e+02 6.2788000488e+02 6.2793200684e+02 6.2793402100e+02 6.2790002441e+02 6.2783898926e+02 6.2778399658e+02 6.2775897217e+02 6.2772100830e+02 6.2767901611e+02 6.2759100342e+02 6.2752697754e+02 6.2745800781e+02 6.2733001709e+02 6.2715399170e+02 6.2704699707e+02 6.2692102051e+02 6.2673602295e+02 6.2666198730e+02 6.2652099609e+02 6.2622698975e+02 6.2581896973e+02 6.2534497070e+02 6.2481701660e+02 6.2435797119e+02 6.2403802490e+02 6.2368402100e+02 6.2338000488e+02 6.2320599365e+02 6.2308801270e+02 6.2292602539e+02 6.2279302979e+02 6.2254400635e+02 6.2210998535e+02 6.2173101807e+02 6.2158898926e+02 6.2154400635e+02 6.2155603027e+02 6.2162597656e+02 6.2175897217e+02 6.2192797852e+02
6.2772998047e+02 6.2767401123e+02 6.2764398193e+02 6.2762200928e+02 6.2764398193e+02 6.2769396973e+02 6.2771600342e+02 6.2775097656e+02 6.2777801514e+02 6.2778802490e+02 6.2777398682e+02 6.2776000977e+02 6.2774597168e+02 6.2770098877e+02 6.2765197754e+02 6.2753802490e+02 6.2742199707e+02 6.2736199951e+02 6.2727899170e+02 6.2708599854e+02 6.2692102051e+02 6.2677197266e+02 6.2662799072e+02 6.2653698730e+02 6.2640997314e+02 6.2620001221e+02 6.2593499756e+02 6.2560498047e+02 6.2518103027e+02 6.2472998047e+02 6.2434497070e+02 6.2403497314e+02 6.2363201904e+02 6.2327099609e+02 6.2304498291e+02 6.2289898682e+02 6.2277697754e+02 6.2258801270e+02 6.2226300049e+02 6.2182598877e+02 6.2159600830e+02 6.2150000000e+02 6.2149102783e+02 6.2152099609e+02 6.2163702393e+02 6.2182397461e+02
6.2755999756e+02 6.2753399658e+02 6.2748297119e+02 6.2746301270e+02 6.2747399902e+02 6.2752301025e+02 6.2755603027e+02 6.2754901123e+02 6.2758197021e+02 6.2763000488e+02 6.2767498779e+02 6.2773797607e+02 6.2772698975e+02 6.2765301514e+02 6.2756097412e+02 6.2742498779e+02 6.2726800537e+02 6.2718701172e+02 6.2714202881e+02 6.2701000977e+02 6.2685601807e+02 6.2671398926e+02 6.2660699463e+02 6.2650299072e+02 6.2635998535e+02 6.2620599365e+02 6.2605401611e+02 6.2579699707e+02 6.2542999268e+02 6.2497698975e+02 6.2455297852e+02 6.2419598389e+02 6.2377502441e+02 6.2331402588e+02 6.2296002197e+02 6.2284600830e+02 6.2277301025e+02 6.2265399170e+02 6.2243402100e+02 6.2199401855e+02 6.2165197754e+02 6.2149102783e+02 6.2144897461e+02 6.2145202637e+02 6.2154797363e+02 6.2171398926e+02
6.2724401855e+02 6.2725500488e+02 6.2724102783e+02 6.2729302979e+02 6.2731201172e+02 6.2733197021e+02 6.2734399414e+02 6.2731896973e+02 6.2734197998e+02 6.2740698242e+02 6.2748602295e+02 6.2755999756e+02 6.2754797363e+02 6.2748199463e+02 6.2741101074e+02 6.2726599121e+02 6.2711297607e+02 6.2700701904e+02 6.2696398926e+02 6.2691802979e+02 6.2679302979e+02 6.2665502930e+02 6.2658300781e+02 6.2652099609e+02 6.2639099121e+02 6.2625000000e+02 6.2613500977e+02 6.2594097900e+02 6.2561499023e+02 6.2517498779e+02 6.2474499512e+02 6.2438500977e+02 6.2394500732e+02 6.2344299316e+02 6.2300201416e+02 6.2280902100e+02 6.2275897217e+02 6.2268103027e+02 6.2251599121e+02 6.2219598389e+02 6.2176098633e+02 6.2148199463e+02 6.2140997314e+02 6.2138702393e+02 6.2143902588e+02 6.2157098389e+02
6.2694000244e+02 6.2697100830e+02 6.2698101807e+02 6.2706896973e+02 6.2713397217e+02 6.2715197754e+02 6.2713800049e+02 6.2712799072e+02 6.2715899658e+02 6.2722900391e+02 6.2729998779e+02 6.2733898926e+02 6.2733502197e+02 6.2728900146e+02 6.2723498535e+02 6.2711199951e+02 6.2698699951e+02 6.2687701416e+02 6.2682397461e+02 6.2683300781e+02 6.2674798584e+02 6.2662097168e+02 6.2654199219e+02 6.2649200439e+02 6.2639501953e+02 6.2628100586e+02 6.2617602539e+02 6.2602697754e+02 6.2576000977e+02 6.2536199951e+02 6.2495501709e+02 6.2464801025e+02 6.2419598389e+02 6.2362298584e+02 6.2305902100e+02 6.2277600098e+02 6.2271899414e+02 6.2267498779e+02 6.2255401611e+02 6.2231896973e+02 6.2188201904e+02 6.2150897217e+02 6.2137902832e+02 6.2133099365e+02 6.2133599854e+02 6.2143597412e+02
6.2671002197e+02 6.2675201416e+02 6.2677899170e+02 6.2687200928e+02 6.2696502686e+02 6.2699499512e+02 6.2697900391e+02 6.2701800537e+02 6.2707299805e+02 6.2713800049e+02 6.2719097900e+02 6.2720300293e+02 6.2719097900e+02 6.2714099121e+02 6.2707702637e+02 6.2697998047e+02 6.2689501953e+02 6.2679602051e+02 6.2673999023e+02 6.2675897217e+02 6.2669396973e+02 6.2655999756e+02 6.2644097900e+02 6.2638397217e+02 6.2633599854e+02 6.2627301025e+02 6.2617999268e+02 6.2604797363e+02 6.2583398438e+02 6.2549798584e+02 6.2513500977e+02 6.2486901855e+02 6.2439801025e+02 6.2375402832e+02 6.2307501221e+02 6.2272802734e+02 6.2265802002e+02 6.2263201904e+02 6.2253900146e+02 6.2234600830e+02 6.2198297119e+02 6.2159197998e+02 6.2136798096e+02 6.2128100586e+02 6.2124401855e+02 6.2131402588e+02
6.2651202393e+02 6.2657501221e+02 6.2663000488e+02 6.2671002197e+02 6.2679901123e+02 6.2684899902e+02 6.2687701416e+02 6.2697302246e+02 6.2705798340e+02 6.2710797119e+02 6.2712902832e+02 6.2711798096e+02 6.2708398438e+02 6.2702801514e+02 6.2697698975e+02 6.2690600586e+02 6.2682098389e+02 6.2672698975e+02 6.2668798828e+02 6.2670898438e+02 6.2664599609e+02 6.2649401855e+02 6.2633197021e+02 6.2625000000e+02 6.2623400879e+02 6.2623101807e+02 6.2619000244e+02 6.2602697754e+02 6.2583099365e+02 6.2555603027e+02 6.2528198242e+02 6.2497998047e+02 6.2445202637e+02 6.2373699951e+02 6.2299902344e+02 6.2266497803e+02 6.2258099365e+02 6.2256298828e+02 6.2249200439e+02 6.2230499268e+02 6.2205603027e+02 6.2172100830e+02 6.2139001465e+02 6.2124200439e+02 6.2117199707e+02 6.2119799805e+02
6.2634002686e+02 6.2640698242e+02 6.2646002197e+02 6.2654498291e+02 6.2664398193e+02 6.2671899414e+02 6.2678198242e+02 6.2692102051e+02 6.2703100586e+02 6.2707397461e+02 6.2704901123e+02 6.2701000977e+02 6.2698498535e+02 6.2695501709e+02 6.2691400146e+02 6.2684600830e+02 6.2672399902e+02 6.2664099121e+02 6.2664398193e+02 6.2666900635e+02 6.2661700439e+02 6.2646002197e+02 6.2627502441e+02 6.2618902588e+02 6.2617700195e+02 6.2618902588e+02 6.2615002441e+02 6.2600000000e+02 6.2580902100e+02 6.2556402588e+02 6.2530499268e+02 6.2498999023e+02 6.2441101074e+02 6.2365600586e+02 6.2297601318e+02 6.2262500000e+02 6.2251098633e+02 6.2249200439e+02 6.2243902588e+02 6.2232098389e+02 6.2214898682e+02 6.2185198975e+02 6.2145397949e+02 6.2121899414e+02 6.2113098145e+02 6.2113201904e+02
6.2621801758e+02 6.2623999023e+02 6.2626702881e+02 6.2635900879e+02 6.2646600342e+02 6.2656097412e+02 6.2664599609e+02 6.2677502441e+02 6.2689398193e+02 6.2695397949e+02 6.2693200684e+02 6.2688897705e+02 6.2687097168e+02 6.2685101318e+02 6.2681799316e+02 6.2678900146e+02 6.2666101074e+02 6.2657098389e+02 6.2655200195e+02 6.2654400635e+02 6.2650299072e+02 6.2640197754e+02 6.2627600098e+02 6.2619500732e+02 6.2615802002e+02 6.2613299561e+02 6.2605999756e+02 6.2592102051e+02 6.2576000977e+02 6.2556500244e+02 6.2533300781e+02 6.2502001953e+02 6.2444396973e+02 6.2368402100e+02 6.2302899170e+02 6.2268200684e+02 6.2250000000e+02 6.2242498779e+02 6.2237500000e+02 6.2232000732e+02 6.2218798828e+02 6.2189898682e+02 6.2148797607e+02 6.2120202637e+02 6.2109399414e+02 6.2108001709e+02
6.2610198975e+02 6.2608099365e+02 6.2607598877e+02 6.2615502930e+02 6.2625598145e+02 6.2635797119e+02 6.2646301270e+02 6.2656701660e+02 6.2667401123e+02 6.2674499512e+02 6.2674700928e+02 6.2673101807e+02 6.2672100830e+02 6.2668902588e+02 6.2663800049e+02 6.2662097168e+02 6.2651898193e+02 6.2642797852e+02 6.2637500000e+02 6.2632897949e+02 6.2631701660e+02 6.2632098389e+02 6.2629602051e+02 6.2621197510e+02 6.2613702393e+02 6.2605297852e+02 6.2592797852e+02 6.2580102539e+02 6.2567797852e+02 6.2553997803e+02 6.2537097168e+02 6.2511199951e+02 6.2456799316e+02 6.2380102539e+02 6.2311798096e+02 6.2276202393e+02 6.2249700928e+02 6.2235101318e+02 6.2228198242e+02 6.2222900391e+02 6.2212200928e+02 6.2188800049e+02 6.2153497314e+02 6.2120898438e+02 6.2105902100e+02 6.2102899170e+02
6.2595098877e+02 6.2593499756e+02 6.2592797852e+02 6.2594897461e+02 6.2603100586e+02 6.2612799072e+02 6.2623699951e+02 6.2635797119e+02 6.2645098877e+02 6.2650598145e+02 6.2651702881e+02 6.2654498291e+02 6.2655798340e+02 6.2652197266e+02 6.2647802734e+02 6.2645501709e+02 6.2637298584e+02 6.2627697754e+02 6.2619702148e+02 6.2612799072e+02 6.2613000488e+02 6.2619299316e+02 6.2622698975e+02 6.2615100098e+02 6.2605297852e+02 6.2593103027e+02 6.2579302979e+02 6.2567199707e+02 6.2558197021e+02 6.2548699951e+02 6.2538098145e+02 6.2519702148e+02 6.2470599365e+02 6.2393103027e+02 6.2318103027e+02 6.2277801514e+02 6.2242498779e+02 6.2223602295e+02 6.2217102051e+02 6.2206701660e+02 6.2201300049e+02 6.2190100098e+02 6.2164801025e+02 6.2128198242e+02 6.2103698730e+02 6.2097698975e+02
6.2575000000e+02 6.2572900391e+02 6.2571997070e+02 6.2575097656e+02 6.2584100342e+02 6.2594097900e+02 6.2603802490e+02 6.2615100098e+02 6.2623999023e+02 6.2629699707e+02 6.2632299805e+02 6.2634997559e+02 6.2638098145e+02 6.2634497070e+02 6.2626098633e+02 6.2622601318e+02 6.2615997314e+02 6.2611297607e+02 6.2608001709e+02 6.2602001953e+02 6.2599499512e+02 6.2600500488e+02 6.2601501465e+02 6.2597802734e+02 6.2590301514e+02 6.2579101563e+02 6.2565197754e+02 6.2553997803e+02 6.2544097900e+02 6.2532299805e+02 6.2517102051e+02 6.2501898193e+02 6.2466998291e+02 6.2402801514e+02 6.2335601807e+02 6.2286102295e+02 6.2238897705e+02 6.2215100098e+02 6.2211199951e+02 6.2197802734e+02 6.2194702148e+02 6.2189599609e+02 6.2168200684e+02 6.2135797119e+02 6.2101800537e+02 6.2090197754e+02
6.2555102539e+02 6.2553900146e+02 6.2553302002e+02 6.2558099365e+02 6.2568597412e+02 6.2579400635e+02 6.2586999512e+02 6.2595599365e+02 6.2603900146e+02 6.2610900879e+02 6.2615698242e+02 6.2619097900e+02 6.2623602295e+02 6.2619201660e+02 6.2604199219e+02 6.2593597412e+02 6.2587402344e+02 6.2587701416e+02 6.2590100098e+02 6.2586102295e+02 6.2583502197e+02 6.2583599854e+02 6.2584002686e+02 6.2581701660e+02 6.2574902344e+02 6.2564099121e+02 6.2550598145e+02 6.2537597656e+02 6.2523699951e+02 6.2508197021e+02 6.2490899658e+02 6.2476000977e+02 6.2448101807e+02 6.2399597168e+02 6.2348101807e+02 6.2297198486e+02 6.2242999268e+02 6.2210900879e+02 6.2203601074e+02 6.2190997314e+02 6.2186798096e+02 6.2183001709e+02 6.2167297363e+02 6.2140600586e+02 6.2104101563e+02 6.2085302734e+02
6.2534802246e+02 6.2536401367e+02 6.2537200928e+02 6.2542901611e+02 6.2553399658e+02 6.2564099121e+02 6.2570599365e+02 6.2577600098e+02 6.2585900879e+02 6.2594000244e+02 6.2601202393e+02 6.2604998779e+02 6.2609698486e+02 6.2605401611e+02 6.2588897705e+02 6.2576800537e+02 6.2569299316e+02 6.2569500732e+02 6.2572302246e+02 6.2568200684e+02 6.2565997314e+02 6.2566998291e+02 6.2567901611e+02 6.2565301514e+02 6.2558599854e+02 6.2547998047e+02 6.2536199951e+02 6.2523101807e+02 6.2506799316e+02 6.2489599609e+02 6.2474298096e+02 6.2460998535e+02 6.2434002686e+02 6.2394000244e+02 6.2355401611e+02 6.2306799316e+02 6.2246697998e+02 6.2205200195e+02 6.2195098877e+02 6.2187298584e+02 6.2182501221e+02 6.2178302002e+02 6.2165802002e+02 6.2142999268e+02 6.2108001709e+02 6.2082598877e+02
6.2513000488e+02 6.2516998291e+02 6.2519799805e+02 6.2525201416e+02 6.2534002686e+02 6.2544000244e+02 6.2553497314e+02 6.2560601807e+02 6.2569598389e+02 6.2578497314e+02 6.2584497070e+02 6.2586401367e+02 6.2587597656e+02 6.2583398438e+02 6.2574102783e+02 6.2565997314e+02 6.2560302734e+02 6.2559802246e+02 6.2559301758e+02 6.2552697754e+02 6.2548797607e+02 6.2547998047e+02 6.2548699951e+02 6.2546002197e+02 6.2540399170e+02 6.2531500244e+02 6.2520202637e+02 6.2510302734e+02 6.2496197510e+02 6.2481597900e+02 6.2469500732e+02 6.2456701660e+02 6.2432000732e+02 6.2398199463e+02 6.2361199951e+02 6.2306097412e+02 6.2239801025e+02 6.2192999268e+02 6.2182098389e+02 6.2182299805e+02 6.2178497314e+02 6.2174499512e+02 6.2163397217e+02 6.2142797852e+02 6.2112500000e+02 6.2082397461e+02
6.2489099121e+02 6.2495098877e+02 6.2502697754e+02 6.2510400391e+02 6.2516802979e+02 6.2523498535e+02 6.2531298828e+02 6.2541900635e+02 6.2553302002e+02 6.2561999512e+02 6.2565399170e+02 6.2565698242e+02 6.2564398193e+02 6.2560998535e+02 6.2558197021e+02 6.2555603027e+02 6.2551800537e+02 6.2547698975e+02 6.2542901611e+02 6.2536401367e+02 6.2531298828e+02 6.2527801514e+02 6.2526000977e+02 6.2524200439e+02 6.2521197510e+02 6.2515600586e+02 6.2505999756e+02 6.2495599365e+02 6.2485101318e+02 6.2474200439e+02 6.2462200928e+02 6.2448999023e+02 6.2430798340e+02 6.2404998779e+02 6.2365802002e+02 6.2305798340e+02 6.2239300537e+02 6.2191198730e+02 6.2175598145e+02 6.2172399902e+02 6.2171197510e+02 6.2170898438e+02 6.2162701416e+02 6.2145501709e+02 6.2116802979e+02 6.2082897949e+02
6.2468499756e+02 6.2476501465e+02 6.2486700439e+02 6.2495098877e+02 6.2496197510e+02 6.2496099854e+02 6.2502197266e+02 6.2517297363e+02 6.2530499268e+02 6.2538598633e+02 6.2540197754e+02 6.2539801025e+02 6.2540698242e+02 6.2541497803e+02 6.2542999268e+02 6.2543597412e+02 6.2541198730e+02 6.2534497070e+02 6.2527502441e+02 6.2522900391e+02 6.2517498779e+02 6.2511999512e+02 6.2507501221e+02 6.2505999756e+02 6.2503802490e+02 6.2499200439e+02 6.2490502930e+02 6.2479699707e+02 6.2470397949e+02 6.2461798096e+02 6.2451599121e+02 6.2437701416e+02 6.2424798584e+02 6.2407598877e+02 6.2376098633e+02 6.2328601074e+02 6.2270300293e+02 6.2219000244e+02 6.2185302734e+02 6.2172399902e+02 6.2164300537e+02 6.2160900879e+02 6.2157598877e+02 6.2145202637e+02 6.2121801758e+02 6.2088000488e+02
6.2448699951e+02 6.2456896973e+02 6.2466699219e+02 6.2475500488e+02 6.2473901367e+02 6.2469201660e+02 6.2472497559e+02 6.2488098145e+02 6.2500598145e+02 6.2507800293e+02 6.2509197998e+02 6.2510699463e+02 6.2515301514e+02 6.2520300293e+02 6.2525201416e+02 6.2530200195e+02 6.2528802490e+02 6.2520599365e+02 6.2512200928e+02 6.2508801270e+02 6.2504699707e+02 6.2499200439e+02 6.2493298340e+02 6.2490899658e+02 6.2487701416e+02 6.2482000732e+02 6.2472900391e+02 6.2461102295e+02 6.2451800537e+02 6.2444799805e+02 6.2438000488e+02 6.2424499512e+02 6.2414501953e+02 6.2404998779e+02 6.2385998535e+02 6.2356701660e+02 6.2310601807e+02 6.2254699707e+02 6.2199798584e+02 6.2176098633e+02 6.2158599854e+02 6.2150201416e+02 6.2150000000e+02 6.2142401123e+02 6.2124798584e+02 6.2094500732e+02
