TESTSERVER/7/8.asc
NCOLS 100
NROWS 100
XLLCORNER 7.8497500000e+03
YLLCORNER 2.8955025000e+05
CELLSIZE 5.0000000000e-01
NODATA_VALUE -9.9990000000e+03
[rows 60 to 79 of 100, columns 0 to 45 of 100]
6.0618200684e+02 6.0619702148e+02 6.0623797607e+02 6.0625201416e+02 6.0627502441e+02 6.0629998779e+02 6.0634600830e+02 6.0635900879e+02 6.0635699463e+02 6.0634698486e+02 6.0634899902e+02 6.0637597656e+02 6.0639202881e+02 6.0640399170e+02 6.0641601563e+02 6.0643499756e+02 6.0645300293e+02 6.0646099854e+02 6.0645300293e+02 6.0646398926e+02 6.0647802734e+02 6.0649200439e+02 6.0650701904e+02 6.0650701904e+02 6.0651501465e+02 6.0652600098e+02 6.0653497314e+02 6.0653100586e+02 6.0653399658e+02 6.0654498291e+02 6.0655798340e+02 6.0654998779e+02 6.0655603027e+02 6.0657000732e+02 6.0658099365e+02 6.0659100342e+02 6.0660101318e+02 6.0661700439e+02 6.0664300537e+02 6.0667999268e+02 6.0669897461e+02 6.0671697998e+02 6.0672601318e+02 6.0672198486e+02 6.0671398926e+02 6.0669897461e+02
6.0616802979e+02 6.0618499756e+02 6.0621002197e+02 6.0623602295e+02 6.0625799561e+02 6.0628399658e+02 6.0632501221e+02 6.0634497070e+02 6.0634100342e+02 6.0633898926e+02 6.0635101318e+02 6.0637097168e+02 6.0638598633e+02 6.0640100098e+02 6.0642602539e+02 6.0644097900e+02 6.0645397949e+02 6.0646502686e+02 6.0646600342e+02 6.0647802734e+02 6.0648901367e+02 6.0650097656e+02 6.0651397705e+02 6.0651501465e+02 6.0652301025e+02 6.0653302002e+02 6.0654302979e+02 6.0654101563e+02 6.0654602051e+02 6.0655401611e+02 6.0655700684e+02 6.0654998779e+02 6.0655798340e+02 6.0656597900e+02 6.0658599854e+02 6.0660302734e+02 6.0661102295e+02 6.0661700439e+02 6.0663598633e+02 6.0666400146e+02 6.0667498779e+02 6.0668499756e+02 6.0669097900e+02 6.0668902588e+02 6.0668499756e+02 6.0667901611e+02
6.0615698242e+02 6.0617602539e+02 6.0620202637e+02 6.0622399902e+02 6.0624798584e+02 6.0628002930e+02 6.0631298828e+02 6.0632501221e+02 6.0632800293e+02 6.0633697510e+02 6.0635797119e+02 6.0637402344e+02 6.0638800049e+02 6.0640399170e+02 6.0642999268e+02 6.0644598389e+02 6.0645898438e+02 6.0647198486e+02 6.0647998047e+02 6.0648901367e+02 6.0649700928e+02 6.0650500488e+02 6.0651300049e+02 6.0652398682e+02 6.0653497314e+02 6.0654101563e+02 6.0655401611e+02 6.0655700684e+02 6.0656500244e+02 6.0657000732e+02 6.0657299805e+02 6.0659301758e+02 6.0661297607e+02 6.0661199951e+02 6.0661102295e+02 6.0662200928e+02 6.0662500000e+02 6.0662701416e+02 6.0663500977e+02 6.0664898682e+02 6.0665502930e+02 6.0665899658e+02 6.0666198730e+02 6.0666101074e+02 6.0665802002e+02 6.0665399170e+02
6.0615600586e+02 6.0617999268e+02 6.0620599365e+02 6.0622302246e+02 6.0624798584e+02 6.0628002930e+02 6.0630297852e+02 6.0631298828e+02 6.0632598877e+02 6.0634399414e+02 6.0636700439e+02 6.0638098145e+02 6.0639202881e+02 6.0640399170e+02 6.0642602539e+02 6.0644396973e+02 6.0646002197e+02 6.0647601318e+02 6.0648699951e+02 6.0649597168e+02 6.0650201416e+02 6.0650897217e+02 6.0651702881e+02 6.0653900146e+02 6.0655102539e+02 6.0655401611e+02 6.0656799316e+02 6.0658300781e+02 6.0659497070e+02 6.0659802246e+02 6.0661102295e+02 6.0667797852e+02 6.0671398926e+02 6.0669897461e+02 6.0665100098e+02 6.0664501953e+02 6.0664398193e+02 6.0664202881e+02 6.0663897705e+02 6.0664202881e+02 6.0664099121e+02 6.0664001465e+02 6.0664001465e+02 6.0664099121e+02 6.0663897705e+02 6.0663598633e+02
6.0615997314e+02 6.0618701172e+02 6.0620501709e+02 6.0622198486e+02 6.0624401855e+02 6.0627001953e+02 6.0628900146e+02 6.0631500244e+02 6.0634197998e+02 6.0636499023e+02 6.0637200928e+02 6.0638800049e+02 6.0639898682e+02 6.0640698242e+02 6.0642199707e+02 6.0644000244e+02 6.0645800781e+02 6.0647698975e+02 6.0649499512e+02 6.0650097656e+02 6.0651202393e+02 6.0652301025e+02 6.0654602051e+02 6.0655999756e+02 6.0657000732e+02 6.0657397461e+02 6.0658599854e+02 6.0660498047e+02 6.0661999512e+02 6.0663299561e+02 6.0668597412e+02 6.0675799561e+02 6.0679101563e+02 6.0677502441e+02 6.0672998047e+02 6.0668298340e+02 6.0667102051e+02 6.0665802002e+02 6.0664202881e+02 6.0664099121e+02 6.0663397217e+02 6.0662701416e+02 6.0662200928e+02 6.0662402344e+02 6.0662097168e+02 6.0661901855e+02
6.0614398193e+02 6.0616601563e+02 6.0619097900e+02 6.0621899414e+02 6.0624102783e+02 6.0626397705e+02 6.0629101563e+02 6.0632098389e+02 6.0635101318e+02 6.0637402344e+02 6.0638598633e+02 6.0640100098e+02 6.0641302490e+02 6.0642297363e+02 6.0643499756e+02 6.0645397949e+02 6.0647198486e+02 6.0648797607e+02 6.0650402832e+02 6.0651202393e+02 6.0652600098e+02 6.0654498291e+02 6.0656896973e+02 6.0659301758e+02 6.0660302734e+02 6.0660400391e+02 6.0660699463e+02 6.0662097168e+02 6.0664300537e+02 6.0667401123e+02 6.0672601318e+02 6.0678497314e+02 6.0680798340e+02 6.0680401611e+02 6.0675799561e+02 6.0672601318e+02 6.0670599365e+02 6.0668402100e+02 6.0666198730e+02 6.0665301514e+02 6.0664398193e+02 6.0663598633e+02 6.0662902832e+02 6.0662402344e+02 6.0661999512e+02 6.0661901855e+02
6.0612799072e+02 6.0614801025e+02 6.0617901611e+02 6.0621197510e+02 6.0623297119e+02 6.0625701904e+02 6.0628900146e+02 6.0632202148e+02 6.0635498047e+02 6.0638098145e+02 6.0639599609e+02 6.0641198730e+02 6.0642602539e+02 6.0643597412e+02 6.0644598389e+02 6.0646301270e+02 6.0647698975e+02 6.0649102783e+02 6.0650402832e+02 6.0651599121e+02 6.0653302002e+02 6.0655700684e+02 6.0658697510e+02 6.0661700439e+02 6.0663201904e+02 6.0663299561e+02 6.0662597656e+02 6.0663897705e+02 6.0666400146e+02 6.0669799805e+02 6.0674700928e+02 6.0679797363e+02 6.0681799316e+02 6.0681298828e+02 6.0677197266e+02 6.0674200439e+02 6.0672399902e+02 6.0670397949e+02 6.0667700195e+02 6.0666101074e+02 6.0665197754e+02 6.0664300537e+02 6.0663500977e+02 6.0662902832e+02 6.0662597656e+02 6.0662402344e+02
6.0611798096e+02 6.0613800049e+02 6.0617199707e+02 6.0620300293e+02 6.0622100830e+02 6.0624798584e+02 6.0628399658e+02 6.0631701660e+02 6.0635400391e+02 6.0638397217e+02 6.0640100098e+02 6.0641699219e+02 6.0643200684e+02 6.0644598389e+02 6.0645501709e+02 6.0646997070e+02 6.0648101807e+02 6.0648999023e+02 6.0649902344e+02 6.0651202393e+02 6.0653002930e+02 6.0655499268e+02 6.0658801270e+02 6.0662902832e+02 6.0665002441e+02 6.0665301514e+02 6.0664099121e+02 6.0664898682e+02 6.0667297363e+02 6.0670397949e+02 6.0674798584e+02 6.0678997803e+02 6.0680499268e+02 6.0680102539e+02 6.0676800537e+02 6.0674597168e+02 6.0672998047e+02 6.0671197510e+02 6.0668402100e+02 6.0666699219e+02 6.0665698242e+02 6.0664898682e+02 6.0663897705e+02 6.0663299561e+02 6.0663000488e+02 6.0662902832e+02
6.0611199951e+02 6.0613397217e+02 6.0615997314e+02 6.0618902588e+02 6.0620697021e+02 6.0623400879e+02 6.0627398682e+02 6.0630798340e+02 6.0634600830e+02 6.0637799072e+02 6.0640100098e+02 6.0641302490e+02 6.0643200684e+02 6.0645001221e+02 6.0646099854e+02 6.0647601318e+02 6.0648999023e+02 6.0649597168e+02 6.0649298096e+02 6.0650500488e+02 6.0652001953e+02 6.0654199219e+02 6.0657800293e+02 6.0661700439e+02 6.0664202881e+02 6.0665301514e+02 6.0663702393e+02 6.0664300537e+02 6.0666198730e+02 6.0668499756e+02 6.0670501709e+02 6.0674499512e+02 6.0675500488e+02 6.0675701904e+02 6.0672497559e+02 6.0672100830e+02 6.0671197510e+02 6.0670202637e+02 6.0668298340e+02 6.0666998291e+02 6.0665997314e+02 6.0665002441e+02 6.0664300537e+02 6.0664099121e+02 6.0663897705e+02 6.0663800049e+02
6.0610302734e+02 6.0612298584e+02 6.0614501953e+02 6.0617297363e+02 6.0619396973e+02 6.0621997070e+02 6.0625897217e+02 6.0629797363e+02 6.0633398438e+02 6.0636700439e+02 6.0639599609e+02 6.0640899658e+02 6.0642602539e+02 6.0644201660e+02 6.0645397949e+02 6.0646997070e+02 6.0649102783e+02 6.0650402832e+02 6.0650500488e+02 6.0651397705e+02 6.0652398682e+02 6.0653997803e+02 6.0656896973e+02 6.0659997559e+02 6.0662200928e+02 6.0663800049e+02 6.0663098145e+02 6.0663299561e+02 6.0665002441e+02 6.0666802979e+02 6.0668701172e+02 6.0670001221e+02 6.0670800781e+02 6.0671301270e+02 6.0670898438e+02 6.0670001221e+02 6.0669500732e+02 6.0668902588e+02 6.0667901611e+02 6.0666699219e+02 6.0665802002e+02 6.0665002441e+02 6.0664398193e+02 6.0664300537e+02 6.0664202881e+02 6.0664099121e+02
6.0607897949e+02 6.0610101318e+02 6.0612200928e+02 6.0614898682e+02 6.0617297363e+02 6.0620599365e+02 6.0625000000e+02 6.0628900146e+02 6.0632501221e+02 6.0635900879e+02 6.0639300537e+02 6.0641198730e+02 6.0642999268e+02 6.0644396973e+02 6.0645397949e+02 6.0646600342e+02 6.0648498535e+02 6.0650299072e+02 6.0650799561e+02 6.0651501465e+02 6.0652502441e+02 6.0653802490e+02 6.0655798340e+02 6.0658801270e+02 6.0660900879e+02 6.0662402344e+02 6.0662298584e+02 6.0662799072e+02 6.0664202881e+02 6.0665698242e+02 6.0666998291e+02 6.0667901611e+02 6.0668597412e+02 6.0669097900e+02 6.0669299316e+02 6.0669201660e+02 6.0668798828e+02 6.0668298340e+02 6.0667199707e+02 6.0666198730e+02 6.0665600586e+02 6.0665002441e+02 6.0664501953e+02 6.0664202881e+02 6.0664099121e+02 6.0664001465e+02
6.0602301025e+02 6.0605102539e+02 6.0607299805e+02 6.0609802246e+02 6.0612701416e+02 6.0617401123e+02 6.0623101807e+02 6.0627899170e+02 6.0632202148e+02 6.0635797119e+02 6.0639202881e+02 6.0641601563e+02 6.0643499756e+02 6.0645001221e+02 6.0645800781e+02 6.0646600342e+02 6.0648199463e+02 6.0649902344e+02 6.0650598145e+02 6.0651599121e+02 6.0652697754e+02 6.0653698730e+02 6.0654901123e+02 6.0657501221e+02 6.0659497070e+02 6.0660998535e+02 6.0661401367e+02 6.0662097168e+02 6.0663299561e+02 6.0664501953e+02 6.0665399170e+02 6.0666101074e+02 6.0666802979e+02 6.0667199707e+02 6.0667797852e+02 6.0668103027e+02 6.0667797852e+02 6.0667297363e+02 6.0666400146e+02 6.0665600586e+02 6.0665197754e+02 6.0664898682e+02 6.0664398193e+02 6.0664202881e+02 6.0664001465e+02 6.0663897705e+02
6.0593499756e+02 6.0596801758e+02 6.0599401855e+02 6.0601397705e+02 6.0604797363e+02 6.0610699463e+02 6.0620898438e+02 6.0627099609e+02 6.0632397461e+02 6.0635797119e+02 6.0638598633e+02 6.0640997314e+02 6.0643298340e+02 6.0645300293e+02 6.0646600342e+02 6.0647198486e+02 6.0648602295e+02 6.0649902344e+02 6.0651098633e+02 6.0651800537e+02 6.0653100586e+02 6.0654199219e+02 6.0654498291e+02 6.0656402588e+02 6.0658099365e+02 6.0659497070e+02 6.0660302734e+02 6.0661102295e+02 6.0661999512e+02 6.0663000488e+02 6.0663800049e+02 6.0664599609e+02 6.0665301514e+02 6.0665802002e+02 6.0665802002e+02 6.0666101074e+02 6.0665997314e+02 6.0665802002e+02 6.0665100098e+02 6.0664898682e+02 6.0664801025e+02 6.0664599609e+02 6.0664398193e+02 6.0664099121e+02 6.0664099121e+02 6.0664001465e+02
6.0579302979e+02 6.0582098389e+02 6.0584600830e+02 6.0587597656e+02 6.0590197754e+02 6.0596197510e+02 6.0608300781e+02 6.0623199463e+02 6.0633898926e+02 6.0638897705e+02 6.0639898682e+02 6.0641198730e+02 6.0643103027e+02 6.0644897461e+02 6.0646099854e+02 6.0647497559e+02 6.0649200439e+02 6.0649902344e+02 6.0650598145e+02 6.0651898193e+02 6.0653100586e+02 6.0653601074e+02 6.0653900146e+02 6.0655700684e+02 6.0657202148e+02 6.0658398438e+02 6.0659197998e+02 6.0659899902e+02 6.0660797119e+02 6.0661700439e+02 6.0662701416e+02 6.0663598633e+02 6.0664202881e+02 6.0664801025e+02 6.0664898682e+02 6.0664599609e+02 6.0664599609e+02 6.0664599609e+02 6.0664398193e+02 6.0664202881e+02 6.0664099121e+02 6.0664099121e+02 6.0663897705e+02 6.0663702393e+02 6.0663702393e+02 6.0663800049e+02
6.0557397461e+02 6.0560797119e+02 6.0564697266e+02 6.0566802979e+02 6.0568298340e+02 6.0573999023e+02 6.0589599609e+02 6.0612500000e+02 6.0631201172e+02 6.0640997314e+02 6.0641699219e+02 6.0641900635e+02 6.0643200684e+02 6.0644702148e+02 6.0645800781e+02 6.0647302246e+02 6.0648999023e+02 6.0649401855e+02 6.0649902344e+02 6.0652001953e+02 6.0653100586e+02 6.0653399658e+02 6.0654101563e+02 6.0655603027e+02 6.0656799316e+02 6.0657702637e+02 6.0658398438e+02 6.0659100342e+02 6.0659899902e+02 6.0660797119e+02 6.0661798096e+02 6.0662701416e+02 6.0663299561e+02 6.0663702393e+02 6.0664001465e+02 6.0663897705e+02 6.0663897705e+02 6.0663897705e+02 6.0663800049e+02 6.0663500977e+02 6.0663500977e+02 6.0663500977e+02 6.0663299561e+02 6.0663201904e+02 6.0663299561e+02 6.0663299561e+02
6.0532098389e+02 6.0537200928e+02 6.0543798828e+02 6.0546600342e+02 6.0548101807e+02 6.0553900146e+02 6.0570800781e+02 6.0598699951e+02 6.0624700928e+02 6.0640399170e+02 6.0642797852e+02 6.0642297363e+02 6.0643200684e+02 6.0644396973e+02 6.0645898438e+02 6.0647198486e+02 6.0648602295e+02 6.0649200439e+02 6.0649700928e+02 6.0652001953e+02 6.0653399658e+02 6.0654302979e+02 6.0654901123e+02 6.0655700684e+02 6.0656597900e+02 6.0657299805e+02 6.0657800293e+02 6.0658599854e+02 6.0659301758e+02 6.0659997559e+02 6.0660998535e+02 6.0661901855e+02 6.0662500000e+02 6.0662902832e+02 6.0663201904e+02 6.0663201904e+02 6.0663201904e+02 6.0663201904e+02 6.0663098145e+02 6.0663000488e+02 6.0662902832e+02 6.0662902832e+02 6.0662701416e+02 6.0662701416e+02 6.0662799072e+02 6.0662902832e+02
6.0508801270e+02 6.0515502930e+02 6.0525000000e+02 6.0531896973e+02 6.0535900879e+02 6.0542700195e+02 6.0557397461e+02 6.0585601807e+02 6.0616302490e+02 6.0637902832e+02 6.0642700195e+02 6.0641998291e+02 6.0642901611e+02 6.0643902588e+02 6.0646197510e+02 6.0646502686e+02 6.0647698975e+02 6.0649102783e+02 6.0650598145e+02 6.0651501465e+02 6.0653100586e+02 6.0654699707e+02 6.0656097412e+02 6.0656097412e+02 6.0656597900e+02 6.0657000732e+02 6.0657397461e+02 6.0658197021e+02 6.0658898926e+02 6.0659698486e+02 6.0660797119e+02 6.0661199951e+02 6.0661602783e+02 6.0661999512e+02 6.0662097168e+02 6.0662298584e+02 6.0662298584e+02 6.0662402344e+02 6.0662200928e+02 6.0662200928e+02 6.0662200928e+02 6.0662200928e+02 6.0662200928e+02 6.0662200928e+02 6.0662298584e+02 6.0662402344e+02
6.0487097168e+02 6.0495898438e+02 6.0509197998e+02 6.0520501709e+02 6.0529302979e+02 6.0538800049e+02 6.0552801514e+02 6.0577197266e+02 6.0608898926e+02 6.0634600830e+02 6.0642999268e+02 6.0643499756e+02 6.0644000244e+02 6.0644201660e+02 6.0645001221e+02 6.0645697021e+02 6.0647601318e+02 6.0648101807e+02 6.0649499512e+02 6.0650500488e+02 6.0652001953e+02 6.0653802490e+02 6.0655401611e+02 6.0655999756e+02 6.0656597900e+02 6.0657202148e+02 6.0657702637e+02 6.0658398438e+02 6.0658898926e+02 6.0659600830e+02 6.0660400391e+02 6.0660699463e+02 6.0661102295e+02 6.0661401367e+02 6.0661700439e+02 6.0661700439e+02 6.0661798096e+02 6.0661798096e+02 6.0661798096e+02 6.0661700439e+02 6.0661700439e+02 6.0661700439e+02 6.0661798096e+02 6.0661999512e+02 6.0661999512e+02 6.0662097168e+02
6.0470001221e+02 6.0481500244e+02 6.0496997070e+02 6.0511999512e+02 6.0524200439e+02 6.0534600830e+02 6.0547302246e+02 6.0569097900e+02 6.0600897217e+02 6.0630200195e+02 6.0644201660e+02 6.0644897461e+02 6.0644500732e+02 6.0644598389e+02 6.0645300293e+02 6.0646099854e+02 6.0647802734e+02 6.0648297119e+02 6.0649700928e+02 6.0650897217e+02 6.0652600098e+02 6.0653997803e+02 6.0655297852e+02 6.0655902100e+02 6.0656896973e+02 6.0657800293e+02 6.0658300781e+02 6.0658502197e+02 6.0658898926e+02 6.0659497070e+02 6.0660101318e+02 6.0660302734e+02 6.0660699463e+02 6.0660998535e+02 6.0661297607e+02 6.0661297607e+02 6.0661297607e+02 6.0661401367e+02 6.0661401367e+02 6.0661401367e+02 6.0661297607e+02 6.0661297607e+02 6.0661401367e+02 6.0661602783e+02 6.0661700439e+02 6.0661798096e+02
6.0457397461e+02 6.0470300293e+02 6.0486199951e+02 6.0503601074e+02 6.0517797852e+02 6.0528802490e+02 6.0540100098e+02 6.0560302734e+02 6.0591699219e+02 6.0623901367e+02 6.0643499756e+02 6.0644799805e+02 6.0644097900e+02 6.0644396973e+02 6.0645501709e+02 6.0646398926e+02 6.0647998047e+02 6.0649200439e+02 6.0650500488e+02 6.0651202393e+02 6.0652697754e+02 6.0653900146e+02 6.0655200195e+02 6.0656097412e+02 6.0657397461e+02 6.0658801270e+02 6.0659100342e+02 6.0658697510e+02 6.0659002686e+02 6.0659301758e+02 6.0659698486e+02 6.0659997559e+02 6.0660302734e+02 6.0660601807e+02 6.0660797119e+02 6.0660797119e+02 6.0660900879e+02 6.0660900879e+02 6.0660998535e+02 6.0660998535e+02 6.0660998535e+02 6.0660998535e+02 6.0661102295e+02 6.0661199951e+02 6.0661401367e+02 6.0661401367e+02
