TESTSERVER/7/8.asc
NCOLS 100
NROWS 100
XLLCORNER 7.8497500000e+03
YLLCORNER 2.8955025000e+05
CELLSIZE 5.0000000000e-01
NODATA_VALUE -9.9990000000e+03
[rows 0 to 19 of 100, columns 46 to 91 of 100]
6.1786401367e+02 6.1778997803e+02 6.1771801758e+02 6.1767297363e+02 6.1766900635e+02 6.1771002197e+02 6.1777301025e+02 6.1784100342e+02 6.1788201904e+02 6.1779797363e+02 6.1755200195e+02 6.1720800781e+02 6.1691101074e+02 6.1666601563e+02 6.1644201660e+02 6.1625000000e+02 6.1608599854e+02 6.1589898682e+02 6.1566302490e+02 6.1540698242e+02 6.1516900635e+02 6.1500701904e+02 6.1480999756e+02 6.1457000732e+02 6.1429400635e+02 6.1395697021e+02 6.1365002441e+02 6.1330999756e+02 6.1293798828e+02 6.1260601807e+02 6.1223797607e+02 6.1184497070e+02 6.1140698242e+02 6.1098199463e+02 6.1059899902e+02 6.1029797363e+02 6.1003997803e+02 6.0967602539e+02 6.0926898193e+02 6.0871197510e+02 6.0794000244e+02 6.0717700195e+02 6.0693298340e+02 6.0690399170e+02 6.0687097168e+02 6.0684997559e+02
6.1775500488e+02 6.1769000244e+02 6.1763500977e+02 6.1761700439e+02 6.1763201904e+02 6.1767401123e+02 6.1775000000e+02 6.1782098389e+02 6.1781402588e+02 6.1767602539e+02 6.1742498779e+02 6.1711401367e+02 6.1681799316e+02 6.1655902100e+02 6.1633001709e+02 6.1613897705e+02 6.1598297119e+02 6.1584100342e+02 6.1566198730e+02 6.1543499756e+02 6.1517401123e+02 6.1496197510e+02 6.1476599121e+02 6.1455603027e+02 6.1431799316e+02 6.1401702881e+02 6.1371197510e+02 6.1338500977e+02 6.1303802490e+02 6.1269799805e+02 6.1234399414e+02 6.1193298340e+02 6.1145098877e+02 6.1104998779e+02 6.1070001221e+02 6.1039697266e+02 6.1012902832e+02 6.0982702637e+02 6.0945202637e+02 6.0901000977e+02 6.0837402344e+02 6.0747802734e+02 6.0690100098e+02 6.0675897217e+02 6.0676300049e+02 6.0673999023e+02
6.1764001465e+02 6.1759497070e+02 6.1756201172e+02 6.1756402588e+02 6.1759197998e+02 6.1762902832e+02 6.1768798828e+02 6.1773297119e+02 6.1769396973e+02 6.1753302002e+02 6.1728698730e+02 6.1700299072e+02 6.1671502686e+02 6.1644799805e+02 6.1622698975e+02 6.1604901123e+02 6.1590002441e+02 6.1578997803e+02 6.1566101074e+02 6.1547802734e+02 6.1524102783e+02 6.1497900391e+02 6.1473297119e+02 6.1451300049e+02 6.1432299805e+02 6.1405401611e+02 6.1374401855e+02 6.1342498779e+02 6.1310900879e+02 6.1276202393e+02 6.1241101074e+02 6.1201501465e+02 6.1157098389e+02 6.1118597412e+02 6.1082202148e+02 6.1049401855e+02 6.1020697021e+02 6.0992602539e+02 6.0957897949e+02 6.0919799805e+02 6.0867700195e+02 6.0776501465e+02 6.0696099854e+02 6.0663201904e+02 6.0663702393e+02 6.0661199951e+02
6.1753399658e+02 6.1751397705e+02 6.1750701904e+02 6.1751800537e+02 6.1754400635e+02 6.1757598877e+02 6.1760601807e+02 6.1760302734e+02 6.1752301025e+02 6.1734100342e+02 6.1710101318e+02 6.1684600830e+02 6.1658197021e+02 6.1632598877e+02 6.1612298584e+02 6.1596301270e+02 6.1582897949e+02 6.1574102783e+02 6.1565100098e+02 6.1551599121e+02 6.1533599854e+02 6.1506402588e+02 6.1475897217e+02 6.1450201416e+02 6.1432501221e+02 6.1408099365e+02 6.1377697754e+02 6.1344598389e+02 6.1314398193e+02 6.1281896973e+02 6.1247900391e+02 6.1210302734e+02 6.1169702148e+02 6.1131201172e+02 6.1093902588e+02 6.1061499023e+02 6.1031097412e+02 6.0998699951e+02 6.0963201904e+02 6.0925402832e+02 6.0877697754e+02 6.0797302246e+02 6.0706701660e+02 6.0654602051e+02 6.0648699951e+02 6.0647100830e+02
6.1743597412e+02 6.1743798828e+02 6.1745800781e+02 6.1747601318e+02 6.1748602295e+02 6.1752301025e+02 6.1752600098e+02 6.1747302246e+02 6.1733898926e+02 6.1710797119e+02 6.1686901855e+02 6.1663702393e+02 6.1640600586e+02 6.1619000244e+02 6.1601202393e+02 6.1586798096e+02 6.1575500488e+02 6.1568902588e+02 6.1561999512e+02 6.1552301025e+02 6.1543103027e+02 6.1516998291e+02 6.1484197998e+02 6.1455499268e+02 6.1437902832e+02 6.1418298340e+02 6.1389697266e+02 6.1353698730e+02 6.1320697021e+02 6.1289398193e+02 6.1257098389e+02 6.1221801758e+02 6.1182598877e+02 6.1145898438e+02 6.1110101318e+02 6.1078399658e+02 6.1046301270e+02 6.1006097412e+02 6.0969097900e+02 6.0928900146e+02 6.0884997559e+02 6.0817199707e+02 6.0726599121e+02 6.0655200195e+02 6.0632397461e+02 6.0633898926e+02
6.1733502197e+02 6.1735797119e+02 6.1739898682e+02 6.1741497803e+02 6.1742102051e+02 6.1743499756e+02 6.1739398193e+02 6.1729302979e+02 6.1711297607e+02 6.1687701416e+02 6.1664898682e+02 6.1643103027e+02 6.1623297119e+02 6.1604901123e+02 6.1588397217e+02 6.1574499512e+02 6.1563598633e+02 6.1557000732e+02 6.1551098633e+02 6.1543701172e+02 6.1534497070e+02 6.1512799072e+02 6.1487701416e+02 6.1464099121e+02 6.1446801758e+02 6.1429498291e+02 6.1403302002e+02 6.1368298340e+02 6.1333502197e+02 6.1296899414e+02 6.1261499023e+02 6.1229602051e+02 6.1194897461e+02 6.1161700439e+02 6.1124700928e+02 6.1087402344e+02 6.1053399658e+02 6.1016497803e+02 6.0979400635e+02 6.0937298584e+02 6.0893298340e+02 6.0835900879e+02 6.0749597168e+02 6.0666699219e+02 6.0625299072e+02 6.0620800781e+02
6.1725097656e+02 6.1728302002e+02 6.1733697510e+02 6.1736199951e+02 6.1736499023e+02 6.1733697510e+02 6.1723498535e+02 6.1708001709e+02 6.1687402344e+02 6.1664398193e+02 6.1642797852e+02 6.1622698975e+02 6.1605297852e+02 6.1588598633e+02 6.1573699951e+02 6.1561199951e+02 6.1550097656e+02 6.1541601563e+02 6.1535601807e+02 6.1529302979e+02 6.1519299316e+02 6.1501599121e+02 6.1485101318e+02 6.1466601563e+02 6.1448999023e+02 6.1432897949e+02 6.1410198975e+02 6.1377398682e+02 6.1341198730e+02 6.1302197266e+02 6.1264801025e+02 6.1232800293e+02 6.1200598145e+02 6.1169702148e+02 6.1136602783e+02 6.1099902344e+02 6.1063897705e+02 6.1029400635e+02 6.0990802002e+02 6.0945501709e+02 6.0899401855e+02 6.0851098633e+02 6.0777600098e+02 6.0694097900e+02 6.0630200195e+02 6.0607800293e+02
6.1718200684e+02 6.1719897461e+02 6.1724798584e+02 6.1727502441e+02 6.1727301025e+02 6.1720599365e+02 6.1704901123e+02 6.1684698486e+02 6.1662500000e+02 6.1640197754e+02 6.1620202637e+02 6.1602398682e+02 6.1586798096e+02 6.1571600342e+02 6.1558398438e+02 6.1547497559e+02 6.1536999512e+02 6.1527197266e+02 6.1520300293e+02 6.1514099121e+02 6.1505603027e+02 6.1494201660e+02 6.1482897949e+02 6.1465301514e+02 6.1444702148e+02 6.1428802490e+02 6.1409301758e+02 6.1378997803e+02 6.1343103027e+02 6.1305603027e+02 6.1268902588e+02 6.1236602783e+02 6.1205401611e+02 6.1173498535e+02 6.1142102051e+02 6.1108001709e+02 6.1075097656e+02 6.1043701172e+02 6.1003997803e+02 6.0956597900e+02 6.0909301758e+02 6.0864599609e+02 6.0804797363e+02 6.0727301025e+02 6.0645501709e+02 6.0597698975e+02
6.1709100342e+02 6.1709600830e+02 6.1712097168e+02 6.1711999512e+02 6.1709002686e+02 6.1699200439e+02 6.1680401611e+02 6.1658599854e+02 6.1636102295e+02 6.1615802002e+02 6.1597802734e+02 6.1582098389e+02 6.1569000244e+02 6.1556097412e+02 6.1545001221e+02 6.1534997559e+02 6.1525299072e+02 6.1517797852e+02 6.1509600830e+02 6.1502398682e+02 6.1499401855e+02 6.1496002197e+02 6.1484997559e+02 6.1465502930e+02 6.1443402100e+02 6.1425500488e+02 6.1404699707e+02 6.1376000977e+02 6.1345202637e+02 6.1312597656e+02 6.1277099609e+02 6.1243597412e+02 6.1214801025e+02 6.1180297852e+02 6.1145898438e+02 6.1113000488e+02 6.1083697510e+02 6.1057702637e+02 6.1018499756e+02 6.0971002197e+02 6.0926702881e+02 6.0879602051e+02 6.0826098633e+02 6.0758697510e+02 6.0665600586e+02 6.0596197510e+02
6.1703100586e+02 6.1704199219e+02 6.1704602051e+02 6.1697198486e+02 6.1686102295e+02 6.1670599365e+02 6.1649200439e+02 6.1627197266e+02 6.1606896973e+02 6.1590899658e+02 6.1575402832e+02 6.1562298584e+02 6.1551397705e+02 6.1542602539e+02 6.1534100342e+02 6.1525000000e+02 6.1515899658e+02 6.1507397461e+02 6.1496398926e+02 6.1486602783e+02 6.1481701660e+02 6.1480999756e+02 6.1473498535e+02 6.1459698486e+02 6.1443298340e+02 6.1428100586e+02 6.1402301025e+02 6.1370300293e+02 6.1342901611e+02 6.1317199707e+02 6.1282598877e+02 6.1249298096e+02 6.1225701904e+02 6.1194201660e+02 6.1158197021e+02 6.1123999023e+02 6.1094897461e+02 6.1072998047e+02 6.1037701416e+02 6.0991198730e+02 6.0945202637e+02 6.0897802734e+02 6.0849102783e+02 6.0796997070e+02 6.0709301758e+02 6.0610101318e+02
6.1698901367e+02 6.1701098633e+02 6.1698101807e+02 6.1683502197e+02 6.1663598633e+02 6.1644097900e+02 6.1621002197e+02 6.1598797607e+02 6.1579199219e+02 6.1565502930e+02 6.1552899170e+02 6.1542700195e+02 6.1534197998e+02 6.1527697754e+02 6.1521697998e+02 6.1514300537e+02 6.1505297852e+02 6.1493298340e+02 6.1479901123e+02 6.1468902588e+02 6.1462701416e+02 6.1462597656e+02 6.1457501221e+02 6.1446997070e+02 6.1434399414e+02 6.1421002197e+02 6.1395202637e+02 6.1362799072e+02 6.1335601807e+02 6.1314398193e+02 6.1284899902e+02 6.1254400635e+02 6.1232202148e+02 6.1203399658e+02 6.1166601563e+02 6.1131896973e+02 6.1106701660e+02 6.1087597656e+02 6.1054400635e+02 6.1008398438e+02 6.0960498047e+02 6.0915301514e+02 6.0872802734e+02 6.0831597900e+02 6.0754400635e+02 6.0633197021e+02
6.1685900879e+02 6.1684197998e+02 6.1677801514e+02 6.1660900879e+02 6.1640100098e+02 6.1619702148e+02 6.1596301270e+02 6.1573901367e+02 6.1553302002e+02 6.1540600586e+02 6.1530902100e+02 6.1523498535e+02 6.1517401123e+02 6.1512701416e+02 6.1508697510e+02 6.1502697754e+02 6.1493402100e+02 6.1477801514e+02 6.1462597656e+02 6.1450701904e+02 6.1445098877e+02 6.1445800781e+02 6.1441101074e+02 6.1431201172e+02 6.1418597412e+02 6.1405401611e+02 6.1382702637e+02 6.1353198242e+02 6.1326501465e+02 6.1305902100e+02 6.1281896973e+02 6.1254302979e+02 6.1230102539e+02 6.1205200195e+02 6.1171697998e+02 6.1140197754e+02 6.1121197510e+02 6.1102801514e+02 6.1068701172e+02 6.1020300293e+02 6.0969598389e+02 6.0927197266e+02 6.0889202881e+02 6.0853900146e+02 6.0788098145e+02 6.0663000488e+02
6.1661499023e+02 6.1650897217e+02 6.1641302490e+02 6.1627502441e+02 6.1613500977e+02 6.1592401123e+02 6.1567498779e+02 6.1544299316e+02 6.1525402832e+02 6.1517297363e+02 6.1509497070e+02 6.1503198242e+02 6.1496600342e+02 6.1497100830e+02 6.1495300293e+02 6.1490600586e+02 6.1478997803e+02 6.1463201904e+02 6.1448400879e+02 6.1435498047e+02 6.1427899170e+02 6.1428198242e+02 6.1423498535e+02 6.1414202881e+02 6.1402398682e+02 6.1386602783e+02 6.1366601563e+02 6.1342498779e+02 6.1317297363e+02 6.1296899414e+02 6.1277899170e+02 6.1256201172e+02 6.1231298828e+02 6.1207299805e+02 6.1178002930e+02 6.1150799561e+02 6.1137597656e+02 6.1117797852e+02 6.1081097412e+02 6.1029400635e+02 6.0976397705e+02 6.0936199951e+02 6.0902600098e+02 6.0866699219e+02 6.0820800781e+02 6.0713500977e+02
6.1640600586e+02 6.1624798584e+02 6.1611199951e+02 6.1593103027e+02 6.1577600098e+02 6.1558898926e+02 6.1534600830e+02 6.1513897705e+02 6.1501702881e+02 6.1496502686e+02 6.1490997314e+02 6.1487097168e+02 6.1486102295e+02 6.1485601807e+02 6.1483300781e+02 6.1477899170e+02 6.1465100098e+02 6.1449499512e+02 6.1435101318e+02 6.1420300293e+02 6.1407501221e+02 6.1403198242e+02 6.1398199463e+02 6.1390802002e+02 6.1378601074e+02 6.1361999512e+02 6.1345098877e+02 6.1327398682e+02 6.1308001709e+02 6.1288598633e+02 6.1274401855e+02 6.1263598633e+02 6.1242797852e+02 6.1217401123e+02 6.1186401367e+02 6.1157098389e+02 6.1142797852e+02 6.1125299072e+02 6.1088299561e+02 6.1035998535e+02 6.0982598877e+02 6.0942102051e+02 6.0911798096e+02 6.0875897217e+02 6.0837298584e+02 6.0764599609e+02
6.1618798828e+02 6.1601702881e+02 6.1581298828e+02 6.1556799316e+02 6.1538702393e+02 6.1523699951e+02 6.1504199219e+02 6.1489398193e+02 6.1482800293e+02 6.1480401611e+02 6.1478399658e+02 6.1477398682e+02 6.1477301025e+02 6.1474597168e+02 6.1470800781e+02 6.1463897705e+02 6.1450500488e+02 6.1434399414e+02 6.1418798828e+02 6.1402697754e+02 6.1387200928e+02 6.1378100586e+02 6.1372198486e+02 6.1365997314e+02 6.1356097412e+02 6.1340600586e+02 6.1326501465e+02 6.1312902832e+02 6.1297302246e+02 6.1277099609e+02 6.1263800049e+02 6.1258300781e+02 6.1245501709e+02 6.1221899414e+02 6.1191802979e+02 6.1161602783e+02 6.1141601563e+02 6.1121801758e+02 6.1087298584e+02 6.1039398193e+02 6.0988800049e+02 6.0946099854e+02 6.0915502930e+02 6.0880297852e+02 6.0842401123e+02 6.0800299072e+02
6.1589697266e+02 6.1570697021e+02 6.1545397949e+02 6.1517700195e+02 6.1499700928e+02 6.1489398193e+02 6.1476098633e+02 6.1467199707e+02 6.1466400146e+02 6.1467700195e+02 6.1467498779e+02 6.1466998291e+02 6.1465698242e+02 6.1461199951e+02 6.1455902100e+02 6.1447900391e+02 6.1434497070e+02 6.1418298340e+02 6.1402099609e+02 6.1385400391e+02 6.1368103027e+02 6.1355200195e+02 6.1348199463e+02 6.1343402100e+02 6.1337402344e+02 6.1323297119e+02 6.1310302734e+02 6.1298400879e+02 6.1284197998e+02 6.1265600586e+02 6.1250201416e+02 6.1242199707e+02 6.1232202148e+02 6.1211199951e+02 6.1185900879e+02 6.1159802246e+02 6.1137200928e+02 6.1114300537e+02 6.1083099365e+02 6.1041900635e+02 6.0996502686e+02 6.0954199219e+02 6.0922198486e+02 6.0885198975e+02 6.0842498779e+02 6.0819000244e+02
6.1555200195e+02 6.1537298584e+02 6.1511499023e+02 6.1483898926e+02 6.1466998291e+02 6.1461901855e+02 6.1453497314e+02 6.1448699951e+02 6.1450500488e+02 6.1454901123e+02 6.1454199219e+02 6.1450598145e+02 6.1446099854e+02 6.1443200684e+02 6.1437701416e+02 6.1429602051e+02 6.1416900635e+02 6.1401898193e+02 6.1386401367e+02 6.1369799805e+02 6.1352899170e+02 6.1336102295e+02 6.1327502441e+02 6.1323999023e+02 6.1322601318e+02 6.1307501221e+02 6.1293597412e+02 6.1282397461e+02 6.1271801758e+02 6.1254400635e+02 6.1237597656e+02 6.1224102783e+02 6.1212597656e+02 6.1196301270e+02 6.1176599121e+02 6.1155603027e+02 6.1133001709e+02 6.1108300781e+02 6.1077801514e+02 6.1042102051e+02 6.1004199219e+02 6.0962799072e+02 6.0928900146e+02 6.0890899658e+02 6.0848400879e+02 6.0822497559e+02
6.1528900146e+02 6.1511798096e+02 6.1486602783e+02 6.1459497070e+02 6.1446099854e+02 6.1441900635e+02 6.1435699463e+02 6.1434899902e+02 6.1439501953e+02 6.1445300293e+02 6.1442901611e+02 6.1433599854e+02 6.1424902344e+02 6.1421301270e+02 6.1416400146e+02 6.1409002686e+02 6.1396600342e+02 6.1383099365e+02 6.1369396973e+02 6.1354400635e+02 6.1338299561e+02 6.1320697021e+02 6.1306097412e+02 6.1297900391e+02 6.1295800781e+02 6.1283502197e+02 6.1271197510e+02 6.1262701416e+02 6.1252502441e+02 6.1238598633e+02 6.1224700928e+02 6.1211297607e+02 6.1199597168e+02 6.1185797119e+02 6.1168402100e+02 6.1149401855e+02 6.1129302979e+02 6.1109497070e+02 6.1081298828e+02 6.1048901367e+02 6.1015698242e+02 6.0971801758e+02 6.0929901123e+02 6.0890100098e+02 6.0850897217e+02 6.0826000977e+02
6.1505700684e+02 6.1485797119e+02 6.1459497070e+02 6.1434899902e+02 6.1427398682e+02 6.1425402832e+02 6.1421002197e+02 6.1422302246e+02 6.1429602051e+02 6.1436901855e+02 6.1433197021e+02 6.1420800781e+02 6.1408099365e+02 6.1402001953e+02 6.1395599365e+02 6.1387902832e+02 6.1376300049e+02 6.1363598633e+02 6.1350701904e+02 6.1336700439e+02 6.1322198486e+02 6.1304498291e+02 6.1285900879e+02 6.1272100830e+02 6.1265399170e+02 6.1255401611e+02 6.1245898438e+02 6.1239801025e+02 6.1233197021e+02 6.1227600098e+02 6.1218798828e+02 6.1204199219e+02 6.1187597656e+02 6.1173199463e+02 6.1158099365e+02 6.1142700195e+02 6.1127001953e+02 6.1111901855e+02 6.1087902832e+02 6.1059399414e+02 6.1029998779e+02 6.0982598877e+02 6.0933197021e+02 6.0891400146e+02 6.0854498291e+02 6.0826702881e+02
6.1482800293e+02 6.1461901855e+02 6.1435900879e+02 6.1414099121e+02 6.1411199951e+02 6.1412402344e+02 6.1409997559e+02 6.1411999512e+02 6.1420397949e+02 6.1427801514e+02 6.1423699951e+02 6.1410797119e+02 6.1396197510e+02 6.1385900879e+02 6.1377197266e+02 6.1368597412e+02 6.1358099365e+02 6.1345697021e+02 6.1332897949e+02 6.1319097900e+02 6.1304998779e+02 6.1289099121e+02 6.1270001221e+02 6.1252801514e+02 6.1240600586e+02 6.1232702637e+02 6.1225598145e+02 6.1220501709e+02 6.1215802002e+02 6.1215197754e+02 6.1209497070e+02 6.1194799805e+02 6.1175897217e+02 6.1162500000e+02 6.1149200439e+02 6.1136602783e+02 6.1124401855e+02 6.1109698486e+02 6.1088800049e+02 6.1063702393e+02 6.1036102295e+02 6.0990399170e+02 6.0940997314e+02 6.0901702881e+02 6.0864697266e+02 6.0836199951e+02
