TESTSERVER/7/9.asc
NCOLS 100
NROWS 100
XLLCORNER 7.8497500000e+03
YLLCORNER 2.8950025000e+05
CELLSIZE 5.0000000000e-01
NODATA_VALUE -9.9990000000e+03
[rows 0 to 19 of 100, columns 46 to 91 of 100]
6.0632000732e+02 6.0632800293e+02 6.0630499268e+02 6.0626202393e+02 6.0616400146e+02 6.0614697266e+02 6.0611401367e+02 6.0605603027e+02 6.0612701416e+02 6.0600799561e+02 6.0575201416e+02 6.0554797363e+02 6.0546002197e+02 6.0534197998e+02 6.0522802734e+02 6.0512799072e+02 6.0503900146e+02 6.0495501709e+02 6.0486798096e+02 6.0477801514e+02 6.0469500732e+02 6.0455798340e+02 6.0440399170e+02 6.0428198242e+02 6.0414599609e+02 6.0398199463e+02 6.0378002930e+02 6.0358398438e+02 6.0343499756e+02 6.0329901123e+02 6.0313598633e+02 6.0300799561e+02 6.0292901611e+02 6.0282202148e+02 6.0269000244e+02 6.0252001953e+02 6.0231896973e+02 6.0214801025e+02 6.0204400635e+02 6.0196502686e+02 6.0189001465e+02 6.0177697754e+02 6.0166302490e+02 6.0146801758e+02 6.0107202148e+02 6.0059100342e+02
6.0616400146e+02 6.0609899902e+02 6.0605798340e+02 6.0605700684e+02 6.0607702637e+02 6.0605902100e+02 6.0594702148e+02 6.0583001709e+02 6.0578802490e+02 6.0564300537e+02 6.0537902832e+02 6.0516998291e+02 6.0509100342e+02 6.0503997803e+02 6.0494702148e+02 6.0483599854e+02 6.0474499512e+02 6.0465399170e+02 6.0453698730e+02 6.0441900635e+02 6.0429699707e+02 6.0414599609e+02 6.0399798584e+02 6.0388500977e+02 6.0378601074e+02 6.0365997314e+02 6.0348602295e+02 6.0331097412e+02 6.0316101074e+02 6.0299597168e+02 6.0284802246e+02 6.0277600098e+02 6.0272900391e+02 6.0261798096e+02 6.0250000000e+02 6.0234997559e+02 6.0213800049e+02 6.0192102051e+02 6.0180200195e+02 6.0171997070e+02 6.0162597656e+02 6.0151098633e+02 6.0139099121e+02 6.0120599365e+02 6.0085601807e+02 6.0037597656e+02
6.0604498291e+02 6.0595898438e+02 6.0591302490e+02 6.0589697266e+02 6.0583801270e+02 6.0571002197e+02 6.0550500488e+02 6.0530798340e+02 6.0520898438e+02 6.0508099365e+02 6.0488299561e+02 6.0474700928e+02 6.0472198486e+02 6.0467999268e+02 6.0459197998e+02 6.0448101807e+02 6.0438897705e+02 6.0426501465e+02 6.0412597656e+02 6.0400402832e+02 6.0390899658e+02 6.0380902100e+02 6.0369799805e+02 6.0359600830e+02 6.0349298096e+02 6.0339202881e+02 6.0324200439e+02 6.0308099365e+02 6.0292797852e+02 6.0275402832e+02 6.0262597656e+02 6.0256097412e+02 6.0249499512e+02 6.0237902832e+02 6.0227001953e+02 6.0212701416e+02 6.0190002441e+02 6.0161798096e+02 6.0149798584e+02 6.0144598389e+02 6.0135498047e+02 6.0121502686e+02 6.0108898926e+02 6.0092102051e+02 6.0061798096e+02 6.0015698242e+02
6.0580700684e+02 6.0570300293e+02 6.0561798096e+02 6.0552001953e+02 6.0535498047e+02 6.0518200684e+02 6.0498602295e+02 6.0480102539e+02 6.0468902588e+02 6.0459497070e+02 6.0447601318e+02 6.0440600586e+02 6.0439099121e+02 6.0431701660e+02 6.0421502686e+02 6.0409600830e+02 6.0399798584e+02 6.0385101318e+02 6.0370397949e+02 6.0359301758e+02 6.0353698730e+02 6.0347497559e+02 6.0340399170e+02 6.0331597900e+02 6.0318798828e+02 6.0309899902e+02 6.0297198486e+02 6.0283300781e+02 6.0271301270e+02 6.0255603027e+02 6.0241699219e+02 6.0230200195e+02 6.0218103027e+02 6.0206896973e+02 6.0196197510e+02 6.0181097412e+02 6.0156097412e+02 6.0125402832e+02 6.0116400146e+02 6.0115399170e+02 6.0108001709e+02 6.0092401123e+02 6.0077899170e+02 6.0061297607e+02 6.0035601807e+02 5.9992498779e+02
6.0521801758e+02 6.0518701172e+02 6.0508099365e+02 6.0494598389e+02 6.0484600830e+02 6.0473101807e+02 6.0463397217e+02 6.0451800537e+02 6.0439300537e+02 6.0426800537e+02 6.0419702148e+02 6.0415502930e+02 6.0412298584e+02 6.0402600098e+02 6.0390197754e+02 6.0376202393e+02 6.0363000488e+02 6.0347998047e+02 6.0334698486e+02 6.0325799561e+02 6.0320202637e+02 6.0312799072e+02 6.0307397461e+02 6.0298602295e+02 6.0286700439e+02 6.0278497314e+02 6.0266497803e+02 6.0253698730e+02 6.0244299316e+02 6.0230798340e+02 6.0215002441e+02 6.0198699951e+02 6.0183099365e+02 6.0174798584e+02 6.0163800049e+02 6.0146801758e+02 6.0124200439e+02 6.0097900391e+02 6.0090301514e+02 6.0089202881e+02 6.0082397461e+02 6.0064898682e+02 6.0047100830e+02 6.0027899170e+02 6.0004302979e+02 5.9969201660e+02
6.0486602783e+02 6.0472698975e+02 6.0461700439e+02 6.0451300049e+02 6.0446502686e+02 6.0441497803e+02 6.0433801270e+02 6.0424200439e+02 6.0408599854e+02 6.0395001221e+02 6.0390002441e+02 6.0388897705e+02 6.0386999512e+02 6.0377099609e+02 6.0362097168e+02 6.0347601318e+02 6.0334301758e+02 6.0321197510e+02 6.0310601807e+02 6.0302899170e+02 6.0296398926e+02 6.0288598633e+02 6.0280902100e+02 6.0273199463e+02 6.0265899658e+02 6.0257202148e+02 6.0241900635e+02 6.0224102783e+02 6.0211798096e+02 6.0200299072e+02 6.0183898926e+02 6.0169702148e+02 6.0156597900e+02 6.0147900391e+02 6.0135998535e+02 6.0116601563e+02 6.0093103027e+02 6.0072601318e+02 6.0064001465e+02 6.0060498047e+02 6.0050598145e+02 6.0032897949e+02 6.0016400146e+02 5.9997998047e+02 5.9976898193e+02 5.9944598389e+02
6.0458898926e+02 6.0439099121e+02 6.0425897217e+02 6.0416198730e+02 6.0412298584e+02 6.0407897949e+02 6.0402697754e+02 6.0396398926e+02 6.0385302734e+02 6.0372802734e+02 6.0367602539e+02 6.0365301514e+02 6.0360601807e+02 6.0348999023e+02 6.0334301758e+02 6.0321398926e+02 6.0309997559e+02 6.0297100830e+02 6.0284698486e+02 6.0273101807e+02 6.0262200928e+02 6.0249597168e+02 6.0236798096e+02 6.0228698730e+02 6.0226300049e+02 6.0219598389e+02 6.0206799316e+02 6.0190002441e+02 6.0175500488e+02 6.0165502930e+02 6.0150799561e+02 6.0140399170e+02 6.0132000732e+02 6.0122998047e+02 6.0108099365e+02 6.0084100342e+02 6.0057501221e+02 6.0042102051e+02 6.0035498047e+02 6.0031597900e+02 6.0020300293e+02 6.0003900146e+02 5.9990002441e+02 5.9973297119e+02 5.9950799561e+02 5.9918499756e+02
6.0431097412e+02 6.0410400391e+02 6.0397802734e+02 6.0390100098e+02 6.0386401367e+02 6.0382501221e+02 6.0378997803e+02 6.0374902344e+02 6.0368200684e+02 6.0358197021e+02 6.0350897217e+02 6.0344201660e+02 6.0333801270e+02 6.0320001221e+02 6.0305401611e+02 6.0293902588e+02 6.0283300781e+02 6.0267700195e+02 6.0251300049e+02 6.0234197998e+02 6.0215802002e+02 6.0195800781e+02 6.0177899170e+02 6.0167102051e+02 6.0168103027e+02 6.0167199707e+02 6.0161999512e+02 6.0151202393e+02 6.0138397217e+02 6.0127801514e+02 6.0114697266e+02 6.0108197021e+02 6.0104400635e+02 6.0096997070e+02 6.0080499268e+02 6.0053399658e+02 6.0025097656e+02 6.0013702393e+02 6.0007702637e+02 6.0003002930e+02 5.9990100098e+02 5.9975299072e+02 5.9963201904e+02 5.9946801758e+02 5.9922497559e+02 5.9891497803e+02
6.0388897705e+02 6.0381701660e+02 6.0375897217e+02 6.0373297119e+02 6.0373999023e+02 6.0368902588e+02 6.0364801025e+02 6.0359802246e+02 6.0352600098e+02 6.0342401123e+02 6.0332098389e+02 6.0320098877e+02 6.0306097412e+02 6.0291601563e+02 6.0275500488e+02 6.0261700439e+02 6.0246600342e+02 6.0228900146e+02 6.0209698486e+02 6.0189599609e+02 6.0168798828e+02 6.0150402832e+02 6.0133300781e+02 6.0120202637e+02 6.0115002441e+02 6.0117297363e+02 6.0118902588e+02 6.0114599609e+02 6.0106597900e+02 6.0097198486e+02 6.0086297607e+02 6.0078601074e+02 6.0071997070e+02 6.0065600586e+02 6.0049401855e+02 6.0024798584e+02 6.0002301025e+02 5.9990600586e+02 5.9980499268e+02 5.9971002197e+02 5.9955700684e+02 5.9943402100e+02 5.9931500244e+02 5.9913299561e+02 5.9890997314e+02 5.9865600586e+02
6.0374200439e+02 6.0371899414e+02 6.0369598389e+02 6.0366101074e+02 6.0360498047e+02 6.0353002930e+02 6.0344598389e+02 6.0334997559e+02 6.0323797607e+02 6.0313397217e+02 6.0299597168e+02 6.0282598877e+02 6.0265997314e+02 6.0253302002e+02 6.0238000488e+02 6.0222399902e+02 6.0207299805e+02 6.0188702393e+02 6.0175097656e+02 6.0163800049e+02 6.0153601074e+02 6.0138897705e+02 6.0120397949e+02 6.0102801514e+02 6.0092999268e+02 6.0092102051e+02 6.0092700195e+02 6.0089501953e+02 6.0084698486e+02 6.0080200195e+02 6.0072399902e+02 6.0061102295e+02 6.0047399902e+02 6.0034899902e+02 6.0011999512e+02 5.9986901855e+02 5.9975000000e+02 5.9966998291e+02 5.9951000977e+02 5.9935400391e+02 5.9924700928e+02 5.9915600586e+02 5.9902197266e+02 5.9882702637e+02 5.9861999512e+02 5.9839099121e+02
6.0362200928e+02 6.0358599854e+02 6.0352301025e+02 6.0343298340e+02 6.0331201172e+02 6.0318298340e+02 6.0306500244e+02 6.0295001221e+02 6.0284698486e+02 6.0274499512e+02 6.0260998535e+02 6.0245001221e+02 6.0229901123e+02 6.0218200684e+02 6.0205603027e+02 6.0193402100e+02 6.0182202148e+02 6.0170001221e+02 6.0161999512e+02 6.0154199219e+02 6.0142297363e+02 6.0123498535e+02 6.0104199219e+02 6.0087799072e+02 6.0077899170e+02 6.0077099609e+02 6.0078900146e+02 6.0077502441e+02 6.0070300293e+02 6.0060797119e+02 6.0048400879e+02 6.0033099365e+02 6.0016900635e+02 6.0000402832e+02 5.9972399902e+02 5.9949499512e+02 5.9948199463e+02 5.9941699219e+02 5.9923699951e+02 5.9905499268e+02 5.9895001221e+02 5.9885699463e+02 5.9871899414e+02 5.9852801514e+02 5.9833697510e+02 5.9812200928e+02
6.0338702393e+02 6.0328497314e+02 6.0317602539e+02 6.0305102539e+02 6.0291497803e+02 6.0278802490e+02 6.0267999268e+02 6.0257897949e+02 6.0249102783e+02 6.0239599609e+02 6.0229101563e+02 6.0217700195e+02 6.0206896973e+02 6.0197198486e+02 6.0186999512e+02 6.0177502441e+02 6.0167401123e+02 6.0157299805e+02 6.0149401855e+02 6.0137402344e+02 6.0113598633e+02 6.0084802246e+02 6.0070001221e+02 6.0064697266e+02 6.0062701416e+02 6.0063201904e+02 6.0067901611e+02 6.0068701172e+02 6.0055200195e+02 6.0032702637e+02 6.0011602783e+02 5.9993103027e+02 5.9978997803e+02 5.9960699463e+02 5.9932397461e+02 5.9915002441e+02 5.9921697998e+02 5.9914300537e+02 5.9897302246e+02 5.9880700684e+02 5.9869897461e+02 5.9858197021e+02 5.9844500732e+02 5.9826098633e+02 5.9807000732e+02 5.9786999512e+02
6.0300000000e+02 6.0289099121e+02 6.0278198242e+02 6.0267999268e+02 6.0261102295e+02 6.0253601074e+02 6.0246899414e+02 6.0238800049e+02 6.0231799316e+02 6.0221099854e+02 6.0212902832e+02 6.0204602051e+02 6.0196398926e+02 6.0183898926e+02 6.0172399902e+02 6.0161297607e+02 6.0147497559e+02 6.0133898926e+02 6.0118798828e+02 6.0098199463e+02 6.0067102051e+02 6.0047198486e+02 6.0042700195e+02 6.0046099854e+02 6.0045599365e+02 6.0045300293e+02 6.0053302002e+02 6.0056201172e+02 6.0035900879e+02 5.9994702148e+02 5.9966497803e+02 5.9950299072e+02 5.9942401123e+02 5.9921099854e+02 5.9896697998e+02 5.9886602783e+02 5.9893798828e+02 5.9886102295e+02 5.9871301270e+02 5.9858599854e+02 5.9850500488e+02 5.9836700439e+02 5.9822198486e+02 5.9804602051e+02 5.9785797119e+02 5.9763702393e+02
6.0273199463e+02 6.0263897705e+02 6.0256201172e+02 6.0249401855e+02 6.0242999268e+02 6.0239099121e+02 6.0232702637e+02 6.0224798584e+02 6.0216900635e+02 6.0208898926e+02 6.0197399902e+02 6.0184698486e+02 6.0173297119e+02 6.0158197021e+02 6.0141601563e+02 6.0128802490e+02 6.0118798828e+02 6.0100299072e+02 6.0076397705e+02 6.0055297852e+02 6.0036999512e+02 6.0028399658e+02 6.0028399658e+02 6.0028100586e+02 6.0020898438e+02 6.0017901611e+02 6.0023999023e+02 6.0023400879e+02 5.9998400879e+02 5.9957501221e+02 5.9933001709e+02 5.9922802734e+02 5.9914202881e+02 5.9892797852e+02 5.9871002197e+02 5.9861798096e+02 5.9862097168e+02 5.9853399658e+02 5.9840197754e+02 5.9828399658e+02 5.9820300293e+02 5.9808697510e+02 5.9796801758e+02 5.9782202148e+02 5.9763800049e+02 5.9743902588e+02
6.0254797363e+02 6.0246398926e+02 6.0238500977e+02 6.0230200195e+02 6.0221502686e+02 6.0214697266e+02 6.0205200195e+02 6.0196002197e+02 6.0189398193e+02 6.0179901123e+02 6.0166998291e+02 6.0154400635e+02 6.0145300293e+02 6.0131402588e+02 6.0113800049e+02 6.0099401855e+02 6.0086901855e+02 6.0061901855e+02 6.0036401367e+02 6.0021197510e+02 6.0014599609e+02 6.0011199951e+02 6.0007000732e+02 5.9997900391e+02 5.9984399414e+02 5.9974902344e+02 5.9973498535e+02 5.9967901611e+02 5.9947100830e+02 5.9918597412e+02 5.9903497314e+02 5.9896899414e+02 5.9887402344e+02 5.9865399170e+02 5.9845300293e+02 5.9836297607e+02 5.9830902100e+02 5.9818701172e+02 5.9805999756e+02 5.9796197510e+02 5.9790600586e+02 5.9780499268e+02 5.9769201660e+02 5.9754998779e+02 5.9738299561e+02 5.9721197510e+02
6.0231402588e+02 6.0222998047e+02 6.0214801025e+02 6.0205102539e+02 6.0194299316e+02 6.0183300781e+02 6.0170800781e+02 6.0160498047e+02 6.0155102539e+02 6.0145697021e+02 6.0135400391e+02 6.0126202393e+02 6.0117797852e+02 6.0106097412e+02 6.0088897705e+02 6.0070001221e+02 6.0048699951e+02 6.0023999023e+02 6.0007000732e+02 6.0000701904e+02 5.9998797607e+02 5.9991699219e+02 5.9977301025e+02 5.9959100342e+02 5.9944396973e+02 5.9928900146e+02 5.9919000244e+02 5.9910302734e+02 5.9897802734e+02 5.9883001709e+02 5.9874902344e+02 5.9867401123e+02 5.9854998779e+02 5.9830297852e+02 5.9811798096e+02 5.9805603027e+02 5.9800097656e+02 5.9784899902e+02 5.9771899414e+02 5.9765399170e+02 5.9763098145e+02 5.9753002930e+02 5.9740502930e+02 5.9725402832e+02 5.9710498047e+02 5.9695599365e+02
6.0196697998e+02 6.0189099121e+02 6.0182397461e+02 6.0175097656e+02 6.0166400146e+02 6.0154498291e+02 6.0142199707e+02 6.0131799316e+02 6.0124700928e+02 6.0116497803e+02 6.0110498047e+02 6.0103601074e+02 6.0091900635e+02 6.0078002930e+02 6.0056799316e+02 6.0029901123e+02 6.0001000977e+02 5.9991101074e+02 5.9988299561e+02 5.9987402344e+02 5.9979101563e+02 5.9963000488e+02 5.9939697266e+02 5.9919000244e+02 5.9909899902e+02 5.9894702148e+02 5.9878802490e+02 5.9867700195e+02 5.9863098145e+02 5.9854101563e+02 5.9847900391e+02 5.9836499023e+02 5.9815899658e+02 5.9787701416e+02 5.9772100830e+02 5.9771899414e+02 5.9769000244e+02 5.9748797607e+02 5.9736999512e+02 5.9735198975e+02 5.9733001709e+02 5.9721002197e+02 5.9707598877e+02 5.9693597412e+02 5.9680999756e+02 5.9668200684e+02
6.0166302490e+02 6.0158300781e+02 6.0151202393e+02 6.0145098877e+02 6.0138299561e+02 6.0126800537e+02 6.0115100098e+02 6.0106097412e+02 6.0099401855e+02 6.0090002441e+02 6.0083898926e+02 6.0075402832e+02 6.0061798096e+02 6.0039599609e+02 6.0009197998e+02 5.9985302734e+02 5.9976397705e+02 5.9977301025e+02 5.9977502441e+02 5.9967700195e+02 5.9949200439e+02 5.9932598877e+02 5.9909698486e+02 5.9887902832e+02 5.9873602295e+02 5.9860400391e+02 5.9844097900e+02 5.9828698730e+02 5.9822399902e+02 5.9817401123e+02 5.9814300537e+02 5.9805798340e+02 5.9783398438e+02 5.9751202393e+02 5.9739099121e+02 5.9743798828e+02 5.9734899902e+02 5.9716699219e+02 5.9707897949e+02 5.9703002930e+02 5.9692901611e+02 5.9680798340e+02 5.9669396973e+02 5.9656402588e+02 5.9643798828e+02 5.9632598877e+02
6.0139202881e+02 6.0133001709e+02 6.0125000000e+02 6.0117297363e+02 6.0109399414e+02 6.0098400879e+02 6.0087500000e+02 6.0079797363e+02 6.0074102783e+02 6.0064898682e+02 6.0056402588e+02 6.0042901611e+02 6.0022698975e+02 5.9995501709e+02 5.9969396973e+02 5.9957800293e+02 5.9960699463e+02 5.9960900879e+02 5.9954498291e+02 5.9934301758e+02 5.9910900879e+02 5.9898498535e+02 5.9881298828e+02 5.9862298584e+02 5.9842999268e+02 5.9826098633e+02 5.9812701416e+02 5.9799597168e+02 5.9790802002e+02 5.9784997559e+02 5.9782702637e+02 5.9775598145e+02 5.9753900146e+02 5.9720202637e+02 5.9707202148e+02 5.9711199951e+02 5.9704901123e+02 5.9695501709e+02 5.9685198975e+02 5.9674401855e+02 5.9663299561e+02 5.9651800537e+02 5.9640399170e+02 5.9626397705e+02 5.9611700439e+02 5.9597998047e+02
6.0114099121e+02 6.0108398438e+02 6.0099298096e+02 6.0089398193e+02 6.0079998779e+02 6.0070800781e+02 6.0061199951e+02 6.0053100586e+02 6.0046697998e+02 6.0033697510e+02 6.0018701172e+02 5.9999700928e+02 5.9976702881e+02 5.9956799316e+02 5.9946002197e+02 5.9945098877e+02 5.9944799805e+02 5.9931896973e+02 5.9915698242e+02 5.9890802002e+02 5.9868798828e+02 5.9856799316e+02 5.9843902588e+02 5.9829901123e+02 5.9812298584e+02 5.9797601318e+02 5.9789001465e+02 5.9778997803e+02 5.9765600586e+02 5.9756500244e+02 5.9753198242e+02 5.9745098877e+02 5.9722601318e+02 5.9688598633e+02 5.9675402832e+02 5.9678601074e+02 5.9674700928e+02 5.9666400146e+02 5.9654998779e+02 5.9645300293e+02 5.9637500000e+02 5.9626800537e+02 5.9616998291e+02 5.9603002930e+02 5.9585601807e+02 5.9568499756e+02
