TESTSERVER/7/9.asc
NCOLS 100
NROWS 100
XLLCORNER 7.8497500000e+03
YLLCORNER 2.8950025000e+05
CELLSIZE 5.0000000000e-01
NODATA_VALUE -9.9990000000e+03
[rows 80 to 99 of 100, columns 46 to 91 of 100]
5.8311199951e+02 5.8303002930e+02 5.8293902588e+02 5.8288500977e+02 5.8285198975e+02 5.8278900146e+02 5.8273297119e+02 5.8271301270e+02 5.8270898438e+02 5.8268200684e+02 5.8262200928e+02 5.8253198242e+02 5.8244500732e+02 5.8238702393e+02 5.8231097412e+02 5.8225598145e+02 5.8222497559e+02 5.8216998291e+02 5.8212097168e+02 5.8208697510e+02 5.8204498291e+02 5.8202099609e+02 5.8199200439e+02 5.8189001465e+02 5.8177197266e+02 5.8186999512e+02 5.8194201660e+02 5.8208398438e+02 5.8245397949e+02 5.8277502441e+02 5.8290399170e+02 5.8275402832e+02 5.8247399902e+02 5.8228497314e+02 5.8219097900e+02 5.8213000488e+02 5.8206701660e+02 5.8200402832e+02 5.8192797852e+02 5.8185302734e+02 5.8179901123e+02 5.8175799561e+02 5.8169396973e+02 5.8164801025e+02 5.8169299316e+02 5.8184002686e+02
5.8286999512e+02 5.8279400635e+02 5.8271197510e+02 5.8265002441e+02 5.8262200928e+02 5.8258697510e+02 5.8253601074e+02 5.8248797607e+02 5.8245800781e+02 5.8244097900e+02 5.8238201904e+02 5.8229101563e+02 5.8220001221e+02 5.8211401367e+02 5.8203698730e+02 5.8198699951e+02 5.8197399902e+02 5.8194598389e+02 5.8192498779e+02 5.8188702393e+02 5.8182800293e+02 5.8175799561e+02 5.8169598389e+02 5.8163598633e+02 5.8156500244e+02 5.8158801270e+02 5.8165301514e+02 5.8178302002e+02 5.8204498291e+02 5.8224102783e+02 5.8246301270e+02 5.8260699463e+02 5.8253802490e+02 5.8236999512e+02 5.8218200684e+02 5.8203601074e+02 5.8199499512e+02 5.8192797852e+02 5.8187298584e+02 5.8180902100e+02 5.8174499512e+02 5.8168597412e+02 5.8163800049e+02 5.8157397461e+02 5.8155102539e+02 5.8160900879e+02
5.8263897705e+02 5.8256500244e+02 5.8248602295e+02 5.8242401123e+02 5.8240301514e+02 5.8239398193e+02 5.8234100342e+02 5.8225799561e+02 5.8218103027e+02 5.8215698242e+02 5.8211499023e+02 5.8205200195e+02 5.8199700928e+02 5.8193701172e+02 5.8185998535e+02 5.8178802490e+02 5.8173999023e+02 5.8171002197e+02 5.8168798828e+02 5.8165301514e+02 5.8159197998e+02 5.8150799561e+02 5.8144097900e+02 5.8141998291e+02 5.8140600586e+02 5.8139001465e+02 5.8145501709e+02 5.8153997803e+02 5.8160400391e+02 5.8162597656e+02 5.8179602051e+02 5.8205499268e+02 5.8220599365e+02 5.8227801514e+02 5.8220800781e+02 5.8201599121e+02 5.8191699219e+02 5.8184197998e+02 5.8179199219e+02 5.8173699951e+02 5.8166699219e+02 5.8160797119e+02 5.8158599854e+02 5.8153198242e+02 5.8147399902e+02 5.8144897461e+02
5.8244201660e+02 5.8236700439e+02 5.8227899170e+02 5.8220397949e+02 5.8217498779e+02 5.8217102051e+02 5.8211199951e+02 5.8200598145e+02 5.8189801025e+02 5.8186602783e+02 5.8184002686e+02 5.8180902100e+02 5.8180499268e+02 5.8178997803e+02 5.8171502686e+02 5.8161700439e+02 5.8152301025e+02 5.8146301270e+02 5.8142401123e+02 5.8139300537e+02 5.8135601807e+02 5.8128100586e+02 5.8121600342e+02 5.8122100830e+02 5.8124499512e+02 5.8119897461e+02 5.8124298096e+02 5.8129797363e+02 5.8126000977e+02 5.8122900391e+02 5.8130603027e+02 5.8147100830e+02 5.8162298584e+02 5.8182000732e+02 5.8199597168e+02 5.8199102783e+02 5.8185198975e+02 5.8176702881e+02 5.8172198486e+02 5.8166900635e+02 5.8159899902e+02 5.8154699707e+02 5.8152099609e+02 5.8147100830e+02 5.8140197754e+02 5.8135101318e+02
5.8225598145e+02 5.8215802002e+02 5.8205902100e+02 5.8197698975e+02 5.8195098877e+02 5.8193597412e+02 5.8186602783e+02 5.8176000977e+02 5.8168798828e+02 5.8165100098e+02 5.8161901855e+02 5.8159197998e+02 5.8159100342e+02 5.8159802246e+02 5.8155200195e+02 5.8147399902e+02 5.8141900635e+02 5.8130102539e+02 5.8123797607e+02 5.8119702148e+02 5.8121301270e+02 5.8113800049e+02 5.8106500244e+02 5.8103900146e+02 5.8104699707e+02 5.8103802490e+02 5.8104302979e+02 5.8104199219e+02 5.8099798584e+02 5.8097601318e+02 5.8103302002e+02 5.8111700439e+02 5.8120898438e+02 5.8135400391e+02 5.8160302734e+02 5.8181597900e+02 5.8186499023e+02 5.8172302246e+02 5.8165002441e+02 5.8159497070e+02 5.8153002930e+02 5.8147302246e+02 5.8144201660e+02 5.8139398193e+02 5.8132598877e+02 5.8128802490e+02
5.8202197266e+02 5.8191900635e+02 5.8178100586e+02 5.8165997314e+02 5.8163299561e+02 5.8169000244e+02 5.8168298340e+02 5.8164001465e+02 5.8159997559e+02 5.8157397461e+02 5.8151000977e+02 5.8143298340e+02 5.8138299561e+02 5.8136102295e+02 5.8134002686e+02 5.8130200195e+02 5.8123498535e+02 5.8115100098e+02 5.8109100342e+02 5.8105999756e+02 5.8106799316e+02 5.8104101563e+02 5.8098797607e+02 5.8094500732e+02 5.8092498779e+02 5.8088800049e+02 5.8087298584e+02 5.8086700439e+02 5.8086499023e+02 5.8084600830e+02 5.8088000488e+02 5.8095599365e+02 5.8103002930e+02 5.8111602783e+02 5.8127099609e+02 5.8144396973e+02 5.8161499023e+02 5.8164099121e+02 5.8159600830e+02 5.8152801514e+02 5.8146197510e+02 5.8140997314e+02 5.8137902832e+02 5.8132702637e+02 5.8126702881e+02 5.8121398926e+02
5.8179998779e+02 5.8166998291e+02 5.8146899414e+02 5.8128497314e+02 5.8123199463e+02 5.8135797119e+02 5.8145898438e+02 5.8150201416e+02 5.8150299072e+02 5.8147601318e+02 5.8139001465e+02 5.8127502441e+02 5.8117901611e+02 5.8111102295e+02 5.8107202148e+02 5.8104101563e+02 5.8099798584e+02 5.8093902588e+02 5.8089001465e+02 5.8086700439e+02 5.8086999512e+02 5.8085400391e+02 5.8081597900e+02 5.8077697754e+02 5.8075097656e+02 5.8070098877e+02 5.8068499756e+02 5.8069000244e+02 5.8072198486e+02 5.8073901367e+02 5.8079498291e+02 5.8087402344e+02 5.8093298340e+02 5.8098400879e+02 5.8108599854e+02 5.8121697998e+02 5.8136700439e+02 5.8149401855e+02 5.8152899170e+02 5.8148199463e+02 5.8142700195e+02 5.8136297607e+02 5.8132897949e+02 5.8127502441e+02 5.8121197510e+02 5.8115502930e+02
5.8146697998e+02 5.8131500244e+02 5.8109997559e+02 5.8091497803e+02 5.8088201904e+02 5.8104998779e+02 5.8121002197e+02 5.8129998779e+02 5.8132098389e+02 5.8129199219e+02 5.8120501709e+02 5.8108300781e+02 5.8097399902e+02 5.8086499023e+02 5.8080297852e+02 5.8076800537e+02 5.8074102783e+02 5.8069598389e+02 5.8065399170e+02 5.8063598633e+02 5.8063201904e+02 5.8061602783e+02 5.8059301758e+02 5.8056799316e+02 5.8055603027e+02 5.8052197266e+02 5.8051702881e+02 5.8053399658e+02 5.8057098389e+02 5.8062500000e+02 5.8072399902e+02 5.8081201172e+02 5.8085498047e+02 5.8089697266e+02 5.8096697998e+02 5.8106402588e+02 5.8115997314e+02 5.8130902100e+02 5.8142401123e+02 5.8142700195e+02 5.8137902832e+02 5.8130200195e+02 5.8127001953e+02 5.8122302246e+02 5.8115502930e+02 5.8108801270e+02
5.8098999023e+02 5.8091900635e+02 5.8082299805e+02 5.8074200439e+02 5.8074200439e+02 5.8081896973e+02 5.8092297363e+02 5.8100201416e+02 5.8103802490e+02 5.8102301025e+02 5.8095001221e+02 5.8085601807e+02 5.8075799561e+02 5.8065100098e+02 5.8057299805e+02 5.8052301025e+02 5.8047497559e+02 5.8044799805e+02 5.8041400146e+02 5.8039599609e+02 5.8039300537e+02 5.8040802002e+02 5.8040301514e+02 5.8039599609e+02 5.8039001465e+02 5.8038598633e+02 5.8040802002e+02 5.8042700195e+02 5.8043597412e+02 5.8054302979e+02 5.8066900635e+02 5.8075299072e+02 5.8075701904e+02 5.8077301025e+02 5.8084197998e+02 5.8092700195e+02 5.8101202393e+02 5.8112097168e+02 5.8126397705e+02 5.8132397461e+02 5.8129498291e+02 5.8123400879e+02 5.8121398926e+02 5.8117602539e+02 5.8111700439e+02 5.8105200195e+02
5.8078997803e+02 5.8073901367e+02 5.8067999268e+02 5.8062701416e+02 5.8058502197e+02 5.8061700439e+02 5.8066699219e+02 5.8071398926e+02 5.8073400879e+02 5.8069598389e+02 5.8063397217e+02 5.8057299805e+02 5.8052899170e+02 5.8044201660e+02 5.8036199951e+02 5.8030700684e+02 5.8028900146e+02 5.8027697754e+02 5.8027099609e+02 5.8027502441e+02 5.8028997803e+02 5.8029797363e+02 5.8030297852e+02 5.8030902100e+02 5.8032702637e+02 5.8033300781e+02 5.8035101318e+02 5.8036401367e+02 5.8036499023e+02 5.8048400879e+02 5.8061199951e+02 5.8068902588e+02 5.8070001221e+02 5.8069500732e+02 5.8073699951e+02 5.8078802490e+02 5.8084899902e+02 5.8093597412e+02 5.8107598877e+02 5.8119396973e+02 5.8121697998e+02 5.8117401123e+02 5.8113299561e+02 5.8108898926e+02 5.8104101563e+02 5.8098602295e+02
5.8061102295e+02 5.8057702637e+02 5.8053100586e+02 5.8049102783e+02 5.8044702148e+02 5.8044000244e+02 5.8046002197e+02 5.8047802734e+02 5.8046801758e+02 5.8041802979e+02 5.8036999512e+02 5.8033300781e+02 5.8031701660e+02 5.8024401855e+02 5.8018701172e+02 5.8015997314e+02 5.8016699219e+02 5.8017498779e+02 5.8019396973e+02 5.8022100830e+02 5.8025598145e+02 5.8027099609e+02 5.8027899170e+02 5.8028802490e+02 5.8030200195e+02 5.8030999756e+02 5.8031799316e+02 5.8032299805e+02 5.8032897949e+02 5.8041198730e+02 5.8051800537e+02 5.8059301758e+02 5.8062701416e+02 5.8065600586e+02 5.8068103027e+02 5.8069799805e+02 5.8072998047e+02 5.8078100586e+02 5.8089398193e+02 5.8103698730e+02 5.8111798096e+02 5.8111297607e+02 5.8107501221e+02 5.8103698730e+02 5.8100097656e+02 5.8095001221e+02
5.8044702148e+02 5.8041998291e+02 5.8038702393e+02 5.8036102295e+02 5.8032299805e+02 5.8029302979e+02 5.8028900146e+02 5.8028399658e+02 5.8025598145e+02 5.8020202637e+02 5.8016302490e+02 5.8014501953e+02 5.8013800049e+02 5.8009301758e+02 5.8007501221e+02 5.8008898926e+02 5.8011401367e+02 5.8013201904e+02 5.8017102051e+02 5.8021301270e+02 5.8026300049e+02 5.8028802490e+02 5.8029797363e+02 5.8030102539e+02 5.8030401611e+02 5.8031701660e+02 5.8031799316e+02 5.8031701660e+02 5.8032598877e+02 5.8035601807e+02 5.8041699219e+02 5.8047497559e+02 5.8052600098e+02 5.8057598877e+02 5.8059600830e+02 5.8059899902e+02 5.8061499023e+02 5.8064202881e+02 5.8071801758e+02 5.8085998535e+02 5.8097399902e+02 5.8102502441e+02 5.8101397705e+02 5.8097198486e+02 5.8093902588e+02 5.8088397217e+02
5.8030603027e+02 5.8026599121e+02 5.8024401855e+02 5.8022802734e+02 5.8021301270e+02 5.8018499756e+02 5.8017297363e+02 5.8015997314e+02 5.8018298340e+02 5.8008398438e+02 5.8004400635e+02 5.8002398682e+02 5.8002301025e+02 5.8001300049e+02 5.8003802490e+02 5.8007702637e+02 5.8012902832e+02 5.8014898682e+02 5.8019097900e+02 5.8023101807e+02 5.8027001953e+02 5.8029602051e+02 5.8030798340e+02 5.8031500244e+02 5.8032800293e+02 5.8034100342e+02 5.8034698486e+02 5.8034698486e+02 5.8035400391e+02 5.8034600830e+02 5.8036199951e+02 5.8039202881e+02 5.8042297363e+02 5.8045599365e+02 5.8046398926e+02 5.8046502686e+02 5.8047698975e+02 5.8051599121e+02 5.8056201172e+02 5.8068298340e+02 5.8082598877e+02 5.8092700195e+02 5.8095697021e+02 5.8091802979e+02 5.8088000488e+02 5.8082202148e+02
5.8013299561e+02 5.8010498047e+02 5.8009002686e+02 5.8008001709e+02 5.8007299805e+02 5.8006597900e+02 5.8006097412e+02 5.8005700684e+02 5.8004101563e+02 5.7999597168e+02 5.7997100830e+02 5.7995697021e+02 5.7996600342e+02 5.7999102783e+02 5.8001599121e+02 5.8004797363e+02 5.8009497070e+02 5.8014099121e+02 5.8017498779e+02 5.8020800781e+02 5.8023699951e+02 5.8025598145e+02 5.8027502441e+02 5.8029400635e+02 5.8031799316e+02 5.8034301758e+02 5.8035699463e+02 5.8036499023e+02 5.8036999512e+02 5.8036999512e+02 5.8038098145e+02 5.8038598633e+02 5.8037597656e+02 5.8039697266e+02 5.8040899658e+02 5.8042498779e+02 5.8043499756e+02 5.8043597412e+02 5.8046002197e+02 5.8056701660e+02 5.8071502686e+02 5.8085101318e+02 5.8089001465e+02 5.8084899902e+02 5.8080102539e+02 5.8076202393e+02
5.7995599365e+02 5.7993798828e+02 5.7993103027e+02 5.7992999268e+02 5.7993298340e+02 5.7993103027e+02 5.7992901611e+02 5.7992700195e+02 5.7991101074e+02 5.7988702393e+02 5.7988098145e+02 5.7988397217e+02 5.7991400146e+02 5.7995098877e+02 5.7997601318e+02 5.8000897217e+02 5.8005297852e+02 5.8009698486e+02 5.8013201904e+02 5.8016601563e+02 5.8019598389e+02 5.8021899414e+02 5.8024401855e+02 5.8026702881e+02 5.8029699707e+02 5.8032299805e+02 5.8034002686e+02 5.8035498047e+02 5.8036602783e+02 5.8037902832e+02 5.8038500977e+02 5.8038800049e+02 5.8037097168e+02 5.8038702393e+02 5.8039801025e+02 5.8042102051e+02 5.8042999268e+02 5.8041802979e+02 5.8042297363e+02 5.8049401855e+02 5.8061999512e+02 5.8077697754e+02 5.8083001709e+02 5.8078997803e+02 5.8072998047e+02 5.8068701172e+02
5.7977398682e+02 5.7976800537e+02 5.7976898193e+02 5.7977697754e+02 5.7978997803e+02 5.7979602051e+02 5.7979901123e+02 5.7980102539e+02 5.7979498291e+02 5.7979302979e+02 5.7980603027e+02 5.7982501221e+02 5.7986499023e+02 5.7990197754e+02 5.7992901611e+02 5.7996301270e+02 5.8000402832e+02 5.8004400635e+02 5.8007897949e+02 5.8011401367e+02 5.8014697266e+02 5.8017498779e+02 5.8020501709e+02 5.8023297119e+02 5.8026202393e+02 5.8028198242e+02 5.8030102539e+02 5.8032098389e+02 5.8034698486e+02 5.8037200928e+02 5.8037402344e+02 5.8037902832e+02 5.8036602783e+02 5.8039099121e+02 5.8039398193e+02 5.8041198730e+02 5.8041699219e+02 5.8041101074e+02 5.8041601563e+02 5.8047399902e+02 5.8058398438e+02 5.8072302246e+02 5.8077600098e+02 5.8073797607e+02 5.8066900635e+02 5.8061999512e+02
5.7958502197e+02 5.7958599854e+02 5.7959899902e+02 5.7961999512e+02 5.7964398193e+02 5.7966101074e+02 5.7967797852e+02 5.7969299316e+02 5.7972198486e+02 5.7972900391e+02 5.7975799561e+02 5.7978900146e+02 5.7982202148e+02 5.7984399414e+02 5.7987500000e+02 5.7990899658e+02 5.7994097900e+02 5.7997900391e+02 5.8001397705e+02 5.8004901123e+02 5.8008398438e+02 5.8012402344e+02 5.8015802002e+02 5.8019000244e+02 5.8021398926e+02 5.8023297119e+02 5.8025097656e+02 5.8027197266e+02 5.8031597900e+02 5.8035498047e+02 5.8035302734e+02 5.8034802246e+02 5.8031500244e+02 5.8032501221e+02 5.8033801270e+02 5.8035400391e+02 5.8036401367e+02 5.8036901855e+02 5.8038702393e+02 5.8045800781e+02 5.8056201172e+02 5.8065997314e+02 5.8070300293e+02 5.8067999268e+02 5.8061999512e+02 5.8058801270e+02
5.7939398193e+02 5.7939801025e+02 5.7941998291e+02 5.7945501709e+02 5.7949401855e+02 5.7952801514e+02 5.7956097412e+02 5.7959399414e+02 5.7961999512e+02 5.7965399170e+02 5.7969201660e+02 5.7972601318e+02 5.7975201416e+02 5.7978002930e+02 5.7981500244e+02 5.7984899902e+02 5.7988000488e+02 5.7991198730e+02 5.7994799805e+02 5.7998400879e+02 5.8002502441e+02 5.8006799316e+02 5.8010601807e+02 5.8014001465e+02 5.8017498779e+02 5.8020001221e+02 5.8021502686e+02 5.8022802734e+02 5.8025000000e+02 5.8028399658e+02 5.8027801514e+02 5.8026501465e+02 5.8025402832e+02 5.8026202393e+02 5.8026599121e+02 5.8030102539e+02 5.8032800293e+02 5.8032000732e+02 5.8032800293e+02 5.8038500977e+02 5.8048297119e+02 5.8056597900e+02 5.8061297607e+02 5.8060900879e+02 5.8056097412e+02 5.8052600098e+02
5.7920599365e+02 5.7921997070e+02 5.7925097656e+02 5.7929302979e+02 5.7934698486e+02 5.7939697266e+02 5.7944000244e+02 5.7948199463e+02 5.7952001953e+02 5.7956201172e+02 5.7960498047e+02 5.7964501953e+02 5.7967999268e+02 5.7971502686e+02 5.7975097656e+02 5.7978601074e+02 5.7981701660e+02 5.7984997559e+02 5.7988598633e+02 5.7992297363e+02 5.7996398926e+02 5.8001098633e+02 5.8005200195e+02 5.8009100342e+02 5.8013201904e+02 5.8016400146e+02 5.8017797852e+02 5.8018701172e+02 5.8019097900e+02 5.8020501709e+02 5.8019201660e+02 5.8017999268e+02 5.8018701172e+02 5.8019702148e+02 5.8019500732e+02 5.8022698975e+02 5.8025598145e+02 5.8025299072e+02 5.8026599121e+02 5.8030798340e+02 5.8038098145e+02 5.8046600342e+02 5.8052301025e+02 5.8053601074e+02 5.8051098633e+02 5.8047100830e+02
5.7902099609e+02 5.7904400635e+02 5.7908300781e+02 5.7913397217e+02 5.7920202637e+02 5.7926599121e+02 5.7932000732e+02 5.7937298584e+02 5.7941998291e+02 5.7946997070e+02 5.7951898193e+02 5.7956500244e+02 5.7960699463e+02 5.7964599609e+02 5.7968402100e+02 5.7972100830e+02 5.7975402832e+02 5.7978698730e+02 5.7982397461e+02 5.7986102295e+02 5.7990301514e+02 5.7995300293e+02 5.7999597168e+02 5.8003802490e+02 5.8008599854e+02 5.8012402344e+02 5.8014099121e+02 5.8014801025e+02 5.8015197754e+02 5.8015399170e+02 5.8013598633e+02 5.8012200928e+02 5.8011999512e+02 5.8013000488e+02 5.8013201904e+02 5.8015502930e+02 5.8018200684e+02 5.8019299316e+02 5.8021099854e+02 5.8023602295e+02 5.8027502441e+02 5.8036499023e+02 5.8043103027e+02 5.8046099854e+02 5.8046002197e+02 5.8042700195e+02
