TESTSERVER/6/0.asc
NCOLS 100
NROWS 100
XLLCORNER 7.7997500000e+03
YLLCORNER 2.8995025000e+05
CELLSIZE 5.0000000000e-01
NODATA_VALUE -9.9990000000e+03
[rows 40 to 59 of 100, columns 0 to 45 of 100]
6.6103900146e+02 6.6105200195e+02 6.6109002686e+02 6.6107098389e+02 6.6105603027e+02 6.6104302979e+02 6.6103002930e+02 6.6101599121e+02 6.6099597168e+02 6.6098602295e+02 6.6097302246e+02 6.6097802734e+02 6.6099401855e+02 6.6099798584e+02 6.6095202637e+02 6.6096801758e+02 6.6096899414e+02 6.6095098877e+02 6.6095501709e+02 6.6095098877e+02 6.6093200684e+02 6.6089898682e+02 6.6088201904e+02 6.6085900879e+02 6.6082598877e+02 6.6078900146e+02 6.6076397705e+02 6.6074798584e+02 6.6070599365e+02 6.6065997314e+02 6.6061499023e+02 6.6053100586e+02 6.6046099854e+02 6.6036901855e+02 6.6026397705e+02 6.6018499756e+02 6.6010797119e+02 6.6004602051e+02 6.5996899414e+02 6.5988397217e+02 6.5981201172e+02 6.5976397705e+02 6.5973297119e+02 6.5968103027e+02 6.5962097168e+02 6.5959197998e+02
6.6101202393e+02 6.6101599121e+02 6.6104302979e+02 6.6104400635e+02 6.6103802490e+02 6.6101397705e+02 6.6097399902e+02 6.6097302246e+02 6.6096398926e+02 6.6095397949e+02 6.6093902588e+02 6.6093701172e+02 6.6094000244e+02 6.6092797852e+02 6.6091400146e+02 6.6091302490e+02 6.6090698242e+02 6.6088098145e+02 6.6088000488e+02 6.6089001465e+02 6.6087701416e+02 6.6084698486e+02 6.6082598877e+02 6.6079199219e+02 6.6076098633e+02 6.6070501709e+02 6.6066601563e+02 6.6064300537e+02 6.6059997559e+02 6.6053997803e+02 6.6047601318e+02 6.6039398193e+02 6.6032598877e+02 6.6024401855e+02 6.6014099121e+02 6.6007098389e+02 6.5997900391e+02 6.5990698242e+02 6.5982299805e+02 6.5974700928e+02 6.5967901611e+02 6.5961901855e+02 6.5957800293e+02 6.5952197266e+02 6.5945501709e+02 6.5942797852e+02
6.6093597412e+02 6.6094299316e+02 6.6096801758e+02 6.6098297119e+02 6.6099597168e+02 6.6099499512e+02 6.6095098877e+02 6.6092901611e+02 6.6090802002e+02 6.6089300537e+02 6.6087597656e+02 6.6088000488e+02 6.6087597656e+02 6.6085601807e+02 6.6086901855e+02 6.6085198975e+02 6.6084301758e+02 6.6082098389e+02 6.6081799316e+02 6.6082897949e+02 6.6078698730e+02 6.6075201416e+02 6.6074798584e+02 6.6070098877e+02 6.6067797852e+02 6.6062298584e+02 6.6056402588e+02 6.6053997803e+02 6.6049798584e+02 6.6043103027e+02 6.6036297607e+02 6.6028399658e+02 6.6020300293e+02 6.6010998535e+02 6.6001000977e+02 6.5994598389e+02 6.5983697510e+02 6.5975000000e+02 6.5965698242e+02 6.5958502197e+02 6.5952301025e+02 6.5945501709e+02 6.5939099121e+02 6.5934997559e+02 6.5929797363e+02 6.5924200439e+02
6.6084399414e+02 6.6086401367e+02 6.6089398193e+02 6.6090197754e+02 6.6091400146e+02 6.6093402100e+02 6.6089801025e+02 6.6087298584e+02 6.6084698486e+02 6.6082598877e+02 6.6082397461e+02 6.6083001709e+02 6.6082702637e+02 6.6080297852e+02 6.6080102539e+02 6.6077502441e+02 6.6076397705e+02 6.6075000000e+02 6.6073999023e+02 6.6073602295e+02 6.6069299316e+02 6.6066900635e+02 6.6065399170e+02 6.6059698486e+02 6.6056298828e+02 6.6050598145e+02 6.6044799805e+02 6.6041400146e+02 6.6036700439e+02 6.6029797363e+02 6.6023602295e+02 6.6015600586e+02 6.6006799316e+02 6.5997698975e+02 6.5986602783e+02 6.5980401611e+02 6.5969396973e+02 6.5959197998e+02 6.5948901367e+02 6.5940100098e+02 6.5933801270e+02 6.5927502441e+02 6.5920697021e+02 6.5914501953e+02 6.5908300781e+02 6.5903802490e+02
6.6074700928e+02 6.6077899170e+02 6.6084399414e+02 6.6084600830e+02 6.6083197021e+02 6.6084497070e+02 6.6084197998e+02 6.6084899902e+02 6.6082202148e+02 6.6077301025e+02 6.6074798584e+02 6.6075299072e+02 6.6075799561e+02 6.6073901367e+02 6.6072497559e+02 6.6070300293e+02 6.6068298340e+02 6.6066900635e+02 6.6069000244e+02 6.6064501953e+02 6.6059100342e+02 6.6055999756e+02 6.6052398682e+02 6.6048101807e+02 6.6043200684e+02 6.6037402344e+02 6.6034100342e+02 6.6028399658e+02 6.6022698975e+02 6.6015802002e+02 6.6009497070e+02 6.6001702881e+02 6.5991900635e+02 6.5983001709e+02 6.5972399902e+02 6.5965600586e+02 6.5955200195e+02 6.5945202637e+02 6.5935498047e+02 6.5924798584e+02 6.5916497803e+02 6.5909600830e+02 6.5902801514e+02 6.5893298340e+02 6.5887402344e+02 6.5886199951e+02
6.6065899658e+02 6.6068298340e+02 6.6074298096e+02 6.6074597168e+02 6.6073901367e+02 6.6075299072e+02 6.6076098633e+02 6.6076702881e+02 6.6072900391e+02 6.6071301270e+02 6.6069702148e+02 6.6068402100e+02 6.6068402100e+02 6.6066699219e+02 6.6066400146e+02 6.6066601563e+02 6.6065002441e+02 6.6063098145e+02 6.6062799072e+02 6.6056597900e+02 6.6049200439e+02 6.6044897461e+02 6.6039398193e+02 6.6033398438e+02 6.6029699707e+02 6.6026202393e+02 6.6023101807e+02 6.6017102051e+02 6.6010400391e+02 6.6003302002e+02 6.5996099854e+02 6.5988000488e+02 6.5979797363e+02 6.5971398926e+02 6.5959698486e+02 6.5951300049e+02 6.5943200684e+02 6.5935302734e+02 6.5923400879e+02 6.5910601807e+02 6.5901202393e+02 6.5891101074e+02 6.5882501221e+02 6.5875201416e+02 6.5871002197e+02 6.5869702148e+02
6.6056597900e+02 6.6059197998e+02 6.6065802002e+02 6.6065197754e+02 6.6064202881e+02 6.6062799072e+02 6.6061499023e+02 6.6062402344e+02 6.6061102295e+02 6.6062902832e+02 6.6062200928e+02 6.6060699463e+02 6.6059997559e+02 6.6057598877e+02 6.6057397461e+02 6.6057897949e+02 6.6055700684e+02 6.6053100586e+02 6.6051098633e+02 6.6047302246e+02 6.6040899658e+02 6.6036798096e+02 6.6031896973e+02 6.6024902344e+02 6.6022100830e+02 6.6018402100e+02 6.6012298584e+02 6.6004302979e+02 6.5996502686e+02 6.5988800049e+02 6.5982598877e+02 6.5975500488e+02 6.5966101074e+02 6.5957501221e+02 6.5945599365e+02 6.5937298584e+02 6.5930102539e+02 6.5920898438e+02 6.5908099365e+02 6.5896197510e+02 6.5885101318e+02 6.5874298096e+02 6.5865899658e+02 6.5859698486e+02 6.5854602051e+02 6.5851599121e+02
6.6043298340e+02 6.6047399902e+02 6.6053302002e+02 6.6053900146e+02 6.6055297852e+02 6.6053198242e+02 6.6048498535e+02 6.6049102783e+02 6.6049700928e+02 6.6052099609e+02 6.6051501465e+02 6.6051702881e+02 6.6051501465e+02 6.6046899414e+02 6.6045202637e+02 6.6044897461e+02 6.6043103027e+02 6.6040698242e+02 6.6039300537e+02 6.6036901855e+02 6.6031298828e+02 6.6026397705e+02 6.6022302246e+02 6.6016302490e+02 6.6013201904e+02 6.6007397461e+02 6.6000799561e+02 6.5991699219e+02 6.5985400391e+02 6.5978002930e+02 6.5969000244e+02 6.5961798096e+02 6.5951098633e+02 6.5941802979e+02 6.5930603027e+02 6.5924700928e+02 6.5915899658e+02 6.5904101563e+02 6.5892498779e+02 6.5883697510e+02 6.5871002197e+02 6.5859399414e+02 6.5850598145e+02 6.5843597412e+02 6.5838098145e+02 6.5834600830e+02
6.6028198242e+02 6.6033300781e+02 6.6041198730e+02 6.6043701172e+02 6.6042999268e+02 6.6041302490e+02 6.6038702393e+02 6.6039001465e+02 6.6038702393e+02 6.6039202881e+02 6.6039099121e+02 6.6039898682e+02 6.6043499756e+02 6.6040502930e+02 6.6037701416e+02 6.6035699463e+02 6.6032897949e+02 6.6030798340e+02 6.6027197266e+02 6.6025897217e+02 6.6020898438e+02 6.6014398193e+02 6.6007598877e+02 6.6004302979e+02 6.6000897217e+02 6.5994097900e+02 6.5986700439e+02 6.5976898193e+02 6.5972497559e+02 6.5966900635e+02 6.5957202148e+02 6.5948498535e+02 6.5937402344e+02 6.5926898193e+02 6.5914001465e+02 6.5910601807e+02 6.5901397705e+02 6.5887902832e+02 6.5877697754e+02 6.5869702148e+02 6.5858099365e+02 6.5846197510e+02 6.5836499023e+02 6.5829699707e+02 6.5823999023e+02 6.5818798828e+02
6.6011602783e+02 6.6015802002e+02 6.6024102783e+02 6.6029498291e+02 6.6029400635e+02 6.6028601074e+02 6.6026000977e+02 6.6027697754e+02 6.6027801514e+02 6.6027899170e+02 6.6029101563e+02 6.6027600098e+02 6.6030798340e+02 6.6029998779e+02 6.6026000977e+02 6.6024298096e+02 6.6023901367e+02 6.6021899414e+02 6.6017401123e+02 6.6012097168e+02 6.6006896973e+02 6.6003601074e+02 6.5998999023e+02 6.5991699219e+02 6.5985302734e+02 6.5978698730e+02 6.5970800781e+02 6.5961999512e+02 6.5956701660e+02 6.5949499512e+02 6.5943798828e+02 6.5935601807e+02 6.5925201416e+02 6.5912799072e+02 6.5898297119e+02 6.5893103027e+02 6.5884497070e+02 6.5871899414e+02 6.5863598633e+02 6.5852600098e+02 6.5842901611e+02 6.5831799316e+02 6.5822198486e+02 6.5813702393e+02 6.5805603027e+02 6.5799298096e+02
6.5997497559e+02 6.6000402832e+02 6.6006701660e+02 6.6012597656e+02 6.6013598633e+02 6.6015002441e+02 6.6014001465e+02 6.6015399170e+02 6.6015698242e+02 6.6016101074e+02 6.6017797852e+02 6.6015502930e+02 6.6016802979e+02 6.6015899658e+02 6.6013098145e+02 6.6013800049e+02 6.6013299561e+02 6.6009997559e+02 6.6006500244e+02 6.6000402832e+02 6.5993402100e+02 6.5990002441e+02 6.5985699463e+02 6.5978601074e+02 6.5972802734e+02 6.5966699219e+02 6.5957800293e+02 6.5948602295e+02 6.5942602539e+02 6.5934802246e+02 6.5928302002e+02 6.5921697998e+02 6.5911700439e+02 6.5897802734e+02 6.5883697510e+02 6.5877301025e+02 6.5868701172e+02 6.5859197998e+02 6.5851202393e+02 6.5837902832e+02 6.5829498291e+02 6.5817999268e+02 6.5807098389e+02 6.5796197510e+02 6.5787701416e+02 6.5783300781e+02
6.5981097412e+02 6.5984002686e+02 6.5989398193e+02 6.5996502686e+02 6.5996899414e+02 6.5998297119e+02 6.5998400879e+02 6.6000799561e+02 6.6002197266e+02 6.6002801514e+02 6.6003997803e+02 6.6002197266e+02 6.6003900146e+02 6.6003601074e+02 6.6001501465e+02 6.6000201416e+02 6.5999401855e+02 6.5997399902e+02 6.5995001221e+02 6.5988397217e+02 6.5980401611e+02 6.5975897217e+02 6.5969799805e+02 6.5964697266e+02 6.5960198975e+02 6.5954199219e+02 6.5945599365e+02 6.5935302734e+02 6.5928198242e+02 6.5919396973e+02 6.5911297607e+02 6.5904998779e+02 6.5895898438e+02 6.5885101318e+02 6.5872601318e+02 6.5865100098e+02 6.5853399658e+02 6.5843902588e+02 6.5835302734e+02 6.5821600342e+02 6.5812500000e+02 6.5801702881e+02 6.5792102051e+02 6.5780499268e+02 6.5771899414e+02 6.5769000244e+02
6.5961999512e+02 6.5965997314e+02 6.5971502686e+02 6.5979602051e+02 6.5981799316e+02 6.5985101318e+02 6.5984997559e+02 6.5987597656e+02 6.5989599609e+02 6.5989501953e+02 6.5990899658e+02 6.5991802979e+02 6.5994500732e+02 6.5993103027e+02 6.5991699219e+02 6.5988702393e+02 6.5986602783e+02 6.5985797119e+02 6.5984899902e+02 6.5975201416e+02 6.5966400146e+02 6.5962799072e+02 6.5956799316e+02 6.5949798584e+02 6.5943701172e+02 6.5937701416e+02 6.5929998779e+02 6.5922802734e+02 6.5915698242e+02 6.5906896973e+02 6.5900598145e+02 6.5890802002e+02 6.5880603027e+02 6.5870397949e+02 6.5858599854e+02 6.5851501465e+02 6.5838299561e+02 6.5828997803e+02 6.5819201660e+02 6.5808801270e+02 6.5798297119e+02 6.5786999512e+02 6.5775701904e+02 6.5765502930e+02 6.5755499268e+02 6.5751800537e+02
6.5947900391e+02 6.5950201416e+02 6.5955902100e+02 6.5964801025e+02 6.5966802979e+02 6.5970300293e+02 6.5970300293e+02 6.5973901367e+02 6.5976000977e+02 6.5975799561e+02 6.5976800537e+02 6.5978802490e+02 6.5981298828e+02 6.5978698730e+02 6.5979199219e+02 6.5978399658e+02 6.5973101807e+02 6.5969598389e+02 6.5968798828e+02 6.5963702393e+02 6.5954302979e+02 6.5947198486e+02 6.5943103027e+02 6.5936901855e+02 6.5931298828e+02 6.5924499512e+02 6.5916302490e+02 6.5909698486e+02 6.5902197266e+02 6.5894799805e+02 6.5886499023e+02 6.5878698730e+02 6.5867602539e+02 6.5856201172e+02 6.5845098877e+02 6.5837298584e+02 6.5826098633e+02 6.5815698242e+02 6.5802600098e+02 6.5789300537e+02 6.5779602051e+02 6.5769799805e+02 6.5759600830e+02 6.5748901367e+02 6.5738299561e+02 6.5734497070e+02
6.5933697510e+02 6.5934399414e+02 6.5940502930e+02 6.5948297119e+02 6.5948297119e+02 6.5951898193e+02 6.5955200195e+02 6.5959600830e+02 6.5962902832e+02 6.5963500977e+02 6.5963299561e+02 6.5962597656e+02 6.5964501953e+02 6.5964300537e+02 6.5965997314e+02 6.5965698242e+02 6.5961297607e+02 6.5958197021e+02 6.5954400635e+02 6.5947900391e+02 6.5940100098e+02 6.5934399414e+02 6.5931799316e+02 6.5922900391e+02 6.5916601563e+02 6.5910699463e+02 6.5901702881e+02 6.5894897461e+02 6.5888299561e+02 6.5881500244e+02 6.5871997070e+02 6.5865502930e+02 6.5854101563e+02 6.5840399170e+02 6.5829199219e+02 6.5822302246e+02 6.5812902832e+02 6.5801800537e+02 6.5788299561e+02 6.5772998047e+02 6.5762402344e+02 6.5750500488e+02 6.5741198730e+02 6.5732098389e+02 6.5721997070e+02 6.5717498779e+02
6.5918402100e+02 6.5920697021e+02 6.5926300049e+02 6.5931298828e+02 6.5931597900e+02 6.5936199951e+02 6.5940899658e+02 6.5944396973e+02 6.5949200439e+02 6.5951702881e+02 6.5951599121e+02 6.5949902344e+02 6.5951702881e+02 6.5951300049e+02 6.5949700928e+02 6.5949597168e+02 6.5947698975e+02 6.5945697021e+02 6.5941302490e+02 6.5931799316e+02 6.5924298096e+02 6.5920202637e+02 6.5917102051e+02 6.5908398438e+02 6.5902801514e+02 6.5897302246e+02 6.5888397217e+02 6.5879998779e+02 6.5872601318e+02 6.5865997314e+02 6.5855700684e+02 6.5847601318e+02 6.5837298584e+02 6.5825201416e+02 6.5815301514e+02 6.5805999756e+02 6.5795501709e+02 6.5784002686e+02 6.5771899414e+02 6.5757897949e+02 6.5746099854e+02 6.5732299805e+02 6.5723297119e+02 6.5714300537e+02 6.5704302979e+02 6.5699798584e+02
6.5900701904e+02 6.5905798340e+02 6.5912500000e+02 6.5914501953e+02 6.5915698242e+02 6.5920501709e+02 6.5921899414e+02 6.5928802490e+02 6.5933099365e+02 6.5935101318e+02 6.5934399414e+02 6.5935699463e+02 6.5939202881e+02 6.5939697266e+02 6.5938201904e+02 6.5935498047e+02 6.5931701660e+02 6.5928399658e+02 6.5925598145e+02 6.5919799805e+02 6.5912298584e+02 6.5907000732e+02 6.5902502441e+02 6.5896899414e+02 6.5891101074e+02 6.5884002686e+02 6.5874298096e+02 6.5866802979e+02 6.5857000732e+02 6.5847998047e+02 6.5839202881e+02 6.5832000732e+02 6.5820800781e+02 6.5811999512e+02 6.5807098389e+02 6.5792700195e+02 6.5779797363e+02 6.5766601563e+02 6.5752301025e+02 6.5738500977e+02 6.5726599121e+02 6.5713897705e+02 6.5707702637e+02 6.5696801758e+02 6.5686199951e+02 6.5682299805e+02
6.5888397217e+02 6.5890899658e+02 6.5895501709e+02 6.5898797607e+02 6.5899597168e+02 6.5905200195e+02 6.5906402588e+02 6.5911798096e+02 6.5915301514e+02 6.5916497803e+02 6.5919000244e+02 6.5918701172e+02 6.5923297119e+02 6.5925598145e+02 6.5922900391e+02 6.5920501709e+02 6.5917602539e+02 6.5914099121e+02 6.5908898926e+02 6.5904400635e+02 6.5899102783e+02 6.5894299316e+02 6.5889398193e+02 6.5881701660e+02 6.5873297119e+02 6.5867498779e+02 6.5860400391e+02 6.5852899170e+02 6.5844201660e+02 6.5834997559e+02 6.5825402832e+02 6.5817102051e+02 6.5805200195e+02 6.5794299316e+02 6.5786102295e+02 6.5775897217e+02 6.5763702393e+02 6.5749798584e+02 6.5736102295e+02 6.5721600342e+02 6.5709002686e+02 6.5698101807e+02 6.5692297363e+02 6.5680902100e+02 6.5670300293e+02 6.5665502930e+02
6.5874102783e+02 6.5875500488e+02 6.5877899170e+02 6.5883502197e+02 6.5885699463e+02 6.5891400146e+02 6.5893402100e+02 6.5896301270e+02 6.5898699951e+02 6.5900402832e+02 6.5904302979e+02 6.5903198242e+02 6.5907702637e+02 6.5909399414e+02 6.5905200195e+02 6.5903900146e+02 6.5902301025e+02 6.5900598145e+02 6.5896997070e+02 6.5893701172e+02 6.5888098145e+02 6.5881500244e+02 6.5874798584e+02 6.5868200684e+02 6.5861102295e+02 6.5853698730e+02 6.5845898438e+02 6.5839099121e+02 6.5830603027e+02 6.5821801758e+02 6.5811901855e+02 6.5802197266e+02 6.5790698242e+02 6.5779602051e+02 6.5770098877e+02 6.5761401367e+02 6.5749298096e+02 6.5736401367e+02 6.5721899414e+02 6.5706201172e+02 6.5693597412e+02 6.5683001709e+02 6.5676000977e+02 6.5665698242e+02 6.5655999756e+02 6.5650500488e+02
6.5860498047e+02 6.5861700439e+02 6.5863098145e+02 6.5870599365e+02 6.5872399902e+02 6.5876501465e+02 6.5879400635e+02 6.5881201172e+02 6.5884802246e+02 6.5888201904e+02 6.5890502930e+02 6.5888098145e+02 6.5891497803e+02 6.5892297363e+02 6.5888201904e+02 6.5888098145e+02 6.5886798096e+02 6.5885900879e+02 6.5882000732e+02 6.5879199219e+02 6.5873400879e+02 6.5866302490e+02 6.5860302734e+02 6.5854199219e+02 6.5849102783e+02 6.5841400146e+02 6.5832702637e+02 6.5825799561e+02 6.5816101074e+02 6.5806597900e+02 6.5797802734e+02 6.5787701416e+02 6.5777301025e+02 6.5767102051e+02 6.5756298828e+02 6.5744396973e+02 6.5733898926e+02 6.5722998047e+02 6.5708898926e+02 6.5692797852e+02 6.5680297852e+02 6.5669201660e+02 6.5660498047e+02 6.5651397705e+02 6.5642199707e+02 6.5635797119e+02
