TESTSERVER/6/0.asc
NCOLS 100
NROWS 100
XLLCORNER 7.7997500000e+03
YLLCORNER 2.8995025000e+05
CELLSIZE 5.0000000000e-01
NODATA_VALUE -9.9990000000e+03
[rows 0 to 19 of 100, columns 46 to 91 of 100]
6.6382598877e+02 6.6383099365e+02 6.6385400391e+02 6.6387500000e+02 6.6389099121e+02 6.6391998291e+02 6.6394500732e+02 6.6395599365e+02 6.6397802734e+02 6.6402197266e+02 6.6402600098e+02 6.6404699707e+02 6.6408398438e+02 6.6409399414e+02 6.6412298584e+02 6.6416101074e+02 6.6416998291e+02 6.6418200684e+02 6.6420397949e+02 6.6423400879e+02 6.6425402832e+02 6.6426000977e+02 6.6427398682e+02 6.6429901123e+02 6.6430902100e+02 6.6432702637e+02 6.6435101318e+02 6.6436499023e+02 6.6435797119e+02 6.6435900879e+02 6.6435400391e+02 6.6435400391e+02 6.6436102295e+02 6.6437701416e+02 6.6435998535e+02 6.6437701416e+02 6.6440502930e+02 6.6437701416e+02 6.6439001465e+02 6.6436798096e+02 6.6437701416e+02 6.6438000488e+02 6.6436297607e+02 6.6435400391e+02 6.6436901855e+02 6.6439202881e+02
6.6374298096e+02 6.6376397705e+02 6.6380700684e+02 6.6383801270e+02 6.6384698486e+02 6.6388897705e+02 6.6390899658e+02 6.6392602539e+02 6.6397100830e+02 6.6398699951e+02 6.6399700928e+02 6.6402502441e+02 6.6405700684e+02 6.6406597900e+02 6.6409497070e+02 6.6413299561e+02 6.6414801025e+02 6.6415899658e+02 6.6418402100e+02 6.6420697021e+02 6.6421301270e+02 6.6422601318e+02 6.6424298096e+02 6.6426898193e+02 6.6428698730e+02 6.6428399658e+02 6.6429101563e+02 6.6429400635e+02 6.6429797363e+02 6.6432098389e+02 6.6431701660e+02 6.6431298828e+02 6.6431896973e+02 6.6434100342e+02 6.6433502197e+02 6.6433502197e+02 6.6434802246e+02 6.6433599854e+02 6.6435900879e+02 6.6433898926e+02 6.6434002686e+02 6.6435400391e+02 6.6433502197e+02 6.6431799316e+02 6.6432501221e+02 6.6432702637e+02
6.6367199707e+02 6.6371197510e+02 6.6377099609e+02 6.6380902100e+02 6.6379797363e+02 6.6383001709e+02 6.6385797119e+02 6.6390100098e+02 6.6395300293e+02 6.6395599365e+02 6.6398297119e+02 6.6401098633e+02 6.6403698730e+02 6.6403698730e+02 6.6406402588e+02 6.6411102295e+02 6.6414099121e+02 6.6414398193e+02 6.6416101074e+02 6.6417797852e+02 6.6418298340e+02 6.6419799805e+02 6.6421697998e+02 6.6423297119e+02 6.6425500488e+02 6.6425097656e+02 6.6425897217e+02 6.6426397705e+02 6.6425598145e+02 6.6428601074e+02 6.6428601074e+02 6.6429498291e+02 6.6429901123e+02 6.6430401611e+02 6.6429998779e+02 6.6429498291e+02 6.6430200195e+02 6.6430902100e+02 6.6432800293e+02 6.6432000732e+02 6.6431597900e+02 6.6433001709e+02 6.6430297852e+02 6.6428399658e+02 6.6429302979e+02 6.6428900146e+02
6.6361901855e+02 6.6366198730e+02 6.6370697021e+02 6.6375201416e+02 6.6375201416e+02 6.6378997803e+02 6.6382800293e+02 6.6386700439e+02 6.6390399170e+02 6.6392999268e+02 6.6396502686e+02 6.6398999023e+02 6.6401300049e+02 6.6401501465e+02 6.6404699707e+02 6.6408599854e+02 6.6410998535e+02 6.6412097168e+02 6.6414099121e+02 6.6415399170e+02 6.6415997314e+02 6.6417199707e+02 6.6419000244e+02 6.6420001221e+02 6.6421099854e+02 6.6421398926e+02 6.6423199463e+02 6.6425402832e+02 6.6424597168e+02 6.6425897217e+02 6.6425701904e+02 6.6427697754e+02 6.6427697754e+02 6.6427697754e+02 6.6427001953e+02 6.6426898193e+02 6.6428497314e+02 6.6427600098e+02 6.6427899170e+02 6.6427697754e+02 6.6427502441e+02 6.6428997803e+02 6.6427099609e+02 6.6425402832e+02 6.6426300049e+02 6.6427001953e+02
6.6352197266e+02 6.6359497070e+02 6.6364300537e+02 6.6368798828e+02 6.6372198486e+02 6.6375000000e+02 6.6378002930e+02 6.6381597900e+02 6.6385998535e+02 6.6389898682e+02 6.6392999268e+02 6.6395202637e+02 6.6397198486e+02 6.6399200439e+02 6.6402001953e+02 6.6404602051e+02 6.6406799316e+02 6.6410198975e+02 6.6412701416e+02 6.6413702393e+02 6.6414801025e+02 6.6415197754e+02 6.6416101074e+02 6.6417797852e+02 6.6418200684e+02 6.6418402100e+02 6.6420898438e+02 6.6423297119e+02 6.6424200439e+02 6.6424902344e+02 6.6423602295e+02 6.6424298096e+02 6.6424499512e+02 6.6424401855e+02 6.6423901367e+02 6.6423901367e+02 6.6425799561e+02 6.6424902344e+02 6.6426202393e+02 6.6425701904e+02 6.6423797607e+02 6.6424700928e+02 6.6424200439e+02 6.6422802734e+02 6.6424200439e+02 6.6422998047e+02
6.6345001221e+02 6.6350402832e+02 6.6357501221e+02 6.6362298584e+02 6.6367102051e+02 6.6372100830e+02 6.6373101807e+02 6.6376800537e+02 6.6383197021e+02 6.6385797119e+02 6.6387597656e+02 6.6390698242e+02 6.6394000244e+02 6.6395800781e+02 6.6398498535e+02 6.6402197266e+02 6.6404101563e+02 6.6407501221e+02 6.6408898926e+02 6.6410797119e+02 6.6413098145e+02 6.6413598633e+02 6.6414599609e+02 6.6416400146e+02 6.6415997314e+02 6.6415698242e+02 6.6416998291e+02 6.6418402100e+02 6.6419702148e+02 6.6420501709e+02 6.6419500732e+02 6.6420800781e+02 6.6421197510e+02 6.6421801758e+02 6.6421301270e+02 6.6421301270e+02 6.6423199463e+02 6.6422698975e+02 6.6422601318e+02 6.6421997070e+02 6.6421502686e+02 6.6422698975e+02 6.6420898438e+02 6.6419396973e+02 6.6419897461e+02 6.6417297363e+02
6.6338500977e+02 6.6344201660e+02 6.6351702881e+02 6.6355603027e+02 6.6360101318e+02 6.6364300537e+02 6.6366699219e+02 6.6371899414e+02 6.6377502441e+02 6.6379498291e+02 6.6382397461e+02 6.6386401367e+02 6.6390600586e+02 6.6391900635e+02 6.6394799805e+02 6.6399102783e+02 6.6400299072e+02 6.6403802490e+02 6.6405603027e+02 6.6407598877e+02 6.6410699463e+02 6.6412200928e+02 6.6413299561e+02 6.6414001465e+02 6.6413800049e+02 6.6414202881e+02 6.6415399170e+02 6.6415698242e+02 6.6416400146e+02 6.6418103027e+02 6.6417401123e+02 6.6419000244e+02 6.6419201660e+02 6.6418103027e+02 6.6418103027e+02 6.6419000244e+02 6.6418902588e+02 6.6418200684e+02 6.6418402100e+02 6.6417602539e+02 6.6418103027e+02 6.6419396973e+02 6.6417297363e+02 6.6416101074e+02 6.6417498779e+02 6.6415698242e+02
6.6330401611e+02 6.6336901855e+02 6.6344598389e+02 6.6347998047e+02 6.6351702881e+02 6.6355200195e+02 6.6361602783e+02 6.6366699219e+02 6.6371502686e+02 6.6373498535e+02 6.6377001953e+02 6.6381701660e+02 6.6385601807e+02 6.6386401367e+02 6.6389599609e+02 6.6394500732e+02 6.6395300293e+02 6.6398199463e+02 6.6400799561e+02 6.6403002930e+02 6.6405700684e+02 6.6407702637e+02 6.6409399414e+02 6.6409997559e+02 6.6410400391e+02 6.6411700439e+02 6.6412799072e+02 6.6412597656e+02 6.6412902832e+02 6.6415002441e+02 6.6414099121e+02 6.6415197754e+02 6.6415997314e+02 6.6414898682e+02 6.6413897705e+02 6.6415100098e+02 6.6416497803e+02 6.6414202881e+02 6.6414599609e+02 6.6413500977e+02 6.6413201904e+02 6.6414202881e+02 6.6413000488e+02 6.6411798096e+02 6.6412902832e+02 6.6411999512e+02
6.6322198486e+02 6.6328900146e+02 6.6335998535e+02 6.6338598633e+02 6.6341302490e+02 6.6347998047e+02 6.6355603027e+02 6.6361798096e+02 6.6365698242e+02 6.6367797852e+02 6.6371099854e+02 6.6374902344e+02 6.6378198242e+02 6.6379699707e+02 6.6382501221e+02 6.6386798096e+02 6.6388000488e+02 6.6389801025e+02 6.6394097900e+02 6.6398101807e+02 6.6402398682e+02 6.6402001953e+02 6.6404302979e+02 6.6406500244e+02 6.6407397461e+02 6.6406597900e+02 6.6407501221e+02 6.6407800293e+02 6.6409301758e+02 6.6411199951e+02 6.6409698486e+02 6.6410302734e+02 6.6411700439e+02 6.6412701416e+02 6.6410998535e+02 6.6411999512e+02 6.6412298584e+02 6.6410400391e+02 6.6411602783e+02 6.6411999512e+02 6.6412799072e+02 6.6412597656e+02 6.6411102295e+02 6.6408398438e+02 6.6407202148e+02 6.6406701660e+02
6.6314398193e+02 6.6322302246e+02 6.6326898193e+02 6.6330700684e+02 6.6333398438e+02 6.6340899658e+02 6.6347100830e+02 6.6352697754e+02 6.6356298828e+02 6.6360998535e+02 6.6365197754e+02 6.6368499756e+02 6.6371502686e+02 6.6373699951e+02 6.6376501465e+02 6.6379400635e+02 6.6381097412e+02 6.6383300781e+02 6.6386602783e+02 6.6391400146e+02 6.6395001221e+02 6.6395202637e+02 6.6396801758e+02 6.6398797607e+02 6.6401599121e+02 6.6401000977e+02 6.6401300049e+02 6.6402398682e+02 6.6404901123e+02 6.6405700684e+02 6.6404998779e+02 6.6406799316e+02 6.6406799316e+02 6.6406402588e+02 6.6405297852e+02 6.6406701660e+02 6.6408197021e+02 6.6406097412e+02 6.6405999756e+02 6.6405200195e+02 6.6405798340e+02 6.6405102539e+02 6.6404699707e+02 6.6403698730e+02 6.6403302002e+02 6.6402301025e+02
6.6308001709e+02 6.6315197754e+02 6.6319000244e+02 6.6324499512e+02 6.6328198242e+02 6.6332800293e+02 6.6337701416e+02 6.6344000244e+02 6.6348602295e+02 6.6352697754e+02 6.6358300781e+02 6.6360699463e+02 6.6363702393e+02 6.6365997314e+02 6.6368298340e+02 6.6371600342e+02 6.6375402832e+02 6.6376599121e+02 6.6378601074e+02 6.6383300781e+02 6.6385101318e+02 6.6387298584e+02 6.6389300537e+02 6.6389801025e+02 6.6393402100e+02 6.6393798828e+02 6.6394799805e+02 6.6396502686e+02 6.6398602295e+02 6.6398498535e+02 6.6398199463e+02 6.6400500488e+02 6.6400701904e+02 6.6399499512e+02 6.6398901367e+02 6.6401202393e+02 6.6402001953e+02 6.6399798584e+02 6.6400299072e+02 6.6399102783e+02 6.6398297119e+02 6.6399102783e+02 6.6398297119e+02 6.6397302246e+02 6.6398999023e+02 6.6397900391e+02
6.6299902344e+02 6.6306402588e+02 6.6311297607e+02 6.6317602539e+02 6.6321801758e+02 6.6326202393e+02 6.6330798340e+02 6.6337597656e+02 6.6341497803e+02 6.6344201660e+02 6.6350299072e+02 6.6351702881e+02 6.6356402588e+02 6.6358502197e+02 6.6360400391e+02 6.6364501953e+02 6.6369000244e+02 6.6369500732e+02 6.6372601318e+02 6.6377502441e+02 6.6378302002e+02 6.6379699707e+02 6.6382397461e+02 6.6383001709e+02 6.6385302734e+02 6.6387200928e+02 6.6388702393e+02 6.6389801025e+02 6.6390100098e+02 6.6391302490e+02 6.6391601563e+02 6.6393798828e+02 6.6393597412e+02 6.6392498779e+02 6.6391998291e+02 6.6394000244e+02 6.6394702148e+02 6.6392797852e+02 6.6393798828e+02 6.6393402100e+02 6.6391400146e+02 6.6391998291e+02 6.6391302490e+02 6.6390002441e+02 6.6390997314e+02 6.6391699219e+02
6.6291400146e+02 6.6296899414e+02 6.6302398682e+02 6.6307501221e+02 6.6311102295e+02 6.6316998291e+02 6.6323498535e+02 6.6330999756e+02 6.6335601807e+02 6.6337597656e+02 6.6341601563e+02 6.6343402100e+02 6.6348999023e+02 6.6350598145e+02 6.6352697754e+02 6.6357702637e+02 6.6360699463e+02 6.6363397217e+02 6.6366699219e+02 6.6370501709e+02 6.6372497559e+02 6.6372601318e+02 6.6376098633e+02 6.6377301025e+02 6.6377301025e+02 6.6379302979e+02 6.6380499268e+02 6.6381500244e+02 6.6381402588e+02 6.6383801270e+02 6.6383697510e+02 6.6385400391e+02 6.6384802246e+02 6.6385498047e+02 6.6385198975e+02 6.6385400391e+02 6.6385101318e+02 6.6385101318e+02 6.6384997559e+02 6.6385601807e+02 6.6384100342e+02 6.6384600830e+02 6.6384497070e+02 6.6383099365e+02 6.6381799316e+02 6.6384802246e+02
6.6283801270e+02 6.6288702393e+02 6.6293402100e+02 6.6298797607e+02 6.6303399658e+02 6.6310302734e+02 6.6316601563e+02 6.6322900391e+02 6.6327099609e+02 6.6331597900e+02 6.6334100342e+02 6.6335900879e+02 6.6340002441e+02 6.6343597412e+02 6.6346801758e+02 6.6351599121e+02 6.6352398682e+02 6.6357397461e+02 6.6360498047e+02 6.6362799072e+02 6.6364599609e+02 6.6366302490e+02 6.6368597412e+02 6.6371301270e+02 6.6371697998e+02 6.6372998047e+02 6.6373797607e+02 6.6375402832e+02 6.6375201416e+02 6.6376098633e+02 6.6375402832e+02 6.6376898193e+02 6.6376397705e+02 6.6376599121e+02 6.6375701904e+02 6.6376397705e+02 6.6377801514e+02 6.6377502441e+02 6.6377502441e+02 6.6377398682e+02 6.6376202393e+02 6.6374798584e+02 6.6374597168e+02 6.6374798584e+02 6.6374298096e+02 6.6375799561e+02
6.6274499512e+02 6.6279498291e+02 6.6286401367e+02 6.6293597412e+02 6.6298498535e+02 6.6303802490e+02 6.6309301758e+02 6.6315802002e+02 6.6319702148e+02 6.6323699951e+02 6.6325799561e+02 6.6327899170e+02 6.6332202148e+02 6.6336401367e+02 6.6339398193e+02 6.6344201660e+02 6.6345397949e+02 6.6351599121e+02 6.6353802490e+02 6.6356500244e+02 6.6360302734e+02 6.6361700439e+02 6.6362200928e+02 6.6364300537e+02 6.6365698242e+02 6.6365997314e+02 6.6366998291e+02 6.6368499756e+02 6.6368200684e+02 6.6368402100e+02 6.6367797852e+02 6.6368701172e+02 6.6368402100e+02 6.6367999268e+02 6.6367199707e+02 6.6367102051e+02 6.6369702148e+02 6.6368597412e+02 6.6369299316e+02 6.6368298340e+02 6.6368103027e+02 6.6366601563e+02 6.6366998291e+02 6.6367602539e+02 6.6367297363e+02 6.6368402100e+02
6.6265502930e+02 6.6271099854e+02 6.6279699707e+02 6.6286901855e+02 6.6291198730e+02 6.6296197510e+02 6.6300402832e+02 6.6307000732e+02 6.6311700439e+02 6.6315802002e+02 6.6319299316e+02 6.6321398926e+02 6.6325201416e+02 6.6328802490e+02 6.6331896973e+02 6.6336798096e+02 6.6339202881e+02 6.6345001221e+02 6.6347302246e+02 6.6349798584e+02 6.6353601074e+02 6.6354998779e+02 6.6356597900e+02 6.6358300781e+02 6.6359899902e+02 6.6359301758e+02 6.6360998535e+02 6.6362298584e+02 6.6362097168e+02 6.6362799072e+02 6.6361901855e+02 6.6362097168e+02 6.6363201904e+02 6.6361297607e+02 6.6361102295e+02 6.6360400391e+02 6.6362597656e+02 6.6360400391e+02 6.6361602783e+02 6.6359698486e+02 6.6358502197e+02 6.6359002686e+02 6.6360302734e+02 6.6360198975e+02 6.6359100342e+02 6.6359301758e+02
6.6256701660e+02 6.6264001465e+02 6.6272100830e+02 6.6277697754e+02 6.6282098389e+02 6.6287597656e+02 6.6292797852e+02 6.6299597168e+02 6.6304901123e+02 6.6308502197e+02 6.6312597656e+02 6.6314801025e+02 6.6319299316e+02 6.6321997070e+02 6.6325799561e+02 6.6330200195e+02 6.6334197998e+02 6.6338397217e+02 6.6341802979e+02 6.6343798828e+02 6.6347302246e+02 6.6346997070e+02 6.6349298096e+02 6.6352600098e+02 6.6353802490e+02 6.6353997803e+02 6.6357000732e+02 6.6357202148e+02 6.6355603027e+02 6.6356500244e+02 6.6355798340e+02 6.6355401611e+02 6.6355700684e+02 6.6355700684e+02 6.6354699707e+02 6.6354400635e+02 6.6355499268e+02 6.6353698730e+02 6.6355200195e+02 6.6353601074e+02 6.6350598145e+02 6.6351702881e+02 6.6351898193e+02 6.6350799561e+02 6.6350097656e+02 6.6350799561e+02
6.6252398682e+02 6.6256701660e+02 6.6264300537e+02 6.6270898438e+02 6.6276397705e+02 6.6281799316e+02 6.6286999512e+02 6.6292199707e+02 6.6294702148e+02 6.6299102783e+02 6.6303601074e+02 6.6307098389e+02 6.6312500000e+02 6.6315502930e+02 6.6319799805e+02 6.6324499512e+02 6.6328698730e+02 6.6332397461e+02 6.6336102295e+02 6.6337597656e+02 6.6340002441e+02 6.6340399170e+02 6.6343298340e+02 6.6347100830e+02 6.6348199463e+02 6.6347302246e+02 6.6348498535e+02 6.6349902344e+02 6.6349102783e+02 6.6349700928e+02 6.6349700928e+02 6.6349700928e+02 6.6349401855e+02 6.6350500488e+02 6.6350000000e+02 6.6349401855e+02 6.6348297119e+02 6.6347601318e+02 6.6348400879e+02 6.6347302246e+02 6.6344799805e+02 6.6346197510e+02 6.6345697021e+02 6.6343298340e+02 6.6342999268e+02 6.6344097900e+02
6.6245800781e+02 6.6248498535e+02 6.6256097412e+02 6.6264697266e+02 6.6270202637e+02 6.6275299072e+02 6.6278997803e+02 6.6282299805e+02 6.6284399414e+02 6.6289898682e+02 6.6295501709e+02 6.6300201416e+02 6.6304901123e+02 6.6309600830e+02 6.6314898682e+02 6.6318798828e+02 6.6321502686e+02 6.6325598145e+02 6.6329797363e+02 6.6331500244e+02 6.6333801270e+02 6.6334497070e+02 6.6338397217e+02 6.6342297363e+02 6.6342102051e+02 6.6341198730e+02 6.6341198730e+02 6.6342700195e+02 6.6341699219e+02 6.6342797852e+02 6.6343200684e+02 6.6343499756e+02 6.6343499756e+02 6.6344299316e+02 6.6344598389e+02 6.6344201660e+02 6.6343298340e+02 6.6342199707e+02 6.6341699219e+02 6.6340002441e+02 6.6338000488e+02 6.6339202881e+02 6.6339001465e+02 6.6336102295e+02 6.6336297607e+02 6.6335797119e+02
6.6237799072e+02 6.6243103027e+02 6.6249902344e+02 6.6258599854e+02 6.6263299561e+02 6.6268298340e+02 6.6270001221e+02 6.6271997070e+02 6.6276800537e+02 6.6282000732e+02 6.6287402344e+02 6.6292498779e+02 6.6297497559e+02 6.6302600098e+02 6.6306799316e+02 6.6309997559e+02 6.6313000488e+02 6.6318200684e+02 6.6323101807e+02 6.6326702881e+02 6.6329901123e+02 6.6328497314e+02 6.6331298828e+02 6.6334301758e+02 6.6334600830e+02 6.6334497070e+02 6.6336297607e+02 6.6337402344e+02 6.6334399414e+02 6.6336798096e+02 6.6337298584e+02 6.6337701416e+02 6.6337902832e+02 6.6338800049e+02 6.6338397217e+02 6.6336602783e+02 6.6336297607e+02 6.6334399414e+02 6.6333197021e+02 6.6331298828e+02 6.6330902100e+02 6.6332098389e+02 6.6332000732e+02 6.6328698730e+02 6.6328802490e+02 6.6327301025e+02
