TESTSERVER/6/1.asc
NCOLS 100
NROWS 100
XLLCORNER 7.7997500000e+03
YLLCORNER 2.8990025000e+05
CELLSIZE 5.0000000000e-01
NODATA_VALUE -9.9990000000e+03
[rows 80 to 99 of 100, columns 46 to 91 of 100]
6.5161602783e+02 6.5158197021e+02 6.5154797363e+02 6.5150598145e+02 6.5142498779e+02 6.5136901855e+02 6.5132501221e+02 6.5129998779e+02 6.5125701904e+02 6.5120098877e+02 6.5114001465e+02 6.5108697510e+02 6.5103601074e+02 6.5100500488e+02 6.5096899414e+02 6.5092498779e+02 6.5088000488e+02 6.5081298828e+02 6.5076000977e+02 6.5072100830e+02 6.5068402100e+02 6.5065301514e+02 6.5063098145e+02 6.5058502197e+02 6.5054498291e+02 6.5049597168e+02 6.5043701172e+02 6.5039300537e+02 6.5035400391e+02 6.5029699707e+02 6.5022900391e+02 6.5018200684e+02 6.5013897705e+02 6.5010302734e+02 6.5006298828e+02 6.5000097656e+02 6.4995599365e+02 6.4989501953e+02 6.4980700684e+02 6.4972698975e+02 6.4964001465e+02 6.4952899170e+02 6.4943200684e+02 6.4933197021e+02 6.4925097656e+02 6.4912902832e+02
6.5165802002e+02 6.5160797119e+02 6.5156298828e+02 6.5151397705e+02 6.5145800781e+02 6.5141601563e+02 6.5136999512e+02 6.5132702637e+02 6.5127197266e+02 6.5121899414e+02 6.5115899658e+02 6.5110400391e+02 6.5105700684e+02 6.5100500488e+02 6.5096002197e+02 6.5092199707e+02 6.5087200928e+02 6.5082299805e+02 6.5077899170e+02 6.5072802734e+02 6.5069000244e+02 6.5065100098e+02 6.5060498047e+02 6.5055200195e+02 6.5052801514e+02 6.5048999023e+02 6.5044299316e+02 6.5038098145e+02 6.5032299805e+02 6.5026599121e+02 6.5020800781e+02 6.5015301514e+02 6.5010101318e+02 6.5007598877e+02 6.5003497314e+02 6.4997100830e+02 6.4992297363e+02 6.4985998535e+02 6.4977197266e+02 6.4967401123e+02 6.4956298828e+02 6.4946899414e+02 6.4936602783e+02 6.4926702881e+02 6.4918200684e+02 6.4906097412e+02
6.5170098877e+02 6.5164202881e+02 6.5158599854e+02 6.5152801514e+02 6.5147998047e+02 6.5143499756e+02 6.5138598633e+02 6.5134600830e+02 6.5129400635e+02 6.5123498535e+02 6.5117700195e+02 6.5111401367e+02 6.5107299805e+02 6.5102899170e+02 6.5098297119e+02 6.5094500732e+02 6.5089300537e+02 6.5083197021e+02 6.5078100586e+02 6.5072802734e+02 6.5068798828e+02 6.5065600586e+02 6.5060699463e+02 6.5057000732e+02 6.5052099609e+02 6.5045800781e+02 6.5041900635e+02 6.5036499023e+02 6.5030798340e+02 6.5025598145e+02 6.5018902588e+02 6.5013397217e+02 6.5007397461e+02 6.5002301025e+02 6.4998602295e+02 6.4992297363e+02 6.4989099121e+02 6.4982800293e+02 6.4972900391e+02 6.4962597656e+02 6.4951202393e+02 6.4941900635e+02 6.4932098389e+02 6.4922302246e+02 6.4911700439e+02 6.4901000977e+02
6.5173602295e+02 6.5167700195e+02 6.5162097168e+02 6.5157598877e+02 6.5152001953e+02 6.5145001221e+02 6.5140002441e+02 6.5137097168e+02 6.5132397461e+02 6.5125299072e+02 6.5119500732e+02 6.5113201904e+02 6.5109002686e+02 6.5104498291e+02 6.5098797607e+02 6.5094500732e+02 6.5090698242e+02 6.5083300781e+02 6.5078198242e+02 6.5073101807e+02 6.5067700195e+02 6.5065301514e+02 6.5061102295e+02 6.5057098389e+02 6.5051501465e+02 6.5044396973e+02 6.5040100098e+02 6.5035198975e+02 6.5028900146e+02 6.5023602295e+02 6.5015802002e+02 6.5010699463e+02 6.5006298828e+02 6.4998797607e+02 6.4993499756e+02 6.4987402344e+02 6.4985900879e+02 6.4979998779e+02 6.4967999268e+02 6.4957098389e+02 6.4946697998e+02 6.4935797119e+02 6.4926000977e+02 6.4916400146e+02 6.4903302002e+02 6.4894396973e+02
6.5178002930e+02 6.5172497559e+02 6.5166101074e+02 6.5161499023e+02 6.5156701660e+02 6.5150201416e+02 6.5144799805e+02 6.5140600586e+02 6.5134100342e+02 6.5126202393e+02 6.5121099854e+02 6.5115899658e+02 6.5110900879e+02 6.5105798340e+02 6.5100598145e+02 6.5096002197e+02 6.5088702393e+02 6.5084802246e+02 6.5079699707e+02 6.5072900391e+02 6.5067297363e+02 6.5064398193e+02 6.5059802246e+02 6.5055401611e+02 6.5051397705e+02 6.5044500732e+02 6.5039202881e+02 6.5033697510e+02 6.5028802490e+02 6.5024200439e+02 6.5015002441e+02 6.5008599854e+02 6.5004302979e+02 6.4996398926e+02 6.4989202881e+02 6.4984197998e+02 6.4980999756e+02 6.4975500488e+02 6.4964300537e+02 6.4953399658e+02 6.4942901611e+02 6.4932000732e+02 6.4921197510e+02 6.4910797119e+02 6.4900701904e+02 6.4889898682e+02
6.5186999512e+02 6.5179302979e+02 6.5171801758e+02 6.5165997314e+02 6.5159802246e+02 6.5153997803e+02 6.5148101807e+02 6.5141601563e+02 6.5134997559e+02 6.5129302979e+02 6.5123699951e+02 6.5118103027e+02 6.5112799072e+02 6.5106701660e+02 6.5102502441e+02 6.5098101807e+02 6.5090399170e+02 6.5086401367e+02 6.5080798340e+02 6.5073199463e+02 6.5068402100e+02 6.5065399170e+02 6.5059802246e+02 6.5053900146e+02 6.5049200439e+02 6.5043298340e+02 6.5039398193e+02 6.5033001709e+02 6.5026702881e+02 6.5020800781e+02 6.5013397217e+02 6.5006500244e+02 6.5002001953e+02 6.4994299316e+02 6.4987200928e+02 6.4981402588e+02 6.4975799561e+02 6.4969897461e+02 6.4959899902e+02 6.4948602295e+02 6.4935601807e+02 6.4926397705e+02 6.4917102051e+02 6.4904901123e+02 6.4892999268e+02 6.4883697510e+02
6.5194396973e+02 6.5185797119e+02 6.5178497314e+02 6.5171899414e+02 6.5164801025e+02 6.5159600830e+02 6.5151599121e+02 6.5144000244e+02 6.5137597656e+02 6.5132098389e+02 6.5127001953e+02 6.5121801758e+02 6.5114801025e+02 6.5109002686e+02 6.5103601074e+02 6.5098699951e+02 6.5092999268e+02 6.5087799072e+02 6.5081500244e+02 6.5074102783e+02 6.5069396973e+02 6.5066198730e+02 6.5059899902e+02 6.5052899170e+02 6.5047399902e+02 6.5041998291e+02 6.5039398193e+02 6.5032800293e+02 6.5025897217e+02 6.5019897461e+02 6.5013500977e+02 6.5005999756e+02 6.4999401855e+02 6.4993298340e+02 6.4986798096e+02 6.4979498291e+02 6.4972802734e+02 6.4963598633e+02 6.4952600098e+02 6.4941998291e+02 6.4929998779e+02 6.4918902588e+02 6.4909002686e+02 6.4898101807e+02 6.4887597656e+02 6.4878100586e+02
6.5199597168e+02 6.5191802979e+02 6.5186102295e+02 6.5178302002e+02 6.5169299316e+02 6.5163098145e+02 6.5153900146e+02 6.5146997070e+02 6.5141699219e+02 6.5134698486e+02 6.5129199219e+02 6.5124102783e+02 6.5117199707e+02 6.5113201904e+02 6.5106097412e+02 6.5098797607e+02 6.5092700195e+02 6.5088397217e+02 6.5082397461e+02 6.5074902344e+02 6.5069897461e+02 6.5065698242e+02 6.5059399414e+02 6.5053497314e+02 6.5049298096e+02 6.5041900635e+02 6.5037500000e+02 6.5030700684e+02 6.5023699951e+02 6.5019201660e+02 6.5014398193e+02 6.5006298828e+02 6.4997998047e+02 6.4992297363e+02 6.4984802246e+02 6.4975598145e+02 6.4969799805e+02 6.4958001709e+02 6.4945599365e+02 6.4934802246e+02 6.4925402832e+02 6.4913500977e+02 6.4902001953e+02 6.4890997314e+02 6.4883398438e+02 6.4875402832e+02
6.5204199219e+02 6.5196997070e+02 6.5190399170e+02 6.5181597900e+02 6.5172802734e+02 6.5166497803e+02 6.5157397461e+02 6.5151800537e+02 6.5145697021e+02 6.5138201904e+02 6.5130902100e+02 6.5124298096e+02 6.5118103027e+02 6.5114300537e+02 6.5108001709e+02 6.5100701904e+02 6.5092999268e+02 6.5088897705e+02 6.5084100342e+02 6.5076898193e+02 6.5071301270e+02 6.5065802002e+02 6.5059899902e+02 6.5053900146e+02 6.5050097656e+02 6.5041900635e+02 6.5036297607e+02 6.5031201172e+02 6.5022802734e+02 6.5017999268e+02 6.5012402344e+02 6.5004699707e+02 6.4997497559e+02 6.4990698242e+02 6.4983398438e+02 6.4971997070e+02 6.4963897705e+02 6.4954998779e+02 6.4943499756e+02 6.4928601074e+02 6.4916900635e+02 6.4907098389e+02 6.4896301270e+02 6.4885900879e+02 6.4880999756e+02 6.4873199463e+02
6.5212097168e+02 6.5204998779e+02 6.5198297119e+02 6.5188397217e+02 6.5179101563e+02 6.5171398926e+02 6.5161901855e+02 6.5156597900e+02 6.5149902344e+02 6.5143499756e+02 6.5134600830e+02 6.5126702881e+02 6.5121997070e+02 6.5116101074e+02 6.5108801270e+02 6.5102697754e+02 6.5094598389e+02 6.5089300537e+02 6.5084002686e+02 6.5076397705e+02 6.5069799805e+02 6.5063800049e+02 6.5058398438e+02 6.5053399658e+02 6.5048999023e+02 6.5041998291e+02 6.5035498047e+02 6.5030603027e+02 6.5022100830e+02 6.5016101074e+02 6.5008398438e+02 6.5001300049e+02 6.4995599365e+02 6.4988299561e+02 6.4980401611e+02 6.4969201660e+02 6.4960998535e+02 6.4951702881e+02 6.4939599609e+02 6.4923602295e+02 6.4911999512e+02 6.4901898193e+02 6.4890899658e+02 6.4880902100e+02 6.4874298096e+02 6.4869799805e+02
6.5220397949e+02 6.5212902832e+02 6.5205401611e+02 6.5196398926e+02 6.5186199951e+02 6.5176599121e+02 6.5166802979e+02 6.5161602783e+02 6.5153497314e+02 6.5146502686e+02 6.5138299561e+02 6.5131097412e+02 6.5125598145e+02 6.5118701172e+02 6.5110498047e+02 6.5104797363e+02 6.5096398926e+02 6.5090997314e+02 6.5085601807e+02 6.5078002930e+02 6.5070098877e+02 6.5065399170e+02 6.5059698486e+02 6.5053601074e+02 6.5048901367e+02 6.5042700195e+02 6.5035699463e+02 6.5028698730e+02 6.5021398926e+02 6.5016198730e+02 6.5007299805e+02 6.4999798584e+02 6.4993701172e+02 6.4986199951e+02 6.4977502441e+02 6.4966400146e+02 6.4956597900e+02 6.4946801758e+02 6.4936199951e+02 6.4920501709e+02 6.4907397461e+02 6.4895501709e+02 6.4884600830e+02 6.4876397705e+02 6.4868402100e+02 6.4869000244e+02
6.5227099609e+02 6.5218298340e+02 6.5211602783e+02 6.5204199219e+02 6.5191900635e+02 6.5181799316e+02 6.5172900391e+02 6.5167401123e+02 6.5159399414e+02 6.5150201416e+02 6.5141302490e+02 6.5135400391e+02 6.5129199219e+02 6.5122100830e+02 6.5113299561e+02 6.5106597900e+02 6.5097698975e+02 6.5091802979e+02 6.5085900879e+02 6.5078302002e+02 6.5069598389e+02 6.5065502930e+02 6.5060302734e+02 6.5053900146e+02 6.5049401855e+02 6.5042999268e+02 6.5036798096e+02 6.5028997803e+02 6.5021002197e+02 6.5015698242e+02 6.5006402588e+02 6.4997998047e+02 6.4991900635e+02 6.4984899902e+02 6.4975201416e+02 6.4963500977e+02 6.4952801514e+02 6.4942401123e+02 6.4931701660e+02 6.4917401123e+02 6.4903002930e+02 6.4890301514e+02 6.4881500244e+02 6.4873400879e+02 6.4863500977e+02 6.4868701172e+02
6.5235198975e+02 6.5226397705e+02 6.5218402100e+02 6.5210797119e+02 6.5198297119e+02 6.5188800049e+02 6.5180200195e+02 6.5172497559e+02 6.5166101074e+02 6.5156402588e+02 6.5146197510e+02 6.5139398193e+02 6.5132598877e+02 6.5124700928e+02 6.5115600586e+02 6.5108300781e+02 6.5099798584e+02 6.5093103027e+02 6.5086401367e+02 6.5079901123e+02 6.5071099854e+02 6.5065301514e+02 6.5060198975e+02 6.5054699707e+02 6.5049102783e+02 6.5041601563e+02 6.5034802246e+02 6.5028002930e+02 6.5020599365e+02 6.5014202881e+02 6.5005200195e+02 6.4997302246e+02 6.4991400146e+02 6.4981500244e+02 6.4972302246e+02 6.4962200928e+02 6.4952099609e+02 6.4940399170e+02 6.4926000977e+02 6.4911401367e+02 6.4898498535e+02 6.4886499023e+02 6.4876397705e+02 6.4866601563e+02 6.4858001709e+02 6.4870300293e+02
6.5244299316e+02 6.5234698486e+02 6.5222601318e+02 6.5213702393e+02 6.5204400635e+02 6.5194598389e+02 6.5185998535e+02 6.5178100586e+02 6.5170202637e+02 6.5161499023e+02 6.5152197266e+02 6.5144097900e+02 6.5135797119e+02 6.5127398682e+02 6.5118499756e+02 6.5111102295e+02 6.5102197266e+02 6.5096099854e+02 6.5087701416e+02 6.5080401611e+02 6.5072497559e+02 6.5066497803e+02 6.5061602783e+02 6.5055401611e+02 6.5049401855e+02 6.5040997314e+02 6.5034100342e+02 6.5028002930e+02 6.5020397949e+02 6.5013299561e+02 6.5005297852e+02 6.4998797607e+02 6.4990600586e+02 6.4978802490e+02 6.4968499756e+02 6.4959100342e+02 6.4950299072e+02 6.4936999512e+02 6.4922399902e+02 6.4905902100e+02 6.4893200684e+02 6.4880297852e+02 6.4870098877e+02 6.4861401367e+02 6.4859002686e+02 6.4870599365e+02
6.5249298096e+02 6.5240802002e+02 6.5229400635e+02 6.5220300293e+02 6.5211297607e+02 6.5201397705e+02 6.5192102051e+02 6.5184301758e+02 6.5176300049e+02 6.5166802979e+02 6.5157598877e+02 6.5149401855e+02 6.5139300537e+02 6.5131799316e+02 6.5122900391e+02 6.5114202881e+02 6.5104797363e+02 6.5097601318e+02 6.5088897705e+02 6.5081597900e+02 6.5075402832e+02 6.5067498779e+02 6.5062298584e+02 6.5055700684e+02 6.5049200439e+02 6.5040802002e+02 6.5034399414e+02 6.5028198242e+02 6.5020599365e+02 6.5014001465e+02 6.5005700684e+02 6.4997497559e+02 6.4988000488e+02 6.4978302002e+02 6.4966802979e+02 6.4956097412e+02 6.4945898438e+02 6.4932702637e+02 6.4918597412e+02 6.4902099609e+02 6.4889398193e+02 6.4875598145e+02 6.4866497803e+02 6.4859600830e+02 6.4861401367e+02 6.4871197510e+02
6.5252600098e+02 6.5243298340e+02 6.5235400391e+02 6.5228198242e+02 6.5219598389e+02 6.5210400391e+02 6.5199499512e+02 6.5190399170e+02 6.5182598877e+02 6.5172698975e+02 6.5162701416e+02 6.5153802490e+02 6.5143798828e+02 6.5136798096e+02 6.5127001953e+02 6.5116699219e+02 6.5107702637e+02 6.5099499512e+02 6.5092602539e+02 6.5083398438e+02 6.5076800537e+02 6.5069097900e+02 6.5063800049e+02 6.5058099365e+02 6.5051098633e+02 6.5042498779e+02 6.5035601807e+02 6.5027398682e+02 6.5019598389e+02 6.5013201904e+02 6.5004101563e+02 6.4995300293e+02 6.4985699463e+02 6.4978002930e+02 6.4966802979e+02 6.4955297852e+02 6.4941699219e+02 6.4928100586e+02 6.4913897705e+02 6.4898797607e+02 6.4885601807e+02 6.4871002197e+02 6.4862500000e+02 6.4857397461e+02 6.4862200928e+02 6.4872698975e+02
6.5257397461e+02 6.5247998047e+02 6.5242901611e+02 6.5236102295e+02 6.5226000977e+02 6.5219500732e+02 6.5208300781e+02 6.5198400879e+02 6.5189001465e+02 6.5179998779e+02 6.5169396973e+02 6.5158898926e+02 6.5149902344e+02 6.5141802979e+02 6.5131298828e+02 6.5121002197e+02 6.5112701416e+02 6.5103601074e+02 6.5097998047e+02 6.5088098145e+02 6.5078302002e+02 6.5070501709e+02 6.5065100098e+02 6.5059100342e+02 6.5050500488e+02 6.5043902588e+02 6.5037500000e+02 6.5028100586e+02 6.5017797852e+02 6.5009600830e+02 6.4999798584e+02 6.4992700195e+02 6.4984997559e+02 6.4976202393e+02 6.4965698242e+02 6.4953100586e+02 6.4939398193e+02 6.4925299072e+02 6.4910699463e+02 6.4894897461e+02 6.4878802490e+02 6.4869897461e+02 6.4861602783e+02 6.4856597900e+02 6.4861999512e+02 6.4870697021e+02
6.5263897705e+02 6.5254901123e+02 6.5248400879e+02 6.5241802979e+02 6.5232202148e+02 6.5225598145e+02 6.5214697266e+02 6.5205401611e+02 6.5196899414e+02 6.5186999512e+02 6.5176800537e+02 6.5165100098e+02 6.5154400635e+02 6.5146899414e+02 6.5136798096e+02 6.5125897217e+02 6.5116699219e+02 6.5107897949e+02 6.5100000000e+02 6.5090502930e+02 6.5082202148e+02 6.5072497559e+02 6.5065698242e+02 6.5058898926e+02 6.5049700928e+02 6.5042797852e+02 6.5036700439e+02 6.5028900146e+02 6.5019000244e+02 6.5009997559e+02 6.5000897217e+02 6.4992199707e+02 6.4984899902e+02 6.4974700928e+02 6.4963098145e+02 6.4948199463e+02 6.4934399414e+02 6.4921398926e+02 6.4907000732e+02 6.4891400146e+02 6.4876300049e+02 6.4865399170e+02 6.4856500244e+02 6.4855798340e+02 6.4864398193e+02 6.4869097900e+02
6.5268798828e+02 6.5260198975e+02 6.5252697754e+02 6.5246899414e+02 6.5238000488e+02 6.5230603027e+02 6.5222100830e+02 6.5214801025e+02 6.5205603027e+02 6.5193597412e+02 6.5183001709e+02 6.5171002197e+02 6.5159197998e+02 6.5150897217e+02 6.5140997314e+02 6.5130700684e+02 6.5121197510e+02 6.5112902832e+02 6.5104400635e+02 6.5094000244e+02 6.5084497070e+02 6.5074902344e+02 6.5067901611e+02 6.5061297607e+02 6.5051501465e+02 6.5042297363e+02 6.5034997559e+02 6.5027502441e+02 6.5020001221e+02 6.5010400391e+02 6.5000701904e+02 6.4990899658e+02 6.4984997559e+02 6.4973699951e+02 6.4960699463e+02 6.4945501709e+02 6.4930999756e+02 6.4917401123e+02 6.4902502441e+02 6.4887097168e+02 6.4874902344e+02 6.4862298584e+02 6.4853198242e+02 6.4856201172e+02 6.4864697266e+02 6.4867700195e+02
6.5272302246e+02 6.5264801025e+02 6.5257299805e+02 6.5251702881e+02 6.5242102051e+02 6.5235302734e+02 6.5227600098e+02 6.5220697021e+02 6.5213201904e+02 6.5200000000e+02 6.5188897705e+02 6.5177001953e+02 6.5164801025e+02 6.5154998779e+02 6.5144097900e+02 6.5134600830e+02 6.5125701904e+02 6.5116497803e+02 6.5107299805e+02 6.5096997070e+02 6.5087097168e+02 6.5078302002e+02 6.5070697021e+02 6.5063098145e+02 6.5053601074e+02 6.5044702148e+02 6.5037097168e+02 6.5028900146e+02 6.5020501709e+02 6.5010601807e+02 6.5002301025e+02 6.4991900635e+02 6.4983801270e+02 6.4970800781e+02 6.4956201172e+02 6.4942297363e+02 6.4928002930e+02 6.4913702393e+02 6.4897998047e+02 6.4881799316e+02 6.4870001221e+02 6.4857598877e+02 6.4851397705e+02 6.4856597900e+02 6.4862200928e+02 6.4864697266e+02
