TESTSERVER/6/1.asc
NCOLS 100
NROWS 100
XLLCORNER 7.7997500000e+03
YLLCORNER 2.8990025000e+05
CELLSIZE 5.0000000000e-01
NODATA_VALUE -9.9990000000e+03
[rows 60 to 79 of 100, columns 0 to 45 of 100]
6.5235400391e+02 6.5233300781e+02 6.5231701660e+02 6.5227899170e+02 6.5221899414e+02 6.5217999268e+02 6.5216998291e+02 6.5215301514e+02 6.5214599609e+02 6.5210498047e+02 6.5208099365e+02 6.5203900146e+02 6.5200402832e+02 6.5199102783e+02 6.5197100830e+02 6.5194897461e+02 6.5193701172e+02 6.5191998291e+02 6.5190301514e+02 6.5191400146e+02 6.5190399170e+02 6.5187097168e+02 6.5181799316e+02 6.5178698730e+02 6.5177001953e+02 6.5174102783e+02 6.5175000000e+02 6.5173999023e+02 6.5171398926e+02 6.5168499756e+02 6.5168798828e+02 6.5171099854e+02 6.5167102051e+02 6.5162402344e+02 6.5159802246e+02 6.5160900879e+02 6.5160601807e+02 6.5157800293e+02 6.5158001709e+02 6.5154901123e+02 6.5152001953e+02 6.5148999023e+02 6.5145599365e+02 6.5142102051e+02 6.5140899658e+02 6.5141302490e+02
6.5243298340e+02 6.5239801025e+02 6.5238098145e+02 6.5233001709e+02 6.5226098633e+02 6.5221899414e+02 6.5222302246e+02 6.5219000244e+02 6.5217199707e+02 6.5213800049e+02 6.5210400391e+02 6.5208099365e+02 6.5204699707e+02 6.5202600098e+02 6.5201000977e+02 6.5197998047e+02 6.5196197510e+02 6.5194702148e+02 6.5193402100e+02 6.5192297363e+02 6.5190899658e+02 6.5187701416e+02 6.5182897949e+02 6.5180102539e+02 6.5176898193e+02 6.5174798584e+02 6.5174200439e+02 6.5172698975e+02 6.5169702148e+02 6.5169201660e+02 6.5170001221e+02 6.5167999268e+02 6.5164398193e+02 6.5160601807e+02 6.5157897949e+02 6.5159497070e+02 6.5158801270e+02 6.5157800293e+02 6.5157702637e+02 6.5153302002e+02 6.5150097656e+02 6.5147100830e+02 6.5143499756e+02 6.5142102051e+02 6.5141802979e+02 6.5140600586e+02
6.5250402832e+02 6.5247100830e+02 6.5244598389e+02 6.5239501953e+02 6.5234899902e+02 6.5229998779e+02 6.5228302002e+02 6.5223498535e+02 6.5221197510e+02 6.5218798828e+02 6.5214202881e+02 6.5212799072e+02 6.5209100342e+02 6.5206701660e+02 6.5205700684e+02 6.5202398682e+02 6.5198602295e+02 6.5197100830e+02 6.5195098877e+02 6.5193597412e+02 6.5192297363e+02 6.5188201904e+02 6.5184698486e+02 6.5183197021e+02 6.5179400635e+02 6.5177801514e+02 6.5176397705e+02 6.5174597168e+02 6.5173101807e+02 6.5172802734e+02 6.5170599365e+02 6.5168298340e+02 6.5166198730e+02 6.5162597656e+02 6.5158898926e+02 6.5159197998e+02 6.5157397461e+02 6.5155603027e+02 6.5154302979e+02 6.5150897217e+02 6.5149401855e+02 6.5147302246e+02 6.5142797852e+02 6.5140997314e+02 6.5140899658e+02 6.5139300537e+02
6.5257098389e+02 6.5254699707e+02 6.5250598145e+02 6.5247698975e+02 6.5244396973e+02 6.5237799072e+02 6.5234698486e+02 6.5229199219e+02 6.5225799561e+02 6.5223498535e+02 6.5220001221e+02 6.5218402100e+02 6.5214501953e+02 6.5212500000e+02 6.5210400391e+02 6.5206298828e+02 6.5200500488e+02 6.5197802734e+02 6.5196502686e+02 6.5196002197e+02 6.5194201660e+02 6.5189801025e+02 6.5186602783e+02 6.5186199951e+02 6.5182800293e+02 6.5180902100e+02 6.5179901123e+02 6.5176702881e+02 6.5176098633e+02 6.5176000977e+02 6.5172100830e+02 6.5171301270e+02 6.5169598389e+02 6.5165802002e+02 6.5161199951e+02 6.5160797119e+02 6.5158801270e+02 6.5155102539e+02 6.5152801514e+02 6.5149902344e+02 6.5147998047e+02 6.5144500732e+02 6.5140997314e+02 6.5138397217e+02 6.5138299561e+02 6.5137500000e+02
6.5265002441e+02 6.5261901855e+02 6.5256799316e+02 6.5254400635e+02 6.5250598145e+02 6.5244500732e+02 6.5243701172e+02 6.5238299561e+02 6.5233502197e+02 6.5229998779e+02 6.5225402832e+02 6.5223297119e+02 6.5220202637e+02 6.5219500732e+02 6.5214801025e+02 6.5211199951e+02 6.5205102539e+02 6.5200201416e+02 6.5198999023e+02 6.5198297119e+02 6.5196002197e+02 6.5191400146e+02 6.5189202881e+02 6.5190399170e+02 6.5187500000e+02 6.5184497070e+02 6.5186602783e+02 6.5180603027e+02 6.5177801514e+02 6.5176702881e+02 6.5175000000e+02 6.5172900391e+02 6.5171301270e+02 6.5167297363e+02 6.5163397217e+02 6.5163098145e+02 6.5160101318e+02 6.5155102539e+02 6.5153100586e+02 6.5149499512e+02 6.5145697021e+02 6.5140502930e+02 6.5136798096e+02 6.5137298584e+02 6.5138598633e+02 6.5136798096e+02
6.5269500732e+02 6.5265600586e+02 6.5262298584e+02 6.5260101318e+02 6.5256597900e+02 6.5250897217e+02 6.5248498535e+02 6.5244097900e+02 6.5239697266e+02 6.5235699463e+02 6.5230700684e+02 6.5229498291e+02 6.5226501465e+02 6.5224200439e+02 6.5219702148e+02 6.5214898682e+02 6.5211700439e+02 6.5208300781e+02 6.5206500244e+02 6.5202600098e+02 6.5199700928e+02 6.5195001221e+02 6.5193597412e+02 6.5192297363e+02 6.5190100098e+02 6.5188702393e+02 6.5188397217e+02 6.5185900879e+02 6.5182702637e+02 6.5180401611e+02 6.5176702881e+02 6.5172698975e+02 6.5171502686e+02 6.5169702148e+02 6.5166802979e+02 6.5165399170e+02 6.5162902832e+02 6.5157897949e+02 6.5155499268e+02 6.5150402832e+02 6.5147698975e+02 6.5143798828e+02 6.5140197754e+02 6.5136499023e+02 6.5135101318e+02 6.5133197021e+02
6.5276501465e+02 6.5272399902e+02 6.5269396973e+02 6.5265100098e+02 6.5262298584e+02 6.5258001709e+02 6.5254602051e+02 6.5249798584e+02 6.5245098877e+02 6.5240899658e+02 6.5236798096e+02 6.5234399414e+02 6.5230902100e+02 6.5228698730e+02 6.5223498535e+02 6.5217498779e+02 6.5215502930e+02 6.5211499023e+02 6.5208599854e+02 6.5205401611e+02 6.5203698730e+02 6.5199499512e+02 6.5198999023e+02 6.5197302246e+02 6.5193701172e+02 6.5192602539e+02 6.5189898682e+02 6.5187402344e+02 6.5185101318e+02 6.5183502197e+02 6.5179302979e+02 6.5175598145e+02 6.5172698975e+02 6.5170599365e+02 6.5169299316e+02 6.5167498779e+02 6.5164599609e+02 6.5160601807e+02 6.5158801270e+02 6.5153497314e+02 6.5150701904e+02 6.5147900391e+02 6.5145001221e+02 6.5139801025e+02 6.5137298584e+02 6.5134399414e+02
6.5282501221e+02 6.5278997803e+02 6.5277001953e+02 6.5272302246e+02 6.5269500732e+02 6.5264599609e+02 6.5260101318e+02 6.5255200195e+02 6.5251300049e+02 6.5248400879e+02 6.5244799805e+02 6.5239801025e+02 6.5234399414e+02 6.5232299805e+02 6.5227099609e+02 6.5221398926e+02 6.5219799805e+02 6.5217102051e+02 6.5211700439e+02 6.5208099365e+02 6.5207299805e+02 6.5203399658e+02 6.5202502441e+02 6.5201501465e+02 6.5199200439e+02 6.5197302246e+02 6.5193298340e+02 6.5189697266e+02 6.5187200928e+02 6.5185302734e+02 6.5181097412e+02 6.5179101563e+02 6.5175897217e+02 6.5172497559e+02 6.5170898438e+02 6.5169000244e+02 6.5165899658e+02 6.5162097168e+02 6.5161102295e+02 6.5157501221e+02 6.5153302002e+02 6.5150299072e+02 6.5147497559e+02 6.5142901611e+02 6.5139898682e+02 6.5136999512e+02
6.5289202881e+02 6.5285797119e+02 6.5282000732e+02 6.5279797363e+02 6.5276000977e+02 6.5270300293e+02 6.5268701172e+02 6.5264099121e+02 6.5258502197e+02 6.5254797363e+02 6.5250598145e+02 6.5245697021e+02 6.5239501953e+02 6.5236999512e+02 6.5232702637e+02 6.5225701904e+02 6.5221398926e+02 6.5219799805e+02 6.5216198730e+02 6.5212597656e+02 6.5210198975e+02 6.5207897949e+02 6.5206500244e+02 6.5204302979e+02 6.5202697754e+02 6.5202001953e+02 6.5198797607e+02 6.5194799805e+02 6.5191198730e+02 6.5187402344e+02 6.5181500244e+02 6.5180401611e+02 6.5179302979e+02 6.5177001953e+02 6.5173498535e+02 6.5170800781e+02 6.5168902588e+02 6.5165997314e+02 6.5163299561e+02 6.5159197998e+02 6.5153997803e+02 6.5151397705e+02 6.5149298096e+02 6.5145300293e+02 6.5143103027e+02 6.5140502930e+02
6.5295001221e+02 6.5290899658e+02 6.5288201904e+02 6.5286499023e+02 6.5282501221e+02 6.5277001953e+02 6.5273901367e+02 6.5269702148e+02 6.5265197754e+02 6.5261401367e+02 6.5254797363e+02 6.5251000977e+02 6.5244201660e+02 6.5238299561e+02 6.5233398438e+02 6.5228997803e+02 6.5224902344e+02 6.5222100830e+02 6.5220202637e+02 6.5217797852e+02 6.5214001465e+02 6.5210498047e+02 6.5209100342e+02 6.5209600830e+02 6.5207299805e+02 6.5204998779e+02 6.5201202393e+02 6.5197998047e+02 6.5195697021e+02 6.5193103027e+02 6.5187298584e+02 6.5185699463e+02 6.5183898926e+02 6.5181298828e+02 6.5176702881e+02 6.5173498535e+02 6.5172399902e+02 6.5169299316e+02 6.5165301514e+02 6.5161700439e+02 6.5157000732e+02 6.5153198242e+02 6.5149200439e+02 6.5146697998e+02 6.5144000244e+02 6.5141699219e+02
6.5299597168e+02 6.5296697998e+02 6.5294299316e+02 6.5291802979e+02 6.5287701416e+02 6.5282598877e+02 6.5278900146e+02 6.5275897217e+02 6.5272100830e+02 6.5267901611e+02 6.5261401367e+02 6.5257000732e+02 6.5250897217e+02 6.5246002197e+02 6.5239898682e+02 6.5232800293e+02 6.5228802490e+02 6.5225402832e+02 6.5222998047e+02 6.5221899414e+02 6.5218499756e+02 6.5215100098e+02 6.5213702393e+02 6.5213500977e+02 6.5209698486e+02 6.5207702637e+02 6.5205499268e+02 6.5200701904e+02 6.5198199463e+02 6.5196801758e+02 6.5191101074e+02 6.5190002441e+02 6.5188500977e+02 6.5185900879e+02 6.5181201172e+02 6.5178399658e+02 6.5176397705e+02 6.5171002197e+02 6.5167498779e+02 6.5164001465e+02 6.5160302734e+02 6.5156402588e+02 6.5152197266e+02 6.5150201416e+02 6.5147100830e+02 6.5143798828e+02
6.5307702637e+02 6.5305603027e+02 6.5300799561e+02 6.5296997070e+02 6.5292999268e+02 6.5288702393e+02 6.5284997559e+02 6.5282397461e+02 6.5278601074e+02 6.5274401855e+02 6.5268597412e+02 6.5263397217e+02 6.5256701660e+02 6.5251702881e+02 6.5245202637e+02 6.5237500000e+02 6.5234497070e+02 6.5230499268e+02 6.5225897217e+02 6.5226898193e+02 6.5224597168e+02 6.5220800781e+02 6.5220397949e+02 6.5217901611e+02 6.5213098145e+02 6.5211798096e+02 6.5209600830e+02 6.5204602051e+02 6.5200097656e+02 6.5197998047e+02 6.5194500732e+02 6.5192797852e+02 6.5190698242e+02 6.5187597656e+02 6.5184002686e+02 6.5181402588e+02 6.5178399658e+02 6.5172497559e+02 6.5169396973e+02 6.5165502930e+02 6.5163201904e+02 6.5159899902e+02 6.5155297852e+02 6.5152301025e+02 6.5149102783e+02 6.5145898438e+02
6.5315899658e+02 6.5311901855e+02 6.5305499268e+02 6.5304101563e+02 6.5300402832e+02 6.5294598389e+02 6.5290399170e+02 6.5288598633e+02 6.5284899902e+02 6.5280902100e+02 6.5275500488e+02 6.5271301270e+02 6.5263897705e+02 6.5258300781e+02 6.5251800537e+02 6.5243402100e+02 6.5239801025e+02 6.5235101318e+02 6.5232098389e+02 6.5232501221e+02 6.5229602051e+02 6.5225500488e+02 6.5225402832e+02 6.5222302246e+02 6.5218103027e+02 6.5215197754e+02 6.5209899902e+02 6.5207202148e+02 6.5203302002e+02 6.5200500488e+02 6.5198400879e+02 6.5196600342e+02 6.5192901611e+02 6.5188800049e+02 6.5185400391e+02 6.5181500244e+02 6.5177099609e+02 6.5172802734e+02 6.5170800781e+02 6.5167199707e+02 6.5165002441e+02 6.5160998535e+02 6.5155700684e+02 6.5152697754e+02 6.5149298096e+02 6.5147900391e+02
6.5321997070e+02 6.5316802979e+02 6.5312298584e+02 6.5310400391e+02 6.5307598877e+02 6.5301202393e+02 6.5296697998e+02 6.5294897461e+02 6.5291101074e+02 6.5286700439e+02 6.5281597900e+02 6.5278198242e+02 6.5270501709e+02 6.5266601563e+02 6.5259301758e+02 6.5251800537e+02 6.5247802734e+02 6.5242102051e+02 6.5238201904e+02 6.5237298584e+02 6.5233300781e+02 6.5230499268e+02 6.5229199219e+02 6.5226202393e+02 6.5221899414e+02 6.5218298340e+02 6.5214001465e+02 6.5211199951e+02 6.5207702637e+02 6.5205999756e+02 6.5201202393e+02 6.5198699951e+02 6.5195501709e+02 6.5191101074e+02 6.5188702393e+02 6.5185498047e+02 6.5180603027e+02 6.5175500488e+02 6.5171997070e+02 6.5169598389e+02 6.5166900635e+02 6.5163299561e+02 6.5159301758e+02 6.5155798340e+02 6.5152801514e+02 6.5150897217e+02
6.5327197266e+02 6.5323602295e+02 6.5320098877e+02 6.5316400146e+02 6.5312799072e+02 6.5307800293e+02 6.5303100586e+02 6.5299902344e+02 6.5295898438e+02 6.5292602539e+02 6.5288000488e+02 6.5283801270e+02 6.5276898193e+02 6.5273297119e+02 6.5267199707e+02 6.5261297607e+02 6.5255102539e+02 6.5249200439e+02 6.5244500732e+02 6.5242602539e+02 6.5239697266e+02 6.5236297607e+02 6.5234497070e+02 6.5230499268e+02 6.5225402832e+02 6.5222198486e+02 6.5218902588e+02 6.5215100098e+02 6.5210601807e+02 6.5208898926e+02 6.5203601074e+02 6.5201098633e+02 6.5198498535e+02 6.5194799805e+02 6.5192901611e+02 6.5188299561e+02 6.5183801270e+02 6.5178900146e+02 6.5174401855e+02 6.5171997070e+02 6.5170098877e+02 6.5167199707e+02 6.5162298584e+02 6.5158398438e+02 6.5155200195e+02 6.5151800537e+02
6.5332702637e+02 6.5330401611e+02 6.5326898193e+02 6.5322302246e+02 6.5318103027e+02 6.5314099121e+02 6.5310101318e+02 6.5307202148e+02 6.5302099609e+02 6.5297302246e+02 6.5292498779e+02 6.5287799072e+02 6.5282501221e+02 6.5278497314e+02 6.5272399902e+02 6.5268597412e+02 6.5262298584e+02 6.5256097412e+02 6.5252301025e+02 6.5248602295e+02 6.5245501709e+02 6.5241497803e+02 6.5241101074e+02 6.5234600830e+02 6.5228802490e+02 6.5226397705e+02 6.5223602295e+02 6.5219799805e+02 6.5215698242e+02 6.5213897705e+02 6.5208099365e+02 6.5205297852e+02 6.5202099609e+02 6.5198602295e+02 6.5196398926e+02 6.5189801025e+02 6.5186102295e+02 6.5183001709e+02 6.5178100586e+02 6.5174597168e+02 6.5173400879e+02 6.5169702148e+02 6.5163299561e+02 6.5159600830e+02 6.5157702637e+02 6.5154498291e+02
6.5341198730e+02 6.5337902832e+02 6.5333697510e+02 6.5329901123e+02 6.5325000000e+02 6.5320202637e+02 6.5313500977e+02 6.5312597656e+02 6.5307598877e+02 6.5302301025e+02 6.5298199463e+02 6.5292102051e+02 6.5287402344e+02 6.5284197998e+02 6.5277697754e+02 6.5273400879e+02 6.5268902588e+02 6.5262402344e+02 6.5259002686e+02 6.5257397461e+02 6.5253002930e+02 6.5247802734e+02 6.5247900391e+02 6.5239599609e+02 6.5233001709e+02 6.5231402588e+02 6.5227502441e+02 6.5224798584e+02 6.5221600342e+02 6.5219000244e+02 6.5214398193e+02 6.5211102295e+02 6.5206402588e+02 6.5202301025e+02 6.5199401855e+02 6.5193298340e+02 6.5189501953e+02 6.5187298584e+02 6.5183099365e+02 6.5178802490e+02 6.5176000977e+02 6.5171899414e+02 6.5168701172e+02 6.5162097168e+02 6.5160101318e+02 6.5157897949e+02
6.5350000000e+02 6.5345501709e+02 6.5339801025e+02 6.5337097168e+02 6.5332702637e+02 6.5325402832e+02 6.5318200684e+02 6.5316802979e+02 6.5313098145e+02 6.5307800293e+02 6.5301501465e+02 6.5297998047e+02 6.5293103027e+02 6.5289202881e+02 6.5283398438e+02 6.5279602051e+02 6.5274700928e+02 6.5267901611e+02 6.5265002441e+02 6.5263299561e+02 6.5259301758e+02 6.5254302979e+02 6.5252099609e+02 6.5243902588e+02 6.5238299561e+02 6.5237200928e+02 6.5232501221e+02 6.5228497314e+02 6.5225201416e+02 6.5222998047e+02 6.5218298340e+02 6.5214300537e+02 6.5209497070e+02 6.5205200195e+02 6.5204199219e+02 6.5198400879e+02 6.5193402100e+02 6.5190301514e+02 6.5186401367e+02 6.5182702637e+02 6.5178900146e+02 6.5174200439e+02 6.5169396973e+02 6.5165197754e+02 6.5160998535e+02 6.5158502197e+02
6.5360198975e+02 6.5354699707e+02 6.5347900391e+02 6.5345098877e+02 6.5340698242e+02 6.5332299805e+02 6.5324499512e+02 6.5321197510e+02 6.5318298340e+02 6.5313800049e+02 6.5308502197e+02 6.5305700684e+02 6.5300402832e+02 6.5296002197e+02 6.5290002441e+02 6.5287298584e+02 6.5282501221e+02 6.5276000977e+02 6.5273297119e+02 6.5271398926e+02 6.5267199707e+02 6.5261798096e+02 6.5258001709e+02 6.5251898193e+02 6.5247100830e+02 6.5244799805e+02 6.5238201904e+02 6.5233801270e+02 6.5229901123e+02 6.5226800537e+02 6.5221197510e+02 6.5217700195e+02 6.5213897705e+02 6.5209698486e+02 6.5208300781e+02 6.5202502441e+02 6.5197601318e+02 6.5194598389e+02 6.5190301514e+02 6.5186102295e+02 6.5181298828e+02 6.5176702881e+02 6.5170898438e+02 6.5167700195e+02 6.5162701416e+02 6.5159802246e+02
6.5370599365e+02 6.5364801025e+02 6.5358398438e+02 6.5354498291e+02 6.5348602295e+02 6.5340502930e+02 6.5332702637e+02 6.5329199219e+02 6.5324902344e+02 6.5320898438e+02 6.5317401123e+02 6.5312902832e+02 6.5307800293e+02 6.5303399658e+02 6.5298901367e+02 6.5295800781e+02 6.5291601563e+02 6.5285498047e+02 6.5282299805e+02 6.5278900146e+02 6.5274102783e+02 6.5269897461e+02 6.5265301514e+02 6.5259497070e+02 6.5254498291e+02 6.5251599121e+02 6.5245300293e+02 6.5241900635e+02 6.5236901855e+02 6.5232897949e+02 6.5227697754e+02 6.5223699951e+02 6.5220300293e+02 6.5214599609e+02 6.5210699463e+02 6.5206500244e+02 6.5202801514e+02 6.5199298096e+02 6.5194201660e+02 6.5189801025e+02 6.5184698486e+02 6.5180297852e+02 6.5174798584e+02 6.5171697998e+02 6.5167102051e+02 6.5163299561e+02
