TESTSERVER/6/1.asc
NCOLS 100
NROWS 100
XLLCORNER 7.7997500000e+03
YLLCORNER 2.8990025000e+05
CELLSIZE 5.0000000000e-01
NODATA_VALUE -9.9990000000e+03
[rows 0 to 19 of 100, columns 0 to 45 of 100]
6.5482299805e+02 6.5484100342e+02 6.5483300781e+02 6.5482397461e+02 6.5484197998e+02 6.5483099365e+02 6.5484899902e+02 6.5486199951e+02 6.5485302734e+02 6.5483300781e+02 6.5483502197e+02 6.5484802246e+02 6.5485400391e+02 6.5487402344e+02 6.5486102295e+02 6.5486401367e+02 6.5487097168e+02 6.5488000488e+02 6.5488702393e+02 6.5484600830e+02 6.5481402588e+02 6.5475799561e+02 6.5469702148e+02 6.5464099121e+02 6.5457299805e+02 6.5449401855e+02 6.5444201660e+02 6.5440002441e+02 6.5434802246e+02 6.5427301025e+02 6.5419396973e+02 6.5413500977e+02 6.5409002686e+02 6.5401202393e+02 6.5388500977e+02 6.5379302979e+02 6.5369799805e+02 6.5360400391e+02 6.5353601074e+02 6.5347198486e+02 6.5343902588e+02 6.5344097900e+02 6.5341497803e+02 6.5339898682e+02 6.5338500977e+02 6.5336297607e+02
6.5471099854e+02 6.5472302246e+02 6.5472900391e+02 6.5472900391e+02 6.5474902344e+02 6.5472998047e+02 6.5475799561e+02 6.5474597168e+02 6.5475097656e+02 6.5474401855e+02 6.5474401855e+02 6.5474102783e+02 6.5474597168e+02 6.5477600098e+02 6.5476098633e+02 6.5474798584e+02 6.5473498535e+02 6.5476702881e+02 6.5478002930e+02 6.5475000000e+02 6.5473297119e+02 6.5471301270e+02 6.5465698242e+02 6.5461499023e+02 6.5454498291e+02 6.5445599365e+02 6.5439001465e+02 6.5435198975e+02 6.5432299805e+02 6.5426800537e+02 6.5419299316e+02 6.5409997559e+02 6.5401702881e+02 6.5395697021e+02 6.5388098145e+02 6.5382397461e+02 6.5373999023e+02 6.5364001465e+02 6.5354602051e+02 6.5342401123e+02 6.5334100342e+02 6.5332000732e+02 6.5332000732e+02 6.5330902100e+02 6.5329998779e+02 6.5328100586e+02
6.5459698486e+02 6.5461102295e+02 6.5463500977e+02 6.5463598633e+02 6.5465002441e+02 6.5462701416e+02 6.5464801025e+02 6.5463500977e+02 6.5463897705e+02 6.5463702393e+02 6.5463800049e+02 6.5461798096e+02 6.5462298584e+02 6.5466302490e+02 6.5465100098e+02 6.5464300537e+02 6.5463000488e+02 6.5465502930e+02 6.5465600586e+02 6.5465399170e+02 6.5461901855e+02 6.5461102295e+02 6.5459600830e+02 6.5457299805e+02 6.5452398682e+02 6.5445501709e+02 6.5437799072e+02 6.5430499268e+02 6.5424798584e+02 6.5421600342e+02 6.5417498779e+02 6.5409301758e+02 6.5399499512e+02 6.5391101074e+02 6.5382202148e+02 6.5377001953e+02 6.5371801758e+02 6.5364501953e+02 6.5357897949e+02 6.5346197510e+02 6.5333599854e+02 6.5327001953e+02 6.5324499512e+02 6.5323699951e+02 6.5322802734e+02 6.5320397949e+02
6.5453002930e+02 6.5452001953e+02 6.5452301025e+02 6.5452697754e+02 6.5454199219e+02 6.5452398682e+02 6.5453601074e+02 6.5454101563e+02 6.5454699707e+02 6.5453698730e+02 6.5452899170e+02 6.5450701904e+02 6.5451202393e+02 6.5454901123e+02 6.5454602051e+02 6.5454699707e+02 6.5454699707e+02 6.5455798340e+02 6.5453802490e+02 6.5454101563e+02 6.5451898193e+02 6.5452197266e+02 6.5450299072e+02 6.5448797607e+02 6.5446002197e+02 6.5441699219e+02 6.5436901855e+02 6.5429400635e+02 6.5419799805e+02 6.5413800049e+02 6.5410198975e+02 6.5404101563e+02 6.5397900391e+02 6.5389697266e+02 6.5378601074e+02 6.5372100830e+02 6.5366998291e+02 6.5361297607e+02 6.5357098389e+02 6.5347998047e+02 6.5336297607e+02 6.5327099609e+02 6.5320800781e+02 6.5319097900e+02 6.5317297363e+02 6.5314202881e+02
6.5443200684e+02 6.5441998291e+02 6.5442602539e+02 6.5443902588e+02 6.5445300293e+02 6.5443103027e+02 6.5441900635e+02 6.5442999268e+02 6.5445599365e+02 6.5445397949e+02 6.5443798828e+02 6.5440502930e+02 6.5440502930e+02 6.5444396973e+02 6.5444598389e+02 6.5443902588e+02 6.5443402100e+02 6.5445397949e+02 6.5445001221e+02 6.5441601563e+02 6.5441998291e+02 6.5442797852e+02 6.5440698242e+02 6.5440301514e+02 6.5438500977e+02 6.5434497070e+02 6.5429797363e+02 6.5425201416e+02 6.5419000244e+02 6.5411102295e+02 6.5403497314e+02 6.5396398926e+02 6.5392700195e+02 6.5388299561e+02 6.5380603027e+02 6.5370501709e+02 6.5361798096e+02 6.5355297852e+02 6.5353399658e+02 6.5349298096e+02 6.5341198730e+02 6.5330999756e+02 6.5319897461e+02 6.5317602539e+02 6.5313897705e+02 6.5308697510e+02
6.5430102539e+02 6.5431597900e+02 6.5433502197e+02 6.5434301758e+02 6.5435797119e+02 6.5434100342e+02 6.5434197998e+02 6.5432897949e+02 6.5434301758e+02 6.5435101318e+02 6.5433801270e+02 6.5432299805e+02 6.5432098389e+02 6.5436102295e+02 6.5435400391e+02 6.5435101318e+02 6.5434497070e+02 6.5436499023e+02 6.5435101318e+02 6.5432702637e+02 6.5430999756e+02 6.5431097412e+02 6.5430200195e+02 6.5429199219e+02 6.5428002930e+02 6.5424597168e+02 6.5421899414e+02 6.5418103027e+02 6.5414599609e+02 6.5409997559e+02 6.5402899170e+02 6.5393402100e+02 6.5385601807e+02 6.5380297852e+02 6.5375598145e+02 6.5369702148e+02 6.5361700439e+02 6.5354998779e+02 6.5350500488e+02 6.5344500732e+02 6.5339898682e+02 6.5334802246e+02 6.5325201416e+02 6.5319500732e+02 6.5314001465e+02 6.5305902100e+02
6.5417700195e+02 6.5419799805e+02 6.5420202637e+02 6.5421600342e+02 6.5424798584e+02 6.5423699951e+02 6.5425598145e+02 6.5424798584e+02 6.5424902344e+02 6.5425402832e+02 6.5422802734e+02 6.5422399902e+02 6.5422399902e+02 6.5425897217e+02 6.5425000000e+02 6.5424902344e+02 6.5424401855e+02 6.5425799561e+02 6.5425402832e+02 6.5424798584e+02 6.5423699951e+02 6.5421899414e+02 6.5419702148e+02 6.5417797852e+02 6.5416302490e+02 6.5413897705e+02 6.5412298584e+02 6.5409100342e+02 6.5406298828e+02 6.5403497314e+02 6.5399102783e+02 6.5392999268e+02 6.5384399414e+02 6.5376300049e+02 6.5370202637e+02 6.5366302490e+02 6.5359899902e+02 6.5353302002e+02 6.5348101807e+02 6.5340802002e+02 6.5334997559e+02 6.5331298828e+02 6.5326202393e+02 6.5321398926e+02 6.5315399170e+02 6.5306701660e+02
6.5407598877e+02 6.5409002686e+02 6.5409899902e+02 6.5410601807e+02 6.5413500977e+02 6.5411901855e+02 6.5414001465e+02 6.5414501953e+02 6.5414801025e+02 6.5415899658e+02 6.5413598633e+02 6.5412402344e+02 6.5410998535e+02 6.5414300537e+02 6.5415502930e+02 6.5415002441e+02 6.5413598633e+02 6.5415502930e+02 6.5415502930e+02 6.5414697266e+02 6.5414801025e+02 6.5412402344e+02 6.5410101318e+02 6.5408502197e+02 6.5405902100e+02 6.5403900146e+02 6.5402301025e+02 6.5399200439e+02 6.5397198486e+02 6.5395501709e+02 6.5392199707e+02 6.5389398193e+02 6.5382897949e+02 6.5373797607e+02 6.5365899658e+02 6.5362097168e+02 6.5355798340e+02 6.5349298096e+02 6.5345202637e+02 6.5337701416e+02 6.5331500244e+02 6.5327398682e+02 6.5322399902e+02 6.5319702148e+02 6.5315502930e+02 6.5309197998e+02
6.5398297119e+02 6.5397601318e+02 6.5398498535e+02 6.5400598145e+02 6.5402197266e+02 6.5399700928e+02 6.5400500488e+02 6.5402001953e+02 6.5402697754e+02 6.5404699707e+02 6.5404998779e+02 6.5404998779e+02 6.5403198242e+02 6.5404699707e+02 6.5405603027e+02 6.5405798340e+02 6.5405499268e+02 6.5407501221e+02 6.5404199219e+02 6.5403302002e+02 6.5404302979e+02 6.5403100586e+02 6.5402398682e+02 6.5401098633e+02 6.5397802734e+02 6.5395599365e+02 6.5394097900e+02 6.5391302490e+02 6.5388598633e+02 6.5386102295e+02 6.5383599854e+02 6.5379901123e+02 6.5374200439e+02 6.5368103027e+02 6.5364398193e+02 6.5359197998e+02 6.5351397705e+02 6.5343902588e+02 6.5340899658e+02 6.5336499023e+02 6.5330102539e+02 6.5324200439e+02 6.5320001221e+02 6.5315899658e+02 6.5311798096e+02 6.5307800293e+02
6.5397198486e+02 6.5394097900e+02 6.5391101074e+02 6.5390502930e+02 6.5390997314e+02 6.5388702393e+02 6.5388702393e+02 6.5389898682e+02 6.5390600586e+02 6.5391900635e+02 6.5392401123e+02 6.5394097900e+02 6.5393499756e+02 6.5395898438e+02 6.5396899414e+02 6.5396099854e+02 6.5395599365e+02 6.5397198486e+02 6.5396197510e+02 6.5396002197e+02 6.5394598389e+02 6.5391998291e+02 6.5391400146e+02 6.5391198730e+02 6.5389801025e+02 6.5388598633e+02 6.5386499023e+02 6.5383599854e+02 6.5379699707e+02 6.5376202393e+02 6.5374401855e+02 6.5371502686e+02 6.5365301514e+02 6.5360302734e+02 6.5356799316e+02 6.5354199219e+02 6.5350299072e+02 6.5343499756e+02 6.5338299561e+02 6.5333801270e+02 6.5328399658e+02 6.5322698975e+02 6.5317498779e+02 6.5312799072e+02 6.5309197998e+02 6.5307098389e+02
6.5392797852e+02 6.5392297363e+02 6.5389898682e+02 6.5388201904e+02 6.5385797119e+02 6.5381298828e+02 6.5379602051e+02 6.5378802490e+02 6.5378802490e+02 6.5379699707e+02 6.5380499268e+02 6.5381097412e+02 6.5379797363e+02 6.5382202148e+02 6.5384497070e+02 6.5385498047e+02 6.5384497070e+02 6.5386102295e+02 6.5387298584e+02 6.5387902832e+02 6.5384899902e+02 6.5382598877e+02 6.5382598877e+02 6.5381500244e+02 6.5379699707e+02 6.5378997803e+02 6.5376800537e+02 6.5373602295e+02 6.5370098877e+02 6.5367199707e+02 6.5364898682e+02 6.5361199951e+02 6.5355798340e+02 6.5351800537e+02 6.5348797607e+02 6.5346099854e+02 6.5343597412e+02 6.5339697266e+02 6.5335900879e+02 6.5330102539e+02 6.5325299072e+02 6.5320800781e+02 6.5315100098e+02 6.5309698486e+02 6.5305603027e+02 6.5303900146e+02
6.5382397461e+02 6.5384301758e+02 6.5384100342e+02 6.5385998535e+02 6.5384497070e+02 6.5378802490e+02 6.5374700928e+02 6.5371197510e+02 6.5369897461e+02 6.5369702148e+02 6.5369799805e+02 6.5370898438e+02 6.5369000244e+02 6.5370001221e+02 6.5371801758e+02 6.5374102783e+02 6.5372998047e+02 6.5374298096e+02 6.5375701904e+02 6.5376702881e+02 6.5373999023e+02 6.5372900391e+02 6.5373999023e+02 6.5371398926e+02 6.5368798828e+02 6.5367999268e+02 6.5366101074e+02 6.5364099121e+02 6.5362097168e+02 6.5359899902e+02 6.5357202148e+02 6.5353002930e+02 6.5348400879e+02 6.5344500732e+02 6.5341497803e+02 6.5338800049e+02 6.5336199951e+02 6.5332299805e+02 6.5330102539e+02 6.5325799561e+02 6.5322802734e+02 6.5318798828e+02 6.5312701416e+02 6.5307501221e+02 6.5303198242e+02 6.5300799561e+02
6.5370599365e+02 6.5372302246e+02 6.5373699951e+02 6.5379199219e+02 6.5380102539e+02 6.5376800537e+02 6.5374798584e+02 6.5370599365e+02 6.5369201660e+02 6.5365600586e+02 6.5359899902e+02 6.5362402344e+02 6.5358300781e+02 6.5357598877e+02 6.5359698486e+02 6.5360400391e+02 6.5359600830e+02 6.5361499023e+02 6.5363500977e+02 6.5364202881e+02 6.5362701416e+02 6.5362402344e+02 6.5363800049e+02 6.5362402344e+02 6.5360198975e+02 6.5358300781e+02 6.5356701660e+02 6.5354901123e+02 6.5353900146e+02 6.5351599121e+02 6.5349597168e+02 6.5345697021e+02 6.5341198730e+02 6.5336199951e+02 6.5332397461e+02 6.5330401611e+02 6.5328399658e+02 6.5324499512e+02 6.5322698975e+02 6.5318200684e+02 6.5316497803e+02 6.5313702393e+02 6.5309802246e+02 6.5305102539e+02 6.5301599121e+02 6.5299597168e+02
6.5363000488e+02 6.5364501953e+02 6.5364599609e+02 6.5367297363e+02 6.5370001221e+02 6.5371099854e+02 6.5374499512e+02 6.5371899414e+02 6.5366302490e+02 6.5362200928e+02 6.5357299805e+02 6.5356799316e+02 6.5349401855e+02 6.5347900391e+02 6.5349499512e+02 6.5348498535e+02 6.5348400879e+02 6.5351397705e+02 6.5351501465e+02 6.5352197266e+02 6.5352801514e+02 6.5352600098e+02 6.5352697754e+02 6.5352099609e+02 6.5351300049e+02 6.5349200439e+02 6.5347497559e+02 6.5344799805e+02 6.5342999268e+02 6.5341400146e+02 6.5338897705e+02 6.5336901855e+02 6.5333197021e+02 6.5328302002e+02 6.5325402832e+02 6.5322698975e+02 6.5322100830e+02 6.5318103027e+02 6.5316101074e+02 6.5311901855e+02 6.5310198975e+02 6.5308300781e+02 6.5304400635e+02 6.5301599121e+02 6.5298699951e+02 6.5295599365e+02
6.5355401611e+02 6.5355401611e+02 6.5355200195e+02 6.5356799316e+02 6.5358001709e+02 6.5360101318e+02 6.5368103027e+02 6.5368701172e+02 6.5361199951e+02 6.5358502197e+02 6.5355401611e+02 6.5353198242e+02 6.5347601318e+02 6.5344097900e+02 6.5342199707e+02 6.5340002441e+02 6.5338000488e+02 6.5339801025e+02 6.5338598633e+02 6.5340899658e+02 6.5342999268e+02 6.5342199707e+02 6.5341400146e+02 6.5341497803e+02 6.5341601563e+02 6.5339099121e+02 6.5337402344e+02 6.5335699463e+02 6.5333801270e+02 6.5331201172e+02 6.5328198242e+02 6.5327001953e+02 6.5324200439e+02 6.5320599365e+02 6.5317797852e+02 6.5315002441e+02 6.5314202881e+02 6.5310601807e+02 6.5308197021e+02 6.5304797363e+02 6.5303198242e+02 6.5301300049e+02 6.5298199463e+02 6.5296899414e+02 6.5296002197e+02 6.5293701172e+02
6.5347698975e+02 6.5346600342e+02 6.5345800781e+02 6.5347399902e+02 6.5347900391e+02 6.5349401855e+02 6.5355499268e+02 6.5356201172e+02 6.5352001953e+02 6.5353002930e+02 6.5350000000e+02 6.5347302246e+02 6.5345599365e+02 6.5342797852e+02 6.5340399170e+02 6.5336901855e+02 6.5332299805e+02 6.5330603027e+02 6.5328997803e+02 6.5329199219e+02 6.5330798340e+02 6.5330401611e+02 6.5329998779e+02 6.5330700684e+02 6.5330401611e+02 6.5328601074e+02 6.5327697754e+02 6.5326501465e+02 6.5325097656e+02 6.5321697998e+02 6.5318200684e+02 6.5317102051e+02 6.5315100098e+02 6.5313897705e+02 6.5310998535e+02 6.5308197021e+02 6.5306500244e+02 6.5303100586e+02 6.5300299072e+02 6.5297302246e+02 6.5296197510e+02 6.5294598389e+02 6.5292297363e+02 6.5290197754e+02 6.5290002441e+02 6.5288800049e+02
6.5337799072e+02 6.5338897705e+02 6.5339599609e+02 6.5340301514e+02 6.5341497803e+02 6.5340802002e+02 6.5342199707e+02 6.5341198730e+02 6.5340002441e+02 6.5342498779e+02 6.5340600586e+02 6.5340301514e+02 6.5338000488e+02 6.5337902832e+02 6.5340899658e+02 6.5337097168e+02 6.5332202148e+02 6.5328802490e+02 6.5327001953e+02 6.5323297119e+02 6.5321600342e+02 6.5320800781e+02 6.5321301270e+02 6.5320800781e+02 6.5320098877e+02 6.5318200684e+02 6.5315997314e+02 6.5314801025e+02 6.5313098145e+02 6.5310998535e+02 6.5308502197e+02 6.5308001709e+02 6.5305700684e+02 6.5303900146e+02 6.5301898193e+02 6.5300799561e+02 6.5299298096e+02 6.5295202637e+02 6.5291198730e+02 6.5289801025e+02 6.5289398193e+02 6.5288800049e+02 6.5285400391e+02 6.5284002686e+02 6.5283898926e+02 6.5282000732e+02
6.5330102539e+02 6.5329498291e+02 6.5329602051e+02 6.5330401611e+02 6.5330902100e+02 6.5329199219e+02 6.5331799316e+02 6.5330401611e+02 6.5328900146e+02 6.5330401611e+02 6.5328497314e+02 6.5328100586e+02 6.5327197266e+02 6.5329901123e+02 6.5333801270e+02 6.5331097412e+02 6.5328100586e+02 6.5327001953e+02 6.5326800537e+02 6.5322802734e+02 6.5318597412e+02 6.5314300537e+02 6.5312701416e+02 6.5311901855e+02 6.5309399414e+02 6.5307800293e+02 6.5308099365e+02 6.5307299805e+02 6.5304498291e+02 6.5302398682e+02 6.5300500488e+02 6.5299700928e+02 6.5298297119e+02 6.5295800781e+02 6.5294299316e+02 6.5291400146e+02 6.5289099121e+02 6.5285302734e+02 6.5284399414e+02 6.5282501221e+02 6.5282000732e+02 6.5281701660e+02 6.5278302002e+02 6.5277197266e+02 6.5277099609e+02 6.5276501465e+02
6.5323901367e+02 6.5322601318e+02 6.5321997070e+02 6.5323797607e+02 6.5323602295e+02 6.5320397949e+02 6.5321600342e+02 6.5321997070e+02 6.5320697021e+02 6.5320300293e+02 6.5318499756e+02 6.5318902588e+02 6.5318902588e+02 6.5322302246e+02 6.5324298096e+02 6.5321197510e+02 6.5319702148e+02 6.5320501709e+02 6.5322100830e+02 6.5319396973e+02 6.5315899658e+02 6.5312701416e+02 6.5309399414e+02 6.5306701660e+02 6.5302502441e+02 6.5300097656e+02 6.5300299072e+02 6.5299298096e+02 6.5296997070e+02 6.5295300293e+02 6.5293200684e+02 6.5291802979e+02 6.5291802979e+02 6.5289801025e+02 6.5287402344e+02 6.5284002686e+02 6.5283099365e+02 6.5279400635e+02 6.5278601074e+02 6.5276000977e+02 6.5275598145e+02 6.5274798584e+02 6.5270898438e+02 6.5270599365e+02 6.5271697998e+02 6.5271801758e+02
6.5316601563e+02 6.5314898682e+02 6.5313598633e+02 6.5315802002e+02 6.5315600586e+02 6.5312402344e+02 6.5313397217e+02 6.5314300537e+02 6.5312701416e+02 6.5311499023e+02 6.5310302734e+02 6.5310797119e+02 6.5310101318e+02 6.5313098145e+02 6.5314599609e+02 6.5311700439e+02 6.5310797119e+02 6.5311499023e+02 6.5312799072e+02 6.5311499023e+02 6.5309802246e+02 6.5309899902e+02 6.5307501221e+02 6.5304797363e+02 6.5301300049e+02 6.5297698975e+02 6.5293798828e+02 6.5291998291e+02 6.5290899658e+02 6.5290802002e+02 6.5289001465e+02 6.5287200928e+02 6.5285498047e+02 6.5282598877e+02 6.5280603027e+02 6.5276300049e+02 6.5276000977e+02 6.5272497559e+02 6.5271600342e+02 6.5269299316e+02 6.5267498779e+02 6.5267102051e+02 6.5264300537e+02 6.5264599609e+02 6.5266497803e+02 6.5264801025e+02
