TESTSERVER/6/10.asc
NCOLS 100
NROWS 100
XLLCORNER 7.7997500000e+03
YLLCORNER 2.8945025000e+05
CELLSIZE 5.0000000000e-01
NODATA_VALUE -9.9990000000e+03
[rows 80 to 99 of 100, columns 46 to 91 of 100]
5.7176800537e+02 5.7179901123e+02 5.7181500244e+02 5.7184802246e+02 5.7187597656e+02 5.7190698242e+02 5.7192797852e+02 5.7196997070e+02 5.7202301025e+02 5.7205401611e+02 5.7208197021e+02 5.7209600830e+02 5.7209899902e+02 5.7216302490e+02 5.7222399902e+02 5.7230499268e+02 5.7248797607e+02 5.7281097412e+02 5.7316198730e+02 5.7325299072e+02 5.7313598633e+02 5.7290899658e+02 5.7271002197e+02 5.7265600586e+02 5.7272302246e+02 5.7276300049e+02 5.7274798584e+02 5.7271502686e+02 5.7272302246e+02 5.7277398682e+02 5.7287097168e+02 5.7300500488e+02 5.7312298584e+02 5.7326599121e+02 5.7333300781e+02 5.7338299561e+02 5.7338299561e+02 5.7339501953e+02 5.7338500977e+02 5.7338598633e+02 5.7339398193e+02 5.7341900635e+02 5.7343499756e+02 5.7345800781e+02 5.7346398926e+02 5.7346099854e+02
5.7173699951e+02 5.7176800537e+02 5.7179302979e+02 5.7182800293e+02 5.7184698486e+02 5.7186499023e+02 5.7186999512e+02 5.7191101074e+02 5.7197698975e+02 5.7201397705e+02 5.7202600098e+02 5.7202301025e+02 5.7201000977e+02 5.7207000732e+02 5.7211297607e+02 5.7214697266e+02 5.7238500977e+02 5.7283398438e+02 5.7314300537e+02 5.7315698242e+02 5.7296899414e+02 5.7278399658e+02 5.7268798828e+02 5.7269702148e+02 5.7274102783e+02 5.7277600098e+02 5.7277099609e+02 5.7275201416e+02 5.7274798584e+02 5.7278497314e+02 5.7285101318e+02 5.7294702148e+02 5.7305999756e+02 5.7316400146e+02 5.7324200439e+02 5.7329101563e+02 5.7331500244e+02 5.7332598877e+02 5.7332897949e+02 5.7333502197e+02 5.7335498047e+02 5.7337902832e+02 5.7339898682e+02 5.7341497803e+02 5.7342797852e+02 5.7343499756e+02
5.7169299316e+02 5.7172601318e+02 5.7175097656e+02 5.7178698730e+02 5.7182098389e+02 5.7185198975e+02 5.7185900879e+02 5.7188800049e+02 5.7193402100e+02 5.7196197510e+02 5.7196301270e+02 5.7194598389e+02 5.7190600586e+02 5.7192797852e+02 5.7193902588e+02 5.7189099121e+02 5.7200201416e+02 5.7244299316e+02 5.7286401367e+02 5.7294799805e+02 5.7278900146e+02 5.7264898682e+02 5.7261297607e+02 5.7266101074e+02 5.7271801758e+02 5.7275598145e+02 5.7276098633e+02 5.7275299072e+02 5.7274798584e+02 5.7277801514e+02 5.7283398438e+02 5.7291497803e+02 5.7301599121e+02 5.7310699463e+02 5.7318103027e+02 5.7322998047e+02 5.7325897217e+02 5.7327801514e+02 5.7328900146e+02 5.7330102539e+02 5.7332397461e+02 5.7334997559e+02 5.7336999512e+02 5.7338800049e+02 5.7340399170e+02 5.7341699219e+02
5.7165502930e+02 5.7168499756e+02 5.7171197510e+02 5.7175299072e+02 5.7178698730e+02 5.7181097412e+02 5.7183801270e+02 5.7186297607e+02 5.7188201904e+02 5.7189202881e+02 5.7188098145e+02 5.7185797119e+02 5.7180999756e+02 5.7180200195e+02 5.7180401611e+02 5.7172802734e+02 5.7165002441e+02 5.7191198730e+02 5.7240399170e+02 5.7262402344e+02 5.7256896973e+02 5.7248101807e+02 5.7249597168e+02 5.7257299805e+02 5.7264697266e+02 5.7269500732e+02 5.7271899414e+02 5.7272802734e+02 5.7272998047e+02 5.7276000977e+02 5.7281201172e+02 5.7288500977e+02 5.7297802734e+02 5.7305798340e+02 5.7312902832e+02 5.7317797852e+02 5.7321099854e+02 5.7323797607e+02 5.7325500488e+02 5.7327398682e+02 5.7329901123e+02 5.7332702637e+02 5.7334899902e+02 5.7336901855e+02 5.7338800049e+02 5.7340600586e+02
5.7163897705e+02 5.7166101074e+02 5.7167602539e+02 5.7172497559e+02 5.7178100586e+02 5.7177600098e+02 5.7179199219e+02 5.7182397461e+02 5.7182897949e+02 5.7181701660e+02 5.7179400635e+02 5.7176300049e+02 5.7173400879e+02 5.7171301270e+02 5.7168499756e+02 5.7163000488e+02 5.7150799561e+02 5.7153802490e+02 5.7183398438e+02 5.7215399170e+02 5.7221997070e+02 5.7226501465e+02 5.7231298828e+02 5.7242199707e+02 5.7250799561e+02 5.7258697510e+02 5.7263598633e+02 5.7266802979e+02 5.7269598389e+02 5.7273101807e+02 5.7278302002e+02 5.7285900879e+02 5.7293902588e+02 5.7302502441e+02 5.7309197998e+02 5.7314202881e+02 5.7317901611e+02 5.7320098877e+02 5.7322302246e+02 5.7324700928e+02 5.7327801514e+02 5.7331097412e+02 5.7334301758e+02 5.7336297607e+02 5.7338800049e+02 5.7340600586e+02
5.7159197998e+02 5.7161602783e+02 5.7161499023e+02 5.7164398193e+02 5.7171502686e+02 5.7175500488e+02 5.7175701904e+02 5.7177301025e+02 5.7176800537e+02 5.7173999023e+02 5.7170599365e+02 5.7167797852e+02 5.7165600586e+02 5.7162500000e+02 5.7158001709e+02 5.7152099609e+02 5.7140301514e+02 5.7130700684e+02 5.7142401123e+02 5.7164898682e+02 5.7184698486e+02 5.7200402832e+02 5.7211297607e+02 5.7222698975e+02 5.7234600830e+02 5.7244897461e+02 5.7252899170e+02 5.7259002686e+02 5.7264501953e+02 5.7270599365e+02 5.7277197266e+02 5.7285198975e+02 5.7292797852e+02 5.7300299072e+02 5.7306298828e+02 5.7311499023e+02 5.7315002441e+02 5.7317498779e+02 5.7320300293e+02 5.7323297119e+02 5.7327001953e+02 5.7330499268e+02 5.7333398438e+02 5.7335900879e+02 5.7338201904e+02 5.7340502930e+02
5.7154498291e+02 5.7155700684e+02 5.7153802490e+02 5.7153497314e+02 5.7157897949e+02 5.7166699219e+02 5.7170098877e+02 5.7170098877e+02 5.7169500732e+02 5.7167797852e+02 5.7163397217e+02 5.7160302734e+02 5.7156597900e+02 5.7152502441e+02 5.7148498535e+02 5.7143597412e+02 5.7133502197e+02 5.7118798828e+02 5.7116699219e+02 5.7132702637e+02 5.7155700684e+02 5.7176898193e+02 5.7190802002e+02 5.7204199219e+02 5.7218499756e+02 5.7231097412e+02 5.7241802979e+02 5.7251000977e+02 5.7258898926e+02 5.7266998291e+02 5.7275000000e+02 5.7283502197e+02 5.7290997314e+02 5.7297802734e+02 5.7303802490e+02 5.7308898926e+02 5.7312902832e+02 5.7315802002e+02 5.7319097900e+02 5.7322497559e+02 5.7326300049e+02 5.7329699707e+02 5.7332598877e+02 5.7334997559e+02 5.7337500000e+02 5.7339898682e+02
5.7149798584e+02 5.7150000000e+02 5.7148199463e+02 5.7147601318e+02 5.7147900391e+02 5.7156500244e+02 5.7165997314e+02 5.7166497803e+02 5.7163500977e+02 5.7161798096e+02 5.7157598877e+02 5.7152697754e+02 5.7147198486e+02 5.7142401123e+02 5.7138897705e+02 5.7134497070e+02 5.7127398682e+02 5.7114099121e+02 5.7103601074e+02 5.7112701416e+02 5.7133099365e+02 5.7154998779e+02 5.7170697021e+02 5.7185601807e+02 5.7201898193e+02 5.7216601563e+02 5.7229901123e+02 5.7241998291e+02 5.7252301025e+02 5.7262500000e+02 5.7272100830e+02 5.7281298828e+02 5.7289001465e+02 5.7295697021e+02 5.7301800537e+02 5.7307000732e+02 5.7311401367e+02 5.7314697266e+02 5.7318298340e+02 5.7322198486e+02 5.7325897217e+02 5.7329101563e+02 5.7332000732e+02 5.7334301758e+02 5.7336798096e+02 5.7339202881e+02
5.7143402100e+02 5.7143402100e+02 5.7144201660e+02 5.7145697021e+02 5.7145697021e+02 5.7150201416e+02 5.7159899902e+02 5.7162097168e+02 5.7157702637e+02 5.7154602051e+02 5.7150299072e+02 5.7144702148e+02 5.7139001465e+02 5.7134899902e+02 5.7130700684e+02 5.7125598145e+02 5.7119598389e+02 5.7110998535e+02 5.7100598145e+02 5.7098999023e+02 5.7110900879e+02 5.7130999756e+02 5.7149200439e+02 5.7165600586e+02 5.7183001709e+02 5.7200799561e+02 5.7216802979e+02 5.7232501221e+02 5.7246002197e+02 5.7257000732e+02 5.7268597412e+02 5.7277197266e+02 5.7285400391e+02 5.7293597412e+02 5.7299298096e+02 5.7305798340e+02 5.7310797119e+02 5.7314697266e+02 5.7318902588e+02 5.7322497559e+02 5.7325598145e+02 5.7328802490e+02 5.7331298828e+02 5.7333898926e+02 5.7336199951e+02 5.7338702393e+02
5.7140197754e+02 5.7140502930e+02 5.7141101074e+02 5.7143701172e+02 5.7145001221e+02 5.7147601318e+02 5.7153100586e+02 5.7153399658e+02 5.7147998047e+02 5.7145202637e+02 5.7142102051e+02 5.7136901855e+02 5.7131097412e+02 5.7125799561e+02 5.7121197510e+02 5.7115802002e+02 5.7111499023e+02 5.7107202148e+02 5.7098999023e+02 5.7092797852e+02 5.7096502686e+02 5.7109802246e+02 5.7127697754e+02 5.7144702148e+02 5.7164801025e+02 5.7184301758e+02 5.7203002930e+02 5.7221398926e+02 5.7236999512e+02 5.7250402832e+02 5.7263000488e+02 5.7272998047e+02 5.7283001709e+02 5.7291601563e+02 5.7298602295e+02 5.7305200195e+02 5.7310900879e+02 5.7315600586e+02 5.7319396973e+02 5.7322698975e+02 5.7325500488e+02 5.7328399658e+02 5.7330999756e+02 5.7333697510e+02 5.7335998535e+02 5.7338201904e+02
5.7139300537e+02 5.7140997314e+02 5.7140802002e+02 5.7143402100e+02 5.7144897461e+02 5.7145599365e+02 5.7148602295e+02 5.7151098633e+02 5.7144097900e+02 5.7136798096e+02 5.7132000732e+02 5.7126599121e+02 5.7121301270e+02 5.7115899658e+02 5.7111700439e+02 5.7108001709e+02 5.7104797363e+02 5.7101800537e+02 5.7096502686e+02 5.7089801025e+02 5.7088000488e+02 5.7095202637e+02 5.7109497070e+02 5.7127099609e+02 5.7148199463e+02 5.7169500732e+02 5.7190197754e+02 5.7210797119e+02 5.7228802490e+02 5.7244897461e+02 5.7259600830e+02 5.7271301270e+02 5.7282397461e+02 5.7291497803e+02 5.7298999023e+02 5.7305798340e+02 5.7311700439e+02 5.7316699219e+02 5.7320202637e+02 5.7323199463e+02 5.7325897217e+02 5.7328601074e+02 5.7331298828e+02 5.7333801270e+02 5.7335900879e+02 5.7337799072e+02
5.7139001465e+02 5.7142297363e+02 5.7141198730e+02 5.7142602539e+02 5.7144897461e+02 5.7144702148e+02 5.7145599365e+02 5.7150402832e+02 5.7144799805e+02 5.7130603027e+02 5.7120202637e+02 5.7114001465e+02 5.7110400391e+02 5.7107598877e+02 5.7104302979e+02 5.7102001953e+02 5.7099102783e+02 5.7095599365e+02 5.7092199707e+02 5.7086901855e+02 5.7082202148e+02 5.7084100342e+02 5.7093902588e+02 5.7111401367e+02 5.7133001709e+02 5.7155700684e+02 5.7178399658e+02 5.7201300049e+02 5.7221600342e+02 5.7240802002e+02 5.7257800293e+02 5.7271398926e+02 5.7283502197e+02 5.7292999268e+02 5.7300799561e+02 5.7307702637e+02 5.7313598633e+02 5.7318298340e+02 5.7321697998e+02 5.7324401855e+02 5.7327001953e+02 5.7329400635e+02 5.7332000732e+02 5.7334301758e+02 5.7335998535e+02 5.7337701416e+02
5.7136999512e+02 5.7141802979e+02 5.7142498779e+02 5.7142602539e+02 5.7145202637e+02 5.7145501709e+02 5.7145098877e+02 5.7146197510e+02 5.7143402100e+02 5.7129998779e+02 5.7113500977e+02 5.7104602051e+02 5.7102502441e+02 5.7101300049e+02 5.7098101807e+02 5.7095898438e+02 5.7093298340e+02 5.7089898682e+02 5.7086798096e+02 5.7084301758e+02 5.7080200195e+02 5.7076800537e+02 5.7078399658e+02 5.7092901611e+02 5.7114398193e+02 5.7139697266e+02 5.7167797852e+02 5.7192199707e+02 5.7213201904e+02 5.7236999512e+02 5.7255902100e+02 5.7274102783e+02 5.7287298584e+02 5.7297802734e+02 5.7304699707e+02 5.7311499023e+02 5.7316802979e+02 5.7320898438e+02 5.7324597168e+02 5.7326599121e+02 5.7329199219e+02 5.7331097412e+02 5.7333001709e+02 5.7334497070e+02 5.7335998535e+02 5.7337799072e+02
5.7135302734e+02 5.7140600586e+02 5.7143499756e+02 5.7143701172e+02 5.7144702148e+02 5.7144598389e+02 5.7144000244e+02 5.7143597412e+02 5.7144201660e+02 5.7142999268e+02 5.7124597168e+02 5.7099902344e+02 5.7092797852e+02 5.7095397949e+02 5.7093701172e+02 5.7090600586e+02 5.7088598633e+02 5.7085797119e+02 5.7083697510e+02 5.7082000732e+02 5.7078802490e+02 5.7074798584e+02 5.7072998047e+02 5.7078997803e+02 5.7096801758e+02 5.7122601318e+02 5.7156701660e+02 5.7187402344e+02 5.7213500977e+02 5.7238397217e+02 5.7259997559e+02 5.7279797363e+02 5.7294299316e+02 5.7305102539e+02 5.7310900879e+02 5.7316802979e+02 5.7320898438e+02 5.7324401855e+02 5.7327197266e+02 5.7329199219e+02 5.7331500244e+02 5.7333099365e+02 5.7334197998e+02 5.7335101318e+02 5.7336499023e+02 5.7338299561e+02
5.7134399414e+02 5.7139898682e+02 5.7144201660e+02 5.7145098877e+02 5.7144598389e+02 5.7143701172e+02 5.7143298340e+02 5.7142700195e+02 5.7142102051e+02 5.7145800781e+02 5.7139398193e+02 5.7111602783e+02 5.7088598633e+02 5.7086901855e+02 5.7088299561e+02 5.7085998535e+02 5.7084399414e+02 5.7082598877e+02 5.7080798340e+02 5.7079797363e+02 5.7077697754e+02 5.7074298096e+02 5.7071301270e+02 5.7072698975e+02 5.7084997559e+02 5.7109497070e+02 5.7146997070e+02 5.7185198975e+02 5.7217498779e+02 5.7245599365e+02 5.7268597412e+02 5.7287597656e+02 5.7302001953e+02 5.7311999512e+02 5.7316802979e+02 5.7321899414e+02 5.7325097656e+02 5.7328002930e+02 5.7330102539e+02 5.7331597900e+02 5.7333398438e+02 5.7334698486e+02 5.7335302734e+02 5.7335998535e+02 5.7337200928e+02 5.7338702393e+02
5.7134899902e+02 5.7139599609e+02 5.7143499756e+02 5.7144299316e+02 5.7143597412e+02 5.7143200684e+02 5.7143402100e+02 5.7143200684e+02 5.7141302490e+02 5.7142297363e+02 5.7146502686e+02 5.7135498047e+02 5.7101300049e+02 5.7081701660e+02 5.7081201172e+02 5.7080798340e+02 5.7079797363e+02 5.7078698730e+02 5.7077099609e+02 5.7076702881e+02 5.7076098633e+02 5.7073999023e+02 5.7070697021e+02 5.7068701172e+02 5.7074902344e+02 5.7097601318e+02 5.7138000488e+02 5.7184698486e+02 5.7225000000e+02 5.7257397461e+02 5.7281402588e+02 5.7298199463e+02 5.7311499023e+02 5.7320001221e+02 5.7323498535e+02 5.7327398682e+02 5.7329602051e+02 5.7331597900e+02 5.7333099365e+02 5.7334100342e+02 5.7335198975e+02 5.7336102295e+02 5.7336297607e+02 5.7336999512e+02 5.7337902832e+02 5.7339300537e+02
5.7137097168e+02 5.7140100098e+02 5.7142901611e+02 5.7143402100e+02 5.7143402100e+02 5.7143298340e+02 5.7143402100e+02 5.7142797852e+02 5.7142102051e+02 5.7140600586e+02 5.7141101074e+02 5.7147100830e+02 5.7121801758e+02 5.7081701660e+02 5.7073101807e+02 5.7075897217e+02 5.7075897217e+02 5.7075701904e+02 5.7074401855e+02 5.7072698975e+02 5.7072802734e+02 5.7072802734e+02 5.7071099854e+02 5.7067602539e+02 5.7070098877e+02 5.7084197998e+02 5.7116998291e+02 5.7184802246e+02 5.7241601563e+02 5.7282397461e+02 5.7304699707e+02 5.7314501953e+02 5.7325598145e+02 5.7329699707e+02 5.7332000732e+02 5.7332800293e+02 5.7333898926e+02 5.7335101318e+02 5.7335699463e+02 5.7336602783e+02 5.7336798096e+02 5.7337200928e+02 5.7336499023e+02 5.7337298584e+02 5.7338500977e+02 5.7339697266e+02
5.7138397217e+02 5.7140301514e+02 5.7142297363e+02 5.7142700195e+02 5.7142498779e+02 5.7142297363e+02 5.7142199707e+02 5.7141198730e+02 5.7140698242e+02 5.7140502930e+02 5.7138397217e+02 5.7142401123e+02 5.7135302734e+02 5.7097198486e+02 5.7069598389e+02 5.7069299316e+02 5.7071997070e+02 5.7071801758e+02 5.7071099854e+02 5.7069799805e+02 5.7069500732e+02 5.7070898438e+02 5.7071600342e+02 5.7069799805e+02 5.7068200684e+02 5.7070599365e+02 5.7097601318e+02 5.7182397461e+02 5.7262597656e+02 5.7314099121e+02 5.7327899170e+02 5.7332897949e+02 5.7337097168e+02 5.7339300537e+02 5.7338299561e+02 5.7337902832e+02 5.7338299561e+02 5.7338897705e+02 5.7339398193e+02 5.7339599609e+02 5.7339599609e+02 5.7339398193e+02 5.7338299561e+02 5.7338098145e+02 5.7339202881e+02 5.7340399170e+02
5.7139202881e+02 5.7140399170e+02 5.7141601563e+02 5.7141802979e+02 5.7141802979e+02 5.7141802979e+02 5.7141900635e+02 5.7140899658e+02 5.7139801025e+02 5.7140100098e+02 5.7138098145e+02 5.7138598633e+02 5.7145397949e+02 5.7130297852e+02 5.7082397461e+02 5.7061700439e+02 5.7065997314e+02 5.7067602539e+02 5.7067199707e+02 5.7067297363e+02 5.7067199707e+02 5.7068597412e+02 5.7069500732e+02 5.7068499756e+02 5.7065600586e+02 5.7061102295e+02 5.7079199219e+02 5.7175598145e+02 5.7272802734e+02 5.7330999756e+02 5.7343402100e+02 5.7343902588e+02 5.7344500732e+02 5.7344799805e+02 5.7342602539e+02 5.7341998291e+02 5.7342102051e+02 5.7342602539e+02 5.7342901611e+02 5.7342700195e+02 5.7342297363e+02 5.7341699219e+02 5.7340197754e+02 5.7339501953e+02 5.7340197754e+02 5.7341101074e+02
5.7139599609e+02 5.7140100098e+02 5.7140698242e+02 5.7140997314e+02 5.7141302490e+02 5.7141497803e+02 5.7141998291e+02 5.7140899658e+02 5.7139001465e+02 5.7139001465e+02 5.7138098145e+02 5.7135699463e+02 5.7139898682e+02 5.7146899414e+02 5.7111401367e+02 5.7064599609e+02 5.7060797119e+02 5.7064501953e+02 5.7063702393e+02 5.7064898682e+02 5.7065600586e+02 5.7066302490e+02 5.7065899658e+02 5.7065100098e+02 5.7062200928e+02 5.7054400635e+02 5.7063702393e+02 5.7168402100e+02 5.7277801514e+02 5.7340698242e+02 5.7352697754e+02 5.7349298096e+02 5.7347900391e+02 5.7346899414e+02 5.7344799805e+02 5.7344799805e+02 5.7345202637e+02 5.7345800781e+02 5.7346099854e+02 5.7345501709e+02 5.7344897461e+02 5.7343902588e+02 5.7342102051e+02 5.7340997314e+02 5.7341302490e+02 5.7341998291e+02
