TESTSERVER/6/10.asc
NCOLS 100
NROWS 100
XLLCORNER 7.7997500000e+03
YLLCORNER 2.8945025000e+05
CELLSIZE 5.0000000000e-01
NODATA_VALUE -9.9990000000e+03
[rows 0 to 19 of 100, columns 0 to 45 of 100]
5.8790997314e+02 5.8783300781e+02 5.8779602051e+02 5.8782501221e+02 5.8784600830e+02 5.8785998535e+02 5.8784997559e+02 5.8786401367e+02 5.8786499023e+02 5.8784497070e+02 5.8775799561e+02 5.8771002197e+02 5.8758599854e+02 5.8738500977e+02 5.8721002197e+02 5.8708197021e+02 5.8694897461e+02 5.8682897949e+02 5.8674298096e+02 5.8684002686e+02 5.8685302734e+02 5.8673602295e+02 5.8660400391e+02 5.8659698486e+02 5.8658502197e+02 5.8655902100e+02 5.8653698730e+02 5.8650402832e+02 5.8656799316e+02 5.8667401123e+02 5.8665502930e+02 5.8653802490e+02 5.8644702148e+02 5.8636602783e+02 5.8628100586e+02 5.8620300293e+02 5.8612097168e+02 5.8608001709e+02 5.8603900146e+02 5.8598999023e+02 5.8578698730e+02 5.8570697021e+02 5.8590301514e+02 5.8598297119e+02 5.8571502686e+02 5.8557299805e+02
5.8753002930e+02 5.8748797607e+02 5.8747198486e+02 5.8746301270e+02 5.8748602295e+02 5.8754797363e+02 5.8755499268e+02 5.8754602051e+02 5.8752301025e+02 5.8747399902e+02 5.8741998291e+02 5.8736700439e+02 5.8724200439e+02 5.8707800293e+02 5.8695599365e+02 5.8683300781e+02 5.8668798828e+02 5.8653900146e+02 5.8640802002e+02 5.8640002441e+02 5.8639300537e+02 5.8630798340e+02 5.8630700684e+02 5.8639202881e+02 5.8638201904e+02 5.8629901123e+02 5.8620697021e+02 5.8612500000e+02 5.8612500000e+02 5.8619897461e+02 5.8619598389e+02 5.8611700439e+02 5.8609399414e+02 5.8607000732e+02 5.8594201660e+02 5.8590600586e+02 5.8588299561e+02 5.8583801270e+02 5.8580700684e+02 5.8591302490e+02 5.8580401611e+02 5.8552899170e+02 5.8542602539e+02 5.8544000244e+02 5.8531701660e+02 5.8522497559e+02
5.8722302246e+02 5.8718701172e+02 5.8715197754e+02 5.8711199951e+02 5.8712500000e+02 5.8720898438e+02 5.8727398682e+02 5.8726397705e+02 5.8719500732e+02 5.8709399414e+02 5.8704400635e+02 5.8697497559e+02 5.8684600830e+02 5.8673101807e+02 5.8667901611e+02 5.8656597900e+02 5.8641302490e+02 5.8626000977e+02 5.8612298584e+02 5.8604302979e+02 5.8600299072e+02 5.8591802979e+02 5.8590502930e+02 5.8597802734e+02 5.8599102783e+02 5.8592999268e+02 5.8584497070e+02 5.8578100586e+02 5.8576501465e+02 5.8581500244e+02 5.8582202148e+02 5.8574902344e+02 5.8571099854e+02 5.8567797852e+02 5.8556896973e+02 5.8562701416e+02 5.8560601807e+02 5.8551599121e+02 5.8543298340e+02 5.8558898926e+02 5.8561199951e+02 5.8539300537e+02 5.8516302490e+02 5.8510998535e+02 5.8501898193e+02 5.8496801758e+02
5.8695898438e+02 5.8690698242e+02 5.8686297607e+02 5.8684600830e+02 5.8686199951e+02 5.8693298340e+02 5.8699401855e+02 5.8693103027e+02 5.8685900879e+02 5.8676000977e+02 5.8665502930e+02 5.8658599854e+02 5.8648297119e+02 5.8639697266e+02 5.8636901855e+02 5.8625299072e+02 5.8610998535e+02 5.8599401855e+02 5.8589599609e+02 5.8580999756e+02 5.8577502441e+02 5.8568902588e+02 5.8559497070e+02 5.8559100342e+02 5.8560797119e+02 5.8560198975e+02 5.8557397461e+02 5.8554302979e+02 5.8553100586e+02 5.8560601807e+02 5.8560797119e+02 5.8544799805e+02 5.8533801270e+02 5.8528802490e+02 5.8528399658e+02 5.8539501953e+02 5.8532702637e+02 5.8517700195e+02 5.8503601074e+02 5.8505999756e+02 5.8510699463e+02 5.8504797363e+02 5.8496398926e+02 5.8489898682e+02 5.8480902100e+02 5.8478399658e+02
5.8665100098e+02 5.8659301758e+02 5.8657501221e+02 5.8659698486e+02 5.8661798096e+02 5.8665698242e+02 5.8670800781e+02 5.8659301758e+02 5.8649298096e+02 5.8638897705e+02 5.8625799561e+02 5.8626000977e+02 5.8621197510e+02 5.8613201904e+02 5.8604901123e+02 5.8590698242e+02 5.8578802490e+02 5.8571801758e+02 5.8565899658e+02 5.8557098389e+02 5.8555700684e+02 5.8552197266e+02 5.8541302490e+02 5.8536102295e+02 5.8534600830e+02 5.8534399414e+02 5.8534197998e+02 5.8529998779e+02 5.8526898193e+02 5.8530999756e+02 5.8518597412e+02 5.8512500000e+02 5.8510302734e+02 5.8513897705e+02 5.8510797119e+02 5.8509802246e+02 5.8494799805e+02 5.8479199219e+02 5.8469897461e+02 5.8463000488e+02 5.8454901123e+02 5.8449902344e+02 5.8457702637e+02 5.8453698730e+02 5.8446398926e+02 5.8448999023e+02
5.8636199951e+02 5.8631298828e+02 5.8630798340e+02 5.8632098389e+02 5.8632098389e+02 5.8631298828e+02 5.8630297852e+02 5.8623297119e+02 5.8615899658e+02 5.8606701660e+02 5.8599102783e+02 5.8598297119e+02 5.8590301514e+02 5.8579699707e+02 5.8570098877e+02 5.8555700684e+02 5.8547497559e+02 5.8540002441e+02 5.8529602051e+02 5.8519000244e+02 5.8517901611e+02 5.8516101074e+02 5.8512799072e+02 5.8513500977e+02 5.8507000732e+02 5.8499102783e+02 5.8495300293e+02 5.8488299561e+02 5.8484600830e+02 5.8483697510e+02 5.8478002930e+02 5.8481402588e+02 5.8494097900e+02 5.8490899658e+02 5.8466900635e+02 5.8459002686e+02 5.8443701172e+02 5.8432598877e+02 5.8428900146e+02 5.8434600830e+02 5.8430499268e+02 5.8417102051e+02 5.8415899658e+02 5.8417999268e+02 5.8411700439e+02 5.8408697510e+02
5.8606597900e+02 5.8604400635e+02 5.8606201172e+02 5.8605603027e+02 5.8601202393e+02 5.8597497559e+02 5.8595397949e+02 5.8591900635e+02 5.8587200928e+02 5.8580603027e+02 5.8572100830e+02 5.8566802979e+02 5.8556500244e+02 5.8547698975e+02 5.8540100098e+02 5.8529302979e+02 5.8524798584e+02 5.8517401123e+02 5.8504998779e+02 5.8491998291e+02 5.8486700439e+02 5.8483398438e+02 5.8486999512e+02 5.8486401367e+02 5.8474401855e+02 5.8465301514e+02 5.8460400391e+02 5.8451098633e+02 5.8448699951e+02 5.8448999023e+02 5.8445697021e+02 5.8445898438e+02 5.8449401855e+02 5.8439300537e+02 5.8419702148e+02 5.8414898682e+02 5.8399499512e+02 5.8391302490e+02 5.8389898682e+02 5.8397302246e+02 5.8397497559e+02 5.8384002686e+02 5.8376702881e+02 5.8388598633e+02 5.8383197021e+02 5.8373101807e+02
5.8576800537e+02 5.8576501465e+02 5.8578198242e+02 5.8576300049e+02 5.8570599365e+02 5.8568298340e+02 5.8567797852e+02 5.8563000488e+02 5.8555200195e+02 5.8546697998e+02 5.8536901855e+02 5.8528601074e+02 5.8520300293e+02 5.8517700195e+02 5.8511999512e+02 5.8501000977e+02 5.8495300293e+02 5.8486602783e+02 5.8476599121e+02 5.8464501953e+02 5.8458697510e+02 5.8455297852e+02 5.8461602783e+02 5.8460101318e+02 5.8444097900e+02 5.8434698486e+02 5.8429901123e+02 5.8423297119e+02 5.8426098633e+02 5.8428497314e+02 5.8423999023e+02 5.8410797119e+02 5.8401800537e+02 5.8394702148e+02 5.8396997070e+02 5.8392401123e+02 5.8372100830e+02 5.8361199951e+02 5.8356097412e+02 5.8358801270e+02 5.8360998535e+02 5.8351898193e+02 5.8343798828e+02 5.8358801270e+02 5.8355700684e+02 5.8345697021e+02
5.8550500488e+02 5.8546801758e+02 5.8540100098e+02 5.8539501953e+02 5.8538800049e+02 5.8537298584e+02 5.8532897949e+02 5.8531402588e+02 5.8521197510e+02 5.8510198975e+02 5.8501800537e+02 5.8492700195e+02 5.8485302734e+02 5.8482800293e+02 5.8474401855e+02 5.8461499023e+02 5.8452502441e+02 5.8446002197e+02 5.8442102051e+02 5.8433898926e+02 5.8431597900e+02 5.8429699707e+02 5.8426702881e+02 5.8427001953e+02 5.8415899658e+02 5.8408197021e+02 5.8400500488e+02 5.8399102783e+02 5.8410400391e+02 5.8414099121e+02 5.8397100830e+02 5.8373297119e+02 5.8367297363e+02 5.8379699707e+02 5.8395202637e+02 5.8382202148e+02 5.8356701660e+02 5.8337200928e+02 5.8325701904e+02 5.8320898438e+02 5.8319201660e+02 5.8317797852e+02 5.8315301514e+02 5.8315197754e+02 5.8316101074e+02 5.8316601563e+02
5.8518499756e+02 5.8515197754e+02 5.8512298584e+02 5.8510797119e+02 5.8508099365e+02 5.8502398682e+02 5.8496600342e+02 5.8493597412e+02 5.8485699463e+02 5.8475500488e+02 5.8465899658e+02 5.8458300781e+02 5.8451098633e+02 5.8445800781e+02 5.8438500977e+02 5.8432702637e+02 5.8429602051e+02 5.8421997070e+02 5.8408898926e+02 5.8397302246e+02 5.8398297119e+02 5.8400598145e+02 5.8397100830e+02 5.8394000244e+02 5.8390197754e+02 5.8387500000e+02 5.8381896973e+02 5.8378100586e+02 5.8385900879e+02 5.8380200195e+02 5.8351898193e+02 5.8330499268e+02 5.8342602539e+02 5.8376202393e+02 5.8383300781e+02 5.8353802490e+02 5.8327600098e+02 5.8303100586e+02 5.8292498779e+02 5.8290899658e+02 5.8284100342e+02 5.8287097168e+02 5.8300201416e+02 5.8305297852e+02 5.8294299316e+02 5.8278997803e+02
5.8488702393e+02 5.8486700439e+02 5.8483398438e+02 5.8480902100e+02 5.8477398682e+02 5.8471502686e+02 5.8464801025e+02 5.8458099365e+02 5.8448797607e+02 5.8439099121e+02 5.8428497314e+02 5.8417498779e+02 5.8411297607e+02 5.8409899902e+02 5.8407098389e+02 5.8408599854e+02 5.8411700439e+02 5.8403002930e+02 5.8382800293e+02 5.8370300293e+02 5.8368200684e+02 5.8369201660e+02 5.8369299316e+02 5.8369598389e+02 5.8372601318e+02 5.8366699219e+02 5.8356701660e+02 5.8348999023e+02 5.8345800781e+02 5.8332598877e+02 5.8314398193e+02 5.8303399658e+02 5.8313299561e+02 5.8341400146e+02 5.8343798828e+02 5.8306896973e+02 5.8281597900e+02 5.8264801025e+02 5.8265301514e+02 5.8265899658e+02 5.8257702637e+02 5.8262097168e+02 5.8282202148e+02 5.8295898438e+02 5.8277001953e+02 5.8246899414e+02
5.8457397461e+02 5.8455297852e+02 5.8449499512e+02 5.8444897461e+02 5.8442199707e+02 5.8438397217e+02 5.8432598877e+02 5.8423297119e+02 5.8413000488e+02 5.8404699707e+02 5.8395800781e+02 5.8380902100e+02 5.8370599365e+02 5.8370098877e+02 5.8373699951e+02 5.8377099609e+02 5.8380401611e+02 5.8371197510e+02 5.8351501465e+02 5.8341400146e+02 5.8336798096e+02 5.8336999512e+02 5.8340698242e+02 5.8347399902e+02 5.8358099365e+02 5.8346398926e+02 5.8327301025e+02 5.8318402100e+02 5.8307098389e+02 5.8292401123e+02 5.8290197754e+02 5.8285198975e+02 5.8275299072e+02 5.8276800537e+02 5.8278302002e+02 5.8251501465e+02 5.8237200928e+02 5.8236901855e+02 5.8252197266e+02 5.8244097900e+02 5.8229199219e+02 5.8227301025e+02 5.8239801025e+02 5.8254797363e+02 5.8239501953e+02 5.8213397217e+02
5.8422802734e+02 5.8420697021e+02 5.8416998291e+02 5.8411297607e+02 5.8407098389e+02 5.8402899170e+02 5.8398297119e+02 5.8386999512e+02 5.8376098633e+02 5.8369396973e+02 5.8362701416e+02 5.8351098633e+02 5.8336798096e+02 5.8331201172e+02 5.8331701660e+02 5.8336999512e+02 5.8335400391e+02 5.8326202393e+02 5.8311700439e+02 5.8308300781e+02 5.8304498291e+02 5.8302099609e+02 5.8301300049e+02 5.8316497803e+02 5.8336700439e+02 5.8330902100e+02 5.8304901123e+02 5.8291302490e+02 5.8275299072e+02 5.8260498047e+02 5.8260797119e+02 5.8264001465e+02 5.8243798828e+02 5.8225799561e+02 5.8225598145e+02 5.8218103027e+02 5.8212701416e+02 5.8220098877e+02 5.8247900391e+02 5.8231097412e+02 5.8207800293e+02 5.8197198486e+02 5.8190399170e+02 5.8196997070e+02 5.8190100098e+02 5.8178100586e+02
5.8393499756e+02 5.8389697266e+02 5.8381799316e+02 5.8376202393e+02 5.8370599365e+02 5.8365698242e+02 5.8362097168e+02 5.8350799561e+02 5.8340301514e+02 5.8337298584e+02 5.8332098389e+02 5.8322302246e+02 5.8313201904e+02 5.8308300781e+02 5.8306201172e+02 5.8304602051e+02 5.8300201416e+02 5.8292401123e+02 5.8284399414e+02 5.8281097412e+02 5.8276898193e+02 5.8273400879e+02 5.8268701172e+02 5.8283398438e+02 5.8305902100e+02 5.8299597168e+02 5.8264599609e+02 5.8244396973e+02 5.8232098389e+02 5.8221801758e+02 5.8221801758e+02 5.8221997070e+02 5.8207598877e+02 5.8198400879e+02 5.8204101563e+02 5.8204602051e+02 5.8195800781e+02 5.8190899658e+02 5.8197198486e+02 5.8185400391e+02 5.8175402832e+02 5.8165997314e+02 5.8155200195e+02 5.8167401123e+02 5.8167700195e+02 5.8163702393e+02
5.8360998535e+02 5.8354901123e+02 5.8346600342e+02 5.8339801025e+02 5.8333398438e+02 5.8328100586e+02 5.8325500488e+02 5.8317999268e+02 5.8310400391e+02 5.8308099365e+02 5.8302001953e+02 5.8294396973e+02 5.8288598633e+02 5.8282598877e+02 5.8278198242e+02 5.8274499512e+02 5.8270001221e+02 5.8265002441e+02 5.8258099365e+02 5.8253100586e+02 5.8248498535e+02 5.8244598389e+02 5.8240899658e+02 5.8247100830e+02 5.8256799316e+02 5.8246197510e+02 5.8224298096e+02 5.8216198730e+02 5.8204699707e+02 5.8196600342e+02 5.8196002197e+02 5.8183697510e+02 5.8169396973e+02 5.8171002197e+02 5.8185900879e+02 5.8187597656e+02 5.8174700928e+02 5.8160198975e+02 5.8153399658e+02 5.8154101563e+02 5.8149298096e+02 5.8140502930e+02 5.8132202148e+02 5.8135302734e+02 5.8138000488e+02 5.8151501465e+02
5.8328802490e+02 5.8323602295e+02 5.8318103027e+02 5.8311102295e+02 5.8304199219e+02 5.8298699951e+02 5.8296002197e+02 5.8289599609e+02 5.8282000732e+02 5.8277099609e+02 5.8270001221e+02 5.8264599609e+02 5.8260101318e+02 5.8252697754e+02 5.8247302246e+02 5.8243701172e+02 5.8240197754e+02 5.8236297607e+02 5.8229400635e+02 5.8227099609e+02 5.8222601318e+02 5.8216998291e+02 5.8213201904e+02 5.8216302490e+02 5.8217498779e+02 5.8206298828e+02 5.8193103027e+02 5.8189099121e+02 5.8177697754e+02 5.8176300049e+02 5.8183197021e+02 5.8159600830e+02 5.8141802979e+02 5.8149102783e+02 5.8166998291e+02 5.8157702637e+02 5.8136999512e+02 5.8122998047e+02 5.8121697998e+02 5.8126599121e+02 5.8128802490e+02 5.8129101563e+02 5.8124700928e+02 5.8113098145e+02 5.8108801270e+02 5.8129302979e+02
5.8297900391e+02 5.8293499756e+02 5.8288897705e+02 5.8282202148e+02 5.8277001953e+02 5.8272998047e+02 5.8269000244e+02 5.8259802246e+02 5.8248400879e+02 5.8240301514e+02 5.8234600830e+02 5.8229998779e+02 5.8225299072e+02 5.8218298340e+02 5.8210699463e+02 5.8207598877e+02 5.8210601807e+02 5.8206500244e+02 5.8194799805e+02 5.8201202393e+02 5.8197698975e+02 5.8187799072e+02 5.8175201416e+02 5.8183898926e+02 5.8188201904e+02 5.8181500244e+02 5.8165899658e+02 5.8150000000e+02 5.8139599609e+02 5.8144201660e+02 5.8164099121e+02 5.8132397461e+02 5.8114801025e+02 5.8124798584e+02 5.8147998047e+02 5.8121301270e+02 5.8096398926e+02 5.8091900635e+02 5.8090399170e+02 5.8090399170e+02 5.8104699707e+02 5.8115997314e+02 5.8110900879e+02 5.8093200684e+02 5.8083697510e+02 5.8096997070e+02
5.8270098877e+02 5.8267102051e+02 5.8260498047e+02 5.8252197266e+02 5.8246398926e+02 5.8239898682e+02 5.8233197021e+02 5.8225598145e+02 5.8214398193e+02 5.8203802490e+02 5.8199499512e+02 5.8195501709e+02 5.8190100098e+02 5.8185498047e+02 5.8176098633e+02 5.8169201660e+02 5.8188000488e+02 5.8190100098e+02 5.8161798096e+02 5.8160601807e+02 5.8162500000e+02 5.8158197021e+02 5.8148297119e+02 5.8152697754e+02 5.8157897949e+02 5.8153601074e+02 5.8135101318e+02 5.8121801758e+02 5.8114001465e+02 5.8109197998e+02 5.8105798340e+02 5.8090100098e+02 5.8085400391e+02 5.8090802002e+02 5.8123199463e+02 5.8107598877e+02 5.8079602051e+02 5.8086602783e+02 5.8090899658e+02 5.8082501221e+02 5.8097198486e+02 5.8104400635e+02 5.8079699707e+02 5.8069897461e+02 5.8066802979e+02 5.8067602539e+02
5.8242498779e+02 5.8239898682e+02 5.8230999756e+02 5.8224298096e+02 5.8217297363e+02 5.8207397461e+02 5.8198297119e+02 5.8194299316e+02 5.8185601807e+02 5.8175701904e+02 5.8171801758e+02 5.8165502930e+02 5.8155999756e+02 5.8150598145e+02 5.8145098877e+02 5.8132800293e+02 5.8135198975e+02 5.8136999512e+02 5.8123699951e+02 5.8123901367e+02 5.8131597900e+02 5.8134002686e+02 5.8122399902e+02 5.8119897461e+02 5.8123498535e+02 5.8120001221e+02 5.8104998779e+02 5.8099798584e+02 5.8094702148e+02 5.8085601807e+02 5.8072998047e+02 5.8070599365e+02 5.8074102783e+02 5.8074798584e+02 5.8095098877e+02 5.8070300293e+02 5.8044598389e+02 5.8066699219e+02 5.8088397217e+02 5.8066900635e+02 5.8059698486e+02 5.8056896973e+02 5.8040100098e+02 5.8039099121e+02 5.8040002441e+02 5.8042102051e+02
5.8207702637e+02 5.8202001953e+02 5.8193200684e+02 5.8188098145e+02 5.8180902100e+02 5.8171002197e+02 5.8160797119e+02 5.8158197021e+02 5.8153497314e+02 5.8146197510e+02 5.8140197754e+02 5.8130700684e+02 5.8119097900e+02 5.8111798096e+02 5.8108300781e+02 5.8099298096e+02 5.8091998291e+02 5.8092102051e+02 5.8088702393e+02 5.8090997314e+02 5.8099499512e+02 5.8102398682e+02 5.8089801025e+02 5.8084301758e+02 5.8086602783e+02 5.8085198975e+02 5.8076300049e+02 5.8074700928e+02 5.8066802979e+02 5.8054699707e+02 5.8043701172e+02 5.8046197510e+02 5.8050897217e+02 5.8046899414e+02 5.8054498291e+02 5.8035101318e+02 5.8019201660e+02 5.8034497070e+02 5.8048602295e+02 5.8027502441e+02 5.8013897705e+02 5.8012500000e+02 5.8014898682e+02 5.8015197754e+02 5.8014099121e+02 5.8017999268e+02
