TESTSERVER/6/10.asc
NCOLS 100
NROWS 100
XLLCORNER 7.7997500000e+03
YLLCORNER 2.8945025000e+05
CELLSIZE 5.0000000000e-01
NODATA_VALUE -9.9990000000e+03
[rows 60 to 79 of 100, columns 0 to 45 of 100]
5.7231597900e+02 5.7231201172e+02 5.7227398682e+02 5.7220397949e+02 5.7215899658e+02 5.7211297607e+02 5.7207397461e+02 5.7204101563e+02 5.7200402832e+02 5.7197198486e+02 5.7194201660e+02 5.7193597412e+02 5.7192401123e+02 5.7192297363e+02 5.7192199707e+02 5.7194000244e+02 5.7194897461e+02 5.7195800781e+02 5.7196997070e+02 5.7197698975e+02 5.7198199463e+02 5.7198602295e+02 5.7198602295e+02 5.7200701904e+02 5.7202099609e+02 5.7203198242e+02 5.7204901123e+02 5.7205902100e+02 5.7207897949e+02 5.7208300781e+02 5.7205499268e+02 5.7205999756e+02 5.7205499268e+02 5.7207598877e+02 5.7228198242e+02 5.7277502441e+02 5.7278399658e+02 5.7269799805e+02 5.7267498779e+02 5.7273199463e+02 5.7296600342e+02 5.7307598877e+02 5.7297497559e+02 5.7289202881e+02 5.7286798096e+02 5.7285400391e+02
5.7237701416e+02 5.7237097168e+02 5.7230700684e+02 5.7224200439e+02 5.7218200684e+02 5.7212902832e+02 5.7208502197e+02 5.7204602051e+02 5.7200598145e+02 5.7196899414e+02 5.7194000244e+02 5.7192102051e+02 5.7190698242e+02 5.7190100098e+02 5.7190399170e+02 5.7191302490e+02 5.7192199707e+02 5.7192999268e+02 5.7194500732e+02 5.7195501709e+02 5.7195397949e+02 5.7195300293e+02 5.7195001221e+02 5.7195697021e+02 5.7197302246e+02 5.7199597168e+02 5.7202600098e+02 5.7204602051e+02 5.7205603027e+02 5.7205200195e+02 5.7203698730e+02 5.7204498291e+02 5.7205902100e+02 5.7207501221e+02 5.7217700195e+02 5.7260400391e+02 5.7271997070e+02 5.7265100098e+02 5.7262402344e+02 5.7263598633e+02 5.7276702881e+02 5.7292602539e+02 5.7299798584e+02 5.7300402832e+02 5.7297302246e+02 5.7288800049e+02
5.7236700439e+02 5.7237298584e+02 5.7231500244e+02 5.7225201416e+02 5.7219201660e+02 5.7213800049e+02 5.7209197998e+02 5.7204901123e+02 5.7201000977e+02 5.7197497559e+02 5.7194097900e+02 5.7191699219e+02 5.7190002441e+02 5.7189202881e+02 5.7189001465e+02 5.7189300537e+02 5.7190002441e+02 5.7190600586e+02 5.7191802979e+02 5.7192401123e+02 5.7192102051e+02 5.7191601563e+02 5.7190802002e+02 5.7191302490e+02 5.7192901611e+02 5.7195397949e+02 5.7199200439e+02 5.7202001953e+02 5.7203100586e+02 5.7202697754e+02 5.7201702881e+02 5.7202502441e+02 5.7204400635e+02 5.7205102539e+02 5.7206799316e+02 5.7236999512e+02 5.7258300781e+02 5.7260498047e+02 5.7259698486e+02 5.7255499268e+02 5.7260400391e+02 5.7277600098e+02 5.7297302246e+02 5.7306500244e+02 5.7304199219e+02 5.7290301514e+02
5.7233398438e+02 5.7235400391e+02 5.7230603027e+02 5.7224597168e+02 5.7218798828e+02 5.7213800049e+02 5.7209301758e+02 5.7205200195e+02 5.7201501465e+02 5.7197998047e+02 5.7194598389e+02 5.7191699219e+02 5.7189898682e+02 5.7188800049e+02 5.7188000488e+02 5.7187597656e+02 5.7188000488e+02 5.7188299561e+02 5.7188800049e+02 5.7189001465e+02 5.7188299561e+02 5.7187298584e+02 5.7186102295e+02 5.7186199951e+02 5.7187701416e+02 5.7190502930e+02 5.7194702148e+02 5.7198297119e+02 5.7200097656e+02 5.7200402832e+02 5.7200500488e+02 5.7200500488e+02 5.7201702881e+02 5.7202197266e+02 5.7200299072e+02 5.7218402100e+02 5.7245397949e+02 5.7256701660e+02 5.7258697510e+02 5.7251800537e+02 5.7251501465e+02 5.7267700195e+02 5.7292498779e+02 5.7308697510e+02 5.7309997559e+02 5.7295397949e+02
5.7230603027e+02 5.7232598877e+02 5.7227801514e+02 5.7221899414e+02 5.7216802979e+02 5.7212500000e+02 5.7208801270e+02 5.7205603027e+02 5.7202398682e+02 5.7198901367e+02 5.7196099854e+02 5.7192797852e+02 5.7190197754e+02 5.7187799072e+02 5.7185302734e+02 5.7186199951e+02 5.7185601807e+02 5.7185198975e+02 5.7184301758e+02 5.7184197998e+02 5.7182598877e+02 5.7181500244e+02 5.7180499268e+02 5.7180798340e+02 5.7182598877e+02 5.7185699463e+02 5.7190698242e+02 5.7193902588e+02 5.7196801758e+02 5.7198699951e+02 5.7200701904e+02 5.7200598145e+02 5.7200000000e+02 5.7199499512e+02 5.7197802734e+02 5.7207897949e+02 5.7232598877e+02 5.7250701904e+02 5.7256701660e+02 5.7250500488e+02 5.7249597168e+02 5.7263299561e+02 5.7286798096e+02 5.7306500244e+02 5.7311401367e+02 5.7303698730e+02
5.7221899414e+02 5.7224200439e+02 5.7222100830e+02 5.7217999268e+02 5.7214001465e+02 5.7210601807e+02 5.7208099365e+02 5.7205603027e+02 5.7203002930e+02 5.7200299072e+02 5.7197802734e+02 5.7195098877e+02 5.7191699219e+02 5.7188500977e+02 5.7185998535e+02 5.7184899902e+02 5.7183300781e+02 5.7181500244e+02 5.7180102539e+02 5.7178198242e+02 5.7175897217e+02 5.7173797607e+02 5.7173400879e+02 5.7174700928e+02 5.7177099609e+02 5.7180999756e+02 5.7186102295e+02 5.7190502930e+02 5.7193798828e+02 5.7195001221e+02 5.7197198486e+02 5.7199200439e+02 5.7198901367e+02 5.7198199463e+02 5.7196899414e+02 5.7201501465e+02 5.7221502686e+02 5.7242199707e+02 5.7250402832e+02 5.7247998047e+02 5.7248602295e+02 5.7259100342e+02 5.7278100586e+02 5.7297601318e+02 5.7308099365e+02 5.7308801270e+02
5.7215802002e+02 5.7217401123e+02 5.7217401123e+02 5.7214898682e+02 5.7211999512e+02 5.7209497070e+02 5.7207598877e+02 5.7205603027e+02 5.7203497314e+02 5.7201300049e+02 5.7199102783e+02 5.7196697998e+02 5.7193402100e+02 5.7190002441e+02 5.7186602783e+02 5.7184100342e+02 5.7181701660e+02 5.7179101563e+02 5.7176397705e+02 5.7173101807e+02 5.7169897461e+02 5.7166998291e+02 5.7166101074e+02 5.7167297363e+02 5.7169799805e+02 5.7174298096e+02 5.7180999756e+02 5.7187902832e+02 5.7191802979e+02 5.7192498779e+02 5.7193597412e+02 5.7196697998e+02 5.7197100830e+02 5.7196801758e+02 5.7196197510e+02 5.7197198486e+02 5.7212500000e+02 5.7234997559e+02 5.7245202637e+02 5.7245098877e+02 5.7246301270e+02 5.7253198242e+02 5.7267297363e+02 5.7286199951e+02 5.7300799561e+02 5.7309002686e+02
5.7212902832e+02 5.7214202881e+02 5.7214501953e+02 5.7212500000e+02 5.7210400391e+02 5.7208502197e+02 5.7207202148e+02 5.7205603027e+02 5.7203997803e+02 5.7202099609e+02 5.7200201416e+02 5.7197998047e+02 5.7194799805e+02 5.7191198730e+02 5.7187200928e+02 5.7183599854e+02 5.7180499268e+02 5.7177001953e+02 5.7173101807e+02 5.7168200684e+02 5.7163897705e+02 5.7160101318e+02 5.7158197021e+02 5.7158801270e+02 5.7161199951e+02 5.7165997314e+02 5.7174499512e+02 5.7184497070e+02 5.7190197754e+02 5.7190899658e+02 5.7190600586e+02 5.7194000244e+02 5.7195001221e+02 5.7195098877e+02 5.7195098877e+02 5.7193798828e+02 5.7204101563e+02 5.7227099609e+02 5.7239801025e+02 5.7241699219e+02 5.7242901611e+02 5.7246197510e+02 5.7255401611e+02 5.7271899414e+02 5.7287799072e+02 5.7300799561e+02
5.7209600830e+02 5.7211499023e+02 5.7211999512e+02 5.7211297607e+02 5.7210302734e+02 5.7208697510e+02 5.7207702637e+02 5.7205999756e+02 5.7204998779e+02 5.7203302002e+02 5.7201702881e+02 5.7199200439e+02 5.7196899414e+02 5.7192797852e+02 5.7190002441e+02 5.7183801270e+02 5.7178198242e+02 5.7172900391e+02 5.7165197754e+02 5.7163201904e+02 5.7155700684e+02 5.7152001953e+02 5.7146301270e+02 5.7146398926e+02 5.7148901367e+02 5.7153997803e+02 5.7167602539e+02 5.7179101563e+02 5.7189300537e+02 5.7188702393e+02 5.7186199951e+02 5.7190502930e+02 5.7192199707e+02 5.7193597412e+02 5.7194799805e+02 5.7193798828e+02 5.7199798584e+02 5.7217700195e+02 5.7232000732e+02 5.7236901855e+02 5.7238201904e+02 5.7238702393e+02 5.7243701172e+02 5.7255999756e+02 5.7268701172e+02 5.7282202148e+02
5.7207501221e+02 5.7208398438e+02 5.7210198975e+02 5.7210900879e+02 5.7210400391e+02 5.7209399414e+02 5.7207702637e+02 5.7206298828e+02 5.7204998779e+02 5.7203497314e+02 5.7201800537e+02 5.7199499512e+02 5.7197100830e+02 5.7193701172e+02 5.7190600586e+02 5.7185198975e+02 5.7178601074e+02 5.7171099854e+02 5.7163598633e+02 5.7157800293e+02 5.7148297119e+02 5.7139801025e+02 5.7132098389e+02 5.7127001953e+02 5.7127697754e+02 5.7132702637e+02 5.7148297119e+02 5.7167700195e+02 5.7186297607e+02 5.7188397217e+02 5.7183001709e+02 5.7184997559e+02 5.7188897705e+02 5.7192901611e+02 5.7196197510e+02 5.7194396973e+02 5.7195898438e+02 5.7208398438e+02 5.7223999023e+02 5.7231500244e+02 5.7233599854e+02 5.7234497070e+02 5.7239599609e+02 5.7250897217e+02 5.7263598633e+02 5.7275299072e+02
5.7205798340e+02 5.7207702637e+02 5.7209997559e+02 5.7210699463e+02 5.7209899902e+02 5.7208697510e+02 5.7207098389e+02 5.7205603027e+02 5.7204199219e+02 5.7202801514e+02 5.7201098633e+02 5.7199102783e+02 5.7196801758e+02 5.7193597412e+02 5.7190698242e+02 5.7185998535e+02 5.7179699707e+02 5.7172100830e+02 5.7163299561e+02 5.7154400635e+02 5.7142498779e+02 5.7130200195e+02 5.7118902588e+02 5.7109997559e+02 5.7107397461e+02 5.7110699463e+02 5.7124902344e+02 5.7150097656e+02 5.7179400635e+02 5.7190899658e+02 5.7184002686e+02 5.7180401611e+02 5.7184899902e+02 5.7191198730e+02 5.7196002197e+02 5.7194097900e+02 5.7192700195e+02 5.7201501465e+02 5.7216900635e+02 5.7227197266e+02 5.7230902100e+02 5.7232299805e+02 5.7237500000e+02 5.7249700928e+02 5.7262799072e+02 5.7274200439e+02
5.7203802490e+02 5.7208099365e+02 5.7210400391e+02 5.7210302734e+02 5.7209002686e+02 5.7207501221e+02 5.7205902100e+02 5.7204302979e+02 5.7203002930e+02 5.7201501465e+02 5.7200000000e+02 5.7198101807e+02 5.7195898438e+02 5.7193103027e+02 5.7190502930e+02 5.7186499023e+02 5.7180798340e+02 5.7173602295e+02 5.7164398193e+02 5.7153302002e+02 5.7138800049e+02 5.7122497559e+02 5.7106896973e+02 5.7093402100e+02 5.7086401367e+02 5.7086798096e+02 5.7097302246e+02 5.7126300049e+02 5.7167102051e+02 5.7192401123e+02 5.7188098145e+02 5.7178002930e+02 5.7180902100e+02 5.7188397217e+02 5.7193402100e+02 5.7192297363e+02 5.7189898682e+02 5.7195397949e+02 5.7209100342e+02 5.7221600342e+02 5.7227398682e+02 5.7229302979e+02 5.7233898926e+02 5.7246398926e+02 5.7260302734e+02 5.7271801758e+02
5.7199902344e+02 5.7206896973e+02 5.7209399414e+02 5.7208502197e+02 5.7206896973e+02 5.7205603027e+02 5.7203997803e+02 5.7202398682e+02 5.7201000977e+02 5.7199597168e+02 5.7197802734e+02 5.7196301270e+02 5.7194500732e+02 5.7192297363e+02 5.7190997314e+02 5.7189001465e+02 5.7186297607e+02 5.7178302002e+02 5.7170098877e+02 5.7157000732e+02 5.7139001465e+02 5.7116802979e+02 5.7091400146e+02 5.7074798584e+02 5.7062097168e+02 5.7058697510e+02 5.7057598877e+02 5.7089501953e+02 5.7146801758e+02 5.7191198730e+02 5.7190997314e+02 5.7176800537e+02 5.7177398682e+02 5.7184100342e+02 5.7187298584e+02 5.7188800049e+02 5.7187597656e+02 5.7190002441e+02 5.7200201416e+02 5.7214001465e+02 5.7222302246e+02 5.7224200439e+02 5.7225402832e+02 5.7235302734e+02 5.7250097656e+02 5.7266900635e+02
5.7193701172e+02 5.7201501465e+02 5.7204797363e+02 5.7204199219e+02 5.7203198242e+02 5.7202197266e+02 5.7200897217e+02 5.7199597168e+02 5.7198400879e+02 5.7196997070e+02 5.7195300293e+02 5.7193701172e+02 5.7191998291e+02 5.7190502930e+02 5.7189898682e+02 5.7190100098e+02 5.7188500977e+02 5.7184899902e+02 5.7176898193e+02 5.7164099121e+02 5.7141302490e+02 5.7110601807e+02 5.7077801514e+02 5.7054797363e+02 5.7045300293e+02 5.7042797852e+02 5.7040899658e+02 5.7058398438e+02 5.7117999268e+02 5.7180700684e+02 5.7191101074e+02 5.7175000000e+02 5.7173101807e+02 5.7178302002e+02 5.7182702637e+02 5.7184899902e+02 5.7184600830e+02 5.7185699463e+02 5.7193402100e+02 5.7205603027e+02 5.7215197754e+02 5.7218701172e+02 5.7217797852e+02 5.7222198486e+02 5.7234899902e+02 5.7248699951e+02
5.7189599609e+02 5.7197802734e+02 5.7201000977e+02 5.7200402832e+02 5.7199401855e+02 5.7198797607e+02 5.7197802734e+02 5.7196899414e+02 5.7195800781e+02 5.7194396973e+02 5.7192700195e+02 5.7191198730e+02 5.7189801025e+02 5.7188500977e+02 5.7187799072e+02 5.7188201904e+02 5.7187902832e+02 5.7186999512e+02 5.7180902100e+02 5.7169299316e+02 5.7145501709e+02 5.7109899902e+02 5.7071099854e+02 5.7045898438e+02 5.7040399170e+02 5.7044299316e+02 5.7044299316e+02 5.7049499512e+02 5.7090002441e+02 5.7156799316e+02 5.7186700439e+02 5.7175500488e+02 5.7170397949e+02 5.7174200439e+02 5.7179498291e+02 5.7182897949e+02 5.7183197021e+02 5.7183099365e+02 5.7187902832e+02 5.7197698975e+02 5.7208599854e+02 5.7214501953e+02 5.7213897705e+02 5.7214801025e+02 5.7221801758e+02 5.7228399658e+02
5.7186700439e+02 5.7195202637e+02 5.7197802734e+02 5.7196801758e+02 5.7195898438e+02 5.7195501709e+02 5.7194897461e+02 5.7194201660e+02 5.7193200684e+02 5.7191802979e+02 5.7190197754e+02 5.7188800049e+02 5.7187597656e+02 5.7186401367e+02 5.7185302734e+02 5.7185498047e+02 5.7185998535e+02 5.7186999512e+02 5.7183898926e+02 5.7174902344e+02 5.7153002930e+02 5.7116198730e+02 5.7072998047e+02 5.7046197510e+02 5.7042901611e+02 5.7051599121e+02 5.7053802490e+02 5.7048797607e+02 5.7065899658e+02 5.7124499512e+02 5.7172900391e+02 5.7172399902e+02 5.7167199707e+02 5.7169799805e+02 5.7175598145e+02 5.7180700684e+02 5.7182501221e+02 5.7181799316e+02 5.7183697510e+02 5.7190899658e+02 5.7202899170e+02 5.7211798096e+02 5.7212902832e+02 5.7211901855e+02 5.7214801025e+02 5.7216699219e+02
5.7184698486e+02 5.7194897461e+02 5.7197100830e+02 5.7193701172e+02 5.7191802979e+02 5.7192602539e+02 5.7192901611e+02 5.7192199707e+02 5.7191302490e+02 5.7189300537e+02 5.7187799072e+02 5.7186499023e+02 5.7185198975e+02 5.7184002686e+02 5.7183001709e+02 5.7182702637e+02 5.7182800293e+02 5.7182598877e+02 5.7180401611e+02 5.7179797363e+02 5.7171502686e+02 5.7130603027e+02 5.7076397705e+02 5.7051501465e+02 5.7051800537e+02 5.7056201172e+02 5.7057897949e+02 5.7055499268e+02 5.7056298828e+02 5.7094702148e+02 5.7158398438e+02 5.7169299316e+02 5.7163201904e+02 5.7163702393e+02 5.7169201660e+02 5.7176000977e+02 5.7180499268e+02 5.7180902100e+02 5.7180999756e+02 5.7185400391e+02 5.7197998047e+02 5.7208398438e+02 5.7210900879e+02 5.7210900879e+02 5.7214398193e+02 5.7214099121e+02
5.7177697754e+02 5.7188397217e+02 5.7191699219e+02 5.7189697266e+02 5.7188500977e+02 5.7189801025e+02 5.7190600586e+02 5.7190197754e+02 5.7188299561e+02 5.7186297607e+02 5.7184899902e+02 5.7183898926e+02 5.7182897949e+02 5.7181500244e+02 5.7180200195e+02 5.7178900146e+02 5.7177600098e+02 5.7176300049e+02 5.7175897217e+02 5.7177301025e+02 5.7177502441e+02 5.7151098633e+02 5.7092297363e+02 5.7055499268e+02 5.7056201172e+02 5.7059600830e+02 5.7061700439e+02 5.7064898682e+02 5.7062799072e+02 5.7070697021e+02 5.7120300293e+02 5.7161401367e+02 5.7164300537e+02 5.7160699463e+02 5.7163201904e+02 5.7169897461e+02 5.7175500488e+02 5.7176300049e+02 5.7175299072e+02 5.7179400635e+02 5.7191497803e+02 5.7202801514e+02 5.7206597900e+02 5.7207501221e+02 5.7209399414e+02 5.7204498291e+02
5.7170898438e+02 5.7178399658e+02 5.7183398438e+02 5.7184497070e+02 5.7184899902e+02 5.7186499023e+02 5.7187500000e+02 5.7186901855e+02 5.7184802246e+02 5.7182897949e+02 5.7181701660e+02 5.7181097412e+02 5.7180401611e+02 5.7179199219e+02 5.7177697754e+02 5.7176000977e+02 5.7174700928e+02 5.7174102783e+02 5.7174200439e+02 5.7176098633e+02 5.7179400635e+02 5.7163897705e+02 5.7108197021e+02 5.7063598633e+02 5.7060900879e+02 5.7064398193e+02 5.7066198730e+02 5.7069598389e+02 5.7071301270e+02 5.7067498779e+02 5.7092199707e+02 5.7147399902e+02 5.7163299561e+02 5.7158697510e+02 5.7158502197e+02 5.7164099121e+02 5.7169897461e+02 5.7171002197e+02 5.7169799805e+02 5.7172698975e+02 5.7183801270e+02 5.7195501709e+02 5.7199200439e+02 5.7197601318e+02 5.7195098877e+02 5.7188800049e+02
5.7166601563e+02 5.7171502686e+02 5.7177001953e+02 5.7179498291e+02 5.7180999756e+02 5.7182800293e+02 5.7183801270e+02 5.7183099365e+02 5.7180999756e+02 5.7179400635e+02 5.7178497314e+02 5.7178002930e+02 5.7177600098e+02 5.7176702881e+02 5.7175402832e+02 5.7173999023e+02 5.7172900391e+02 5.7172497559e+02 5.7172497559e+02 5.7174597168e+02 5.7179797363e+02 5.7168902588e+02 5.7116601563e+02 5.7070300293e+02 5.7065600586e+02 5.7069897461e+02 5.7071502686e+02 5.7073999023e+02 5.7078601074e+02 5.7077697754e+02 5.7084802246e+02 5.7133197021e+02 5.7157897949e+02 5.7156201172e+02 5.7154797363e+02 5.7158801270e+02 5.7164501953e+02 5.7166802979e+02 5.7165997314e+02 5.7167602539e+02 5.7176000977e+02 5.7185699463e+02 5.7187597656e+02 5.7183099365e+02 5.7178601074e+02 5.7176599121e+02
