TESTSERVER/6/11.asc
NCOLS 100
NROWS 100
XLLCORNER 7.7997500000e+03
YLLCORNER 2.8940025000e+05
CELLSIZE 5.0000000000e-01
NODATA_VALUE -9.9990000000e+03
[rows 80 to 99 of 100, columns 46 to 91 of 100]
5.6922900391e+02 5.6924401855e+02 5.6926599121e+02 5.6928198242e+02 5.6927697754e+02 5.6926300049e+02 5.6925402832e+02 5.6924700928e+02 5.6923901367e+02 5.6923999023e+02 5.6926000977e+02 5.6925000000e+02 5.6928900146e+02 5.6954901123e+02 5.6997998047e+02 5.7006701660e+02 5.7004498291e+02 5.7003497314e+02 5.7005102539e+02 5.7003997803e+02 5.7004699707e+02 5.7006097412e+02 5.7007397461e+02 5.7007000732e+02 5.7007702637e+02 5.7008599854e+02 5.7009399414e+02 5.7009301758e+02 5.7028497314e+02 5.7063702393e+02 5.7091302490e+02 5.7097198486e+02 5.7094500732e+02 5.7093902588e+02 5.7097998047e+02 5.7100897217e+02 5.7103198242e+02 5.7105798340e+02 5.7108599854e+02 5.7112097168e+02 5.7116497803e+02 5.7121301270e+02 5.7126702881e+02 5.7131597900e+02 5.7135498047e+02 5.7140502930e+02
5.6919201660e+02 5.6920599365e+02 5.6922497559e+02 5.6923498535e+02 5.6923199463e+02 5.6922302246e+02 5.6921997070e+02 5.6921697998e+02 5.6921801758e+02 5.6922802734e+02 5.6924902344e+02 5.6926599121e+02 5.6924499512e+02 5.6932702637e+02 5.6973797607e+02 5.7002899170e+02 5.7007202148e+02 5.7003198242e+02 5.7003601074e+02 5.7003601074e+02 5.7003900146e+02 5.7005401611e+02 5.7006298828e+02 5.7006896973e+02 5.7008599854e+02 5.7010101318e+02 5.7010400391e+02 5.7010198975e+02 5.7040399170e+02 5.7083599854e+02 5.7096301270e+02 5.7095800781e+02 5.7092102051e+02 5.7091699219e+02 5.7095697021e+02 5.7101000977e+02 5.7103399658e+02 5.7104998779e+02 5.7106799316e+02 5.7110101318e+02 5.7114599609e+02 5.7119000244e+02 5.7123199463e+02 5.7127600098e+02 5.7132000732e+02 5.7136999512e+02
5.6915197754e+02 5.6916699219e+02 5.6917999268e+02 5.6918701172e+02 5.6918798828e+02 5.6918798828e+02 5.6919201660e+02 5.6919598389e+02 5.6920098877e+02 5.6921197510e+02 5.6922900391e+02 5.6926202393e+02 5.6926202393e+02 5.6925500488e+02 5.6946002197e+02 5.6979602051e+02 5.7001000977e+02 5.7004901123e+02 5.7002801514e+02 5.7003698730e+02 5.7003997803e+02 5.7004998779e+02 5.7005499268e+02 5.7007098389e+02 5.7009399414e+02 5.7011499023e+02 5.7012200928e+02 5.7011700439e+02 5.7045098877e+02 5.7088702393e+02 5.7093701172e+02 5.7090197754e+02 5.7086999512e+02 5.7088299561e+02 5.7093200684e+02 5.7099798584e+02 5.7102398682e+02 5.7103198242e+02 5.7104901123e+02 5.7108502197e+02 5.7112799072e+02 5.7116601563e+02 5.7120300293e+02 5.7124798584e+02 5.7129498291e+02 5.7134301758e+02
5.6910601807e+02 5.6912298584e+02 5.6913598633e+02 5.6914300537e+02 5.6914898682e+02 5.6915600586e+02 5.6916802979e+02 5.6917797852e+02 5.6918103027e+02 5.6918902588e+02 5.6920697021e+02 5.6923101807e+02 5.6925402832e+02 5.6923901367e+02 5.6927502441e+02 5.6948199463e+02 5.6984698486e+02 5.7004699707e+02 5.7002697754e+02 5.7003302002e+02 5.7003997803e+02 5.7005102539e+02 5.7006097412e+02 5.7008001709e+02 5.7010101318e+02 5.7012799072e+02 5.7014501953e+02 5.7012701416e+02 5.7042102051e+02 5.7083001709e+02 5.7088500977e+02 5.7085699463e+02 5.7084197998e+02 5.7086798096e+02 5.7092498779e+02 5.7097497559e+02 5.7099200439e+02 5.7100097656e+02 5.7102301025e+02 5.7106097412e+02 5.7109698486e+02 5.7113299561e+02 5.7118103027e+02 5.7122998047e+02 5.7127801514e+02 5.7132598877e+02
5.6905401611e+02 5.6907800293e+02 5.6909600830e+02 5.6910498047e+02 5.6911401367e+02 5.6912597656e+02 5.6914501953e+02 5.6916101074e+02 5.6916601563e+02 5.6917401123e+02 5.6919702148e+02 5.6921002197e+02 5.6922900391e+02 5.6924597168e+02 5.6926599121e+02 5.6932800293e+02 5.6968798828e+02 5.7001098633e+02 5.7003100586e+02 5.7001501465e+02 5.7002600098e+02 5.7004901123e+02 5.7006701660e+02 5.7007800293e+02 5.7009497070e+02 5.7012701416e+02 5.7014801025e+02 5.7014202881e+02 5.7035900879e+02 5.7071899414e+02 5.7080999756e+02 5.7083001709e+02 5.7084002686e+02 5.7087298584e+02 5.7092797852e+02 5.7094500732e+02 5.7095098877e+02 5.7096899414e+02 5.7099499512e+02 5.7103302002e+02 5.7106701660e+02 5.7110699463e+02 5.7115698242e+02 5.7120800781e+02 5.7125402832e+02 5.7130200195e+02
5.6900097656e+02 5.6903399658e+02 5.6906500244e+02 5.6908099365e+02 5.6909197998e+02 5.6910400391e+02 5.6912097168e+02 5.6913702393e+02 5.6914801025e+02 5.6916400146e+02 5.6919097900e+02 5.6920599365e+02 5.6922198486e+02 5.6924499512e+02 5.6927398682e+02 5.6926300049e+02 5.6940197754e+02 5.6973498535e+02 5.7003002930e+02 5.7002899170e+02 5.7002099609e+02 5.7003900146e+02 5.7006097412e+02 5.7005999756e+02 5.7007098389e+02 5.7011602783e+02 5.7016900635e+02 5.7015197754e+02 5.7025897217e+02 5.7061901855e+02 5.7082098389e+02 5.7082098389e+02 5.7083099365e+02 5.7086401367e+02 5.7089599609e+02 5.7091497803e+02 5.7092700195e+02 5.7094799805e+02 5.7098199463e+02 5.7101702881e+02 5.7104699707e+02 5.7108898926e+02 5.7114099121e+02 5.7118402100e+02 5.7121997070e+02 5.7126898193e+02
5.6895300293e+02 5.6899597168e+02 5.6903497314e+02 5.6905999756e+02 5.6907299805e+02 5.6908599854e+02 5.6910302734e+02 5.6912097168e+02 5.6913598633e+02 5.6915802002e+02 5.6918597412e+02 5.6920202637e+02 5.6921899414e+02 5.6923602295e+02 5.6927099609e+02 5.6927001953e+02 5.6926898193e+02 5.6949499512e+02 5.6992297363e+02 5.7004400635e+02 5.7004498291e+02 5.7003497314e+02 5.7005200195e+02 5.7004998779e+02 5.7005999756e+02 5.7010601807e+02 5.7016497803e+02 5.7016900635e+02 5.7018597412e+02 5.7045898438e+02 5.7077899170e+02 5.7079498291e+02 5.7079901123e+02 5.7083001709e+02 5.7086199951e+02 5.7088702393e+02 5.7090399170e+02 5.7092901611e+02 5.7096600342e+02 5.7099499512e+02 5.7102502441e+02 5.7107098389e+02 5.7112298584e+02 5.7116101074e+02 5.7119799805e+02 5.7125402832e+02
5.6891198730e+02 5.6896197510e+02 5.6901000977e+02 5.6904199219e+02 5.6906097412e+02 5.6907501221e+02 5.6909197998e+02 5.6911297607e+02 5.6913000488e+02 5.6915301514e+02 5.6917797852e+02 5.6919897461e+02 5.6921801758e+02 5.6923101807e+02 5.6925402832e+02 5.6929498291e+02 5.6927099609e+02 5.6934100342e+02 5.6964300537e+02 5.6996301270e+02 5.7005499268e+02 5.7003601074e+02 5.7003399658e+02 5.7004101563e+02 5.7005902100e+02 5.7009698486e+02 5.7013702393e+02 5.7017602539e+02 5.7016998291e+02 5.7031097412e+02 5.7066101074e+02 5.7076501465e+02 5.7077600098e+02 5.7080102539e+02 5.7084100342e+02 5.7086700439e+02 5.7088201904e+02 5.7090802002e+02 5.7094897461e+02 5.7097900391e+02 5.7101800537e+02 5.7106701660e+02 5.7110900879e+02 5.7114501953e+02 5.7118902588e+02 5.7124700928e+02
5.6887902832e+02 5.6893798828e+02 5.6899298096e+02 5.6903002930e+02 5.6905603027e+02 5.6907397461e+02 5.6908599854e+02 5.6910601807e+02 5.6912597656e+02 5.6914697266e+02 5.6916998291e+02 5.6919201660e+02 5.6921801758e+02 5.6923400879e+02 5.6924700928e+02 5.6927502441e+02 5.6929101563e+02 5.6928802490e+02 5.6935601807e+02 5.6974102783e+02 5.6998901367e+02 5.7002697754e+02 5.6998999023e+02 5.7002600098e+02 5.7005297852e+02 5.7008398438e+02 5.7012701416e+02 5.7016601563e+02 5.7018200684e+02 5.7022399902e+02 5.7039099121e+02 5.7072100830e+02 5.7075701904e+02 5.7077001953e+02 5.7081298828e+02 5.7084600830e+02 5.7086700439e+02 5.7089599609e+02 5.7093701172e+02 5.7097100830e+02 5.7101397705e+02 5.7105499268e+02 5.7108398438e+02 5.7113000488e+02 5.7117901611e+02 5.7123199463e+02
5.6885198975e+02 5.6891400146e+02 5.6896997070e+02 5.6901501465e+02 5.6904602051e+02 5.6906500244e+02 5.6907702637e+02 5.6910498047e+02 5.6913000488e+02 5.6914898682e+02 5.6916101074e+02 5.6918200684e+02 5.6920800781e+02 5.6922698975e+02 5.6924102783e+02 5.6926000977e+02 5.6928100586e+02 5.6929699707e+02 5.6929400635e+02 5.6944702148e+02 5.6979101563e+02 5.7002197266e+02 5.7001702881e+02 5.7001702881e+02 5.7004199219e+02 5.7007702637e+02 5.7011602783e+02 5.7014898682e+02 5.7018103027e+02 5.7021502686e+02 5.7030297852e+02 5.7064801025e+02 5.7076300049e+02 5.7075097656e+02 5.7079101563e+02 5.7085302734e+02 5.7087799072e+02 5.7089501953e+02 5.7092999268e+02 5.7097198486e+02 5.7101898193e+02 5.7105902100e+02 5.7108300781e+02 5.7110101318e+02 5.7114099121e+02 5.7119702148e+02
5.6882800293e+02 5.6888897705e+02 5.6895001221e+02 5.6900097656e+02 5.6903302002e+02 5.6905401611e+02 5.6906500244e+02 5.6908697510e+02 5.6911102295e+02 5.6913201904e+02 5.6914898682e+02 5.6917297363e+02 5.6920001221e+02 5.6922100830e+02 5.6923699951e+02 5.6925299072e+02 5.6927001953e+02 5.6928399658e+02 5.6928900146e+02 5.6932000732e+02 5.6960498047e+02 5.6992498779e+02 5.7003002930e+02 5.7001501465e+02 5.7002398682e+02 5.7005798340e+02 5.7009002686e+02 5.7012701416e+02 5.7016302490e+02 5.7020300293e+02 5.7023999023e+02 5.7051098633e+02 5.7072998047e+02 5.7076898193e+02 5.7080200195e+02 5.7087799072e+02 5.7090399170e+02 5.7090802002e+02 5.7092901611e+02 5.7097601318e+02 5.7102899170e+02 5.7107299805e+02 5.7109802246e+02 5.7109698486e+02 5.7112402344e+02 5.7118298340e+02
5.6880603027e+02 5.6886901855e+02 5.6893200684e+02 5.6898602295e+02 5.6902001953e+02 5.6904302979e+02 5.6905603027e+02 5.6906402588e+02 5.6908697510e+02 5.6911499023e+02 5.6913897705e+02 5.6916699219e+02 5.6919702148e+02 5.6921697998e+02 5.6923498535e+02 5.6925201416e+02 5.6926898193e+02 5.6927697754e+02 5.6929699707e+02 5.6928601074e+02 5.6940002441e+02 5.6965301514e+02 5.6994598389e+02 5.7003497314e+02 5.7002801514e+02 5.7004302979e+02 5.7007098389e+02 5.7010998535e+02 5.7014202881e+02 5.7018103027e+02 5.7020098877e+02 5.7036798096e+02 5.7065698242e+02 5.7078497314e+02 5.7080798340e+02 5.7088000488e+02 5.7090997314e+02 5.7091198730e+02 5.7092700195e+02 5.7097698975e+02 5.7103601074e+02 5.7108697510e+02 5.7111700439e+02 5.7111499023e+02 5.7113299561e+02 5.7118798828e+02
5.6878198242e+02 5.6884698486e+02 5.6891101074e+02 5.6896697998e+02 5.6900500488e+02 5.6903399658e+02 5.6905499268e+02 5.6906298828e+02 5.6908300781e+02 5.6910900879e+02 5.6912298584e+02 5.6916497803e+02 5.6919201660e+02 5.6920800781e+02 5.6922900391e+02 5.6924401855e+02 5.6926202393e+02 5.6927197266e+02 5.6928302002e+02 5.6927899170e+02 5.6927398682e+02 5.6939697266e+02 5.6966198730e+02 5.7001000977e+02 5.7005297852e+02 5.7003002930e+02 5.7005700684e+02 5.7009301758e+02 5.7012298584e+02 5.7015600586e+02 5.7017498779e+02 5.7025701904e+02 5.7053601074e+02 5.7074700928e+02 5.7075299072e+02 5.7082702637e+02 5.7085699463e+02 5.7087097168e+02 5.7089501953e+02 5.7098400879e+02 5.7105200195e+02 5.7110198975e+02 5.7113201904e+02 5.7113897705e+02 5.7115502930e+02 5.7118402100e+02
5.6875897217e+02 5.6882397461e+02 5.6889202881e+02 5.6894598389e+02 5.6898699951e+02 5.6901800537e+02 5.6904400635e+02 5.6906500244e+02 5.6908502197e+02 5.6910601807e+02 5.6912597656e+02 5.6915502930e+02 5.6918200684e+02 5.6920599365e+02 5.6922302246e+02 5.6923999023e+02 5.6925897217e+02 5.6927502441e+02 5.6929101563e+02 5.6930297852e+02 5.6929400635e+02 5.6932598877e+02 5.6949401855e+02 5.6986401367e+02 5.7002398682e+02 5.7003900146e+02 5.7004498291e+02 5.7007598877e+02 5.7010498047e+02 5.7013500977e+02 5.7015002441e+02 5.7015698242e+02 5.7034600830e+02 5.7063897705e+02 5.7076397705e+02 5.7078698730e+02 5.7079302979e+02 5.7081799316e+02 5.7091400146e+02 5.7102801514e+02 5.7109100342e+02 5.7111901855e+02 5.7115301514e+02 5.7114398193e+02 5.7109497070e+02 5.7105401611e+02
5.6874597168e+02 5.6880902100e+02 5.6887597656e+02 5.6893200684e+02 5.6897302246e+02 5.6900500488e+02 5.6903198242e+02 5.6905499268e+02 5.6907598877e+02 5.6910198975e+02 5.6912902832e+02 5.6915698242e+02 5.6918902588e+02 5.6921697998e+02 5.6922497559e+02 5.6924597168e+02 5.6926397705e+02 5.6927899170e+02 5.6930297852e+02 5.6933502197e+02 5.6932501221e+02 5.6930999756e+02 5.6936297607e+02 5.6962200928e+02 5.6989898682e+02 5.7003997803e+02 5.7003698730e+02 5.7004901123e+02 5.7007299805e+02 5.7010699463e+02 5.7014501953e+02 5.7014202881e+02 5.7020800781e+02 5.7045001221e+02 5.7071801758e+02 5.7078997803e+02 5.7081097412e+02 5.7084497070e+02 5.7094201660e+02 5.7103399658e+02 5.7106799316e+02 5.7106402588e+02 5.7105798340e+02 5.7098602295e+02 5.7092102051e+02 5.7089300537e+02
5.6873901367e+02 5.6879901123e+02 5.6886401367e+02 5.6891998291e+02 5.6896197510e+02 5.6899499512e+02 5.6902099609e+02 5.6904101563e+02 5.6906500244e+02 5.6909197998e+02 5.6912200928e+02 5.6915600586e+02 5.6919000244e+02 5.6921502686e+02 5.6922601318e+02 5.6925402832e+02 5.6926501465e+02 5.6927398682e+02 5.6930603027e+02 5.6935601807e+02 5.6935797119e+02 5.6932800293e+02 5.6931701660e+02 5.6940802002e+02 5.6972900391e+02 5.7000402832e+02 5.7002301025e+02 5.7001800537e+02 5.7004199219e+02 5.7007800293e+02 5.7011102295e+02 5.7014501953e+02 5.7015502930e+02 5.7027301025e+02 5.7055200195e+02 5.7072302246e+02 5.7079797363e+02 5.7085900879e+02 5.7092901611e+02 5.7096301270e+02 5.7095501709e+02 5.7091802979e+02 5.7087097168e+02 5.7078002930e+02 5.7076000977e+02 5.7078997803e+02
5.6873602295e+02 5.6879302979e+02 5.6884997559e+02 5.6890698242e+02 5.6894897461e+02 5.6898498535e+02 5.6900897217e+02 5.6903002930e+02 5.6905603027e+02 5.6908502197e+02 5.6911901855e+02 5.6915399170e+02 5.6918402100e+02 5.6920300293e+02 5.6922399902e+02 5.6924902344e+02 5.6925500488e+02 5.6926000977e+02 5.6929199219e+02 5.6934301758e+02 5.6935699463e+02 5.6934100342e+02 5.6932501221e+02 5.6931597900e+02 5.6957000732e+02 5.6990698242e+02 5.7000402832e+02 5.6999798584e+02 5.7002001953e+02 5.7005200195e+02 5.7007501221e+02 5.7012402344e+02 5.7016699219e+02 5.7020300293e+02 5.7028497314e+02 5.7048400879e+02 5.7062200928e+02 5.7071801758e+02 5.7077697754e+02 5.7080401611e+02 5.7074700928e+02 5.7068103027e+02 5.7066998291e+02 5.7068902588e+02 5.7072302246e+02 5.7078002930e+02
5.6874200439e+02 5.6879602051e+02 5.6884997559e+02 5.6889697266e+02 5.6893798828e+02 5.6897399902e+02 5.6900402832e+02 5.6902899170e+02 5.6905603027e+02 5.6908502197e+02 5.6911401367e+02 5.6914599609e+02 5.6917297363e+02 5.6919702148e+02 5.6921899414e+02 5.6923797607e+02 5.6924700928e+02 5.6926000977e+02 5.6930200195e+02 5.6933502197e+02 5.6933801270e+02 5.6932897949e+02 5.6932501221e+02 5.6931097412e+02 5.6945300293e+02 5.6976397705e+02 5.6995202637e+02 5.6999102783e+02 5.7000097656e+02 5.7002398682e+02 5.7005297852e+02 5.7010101318e+02 5.7015197754e+02 5.7019396973e+02 5.7022497559e+02 5.7028100586e+02 5.7035198975e+02 5.7043402100e+02 5.7051300049e+02 5.7054699707e+02 5.7054901123e+02 5.7056201172e+02 5.7063800049e+02 5.7069000244e+02 5.7072302246e+02 5.7076202393e+02
5.6875299072e+02 5.6880297852e+02 5.6885198975e+02 5.6889801025e+02 5.6893701172e+02 5.6897198486e+02 5.6900299072e+02 5.6903002930e+02 5.6905603027e+02 5.6908197021e+02 5.6910797119e+02 5.6913800049e+02 5.6916601563e+02 5.6918902588e+02 5.6921197510e+02 5.6922900391e+02 5.6924798584e+02 5.6927301025e+02 5.6930902100e+02 5.6932299805e+02 5.6932098389e+02 5.6932000732e+02 5.6933197021e+02 5.6932800293e+02 5.6940698242e+02 5.6966302490e+02 5.6991699219e+02 5.6997698975e+02 5.6997998047e+02 5.7000402832e+02 5.7003497314e+02 5.7007598877e+02 5.7012701416e+02 5.7016998291e+02 5.7022198486e+02 5.7027197266e+02 5.7030999756e+02 5.7035101318e+02 5.7039697266e+02 5.7045300293e+02 5.7048999023e+02 5.7053802490e+02 5.7061602783e+02 5.7065600586e+02 5.7069799805e+02 5.7074298096e+02
5.6876702881e+02 5.6881201172e+02 5.6885900879e+02 5.6890301514e+02 5.6894097900e+02 5.6897497559e+02 5.6900500488e+02 5.6903302002e+02 5.6905603027e+02 5.6907800293e+02 5.6909802246e+02 5.6912701416e+02 5.6915502930e+02 5.6917999268e+02 5.6919897461e+02 5.6922198486e+02 5.6925299072e+02 5.6928601074e+02 5.6930700684e+02 5.6930603027e+02 5.6930798340e+02 5.6931896973e+02 5.6933599854e+02 5.6932501221e+02 5.6936602783e+02 5.6957098389e+02 5.6988098145e+02 5.6995397949e+02 5.6995098877e+02 5.6998400879e+02 5.7002001953e+02 5.7005200195e+02 5.7010101318e+02 5.7014801025e+02 5.7020098877e+02 5.7025598145e+02 5.7029400635e+02 5.7032897949e+02 5.7036700439e+02 5.7043402100e+02 5.7047601318e+02 5.7052398682e+02 5.7059002686e+02 5.7062597656e+02 5.7066998291e+02 5.7071899414e+02
