TESTSERVER/6/11.asc
NCOLS 100
NROWS 100
XLLCORNER 7.7997500000e+03
YLLCORNER 2.8940025000e+05
CELLSIZE 5.0000000000e-01
NODATA_VALUE -9.9990000000e+03
[rows 20 to 39 of 100, columns 0 to 45 of 100]
5.6907501221e+02 5.6907397461e+02 5.6907501221e+02 5.6907000732e+02 5.6905999756e+02 5.6906799316e+02 5.6906896973e+02 5.6906097412e+02 5.6908300781e+02 5.6919897461e+02 5.6926898193e+02 5.6929199219e+02 5.6929699707e+02 5.6930102539e+02 5.6928698730e+02 5.6925500488e+02 5.6928100586e+02 5.6972302246e+02 5.7024401855e+02 5.7049597168e+02 5.7048699951e+02 5.7057000732e+02 5.7064398193e+02 5.7071697998e+02 5.7075897217e+02 5.7075500488e+02 5.7075897217e+02 5.7077600098e+02 5.7079797363e+02 5.7081097412e+02 5.7079602051e+02 5.7078100586e+02 5.7078997803e+02 5.7089300537e+02 5.7118597412e+02 5.7144598389e+02 5.7151702881e+02 5.7157397461e+02 5.7158502197e+02 5.7156799316e+02 5.7156799316e+02 5.7156402588e+02 5.7155297852e+02 5.7153900146e+02 5.7152502441e+02 5.7150500488e+02
5.6903698730e+02 5.6903399658e+02 5.6903601074e+02 5.6903802490e+02 5.6903497314e+02 5.6903900146e+02 5.6904400635e+02 5.6903698730e+02 5.6903698730e+02 5.6909899902e+02 5.6915802002e+02 5.6920800781e+02 5.6924902344e+02 5.6927301025e+02 5.6927801514e+02 5.6927301025e+02 5.6923602295e+02 5.6934100342e+02 5.6988000488e+02 5.7037799072e+02 5.7047998047e+02 5.7053002930e+02 5.7058099365e+02 5.7064099121e+02 5.7070202637e+02 5.7072100830e+02 5.7073498535e+02 5.7075299072e+02 5.7077301025e+02 5.7078997803e+02 5.7079602051e+02 5.7080902100e+02 5.7082800293e+02 5.7090399170e+02 5.7109600830e+02 5.7127099609e+02 5.7138702393e+02 5.7153302002e+02 5.7157800293e+02 5.7156896973e+02 5.7156500244e+02 5.7157000732e+02 5.7156402588e+02 5.7154998779e+02 5.7152697754e+02 5.7150897217e+02
5.6899700928e+02 5.6899298096e+02 5.6900097656e+02 5.6901098633e+02 5.6901300049e+02 5.6901202393e+02 5.6902099609e+02 5.6901501465e+02 5.6900701904e+02 5.6904101563e+02 5.6908502197e+02 5.6913702393e+02 5.6920001221e+02 5.6924499512e+02 5.6926300049e+02 5.6926599121e+02 5.6926898193e+02 5.6920397949e+02 5.6948901367e+02 5.7004602051e+02 5.7043701172e+02 5.7051202393e+02 5.7055902100e+02 5.7059497070e+02 5.7064398193e+02 5.7067700195e+02 5.7070001221e+02 5.7072302246e+02 5.7074700928e+02 5.7077001953e+02 5.7078997803e+02 5.7081597900e+02 5.7084100342e+02 5.7084497070e+02 5.7090698242e+02 5.7101300049e+02 5.7119201660e+02 5.7142498779e+02 5.7153997803e+02 5.7157000732e+02 5.7156701660e+02 5.7157098389e+02 5.7156597900e+02 5.7155297852e+02 5.7153100586e+02 5.7151202393e+02
5.6897100830e+02 5.6897100830e+02 5.6897900391e+02 5.6898699951e+02 5.6898699951e+02 5.6897802734e+02 5.6899902344e+02 5.6901599121e+02 5.6901098633e+02 5.6901599121e+02 5.6904101563e+02 5.6908697510e+02 5.6915399170e+02 5.6921197510e+02 5.6924200439e+02 5.6925299072e+02 5.6928198242e+02 5.6920202637e+02 5.6921398926e+02 5.6960900879e+02 5.7023101807e+02 5.7043298340e+02 5.7052899170e+02 5.7056701660e+02 5.7059100342e+02 5.7062298584e+02 5.7065899658e+02 5.7069097900e+02 5.7072198486e+02 5.7074597168e+02 5.7076599121e+02 5.7079602051e+02 5.7083197021e+02 5.7083099365e+02 5.7083398438e+02 5.7088098145e+02 5.7102697754e+02 5.7129797363e+02 5.7147900391e+02 5.7155902100e+02 5.7157000732e+02 5.7157000732e+02 5.7156597900e+02 5.7155499268e+02 5.7153497314e+02 5.7151800537e+02
5.6896197510e+02 5.6896697998e+02 5.6897100830e+02 5.6896997070e+02 5.6896398926e+02 5.6895501709e+02 5.6898101807e+02 5.6901800537e+02 5.6902197266e+02 5.6902502441e+02 5.6903997803e+02 5.6907000732e+02 5.6911999512e+02 5.6917401123e+02 5.6920898438e+02 5.6923101807e+02 5.6923797607e+02 5.6923602295e+02 5.6918701172e+02 5.6927099609e+02 5.6952697754e+02 5.7024401855e+02 5.7046099854e+02 5.7045898438e+02 5.7039599609e+02 5.7059197998e+02 5.7064501953e+02 5.7067999268e+02 5.7070501709e+02 5.7072302246e+02 5.7073999023e+02 5.7076397705e+02 5.7080798340e+02 5.7084497070e+02 5.7085699463e+02 5.7087097168e+02 5.7091900635e+02 5.7120098877e+02 5.7144500732e+02 5.7154400635e+02 5.7154602051e+02 5.7157598877e+02 5.7156799316e+02 5.7155102539e+02 5.7153997803e+02 5.7152899170e+02
5.6895098877e+02 5.6895397949e+02 5.6895800781e+02 5.6895898438e+02 5.6896301270e+02 5.6897302246e+02 5.6899200439e+02 5.6901397705e+02 5.6902398682e+02 5.6903198242e+02 5.6905102539e+02 5.6907397461e+02 5.6910900879e+02 5.6915100098e+02 5.6918103027e+02 5.6920501709e+02 5.6922302246e+02 5.6921997070e+02 5.6922198486e+02 5.6924499512e+02 5.6934301758e+02 5.7000402832e+02 5.7040301514e+02 5.7043298340e+02 5.7038098145e+02 5.7054602051e+02 5.7061199951e+02 5.7065399170e+02 5.7066802979e+02 5.7068902588e+02 5.7070501709e+02 5.7072698975e+02 5.7076501465e+02 5.7079998779e+02 5.7082598877e+02 5.7085101318e+02 5.7085302734e+02 5.7100299072e+02 5.7127600098e+02 5.7146997070e+02 5.7154199219e+02 5.7158300781e+02 5.7156799316e+02 5.7153997803e+02 5.7154101563e+02 5.7154699707e+02
5.6894702148e+02 5.6894897461e+02 5.6895800781e+02 5.6896600342e+02 5.6897698975e+02 5.6898797607e+02 5.6900402832e+02 5.6902197266e+02 5.6902899170e+02 5.6903497314e+02 5.6905200195e+02 5.6907202148e+02 5.6910302734e+02 5.6914001465e+02 5.6916699219e+02 5.6918798828e+02 5.6921002197e+02 5.6921899414e+02 5.6921899414e+02 5.6922802734e+02 5.6921997070e+02 5.6960601807e+02 5.7009197998e+02 5.7036499023e+02 5.7039001465e+02 5.7047198486e+02 5.7054199219e+02 5.7059698486e+02 5.7062097168e+02 5.7063897705e+02 5.7065399170e+02 5.7067797852e+02 5.7071899414e+02 5.7074902344e+02 5.7077899170e+02 5.7082000732e+02 5.7082897949e+02 5.7087200928e+02 5.7108197021e+02 5.7135797119e+02 5.7153302002e+02 5.7157897949e+02 5.7157397461e+02 5.7155200195e+02 5.7155102539e+02 5.7156201172e+02
5.6895599365e+02 5.6895501709e+02 5.6896398926e+02 5.6897698975e+02 5.6899597168e+02 5.6900598145e+02 5.6901800537e+02 5.6903198242e+02 5.6903497314e+02 5.6904101563e+02 5.6905603027e+02 5.6907501221e+02 5.6910198975e+02 5.6913299561e+02 5.6915600586e+02 5.6917602539e+02 5.6920001221e+02 5.6921997070e+02 5.6922302246e+02 5.6922302246e+02 5.6919201660e+02 5.6926000977e+02 5.6967700195e+02 5.7015802002e+02 5.7037799072e+02 5.7041400146e+02 5.7047998047e+02 5.7054302979e+02 5.7057397461e+02 5.7059301758e+02 5.7061102295e+02 5.7064099121e+02 5.7069201660e+02 5.7072302246e+02 5.7074798584e+02 5.7079101563e+02 5.7082397461e+02 5.7083001709e+02 5.7095800781e+02 5.7122802734e+02 5.7146600342e+02 5.7154302979e+02 5.7156799316e+02 5.7156500244e+02 5.7156201172e+02 5.7157098389e+02
5.6896801758e+02 5.6896801758e+02 5.6897198486e+02 5.6898400879e+02 5.6900201416e+02 5.6901898193e+02 5.6902899170e+02 5.6903900146e+02 5.6904797363e+02 5.6905200195e+02 5.6906402588e+02 5.6907897949e+02 5.6909997559e+02 5.6912701416e+02 5.6914697266e+02 5.6916400146e+02 5.6918701172e+02 5.6921197510e+02 5.6922198486e+02 5.6922497559e+02 5.6920898438e+02 5.6918701172e+02 5.6942602539e+02 5.6989898682e+02 5.7036102295e+02 5.7039501953e+02 5.7042797852e+02 5.7049798584e+02 5.7053900146e+02 5.7056201172e+02 5.7058898926e+02 5.7062902832e+02 5.7068402100e+02 5.7071801758e+02 5.7073602295e+02 5.7076599121e+02 5.7079498291e+02 5.7081097412e+02 5.7087500000e+02 5.7106298828e+02 5.7130200195e+02 5.7145898438e+02 5.7153497314e+02 5.7155603027e+02 5.7155700684e+02 5.7157098389e+02
5.6898297119e+02 5.6898199463e+02 5.6898699951e+02 5.6899401855e+02 5.6900897217e+02 5.6902301025e+02 5.6903399658e+02 5.6904302979e+02 5.6905200195e+02 5.6906097412e+02 5.6907202148e+02 5.6908398438e+02 5.6909997559e+02 5.6911901855e+02 5.6913598633e+02 5.6915399170e+02 5.6917602539e+02 5.6919598389e+02 5.6920898438e+02 5.6921801758e+02 5.6921697998e+02 5.6919097900e+02 5.6925598145e+02 5.6950402832e+02 5.7001098633e+02 5.7042102051e+02 5.7042901611e+02 5.7042700195e+02 5.7048797607e+02 5.7053302002e+02 5.7057897949e+02 5.7063598633e+02 5.7068200684e+02 5.7070098877e+02 5.7071697998e+02 5.7073999023e+02 5.7076800537e+02 5.7078399658e+02 5.7082598877e+02 5.7095202637e+02 5.7117498779e+02 5.7140698242e+02 5.7154797363e+02 5.7157000732e+02 5.7155499268e+02 5.7156097412e+02
5.6899700928e+02 5.6899499512e+02 5.6899798584e+02 5.6900402832e+02 5.6901702881e+02 5.6902801514e+02 5.6903698730e+02 5.6904602051e+02 5.6905297852e+02 5.6906201172e+02 5.6907397461e+02 5.6908599854e+02 5.6909899902e+02 5.6911297607e+02 5.6912799072e+02 5.6914398193e+02 5.6916302490e+02 5.6918298340e+02 5.6919702148e+02 5.6920898438e+02 5.6922698975e+02 5.6920098877e+02 5.6915899658e+02 5.6923901367e+02 5.6960198975e+02 5.7025299072e+02 5.7041699219e+02 5.7039300537e+02 5.7044702148e+02 5.7050598145e+02 5.7056402588e+02 5.7063702393e+02 5.7068701172e+02 5.7069500732e+02 5.7070501709e+02 5.7072302246e+02 5.7074597168e+02 5.7076898193e+02 5.7079602051e+02 5.7087097168e+02 5.7102697754e+02 5.7128900146e+02 5.7149499512e+02 5.7155700684e+02 5.7153002930e+02 5.7150701904e+02
5.6900897217e+02 5.6900701904e+02 5.6900897217e+02 5.6901300049e+02 5.6902301025e+02 5.6903198242e+02 5.6903997803e+02 5.6904699707e+02 5.6905297852e+02 5.6906298828e+02 5.6907397461e+02 5.6908599854e+02 5.6909698486e+02 5.6910699463e+02 5.6911999512e+02 5.6913397217e+02 5.6915002441e+02 5.6916900635e+02 5.6918298340e+02 5.6919598389e+02 5.6922399902e+02 5.6923101807e+02 5.6916900635e+02 5.6917602539e+02 5.6938299561e+02 5.6990399170e+02 5.7029400635e+02 5.7040002441e+02 5.7041198730e+02 5.7046997070e+02 5.7053002930e+02 5.7061102295e+02 5.7066998291e+02 5.7067999268e+02 5.7069396973e+02 5.7071301270e+02 5.7072802734e+02 5.7075799561e+02 5.7078002930e+02 5.7081500244e+02 5.7089300537e+02 5.7113397217e+02 5.7138299561e+02 5.7148101807e+02 5.7143701172e+02 5.7136602783e+02
5.6901202393e+02 5.6901501465e+02 5.6901599121e+02 5.6902001953e+02 5.6902697754e+02 5.6903497314e+02 5.6903997803e+02 5.6904602051e+02 5.6905297852e+02 5.6906201172e+02 5.6907098389e+02 5.6908001709e+02 5.6908898926e+02 5.6910400391e+02 5.6911401367e+02 5.6912402344e+02 5.6913098145e+02 5.6914697266e+02 5.6916198730e+02 5.6917901611e+02 5.6920202637e+02 5.6921697998e+02 5.6921697998e+02 5.6926800537e+02 5.6942797852e+02 5.6960198975e+02 5.7005499268e+02 5.7039898682e+02 5.7034899902e+02 5.7042199707e+02 5.7047100830e+02 5.7054901123e+02 5.7061798096e+02 5.7064001465e+02 5.7067199707e+02 5.7070098877e+02 5.7072100830e+02 5.7073400879e+02 5.7075799561e+02 5.7078100586e+02 5.7080902100e+02 5.7102801514e+02 5.7127801514e+02 5.7136499023e+02 5.7128002930e+02 5.7115399170e+02
5.6901501465e+02 5.6901702881e+02 5.6902001953e+02 5.6902600098e+02 5.6903100586e+02 5.6903497314e+02 5.6903997803e+02 5.6904498291e+02 5.6905401611e+02 5.6906298828e+02 5.6907000732e+02 5.6907702637e+02 5.6908697510e+02 5.6909899902e+02 5.6910699463e+02 5.6911602783e+02 5.6912097168e+02 5.6912799072e+02 5.6914300537e+02 5.6916101074e+02 5.6918902588e+02 5.6920300293e+02 5.6920202637e+02 5.6923199463e+02 5.6933502197e+02 5.6932501221e+02 5.6958398438e+02 5.7013897705e+02 5.7041302490e+02 5.7042199707e+02 5.7042401123e+02 5.7046899414e+02 5.7056500244e+02 5.7061401367e+02 5.7065002441e+02 5.7067999268e+02 5.7070300293e+02 5.7070599365e+02 5.7071997070e+02 5.7074102783e+02 5.7075897217e+02 5.7087799072e+02 5.7104602051e+02 5.7109997559e+02 5.7102697754e+02 5.7093402100e+02
5.6901702881e+02 5.6901800537e+02 5.6902301025e+02 5.6902899170e+02 5.6903302002e+02 5.6903601074e+02 5.6904101563e+02 5.6904602051e+02 5.6905401611e+02 5.6906402588e+02 5.6907098389e+02 5.6907800293e+02 5.6908599854e+02 5.6909497070e+02 5.6910198975e+02 5.6910900879e+02 5.6911102295e+02 5.6911602783e+02 5.6913098145e+02 5.6914697266e+02 5.6917102051e+02 5.6919299316e+02 5.6919000244e+02 5.6919396973e+02 5.6923400879e+02 5.6915997314e+02 5.6918902588e+02 5.6961798096e+02 5.7025500488e+02 5.7040301514e+02 5.7041998291e+02 5.7042602539e+02 5.7051800537e+02 5.7059698486e+02 5.7063897705e+02 5.7066998291e+02 5.7068902588e+02 5.7068402100e+02 5.7068701172e+02 5.7070300293e+02 5.7072601318e+02 5.7075402832e+02 5.7082000732e+02 5.7084497070e+02 5.7081896973e+02 5.7079199219e+02
5.6901501465e+02 5.6901599121e+02 5.6902197266e+02 5.6902899170e+02 5.6903399658e+02 5.6903698730e+02 5.6904199219e+02 5.6904699707e+02 5.6905499268e+02 5.6906500244e+02 5.6907202148e+02 5.6907897949e+02 5.6908697510e+02 5.6909301758e+02 5.6909802246e+02 5.6910302734e+02 5.6910400391e+02 5.6910797119e+02 5.6912097168e+02 5.6913598633e+02 5.6915399170e+02 5.6917999268e+02 5.6918499756e+02 5.6918200684e+02 5.6920098877e+02 5.6922998047e+02 5.6916198730e+02 5.6926599121e+02 5.6988800049e+02 5.7030999756e+02 5.7043902588e+02 5.7043499756e+02 5.7047302246e+02 5.7055902100e+02 5.7061297607e+02 5.7065002441e+02 5.7066998291e+02 5.7066400146e+02 5.7066497803e+02 5.7067797852e+02 5.7071002197e+02 5.7072302246e+02 5.7073901367e+02 5.7074597168e+02 5.7073901367e+02 5.7074798584e+02
5.6900500488e+02 5.6901300049e+02 5.6902001953e+02 5.6902801514e+02 5.6903601074e+02 5.6903900146e+02 5.6904400635e+02 5.6904901123e+02 5.6905102539e+02 5.6906402588e+02 5.6907397461e+02 5.6908398438e+02 5.6909899902e+02 5.6909600830e+02 5.6909600830e+02 5.6909698486e+02 5.6909197998e+02 5.6910400391e+02 5.6911901855e+02 5.6913598633e+02 5.6915301514e+02 5.6916802979e+02 5.6918597412e+02 5.6919897461e+02 5.6922100830e+02 5.6926397705e+02 5.6925097656e+02 5.6918902588e+02 5.6932501221e+02 5.7003601074e+02 5.7039202881e+02 5.7046899414e+02 5.7043701172e+02 5.7046301270e+02 5.7052801514e+02 5.7058599854e+02 5.7062500000e+02 5.7064099121e+02 5.7065301514e+02 5.7066998291e+02 5.7069702148e+02 5.7071502686e+02 5.7072399902e+02 5.7072399902e+02 5.7072497559e+02 5.7073602295e+02
5.6899902344e+02 5.6900897217e+02 5.6901898193e+02 5.6902899170e+02 5.6903601074e+02 5.6903997803e+02 5.6904602051e+02 5.6905102539e+02 5.6905499268e+02 5.6906597900e+02 5.6907897949e+02 5.6909100342e+02 5.6909997559e+02 5.6910101318e+02 5.6909802246e+02 5.6909399414e+02 5.6908801270e+02 5.6910101318e+02 5.6912298584e+02 5.6914599609e+02 5.6915698242e+02 5.6916198730e+02 5.6917901611e+02 5.6920599365e+02 5.6922900391e+02 5.6925000000e+02 5.6925799561e+02 5.6923999023e+02 5.6920001221e+02 5.6958099365e+02 5.6993798828e+02 5.7013702393e+02 5.7022198486e+02 5.7028302002e+02 5.7037701416e+02 5.7047302246e+02 5.7054901123e+02 5.7059698486e+02 5.7063000488e+02 5.7065802002e+02 5.7068902588e+02 5.7070697021e+02 5.7070697021e+02 5.7069897461e+02 5.7069799805e+02 5.7070098877e+02
5.6898901367e+02 5.6900201416e+02 5.6901397705e+02 5.6902600098e+02 5.6903601074e+02 5.6903997803e+02 5.6904602051e+02 5.6905297852e+02 5.6905798340e+02 5.6906799316e+02 5.6908099365e+02 5.6909301758e+02 5.6910101318e+02 5.6910101318e+02 5.6909802246e+02 5.6909301758e+02 5.6908697510e+02 5.6910101318e+02 5.6912701416e+02 5.6915399170e+02 5.6916802979e+02 5.6916601563e+02 5.6917901611e+02 5.6920800781e+02 5.6923101807e+02 5.6923797607e+02 5.6925500488e+02 5.6925097656e+02 5.6917498779e+02 5.6928302002e+02 5.6948797607e+02 5.6969299316e+02 5.6991699219e+02 5.7006799316e+02 5.7021801758e+02 5.7036199951e+02 5.7047198486e+02 5.7054998779e+02 5.7060101318e+02 5.7063702393e+02 5.7067401123e+02 5.7069500732e+02 5.7069598389e+02 5.7069201660e+02 5.7070397949e+02 5.7071002197e+02
5.6897497559e+02 5.6899200439e+02 5.6900701904e+02 5.6902197266e+02 5.6903399658e+02 5.6903900146e+02 5.6904699707e+02 5.6905401611e+02 5.6905999756e+02 5.6907000732e+02 5.6908197021e+02 5.6909301758e+02 5.6909997559e+02 5.6909899902e+02 5.6909497070e+02 5.6909197998e+02 5.6908801270e+02 5.6910498047e+02 5.6913500977e+02 5.6916302490e+02 5.6917797852e+02 5.6916998291e+02 5.6917700195e+02 5.6920098877e+02 5.6922601318e+02 5.6922998047e+02 5.6924700928e+02 5.6925598145e+02 5.6923199463e+02 5.6919799805e+02 5.6924298096e+02 5.6938098145e+02 5.6963098145e+02 5.6985498047e+02 5.7007202148e+02 5.7027099609e+02 5.7041601563e+02 5.7050897217e+02 5.7057098389e+02 5.7060998535e+02 5.7064801025e+02 5.7068402100e+02 5.7068902588e+02 5.7068402100e+02 5.7069799805e+02 5.7070697021e+02
