TESTSERVER/6/11.asc
NCOLS 100
NROWS 100
XLLCORNER 7.7997500000e+03
YLLCORNER 2.8940025000e+05
CELLSIZE 5.0000000000e-01
NODATA_VALUE -9.9990000000e+03
[rows 0 to 19 of 100, columns 46 to 91 of 100]
5.7139599609e+02 5.7139898682e+02 5.7140502930e+02 5.7140698242e+02 5.7141101074e+02 5.7141302490e+02 5.7141198730e+02 5.7140698242e+02 5.7139001465e+02 5.7138000488e+02 5.7137200928e+02 5.7135302734e+02 5.7132598877e+02 5.7140197754e+02 5.7138897705e+02 5.7085302734e+02 5.7057501221e+02 5.7059301758e+02 5.7061297607e+02 5.7061602783e+02 5.7063299561e+02 5.7063201904e+02 5.7062097168e+02 5.7060400391e+02 5.7058099365e+02 5.7051702881e+02 5.7061999512e+02 5.7159100342e+02 5.7268798828e+02 5.7340698242e+02 5.7355603027e+02 5.7350598145e+02 5.7344598389e+02 5.7344799805e+02 5.7348602295e+02 5.7345599365e+02 5.7347399902e+02 5.7349499512e+02 5.7353198242e+02 5.7349200439e+02 5.7347100830e+02 5.7345098877e+02 5.7342401123e+02 5.7342700195e+02 5.7343103027e+02 5.7343798828e+02
5.7139099121e+02 5.7139697266e+02 5.7140399170e+02 5.7140997314e+02 5.7141302490e+02 5.7141302490e+02 5.7141101074e+02 5.7140197754e+02 5.7138702393e+02 5.7136499023e+02 5.7134899902e+02 5.7134002686e+02 5.7132702637e+02 5.7133300781e+02 5.7139697266e+02 5.7121099854e+02 5.7076800537e+02 5.7055603027e+02 5.7058197021e+02 5.7059197998e+02 5.7060302734e+02 5.7060797119e+02 5.7059497070e+02 5.7056799316e+02 5.7053399658e+02 5.7048699951e+02 5.7042999268e+02 5.7081896973e+02 5.7160302734e+02 5.7253198242e+02 5.7339099121e+02 5.7361102295e+02 5.7348101807e+02 5.7340197754e+02 5.7345501709e+02 5.7346099854e+02 5.7348498535e+02 5.7352197266e+02 5.7355798340e+02 5.7353601074e+02 5.7350500488e+02 5.7347100830e+02 5.7344299316e+02 5.7344097900e+02 5.7344799805e+02 5.7345300293e+02
5.7138598633e+02 5.7139300537e+02 5.7140301514e+02 5.7141198730e+02 5.7141497803e+02 5.7141497803e+02 5.7141601563e+02 5.7140698242e+02 5.7139099121e+02 5.7136499023e+02 5.7133801270e+02 5.7132897949e+02 5.7132397461e+02 5.7130999756e+02 5.7133502197e+02 5.7141101074e+02 5.7102099609e+02 5.7059301758e+02 5.7054699707e+02 5.7056402588e+02 5.7056799316e+02 5.7057702637e+02 5.7055798340e+02 5.7053601074e+02 5.7050799561e+02 5.7047998047e+02 5.7042999268e+02 5.7044000244e+02 5.7068402100e+02 5.7147399902e+02 5.7285400391e+02 5.7356500244e+02 5.7357397461e+02 5.7343103027e+02 5.7344000244e+02 5.7346600342e+02 5.7348699951e+02 5.7352099609e+02 5.7355999756e+02 5.7354699707e+02 5.7352001953e+02 5.7348797607e+02 5.7345800781e+02 5.7344897461e+02 5.7345202637e+02 5.7345397949e+02
5.7138299561e+02 5.7139099121e+02 5.7140399170e+02 5.7141302490e+02 5.7141601563e+02 5.7141802979e+02 5.7142199707e+02 5.7141497803e+02 5.7140002441e+02 5.7137597656e+02 5.7134399414e+02 5.7132501221e+02 5.7132000732e+02 5.7131201172e+02 5.7128698730e+02 5.7138299561e+02 5.7114300537e+02 5.7067999268e+02 5.7052398682e+02 5.7054699707e+02 5.7054101563e+02 5.7053601074e+02 5.7051397705e+02 5.7050201416e+02 5.7048101807e+02 5.7046502686e+02 5.7045898438e+02 5.7035198975e+02 5.7024401855e+02 5.7072100830e+02 5.7212097168e+02 5.7328399658e+02 5.7359698486e+02 5.7348901367e+02 5.7343597412e+02 5.7346099854e+02 5.7347601318e+02 5.7350402832e+02 5.7353900146e+02 5.7353302002e+02 5.7351397705e+02 5.7348901367e+02 5.7346197510e+02 5.7345300293e+02 5.7345300293e+02 5.7345300293e+02
5.7138897705e+02 5.7139599609e+02 5.7140600586e+02 5.7141601563e+02 5.7142199707e+02 5.7142498779e+02 5.7142700195e+02 5.7142102051e+02 5.7140802002e+02 5.7139001465e+02 5.7136102295e+02 5.7131597900e+02 5.7130603027e+02 5.7130798340e+02 5.7130200195e+02 5.7131799316e+02 5.7124499512e+02 5.7093499756e+02 5.7059698486e+02 5.7052502441e+02 5.7052398682e+02 5.7050097656e+02 5.7046997070e+02 5.7045599365e+02 5.7044396973e+02 5.7043402100e+02 5.7041802979e+02 5.7037298584e+02 5.7033099365e+02 5.7061700439e+02 5.7140899658e+02 5.7287500000e+02 5.7355902100e+02 5.7350799561e+02 5.7337097168e+02 5.7345001221e+02 5.7346197510e+02 5.7347198486e+02 5.7348199463e+02 5.7349597168e+02 5.7348297119e+02 5.7346899414e+02 5.7346099854e+02 5.7345501709e+02 5.7345501709e+02 5.7345599365e+02
5.7139398193e+02 5.7140002441e+02 5.7140698242e+02 5.7141802979e+02 5.7142401123e+02 5.7142602539e+02 5.7142199707e+02 5.7141302490e+02 5.7139898682e+02 5.7138098145e+02 5.7135998535e+02 5.7131701660e+02 5.7130102539e+02 5.7130700684e+02 5.7130499268e+02 5.7130700684e+02 5.7131201172e+02 5.7118499756e+02 5.7082299805e+02 5.7051000977e+02 5.7042797852e+02 5.7045300293e+02 5.7045599365e+02 5.7044702148e+02 5.7043701172e+02 5.7040698242e+02 5.7037701416e+02 5.7033898926e+02 5.7030798340e+02 5.7043298340e+02 5.7055200195e+02 5.7185498047e+02 5.7330200195e+02 5.7365100098e+02 5.7341302490e+02 5.7345098877e+02 5.7346002197e+02 5.7346301270e+02 5.7346301270e+02 5.7347100830e+02 5.7346502686e+02 5.7345697021e+02 5.7345599365e+02 5.7345300293e+02 5.7345001221e+02 5.7345202637e+02
5.7139398193e+02 5.7139801025e+02 5.7140698242e+02 5.7141699219e+02 5.7142102051e+02 5.7142102051e+02 5.7141497803e+02 5.7140399170e+02 5.7139099121e+02 5.7137298584e+02 5.7135101318e+02 5.7130798340e+02 5.7129302979e+02 5.7130200195e+02 5.7130902100e+02 5.7129400635e+02 5.7131500244e+02 5.7130200195e+02 5.7107800293e+02 5.7062200928e+02 5.7037799072e+02 5.7033001709e+02 5.7039801025e+02 5.7044396973e+02 5.7043499756e+02 5.7039501953e+02 5.7035699463e+02 5.7037902832e+02 5.7033300781e+02 5.7032000732e+02 5.7023101807e+02 5.7100598145e+02 5.7261401367e+02 5.7352801514e+02 5.7348999023e+02 5.7345397949e+02 5.7346099854e+02 5.7346099854e+02 5.7345898438e+02 5.7346398926e+02 5.7346197510e+02 5.7345697021e+02 5.7345599365e+02 5.7344897461e+02 5.7344500732e+02 5.7344799805e+02
5.7139501953e+02 5.7140002441e+02 5.7140802002e+02 5.7141497803e+02 5.7141601563e+02 5.7141302490e+02 5.7140502930e+02 5.7139599609e+02 5.7138299561e+02 5.7136499023e+02 5.7134002686e+02 5.7129901123e+02 5.7128601074e+02 5.7129602051e+02 5.7130798340e+02 5.7128802490e+02 5.7128802490e+02 5.7131597900e+02 5.7126300049e+02 5.7092700195e+02 5.7055499268e+02 5.7027600098e+02 5.7028900146e+02 5.7040698242e+02 5.7040502930e+02 5.7037200928e+02 5.7033898926e+02 5.7037701416e+02 5.7035797119e+02 5.7034100342e+02 5.7026800537e+02 5.7039501953e+02 5.7163500977e+02 5.7291302490e+02 5.7351702881e+02 5.7345800781e+02 5.7346301270e+02 5.7346099854e+02 5.7345898438e+02 5.7346502686e+02 5.7346197510e+02 5.7345800781e+02 5.7345599365e+02 5.7344799805e+02 5.7344201660e+02 5.7344500732e+02
5.7138897705e+02 5.7139202881e+02 5.7139801025e+02 5.7140802002e+02 5.7140502930e+02 5.7140100098e+02 5.7139001465e+02 5.7138397217e+02 5.7137200928e+02 5.7135900879e+02 5.7133599854e+02 5.7130401611e+02 5.7129101563e+02 5.7128802490e+02 5.7129199219e+02 5.7128698730e+02 5.7127600098e+02 5.7128302002e+02 5.7129901123e+02 5.7128302002e+02 5.7097601318e+02 5.7043298340e+02 5.6990399170e+02 5.7019201660e+02 5.7020202637e+02 5.7023999023e+02 5.7029901123e+02 5.7033099365e+02 5.7033502197e+02 5.7033599854e+02 5.7029199219e+02 5.7030999756e+02 5.7098602295e+02 5.7200402832e+02 5.7315002441e+02 5.7348797607e+02 5.7349102783e+02 5.7342297363e+02 5.7345501709e+02 5.7346099854e+02 5.7345800781e+02 5.7345397949e+02 5.7346600342e+02 5.7342602539e+02 5.7341900635e+02 5.7346997070e+02
5.7138800049e+02 5.7138897705e+02 5.7139697266e+02 5.7140002441e+02 5.7139599609e+02 5.7139099121e+02 5.7138397217e+02 5.7137402344e+02 5.7136401367e+02 5.7135400391e+02 5.7134100342e+02 5.7132000732e+02 5.7130603027e+02 5.7129498291e+02 5.7128900146e+02 5.7128302002e+02 5.7127697754e+02 5.7127301025e+02 5.7127001953e+02 5.7135400391e+02 5.7127301025e+02 5.7084698486e+02 5.7017498779e+02 5.7001000977e+02 5.6990502930e+02 5.6996502686e+02 5.7023901367e+02 5.7032702637e+02 5.7033197021e+02 5.7033398438e+02 5.7031402588e+02 5.7018902588e+02 5.7056701660e+02 5.7127600098e+02 5.7209002686e+02 5.7320898438e+02 5.7363598633e+02 5.7350500488e+02 5.7343200684e+02 5.7345697021e+02 5.7345599365e+02 5.7345300293e+02 5.7341900635e+02 5.7344299316e+02 5.7354400635e+02 5.7356097412e+02
5.7139599609e+02 5.7139501953e+02 5.7139801025e+02 5.7139697266e+02 5.7139300537e+02 5.7138800049e+02 5.7138000488e+02 5.7136999512e+02 5.7136102295e+02 5.7135101318e+02 5.7134399414e+02 5.7132800293e+02 5.7131097412e+02 5.7129699707e+02 5.7128601074e+02 5.7127697754e+02 5.7127001953e+02 5.7126397705e+02 5.7121002197e+02 5.7128497314e+02 5.7137200928e+02 5.7117999268e+02 5.7056402588e+02 5.7012200928e+02 5.6983001709e+02 5.6977697754e+02 5.7014599609e+02 5.7031896973e+02 5.7031597900e+02 5.7032299805e+02 5.7034399414e+02 5.7026098633e+02 5.7031402588e+02 5.7049499512e+02 5.7108898926e+02 5.7268103027e+02 5.7355102539e+02 5.7359997559e+02 5.7341601563e+02 5.7345599365e+02 5.7345501709e+02 5.7344897461e+02 5.7345397949e+02 5.7357202148e+02 5.7349902344e+02 5.7310998535e+02
5.7140399170e+02 5.7140002441e+02 5.7140002441e+02 5.7139697266e+02 5.7139202881e+02 5.7138702393e+02 5.7137902832e+02 5.7136798096e+02 5.7135900879e+02 5.7134997559e+02 5.7134497070e+02 5.7133099365e+02 5.7131298828e+02 5.7129602051e+02 5.7128302002e+02 5.7127301025e+02 5.7126300049e+02 5.7125598145e+02 5.7115100098e+02 5.7115600586e+02 5.7134698486e+02 5.7138000488e+02 5.7096997070e+02 5.7037402344e+02 5.6989599609e+02 5.6968798828e+02 5.7006402588e+02 5.7030902100e+02 5.7030200195e+02 5.7031402588e+02 5.7032702637e+02 5.7033697510e+02 5.7033300781e+02 5.7026000977e+02 5.7068798828e+02 5.7175299072e+02 5.7298101807e+02 5.7354699707e+02 5.7344598389e+02 5.7345898438e+02 5.7345397949e+02 5.7344500732e+02 5.7349700928e+02 5.7329998779e+02 5.7275201416e+02 5.7207202148e+02
5.7140997314e+02 5.7140197754e+02 5.7139697266e+02 5.7139898682e+02 5.7139300537e+02 5.7138702393e+02 5.7138098145e+02 5.7136999512e+02 5.7136102295e+02 5.7135198975e+02 5.7134399414e+02 5.7133001709e+02 5.7131298828e+02 5.7129498291e+02 5.7127398682e+02 5.7126800537e+02 5.7126300049e+02 5.7126599121e+02 5.7128100586e+02 5.7117498779e+02 5.7128900146e+02 5.7137597656e+02 5.7128900146e+02 5.7075097656e+02 5.7017297363e+02 5.6980700684e+02 5.7007202148e+02 5.7030603027e+02 5.7029699707e+02 5.7030200195e+02 5.7031701660e+02 5.7034997559e+02 5.7037902832e+02 5.7031799316e+02 5.7030999756e+02 5.7059802246e+02 5.7209301758e+02 5.7347698975e+02 5.7345898438e+02 5.7347802734e+02 5.7352899170e+02 5.7351501465e+02 5.7337799072e+02 5.7246002197e+02 5.7163299561e+02 5.7126300049e+02
5.7142297363e+02 5.7141101074e+02 5.7140802002e+02 5.7140502930e+02 5.7139599609e+02 5.7138800049e+02 5.7138098145e+02 5.7137097168e+02 5.7136102295e+02 5.7135198975e+02 5.7134002686e+02 5.7132598877e+02 5.7131097412e+02 5.7129302979e+02 5.7126898193e+02 5.7126000977e+02 5.7126397705e+02 5.7127697754e+02 5.7128802490e+02 5.7132098389e+02 5.7133197021e+02 5.7132702637e+02 5.7137200928e+02 5.7117102051e+02 5.7067199707e+02 5.7015301514e+02 5.7012500000e+02 5.7031298828e+02 5.7030102539e+02 5.7028601074e+02 5.7029699707e+02 5.7033001709e+02 5.7036499023e+02 5.7037298584e+02 5.7034301758e+02 5.7038500977e+02 5.7163299561e+02 5.7293103027e+02 5.7250701904e+02 5.7318798828e+02 5.7353601074e+02 5.7294097900e+02 5.7208801270e+02 5.7148101807e+02 5.7121197510e+02 5.7121697998e+02
5.7143798828e+02 5.7142602539e+02 5.7141802979e+02 5.7140997314e+02 5.7140002441e+02 5.7139001465e+02 5.7138201904e+02 5.7137097168e+02 5.7136102295e+02 5.7134997559e+02 5.7133697510e+02 5.7132299805e+02 5.7130798340e+02 5.7129101563e+02 5.7126599121e+02 5.7125701904e+02 5.7126397705e+02 5.7128100586e+02 5.7129998779e+02 5.7133398438e+02 5.7133599854e+02 5.7132202148e+02 5.7137097168e+02 5.7138800049e+02 5.7103302002e+02 5.7047802734e+02 5.7015899658e+02 5.7026300049e+02 5.7029199219e+02 5.7029199219e+02 5.7029302979e+02 5.7032299805e+02 5.7034997559e+02 5.7035699463e+02 5.7036602783e+02 5.7032299805e+02 5.7111102295e+02 5.7212701416e+02 5.7183599854e+02 5.7240698242e+02 5.7243499756e+02 5.7171002197e+02 5.7130902100e+02 5.7125402832e+02 5.7124200439e+02 5.7134002686e+02
5.7145098877e+02 5.7143798828e+02 5.7142700195e+02 5.7141497803e+02 5.7140301514e+02 5.7139202881e+02 5.7138098145e+02 5.7137097168e+02 5.7135900879e+02 5.7134899902e+02 5.7133502197e+02 5.7132202148e+02 5.7130798340e+02 5.7129101563e+02 5.7126702881e+02 5.7125799561e+02 5.7126800537e+02 5.7128601074e+02 5.7130902100e+02 5.7133099365e+02 5.7133099365e+02 5.7132299805e+02 5.7132598877e+02 5.7140997314e+02 5.7121997070e+02 5.7074902344e+02 5.7025701904e+02 5.7019799805e+02 5.7025299072e+02 5.7029302979e+02 5.7029400635e+02 5.7031402588e+02 5.7033197021e+02 5.7034600830e+02 5.7038201904e+02 5.7029699707e+02 5.7067999268e+02 5.7154699707e+02 5.7169097900e+02 5.7167401123e+02 5.7141998291e+02 5.7115600586e+02 5.7126000977e+02 5.7128601074e+02 5.7133697510e+02 5.7153302002e+02
5.7146502686e+02 5.7144897461e+02 5.7143402100e+02 5.7142102051e+02 5.7140698242e+02 5.7139300537e+02 5.7138000488e+02 5.7136700439e+02 5.7135498047e+02 5.7134399414e+02 5.7133801270e+02 5.7132702637e+02 5.7131298828e+02 5.7129602051e+02 5.7126599121e+02 5.7125500488e+02 5.7126898193e+02 5.7128900146e+02 5.7130798340e+02 5.7131402588e+02 5.7132397461e+02 5.7133197021e+02 5.7133801270e+02 5.7138397217e+02 5.7137701416e+02 5.7113897705e+02 5.7061700439e+02 5.7021398926e+02 5.7022601318e+02 5.7031402588e+02 5.7030603027e+02 5.7032598877e+02 5.7033099365e+02 5.7034197998e+02 5.7035900879e+02 5.7035101318e+02 5.7051898193e+02 5.7108697510e+02 5.7155297852e+02 5.7112799072e+02 5.7121600342e+02 5.7131799316e+02 5.7130200195e+02 5.7132397461e+02 5.7148297119e+02 5.7181597900e+02
5.7147100830e+02 5.7145300293e+02 5.7143902588e+02 5.7142498779e+02 5.7140899658e+02 5.7139300537e+02 5.7137799072e+02 5.7136297607e+02 5.7135101318e+02 5.7134100342e+02 5.7133599854e+02 5.7133099365e+02 5.7131896973e+02 5.7130401611e+02 5.7127600098e+02 5.7126098633e+02 5.7127301025e+02 5.7129400635e+02 5.7130999756e+02 5.7131597900e+02 5.7132598877e+02 5.7133801270e+02 5.7134301758e+02 5.7131701660e+02 5.7135101318e+02 5.7145501709e+02 5.7118798828e+02 5.7036499023e+02 5.7015899658e+02 5.7025897217e+02 5.7029901123e+02 5.7030102539e+02 5.7029797363e+02 5.7032897949e+02 5.7039898682e+02 5.7059301758e+02 5.7084899902e+02 5.7107800293e+02 5.7123602295e+02 5.7119097900e+02 5.7130401611e+02 5.7133001709e+02 5.7142297363e+02 5.7174902344e+02 5.7197302246e+02 5.7215502930e+02
5.7147497559e+02 5.7145800781e+02 5.7144299316e+02 5.7142700195e+02 5.7140899658e+02 5.7139202881e+02 5.7137402344e+02 5.7135900879e+02 5.7134698486e+02 5.7133697510e+02 5.7133300781e+02 5.7132897949e+02 5.7131896973e+02 5.7130700684e+02 5.7128802490e+02 5.7127502441e+02 5.7128198242e+02 5.7129998779e+02 5.7131896973e+02 5.7133001709e+02 5.7133099365e+02 5.7133697510e+02 5.7134802246e+02 5.7132098389e+02 5.7130999756e+02 5.7140399170e+02 5.7141900635e+02 5.7066998291e+02 5.7021697998e+02 5.7020300293e+02 5.7030700684e+02 5.7036102295e+02 5.7050701904e+02 5.7066802979e+02 5.7077502441e+02 5.7104797363e+02 5.7130297852e+02 5.7141497803e+02 5.7134997559e+02 5.7131298828e+02 5.7139599609e+02 5.7152502441e+02 5.7175299072e+02 5.7216601563e+02 5.7239099121e+02 5.7249700928e+02
5.7147998047e+02 5.7146197510e+02 5.7144598389e+02 5.7142797852e+02 5.7140899658e+02 5.7138897705e+02 5.7136999512e+02 5.7135302734e+02 5.7134100342e+02 5.7133197021e+02 5.7132702637e+02 5.7132299805e+02 5.7131701660e+02 5.7130798340e+02 5.7129498291e+02 5.7128399658e+02 5.7128601074e+02 5.7129797363e+02 5.7131896973e+02 5.7133300781e+02 5.7132897949e+02 5.7132897949e+02 5.7134497070e+02 5.7134899902e+02 5.7134399414e+02 5.7135699463e+02 5.7142297363e+02 5.7110400391e+02 5.7069500732e+02 5.7059698486e+02 5.7066998291e+02 5.7078198242e+02 5.7101702881e+02 5.7120098877e+02 5.7122802734e+02 5.7129901123e+02 5.7133001709e+02 5.7134002686e+02 5.7132702637e+02 5.7134698486e+02 5.7153497314e+02 5.7185400391e+02 5.7212902832e+02 5.7241101074e+02 5.7259002686e+02 5.7266802979e+02
