TESTSERVER/6/12.asc
NCOLS 100
NROWS 100
XLLCORNER 7.7997500000e+03
YLLCORNER 2.8935025000e+05
CELLSIZE 5.0000000000e-01
NODATA_VALUE -9.9990000000e+03
[rows 60 to 79 of 100, columns 0 to 45 of 100]
5.6539202881e+02 5.6544897461e+02 5.6546502686e+02 5.6549200439e+02 5.6556201172e+02 5.6561700439e+02 5.6566400146e+02 5.6569799805e+02 5.6570800781e+02 5.6570501709e+02 5.6569396973e+02 5.6568499756e+02 5.6569201660e+02 5.6570001221e+02 5.6572198486e+02 5.6573797607e+02 5.6574902344e+02 5.6573602295e+02 5.6572399902e+02 5.6571398926e+02 5.6570599365e+02 5.6571502686e+02 5.6569097900e+02 5.6567199707e+02 5.6579699707e+02 5.6641900635e+02 5.6654498291e+02 5.6647900391e+02 5.6646801758e+02 5.6648999023e+02 5.6649798584e+02 5.6648498535e+02 5.6644702148e+02 5.6637500000e+02 5.6637902832e+02 5.6638397217e+02 5.6637701416e+02 5.6638000488e+02 5.6638000488e+02 5.6637799072e+02 5.6638000488e+02 5.6633599854e+02 5.6629199219e+02 5.6626300049e+02 5.6630297852e+02 5.6624298096e+02
5.6529101563e+02 5.6541900635e+02 5.6546197510e+02 5.6549200439e+02 5.6555297852e+02 5.6560400391e+02 5.6564599609e+02 5.6567602539e+02 5.6569201660e+02 5.6569897461e+02 5.6569897461e+02 5.6569396973e+02 5.6568402100e+02 5.6569201660e+02 5.6570300293e+02 5.6571697998e+02 5.6573101807e+02 5.6572802734e+02 5.6571899414e+02 5.6570800781e+02 5.6570202637e+02 5.6570501709e+02 5.6570397949e+02 5.6570300293e+02 5.6566699219e+02 5.6598498535e+02 5.6641998291e+02 5.6653497314e+02 5.6647497559e+02 5.6649798584e+02 5.6650500488e+02 5.6650097656e+02 5.6647198486e+02 5.6640100098e+02 5.6636901855e+02 5.6636602783e+02 5.6637298584e+02 5.6636602783e+02 5.6636297607e+02 5.6635998535e+02 5.6636401367e+02 5.6636602783e+02 5.6636199951e+02 5.6635198975e+02 5.6633801270e+02 5.6629797363e+02
5.6521997070e+02 5.6538000488e+02 5.6546600342e+02 5.6548901367e+02 5.6552899170e+02 5.6558502197e+02 5.6562799072e+02 5.6565698242e+02 5.6567797852e+02 5.6569201660e+02 5.6569500732e+02 5.6569097900e+02 5.6567999268e+02 5.6568200684e+02 5.6569097900e+02 5.6570300293e+02 5.6571801758e+02 5.6572302246e+02 5.6571801758e+02 5.6570898438e+02 5.6570300293e+02 5.6570397949e+02 5.6570300293e+02 5.6570202637e+02 5.6567199707e+02 5.6575402832e+02 5.6619702148e+02 5.6653997803e+02 5.6651300049e+02 5.6650201416e+02 5.6650500488e+02 5.6650402832e+02 5.6647302246e+02 5.6642498779e+02 5.6637597656e+02 5.6634802246e+02 5.6635998535e+02 5.6635302734e+02 5.6634899902e+02 5.6634698486e+02 5.6634497070e+02 5.6635198975e+02 5.6636102295e+02 5.6636499023e+02 5.6636499023e+02 5.6632501221e+02
5.6518902588e+02 5.6531799316e+02 5.6544702148e+02 5.6549102783e+02 5.6551202393e+02 5.6557098389e+02 5.6561499023e+02 5.6564697266e+02 5.6566802979e+02 5.6568402100e+02 5.6569000244e+02 5.6568902588e+02 5.6567797852e+02 5.6567700195e+02 5.6568499756e+02 5.6569598389e+02 5.6571197510e+02 5.6572399902e+02 5.6572399902e+02 5.6571697998e+02 5.6570599365e+02 5.6570300293e+02 5.6570202637e+02 5.6570098877e+02 5.6570697021e+02 5.6565502930e+02 5.6581896973e+02 5.6625201416e+02 5.6651098633e+02 5.6649401855e+02 5.6649200439e+02 5.6648699951e+02 5.6646099854e+02 5.6644396973e+02 5.6640997314e+02 5.6635699463e+02 5.6633898926e+02 5.6633697510e+02 5.6633599854e+02 5.6633398438e+02 5.6632501221e+02 5.6633300781e+02 5.6634899902e+02 5.6636199951e+02 5.6636499023e+02 5.6633099365e+02
5.6517199707e+02 5.6524902344e+02 5.6539099121e+02 5.6549499512e+02 5.6552801514e+02 5.6555798340e+02 5.6559997559e+02 5.6563897705e+02 5.6568200684e+02 5.6568701172e+02 5.6569000244e+02 5.6569299316e+02 5.6570001221e+02 5.6568798828e+02 5.6569598389e+02 5.6570697021e+02 5.6573498535e+02 5.6573797607e+02 5.6574102783e+02 5.6573901367e+02 5.6573699951e+02 5.6570599365e+02 5.6569799805e+02 5.6569500732e+02 5.6570202637e+02 5.6566998291e+02 5.6560797119e+02 5.6587701416e+02 5.6644702148e+02 5.6651300049e+02 5.6647900391e+02 5.6646997070e+02 5.6647100830e+02 5.6646002197e+02 5.6644000244e+02 5.6638299561e+02 5.6631701660e+02 5.6632202148e+02 5.6633197021e+02 5.6633300781e+02 5.6631298828e+02 5.6632000732e+02 5.6633001709e+02 5.6633197021e+02 5.6632702637e+02 5.6631097412e+02
5.6516497803e+02 5.6519799805e+02 5.6530798340e+02 5.6545098877e+02 5.6556298828e+02 5.6559802246e+02 5.6561999512e+02 5.6564599609e+02 5.6567797852e+02 5.6568597412e+02 5.6568701172e+02 5.6569201660e+02 5.6569500732e+02 5.6569598389e+02 5.6570599365e+02 5.6571801758e+02 5.6573797607e+02 5.6575299072e+02 5.6576300049e+02 5.6577001953e+02 5.6577001953e+02 5.6574200439e+02 5.6571502686e+02 5.6569500732e+02 5.6569396973e+02 5.6570397949e+02 5.6566802979e+02 5.6571600342e+02 5.6608898926e+02 5.6647100830e+02 5.6651300049e+02 5.6646099854e+02 5.6646398926e+02 5.6645202637e+02 5.6644897461e+02 5.6642498779e+02 5.6634100342e+02 5.6625598145e+02 5.6628100586e+02 5.6632800293e+02 5.6632000732e+02 5.6631896973e+02 5.6632397461e+02 5.6631201172e+02 5.6630102539e+02 5.6628698730e+02
5.6518298340e+02 5.6524401855e+02 5.6535400391e+02 5.6551000977e+02 5.6564001465e+02 5.6565600586e+02 5.6565502930e+02 5.6566101074e+02 5.6566400146e+02 5.6566101074e+02 5.6566601563e+02 5.6567297363e+02 5.6567700195e+02 5.6568103027e+02 5.6569201660e+02 5.6570599365e+02 5.6572802734e+02 5.6575097656e+02 5.6576800537e+02 5.6578100586e+02 5.6579797363e+02 5.6578002930e+02 5.6574499512e+02 5.6571197510e+02 5.6569201660e+02 5.6569897461e+02 5.6569799805e+02 5.6566497803e+02 5.6572698975e+02 5.6623297119e+02 5.6651098633e+02 5.6649597168e+02 5.6646301270e+02 5.6645800781e+02 5.6645898438e+02 5.6645202637e+02 5.6639099121e+02 5.6626599121e+02 5.6626000977e+02 5.6630603027e+02 5.6631298828e+02 5.6631402588e+02 5.6631701660e+02 5.6630102539e+02 5.6629101563e+02 5.6628399658e+02
5.6525897217e+02 5.6539501953e+02 5.6552600098e+02 5.6567297363e+02 5.6573901367e+02 5.6569097900e+02 5.6566802979e+02 5.6565399170e+02 5.6563098145e+02 5.6562097168e+02 5.6562902832e+02 5.6563897705e+02 5.6564501953e+02 5.6565002441e+02 5.6566400146e+02 5.6567901611e+02 5.6570397949e+02 5.6573498535e+02 5.6575799561e+02 5.6577697754e+02 5.6580798340e+02 5.6580603027e+02 5.6577197266e+02 5.6573498535e+02 5.6569702148e+02 5.6567602539e+02 5.6570202637e+02 5.6569702148e+02 5.6562597656e+02 5.6591699219e+02 5.6636102295e+02 5.6652301025e+02 5.6647399902e+02 5.6647497559e+02 5.6646398926e+02 5.6646002197e+02 5.6644000244e+02 5.6635198975e+02 5.6630999756e+02 5.6630603027e+02 5.6630700684e+02 5.6631597900e+02 5.6631701660e+02 5.6629797363e+02 5.6628997803e+02 5.6628698730e+02
5.6549298096e+02 5.6563201904e+02 5.6577001953e+02 5.6584899902e+02 5.6581701660e+02 5.6570397949e+02 5.6564398193e+02 5.6559600830e+02 5.6555200195e+02 5.6556896973e+02 5.6557397461e+02 5.6558001709e+02 5.6558001709e+02 5.6560101318e+02 5.6561602783e+02 5.6563500977e+02 5.6565301514e+02 5.6568902588e+02 5.6571697998e+02 5.6574298096e+02 5.6576501465e+02 5.6579400635e+02 5.6577899170e+02 5.6575402832e+02 5.6572100830e+02 5.6568701172e+02 5.6569097900e+02 5.6570697021e+02 5.6568902588e+02 5.6566497803e+02 5.6606201172e+02 5.6647100830e+02 5.6649597168e+02 5.6648999023e+02 5.6647900391e+02 5.6645697021e+02 5.6644097900e+02 5.6641601563e+02 5.6638201904e+02 5.6634399414e+02 5.6630902100e+02 5.6631500244e+02 5.6631500244e+02 5.6629400635e+02 5.6627801514e+02 5.6628997803e+02
5.6553698730e+02 5.6575097656e+02 5.6586602783e+02 5.6586199951e+02 5.6572399902e+02 5.6561700439e+02 5.6556500244e+02 5.6551800537e+02 5.6548901367e+02 5.6549597168e+02 5.6550000000e+02 5.6550402832e+02 5.6550897217e+02 5.6552398682e+02 5.6554302979e+02 5.6556701660e+02 5.6559698486e+02 5.6563000488e+02 5.6565899658e+02 5.6568701172e+02 5.6572601318e+02 5.6575500488e+02 5.6575598145e+02 5.6574597168e+02 5.6572601318e+02 5.6570697021e+02 5.6569598389e+02 5.6569396973e+02 5.6570397949e+02 5.6565002441e+02 5.6576000977e+02 5.6615502930e+02 5.6649499512e+02 5.6648602295e+02 5.6647998047e+02 5.6646801758e+02 5.6645300293e+02 5.6643298340e+02 5.6642199707e+02 5.6640100098e+02 5.6635699463e+02 5.6632800293e+02 5.6632501221e+02 5.6631500244e+02 5.6630297852e+02 5.6632000732e+02
5.6533599854e+02 5.6558898926e+02 5.6571398926e+02 5.6571002197e+02 5.6555297852e+02 5.6546502686e+02 5.6544799805e+02 5.6542901611e+02 5.6540899658e+02 5.6540997314e+02 5.6541998291e+02 5.6542901611e+02 5.6543597412e+02 5.6545202637e+02 5.6547601318e+02 5.6550500488e+02 5.6554199219e+02 5.6558001709e+02 5.6561102295e+02 5.6564099121e+02 5.6568200684e+02 5.6571899414e+02 5.6572900391e+02 5.6572601318e+02 5.6571801758e+02 5.6571197510e+02 5.6570300293e+02 5.6569598389e+02 5.6570397949e+02 5.6567297363e+02 5.6563000488e+02 5.6588201904e+02 5.6638702393e+02 5.6648999023e+02 5.6648602295e+02 5.6645697021e+02 5.6644598389e+02 5.6642797852e+02 5.6642797852e+02 5.6642102051e+02 5.6639202881e+02 5.6636798096e+02 5.6637799072e+02 5.6638800049e+02 5.6638702393e+02 5.6641998291e+02
5.6489697266e+02 5.6520501709e+02 5.6536102295e+02 5.6539801025e+02 5.6530999756e+02 5.6528100586e+02 5.6530102539e+02 5.6531500244e+02 5.6531402588e+02 5.6531701660e+02 5.6533300781e+02 5.6534802246e+02 5.6536102295e+02 5.6538500977e+02 5.6541400146e+02 5.6544702148e+02 5.6549102783e+02 5.6553100586e+02 5.6556201172e+02 5.6559301758e+02 5.6563500977e+02 5.6567700195e+02 5.6569299316e+02 5.6569799805e+02 5.6569598389e+02 5.6570599365e+02 5.6570800781e+02 5.6570397949e+02 5.6569799805e+02 5.6570697021e+02 5.6565100098e+02 5.6571502686e+02 5.6602697754e+02 5.6634301758e+02 5.6648101807e+02 5.6645697021e+02 5.6643701172e+02 5.6642498779e+02 5.6642700195e+02 5.6642700195e+02 5.6640899658e+02 5.6640197754e+02 5.6642102051e+02 5.6644201660e+02 5.6645697021e+02 5.6648400879e+02
5.6430102539e+02 5.6460400391e+02 5.6476098633e+02 5.6488299561e+02 5.6489398193e+02 5.6503302002e+02 5.6511602783e+02 5.6518103027e+02 5.6520501709e+02 5.6521697998e+02 5.6524902344e+02 5.6527697754e+02 5.6529602051e+02 5.6532000732e+02 5.6535998535e+02 5.6540002441e+02 5.6543798828e+02 5.6547998047e+02 5.6551599121e+02 5.6554998779e+02 5.6557800293e+02 5.6561297607e+02 5.6563702393e+02 5.6565502930e+02 5.6567297363e+02 5.6569201660e+02 5.6570898438e+02 5.6571502686e+02 5.6571002197e+02 5.6570202637e+02 5.6567999268e+02 5.6565301514e+02 5.6571301270e+02 5.6605700684e+02 5.6641699219e+02 5.6647900391e+02 5.6638201904e+02 5.6641900635e+02 5.6642102051e+02 5.6642498779e+02 5.6642199707e+02 5.6642901611e+02 5.6644799805e+02 5.6646398926e+02 5.6648797607e+02 5.6652398682e+02
5.6404602051e+02 5.6415802002e+02 5.6427197266e+02 5.6442297363e+02 5.6462402344e+02 5.6478997803e+02 5.6490899658e+02 5.6500402832e+02 5.6506799316e+02 5.6511499023e+02 5.6516400146e+02 5.6520697021e+02 5.6523297119e+02 5.6527099609e+02 5.6531799316e+02 5.6536199951e+02 5.6540100098e+02 5.6544500732e+02 5.6548602295e+02 5.6552197266e+02 5.6554400635e+02 5.6556201172e+02 5.6558898926e+02 5.6561499023e+02 5.6565197754e+02 5.6569097900e+02 5.6571301270e+02 5.6572802734e+02 5.6572497559e+02 5.6571502686e+02 5.6569000244e+02 5.6566900635e+02 5.6568499756e+02 5.6587097168e+02 5.6625598145e+02 5.6647399902e+02 5.6642797852e+02 5.6642297363e+02 5.6643200684e+02 5.6643902588e+02 5.6643200684e+02 5.6643499756e+02 5.6646099854e+02 5.6648498535e+02 5.6651898193e+02 5.6656201172e+02
5.6388598633e+02 5.6391900635e+02 5.6402899170e+02 5.6418103027e+02 5.6442199707e+02 5.6462701416e+02 5.6475402832e+02 5.6485998535e+02 5.6495202637e+02 5.6502697754e+02 5.6508502197e+02 5.6513598633e+02 5.6517797852e+02 5.6522601318e+02 5.6527502441e+02 5.6531896973e+02 5.6536401367e+02 5.6541198730e+02 5.6545300293e+02 5.6548901367e+02 5.6551202393e+02 5.6553100586e+02 5.6555798340e+02 5.6558502197e+02 5.6562597656e+02 5.6567401123e+02 5.6570397949e+02 5.6572900391e+02 5.6573498535e+02 5.6572998047e+02 5.6570898438e+02 5.6567999268e+02 5.6567797852e+02 5.6571002197e+02 5.6598400879e+02 5.6633099365e+02 5.6649102783e+02 5.6645202637e+02 5.6643701172e+02 5.6644396973e+02 5.6644897461e+02 5.6645800781e+02 5.6648797607e+02 5.6651300049e+02 5.6654699707e+02 5.6660101318e+02
5.6380999756e+02 5.6380902100e+02 5.6390997314e+02 5.6405603027e+02 5.6429602051e+02 5.6450897217e+02 5.6464300537e+02 5.6475598145e+02 5.6486199951e+02 5.6495300293e+02 5.6502001953e+02 5.6507897949e+02 5.6513201904e+02 5.6518402100e+02 5.6523297119e+02 5.6527899170e+02 5.6532598877e+02 5.6537799072e+02 5.6541900635e+02 5.6545599365e+02 5.6547998047e+02 5.6550097656e+02 5.6552899170e+02 5.6555603027e+02 5.6559600830e+02 5.6564599609e+02 5.6568298340e+02 5.6571697998e+02 5.6574102783e+02 5.6574597168e+02 5.6572601318e+02 5.6568798828e+02 5.6568798828e+02 5.6563800049e+02 5.6570898438e+02 5.6603198242e+02 5.6644097900e+02 5.6646697998e+02 5.6643798828e+02 5.6644299316e+02 5.6647802734e+02 5.6650299072e+02 5.6653100586e+02 5.6655200195e+02 5.6658599854e+02 5.6665399170e+02
5.6380499268e+02 5.6383898926e+02 5.6393499756e+02 5.6405200195e+02 5.6424102783e+02 5.6444500732e+02 5.6458300781e+02 5.6470898438e+02 5.6483197021e+02 5.6489001465e+02 5.6496197510e+02 5.6502600098e+02 5.6507202148e+02 5.6514001465e+02 5.6519500732e+02 5.6524798584e+02 5.6530102539e+02 5.6533599854e+02 5.6537799072e+02 5.6541699219e+02 5.6544702148e+02 5.6547497559e+02 5.6550500488e+02 5.6553302002e+02 5.6555798340e+02 5.6560101318e+02 5.6564697266e+02 5.6569097900e+02 5.6573297119e+02 5.6576300049e+02 5.6574700928e+02 5.6570898438e+02 5.6568902588e+02 5.6569500732e+02 5.6564300537e+02 5.6574700928e+02 5.6615899658e+02 5.6646099854e+02 5.6648199463e+02 5.6645397949e+02 5.6652697754e+02 5.6656097412e+02 5.6658801270e+02 5.6660900879e+02 5.6664697266e+02 5.6671398926e+02
5.6382897949e+02 5.6394396973e+02 5.6403900146e+02 5.6413598633e+02 5.6428002930e+02 5.6445001221e+02 5.6457397461e+02 5.6469598389e+02 5.6480200195e+02 5.6486499023e+02 5.6493103027e+02 5.6498999023e+02 5.6504400635e+02 5.6510400391e+02 5.6515997314e+02 5.6521600342e+02 5.6525799561e+02 5.6528997803e+02 5.6533300781e+02 5.6537701416e+02 5.6541601563e+02 5.6544702148e+02 5.6547698975e+02 5.6550299072e+02 5.6552398682e+02 5.6556402588e+02 5.6561199951e+02 5.6565899658e+02 5.6572198486e+02 5.6576599121e+02 5.6574200439e+02 5.6570001221e+02 5.6566998291e+02 5.6567602539e+02 5.6567401123e+02 5.6563397217e+02 5.6588000488e+02 5.6634197998e+02 5.6653100586e+02 5.6649401855e+02 5.6651501465e+02 5.6660198975e+02 5.6664599609e+02 5.6667297363e+02 5.6671398926e+02 5.6678302002e+02
5.6390802002e+02 5.6403802490e+02 5.6412402344e+02 5.6421301270e+02 5.6433001709e+02 5.6446197510e+02 5.6457000732e+02 5.6467700195e+02 5.6477899170e+02 5.6484802246e+02 5.6491101074e+02 5.6496801758e+02 5.6501800537e+02 5.6507299805e+02 5.6512500000e+02 5.6517602539e+02 5.6521697998e+02 5.6525402832e+02 5.6529998779e+02 5.6534497070e+02 5.6538897705e+02 5.6541998291e+02 5.6544702148e+02 5.6547100830e+02 5.6548901367e+02 5.6552801514e+02 5.6557501221e+02 5.6562298584e+02 5.6569500732e+02 5.6574401855e+02 5.6571997070e+02 5.6567999268e+02 5.6565002441e+02 5.6563897705e+02 5.6565100098e+02 5.6561401367e+02 5.6567602539e+02 5.6608898926e+02 5.6647497559e+02 5.6658001709e+02 5.6654797363e+02 5.6664099121e+02 5.6670098877e+02 5.6673199463e+02 5.6677600098e+02 5.6684002686e+02
5.6404602051e+02 5.6414697266e+02 5.6421997070e+02 5.6429699707e+02 5.6438702393e+02 5.6448602295e+02 5.6457800293e+02 5.6466900635e+02 5.6476397705e+02 5.6483502197e+02 5.6489599609e+02 5.6494897461e+02 5.6499499512e+02 5.6504302979e+02 5.6509100342e+02 5.6513897705e+02 5.6518103027e+02 5.6522302246e+02 5.6527099609e+02 5.6531799316e+02 5.6536602783e+02 5.6539599609e+02 5.6541998291e+02 5.6544097900e+02 5.6545300293e+02 5.6548498535e+02 5.6553100586e+02 5.6557800293e+02 5.6564697266e+02 5.6569299316e+02 5.6568103027e+02 5.6565899658e+02 5.6564398193e+02 5.6562298584e+02 5.6563201904e+02 5.6563000488e+02 5.6562902832e+02 5.6583099365e+02 5.6629199219e+02 5.6660101318e+02 5.6662402344e+02 5.6669396973e+02 5.6676898193e+02 5.6680700684e+02 5.6684497070e+02 5.6689599609e+02
