TESTSERVER/6/12.asc
NCOLS 100
NROWS 100
XLLCORNER 7.7997500000e+03
YLLCORNER 2.8935025000e+05
CELLSIZE 5.0000000000e-01
NODATA_VALUE -9.9990000000e+03
[rows 80 to 99 of 100, columns 46 to 91 of 100]
5.6696697998e+02 5.6701202393e+02 5.6708697510e+02 5.6713598633e+02 5.6716497803e+02 5.6716601563e+02 5.6719299316e+02 5.6720898438e+02 5.6721301270e+02 5.6721997070e+02 5.6722900391e+02 5.6723199463e+02 5.6723400879e+02 5.6723297119e+02 5.6723999023e+02 5.6725701904e+02 5.6728100586e+02 5.6730700684e+02 5.6732098389e+02 5.6734600830e+02 5.6738598633e+02 5.6743200684e+02 5.6747497559e+02 5.6751202393e+02 5.6754797363e+02 5.6756597900e+02 5.6756597900e+02 5.6755603027e+02 5.6757098389e+02 5.6763598633e+02 5.6774200439e+02 5.6776599121e+02 5.6775201416e+02 5.6773699951e+02 5.6770599365e+02 5.6771600342e+02 5.6774200439e+02 5.6780401611e+02 5.6789001465e+02 5.6785601807e+02 5.6795001221e+02 5.6810900879e+02 5.6813201904e+02 5.6808001709e+02 5.6808801270e+02 5.6811700439e+02
5.6699298096e+02 5.6701898193e+02 5.6706701660e+02 5.6709899902e+02 5.6713598633e+02 5.6715698242e+02 5.6718103027e+02 5.6719201660e+02 5.6719201660e+02 5.6720098877e+02 5.6721197510e+02 5.6722302246e+02 5.6723498535e+02 5.6723797607e+02 5.6723999023e+02 5.6725701904e+02 5.6727697754e+02 5.6729901123e+02 5.6731500244e+02 5.6733099365e+02 5.6736602783e+02 5.6741497803e+02 5.6746002197e+02 5.6748199463e+02 5.6750299072e+02 5.6752600098e+02 5.6754797363e+02 5.6756097412e+02 5.6759100342e+02 5.6765100098e+02 5.6773797607e+02 5.6773999023e+02 5.6770202637e+02 5.6768902588e+02 5.6768902588e+02 5.6775701904e+02 5.6785302734e+02 5.6788897705e+02 5.6789099121e+02 5.6784997559e+02 5.6796099854e+02 5.6812402344e+02 5.6809399414e+02 5.6802899170e+02 5.6809100342e+02 5.6815698242e+02
5.6700097656e+02 5.6701300049e+02 5.6704901123e+02 5.6707299805e+02 5.6710601807e+02 5.6713702393e+02 5.6716400146e+02 5.6715899658e+02 5.6715899658e+02 5.6717199707e+02 5.6719500732e+02 5.6722100830e+02 5.6723901367e+02 5.6723602295e+02 5.6723101807e+02 5.6724700928e+02 5.6726300049e+02 5.6728198242e+02 5.6730401611e+02 5.6732702637e+02 5.6736199951e+02 5.6740502930e+02 5.6743701172e+02 5.6744201660e+02 5.6745098877e+02 5.6748999023e+02 5.6754699707e+02 5.6757702637e+02 5.6760601807e+02 5.6764599609e+02 5.6769201660e+02 5.6767199707e+02 5.6765600586e+02 5.6768200684e+02 5.6770898438e+02 5.6784301758e+02 5.6798400879e+02 5.6800097656e+02 5.6795001221e+02 5.6788201904e+02 5.6790399170e+02 5.6798999023e+02 5.6800299072e+02 5.6805700684e+02 5.6820599365e+02 5.6827502441e+02
5.6698199463e+02 5.6699401855e+02 5.6702301025e+02 5.6703802490e+02 5.6706402588e+02 5.6709399414e+02 5.6711700439e+02 5.6711499023e+02 5.6712597656e+02 5.6713702393e+02 5.6716302490e+02 5.6719299316e+02 5.6721398926e+02 5.6721398926e+02 5.6721002197e+02 5.6722302246e+02 5.6723797607e+02 5.6725500488e+02 5.6727502441e+02 5.6730999756e+02 5.6734698486e+02 5.6738098145e+02 5.6740197754e+02 5.6740600586e+02 5.6742401123e+02 5.6748999023e+02 5.6757098389e+02 5.6759899902e+02 5.6760797119e+02 5.6761199951e+02 5.6761499023e+02 5.6760601807e+02 5.6763201904e+02 5.6769000244e+02 5.6771197510e+02 5.6787097168e+02 5.6801501465e+02 5.6799902344e+02 5.6791998291e+02 5.6785797119e+02 5.6783502197e+02 5.6787500000e+02 5.6793902588e+02 5.6809997559e+02 5.6831701660e+02 5.6836901855e+02
5.6693200684e+02 5.6697399902e+02 5.6700299072e+02 5.6701098633e+02 5.6703302002e+02 5.6705102539e+02 5.6705401611e+02 5.6706896973e+02 5.6709497070e+02 5.6710900879e+02 5.6712799072e+02 5.6713800049e+02 5.6715600586e+02 5.6717401123e+02 5.6718701172e+02 5.6719702148e+02 5.6721600342e+02 5.6722900391e+02 5.6723797607e+02 5.6728302002e+02 5.6731701660e+02 5.6734301758e+02 5.6735998535e+02 5.6737799072e+02 5.6742999268e+02 5.6752099609e+02 5.6762298584e+02 5.6762500000e+02 5.6759698486e+02 5.6756097412e+02 5.6755102539e+02 5.6756896973e+02 5.6760797119e+02 5.6765002441e+02 5.6765698242e+02 5.6784600830e+02 5.6795300293e+02 5.6789599609e+02 5.6780999756e+02 5.6782702637e+02 5.6784600830e+02 5.6784899902e+02 5.6786700439e+02 5.6805297852e+02 5.6827697754e+02 5.6833099365e+02
5.6681597900e+02 5.6693701172e+02 5.6696502686e+02 5.6697198486e+02 5.6698901367e+02 5.6701501465e+02 5.6702398682e+02 5.6704302979e+02 5.6706402588e+02 5.6708502197e+02 5.6710601807e+02 5.6711499023e+02 5.6712298584e+02 5.6714300537e+02 5.6716497803e+02 5.6717797852e+02 5.6719598389e+02 5.6721002197e+02 5.6722100830e+02 5.6725897217e+02 5.6728900146e+02 5.6730700684e+02 5.6732800293e+02 5.6737200928e+02 5.6744598389e+02 5.6753399658e+02 5.6760601807e+02 5.6759802246e+02 5.6755700684e+02 5.6752099609e+02 5.6751501465e+02 5.6753601074e+02 5.6755401611e+02 5.6757800293e+02 5.6759497070e+02 5.6771398926e+02 5.6774298096e+02 5.6772399902e+02 5.6777001953e+02 5.6782202148e+02 5.6787597656e+02 5.6787701416e+02 5.6789599609e+02 5.6806201172e+02 5.6823101807e+02 5.6822998047e+02
5.6676898193e+02 5.6690399170e+02 5.6690600586e+02 5.6691699219e+02 5.6694702148e+02 5.6698400879e+02 5.6699798584e+02 5.6701397705e+02 5.6703497314e+02 5.6705603027e+02 5.6708197021e+02 5.6709997559e+02 5.6710498047e+02 5.6711999512e+02 5.6714398193e+02 5.6716497803e+02 5.6718701172e+02 5.6719897461e+02 5.6720599365e+02 5.6722601318e+02 5.6725097656e+02 5.6727099609e+02 5.6730200195e+02 5.6736999512e+02 5.6744897461e+02 5.6751599121e+02 5.6754199219e+02 5.6752301025e+02 5.6748901367e+02 5.6746398926e+02 5.6747698975e+02 5.6749798584e+02 5.6751000977e+02 5.6753399658e+02 5.6756298828e+02 5.6763702393e+02 5.6763598633e+02 5.6767102051e+02 5.6777301025e+02 5.6778900146e+02 5.6784600830e+02 5.6790197754e+02 5.6798602295e+02 5.6811401367e+02 5.6820898438e+02 5.6816198730e+02
5.6679699707e+02 5.6690997314e+02 5.6686102295e+02 5.6688098145e+02 5.6691400146e+02 5.6694598389e+02 5.6696801758e+02 5.6698602295e+02 5.6700701904e+02 5.6702801514e+02 5.6705200195e+02 5.6708001709e+02 5.6709301758e+02 5.6710601807e+02 5.6713000488e+02 5.6716198730e+02 5.6718499756e+02 5.6718701172e+02 5.6718200684e+02 5.6718902588e+02 5.6721502686e+02 5.6724902344e+02 5.6728900146e+02 5.6735900879e+02 5.6742401123e+02 5.6745300293e+02 5.6743597412e+02 5.6742297363e+02 5.6740802002e+02 5.6740698242e+02 5.6743902588e+02 5.6746099854e+02 5.6747198486e+02 5.6750097656e+02 5.6756500244e+02 5.6765002441e+02 5.6765197754e+02 5.6769598389e+02 5.6776202393e+02 5.6774401855e+02 5.6778302002e+02 5.6787799072e+02 5.6802099609e+02 5.6808300781e+02 5.6812200928e+02 5.6807000732e+02
5.6693499756e+02 5.6695501709e+02 5.6685498047e+02 5.6687200928e+02 5.6688201904e+02 5.6689801025e+02 5.6692797852e+02 5.6695800781e+02 5.6698199463e+02 5.6699902344e+02 5.6701702881e+02 5.6704498291e+02 5.6707202148e+02 5.6709497070e+02 5.6711199951e+02 5.6713800049e+02 5.6715301514e+02 5.6715100098e+02 5.6714898682e+02 5.6715899658e+02 5.6719799805e+02 5.6724700928e+02 5.6730297852e+02 5.6733898926e+02 5.6735699463e+02 5.6734497070e+02 5.6732202148e+02 5.6733599854e+02 5.6735699463e+02 5.6738500977e+02 5.6741802979e+02 5.6741802979e+02 5.6743298340e+02 5.6746899414e+02 5.6753002930e+02 5.6763000488e+02 5.6765802002e+02 5.6767700195e+02 5.6765002441e+02 5.6763397217e+02 5.6766198730e+02 5.6776898193e+02 5.6794201660e+02 5.6802197266e+02 5.6808599854e+02 5.6810198975e+02
5.6692797852e+02 5.6700201416e+02 5.6686102295e+02 5.6686999512e+02 5.6685998535e+02 5.6686401367e+02 5.6689099121e+02 5.6691302490e+02 5.6694897461e+02 5.6697497559e+02 5.6700000000e+02 5.6702099609e+02 5.6704602051e+02 5.6706701660e+02 5.6707702637e+02 5.6708898926e+02 5.6710400391e+02 5.6711199951e+02 5.6712500000e+02 5.6714398193e+02 5.6718798828e+02 5.6723602295e+02 5.6727697754e+02 5.6727600098e+02 5.6725201416e+02 5.6724298096e+02 5.6726098633e+02 5.6730603027e+02 5.6733898926e+02 5.6736700439e+02 5.6737500000e+02 5.6736602783e+02 5.6737902832e+02 5.6741998291e+02 5.6748901367e+02 5.6762597656e+02 5.6765802002e+02 5.6763000488e+02 5.6755999756e+02 5.6753497314e+02 5.6761199951e+02 5.6774700928e+02 5.6792401123e+02 5.6802600098e+02 5.6805700684e+02 5.6807098389e+02
5.6653497314e+02 5.6693402100e+02 5.6689898682e+02 5.6688201904e+02 5.6686798096e+02 5.6685601807e+02 5.6687500000e+02 5.6688897705e+02 5.6691699219e+02 5.6694702148e+02 5.6698901367e+02 5.6701599121e+02 5.6703002930e+02 5.6704101563e+02 5.6705499268e+02 5.6706201172e+02 5.6707397461e+02 5.6708697510e+02 5.6711199951e+02 5.6714001465e+02 5.6717602539e+02 5.6720202637e+02 5.6721099854e+02 5.6717199707e+02 5.6715002441e+02 5.6715997314e+02 5.6720098877e+02 5.6725000000e+02 5.6728198242e+02 5.6730603027e+02 5.6731896973e+02 5.6731701660e+02 5.6733502197e+02 5.6738702393e+02 5.6747998047e+02 5.6765802002e+02 5.6767401123e+02 5.6758099365e+02 5.6746398926e+02 5.6746600342e+02 5.6762200928e+02 5.6775402832e+02 5.6784100342e+02 5.6798901367e+02 5.6802099609e+02 5.6798797607e+02
5.6601397705e+02 5.6671002197e+02 5.6693499756e+02 5.6688500977e+02 5.6688299561e+02 5.6686199951e+02 5.6685998535e+02 5.6686798096e+02 5.6688800049e+02 5.6692102051e+02 5.6697497559e+02 5.6700500488e+02 5.6701501465e+02 5.6702001953e+02 5.6703399658e+02 5.6703997803e+02 5.6704998779e+02 5.6706402588e+02 5.6709399414e+02 5.6712597656e+02 5.6714001465e+02 5.6713702393e+02 5.6712701416e+02 5.6709698486e+02 5.6710498047e+02 5.6712902832e+02 5.6714099121e+02 5.6716400146e+02 5.6718597412e+02 5.6720697021e+02 5.6724298096e+02 5.6726800537e+02 5.6730401611e+02 5.6737500000e+02 5.6749700928e+02 5.6766699219e+02 5.6766497803e+02 5.6754602051e+02 5.6741998291e+02 5.6737701416e+02 5.6754901123e+02 5.6768103027e+02 5.6769201660e+02 5.6789898682e+02 5.6795501709e+02 5.6785601807e+02
5.6562097168e+02 5.6635797119e+02 5.6699298096e+02 5.6688897705e+02 5.6686901855e+02 5.6685198975e+02 5.6685900879e+02 5.6684197998e+02 5.6686401367e+02 5.6690197754e+02 5.6694396973e+02 5.6697302246e+02 5.6698999023e+02 5.6699700928e+02 5.6699298096e+02 5.6700500488e+02 5.6701702881e+02 5.6703100586e+02 5.6706597900e+02 5.6708398438e+02 5.6707202148e+02 5.6704602051e+02 5.6705102539e+02 5.6706402588e+02 5.6710198975e+02 5.6712402344e+02 5.6707299805e+02 5.6705297852e+02 5.6705999756e+02 5.6708398438e+02 5.6715002441e+02 5.6721099854e+02 5.6728198242e+02 5.6738201904e+02 5.6748602295e+02 5.6759301758e+02 5.6760101318e+02 5.6750598145e+02 5.6738897705e+02 5.6732202148e+02 5.6735699463e+02 5.6742401123e+02 5.6747900391e+02 5.6773602295e+02 5.6780499268e+02 5.6767498779e+02
5.6548999023e+02 5.6589801025e+02 5.6653198242e+02 5.6686199951e+02 5.6693499756e+02 5.6686102295e+02 5.6684802246e+02 5.6683697510e+02 5.6684497070e+02 5.6688500977e+02 5.6692797852e+02 5.6694897461e+02 5.6696600342e+02 5.6697601318e+02 5.6697198486e+02 5.6698400879e+02 5.6699200439e+02 5.6699200439e+02 5.6699401855e+02 5.6698999023e+02 5.6696801758e+02 5.6693902588e+02 5.6696301270e+02 5.6697497559e+02 5.6699798584e+02 5.6701800537e+02 5.6699102783e+02 5.6694500732e+02 5.6692700195e+02 5.6693103027e+02 5.6696997070e+02 5.6703698730e+02 5.6712597656e+02 5.6723699951e+02 5.6732598877e+02 5.6747601318e+02 5.6757098389e+02 5.6750299072e+02 5.6737902832e+02 5.6732397461e+02 5.6726000977e+02 5.6721197510e+02 5.6723498535e+02 5.6737200928e+02 5.6742700195e+02 5.6740100098e+02
5.6544897461e+02 5.6550299072e+02 5.6589398193e+02 5.6658697510e+02 5.6695898438e+02 5.6695202637e+02 5.6685699463e+02 5.6684802246e+02 5.6684600830e+02 5.6687902832e+02 5.6691900635e+02 5.6692999268e+02 5.6694201660e+02 5.6695599365e+02 5.6696600342e+02 5.6698498535e+02 5.6697698975e+02 5.6694299316e+02 5.6689300537e+02 5.6685900879e+02 5.6683801270e+02 5.6680297852e+02 5.6682598877e+02 5.6684497070e+02 5.6685900879e+02 5.6687902832e+02 5.6688598633e+02 5.6685998535e+02 5.6684399414e+02 5.6684002686e+02 5.6685101318e+02 5.6688598633e+02 5.6695397949e+02 5.6705603027e+02 5.6719097900e+02 5.6741699219e+02 5.6753900146e+02 5.6747601318e+02 5.6733099365e+02 5.6725500488e+02 5.6717102051e+02 5.6710302734e+02 5.6709497070e+02 5.6717102051e+02 5.6725000000e+02 5.6726898193e+02
5.6547302246e+02 5.6542199707e+02 5.6554901123e+02 5.6622497559e+02 5.6687200928e+02 5.6708099365e+02 5.6690502930e+02 5.6687500000e+02 5.6687200928e+02 5.6688201904e+02 5.6690698242e+02 5.6691400146e+02 5.6692297363e+02 5.6694097900e+02 5.6696502686e+02 5.6699499512e+02 5.6697601318e+02 5.6690802002e+02 5.6680102539e+02 5.6674902344e+02 5.6673699951e+02 5.6669097900e+02 5.6669897461e+02 5.6672998047e+02 5.6673400879e+02 5.6674499512e+02 5.6678302002e+02 5.6680902100e+02 5.6682501221e+02 5.6683697510e+02 5.6684497070e+02 5.6685498047e+02 5.6688702393e+02 5.6696301270e+02 5.6712298584e+02 5.6737799072e+02 5.6748101807e+02 5.6740600586e+02 5.6724798584e+02 5.6717102051e+02 5.6714202881e+02 5.6710797119e+02 5.6702801514e+02 5.6705297852e+02 5.6717901611e+02 5.6720800781e+02
5.6545397949e+02 5.6547497559e+02 5.6557202148e+02 5.6589398193e+02 5.6653399658e+02 5.6698901367e+02 5.6697601318e+02 5.6690100098e+02 5.6691198730e+02 5.6690002441e+02 5.6688702393e+02 5.6689001465e+02 5.6690002441e+02 5.6693298340e+02 5.6703100586e+02 5.6701898193e+02 5.6697698975e+02 5.6688098145e+02 5.6676202393e+02 5.6666400146e+02 5.6667602539e+02 5.6666802979e+02 5.6665899658e+02 5.6667700195e+02 5.6666198730e+02 5.6665002441e+02 5.6668798828e+02 5.6679498291e+02 5.6685900879e+02 5.6690600586e+02 5.6694598389e+02 5.6695397949e+02 5.6695501709e+02 5.6698901367e+02 5.6707397461e+02 5.6725299072e+02 5.6733697510e+02 5.6728997803e+02 5.6716601563e+02 5.6711999512e+02 5.6714099121e+02 5.6711798096e+02 5.6695001221e+02 5.6690802002e+02 5.6704602051e+02 5.6709802246e+02
5.6542602539e+02 5.6548101807e+02 5.6563299561e+02 5.6575299072e+02 5.6610797119e+02 5.6649798584e+02 5.6669097900e+02 5.6678198242e+02 5.6688897705e+02 5.6692700195e+02 5.6690301514e+02 5.6689099121e+02 5.6686901855e+02 5.6686499023e+02 5.6689801025e+02 5.6689300537e+02 5.6682202148e+02 5.6676300049e+02 5.6671301270e+02 5.6661199951e+02 5.6666302490e+02 5.6669299316e+02 5.6663702393e+02 5.6663000488e+02 5.6661901855e+02 5.6661798096e+02 5.6671801758e+02 5.6685900879e+02 5.6690502930e+02 5.6695001221e+02 5.6699200439e+02 5.6698999023e+02 5.6700097656e+02 5.6703601074e+02 5.6706896973e+02 5.6711297607e+02 5.6715502930e+02 5.6715100098e+02 5.6714501953e+02 5.6712701416e+02 5.6710400391e+02 5.6704101563e+02 5.6691900635e+02 5.6685198975e+02 5.6688098145e+02 5.6687097168e+02
5.6537298584e+02 5.6541497803e+02 5.6561401367e+02 5.6568402100e+02 5.6581597900e+02 5.6602801514e+02 5.6630102539e+02 5.6658898926e+02 5.6681896973e+02 5.6693597412e+02 5.6692901611e+02 5.6688897705e+02 5.6681201172e+02 5.6674499512e+02 5.6669500732e+02 5.6663897705e+02 5.6659100342e+02 5.6659997559e+02 5.6666400146e+02 5.6663702393e+02 5.6663000488e+02 5.6658502197e+02 5.6654400635e+02 5.6659002686e+02 5.6663397217e+02 5.6667999268e+02 5.6678900146e+02 5.6690802002e+02 5.6691699219e+02 5.6691998291e+02 5.6694897461e+02 5.6696197510e+02 5.6702502441e+02 5.6710699463e+02 5.6713897705e+02 5.6713500977e+02 5.6712097168e+02 5.6708099365e+02 5.6707299805e+02 5.6707202148e+02 5.6706597900e+02 5.6701898193e+02 5.6695300293e+02 5.6685797119e+02 5.6677301025e+02 5.6669000244e+02
5.6532897949e+02 5.6529602051e+02 5.6542797852e+02 5.6558099365e+02 5.6569702148e+02 5.6580999756e+02 5.6598797607e+02 5.6635101318e+02 5.6666699219e+02 5.6685900879e+02 5.6689398193e+02 5.6683898926e+02 5.6672601318e+02 5.6662701416e+02 5.6652600098e+02 5.6645800781e+02 5.6644396973e+02 5.6648699951e+02 5.6659100342e+02 5.6662298584e+02 5.6657702637e+02 5.6648901367e+02 5.6645898438e+02 5.6653497314e+02 5.6662799072e+02 5.6671197510e+02 5.6681402588e+02 5.6691601563e+02 5.6691400146e+02 5.6689300537e+02 5.6690100098e+02 5.6691900635e+02 5.6702197266e+02 5.6714398193e+02 5.6717797852e+02 5.6719201660e+02 5.6715802002e+02 5.6707098389e+02 5.6701098633e+02 5.6703100586e+02 5.6705297852e+02 5.6701098633e+02 5.6693499756e+02 5.6680603027e+02 5.6667102051e+02 5.6656597900e+02
