TESTSERVER/6/13.asc
NCOLS 100
NROWS 100
XLLCORNER 7.7997500000e+03
YLLCORNER 2.8930025000e+05
CELLSIZE 5.0000000000e-01
NODATA_VALUE -9.9990000000e+03
[rows 60 to 79 of 100, columns 0 to 45 of 100]
5.6266900635e+02 5.6269897461e+02 5.6275000000e+02 5.6279901123e+02 5.6280603027e+02 5.6278002930e+02 5.6276202393e+02 5.6278002930e+02 5.6279302979e+02 5.6282098389e+02 5.6282397461e+02 5.6281097412e+02 5.6283398438e+02 5.6286199951e+02 5.6286999512e+02 5.6284698486e+02 5.6279699707e+02 5.6290002441e+02 5.6296997070e+02 5.6298901367e+02 5.6296997070e+02 5.6308300781e+02 5.6309899902e+02 5.6306799316e+02 5.6303100586e+02 5.6289001465e+02 5.6284997559e+02 5.6284301758e+02 5.6281298828e+02 5.6277001953e+02 5.6275500488e+02 5.6278601074e+02 5.6276501465e+02 5.6271801758e+02 5.6263500977e+02 5.6262200928e+02 5.6266998291e+02 5.6265197754e+02 5.6262701416e+02 5.6257501221e+02 5.6253399658e+02 5.6249298096e+02 5.6247601318e+02 5.6247497559e+02 5.6252099609e+02 5.6257397461e+02
5.6263897705e+02 5.6268597412e+02 5.6275000000e+02 5.6278997803e+02 5.6277398682e+02 5.6275897217e+02 5.6275500488e+02 5.6276397705e+02 5.6277600098e+02 5.6280999756e+02 5.6281701660e+02 5.6279101563e+02 5.6278100586e+02 5.6279400635e+02 5.6284497070e+02 5.6286602783e+02 5.6282897949e+02 5.6286901855e+02 5.6294097900e+02 5.6296197510e+02 5.6293499756e+02 5.6297198486e+02 5.6290600586e+02 5.6288702393e+02 5.6289398193e+02 5.6283801270e+02 5.6279302979e+02 5.6275500488e+02 5.6275299072e+02 5.6268902588e+02 5.6264001465e+02 5.6263201904e+02 5.6259802246e+02 5.6254901123e+02 5.6248199463e+02 5.6247698975e+02 5.6253997803e+02 5.6256097412e+02 5.6255297852e+02 5.6251599121e+02 5.6248297119e+02 5.6244299316e+02 5.6242999268e+02 5.6245300293e+02 5.6251800537e+02 5.6260302734e+02
5.6264398193e+02 5.6268597412e+02 5.6272302246e+02 5.6274200439e+02 5.6274298096e+02 5.6274902344e+02 5.6275799561e+02 5.6278399658e+02 5.6279101563e+02 5.6278997803e+02 5.6279901123e+02 5.6277001953e+02 5.6273699951e+02 5.6276300049e+02 5.6283697510e+02 5.6288500977e+02 5.6287597656e+02 5.6289801025e+02 5.6293902588e+02 5.6292700195e+02 5.6286700439e+02 5.6282299805e+02 5.6276501465e+02 5.6278198242e+02 5.6278802490e+02 5.6278100586e+02 5.6276599121e+02 5.6270397949e+02 5.6267602539e+02 5.6261798096e+02 5.6256500244e+02 5.6252697754e+02 5.6248400879e+02 5.6244799805e+02 5.6238702393e+02 5.6237200928e+02 5.6242602539e+02 5.6246197510e+02 5.6246697998e+02 5.6245202637e+02 5.6244396973e+02 5.6242199707e+02 5.6240997314e+02 5.6244299316e+02 5.6251898193e+02 5.6262097168e+02
5.6265002441e+02 5.6267602539e+02 5.6268597412e+02 5.6269299316e+02 5.6270397949e+02 5.6270501709e+02 5.6272601318e+02 5.6278601074e+02 5.6280700684e+02 5.6277697754e+02 5.6278399658e+02 5.6275500488e+02 5.6271398926e+02 5.6274102783e+02 5.6280297852e+02 5.6284600830e+02 5.6286798096e+02 5.6290698242e+02 5.6293499756e+02 5.6288800049e+02 5.6278997803e+02 5.6272497559e+02 5.6268798828e+02 5.6271398926e+02 5.6274102783e+02 5.6274200439e+02 5.6271502686e+02 5.6263800049e+02 5.6258300781e+02 5.6256402588e+02 5.6253399658e+02 5.6248400879e+02 5.6243200684e+02 5.6238598633e+02 5.6231896973e+02 5.6229400635e+02 5.6233001709e+02 5.6237298584e+02 5.6239398193e+02 5.6240002441e+02 5.6241900635e+02 5.6242401123e+02 5.6242602539e+02 5.6246697998e+02 5.6253399658e+02 5.6260601807e+02
5.6263598633e+02 5.6265100098e+02 5.6266302490e+02 5.6266699219e+02 5.6266699219e+02 5.6267401123e+02 5.6271502686e+02 5.6278997803e+02 5.6279699707e+02 5.6274102783e+02 5.6273400879e+02 5.6272100830e+02 5.6271398926e+02 5.6271801758e+02 5.6272399902e+02 5.6273901367e+02 5.6277502441e+02 5.6285797119e+02 5.6288897705e+02 5.6282897949e+02 5.6271301270e+02 5.6264001465e+02 5.6261199951e+02 5.6262701416e+02 5.6269500732e+02 5.6265502930e+02 5.6257501221e+02 5.6252502441e+02 5.6250299072e+02 5.6249597168e+02 5.6246600342e+02 5.6241101074e+02 5.6235797119e+02 5.6229302979e+02 5.6223101807e+02 5.6222497559e+02 5.6225201416e+02 5.6228002930e+02 5.6231402588e+02 5.6235302734e+02 5.6239202881e+02 5.6242199707e+02 5.6244500732e+02 5.6249902344e+02 5.6257800293e+02 5.6259399414e+02
5.6262097168e+02 5.6260400391e+02 5.6259497070e+02 5.6259399414e+02 5.6261102295e+02 5.6265100098e+02 5.6269598389e+02 5.6273602295e+02 5.6271997070e+02 5.6271997070e+02 5.6271099854e+02 5.6267901611e+02 5.6268701172e+02 5.6268798828e+02 5.6268701172e+02 5.6270800781e+02 5.6274102783e+02 5.6279101563e+02 5.6280798340e+02 5.6275201416e+02 5.6262902832e+02 5.6257897949e+02 5.6258502197e+02 5.6258300781e+02 5.6261901855e+02 5.6259497070e+02 5.6251501465e+02 5.6245800781e+02 5.6242297363e+02 5.6239099121e+02 5.6233898926e+02 5.6228802490e+02 5.6225500488e+02 5.6220501709e+02 5.6215802002e+02 5.6215197754e+02 5.6216998291e+02 5.6219500732e+02 5.6224401855e+02 5.6230102539e+02 5.6233398438e+02 5.6238000488e+02 5.6242700195e+02 5.6249902344e+02 5.6259997559e+02 5.6258697510e+02
5.6256402588e+02 5.6253302002e+02 5.6253497314e+02 5.6255700684e+02 5.6258300781e+02 5.6262097168e+02 5.6264801025e+02 5.6266802979e+02 5.6269702148e+02 5.6277697754e+02 5.6276599121e+02 5.6270397949e+02 5.6267102051e+02 5.6263897705e+02 5.6264599609e+02 5.6269000244e+02 5.6272100830e+02 5.6271398926e+02 5.6269396973e+02 5.6263897705e+02 5.6253698730e+02 5.6250799561e+02 5.6253997803e+02 5.6254302979e+02 5.6255499268e+02 5.6252697754e+02 5.6246301270e+02 5.6240997314e+02 5.6236700439e+02 5.6232000732e+02 5.6225598145e+02 5.6220300293e+02 5.6217297363e+02 5.6212200928e+02 5.6206500244e+02 5.6204602051e+02 5.6205700684e+02 5.6209399414e+02 5.6216497803e+02 5.6223699951e+02 5.6227001953e+02 5.6234301758e+02 5.6242199707e+02 5.6249499512e+02 5.6256201172e+02 5.6251202393e+02
5.6250799561e+02 5.6248400879e+02 5.6250500488e+02 5.6253802490e+02 5.6256799316e+02 5.6259002686e+02 5.6260400391e+02 5.6261102295e+02 5.6264300537e+02 5.6272302246e+02 5.6272497559e+02 5.6268499756e+02 5.6264099121e+02 5.6258197021e+02 5.6259802246e+02 5.6265698242e+02 5.6267797852e+02 5.6261401367e+02 5.6256201172e+02 5.6252197266e+02 5.6248602295e+02 5.6247497559e+02 5.6249700928e+02 5.6248797607e+02 5.6246697998e+02 5.6242901611e+02 5.6239697266e+02 5.6236199951e+02 5.6230798340e+02 5.6225000000e+02 5.6216998291e+02 5.6209997559e+02 5.6205603027e+02 5.6199499512e+02 5.6193103027e+02 5.6191400146e+02 5.6193298340e+02 5.6198602295e+02 5.6206500244e+02 5.6213500977e+02 5.6218597412e+02 5.6229400635e+02 5.6239398193e+02 5.6244897461e+02 5.6246899414e+02 5.6241699219e+02
5.6247998047e+02 5.6247802734e+02 5.6250097656e+02 5.6252398682e+02 5.6253802490e+02 5.6256298828e+02 5.6258697510e+02 5.6259497070e+02 5.6256597900e+02 5.6256799316e+02 5.6257897949e+02 5.6258502197e+02 5.6258300781e+02 5.6253900146e+02 5.6255499268e+02 5.6261602783e+02 5.6260400391e+02 5.6251800537e+02 5.6247100830e+02 5.6245397949e+02 5.6246301270e+02 5.6242700195e+02 5.6241998291e+02 5.6242401123e+02 5.6241400146e+02 5.6234600830e+02 5.6232598877e+02 5.6228497314e+02 5.6221099854e+02 5.6215399170e+02 5.6207501221e+02 5.6198699951e+02 5.6192401123e+02 5.6185601807e+02 5.6179699707e+02 5.6179699707e+02 5.6183099365e+02 5.6189099121e+02 5.6196002197e+02 5.6202099609e+02 5.6208898926e+02 5.6223297119e+02 5.6233300781e+02 5.6236999512e+02 5.6237902832e+02 5.6236102295e+02
5.6247100830e+02 5.6246502686e+02 5.6248297119e+02 5.6251000977e+02 5.6250402832e+02 5.6251599121e+02 5.6253802490e+02 5.6253100586e+02 5.6250799561e+02 5.6250799561e+02 5.6253100586e+02 5.6255297852e+02 5.6257501221e+02 5.6252197266e+02 5.6248400879e+02 5.6248498535e+02 5.6246502686e+02 5.6243499756e+02 5.6240502930e+02 5.6237500000e+02 5.6237902832e+02 5.6234399414e+02 5.6233197021e+02 5.6233697510e+02 5.6233398438e+02 5.6227301025e+02 5.6224102783e+02 5.6220397949e+02 5.6214202881e+02 5.6205902100e+02 5.6196600342e+02 5.6188098145e+02 5.6180902100e+02 5.6172497559e+02 5.6168597412e+02 5.6170300293e+02 5.6174401855e+02 5.6179302979e+02 5.6185101318e+02 5.6191900635e+02 5.6202197266e+02 5.6217199707e+02 5.6225897217e+02 5.6227600098e+02 5.6227502441e+02 5.6227301025e+02
5.6246502686e+02 5.6246002197e+02 5.6245800781e+02 5.6246997070e+02 5.6246002197e+02 5.6246099854e+02 5.6246600342e+02 5.6248101807e+02 5.6252697754e+02 5.6252899170e+02 5.6250701904e+02 5.6249401855e+02 5.6252600098e+02 5.6248400879e+02 5.6241101074e+02 5.6235101318e+02 5.6232702637e+02 5.6234698486e+02 5.6232299805e+02 5.6228601074e+02 5.6228198242e+02 5.6225897217e+02 5.6224700928e+02 5.6223297119e+02 5.6222698975e+02 5.6217999268e+02 5.6214501953e+02 5.6210797119e+02 5.6204498291e+02 5.6192797852e+02 5.6179998779e+02 5.6170800781e+02 5.6165399170e+02 5.6158801270e+02 5.6158398438e+02 5.6161401367e+02 5.6166302490e+02 5.6171301270e+02 5.6176702881e+02 5.6184802246e+02 5.6198999023e+02 5.6212799072e+02 5.6217797852e+02 5.6217999268e+02 5.6219097900e+02 5.6219702148e+02
5.6244897461e+02 5.6243597412e+02 5.6242102051e+02 5.6242797852e+02 5.6242999268e+02 5.6242700195e+02 5.6242498779e+02 5.6246301270e+02 5.6254998779e+02 5.6257897949e+02 5.6251098633e+02 5.6242199707e+02 5.6243402100e+02 5.6242401123e+02 5.6236199951e+02 5.6230102539e+02 5.6228497314e+02 5.6229998779e+02 5.6226599121e+02 5.6221197510e+02 5.6218200684e+02 5.6216699219e+02 5.6216802979e+02 5.6215502930e+02 5.6215002441e+02 5.6213098145e+02 5.6209497070e+02 5.6203497314e+02 5.6194000244e+02 5.6182397461e+02 5.6169500732e+02 5.6159600830e+02 5.6154101563e+02 5.6150201416e+02 5.6149597168e+02 5.6150897217e+02 5.6157397461e+02 5.6164001465e+02 5.6169702148e+02 5.6179998779e+02 5.6198400879e+02 5.6209600830e+02 5.6209497070e+02 5.6207000732e+02 5.6210302734e+02 5.6211102295e+02
5.6241302490e+02 5.6238098145e+02 5.6237799072e+02 5.6241400146e+02 5.6244396973e+02 5.6242700195e+02 5.6241802979e+02 5.6243298340e+02 5.6245300293e+02 5.6254498291e+02 5.6251300049e+02 5.6240802002e+02 5.6238800049e+02 5.6235998535e+02 5.6231298828e+02 5.6231701660e+02 5.6235498047e+02 5.6232702637e+02 5.6227197266e+02 5.6219000244e+02 5.6210302734e+02 5.6208398438e+02 5.6208898926e+02 5.6209497070e+02 5.6209698486e+02 5.6211102295e+02 5.6207202148e+02 5.6196801758e+02 5.6184497070e+02 5.6175897217e+02 5.6167199707e+02 5.6157598877e+02 5.6150500488e+02 5.6147302246e+02 5.6143200684e+02 5.6141198730e+02 5.6148901367e+02 5.6156896973e+02 5.6164501953e+02 5.6177600098e+02 5.6197900391e+02 5.6203399658e+02 5.6199798584e+02 5.6196502686e+02 5.6198901367e+02 5.6198699951e+02
5.6239801025e+02 5.6238098145e+02 5.6237298584e+02 5.6239697266e+02 5.6243902588e+02 5.6241699219e+02 5.6239697266e+02 5.6239501953e+02 5.6239300537e+02 5.6245697021e+02 5.6247900391e+02 5.6239501953e+02 5.6233599854e+02 5.6233300781e+02 5.6231896973e+02 5.6234301758e+02 5.6235400391e+02 5.6229199219e+02 5.6223602295e+02 5.6217700195e+02 5.6211297607e+02 5.6203997803e+02 5.6201501465e+02 5.6202697754e+02 5.6202600098e+02 5.6201098633e+02 5.6194500732e+02 5.6182098389e+02 5.6171697998e+02 5.6164300537e+02 5.6156701660e+02 5.6148101807e+02 5.6141802979e+02 5.6140698242e+02 5.6139898682e+02 5.6139697266e+02 5.6144500732e+02 5.6152099609e+02 5.6163897705e+02 5.6178900146e+02 5.6193798828e+02 5.6193499756e+02 5.6186602783e+02 5.6182000732e+02 5.6183502197e+02 5.6182000732e+02
5.6236401367e+02 5.6237597656e+02 5.6235302734e+02 5.6233697510e+02 5.6236199951e+02 5.6238702393e+02 5.6238000488e+02 5.6233898926e+02 5.6232501221e+02 5.6237298584e+02 5.6242700195e+02 5.6237597656e+02 5.6231896973e+02 5.6234802246e+02 5.6233599854e+02 5.6229400635e+02 5.6226202393e+02 5.6218902588e+02 5.6213397217e+02 5.6209899902e+02 5.6206597900e+02 5.6200000000e+02 5.6196997070e+02 5.6196899414e+02 5.6194097900e+02 5.6190997314e+02 5.6182800293e+02 5.6169299316e+02 5.6160101318e+02 5.6153997803e+02 5.6145599365e+02 5.6137200928e+02 5.6133099365e+02 5.6133599854e+02 5.6135797119e+02 5.6138098145e+02 5.6141601563e+02 5.6149902344e+02 5.6163500977e+02 5.6177001953e+02 5.6187402344e+02 5.6186401367e+02 5.6177197266e+02 5.6170098877e+02 5.6169299316e+02 5.6165100098e+02
5.6227600098e+02 5.6229199219e+02 5.6228198242e+02 5.6226300049e+02 5.6226202393e+02 5.6230902100e+02 5.6232000732e+02 5.6226501465e+02 5.6224102783e+02 5.6227001953e+02 5.6233599854e+02 5.6234399414e+02 5.6233099365e+02 5.6234698486e+02 5.6232098389e+02 5.6224499512e+02 5.6217498779e+02 5.6211401367e+02 5.6207800293e+02 5.6205603027e+02 5.6202801514e+02 5.6197302246e+02 5.6194201660e+02 5.6191998291e+02 5.6186700439e+02 5.6185498047e+02 5.6177398682e+02 5.6161602783e+02 5.6150799561e+02 5.6145898438e+02 5.6137097168e+02 5.6129498291e+02 5.6127899170e+02 5.6128698730e+02 5.6132000732e+02 5.6136102295e+02 5.6140698242e+02 5.6150897217e+02 5.6163800049e+02 5.6173400879e+02 5.6179302979e+02 5.6178002930e+02 5.6168597412e+02 5.6160198975e+02 5.6156402588e+02 5.6147698975e+02
5.6222900391e+02 5.6222601318e+02 5.6223602295e+02 5.6223400879e+02 5.6221801758e+02 5.6218402100e+02 5.6218200684e+02 5.6218103027e+02 5.6220697021e+02 5.6222900391e+02 5.6229797363e+02 5.6233197021e+02 5.6230499268e+02 5.6227899170e+02 5.6225299072e+02 5.6219097900e+02 5.6209997559e+02 5.6205902100e+02 5.6204400635e+02 5.6203302002e+02 5.6200000000e+02 5.6193902588e+02 5.6191497803e+02 5.6188598633e+02 5.6184002686e+02 5.6187500000e+02 5.6177600098e+02 5.6155200195e+02 5.6139501953e+02 5.6136499023e+02 5.6129498291e+02 5.6123999023e+02 5.6123999023e+02 5.6126000977e+02 5.6128900146e+02 5.6133300781e+02 5.6140502930e+02 5.6153100586e+02 5.6164001465e+02 5.6169598389e+02 5.6173699951e+02 5.6165100098e+02 5.6156597900e+02 5.6149200439e+02 5.6141400146e+02 5.6127899170e+02
5.6220300293e+02 5.6221899414e+02 5.6221801758e+02 5.6221899414e+02 5.6221899414e+02 5.6217602539e+02 5.6218103027e+02 5.6223498535e+02 5.6227600098e+02 5.6224499512e+02 5.6227697754e+02 5.6232397461e+02 5.6227398682e+02 5.6221301270e+02 5.6218902588e+02 5.6213201904e+02 5.6205297852e+02 5.6201202393e+02 5.6198901367e+02 5.6196997070e+02 5.6194299316e+02 5.6189801025e+02 5.6185699463e+02 5.6179998779e+02 5.6176202393e+02 5.6187200928e+02 5.6174597168e+02 5.6144000244e+02 5.6130102539e+02 5.6126000977e+02 5.6121301270e+02 5.6119897461e+02 5.6122900391e+02 5.6126098633e+02 5.6127697754e+02 5.6130499268e+02 5.6140600586e+02 5.6154302979e+02 5.6163299561e+02 5.6166900635e+02 5.6163397217e+02 5.6151098633e+02 5.6140997314e+02 5.6131799316e+02 5.6121099854e+02 5.6105499268e+02
5.6216101074e+02 5.6217401123e+02 5.6216802979e+02 5.6218902588e+02 5.6223199463e+02 5.6221600342e+02 5.6222802734e+02 5.6227600098e+02 5.6230999756e+02 5.6223400879e+02 5.6219500732e+02 5.6223199463e+02 5.6223797607e+02 5.6217102051e+02 5.6212902832e+02 5.6206701660e+02 5.6200402832e+02 5.6196002197e+02 5.6192901611e+02 5.6189599609e+02 5.6186102295e+02 5.6181701660e+02 5.6172698975e+02 5.6163000488e+02 5.6158300781e+02 5.6167199707e+02 5.6157299805e+02 5.6131402588e+02 5.6121099854e+02 5.6116302490e+02 5.6115899658e+02 5.6117498779e+02 5.6120501709e+02 5.6124102783e+02 5.6128399658e+02 5.6133801270e+02 5.6144299316e+02 5.6154400635e+02 5.6157397461e+02 5.6155700684e+02 5.6145397949e+02 5.6131799316e+02 5.6121099854e+02 5.6110900879e+02 5.6099102783e+02 5.6083599854e+02
5.6214300537e+02 5.6213702393e+02 5.6211602783e+02 5.6215399170e+02 5.6223199463e+02 5.6224499512e+02 5.6226000977e+02 5.6228198242e+02 5.6228002930e+02 5.6219097900e+02 5.6212200928e+02 5.6215002441e+02 5.6220098877e+02 5.6213000488e+02 5.6205999756e+02 5.6198498535e+02 5.6193298340e+02 5.6190600586e+02 5.6188000488e+02 5.6183197021e+02 5.6178497314e+02 5.6174102783e+02 5.6161901855e+02 5.6149499512e+02 5.6141802979e+02 5.6138201904e+02 5.6130603027e+02 5.6114697266e+02 5.6107598877e+02 5.6106500244e+02 5.6111700439e+02 5.6114898682e+02 5.6117700195e+02 5.6121197510e+02 5.6129302979e+02 5.6136798096e+02 5.6141302490e+02 5.6142199707e+02 5.6136401367e+02 5.6129699707e+02 5.6118902588e+02 5.6108099365e+02 5.6098901367e+02 5.6089202881e+02 5.6077197266e+02 5.6061999512e+02
