TESTSERVER/6/13.asc
NCOLS 100
NROWS 100
XLLCORNER 7.7997500000e+03
YLLCORNER 2.8930025000e+05
CELLSIZE 5.0000000000e-01
NODATA_VALUE -9.9990000000e+03
[rows 0 to 19 of 100, columns 0 to 45 of 100]
5.6434100342e+02 5.6433099365e+02 5.6433001709e+02 5.6437097168e+02 5.6442901611e+02 5.6445800781e+02 5.6447900391e+02 5.6450000000e+02 5.6452099609e+02 5.6453997803e+02 5.6456201172e+02 5.6457702637e+02 5.6459802246e+02 5.6461798096e+02 5.6464202881e+02 5.6465997314e+02 5.6466400146e+02 5.6467999268e+02 5.6471002197e+02 5.6472998047e+02 5.6474200439e+02 5.6477099609e+02 5.6479498291e+02 5.6481799316e+02 5.6484899902e+02 5.6486901855e+02 5.6488702393e+02 5.6490600586e+02 5.6492199707e+02 5.6493402100e+02 5.6494396973e+02 5.6495397949e+02 5.6497900391e+02 5.6499499512e+02 5.6501599121e+02 5.6504199219e+02 5.6506298828e+02 5.6511297607e+02 5.6514501953e+02 5.6517102051e+02 5.6519702148e+02 5.6522302246e+02 5.6524902344e+02 5.6528698730e+02 5.6533801270e+02 5.6540899658e+02
5.6430200195e+02 5.6431896973e+02 5.6432202148e+02 5.6434698486e+02 5.6440502930e+02 5.6443499756e+02 5.6444799805e+02 5.6446398926e+02 5.6448901367e+02 5.6451501465e+02 5.6453698730e+02 5.6456097412e+02 5.6458697510e+02 5.6460601807e+02 5.6462597656e+02 5.6464300537e+02 5.6465698242e+02 5.6467602539e+02 5.6470202637e+02 5.6472100830e+02 5.6473699951e+02 5.6477001953e+02 5.6479797363e+02 5.6481402588e+02 5.6483197021e+02 5.6485302734e+02 5.6486901855e+02 5.6488598633e+02 5.6490502930e+02 5.6491400146e+02 5.6492199707e+02 5.6493103027e+02 5.6496099854e+02 5.6497399902e+02 5.6499597168e+02 5.6502502441e+02 5.6504797363e+02 5.6508197021e+02 5.6511297607e+02 5.6514001465e+02 5.6517297363e+02 5.6520697021e+02 5.6523297119e+02 5.6526202393e+02 5.6530297852e+02 5.6540997314e+02
5.6427301025e+02 5.6429797363e+02 5.6431201172e+02 5.6432897949e+02 5.6437298584e+02 5.6440301514e+02 5.6442401123e+02 5.6444702148e+02 5.6447100830e+02 5.6448901367e+02 5.6450799561e+02 5.6453497314e+02 5.6456701660e+02 5.6459197998e+02 5.6461297607e+02 5.6462799072e+02 5.6464599609e+02 5.6467297363e+02 5.6470501709e+02 5.6472900391e+02 5.6474401855e+02 5.6475799561e+02 5.6478302002e+02 5.6479998779e+02 5.6481500244e+02 5.6483502197e+02 5.6485101318e+02 5.6486798096e+02 5.6488299561e+02 5.6489599609e+02 5.6490698242e+02 5.6491900635e+02 5.6494396973e+02 5.6496099854e+02 5.6498901367e+02 5.6501397705e+02 5.6503601074e+02 5.6505902100e+02 5.6508398438e+02 5.6511102295e+02 5.6514501953e+02 5.6517797852e+02 5.6520697021e+02 5.6522698975e+02 5.6524798584e+02 5.6534802246e+02
5.6427502441e+02 5.6429199219e+02 5.6430999756e+02 5.6431799316e+02 5.6433697510e+02 5.6436602783e+02 5.6440100098e+02 5.6443902588e+02 5.6446301270e+02 5.6446600342e+02 5.6447998047e+02 5.6450897217e+02 5.6454302979e+02 5.6457299805e+02 5.6459899902e+02 5.6461499023e+02 5.6463299561e+02 5.6466497803e+02 5.6469897461e+02 5.6473101807e+02 5.6474902344e+02 5.6474597168e+02 5.6476599121e+02 5.6478601074e+02 5.6479901123e+02 5.6481701660e+02 5.6483300781e+02 5.6484997559e+02 5.6486199951e+02 5.6488098145e+02 5.6488897705e+02 5.6490197754e+02 5.6493298340e+02 5.6496600342e+02 5.6499200439e+02 5.6500402832e+02 5.6502197266e+02 5.6504498291e+02 5.6506298828e+02 5.6508300781e+02 5.6510998535e+02 5.6513299561e+02 5.6516400146e+02 5.6518499756e+02 5.6519799805e+02 5.6525598145e+02
5.6428302002e+02 5.6430102539e+02 5.6431799316e+02 5.6432000732e+02 5.6431701660e+02 5.6433801270e+02 5.6437799072e+02 5.6442498779e+02 5.6444702148e+02 5.6445202637e+02 5.6447100830e+02 5.6449597168e+02 5.6451800537e+02 5.6454901123e+02 5.6458398438e+02 5.6460900879e+02 5.6462500000e+02 5.6465301514e+02 5.6467999268e+02 5.6470898438e+02 5.6472100830e+02 5.6472802734e+02 5.6475402832e+02 5.6477001953e+02 5.6477600098e+02 5.6479602051e+02 5.6481799316e+02 5.6483599854e+02 5.6485302734e+02 5.6487298584e+02 5.6487597656e+02 5.6489099121e+02 5.6492999268e+02 5.6495397949e+02 5.6497100830e+02 5.6498297119e+02 5.6501300049e+02 5.6503698730e+02 5.6504998779e+02 5.6506097412e+02 5.6507598877e+02 5.6509197998e+02 5.6511999512e+02 5.6514501953e+02 5.6516601563e+02 5.6519396973e+02
5.6427502441e+02 5.6431799316e+02 5.6432501221e+02 5.6432501221e+02 5.6432299805e+02 5.6433001709e+02 5.6435797119e+02 5.6439202881e+02 5.6440100098e+02 5.6443298340e+02 5.6447399902e+02 5.6449902344e+02 5.6452398682e+02 5.6453900146e+02 5.6456799316e+02 5.6459497070e+02 5.6460900879e+02 5.6463299561e+02 5.6466198730e+02 5.6468798828e+02 5.6469897461e+02 5.6471099854e+02 5.6474401855e+02 5.6476098633e+02 5.6476898193e+02 5.6478802490e+02 5.6481402588e+02 5.6483300781e+02 5.6484100342e+02 5.6486602783e+02 5.6487500000e+02 5.6489300537e+02 5.6491601563e+02 5.6493499756e+02 5.6495300293e+02 5.6496997070e+02 5.6499401855e+02 5.6501397705e+02 5.6502801514e+02 5.6504199219e+02 5.6505603027e+02 5.6507299805e+02 5.6509197998e+02 5.6510900879e+02 5.6513299561e+02 5.6515197754e+02
5.6426300049e+02 5.6430999756e+02 5.6431799316e+02 5.6431896973e+02 5.6431402588e+02 5.6431701660e+02 5.6433801270e+02 5.6436901855e+02 5.6439202881e+02 5.6443103027e+02 5.6447100830e+02 5.6449597168e+02 5.6452099609e+02 5.6453100586e+02 5.6455401611e+02 5.6457800293e+02 5.6459399414e+02 5.6461901855e+02 5.6464697266e+02 5.6467102051e+02 5.6468499756e+02 5.6470501709e+02 5.6473999023e+02 5.6475598145e+02 5.6476702881e+02 5.6478302002e+02 5.6480200195e+02 5.6482098389e+02 5.6483599854e+02 5.6486102295e+02 5.6487500000e+02 5.6488800049e+02 5.6490100098e+02 5.6491900635e+02 5.6493701172e+02 5.6495501709e+02 5.6497601318e+02 5.6499298096e+02 5.6500701904e+02 5.6502099609e+02 5.6503497314e+02 5.6505297852e+02 5.6507000732e+02 5.6508599854e+02 5.6510601807e+02 5.6511700439e+02
5.6423999023e+02 5.6426800537e+02 5.6428601074e+02 5.6429797363e+02 5.6429302979e+02 5.6431097412e+02 5.6433099365e+02 5.6435900879e+02 5.6439697266e+02 5.6442700195e+02 5.6446002197e+02 5.6448901367e+02 5.6451397705e+02 5.6452697754e+02 5.6454498291e+02 5.6456402588e+02 5.6458197021e+02 5.6460998535e+02 5.6463500977e+02 5.6465802002e+02 5.6467102051e+02 5.6469097900e+02 5.6472497559e+02 5.6474200439e+02 5.6475897217e+02 5.6477197266e+02 5.6478601074e+02 5.6479998779e+02 5.6481896973e+02 5.6484399414e+02 5.6485900879e+02 5.6487200928e+02 5.6488598633e+02 5.6490399170e+02 5.6492102051e+02 5.6493902588e+02 5.6495697021e+02 5.6497100830e+02 5.6498498535e+02 5.6499902344e+02 5.6500897217e+02 5.6502899170e+02 5.6505102539e+02 5.6506500244e+02 5.6507397461e+02 5.6509197998e+02
5.6416998291e+02 5.6423101807e+02 5.6424298096e+02 5.6426000977e+02 5.6426898193e+02 5.6430499268e+02 5.6433099365e+02 5.6434698486e+02 5.6436602783e+02 5.6440301514e+02 5.6444000244e+02 5.6447100830e+02 5.6449200439e+02 5.6451300049e+02 5.6453698730e+02 5.6456097412e+02 5.6457598877e+02 5.6460601807e+02 5.6463000488e+02 5.6464801025e+02 5.6465100098e+02 5.6467401123e+02 5.6470599365e+02 5.6472601318e+02 5.6473797607e+02 5.6476098633e+02 5.6478100586e+02 5.6478802490e+02 5.6480102539e+02 5.6482202148e+02 5.6483697510e+02 5.6485101318e+02 5.6487402344e+02 5.6488702393e+02 5.6490399170e+02 5.6492297363e+02 5.6494000244e+02 5.6495397949e+02 5.6496398926e+02 5.6497302246e+02 5.6498999023e+02 5.6501898193e+02 5.6503997803e+02 5.6504498291e+02 5.6504797363e+02 5.6507897949e+02
5.6418902588e+02 5.6418402100e+02 5.6419396973e+02 5.6422698975e+02 5.6426702881e+02 5.6431097412e+02 5.6434497070e+02 5.6435900879e+02 5.6437402344e+02 5.6439398193e+02 5.6442102051e+02 5.6444500732e+02 5.6446600342e+02 5.6449798584e+02 5.6453497314e+02 5.6457000732e+02 5.6458599854e+02 5.6460198975e+02 5.6461901855e+02 5.6463800049e+02 5.6464599609e+02 5.6466497803e+02 5.6469201660e+02 5.6470697021e+02 5.6471899414e+02 5.6474401855e+02 5.6476501465e+02 5.6478198242e+02 5.6478698730e+02 5.6480102539e+02 5.6481701660e+02 5.6483197021e+02 5.6484899902e+02 5.6485601807e+02 5.6487799072e+02 5.6490002441e+02 5.6490899658e+02 5.6492602539e+02 5.6493402100e+02 5.6494097900e+02 5.6496600342e+02 5.6498602295e+02 5.6499902344e+02 5.6501098633e+02 5.6503399658e+02 5.6507897949e+02
5.6421398926e+02 5.6419201660e+02 5.6419702148e+02 5.6421997070e+02 5.6425201416e+02 5.6430401611e+02 5.6434399414e+02 5.6436297607e+02 5.6437701416e+02 5.6438201904e+02 5.6440399170e+02 5.6442999268e+02 5.6445800781e+02 5.6450000000e+02 5.6453198242e+02 5.6456201172e+02 5.6458300781e+02 5.6459100342e+02 5.6460699463e+02 5.6462500000e+02 5.6463702393e+02 5.6465502930e+02 5.6467297363e+02 5.6468402100e+02 5.6469702148e+02 5.6471502686e+02 5.6473400879e+02 5.6475799561e+02 5.6476702881e+02 5.6477899170e+02 5.6479498291e+02 5.6481097412e+02 5.6482397461e+02 5.6483197021e+02 5.6485400391e+02 5.6487799072e+02 5.6488702393e+02 5.6490100098e+02 5.6491198730e+02 5.6491998291e+02 5.6493402100e+02 5.6494799805e+02 5.6496502686e+02 5.6499200439e+02 5.6503497314e+02 5.6508599854e+02
5.6415502930e+02 5.6419396973e+02 5.6421197510e+02 5.6421002197e+02 5.6421502686e+02 5.6428399658e+02 5.6433502197e+02 5.6436297607e+02 5.6437500000e+02 5.6438299561e+02 5.6440899658e+02 5.6443298340e+02 5.6446398926e+02 5.6450402832e+02 5.6452502441e+02 5.6454699707e+02 5.6457397461e+02 5.6458599854e+02 5.6459997559e+02 5.6461602783e+02 5.6462402344e+02 5.6464202881e+02 5.6465997314e+02 5.6467199707e+02 5.6468798828e+02 5.6470397949e+02 5.6470800781e+02 5.6472302246e+02 5.6474102783e+02 5.6475799561e+02 5.6477301025e+02 5.6478900146e+02 5.6480102539e+02 5.6481402588e+02 5.6483099365e+02 5.6485101318e+02 5.6486499023e+02 5.6488201904e+02 5.6489801025e+02 5.6490197754e+02 5.6490197754e+02 5.6492102051e+02 5.6495098877e+02 5.6499798584e+02 5.6505499268e+02 5.6509802246e+02
5.6385601807e+02 5.6408697510e+02 5.6418798828e+02 5.6421099854e+02 5.6420300293e+02 5.6424298096e+02 5.6429797363e+02 5.6435101318e+02 5.6440002441e+02 5.6440100098e+02 5.6442102051e+02 5.6443597412e+02 5.6445202637e+02 5.6447998047e+02 5.6450402832e+02 5.6453002930e+02 5.6455200195e+02 5.6457299805e+02 5.6458398438e+02 5.6460101318e+02 5.6461199951e+02 5.6463098145e+02 5.6465100098e+02 5.6465997314e+02 5.6466400146e+02 5.6468902588e+02 5.6468701172e+02 5.6469799805e+02 5.6472100830e+02 5.6473797607e+02 5.6475299072e+02 5.6476800537e+02 5.6478100586e+02 5.6479797363e+02 5.6481201172e+02 5.6482598877e+02 5.6484002686e+02 5.6485797119e+02 5.6487402344e+02 5.6487701416e+02 5.6488397217e+02 5.6492102051e+02 5.6497302246e+02 5.6503399658e+02 5.6509301758e+02 5.6513800049e+02
5.6370898438e+02 5.6394299316e+02 5.6411401367e+02 5.6421801758e+02 5.6425299072e+02 5.6426300049e+02 5.6428302002e+02 5.6432202148e+02 5.6438000488e+02 5.6440502930e+02 5.6442602539e+02 5.6444201660e+02 5.6445202637e+02 5.6447698975e+02 5.6450000000e+02 5.6452502441e+02 5.6453302002e+02 5.6453802490e+02 5.6455499268e+02 5.6457598877e+02 5.6459197998e+02 5.6461499023e+02 5.6463800049e+02 5.6464599609e+02 5.6464801025e+02 5.6465997314e+02 5.6466497803e+02 5.6467999268e+02 5.6470202637e+02 5.6471801758e+02 5.6473297119e+02 5.6474700928e+02 5.6476397705e+02 5.6477502441e+02 5.6478302002e+02 5.6479998779e+02 5.6482000732e+02 5.6483502197e+02 5.6484399414e+02 5.6485198975e+02 5.6487402344e+02 5.6493597412e+02 5.6499902344e+02 5.6505499268e+02 5.6509002686e+02 5.6514398193e+02
5.6364001465e+02 5.6381500244e+02 5.6399798584e+02 5.6416101074e+02 5.6426599121e+02 5.6428497314e+02 5.6429199219e+02 5.6431298828e+02 5.6436102295e+02 5.6439898682e+02 5.6442401123e+02 5.6444299316e+02 5.6445300293e+02 5.6447302246e+02 5.6448699951e+02 5.6450299072e+02 5.6450799561e+02 5.6451202393e+02 5.6453399658e+02 5.6455700684e+02 5.6457397461e+02 5.6459002686e+02 5.6461401367e+02 5.6462402344e+02 5.6463299561e+02 5.6464398193e+02 5.6465399170e+02 5.6466699219e+02 5.6467901611e+02 5.6469500732e+02 5.6470898438e+02 5.6472302246e+02 5.6473699951e+02 5.6474401855e+02 5.6475402832e+02 5.6477099609e+02 5.6479199219e+02 5.6480200195e+02 5.6481298828e+02 5.6482702637e+02 5.6486700439e+02 5.6493298340e+02 5.6498101807e+02 5.6502502441e+02 5.6505798340e+02 5.6509399414e+02
5.6359301758e+02 5.6369097900e+02 5.6385302734e+02 5.6404498291e+02 5.6421502686e+02 5.6427502441e+02 5.6429302979e+02 5.6430999756e+02 5.6434301758e+02 5.6438500977e+02 5.6441497803e+02 5.6442901611e+02 5.6443499756e+02 5.6444396973e+02 5.6445300293e+02 5.6446502686e+02 5.6447698975e+02 5.6449298096e+02 5.6452398682e+02 5.6455200195e+02 5.6456701660e+02 5.6457800293e+02 5.6459802246e+02 5.6460302734e+02 5.6461999512e+02 5.6463000488e+02 5.6463897705e+02 5.6464898682e+02 5.6465698242e+02 5.6467199707e+02 5.6468597412e+02 5.6469799805e+02 5.6470501709e+02 5.6470898438e+02 5.6471997070e+02 5.6473699951e+02 5.6476000977e+02 5.6476800537e+02 5.6478302002e+02 5.6480999756e+02 5.6486499023e+02 5.6491699219e+02 5.6493701172e+02 5.6496301270e+02 5.6501599121e+02 5.6504998779e+02
5.6352697754e+02 5.6357501221e+02 5.6369396973e+02 5.6386798096e+02 5.6403497314e+02 5.6419299316e+02 5.6425701904e+02 5.6429699707e+02 5.6433801270e+02 5.6437200928e+02 5.6440399170e+02 5.6441900635e+02 5.6442602539e+02 5.6442700195e+02 5.6443597412e+02 5.6444396973e+02 5.6445202637e+02 5.6447198486e+02 5.6450701904e+02 5.6453601074e+02 5.6455297852e+02 5.6456402588e+02 5.6458099365e+02 5.6458502197e+02 5.6460498047e+02 5.6460699463e+02 5.6461199951e+02 5.6462298584e+02 5.6463800049e+02 5.6465301514e+02 5.6466601563e+02 5.6467700195e+02 5.6468597412e+02 5.6469299316e+02 5.6469702148e+02 5.6470501709e+02 5.6472100830e+02 5.6473498535e+02 5.6475701904e+02 5.6479199219e+02 5.6484899902e+02 5.6488800049e+02 5.6488598633e+02 5.6490100098e+02 5.6496099854e+02 5.6506896973e+02
5.6346301270e+02 5.6350598145e+02 5.6358801270e+02 5.6371502686e+02 5.6389801025e+02 5.6405999756e+02 5.6416699219e+02 5.6424902344e+02 5.6431201172e+02 5.6436401367e+02 5.6439202881e+02 5.6440802002e+02 5.6442797852e+02 5.6444897461e+02 5.6446697998e+02 5.6448199463e+02 5.6448297119e+02 5.6450000000e+02 5.6451702881e+02 5.6452697754e+02 5.6453997803e+02 5.6455200195e+02 5.6456500244e+02 5.6456597900e+02 5.6457702637e+02 5.6458197021e+02 5.6459399414e+02 5.6460998535e+02 5.6462701416e+02 5.6464001465e+02 5.6465301514e+02 5.6466497803e+02 5.6467199707e+02 5.6467498779e+02 5.6467498779e+02 5.6467498779e+02 5.6467999268e+02 5.6469201660e+02 5.6471099854e+02 5.6473999023e+02 5.6478601074e+02 5.6479901123e+02 5.6480999756e+02 5.6484899902e+02 5.6493902588e+02 5.6501397705e+02
5.6341802979e+02 5.6346099854e+02 5.6353002930e+02 5.6363598633e+02 5.6378802490e+02 5.6394799805e+02 5.6407397461e+02 5.6418103027e+02 5.6426800537e+02 5.6433001709e+02 5.6436798096e+02 5.6439202881e+02 5.6441302490e+02 5.6443597412e+02 5.6445898438e+02 5.6447998047e+02 5.6449597168e+02 5.6452301025e+02 5.6453698730e+02 5.6453100586e+02 5.6452301025e+02 5.6453802490e+02 5.6455999756e+02 5.6455603027e+02 5.6455200195e+02 5.6456298828e+02 5.6458001709e+02 5.6460198975e+02 5.6461700439e+02 5.6462799072e+02 5.6463897705e+02 5.6465002441e+02 5.6465802002e+02 5.6465802002e+02 5.6465100098e+02 5.6464202881e+02 5.6463500977e+02 5.6463598633e+02 5.6464898682e+02 5.6467199707e+02 5.6470599365e+02 5.6471099854e+02 5.6473901367e+02 5.6480999756e+02 5.6492999268e+02 5.6499102783e+02
5.6338598633e+02 5.6343701172e+02 5.6350097656e+02 5.6359301758e+02 5.6370898438e+02 5.6384802246e+02 5.6397802734e+02 5.6409698486e+02 5.6420098877e+02 5.6427398682e+02 5.6432397461e+02 5.6435998535e+02 5.6439001465e+02 5.6441101074e+02 5.6443402100e+02 5.6445501709e+02 5.6447698975e+02 5.6451000977e+02 5.6453399658e+02 5.6453601074e+02 5.6451702881e+02 5.6451397705e+02 5.6453900146e+02 5.6453698730e+02 5.6453002930e+02 5.6454498291e+02 5.6456500244e+02 5.6458801270e+02 5.6460302734e+02 5.6461199951e+02 5.6462402344e+02 5.6463299561e+02 5.6464099121e+02 5.6463800049e+02 5.6462500000e+02 5.6460699463e+02 5.6459002686e+02 5.6458001709e+02 5.6458398438e+02 5.6460400391e+02 5.6463299561e+02 5.6464099121e+02 5.6468902588e+02 5.6478997803e+02 5.6494500732e+02 5.6504998779e+02
