TESTSERVER/6/14.asc
NCOLS 100
NROWS 100
XLLCORNER 7.7997500000e+03
YLLCORNER 2.8925025000e+05
CELLSIZE 5.0000000000e-01
NODATA_VALUE -9.9990000000e+03
[rows 0 to 19 of 100, columns 0 to 45 of 100]
5.5972100830e+02 5.5905700684e+02 5.5866497803e+02 5.5865600586e+02 5.5867401123e+02 5.5872198486e+02 5.5876702881e+02 5.5882702637e+02 5.5889300537e+02 5.5897302246e+02 5.5902600098e+02 5.5907299805e+02 5.5912597656e+02 5.5919201660e+02 5.5929302979e+02 5.5938299561e+02 5.5947601318e+02 5.5953802490e+02 5.5957000732e+02 5.5954699707e+02 5.5948999023e+02 5.5943200684e+02 5.5935998535e+02 5.5925500488e+02 5.5912902832e+02 5.5910302734e+02 5.5892401123e+02 5.5861700439e+02 5.5830798340e+02 5.5814099121e+02 5.5796398926e+02 5.5779901123e+02 5.5762097168e+02 5.5750500488e+02 5.5741400146e+02 5.5735998535e+02 5.5734301758e+02 5.5744299316e+02 5.5753302002e+02 5.5763800049e+02 5.5777502441e+02 5.5777899170e+02 5.5778698730e+02 5.5779998779e+02 5.5782897949e+02 5.5790399170e+02
5.5884100342e+02 5.5846502686e+02 5.5838800049e+02 5.5847302246e+02 5.5851000977e+02 5.5860601807e+02 5.5870599365e+02 5.5877197266e+02 5.5881097412e+02 5.5887402344e+02 5.5894500732e+02 5.5902398682e+02 5.5910400391e+02 5.5918402100e+02 5.5927600098e+02 5.5936798096e+02 5.5943298340e+02 5.5942797852e+02 5.5940301514e+02 5.5934997559e+02 5.5927001953e+02 5.5921099854e+02 5.5912597656e+02 5.5899700928e+02 5.5884497070e+02 5.5871600342e+02 5.5846502686e+02 5.5819598389e+02 5.5800201416e+02 5.5783300781e+02 5.5765502930e+02 5.5747900391e+02 5.5732598877e+02 5.5722802734e+02 5.5716400146e+02 5.5715002441e+02 5.5718597412e+02 5.5728399658e+02 5.5740502930e+02 5.5754498291e+02 5.5769201660e+02 5.5772601318e+02 5.5774597168e+02 5.5777600098e+02 5.5783599854e+02 5.5792199707e+02
5.5826599121e+02 5.5820300293e+02 5.5830401611e+02 5.5840502930e+02 5.5844201660e+02 5.5854400635e+02 5.5863000488e+02 5.5868298340e+02 5.5873101807e+02 5.5880603027e+02 5.5890600586e+02 5.5900500488e+02 5.5909100342e+02 5.5916497803e+02 5.5925299072e+02 5.5932800293e+02 5.5933502197e+02 5.5927801514e+02 5.5921099854e+02 5.5912200928e+02 5.5902001953e+02 5.5894396973e+02 5.5883502197e+02 5.5868298340e+02 5.5850799561e+02 5.5831896973e+02 5.5808001709e+02 5.5788299561e+02 5.5774798584e+02 5.5757800293e+02 5.5740502930e+02 5.5723400879e+02 5.5709802246e+02 5.5703198242e+02 5.5700201416e+02 5.5702001953e+02 5.5707897949e+02 5.5718298340e+02 5.5731298828e+02 5.5746301270e+02 5.5761602783e+02 5.5766900635e+02 5.5771502686e+02 5.5776898193e+02 5.5784997559e+02 5.5793298340e+02
5.5809802246e+02 5.5816400146e+02 5.5826300049e+02 5.5833599854e+02 5.5839001465e+02 5.5846502686e+02 5.5852502441e+02 5.5859197998e+02 5.5867901611e+02 5.5877197266e+02 5.5888702393e+02 5.5900598145e+02 5.5911297607e+02 5.5916101074e+02 5.5919299316e+02 5.5920697021e+02 5.5915698242e+02 5.5907000732e+02 5.5897198486e+02 5.5885797119e+02 5.5874298096e+02 5.5864398193e+02 5.5850799561e+02 5.5833300781e+02 5.5812402344e+02 5.5792297363e+02 5.5774597168e+02 5.5760900879e+02 5.5748699951e+02 5.5732202148e+02 5.5716802979e+02 5.5703302002e+02 5.5692999268e+02 5.5688702393e+02 5.5689099121e+02 5.5693701172e+02 5.5701000977e+02 5.5711102295e+02 5.5724298096e+02 5.5739300537e+02 5.5754400635e+02 5.5761999512e+02 5.5769201660e+02 5.5777001953e+02 5.5786602783e+02 5.5793499756e+02
5.5811700439e+02 5.5811499023e+02 5.5815802002e+02 5.5822497559e+02 5.5828997803e+02 5.5837799072e+02 5.5846697998e+02 5.5856799316e+02 5.5868103027e+02 5.5878198242e+02 5.5890197754e+02 5.5901202393e+02 5.5907299805e+02 5.5904498291e+02 5.5899401855e+02 5.5895800781e+02 5.5890600586e+02 5.5882202148e+02 5.5871197510e+02 5.5858898926e+02 5.5846099854e+02 5.5833001709e+02 5.5817199707e+02 5.5798797607e+02 5.5777899170e+02 5.5759002686e+02 5.5745202637e+02 5.5731896973e+02 5.5717602539e+02 5.5703601074e+02 5.5690899658e+02 5.5682202148e+02 5.5678399658e+02 5.5679498291e+02 5.5683001709e+02 5.5689001465e+02 5.5698498535e+02 5.5707299805e+02 5.5719000244e+02 5.5732202148e+02 5.5745599365e+02 5.5757397461e+02 5.5767901611e+02 5.5778698730e+02 5.5791998291e+02 5.5793701172e+02
5.5808599854e+02 5.5806500244e+02 5.5808001709e+02 5.5814099121e+02 5.5821099854e+02 5.5830603027e+02 5.5842297363e+02 5.5854101563e+02 5.5868103027e+02 5.5880499268e+02 5.5888299561e+02 5.5889501953e+02 5.5881799316e+02 5.5872698975e+02 5.5870501709e+02 5.5870599365e+02 5.5866302490e+02 5.5859002686e+02 5.5849102783e+02 5.5836102295e+02 5.5819897461e+02 5.5804602051e+02 5.5788702393e+02 5.5770800781e+02 5.5751501465e+02 5.5732299805e+02 5.5714398193e+02 5.5698101807e+02 5.5684600830e+02 5.5673498535e+02 5.5665899658e+02 5.5662402344e+02 5.5665698242e+02 5.5671398926e+02 5.5676098633e+02 5.5682299805e+02 5.5690997314e+02 5.5701300049e+02 5.5711901855e+02 5.5723602295e+02 5.5738702393e+02 5.5753100586e+02 5.5765502930e+02 5.5778002930e+02 5.5790698242e+02 5.5794000244e+02
5.5793499756e+02 5.5796197510e+02 5.5801800537e+02 5.5809600830e+02 5.5817700195e+02 5.5829901123e+02 5.5841802979e+02 5.5850000000e+02 5.5856201172e+02 5.5858599854e+02 5.5858099365e+02 5.5855200195e+02 5.5849102783e+02 5.5844500732e+02 5.5846697998e+02 5.5849102783e+02 5.5845697021e+02 5.5840002441e+02 5.5829302979e+02 5.5814697266e+02 5.5796398926e+02 5.5779699707e+02 5.5763000488e+02 5.5744500732e+02 5.5724700928e+02 5.5701599121e+02 5.5680700684e+02 5.5664599609e+02 5.5656500244e+02 5.5652697754e+02 5.5651202393e+02 5.5652001953e+02 5.5655902100e+02 5.5660998535e+02 5.5666601563e+02 5.5673797607e+02 5.5682702637e+02 5.5692498779e+02 5.5703198242e+02 5.5714801025e+02 5.5730200195e+02 5.5745599365e+02 5.5758502197e+02 5.5771697998e+02 5.5785198975e+02 5.5789001465e+02
5.5780297852e+02 5.5787701416e+02 5.5797302246e+02 5.5806402588e+02 5.5814599609e+02 5.5826898193e+02 5.5833801270e+02 5.5834100342e+02 5.5832299805e+02 5.5827502441e+02 5.5824902344e+02 5.5824700928e+02 5.5823901367e+02 5.5823999023e+02 5.5830200195e+02 5.5835900879e+02 5.5832098389e+02 5.5822900391e+02 5.5810498047e+02 5.5793902588e+02 5.5774200439e+02 5.5756402588e+02 5.5738598633e+02 5.5719299316e+02 5.5698101807e+02 5.5673199463e+02 5.5653698730e+02 5.5642297363e+02 5.5639202881e+02 5.5640802002e+02 5.5643499756e+02 5.5646301270e+02 5.5646801758e+02 5.5649401855e+02 5.5655999756e+02 5.5664099121e+02 5.5673199463e+02 5.5682897949e+02 5.5693597412e+02 5.5705200195e+02 5.5719799805e+02 5.5734497070e+02 5.5747399902e+02 5.5760797119e+02 5.5774597168e+02 5.5778497314e+02
5.5778198242e+02 5.5781896973e+02 5.5789001465e+02 5.5796899414e+02 5.5804101563e+02 5.5808398438e+02 5.5806799316e+02 5.5804699707e+02 5.5808898926e+02 5.5809600830e+02 5.5814202881e+02 5.5818798828e+02 5.5817700195e+02 5.5813000488e+02 5.5819897461e+02 5.5829101563e+02 5.5824700928e+02 5.5805102539e+02 5.5789099121e+02 5.5770800781e+02 5.5754101563e+02 5.5734497070e+02 5.5713800049e+02 5.5691998291e+02 5.5668103027e+02 5.5649298096e+02 5.5637200928e+02 5.5632702637e+02 5.5633801270e+02 5.5628497314e+02 5.5629797363e+02 5.5633099365e+02 5.5631298828e+02 5.5635900879e+02 5.5644097900e+02 5.5653198242e+02 5.5663299561e+02 5.5672900391e+02 5.5683197021e+02 5.5693701172e+02 5.5704302979e+02 5.5718902588e+02 5.5729998779e+02 5.5741302490e+02 5.5746600342e+02 5.5756799316e+02
5.5771801758e+02 5.5773999023e+02 5.5775701904e+02 5.5779498291e+02 5.5784399414e+02 5.5785302734e+02 5.5781201172e+02 5.5779797363e+02 5.5786901855e+02 5.5799102783e+02 5.5810198975e+02 5.5813500977e+02 5.5804602051e+02 5.5799102783e+02 5.5800402832e+02 5.5800299072e+02 5.5793402100e+02 5.5778900146e+02 5.5761297607e+02 5.5742102051e+02 5.5723699951e+02 5.5704699707e+02 5.5682397461e+02 5.5661199951e+02 5.5645300293e+02 5.5635101318e+02 5.5628900146e+02 5.5624401855e+02 5.5616699219e+02 5.5603497314e+02 5.5599700928e+02 5.5602600098e+02 5.5609600830e+02 5.5618597412e+02 5.5628802490e+02 5.5639202881e+02 5.5650500488e+02 5.5660998535e+02 5.5670898438e+02 5.5680102539e+02 5.5690600586e+02 5.5702001953e+02 5.5711102295e+02 5.5719897461e+02 5.5727801514e+02 5.5730999756e+02
5.5758099365e+02 5.5758502197e+02 5.5755999756e+02 5.5756097412e+02 5.5759100342e+02 5.5760101318e+02 5.5757000732e+02 5.5756201172e+02 5.5762701416e+02 5.5773901367e+02 5.5781097412e+02 5.5779400635e+02 5.5770202637e+02 5.5765197754e+02 5.5760900879e+02 5.5754998779e+02 5.5749902344e+02 5.5738397217e+02 5.5722302246e+02 5.5704699707e+02 5.5687597656e+02 5.5670501709e+02 5.5653698730e+02 5.5639801025e+02 5.5631201172e+02 5.5627502441e+02 5.5623999023e+02 5.5616601563e+02 5.5598699951e+02 5.5578997803e+02 5.5571899414e+02 5.5573797607e+02 5.5586602783e+02 5.5601202393e+02 5.5612597656e+02 5.5624298096e+02 5.5637298584e+02 5.5648400879e+02 5.5658300781e+02 5.5667401123e+02 5.5676800537e+02 5.5686602783e+02 5.5695098877e+02 5.5703100586e+02 5.5709802246e+02 5.5712701416e+02
5.5730499268e+02 5.5728198242e+02 5.5723297119e+02 5.5721697998e+02 5.5724499512e+02 5.5727398682e+02 5.5728302002e+02 5.5730102539e+02 5.5735900879e+02 5.5740399170e+02 5.5740002441e+02 5.5734100342e+02 5.5728002930e+02 5.5724597168e+02 5.5717901611e+02 5.5709899902e+02 5.5705200195e+02 5.5694396973e+02 5.5681402588e+02 5.5667602539e+02 5.5654498291e+02 5.5642401123e+02 5.5634002686e+02 5.5628900146e+02 5.5625701904e+02 5.5625701904e+02 5.5622698975e+02 5.5609899902e+02 5.5581896973e+02 5.5557501221e+02 5.5547100830e+02 5.5547497559e+02 5.5564898682e+02 5.5584497070e+02 5.5596997070e+02 5.5610101318e+02 5.5624499512e+02 5.5635699463e+02 5.5645501709e+02 5.5654498291e+02 5.5663098145e+02 5.5671697998e+02 5.5679498291e+02 5.5686798096e+02 5.5692797852e+02 5.5695800781e+02
5.5681201172e+02 5.5678601074e+02 5.5675000000e+02 5.5676000977e+02 5.5677801514e+02 5.5688800049e+02 5.5696099854e+02 5.5702001953e+02 5.5706500244e+02 5.5708898926e+02 5.5705102539e+02 5.5698199463e+02 5.5690698242e+02 5.5686297607e+02 5.5680200195e+02 5.5672900391e+02 5.5664398193e+02 5.5658398438e+02 5.5651501465e+02 5.5644000244e+02 5.5640100098e+02 5.5632000732e+02 5.5628900146e+02 5.5626898193e+02 5.5627301025e+02 5.5626702881e+02 5.5620098877e+02 5.5603302002e+02 5.5575701904e+02 5.5546899414e+02 5.5533599854e+02 5.5530700684e+02 5.5546398926e+02 5.5567297363e+02 5.5580200195e+02 5.5594299316e+02 5.5608502197e+02 5.5622399902e+02 5.5632202148e+02 5.5641400146e+02 5.5649499512e+02 5.5656597900e+02 5.5663500977e+02 5.5670098877e+02 5.5676098633e+02 5.5680700684e+02
5.5634497070e+02 5.5629498291e+02 5.5633099365e+02 5.5641198730e+02 5.5650299072e+02 5.5659899902e+02 5.5668200684e+02 5.5674298096e+02 5.5677197266e+02 5.5676599121e+02 5.5671301270e+02 5.5664501953e+02 5.5659002686e+02 5.5654602051e+02 5.5650299072e+02 5.5646197510e+02 5.5644598389e+02 5.5644097900e+02 5.5640899658e+02 5.5637200928e+02 5.5633599854e+02 5.5631701660e+02 5.5628601074e+02 5.5625000000e+02 5.5622601318e+02 5.5620501709e+02 5.5612500000e+02 5.5598400879e+02 5.5571502686e+02 5.5545397949e+02 5.5532702637e+02 5.5527801514e+02 5.5538299561e+02 5.5554101563e+02 5.5565399170e+02 5.5578601074e+02 5.5596301270e+02 5.5609698486e+02 5.5619097900e+02 5.5628002930e+02 5.5636297607e+02 5.5642999268e+02 5.5649499512e+02 5.5655603027e+02 5.5662097168e+02 5.5666198730e+02
5.5617999268e+02 5.5619000244e+02 5.5623901367e+02 5.5630700684e+02 5.5636199951e+02 5.5642102051e+02 5.5648297119e+02 5.5652197266e+02 5.5651501465e+02 5.5647302246e+02 5.5642297363e+02 5.5637799072e+02 5.5636499023e+02 5.5634197998e+02 5.5631701660e+02 5.5630297852e+02 5.5631799316e+02 5.5633099365e+02 5.5631799316e+02 5.5630102539e+02 5.5628399658e+02 5.5626702881e+02 5.5623797607e+02 5.5620397949e+02 5.5617401123e+02 5.5614697266e+02 5.5607501221e+02 5.5595001221e+02 5.5569598389e+02 5.5544396973e+02 5.5532397461e+02 5.5527398682e+02 5.5535198975e+02 5.5547497559e+02 5.5557501221e+02 5.5569500732e+02 5.5586102295e+02 5.5598901367e+02 5.5607501221e+02 5.5615698242e+02 5.5623797607e+02 5.5630700684e+02 5.5636999512e+02 5.5642901611e+02 5.5648602295e+02 5.5651599121e+02
5.5620001221e+02 5.5622698975e+02 5.5625201416e+02 5.5627398682e+02 5.5629199219e+02 5.5632800293e+02 5.5636297607e+02 5.5637402344e+02 5.5633697510e+02 5.5629199219e+02 5.5626202393e+02 5.5624798584e+02 5.5625299072e+02 5.5624102783e+02 5.5623498535e+02 5.5623901367e+02 5.5625097656e+02 5.5625299072e+02 5.5625201416e+02 5.5624798584e+02 5.5623797607e+02 5.5621197510e+02 5.5618103027e+02 5.5614398193e+02 5.5610797119e+02 5.5608001709e+02 5.5601599121e+02 5.5590997314e+02 5.5568597412e+02 5.5546099854e+02 5.5535498047e+02 5.5530999756e+02 5.5535900879e+02 5.5544396973e+02 5.5552899170e+02 5.5563299561e+02 5.5577801514e+02 5.5589202881e+02 5.5596997070e+02 5.5604602051e+02 5.5612200928e+02 5.5619201660e+02 5.5625201416e+02 5.5630798340e+02 5.5635699463e+02 5.5637701416e+02
5.5618499756e+02 5.5621197510e+02 5.5622698975e+02 5.5623498535e+02 5.5625897217e+02 5.5628100586e+02 5.5629302979e+02 5.5628900146e+02 5.5627801514e+02 5.5623999023e+02 5.5622900391e+02 5.5622302246e+02 5.5621600342e+02 5.5621197510e+02 5.5621600342e+02 5.5622198486e+02 5.5622998047e+02 5.5620898438e+02 5.5620098877e+02 5.5619000244e+02 5.5615698242e+02 5.5613397217e+02 5.5609497070e+02 5.5605200195e+02 5.5599597168e+02 5.5597399902e+02 5.5591802979e+02 5.5584197998e+02 5.5570001221e+02 5.5552600098e+02 5.5545098877e+02 5.5540698242e+02 5.5546398926e+02 5.5548901367e+02 5.5554302979e+02 5.5560900879e+02 5.5571502686e+02 5.5580798340e+02 5.5587200928e+02 5.5593499756e+02 5.5600799561e+02 5.5608599854e+02 5.5614099121e+02 5.5618902588e+02 5.5622698975e+02 5.5624401855e+02
5.5619201660e+02 5.5620397949e+02 5.5621002197e+02 5.5621301270e+02 5.5621600342e+02 5.5622302246e+02 5.5622601318e+02 5.5622100830e+02 5.5620898438e+02 5.5619396973e+02 5.5617901611e+02 5.5616802979e+02 5.5616400146e+02 5.5616601563e+02 5.5616497803e+02 5.5616400146e+02 5.5616601563e+02 5.5615698242e+02 5.5613800049e+02 5.5611297607e+02 5.5608099365e+02 5.5603997803e+02 5.5599902344e+02 5.5595697021e+02 5.5591302490e+02 5.5585998535e+02 5.5580401611e+02 5.5574298096e+02 5.5565100098e+02 5.5555999756e+02 5.5550500488e+02 5.5546502686e+02 5.5546398926e+02 5.5551501465e+02 5.5554998779e+02 5.5559301758e+02 5.5566601563e+02 5.5573999023e+02 5.5579302979e+02 5.5584899902e+02 5.5592199707e+02 5.5599200439e+02 5.5603900146e+02 5.5607800293e+02 5.5610601807e+02 5.5611297607e+02
5.5617999268e+02 5.5619201660e+02 5.5618798828e+02 5.5617700195e+02 5.5617297363e+02 5.5617797852e+02 5.5617199707e+02 5.5615997314e+02 5.5614801025e+02 5.5613800049e+02 5.5612402344e+02 5.5611297607e+02 5.5610900879e+02 5.5610900879e+02 5.5610498047e+02 5.5609997559e+02 5.5609899902e+02 5.5608697510e+02 5.5606701660e+02 5.5604101563e+02 5.5600402832e+02 5.5596099854e+02 5.5592199707e+02 5.5588000488e+02 5.5583502197e+02 5.5578302002e+02 5.5572802734e+02 5.5566802979e+02 5.5559997559e+02 5.5553997803e+02 5.5549499512e+02 5.5546301270e+02 5.5545599365e+02 5.5548901367e+02 5.5552001953e+02 5.5555902100e+02 5.5561602783e+02 5.5567297363e+02 5.5572198486e+02 5.5577301025e+02 5.5583697510e+02 5.5589801025e+02 5.5593902588e+02 5.5597198486e+02 5.5599102783e+02 5.5599200439e+02
5.5616101074e+02 5.5616699219e+02 5.5615802002e+02 5.5614202881e+02 5.5613598633e+02 5.5613598633e+02 5.5612402344e+02 5.5610797119e+02 5.5609100342e+02 5.5608001709e+02 5.5606701660e+02 5.5605700684e+02 5.5605200195e+02 5.5604797363e+02 5.5604101563e+02 5.5603302002e+02 5.5602697754e+02 5.5601397705e+02 5.5599200439e+02 5.5596600342e+02 5.5592700195e+02 5.5588598633e+02 5.5584802246e+02 5.5580798340e+02 5.5576397705e+02 5.5571301270e+02 5.5565997314e+02 5.5560198975e+02 5.5554797363e+02 5.5550799561e+02 5.5547198486e+02 5.5544799805e+02 5.5543902588e+02 5.5545898438e+02 5.5548699951e+02 5.5552197266e+02 5.5556597900e+02 5.5560998535e+02 5.5565301514e+02 5.5569897461e+02 5.5575500488e+02 5.5580603027e+02 5.5584100342e+02 5.5586901855e+02 5.5588098145e+02 5.5588098145e+02
