TESTSERVER/6/14.asc
NCOLS 100
NROWS 100
XLLCORNER 7.7997500000e+03
YLLCORNER 2.8925025000e+05
CELLSIZE 5.0000000000e-01
NODATA_VALUE -9.9990000000e+03
[rows 60 to 79 of 100, columns 46 to 91 of 100]
5.5375701904e+02 5.5378302002e+02 5.5380999756e+02 5.5382299805e+02 5.5382501221e+02 5.5383599854e+02 5.5386102295e+02 5.5388397217e+02 5.5389398193e+02 5.5389697266e+02 5.5390197754e+02 5.5391497803e+02 5.5392297363e+02 5.5392797852e+02 5.5392999268e+02 5.5392199707e+02 5.5391998291e+02 5.5391998291e+02 5.5391998291e+02 5.5391497803e+02 5.5391302490e+02 5.5390899658e+02 5.5390399170e+02 5.5390698242e+02 5.5390997314e+02 5.5391699219e+02 5.5393597412e+02 5.5393499756e+02 5.5393798828e+02 5.5393701172e+02 5.5393402100e+02 5.5392297363e+02 5.5391302490e+02 5.5390100098e+02 5.5388598633e+02 5.5384600830e+02 5.5382202148e+02 5.5379797363e+02 5.5377899170e+02 5.5378900146e+02 5.5376599121e+02 5.5373101807e+02 5.5370001221e+02 5.5365301514e+02 5.5359197998e+02 5.5354498291e+02
5.5374200439e+02 5.5378198242e+02 5.5381701660e+02 5.5382299805e+02 5.5382501221e+02 5.5383898926e+02 5.5387298584e+02 5.5389300537e+02 5.5390301514e+02 5.5390301514e+02 5.5390301514e+02 5.5391699219e+02 5.5392700195e+02 5.5393402100e+02 5.5393298340e+02 5.5392602539e+02 5.5392498779e+02 5.5392602539e+02 5.5392700195e+02 5.5392498779e+02 5.5392401123e+02 5.5392199707e+02 5.5391601563e+02 5.5391302490e+02 5.5391998291e+02 5.5393298340e+02 5.5396099854e+02 5.5398498535e+02 5.5398999023e+02 5.5398602295e+02 5.5396600342e+02 5.5395098877e+02 5.5393902588e+02 5.5392498779e+02 5.5390002441e+02 5.5386901855e+02 5.5384497070e+02 5.5381896973e+02 5.5379901123e+02 5.5378698730e+02 5.5376702881e+02 5.5374298096e+02 5.5374597168e+02 5.5371801758e+02 5.5364801025e+02 5.5358502197e+02
5.5375201416e+02 5.5378002930e+02 5.5380999756e+02 5.5381701660e+02 5.5382702637e+02 5.5384399414e+02 5.5386999512e+02 5.5388598633e+02 5.5389599609e+02 5.5390002441e+02 5.5390100098e+02 5.5391302490e+02 5.5392401123e+02 5.5392999268e+02 5.5393103027e+02 5.5392602539e+02 5.5392700195e+02 5.5392999268e+02 5.5393298340e+02 5.5393298340e+02 5.5393402100e+02 5.5393298340e+02 5.5392700195e+02 5.5392498779e+02 5.5393103027e+02 5.5394396973e+02 5.5398498535e+02 5.5402001953e+02 5.5402600098e+02 5.5401898193e+02 5.5399200439e+02 5.5396997070e+02 5.5395397949e+02 5.5393597412e+02 5.5391101074e+02 5.5388201904e+02 5.5385797119e+02 5.5383300781e+02 5.5381298828e+02 5.5379797363e+02 5.5377301025e+02 5.5374401855e+02 5.5374700928e+02 5.5372601318e+02 5.5365301514e+02 5.5358099365e+02
5.5375701904e+02 5.5377301025e+02 5.5379797363e+02 5.5381298828e+02 5.5383099365e+02 5.5384497070e+02 5.5385400391e+02 5.5386602783e+02 5.5387902832e+02 5.5389001465e+02 5.5389801025e+02 5.5390698242e+02 5.5391601563e+02 5.5392199707e+02 5.5392498779e+02 5.5392401123e+02 5.5392700195e+02 5.5393200684e+02 5.5393597412e+02 5.5393798828e+02 5.5394097900e+02 5.5394201660e+02 5.5393902588e+02 5.5393499756e+02 5.5394201660e+02 5.5395599365e+02 5.5400402832e+02 5.5404797363e+02 5.5405200195e+02 5.5404302979e+02 5.5401000977e+02 5.5398101807e+02 5.5396301270e+02 5.5394201660e+02 5.5391699219e+02 5.5389202881e+02 5.5386798096e+02 5.5384301758e+02 5.5382202148e+02 5.5380102539e+02 5.5377099609e+02 5.5373699951e+02 5.5371997070e+02 5.5369097900e+02 5.5362500000e+02 5.5355798340e+02
5.5374798584e+02 5.5375598145e+02 5.5377697754e+02 5.5380102539e+02 5.5382299805e+02 5.5383697510e+02 5.5383398438e+02 5.5384600830e+02 5.5386199951e+02 5.5388201904e+02 5.5389801025e+02 5.5390197754e+02 5.5390802002e+02 5.5391198730e+02 5.5391802979e+02 5.5391900635e+02 5.5392401123e+02 5.5393298340e+02 5.5394097900e+02 5.5394000244e+02 5.5394396973e+02 5.5394897461e+02 5.5395202637e+02 5.5394799805e+02 5.5395501709e+02 5.5397698975e+02 5.5405200195e+02 5.5408599854e+02 5.5409100342e+02 5.5407397461e+02 5.5403497314e+02 5.5398199463e+02 5.5395397949e+02 5.5393103027e+02 5.5390997314e+02 5.5389898682e+02 5.5387597656e+02 5.5385101318e+02 5.5382299805e+02 5.5379797363e+02 5.5376397705e+02 5.5372399902e+02 5.5367297363e+02 5.5363000488e+02 5.5357897949e+02 5.5353399658e+02
5.5374298096e+02 5.5376098633e+02 5.5377301025e+02 5.5378399658e+02 5.5380902100e+02 5.5383099365e+02 5.5384100342e+02 5.5384698486e+02 5.5385302734e+02 5.5386999512e+02 5.5389099121e+02 5.5390197754e+02 5.5390600586e+02 5.5390698242e+02 5.5390899658e+02 5.5390997314e+02 5.5391497803e+02 5.5392297363e+02 5.5392700195e+02 5.5392901611e+02 5.5393298340e+02 5.5394000244e+02 5.5395098877e+02 5.5395202637e+02 5.5395599365e+02 5.5398602295e+02 5.5405700684e+02 5.5411199951e+02 5.5412200928e+02 5.5409698486e+02 5.5403002930e+02 5.5396997070e+02 5.5394201660e+02 5.5392401123e+02 5.5391802979e+02 5.5390899658e+02 5.5389001465e+02 5.5386499023e+02 5.5383898926e+02 5.5381097412e+02 5.5377001953e+02 5.5372198486e+02 5.5366802979e+02 5.5361102295e+02 5.5356298828e+02 5.5352801514e+02
5.5372998047e+02 5.5375299072e+02 5.5375897217e+02 5.5376898193e+02 5.5379498291e+02 5.5383197021e+02 5.5386401367e+02 5.5386297607e+02 5.5386102295e+02 5.5386999512e+02 5.5389501953e+02 5.5390600586e+02 5.5390802002e+02 5.5390600586e+02 5.5390399170e+02 5.5390698242e+02 5.5391198730e+02 5.5391699219e+02 5.5391802979e+02 5.5392498779e+02 5.5392999268e+02 5.5393499756e+02 5.5394396973e+02 5.5394396973e+02 5.5394201660e+02 5.5396502686e+02 5.5403198242e+02 5.5408197021e+02 5.5409301758e+02 5.5407098389e+02 5.5400897217e+02 5.5396002197e+02 5.5393902588e+02 5.5392901611e+02 5.5392797852e+02 5.5392102051e+02 5.5390301514e+02 5.5388000488e+02 5.5385601807e+02 5.5382299805e+02 5.5377600098e+02 5.5372198486e+02 5.5366400146e+02 5.5360302734e+02 5.5355200195e+02 5.5351397705e+02
5.5370898438e+02 5.5373101807e+02 5.5373602295e+02 5.5375201416e+02 5.5378100586e+02 5.5382501221e+02 5.5387500000e+02 5.5388098145e+02 5.5387597656e+02 5.5388201904e+02 5.5391302490e+02 5.5391601563e+02 5.5391198730e+02 5.5390600586e+02 5.5390197754e+02 5.5390698242e+02 5.5391198730e+02 5.5391601563e+02 5.5391400146e+02 5.5392498779e+02 5.5392999268e+02 5.5393200684e+02 5.5393597412e+02 5.5393701172e+02 5.5392901611e+02 5.5394000244e+02 5.5398400879e+02 5.5402502441e+02 5.5403601074e+02 5.5401800537e+02 5.5397399902e+02 5.5394500732e+02 5.5393597412e+02 5.5393402100e+02 5.5393798828e+02 5.5393103027e+02 5.5391601563e+02 5.5389398193e+02 5.5387200928e+02 5.5383398438e+02 5.5378100586e+02 5.5372100830e+02 5.5365698242e+02 5.5359100342e+02 5.5353497314e+02 5.5349401855e+02
5.5368499756e+02 5.5370098877e+02 5.5369897461e+02 5.5372698975e+02 5.5375201416e+02 5.5378002930e+02 5.5383300781e+02 5.5386901855e+02 5.5388000488e+02 5.5389599609e+02 5.5392999268e+02 5.5392700195e+02 5.5391198730e+02 5.5390301514e+02 5.5390301514e+02 5.5390899658e+02 5.5391400146e+02 5.5391497803e+02 5.5391198730e+02 5.5392297363e+02 5.5393103027e+02 5.5393200684e+02 5.5392999268e+02 5.5393402100e+02 5.5392901611e+02 5.5392901611e+02 5.5393701172e+02 5.5394702148e+02 5.5395300293e+02 5.5394598389e+02 5.5393597412e+02 5.5392901611e+02 5.5393103027e+02 5.5394097900e+02 5.5395098877e+02 5.5394500732e+02 5.5393298340e+02 5.5391400146e+02 5.5389697266e+02 5.5384600830e+02 5.5378601074e+02 5.5371801758e+02 5.5364300537e+02 5.5357202148e+02 5.5351098633e+02 5.5346899414e+02
5.5365698242e+02 5.5366302490e+02 5.5366302490e+02 5.5369897461e+02 5.5372399902e+02 5.5374102783e+02 5.5377600098e+02 5.5381799316e+02 5.5384899902e+02 5.5388201904e+02 5.5391802979e+02 5.5391601563e+02 5.5390197754e+02 5.5389398193e+02 5.5389898682e+02 5.5390698242e+02 5.5391198730e+02 5.5391302490e+02 5.5391302490e+02 5.5391802979e+02 5.5392401123e+02 5.5392602539e+02 5.5392901611e+02 5.5393200684e+02 5.5393200684e+02 5.5393103027e+02 5.5392901611e+02 5.5392199707e+02 5.5392102051e+02 5.5392102051e+02 5.5392297363e+02 5.5392401123e+02 5.5393499756e+02 5.5395001221e+02 5.5395501709e+02 5.5395001221e+02 5.5393902588e+02 5.5391900635e+02 5.5389300537e+02 5.5384802246e+02 5.5378497314e+02 5.5371398926e+02 5.5363598633e+02 5.5355297852e+02 5.5348602295e+02 5.5344702148e+02
5.5363098145e+02 5.5363598633e+02 5.5364501953e+02 5.5367901611e+02 5.5370001221e+02 5.5370300293e+02 5.5370800781e+02 5.5374401855e+02 5.5378900146e+02 5.5384600830e+02 5.5390197754e+02 5.5390698242e+02 5.5389398193e+02 5.5388702393e+02 5.5389599609e+02 5.5390502930e+02 5.5391101074e+02 5.5391699219e+02 5.5392199707e+02 5.5392102051e+02 5.5392401123e+02 5.5392602539e+02 5.5392901611e+02 5.5393103027e+02 5.5393103027e+02 5.5393103027e+02 5.5392797852e+02 5.5391802979e+02 5.5391497803e+02 5.5391601563e+02 5.5391900635e+02 5.5392401123e+02 5.5393798828e+02 5.5395202637e+02 5.5395300293e+02 5.5394500732e+02 5.5393298340e+02 5.5391101074e+02 5.5388098145e+02 5.5383502197e+02 5.5377398682e+02 5.5370397949e+02 5.5362799072e+02 5.5353802490e+02 5.5346697998e+02 5.5342797852e+02
5.5359997559e+02 5.5360198975e+02 5.5362701416e+02 5.5365698242e+02 5.5367602539e+02 5.5366998291e+02 5.5364801025e+02 5.5367297363e+02 5.5373297119e+02 5.5381500244e+02 5.5389898682e+02 5.5390802002e+02 5.5389300537e+02 5.5388299561e+02 5.5389099121e+02 5.5389801025e+02 5.5390698242e+02 5.5391900635e+02 5.5393200684e+02 5.5393103027e+02 5.5393103027e+02 5.5392901611e+02 5.5392999268e+02 5.5392999268e+02 5.5392999268e+02 5.5392999268e+02 5.5392797852e+02 5.5391900635e+02 5.5391497803e+02 5.5391302490e+02 5.5391601563e+02 5.5392401123e+02 5.5393402100e+02 5.5394396973e+02 5.5394396973e+02 5.5393798828e+02 5.5392401123e+02 5.5389801025e+02 5.5386297607e+02 5.5381500244e+02 5.5375598145e+02 5.5368902588e+02 5.5361199951e+02 5.5352001953e+02 5.5344702148e+02 5.5340698242e+02
5.5355700684e+02 5.5356298828e+02 5.5358300781e+02 5.5362902832e+02 5.5364599609e+02 5.5363397217e+02 5.5362097168e+02 5.5364501953e+02 5.5372100830e+02 5.5381799316e+02 5.5391699219e+02 5.5391302490e+02 5.5389398193e+02 5.5388299561e+02 5.5388598633e+02 5.5388299561e+02 5.5389300537e+02 5.5391400146e+02 5.5392999268e+02 5.5394201660e+02 5.5394201660e+02 5.5393298340e+02 5.5392797852e+02 5.5393200684e+02 5.5393200684e+02 5.5393103027e+02 5.5392700195e+02 5.5392199707e+02 5.5391802979e+02 5.5391497803e+02 5.5391699219e+02 5.5392297363e+02 5.5392901611e+02 5.5393298340e+02 5.5393200684e+02 5.5393200684e+02 5.5391699219e+02 5.5388598633e+02 5.5384600830e+02 5.5379101563e+02 5.5373199463e+02 5.5366802979e+02 5.5359301758e+02 5.5349798584e+02 5.5342901611e+02 5.5338500977e+02
5.5351800537e+02 5.5352801514e+02 5.5355700684e+02 5.5358697510e+02 5.5358801270e+02 5.5358001709e+02 5.5362402344e+02 5.5373699951e+02 5.5383599854e+02 5.5390197754e+02 5.5392602539e+02 5.5390301514e+02 5.5388897705e+02 5.5388897705e+02 5.5389099121e+02 5.5387902832e+02 5.5387701416e+02 5.5388897705e+02 5.5391101074e+02 5.5393902588e+02 5.5394299316e+02 5.5393200684e+02 5.5392199707e+02 5.5391900635e+02 5.5392199707e+02 5.5392901611e+02 5.5393798828e+02 5.5394598389e+02 5.5393902588e+02 5.5392901611e+02 5.5392901611e+02 5.5392999268e+02 5.5392901611e+02 5.5392700195e+02 5.5392901611e+02 5.5393298340e+02 5.5391400146e+02 5.5387402344e+02 5.5381799316e+02 5.5376000977e+02 5.5370300293e+02 5.5364202881e+02 5.5357397461e+02 5.5348999023e+02 5.5341699219e+02 5.5335998535e+02
5.5348199463e+02 5.5349401855e+02 5.5352099609e+02 5.5352899170e+02 5.5351800537e+02 5.5352600098e+02 5.5360900879e+02 5.5378002930e+02 5.5388800049e+02 5.5392700195e+02 5.5391601563e+02 5.5390301514e+02 5.5389599609e+02 5.5389697266e+02 5.5389501953e+02 5.5388500977e+02 5.5388201904e+02 5.5388598633e+02 5.5390399170e+02 5.5393298340e+02 5.5393902588e+02 5.5393103027e+02 5.5392102051e+02 5.5391998291e+02 5.5392602539e+02 5.5393499756e+02 5.5394897461e+02 5.5396301270e+02 5.5395300293e+02 5.5393798828e+02 5.5393597412e+02 5.5393499756e+02 5.5392999268e+02 5.5392602539e+02 5.5393103027e+02 5.5392999268e+02 5.5390301514e+02 5.5385198975e+02 5.5378497314e+02 5.5372497559e+02 5.5366699219e+02 5.5360601807e+02 5.5353900146e+02 5.5346899414e+02 5.5339599609e+02 5.5333099365e+02
5.5344396973e+02 5.5345697021e+02 5.5347998047e+02 5.5347100830e+02 5.5345599365e+02 5.5347399902e+02 5.5356201172e+02 5.5374200439e+02 5.5382501221e+02 5.5383502197e+02 5.5383197021e+02 5.5386401367e+02 5.5387902832e+02 5.5389398193e+02 5.5389398193e+02 5.5388702393e+02 5.5389599609e+02 5.5390399170e+02 5.5390802002e+02 5.5392401123e+02 5.5392999268e+02 5.5392602539e+02 5.5391998291e+02 5.5392602539e+02 5.5393103027e+02 5.5393499756e+02 5.5394000244e+02 5.5395300293e+02 5.5394702148e+02 5.5393597412e+02 5.5393798828e+02 5.5393701172e+02 5.5393103027e+02 5.5392901611e+02 5.5393298340e+02 5.5391900635e+02 5.5387902832e+02 5.5381701660e+02 5.5374499512e+02 5.5368200684e+02 5.5361901855e+02 5.5355700684e+02 5.5349102783e+02 5.5343499756e+02 5.5336999512e+02 5.5330297852e+02
5.5340399170e+02 5.5341699219e+02 5.5342297363e+02 5.5341699219e+02 5.5341400146e+02 5.5344000244e+02 5.5349200439e+02 5.5365399170e+02 5.5368103027e+02 5.5364001465e+02 5.5366699219e+02 5.5373602295e+02 5.5378698730e+02 5.5384698486e+02 5.5389697266e+02 5.5387701416e+02 5.5389099121e+02 5.5390100098e+02 5.5389300537e+02 5.5390600586e+02 5.5390997314e+02 5.5390899658e+02 5.5391198730e+02 5.5392498779e+02 5.5393402100e+02 5.5392498779e+02 5.5390002441e+02 5.5391497803e+02 5.5392498779e+02 5.5392797852e+02 5.5393499756e+02 5.5392901611e+02 5.5392602539e+02 5.5392602539e+02 5.5391497803e+02 5.5388702393e+02 5.5383502197e+02 5.5376898193e+02 5.5368798828e+02 5.5362402344e+02 5.5355700684e+02 5.5349102783e+02 5.5344000244e+02 5.5339398193e+02 5.5333801270e+02 5.5327697754e+02
5.5336602783e+02 5.5337298584e+02 5.5337500000e+02 5.5336700439e+02 5.5337200928e+02 5.5339300537e+02 5.5340802002e+02 5.5347998047e+02 5.5350097656e+02 5.5348400879e+02 5.5355102539e+02 5.5360400391e+02 5.5365301514e+02 5.5374401855e+02 5.5385101318e+02 5.5387500000e+02 5.5388098145e+02 5.5388000488e+02 5.5387500000e+02 5.5388702393e+02 5.5389099121e+02 5.5389599609e+02 5.5390301514e+02 5.5391400146e+02 5.5392401123e+02 5.5391198730e+02 5.5388299561e+02 5.5389398193e+02 5.5390997314e+02 5.5391601563e+02 5.5391802979e+02 5.5391497803e+02 5.5391601563e+02 5.5391497803e+02 5.5389697266e+02 5.5384997559e+02 5.5379302979e+02 5.5372302246e+02 5.5364001465e+02 5.5356201172e+02 5.5348999023e+02 5.5342297363e+02 5.5337500000e+02 5.5333398438e+02 5.5328802490e+02 5.5324298096e+02
5.5332202148e+02 5.5332299805e+02 5.5332202148e+02 5.5332397461e+02 5.5333001709e+02 5.5332897949e+02 5.5331896973e+02 5.5332800293e+02 5.5335302734e+02 5.5337200928e+02 5.5343402100e+02 5.5348400879e+02 5.5354302979e+02 5.5364501953e+02 5.5377502441e+02 5.5383801270e+02 5.5384802246e+02 5.5384802246e+02 5.5385601807e+02 5.5389398193e+02 5.5391302490e+02 5.5391400146e+02 5.5390002441e+02 5.5389001465e+02 5.5388897705e+02 5.5388201904e+02 5.5387298584e+02 5.5388598633e+02 5.5390197754e+02 5.5390802002e+02 5.5390600586e+02 5.5390802002e+02 5.5390899658e+02 5.5390399170e+02 5.5388299561e+02 5.5383001709e+02 5.5376599121e+02 5.5368701172e+02 5.5359497070e+02 5.5350402832e+02 5.5341998291e+02 5.5334899902e+02 5.5329998779e+02 5.5326300049e+02 5.5323199463e+02 5.5320001221e+02
5.5328198242e+02 5.5327801514e+02 5.5327398682e+02 5.5329602051e+02 5.5329797363e+02 5.5327502441e+02 5.5325097656e+02 5.5324597168e+02 5.5326300049e+02 5.5327502441e+02 5.5330999756e+02 5.5337097168e+02 5.5344000244e+02 5.5353601074e+02 5.5365301514e+02 5.5372900391e+02 5.5374700928e+02 5.5375701904e+02 5.5378399658e+02 5.5387402344e+02 5.5393402100e+02 5.5394000244e+02 5.5390002441e+02 5.5388201904e+02 5.5387799072e+02 5.5387597656e+02 5.5387097168e+02 5.5387701416e+02 5.5388897705e+02 5.5389898682e+02 5.5390301514e+02 5.5390899658e+02 5.5390698242e+02 5.5389801025e+02 5.5387097168e+02 5.5381201172e+02 5.5373901367e+02 5.5365100098e+02 5.5354998779e+02 5.5344299316e+02 5.5334600830e+02 5.5326800537e+02 5.5321801758e+02 5.5318499756e+02 5.5316601563e+02 5.5314801025e+02
