TESTSERVER/6/15.asc
NCOLS 100
NROWS 100
XLLCORNER 7.7997500000e+03
YLLCORNER 2.8920025000e+05
CELLSIZE 5.0000000000e-01
NODATA_VALUE -9.9990000000e+03
[rows 60 to 79 of 100, columns 46 to 91 of 100]
5.5076800537e+02 5.5076898193e+02 5.5077001953e+02 5.5077697754e+02 5.5077899170e+02 5.5078198242e+02 5.5077899170e+02 5.5078100586e+02 5.5077301025e+02 5.5075000000e+02 5.5075799561e+02 5.5082299805e+02 5.5091497803e+02 5.5094897461e+02 5.5087902832e+02 5.5079101563e+02 5.5077398682e+02 5.5078302002e+02 5.5078302002e+02 5.5078198242e+02 5.5077801514e+02 5.5077398682e+02 5.5077001953e+02 5.5077001953e+02 5.5077600098e+02 5.5077301025e+02 5.5076000977e+02 5.5075402832e+02 5.5075000000e+02 5.5075097656e+02 5.5076397705e+02 5.5076702881e+02 5.5077001953e+02 5.5076098633e+02 5.5075500488e+02 5.5077099609e+02 5.5077001953e+02 5.5077697754e+02 5.5076397705e+02 5.5078198242e+02 5.5078601074e+02 5.5079199219e+02 5.5079699707e+02 5.5079998779e+02 5.5080297852e+02 5.5080700684e+02
5.5074597168e+02 5.5075097656e+02 5.5073999023e+02 5.5075201416e+02 5.5075897217e+02 5.5075799561e+02 5.5075799561e+02 5.5076397705e+02 5.5075598145e+02 5.5072900391e+02 5.5071997070e+02 5.5072900391e+02 5.5078100586e+02 5.5085998535e+02 5.5087799072e+02 5.5082897949e+02 5.5077398682e+02 5.5075097656e+02 5.5076202393e+02 5.5076000977e+02 5.5075701904e+02 5.5075299072e+02 5.5075402832e+02 5.5075299072e+02 5.5075097656e+02 5.5074401855e+02 5.5073602295e+02 5.5073797607e+02 5.5073199463e+02 5.5072698975e+02 5.5073199463e+02 5.5073999023e+02 5.5074298096e+02 5.5074401855e+02 5.5074798584e+02 5.5076098633e+02 5.5075201416e+02 5.5075201416e+02 5.5075598145e+02 5.5076397705e+02 5.5076300049e+02 5.5076599121e+02 5.5076098633e+02 5.5077697754e+02 5.5078497314e+02 5.5078302002e+02
5.5072100830e+02 5.5072601318e+02 5.5072497559e+02 5.5074298096e+02 5.5074700928e+02 5.5073999023e+02 5.5074102783e+02 5.5075000000e+02 5.5073297119e+02 5.5071997070e+02 5.5072698975e+02 5.5071002197e+02 5.5071197510e+02 5.5074298096e+02 5.5079199219e+02 5.5083398438e+02 5.5080999756e+02 5.5075500488e+02 5.5073699951e+02 5.5073297119e+02 5.5073400879e+02 5.5073297119e+02 5.5073101807e+02 5.5073400879e+02 5.5073498535e+02 5.5071600342e+02 5.5070501709e+02 5.5071600342e+02 5.5070800781e+02 5.5070501709e+02 5.5070898438e+02 5.5070898438e+02 5.5071398926e+02 5.5071997070e+02 5.5072399902e+02 5.5072802734e+02 5.5071899414e+02 5.5073199463e+02 5.5074102783e+02 5.5074298096e+02 5.5074401855e+02 5.5075402832e+02 5.5074700928e+02 5.5075097656e+02 5.5075701904e+02 5.5075897217e+02
5.5069396973e+02 5.5070098877e+02 5.5071502686e+02 5.5071899414e+02 5.5072302246e+02 5.5071801758e+02 5.5071398926e+02 5.5072100830e+02 5.5070098877e+02 5.5069396973e+02 5.5071801758e+02 5.5070397949e+02 5.5070397949e+02 5.5069396973e+02 5.5070501709e+02 5.5080297852e+02 5.5085302734e+02 5.5080999756e+02 5.5073901367e+02 5.5070397949e+02 5.5070300293e+02 5.5070800781e+02 5.5070300293e+02 5.5070800781e+02 5.5071502686e+02 5.5069201660e+02 5.5068597412e+02 5.5069702148e+02 5.5068200684e+02 5.5067999268e+02 5.5068499756e+02 5.5068597412e+02 5.5069097900e+02 5.5069702148e+02 5.5069799805e+02 5.5069799805e+02 5.5069000244e+02 5.5070898438e+02 5.5071600342e+02 5.5071502686e+02 5.5071398926e+02 5.5072601318e+02 5.5072399902e+02 5.5072802734e+02 5.5073101807e+02 5.5073101807e+02
5.5067297363e+02 5.5069000244e+02 5.5069799805e+02 5.5069500732e+02 5.5070001221e+02 5.5069396973e+02 5.5068597412e+02 5.5069702148e+02 5.5067199707e+02 5.5066699219e+02 5.5070202637e+02 5.5067901611e+02 5.5068103027e+02 5.5068298340e+02 5.5068103027e+02 5.5070300293e+02 5.5079998779e+02 5.5084698486e+02 5.5080102539e+02 5.5072302246e+02 5.5069201660e+02 5.5068798828e+02 5.5066900635e+02 5.5067498779e+02 5.5068499756e+02 5.5067498779e+02 5.5068499756e+02 5.5067901611e+02 5.5065502930e+02 5.5065197754e+02 5.5066198730e+02 5.5067602539e+02 5.5067401123e+02 5.5066900635e+02 5.5066601563e+02 5.5066900635e+02 5.5066802979e+02 5.5068103027e+02 5.5068701172e+02 5.5069097900e+02 5.5068798828e+02 5.5069799805e+02 5.5070098877e+02 5.5070898438e+02 5.5071899414e+02 5.5071997070e+02
5.5065802002e+02 5.5066699219e+02 5.5066101074e+02 5.5067199707e+02 5.5068597412e+02 5.5067999268e+02 5.5067498779e+02 5.5067700195e+02 5.5066400146e+02 5.5065802002e+02 5.5067297363e+02 5.5065802002e+02 5.5065899658e+02 5.5065997314e+02 5.5064801025e+02 5.5063702393e+02 5.5069299316e+02 5.5077001953e+02 5.5082397461e+02 5.5078497314e+02 5.5069799805e+02 5.5065600586e+02 5.5065399170e+02 5.5066302490e+02 5.5066198730e+02 5.5065301514e+02 5.5065899658e+02 5.5065600586e+02 5.5063897705e+02 5.5063201904e+02 5.5064001465e+02 5.5064398193e+02 5.5065197754e+02 5.5065002441e+02 5.5064001465e+02 5.5064099121e+02 5.5064697266e+02 5.5066101074e+02 5.5067401123e+02 5.5066998291e+02 5.5066400146e+02 5.5067102051e+02 5.5067700195e+02 5.5068701172e+02 5.5069897461e+02 5.5070001221e+02
5.5064398193e+02 5.5064398193e+02 5.5063598633e+02 5.5064697266e+02 5.5066198730e+02 5.5066302490e+02 5.5066198730e+02 5.5065399170e+02 5.5064599609e+02 5.5064501953e+02 5.5065698242e+02 5.5065197754e+02 5.5066198730e+02 5.5065802002e+02 5.5063397217e+02 5.5061401367e+02 5.5060900879e+02 5.5064898682e+02 5.5075299072e+02 5.5081298828e+02 5.5074298096e+02 5.5066198730e+02 5.5063500977e+02 5.5063897705e+02 5.5064099121e+02 5.5063397217e+02 5.5063000488e+02 5.5063000488e+02 5.5062097168e+02 5.5061999512e+02 5.5061602783e+02 5.5061499023e+02 5.5062902832e+02 5.5062799072e+02 5.5061102295e+02 5.5061602783e+02 5.5062298584e+02 5.5063702393e+02 5.5064599609e+02 5.5063702393e+02 5.5064501953e+02 5.5065002441e+02 5.5065002441e+02 5.5065600586e+02 5.5066497803e+02 5.5067199707e+02
5.5061798096e+02 5.5061901855e+02 5.5062200928e+02 5.5063299561e+02 5.5063897705e+02 5.5063800049e+02 5.5064202881e+02 5.5063598633e+02 5.5063299561e+02 5.5064099121e+02 5.5064398193e+02 5.5063299561e+02 5.5064099121e+02 5.5063598633e+02 5.5061297607e+02 5.5060797119e+02 5.5059002686e+02 5.5058898926e+02 5.5064300537e+02 5.5075000000e+02 5.5076800537e+02 5.5072198486e+02 5.5065899658e+02 5.5061602783e+02 5.5061700439e+02 5.5061798096e+02 5.5060498047e+02 5.5060998535e+02 5.5059600830e+02 5.5059301758e+02 5.5059899902e+02 5.5059600830e+02 5.5060101318e+02 5.5059301758e+02 5.5058801270e+02 5.5060198975e+02 5.5060400391e+02 5.5061499023e+02 5.5062097168e+02 5.5061401367e+02 5.5063000488e+02 5.5063299561e+02 5.5063201904e+02 5.5063397217e+02 5.5064099121e+02 5.5065301514e+02
5.5061102295e+02 5.5060998535e+02 5.5061499023e+02 5.5062701416e+02 5.5062701416e+02 5.5062097168e+02 5.5062799072e+02 5.5062402344e+02 5.5061199951e+02 5.5061102295e+02 5.5059997559e+02 5.5059698486e+02 5.5060699463e+02 5.5059997559e+02 5.5058300781e+02 5.5059100342e+02 5.5059197998e+02 5.5058801270e+02 5.5059497070e+02 5.5061700439e+02 5.5067602539e+02 5.5072100830e+02 5.5069299316e+02 5.5061199951e+02 5.5058300781e+02 5.5059399414e+02 5.5058898926e+02 5.5059600830e+02 5.5057202148e+02 5.5055603027e+02 5.5058300781e+02 5.5057897949e+02 5.5057000732e+02 5.5056701660e+02 5.5057098389e+02 5.5058099365e+02 5.5057299805e+02 5.5057702637e+02 5.5059197998e+02 5.5059100342e+02 5.5059497070e+02 5.5060302734e+02 5.5060400391e+02 5.5061401367e+02 5.5062799072e+02 5.5063702393e+02
5.5058898926e+02 5.5058801270e+02 5.5059002686e+02 5.5060400391e+02 5.5060498047e+02 5.5060101318e+02 5.5061102295e+02 5.5060797119e+02 5.5059899902e+02 5.5058801270e+02 5.5058099365e+02 5.5059301758e+02 5.5059997559e+02 5.5059399414e+02 5.5058398438e+02 5.5058197021e+02 5.5057397461e+02 5.5057000732e+02 5.5057501221e+02 5.5055999756e+02 5.5058197021e+02 5.5064202881e+02 5.5067999268e+02 5.5065802002e+02 5.5060400391e+02 5.5057098389e+02 5.5056298828e+02 5.5057098389e+02 5.5056402588e+02 5.5055401611e+02 5.5055401611e+02 5.5055102539e+02 5.5054498291e+02 5.5054602051e+02 5.5053997803e+02 5.5054602051e+02 5.5054699707e+02 5.5055798340e+02 5.5056500244e+02 5.5056500244e+02 5.5056896973e+02 5.5058599854e+02 5.5059100342e+02 5.5060101318e+02 5.5060400391e+02 5.5060998535e+02
5.5056701660e+02 5.5057000732e+02 5.5056500244e+02 5.5057397461e+02 5.5058197021e+02 5.5058197021e+02 5.5058502197e+02 5.5058300781e+02 5.5058197021e+02 5.5058197021e+02 5.5057202148e+02 5.5058001709e+02 5.5059002686e+02 5.5058197021e+02 5.5057299805e+02 5.5056701660e+02 5.5055603027e+02 5.5054901123e+02 5.5054797363e+02 5.5051000977e+02 5.5050500488e+02 5.5055102539e+02 5.5061401367e+02 5.5066699219e+02 5.5065502930e+02 5.5060198975e+02 5.5054400635e+02 5.5053302002e+02 5.5054498291e+02 5.5053997803e+02 5.5052697754e+02 5.5053802490e+02 5.5053198242e+02 5.5052801514e+02 5.5051800537e+02 5.5051202393e+02 5.5051702881e+02 5.5053601074e+02 5.5053601074e+02 5.5053698730e+02 5.5054498291e+02 5.5056097412e+02 5.5056402588e+02 5.5056896973e+02 5.5057598877e+02 5.5058801270e+02
5.5054998779e+02 5.5055603027e+02 5.5055102539e+02 5.5055700684e+02 5.5056799316e+02 5.5056799316e+02 5.5056500244e+02 5.5056402588e+02 5.5056298828e+02 5.5056500244e+02 5.5054797363e+02 5.5054602051e+02 5.5056799316e+02 5.5056201172e+02 5.5054901123e+02 5.5054498291e+02 5.5053698730e+02 5.5053100586e+02 5.5052697754e+02 5.5048797607e+02 5.5047399902e+02 5.5049798584e+02 5.5053997803e+02 5.5060198975e+02 5.5065899658e+02 5.5065197754e+02 5.5057000732e+02 5.5051098633e+02 5.5051898193e+02 5.5052398682e+02 5.5051800537e+02 5.5052801514e+02 5.5051800537e+02 5.5051501465e+02 5.5051000977e+02 5.5049700928e+02 5.5049597168e+02 5.5051202393e+02 5.5050897217e+02 5.5051599121e+02 5.5052502441e+02 5.5053100586e+02 5.5052600098e+02 5.5053997803e+02 5.5055102539e+02 5.5056597900e+02
5.5053302002e+02 5.5052899170e+02 5.5052099609e+02 5.5053900146e+02 5.5054602051e+02 5.5054199219e+02 5.5054699707e+02 5.5054602051e+02 5.5054797363e+02 5.5054602051e+02 5.5053002930e+02 5.5053698730e+02 5.5055499268e+02 5.5054101563e+02 5.5052301025e+02 5.5052099609e+02 5.5052099609e+02 5.5052801514e+02 5.5053497314e+02 5.5050701904e+02 5.5049902344e+02 5.5050402832e+02 5.5051702881e+02 5.5050701904e+02 5.5057598877e+02 5.5064599609e+02 5.5064001465e+02 5.5053302002e+02 5.5048699951e+02 5.5049102783e+02 5.5050201416e+02 5.5049102783e+02 5.5048999023e+02 5.5049200439e+02 5.5049102783e+02 5.5048199463e+02 5.5048602295e+02 5.5048901367e+02 5.5048297119e+02 5.5049298096e+02 5.5050299072e+02 5.5050701904e+02 5.5050598145e+02 5.5051098633e+02 5.5051800537e+02 5.5053002930e+02
5.5051501465e+02 5.5052801514e+02 5.5052197266e+02 5.5052502441e+02 5.5053100586e+02 5.5053002930e+02 5.5053002930e+02 5.5052398682e+02 5.5052099609e+02 5.5051702881e+02 5.5052197266e+02 5.5053002930e+02 5.5053497314e+02 5.5052099609e+02 5.5051202393e+02 5.5050701904e+02 5.5050701904e+02 5.5051800537e+02 5.5052502441e+02 5.5051300049e+02 5.5050000000e+02 5.5049200439e+02 5.5049401855e+02 5.5047302246e+02 5.5050701904e+02 5.5057202148e+02 5.5059997559e+02 5.5059997559e+02 5.5053100586e+02 5.5047698975e+02 5.5046997070e+02 5.5046801758e+02 5.5047198486e+02 5.5047399902e+02 5.5047198486e+02 5.5046099854e+02 5.5046197510e+02 5.5046197510e+02 5.5045800781e+02 5.5046099854e+02 5.5047302246e+02 5.5048297119e+02 5.5048699951e+02 5.5049102783e+02 5.5049401855e+02 5.5050000000e+02
5.5049700928e+02 5.5051300049e+02 5.5051300049e+02 5.5051300049e+02 5.5051397705e+02 5.5051000977e+02 5.5050500488e+02 5.5050201416e+02 5.5049902344e+02 5.5049597168e+02 5.5050402832e+02 5.5050799561e+02 5.5051702881e+02 5.5050402832e+02 5.5049700928e+02 5.5048602295e+02 5.5048602295e+02 5.5049700928e+02 5.5050897217e+02 5.5050000000e+02 5.5048498535e+02 5.5047601318e+02 5.5047802734e+02 5.5046398926e+02 5.5046301270e+02 5.5047802734e+02 5.5051702881e+02 5.5062799072e+02 5.5060601807e+02 5.5051300049e+02 5.5045697021e+02 5.5044799805e+02 5.5045001221e+02 5.5045300293e+02 5.5044897461e+02 5.5043701172e+02 5.5042999268e+02 5.5042797852e+02 5.5043597412e+02 5.5043103027e+02 5.5044000244e+02 5.5045098877e+02 5.5045898438e+02 5.5046600342e+02 5.5046899414e+02 5.5047198486e+02
5.5047802734e+02 5.5049102783e+02 5.5048797607e+02 5.5049102783e+02 5.5048901367e+02 5.5048199463e+02 5.5048498535e+02 5.5049200439e+02 5.5049102783e+02 5.5048400879e+02 5.5048699951e+02 5.5048999023e+02 5.5050299072e+02 5.5048999023e+02 5.5048400879e+02 5.5046801758e+02 5.5046502686e+02 5.5047198486e+02 5.5048498535e+02 5.5047900391e+02 5.5046697998e+02 5.5046301270e+02 5.5046899414e+02 5.5046600342e+02 5.5045397949e+02 5.5043499756e+02 5.5044097900e+02 5.5055700684e+02 5.5060198975e+02 5.5055798340e+02 5.5049298096e+02 5.5044799805e+02 5.5042999268e+02 5.5042901611e+02 5.5042999268e+02 5.5042199707e+02 5.5041101074e+02 5.5040997314e+02 5.5042102051e+02 5.5041101074e+02 5.5041497803e+02 5.5042498779e+02 5.5042797852e+02 5.5043200684e+02 5.5043597412e+02 5.5044201660e+02
5.5046099854e+02 5.5047698975e+02 5.5047302246e+02 5.5047900391e+02 5.5047601318e+02 5.5046301270e+02 5.5047302246e+02 5.5047198486e+02 5.5047198486e+02 5.5046697998e+02 5.5047198486e+02 5.5047497559e+02 5.5047698975e+02 5.5046997070e+02 5.5046899414e+02 5.5046099854e+02 5.5045697021e+02 5.5045098877e+02 5.5045098877e+02 5.5045202637e+02 5.5044799805e+02 5.5045098877e+02 5.5044201660e+02 5.5045098877e+02 5.5044897461e+02 5.5043402100e+02 5.5042401123e+02 5.5045098877e+02 5.5049200439e+02 5.5052600098e+02 5.5054101563e+02 5.5047601318e+02 5.5042297363e+02 5.5040802002e+02 5.5041497803e+02 5.5040002441e+02 5.5039697266e+02 5.5039599609e+02 5.5039099121e+02 5.5038500977e+02 5.5039099121e+02 5.5040399170e+02 5.5040899658e+02 5.5040301514e+02 5.5041497803e+02 5.5042199707e+02
5.5044500732e+02 5.5045599365e+02 5.5044201660e+02 5.5045697021e+02 5.5046502686e+02 5.5045098877e+02 5.5046398926e+02 5.5045202637e+02 5.5045202637e+02 5.5044897461e+02 5.5045001221e+02 5.5045898438e+02 5.5046197510e+02 5.5044897461e+02 5.5045800781e+02 5.5045800781e+02 5.5045300293e+02 5.5043701172e+02 5.5043298340e+02 5.5043701172e+02 5.5043402100e+02 5.5044299316e+02 5.5042797852e+02 5.5042797852e+02 5.5043298340e+02 5.5042498779e+02 5.5041101074e+02 5.5040399170e+02 5.5041601563e+02 5.5045697021e+02 5.5050799561e+02 5.5047698975e+02 5.5042797852e+02 5.5038702393e+02 5.5037902832e+02 5.5038000488e+02 5.5038000488e+02 5.5037902832e+02 5.5037500000e+02 5.5036798096e+02 5.5036999512e+02 5.5038397217e+02 5.5038598633e+02 5.5038500977e+02 5.5039001465e+02 5.5039099121e+02
5.5042498779e+02 5.5043597412e+02 5.5042199707e+02 5.5043402100e+02 5.5044897461e+02 5.5044299316e+02 5.5046002197e+02 5.5044201660e+02 5.5043499756e+02 5.5043200684e+02 5.5042700195e+02 5.5043701172e+02 5.5044396973e+02 5.5043200684e+02 5.5044396973e+02 5.5044396973e+02 5.5043902588e+02 5.5042602539e+02 5.5042602539e+02 5.5042901611e+02 5.5042297363e+02 5.5043103027e+02 5.5042102051e+02 5.5041601563e+02 5.5041802979e+02 5.5040899658e+02 5.5039599609e+02 5.5039001465e+02 5.5038000488e+02 5.5038897705e+02 5.5043200684e+02 5.5046600342e+02 5.5048797607e+02 5.5044702148e+02 5.5037200928e+02 5.5035797119e+02 5.5035302734e+02 5.5035101318e+02 5.5034698486e+02 5.5033898926e+02 5.5034100342e+02 5.5035101318e+02 5.5035900879e+02 5.5036297607e+02 5.5036401367e+02 5.5036401367e+02
5.5041400146e+02 5.5042602539e+02 5.5042102051e+02 5.5042700195e+02 5.5044097900e+02 5.5043499756e+02 5.5044396973e+02 5.5043402100e+02 5.5042498779e+02 5.5041400146e+02 5.5041497803e+02 5.5042700195e+02 5.5042401123e+02 5.5041198730e+02 5.5041998291e+02 5.5041802979e+02 5.5041802979e+02 5.5041302490e+02 5.5042297363e+02 5.5042297363e+02 5.5040399170e+02 5.5040301514e+02 5.5040802002e+02 5.5040301514e+02 5.5040100098e+02 5.5039202881e+02 5.5038098145e+02 5.5037799072e+02 5.5036901855e+02 5.5035699463e+02 5.5036798096e+02 5.5041699219e+02 5.5050097656e+02 5.5050701904e+02 5.5040100098e+02 5.5035302734e+02 5.5032897949e+02 5.5031799316e+02 5.5031799316e+02 5.5031201172e+02 5.5031701660e+02 5.5032800293e+02 5.5033801270e+02 5.5033898926e+02 5.5033398438e+02 5.5033697510e+02
