TESTSERVER/6/16.asc
NCOLS 100
NROWS 100
XLLCORNER 7.7997500000e+03
YLLCORNER 2.8915025000e+05
CELLSIZE 5.0000000000e-01
NODATA_VALUE -9.9990000000e+03
[rows 40 to 59 of 100, columns 46 to 91 of 100]
5.5007800293e+02 5.5007800293e+02 5.5006298828e+02 5.5006097412e+02 5.5005700684e+02 5.5006500244e+02 5.5008197021e+02 5.5010198975e+02 5.5012500000e+02 5.5013299561e+02 5.5013500977e+02 5.5015100098e+02 5.5015698242e+02 5.5015502930e+02 5.5015301514e+02 5.5014801025e+02 5.5015399170e+02 5.5016900635e+02 5.5017999268e+02 5.5017901611e+02 5.5018200684e+02 5.5018298340e+02 5.5018200684e+02 5.5018200684e+02 5.5018200684e+02 5.5018200684e+02 5.5018200684e+02 5.5018298340e+02 5.5018402100e+02 5.5018499756e+02 5.5018298340e+02 5.5018298340e+02 5.5018298340e+02 5.5018298340e+02 5.5018402100e+02 5.5018597412e+02 5.5018701172e+02 5.5018798828e+02 5.5019097900e+02 5.5019500732e+02 5.5019799805e+02 5.5020001221e+02 5.5020397949e+02 5.5020599365e+02 5.5020800781e+02 5.5021002197e+02
5.5008898926e+02 5.5008697510e+02 5.5007598877e+02 5.5007598877e+02 5.5007397461e+02 5.5007897949e+02 5.5008801270e+02 5.5010699463e+02 5.5011798096e+02 5.5012200928e+02 5.5013098145e+02 5.5014599609e+02 5.5014801025e+02 5.5014501953e+02 5.5015002441e+02 5.5015197754e+02 5.5015997314e+02 5.5017102051e+02 5.5018200684e+02 5.5018298340e+02 5.5018499756e+02 5.5018499756e+02 5.5018200684e+02 5.5017999268e+02 5.5017999268e+02 5.5017901611e+02 5.5017901611e+02 5.5017999268e+02 5.5017999268e+02 5.5018103027e+02 5.5018103027e+02 5.5018103027e+02 5.5018200684e+02 5.5018200684e+02 5.5018200684e+02 5.5018402100e+02 5.5018597412e+02 5.5018798828e+02 5.5019000244e+02 5.5019396973e+02 5.5019702148e+02 5.5020001221e+02 5.5020300293e+02 5.5020501709e+02 5.5020800781e+02 5.5021002197e+02
5.5009802246e+02 5.5009301758e+02 5.5008502197e+02 5.5007702637e+02 5.5006500244e+02 5.5007397461e+02 5.5009197998e+02 5.5010998535e+02 5.5011901855e+02 5.5012597656e+02 5.5013702393e+02 5.5014801025e+02 5.5015002441e+02 5.5014801025e+02 5.5015301514e+02 5.5015600586e+02 5.5016302490e+02 5.5017297363e+02 5.5018298340e+02 5.5018597412e+02 5.5018701172e+02 5.5018597412e+02 5.5018103027e+02 5.5017797852e+02 5.5017700195e+02 5.5017602539e+02 5.5017602539e+02 5.5017700195e+02 5.5017797852e+02 5.5017797852e+02 5.5017901611e+02 5.5017901611e+02 5.5017999268e+02 5.5017999268e+02 5.5018103027e+02 5.5018298340e+02 5.5018499756e+02 5.5018701172e+02 5.5018902588e+02 5.5019299316e+02 5.5019598389e+02 5.5019897461e+02 5.5020202637e+02 5.5020501709e+02 5.5020697021e+02 5.5020898438e+02
5.5009997559e+02 5.5009497070e+02 5.5009002686e+02 5.5008801270e+02 5.5007202148e+02 5.5008099365e+02 5.5009899902e+02 5.5012200928e+02 5.5014398193e+02 5.5015698242e+02 5.5015502930e+02 5.5015698242e+02 5.5015997314e+02 5.5015997314e+02 5.5015997314e+02 5.5016101074e+02 5.5016699219e+02 5.5017498779e+02 5.5018298340e+02 5.5018597412e+02 5.5018597412e+02 5.5018402100e+02 5.5017797852e+02 5.5017498779e+02 5.5017401123e+02 5.5017401123e+02 5.5017297363e+02 5.5017401123e+02 5.5017498779e+02 5.5017498779e+02 5.5017700195e+02 5.5017700195e+02 5.5017797852e+02 5.5017797852e+02 5.5017999268e+02 5.5018200684e+02 5.5018402100e+02 5.5018597412e+02 5.5018798828e+02 5.5019201660e+02 5.5019500732e+02 5.5019897461e+02 5.5020202637e+02 5.5020397949e+02 5.5020599365e+02 5.5020800781e+02
5.5010400391e+02 5.5010797119e+02 5.5008898926e+02 5.5010601807e+02 5.5010998535e+02 5.5010699463e+02 5.5010900879e+02 5.5014398193e+02 5.5015997314e+02 5.5016601563e+02 5.5016302490e+02 5.5015802002e+02 5.5015997314e+02 5.5016198730e+02 5.5016400146e+02 5.5016900635e+02 5.5017297363e+02 5.5017797852e+02 5.5017901611e+02 5.5017901611e+02 5.5017797852e+02 5.5017602539e+02 5.5017199707e+02 5.5017199707e+02 5.5017102051e+02 5.5017102051e+02 5.5017102051e+02 5.5017297363e+02 5.5017401123e+02 5.5017401123e+02 5.5017498779e+02 5.5017498779e+02 5.5017602539e+02 5.5017700195e+02 5.5017901611e+02 5.5018103027e+02 5.5018298340e+02 5.5018597412e+02 5.5018902588e+02 5.5019201660e+02 5.5019500732e+02 5.5019799805e+02 5.5020098877e+02 5.5020300293e+02 5.5020501709e+02 5.5020697021e+02
5.5012200928e+02 5.5011199951e+02 5.5009997559e+02 5.5011700439e+02 5.5011700439e+02 5.5012597656e+02 5.5015502930e+02 5.5016802979e+02 5.5016198730e+02 5.5015399170e+02 5.5015698242e+02 5.5015600586e+02 5.5015600586e+02 5.5015899658e+02 5.5016302490e+02 5.5016699219e+02 5.5016998291e+02 5.5017297363e+02 5.5017401123e+02 5.5017102051e+02 5.5017102051e+02 5.5016998291e+02 5.5016900635e+02 5.5016900635e+02 5.5016900635e+02 5.5016900635e+02 5.5016900635e+02 5.5017102051e+02 5.5017297363e+02 5.5017401123e+02 5.5017297363e+02 5.5017297363e+02 5.5017401123e+02 5.5017498779e+02 5.5017700195e+02 5.5017999268e+02 5.5018298340e+02 5.5018499756e+02 5.5018701172e+02 5.5019097900e+02 5.5019396973e+02 5.5019799805e+02 5.5020098877e+02 5.5020202637e+02 5.5020397949e+02 5.5020501709e+02
5.5012402344e+02 5.5011700439e+02 5.5011602783e+02 5.5012200928e+02 5.5011798096e+02 5.5013397217e+02 5.5017602539e+02 5.5018200684e+02 5.5016400146e+02 5.5015002441e+02 5.5015502930e+02 5.5015698242e+02 5.5015698242e+02 5.5015997314e+02 5.5016400146e+02 5.5016497803e+02 5.5016601563e+02 5.5016802979e+02 5.5016900635e+02 5.5016900635e+02 5.5016802979e+02 5.5016699219e+02 5.5016699219e+02 5.5016601563e+02 5.5016601563e+02 5.5016601563e+02 5.5016699219e+02 5.5016900635e+02 5.5016998291e+02 5.5017102051e+02 5.5017102051e+02 5.5017102051e+02 5.5017297363e+02 5.5017401123e+02 5.5017602539e+02 5.5017901611e+02 5.5018200684e+02 5.5018402100e+02 5.5018597412e+02 5.5019000244e+02 5.5019299316e+02 5.5019702148e+02 5.5020001221e+02 5.5020098877e+02 5.5020300293e+02 5.5020501709e+02
5.5013201904e+02 5.5013201904e+02 5.5012298584e+02 5.5011999512e+02 5.5011798096e+02 5.5013098145e+02 5.5016900635e+02 5.5018103027e+02 5.5016497803e+02 5.5015301514e+02 5.5015997314e+02 5.5016101074e+02 5.5016101074e+02 5.5016302490e+02 5.5016497803e+02 5.5016497803e+02 5.5016497803e+02 5.5016400146e+02 5.5016601563e+02 5.5016601563e+02 5.5016497803e+02 5.5016497803e+02 5.5016400146e+02 5.5016400146e+02 5.5016400146e+02 5.5016400146e+02 5.5016497803e+02 5.5016699219e+02 5.5016802979e+02 5.5016900635e+02 5.5016900635e+02 5.5016998291e+02 5.5017102051e+02 5.5017199707e+02 5.5017401123e+02 5.5017797852e+02 5.5017999268e+02 5.5018298340e+02 5.5018499756e+02 5.5018902588e+02 5.5019299316e+02 5.5019598389e+02 5.5019799805e+02 5.5020001221e+02 5.5020202637e+02 5.5020501709e+02
5.5014599609e+02 5.5013702393e+02 5.5010498047e+02 5.5011199951e+02 5.5012597656e+02 5.5014099121e+02 5.5015100098e+02 5.5016101074e+02 5.5016101074e+02 5.5016198730e+02 5.5016699219e+02 5.5016900635e+02 5.5016900635e+02 5.5016900635e+02 5.5016699219e+02 5.5016400146e+02 5.5016400146e+02 5.5016302490e+02 5.5016400146e+02 5.5016302490e+02 5.5016302490e+02 5.5016198730e+02 5.5015997314e+02 5.5015997314e+02 5.5016101074e+02 5.5016101074e+02 5.5016101074e+02 5.5016302490e+02 5.5016497803e+02 5.5016601563e+02 5.5016601563e+02 5.5016802979e+02 5.5016900635e+02 5.5016998291e+02 5.5017102051e+02 5.5017498779e+02 5.5017797852e+02 5.5017999268e+02 5.5018298340e+02 5.5018798828e+02 5.5019097900e+02 5.5019500732e+02 5.5019799805e+02 5.5020001221e+02 5.5020202637e+02 5.5020397949e+02
5.5014898682e+02 5.5013000488e+02 5.5011199951e+02 5.5011700439e+02 5.5012799072e+02 5.5014001465e+02 5.5014501953e+02 5.5014501953e+02 5.5015002441e+02 5.5015600586e+02 5.5016302490e+02 5.5016601563e+02 5.5016802979e+02 5.5016900635e+02 5.5016497803e+02 5.5016302490e+02 5.5016302490e+02 5.5016302490e+02 5.5016302490e+02 5.5016198730e+02 5.5016198730e+02 5.5016101074e+02 5.5015997314e+02 5.5015997314e+02 5.5015997314e+02 5.5015997314e+02 5.5016101074e+02 5.5016198730e+02 5.5016400146e+02 5.5016497803e+02 5.5016601563e+02 5.5016802979e+02 5.5016900635e+02 5.5016998291e+02 5.5017199707e+02 5.5017401123e+02 5.5017700195e+02 5.5017999268e+02 5.5018298340e+02 5.5018701172e+02 5.5019000244e+02 5.5019396973e+02 5.5019702148e+02 5.5019897461e+02 5.5020098877e+02 5.5020300293e+02
5.5012597656e+02 5.5010900879e+02 5.5012402344e+02 5.5013000488e+02 5.5013000488e+02 5.5013299561e+02 5.5013598633e+02 5.5013800049e+02 5.5014300537e+02 5.5015002441e+02 5.5015802002e+02 5.5016101074e+02 5.5016400146e+02 5.5016497803e+02 5.5016302490e+02 5.5016198730e+02 5.5016198730e+02 5.5016198730e+02 5.5016198730e+02 5.5016101074e+02 5.5016101074e+02 5.5015997314e+02 5.5015997314e+02 5.5015997314e+02 5.5015997314e+02 5.5015997314e+02 5.5016101074e+02 5.5016198730e+02 5.5016400146e+02 5.5016497803e+02 5.5016601563e+02 5.5016802979e+02 5.5016900635e+02 5.5016998291e+02 5.5017199707e+02 5.5017498779e+02 5.5017797852e+02 5.5017901611e+02 5.5018200684e+02 5.5018597412e+02 5.5019000244e+02 5.5019396973e+02 5.5019598389e+02 5.5019799805e+02 5.5019897461e+02 5.5020202637e+02
5.5010400391e+02 5.5009997559e+02 5.5012597656e+02 5.5013897705e+02 5.5013201904e+02 5.5012701416e+02 5.5012902832e+02 5.5013397217e+02 5.5013800049e+02 5.5014501953e+02 5.5015301514e+02 5.5015802002e+02 5.5016101074e+02 5.5016198730e+02 5.5016101074e+02 5.5016101074e+02 5.5016101074e+02 5.5016101074e+02 5.5016101074e+02 5.5015997314e+02 5.5015997314e+02 5.5015899658e+02 5.5015899658e+02 5.5015997314e+02 5.5015997314e+02 5.5015997314e+02 5.5015997314e+02 5.5016198730e+02 5.5016400146e+02 5.5016497803e+02 5.5016601563e+02 5.5016802979e+02 5.5016900635e+02 5.5016998291e+02 5.5017199707e+02 5.5017498779e+02 5.5017700195e+02 5.5017901611e+02 5.5018200684e+02 5.5018597412e+02 5.5019000244e+02 5.5019299316e+02 5.5019500732e+02 5.5019598389e+02 5.5019799805e+02 5.5020001221e+02
5.5011901855e+02 5.5013397217e+02 5.5013299561e+02 5.5014001465e+02 5.5014300537e+02 5.5013800049e+02 5.5013201904e+02 5.5013500977e+02 5.5013800049e+02 5.5014398193e+02 5.5015301514e+02 5.5015502930e+02 5.5015698242e+02 5.5015899658e+02 5.5015899658e+02 5.5015997314e+02 5.5015997314e+02 5.5015997314e+02 5.5015997314e+02 5.5015899658e+02 5.5015899658e+02 5.5015899658e+02 5.5015802002e+02 5.5015899658e+02 5.5015899658e+02 5.5015997314e+02 5.5015997314e+02 5.5016198730e+02 5.5016302490e+02 5.5016400146e+02 5.5016497803e+02 5.5016699219e+02 5.5016900635e+02 5.5016998291e+02 5.5016998291e+02 5.5017297363e+02 5.5017602539e+02 5.5017797852e+02 5.5018103027e+02 5.5018499756e+02 5.5018798828e+02 5.5019097900e+02 5.5019299316e+02 5.5019598389e+02 5.5019702148e+02 5.5019897461e+02
5.5014300537e+02 5.5015600586e+02 5.5013897705e+02 5.5014300537e+02 5.5014599609e+02 5.5014300537e+02 5.5013598633e+02 5.5013800049e+02 5.5014099121e+02 5.5014501953e+02 5.5015197754e+02 5.5015399170e+02 5.5015600586e+02 5.5015698242e+02 5.5015802002e+02 5.5015802002e+02 5.5015899658e+02 5.5015997314e+02 5.5015899658e+02 5.5015802002e+02 5.5015899658e+02 5.5015899658e+02 5.5015899658e+02 5.5015899658e+02 5.5015997314e+02 5.5015997314e+02 5.5016101074e+02 5.5016302490e+02 5.5016400146e+02 5.5016497803e+02 5.5016601563e+02 5.5016802979e+02 5.5016900635e+02 5.5016998291e+02 5.5017199707e+02 5.5017401123e+02 5.5017602539e+02 5.5017797852e+02 5.5018200684e+02 5.5018499756e+02 5.5018701172e+02 5.5018798828e+02 5.5019201660e+02 5.5019500732e+02 5.5019500732e+02 5.5019598389e+02
5.5015399170e+02 5.5015698242e+02 5.5014099121e+02 5.5014599609e+02 5.5014801025e+02 5.5014501953e+02 5.5014001465e+02 5.5014001465e+02 5.5014300537e+02 5.5014599609e+02 5.5015100098e+02 5.5015301514e+02 5.5015502930e+02 5.5015600586e+02 5.5015698242e+02 5.5015698242e+02 5.5015802002e+02 5.5015802002e+02 5.5015802002e+02 5.5015802002e+02 5.5015802002e+02 5.5015899658e+02 5.5015899658e+02 5.5015899658e+02 5.5015997314e+02 5.5016101074e+02 5.5016198730e+02 5.5016400146e+02 5.5016497803e+02 5.5016601563e+02 5.5016802979e+02 5.5016900635e+02 5.5016998291e+02 5.5017199707e+02 5.5017401123e+02 5.5017602539e+02 5.5017797852e+02 5.5017999268e+02 5.5018200684e+02 5.5018499756e+02 5.5018701172e+02 5.5018798828e+02 5.5019097900e+02 5.5019299316e+02 5.5019396973e+02 5.5019500732e+02
5.5015502930e+02 5.5014599609e+02 5.5014001465e+02 5.5014697266e+02 5.5014898682e+02 5.5014697266e+02 5.5014300537e+02 5.5014398193e+02 5.5014501953e+02 5.5014697266e+02 5.5015100098e+02 5.5015301514e+02 5.5015399170e+02 5.5015600586e+02 5.5015600586e+02 5.5015600586e+02 5.5015698242e+02 5.5015698242e+02 5.5015802002e+02 5.5015802002e+02 5.5015802002e+02 5.5015802002e+02 5.5015899658e+02 5.5015997314e+02 5.5016101074e+02 5.5016101074e+02 5.5016302490e+02 5.5016400146e+02 5.5016601563e+02 5.5016601563e+02 5.5016802979e+02 5.5016998291e+02 5.5017199707e+02 5.5017401123e+02 5.5017602539e+02 5.5017797852e+02 5.5017901611e+02 5.5018200684e+02 5.5018298340e+02 5.5018499756e+02 5.5018701172e+02 5.5018798828e+02 5.5019000244e+02 5.5019097900e+02 5.5019201660e+02 5.5019299316e+02
5.5015997314e+02 5.5014398193e+02 5.5014300537e+02 5.5014501953e+02 5.5014398193e+02 5.5014300537e+02 5.5014300537e+02 5.5014501953e+02 5.5014501953e+02 5.5014599609e+02 5.5014599609e+02 5.5015100098e+02 5.5015197754e+02 5.5015197754e+02 5.5015100098e+02 5.5015502930e+02 5.5015502930e+02 5.5015600586e+02 5.5015600586e+02 5.5015698242e+02 5.5015802002e+02 5.5015899658e+02 5.5015997314e+02 5.5015997314e+02 5.5016101074e+02 5.5016198730e+02 5.5016400146e+02 5.5016497803e+02 5.5016601563e+02 5.5016802979e+02 5.5016998291e+02 5.5017199707e+02 5.5017401123e+02 5.5017602539e+02 5.5017901611e+02 5.5017901611e+02 5.5018103027e+02 5.5018298340e+02 5.5018402100e+02 5.5018499756e+02 5.5018597412e+02 5.5018701172e+02 5.5018701172e+02 5.5018902588e+02 5.5019000244e+02 5.5019000244e+02
5.5017700195e+02 5.5016900635e+02 5.5015698242e+02 5.5014801025e+02 5.5014300537e+02 5.5014099121e+02 5.5014501953e+02 5.5014801025e+02 5.5014801025e+02 5.5014801025e+02 5.5014898682e+02 5.5015100098e+02 5.5015100098e+02 5.5015100098e+02 5.5015197754e+02 5.5015399170e+02 5.5015502930e+02 5.5015600586e+02 5.5015698242e+02 5.5015698242e+02 5.5015802002e+02 5.5015997314e+02 5.5015997314e+02 5.5016101074e+02 5.5016198730e+02 5.5016198730e+02 5.5016302490e+02 5.5016497803e+02 5.5016802979e+02 5.5016900635e+02 5.5017102051e+02 5.5017297363e+02 5.5017498779e+02 5.5017797852e+02 5.5017999268e+02 5.5017999268e+02 5.5018103027e+02 5.5018200684e+02 5.5018402100e+02 5.5018499756e+02 5.5018597412e+02 5.5018597412e+02 5.5018701172e+02 5.5018798828e+02 5.5018798828e+02 5.5018798828e+02
5.5017901611e+02 5.5018298340e+02 5.5016998291e+02 5.5015698242e+02 5.5014898682e+02 5.5014501953e+02 5.5014801025e+02 5.5015301514e+02 5.5015197754e+02 5.5015197754e+02 5.5015197754e+02 5.5015301514e+02 5.5015301514e+02 5.5015197754e+02 5.5015301514e+02 5.5015502930e+02 5.5015600586e+02 5.5015698242e+02 5.5015698242e+02 5.5015698242e+02 5.5015899658e+02 5.5015997314e+02 5.5016101074e+02 5.5015997314e+02 5.5016101074e+02 5.5016198730e+02 5.5016400146e+02 5.5016601563e+02 5.5016802979e+02 5.5016998291e+02 5.5017199707e+02 5.5017401123e+02 5.5017602539e+02 5.5017797852e+02 5.5017999268e+02 5.5018103027e+02 5.5018200684e+02 5.5018298340e+02 5.5018499756e+02 5.5018499756e+02 5.5018499756e+02 5.5018597412e+02 5.5018597412e+02 5.5018701172e+02 5.5018701172e+02 5.5018798828e+02
5.5017401123e+02 5.5018902588e+02 5.5018103027e+02 5.5016601563e+02 5.5015698242e+02 5.5015100098e+02 5.5015197754e+02 5.5015698242e+02 5.5015698242e+02 5.5015600586e+02 5.5015502930e+02 5.5015399170e+02 5.5015399170e+02 5.5015399170e+02 5.5015399170e+02 5.5015502930e+02 5.5015600586e+02 5.5015698242e+02 5.5015698242e+02 5.5015802002e+02 5.5015899658e+02 5.5015997314e+02 5.5015997314e+02 5.5016101074e+02 5.5016198730e+02 5.5016302490e+02 5.5016400146e+02 5.5016699219e+02 5.5016900635e+02 5.5017102051e+02 5.5017297363e+02 5.5017401123e+02 5.5017700195e+02 5.5017901611e+02 5.5018103027e+02 5.5018103027e+02 5.5018298340e+02 5.5018402100e+02 5.5018499756e+02 5.5018499756e+02 5.5018499756e+02 5.5018597412e+02 5.5018597412e+02 5.5018701172e+02 5.5018701172e+02 5.5018701172e+02
