TESTSERVER/6/16.asc
NCOLS 100
NROWS 100
XLLCORNER 7.7997500000e+03
YLLCORNER 2.8915025000e+05
CELLSIZE 5.0000000000e-01
NODATA_VALUE -9.9990000000e+03
[rows 20 to 39 of 100, columns 0 to 45 of 100]
5.5019299316e+02 5.5019500732e+02 5.5019598389e+02 5.5019799805e+02 5.5019799805e+02 5.5020098877e+02 5.5020202637e+02 5.5020397949e+02 5.5020501709e+02 5.5020599365e+02 5.5020800781e+02 5.5020898438e+02 5.5021002197e+02 5.5021099854e+02 5.5021197510e+02 5.5021398926e+02 5.5021502686e+02 5.5021899414e+02 5.5022100830e+02 5.5022302246e+02 5.5022601318e+02 5.5022698975e+02 5.5022802734e+02 5.5022698975e+02 5.5021398926e+02 5.5024401855e+02 5.5030200195e+02 5.5036901855e+02 5.5044299316e+02 5.5037298584e+02 5.5021997070e+02 5.5008398438e+02 5.5004302979e+02 5.5000402832e+02 5.4998797607e+02 5.4999798584e+02 5.5003100586e+02 5.5007202148e+02 5.5014202881e+02 5.5014099121e+02 5.5004498291e+02 5.4997601318e+02 5.4996997070e+02 5.4999499512e+02 5.5002301025e+02 5.5001098633e+02
5.5019500732e+02 5.5019598389e+02 5.5019702148e+02 5.5019799805e+02 5.5020001221e+02 5.5020202637e+02 5.5020300293e+02 5.5020501709e+02 5.5020599365e+02 5.5020697021e+02 5.5020898438e+02 5.5021002197e+02 5.5021099854e+02 5.5021099854e+02 5.5021301270e+02 5.5021301270e+02 5.5021600342e+02 5.5022198486e+02 5.5022399902e+02 5.5022601318e+02 5.5022698975e+02 5.5022802734e+02 5.5022399902e+02 5.5021899414e+02 5.5020898438e+02 5.5021697998e+02 5.5026098633e+02 5.5031799316e+02 5.5037902832e+02 5.5033599854e+02 5.5019598389e+02 5.5008502197e+02 5.5006097412e+02 5.5002801514e+02 5.5000097656e+02 5.5000897217e+02 5.5004901123e+02 5.5004302979e+02 5.5006896973e+02 5.5008502197e+02 5.5005798340e+02 5.5002502441e+02 5.5000799561e+02 5.4999700928e+02 5.5000598145e+02 5.5002398682e+02
5.5019598389e+02 5.5019799805e+02 5.5019897461e+02 5.5020001221e+02 5.5020098877e+02 5.5020300293e+02 5.5020397949e+02 5.5020599365e+02 5.5020697021e+02 5.5020800781e+02 5.5021002197e+02 5.5021099854e+02 5.5021301270e+02 5.5021301270e+02 5.5021398926e+02 5.5021502686e+02 5.5021801758e+02 5.5022302246e+02 5.5022497559e+02 5.5022601318e+02 5.5022601318e+02 5.5022399902e+02 5.5021801758e+02 5.5021099854e+02 5.5020202637e+02 5.5020001221e+02 5.5022497559e+02 5.5025701904e+02 5.5028601074e+02 5.5024401855e+02 5.5013897705e+02 5.5006597900e+02 5.5007299805e+02 5.5006896973e+02 5.5005297852e+02 5.5005798340e+02 5.5009301758e+02 5.5005603027e+02 5.5003497314e+02 5.5004998779e+02 5.5008502197e+02 5.5009802246e+02 5.5008398438e+02 5.5003601074e+02 5.5000097656e+02 5.5000701904e+02
5.5019799805e+02 5.5020001221e+02 5.5020098877e+02 5.5020202637e+02 5.5020300293e+02 5.5020397949e+02 5.5020501709e+02 5.5020697021e+02 5.5020800781e+02 5.5020898438e+02 5.5021099854e+02 5.5021197510e+02 5.5021301270e+02 5.5021398926e+02 5.5021502686e+02 5.5021600342e+02 5.5021899414e+02 5.5022399902e+02 5.5022497559e+02 5.5022497559e+02 5.5022302246e+02 5.5021801758e+02 5.5021099854e+02 5.5020300293e+02 5.5019500732e+02 5.5018103027e+02 5.5018701172e+02 5.5019598389e+02 5.5019598389e+02 5.5015100098e+02 5.5008001709e+02 5.5004400635e+02 5.5007299805e+02 5.5010101318e+02 5.5010699463e+02 5.5010998535e+02 5.5011999512e+02 5.5009100342e+02 5.5007098389e+02 5.5007800293e+02 5.5010498047e+02 5.5013397217e+02 5.5014202881e+02 5.5010601807e+02 5.5004998779e+02 5.5000598145e+02
5.5020098877e+02 5.5020098877e+02 5.5020202637e+02 5.5020300293e+02 5.5020397949e+02 5.5020501709e+02 5.5020599365e+02 5.5020697021e+02 5.5020800781e+02 5.5021099854e+02 5.5021197510e+02 5.5021398926e+02 5.5021600342e+02 5.5021502686e+02 5.5021600342e+02 5.5021600342e+02 5.5021899414e+02 5.5022302246e+02 5.5022302246e+02 5.5022302246e+02 5.5022998047e+02 5.5021398926e+02 5.5020397949e+02 5.5019702148e+02 5.5019201660e+02 5.5016400146e+02 5.5015002441e+02 5.5015002441e+02 5.5015802002e+02 5.5009802246e+02 5.5005200195e+02 5.5003399658e+02 5.5005999756e+02 5.5010101318e+02 5.5013702393e+02 5.5013800049e+02 5.5010797119e+02 5.5010302734e+02 5.5010998535e+02 5.5012298584e+02 5.5010198975e+02 5.5009698486e+02 5.5011901855e+02 5.5014398193e+02 5.5013397217e+02 5.5008398438e+02
5.5020300293e+02 5.5020202637e+02 5.5020300293e+02 5.5020397949e+02 5.5020501709e+02 5.5020599365e+02 5.5020697021e+02 5.5020697021e+02 5.5020898438e+02 5.5021197510e+02 5.5021398926e+02 5.5021502686e+02 5.5021600342e+02 5.5021502686e+02 5.5021502686e+02 5.5021502686e+02 5.5021899414e+02 5.5022100830e+02 5.5021801758e+02 5.5021502686e+02 5.5021398926e+02 5.5020202637e+02 5.5019396973e+02 5.5019000244e+02 5.5017901611e+02 5.5015502930e+02 5.5014099121e+02 5.5013800049e+02 5.5013098145e+02 5.5009399414e+02 5.5005401611e+02 5.5002899170e+02 5.5003002930e+02 5.5007299805e+02 5.5013500977e+02 5.5014501953e+02 5.5012402344e+02 5.5009802246e+02 5.5009997559e+02 5.5013299561e+02 5.5011199951e+02 5.5007299805e+02 5.5008697510e+02 5.5014501953e+02 5.5018103027e+02 5.5013500977e+02
5.5020501709e+02 5.5020397949e+02 5.5020501709e+02 5.5020599365e+02 5.5020697021e+02 5.5020697021e+02 5.5020800781e+02 5.5020800781e+02 5.5021002197e+02 5.5021301270e+02 5.5021398926e+02 5.5021600342e+02 5.5021600342e+02 5.5021502686e+02 5.5021502686e+02 5.5021502686e+02 5.5021801758e+02 5.5021502686e+02 5.5020898438e+02 5.5020397949e+02 5.5020001221e+02 5.5020202637e+02 5.5019702148e+02 5.5018298340e+02 5.5016302490e+02 5.5015100098e+02 5.5014300537e+02 5.5013500977e+02 5.5011901855e+02 5.5009100342e+02 5.5005603027e+02 5.5002502441e+02 5.5001300049e+02 5.5005200195e+02 5.5010998535e+02 5.5013201904e+02 5.5013000488e+02 5.5008697510e+02 5.5011901855e+02 5.5019702148e+02 5.5016400146e+02 5.5008898926e+02 5.5009002686e+02 5.5014801025e+02 5.5018402100e+02 5.5013397217e+02
5.5020599365e+02 5.5020599365e+02 5.5020697021e+02 5.5020697021e+02 5.5020800781e+02 5.5020898438e+02 5.5020898438e+02 5.5020898438e+02 5.5021099854e+02 5.5021301270e+02 5.5021502686e+02 5.5021697998e+02 5.5021697998e+02 5.5021502686e+02 5.5021502686e+02 5.5021502686e+02 5.5021398926e+02 5.5020599365e+02 5.5019897461e+02 5.5019500732e+02 5.5019897461e+02 5.5022998047e+02 5.5022900391e+02 5.5019396973e+02 5.5015502930e+02 5.5015100098e+02 5.5014202881e+02 5.5012701416e+02 5.5010498047e+02 5.5008502197e+02 5.5005999756e+02 5.5003302002e+02 5.5001898193e+02 5.5004498291e+02 5.5008502197e+02 5.5011199951e+02 5.5011700439e+02 5.5008398438e+02 5.5015698242e+02 5.5025897217e+02 5.5018701172e+02 5.5009802246e+02 5.5010900879e+02 5.5015100098e+02 5.5014398193e+02 5.5010601807e+02
5.5021002197e+02 5.5020800781e+02 5.5020898438e+02 5.5021002197e+02 5.5021099854e+02 5.5021002197e+02 5.5021002197e+02 5.5020898438e+02 5.5020898438e+02 5.5021301270e+02 5.5021398926e+02 5.5021600342e+02 5.5022302246e+02 5.5022198486e+02 5.5021997070e+02 5.5021697998e+02 5.5020898438e+02 5.5019598389e+02 5.5018798828e+02 5.5018597412e+02 5.5019702148e+02 5.5028399658e+02 5.5028399658e+02 5.5021899414e+02 5.5016400146e+02 5.5015100098e+02 5.5013397217e+02 5.5011700439e+02 5.5010101318e+02 5.5007501221e+02 5.5006201172e+02 5.5004901123e+02 5.5003900146e+02 5.5004199219e+02 5.5006799316e+02 5.5008300781e+02 5.5007800293e+02 5.5007000732e+02 5.5013500977e+02 5.5020501709e+02 5.5013897705e+02 5.5009100342e+02 5.5014599609e+02 5.5016302490e+02 5.5010400391e+02 5.5008697510e+02
5.5021002197e+02 5.5020898438e+02 5.5021002197e+02 5.5021002197e+02 5.5021099854e+02 5.5021002197e+02 5.5020898438e+02 5.5020800781e+02 5.5020800781e+02 5.5021002197e+02 5.5021197510e+02 5.5021398926e+02 5.5021997070e+02 5.5022302246e+02 5.5021801758e+02 5.5021099854e+02 5.5020300293e+02 5.5019097900e+02 5.5018402100e+02 5.5018402100e+02 5.5019201660e+02 5.5022900391e+02 5.5021502686e+02 5.5017297363e+02 5.5015899658e+02 5.5013800049e+02 5.5011901855e+02 5.5010601807e+02 5.5008801270e+02 5.5007000732e+02 5.5006201172e+02 5.5005102539e+02 5.5004998779e+02 5.5004797363e+02 5.5005200195e+02 5.5004498291e+02 5.5005297852e+02 5.5006500244e+02 5.5009997559e+02 5.5011901855e+02 5.5007897949e+02 5.5008197021e+02 5.5011798096e+02 5.5010400391e+02 5.5006799316e+02 5.5007501221e+02
5.5021099854e+02 5.5021002197e+02 5.5021002197e+02 5.5021099854e+02 5.5021099854e+02 5.5021002197e+02 5.5020898438e+02 5.5020800781e+02 5.5020800781e+02 5.5021002197e+02 5.5021197510e+02 5.5021502686e+02 5.5022100830e+02 5.5021899414e+02 5.5021002197e+02 5.5020202637e+02 5.5019598389e+02 5.5019396973e+02 5.5018798828e+02 5.5018200684e+02 5.5017199707e+02 5.5016198730e+02 5.5014697266e+02 5.5013800049e+02 5.5013800049e+02 5.5011602783e+02 5.5010400391e+02 5.5009600830e+02 5.5008099365e+02 5.5007299805e+02 5.5006201172e+02 5.5004602051e+02 5.5004699707e+02 5.5005401611e+02 5.5005700684e+02 5.5004498291e+02 5.5004797363e+02 5.5005499268e+02 5.5007098389e+02 5.5007299805e+02 5.5006201172e+02 5.5006298828e+02 5.5006701660e+02 5.5005902100e+02 5.5006402588e+02 5.5008197021e+02
5.5021099854e+02 5.5021002197e+02 5.5021099854e+02 5.5021099854e+02 5.5021099854e+02 5.5020898438e+02 5.5020800781e+02 5.5020599365e+02 5.5020697021e+02 5.5021099854e+02 5.5021398926e+02 5.5021801758e+02 5.5022497559e+02 5.5021899414e+02 5.5020800781e+02 5.5019598389e+02 5.5018902588e+02 5.5019396973e+02 5.5017401123e+02 5.5014300537e+02 5.5014099121e+02 5.5014398193e+02 5.5013201904e+02 5.5012097168e+02 5.5011798096e+02 5.5010400391e+02 5.5008898926e+02 5.5007897949e+02 5.5006701660e+02 5.5006402588e+02 5.5005499268e+02 5.5004101563e+02 5.5003997803e+02 5.5003900146e+02 5.5004498291e+02 5.5004199219e+02 5.5005102539e+02 5.5004302979e+02 5.5005798340e+02 5.5006201172e+02 5.5005902100e+02 5.5004400635e+02 5.5004199219e+02 5.5005297852e+02 5.5007299805e+02 5.5009197998e+02
5.5021099854e+02 5.5021002197e+02 5.5021002197e+02 5.5020898438e+02 5.5020800781e+02 5.5020898438e+02 5.5020898438e+02 5.5020800781e+02 5.5021099854e+02 5.5021502686e+02 5.5021899414e+02 5.5022399902e+02 5.5022698975e+02 5.5022802734e+02 5.5021099854e+02 5.5019500732e+02 5.5019598389e+02 5.5020098877e+02 5.5015197754e+02 5.5010101318e+02 5.5012500000e+02 5.5013000488e+02 5.5011199951e+02 5.5009399414e+02 5.5010498047e+02 5.5008898926e+02 5.5006500244e+02 5.5005499268e+02 5.5005603027e+02 5.5003497314e+02 5.5003497314e+02 5.5003997803e+02 5.5003601074e+02 5.5001501465e+02 5.5001000977e+02 5.5002600098e+02 5.5004199219e+02 5.5001702881e+02 5.5003997803e+02 5.5005700684e+02 5.5004302979e+02 5.5003198242e+02 5.5004199219e+02 5.5005798340e+02 5.5008697510e+02 5.5010302734e+02
5.5021197510e+02 5.5020898438e+02 5.5020898438e+02 5.5020800781e+02 5.5020898438e+02 5.5021002197e+02 5.5021002197e+02 5.5021002197e+02 5.5021197510e+02 5.5021801758e+02 5.5022100830e+02 5.5022302246e+02 5.5022900391e+02 5.5024499512e+02 5.5022302246e+02 5.5020001221e+02 5.5019799805e+02 5.5018200684e+02 5.5013201904e+02 5.5010101318e+02 5.5010900879e+02 5.5008502197e+02 5.5007897949e+02 5.5007202148e+02 5.5007501221e+02 5.5006402588e+02 5.5004400635e+02 5.5003698730e+02 5.5004302979e+02 5.5002801514e+02 5.5001898193e+02 5.5002001953e+02 5.5001501465e+02 5.5000402832e+02 5.4998901367e+02 5.4999798584e+02 5.5001599121e+02 5.4999597168e+02 5.5001000977e+02 5.5002899170e+02 5.5003100586e+02 5.5003601074e+02 5.5005102539e+02 5.5007501221e+02 5.5009600830e+02 5.5010998535e+02
5.5021197510e+02 5.5021002197e+02 5.5020898438e+02 5.5020898438e+02 5.5020898438e+02 5.5021002197e+02 5.5021002197e+02 5.5021002197e+02 5.5021099854e+02 5.5021600342e+02 5.5021697998e+02 5.5021697998e+02 5.5021197510e+02 5.5022601318e+02 5.5020697021e+02 5.5017700195e+02 5.5015600586e+02 5.5012902832e+02 5.5011102295e+02 5.5009899902e+02 5.5007702637e+02 5.5004901123e+02 5.5006097412e+02 5.5005999756e+02 5.5005902100e+02 5.5004901123e+02 5.5003302002e+02 5.5002801514e+02 5.5003198242e+02 5.5002502441e+02 5.5001702881e+02 5.5000701904e+02 5.4999298096e+02 5.4999102783e+02 5.4998199463e+02 5.4999700928e+02 5.5001501465e+02 5.5000201416e+02 5.5000799561e+02 5.5001702881e+02 5.5001397705e+02 5.5002301025e+02 5.5004101563e+02 5.5006097412e+02 5.5008099365e+02 5.5010302734e+02
5.5021398926e+02 5.5021197510e+02 5.5021002197e+02 5.5021002197e+02 5.5021002197e+02 5.5021002197e+02 5.5021002197e+02 5.5021002197e+02 5.5020898438e+02 5.5021002197e+02 5.5020898438e+02 5.5020599365e+02 5.5019201660e+02 5.5020300293e+02 5.5018402100e+02 5.5014001465e+02 5.5010699463e+02 5.5010601807e+02 5.5010699463e+02 5.5008502197e+02 5.5004101563e+02 5.5001800537e+02 5.5003302002e+02 5.5003698730e+02 5.5004101563e+02 5.5003302002e+02 5.5002001953e+02 5.5001599121e+02 5.5001800537e+02 5.5002001953e+02 5.5001501465e+02 5.5000097656e+02 5.4998297119e+02 5.4997100830e+02 5.4997198486e+02 5.4999798584e+02 5.5001397705e+02 5.5000500488e+02 5.5000598145e+02 5.5001397705e+02 5.5002502441e+02 5.5003900146e+02 5.5005102539e+02 5.5006500244e+02 5.5008001709e+02 5.5010198975e+02
5.5021502686e+02 5.5021197510e+02 5.5021197510e+02 5.5021099854e+02 5.5021197510e+02 5.5021002197e+02 5.5020800781e+02 5.5020599365e+02 5.5020300293e+02 5.5020599365e+02 5.5020098877e+02 5.5019299316e+02 5.5018701172e+02 5.5020397949e+02 5.5017797852e+02 5.5011798096e+02 5.5009002686e+02 5.5010198975e+02 5.5008697510e+02 5.5004602051e+02 5.5001397705e+02 5.5000598145e+02 5.5001702881e+02 5.5002301025e+02 5.5002197266e+02 5.5001098633e+02 5.5000201416e+02 5.5000299072e+02 5.5000299072e+02 5.5000897217e+02 5.5000097656e+02 5.4999298096e+02 5.4998297119e+02 5.4996398926e+02 5.4996398926e+02 5.4998199463e+02 5.4999597168e+02 5.5000299072e+02 5.5000897217e+02 5.5002001953e+02 5.5003997803e+02 5.5004901123e+02 5.5005401611e+02 5.5006597900e+02 5.5008001709e+02 5.5009899902e+02
5.5021697998e+02 5.5021301270e+02 5.5021301270e+02 5.5021301270e+02 5.5021502686e+02 5.5021301270e+02 5.5020599365e+02 5.5020202637e+02 5.5020098877e+02 5.5019702148e+02 5.5018902588e+02 5.5019201660e+02 5.5019500732e+02 5.5017102051e+02 5.5013800049e+02 5.5009698486e+02 5.5008898926e+02 5.5007202148e+02 5.5004998779e+02 5.5003302002e+02 5.5001898193e+02 5.4999298096e+02 5.4999597168e+02 5.4999902344e+02 5.4999298096e+02 5.4998400879e+02 5.4998199463e+02 5.4998297119e+02 5.4997998047e+02 5.4998797607e+02 5.4997802734e+02 5.4997302246e+02 5.4997698975e+02 5.4997198486e+02 5.4997399902e+02 5.4997497559e+02 5.4997100830e+02 5.4997802734e+02 5.5000799561e+02 5.5003601074e+02 5.5005902100e+02 5.5006097412e+02 5.5005999756e+02 5.5007000732e+02 5.5007897949e+02 5.5008898926e+02
5.5021801758e+02 5.5021502686e+02 5.5021398926e+02 5.5021398926e+02 5.5021801758e+02 5.5021398926e+02 5.5020599365e+02 5.5019897461e+02 5.5019396973e+02 5.5019097900e+02 5.5019000244e+02 5.5020001221e+02 5.5019000244e+02 5.5011700439e+02 5.5009802246e+02 5.5008502197e+02 5.5007098389e+02 5.5003601074e+02 5.5002301025e+02 5.5002697754e+02 5.5001397705e+02 5.4998199463e+02 5.4998297119e+02 5.4997998047e+02 5.4996801758e+02 5.4995898438e+02 5.4996197510e+02 5.4996697998e+02 5.4996899414e+02 5.4996801758e+02 5.4994299316e+02 5.4993902588e+02 5.4995501709e+02 5.4995501709e+02 5.4996099854e+02 5.4996099854e+02 5.4995300293e+02 5.4997802734e+02 5.5002502441e+02 5.5004699707e+02 5.5005401611e+02 5.5005200195e+02 5.5005798340e+02 5.5006500244e+02 5.5006896973e+02 5.5008001709e+02
5.5021899414e+02 5.5021600342e+02 5.5021600342e+02 5.5021600342e+02 5.5021899414e+02 5.5021301270e+02 5.5020202637e+02 5.5019299316e+02 5.5018597412e+02 5.5018597412e+02 5.5018103027e+02 5.5017498779e+02 5.5015197754e+02 5.5008502197e+02 5.5007598877e+02 5.5006097412e+02 5.5003198242e+02 5.5001000977e+02 5.5000598145e+02 5.5000701904e+02 5.4998498535e+02 5.4996398926e+02 5.4996697998e+02 5.4996600342e+02 5.4995397949e+02 5.4994000244e+02 5.4994396973e+02 5.4994897461e+02 5.4994598389e+02 5.4992700195e+02 5.4990301514e+02 5.4991198730e+02 5.4992797852e+02 5.4993200684e+02 5.4994396973e+02 5.4995397949e+02 5.4996099854e+02 5.5000598145e+02 5.5005102539e+02 5.5005999756e+02 5.5005401611e+02 5.5004602051e+02 5.5005499268e+02 5.5005603027e+02 5.5005999756e+02 5.5007897949e+02
