TESTSERVER/6/17.asc
NCOLS 100
NROWS 100
XLLCORNER 7.7997500000e+03
YLLCORNER 2.8910025000e+05
CELLSIZE 5.0000000000e-01
NODATA_VALUE -9.9990000000e+03
[rows 60 to 79 of 100, columns 0 to 45 of 100]
5.4786901855e+02 5.4786798096e+02 5.4786798096e+02 5.4786901855e+02 5.4786901855e+02 5.4786901855e+02 5.4786901855e+02 5.4786901855e+02 5.4786901855e+02 5.4786999512e+02 5.4787200928e+02 5.4787298584e+02 5.4787500000e+02 5.4788000488e+02 5.4788299561e+02 5.4788598633e+02 5.4789001465e+02 5.4789398193e+02 5.4789697266e+02 5.4790002441e+02 5.4790197754e+02 5.4790197754e+02 5.4790197754e+02 5.4790197754e+02 5.4790197754e+02 5.4790002441e+02 5.4789898682e+02 5.4789898682e+02 5.4789801025e+02 5.4789801025e+02 5.4789697266e+02 5.4789697266e+02 5.4789801025e+02 5.4789898682e+02 5.4790002441e+02 5.4790100098e+02 5.4790100098e+02 5.4789898682e+02 5.4789898682e+02 5.4789801025e+02 5.4789801025e+02 5.4789099121e+02 5.4788702393e+02 5.4788000488e+02 5.4786999512e+02 5.4785400391e+02
5.4786999512e+02 5.4786901855e+02 5.4786901855e+02 5.4786999512e+02 5.4786999512e+02 5.4786999512e+02 5.4786999512e+02 5.4787097168e+02 5.4787097168e+02 5.4787200928e+02 5.4787298584e+02 5.4787402344e+02 5.4787701416e+02 5.4788098145e+02 5.4788299561e+02 5.4788598633e+02 5.4789001465e+02 5.4789398193e+02 5.4789697266e+02 5.4789898682e+02 5.4790100098e+02 5.4790100098e+02 5.4790100098e+02 5.4790100098e+02 5.4790100098e+02 5.4789898682e+02 5.4789898682e+02 5.4789801025e+02 5.4789697266e+02 5.4789697266e+02 5.4789599609e+02 5.4789599609e+02 5.4789599609e+02 5.4789898682e+02 5.4790100098e+02 5.4790301514e+02 5.4790100098e+02 5.4789697266e+02 5.4789801025e+02 5.4789898682e+02 5.4790100098e+02 5.4790399170e+02 5.4790399170e+02 5.4790197754e+02 5.4789202881e+02 5.4787701416e+02
5.4786999512e+02 5.4786901855e+02 5.4786999512e+02 5.4787097168e+02 5.4787097168e+02 5.4787200928e+02 5.4787200928e+02 5.4787298584e+02 5.4787298584e+02 5.4787500000e+02 5.4787597656e+02 5.4787701416e+02 5.4788000488e+02 5.4788299561e+02 5.4788500977e+02 5.4788800049e+02 5.4789099121e+02 5.4789398193e+02 5.4789599609e+02 5.4789801025e+02 5.4789898682e+02 5.4789898682e+02 5.4789898682e+02 5.4789898682e+02 5.4789898682e+02 5.4789801025e+02 5.4789697266e+02 5.4789697266e+02 5.4789599609e+02 5.4789501953e+02 5.4789501953e+02 5.4789501953e+02 5.4789501953e+02 5.4789801025e+02 5.4790002441e+02 5.4790197754e+02 5.4790100098e+02 5.4789801025e+02 5.4789898682e+02 5.4789898682e+02 5.4790399170e+02 5.4791101074e+02 5.4791497803e+02 5.4791601563e+02 5.4791699219e+02 5.4791400146e+02
5.4786999512e+02 5.4786999512e+02 5.4787097168e+02 5.4787200928e+02 5.4787200928e+02 5.4787298584e+02 5.4787402344e+02 5.4787500000e+02 5.4787597656e+02 5.4787799072e+02 5.4787902832e+02 5.4788000488e+02 5.4788201904e+02 5.4788500977e+02 5.4788800049e+02 5.4789001465e+02 5.4789099121e+02 5.4789300537e+02 5.4789501953e+02 5.4789697266e+02 5.4789801025e+02 5.4789697266e+02 5.4789697266e+02 5.4789697266e+02 5.4789697266e+02 5.4789599609e+02 5.4789501953e+02 5.4789501953e+02 5.4789398193e+02 5.4789398193e+02 5.4789398193e+02 5.4789300537e+02 5.4789398193e+02 5.4789599609e+02 5.4789801025e+02 5.4790100098e+02 5.4790002441e+02 5.4789898682e+02 5.4789898682e+02 5.4790002441e+02 5.4790600586e+02 5.4791601563e+02 5.4792102051e+02 5.4792602539e+02 5.4793798828e+02 5.4795300293e+02
5.4787097168e+02 5.4787200928e+02 5.4787298584e+02 5.4787500000e+02 5.4787701416e+02 5.4787597656e+02 5.4787701416e+02 5.4787902832e+02 5.4788098145e+02 5.4788000488e+02 5.4788201904e+02 5.4788397217e+02 5.4788598633e+02 5.4788702393e+02 5.4788800049e+02 5.4788800049e+02 5.4788897705e+02 5.4789300537e+02 5.4789300537e+02 5.4789398193e+02 5.4789300537e+02 5.4789501953e+02 5.4789501953e+02 5.4789501953e+02 5.4789398193e+02 5.4789398193e+02 5.4789398193e+02 5.4789300537e+02 5.4789300537e+02 5.4789202881e+02 5.4789099121e+02 5.4789099121e+02 5.4789099121e+02 5.4789398193e+02 5.4789599609e+02 5.4789697266e+02 5.4790002441e+02 5.4790301514e+02 5.4790399170e+02 5.4790502930e+02 5.4790399170e+02 5.4790997314e+02 5.4791802979e+02 5.4792999268e+02 5.4796697998e+02 5.4799401855e+02
5.4787097168e+02 5.4787200928e+02 5.4787500000e+02 5.4787701416e+02 5.4787701416e+02 5.4787799072e+02 5.4788000488e+02 5.4788201904e+02 5.4788299561e+02 5.4788201904e+02 5.4788500977e+02 5.4788598633e+02 5.4788800049e+02 5.4788800049e+02 5.4788800049e+02 5.4788800049e+02 5.4789001465e+02 5.4789300537e+02 5.4789202881e+02 5.4789099121e+02 5.4789202881e+02 5.4789300537e+02 5.4789300537e+02 5.4789300537e+02 5.4789300537e+02 5.4789202881e+02 5.4789202881e+02 5.4789300537e+02 5.4789202881e+02 5.4789001465e+02 5.4789001465e+02 5.4788897705e+02 5.4789001465e+02 5.4789300537e+02 5.4789398193e+02 5.4789501953e+02 5.4789898682e+02 5.4790502930e+02 5.4790698242e+02 5.4790698242e+02 5.4790301514e+02 5.4790002441e+02 5.4790399170e+02 5.4791302490e+02 5.4793200684e+02 5.4797802734e+02
5.4787097168e+02 5.4787200928e+02 5.4787500000e+02 5.4787701416e+02 5.4787799072e+02 5.4787902832e+02 5.4788098145e+02 5.4788397217e+02 5.4788500977e+02 5.4788500977e+02 5.4788702393e+02 5.4788897705e+02 5.4789099121e+02 5.4789001465e+02 5.4789001465e+02 5.4788897705e+02 5.4789099121e+02 5.4789202881e+02 5.4789099121e+02 5.4789001465e+02 5.4789001465e+02 5.4789099121e+02 5.4789099121e+02 5.4789202881e+02 5.4789099121e+02 5.4789099121e+02 5.4789099121e+02 5.4789202881e+02 5.4789099121e+02 5.4789001465e+02 5.4788897705e+02 5.4788897705e+02 5.4788897705e+02 5.4789202881e+02 5.4789300537e+02 5.4789501953e+02 5.4789801025e+02 5.4790301514e+02 5.4790502930e+02 5.4790600586e+02 5.4790197754e+02 5.4789697266e+02 5.4789599609e+02 5.4789801025e+02 5.4789898682e+02 5.4792901611e+02
5.4787097168e+02 5.4787200928e+02 5.4787500000e+02 5.4787701416e+02 5.4787799072e+02 5.4788000488e+02 5.4788201904e+02 5.4788500977e+02 5.4788702393e+02 5.4788800049e+02 5.4789001465e+02 5.4789202881e+02 5.4789300537e+02 5.4789202881e+02 5.4789099121e+02 5.4789099121e+02 5.4789202881e+02 5.4789099121e+02 5.4789001465e+02 5.4789001465e+02 5.4788897705e+02 5.4789001465e+02 5.4789001465e+02 5.4789001465e+02 5.4789001465e+02 5.4789001465e+02 5.4789099121e+02 5.4789099121e+02 5.4789099121e+02 5.4788897705e+02 5.4788897705e+02 5.4788800049e+02 5.4788897705e+02 5.4789202881e+02 5.4789300537e+02 5.4789398193e+02 5.4789697266e+02 5.4790100098e+02 5.4790197754e+02 5.4790301514e+02 5.4790100098e+02 5.4789599609e+02 5.4789300537e+02 5.4789099121e+02 5.4788397217e+02 5.4789001465e+02
5.4787200928e+02 5.4787402344e+02 5.4787597656e+02 5.4787799072e+02 5.4788098145e+02 5.4788299561e+02 5.4788598633e+02 5.4788897705e+02 5.4789300537e+02 5.4789202881e+02 5.4789398193e+02 5.4789599609e+02 5.4789801025e+02 5.4789398193e+02 5.4789398193e+02 5.4789300537e+02 5.4789099121e+02 5.4788897705e+02 5.4788800049e+02 5.4788702393e+02 5.4788397217e+02 5.4788598633e+02 5.4788702393e+02 5.4788702393e+02 5.4788598633e+02 5.4788800049e+02 5.4788897705e+02 5.4788897705e+02 5.4788800049e+02 5.4788800049e+02 5.4788897705e+02 5.4788897705e+02 5.4789001465e+02 5.4789001465e+02 5.4789001465e+02 5.4789099121e+02 5.4789300537e+02 5.4789697266e+02 5.4789801025e+02 5.4789801025e+02 5.4789501953e+02 5.4789898682e+02 5.4790100098e+02 5.4789898682e+02 5.4788800049e+02 5.4786999512e+02
5.4787097168e+02 5.4787298584e+02 5.4787597656e+02 5.4787799072e+02 5.4788000488e+02 5.4788299561e+02 5.4788702393e+02 5.4789001465e+02 5.4789202881e+02 5.4789300537e+02 5.4789501953e+02 5.4789801025e+02 5.4789801025e+02 5.4789599609e+02 5.4789501953e+02 5.4789398193e+02 5.4789202881e+02 5.4789001465e+02 5.4788800049e+02 5.4788598633e+02 5.4788598633e+02 5.4788702393e+02 5.4788702393e+02 5.4788702393e+02 5.4788800049e+02 5.4788800049e+02 5.4788897705e+02 5.4788897705e+02 5.4788897705e+02 5.4788897705e+02 5.4788897705e+02 5.4789001465e+02 5.4788897705e+02 5.4788800049e+02 5.4788897705e+02 5.4789001465e+02 5.4789300537e+02 5.4789501953e+02 5.4789501953e+02 5.4789398193e+02 5.4789099121e+02 5.4789599609e+02 5.4790899658e+02 5.4791802979e+02 5.4791101074e+02 5.4787799072e+02
5.4786999512e+02 5.4787200928e+02 5.4787402344e+02 5.4787597656e+02 5.4787902832e+02 5.4788201904e+02 5.4788598633e+02 5.4788897705e+02 5.4789202881e+02 5.4789300537e+02 5.4789501953e+02 5.4789697266e+02 5.4789801025e+02 5.4789599609e+02 5.4789501953e+02 5.4789398193e+02 5.4789300537e+02 5.4789099121e+02 5.4789001465e+02 5.4788800049e+02 5.4788800049e+02 5.4788897705e+02 5.4788897705e+02 5.4788897705e+02 5.4788897705e+02 5.4788897705e+02 5.4788800049e+02 5.4788897705e+02 5.4788897705e+02 5.4788897705e+02 5.4789001465e+02 5.4789099121e+02 5.4789001465e+02 5.4788897705e+02 5.4789001465e+02 5.4789099121e+02 5.4789202881e+02 5.4789300537e+02 5.4789300537e+02 5.4789202881e+02 5.4788800049e+02 5.4789001465e+02 5.4790600586e+02 5.4791900635e+02 5.4791198730e+02 5.4786199951e+02
5.4786901855e+02 5.4786999512e+02 5.4787200928e+02 5.4787500000e+02 5.4787799072e+02 5.4788201904e+02 5.4788500977e+02 5.4788800049e+02 5.4789099121e+02 5.4789300537e+02 5.4789501953e+02 5.4789697266e+02 5.4789801025e+02 5.4789697266e+02 5.4789501953e+02 5.4789398193e+02 5.4789398193e+02 5.4789300537e+02 5.4789099121e+02 5.4788897705e+02 5.4788897705e+02 5.4789001465e+02 5.4788897705e+02 5.4788897705e+02 5.4788897705e+02 5.4788897705e+02 5.4788897705e+02 5.4788897705e+02 5.4788897705e+02 5.4789001465e+02 5.4789099121e+02 5.4789202881e+02 5.4789001465e+02 5.4788897705e+02 5.4789001465e+02 5.4789099121e+02 5.4789099121e+02 5.4789001465e+02 5.4789001465e+02 5.4788897705e+02 5.4788598633e+02 5.4788397217e+02 5.4789697266e+02 5.4790698242e+02 5.4789202881e+02 5.4783099365e+02
5.4786602783e+02 5.4786999512e+02 5.4787298584e+02 5.4787500000e+02 5.4787799072e+02 5.4788098145e+02 5.4788500977e+02 5.4788897705e+02 5.4789300537e+02 5.4789300537e+02 5.4789599609e+02 5.4789898682e+02 5.4790002441e+02 5.4789697266e+02 5.4789697266e+02 5.4789697266e+02 5.4789697266e+02 5.4789300537e+02 5.4789202881e+02 5.4789099121e+02 5.4788897705e+02 5.4788897705e+02 5.4788897705e+02 5.4788800049e+02 5.4788598633e+02 5.4788800049e+02 5.4788800049e+02 5.4788702393e+02 5.4788500977e+02 5.4788800049e+02 5.4788800049e+02 5.4788897705e+02 5.4789001465e+02 5.4789300537e+02 5.4789398193e+02 5.4789300537e+02 5.4789099121e+02 5.4788800049e+02 5.4788702393e+02 5.4788702393e+02 5.4788598633e+02 5.4786999512e+02 5.4788098145e+02 5.4789599609e+02 5.4786700439e+02 5.4780603027e+02
5.4786297607e+02 5.4786798096e+02 5.4787097168e+02 5.4787298584e+02 5.4787597656e+02 5.4787902832e+02 5.4788397217e+02 5.4788800049e+02 5.4789099121e+02 5.4789300537e+02 5.4789599609e+02 5.4789898682e+02 5.4789898682e+02 5.4789801025e+02 5.4789801025e+02 5.4790002441e+02 5.4789801025e+02 5.4789398193e+02 5.4789398193e+02 5.4789398193e+02 5.4789300537e+02 5.4789099121e+02 5.4789099121e+02 5.4789001465e+02 5.4789099121e+02 5.4789099121e+02 5.4789001465e+02 5.4788800049e+02 5.4788702393e+02 5.4788500977e+02 5.4788500977e+02 5.4788500977e+02 5.4789099121e+02 5.4789801025e+02 5.4789697266e+02 5.4789202881e+02 5.4788397217e+02 5.4788000488e+02 5.4787701416e+02 5.4787402344e+02 5.4786199951e+02 5.4784802246e+02 5.4786199951e+02 5.4787200928e+02 5.4782000732e+02 5.4774798584e+02
5.4785998535e+02 5.4786401367e+02 5.4786700439e+02 5.4786901855e+02 5.4787200928e+02 5.4787701416e+02 5.4788098145e+02 5.4788500977e+02 5.4788897705e+02 5.4789099121e+02 5.4789398193e+02 5.4789697266e+02 5.4789801025e+02 5.4789801025e+02 5.4789898682e+02 5.4790002441e+02 5.4790002441e+02 5.4789697266e+02 5.4789801025e+02 5.4789801025e+02 5.4789697266e+02 5.4789599609e+02 5.4789501953e+02 5.4789501953e+02 5.4789501953e+02 5.4789398193e+02 5.4789300537e+02 5.4789202881e+02 5.4789001465e+02 5.4788702393e+02 5.4788702393e+02 5.4788702393e+02 5.4789202881e+02 5.4789697266e+02 5.4789501953e+02 5.4788897705e+02 5.4787701416e+02 5.4787097168e+02 5.4786901855e+02 5.4786499023e+02 5.4784600830e+02 5.4782299805e+02 5.4782000732e+02 5.4781597900e+02 5.4776300049e+02 5.4766699219e+02
5.4785699463e+02 5.4785998535e+02 5.4786297607e+02 5.4786499023e+02 5.4786901855e+02 5.4787402344e+02 5.4787799072e+02 5.4788201904e+02 5.4788598633e+02 5.4788897705e+02 5.4789202881e+02 5.4789501953e+02 5.4789801025e+02 5.4789801025e+02 5.4790002441e+02 5.4790100098e+02 5.4790197754e+02 5.4790100098e+02 5.4790100098e+02 5.4790100098e+02 5.4790100098e+02 5.4790100098e+02 5.4790002441e+02 5.4790002441e+02 5.4789898682e+02 5.4789801025e+02 5.4789697266e+02 5.4789599609e+02 5.4789300537e+02 5.4789099121e+02 5.4789001465e+02 5.4789099121e+02 5.4789300537e+02 5.4789501953e+02 5.4789300537e+02 5.4788598633e+02 5.4787200928e+02 5.4786602783e+02 5.4786798096e+02 5.4787097168e+02 5.4785998535e+02 5.4780999756e+02 5.4777697754e+02 5.4775000000e+02 5.4768402100e+02 5.4757598877e+02
5.4784698486e+02 5.4785498047e+02 5.4785797119e+02 5.4785998535e+02 5.4786297607e+02 5.4786999512e+02 5.4787500000e+02 5.4788000488e+02 5.4788397217e+02 5.4788800049e+02 5.4789099121e+02 5.4789501953e+02 5.4789898682e+02 5.4789898682e+02 5.4790100098e+02 5.4790197754e+02 5.4790399170e+02 5.4790399170e+02 5.4790502930e+02 5.4790698242e+02 5.4790802002e+02 5.4790502930e+02 5.4790502930e+02 5.4790502930e+02 5.4790301514e+02 5.4790100098e+02 5.4790100098e+02 5.4790197754e+02 5.4790399170e+02 5.4789898682e+02 5.4790002441e+02 5.4789898682e+02 5.4789300537e+02 5.4788897705e+02 5.4788800049e+02 5.4788397217e+02 5.4787799072e+02 5.4786499023e+02 5.4786700439e+02 5.4789501953e+02 5.4792199707e+02 5.4784100342e+02 5.4774200439e+02 5.4767102051e+02 5.4759399414e+02 5.4750000000e+02
5.4784698486e+02 5.4785400391e+02 5.4785699463e+02 5.4785900879e+02 5.4786199951e+02 5.4786798096e+02 5.4787402344e+02 5.4788000488e+02 5.4788397217e+02 5.4788702393e+02 5.4789202881e+02 5.4789697266e+02 5.4789898682e+02 5.4790002441e+02 5.4790197754e+02 5.4790502930e+02 5.4790600586e+02 5.4790698242e+02 5.4790899658e+02 5.4791101074e+02 5.4791101074e+02 5.4790899658e+02 5.4790899658e+02 5.4790899658e+02 5.4790698242e+02 5.4790502930e+02 5.4790600586e+02 5.4790698242e+02 5.4791101074e+02 5.4791101074e+02 5.4791101074e+02 5.4790698242e+02 5.4790002441e+02 5.4788702393e+02 5.4788098145e+02 5.4787902832e+02 5.4787701416e+02 5.4786700439e+02 5.4785998535e+02 5.4789398193e+02 5.4791497803e+02 5.4781201172e+02 5.4767901611e+02 5.4760400391e+02 5.4753100586e+02 5.4744000244e+02
5.4784698486e+02 5.4785400391e+02 5.4785601807e+02 5.4785900879e+02 5.4786199951e+02 5.4786798096e+02 5.4787402344e+02 5.4787902832e+02 5.4788397217e+02 5.4788702393e+02 5.4789202881e+02 5.4789697266e+02 5.4790002441e+02 5.4790100098e+02 5.4790502930e+02 5.4790698242e+02 5.4790899658e+02 5.4790997314e+02 5.4791198730e+02 5.4791400146e+02 5.4791400146e+02 5.4791198730e+02 5.4791198730e+02 5.4791198730e+02 5.4791101074e+02 5.4790899658e+02 5.4790899658e+02 5.4791101074e+02 5.4791699219e+02 5.4791802979e+02 5.4791497803e+02 5.4791101074e+02 5.4790197754e+02 5.4788000488e+02 5.4786700439e+02 5.4786401367e+02 5.4786297607e+02 5.4787200928e+02 5.4787597656e+02 5.4786700439e+02 5.4782800293e+02 5.4771502686e+02 5.4760101318e+02 5.4753497314e+02 5.4746099854e+02 5.4736700439e+02
5.4784698486e+02 5.4785302734e+02 5.4785601807e+02 5.4785797119e+02 5.4786102295e+02 5.4786798096e+02 5.4787298584e+02 5.4787902832e+02 5.4788397217e+02 5.4788702393e+02 5.4789202881e+02 5.4789697266e+02 5.4790002441e+02 5.4790399170e+02 5.4790698242e+02 5.4790997314e+02 5.4791198730e+02 5.4791302490e+02 5.4791497803e+02 5.4791699219e+02 5.4791699219e+02 5.4791497803e+02 5.4791497803e+02 5.4791497803e+02 5.4791400146e+02 5.4791198730e+02 5.4791302490e+02 5.4791497803e+02 5.4791998291e+02 5.4791998291e+02 5.4791699219e+02 5.4790997314e+02 5.4789898682e+02 5.4787097168e+02 5.4785601807e+02 5.4785400391e+02 5.4786199951e+02 5.4787799072e+02 5.4786901855e+02 5.4781701660e+02 5.4772399902e+02 5.4761700439e+02 5.4752600098e+02 5.4746099854e+02 5.4738800049e+02 5.4729302979e+02
