TESTSERVER/6/17.asc
NCOLS 100
NROWS 100
XLLCORNER 7.7997500000e+03
YLLCORNER 2.8910025000e+05
CELLSIZE 5.0000000000e-01
NODATA_VALUE -9.9990000000e+03
[rows 60 to 79 of 100, columns 46 to 91 of 100]
5.4784100342e+02 5.4783502197e+02 5.4783099365e+02 5.4780499268e+02 5.4778198242e+02 5.4776098633e+02 5.4774102783e+02 5.4769396973e+02 5.4762097168e+02 5.4754400635e+02 5.4749597168e+02 5.4748901367e+02 5.4742602539e+02 5.4731799316e+02 5.4719396973e+02 5.4705603027e+02 5.4699597168e+02 5.4698400879e+02 5.4696301270e+02 5.4689099121e+02 5.4669396973e+02 5.4634899902e+02 5.4590802002e+02 5.4542999268e+02 5.4500598145e+02 5.4465197754e+02 5.4441802979e+02 5.4432800293e+02 5.4428302002e+02 5.4430297852e+02 5.4438000488e+02 5.4440997314e+02 5.4439697266e+02 5.4438098145e+02 5.4433599854e+02 5.4456597900e+02 5.4491802979e+02 5.4539801025e+02 5.4594299316e+02 5.4609600830e+02 5.4606896973e+02 5.4620300293e+02 5.4646899414e+02 5.4667498779e+02 5.4664599609e+02 5.4644097900e+02
5.4786102295e+02 5.4784497070e+02 5.4783599854e+02 5.4780102539e+02 5.4776800537e+02 5.4773901367e+02 5.4771197510e+02 5.4766601563e+02 5.4759600830e+02 5.4752398682e+02 5.4748199463e+02 5.4745501709e+02 5.4736999512e+02 5.4724798584e+02 5.4712799072e+02 5.4700598145e+02 5.4697802734e+02 5.4699499512e+02 5.4696697998e+02 5.4685601807e+02 5.4666601563e+02 5.4634997559e+02 5.4587597656e+02 5.4531500244e+02 5.4484197998e+02 5.4450598145e+02 5.4435699463e+02 5.4430902100e+02 5.4430798340e+02 5.4433801270e+02 5.4439001465e+02 5.4440002441e+02 5.4434002686e+02 5.4428198242e+02 5.4428302002e+02 5.4456298828e+02 5.4504602051e+02 5.4555603027e+02 5.4597900391e+02 5.4604998779e+02 5.4609399414e+02 5.4631298828e+02 5.4663299561e+02 5.4670697021e+02 5.4659497070e+02 5.4642297363e+02
5.4789801025e+02 5.4787701416e+02 5.4785198975e+02 5.4779498291e+02 5.4774597168e+02 5.4771099854e+02 5.4767498779e+02 5.4763201904e+02 5.4756402588e+02 5.4749102783e+02 5.4744598389e+02 5.4738500977e+02 5.4728100586e+02 5.4715399170e+02 5.4703802490e+02 5.4696197510e+02 5.4697198486e+02 5.4699298096e+02 5.4694201660e+02 5.4679998779e+02 5.4662500000e+02 5.4636401367e+02 5.4590002441e+02 5.4527099609e+02 5.4476898193e+02 5.4444598389e+02 5.4433300781e+02 5.4431500244e+02 5.4433599854e+02 5.4436700439e+02 5.4438800049e+02 5.4436199951e+02 5.4429302979e+02 5.4426000977e+02 5.4432800293e+02 5.4474200439e+02 5.4529400635e+02 5.4576300049e+02 5.4601397705e+02 5.4606597900e+02 5.4619299316e+02 5.4646801758e+02 5.4676098633e+02 5.4675402832e+02 5.4663000488e+02 5.4650799561e+02
5.4794299316e+02 5.4791900635e+02 5.4788500977e+02 5.4779797363e+02 5.4772100830e+02 5.4767498779e+02 5.4763500977e+02 5.4759600830e+02 5.4753497314e+02 5.4745397949e+02 5.4739001465e+02 5.4730297852e+02 5.4718798828e+02 5.4706097412e+02 5.4695300293e+02 5.4691699219e+02 5.4694201660e+02 5.4694897461e+02 5.4688000488e+02 5.4672399902e+02 5.4657800293e+02 5.4637701416e+02 5.4592102051e+02 5.4524401855e+02 5.4473498535e+02 5.4442401123e+02 5.4432397461e+02 5.4432501221e+02 5.4435797119e+02 5.4438299561e+02 5.4437701416e+02 5.4432501221e+02 5.4426501465e+02 5.4428601074e+02 5.4448699951e+02 5.4504400635e+02 5.4560302734e+02 5.4596997070e+02 5.4604199219e+02 5.4614501953e+02 5.4634197998e+02 5.4659600830e+02 5.4677801514e+02 5.4676800537e+02 5.4669299316e+02 5.4660498047e+02
5.4799700928e+02 5.4797302246e+02 5.4791101074e+02 5.4780999756e+02 5.4771002197e+02 5.4764202881e+02 5.4760900879e+02 5.4756701660e+02 5.4749700928e+02 5.4741400146e+02 5.4734497070e+02 5.4723297119e+02 5.4710699463e+02 5.4697998047e+02 5.4689099121e+02 5.4687597656e+02 5.4688000488e+02 5.4686297607e+02 5.4678100586e+02 5.4665100098e+02 5.4651397705e+02 5.4630700684e+02 5.4584899902e+02 5.4517199707e+02 5.4467797852e+02 5.4438500977e+02 5.4428302002e+02 5.4433697510e+02 5.4437902832e+02 5.4439398193e+02 5.4439801025e+02 5.4432702637e+02 5.4425500488e+02 5.4433502197e+02 5.4467102051e+02 5.4546502686e+02 5.4592700195e+02 5.4608001709e+02 5.4601898193e+02 5.4623400879e+02 5.4648400879e+02 5.4664001465e+02 5.4665002441e+02 5.4665600586e+02 5.4657598877e+02 5.4645599365e+02
5.4801000977e+02 5.4800299072e+02 5.4794000244e+02 5.4784497070e+02 5.4771697998e+02 5.4760101318e+02 5.4755499268e+02 5.4753497314e+02 5.4746002197e+02 5.4736798096e+02 5.4728601074e+02 5.4715997314e+02 5.4702801514e+02 5.4690502930e+02 5.4683300781e+02 5.4683801270e+02 5.4684698486e+02 5.4680700684e+02 5.4670898438e+02 5.4658099365e+02 5.4638299561e+02 5.4606201172e+02 5.4559002686e+02 5.4499700928e+02 5.4455102539e+02 5.4431701660e+02 5.4427099609e+02 5.4432000732e+02 5.4436602783e+02 5.4438201904e+02 5.4437200928e+02 5.4426800537e+02 5.4420202637e+02 5.4443499756e+02 5.4510498047e+02 5.4584301758e+02 5.4604998779e+02 5.4604498291e+02 5.4605499268e+02 5.4627001953e+02 5.4651202393e+02 5.4655401611e+02 5.4642498779e+02 5.4638800049e+02 5.4631500244e+02 5.4623999023e+02
5.4796997070e+02 5.4797802734e+02 5.4793597412e+02 5.4786199951e+02 5.4772601318e+02 5.4758197021e+02 5.4751202393e+02 5.4748199463e+02 5.4740197754e+02 5.4730297852e+02 5.4720501709e+02 5.4706701660e+02 5.4693499756e+02 5.4683099365e+02 5.4678399658e+02 5.4680902100e+02 5.4681402588e+02 5.4674597168e+02 5.4661602783e+02 5.4644897461e+02 5.4617498779e+02 5.4577398682e+02 5.4527600098e+02 5.4477099609e+02 5.4442401123e+02 5.4427301025e+02 5.4427502441e+02 5.4431701660e+02 5.4434698486e+02 5.4435498047e+02 5.4432202148e+02 5.4418200684e+02 5.4421502686e+02 5.4464501953e+02 5.4550201416e+02 5.4601202393e+02 5.4604498291e+02 5.4602301025e+02 5.4607202148e+02 5.4619799805e+02 5.4635198975e+02 5.4634100342e+02 5.4621502686e+02 5.4617102051e+02 5.4616101074e+02 5.4618103027e+02
5.4791699219e+02 5.4792199707e+02 5.4789001465e+02 5.4782897949e+02 5.4770300293e+02 5.4755798340e+02 5.4747900391e+02 5.4741101074e+02 5.4730798340e+02 5.4721197510e+02 5.4711499023e+02 5.4697601318e+02 5.4685101318e+02 5.4676702881e+02 5.4674200439e+02 5.4676800537e+02 5.4674499512e+02 5.4663702393e+02 5.4647998047e+02 5.4625701904e+02 5.4591302490e+02 5.4546301270e+02 5.4497198486e+02 5.4456597900e+02 5.4432800293e+02 5.4425799561e+02 5.4429400635e+02 5.4431799316e+02 5.4432702637e+02 5.4432000732e+02 5.4427001953e+02 5.4416400146e+02 5.4435198975e+02 5.4495697021e+02 5.4583697510e+02 5.4611602783e+02 5.4604998779e+02 5.4602697754e+02 5.4608801270e+02 5.4612402344e+02 5.4619598389e+02 5.4618902588e+02 5.4614300537e+02 5.4612902832e+02 5.4620300293e+02 5.4631701660e+02
5.4786798096e+02 5.4785699463e+02 5.4781201172e+02 5.4775897217e+02 5.4764099121e+02 5.4750500488e+02 5.4743798828e+02 5.4734497070e+02 5.4723498535e+02 5.4715899658e+02 5.4707501221e+02 5.4690100098e+02 5.4677600098e+02 5.4671002197e+02 5.4668402100e+02 5.4669396973e+02 5.4661901855e+02 5.4646197510e+02 5.4629602051e+02 5.4603802490e+02 5.4564398193e+02 5.4517199707e+02 5.4473999023e+02 5.4446398926e+02 5.4431201172e+02 5.4427600098e+02 5.4430297852e+02 5.4431500244e+02 5.4430401611e+02 5.4427697754e+02 5.4422497559e+02 5.4422698975e+02 5.4462902832e+02 5.4538299561e+02 5.4616302490e+02 5.4623797607e+02 5.4613299561e+02 5.4607702637e+02 5.4609698486e+02 5.4613800049e+02 5.4617602539e+02 5.4619396973e+02 5.4619702148e+02 5.4621398926e+02 5.4638299561e+02 5.4659301758e+02
5.4784197998e+02 5.4780999756e+02 5.4776501465e+02 5.4769500732e+02 5.4757202148e+02 5.4744897461e+02 5.4737597656e+02 5.4727001953e+02 5.4716198730e+02 5.4710198975e+02 5.4701898193e+02 5.4683697510e+02 5.4670300293e+02 5.4664898682e+02 5.4664099121e+02 5.4662200928e+02 5.4647601318e+02 5.4625701904e+02 5.4607397461e+02 5.4581201172e+02 5.4541101074e+02 5.4495800781e+02 5.4461199951e+02 5.4442102051e+02 5.4430297852e+02 5.4426702881e+02 5.4427502441e+02 5.4426702881e+02 5.4425097656e+02 5.4424200439e+02 5.4422601318e+02 5.4430499268e+02 5.4490197754e+02 5.4577899170e+02 5.4641198730e+02 5.4643597412e+02 5.4627899170e+02 5.4614501953e+02 5.4611798096e+02 5.4615100098e+02 5.4617999268e+02 5.4621600342e+02 5.4625097656e+02 5.4625000000e+02 5.4640997314e+02 5.4661199951e+02
5.4781097412e+02 5.4776599121e+02 5.4770001221e+02 5.4759399414e+02 5.4748699951e+02 5.4739898682e+02 5.4731896973e+02 5.4721002197e+02 5.4709002686e+02 5.4700402832e+02 5.4692102051e+02 5.4677001953e+02 5.4664501953e+02 5.4659100342e+02 5.4658398438e+02 5.4653698730e+02 5.4633099365e+02 5.4605603027e+02 5.4584600830e+02 5.4555297852e+02 5.4515802002e+02 5.4476000977e+02 5.4448498535e+02 5.4433697510e+02 5.4426800537e+02 5.4425500488e+02 5.4425097656e+02 5.4421899414e+02 5.4420599365e+02 5.4422399902e+02 5.4424200439e+02 5.4448297119e+02 5.4517901611e+02 5.4601300049e+02 5.4650500488e+02 5.4652502441e+02 5.4636102295e+02 5.4623101807e+02 5.4621801758e+02 5.4621600342e+02 5.4618298340e+02 5.4618597412e+02 5.4623602295e+02 5.4620202637e+02 5.4625500488e+02 5.4635699463e+02
5.4777502441e+02 5.4771002197e+02 5.4760998535e+02 5.4749902344e+02 5.4742102051e+02 5.4735302734e+02 5.4725500488e+02 5.4714501953e+02 5.4702600098e+02 5.4692297363e+02 5.4683502197e+02 5.4670800781e+02 5.4658898926e+02 5.4653002930e+02 5.4650897217e+02 5.4644000244e+02 5.4620898438e+02 5.4589801025e+02 5.4563800049e+02 5.4528302002e+02 5.4488500977e+02 5.4454998779e+02 5.4435699463e+02 5.4426202393e+02 5.4424401855e+02 5.4425598145e+02 5.4424798584e+02 5.4421099854e+02 5.4420599365e+02 5.4423901367e+02 5.4428497314e+02 5.4473699951e+02 5.4546301270e+02 5.4614099121e+02 5.4643597412e+02 5.4643597412e+02 5.4631799316e+02 5.4625799561e+02 5.4631701660e+02 5.4630700684e+02 5.4621899414e+02 5.4616998291e+02 5.4619598389e+02 5.4615698242e+02 5.4614398193e+02 5.4615899658e+02
5.4773602295e+02 5.4763897705e+02 5.4752099609e+02 5.4743798828e+02 5.4737097168e+02 5.4729602051e+02 5.4718701172e+02 5.4708001709e+02 5.4698199463e+02 5.4687799072e+02 5.4677398682e+02 5.4663800049e+02 5.4652197266e+02 5.4646002197e+02 5.4642999268e+02 5.4631896973e+02 5.4611102295e+02 5.4581896973e+02 5.4548901367e+02 5.4501800537e+02 5.4460101318e+02 5.4432702637e+02 5.4427801514e+02 5.4425598145e+02 5.4426098633e+02 5.4427502441e+02 5.4433801270e+02 5.4430999756e+02 5.4424798584e+02 5.4423400879e+02 5.4436297607e+02 5.4506201172e+02 5.4574298096e+02 5.4617297363e+02 5.4626898193e+02 5.4624401855e+02 5.4620300293e+02 5.4620697021e+02 5.4624597168e+02 5.4631201172e+02 5.4628302002e+02 5.4623498535e+02 5.4623901367e+02 5.4626000977e+02 5.4628601074e+02 5.4627301025e+02
5.4765100098e+02 5.4754302979e+02 5.4744897461e+02 5.4737200928e+02 5.4729199219e+02 5.4719799805e+02 5.4709497070e+02 5.4700897217e+02 5.4691302490e+02 5.4679602051e+02 5.4670001221e+02 5.4657299805e+02 5.4647497559e+02 5.4641998291e+02 5.4635101318e+02 5.4620800781e+02 5.4601898193e+02 5.4574798584e+02 5.4537200928e+02 5.4484497070e+02 5.4440698242e+02 5.4416802979e+02 5.4419500732e+02 5.4425097656e+02 5.4425097656e+02 5.4425201416e+02 5.4432299805e+02 5.4432897949e+02 5.4421997070e+02 5.4428100586e+02 5.4470202637e+02 5.4547998047e+02 5.4597998047e+02 5.4615802002e+02 5.4615802002e+02 5.4613598633e+02 5.4613702393e+02 5.4615399170e+02 5.4616400146e+02 5.4622802734e+02 5.4624499512e+02 5.4619396973e+02 5.4620001221e+02 5.4625701904e+02 5.4627398682e+02 5.4625701904e+02
5.4755700684e+02 5.4746197510e+02 5.4739001465e+02 5.4730798340e+02 5.4721002197e+02 5.4710400391e+02 5.4700701904e+02 5.4691802979e+02 5.4681298828e+02 5.4669897461e+02 5.4661999512e+02 5.4651501465e+02 5.4642797852e+02 5.4635601807e+02 5.4624200439e+02 5.4609197998e+02 5.4590997314e+02 5.4563897705e+02 5.4523602295e+02 5.4469897461e+02 5.4428698730e+02 5.4409497070e+02 5.4415802002e+02 5.4421301270e+02 5.4421600342e+02 5.4421697998e+02 5.4424700928e+02 5.4419799805e+02 5.4418103027e+02 5.4445001221e+02 5.4516900635e+02 5.4584698486e+02 5.4611499023e+02 5.4612799072e+02 5.4608197021e+02 5.4608697510e+02 5.4610302734e+02 5.4613800049e+02 5.4617901611e+02 5.4622399902e+02 5.4620098877e+02 5.4614398193e+02 5.4613702393e+02 5.4616802979e+02 5.4617297363e+02 5.4617602539e+02
5.4747900391e+02 5.4740399170e+02 5.4733599854e+02 5.4724401855e+02 5.4712799072e+02 5.4701800537e+02 5.4692700195e+02 5.4682702637e+02 5.4671398926e+02 5.4660699463e+02 5.4652697754e+02 5.4642901611e+02 5.4634100342e+02 5.4624102783e+02 5.4609802246e+02 5.4595001221e+02 5.4576501465e+02 5.4549499512e+02 5.4508801270e+02 5.4459399414e+02 5.4424798584e+02 5.4411199951e+02 5.4416802979e+02 5.4419097900e+02 5.4418597412e+02 5.4418200684e+02 5.4415802002e+02 5.4408398438e+02 5.4420697021e+02 5.4469799805e+02 5.4560101318e+02 5.4600500488e+02 5.4607702637e+02 5.4603497314e+02 5.4603198242e+02 5.4605999756e+02 5.4608599854e+02 5.4613397217e+02 5.4620098877e+02 5.4620202637e+02 5.4615301514e+02 5.4611700439e+02 5.4612200928e+02 5.4613897705e+02 5.4614001465e+02 5.4615698242e+02
5.4742199707e+02 5.4734997559e+02 5.4726202393e+02 5.4716198730e+02 5.4704602051e+02 5.4693402100e+02 5.4684698486e+02 5.4675500488e+02 5.4663397217e+02 5.4652600098e+02 5.4643597412e+02 5.4632299805e+02 5.4622698975e+02 5.4611102295e+02 5.4594598389e+02 5.4578997803e+02 5.4557299805e+02 5.4529498291e+02 5.4490698242e+02 5.4452502441e+02 5.4428100586e+02 5.4418701172e+02 5.4420300293e+02 5.4418701172e+02 5.4416699219e+02 5.4415502930e+02 5.4420001221e+02 5.4408099365e+02 5.4434600830e+02 5.4504498291e+02 5.4583502197e+02 5.4598297119e+02 5.4598199463e+02 5.4597100830e+02 5.4601397705e+02 5.4604302979e+02 5.4606201172e+02 5.4609600830e+02 5.4610998535e+02 5.4610498047e+02 5.4608801270e+02 5.4609100342e+02 5.4611297607e+02 5.4612097168e+02 5.4611499023e+02 5.4614202881e+02
5.4735797119e+02 5.4727899170e+02 5.4717199707e+02 5.4707299805e+02 5.4697100830e+02 5.4686602783e+02 5.4676702881e+02 5.4667602539e+02 5.4654797363e+02 5.4642901611e+02 5.4634002686e+02 5.4623199463e+02 5.4614599609e+02 5.4604901123e+02 5.4588800049e+02 5.4565802002e+02 5.4536499023e+02 5.4503497314e+02 5.4467700195e+02 5.4438000488e+02 5.4422497559e+02 5.4417602539e+02 5.4419702148e+02 5.4418902588e+02 5.4416601563e+02 5.4415997314e+02 5.4419897461e+02 5.4412701416e+02 5.4451898193e+02 5.4533300781e+02 5.4595501709e+02 5.4598999023e+02 5.4597497559e+02 5.4596899414e+02 5.4600299072e+02 5.4602001953e+02 5.4603601074e+02 5.4605798340e+02 5.4607397461e+02 5.4608398438e+02 5.4608398438e+02 5.4609301758e+02 5.4610900879e+02 5.4611401367e+02 5.4610601807e+02 5.4611199951e+02
5.4727502441e+02 5.4718298340e+02 5.4707299805e+02 5.4697100830e+02 5.4687799072e+02 5.4678198242e+02 5.4668103027e+02 5.4658300781e+02 5.4646002197e+02 5.4633502197e+02 5.4623498535e+02 5.4613702393e+02 5.4608197021e+02 5.4602600098e+02 5.4587701416e+02 5.4554400635e+02 5.4516101074e+02 5.4478698730e+02 5.4444799805e+02 5.4422399902e+02 5.4414202881e+02 5.4414202881e+02 5.4417199707e+02 5.4415698242e+02 5.4414202881e+02 5.4414599609e+02 5.4414300537e+02 5.4421398926e+02 5.4477801514e+02 5.4555999756e+02 5.4599401855e+02 5.4598199463e+02 5.4596600342e+02 5.4596899414e+02 5.4598797607e+02 5.4600201416e+02 5.4602899170e+02 5.4605200195e+02 5.4607202148e+02 5.4609197998e+02 5.4609399414e+02 5.4609899902e+02 5.4610498047e+02 5.4610797119e+02 5.4610498047e+02 5.4611102295e+02
5.4718902588e+02 5.4708300781e+02 5.4696997070e+02 5.4686297607e+02 5.4677502441e+02 5.4668902588e+02 5.4659497070e+02 5.4648999023e+02 5.4638299561e+02 5.4625402832e+02 5.4612597656e+02 5.4603399658e+02 5.4601300049e+02 5.4599700928e+02 5.4585400391e+02 5.4540698242e+02 5.4494201660e+02 5.4454797363e+02 5.4425500488e+02 5.4410400391e+02 5.4408599854e+02 5.4412097168e+02 5.4414099121e+02 5.4411199951e+02 5.4410302734e+02 5.4411999512e+02 5.4409698486e+02 5.4441302490e+02 5.4511499023e+02 5.4575701904e+02 5.4596502686e+02 5.4595098877e+02 5.4594702148e+02 5.4596301270e+02 5.4597900391e+02 5.4599102783e+02 5.4601702881e+02 5.4603601074e+02 5.4606402588e+02 5.4608898926e+02 5.4609002686e+02 5.4609197998e+02 5.4609600830e+02 5.4609802246e+02 5.4610302734e+02 5.4612298584e+02
