TESTSERVER/6/19.asc
NCOLS 100
NROWS 100
XLLCORNER 7.7997500000e+03
YLLCORNER 2.8900025000e+05
CELLSIZE 5.0000000000e-01
NODATA_VALUE -9.9990000000e+03
[rows 80 to 99 of 100, columns 0 to 45 of 100]
5.4239898682e+02 5.4242199707e+02 5.4244799805e+02 5.4245697021e+02 5.4247399902e+02 5.4251599121e+02 5.4253698730e+02 5.4253302002e+02 5.4249798584e+02 5.4252197266e+02 5.4254302979e+02 5.4254602051e+02 5.4254400635e+02 5.4255700684e+02 5.4256896973e+02 5.4259002686e+02 5.4261700439e+02 5.4264697266e+02 5.4265399170e+02 5.4268200684e+02 5.4274200439e+02 5.4278802490e+02 5.4282598877e+02 5.4290002441e+02 5.4297900391e+02 5.4303601074e+02 5.4307897949e+02 5.4310699463e+02 5.4312097168e+02 5.4316802979e+02 5.4321002197e+02 5.4323699951e+02 5.4325201416e+02 5.4324902344e+02 5.4327600098e+02 5.4329699707e+02 5.4329498291e+02 5.4330700684e+02 5.4330999756e+02 5.4332501221e+02 5.4336102295e+02 5.4337500000e+02 5.4337097168e+02 5.4334301758e+02 5.4335101318e+02 5.4335302734e+02
5.4234600830e+02 5.4237200928e+02 5.4240802002e+02 5.4243499756e+02 5.4246801758e+02 5.4250000000e+02 5.4252099609e+02 5.4253100586e+02 5.4251000977e+02 5.4252301025e+02 5.4254199219e+02 5.4253802490e+02 5.4252001953e+02 5.4254498291e+02 5.4255700684e+02 5.4258099365e+02 5.4261199951e+02 5.4263098145e+02 5.4264300537e+02 5.4267297363e+02 5.4273297119e+02 5.4276202393e+02 5.4281799316e+02 5.4290002441e+02 5.4295098877e+02 5.4301800537e+02 5.4306402588e+02 5.4309301758e+02 5.4312200928e+02 5.4315899658e+02 5.4318902588e+02 5.4321600342e+02 5.4323699951e+02 5.4324200439e+02 5.4326898193e+02 5.4329797363e+02 5.4329602051e+02 5.4330297852e+02 5.4330499268e+02 5.4331298828e+02 5.4334002686e+02 5.4336102295e+02 5.4335699463e+02 5.4333099365e+02 5.4332202148e+02 5.4333099365e+02
5.4231402588e+02 5.4235900879e+02 5.4239202881e+02 5.4241101074e+02 5.4244201660e+02 5.4247802734e+02 5.4249597168e+02 5.4250000000e+02 5.4249298096e+02 5.4250500488e+02 5.4252001953e+02 5.4252801514e+02 5.4251800537e+02 5.4254602051e+02 5.4255297852e+02 5.4257702637e+02 5.4261199951e+02 5.4262097168e+02 5.4264202881e+02 5.4267797852e+02 5.4273101807e+02 5.4274401855e+02 5.4280902100e+02 5.4289300537e+02 5.4292999268e+02 5.4298901367e+02 5.4303601074e+02 5.4307800293e+02 5.4312200928e+02 5.4315197754e+02 5.4317602539e+02 5.4320800781e+02 5.4323199463e+02 5.4324298096e+02 5.4326300049e+02 5.4328399658e+02 5.4328399658e+02 5.4328802490e+02 5.4329998779e+02 5.4330999756e+02 5.4331896973e+02 5.4333898926e+02 5.4333300781e+02 5.4330700684e+02 5.4329498291e+02 5.4331500244e+02
5.4233001709e+02 5.4238098145e+02 5.4239202881e+02 5.4238800049e+02 5.4240399170e+02 5.4244396973e+02 5.4246801758e+02 5.4246801758e+02 5.4246997070e+02 5.4247900391e+02 5.4249102783e+02 5.4251501465e+02 5.4252600098e+02 5.4254302979e+02 5.4254400635e+02 5.4256500244e+02 5.4259899902e+02 5.4260400391e+02 5.4264099121e+02 5.4268103027e+02 5.4272698975e+02 5.4275097656e+02 5.4280798340e+02 5.4287597656e+02 5.4290997314e+02 5.4296301270e+02 5.4301300049e+02 5.4306500244e+02 5.4310400391e+02 5.4312902832e+02 5.4315600586e+02 5.4319201660e+02 5.4321697998e+02 5.4323999023e+02 5.4325897217e+02 5.4327502441e+02 5.4326702881e+02 5.4326397705e+02 5.4327899170e+02 5.4328601074e+02 5.4328601074e+02 5.4330401611e+02 5.4330200195e+02 5.4328601074e+02 5.4328198242e+02 5.4330297852e+02
5.4236102295e+02 5.4239898682e+02 5.4239398193e+02 5.4238500977e+02 5.4240197754e+02 5.4242797852e+02 5.4245202637e+02 5.4246398926e+02 5.4249401855e+02 5.4247900391e+02 5.4246899414e+02 5.4248602295e+02 5.4251300049e+02 5.4252398682e+02 5.4253002930e+02 5.4255297852e+02 5.4258398438e+02 5.4259301758e+02 5.4263897705e+02 5.4268701172e+02 5.4271801758e+02 5.4277197266e+02 5.4282098389e+02 5.4286901855e+02 5.4290100098e+02 5.4293902588e+02 5.4298498535e+02 5.4303497314e+02 5.4306597900e+02 5.4310797119e+02 5.4312799072e+02 5.4315502930e+02 5.4318200684e+02 5.4322198486e+02 5.4324700928e+02 5.4326599121e+02 5.4325897217e+02 5.4325299072e+02 5.4325799561e+02 5.4326202393e+02 5.4326501465e+02 5.4328100586e+02 5.4328198242e+02 5.4327697754e+02 5.4329302979e+02 5.4330297852e+02
5.4236602783e+02 5.4239801025e+02 5.4239599609e+02 5.4238800049e+02 5.4239697266e+02 5.4243200684e+02 5.4246600342e+02 5.4247802734e+02 5.4248602295e+02 5.4246997070e+02 5.4246099854e+02 5.4247497559e+02 5.4250799561e+02 5.4253100586e+02 5.4253900146e+02 5.4255102539e+02 5.4257702637e+02 5.4259100342e+02 5.4262902832e+02 5.4269299316e+02 5.4273199463e+02 5.4276898193e+02 5.4280902100e+02 5.4285601807e+02 5.4289001465e+02 5.4293597412e+02 5.4297497559e+02 5.4301300049e+02 5.4303997803e+02 5.4308502197e+02 5.4311499023e+02 5.4313897705e+02 5.4315600586e+02 5.4320001221e+02 5.4320697021e+02 5.4321697998e+02 5.4322698975e+02 5.4322802734e+02 5.4323999023e+02 5.4325598145e+02 5.4326599121e+02 5.4328497314e+02 5.4328399658e+02 5.4327502441e+02 5.4328802490e+02 5.4329400635e+02
5.4235601807e+02 5.4238598633e+02 5.4239099121e+02 5.4238897705e+02 5.4239697266e+02 5.4241601563e+02 5.4244598389e+02 5.4246301270e+02 5.4246398926e+02 5.4246502686e+02 5.4246398926e+02 5.4246697998e+02 5.4249499512e+02 5.4252899170e+02 5.4253399658e+02 5.4253601074e+02 5.4255700684e+02 5.4257397461e+02 5.4261102295e+02 5.4268402100e+02 5.4273999023e+02 5.4275897217e+02 5.4279199219e+02 5.4284497070e+02 5.4287701416e+02 5.4291497803e+02 5.4295397949e+02 5.4300097656e+02 5.4303399658e+02 5.4307501221e+02 5.4310699463e+02 5.4312402344e+02 5.4312902832e+02 5.4315502930e+02 5.4316198730e+02 5.4317199707e+02 5.4319201660e+02 5.4319598389e+02 5.4321197510e+02 5.4322900391e+02 5.4323602295e+02 5.4325500488e+02 5.4325799561e+02 5.4325000000e+02 5.4326501465e+02 5.4327301025e+02
5.4235198975e+02 5.4238397217e+02 5.4239501953e+02 5.4240399170e+02 5.4241601563e+02 5.4240600586e+02 5.4241601563e+02 5.4243200684e+02 5.4244000244e+02 5.4246600342e+02 5.4246997070e+02 5.4245800781e+02 5.4247302246e+02 5.4250500488e+02 5.4251300049e+02 5.4252099609e+02 5.4254797363e+02 5.4257598877e+02 5.4261602783e+02 5.4267999268e+02 5.4273797607e+02 5.4276202393e+02 5.4278497314e+02 5.4282702637e+02 5.4285900879e+02 5.4289501953e+02 5.4293402100e+02 5.4298797607e+02 5.4302099609e+02 5.4305999756e+02 5.4308502197e+02 5.4308300781e+02 5.4308599854e+02 5.4310101318e+02 5.4311901855e+02 5.4313500977e+02 5.4315600586e+02 5.4315698242e+02 5.4317797852e+02 5.4320001221e+02 5.4320098877e+02 5.4321697998e+02 5.4321997070e+02 5.4321502686e+02 5.4323199463e+02 5.4323999023e+02
5.4234600830e+02 5.4237402344e+02 5.4238397217e+02 5.4241302490e+02 5.4245800781e+02 5.4241900635e+02 5.4241198730e+02 5.4241802979e+02 5.4242901611e+02 5.4246502686e+02 5.4247399902e+02 5.4246398926e+02 5.4246301270e+02 5.4247900391e+02 5.4249700928e+02 5.4252001953e+02 5.4254998779e+02 5.4259002686e+02 5.4263702393e+02 5.4268200684e+02 5.4271997070e+02 5.4275500488e+02 5.4278399658e+02 5.4281896973e+02 5.4284399414e+02 5.4289398193e+02 5.4293402100e+02 5.4296997070e+02 5.4298999023e+02 5.4302801514e+02 5.4304498291e+02 5.4303997803e+02 5.4305902100e+02 5.4307202148e+02 5.4307800293e+02 5.4309497070e+02 5.4311999512e+02 5.4311999512e+02 5.4314099121e+02 5.4316400146e+02 5.4317401123e+02 5.4318499756e+02 5.4319097900e+02 5.4319201660e+02 5.4321398926e+02 5.4320501709e+02
5.4236798096e+02 5.4239801025e+02 5.4239202881e+02 5.4240600586e+02 5.4244799805e+02 5.4242498779e+02 5.4242602539e+02 5.4243597412e+02 5.4243701172e+02 5.4245599365e+02 5.4246398926e+02 5.4246197510e+02 5.4245300293e+02 5.4246398926e+02 5.4248699951e+02 5.4251898193e+02 5.4255499268e+02 5.4259698486e+02 5.4263201904e+02 5.4266302490e+02 5.4269598389e+02 5.4272198486e+02 5.4276898193e+02 5.4281896973e+02 5.4283599854e+02 5.4288098145e+02 5.4290502930e+02 5.4292199707e+02 5.4294702148e+02 5.4298901367e+02 5.4300097656e+02 5.4300402832e+02 5.4302398682e+02 5.4304797363e+02 5.4305401611e+02 5.4306597900e+02 5.4308599854e+02 5.4309301758e+02 5.4311700439e+02 5.4313800049e+02 5.4315197754e+02 5.4315502930e+02 5.4316900635e+02 5.4316900635e+02 5.4317498779e+02 5.4317401123e+02
5.4239300537e+02 5.4242700195e+02 5.4241802979e+02 5.4241302490e+02 5.4242999268e+02 5.4241601563e+02 5.4241802979e+02 5.4243103027e+02 5.4242901611e+02 5.4243200684e+02 5.4243499756e+02 5.4244000244e+02 5.4244598389e+02 5.4246697998e+02 5.4248999023e+02 5.4251702881e+02 5.4254797363e+02 5.4257897949e+02 5.4260900879e+02 5.4264099121e+02 5.4267999268e+02 5.4270397949e+02 5.4275000000e+02 5.4280102539e+02 5.4282397461e+02 5.4286499023e+02 5.4288299561e+02 5.4289898682e+02 5.4291699219e+02 5.4296301270e+02 5.4297601318e+02 5.4298602295e+02 5.4299902344e+02 5.4302301025e+02 5.4303100586e+02 5.4304302979e+02 5.4305999756e+02 5.4306799316e+02 5.4309399414e+02 5.4311401367e+02 5.4313000488e+02 5.4313000488e+02 5.4313800049e+02 5.4313598633e+02 5.4313897705e+02 5.4314202881e+02
5.4241802979e+02 5.4243200684e+02 5.4242700195e+02 5.4241900635e+02 5.4241900635e+02 5.4241601563e+02 5.4241900635e+02 5.4242901611e+02 5.4242199707e+02 5.4242602539e+02 5.4242401123e+02 5.4242700195e+02 5.4244598389e+02 5.4247198486e+02 5.4249700928e+02 5.4252001953e+02 5.4254302979e+02 5.4256701660e+02 5.4259997559e+02 5.4263800049e+02 5.4267199707e+02 5.4270300293e+02 5.4274298096e+02 5.4278302002e+02 5.4281201172e+02 5.4284002686e+02 5.4285498047e+02 5.4287799072e+02 5.4289099121e+02 5.4293499756e+02 5.4294500732e+02 5.4295697021e+02 5.4296398926e+02 5.4297998047e+02 5.4299200439e+02 5.4300701904e+02 5.4302801514e+02 5.4305200195e+02 5.4306896973e+02 5.4307702637e+02 5.4309301758e+02 5.4309899902e+02 5.4310101318e+02 5.4310198975e+02 5.4310900879e+02 5.4310797119e+02
5.4244201660e+02 5.4242102051e+02 5.4242797852e+02 5.4244299316e+02 5.4243103027e+02 5.4241302490e+02 5.4241802979e+02 5.4242999268e+02 5.4244500732e+02 5.4244396973e+02 5.4243499756e+02 5.4242901611e+02 5.4244500732e+02 5.4247198486e+02 5.4250402832e+02 5.4253100586e+02 5.4255401611e+02 5.4256402588e+02 5.4259497070e+02 5.4262500000e+02 5.4264300537e+02 5.4269201660e+02 5.4272900391e+02 5.4275897217e+02 5.4279302979e+02 5.4281097412e+02 5.4282397461e+02 5.4284600830e+02 5.4285498047e+02 5.4289099121e+02 5.4289501953e+02 5.4291101074e+02 5.4293402100e+02 5.4295001221e+02 5.4296197510e+02 5.4296801758e+02 5.4299401855e+02 5.4303601074e+02 5.4304498291e+02 5.4304602051e+02 5.4305700684e+02 5.4307299805e+02 5.4307202148e+02 5.4307598877e+02 5.4309100342e+02 5.4308197021e+02
5.4239398193e+02 5.4239202881e+02 5.4242199707e+02 5.4245501709e+02 5.4243798828e+02 5.4242498779e+02 5.4240301514e+02 5.4239501953e+02 5.4243402100e+02 5.4245300293e+02 5.4243402100e+02 5.4242999268e+02 5.4245501709e+02 5.4246997070e+02 5.4249499512e+02 5.4252899170e+02 5.4256402588e+02 5.4258898926e+02 5.4261602783e+02 5.4263397217e+02 5.4264300537e+02 5.4267797852e+02 5.4271099854e+02 5.4273400879e+02 5.4276702881e+02 5.4277502441e+02 5.4279101563e+02 5.4282000732e+02 5.4284100342e+02 5.4286999512e+02 5.4286297607e+02 5.4287500000e+02 5.4290301514e+02 5.4293200684e+02 5.4292999268e+02 5.4293402100e+02 5.4296502686e+02 5.4299200439e+02 5.4300097656e+02 5.4301702881e+02 5.4302600098e+02 5.4303399658e+02 5.4303497314e+02 5.4304101563e+02 5.4304901123e+02 5.4303900146e+02
5.4235998535e+02 5.4237799072e+02 5.4241198730e+02 5.4244201660e+02 5.4242700195e+02 5.4241601563e+02 5.4239099121e+02 5.4237200928e+02 5.4240100098e+02 5.4243402100e+02 5.4242602539e+02 5.4242901611e+02 5.4245202637e+02 5.4245501709e+02 5.4247497559e+02 5.4251000977e+02 5.4255401611e+02 5.4258898926e+02 5.4262097168e+02 5.4264801025e+02 5.4266802979e+02 5.4268597412e+02 5.4270599365e+02 5.4272198486e+02 5.4274597168e+02 5.4274102783e+02 5.4277001953e+02 5.4279998779e+02 5.4281298828e+02 5.4284399414e+02 5.4285198975e+02 5.4286199951e+02 5.4287298584e+02 5.4288897705e+02 5.4288000488e+02 5.4289202881e+02 5.4292700195e+02 5.4295697021e+02 5.4296697998e+02 5.4298498535e+02 5.4298901367e+02 5.4299200439e+02 5.4299700928e+02 5.4299902344e+02 5.4300701904e+02 5.4300000000e+02
5.4236102295e+02 5.4238299561e+02 5.4240100098e+02 5.4241699219e+02 5.4240100098e+02 5.4238000488e+02 5.4237500000e+02 5.4236999512e+02 5.4237902832e+02 5.4241198730e+02 5.4241198730e+02 5.4241400146e+02 5.4243798828e+02 5.4245697021e+02 5.4247601318e+02 5.4249798584e+02 5.4253601074e+02 5.4256597900e+02 5.4259698486e+02 5.4264099121e+02 5.4269000244e+02 5.4270501709e+02 5.4271997070e+02 5.4274298096e+02 5.4277001953e+02 5.4275097656e+02 5.4276702881e+02 5.4277197266e+02 5.4277899170e+02 5.4280999756e+02 5.4283197021e+02 5.4284997559e+02 5.4284600830e+02 5.4285198975e+02 5.4284497070e+02 5.4285900879e+02 5.4288598633e+02 5.4291900635e+02 5.4293402100e+02 5.4294897461e+02 5.4295098877e+02 5.4295800781e+02 5.4296502686e+02 5.4295800781e+02 5.4296398926e+02 5.4296502686e+02
5.4237500000e+02 5.4238201904e+02 5.4237500000e+02 5.4236798096e+02 5.4236102295e+02 5.4232299805e+02 5.4233300781e+02 5.4235601807e+02 5.4239099121e+02 5.4240802002e+02 5.4241198730e+02 5.4240399170e+02 5.4240899658e+02 5.4246197510e+02 5.4248400879e+02 5.4248901367e+02 5.4250402832e+02 5.4254602051e+02 5.4256597900e+02 5.4261297607e+02 5.4267498779e+02 5.4269897461e+02 5.4271697998e+02 5.4275701904e+02 5.4279901123e+02 5.4279302979e+02 5.4278497314e+02 5.4277001953e+02 5.4276898193e+02 5.4279602051e+02 5.4280798340e+02 5.4282299805e+02 5.4281701660e+02 5.4283300781e+02 5.4283898926e+02 5.4284301758e+02 5.4284997559e+02 5.4287200928e+02 5.4289202881e+02 5.4291198730e+02 5.4291699219e+02 5.4291998291e+02 5.4292199707e+02 5.4291601563e+02 5.4292498779e+02 5.4291802979e+02
5.4236102295e+02 5.4235498047e+02 5.4233697510e+02 5.4232501221e+02 5.4232299805e+02 5.4228900146e+02 5.4230499268e+02 5.4234899902e+02 5.4239599609e+02 5.4242401123e+02 5.4241900635e+02 5.4240197754e+02 5.4240502930e+02 5.4243597412e+02 5.4245300293e+02 5.4246502686e+02 5.4248602295e+02 5.4250799561e+02 5.4253399658e+02 5.4257897949e+02 5.4263299561e+02 5.4264801025e+02 5.4265997314e+02 5.4270098877e+02 5.4274597168e+02 5.4277301025e+02 5.4277398682e+02 5.4275500488e+02 5.4274700928e+02 5.4277502441e+02 5.4278302002e+02 5.4279699707e+02 5.4280102539e+02 5.4281597900e+02 5.4282202148e+02 5.4282202148e+02 5.4282501221e+02 5.4283898926e+02 5.4285900879e+02 5.4287402344e+02 5.4288397217e+02 5.4288702393e+02 5.4288598633e+02 5.4287902832e+02 5.4286999512e+02 5.4286700439e+02
5.4233898926e+02 5.4232397461e+02 5.4230700684e+02 5.4229602051e+02 5.4230297852e+02 5.4229498291e+02 5.4231597900e+02 5.4234899902e+02 5.4238702393e+02 5.4242199707e+02 5.4242102051e+02 5.4241497803e+02 5.4242700195e+02 5.4242999268e+02 5.4243200684e+02 5.4244598389e+02 5.4246600342e+02 5.4247998047e+02 5.4250701904e+02 5.4253997803e+02 5.4257000732e+02 5.4258502197e+02 5.4260797119e+02 5.4265399170e+02 5.4268798828e+02 5.4271502686e+02 5.4272399902e+02 5.4272698975e+02 5.4273999023e+02 5.4276098633e+02 5.4276202393e+02 5.4277197266e+02 5.4278802490e+02 5.4281201172e+02 5.4282000732e+02 5.4282000732e+02 5.4281799316e+02 5.4281402588e+02 5.4282098389e+02 5.4282800293e+02 5.4283898926e+02 5.4284600830e+02 5.4284197998e+02 5.4283801270e+02 5.4283398438e+02 5.4283398438e+02
5.4231402588e+02 5.4229998779e+02 5.4228997803e+02 5.4228100586e+02 5.4228399658e+02 5.4229199219e+02 5.4232202148e+02 5.4235198975e+02 5.4238800049e+02 5.4241998291e+02 5.4242297363e+02 5.4242901611e+02 5.4244000244e+02 5.4243298340e+02 5.4242602539e+02 5.4242901611e+02 5.4243798828e+02 5.4244702148e+02 5.4247802734e+02 5.4250201416e+02 5.4251501465e+02 5.4254699707e+02 5.4258099365e+02 5.4261901855e+02 5.4264898682e+02 5.4268200684e+02 5.4269396973e+02 5.4270397949e+02 5.4272698975e+02 5.4273901367e+02 5.4275097656e+02 5.4276202393e+02 5.4276397705e+02 5.4279602051e+02 5.4280999756e+02 5.4282202148e+02 5.4282800293e+02 5.4280999756e+02 5.4280297852e+02 5.4280297852e+02 5.4281097412e+02 5.4281402588e+02 5.4280499268e+02 5.4280603027e+02 5.4281500244e+02 5.4281701660e+02
