TESTSERVER/6/19.asc
NCOLS 100
NROWS 100
XLLCORNER 7.7997500000e+03
YLLCORNER 2.8900025000e+05
CELLSIZE 5.0000000000e-01
NODATA_VALUE -9.9990000000e+03
[rows 40 to 59 of 100, columns 46 to 91 of 100]
5.4355200195e+02 5.4358502197e+02 5.4362200928e+02 5.4364801025e+02 5.4364898682e+02 5.4365002441e+02 5.4364599609e+02 5.4361901855e+02 5.4361999512e+02 5.4363500977e+02 5.4361199951e+02 5.4357897949e+02 5.4355102539e+02 5.4352301025e+02 5.4350402832e+02 5.4348101807e+02 5.4345300293e+02 5.4342199707e+02 5.4340197754e+02 5.4340502930e+02 5.4338598633e+02 5.4335498047e+02 5.4332702637e+02 5.4329699707e+02 5.4325799561e+02 5.4322497559e+02 5.4320202637e+02 5.4316802979e+02 5.4312799072e+02 5.4309197998e+02 5.4307202148e+02 5.4305902100e+02 5.4305603027e+02 5.4307299805e+02 5.4310601807e+02 5.4310998535e+02 5.4311901855e+02 5.4312500000e+02 5.4313201904e+02 5.4313098145e+02 5.4314801025e+02 5.4316101074e+02 5.4313500977e+02 5.4310699463e+02 5.4310498047e+02 5.4312701416e+02
5.4356597900e+02 5.4359399414e+02 5.4362298584e+02 5.4364599609e+02 5.4365997314e+02 5.4367297363e+02 5.4365600586e+02 5.4362500000e+02 5.4361901855e+02 5.4363000488e+02 5.4361297607e+02 5.4359002686e+02 5.4356097412e+02 5.4352502441e+02 5.4349902344e+02 5.4348199463e+02 5.4346099854e+02 5.4343701172e+02 5.4341101074e+02 5.4340399170e+02 5.4337902832e+02 5.4334698486e+02 5.4332397461e+02 5.4329699707e+02 5.4325897217e+02 5.4322900391e+02 5.4320098877e+02 5.4316400146e+02 5.4312597656e+02 5.4309100342e+02 5.4306799316e+02 5.4305603027e+02 5.4305700684e+02 5.4307702637e+02 5.4311297607e+02 5.4311297607e+02 5.4310699463e+02 5.4311401367e+02 5.4311901855e+02 5.4310699463e+02 5.4313000488e+02 5.4314898682e+02 5.4312402344e+02 5.4310797119e+02 5.4309997559e+02 5.4310699463e+02
5.4357202148e+02 5.4359600830e+02 5.4363098145e+02 5.4365399170e+02 5.4367700195e+02 5.4370098877e+02 5.4368298340e+02 5.4364398193e+02 5.4362701416e+02 5.4361901855e+02 5.4360101318e+02 5.4358300781e+02 5.4355297852e+02 5.4352197266e+02 5.4350500488e+02 5.4349401855e+02 5.4347900391e+02 5.4345397949e+02 5.4342498779e+02 5.4340698242e+02 5.4337701416e+02 5.4334698486e+02 5.4332702637e+02 5.4329400635e+02 5.4325598145e+02 5.4323297119e+02 5.4320599365e+02 5.4317102051e+02 5.4314001465e+02 5.4311297607e+02 5.4309100342e+02 5.4307800293e+02 5.4307299805e+02 5.4308099365e+02 5.4309899902e+02 5.4308599854e+02 5.4308099365e+02 5.4309301758e+02 5.4309497070e+02 5.4308398438e+02 5.4311798096e+02 5.4314099121e+02 5.4310797119e+02 5.4308801270e+02 5.4308001709e+02 5.4308801270e+02
5.4358300781e+02 5.4361102295e+02 5.4365802002e+02 5.4368701172e+02 5.4370300293e+02 5.4372802734e+02 5.4371697998e+02 5.4367199707e+02 5.4364599609e+02 5.4361901855e+02 5.4359399414e+02 5.4357598877e+02 5.4354998779e+02 5.4353198242e+02 5.4352001953e+02 5.4350500488e+02 5.4348498535e+02 5.4345697021e+02 5.4342797852e+02 5.4340100098e+02 5.4336901855e+02 5.4334399414e+02 5.4333099365e+02 5.4329199219e+02 5.4325500488e+02 5.4323901367e+02 5.4321398926e+02 5.4317999268e+02 5.4316198730e+02 5.4315197754e+02 5.4313397217e+02 5.4311102295e+02 5.4309301758e+02 5.4308502197e+02 5.4308599854e+02 5.4306597900e+02 5.4306799316e+02 5.4308001709e+02 5.4306799316e+02 5.4305700684e+02 5.4309497070e+02 5.4311901855e+02 5.4308398438e+02 5.4306799316e+02 5.4306896973e+02 5.4307897949e+02
5.4359997559e+02 5.4364398193e+02 5.4369799805e+02 5.4373602295e+02 5.4374597168e+02 5.4375500488e+02 5.4374102783e+02 5.4369299316e+02 5.4366601563e+02 5.4363598633e+02 5.4360198975e+02 5.4358197021e+02 5.4355798340e+02 5.4354101563e+02 5.4352600098e+02 5.4351098633e+02 5.4348400879e+02 5.4345098877e+02 5.4342401123e+02 5.4339001465e+02 5.4335998535e+02 5.4334100342e+02 5.4333300781e+02 5.4328698730e+02 5.4325201416e+02 5.4323901367e+02 5.4322100830e+02 5.4319000244e+02 5.4318298340e+02 5.4319201660e+02 5.4318103027e+02 5.4313598633e+02 5.4310601807e+02 5.4309100342e+02 5.4308001709e+02 5.4306597900e+02 5.4306799316e+02 5.4306799316e+02 5.4304699707e+02 5.4303399658e+02 5.4306402588e+02 5.4308801270e+02 5.4307299805e+02 5.4305999756e+02 5.4305999756e+02 5.4306298828e+02
5.4364697266e+02 5.4369500732e+02 5.4374298096e+02 5.4377600098e+02 5.4379302979e+02 5.4379602051e+02 5.4376501465e+02 5.4371600342e+02 5.4368298340e+02 5.4365899658e+02 5.4362402344e+02 5.4359197998e+02 5.4356201172e+02 5.4353198242e+02 5.4350201416e+02 5.4348297119e+02 5.4346099854e+02 5.4343597412e+02 5.4341302490e+02 5.4338897705e+02 5.4336602783e+02 5.4334497070e+02 5.4332800293e+02 5.4328698730e+02 5.4325799561e+02 5.4324597168e+02 5.4322802734e+02 5.4320898438e+02 5.4319299316e+02 5.4319702148e+02 5.4319097900e+02 5.4314801025e+02 5.4311798096e+02 5.4309399414e+02 5.4307702637e+02 5.4306597900e+02 5.4305603027e+02 5.4303997803e+02 5.4301898193e+02 5.4301397705e+02 5.4304602051e+02 5.4306597900e+02 5.4304901123e+02 5.4303198242e+02 5.4303497314e+02 5.4305297852e+02
5.4368103027e+02 5.4373400879e+02 5.4377697754e+02 5.4380200195e+02 5.4382098389e+02 5.4382397461e+02 5.4378900146e+02 5.4373602295e+02 5.4368597412e+02 5.4365600586e+02 5.4363299561e+02 5.4360198975e+02 5.4357202148e+02 5.4353198242e+02 5.4348199463e+02 5.4345599365e+02 5.4343701172e+02 5.4341998291e+02 5.4339697266e+02 5.4337298584e+02 5.4335797119e+02 5.4334100342e+02 5.4332098389e+02 5.4328997803e+02 5.4326501465e+02 5.4324700928e+02 5.4322900391e+02 5.4321801758e+02 5.4319299316e+02 5.4318200684e+02 5.4317602539e+02 5.4315100098e+02 5.4312597656e+02 5.4309698486e+02 5.4307397461e+02 5.4305700684e+02 5.4303698730e+02 5.4301800537e+02 5.4301000977e+02 5.4301397705e+02 5.4305297852e+02 5.4307098389e+02 5.4304602051e+02 5.4301898193e+02 5.4301800537e+02 5.4303900146e+02
5.4368402100e+02 5.4373699951e+02 5.4378198242e+02 5.4380499268e+02 5.4382000732e+02 5.4382000732e+02 5.4379699707e+02 5.4374700928e+02 5.4367999268e+02 5.4363397217e+02 5.4362597656e+02 5.4360101318e+02 5.4357098389e+02 5.4353302002e+02 5.4347802734e+02 5.4344299316e+02 5.4342102051e+02 5.4340600586e+02 5.4338098145e+02 5.4335699463e+02 5.4334497070e+02 5.4333197021e+02 5.4331896973e+02 5.4329901123e+02 5.4327099609e+02 5.4323999023e+02 5.4322302246e+02 5.4321997070e+02 5.4319000244e+02 5.4316601563e+02 5.4315502930e+02 5.4313598633e+02 5.4311700439e+02 5.4308898926e+02 5.4306701660e+02 5.4304302979e+02 5.4302099609e+02 5.4301202393e+02 5.4301501465e+02 5.4301800537e+02 5.4305200195e+02 5.4306799316e+02 5.4303900146e+02 5.4301000977e+02 5.4300097656e+02 5.4301599121e+02
5.4367797852e+02 5.4372100830e+02 5.4375799561e+02 5.4377899170e+02 5.4378601074e+02 5.4378497314e+02 5.4378198242e+02 5.4374798584e+02 5.4367797852e+02 5.4361901855e+02 5.4359997559e+02 5.4358697510e+02 5.4355499268e+02 5.4352001953e+02 5.4347802734e+02 5.4345098877e+02 5.4342401123e+02 5.4340301514e+02 5.4337799072e+02 5.4335198975e+02 5.4334301758e+02 5.4333502197e+02 5.4332702637e+02 5.4331402588e+02 5.4328399658e+02 5.4324597168e+02 5.4321899414e+02 5.4322497559e+02 5.4319897461e+02 5.4316497803e+02 5.4314398193e+02 5.4311499023e+02 5.4309197998e+02 5.4307000732e+02 5.4305700684e+02 5.4302801514e+02 5.4301000977e+02 5.4300799561e+02 5.4300897217e+02 5.4299798584e+02 5.4301800537e+02 5.4303198242e+02 5.4301702881e+02 5.4299798584e+02 5.4298999023e+02 5.4299499512e+02
5.4368298340e+02 5.4369897461e+02 5.4370397949e+02 5.4370697021e+02 5.4371301270e+02 5.4372900391e+02 5.4373602295e+02 5.4371600342e+02 5.4366302490e+02 5.4360797119e+02 5.4358001709e+02 5.4356896973e+02 5.4354901123e+02 5.4351501465e+02 5.4346899414e+02 5.4344897461e+02 5.4342797852e+02 5.4340502930e+02 5.4337799072e+02 5.4335302734e+02 5.4334399414e+02 5.4333197021e+02 5.4330999756e+02 5.4329901123e+02 5.4328900146e+02 5.4325897217e+02 5.4322100830e+02 5.4322497559e+02 5.4321002197e+02 5.4317999268e+02 5.4315197754e+02 5.4311602783e+02 5.4308300781e+02 5.4305999756e+02 5.4304901123e+02 5.4303002930e+02 5.4302001953e+02 5.4301800537e+02 5.4301098633e+02 5.4299700928e+02 5.4300500488e+02 5.4300598145e+02 5.4299200439e+02 5.4297399902e+02 5.4296398926e+02 5.4296600342e+02
5.4366802979e+02 5.4366497803e+02 5.4365698242e+02 5.4365600586e+02 5.4365899658e+02 5.4367297363e+02 5.4368298340e+02 5.4367797852e+02 5.4364801025e+02 5.4360797119e+02 5.4358001709e+02 5.4356597900e+02 5.4355102539e+02 5.4352502441e+02 5.4347497559e+02 5.4344299316e+02 5.4342297363e+02 5.4340802002e+02 5.4339202881e+02 5.4336700439e+02 5.4334802246e+02 5.4332897949e+02 5.4330102539e+02 5.4328302002e+02 5.4328002930e+02 5.4325598145e+02 5.4321997070e+02 5.4322399902e+02 5.4321301270e+02 5.4318298340e+02 5.4315698242e+02 5.4312298584e+02 5.4309002686e+02 5.4306597900e+02 5.4304901123e+02 5.4303198242e+02 5.4302600098e+02 5.4302001953e+02 5.4300701904e+02 5.4300897217e+02 5.4301397705e+02 5.4300201416e+02 5.4297802734e+02 5.4296697998e+02 5.4296600342e+02 5.4296997070e+02
5.4364501953e+02 5.4364001465e+02 5.4363299561e+02 5.4362298584e+02 5.4361798096e+02 5.4362701416e+02 5.4364001465e+02 5.4364697266e+02 5.4363500977e+02 5.4361199951e+02 5.4359100342e+02 5.4356500244e+02 5.4354302979e+02 5.4352197266e+02 5.4347998047e+02 5.4343701172e+02 5.4341198730e+02 5.4340399170e+02 5.4340197754e+02 5.4337597656e+02 5.4334899902e+02 5.4332501221e+02 5.4330297852e+02 5.4327899170e+02 5.4326800537e+02 5.4324298096e+02 5.4321398926e+02 5.4322302246e+02 5.4320898438e+02 5.4317602539e+02 5.4315197754e+02 5.4313000488e+02 5.4310797119e+02 5.4308197021e+02 5.4304797363e+02 5.4302697754e+02 5.4302301025e+02 5.4301397705e+02 5.4299298096e+02 5.4300897217e+02 5.4301599121e+02 5.4299597168e+02 5.4296997070e+02 5.4296502686e+02 5.4296600342e+02 5.4296997070e+02
5.4364001465e+02 5.4363897705e+02 5.4363098145e+02 5.4360498047e+02 5.4359997559e+02 5.4360797119e+02 5.4361297607e+02 5.4362097168e+02 5.4361999512e+02 5.4360998535e+02 5.4359600830e+02 5.4356500244e+02 5.4353900146e+02 5.4352301025e+02 5.4348901367e+02 5.4344097900e+02 5.4341497803e+02 5.4340399170e+02 5.4338800049e+02 5.4336798096e+02 5.4334002686e+02 5.4331597900e+02 5.4330200195e+02 5.4328497314e+02 5.4326702881e+02 5.4323901367e+02 5.4321502686e+02 5.4321997070e+02 5.4320202637e+02 5.4316802979e+02 5.4314202881e+02 5.4312200928e+02 5.4311499023e+02 5.4309399414e+02 5.4305102539e+02 5.4301898193e+02 5.4301800537e+02 5.4301898193e+02 5.4302301025e+02 5.4300799561e+02 5.4300299072e+02 5.4298297119e+02 5.4295501709e+02 5.4295202637e+02 5.4294702148e+02 5.4295202637e+02
5.4364001465e+02 5.4364202881e+02 5.4363098145e+02 5.4362097168e+02 5.4361499023e+02 5.4361901855e+02 5.4361901855e+02 5.4361401367e+02 5.4360797119e+02 5.4359802246e+02 5.4358502197e+02 5.4356896973e+02 5.4355999756e+02 5.4353997803e+02 5.4348901367e+02 5.4344897461e+02 5.4342498779e+02 5.4340802002e+02 5.4338800049e+02 5.4336602783e+02 5.4334100342e+02 5.4331597900e+02 5.4330102539e+02 5.4328399658e+02 5.4326702881e+02 5.4324700928e+02 5.4322497559e+02 5.4321502686e+02 5.4319097900e+02 5.4316302490e+02 5.4314398193e+02 5.4312402344e+02 5.4311602783e+02 5.4310101318e+02 5.4306597900e+02 5.4302502441e+02 5.4301501465e+02 5.4301800537e+02 5.4301000977e+02 5.4300000000e+02 5.4298101807e+02 5.4295697021e+02 5.4292602539e+02 5.4291302490e+02 5.4291998291e+02 5.4293798828e+02
5.4362402344e+02 5.4362597656e+02 5.4362500000e+02 5.4363299561e+02 5.4361901855e+02 5.4360998535e+02 5.4361499023e+02 5.4360601807e+02 5.4359197998e+02 5.4357897949e+02 5.4356500244e+02 5.4355700684e+02 5.4355499268e+02 5.4353698730e+02 5.4348699951e+02 5.4346099854e+02 5.4344500732e+02 5.4342602539e+02 5.4340002441e+02 5.4338000488e+02 5.4335998535e+02 5.4334002686e+02 5.4331896973e+02 5.4329901123e+02 5.4327099609e+02 5.4324200439e+02 5.4322601318e+02 5.4321301270e+02 5.4318597412e+02 5.4315997314e+02 5.4314599609e+02 5.4312902832e+02 5.4311602783e+02 5.4309899902e+02 5.4307000732e+02 5.4303002930e+02 5.4301702881e+02 5.4301898193e+02 5.4300598145e+02 5.4298498535e+02 5.4295599365e+02 5.4293103027e+02 5.4290600586e+02 5.4289202881e+02 5.4290802002e+02 5.4292602539e+02
5.4360797119e+02 5.4360302734e+02 5.4361401367e+02 5.4362902832e+02 5.4361602783e+02 5.4359497070e+02 5.4359301758e+02 5.4358801270e+02 5.4358001709e+02 5.4357202148e+02 5.4356298828e+02 5.4354901123e+02 5.4353698730e+02 5.4352197266e+02 5.4348699951e+02 5.4346697998e+02 5.4345397949e+02 5.4344097900e+02 5.4342297363e+02 5.4340197754e+02 5.4338098145e+02 5.4336602783e+02 5.4334301758e+02 5.4332299805e+02 5.4328497314e+02 5.4324597168e+02 5.4322998047e+02 5.4321697998e+02 5.4318701172e+02 5.4315997314e+02 5.4314697266e+02 5.4313201904e+02 5.4311199951e+02 5.4308801270e+02 5.4306097412e+02 5.4302502441e+02 5.4300897217e+02 5.4301000977e+02 5.4300000000e+02 5.4297900391e+02 5.4295501709e+02 5.4293200684e+02 5.4290502930e+02 5.4289398193e+02 5.4290899658e+02 5.4291497803e+02
5.4361199951e+02 5.4360198975e+02 5.4361901855e+02 5.4363299561e+02 5.4362097168e+02 5.4358697510e+02 5.4357299805e+02 5.4357501221e+02 5.4358001709e+02 5.4358300781e+02 5.4357800293e+02 5.4354998779e+02 5.4352502441e+02 5.4351300049e+02 5.4349298096e+02 5.4346801758e+02 5.4344897461e+02 5.4344299316e+02 5.4344201660e+02 5.4341802979e+02 5.4338897705e+02 5.4337298584e+02 5.4335998535e+02 5.4333398438e+02 5.4329797363e+02 5.4326202393e+02 5.4324401855e+02 5.4323602295e+02 5.4319500732e+02 5.4315997314e+02 5.4315600586e+02 5.4313897705e+02 5.4311798096e+02 5.4309002686e+02 5.4305700684e+02 5.4301702881e+02 5.4298699951e+02 5.4297802734e+02 5.4296997070e+02 5.4296997070e+02 5.4296997070e+02 5.4295202637e+02 5.4290600586e+02 5.4289697266e+02 5.4290002441e+02 5.4290197754e+02
5.4361297607e+02 5.4360998535e+02 5.4363000488e+02 5.4364501953e+02 5.4362200928e+02 5.4357598877e+02 5.4356500244e+02 5.4358300781e+02 5.4359301758e+02 5.4359301758e+02 5.4358300781e+02 5.4356701660e+02 5.4353997803e+02 5.4352001953e+02 5.4349200439e+02 5.4347601318e+02 5.4346002197e+02 5.4345397949e+02 5.4345202637e+02 5.4343499756e+02 5.4340802002e+02 5.4338897705e+02 5.4336602783e+02 5.4332397461e+02 5.4328997803e+02 5.4326098633e+02 5.4324499512e+02 5.4323999023e+02 5.4320001221e+02 5.4317297363e+02 5.4317901611e+02 5.4314398193e+02 5.4312402344e+02 5.4310400391e+02 5.4307501221e+02 5.4302899170e+02 5.4297497559e+02 5.4294097900e+02 5.4293103027e+02 5.4293597412e+02 5.4295202637e+02 5.4294097900e+02 5.4290002441e+02 5.4288800049e+02 5.4288299561e+02 5.4288702393e+02
5.4361297607e+02 5.4360998535e+02 5.4362799072e+02 5.4364398193e+02 5.4363098145e+02 5.4359301758e+02 5.4358197021e+02 5.4359197998e+02 5.4358898926e+02 5.4358001709e+02 5.4357000732e+02 5.4356500244e+02 5.4353698730e+02 5.4351098633e+02 5.4348602295e+02 5.4347802734e+02 5.4346398926e+02 5.4345300293e+02 5.4344201660e+02 5.4342498779e+02 5.4340600586e+02 5.4339300537e+02 5.4336798096e+02 5.4333001709e+02 5.4330603027e+02 5.4328100586e+02 5.4325299072e+02 5.4323797607e+02 5.4320800781e+02 5.4319201660e+02 5.4319396973e+02 5.4315698242e+02 5.4313299561e+02 5.4311401367e+02 5.4309399414e+02 5.4305401611e+02 5.4299700928e+02 5.4295397949e+02 5.4293103027e+02 5.4292602539e+02 5.4293200684e+02 5.4292199707e+02 5.4288800049e+02 5.4287902832e+02 5.4287200928e+02 5.4286700439e+02
5.4359899902e+02 5.4359002686e+02 5.4360400391e+02 5.4361901855e+02 5.4362200928e+02 5.4360498047e+02 5.4359802246e+02 5.4359600830e+02 5.4358502197e+02 5.4357299805e+02 5.4355999756e+02 5.4355603027e+02 5.4352301025e+02 5.4348797607e+02 5.4347399902e+02 5.4346398926e+02 5.4344799805e+02 5.4343597412e+02 5.4342498779e+02 5.4340301514e+02 5.4338800049e+02 5.4337500000e+02 5.4335601807e+02 5.4334497070e+02 5.4333898926e+02 5.4331402588e+02 5.4327600098e+02 5.4325598145e+02 5.4322302246e+02 5.4319799805e+02 5.4318402100e+02 5.4315399170e+02 5.4312799072e+02 5.4311102295e+02 5.4310302734e+02 5.4307397461e+02 5.4303002930e+02 5.4299102783e+02 5.4295898438e+02 5.4293200684e+02 5.4291802979e+02 5.4290002441e+02 5.4286999512e+02 5.4286401367e+02 5.4285797119e+02 5.4284997559e+02
