TESTSERVER/6/2.asc
NCOLS 100
NROWS 100
XLLCORNER 7.7997500000e+03
YLLCORNER 2.8985025000e+05
CELLSIZE 5.0000000000e-01
NODATA_VALUE -9.9990000000e+03
[rows 60 to 79 of 100, columns 46 to 91 of 100]
6.4839099121e+02 6.4834399414e+02 6.4831799316e+02 6.4829199219e+02 6.4825299072e+02 6.4821502686e+02 6.4817797852e+02 6.4813397217e+02 6.4810101318e+02 6.4802099609e+02 6.4793298340e+02 6.4767999268e+02 6.4717901611e+02 6.4655798340e+02 6.4629998779e+02 6.4637097168e+02 6.4641601563e+02 6.4646002197e+02 6.4650000000e+02 6.4651098633e+02 6.4652197266e+02 6.4654199219e+02 6.4658099365e+02 6.4660498047e+02 6.4658898926e+02 6.4658001709e+02 6.4654498291e+02 6.4648101807e+02 6.4636102295e+02 6.4620397949e+02 6.4604699707e+02 6.4588800049e+02 6.4572497559e+02 6.4556597900e+02 6.4539501953e+02 6.4522100830e+02 6.4503698730e+02 6.4486102295e+02 6.4467602539e+02 6.4449102783e+02 6.4431500244e+02 6.4412902832e+02 6.4393798828e+02 6.4374499512e+02 6.4355297852e+02 6.4338702393e+02
6.4825500488e+02 6.4821099854e+02 6.4818597412e+02 6.4815802002e+02 6.4811999512e+02 6.4808099365e+02 6.4805102539e+02 6.4799798584e+02 6.4795202637e+02 6.4786199951e+02 6.4770800781e+02 6.4732299805e+02 6.4680102539e+02 6.4633398438e+02 6.4626397705e+02 6.4639202881e+02 6.4640100098e+02 6.4643103027e+02 6.4646398926e+02 6.4647601318e+02 6.4648602295e+02 6.4650701904e+02 6.4654699707e+02 6.4654797363e+02 6.4651800537e+02 6.4649401855e+02 6.4644799805e+02 6.4636700439e+02 6.4623101807e+02 6.4606597900e+02 6.4590802002e+02 6.4575097656e+02 6.4560302734e+02 6.4544396973e+02 6.4527502441e+02 6.4509997559e+02 6.4491998291e+02 6.4473498535e+02 6.4455401611e+02 6.4437701416e+02 6.4420697021e+02 6.4402600098e+02 6.4383599854e+02 6.4364398193e+02 6.4345001221e+02 6.4328198242e+02
6.4810797119e+02 6.4807897949e+02 6.4805200195e+02 6.4802197266e+02 6.4799597168e+02 6.4795800781e+02 6.4792199707e+02 6.4786798096e+02 6.4782098389e+02 6.4771697998e+02 6.4747198486e+02 6.4698101807e+02 6.4647601318e+02 6.4621197510e+02 6.4626300049e+02 6.4636102295e+02 6.4636700439e+02 6.4639501953e+02 6.4641900635e+02 6.4643298340e+02 6.4644396973e+02 6.4648400879e+02 6.4650201416e+02 6.4648297119e+02 6.4645202637e+02 6.4640399170e+02 6.4633697510e+02 6.4623999023e+02 6.4610101318e+02 6.4594201660e+02 6.4578698730e+02 6.4563201904e+02 6.4548797607e+02 6.4533197021e+02 6.4516400146e+02 6.4499200439e+02 6.4480798340e+02 6.4461999512e+02 6.4443902588e+02 6.4426300049e+02 6.4409698486e+02 6.4391998291e+02 6.4373199463e+02 6.4354302979e+02 6.4335498047e+02 6.4319201660e+02
6.4797302246e+02 6.4795202637e+02 6.4792297363e+02 6.4789599609e+02 6.4787200928e+02 6.4783599854e+02 6.4780603027e+02 6.4774798584e+02 6.4768499756e+02 6.4756097412e+02 6.4722601318e+02 6.4669500732e+02 6.4628997803e+02 6.4617797852e+02 6.4626800537e+02 6.4630603027e+02 6.4631500244e+02 6.4635198975e+02 6.4637298584e+02 6.4638702393e+02 6.4640698242e+02 6.4645300293e+02 6.4643597412e+02 6.4640698242e+02 6.4637200928e+02 6.4630297852e+02 6.4621600342e+02 6.4610900879e+02 6.4597497559e+02 6.4582397461e+02 6.4567498779e+02 6.4552502441e+02 6.4538000488e+02 6.4522399902e+02 6.4505798340e+02 6.4488598633e+02 6.4470202637e+02 6.4451000977e+02 6.4432897949e+02 6.4415301514e+02 6.4398602295e+02 6.4381097412e+02 6.4362701416e+02 6.4344500732e+02 6.4327197266e+02 6.4311798096e+02
6.4782501221e+02 6.4781701660e+02 6.4779699707e+02 6.4777099609e+02 6.4774902344e+02 6.4770202637e+02 6.4766802979e+02 6.4760302734e+02 6.4753399658e+02 6.4739300537e+02 6.4694702148e+02 6.4642297363e+02 6.4611700439e+02 6.4616198730e+02 6.4625097656e+02 6.4626702881e+02 6.4626702881e+02 6.4631402588e+02 6.4631701660e+02 6.4632897949e+02 6.4637298584e+02 6.4638702393e+02 6.4634600830e+02 6.4631097412e+02 6.4627197266e+02 6.4618902588e+02 6.4608697510e+02 6.4597399902e+02 6.4584802246e+02 6.4571600342e+02 6.4557598877e+02 6.4542999268e+02 6.4529101563e+02 6.4512597656e+02 6.4495697021e+02 6.4477801514e+02 6.4458599854e+02 6.4440399170e+02 6.4422100830e+02 6.4404302979e+02 6.4387200928e+02 6.4370098877e+02 6.4352801514e+02 6.4335498047e+02 6.4320202637e+02 6.4305902100e+02
6.4771099854e+02 6.4769799805e+02 6.4766900635e+02 6.4763800049e+02 6.4761602783e+02 6.4757702637e+02 6.4754498291e+02 6.4747198486e+02 6.4738897705e+02 6.4717199707e+02 6.4661700439e+02 6.4617401123e+02 6.4605499268e+02 6.4613000488e+02 6.4620697021e+02 6.4624597168e+02 6.4623199463e+02 6.4627301025e+02 6.4628100586e+02 6.4628900146e+02 6.4634100342e+02 6.4631201172e+02 6.4626202393e+02 6.4622399902e+02 6.4617297363e+02 6.4607299805e+02 6.4596600342e+02 6.4584802246e+02 6.4572900391e+02 6.4560900879e+02 6.4547497559e+02 6.4533398438e+02 6.4519097900e+02 6.4503601074e+02 6.4486602783e+02 6.4468402100e+02 6.4449401855e+02 6.4430700684e+02 6.4412500000e+02 6.4395001221e+02 6.4378399658e+02 6.4362097168e+02 6.4344799805e+02 6.4327301025e+02 6.4310900879e+02 6.4296099854e+02
6.4759100342e+02 6.4757397461e+02 6.4753802490e+02 6.4750201416e+02 6.4747399902e+02 6.4743499756e+02 6.4740301514e+02 6.4732897949e+02 6.4722698975e+02 6.4691998291e+02 6.4634301758e+02 6.4604302979e+02 6.4604302979e+02 6.4610900879e+02 6.4616802979e+02 6.4620397949e+02 6.4618103027e+02 6.4621801758e+02 6.4623901367e+02 6.4625097656e+02 6.4628100586e+02 6.4622198486e+02 6.4616101074e+02 6.4612597656e+02 6.4606500244e+02 6.4595397949e+02 6.4584497070e+02 6.4572601318e+02 6.4560797119e+02 6.4549298096e+02 6.4536401367e+02 6.4522698975e+02 6.4508801270e+02 6.4494000244e+02 6.4477600098e+02 6.4459899902e+02 6.4440698242e+02 6.4421899414e+02 6.4403900146e+02 6.4386297607e+02 6.4369396973e+02 6.4352801514e+02 6.4335101318e+02 6.4317297363e+02 6.4300402832e+02 6.4285400391e+02
6.4745697021e+02 6.4743103027e+02 6.4740802002e+02 6.4737298584e+02 6.4733001709e+02 6.4727697754e+02 6.4721899414e+02 6.4714898682e+02 6.4702301025e+02 6.4660198975e+02 6.4609698486e+02 6.4596398926e+02 6.4602197266e+02 6.4608398438e+02 6.4612097168e+02 6.4614898682e+02 6.4613500977e+02 6.4615301514e+02 6.4618200684e+02 6.4620098877e+02 6.4619097900e+02 6.4611901855e+02 6.4604998779e+02 6.4600897217e+02 6.4593902588e+02 6.4582897949e+02 6.4571997070e+02 6.4559997559e+02 6.4548400879e+02 6.4537298584e+02 6.4524700928e+02 6.4511499023e+02 6.4497802734e+02 6.4483898926e+02 6.4468298340e+02 6.4451397705e+02 6.4432501221e+02 6.4413598633e+02 6.4395501709e+02 6.4377697754e+02 6.4360198975e+02 6.4342700195e+02 6.4324401855e+02 6.4306799316e+02 6.4290100098e+02 6.4275299072e+02
6.4731701660e+02 6.4729101563e+02 6.4727099609e+02 6.4722900391e+02 6.4717199707e+02 6.4712402344e+02 6.4705200195e+02 6.4696801758e+02 6.4671697998e+02 6.4622399902e+02 6.4594702148e+02 6.4593597412e+02 6.4598699951e+02 6.4604998779e+02 6.4608099365e+02 6.4609002686e+02 6.4608697510e+02 6.4609997559e+02 6.4613897705e+02 6.4614898682e+02 6.4608898926e+02 6.4601098633e+02 6.4593597412e+02 6.4586999512e+02 6.4578399658e+02 6.4569299316e+02 6.4558599854e+02 6.4547198486e+02 6.4536499023e+02 6.4525000000e+02 6.4512597656e+02 6.4499700928e+02 6.4487298584e+02 6.4473498535e+02 6.4458801270e+02 6.4442797852e+02 6.4425701904e+02 6.4405700684e+02 6.4386901855e+02 6.4368200684e+02 6.4350598145e+02 6.4332299805e+02 6.4313702393e+02 6.4296398926e+02 6.4280700684e+02 6.4267401123e+02
6.4715899658e+02 6.4714300537e+02 6.4710400391e+02 6.4705401611e+02 6.4703002930e+02 6.4697601318e+02 6.4689599609e+02 6.4678802490e+02 6.4641601563e+02 6.4594702148e+02 6.4588201904e+02 6.4594799805e+02 6.4597802734e+02 6.4600500488e+02 6.4603802490e+02 6.4605902100e+02 6.4605499268e+02 6.4605700684e+02 6.4609100342e+02 6.4606799316e+02 6.4597497559e+02 6.4589599609e+02 6.4582397461e+02 6.4575000000e+02 6.4566802979e+02 6.4557202148e+02 6.4546697998e+02 6.4535302734e+02 6.4524499512e+02 6.4512799072e+02 6.4499798584e+02 6.4486901855e+02 6.4474499512e+02 6.4461602783e+02 6.4447497559e+02 6.4432202148e+02 6.4415399170e+02 6.4396899414e+02 6.4377600098e+02 6.4358197021e+02 6.4339599609e+02 6.4320898438e+02 6.4302697754e+02 6.4286297607e+02 6.4271997070e+02 6.4259399414e+02
6.4699499512e+02 6.4699102783e+02 6.4694702148e+02 6.4689202881e+02 6.4686999512e+02 6.4680603027e+02 6.4669500732e+02 6.4650299072e+02 6.4612097168e+02 6.4582000732e+02 6.4586999512e+02 6.4593200684e+02 6.4593798828e+02 6.4596600342e+02 6.4600598145e+02 6.4601599121e+02 6.4599499512e+02 6.4601300049e+02 6.4602697754e+02 6.4596002197e+02 6.4585601807e+02 6.4578399658e+02 6.4571002197e+02 6.4563598633e+02 6.4555999756e+02 6.4547302246e+02 6.4536901855e+02 6.4524798584e+02 6.4512597656e+02 6.4499902344e+02 6.4486102295e+02 6.4472698975e+02 6.4460498047e+02 6.4448199463e+02 6.4434802246e+02 6.4419897461e+02 6.4403698730e+02 6.4385900879e+02 6.4367102051e+02 6.4347900391e+02 6.4328100586e+02 6.4309002686e+02 6.4291900635e+02 6.4276501465e+02 6.4263000488e+02 6.4250500488e+02
6.4681799316e+02 6.4680297852e+02 6.4677697754e+02 6.4672900391e+02 6.4665698242e+02 6.4657299805e+02 6.4644000244e+02 6.4618798828e+02 6.4587701416e+02 6.4577697754e+02 6.4585198975e+02 6.4588201904e+02 6.4588201904e+02 6.4591601563e+02 6.4595800781e+02 6.4595800781e+02 6.4594201660e+02 6.4596899414e+02 6.4593902588e+02 6.4582800293e+02 6.4573999023e+02 6.4567297363e+02 6.4559698486e+02 6.4552197266e+02 6.4545397949e+02 6.4537799072e+02 6.4527398682e+02 6.4514599609e+02 6.4500500488e+02 6.4486102295e+02 6.4471301270e+02 6.4457299805e+02 6.4445300293e+02 6.4433801270e+02 6.4420898438e+02 6.4406500244e+02 6.4390600586e+02 6.4373602295e+02 6.4355297852e+02 6.4336499023e+02 6.4316400146e+02 6.4297601318e+02 6.4281597900e+02 6.4267297363e+02 6.4253997803e+02 6.4240997314e+02
6.4665399170e+02 6.4660101318e+02 6.4657897949e+02 6.4653002930e+02 6.4641101074e+02 6.4630902100e+02 6.4615802002e+02 6.4593902588e+02 6.4574298096e+02 6.4577697754e+02 6.4581701660e+02 6.4583197021e+02 6.4583697510e+02 6.4586199951e+02 6.4589300537e+02 6.4590802002e+02 6.4591699219e+02 6.4591699219e+02 6.4584002686e+02 6.4571600342e+02 6.4563702393e+02 6.4556597900e+02 6.4548797607e+02 6.4540997314e+02 6.4533898926e+02 6.4526800537e+02 6.4516198730e+02 6.4502398682e+02 6.4483502197e+02 6.4469799805e+02 6.4454998779e+02 6.4441198730e+02 6.4430200195e+02 6.4418103027e+02 6.4404901123e+02 6.4390899658e+02 6.4373400879e+02 6.4356896973e+02 6.4339398193e+02 6.4322198486e+02 6.4304998779e+02 6.4287902832e+02 6.4272698975e+02 6.4258599854e+02 6.4245202637e+02 6.4232397461e+02
6.4643701172e+02 6.4636901855e+02 6.4632299805e+02 6.4626098633e+02 6.4618298340e+02 6.4608599854e+02 6.4595098877e+02 6.4578997803e+02 6.4569396973e+02 6.4575402832e+02 6.4576800537e+02 6.4577301025e+02 6.4578802490e+02 6.4583502197e+02 6.4585699463e+02 6.4585101318e+02 6.4585302734e+02 6.4582397461e+02 6.4572198486e+02 6.4560101318e+02 6.4551898193e+02 6.4544897461e+02 6.4536798096e+02 6.4528399658e+02 6.4520300293e+02 6.4512597656e+02 6.4502801514e+02 6.4490399170e+02 6.4474597168e+02 6.4459100342e+02 6.4445098877e+02 6.4431201172e+02 6.4418902588e+02 6.4405102539e+02 6.4390301514e+02 6.4375598145e+02 6.4359301758e+02 6.4340197754e+02 6.4323602295e+02 6.4308398438e+02 6.4295001221e+02 6.4280401611e+02 6.4265100098e+02 6.4249798584e+02 6.4234802246e+02 6.4221801758e+02
6.4628997803e+02 6.4620098877e+02 6.4612597656e+02 6.4606500244e+02 6.4602697754e+02 6.4594000244e+02 6.4585400391e+02 6.4579901123e+02 6.4576098633e+02 6.4573901367e+02 6.4571099854e+02 6.4571398926e+02 6.4573699951e+02 6.4577801514e+02 6.4580102539e+02 6.4580401611e+02 6.4578198242e+02 6.4569799805e+02 6.4557397461e+02 6.4545898438e+02 6.4539398193e+02 6.4531799316e+02 6.4523297119e+02 6.4514599609e+02 6.4506298828e+02 6.4499200439e+02 6.4491497803e+02 6.4482299805e+02 6.4470397949e+02 6.4455401611e+02 6.4440600586e+02 6.4424902344e+02 6.4409497070e+02 6.4393597412e+02 6.4377899170e+02 6.4362500000e+02 6.4345898438e+02 6.4327502441e+02 6.4311297607e+02 6.4296801758e+02 6.4284600830e+02 6.4271197510e+02 6.4256298828e+02 6.4240899658e+02 6.4224102783e+02 6.4209002686e+02
6.4620397949e+02 6.4611798096e+02 6.4601800537e+02 6.4594799805e+02 6.4592999268e+02 6.4586901855e+02 6.4581896973e+02 6.4578698730e+02 6.4573297119e+02 6.4566497803e+02 6.4565002441e+02 6.4567102051e+02 6.4569702148e+02 6.4571997070e+02 6.4574298096e+02 6.4575097656e+02 6.4567498779e+02 6.4554699707e+02 6.4541302490e+02 6.4531500244e+02 6.4526098633e+02 6.4517901611e+02 6.4509197998e+02 6.4500701904e+02 6.4492401123e+02 6.4485900879e+02 6.4480798340e+02 6.4475299072e+02 6.4468402100e+02 6.4454199219e+02 6.4438098145e+02 6.4420202637e+02 6.4400701904e+02 6.4382702637e+02 6.4366198730e+02 6.4350097656e+02 6.4333300781e+02 6.4315502930e+02 6.4299700928e+02 6.4285699463e+02 6.4273699951e+02 6.4260900879e+02 6.4246600342e+02 6.4231402588e+02 6.4213800049e+02 6.4196997070e+02
6.4612402344e+02 6.4604699707e+02 6.4594201660e+02 6.4585601807e+02 6.4583099365e+02 6.4577502441e+02 6.4574499512e+02 6.4569396973e+02 6.4562799072e+02 6.4558898926e+02 6.4559197998e+02 6.4562500000e+02 6.4564697266e+02 6.4567901611e+02 6.4570300293e+02 6.4567700195e+02 6.4558300781e+02 6.4538000488e+02 6.4525701904e+02 6.4517901611e+02 6.4510998535e+02 6.4503802490e+02 6.4496002197e+02 6.4487701416e+02 6.4478497314e+02 6.4472802734e+02 6.4468701172e+02 6.4464697266e+02 6.4455999756e+02 6.4447399902e+02 6.4430999756e+02 6.4412402344e+02 6.4391601563e+02 6.4371801758e+02 6.4354400635e+02 6.4337799072e+02 6.4321197510e+02 6.4304602051e+02 6.4288897705e+02 6.4274499512e+02 6.4261499023e+02 6.4249798584e+02 6.4236102295e+02 6.4221197510e+02 6.4204498291e+02 6.4187597656e+02
6.4600897217e+02 6.4592401123e+02 6.4582598877e+02 6.4573999023e+02 6.4571697998e+02 6.4567498779e+02 6.4566302490e+02 6.4560900879e+02 6.4555603027e+02 6.4551300049e+02 6.4552197266e+02 6.4559600830e+02 6.4560198975e+02 6.4560498047e+02 6.4562799072e+02 6.4559100342e+02 6.4543597412e+02 6.4521600342e+02 6.4510302734e+02 6.4503198242e+02 6.4496197510e+02 6.4490002441e+02 6.4482702637e+02 6.4474200439e+02 6.4464099121e+02 6.4458300781e+02 6.4452398682e+02 6.4445898438e+02 6.4439001465e+02 6.4427899170e+02 6.4413397217e+02 6.4397198486e+02 6.4377899170e+02 6.4358898926e+02 6.4342498779e+02 6.4326599121e+02 6.4310900879e+02 6.4294897461e+02 6.4279400635e+02 6.4264501953e+02 6.4250598145e+02 6.4238098145e+02 6.4224200439e+02 6.4209497070e+02 6.4193402100e+02 6.4178399658e+02
6.4586700439e+02 6.4579498291e+02 6.4571197510e+02 6.4562097168e+02 6.4558898926e+02 6.4558099365e+02 6.4557202148e+02 6.4551599121e+02 6.4547198486e+02 6.4545898438e+02 6.4548400879e+02 6.4554400635e+02 6.4553997803e+02 6.4555102539e+02 6.4556597900e+02 6.4546697998e+02 6.4526501465e+02 6.4505297852e+02 6.4494702148e+02 6.4488800049e+02 6.4482202148e+02 6.4474700928e+02 6.4466998291e+02 6.4458697510e+02 6.4448699951e+02 6.4441302490e+02 6.4434600830e+02 6.4427502441e+02 6.4419702148e+02 6.4409002686e+02 6.4395800781e+02 6.4380902100e+02 6.4363201904e+02 6.4345898438e+02 6.4330902100e+02 6.4315997314e+02 6.4301098633e+02 6.4285797119e+02 6.4270599365e+02 6.4255499268e+02 6.4239898682e+02 6.4225000000e+02 6.4210498047e+02 6.4195800781e+02 6.4180700684e+02 6.4168200684e+02
6.4571002197e+02 6.4564898682e+02 6.4559100342e+02 6.4552502441e+02 6.4549200439e+02 6.4549902344e+02 6.4546997070e+02 6.4541497803e+02 6.4540301514e+02 6.4541900635e+02 6.4543402100e+02 6.4545898438e+02 6.4547100830e+02 6.4549102783e+02 6.4546600342e+02 6.4527502441e+02 6.4507501221e+02 6.4490002441e+02 6.4480401611e+02 6.4475598145e+02 6.4468200684e+02 6.4458197021e+02 6.4450000000e+02 6.4441998291e+02 6.4432397461e+02 6.4423699951e+02 6.4416198730e+02 6.4408300781e+02 6.4399200439e+02 6.4388702393e+02 6.4376702881e+02 6.4363500977e+02 6.4348101807e+02 6.4333001709e+02 6.4319396973e+02 6.4305603027e+02 6.4291497803e+02 6.4276702881e+02 6.4261602783e+02 6.4246002197e+02 6.4228900146e+02 6.4211602783e+02 6.4196002197e+02 6.4181097412e+02 6.4166998291e+02 6.4157397461e+02
