TESTSERVER/6/2.asc
NCOLS 100
NROWS 100
XLLCORNER 7.7997500000e+03
YLLCORNER 2.8985025000e+05
CELLSIZE 5.0000000000e-01
NODATA_VALUE -9.9990000000e+03
[rows 20 to 39 of 100, columns 0 to 45 of 100]
6.5254797363e+02 6.5255603027e+02 6.5258197021e+02 6.5256799316e+02 6.5253698730e+02 6.5253399658e+02 6.5258502197e+02 6.5261199951e+02 6.5262597656e+02 6.5263000488e+02 6.5264001465e+02 6.5267602539e+02 6.5267297363e+02 6.5266601563e+02 6.5267700195e+02 6.5269396973e+02 6.5268200684e+02 6.5268902588e+02 6.5269799805e+02 6.5270898438e+02 6.5272100830e+02 6.5271502686e+02 6.5274401855e+02 6.5274499512e+02 6.5276098633e+02 6.5276898193e+02 6.5275897217e+02 6.5276202393e+02 6.5278002930e+02 6.5280902100e+02 6.5280297852e+02 6.5282299805e+02 6.5282702637e+02 6.5281597900e+02 6.5280999756e+02 6.5282501221e+02 6.5283398438e+02 6.5280999756e+02 6.5279302979e+02 6.5275097656e+02 6.5273101807e+02 6.5270202637e+02 6.5266101074e+02 6.5261999512e+02 6.5257598877e+02 6.5251898193e+02
6.5249798584e+02 6.5249401855e+02 6.5247698975e+02 6.5248400879e+02 6.5247497559e+02 6.5248797607e+02 6.5251000977e+02 6.5252197266e+02 6.5253900146e+02 6.5255499268e+02 6.5257202148e+02 6.5258801270e+02 6.5258599854e+02 6.5257501221e+02 6.5257702637e+02 6.5259100342e+02 6.5259002686e+02 6.5259899902e+02 6.5259802246e+02 6.5261700439e+02 6.5262799072e+02 6.5262701416e+02 6.5266198730e+02 6.5265802002e+02 6.5266601563e+02 6.5267102051e+02 6.5267102051e+02 6.5269201660e+02 6.5270001221e+02 6.5271600342e+02 6.5270300293e+02 6.5271600342e+02 6.5273498535e+02 6.5272998047e+02 6.5272601318e+02 6.5272802734e+02 6.5274200439e+02 6.5273699951e+02 6.5273901367e+02 6.5271997070e+02 6.5269598389e+02 6.5265502930e+02 6.5261999512e+02 6.5257800293e+02 6.5253997803e+02 6.5248901367e+02
6.5241802979e+02 6.5240997314e+02 6.5239697266e+02 6.5239001465e+02 6.5240301514e+02 6.5242401123e+02 6.5244799805e+02 6.5246099854e+02 6.5246197510e+02 6.5246002197e+02 6.5246697998e+02 6.5247497559e+02 6.5247302246e+02 6.5247100830e+02 6.5248602295e+02 6.5249298096e+02 6.5248901367e+02 6.5250598145e+02 6.5251202393e+02 6.5253698730e+02 6.5254498291e+02 6.5253302002e+02 6.5256097412e+02 6.5256896973e+02 6.5258001709e+02 6.5258001709e+02 6.5257299805e+02 6.5259100342e+02 6.5259301758e+02 6.5260900879e+02 6.5261602783e+02 6.5262799072e+02 6.5264001465e+02 6.5262298584e+02 6.5261499023e+02 6.5262500000e+02 6.5265802002e+02 6.5267401123e+02 6.5266998291e+02 6.5265600586e+02 6.5263397217e+02 6.5259600830e+02 6.5257800293e+02 6.5253497314e+02 6.5249700928e+02 6.5245800781e+02
6.5233599854e+02 6.5232800293e+02 6.5233697510e+02 6.5234197998e+02 6.5235400391e+02 6.5235797119e+02 6.5239001465e+02 6.5239898682e+02 6.5239300537e+02 6.5237902832e+02 6.5238299561e+02 6.5238897705e+02 6.5238598633e+02 6.5238500977e+02 6.5241101074e+02 6.5240899658e+02 6.5239898682e+02 6.5242199707e+02 6.5242901611e+02 6.5243597412e+02 6.5244201660e+02 6.5243402100e+02 6.5246398926e+02 6.5247802734e+02 6.5248699951e+02 6.5248901367e+02 6.5248602295e+02 6.5248602295e+02 6.5249798584e+02 6.5252301025e+02 6.5252697754e+02 6.5253698730e+02 6.5253900146e+02 6.5251397705e+02 6.5249499512e+02 6.5252801514e+02 6.5257000732e+02 6.5258599854e+02 6.5258502197e+02 6.5257397461e+02 6.5256201172e+02 6.5253497314e+02 6.5252301025e+02 6.5249102783e+02 6.5245697021e+02 6.5241601563e+02
6.5227099609e+02 6.5226397705e+02 6.5226300049e+02 6.5229699707e+02 6.5230297852e+02 6.5229199219e+02 6.5231097412e+02 6.5230603027e+02 6.5230798340e+02 6.5230603027e+02 6.5231402588e+02 6.5232098389e+02 6.5230297852e+02 6.5230200195e+02 6.5233398438e+02 6.5234497070e+02 6.5233197021e+02 6.5234301758e+02 6.5234997559e+02 6.5234802246e+02 6.5234600830e+02 6.5235601807e+02 6.5240100098e+02 6.5239801025e+02 6.5239099121e+02 6.5239202881e+02 6.5239599609e+02 6.5240802002e+02 6.5241802979e+02 6.5242498779e+02 6.5241400146e+02 6.5242401123e+02 6.5242901611e+02 6.5242797852e+02 6.5242999268e+02 6.5245697021e+02 6.5247100830e+02 6.5248797607e+02 6.5250799561e+02 6.5248297119e+02 6.5248297119e+02 6.5246099854e+02 6.5245300293e+02 6.5243499756e+02 6.5241302490e+02 6.5235998535e+02
6.5222100830e+02 6.5221099854e+02 6.5219500732e+02 6.5221197510e+02 6.5222198486e+02 6.5221502686e+02 6.5224102783e+02 6.5222802734e+02 6.5221899414e+02 6.5221801758e+02 6.5224200439e+02 6.5223199463e+02 6.5221398926e+02 6.5221398926e+02 6.5223101807e+02 6.5222900391e+02 6.5223297119e+02 6.5225299072e+02 6.5226599121e+02 6.5227801514e+02 6.5227099609e+02 6.5228002930e+02 6.5230603027e+02 6.5229901123e+02 6.5230499268e+02 6.5231402588e+02 6.5230700684e+02 6.5231201172e+02 6.5232501221e+02 6.5233502197e+02 6.5233697510e+02 6.5234497070e+02 6.5234497070e+02 6.5233898926e+02 6.5233300781e+02 6.5235601807e+02 6.5236999512e+02 6.5237799072e+02 6.5239202881e+02 6.5238201904e+02 6.5239501953e+02 6.5237902832e+02 6.5238000488e+02 6.5235498047e+02 6.5233197021e+02 6.5228997803e+02
6.5215197754e+02 6.5214599609e+02 6.5211999512e+02 6.5212799072e+02 6.5215002441e+02 6.5214300537e+02 6.5215698242e+02 6.5214599609e+02 6.5213598633e+02 6.5213702393e+02 6.5216302490e+02 6.5215197754e+02 6.5214599609e+02 6.5214398193e+02 6.5215399170e+02 6.5215002441e+02 6.5214898682e+02 6.5216101074e+02 6.5217901611e+02 6.5218597412e+02 6.5218402100e+02 6.5218597412e+02 6.5218597412e+02 6.5219201660e+02 6.5220001221e+02 6.5220697021e+02 6.5221099854e+02 6.5222802734e+02 6.5223498535e+02 6.5224102783e+02 6.5224597168e+02 6.5225701904e+02 6.5225500488e+02 6.5224700928e+02 6.5223699951e+02 6.5224401855e+02 6.5225402832e+02 6.5225500488e+02 6.5226098633e+02 6.5225701904e+02 6.5227398682e+02 6.5227001953e+02 6.5227001953e+02 6.5226397705e+02 6.5225402832e+02 6.5222802734e+02
6.5206500244e+02 6.5205999756e+02 6.5204302979e+02 6.5205999756e+02 6.5208099365e+02 6.5206500244e+02 6.5206896973e+02 6.5207098389e+02 6.5207598877e+02 6.5206896973e+02 6.5205999756e+02 6.5205700684e+02 6.5206799316e+02 6.5206597900e+02 6.5206799316e+02 6.5207598877e+02 6.5207202148e+02 6.5207299805e+02 6.5208697510e+02 6.5210498047e+02 6.5210302734e+02 6.5209399414e+02 6.5209100342e+02 6.5209997559e+02 6.5209899902e+02 6.5209399414e+02 6.5210400391e+02 6.5212097168e+02 6.5211999512e+02 6.5212799072e+02 6.5213397217e+02 6.5215301514e+02 6.5215301514e+02 6.5214501953e+02 6.5213897705e+02 6.5214001465e+02 6.5214599609e+02 6.5213800049e+02 6.5213897705e+02 6.5214501953e+02 6.5216302490e+02 6.5216198730e+02 6.5214898682e+02 6.5216400146e+02 6.5217297363e+02 6.5215899658e+02
6.5197900391e+02 6.5197198486e+02 6.5200701904e+02 6.5201501465e+02 6.5200799561e+02 6.5198199463e+02 6.5200000000e+02 6.5199401855e+02 6.5199499512e+02 6.5198699951e+02 6.5198498535e+02 6.5198797607e+02 6.5198999023e+02 6.5198199463e+02 6.5200201416e+02 6.5201300049e+02 6.5200299072e+02 6.5200299072e+02 6.5200097656e+02 6.5203002930e+02 6.5200402832e+02 6.5198699951e+02 6.5202697754e+02 6.5202801514e+02 6.5200598145e+02 6.5199597168e+02 6.5201397705e+02 6.5202801514e+02 6.5202001953e+02 6.5203698730e+02 6.5204302979e+02 6.5204998779e+02 6.5204901123e+02 6.5204101563e+02 6.5204199219e+02 6.5207397461e+02 6.5208001709e+02 6.5204797363e+02 6.5204901123e+02 6.5206402588e+02 6.5206701660e+02 6.5204797363e+02 6.5203900146e+02 6.5205902100e+02 6.5206799316e+02 6.5205798340e+02
6.5190698242e+02 6.5189599609e+02 6.5190399170e+02 6.5190802002e+02 6.5192401123e+02 6.5190698242e+02 6.5190997314e+02 6.5191900635e+02 6.5191699219e+02 6.5189801025e+02 6.5191198730e+02 6.5191497803e+02 6.5191198730e+02 6.5190698242e+02 6.5191699219e+02 6.5190899658e+02 6.5190502930e+02 6.5192401123e+02 6.5193597412e+02 6.5194702148e+02 6.5191900635e+02 6.5189898682e+02 6.5193298340e+02 6.5192297363e+02 6.5192199707e+02 6.5192297363e+02 6.5190600586e+02 6.5191497803e+02 6.5193701172e+02 6.5195001221e+02 6.5194598389e+02 6.5193103027e+02 6.5193597412e+02 6.5193103027e+02 6.5193701172e+02 6.5196398926e+02 6.5196697998e+02 6.5194702148e+02 6.5195599365e+02 6.5196600342e+02 6.5197100830e+02 6.5194799805e+02 6.5195300293e+02 6.5196997070e+02 6.5195501709e+02 6.5193902588e+02
6.5182299805e+02 6.5182000732e+02 6.5181896973e+02 6.5183001709e+02 6.5185198975e+02 6.5183898926e+02 6.5184600830e+02 6.5182598877e+02 6.5180999756e+02 6.5181597900e+02 6.5184002686e+02 6.5183398438e+02 6.5182800293e+02 6.5182299805e+02 6.5183099365e+02 6.5183001709e+02 6.5183502197e+02 6.5184399414e+02 6.5184497070e+02 6.5184497070e+02 6.5183898926e+02 6.5182000732e+02 6.5183197021e+02 6.5183099365e+02 6.5183898926e+02 6.5183398438e+02 6.5180401611e+02 6.5180401611e+02 6.5183502197e+02 6.5183599854e+02 6.5183197021e+02 6.5181597900e+02 6.5182800293e+02 6.5183398438e+02 6.5183398438e+02 6.5184899902e+02 6.5185797119e+02 6.5184698486e+02 6.5185101318e+02 6.5185302734e+02 6.5185400391e+02 6.5183398438e+02 6.5184899902e+02 6.5187200928e+02 6.5184899902e+02 6.5183300781e+02
6.5175402832e+02 6.5175500488e+02 6.5175201416e+02 6.5175598145e+02 6.5177600098e+02 6.5176800537e+02 6.5177398682e+02 6.5173699951e+02 6.5170898438e+02 6.5172601318e+02 6.5174902344e+02 6.5174902344e+02 6.5174200439e+02 6.5172900391e+02 6.5173797607e+02 6.5174298096e+02 6.5174902344e+02 6.5174700928e+02 6.5174200439e+02 6.5174700928e+02 6.5175897217e+02 6.5174700928e+02 6.5173901367e+02 6.5173498535e+02 6.5174700928e+02 6.5174200439e+02 6.5172198486e+02 6.5171697998e+02 6.5173199463e+02 6.5172802734e+02 6.5173498535e+02 6.5172998047e+02 6.5173699951e+02 6.5173199463e+02 6.5171997070e+02 6.5173400879e+02 6.5175000000e+02 6.5173699951e+02 6.5175000000e+02 6.5173602295e+02 6.5173101807e+02 6.5172900391e+02 6.5173797607e+02 6.5175097656e+02 6.5173901367e+02 6.5173400879e+02
6.5170098877e+02 6.5170202637e+02 6.5168597412e+02 6.5168597412e+02 6.5168798828e+02 6.5166998291e+02 6.5168499756e+02 6.5166601563e+02 6.5164801025e+02 6.5165698242e+02 6.5166699219e+02 6.5164898682e+02 6.5165301514e+02 6.5165002441e+02 6.5166802979e+02 6.5166198730e+02 6.5165399170e+02 6.5166601563e+02 6.5166998291e+02 6.5167102051e+02 6.5166101074e+02 6.5165301514e+02 6.5166998291e+02 6.5164599609e+02 6.5166497803e+02 6.5166900635e+02 6.5164300537e+02 6.5163500977e+02 6.5163098145e+02 6.5162500000e+02 6.5163500977e+02 6.5163800049e+02 6.5164099121e+02 6.5162799072e+02 6.5160699463e+02 6.5163098145e+02 6.5164501953e+02 6.5163299561e+02 6.5164099121e+02 6.5161297607e+02 6.5160498047e+02 6.5161700439e+02 6.5162799072e+02 6.5163201904e+02 6.5161602783e+02 6.5161700439e+02
6.5161700439e+02 6.5161499023e+02 6.5160998535e+02 6.5162200928e+02 6.5162097168e+02 6.5158502197e+02 6.5157397461e+02 6.5156500244e+02 6.5154602051e+02 6.5155499268e+02 6.5157299805e+02 6.5155902100e+02 6.5156500244e+02 6.5156402588e+02 6.5158502197e+02 6.5158001709e+02 6.5156097412e+02 6.5155798340e+02 6.5158197021e+02 6.5157702637e+02 6.5157800293e+02 6.5157800293e+02 6.5158099365e+02 6.5156701660e+02 6.5157000732e+02 6.5157501221e+02 6.5155798340e+02 6.5154302979e+02 6.5154699707e+02 6.5154302979e+02 6.5154302979e+02 6.5153802490e+02 6.5153302002e+02 6.5152398682e+02 6.5151000977e+02 6.5152502441e+02 6.5153399658e+02 6.5152001953e+02 6.5151098633e+02 6.5150201416e+02 6.5149700928e+02 6.5150799561e+02 6.5152001953e+02 6.5153100586e+02 6.5151800537e+02 6.5152301025e+02
6.5152099609e+02 6.5152301025e+02 6.5152697754e+02 6.5152600098e+02 6.5152801514e+02 6.5150000000e+02 6.5148602295e+02 6.5148199463e+02 6.5145001221e+02 6.5145300293e+02 6.5146398926e+02 6.5145501709e+02 6.5145898438e+02 6.5145800781e+02 6.5148901367e+02 6.5148498535e+02 6.5147302246e+02 6.5146899414e+02 6.5148999023e+02 6.5147698975e+02 6.5148297119e+02 6.5147399902e+02 6.5148297119e+02 6.5147900391e+02 6.5147900391e+02 6.5149298096e+02 6.5146997070e+02 6.5146899414e+02 6.5146801758e+02 6.5146099854e+02 6.5144799805e+02 6.5143798828e+02 6.5142700195e+02 6.5141400146e+02 6.5140502930e+02 6.5141802979e+02 6.5143200684e+02 6.5141699219e+02 6.5140899658e+02 6.5140997314e+02 6.5140997314e+02 6.5141802979e+02 6.5141699219e+02 6.5141302490e+02 6.5140698242e+02 6.5141998291e+02
6.5144000244e+02 6.5144396973e+02 6.5144299316e+02 6.5142999268e+02 6.5141998291e+02 6.5139697266e+02 6.5138897705e+02 6.5139202881e+02 6.5136999512e+02 6.5136199951e+02 6.5136297607e+02 6.5136798096e+02 6.5137298584e+02 6.5136602783e+02 6.5137597656e+02 6.5136798096e+02 6.5137200928e+02 6.5139001465e+02 6.5140002441e+02 6.5139801025e+02 6.5139398193e+02 6.5135699463e+02 6.5137799072e+02 6.5139001465e+02 6.5139398193e+02 6.5139202881e+02 6.5137701416e+02 6.5138299561e+02 6.5137200928e+02 6.5136602783e+02 6.5135498047e+02 6.5134002686e+02 6.5134002686e+02 6.5133001709e+02 6.5131201172e+02 6.5131597900e+02 6.5132702637e+02 6.5131597900e+02 6.5131701660e+02 6.5130999756e+02 6.5130902100e+02 6.5130902100e+02 6.5131201172e+02 6.5130603027e+02 6.5130798340e+02 6.5132702637e+02
6.5137298584e+02 6.5136602783e+02 6.5134301758e+02 6.5137701416e+02 6.5136602783e+02 6.5132800293e+02 6.5131097412e+02 6.5130700684e+02 6.5130700684e+02 6.5129498291e+02 6.5127899170e+02 6.5128698730e+02 6.5129302979e+02 6.5129699707e+02 6.5128497314e+02 6.5126898193e+02 6.5127899170e+02 6.5129400635e+02 6.5130102539e+02 6.5132598877e+02 6.5131201172e+02 6.5127502441e+02 6.5131500244e+02 6.5131896973e+02 6.5131701660e+02 6.5132702637e+02 6.5131402588e+02 6.5128900146e+02 6.5127502441e+02 6.5128399658e+02 6.5128497314e+02 6.5126098633e+02 6.5124902344e+02 6.5123901367e+02 6.5121301270e+02 6.5121600342e+02 6.5122601318e+02 6.5121801758e+02 6.5122601318e+02 6.5120599365e+02 6.5121002197e+02 6.5120202637e+02 6.5120397949e+02 6.5120001221e+02 6.5120397949e+02 6.5120697021e+02
6.5129498291e+02 6.5128601074e+02 6.5126599121e+02 6.5127502441e+02 6.5126397705e+02 6.5124102783e+02 6.5123602295e+02 6.5123297119e+02 6.5121801758e+02 6.5121600342e+02 6.5121997070e+02 6.5121002197e+02 6.5120001221e+02 6.5119702148e+02 6.5119299316e+02 6.5117498779e+02 6.5117901611e+02 6.5118902588e+02 6.5120599365e+02 6.5122601318e+02 6.5121997070e+02 6.5119702148e+02 6.5122100830e+02 6.5122399902e+02 6.5123199463e+02 6.5124102783e+02 6.5120501709e+02 6.5118402100e+02 6.5117498779e+02 6.5119299316e+02 6.5119799805e+02 6.5116400146e+02 6.5114898682e+02 6.5114001465e+02 6.5112298584e+02 6.5111102295e+02 6.5111297607e+02 6.5111499023e+02 6.5113098145e+02 6.5110998535e+02 6.5111798096e+02 6.5110101318e+02 6.5108898926e+02 6.5109002686e+02 6.5109002686e+02 6.5109399414e+02
6.5122198486e+02 6.5122399902e+02 6.5121002197e+02 6.5120098877e+02 6.5118402100e+02 6.5116497803e+02 6.5116198730e+02 6.5115502930e+02 6.5112701416e+02 6.5112200928e+02 6.5114501953e+02 6.5113500977e+02 6.5111700439e+02 6.5110998535e+02 6.5110998535e+02 6.5109802246e+02 6.5109899902e+02 6.5110400391e+02 6.5112701416e+02 6.5114599609e+02 6.5113201904e+02 6.5110797119e+02 6.5112701416e+02 6.5112298584e+02 6.5113299561e+02 6.5113397217e+02 6.5111199951e+02 6.5110400391e+02 6.5108898926e+02 6.5110498047e+02 6.5110797119e+02 6.5108197021e+02 6.5106298828e+02 6.5103698730e+02 6.5103900146e+02 6.5102197266e+02 6.5102099609e+02 6.5102600098e+02 6.5103100586e+02 6.5102197266e+02 6.5103497314e+02 6.5101300049e+02 6.5100000000e+02 6.5100402832e+02 6.5099298096e+02 6.5100000000e+02
6.5115899658e+02 6.5116302490e+02 6.5113201904e+02 6.5112097168e+02 6.5110998535e+02 6.5109100342e+02 6.5109197998e+02 6.5108801270e+02 6.5106097412e+02 6.5105700684e+02 6.5107800293e+02 6.5106201172e+02 6.5103802490e+02 6.5103100586e+02 6.5103698730e+02 6.5102301025e+02 6.5101501465e+02 6.5101000977e+02 6.5102899170e+02 6.5105700684e+02 6.5105200195e+02 6.5102899170e+02 6.5104199219e+02 6.5104199219e+02 6.5104498291e+02 6.5103601074e+02 6.5102600098e+02 6.5101800537e+02 6.5100201416e+02 6.5100500488e+02 6.5099902344e+02 6.5098797607e+02 6.5098400879e+02 6.5095397949e+02 6.5095697021e+02 6.5094500732e+02 6.5094799805e+02 6.5095202637e+02 6.5095001221e+02 6.5094897461e+02 6.5094396973e+02 6.5092199707e+02 6.5090600586e+02 6.5090399170e+02 6.5090997314e+02 6.5092297363e+02
