TESTSERVER/6/3.asc
NCOLS 100
NROWS 100
XLLCORNER 7.7997500000e+03
YLLCORNER 2.8980025000e+05
CELLSIZE 5.0000000000e-01
NODATA_VALUE -9.9990000000e+03
[rows 0 to 19 of 100, columns 0 to 45 of 100]
6.4854901123e+02 6.4846899414e+02 6.4835998535e+02 6.4829602051e+02 6.4820697021e+02 6.4809399414e+02 6.4800799561e+02 6.4787402344e+02 6.4775500488e+02 6.4766699219e+02 6.4754302979e+02 6.4740698242e+02 6.4725299072e+02 6.4709997559e+02 6.4695300293e+02 6.4683099365e+02 6.4668902588e+02 6.4655999756e+02 6.4636199951e+02 6.4622399902e+02 6.4612298584e+02 6.4600000000e+02 6.4587402344e+02 6.4576800537e+02 6.4565197754e+02 6.4556597900e+02 6.4551898193e+02 6.4549499512e+02 6.4547198486e+02 6.4540301514e+02 6.4536700439e+02 6.4529602051e+02 6.4523297119e+02 6.4516497803e+02 6.4507800293e+02 6.4500799561e+02 6.4490002441e+02 6.4479797363e+02 6.4464697266e+02 6.4446099854e+02 6.4430200195e+02 6.4414801025e+02 6.4408197021e+02 6.4414697266e+02 6.4420300293e+02 6.4421301270e+02
6.4858300781e+02 6.4849597168e+02 6.4837799072e+02 6.4829498291e+02 6.4820397949e+02 6.4810198975e+02 6.4801202393e+02 6.4786700439e+02 6.4774700928e+02 6.4766101074e+02 6.4752398682e+02 6.4739398193e+02 6.4724700928e+02 6.4710101318e+02 6.4696997070e+02 6.4683502197e+02 6.4668902588e+02 6.4654498291e+02 6.4637298584e+02 6.4621002197e+02 6.4607800293e+02 6.4592901611e+02 6.4580200195e+02 6.4569396973e+02 6.4558197021e+02 6.4548797607e+02 6.4544097900e+02 6.4540301514e+02 6.4538201904e+02 6.4532702637e+02 6.4529400635e+02 6.4522399902e+02 6.4517999268e+02 6.4511499023e+02 6.4501098633e+02 6.4492999268e+02 6.4483197021e+02 6.4472100830e+02 6.4458599854e+02 6.4443701172e+02 6.4426300049e+02 6.4409002686e+02 6.4404302979e+02 6.4409802246e+02 6.4415100098e+02 6.4416802979e+02
6.4859600830e+02 6.4851098633e+02 6.4840301514e+02 6.4829998779e+02 6.4821002197e+02 6.4812200928e+02 6.4800799561e+02 6.4786602783e+02 6.4775299072e+02 6.4765997314e+02 6.4752398682e+02 6.4739898682e+02 6.4725701904e+02 6.4710699463e+02 6.4696697998e+02 6.4682000732e+02 6.4669000244e+02 6.4653497314e+02 6.4635498047e+02 6.4617602539e+02 6.4603900146e+02 6.4589001465e+02 6.4574401855e+02 6.4563299561e+02 6.4550500488e+02 6.4539599609e+02 6.4536700439e+02 6.4534002686e+02 6.4530798340e+02 6.4525701904e+02 6.4521502686e+02 6.4515002441e+02 6.4511199951e+02 6.4505200195e+02 6.4494000244e+02 6.4484698486e+02 6.4475897217e+02 6.4465502930e+02 6.4451000977e+02 6.4437799072e+02 6.4419799805e+02 6.4403100586e+02 6.4400799561e+02 6.4406097412e+02 6.4409802246e+02 6.4411199951e+02
6.4859002686e+02 6.4851098633e+02 6.4842199707e+02 6.4830297852e+02 6.4821002197e+02 6.4812799072e+02 6.4801098633e+02 6.4788201904e+02 6.4777001953e+02 6.4766601563e+02 6.4752099609e+02 6.4741699219e+02 6.4727301025e+02 6.4711602783e+02 6.4696899414e+02 6.4681701660e+02 6.4668798828e+02 6.4652899170e+02 6.4634497070e+02 6.4617797852e+02 6.4600299072e+02 6.4584399414e+02 6.4570599365e+02 6.4558898926e+02 6.4543499756e+02 6.4530999756e+02 6.4529101563e+02 6.4526800537e+02 6.4522198486e+02 6.4516101074e+02 6.4511602783e+02 6.4504797363e+02 6.4499902344e+02 6.4494000244e+02 6.4484899902e+02 6.4476098633e+02 6.4468200684e+02 6.4459002686e+02 6.4445001221e+02 6.4431298828e+02 6.4412902832e+02 6.4396997070e+02 6.4395898438e+02 6.4401202393e+02 6.4402801514e+02 6.4403802490e+02
6.4860302734e+02 6.4852502441e+02 6.4843402100e+02 6.4831201172e+02 6.4822399902e+02 6.4813897705e+02 6.4801800537e+02 6.4790197754e+02 6.4778198242e+02 6.4765502930e+02 6.4750402832e+02 6.4741400146e+02 6.4726397705e+02 6.4710601807e+02 6.4696197510e+02 6.4683599854e+02 6.4669299316e+02 6.4654101563e+02 6.4633001709e+02 6.4618200684e+02 6.4600402832e+02 6.4583599854e+02 6.4565502930e+02 6.4555102539e+02 6.4538598633e+02 6.4525097656e+02 6.4521801758e+02 6.4518902588e+02 6.4514898682e+02 6.4507501221e+02 6.4500201416e+02 6.4494500732e+02 6.4488702393e+02 6.4482000732e+02 6.4473602295e+02 6.4467498779e+02 6.4462402344e+02 6.4455297852e+02 6.4441802979e+02 6.4424298096e+02 6.4405499268e+02 6.4390399170e+02 6.4387597656e+02 6.4394396973e+02 6.4395800781e+02 6.4396197510e+02
6.4859100342e+02 6.4851800537e+02 6.4844097900e+02 6.4832000732e+02 6.4823101807e+02 6.4814001465e+02 6.4802600098e+02 6.4791900635e+02 6.4779302979e+02 6.4765002441e+02 6.4749902344e+02 6.4738299561e+02 6.4724902344e+02 6.4712799072e+02 6.4698297119e+02 6.4683099365e+02 6.4670202637e+02 6.4656097412e+02 6.4634698486e+02 6.4615997314e+02 6.4599102783e+02 6.4582598877e+02 6.4564697266e+02 6.4550097656e+02 6.4533001709e+02 6.4517901611e+02 6.4514501953e+02 6.4510198975e+02 6.4505700684e+02 6.4496398926e+02 6.4488397217e+02 6.4483502197e+02 6.4479797363e+02 6.4473498535e+02 6.4463201904e+02 6.4459100342e+02 6.4455200195e+02 6.4448699951e+02 6.4434497070e+02 6.4415802002e+02 6.4397900391e+02 6.4384002686e+02 6.4382098389e+02 6.4386999512e+02 6.4388201904e+02 6.4389697266e+02
6.4860302734e+02 6.4852197266e+02 6.4845001221e+02 6.4833502197e+02 6.4823901367e+02 6.4814697266e+02 6.4804400635e+02 6.4792797852e+02 6.4778802490e+02 6.4764501953e+02 6.4750000000e+02 6.4735699463e+02 6.4723699951e+02 6.4713000488e+02 6.4699401855e+02 6.4683898926e+02 6.4671002197e+02 6.4656298828e+02 6.4635601807e+02 6.4615100098e+02 6.4597998047e+02 6.4580902100e+02 6.4562902832e+02 6.4544799805e+02 6.4527801514e+02 6.4512402344e+02 6.4506597900e+02 6.4499102783e+02 6.4494097900e+02 6.4485900879e+02 6.4479400635e+02 6.4474902344e+02 6.4472100830e+02 6.4467700195e+02 6.4457800293e+02 6.4454602051e+02 6.4449902344e+02 6.4443597412e+02 6.4427899170e+02 6.4409100342e+02 6.4390502930e+02 6.4376800537e+02 6.4376000977e+02 6.4379400635e+02 6.4380798340e+02 6.4383197021e+02
6.4861798096e+02 6.4851397705e+02 6.4842901611e+02 6.4832202148e+02 6.4822802734e+02 6.4814001465e+02 6.4804400635e+02 6.4792700195e+02 6.4779199219e+02 6.4765997314e+02 6.4750598145e+02 6.4734899902e+02 6.4722802734e+02 6.4710400391e+02 6.4697198486e+02 6.4683099365e+02 6.4670300293e+02 6.4653802490e+02 6.4633697510e+02 6.4615899658e+02 6.4597802734e+02 6.4578002930e+02 6.4556402588e+02 6.4537500000e+02 6.4520397949e+02 6.4504199219e+02 6.4498400879e+02 6.4491998291e+02 6.4486999512e+02 6.4479699707e+02 6.4474298096e+02 6.4467700195e+02 6.4464599609e+02 6.4461401367e+02 6.4454998779e+02 6.4452197266e+02 6.4445397949e+02 6.4435900879e+02 6.4417901611e+02 6.4400500488e+02 6.4384100342e+02 6.4371301270e+02 6.4370397949e+02 6.4374700928e+02 6.4375701904e+02 6.4376898193e+02
6.4861499023e+02 6.4849902344e+02 6.4841101074e+02 6.4834100342e+02 6.4824499512e+02 6.4813000488e+02 6.4802099609e+02 6.4790802002e+02 6.4778900146e+02 6.4766101074e+02 6.4749700928e+02 6.4734399414e+02 6.4722601318e+02 6.4710101318e+02 6.4697497559e+02 6.4682000732e+02 6.4668902588e+02 6.4653399658e+02 6.4632299805e+02 6.4616400146e+02 6.4596301270e+02 6.4573199463e+02 6.4549298096e+02 6.4531701660e+02 6.4513800049e+02 6.4498901367e+02 6.4491900635e+02 6.4486901855e+02 6.4481597900e+02 6.4473400879e+02 6.4467297363e+02 6.4461199951e+02 6.4457397461e+02 6.4453497314e+02 6.4449902344e+02 6.4449401855e+02 6.4443597412e+02 6.4430297852e+02 6.4409698486e+02 6.4389898682e+02 6.4377099609e+02 6.4367199707e+02 6.4365502930e+02 6.4370397949e+02 6.4370397949e+02 6.4372497559e+02
6.4863598633e+02 6.4850402832e+02 6.4839501953e+02 6.4833398438e+02 6.4823699951e+02 6.4811297607e+02 6.4802099609e+02 6.4791998291e+02 6.4779901123e+02 6.4765698242e+02 6.4748699951e+02 6.4734899902e+02 6.4724298096e+02 6.4710498047e+02 6.4695501709e+02 6.4681097412e+02 6.4667700195e+02 6.4652600098e+02 6.4631701660e+02 6.4614599609e+02 6.4595898438e+02 6.4569299316e+02 6.4544299316e+02 6.4527197266e+02 6.4506701660e+02 6.4490197754e+02 6.4481799316e+02 6.4476000977e+02 6.4471697998e+02 6.4465100098e+02 6.4460797119e+02 6.4456597900e+02 6.4453802490e+02 6.4448498535e+02 6.4442199707e+02 6.4444000244e+02 6.4438397217e+02 6.4423699951e+02 6.4405999756e+02 6.4384497070e+02 6.4369897461e+02 6.4360601807e+02 6.4360101318e+02 6.4364599609e+02 6.4364697266e+02 6.4366998291e+02
6.4863000488e+02 6.4851300049e+02 6.4839300537e+02 6.4832397461e+02 6.4823797607e+02 6.4811700439e+02 6.4802502441e+02 6.4791998291e+02 6.4779699707e+02 6.4765899658e+02 6.4751300049e+02 6.4736102295e+02 6.4723101807e+02 6.4708599854e+02 6.4692797852e+02 6.4680102539e+02 6.4665997314e+02 6.4651397705e+02 6.4631896973e+02 6.4613897705e+02 6.4594000244e+02 6.4565600586e+02 6.4543103027e+02 6.4524102783e+02 6.4500598145e+02 6.4482098389e+02 6.4472900391e+02 6.4465600586e+02 6.4462402344e+02 6.4458502197e+02 6.4455200195e+02 6.4452197266e+02 6.4450701904e+02 6.4445697021e+02 6.4438201904e+02 6.4438598633e+02 6.4431799316e+02 6.4416802979e+02 6.4401202393e+02 6.4379901123e+02 6.4362097168e+02 6.4352899170e+02 6.4355102539e+02 6.4358898926e+02 6.4360198975e+02 6.4362500000e+02
6.4861602783e+02 6.4851098633e+02 6.4839202881e+02 6.4830798340e+02 6.4822698975e+02 6.4811499023e+02 6.4801702881e+02 6.4790600586e+02 6.4778802490e+02 6.4765899658e+02 6.4751300049e+02 6.4736199951e+02 6.4720800781e+02 6.4706298828e+02 6.4691998291e+02 6.4678302002e+02 6.4664398193e+02 6.4648797607e+02 6.4628497314e+02 6.4611499023e+02 6.4588800049e+02 6.4561401367e+02 6.4539202881e+02 6.4514898682e+02 6.4490698242e+02 6.4474200439e+02 6.4465197754e+02 6.4457501221e+02 6.4455499268e+02 6.4452502441e+02 6.4451300049e+02 6.4447802734e+02 6.4445501709e+02 6.4440899658e+02 6.4434698486e+02 6.4432702637e+02 6.4425097656e+02 6.4410601807e+02 6.4392797852e+02 6.4373797607e+02 6.4355499268e+02 6.4347399902e+02 6.4351501465e+02 6.4356701660e+02 6.4358099365e+02 6.4359497070e+02
6.4859301758e+02 6.4848797607e+02 6.4837902832e+02 6.4830401611e+02 6.4822698975e+02 6.4811401367e+02 6.4800000000e+02 6.4790301514e+02 6.4778302002e+02 6.4764501953e+02 6.4748400879e+02 6.4735998535e+02 6.4719897461e+02 6.4704699707e+02 6.4690802002e+02 6.4677197266e+02 6.4663098145e+02 6.4647601318e+02 6.4626098633e+02 6.4607702637e+02 6.4581402588e+02 6.4557800293e+02 6.4533801270e+02 6.4510699463e+02 6.4487799072e+02 6.4470202637e+02 6.4458697510e+02 6.4451000977e+02 6.4449298096e+02 6.4446697998e+02 6.4446002197e+02 6.4443402100e+02 6.4440100098e+02 6.4435699463e+02 6.4430999756e+02 6.4425701904e+02 6.4417102051e+02 6.4404400635e+02 6.4383197021e+02 6.4364202881e+02 6.4349499512e+02 6.4345397949e+02 6.4349102783e+02 6.4352301025e+02 6.4352001953e+02 6.4352398682e+02
6.4858599854e+02 6.4848999023e+02 6.4839898682e+02 6.4830401611e+02 6.4821502686e+02 6.4809698486e+02 6.4800598145e+02 6.4790600586e+02 6.4778002930e+02 6.4764099121e+02 6.4748101807e+02 6.4735797119e+02 6.4719799805e+02 6.4703997803e+02 6.4689300537e+02 6.4676702881e+02 6.4660302734e+02 6.4643597412e+02 6.4622900391e+02 6.4605102539e+02 6.4580200195e+02 6.4557202148e+02 6.4532397461e+02 6.4506097412e+02 6.4484399414e+02 6.4469396973e+02 6.4456597900e+02 6.4447399902e+02 6.4443701172e+02 6.4440600586e+02 6.4440600586e+02 6.4438397217e+02 6.4434197998e+02 6.4429602051e+02 6.4425201416e+02 6.4418798828e+02 6.4406896973e+02 6.4392901611e+02 6.4374298096e+02 6.4354797363e+02 6.4342901611e+02 6.4342700195e+02 6.4345898438e+02 6.4348199463e+02 6.4346697998e+02 6.4345300293e+02
6.4859100342e+02 6.4849102783e+02 6.4837701416e+02 6.4827697754e+02 6.4820599365e+02 6.4809600830e+02 6.4798999023e+02 6.4787902832e+02 6.4776800537e+02 6.4763897705e+02 6.4747302246e+02 6.4732202148e+02 6.4718103027e+02 6.4702801514e+02 6.4686199951e+02 6.4671502686e+02 6.4654199219e+02 6.4637200928e+02 6.4618402100e+02 6.4600402832e+02 6.4578399658e+02 6.4555200195e+02 6.4528399658e+02 6.4498297119e+02 6.4479998779e+02 6.4469299316e+02 6.4455603027e+02 6.4445300293e+02 6.4440197754e+02 6.4437597656e+02 6.4438201904e+02 6.4434802246e+02 6.4428997803e+02 6.4425402832e+02 6.4420697021e+02 6.4410400391e+02 6.4395599365e+02 6.4381896973e+02 6.4364898682e+02 6.4345501709e+02 6.4335998535e+02 6.4338299561e+02 6.4342901611e+02 6.4344000244e+02 6.4340502930e+02 6.4339202881e+02
6.4859899902e+02 6.4849102783e+02 6.4835302734e+02 6.4826397705e+02 6.4820098877e+02 6.4808197021e+02 6.4796600342e+02 6.4785101318e+02 6.4773602295e+02 6.4759600830e+02 6.4743701172e+02 6.4728002930e+02 6.4713201904e+02 6.4696997070e+02 6.4680401611e+02 6.4664801025e+02 6.4649902344e+02 6.4633398438e+02 6.4616198730e+02 6.4599902344e+02 6.4577801514e+02 6.4551397705e+02 6.4523101807e+02 6.4491802979e+02 6.4475299072e+02 6.4466601563e+02 6.4451501465e+02 6.4441198730e+02 6.4436700439e+02 6.4435498047e+02 6.4435400391e+02 6.4431597900e+02 6.4425799561e+02 6.4420697021e+02 6.4412298584e+02 6.4401300049e+02 6.4384100342e+02 6.4369299316e+02 6.4352801514e+02 6.4336401367e+02 6.4330102539e+02 6.4333599854e+02 6.4338000488e+02 6.4337200928e+02 6.4333599854e+02 6.4334399414e+02
6.4860302734e+02 6.4848797607e+02 6.4833398438e+02 6.4827099609e+02 6.4818597412e+02 6.4805102539e+02 6.4793701172e+02 6.4784301758e+02 6.4771502686e+02 6.4754998779e+02 6.4740802002e+02 6.4725402832e+02 6.4709698486e+02 6.4694500732e+02 6.4678900146e+02 6.4662701416e+02 6.4648602295e+02 6.4630603027e+02 6.4612097168e+02 6.4595697021e+02 6.4572601318e+02 6.4544097900e+02 6.4515301514e+02 6.4486602783e+02 6.4470300293e+02 6.4461401367e+02 6.4447900391e+02 6.4436798096e+02 6.4433001709e+02 6.4431799316e+02 6.4428399658e+02 6.4425598145e+02 6.4421398926e+02 6.4414599609e+02 6.4400500488e+02 6.4389697266e+02 6.4374700928e+02 6.4359497070e+02 6.4341400146e+02 6.4326898193e+02 6.4323101807e+02 6.4327801514e+02 6.4331597900e+02 6.4330200195e+02 6.4329498291e+02 6.4330999756e+02
6.4860198975e+02 6.4847900391e+02 6.4833898926e+02 6.4825402832e+02 6.4817199707e+02 6.4805102539e+02 6.4794299316e+02 6.4781701660e+02 6.4771502686e+02 6.4755700684e+02 6.4738500977e+02 6.4724200439e+02 6.4706298828e+02 6.4689501953e+02 6.4674798584e+02 6.4659301758e+02 6.4644500732e+02 6.4626898193e+02 6.4608398438e+02 6.4591998291e+02 6.4568103027e+02 6.4538201904e+02 6.4508898926e+02 6.4483001709e+02 6.4466998291e+02 6.4454302979e+02 6.4443798828e+02 6.4435601807e+02 6.4429699707e+02 6.4423999023e+02 6.4419396973e+02 6.4416900635e+02 6.4413897705e+02 6.4405798340e+02 6.4390002441e+02 6.4378399658e+02 6.4366400146e+02 6.4352600098e+02 6.4333300781e+02 6.4317297363e+02 6.4317297363e+02 6.4323400879e+02 6.4326300049e+02 6.4325799561e+02 6.4324597168e+02 6.4325897217e+02
6.4858099365e+02 6.4846600342e+02 6.4833697510e+02 6.4824298096e+02 6.4814801025e+02 6.4802301025e+02 6.4791699219e+02 6.4779199219e+02 6.4769799805e+02 6.4755499268e+02 6.4737298584e+02 6.4721997070e+02 6.4702301025e+02 6.4683697510e+02 6.4668701172e+02 6.4654498291e+02 6.4640802002e+02 6.4623999023e+02 6.4604602051e+02 6.4585101318e+02 6.4562799072e+02 6.4535699463e+02 6.4505401611e+02 6.4477899170e+02 6.4461401367e+02 6.4448199463e+02 6.4439202881e+02 6.4431799316e+02 6.4424102783e+02 6.4416400146e+02 6.4411798096e+02 6.4409100342e+02 6.4404101563e+02 6.4392700195e+02 6.4376202393e+02 6.4366900635e+02 6.4356402588e+02 6.4341497803e+02 6.4324102783e+02 6.4311901855e+02 6.4313800049e+02 6.4319201660e+02 6.4321002197e+02 6.4321600342e+02 6.4320599365e+02 6.4321398926e+02
6.4854998779e+02 6.4844500732e+02 6.4832702637e+02 6.4823297119e+02 6.4812701416e+02 6.4800402832e+02 6.4789202881e+02 6.4778100586e+02 6.4766998291e+02 6.4752600098e+02 6.4735601807e+02 6.4719201660e+02 6.4699902344e+02 6.4683001709e+02 6.4666699219e+02 6.4650897217e+02 6.4636499023e+02 6.4619201660e+02 6.4597302246e+02 6.4577502441e+02 6.4558001709e+02 6.4533599854e+02 6.4505297852e+02 6.4473101807e+02 6.4453100586e+02 6.4442102051e+02 6.4432897949e+02 6.4424700928e+02 6.4417602539e+02 6.4409197998e+02 6.4402600098e+02 6.4397698975e+02 6.4389599609e+02 6.4378497314e+02 6.4364599609e+02 6.4354302979e+02 6.4343597412e+02 6.4327197266e+02 6.4312799072e+02 6.4308099365e+02 6.4309899902e+02 6.4312701416e+02 6.4314898682e+02 6.4316497803e+02 6.4315100098e+02 6.4315899658e+02
