TESTSERVER/6/3.asc
NCOLS 100
NROWS 100
XLLCORNER 7.7997500000e+03
YLLCORNER 2.8980025000e+05
CELLSIZE 5.0000000000e-01
NODATA_VALUE -9.9990000000e+03
[rows 40 to 59 of 100, columns 0 to 45 of 100]
6.4776800537e+02 6.4769201660e+02 6.4758502197e+02 6.4750598145e+02 6.4741101074e+02 6.4731701660e+02 6.4721099854e+02 6.4711102295e+02 6.4700701904e+02 6.4687902832e+02 6.4671099854e+02 6.4658502197e+02 6.4646002197e+02 6.4629699707e+02 6.4612298584e+02 6.4596600342e+02 6.4578198242e+02 6.4557299805e+02 6.4537902832e+02 6.4517797852e+02 6.4500201416e+02 6.4485900879e+02 6.4468798828e+02 6.4449798584e+02 6.4423797607e+02 6.4386602783e+02 6.4345300293e+02 6.4287799072e+02 6.4226898193e+02 6.4198699951e+02 6.4188000488e+02 6.4186102295e+02 6.4187799072e+02 6.4188500977e+02 6.4187902832e+02 6.4191601563e+02 6.4194702148e+02 6.4197698975e+02 6.4201098633e+02 6.4204101563e+02 6.4202099609e+02 6.4194598389e+02 6.4191101074e+02 6.4194598389e+02 6.4195697021e+02 6.4196099854e+02
6.4772198486e+02 6.4766198730e+02 6.4754901123e+02 6.4746398926e+02 6.4735797119e+02 6.4725799561e+02 6.4715997314e+02 6.4709002686e+02 6.4698797607e+02 6.4685498047e+02 6.4668701172e+02 6.4654901123e+02 6.4638800049e+02 6.4621197510e+02 6.4605999756e+02 6.4590502930e+02 6.4571697998e+02 6.4552301025e+02 6.4532598877e+02 6.4515899658e+02 6.4498400879e+02 6.4482598877e+02 6.4465802002e+02 6.4450201416e+02 6.4425097656e+02 6.4386901855e+02 6.4339898682e+02 6.4283898926e+02 6.4223797607e+02 6.4195397949e+02 6.4184698486e+02 6.4183300781e+02 6.4184802246e+02 6.4184698486e+02 6.4184399414e+02 6.4187200928e+02 6.4190002441e+02 6.4193200684e+02 6.4196899414e+02 6.4197900391e+02 6.4194299316e+02 6.4187799072e+02 6.4187200928e+02 6.4189898682e+02 6.4190301514e+02 6.4191900635e+02
6.4767498779e+02 6.4760601807e+02 6.4747302246e+02 6.4739501953e+02 6.4729998779e+02 6.4719897461e+02 6.4709899902e+02 6.4702301025e+02 6.4691900635e+02 6.4678497314e+02 6.4663598633e+02 6.4651098633e+02 6.4633398438e+02 6.4616699219e+02 6.4602301025e+02 6.4587097168e+02 6.4568499756e+02 6.4550000000e+02 6.4529699707e+02 6.4515002441e+02 6.4497497559e+02 6.4479602051e+02 6.4461999512e+02 6.4446197510e+02 6.4420397949e+02 6.4384100342e+02 6.4337402344e+02 6.4280798340e+02 6.4225201416e+02 6.4196099854e+02 6.4183197021e+02 6.4178698730e+02 6.4180200195e+02 6.4180401611e+02 6.4179998779e+02 6.4180297852e+02 6.4182299805e+02 6.4185797119e+02 6.4191101074e+02 6.4192700195e+02 6.4189300537e+02 6.4183300781e+02 6.4182397461e+02 6.4182598877e+02 6.4183898926e+02 6.4186102295e+02
6.4762097168e+02 6.4753802490e+02 6.4740002441e+02 6.4732897949e+02 6.4724499512e+02 6.4714697266e+02 6.4704602051e+02 6.4696099854e+02 6.4686602783e+02 6.4673797607e+02 6.4658898926e+02 6.4646099854e+02 6.4629498291e+02 6.4615197754e+02 6.4600402832e+02 6.4583502197e+02 6.4564898682e+02 6.4548602295e+02 6.4527600098e+02 6.4511102295e+02 6.4494598389e+02 6.4477502441e+02 6.4459002686e+02 6.4442401123e+02 6.4417401123e+02 6.4385198975e+02 6.4338299561e+02 6.4280798340e+02 6.4229998779e+02 6.4202099609e+02 6.4185198975e+02 6.4176098633e+02 6.4177301025e+02 6.4177099609e+02 6.4175402832e+02 6.4175701904e+02 6.4177197266e+02 6.4179699707e+02 6.4184002686e+02 6.4184997559e+02 6.4183502197e+02 6.4177697754e+02 6.4176000977e+02 6.4176898193e+02 6.4179101563e+02 6.4179602051e+02
6.4756201172e+02 6.4747998047e+02 6.4736700439e+02 6.4729199219e+02 6.4721002197e+02 6.4710400391e+02 6.4699298096e+02 6.4691497803e+02 6.4681896973e+02 6.4668499756e+02 6.4653497314e+02 6.4642602539e+02 6.4628900146e+02 6.4613897705e+02 6.4596197510e+02 6.4578302002e+02 6.4560498047e+02 6.4544097900e+02 6.4523602295e+02 6.4508801270e+02 6.4492401123e+02 6.4474798584e+02 6.4455902100e+02 6.4438299561e+02 6.4414599609e+02 6.4388598633e+02 6.4340698242e+02 6.4278802490e+02 6.4230798340e+02 6.4203802490e+02 6.4182702637e+02 6.4171801758e+02 6.4171002197e+02 6.4170300293e+02 6.4167700195e+02 6.4170202637e+02 6.4172399902e+02 6.4174902344e+02 6.4177301025e+02 6.4177301025e+02 6.4175402832e+02 6.4169396973e+02 6.4171301270e+02 6.4171801758e+02 6.4171600342e+02 6.4171502686e+02
6.4751800537e+02 6.4742700195e+02 6.4730102539e+02 6.4724597168e+02 6.4715600586e+02 6.4704797363e+02 6.4695001221e+02 6.4686999512e+02 6.4677899170e+02 6.4664398193e+02 6.4648400879e+02 6.4637701416e+02 6.4622998047e+02 6.4605902100e+02 6.4589398193e+02 6.4573199463e+02 6.4558099365e+02 6.4540698242e+02 6.4521801758e+02 6.4508197021e+02 6.4490997314e+02 6.4471600342e+02 6.4452197266e+02 6.4433697510e+02 6.4408801270e+02 6.4383697510e+02 6.4336297607e+02 6.4274597168e+02 6.4228497314e+02 6.4201898193e+02 6.4182202148e+02 6.4167700195e+02 6.4164898682e+02 6.4165997314e+02 6.4165100098e+02 6.4164898682e+02 6.4166497803e+02 6.4169201660e+02 6.4170800781e+02 6.4173400879e+02 6.4171600342e+02 6.4164001465e+02 6.4164398193e+02 6.4164501953e+02 6.4165997314e+02 6.4167297363e+02
6.4746697998e+02 6.4737097168e+02 6.4724700928e+02 6.4719097900e+02 6.4709002686e+02 6.4698999023e+02 6.4690802002e+02 6.4681701660e+02 6.4673498535e+02 6.4660498047e+02 6.4643499756e+02 6.4633099365e+02 6.4619299316e+02 6.4603802490e+02 6.4587902832e+02 6.4571002197e+02 6.4555603027e+02 6.4537298584e+02 6.4518499756e+02 6.4505102539e+02 6.4488098145e+02 6.4468499756e+02 6.4449700928e+02 6.4431701660e+02 6.4409100342e+02 6.4383898926e+02 6.4342498779e+02 6.4272698975e+02 6.4220697021e+02 6.4195697021e+02 6.4180102539e+02 6.4167797852e+02 6.4162597656e+02 6.4162701416e+02 6.4162298584e+02 6.4160699463e+02 6.4161602783e+02 6.4163702393e+02 6.4165002441e+02 6.4168103027e+02 6.4166699219e+02 6.4158898926e+02 6.4158697510e+02 6.4159301758e+02 6.4159600830e+02 6.4160302734e+02
6.4741101074e+02 6.4731896973e+02 6.4720202637e+02 6.4713598633e+02 6.4703497314e+02 6.4694702148e+02 6.4687200928e+02 6.4676800537e+02 6.4668798828e+02 6.4657397461e+02 6.4639599609e+02 6.4626898193e+02 6.4613897705e+02 6.4600000000e+02 6.4584600830e+02 6.4566699219e+02 6.4551501465e+02 6.4534100342e+02 6.4515502930e+02 6.4501202393e+02 6.4484100342e+02 6.4464398193e+02 6.4445098877e+02 6.4428198242e+02 6.4406402588e+02 6.4379602051e+02 6.4345098877e+02 6.4278302002e+02 6.4219702148e+02 6.4190600586e+02 6.4174298096e+02 6.4163397217e+02 6.4160302734e+02 6.4159997559e+02 6.4158398438e+02 6.4157202148e+02 6.4158001709e+02 6.4159399414e+02 6.4161102295e+02 6.4163702393e+02 6.4161297607e+02 6.4153002930e+02 6.4152001953e+02 6.4153698730e+02 6.4153198242e+02 6.4151501465e+02
6.4734802246e+02 6.4726501465e+02 6.4715802002e+02 6.4706799316e+02 6.4697302246e+02 6.4688702393e+02 6.4682202148e+02 6.4671502686e+02 6.4662597656e+02 6.4652099609e+02 6.4637799072e+02 6.4624499512e+02 6.4611901855e+02 6.4594897461e+02 6.4575799561e+02 6.4562097168e+02 6.4547302246e+02 6.4528802490e+02 6.4509100342e+02 6.4498400879e+02 6.4482000732e+02 6.4462902832e+02 6.4443597412e+02 6.4426501465e+02 6.4403100586e+02 6.4373297119e+02 6.4340997314e+02 6.4288598633e+02 6.4227697754e+02 6.4191400146e+02 6.4172302246e+02 6.4161297607e+02 6.4158801270e+02 6.4157202148e+02 6.4154400635e+02 6.4153497314e+02 6.4153100586e+02 6.4154199219e+02 6.4155999756e+02 6.4157897949e+02 6.4154699707e+02 6.4147302246e+02 6.4145098877e+02 6.4146502686e+02 6.4147497559e+02 6.4146197510e+02
6.4731701660e+02 6.4722998047e+02 6.4713299561e+02 6.4703802490e+02 6.4693597412e+02 6.4683099365e+02 6.4675201416e+02 6.4665301514e+02 6.4656500244e+02 6.4645202637e+02 6.4630798340e+02 6.4618701172e+02 6.4605700684e+02 6.4590002441e+02 6.4572698975e+02 6.4556402588e+02 6.4542297363e+02 6.4525701904e+02 6.4507800293e+02 6.4492199707e+02 6.4476000977e+02 6.4459600830e+02 6.4442602539e+02 6.4423699951e+02 6.4400799561e+02 6.4375000000e+02 6.4342797852e+02 6.4295501709e+02 6.4240100098e+02 6.4200701904e+02 6.4176898193e+02 6.4159997559e+02 6.4153497314e+02 6.4151702881e+02 6.4150201416e+02 6.4150000000e+02 6.4149298096e+02 6.4148999023e+02 6.4149597168e+02 6.4150799561e+02 6.4147497559e+02 6.4140197754e+02 6.4138299561e+02 6.4140301514e+02 6.4141302490e+02 6.4142297363e+02
6.4728100586e+02 6.4719000244e+02 6.4709100342e+02 6.4700701904e+02 6.4689898682e+02 6.4679901123e+02 6.4671301270e+02 6.4660797119e+02 6.4651599121e+02 6.4639599609e+02 6.4625701904e+02 6.4613897705e+02 6.4599298096e+02 6.4584301758e+02 6.4569598389e+02 6.4553900146e+02 6.4540899658e+02 6.4523400879e+02 6.4504199219e+02 6.4488098145e+02 6.4473400879e+02 6.4458502197e+02 6.4442602539e+02 6.4421697998e+02 6.4399200439e+02 6.4375299072e+02 6.4344799805e+02 6.4302502441e+02 6.4253002930e+02 6.4213000488e+02 6.4185900879e+02 6.4163800049e+02 6.4152197266e+02 6.4148498535e+02 6.4146502686e+02 6.4146099854e+02 6.4146197510e+02 6.4146002197e+02 6.4145898438e+02 6.4145098877e+02 6.4141802979e+02 6.4135101318e+02 6.4132397461e+02 6.4133898926e+02 6.4134497070e+02 6.4135998535e+02
6.4724597168e+02 6.4715502930e+02 6.4704699707e+02 6.4695397949e+02 6.4684002686e+02 6.4674597168e+02 6.4666302490e+02 6.4656201172e+02 6.4647302246e+02 6.4635797119e+02 6.4621502686e+02 6.4609497070e+02 6.4594799805e+02 6.4579901123e+02 6.4566400146e+02 6.4551898193e+02 6.4538201904e+02 6.4519500732e+02 6.4500201416e+02 6.4487597656e+02 6.4472900391e+02 6.4456896973e+02 6.4440600586e+02 6.4419598389e+02 6.4398901367e+02 6.4376898193e+02 6.4348199463e+02 6.4313897705e+02 6.4267700195e+02 6.4224499512e+02 6.4193298340e+02 6.4166900635e+02 6.4150799561e+02 6.4144000244e+02 6.4141900635e+02 6.4139398193e+02 6.4140600586e+02 6.4140698242e+02 6.4140301514e+02 6.4139697266e+02 6.4136297607e+02 6.4129302979e+02 6.4126599121e+02 6.4128198242e+02 6.4129101563e+02 6.4129400635e+02
6.4717797852e+02 6.4709301758e+02 6.4700000000e+02 6.4689801025e+02 6.4679797363e+02 6.4673101807e+02 6.4660101318e+02 6.4651300049e+02 6.4643798828e+02 6.4631701660e+02 6.4618597412e+02 6.4604400635e+02 6.4590399170e+02 6.4576898193e+02 6.4562097168e+02 6.4548297119e+02 6.4533099365e+02 6.4516302490e+02 6.4497802734e+02 6.4487298584e+02 6.4471502686e+02 6.4453100586e+02 6.4435498047e+02 6.4415600586e+02 6.4397399902e+02 6.4377099609e+02 6.4349499512e+02 6.4324401855e+02 6.4280499268e+02 6.4231402588e+02 6.4195001221e+02 6.4165399170e+02 6.4146600342e+02 6.4139801025e+02 6.4141101074e+02 6.4137500000e+02 6.4135900879e+02 6.4134002686e+02 6.4131799316e+02 6.4133300781e+02 6.4130401611e+02 6.4123101807e+02 6.4121002197e+02 6.4121600342e+02 6.4121997070e+02 6.4121899414e+02
6.4714202881e+02 6.4705603027e+02 6.4696502686e+02 6.4688201904e+02 6.4675799561e+02 6.4667901611e+02 6.4656201172e+02 6.4644799805e+02 6.4637701416e+02 6.4625799561e+02 6.4613098145e+02 6.4600897217e+02 6.4586499023e+02 6.4574597168e+02 6.4559600830e+02 6.4544097900e+02 6.4530200195e+02 6.4514099121e+02 6.4494799805e+02 6.4481896973e+02 6.4467797852e+02 6.4451300049e+02 6.4434997559e+02 6.4415600586e+02 6.4396697998e+02 6.4377197266e+02 6.4352801514e+02 6.4330297852e+02 6.4294097900e+02 6.4245898438e+02 6.4201702881e+02 6.4163800049e+02 6.4142199707e+02 6.4133898926e+02 6.4134399414e+02 6.4132299805e+02 6.4131402588e+02 6.4130798340e+02 6.4126599121e+02 6.4128198242e+02 6.4125897217e+02 6.4117498779e+02 6.4114501953e+02 6.4115502930e+02 6.4115502930e+02 6.4116400146e+02
6.4711798096e+02 6.4702001953e+02 6.4691998291e+02 6.4683898926e+02 6.4670800781e+02 6.4662402344e+02 6.4653698730e+02 6.4641601563e+02 6.4634197998e+02 6.4623901367e+02 6.4609301758e+02 6.4597399902e+02 6.4582702637e+02 6.4570202637e+02 6.4555401611e+02 6.4539300537e+02 6.4526397705e+02 6.4510601807e+02 6.4492797852e+02 6.4479101563e+02 6.4465899658e+02 6.4450500488e+02 6.4434100342e+02 6.4413000488e+02 6.4393103027e+02 6.4375500488e+02 6.4353002930e+02 6.4328198242e+02 6.4300097656e+02 6.4261798096e+02 6.4210601807e+02 6.4162597656e+02 6.4137097168e+02 6.4128601074e+02 6.4128100586e+02 6.4125500488e+02 6.4124798584e+02 6.4125097656e+02 6.4121301270e+02 6.4122100830e+02 6.4120098877e+02 6.4111700439e+02 6.4108599854e+02 6.4111401367e+02 6.4111199951e+02 6.4110198975e+02
6.4707000732e+02 6.4697497559e+02 6.4686602783e+02 6.4677697754e+02 6.4666400146e+02 6.4659399414e+02 6.4652099609e+02 6.4640002441e+02 6.4631201172e+02 6.4621099854e+02 6.4604998779e+02 6.4592999268e+02 6.4578997803e+02 6.4566699219e+02 6.4552001953e+02 6.4535900879e+02 6.4523797607e+02 6.4507897949e+02 6.4489697266e+02 6.4476202393e+02 6.4462597656e+02 6.4446997070e+02 6.4430200195e+02 6.4410699463e+02 6.4390100098e+02 6.4371502686e+02 6.4350000000e+02 6.4325701904e+02 6.4300299072e+02 6.4268499756e+02 6.4211499023e+02 6.4159100342e+02 6.4131597900e+02 6.4123101807e+02 6.4121801758e+02 6.4121600342e+02 6.4120300293e+02 6.4119799805e+02 6.4117199707e+02 6.4116998291e+02 6.4114801025e+02 6.4105999756e+02 6.4101702881e+02 6.4104101563e+02 6.4105200195e+02 6.4103601074e+02
6.4701501465e+02 6.4692797852e+02 6.4682000732e+02 6.4673199463e+02 6.4662902832e+02 6.4655902100e+02 6.4647900391e+02 6.4637500000e+02 6.4628198242e+02 6.4616497803e+02 6.4600598145e+02 6.4587902832e+02 6.4574200439e+02 6.4562402344e+02 6.4547198486e+02 6.4533599854e+02 6.4521002197e+02 6.4505499268e+02 6.4488500977e+02 6.4475500488e+02 6.4460498047e+02 6.4442797852e+02 6.4424597168e+02 6.4409301758e+02 6.4388299561e+02 6.4366998291e+02 6.4347399902e+02 6.4324499512e+02 6.4296899414e+02 6.4262500000e+02 6.4210302734e+02 6.4158099365e+02 6.4128302002e+02 6.4117498779e+02 6.4115698242e+02 6.4117102051e+02 6.4115502930e+02 6.4113897705e+02 6.4110900879e+02 6.4109600830e+02 6.4107098389e+02 6.4099499512e+02 6.4094897461e+02 6.4097802734e+02 6.4099798584e+02 6.4098901367e+02
6.4698199463e+02 6.4688598633e+02 6.4678698730e+02 6.4668798828e+02 6.4656597900e+02 6.4649401855e+02 6.4642102051e+02 6.4631896973e+02 6.4622198486e+02 6.4610699463e+02 6.4598297119e+02 6.4584997559e+02 6.4570697021e+02 6.4558099365e+02 6.4543597412e+02 6.4530603027e+02 6.4517498779e+02 6.4503100586e+02 6.4484997559e+02 6.4470898438e+02 6.4458300781e+02 6.4443200684e+02 6.4425598145e+02 6.4407598877e+02 6.4385900879e+02 6.4363800049e+02 6.4345800781e+02 6.4320697021e+02 6.4290997314e+02 6.4256201172e+02 6.4207501221e+02 6.4150402832e+02 6.4119000244e+02 6.4111199951e+02 6.4112097168e+02 6.4111199951e+02 6.4109497070e+02 6.4106799316e+02 6.4103698730e+02 6.4103497314e+02 6.4101800537e+02 6.4093798828e+02 6.4088598633e+02 6.4091198730e+02 6.4094598389e+02 6.4092901611e+02
6.4694396973e+02 6.4684600830e+02 6.4674499512e+02 6.4664501953e+02 6.4653302002e+02 6.4645599365e+02 6.4637701416e+02 6.4629400635e+02 6.4618597412e+02 6.4605798340e+02 6.4596002197e+02 6.4582702637e+02 6.4568402100e+02 6.4555401611e+02 6.4541900635e+02 6.4527502441e+02 6.4513397217e+02 6.4499200439e+02 6.4482098389e+02 6.4467498779e+02 6.4454699707e+02 6.4440197754e+02 6.4423101807e+02 6.4404699707e+02 6.4382800293e+02 6.4360797119e+02 6.4342401123e+02 6.4318597412e+02 6.4288299561e+02 6.4252600098e+02 6.4204901123e+02 6.4149700928e+02 6.4117102051e+02 6.4106402588e+02 6.4105499268e+02 6.4104699707e+02 6.4103601074e+02 6.4101098633e+02 6.4098498535e+02 6.4098199463e+02 6.4095898438e+02 6.4087597656e+02 6.4081799316e+02 6.4082897949e+02 6.4087200928e+02 6.4087701416e+02
6.4690197754e+02 6.4680999756e+02 6.4670501709e+02 6.4660198975e+02 6.4650201416e+02 6.4642401123e+02 6.4634002686e+02 6.4625000000e+02 6.4615197754e+02 6.4602600098e+02 6.4591497803e+02 6.4578497314e+02 6.4564697266e+02 6.4552099609e+02 6.4539801025e+02 6.4523602295e+02 6.4509802246e+02 6.4496398926e+02 6.4480401611e+02 6.4468200684e+02 6.4453997803e+02 6.4437597656e+02 6.4419799805e+02 6.4401898193e+02 6.4379998779e+02 6.4358599854e+02 6.4340100098e+02 6.4316198730e+02 6.4287597656e+02 6.4253802490e+02 6.4206298828e+02 6.4153698730e+02 6.4118103027e+02 6.4102398682e+02 6.4098999023e+02 6.4098797607e+02 6.4097802734e+02 6.4095202637e+02 6.4093200684e+02 6.4093200684e+02 6.4090002441e+02 6.4082598877e+02 6.4078002930e+02 6.4077502441e+02 6.4079199219e+02 6.4080999756e+02
