TESTSERVER/6/3.asc
NCOLS 100
NROWS 100
XLLCORNER 7.7997500000e+03
YLLCORNER 2.8980025000e+05
CELLSIZE 5.0000000000e-01
NODATA_VALUE -9.9990000000e+03
[rows 20 to 39 of 100, columns 46 to 91 of 100]
6.4314099121e+02 6.4312597656e+02 6.4311199951e+02 6.4308898926e+02 6.4301599121e+02 6.4282800293e+02 6.4253002930e+02 6.4216302490e+02 6.4177197266e+02 6.4135998535e+02 6.4092199707e+02 6.4051599121e+02 6.4027502441e+02 6.4004302979e+02 6.3981597900e+02 6.3959600830e+02 6.3938897705e+02 6.3920397949e+02 6.3902697754e+02 6.3886102295e+02 6.3870098877e+02 6.3855603027e+02 6.3842999268e+02 6.3832000732e+02 6.3823400879e+02 6.3814801025e+02 6.3804400635e+02 6.3791101074e+02 6.3776397705e+02 6.3763598633e+02 6.3747802734e+02 6.3729498291e+02 6.3711602783e+02 6.3695697021e+02 6.3681097412e+02 6.3667602539e+02 6.3654901123e+02 6.3644000244e+02 6.3634100342e+02 6.3625299072e+02 6.3616802979e+02 6.3611901855e+02 6.3603802490e+02 6.3589300537e+02 6.3565899658e+02 6.3537402344e+02
6.4307897949e+02 6.4307000732e+02 6.4305902100e+02 6.4303399658e+02 6.4293597412e+02 6.4270300293e+02 6.4238500977e+02 6.4203997803e+02 6.4166400146e+02 6.4119396973e+02 6.4076397705e+02 6.4039501953e+02 6.4013098145e+02 6.3991601563e+02 6.3968902588e+02 6.3947399902e+02 6.3927600098e+02 6.3909100342e+02 6.3890698242e+02 6.3873101807e+02 6.3855902100e+02 6.3839501953e+02 6.3826501465e+02 6.3816101074e+02 6.3807501221e+02 6.3799700928e+02 6.3788702393e+02 6.3774700928e+02 6.3760198975e+02 6.3747802734e+02 6.3732397461e+02 6.3714801025e+02 6.3696600342e+02 6.3680297852e+02 6.3664501953e+02 6.3650201416e+02 6.3637701416e+02 6.3627697754e+02 6.3619201660e+02 6.3610900879e+02 6.3601501465e+02 6.3595098877e+02 6.3587902832e+02 6.3574700928e+02 6.3551098633e+02 6.3523797607e+02
6.4298602295e+02 6.4300500488e+02 6.4300500488e+02 6.4298400879e+02 6.4286401367e+02 6.4257000732e+02 6.4226300049e+02 6.4190502930e+02 6.4150500488e+02 6.4102600098e+02 6.4058001709e+02 6.4021301270e+02 6.3997302246e+02 6.3977600098e+02 6.3956402588e+02 6.3936297607e+02 6.3917102051e+02 6.3897998047e+02 6.3879101563e+02 6.3860900879e+02 6.3842297363e+02 6.3823999023e+02 6.3810101318e+02 6.3799401855e+02 6.3790997314e+02 6.3783197021e+02 6.3772100830e+02 6.3758099365e+02 6.3744097900e+02 6.3732202148e+02 6.3717297363e+02 6.3700402832e+02 6.3682501221e+02 6.3665301514e+02 6.3649102783e+02 6.3634399414e+02 6.3621398926e+02 6.3611700439e+02 6.3604101563e+02 6.3596301270e+02 6.3586297607e+02 6.3577801514e+02 6.3569598389e+02 6.3556896973e+02 6.3535400391e+02 6.3509100342e+02
6.4291900635e+02 6.4295001221e+02 6.4295300293e+02 6.4291101074e+02 6.4275799561e+02 6.4246997070e+02 6.4218499756e+02 6.4179602051e+02 6.4134100342e+02 6.4085498047e+02 6.4039898682e+02 6.4003302002e+02 6.3980798340e+02 6.3963201904e+02 6.3943902588e+02 6.3925500488e+02 6.3907098389e+02 6.3887200928e+02 6.3867901611e+02 6.3849200439e+02 6.3829498291e+02 6.3809399414e+02 6.3794598389e+02 6.3783197021e+02 6.3774700928e+02 6.3766497803e+02 6.3755200195e+02 6.3741101074e+02 6.3727600098e+02 6.3715899658e+02 6.3701300049e+02 6.3685400391e+02 6.3668597412e+02 6.3651397705e+02 6.3635101318e+02 6.3620300293e+02 6.3606896973e+02 6.3597100830e+02 6.3589599609e+02 6.3581799316e+02 6.3571301270e+02 6.3560797119e+02 6.3551397705e+02 6.3538702393e+02 6.3519201660e+02 6.3494000244e+02
6.4288299561e+02 6.4289697266e+02 6.4289001465e+02 6.4280798340e+02 6.4262799072e+02 6.4235601807e+02 6.4204901123e+02 6.4165002441e+02 6.4116699219e+02 6.4069299316e+02 6.4024200439e+02 6.3988000488e+02 6.3965399170e+02 6.3947302246e+02 6.3929699707e+02 6.3912799072e+02 6.3896398926e+02 6.3878997803e+02 6.3858502197e+02 6.3837902832e+02 6.3816101074e+02 6.3796197510e+02 6.3780603027e+02 6.3768402100e+02 6.3759197998e+02 6.3750201416e+02 6.3739001465e+02 6.3725701904e+02 6.3711401367e+02 6.3697302246e+02 6.3683001709e+02 6.3668701172e+02 6.3654998779e+02 6.3639300537e+02 6.3623699951e+02 6.3608398438e+02 6.3593798828e+02 6.3584698486e+02 6.3576000977e+02 6.3567498779e+02 6.3557098389e+02 6.3545501709e+02 6.3534997559e+02 6.3521899414e+02 6.3501599121e+02 6.3477099609e+02
6.4284399414e+02 6.4282598877e+02 6.4281701660e+02 6.4275097656e+02 6.4255798340e+02 6.4224798584e+02 6.4188201904e+02 6.4147497559e+02 6.4104400635e+02 6.4058001709e+02 6.4009100342e+02 6.3970202637e+02 6.3946899414e+02 6.3929199219e+02 6.3913397217e+02 6.3899401855e+02 6.3887402344e+02 6.3871197510e+02 6.3849102783e+02 6.3826098633e+02 6.3803399658e+02 6.3783197021e+02 6.3767602539e+02 6.3755102539e+02 6.3744500732e+02 6.3734100342e+02 6.3723199463e+02 6.3710498047e+02 6.3694299316e+02 6.3677600098e+02 6.3662597656e+02 6.3649499512e+02 6.3638397217e+02 6.3627001953e+02 6.3614001465e+02 6.3598901367e+02 6.3582299805e+02 6.3571099854e+02 6.3561102295e+02 6.3551702881e+02 6.3540197754e+02 6.3529101563e+02 6.3518499756e+02 6.3505102539e+02 6.3484899902e+02 6.3459399414e+02
6.4278900146e+02 6.4277600098e+02 6.4277502441e+02 6.4269299316e+02 6.4244799805e+02 6.4212701416e+02 6.4175097656e+02 6.4133197021e+02 6.4092999268e+02 6.4046502686e+02 6.3996002197e+02 6.3954797363e+02 6.3929101563e+02 6.3912200928e+02 6.3899200439e+02 6.3889099121e+02 6.3880102539e+02 6.3862298584e+02 6.3838897705e+02 6.3814300537e+02 6.3790502930e+02 6.3770898438e+02 6.3754998779e+02 6.3741802979e+02 6.3730102539e+02 6.3718902588e+02 6.3707098389e+02 6.3693701172e+02 6.3677398682e+02 6.3659802246e+02 6.3644500732e+02 6.3631597900e+02 6.3621899414e+02 6.3613098145e+02 6.3602001953e+02 6.3588098145e+02 6.3570898438e+02 6.3558001709e+02 6.3547100830e+02 6.3536401367e+02 6.3524102783e+02 6.3513098145e+02 6.3502197266e+02 6.3488201904e+02 6.3467498779e+02 6.3441802979e+02
6.4274597168e+02 6.4271997070e+02 6.4271099854e+02 6.4259997559e+02 6.4231799316e+02 6.4201300049e+02 6.4163098145e+02 6.4118902588e+02 6.4078900146e+02 6.4033898926e+02 6.3984600830e+02 6.3942498779e+02 6.3913000488e+02 6.3897100830e+02 6.3887097168e+02 6.3880999756e+02 6.3874700928e+02 6.3854302979e+02 6.3829101563e+02 6.3802398682e+02 6.3777600098e+02 6.3759399414e+02 6.3743402100e+02 6.3729302979e+02 6.3716400146e+02 6.3704699707e+02 6.3692102051e+02 6.3677697754e+02 6.3660998535e+02 6.3643402100e+02 6.3628002930e+02 6.3615502930e+02 6.3606298828e+02 6.3598901367e+02 6.3589099121e+02 6.3576098633e+02 6.3559301758e+02 6.3546197510e+02 6.3534497070e+02 6.3522698975e+02 6.3509497070e+02 6.3498400879e+02 6.3486602783e+02 6.3471600342e+02 6.3449798584e+02 6.3423699951e+02
6.4267102051e+02 6.4265698242e+02 6.4264398193e+02 6.4252301025e+02 6.4222998047e+02 6.4190502930e+02 6.4152398682e+02 6.4108502197e+02 6.4069201660e+02 6.4020800781e+02 6.3974798584e+02 6.3932897949e+02 6.3899499512e+02 6.3885400391e+02 6.3878100586e+02 6.3875402832e+02 6.3873199463e+02 6.3846899414e+02 6.3818499756e+02 6.3789697266e+02 6.3765399170e+02 6.3749401855e+02 6.3733697510e+02 6.3718597412e+02 6.3704602051e+02 6.3691198730e+02 6.3677099609e+02 6.3662097168e+02 6.3646301270e+02 6.3628100586e+02 6.3612799072e+02 6.3600598145e+02 6.3592401123e+02 6.3584600830e+02 6.3574798584e+02 6.3562402344e+02 6.3547698975e+02 6.3535797119e+02 6.3524200439e+02 6.3511297607e+02 6.3497399902e+02 6.3485900879e+02 6.3473199463e+02 6.3456402588e+02 6.3432501221e+02 6.3404498291e+02
6.4259997559e+02 6.4261102295e+02 6.4258599854e+02 6.4244598389e+02 6.4214202881e+02 6.4177502441e+02 6.4140002441e+02 6.4096301270e+02 6.4051098633e+02 6.4003497314e+02 6.3961798096e+02 6.3924798584e+02 6.3894500732e+02 6.3879797363e+02 6.3870098877e+02 6.3864300537e+02 6.3858300781e+02 6.3831799316e+02 6.3802099609e+02 6.3773400879e+02 6.3751300049e+02 6.3737799072e+02 6.3722998047e+02 6.3708300781e+02 6.3693499756e+02 6.3677899170e+02 6.3662097168e+02 6.3646301270e+02 6.3630700684e+02 6.3613598633e+02 6.3599200439e+02 6.3587298584e+02 6.3577801514e+02 6.3568798828e+02 6.3558898926e+02 6.3548101807e+02 6.3535998535e+02 6.3525799561e+02 6.3515301514e+02 6.3502600098e+02 6.3487597656e+02 6.3476000977e+02 6.3461798096e+02 6.3442602539e+02 6.3415899658e+02 6.3386602783e+02
6.4255200195e+02 6.4255102539e+02 6.4249499512e+02 6.4232702637e+02 6.4202697754e+02 6.4166802979e+02 6.4127697754e+02 6.4080499268e+02 6.4031402588e+02 6.3986401367e+02 6.3946997070e+02 6.3915100098e+02 6.3889398193e+02 6.3871801758e+02 6.3859197998e+02 6.3849499512e+02 6.3839099121e+02 6.3812799072e+02 6.3784399414e+02 6.3757299805e+02 6.3736901855e+02 6.3723999023e+02 6.3709698486e+02 6.3695599365e+02 6.3680999756e+02 6.3664599609e+02 6.3648297119e+02 6.3632000732e+02 6.3616101074e+02 6.3599798584e+02 6.3585900879e+02 6.3574102783e+02 6.3563397217e+02 6.3553100586e+02 6.3543402100e+02 6.3533898926e+02 6.3524200439e+02 6.3514501953e+02 6.3504699707e+02 6.3492498779e+02 6.3477398682e+02 6.3464898682e+02 6.3448999023e+02 6.3428100586e+02 6.3400097656e+02 6.3370898438e+02
6.4249298096e+02 6.4248199463e+02 6.4241198730e+02 6.4223101807e+02 6.4192199707e+02 6.4156799316e+02 6.4114398193e+02 6.4066101074e+02 6.4017797852e+02 6.3972198486e+02 6.3932000732e+02 6.3902398682e+02 6.3880798340e+02 6.3861401367e+02 6.3845898438e+02 6.3832299805e+02 6.3817401123e+02 6.3792297363e+02 6.3766198730e+02 6.3741699219e+02 6.3722998047e+02 6.3709399414e+02 6.3694897461e+02 6.3680999756e+02 6.3666998291e+02 6.3651098633e+02 6.3634997559e+02 6.3618902588e+02 6.3603100586e+02 6.3587200928e+02 6.3573297119e+02 6.3561102295e+02 6.3549499512e+02 6.3538397217e+02 6.3528698730e+02 6.3519897461e+02 6.3511700439e+02 6.3501599121e+02 6.3492700195e+02 6.3481701660e+02 6.3467102051e+02 6.3453302002e+02 6.3435797119e+02 6.3413397217e+02 6.3384899902e+02 6.3355999756e+02
6.4244097900e+02 6.4242297363e+02 6.4234997559e+02 6.4215002441e+02 6.4182397461e+02 6.4140600586e+02 6.4095800781e+02 6.4055200195e+02 6.4013897705e+02 6.3959997559e+02 6.3917797852e+02 6.3887701416e+02 6.3868200684e+02 6.3850500488e+02 6.3833398438e+02 6.3816699219e+02 6.3798999023e+02 6.3773101807e+02 6.3749902344e+02 6.3728002930e+02 6.3708300781e+02 6.3693200684e+02 6.3677899170e+02 6.3663800049e+02 6.3649200439e+02 6.3635900879e+02 6.3621002197e+02 6.3606097412e+02 6.3591198730e+02 6.3576098633e+02 6.3562097168e+02 6.3549200439e+02 6.3536602783e+02 6.3524298096e+02 6.3514099121e+02 6.3505798340e+02 6.3497998047e+02 6.3489099121e+02 6.3482397461e+02 6.3474401855e+02 6.3462402344e+02 6.3442498779e+02 6.3421997070e+02 6.3398400879e+02 6.3370800781e+02 6.3341101074e+02
6.4238098145e+02 6.4235998535e+02 6.4228698730e+02 6.4204400635e+02 6.4170001221e+02 6.4128497314e+02 6.4080999756e+02 6.4037799072e+02 6.3999798584e+02 6.3953198242e+02 6.3911700439e+02 6.3879199219e+02 6.3857598877e+02 6.3839697266e+02 6.3821099854e+02 6.3802502441e+02 6.3780999756e+02 6.3757000732e+02 6.3735601807e+02 6.3715100098e+02 6.3695697021e+02 6.3678900146e+02 6.3663299561e+02 6.3648797607e+02 6.3635101318e+02 6.3620397949e+02 6.3606298828e+02 6.3592199707e+02 6.3578601074e+02 6.3564300537e+02 6.3550402832e+02 6.3537402344e+02 6.3525097656e+02 6.3512799072e+02 6.3502301025e+02 6.3493200684e+02 6.3485498047e+02 6.3476000977e+02 6.3470697021e+02 6.3466998291e+02 6.3455297852e+02 6.3433599854e+02 6.3411401367e+02 6.3386499023e+02 6.3357598877e+02 6.3326599121e+02
6.4232202148e+02 6.4230297852e+02 6.4223498535e+02 6.4197802734e+02 6.4160797119e+02 6.4119897461e+02 6.4073297119e+02 6.4027801514e+02 6.3987298584e+02 6.3945098877e+02 6.3905297852e+02 6.3870697021e+02 6.3845397949e+02 6.3825799561e+02 6.3805401611e+02 6.3785400391e+02 6.3763897705e+02 6.3741802979e+02 6.3721600342e+02 6.3702502441e+02 6.3684301758e+02 6.3667102051e+02 6.3651202393e+02 6.3636401367e+02 6.3621899414e+02 6.3607202148e+02 6.3593499756e+02 6.3579699707e+02 6.3566497803e+02 6.3552502441e+02 6.3538800049e+02 6.3525897217e+02 6.3514099121e+02 6.3502801514e+02 6.3491998291e+02 6.3482202148e+02 6.3473297119e+02 6.3462701416e+02 6.3456500244e+02 6.3453302002e+02 6.3443499756e+02 6.3421697998e+02 6.3399298096e+02 6.3373999023e+02 6.3343902588e+02 6.3312701416e+02
6.4226397705e+02 6.4223699951e+02 6.4216497803e+02 6.4190899658e+02 6.4151300049e+02 6.4110498047e+02 6.4065600586e+02 6.4016601563e+02 6.3973199463e+02 6.3933502197e+02 6.3894396973e+02 6.3858398438e+02 6.3831201172e+02 6.3811297607e+02 6.3789898682e+02 6.3769299316e+02 6.3748400879e+02 6.3728100586e+02 6.3708898926e+02 6.3690899658e+02 6.3673602295e+02 6.3656097412e+02 6.3639898682e+02 6.3624798584e+02 6.3609600830e+02 6.3595001221e+02 6.3581402588e+02 6.3567797852e+02 6.3554901123e+02 6.3541497803e+02 6.3528002930e+02 6.3515100098e+02 6.3503399658e+02 6.3492797852e+02 6.3482202148e+02 6.3471697998e+02 6.3461700439e+02 6.3450598145e+02 6.3442102051e+02 6.3435601807e+02 6.3425799561e+02 6.3406201172e+02 6.3384197998e+02 6.3359100342e+02 6.3329199219e+02 6.3298498535e+02
6.4219500732e+02 6.4217700195e+02 6.4208197021e+02 6.4181298828e+02 6.4140399170e+02 6.4099298096e+02 6.4057501221e+02 6.4005200195e+02 6.3957897949e+02 6.3919897461e+02 6.3880902100e+02 6.3844299316e+02 6.3815100098e+02 6.3796197510e+02 6.3774902344e+02 6.3754602051e+02 6.3734802246e+02 6.3715600586e+02 6.3697302246e+02 6.3679998779e+02 6.3664599609e+02 6.3646997070e+02 6.3630297852e+02 6.3614398193e+02 6.3599401855e+02 6.3583300781e+02 6.3569396973e+02 6.3555999756e+02 6.3543103027e+02 6.3530798340e+02 6.3517901611e+02 6.3505200195e+02 6.3492401123e+02 6.3482299805e+02 6.3472198486e+02 6.3461401367e+02 6.3449102783e+02 6.3440399170e+02 6.3429901123e+02 6.3416601563e+02 6.3403399658e+02 6.3386602783e+02 6.3365002441e+02 6.3340502930e+02 6.3311499023e+02 6.3283502197e+02
6.4212902832e+02 6.4212402344e+02 6.4200500488e+02 6.4171301270e+02 6.4132000732e+02 6.4088800049e+02 6.4047302246e+02 6.4000897217e+02 6.3951800537e+02 6.3907202148e+02 6.3869299316e+02 6.3832501221e+02 6.3802600098e+02 6.3782800293e+02 6.3761798096e+02 6.3741900635e+02 6.3722900391e+02 6.3703997803e+02 6.3685498047e+02 6.3667901611e+02 6.3652502441e+02 6.3636401367e+02 6.3619598389e+02 6.3603497314e+02 6.3588098145e+02 6.3572100830e+02 6.3557897949e+02 6.3544897461e+02 6.3532598877e+02 6.3520300293e+02 6.3508197021e+02 6.3495697021e+02 6.3482598877e+02 6.3471697998e+02 6.3461199951e+02 6.3450201416e+02 6.3438397217e+02 6.3430102539e+02 6.3418597412e+02 6.3402001953e+02 6.3386901855e+02 6.3368103027e+02 6.3346502686e+02 6.3322302246e+02 6.3295098877e+02 6.3267498779e+02
6.4209301758e+02 6.4206500244e+02 6.4192700195e+02 6.4163098145e+02 6.4124102783e+02 6.4079699707e+02 6.4035400391e+02 6.3986999512e+02 6.3935900879e+02 6.3893798828e+02 6.3858801270e+02 6.3822698975e+02 6.3791302490e+02 6.3770898438e+02 6.3749798584e+02 6.3730102539e+02 6.3711499023e+02 6.3692498779e+02 6.3673602295e+02 6.3655499268e+02 6.3638897705e+02 6.3622198486e+02 6.3605700684e+02 6.3590100098e+02 6.3576000977e+02 6.3560998535e+02 6.3547100830e+02 6.3534399414e+02 6.3522399902e+02 6.3510900879e+02 6.3499298096e+02 6.3486901855e+02 6.3473101807e+02 6.3461297607e+02 6.3450402832e+02 6.3439300537e+02 6.3427801514e+02 6.3419299316e+02 6.3407598877e+02 6.3390600586e+02 6.3373602295e+02 6.3352801514e+02 6.3330603027e+02 6.3306201172e+02 6.3279302979e+02 6.3252600098e+02
6.4203399658e+02 6.4199499512e+02 6.4184899902e+02 6.4154101563e+02 6.4115802002e+02 6.4070001221e+02 6.4023797607e+02 6.3972698975e+02 6.3922998047e+02 6.3884698486e+02 6.3851501465e+02 6.3816198730e+02 6.3782397461e+02 6.3760302734e+02 6.3739202881e+02 6.3719299316e+02 6.3700598145e+02 6.3681201172e+02 6.3661700439e+02 6.3642999268e+02 6.3624902344e+02 6.3607397461e+02 6.3591400146e+02 6.3576702881e+02 6.3563897705e+02 6.3549798584e+02 6.3536401367e+02 6.3523999023e+02 6.3512402344e+02 6.3501800537e+02 6.3490502930e+02 6.3478100586e+02 6.3463702393e+02 6.3451202393e+02 6.3440100098e+02 6.3429101563e+02 6.3417602539e+02 6.3408502197e+02 6.3397900391e+02 6.3381500244e+02 6.3361798096e+02 6.3339202881e+02 6.3315997314e+02 6.3291101074e+02 6.3264202881e+02 6.3238098145e+02
