TESTSERVER/6/4.asc
NCOLS 100
NROWS 100
XLLCORNER 7.7997500000e+03
YLLCORNER 2.8975025000e+05
CELLSIZE 5.0000000000e-01
NODATA_VALUE -9.9990000000e+03
[rows 20 to 39 of 100, columns 0 to 45 of 100]
6.4664001465e+02 6.4664801025e+02 6.4656896973e+02 6.4642102051e+02 6.4632897949e+02 6.4627001953e+02 6.4615899658e+02 6.4599798584e+02 6.4585699463e+02 6.4575000000e+02 6.4554699707e+02 6.4520898438e+02 6.4507800293e+02 6.4501000977e+02 6.4483599854e+02 6.4466900635e+02 6.4438397217e+02 6.4422497559e+02 6.4401000977e+02 6.4372900391e+02 6.4347399902e+02 6.4325201416e+02 6.4311102295e+02 6.4302099609e+02 6.4292401123e+02 6.4283502197e+02 6.4278302002e+02 6.4272100830e+02 6.4264202881e+02 6.4258502197e+02 6.4250799561e+02 6.4244396973e+02 6.4231298828e+02 6.4208502197e+02 6.4185998535e+02 6.4170898438e+02 6.4154602051e+02 6.4129498291e+02 6.4097198486e+02 6.4077099609e+02 6.4065002441e+02 6.4047998047e+02 6.4020098877e+02 6.3995599365e+02 6.3980200195e+02 6.3957098389e+02
6.4638299561e+02 6.4641998291e+02 6.4645202637e+02 6.4635198975e+02 6.4620898438e+02 6.4621502686e+02 6.4615698242e+02 6.4595001221e+02 6.4575799561e+02 6.4554797363e+02 6.4535998535e+02 6.4509497070e+02 6.4498101807e+02 6.4489099121e+02 6.4473498535e+02 6.4453002930e+02 6.4426397705e+02 6.4428399658e+02 6.4419897461e+02 6.4387500000e+02 6.4352197266e+02 6.4324499512e+02 6.4309997559e+02 6.4300201416e+02 6.4289697266e+02 6.4279199219e+02 6.4273797607e+02 6.4268200684e+02 6.4262200928e+02 6.4254797363e+02 6.4243902588e+02 6.4237597656e+02 6.4231298828e+02 6.4217498779e+02 6.4194799805e+02 6.4179699707e+02 6.4166699219e+02 6.4140802002e+02 6.4104901123e+02 6.4076800537e+02 6.4064697266e+02 6.4057299805e+02 6.4031701660e+02 6.3998498535e+02 6.3981298828e+02 6.3961102295e+02
6.4620098877e+02 6.4624200439e+02 6.4630700684e+02 6.4620800781e+02 6.4603002930e+02 6.4604699707e+02 6.4605200195e+02 6.4587799072e+02 6.4570501709e+02 6.4549401855e+02 6.4531201172e+02 6.4508697510e+02 6.4501397705e+02 6.4482598877e+02 6.4459399414e+02 6.4442797852e+02 6.4426000977e+02 6.4440100098e+02 6.4444500732e+02 6.4411901855e+02 6.4358502197e+02 6.4320898438e+02 6.4305200195e+02 6.4295098877e+02 6.4285302734e+02 6.4274700928e+02 6.4269598389e+02 6.4266400146e+02 6.4260400391e+02 6.4250799561e+02 6.4237902832e+02 6.4230999756e+02 6.4231097412e+02 6.4225799561e+02 6.4204400635e+02 6.4187200928e+02 6.4169097900e+02 6.4141998291e+02 6.4109802246e+02 6.4077899170e+02 6.4060302734e+02 6.4053698730e+02 6.4036798096e+02 6.4003997803e+02 6.3983099365e+02 6.3964398193e+02
6.4607299805e+02 6.4611499023e+02 6.4615100098e+02 6.4603900146e+02 6.4588397217e+02 6.4586901855e+02 6.4587902832e+02 6.4580700684e+02 6.4572399902e+02 6.4558099365e+02 6.4541400146e+02 6.4518701172e+02 6.4510302734e+02 6.4479699707e+02 6.4448602295e+02 6.4441802979e+02 6.4432897949e+02 6.4441198730e+02 6.4444598389e+02 6.4404498291e+02 6.4347698975e+02 6.4318298340e+02 6.4303002930e+02 6.4289398193e+02 6.4279199219e+02 6.4269396973e+02 6.4265100098e+02 6.4262902832e+02 6.4255999756e+02 6.4246801758e+02 6.4237200928e+02 6.4227398682e+02 6.4227301025e+02 6.4227301025e+02 6.4215600586e+02 6.4199401855e+02 6.4171099854e+02 6.4141497803e+02 6.4114697266e+02 6.4083099365e+02 6.4060302734e+02 6.4049401855e+02 6.4038397217e+02 6.4016400146e+02 6.3992797852e+02 6.3967797852e+02
6.4592700195e+02 6.4597302246e+02 6.4598498535e+02 6.4595001221e+02 6.4587298584e+02 6.4581298828e+02 6.4578900146e+02 6.4578399658e+02 6.4574597168e+02 6.4560498047e+02 6.4541699219e+02 6.4517199707e+02 6.4496801758e+02 6.4468701172e+02 6.4442700195e+02 6.4435601807e+02 6.4432098389e+02 6.4431597900e+02 6.4426599121e+02 6.4389300537e+02 6.4355297852e+02 6.4343298340e+02 6.4322302246e+02 6.4292102051e+02 6.4277899170e+02 6.4265997314e+02 6.4256500244e+02 6.4256201172e+02 6.4248901367e+02 6.4242297363e+02 6.4236102295e+02 6.4227600098e+02 6.4224298096e+02 6.4223797607e+02 6.4220202637e+02 6.4207702637e+02 6.4175000000e+02 6.4142797852e+02 6.4117297363e+02 6.4087097168e+02 6.4064300537e+02 6.4051501465e+02 6.4043499756e+02 6.4037902832e+02 6.4009997559e+02 6.3970300293e+02
6.4573498535e+02 6.4580401611e+02 6.4589099121e+02 6.4591302490e+02 6.4586499023e+02 6.4578802490e+02 6.4574700928e+02 6.4573199463e+02 6.4560601807e+02 6.4537902832e+02 6.4512402344e+02 6.4493499756e+02 6.4477697754e+02 6.4459698486e+02 6.4440100098e+02 6.4427398682e+02 6.4415600586e+02 6.4405297852e+02 6.4400598145e+02 6.4386999512e+02 6.4379302979e+02 6.4368499756e+02 6.4334100342e+02 6.4295300293e+02 6.4274902344e+02 6.4261499023e+02 6.4254998779e+02 6.4246997070e+02 6.4240899658e+02 6.4239501953e+02 6.4234997559e+02 6.4228198242e+02 6.4224902344e+02 6.4222601318e+02 6.4218103027e+02 6.4211199951e+02 6.4184002686e+02 6.4150701904e+02 6.4118902588e+02 6.4090899658e+02 6.4072698975e+02 6.4065100098e+02 6.4059399414e+02 6.4050402832e+02 6.4018103027e+02 6.3975000000e+02
6.4552301025e+02 6.4558300781e+02 6.4568701172e+02 6.4574298096e+02 6.4571301270e+02 6.4564001465e+02 6.4556097412e+02 6.4548602295e+02 6.4534002686e+02 6.4514898682e+02 6.4494201660e+02 6.4480200195e+02 6.4468597412e+02 6.4453997803e+02 6.4439599609e+02 6.4428698730e+02 6.4413299561e+02 6.4397698975e+02 6.4390899658e+02 6.4391699219e+02 6.4387902832e+02 6.4370898438e+02 6.4331597900e+02 6.4292797852e+02 6.4269500732e+02 6.4262200928e+02 6.4268597412e+02 6.4255401611e+02 6.4237200928e+02 6.4233697510e+02 6.4230798340e+02 6.4225701904e+02 6.4221600342e+02 6.4218902588e+02 6.4213299561e+02 6.4207702637e+02 6.4188702393e+02 6.4159802246e+02 6.4125799561e+02 6.4096697998e+02 6.4076300049e+02 6.4066699219e+02 6.4059301758e+02 6.4045800781e+02 6.4020001221e+02 6.3986199951e+02
6.4525897217e+02 6.4527001953e+02 6.4531701660e+02 6.4534497070e+02 6.4532800293e+02 6.4528399658e+02 6.4520202637e+02 6.4512298584e+02 6.4505297852e+02 6.4497399902e+02 6.4484899902e+02 6.4475000000e+02 6.4465399170e+02 6.4450402832e+02 6.4435900879e+02 6.4430200195e+02 6.4419299316e+02 6.4404797363e+02 6.4392498779e+02 6.4386297607e+02 6.4375000000e+02 6.4355297852e+02 6.4328601074e+02 6.4298199463e+02 6.4272399902e+02 6.4266998291e+02 6.4281201172e+02 6.4270898438e+02 6.4240301514e+02 6.4229998779e+02 6.4226397705e+02 6.4222497559e+02 6.4219299316e+02 6.4213598633e+02 6.4204498291e+02 6.4199798584e+02 6.4188702393e+02 6.4165802002e+02 6.4134399414e+02 6.4102801514e+02 6.4076702881e+02 6.4061700439e+02 6.4048797607e+02 6.4027697754e+02 6.4008197021e+02 6.3987298584e+02
6.4495800781e+02 6.4489501953e+02 6.4483502197e+02 6.4473901367e+02 6.4471801758e+02 6.4474298096e+02 6.4479797363e+02 6.4482000732e+02 6.4479602051e+02 6.4474200439e+02 6.4466998291e+02 6.4463598633e+02 6.4454699707e+02 6.4438897705e+02 6.4422900391e+02 6.4416998291e+02 6.4411700439e+02 6.4402600098e+02 6.4386401367e+02 6.4364001465e+02 6.4350500488e+02 6.4341601563e+02 6.4338702393e+02 6.4308099365e+02 6.4279901123e+02 6.4273901367e+02 6.4283197021e+02 6.4271600342e+02 6.4242602539e+02 6.4230200195e+02 6.4225500488e+02 6.4218200684e+02 6.4214300537e+02 6.4209997559e+02 6.4202099609e+02 6.4195800781e+02 6.4187902832e+02 6.4170098877e+02 6.4142401123e+02 6.4111499023e+02 6.4082598877e+02 6.4062597656e+02 6.4042498779e+02 6.4015197754e+02 6.3997100830e+02 6.3982299805e+02
6.4468200684e+02 6.4457800293e+02 6.4445898438e+02 6.4432299805e+02 6.4429602051e+02 6.4436999512e+02 6.4447802734e+02 6.4450799561e+02 6.4448999023e+02 6.4444897461e+02 6.4441900635e+02 6.4439801025e+02 6.4431298828e+02 6.4416900635e+02 6.4402398682e+02 6.4391699219e+02 6.4383398438e+02 6.4376098633e+02 6.4364001465e+02 6.4340802002e+02 6.4333197021e+02 6.4334497070e+02 6.4332202148e+02 6.4309698486e+02 6.4283300781e+02 6.4277398682e+02 6.4282800293e+02 6.4265301514e+02 6.4247399902e+02 6.4236102295e+02 6.4226000977e+02 6.4217297363e+02 6.4208599854e+02 6.4205499268e+02 6.4200598145e+02 6.4193597412e+02 6.4186499023e+02 6.4174200439e+02 6.4148699951e+02 6.4122601318e+02 6.4091998291e+02 6.4065600586e+02 6.4043902588e+02 6.4020001221e+02 6.4002099609e+02 6.3985498047e+02
6.4447698975e+02 6.4438397217e+02 6.4425201416e+02 6.4413702393e+02 6.4409802246e+02 6.4413598633e+02 6.4419201660e+02 6.4421697998e+02 6.4423699951e+02 6.4424401855e+02 6.4421502686e+02 6.4414202881e+02 6.4405102539e+02 6.4392797852e+02 6.4379101563e+02 6.4364801025e+02 6.4351501465e+02 6.4340399170e+02 6.4331402588e+02 6.4315002441e+02 6.4312097168e+02 6.4316302490e+02 6.4314697266e+02 6.4299798584e+02 6.4281896973e+02 6.4276098633e+02 6.4278698730e+02 6.4264697266e+02 6.4255999756e+02 6.4246801758e+02 6.4234399414e+02 6.4222198486e+02 6.4206597900e+02 6.4201300049e+02 6.4199597168e+02 6.4194396973e+02 6.4188000488e+02 6.4176000977e+02 6.4152001953e+02 6.4126501465e+02 6.4096801758e+02 6.4067901611e+02 6.4045800781e+02 6.4024902344e+02 6.4007397461e+02 6.3985198975e+02
6.4429498291e+02 6.4426800537e+02 6.4413098145e+02 6.4400500488e+02 6.4392901611e+02 6.4390399170e+02 6.4390698242e+02 6.4399200439e+02 6.4407299805e+02 6.4412500000e+02 6.4408300781e+02 6.4394799805e+02 6.4383898926e+02 6.4372399902e+02 6.4358898926e+02 6.4347198486e+02 6.4332800293e+02 6.4315100098e+02 6.4300701904e+02 6.4290002441e+02 6.4291302490e+02 6.4297100830e+02 6.4295697021e+02 6.4287500000e+02 6.4277801514e+02 6.4272601318e+02 6.4275299072e+02 6.4266998291e+02 6.4263500977e+02 6.4263702393e+02 6.4258502197e+02 6.4239697266e+02 6.4212097168e+02 6.4200299072e+02 6.4199597168e+02 6.4194201660e+02 6.4187200928e+02 6.4175097656e+02 6.4153802490e+02 6.4125500488e+02 6.4095898438e+02 6.4067401123e+02 6.4046600342e+02 6.4028601074e+02 6.4010400391e+02 6.3984197998e+02
6.4404498291e+02 6.4411999512e+02 6.4400598145e+02 6.4379998779e+02 6.4367700195e+02 6.4362200928e+02 6.4358300781e+02 6.4368103027e+02 6.4380499268e+02 6.4389398193e+02 6.4390802002e+02 6.4380297852e+02 6.4370098877e+02 6.4362097168e+02 6.4359002686e+02 6.4345202637e+02 6.4330499268e+02 6.4307000732e+02 6.4287097168e+02 6.4274902344e+02 6.4276202393e+02 6.4282897949e+02 6.4283398438e+02 6.4277398682e+02 6.4271899414e+02 6.4269799805e+02 6.4281201172e+02 6.4277600098e+02 6.4272900391e+02 6.4276300049e+02 6.4276202393e+02 6.4271301270e+02 6.4236999512e+02 6.4205297852e+02 6.4194702148e+02 6.4189202881e+02 6.4180499268e+02 6.4168402100e+02 6.4151898193e+02 6.4127600098e+02 6.4097198486e+02 6.4066497803e+02 6.4045397949e+02 6.4030297852e+02 6.4010302734e+02 6.3984399414e+02
6.4374200439e+02 6.4409497070e+02 6.4404699707e+02 6.4368298340e+02 6.4345098877e+02 6.4332800293e+02 6.4322100830e+02 6.4323400879e+02 6.4332702637e+02 6.4337799072e+02 6.4333599854e+02 6.4321899414e+02 6.4313500977e+02 6.4315197754e+02 6.4322198486e+02 6.4326702881e+02 6.4316101074e+02 6.4295202637e+02 6.4273400879e+02 6.4259100342e+02 6.4263397217e+02 6.4276300049e+02 6.4277600098e+02 6.4274499512e+02 6.4270697021e+02 6.4270001221e+02 6.4287200928e+02 6.4294702148e+02 6.4287097168e+02 6.4284600830e+02 6.4276599121e+02 6.4285101318e+02 6.4270001221e+02 6.4231402588e+02 6.4200897217e+02 6.4187799072e+02 6.4172601318e+02 6.4159100342e+02 6.4145697021e+02 6.4127600098e+02 6.4098297119e+02 6.4065197754e+02 6.4042401123e+02 6.4025799561e+02 6.4007299805e+02 6.3982299805e+02
6.4298199463e+02 6.4345599365e+02 6.4359997559e+02 6.4337799072e+02 6.4317797852e+02 6.4298199463e+02 6.4276898193e+02 6.4271600342e+02 6.4276702881e+02 6.4276202393e+02 6.4264501953e+02 6.4242199707e+02 6.4228997803e+02 6.4230798340e+02 6.4245898438e+02 6.4260699463e+02 6.4262500000e+02 6.4256097412e+02 6.4245501709e+02 6.4240600586e+02 6.4247198486e+02 6.4256097412e+02 6.4256500244e+02 6.4262298584e+02 6.4264697266e+02 6.4273797607e+02 6.4294000244e+02 6.4304901123e+02 6.4295697021e+02 6.4287097168e+02 6.4276202393e+02 6.4279199219e+02 6.4273498535e+02 6.4247698975e+02 6.4217102051e+02 6.4195599365e+02 6.4167999268e+02 6.4149700928e+02 6.4138000488e+02 6.4122698975e+02 6.4096997070e+02 6.4066400146e+02 6.4044500732e+02 6.4027502441e+02 6.4007397461e+02 6.3979498291e+02
6.4208197021e+02 6.4238201904e+02 6.4259197998e+02 6.4263598633e+02 6.4261999512e+02 6.4247698975e+02 6.4228198242e+02 6.4223999023e+02 6.4226702881e+02 6.4222399902e+02 6.4207299805e+02 6.4183801270e+02 6.4168798828e+02 6.4167102051e+02 6.4177600098e+02 6.4188500977e+02 6.4194702148e+02 6.4198400879e+02 6.4202600098e+02 6.4217401123e+02 6.4222399902e+02 6.4218798828e+02 6.4217297363e+02 6.4224499512e+02 6.4228399658e+02 6.4251098633e+02 6.4282501221e+02 6.4300500488e+02 6.4290100098e+02 6.4276800537e+02 6.4271099854e+02 6.4259399414e+02 6.4246197510e+02 6.4231201172e+02 6.4218103027e+02 6.4199200439e+02 6.4167797852e+02 6.4146197510e+02 6.4134197998e+02 6.4118597412e+02 6.4095501709e+02 6.4068200684e+02 6.4046301270e+02 6.4028601074e+02 6.4008001709e+02 6.3980902100e+02
6.4170001221e+02 6.4168798828e+02 6.4170397949e+02 6.4182397461e+02 6.4191900635e+02 6.4190197754e+02 6.4185498047e+02 6.4188800049e+02 6.4189599609e+02 6.4184197998e+02 6.4175701904e+02 6.4160302734e+02 6.4150000000e+02 6.4147198486e+02 6.4153002930e+02 6.4154302979e+02 6.4151702881e+02 6.4150201416e+02 6.4161499023e+02 6.4190802002e+02 6.4190600586e+02 6.4177301025e+02 6.4182598877e+02 6.4186102295e+02 6.4179699707e+02 6.4191101074e+02 6.4223498535e+02 6.4273602295e+02 6.4277801514e+02 6.4264599609e+02 6.4266497803e+02 6.4251800537e+02 6.4229998779e+02 6.4217999268e+02 6.4208001709e+02 6.4192700195e+02 6.4165899658e+02 6.4143701172e+02 6.4129797363e+02 6.4113598633e+02 6.4092102051e+02 6.4068402100e+02 6.4046502686e+02 6.4022497559e+02 6.3999902344e+02 6.3977502441e+02
6.4155798340e+02 6.4153198242e+02 6.4145599365e+02 6.4143103027e+02 6.4144702148e+02 6.4146398926e+02 6.4148699951e+02 6.4154199219e+02 6.4155700684e+02 6.4152600098e+02 6.4145397949e+02 6.4135302734e+02 6.4124798584e+02 6.4120098877e+02 6.4124902344e+02 6.4132501221e+02 6.4132098389e+02 6.4133099365e+02 6.4140600586e+02 6.4155603027e+02 6.4152600098e+02 6.4149902344e+02 6.4160400391e+02 6.4169500732e+02 6.4162500000e+02 6.4146502686e+02 6.4146197510e+02 6.4198901367e+02 6.4227001953e+02 6.4239300537e+02 6.4253399658e+02 6.4248297119e+02 6.4239398193e+02 6.4229797363e+02 6.4212298584e+02 6.4191601563e+02 6.4157098389e+02 6.4132702637e+02 6.4118597412e+02 6.4103497314e+02 6.4082598877e+02 6.4060699463e+02 6.4042999268e+02 6.4018499756e+02 6.3992498779e+02 6.3971697998e+02
6.4121697998e+02 6.4122100830e+02 6.4118402100e+02 6.4114300537e+02 6.4112097168e+02 6.4113598633e+02 6.4117999268e+02 6.4123498535e+02 6.4126898193e+02 6.4126300049e+02 6.4121997070e+02 6.4115002441e+02 6.4105798340e+02 6.4099200439e+02 6.4098901367e+02 6.4103900146e+02 6.4107202148e+02 6.4113000488e+02 6.4119500732e+02 6.4121502686e+02 6.4124499512e+02 6.4137402344e+02 6.4151300049e+02 6.4159301758e+02 6.4153497314e+02 6.4132598877e+02 6.4112799072e+02 6.4117297363e+02 6.4129699707e+02 6.4158801270e+02 6.4195397949e+02 6.4223498535e+02 6.4248498535e+02 6.4238000488e+02 6.4212097168e+02 6.4187097168e+02 6.4148498535e+02 6.4124902344e+02 6.4111700439e+02 6.4095300293e+02 6.4075201416e+02 6.4055700684e+02 6.4041302490e+02 6.4018200684e+02 6.3989202881e+02 6.3965399170e+02
6.4084197998e+02 6.4086901855e+02 6.4087097168e+02 6.4086401367e+02 6.4085198975e+02 6.4087597656e+02 6.4093103027e+02 6.4099102783e+02 6.4103698730e+02 6.4104901123e+02 6.4103002930e+02 6.4099499512e+02 6.4091998291e+02 6.4084802246e+02 6.4080603027e+02 6.4080798340e+02 6.4084301758e+02 6.4092401123e+02 6.4102001953e+02 6.4099200439e+02 6.4107299805e+02 6.4131701660e+02 6.4154901123e+02 6.4155999756e+02 6.4141998291e+02 6.4122698975e+02 6.4108197021e+02 6.4092498779e+02 6.4081597900e+02 6.4098797607e+02 6.4133697510e+02 6.4180700684e+02 6.4219396973e+02 6.4202697754e+02 6.4184698486e+02 6.4168902588e+02 6.4142199707e+02 6.4123101807e+02 6.4106896973e+02 6.4088500977e+02 6.4069799805e+02 6.4053302002e+02 6.4039501953e+02 6.4016900635e+02 6.3988897705e+02 6.3963800049e+02
