TESTSERVER/6/4.asc
NCOLS 100
NROWS 100
XLLCORNER 7.7997500000e+03
YLLCORNER 2.8975025000e+05
CELLSIZE 5.0000000000e-01
NODATA_VALUE -9.9990000000e+03
[rows 60 to 79 of 100, columns 0 to 45 of 100]
6.3695697021e+02 6.3696301270e+02 6.3692797852e+02 6.3685302734e+02 6.3677697754e+02 6.3674298096e+02 6.3669702148e+02 6.3670800781e+02 6.3669500732e+02 6.3668597412e+02 6.3667602539e+02 6.3670800781e+02 6.3670397949e+02 6.3669598389e+02 6.3669598389e+02 6.3665802002e+02 6.3662500000e+02 6.3661102295e+02 6.3662701416e+02 6.3664599609e+02 6.3665899658e+02 6.3669000244e+02 6.3673297119e+02 6.3671697998e+02 6.3668701172e+02 6.3667700195e+02 6.3665802002e+02 6.3662097168e+02 6.3659100342e+02 6.3655499268e+02 6.3649401855e+02 6.3647998047e+02 6.3647198486e+02 6.3642498779e+02 6.3635699463e+02 6.3631298828e+02 6.3629199219e+02 6.3627301025e+02 6.3624597168e+02 6.3619897461e+02 6.3615997314e+02 6.3611499023e+02 6.3605798340e+02 6.3596899414e+02 6.3588897705e+02 6.3584497070e+02
6.3664001465e+02 6.3665301514e+02 6.3657800293e+02 6.3645501709e+02 6.3636901855e+02 6.3632202148e+02 6.3635601807e+02 6.3640502930e+02 6.3641497803e+02 6.3642199707e+02 6.3641302490e+02 6.3640899658e+02 6.3642199707e+02 6.3642901611e+02 6.3644598389e+02 6.3643798828e+02 6.3640301514e+02 6.3638397217e+02 6.3640002441e+02 6.3642700195e+02 6.3646398926e+02 6.3652600098e+02 6.3658697510e+02 6.3659802246e+02 6.3652600098e+02 6.3653100586e+02 6.3655999756e+02 6.3652899170e+02 6.3650201416e+02 6.3647399902e+02 6.3647198486e+02 6.3655102539e+02 6.3659497070e+02 6.3652197266e+02 6.3638702393e+02 6.3628601074e+02 6.3621697998e+02 6.3617700195e+02 6.3616400146e+02 6.3613299561e+02 6.3611602783e+02 6.3607598877e+02 6.3600299072e+02 6.3593402100e+02 6.3587298584e+02 6.3577502441e+02
6.3625402832e+02 6.3625897217e+02 6.3621997070e+02 6.3612701416e+02 6.3604797363e+02 6.3600097656e+02 6.3604498291e+02 6.3611199951e+02 6.3612597656e+02 6.3613299561e+02 6.3611499023e+02 6.3610400391e+02 6.3611602783e+02 6.3612500000e+02 6.3614202881e+02 6.3613897705e+02 6.3611102295e+02 6.3609802246e+02 6.3611499023e+02 6.3615399170e+02 6.3621002197e+02 6.3628802490e+02 6.3642199707e+02 6.3648101807e+02 6.3636102295e+02 6.3636401367e+02 6.3641497803e+02 6.3643298340e+02 6.3641101074e+02 6.3639599609e+02 6.3643298340e+02 6.3655902100e+02 6.3662799072e+02 6.3655902100e+02 6.3639801025e+02 6.3626397705e+02 6.3616699219e+02 6.3611199951e+02 6.3609100342e+02 6.3606799316e+02 6.3605999756e+02 6.3601501465e+02 6.3595898438e+02 6.3590698242e+02 6.3586901855e+02 6.3578100586e+02
6.3594201660e+02 6.3592999268e+02 6.3592797852e+02 6.3587298584e+02 6.3580499268e+02 6.3576000977e+02 6.3578399658e+02 6.3583300781e+02 6.3583801270e+02 6.3583398438e+02 6.3580700684e+02 6.3579302979e+02 6.3579797363e+02 6.3580401611e+02 6.3580902100e+02 6.3580102539e+02 6.3578497314e+02 6.3578399658e+02 6.3580499268e+02 6.3584802246e+02 6.3590997314e+02 6.3598901367e+02 6.3611199951e+02 6.3615002441e+02 6.3609197998e+02 6.3610998535e+02 6.3608599854e+02 6.3613201904e+02 6.3614501953e+02 6.3617102051e+02 6.3617999268e+02 6.3620898438e+02 6.3630297852e+02 6.3635699463e+02 6.3629498291e+02 6.3614099121e+02 6.3603997803e+02 6.3599298096e+02 6.3599700928e+02 6.3601202393e+02 6.3601898193e+02 6.3597302246e+02 6.3592700195e+02 6.3586798096e+02 6.3581097412e+02 6.3572802734e+02
6.3576501465e+02 6.3573901367e+02 6.3574200439e+02 6.3570001221e+02 6.3565502930e+02 6.3561297607e+02 6.3562402344e+02 6.3560400391e+02 6.3558197021e+02 6.3554998779e+02 6.3549200439e+02 6.3548199463e+02 6.3547802734e+02 6.3548400879e+02 6.3547198486e+02 6.3546398926e+02 6.3547399902e+02 6.3549200439e+02 6.3552197266e+02 6.3556097412e+02 6.3562097168e+02 6.3568701172e+02 6.3567797852e+02 6.3567297363e+02 6.3573498535e+02 6.3573199463e+02 6.3559698486e+02 6.3560998535e+02 6.3565399170e+02 6.3570501709e+02 6.3562500000e+02 6.3567700195e+02 6.3584600830e+02 6.3603302002e+02 6.3605200195e+02 6.3588702393e+02 6.3576501465e+02 6.3572998047e+02 6.3576599121e+02 6.3586602783e+02 6.3593798828e+02 6.3593402100e+02 6.3588897705e+02 6.3583599854e+02 6.3575897217e+02 6.3565899658e+02
6.3559802246e+02 6.3555102539e+02 6.3555297852e+02 6.3554699707e+02 6.3551202393e+02 6.3547399902e+02 6.3544097900e+02 6.3541699219e+02 6.3538201904e+02 6.3534197998e+02 6.3527697754e+02 6.3522302246e+02 6.3521099854e+02 6.3521398926e+02 6.3522601318e+02 6.3522198486e+02 6.3522497559e+02 6.3523797607e+02 6.3526098633e+02 6.3530499268e+02 6.3535400391e+02 6.3540100098e+02 6.3541101074e+02 6.3542401123e+02 6.3542602539e+02 6.3536700439e+02 6.3526098633e+02 6.3527398682e+02 6.3532800293e+02 6.3535198975e+02 6.3528100586e+02 6.3539898682e+02 6.3558599854e+02 6.3572601318e+02 6.3582098389e+02 6.3572302246e+02 6.3558300781e+02 6.3551599121e+02 6.3550299072e+02 6.3557000732e+02 6.3568200684e+02 6.3575299072e+02 6.3573901367e+02 6.3573797607e+02 6.3571301270e+02 6.3562298584e+02
6.3544897461e+02 6.3538897705e+02 6.3537799072e+02 6.3536901855e+02 6.3533300781e+02 6.3529602051e+02 6.3525701904e+02 6.3522198486e+02 6.3518402100e+02 6.3514501953e+02 6.3508502197e+02 6.3503002930e+02 6.3501000977e+02 6.3500201416e+02 6.3501501465e+02 6.3500799561e+02 6.3499798584e+02 6.3499700928e+02 6.3501702881e+02 6.3504998779e+02 6.3507897949e+02 6.3510400391e+02 6.3515100098e+02 6.3524298096e+02 6.3523199463e+02 6.3515002441e+02 6.3505603027e+02 6.3507000732e+02 6.3511102295e+02 6.3511401367e+02 6.3502697754e+02 6.3512902832e+02 6.3528601074e+02 6.3539898682e+02 6.3550500488e+02 6.3549102783e+02 6.3541802979e+02 6.3534497070e+02 6.3524902344e+02 6.3522198486e+02 6.3527301025e+02 6.3536798096e+02 6.3541601563e+02 6.3549102783e+02 6.3554797363e+02 6.3549298096e+02
6.3529797363e+02 6.3523400879e+02 6.3520898438e+02 6.3518798828e+02 6.3514898682e+02 6.3511102295e+02 6.3507397461e+02 6.3503399658e+02 6.3499401855e+02 6.3495397949e+02 6.3490698242e+02 6.3486102295e+02 6.3483599854e+02 6.3482000732e+02 6.3482000732e+02 6.3480700684e+02 6.3478900146e+02 6.3477801514e+02 6.3478497314e+02 6.3479602051e+02 6.3480499268e+02 6.3481298828e+02 6.3485699463e+02 6.3499597168e+02 6.3501397705e+02 6.3494702148e+02 6.3486700439e+02 6.3487701416e+02 6.3489599609e+02 6.3487701416e+02 6.3479302979e+02 6.3484698486e+02 6.3493597412e+02 6.3499200439e+02 6.3505798340e+02 6.3511199951e+02 6.3513500977e+02 6.3507897949e+02 6.3491302490e+02 6.3479199219e+02 6.3479699707e+02 6.3489801025e+02 6.3503100586e+02 6.3520202637e+02 6.3531298828e+02 6.3528698730e+02
6.3513598633e+02 6.3508801270e+02 6.3505798340e+02 6.3500701904e+02 6.3496398926e+02 6.3492498779e+02 6.3489801025e+02 6.3485797119e+02 6.3480999756e+02 6.3476202393e+02 6.3471697998e+02 6.3470300293e+02 6.3467797852e+02 6.3465197754e+02 6.3462799072e+02 6.3460498047e+02 6.3458801270e+02 6.3457098389e+02 6.3454797363e+02 6.3453997803e+02 6.3453302002e+02 6.3453100586e+02 6.3453100586e+02 6.3459802246e+02 6.3463598633e+02 6.3461297607e+02 6.3454199219e+02 6.3455902100e+02 6.3454797363e+02 6.3453100586e+02 6.3448699951e+02 6.3452801514e+02 6.3455499268e+02 6.3454797363e+02 6.3445001221e+02 6.3453302002e+02 6.3462097168e+02 6.3459997559e+02 6.3438000488e+02 6.3438702393e+02 6.3439398193e+02 6.3447900391e+02 6.3464300537e+02 6.3493103027e+02 6.3503802490e+02 6.3505999756e+02
6.3496197510e+02 6.3492498779e+02 6.3488598633e+02 6.3483898926e+02 6.3479400635e+02 6.3475402832e+02 6.3472302246e+02 6.3468402100e+02 6.3462402344e+02 6.3456597900e+02 6.3452301025e+02 6.3450402832e+02 6.3447399902e+02 6.3443798828e+02 6.3440802002e+02 6.3439898682e+02 6.3439801025e+02 6.3439300537e+02 6.3436199951e+02 6.3431701660e+02 6.3429699707e+02 6.3428802490e+02 6.3427697754e+02 6.3428698730e+02 6.3430297852e+02 6.3429699707e+02 6.3427899170e+02 6.3425897217e+02 6.3422399902e+02 6.3419500732e+02 6.3421099854e+02 6.3423199463e+02 6.3422198486e+02 6.3418298340e+02 6.3409997559e+02 6.3410601807e+02 6.3414001465e+02 6.3414001465e+02 6.3408099365e+02 6.3406097412e+02 6.3404901123e+02 6.3409197998e+02 6.3420202637e+02 6.3439099121e+02 6.3451202393e+02 6.3459899902e+02
6.3479602051e+02 6.3475402832e+02 6.3471197510e+02 6.3466699219e+02 6.3462298584e+02 6.3458197021e+02 6.3454699707e+02 6.3450402832e+02 6.3444299316e+02 6.3438598633e+02 6.3434399414e+02 6.3431500244e+02 6.3428100586e+02 6.3423999023e+02 6.3421002197e+02 6.3421398926e+02 6.3422100830e+02 6.3422198486e+02 6.3419097900e+02 6.3413201904e+02 6.3410302734e+02 6.3408599854e+02 6.3407800293e+02 6.3408300781e+02 6.3409100342e+02 6.3408502197e+02 6.3407397461e+02 6.3405200195e+02 6.3401300049e+02 6.3397399902e+02 6.3397802734e+02 6.3397998047e+02 6.3396002197e+02 6.3392700195e+02 6.3387200928e+02 6.3383599854e+02 6.3384301758e+02 6.3386199951e+02 6.3386602783e+02 6.3386199951e+02 6.3388299561e+02 6.3392700195e+02 6.3394396973e+02 6.3396002197e+02 6.3401898193e+02 6.3410302734e+02
6.3463702393e+02 6.3458300781e+02 6.3453100586e+02 6.3448602295e+02 6.3444396973e+02 6.3440600586e+02 6.3436602783e+02 6.3431701660e+02 6.3426098633e+02 6.3421197510e+02 6.3417797852e+02 6.3414801025e+02 6.3411297607e+02 6.3407098389e+02 6.3403601074e+02 6.3404199219e+02 6.3404901123e+02 6.3405200195e+02 6.3402301025e+02 6.3396697998e+02 6.3393402100e+02 6.3391101074e+02 6.3390301514e+02 6.3391400146e+02 6.3391998291e+02 6.3391101074e+02 6.3389099121e+02 6.3387500000e+02 6.3384600830e+02 6.3380902100e+02 6.3378802490e+02 6.3377600098e+02 6.3376202393e+02 6.3374499512e+02 6.3371301270e+02 6.3367401123e+02 6.3367102051e+02 6.3369201660e+02 6.3370397949e+02 6.3371197510e+02 6.3378002930e+02 6.3383801270e+02 6.3382501221e+02 6.3376098633e+02 6.3372998047e+02 6.3374597168e+02
6.3448602295e+02 6.3441302490e+02 6.3433697510e+02 6.3429199219e+02 6.3425799561e+02 6.3422601318e+02 6.3418200684e+02 6.3412097168e+02 6.3407397461e+02 6.3403900146e+02 6.3401397705e+02 6.3398699951e+02 6.3395800781e+02 6.3391900635e+02 6.3387298584e+02 6.3387597656e+02 6.3387799072e+02 6.3387298584e+02 6.3383599854e+02 6.3379797363e+02 6.3376898193e+02 6.3374298096e+02 6.3372698975e+02 6.3372399902e+02 6.3372100830e+02 6.3371002197e+02 6.3369299316e+02 6.3369000244e+02 6.3367797852e+02 6.3365600586e+02 6.3364099121e+02 6.3361999512e+02 6.3360400391e+02 6.3358502197e+02 6.3355499268e+02 6.3353601074e+02 6.3353198242e+02 6.3354101563e+02 6.3353002930e+02 6.3351702881e+02 6.3354199219e+02 6.3356201172e+02 6.3349200439e+02 6.3351397705e+02 6.3348999023e+02 6.3347497559e+02
6.3437500000e+02 6.3429901123e+02 6.3419097900e+02 6.3412298584e+02 6.3408599854e+02 6.3405401611e+02 6.3400598145e+02 6.3394299316e+02 6.3389697266e+02 6.3386401367e+02 6.3383197021e+02 6.3379797363e+02 6.3377398682e+02 6.3374298096e+02 6.3370397949e+02 6.3370001221e+02 6.3369097900e+02 6.3367401123e+02 6.3364599609e+02 6.3361602783e+02 6.3359100342e+02 6.3357000732e+02 6.3355297852e+02 6.3353900146e+02 6.3352301025e+02 6.3350799561e+02 6.3349902344e+02 6.3349798584e+02 6.3349298096e+02 6.3348297119e+02 6.3347302246e+02 6.3345397949e+02 6.3343103027e+02 6.3340899658e+02 6.3338897705e+02 6.3336999512e+02 6.3336199951e+02 6.3336297607e+02 6.3335302734e+02 6.3331799316e+02 6.3328997803e+02 6.3326300049e+02 6.3324298096e+02 6.3323602295e+02 6.3322802734e+02 6.3321301270e+02
6.3422100830e+02 6.3415301514e+02 6.3403399658e+02 6.3395300293e+02 6.3390899658e+02 6.3387298584e+02 6.3383001709e+02 6.3377398682e+02 6.3372302246e+02 6.3368103027e+02 6.3364001465e+02 6.3360498047e+02 6.3358502197e+02 6.3356201172e+02 6.3353002930e+02 6.3351599121e+02 6.3350000000e+02 6.3347802734e+02 6.3345501709e+02 6.3343402100e+02 6.3341302490e+02 6.3339697266e+02 6.3338598633e+02 6.3336602783e+02 6.3334100342e+02 6.3331799316e+02 6.3330798340e+02 6.3331201172e+02 6.3330902100e+02 6.3330200195e+02 6.3328997803e+02 6.3326599121e+02 6.3324200439e+02 6.3322497559e+02 6.3321301270e+02 6.3319799805e+02 6.3318798828e+02 6.3318597412e+02 6.3317901611e+02 6.3314599609e+02 6.3310601807e+02 6.3306298828e+02 6.3303601074e+02 6.3302197266e+02 6.3300402832e+02 6.3298498535e+02
6.3401501465e+02 6.3395397949e+02 6.3384899902e+02 6.3377001953e+02 6.3372100830e+02 6.3368200684e+02 6.3364300537e+02 6.3359301758e+02 6.3353002930e+02 6.3347601318e+02 6.3343499756e+02 6.3340600586e+02 6.3338702393e+02 6.3336798096e+02 6.3334002686e+02 6.3332098389e+02 6.3330102539e+02 6.3327899170e+02 6.3326300049e+02 6.3324798584e+02 6.3323101807e+02 6.3322100830e+02 6.3321502686e+02 6.3318798828e+02 6.3315600586e+02 6.3312597656e+02 6.3311499023e+02 6.3311901855e+02 6.3311700439e+02 6.3310998535e+02 6.3309301758e+02 6.3306097412e+02 6.3303802490e+02 6.3302801514e+02 6.3302502441e+02 6.3301202393e+02 6.3300299072e+02 6.3300299072e+02 6.3300201416e+02 6.3297802734e+02 6.3294000244e+02 6.3289599609e+02 6.3286401367e+02 6.3284100342e+02 6.3281799316e+02 6.3279498291e+02
6.3377001953e+02 6.3370697021e+02 6.3363500977e+02 6.3357299805e+02 6.3352301025e+02 6.3347399902e+02 6.3342700195e+02 6.3339398193e+02 6.3332000732e+02 6.3325097656e+02 6.3321197510e+02 6.3321301270e+02 6.3319396973e+02 6.3316302490e+02 6.3311798096e+02 6.3311499023e+02 6.3309497070e+02 6.3307397461e+02 6.3304901123e+02 6.3304998779e+02 6.3304199219e+02 6.3303601074e+02 6.3301599121e+02 6.3299298096e+02 6.3296099854e+02 6.3293402100e+02 6.3292901611e+02 6.3292401123e+02 6.3291699219e+02 6.3290502930e+02 6.3287701416e+02 6.3284899902e+02 6.3283300781e+02 6.3282800293e+02 6.3281402588e+02 6.3281097412e+02 6.3280902100e+02 6.3281500244e+02 6.3281500244e+02 6.3280200195e+02 6.3277301025e+02 6.3273901367e+02 6.3271002197e+02 6.3268902588e+02 6.3266601563e+02 6.3264501953e+02
6.3356701660e+02 6.3349102783e+02 6.3343298340e+02 6.3338299561e+02 6.3332897949e+02 6.3327197266e+02 6.3321600342e+02 6.3317901611e+02 6.3311798096e+02 6.3305999756e+02 6.3302502441e+02 6.3302001953e+02 6.3299902344e+02 6.3296099854e+02 6.3292401123e+02 6.3291400146e+02 6.3289001465e+02 6.3286499023e+02 6.3284997559e+02 6.3284600830e+02 6.3283898926e+02 6.3282702637e+02 6.3280499268e+02 6.3277697754e+02 6.3275299072e+02 6.3273199463e+02 6.3272198486e+02 6.3271801758e+02 6.3270800781e+02 6.3269500732e+02 6.3267297363e+02 6.3265002441e+02 6.3264001465e+02 6.3263500977e+02 6.3262097168e+02 6.3261199951e+02 6.3261999512e+02 6.3263598633e+02 6.3265002441e+02 6.3263098145e+02 6.3260699463e+02 6.3258197021e+02 6.3255798340e+02 6.3253698730e+02 6.3251898193e+02 6.3250402832e+02
6.3338201904e+02 6.3330102539e+02 6.3324200439e+02 6.3319897461e+02 6.3314202881e+02 6.3308001709e+02 6.3301501465e+02 6.3297998047e+02 6.3293798828e+02 6.3288897705e+02 6.3284197998e+02 6.3281896973e+02 6.3279602051e+02 6.3276898193e+02 6.3274298096e+02 6.3272698975e+02 6.3270098877e+02 6.3267498779e+02 6.3266302490e+02 6.3265802002e+02 6.3264501953e+02 6.3262799072e+02 6.3260101318e+02 6.3257098389e+02 6.3254901123e+02 6.3253100586e+02 6.3252001953e+02 6.3251300049e+02 6.3250402832e+02 6.3249401855e+02 6.3247998047e+02 6.3246600342e+02 6.3246398926e+02 6.3246398926e+02 6.3245202637e+02 6.3244299316e+02 6.3245501709e+02 6.3247100830e+02 6.3248101807e+02 6.3246099854e+02 6.3244299316e+02 6.3242700195e+02 6.3240899658e+02 6.3238800049e+02 6.3237200928e+02 6.3235900879e+02
6.3321801758e+02 6.3313702393e+02 6.3307501221e+02 6.3303002930e+02 6.3296899414e+02 6.3290002441e+02 6.3283300781e+02 6.3280700684e+02 6.3277502441e+02 6.3272900391e+02 6.3266497803e+02 6.3263299561e+02 6.3261297607e+02 6.3259600830e+02 6.3257800293e+02 6.3255700684e+02 6.3253002930e+02 6.3250402832e+02 6.3248901367e+02 6.3247802734e+02 6.3246002197e+02 6.3244000244e+02 6.3241101074e+02 6.3238098145e+02 6.3235998535e+02 6.3234301758e+02 6.3233001709e+02 6.3231896973e+02 6.3231097412e+02 6.3230603027e+02 6.3230499268e+02 6.3230401611e+02 6.3230902100e+02 6.3231402588e+02 6.3230700684e+02 6.3229998779e+02 6.3230499268e+02 6.3231097412e+02 6.3230798340e+02 6.3229101563e+02 6.3228002930e+02 6.3227301025e+02 6.3226397705e+02 6.3224499512e+02 6.3223297119e+02 6.3222100830e+02
