TESTSERVER/6/4.asc
NCOLS 100
NROWS 100
XLLCORNER 7.7997500000e+03
YLLCORNER 2.8975025000e+05
CELLSIZE 5.0000000000e-01
NODATA_VALUE -9.9990000000e+03
[rows 60 to 79 of 100, columns 46 to 91 of 100]
6.3584197998e+02 6.3593798828e+02 6.3607299805e+02 6.3621502686e+02 6.3627600098e+02 6.3623498535e+02 6.3628399658e+02 6.3636199951e+02 6.3639001465e+02 6.3629199219e+02 6.3610699463e+02 6.3589898682e+02 6.3567102051e+02 6.3516802979e+02 6.3462799072e+02 6.3443902588e+02 6.3450000000e+02 6.3449700928e+02 6.3448999023e+02 6.3447802734e+02 6.3447601318e+02 6.3446398926e+02 6.3439300537e+02 6.3429699707e+02 6.3453802490e+02 6.3510601807e+02 6.3531097412e+02 6.3527398682e+02 6.3524401855e+02 6.3520098877e+02 6.3516400146e+02 6.3522497559e+02 6.3537200928e+02 6.3543200684e+02 6.3544702148e+02 6.3548699951e+02 6.3560302734e+02 6.3571002197e+02 6.3575299072e+02 6.3577197266e+02 6.3576898193e+02 6.3572601318e+02 6.3570501709e+02 6.3565698242e+02 6.3558898926e+02 6.3551202393e+02
6.3569097900e+02 6.3561102295e+02 6.3558697510e+02 6.3560498047e+02 6.3566400146e+02 6.3570098877e+02 6.3580499268e+02 6.3598901367e+02 6.3602197266e+02 6.3595300293e+02 6.3581896973e+02 6.3568200684e+02 6.3550299072e+02 6.3509497070e+02 6.3460601807e+02 6.3437597656e+02 6.3441998291e+02 6.3443902588e+02 6.3443597412e+02 6.3441101074e+02 6.3440502930e+02 6.3440197754e+02 6.3435101318e+02 6.3424499512e+02 6.3443499756e+02 6.3496002197e+02 6.3513098145e+02 6.3508697510e+02 6.3508001709e+02 6.3507702637e+02 6.3507397461e+02 6.3513201904e+02 6.3528601074e+02 6.3534100342e+02 6.3534600830e+02 6.3540100098e+02 6.3550402832e+02 6.3563598633e+02 6.3574902344e+02 6.3583300781e+02 6.3579498291e+02 6.3569000244e+02 6.3566699219e+02 6.3569500732e+02 6.3569097900e+02 6.3551501465e+02
6.3566497803e+02 6.3553900146e+02 6.3540698242e+02 6.3529400635e+02 6.3525897217e+02 6.3522900391e+02 6.3525897217e+02 6.3539801025e+02 6.3541101074e+02 6.3539801025e+02 6.3539697266e+02 6.3535998535e+02 6.3527899170e+02 6.3503497314e+02 6.3459600830e+02 6.3432202148e+02 6.3434899902e+02 6.3438201904e+02 6.3438500977e+02 6.3435302734e+02 6.3433197021e+02 6.3433300781e+02 6.3430499268e+02 6.3421899414e+02 6.3435900879e+02 6.3481701660e+02 6.3496398926e+02 6.3493200684e+02 6.3493402100e+02 6.3495300293e+02 6.3497601318e+02 6.3503399658e+02 6.3517797852e+02 6.3520697021e+02 6.3522198486e+02 6.3527801514e+02 6.3536700439e+02 6.3553302002e+02 6.3570397949e+02 6.3582598877e+02 6.3580700684e+02 6.3564898682e+02 6.3558300781e+02 6.3563098145e+02 6.3570001221e+02 6.3555102539e+02
6.3562701416e+02 6.3552197266e+02 6.3542199707e+02 6.3531597900e+02 6.3520501709e+02 6.3508697510e+02 6.3500097656e+02 6.3500097656e+02 6.3495001221e+02 6.3495697021e+02 6.3498901367e+02 6.3497302246e+02 6.3494299316e+02 6.3483898926e+02 6.3451300049e+02 6.3426397705e+02 6.3427801514e+02 6.3430999756e+02 6.3431597900e+02 6.3429602051e+02 6.3427001953e+02 6.3426702881e+02 6.3424902344e+02 6.3418499756e+02 6.3428399658e+02 6.3468200684e+02 6.3482299805e+02 6.3480401611e+02 6.3480401611e+02 6.3483001709e+02 6.3486199951e+02 6.3493798828e+02 6.3507202148e+02 6.3507299805e+02 6.3510498047e+02 6.3518200684e+02 6.3528100586e+02 6.3550097656e+02 6.3571502686e+02 6.3582800293e+02 6.3580401611e+02 6.3563500977e+02 6.3555700684e+02 6.3555902100e+02 6.3559802246e+02 6.3553802490e+02
6.3553497314e+02 6.3544500732e+02 6.3536297607e+02 6.3529400635e+02 6.3522601318e+02 6.3511499023e+02 6.3498999023e+02 6.3487597656e+02 6.3475000000e+02 6.3465997314e+02 6.3463500977e+02 6.3461199951e+02 6.3456402588e+02 6.3451599121e+02 6.3436102295e+02 6.3421002197e+02 6.3419000244e+02 6.3423498535e+02 6.3424499512e+02 6.3423797607e+02 6.3422100830e+02 6.3421301270e+02 6.3419097900e+02 6.3414599609e+02 6.3419702148e+02 6.3451501465e+02 6.3467999268e+02 6.3467700195e+02 6.3466998291e+02 6.3467602539e+02 6.3471697998e+02 6.3482202148e+02 6.3492498779e+02 6.3489001465e+02 6.3493103027e+02 6.3505102539e+02 6.3515100098e+02 6.3544000244e+02 6.3569598389e+02 6.3579797363e+02 6.3576300049e+02 6.3561798096e+02 6.3559002686e+02 6.3554101563e+02 6.3552398682e+02 6.3553698730e+02
6.3548400879e+02 6.3535699463e+02 6.3523901367e+02 6.3515600586e+02 6.3510198975e+02 6.3504602051e+02 6.3494598389e+02 6.3482299805e+02 6.3470397949e+02 6.3457897949e+02 6.3448101807e+02 6.3439697266e+02 6.3432202148e+02 6.3426202393e+02 6.3419500732e+02 6.3412799072e+02 6.3413201904e+02 6.3417297363e+02 6.3418701172e+02 6.3418200684e+02 6.3416302490e+02 6.3414202881e+02 6.3413000488e+02 6.3410400391e+02 6.3412701416e+02 6.3437902832e+02 6.3455102539e+02 6.3455999756e+02 6.3454400635e+02 6.3455102539e+02 6.3461499023e+02 6.3471697998e+02 6.3473797607e+02 6.3470800781e+02 6.3472198486e+02 6.3476300049e+02 6.3480200195e+02 6.3500500488e+02 6.3519897461e+02 6.3529797363e+02 6.3534802246e+02 6.3550799561e+02 6.3557299805e+02 6.3548999023e+02 6.3546002197e+02 6.3556201172e+02
6.3539898682e+02 6.3529797363e+02 6.3519799805e+02 6.3510400391e+02 6.3499902344e+02 6.3490698242e+02 6.3482501221e+02 6.3474200439e+02 6.3466302490e+02 6.3458001709e+02 6.3448901367e+02 6.3438098145e+02 6.3426800537e+02 6.3417498779e+02 6.3410998535e+02 6.3406799316e+02 6.3407897949e+02 6.3410699463e+02 6.3410998535e+02 6.3409698486e+02 6.3409600830e+02 6.3408398438e+02 6.3407098389e+02 6.3403802490e+02 6.3403698730e+02 6.3421600342e+02 6.3437597656e+02 6.3440899658e+02 6.3439898682e+02 6.3440502930e+02 6.3447100830e+02 6.3456298828e+02 6.3456097412e+02 6.3453497314e+02 6.3452301025e+02 6.3451501465e+02 6.3448901367e+02 6.3451898193e+02 6.3457598877e+02 6.3462298584e+02 6.3469299316e+02 6.3488299561e+02 6.3507202148e+02 6.3515802002e+02 6.3522900391e+02 6.3540399170e+02
6.3522100830e+02 6.3514801025e+02 6.3509399414e+02 6.3503399658e+02 6.3494897461e+02 6.3484301758e+02 6.3473199463e+02 6.3465002441e+02 6.3457397461e+02 6.3448498535e+02 6.3442102051e+02 6.3434698486e+02 6.3425897217e+02 6.3416998291e+02 6.3409497070e+02 6.3403302002e+02 6.3401397705e+02 6.3404400635e+02 6.3404901123e+02 6.3403399658e+02 6.3403100586e+02 6.3403002930e+02 6.3401702881e+02 6.3397601318e+02 6.3394000244e+02 6.3405700684e+02 6.3420397949e+02 6.3425897217e+02 6.3424700928e+02 6.3423699951e+02 6.3429302979e+02 6.3437799072e+02 6.3439398193e+02 6.3436901855e+02 6.3435198975e+02 6.3435101318e+02 6.3435699463e+02 6.3432098389e+02 6.3427398682e+02 6.3424798584e+02 6.3426300049e+02 6.3430603027e+02 6.3445001221e+02 6.3458801270e+02 6.3468402100e+02 6.3489501953e+02
6.3504302979e+02 6.3492199707e+02 6.3487597656e+02 6.3484899902e+02 6.3482000732e+02 6.3473400879e+02 6.3463598633e+02 6.3457800293e+02 6.3452697754e+02 6.3441900635e+02 6.3432897949e+02 6.3424200439e+02 6.3415399170e+02 6.3408001709e+02 6.3402899170e+02 6.3398101807e+02 6.3394702148e+02 6.3397998047e+02 6.3399499512e+02 6.3398297119e+02 6.3397399902e+02 6.3396801758e+02 6.3395001221e+02 6.3390502930e+02 6.3384100342e+02 6.3392901611e+02 6.3405603027e+02 6.3411798096e+02 6.3410900879e+02 6.3412097168e+02 6.3417700195e+02 6.3424499512e+02 6.3426202393e+02 6.3422399902e+02 6.3420800781e+02 6.3423199463e+02 6.3428497314e+02 6.3427502441e+02 6.3422100830e+02 6.3417297363e+02 6.3416302490e+02 6.3415997314e+02 6.3414898682e+02 6.3411401367e+02 6.3405999756e+02 6.3417498779e+02
6.3461999512e+02 6.3456597900e+02 6.3454901123e+02 6.3455999756e+02 6.3457897949e+02 6.3455798340e+02 6.3446697998e+02 6.3439599609e+02 6.3435400391e+02 6.3433697510e+02 6.3431896973e+02 6.3422198486e+02 6.3411297607e+02 6.3403997803e+02 6.3396099854e+02 6.3390399170e+02 6.3386798096e+02 6.3390600586e+02 6.3393298340e+02 6.3392297363e+02 6.3390802002e+02 6.3389300537e+02 6.3387500000e+02 6.3383599854e+02 6.3376202393e+02 6.3379199219e+02 6.3388397217e+02 6.3394799805e+02 6.3395898438e+02 6.3399902344e+02 6.3408398438e+02 6.3416198730e+02 6.3418402100e+02 6.3414300537e+02 6.3410699463e+02 6.3411700439e+02 6.3415899658e+02 6.3412500000e+02 6.3407598877e+02 6.3405999756e+02 6.3407501221e+02 6.3407202148e+02 6.3403497314e+02 6.3397399902e+02 6.3393402100e+02 6.3394396973e+02
6.3414599609e+02 6.3409899902e+02 6.3405902100e+02 6.3405102539e+02 6.3410699463e+02 6.3414599609e+02 6.3406298828e+02 6.3397399902e+02 6.3397100830e+02 6.3402899170e+02 6.3413000488e+02 6.3409698486e+02 6.3405700684e+02 6.3402099609e+02 6.3391497803e+02 6.3383197021e+02 6.3379602051e+02 6.3383599854e+02 6.3386297607e+02 6.3384802246e+02 6.3383099365e+02 6.3381597900e+02 6.3380401611e+02 6.3377197266e+02 6.3369897461e+02 6.3367297363e+02 6.3371398926e+02 6.3377001953e+02 6.3380603027e+02 6.3387500000e+02 6.3399401855e+02 6.3408697510e+02 6.3408599854e+02 6.3402600098e+02 6.3398901367e+02 6.3399298096e+02 6.3402502441e+02 6.3398400879e+02 6.3394799805e+02 6.3394897461e+02 6.3395300293e+02 6.3395697021e+02 6.3393902588e+02 6.3387902832e+02 6.3385101318e+02 6.3382702637e+02
6.3375701904e+02 6.3372100830e+02 6.3364599609e+02 6.3357598877e+02 6.3360198975e+02 6.3365301514e+02 6.3359399414e+02 6.3353399658e+02 6.3357800293e+02 6.3363598633e+02 6.3376202393e+02 6.3372100830e+02 6.3376397705e+02 6.3382598877e+02 6.3378399658e+02 6.3373901367e+02 6.3372802734e+02 6.3376800537e+02 6.3378601074e+02 6.3376800537e+02 6.3375799561e+02 6.3374597168e+02 6.3373901367e+02 6.3371099854e+02 6.3364099121e+02 6.3357702637e+02 6.3356500244e+02 6.3359899902e+02 6.3364898682e+02 6.3372802734e+02 6.3385302734e+02 6.3394396973e+02 6.3393597412e+02 6.3390002441e+02 6.3388702393e+02 6.3388201904e+02 6.3389202881e+02 6.3386700439e+02 6.3385601807e+02 6.3385900879e+02 6.3382702637e+02 6.3384100342e+02 6.3385101318e+02 6.3380999756e+02 6.3378997803e+02 6.3373400879e+02
6.3345800781e+02 6.3344500732e+02 6.3341302490e+02 6.3336199951e+02 6.3336798096e+02 6.3336798096e+02 6.3335101318e+02 6.3334698486e+02 6.3337701416e+02 6.3340899658e+02 6.3344396973e+02 6.3337799072e+02 6.3338201904e+02 6.3345501709e+02 6.3349401855e+02 6.3354498291e+02 6.3363702393e+02 6.3368402100e+02 6.3370397949e+02 6.3369396973e+02 6.3368402100e+02 6.3367999268e+02 6.3367297363e+02 6.3364501953e+02 6.3356402588e+02 6.3348901367e+02 6.3344500732e+02 6.3345599365e+02 6.3350201416e+02 6.3355902100e+02 6.3365002441e+02 6.3372601318e+02 6.3375402832e+02 6.3378002930e+02 6.3379699707e+02 6.3377801514e+02 6.3376501465e+02 6.3376501465e+02 6.3377600098e+02 6.3378002930e+02 6.3377197266e+02 6.3377502441e+02 6.3378802490e+02 6.3379101563e+02 6.3376501465e+02 6.3371197510e+02
6.3319598389e+02 6.3318597412e+02 6.3317797852e+02 6.3316802979e+02 6.3316900635e+02 6.3315899658e+02 6.3313397217e+02 6.3312701416e+02 6.3314001465e+02 6.3317700195e+02 6.3317797852e+02 6.3315899658e+02 6.3315301514e+02 6.3316900635e+02 6.3323297119e+02 6.3335498047e+02 6.3351800537e+02 6.3360101318e+02 6.3363397217e+02 6.3364398193e+02 6.3363598633e+02 6.3363299561e+02 6.3360601807e+02 6.3356097412e+02 6.3346801758e+02 6.3337701416e+02 6.3333502197e+02 6.3334698486e+02 6.3337701416e+02 6.3341900635e+02 6.3348400879e+02 6.3353997803e+02 6.3358599854e+02 6.3363397217e+02 6.3365197754e+02 6.3363098145e+02 6.3361401367e+02 6.3362500000e+02 6.3366699219e+02 6.3373400879e+02 6.3378399658e+02 6.3375000000e+02 6.3369598389e+02 6.3370001221e+02 6.3370300293e+02 6.3365301514e+02
6.3296899414e+02 6.3296099854e+02 6.3296197510e+02 6.3296801758e+02 6.3299102783e+02 6.3297302246e+02 6.3293597412e+02 6.3292297363e+02 6.3292999268e+02 6.3296002197e+02 6.3297198486e+02 6.3297601318e+02 6.3300500488e+02 6.3303002930e+02 6.3310498047e+02 6.3325299072e+02 6.3343298340e+02 6.3353399658e+02 6.3356402588e+02 6.3357598877e+02 6.3356298828e+02 6.3355798340e+02 6.3353100586e+02 6.3348297119e+02 6.3338397217e+02 6.3327697754e+02 6.3323602295e+02 6.3324401855e+02 6.3326098633e+02 6.3330798340e+02 6.3335797119e+02 6.3338897705e+02 6.3341400146e+02 6.3345300293e+02 6.3346997070e+02 6.3346197510e+02 6.3344598389e+02 6.3346002197e+02 6.3351501465e+02 6.3360302734e+02 6.3367602539e+02 6.3364099121e+02 6.3358001709e+02 6.3358599854e+02 6.3359600830e+02 6.3354797363e+02
6.3277697754e+02 6.3277099609e+02 6.3277801514e+02 6.3279602051e+02 6.3283001709e+02 6.3281500244e+02 6.3278198242e+02 6.3277001953e+02 6.3276898193e+02 6.3279302979e+02 6.3282000732e+02 6.3284698486e+02 6.3290002441e+02 6.3291497803e+02 6.3297802734e+02 6.3313702393e+02 6.3333801270e+02 6.3346197510e+02 6.3349700928e+02 6.3350402832e+02 6.3348797607e+02 6.3348901367e+02 6.3347497559e+02 6.3342999268e+02 6.3332800293e+02 6.3321197510e+02 6.3316601563e+02 6.3316400146e+02 6.3315502930e+02 6.3318902588e+02 6.3322601318e+02 6.3324499512e+02 6.3325402832e+02 6.3327600098e+02 6.3328802490e+02 6.3329101563e+02 6.3328900146e+02 6.3329302979e+02 6.3331500244e+02 6.3336499023e+02 6.3341699219e+02 6.3341601563e+02 6.3340997314e+02 6.3344000244e+02 6.3345098877e+02 6.3345300293e+02
6.3263702393e+02 6.3261700439e+02 6.3262402344e+02 6.3264001465e+02 6.3265698242e+02 6.3266101074e+02 6.3265002441e+02 6.3264697266e+02 6.3264599609e+02 6.3265997314e+02 6.3269396973e+02 6.3273699951e+02 6.3278900146e+02 6.3278002930e+02 6.3282598877e+02 6.3299700928e+02 6.3324200439e+02 6.3338098145e+02 6.3343200684e+02 6.3343103027e+02 6.3340997314e+02 6.3341998291e+02 6.3342102051e+02 6.3338098145e+02 6.3328497314e+02 6.3315502930e+02 6.3310101318e+02 6.3309698486e+02 6.3307098389e+02 6.3305798340e+02 6.3308099365e+02 6.3309997559e+02 6.3311102295e+02 6.3313897705e+02 6.3314898682e+02 6.3315100098e+02 6.3314801025e+02 6.3313702393e+02 6.3312200928e+02 6.3313000488e+02 6.3315399170e+02 6.3317102051e+02 6.3320599365e+02 6.3324298096e+02 6.3325402832e+02 6.3330902100e+02
6.3248400879e+02 6.3246697998e+02 6.3246301270e+02 6.3246899414e+02 6.3248297119e+02 6.3248602295e+02 6.3248901367e+02 6.3249401855e+02 6.3250299072e+02 6.3252301025e+02 6.3255499268e+02 6.3259997559e+02 6.3267901611e+02 6.3266998291e+02 6.3269799805e+02 6.3288397217e+02 6.3315698242e+02 6.3331500244e+02 6.3336602783e+02 6.3336901855e+02 6.3337500000e+02 6.3335400391e+02 6.3334497070e+02 6.3331896973e+02 6.3324200439e+02 6.3311999512e+02 6.3303497314e+02 6.3299298096e+02 6.3296002197e+02 6.3295001221e+02 6.3296398926e+02 6.3297399902e+02 6.3296697998e+02 6.3299200439e+02 6.3301098633e+02 6.3301501465e+02 6.3300097656e+02 6.3299798584e+02 6.3299499512e+02 6.3301000977e+02 6.3302801514e+02 6.3303497314e+02 6.3303100586e+02 6.3304302979e+02 6.3310601807e+02 6.3316998291e+02
6.3233801270e+02 6.3231500244e+02 6.3230798340e+02 6.3230999756e+02 6.3231896973e+02 6.3232501221e+02 6.3233697510e+02 6.3235101318e+02 6.3237097168e+02 6.3239697266e+02 6.3243402100e+02 6.3248400879e+02 6.3256896973e+02 6.3255700684e+02 6.3258001709e+02 6.3277600098e+02 6.3306701660e+02 6.3324597168e+02 6.3330102539e+02 6.3331597900e+02 6.3333697510e+02 6.3329400635e+02 6.3327697754e+02 6.3325701904e+02 6.3319598389e+02 6.3309497070e+02 6.3300500488e+02 6.3294000244e+02 6.3289099121e+02 6.3286700439e+02 6.3285699463e+02 6.3284399414e+02 6.3282000732e+02 6.3282702637e+02 6.3284899902e+02 6.3286798096e+02 6.3285998535e+02 6.3286199951e+02 6.3286499023e+02 6.3287200928e+02 6.3288000488e+02 6.3289099121e+02 6.3289001465e+02 6.3290502930e+02 6.3296398926e+02 6.3299298096e+02
6.3220098877e+02 6.3217498779e+02 6.3216497803e+02 6.3216400146e+02 6.3217102051e+02 6.3218200684e+02 6.3220098877e+02 6.3222497559e+02 6.3225299072e+02 6.3227899170e+02 6.3231701660e+02 6.3236798096e+02 6.3244500732e+02 6.3243103027e+02 6.3246099854e+02 6.3266497803e+02 6.3296099854e+02 6.3315997314e+02 6.3322302246e+02 6.3323498535e+02 6.3324700928e+02 6.3321197510e+02 6.3320800781e+02 6.3319201660e+02 6.3314501953e+02 6.3306298828e+02 6.3297601318e+02 6.3290698242e+02 6.3284899902e+02 6.3280297852e+02 6.3275799561e+02 6.3271801758e+02 6.3268798828e+02 6.3268902588e+02 6.3270697021e+02 6.3273498535e+02 6.3274102783e+02 6.3274499512e+02 6.3274902344e+02 6.3275000000e+02 6.3275000000e+02 6.3276098633e+02 6.3278002930e+02 6.3280798340e+02 6.3283300781e+02 6.3282702637e+02
