TESTSERVER/6/5.asc
NCOLS 100
NROWS 100
XLLCORNER 7.7997500000e+03
YLLCORNER 2.8970025000e+05
CELLSIZE 5.0000000000e-01
NODATA_VALUE -9.9990000000e+03
[rows 20 to 39 of 100, columns 46 to 91 of 100]
6.2806201172e+02 6.2813299561e+02 6.2820202637e+02 6.2828698730e+02 6.2835699463e+02 6.2843499756e+02 6.2853900146e+02 6.2862402344e+02 6.2873797607e+02 6.2886798096e+02 6.2899499512e+02 6.2909197998e+02 6.2914001465e+02 6.2918701172e+02 6.2924597168e+02 6.2934197998e+02 6.2952398682e+02 6.2972802734e+02 6.3004498291e+02 6.3037701416e+02 6.3057702637e+02 6.3059002686e+02 6.3060101318e+02 6.3061102295e+02 6.3059301758e+02 6.3058697510e+02 6.3059301758e+02 6.3060400391e+02 6.3059497070e+02 6.3057098389e+02 6.3055200195e+02 6.3052502441e+02 6.3049700928e+02 6.3045300293e+02 6.3043402100e+02 6.3042297363e+02 6.3038500977e+02 6.3032000732e+02 6.3026098633e+02 6.3022399902e+02 6.3020098877e+02 6.3017102051e+02 6.3015802002e+02 6.3016101074e+02 6.3016900635e+02 6.3017700195e+02
6.2793902588e+02 6.2798797607e+02 6.2805603027e+02 6.2812597656e+02 6.2821099854e+02 6.2829498291e+02 6.2844702148e+02 6.2855499268e+02 6.2865502930e+02 6.2878002930e+02 6.2888500977e+02 6.2895898438e+02 6.2900897217e+02 6.2910498047e+02 6.2915698242e+02 6.2921997070e+02 6.2941497803e+02 6.2962799072e+02 6.2990997314e+02 6.3023498535e+02 6.3049102783e+02 6.3052197266e+02 6.3051702881e+02 6.3053698730e+02 6.3054699707e+02 6.3053399658e+02 6.3052899170e+02 6.3053302002e+02 6.3052600098e+02 6.3050201416e+02 6.3049597168e+02 6.3047900391e+02 6.3044799805e+02 6.3041101074e+02 6.3038702393e+02 6.3037097168e+02 6.3033898926e+02 6.3027301025e+02 6.3021997070e+02 6.3019000244e+02 6.3015502930e+02 6.3009600830e+02 6.3006500244e+02 6.3006402588e+02 6.3008001709e+02 6.3009698486e+02
6.2780401611e+02 6.2787097168e+02 6.2796197510e+02 6.2804302979e+02 6.2811700439e+02 6.2820697021e+02 6.2838397217e+02 6.2849499512e+02 6.2855102539e+02 6.2868103027e+02 6.2877801514e+02 6.2883898926e+02 6.2888000488e+02 6.2899902344e+02 6.2906201172e+02 6.2911102295e+02 6.2928802490e+02 6.2952502441e+02 6.2979602051e+02 6.3010998535e+02 6.3041198730e+02 6.3046099854e+02 6.3044897461e+02 6.3046398926e+02 6.3049298096e+02 6.3047802734e+02 6.3046697998e+02 6.3046801758e+02 6.3046600342e+02 6.3044500732e+02 6.3044097900e+02 6.3043298340e+02 6.3040502930e+02 6.3037402344e+02 6.3035101318e+02 6.3033099365e+02 6.3029998779e+02 6.3024597168e+02 6.3019598389e+02 6.3014801025e+02 6.3008398438e+02 6.3001501465e+02 6.2996997070e+02 6.2996197510e+02 6.2998999023e+02 6.3001702881e+02
6.2769396973e+02 6.2776599121e+02 6.2787500000e+02 6.2796997070e+02 6.2805102539e+02 6.2813299561e+02 6.2826202393e+02 6.2834802246e+02 6.2840698242e+02 6.2854400635e+02 6.2864398193e+02 6.2870697021e+02 6.2873797607e+02 6.2886297607e+02 6.2893902588e+02 6.2899200439e+02 6.2916101074e+02 6.2942700195e+02 6.2971002197e+02 6.3001599121e+02 6.3033001709e+02 6.3040002441e+02 6.3038897705e+02 6.3038500977e+02 6.3040802002e+02 6.3040502930e+02 6.3040600586e+02 6.3040600586e+02 6.3041497803e+02 6.3040002441e+02 6.3039398193e+02 6.3039898682e+02 6.3037701416e+02 6.3034600830e+02 6.3031597900e+02 6.3028399658e+02 6.3024798584e+02 6.3020202637e+02 6.3015100098e+02 6.3008300781e+02 6.3000598145e+02 6.2994702148e+02 6.2989501953e+02 6.2988098145e+02 6.2991699219e+02 6.2995098877e+02
6.2761999512e+02 6.2767602539e+02 6.2776800537e+02 6.2785797119e+02 6.2794500732e+02 6.2800701904e+02 6.2809802246e+02 6.2820300293e+02 6.2829101563e+02 6.2839099121e+02 6.2848999023e+02 6.2856402588e+02 6.2863098145e+02 6.2874700928e+02 6.2883197021e+02 6.2889501953e+02 6.2905401611e+02 6.2932299805e+02 6.2961999512e+02 6.2993103027e+02 6.3025598145e+02 6.3034301758e+02 6.3033697510e+02 6.3033697510e+02 6.3035797119e+02 6.3034997559e+02 6.3033801270e+02 6.3033197021e+02 6.3036199951e+02 6.3035198975e+02 6.3034197998e+02 6.3034600830e+02 6.3032397461e+02 6.3030297852e+02 6.3026898193e+02 6.3022601318e+02 6.3018701172e+02 6.3013598633e+02 6.3008197021e+02 6.3001702881e+02 6.2995300293e+02 6.2990698242e+02 6.2985797119e+02 6.2983898926e+02 6.2986901855e+02 6.2990100098e+02
6.2752801514e+02 6.2757202148e+02 6.2765698242e+02 6.2776000977e+02 6.2785400391e+02 6.2790002441e+02 6.2797998047e+02 6.2809497070e+02 6.2818103027e+02 6.2828002930e+02 6.2837200928e+02 6.2843298340e+02 6.2850201416e+02 6.2864099121e+02 6.2871801758e+02 6.2876702881e+02 6.2893298340e+02 6.2919702148e+02 6.2950000000e+02 6.2983099365e+02 6.3017602539e+02 6.3028601074e+02 6.3027398682e+02 6.3027899170e+02 6.3029602051e+02 6.3029699707e+02 6.3028002930e+02 6.3027001953e+02 6.3029302979e+02 6.3029797363e+02 6.3029797363e+02 6.3029498291e+02 6.3028100586e+02 6.3026300049e+02 6.3022698975e+02 6.3017102051e+02 6.3012200928e+02 6.3008001709e+02 6.3003802490e+02 6.2998400879e+02 6.2992297363e+02 6.2986602783e+02 6.2981799316e+02 6.2979998779e+02 6.2982000732e+02 6.2983697510e+02
6.2744000244e+02 6.2748602295e+02 6.2755700684e+02 6.2764801025e+02 6.2773498535e+02 6.2780401611e+02 6.2786798096e+02 6.2796301270e+02 6.2805499268e+02 6.2815899658e+02 6.2825799561e+02 6.2832897949e+02 6.2841497803e+02 6.2855902100e+02 6.2862200928e+02 6.2866101074e+02 6.2882397461e+02 6.2907501221e+02 6.2937701416e+02 6.2972100830e+02 6.3007501221e+02 6.3022497559e+02 6.3022302246e+02 6.3022998047e+02 6.3024700928e+02 6.3025000000e+02 6.3023498535e+02 6.3021697998e+02 6.3023199463e+02 6.3026599121e+02 6.3028100586e+02 6.3027099609e+02 6.3026000977e+02 6.3023400879e+02 6.3019598389e+02 6.3014599609e+02 6.3010302734e+02 6.3007800293e+02 6.3003802490e+02 6.2997100830e+02 6.2988500977e+02 6.2980700684e+02 6.2975299072e+02 6.2973297119e+02 6.2975701904e+02 6.2977600098e+02
6.2734002686e+02 6.2739898682e+02 6.2744897461e+02 6.2751898193e+02 6.2760900879e+02 6.2770800781e+02 6.2776397705e+02 6.2784399414e+02 6.2793200684e+02 6.2803399658e+02 6.2814300537e+02 6.2823101807e+02 6.2833502197e+02 6.2847601318e+02 6.2853100586e+02 6.2856402588e+02 6.2872100830e+02 6.2896398926e+02 6.2926898193e+02 6.2962402344e+02 6.2997698975e+02 6.3014398193e+02 6.3015698242e+02 6.3016699219e+02 6.3018902588e+02 6.3018798828e+02 6.3017401123e+02 6.3015301514e+02 6.3018298340e+02 6.3024200439e+02 6.3026501465e+02 6.3024902344e+02 6.3023999023e+02 6.3020501709e+02 6.3016699219e+02 6.3013201904e+02 6.3009698486e+02 6.3007397461e+02 6.3002899170e+02 6.2994598389e+02 6.2983398438e+02 6.2974298096e+02 6.2967999268e+02 6.2965899658e+02 6.2968298340e+02 6.2970800781e+02
6.2722497559e+02 6.2730700684e+02 6.2735998535e+02 6.2741802979e+02 6.2751397705e+02 6.2760900879e+02 6.2766998291e+02 6.2775201416e+02 6.2783197021e+02 6.2791497803e+02 6.2801898193e+02 6.2811901855e+02 6.2822601318e+02 6.2834899902e+02 6.2841900635e+02 6.2846801758e+02 6.2861199951e+02 6.2885302734e+02 6.2916601563e+02 6.2952697754e+02 6.2988098145e+02 6.3006201172e+02 6.3009100342e+02 6.3009600830e+02 6.3008898926e+02 6.3010101318e+02 6.3010101318e+02 6.3009100342e+02 6.3012701416e+02 6.3019000244e+02 6.3021502686e+02 6.3020397949e+02 6.3019201660e+02 6.3016198730e+02 6.3012701416e+02 6.3010601807e+02 6.3007202148e+02 6.3003802490e+02 6.2998901367e+02 6.2990100098e+02 6.2977600098e+02 6.2967999268e+02 6.2961602783e+02 6.2958898926e+02 6.2959997559e+02 6.2963598633e+02
6.2711901855e+02 6.2721697998e+02 6.2728302002e+02 6.2733300781e+02 6.2741900635e+02 6.2750799561e+02 6.2756597900e+02 6.2765100098e+02 6.2775299072e+02 6.2782000732e+02 6.2790698242e+02 6.2799798584e+02 6.2811901855e+02 6.2825402832e+02 6.2833398438e+02 6.2837298584e+02 6.2850701904e+02 6.2876599121e+02 6.2908898926e+02 6.2943298340e+02 6.2978698730e+02 6.3000201416e+02 6.3002697754e+02 6.3002197266e+02 6.3002697754e+02 6.3003497314e+02 6.3003802490e+02 6.3003002930e+02 6.3005102539e+02 6.3011199951e+02 6.3015802002e+02 6.3015802002e+02 6.3013098145e+02 6.3010101318e+02 6.3009002686e+02 6.3008697510e+02 6.3003497314e+02 6.2998400879e+02 6.2993402100e+02 6.2985400391e+02 6.2973699951e+02 6.2963702393e+02 6.2956500244e+02 6.2952899170e+02 6.2953997803e+02 6.2956097412e+02
6.2701202393e+02 6.2711199951e+02 6.2718597412e+02 6.2723199463e+02 6.2730499268e+02 6.2741699219e+02 6.2748199463e+02 6.2755102539e+02 6.2766699219e+02 6.2774200439e+02 6.2783300781e+02 6.2791998291e+02 6.2803802490e+02 6.2817999268e+02 6.2827600098e+02 6.2830902100e+02 6.2842297363e+02 6.2867602539e+02 6.2898297119e+02 6.2932702637e+02 6.2970202637e+02 6.2994201660e+02 6.2996398926e+02 6.2995501709e+02 6.2997601318e+02 6.2998101807e+02 6.2997698975e+02 6.2996197510e+02 6.2997900391e+02 6.3004400635e+02 6.3009899902e+02 6.3010400391e+02 6.3007702637e+02 6.3006201172e+02 6.3006298828e+02 6.3004400635e+02 6.2997399902e+02 6.2992102051e+02 6.2987500000e+02 6.2980603027e+02 6.2970098877e+02 6.2959802246e+02 6.2951898193e+02 6.2947601318e+02 6.2948602295e+02 6.2949798584e+02
6.2690997314e+02 6.2700701904e+02 6.2709197998e+02 6.2714202881e+02 6.2719396973e+02 6.2733001709e+02 6.2740002441e+02 6.2744201660e+02 6.2755603027e+02 6.2763201904e+02 6.2773498535e+02 6.2783398438e+02 6.2795501709e+02 6.2809997559e+02 6.2820898438e+02 6.2824102783e+02 6.2832598877e+02 6.2855297852e+02 6.2883801270e+02 6.2919702148e+02 6.2959899902e+02 6.2986700439e+02 6.2990899658e+02 6.2989398193e+02 6.2991400146e+02 6.2992102051e+02 6.2991802979e+02 6.2989898682e+02 6.2991101074e+02 6.2998101807e+02 6.3003698730e+02 6.3004400635e+02 6.3002697754e+02 6.3002697754e+02 6.3001501465e+02 6.2997302246e+02 6.2990698242e+02 6.2986602783e+02 6.2982202148e+02 6.2975201416e+02 6.2965301514e+02 6.2955401611e+02 6.2947698975e+02 6.2943103027e+02 6.2943103027e+02 6.2943798828e+02
6.2680499268e+02 6.2689599609e+02 6.2701098633e+02 6.2708001709e+02 6.2711901855e+02 6.2723498535e+02 6.2728497314e+02 6.2733599854e+02 6.2743298340e+02 6.2750701904e+02 6.2761700439e+02 6.2773999023e+02 6.2786901855e+02 6.2801702881e+02 6.2812799072e+02 6.2816198730e+02 6.2822802734e+02 6.2844097900e+02 6.2872601318e+02 6.2908801270e+02 6.2949798584e+02 6.2976800537e+02 6.2984100342e+02 6.2982598877e+02 6.2984802246e+02 6.2985400391e+02 6.2985601807e+02 6.2984802246e+02 6.2985601807e+02 6.2990899658e+02 6.2996600342e+02 6.2998199463e+02 6.2997100830e+02 6.2996502686e+02 6.2994500732e+02 6.2991198730e+02 6.2985900879e+02 6.2981097412e+02 6.2975701904e+02 6.2967901611e+02 6.2957897949e+02 6.2949200439e+02 6.2942297363e+02 6.2937597656e+02 6.2935900879e+02 6.2936102295e+02
6.2671301270e+02 6.2680200195e+02 6.2691900635e+02 6.2701000977e+02 6.2707501221e+02 6.2718701172e+02 6.2722998047e+02 6.2727197266e+02 6.2733801270e+02 6.2741699219e+02 6.2752899170e+02 6.2765899658e+02 6.2777697754e+02 6.2792401123e+02 6.2805401611e+02 6.2809399414e+02 6.2816101074e+02 6.2835900879e+02 6.2864202881e+02 6.2900097656e+02 6.2941198730e+02 6.2969500732e+02 6.2977398682e+02 6.2975897217e+02 6.2977697754e+02 6.2979901123e+02 6.2980200195e+02 6.2978601074e+02 6.2977697754e+02 6.2983099365e+02 6.2989202881e+02 6.2991497803e+02 6.2991400146e+02 6.2990100098e+02 6.2987097168e+02 6.2983697510e+02 6.2977801514e+02 6.2972198486e+02 6.2966198730e+02 6.2959002686e+02 6.2949401855e+02 6.2941699219e+02 6.2936401367e+02 6.2931402588e+02 6.2927801514e+02 6.2926300049e+02
6.2662597656e+02 6.2670898438e+02 6.2681500244e+02 6.2692999268e+02 6.2700897217e+02 6.2708001709e+02 6.2712902832e+02 6.2718200684e+02 6.2725299072e+02 6.2733300781e+02 6.2743402100e+02 6.2756298828e+02 6.2768402100e+02 6.2782800293e+02 6.2797399902e+02 6.2802398682e+02 6.2807598877e+02 6.2825299072e+02 6.2853302002e+02 6.2888800049e+02 6.2929998779e+02 6.2960998535e+02 6.2970599365e+02 6.2969097900e+02 6.2970300293e+02 6.2973400879e+02 6.2974401855e+02 6.2972100830e+02 6.2970001221e+02 6.2975299072e+02 6.2980200195e+02 6.2981298828e+02 6.2981597900e+02 6.2980499268e+02 6.2976599121e+02 6.2971899414e+02 6.2965600586e+02 6.2959197998e+02 6.2953698730e+02 6.2948101807e+02 6.2940997314e+02 6.2934899902e+02 6.2930200195e+02 6.2924798584e+02 6.2921002197e+02 6.2920300293e+02
6.2655200195e+02 6.2661199951e+02 6.2669500732e+02 6.2681597900e+02 6.2692797852e+02 6.2697998047e+02 6.2702801514e+02 6.2709497070e+02 6.2718298340e+02 6.2726202393e+02 6.2736199951e+02 6.2750299072e+02 6.2763201904e+02 6.2776898193e+02 6.2791497803e+02 6.2796301270e+02 6.2798602295e+02 6.2813500977e+02 6.2841302490e+02 6.2877502441e+02 6.2918902588e+02 6.2951300049e+02 6.2963598633e+02 6.2963098145e+02 6.2964300537e+02 6.2967102051e+02 6.2968701172e+02 6.2966699219e+02 6.2963702393e+02 6.2967999268e+02 6.2970599365e+02 6.2969598389e+02 6.2969000244e+02 6.2968103027e+02 6.2964398193e+02 6.2959399414e+02 6.2953997803e+02 6.2948297119e+02 6.2943902588e+02 6.2940301514e+02 6.2935198975e+02 6.2929302979e+02 6.2924499512e+02 6.2920202637e+02 6.2917199707e+02 6.2917102051e+02
6.2648101807e+02 6.2654302979e+02 6.2660998535e+02 6.2671697998e+02 6.2687701416e+02 6.2695098877e+02 6.2696801758e+02 6.2702099609e+02 6.2711602783e+02 6.2720001221e+02 6.2730499268e+02 6.2744799805e+02 6.2758300781e+02 6.2772998047e+02 6.2785797119e+02 6.2790899658e+02 6.2791400146e+02 6.2802398682e+02 6.2830102539e+02 6.2869000244e+02 6.2913598633e+02 6.2944000244e+02 6.2957202148e+02 6.2957598877e+02 6.2959197998e+02 6.2961499023e+02 6.2962200928e+02 6.2960699463e+02 6.2959197998e+02 6.2961199951e+02 6.2961798096e+02 6.2959899902e+02 6.2957897949e+02 6.2957202148e+02 6.2954901123e+02 6.2951202393e+02 6.2947497559e+02 6.2942498779e+02 6.2939202881e+02 6.2936499023e+02 6.2931799316e+02 6.2925000000e+02 6.2920001221e+02 6.2916601563e+02 6.2913598633e+02 6.2914099121e+02
6.2639599609e+02 6.2646997070e+02 6.2654101563e+02 6.2662701416e+02 6.2675701904e+02 6.2684301758e+02 6.2689202881e+02 6.2695397949e+02 6.2705401611e+02 6.2712200928e+02 6.2722900391e+02 6.2738397217e+02 6.2753601074e+02 6.2767498779e+02 6.2779101563e+02 6.2785101318e+02 6.2785699463e+02 6.2794897461e+02 6.2821398926e+02 6.2858898926e+02 6.2902697754e+02 6.2937701416e+02 6.2951300049e+02 6.2950500488e+02 6.2951702881e+02 6.2954998779e+02 6.2955700684e+02 6.2954498291e+02 6.2953002930e+02 6.2953399658e+02 6.2953997803e+02 6.2953601074e+02 6.2951000977e+02 6.2949401855e+02 6.2947198486e+02 6.2943499756e+02 6.2939398193e+02 6.2932897949e+02 6.2930999756e+02 6.2930700684e+02 6.2927899170e+02 6.2921801758e+02 6.2916699219e+02 6.2913702393e+02 6.2911401367e+02 6.2912701416e+02
6.2631500244e+02 6.2639599609e+02 6.2646997070e+02 6.2654302979e+02 6.2664898682e+02 6.2675897217e+02 6.2684997559e+02 6.2693402100e+02 6.2702600098e+02 6.2707000732e+02 6.2717498779e+02 6.2733599854e+02 6.2748602295e+02 6.2761199951e+02 6.2772802734e+02 6.2778997803e+02 6.2779699707e+02 6.2788098145e+02 6.2813500977e+02 6.2850402832e+02 6.2893103027e+02 6.2929199219e+02 6.2943798828e+02 6.2944598389e+02 6.2946197510e+02 6.2948797607e+02 6.2948901367e+02 6.2947399902e+02 6.2945800781e+02 6.2945599365e+02 6.2946301270e+02 6.2946002197e+02 6.2943499756e+02 6.2941699219e+02 6.2939599609e+02 6.2936999512e+02 6.2935400391e+02 6.2930297852e+02 6.2926202393e+02 6.2923901367e+02 6.2921398926e+02 6.2916497803e+02 6.2913098145e+02 6.2911102295e+02 6.2908599854e+02 6.2909698486e+02
6.2626898193e+02 6.2636102295e+02 6.2641900635e+02 6.2647802734e+02 6.2658599854e+02 6.2669299316e+02 6.2679302979e+02 6.2689398193e+02 6.2699798584e+02 6.2704400635e+02 6.2714300537e+02 6.2728900146e+02 6.2741601563e+02 6.2754199219e+02 6.2766302490e+02 6.2772399902e+02 6.2771997070e+02 6.2779901123e+02 6.2804901123e+02 6.2842901611e+02 6.2884002686e+02 6.2918597412e+02 6.2936199951e+02 6.2938702393e+02 6.2941101074e+02 6.2942700195e+02 6.2942498779e+02 6.2941400146e+02 6.2939898682e+02 6.2940399170e+02 6.2940301514e+02 6.2938299561e+02 6.2936199951e+02 6.2934600830e+02 6.2933001709e+02 6.2932000732e+02 6.2933300781e+02 6.2930798340e+02 6.2923797607e+02 6.2917999268e+02 6.2915899658e+02 6.2912402344e+02 6.2910498047e+02 6.2909301758e+02 6.2905700684e+02 6.2905603027e+02
