TESTSERVER/6/5.asc
NCOLS 100
NROWS 100
XLLCORNER 7.7997500000e+03
YLLCORNER 2.8970025000e+05
CELLSIZE 5.0000000000e-01
NODATA_VALUE -9.9990000000e+03
[rows 60 to 79 of 100, columns 46 to 91 of 100]
6.2572302246e+02 6.2578002930e+02 6.2581799316e+02 6.2586700439e+02 6.2592297363e+02 6.2600299072e+02 6.2609997559e+02 6.2616198730e+02 6.2620098877e+02 6.2625299072e+02 6.2632501221e+02 6.2641900635e+02 6.2649597168e+02 6.2654602051e+02 6.2661700439e+02 6.2667901611e+02 6.2670001221e+02 6.2678002930e+02 6.2682098389e+02 6.2684497070e+02 6.2696099854e+02 6.2717401123e+02 6.2745898438e+02 6.2777502441e+02 6.2805499268e+02 6.2812902832e+02 6.2813000488e+02 6.2813397217e+02 6.2812298584e+02 6.2812298584e+02 6.2810797119e+02 6.2807598877e+02 6.2804998779e+02 6.2803497314e+02 6.2802301025e+02 6.2798901367e+02 6.2795501709e+02 6.2791400146e+02 6.2783801270e+02 6.2774798584e+02 6.2769702148e+02 6.2764398193e+02 6.2760797119e+02 6.2759100342e+02 6.2756201172e+02 6.2753302002e+02
6.2567498779e+02 6.2573101807e+02 6.2578802490e+02 6.2585302734e+02 6.2591699219e+02 6.2596899414e+02 6.2604998779e+02 6.2613098145e+02 6.2619201660e+02 6.2624798584e+02 6.2632000732e+02 6.2640502930e+02 6.2647900391e+02 6.2652697754e+02 6.2657800293e+02 6.2663800049e+02 6.2667797852e+02 6.2673699951e+02 6.2678100586e+02 6.2680603027e+02 6.2691302490e+02 6.2709100342e+02 6.2735699463e+02 6.2766998291e+02 6.2796997070e+02 6.2807897949e+02 6.2806298828e+02 6.2805603027e+02 6.2806402588e+02 6.2804998779e+02 6.2803399658e+02 6.2800701904e+02 6.2798602295e+02 6.2798901367e+02 6.2796502686e+02 6.2791497803e+02 6.2787298584e+02 6.2784197998e+02 6.2777001953e+02 6.2767700195e+02 6.2761199951e+02 6.2757202148e+02 6.2753399658e+02 6.2749597168e+02 6.2746301270e+02 6.2745397949e+02
6.2565197754e+02 6.2570898438e+02 6.2577099609e+02 6.2583898926e+02 6.2591101074e+02 6.2596398926e+02 6.2604101563e+02 6.2611901855e+02 6.2618200684e+02 6.2623999023e+02 6.2630401611e+02 6.2637799072e+02 6.2644897461e+02 6.2650201416e+02 6.2655603027e+02 6.2661297607e+02 6.2665399170e+02 6.2670001221e+02 6.2673199463e+02 6.2674902344e+02 6.2684698486e+02 6.2701098633e+02 6.2726898193e+02 6.2757897949e+02 6.2788397217e+02 6.2801898193e+02 6.2800598145e+02 6.2799597168e+02 6.2801300049e+02 6.2799200439e+02 6.2797497559e+02 6.2795001221e+02 6.2792297363e+02 6.2793402100e+02 6.2790399170e+02 6.2784997559e+02 6.2780999756e+02 6.2777899170e+02 6.2771600342e+02 6.2762799072e+02 6.2754400635e+02 6.2750201416e+02 6.2746398926e+02 6.2741699219e+02 6.2738397217e+02 6.2738598633e+02
6.2565802002e+02 6.2570800781e+02 6.2576702881e+02 6.2582098389e+02 6.2588397217e+02 6.2596502686e+02 6.2604498291e+02 6.2610498047e+02 6.2616400146e+02 6.2622100830e+02 6.2627502441e+02 6.2633502197e+02 6.2640100098e+02 6.2646301270e+02 6.2653198242e+02 6.2658801270e+02 6.2661401367e+02 6.2665197754e+02 6.2668200684e+02 6.2669201660e+02 6.2676501465e+02 6.2691998291e+02 6.2716900635e+02 6.2747198486e+02 6.2777801514e+02 6.2794396973e+02 6.2795098877e+02 6.2793200684e+02 6.2794702148e+02 6.2793597412e+02 6.2792498779e+02 6.2790100098e+02 6.2786401367e+02 6.2786700439e+02 6.2783898926e+02 6.2778900146e+02 6.2775000000e+02 6.2771600342e+02 6.2766601563e+02 6.2759301758e+02 6.2750097656e+02 6.2744702148e+02 6.2739398193e+02 6.2733599854e+02 6.2730297852e+02 6.2729498291e+02
6.2564398193e+02 6.2570800781e+02 6.2577197266e+02 6.2581298828e+02 6.2585498047e+02 6.2594897461e+02 6.2602197266e+02 6.2607098389e+02 6.2612799072e+02 6.2619598389e+02 6.2625000000e+02 6.2630499268e+02 6.2635699463e+02 6.2641497803e+02 6.2648797607e+02 6.2653698730e+02 6.2655700684e+02 6.2660601807e+02 6.2664202881e+02 6.2664697266e+02 6.2668798828e+02 6.2682598877e+02 6.2705297852e+02 6.2734600830e+02 6.2765997314e+02 6.2786901855e+02 6.2790100098e+02 6.2786499023e+02 6.2785797119e+02 6.2785797119e+02 6.2784997559e+02 6.2783197021e+02 6.2779901123e+02 6.2779199219e+02 6.2777398682e+02 6.2773400879e+02 6.2770098877e+02 6.2766998291e+02 6.2762402344e+02 6.2755700684e+02 6.2747497559e+02 6.2740197754e+02 6.2733099365e+02 6.2726599121e+02 6.2722100830e+02 6.2719598389e+02
6.2560900879e+02 6.2566699219e+02 6.2573101807e+02 6.2578198242e+02 6.2583502197e+02 6.2591998291e+02 6.2598999023e+02 6.2603802490e+02 6.2607000732e+02 6.2611798096e+02 6.2620397949e+02 6.2628399658e+02 6.2633502197e+02 6.2637902832e+02 6.2644799805e+02 6.2649700928e+02 6.2652001953e+02 6.2657702637e+02 6.2660900879e+02 6.2659997559e+02 6.2661700439e+02 6.2673297119e+02 6.2693902588e+02 6.2722802734e+02 6.2755401611e+02 6.2779797363e+02 6.2784899902e+02 6.2780798340e+02 6.2780401611e+02 6.2779699707e+02 6.2779199219e+02 6.2778002930e+02 6.2774499512e+02 6.2773699951e+02 6.2773901367e+02 6.2769799805e+02 6.2764099121e+02 6.2761700439e+02 6.2757098389e+02 6.2750299072e+02 6.2741699219e+02 6.2734002686e+02 6.2727600098e+02 6.2721899414e+02 6.2716101074e+02 6.2712799072e+02
6.2560699463e+02 6.2563800049e+02 6.2569097900e+02 6.2575799561e+02 6.2582897949e+02 6.2590100098e+02 6.2596600342e+02 6.2601800537e+02 6.2604901123e+02 6.2608697510e+02 6.2616998291e+02 6.2625299072e+02 6.2630798340e+02 6.2634802246e+02 6.2641802979e+02 6.2646502686e+02 6.2648199463e+02 6.2652001953e+02 6.2654602051e+02 6.2653302002e+02 6.2654101563e+02 6.2663702393e+02 6.2682702637e+02 6.2710699463e+02 6.2744000244e+02 6.2771301270e+02 6.2779302979e+02 6.2776397705e+02 6.2775799561e+02 6.2774700928e+02 6.2773797607e+02 6.2772802734e+02 6.2769396973e+02 6.2768200684e+02 6.2769500732e+02 6.2766497803e+02 6.2759301758e+02 6.2756201172e+02 6.2751599121e+02 6.2745001221e+02 6.2736999512e+02 6.2730499268e+02 6.2723999023e+02 6.2717401123e+02 6.2711700439e+02 6.2709497070e+02
6.2559301758e+02 6.2561602783e+02 6.2566802979e+02 6.2573999023e+02 6.2582000732e+02 6.2588897705e+02 6.2595001221e+02 6.2600701904e+02 6.2605700684e+02 6.2609002686e+02 6.2614099121e+02 6.2620001221e+02 6.2626202393e+02 6.2631097412e+02 6.2637799072e+02 6.2642602539e+02 6.2644500732e+02 6.2645898438e+02 6.2647399902e+02 6.2646398926e+02 6.2646899414e+02 6.2654199219e+02 6.2671697998e+02 6.2698498535e+02 6.2730798340e+02 6.2759802246e+02 6.2771697998e+02 6.2770599365e+02 6.2768597412e+02 6.2767199707e+02 6.2766198730e+02 6.2765600586e+02 6.2763201904e+02 6.2761401367e+02 6.2762597656e+02 6.2760998535e+02 6.2754302979e+02 6.2750598145e+02 6.2745697021e+02 6.2739099121e+02 6.2731799316e+02 6.2728002930e+02 6.2722302246e+02 6.2715002441e+02 6.2709399414e+02 6.2707299805e+02
6.2555102539e+02 6.2558502197e+02 6.2564300537e+02 6.2570800781e+02 6.2578100586e+02 6.2586798096e+02 6.2591900635e+02 6.2596899414e+02 6.2601800537e+02 6.2605999756e+02 6.2610601807e+02 6.2615197754e+02 6.2620898438e+02 6.2625201416e+02 6.2631201172e+02 6.2636700439e+02 6.2640399170e+02 6.2641198730e+02 6.2641101074e+02 6.2639599609e+02 6.2638500977e+02 6.2645001221e+02 6.2660601807e+02 6.2686297607e+02 6.2716998291e+02 6.2746697998e+02 6.2762402344e+02 6.2763800049e+02 6.2760498047e+02 6.2760400391e+02 6.2760601807e+02 6.2760498047e+02 6.2757000732e+02 6.2753497314e+02 6.2753900146e+02 6.2753601074e+02 6.2749298096e+02 6.2744702148e+02 6.2739697266e+02 6.2732800293e+02 6.2725500488e+02 6.2723101807e+02 6.2718902588e+02 6.2712402344e+02 6.2705902100e+02 6.2702697754e+02
6.2549401855e+02 6.2554400635e+02 6.2562799072e+02 6.2570397949e+02 6.2575799561e+02 6.2581298828e+02 6.2585101318e+02 6.2590100098e+02 6.2597399902e+02 6.2601800537e+02 6.2606799316e+02 6.2610400391e+02 6.2612799072e+02 6.2616198730e+02 6.2622998047e+02 6.2630297852e+02 6.2634899902e+02 6.2636602783e+02 6.2635998535e+02 6.2634002686e+02 6.2632397461e+02 6.2635498047e+02 6.2647698975e+02 6.2672802734e+02 6.2703997803e+02 6.2733300781e+02 6.2753302002e+02 6.2758197021e+02 6.2756298828e+02 6.2756402588e+02 6.2755700684e+02 6.2754797363e+02 6.2751501465e+02 6.2746502686e+02 6.2745599365e+02 6.2746301270e+02 6.2744299316e+02 6.2740698242e+02 6.2736700439e+02 6.2730102539e+02 6.2722698975e+02 6.2718798828e+02 6.2713800049e+02 6.2707501221e+02 6.2701599121e+02 6.2698400879e+02
6.2543597412e+02 6.2549597168e+02 6.2559197998e+02 6.2567297363e+02 6.2572601318e+02 6.2577301025e+02 6.2581298828e+02 6.2586499023e+02 6.2593103027e+02 6.2596099854e+02 6.2599902344e+02 6.2602697754e+02 6.2605401611e+02 6.2608801270e+02 6.2615802002e+02 6.2623797607e+02 6.2628997803e+02 6.2630999756e+02 6.2630401611e+02 6.2628002930e+02 6.2626098633e+02 6.2627398682e+02 6.2636602783e+02 6.2659197998e+02 6.2691101074e+02 6.2720800781e+02 6.2743701172e+02 6.2751800537e+02 6.2750701904e+02 6.2749700928e+02 6.2748901367e+02 6.2748901367e+02 6.2747100830e+02 6.2741198730e+02 6.2738397217e+02 6.2738299561e+02 6.2738201904e+02 6.2734899902e+02 6.2731201172e+02 6.2725598145e+02 6.2719000244e+02 6.2714099121e+02 6.2708697510e+02 6.2702899170e+02 6.2698498535e+02 6.2695300293e+02
6.2538500977e+02 6.2544799805e+02 6.2553900146e+02 6.2561401367e+02 6.2567401123e+02 6.2572698975e+02 6.2577301025e+02 6.2582098389e+02 6.2586199951e+02 6.2589599609e+02 6.2594097900e+02 6.2597302246e+02 6.2600598145e+02 6.2603601074e+02 6.2609997559e+02 6.2617401123e+02 6.2622497559e+02 6.2625097656e+02 6.2624499512e+02 6.2621801758e+02 6.2619396973e+02 6.2620202637e+02 6.2627099609e+02 6.2646197510e+02 6.2677001953e+02 6.2707397461e+02 6.2732800293e+02 6.2744097900e+02 6.2743597412e+02 6.2741802979e+02 6.2741699219e+02 6.2742797852e+02 6.2741400146e+02 6.2735998535e+02 6.2732202148e+02 6.2730700684e+02 6.2731097412e+02 6.2728002930e+02 6.2723901367e+02 6.2719201660e+02 6.2715002441e+02 6.2710498047e+02 6.2704901123e+02 6.2699200439e+02 6.2695300293e+02 6.2690997314e+02
6.2535302734e+02 6.2541497803e+02 6.2548498535e+02 6.2555200195e+02 6.2561401367e+02 6.2566302490e+02 6.2571197510e+02 6.2575000000e+02 6.2577899170e+02 6.2583502197e+02 6.2588897705e+02 6.2592297363e+02 6.2595800781e+02 6.2598699951e+02 6.2603900146e+02 6.2609997559e+02 6.2615600586e+02 6.2619500732e+02 6.2619201660e+02 6.2615997314e+02 6.2612500000e+02 6.2611798096e+02 6.2617102051e+02 6.2633300781e+02 6.2661798096e+02 6.2692297363e+02 6.2719799805e+02 6.2734997559e+02 6.2736999512e+02 6.2735900879e+02 6.2736297607e+02 6.2735900879e+02 6.2732897949e+02 6.2730102539e+02 6.2727301025e+02 6.2724798584e+02 6.2723400879e+02 6.2721197510e+02 6.2717401123e+02 6.2713598633e+02 6.2711999512e+02 6.2707702637e+02 6.2701599121e+02 6.2695001221e+02 6.2690100098e+02 6.2684899902e+02
6.2531597900e+02 6.2537799072e+02 6.2541699219e+02 6.2546997070e+02 6.2553399658e+02 6.2559698486e+02 6.2565802002e+02 6.2570098877e+02 6.2575097656e+02 6.2579400635e+02 6.2582098389e+02 6.2584301758e+02 6.2588000488e+02 6.2590899658e+02 6.2594396973e+02 6.2599200439e+02 6.2604797363e+02 6.2609600830e+02 6.2609600830e+02 6.2607202148e+02 6.2605297852e+02 6.2602502441e+02 6.2604498291e+02 6.2618902588e+02 6.2647698975e+02 6.2677301025e+02 6.2706799316e+02 6.2725799561e+02 6.2729602051e+02 6.2729498291e+02 6.2730102539e+02 6.2729400635e+02 6.2727099609e+02 6.2724102783e+02 6.2721099854e+02 6.2719201660e+02 6.2718103027e+02 6.2716302490e+02 6.2713397217e+02 6.2710198975e+02 6.2706896973e+02 6.2702301025e+02 6.2696099854e+02 6.2688500977e+02 6.2682702637e+02 6.2678002930e+02
6.2525500488e+02 6.2532098389e+02 6.2535699463e+02 6.2540600586e+02 6.2547399902e+02 6.2555700684e+02 6.2562097168e+02 6.2565002441e+02 6.2568597412e+02 6.2573297119e+02 6.2575097656e+02 6.2577801514e+02 6.2580200195e+02 6.2582098389e+02 6.2584197998e+02 6.2587701416e+02 6.2593103027e+02 6.2597399902e+02 6.2597497559e+02 6.2596502686e+02 6.2597100830e+02 6.2593701172e+02 6.2593200684e+02 6.2604998779e+02 6.2631896973e+02 6.2661297607e+02 6.2692602539e+02 6.2715802002e+02 6.2723297119e+02 6.2722698975e+02 6.2722998047e+02 6.2722698975e+02 6.2721697998e+02 6.2718701172e+02 6.2715100098e+02 6.2712902832e+02 6.2711798096e+02 6.2710601807e+02 6.2709100342e+02 6.2706402588e+02 6.2702099609e+02 6.2696502686e+02 6.2689898682e+02 6.2682598877e+02 6.2676702881e+02 6.2671697998e+02
6.2517797852e+02 6.2525500488e+02 6.2530297852e+02 6.2534802246e+02 6.2540899658e+02 6.2550701904e+02 6.2557397461e+02 6.2559100342e+02 6.2561102295e+02 6.2567102051e+02 6.2569396973e+02 6.2571697998e+02 6.2572497559e+02 6.2574200439e+02 6.2575701904e+02 6.2578198242e+02 6.2582897949e+02 6.2586798096e+02 6.2587097168e+02 6.2587200928e+02 6.2589697266e+02 6.2586297607e+02 6.2584100342e+02 6.2593597412e+02 6.2616497803e+02 6.2646002197e+02 6.2678100586e+02 6.2704699707e+02 6.2717199707e+02 6.2716699219e+02 6.2716400146e+02 6.2715899658e+02 6.2715100098e+02 6.2712701416e+02 6.2709600830e+02 6.2707000732e+02 6.2704998779e+02 6.2704901123e+02 6.2704199219e+02 6.2701202393e+02 6.2696502686e+02 6.2690301514e+02 6.2683801270e+02 6.2677600098e+02 6.2672302246e+02 6.2666302490e+02
6.2511798096e+02 6.2520098877e+02 6.2525402832e+02 6.2529101563e+02 6.2533398438e+02 6.2542401123e+02 6.2550097656e+02 6.2553601074e+02 6.2556701660e+02 6.2560900879e+02 6.2563500977e+02 6.2565502930e+02 6.2566601563e+02 6.2566699219e+02 6.2568402100e+02 6.2570397949e+02 6.2573699951e+02 6.2578002930e+02 6.2578802490e+02 6.2579302979e+02 6.2583001709e+02 6.2579998779e+02 6.2576300049e+02 6.2582202148e+02 6.2600701904e+02 6.2632598877e+02 6.2664202881e+02 6.2692297363e+02 6.2711199951e+02 6.2711102295e+02 6.2709997559e+02 6.2709100342e+02 6.2707598877e+02 6.2706097412e+02 6.2704699707e+02 6.2702502441e+02 6.2699298096e+02 6.2698699951e+02 6.2697802734e+02 6.2694500732e+02 6.2690301514e+02 6.2685101318e+02 6.2679199219e+02 6.2673797607e+02 6.2668402100e+02 6.2663201904e+02
6.2506799316e+02 6.2513702393e+02 6.2518701172e+02 6.2523199463e+02 6.2527197266e+02 6.2535699463e+02 6.2542700195e+02 6.2546600342e+02 6.2547698975e+02 6.2551300049e+02 6.2555401611e+02 6.2559399414e+02 6.2562597656e+02 6.2561102295e+02 6.2562402344e+02 6.2563897705e+02 6.2564398193e+02 6.2569000244e+02 6.2570501709e+02 6.2570098877e+02 6.2572698975e+02 6.2571197510e+02 6.2566998291e+02 6.2569799805e+02 6.2586999512e+02 6.2617498779e+02 6.2649298096e+02 6.2678997803e+02 6.2701898193e+02 6.2705999756e+02 6.2703900146e+02 6.2703100586e+02 6.2702801514e+02 6.2701397705e+02 6.2699499512e+02 6.2696502686e+02 6.2693499756e+02 6.2693402100e+02 6.2692498779e+02 6.2688897705e+02 6.2683801270e+02 6.2679199219e+02 6.2674798584e+02 6.2670599365e+02 6.2665802002e+02 6.2662298584e+02
6.2500000000e+02 6.2504901123e+02 6.2510400391e+02 6.2516101074e+02 6.2521002197e+02 6.2528302002e+02 6.2534301758e+02 6.2538299561e+02 6.2540600586e+02 6.2543701172e+02 6.2547698975e+02 6.2552801514e+02 6.2557098389e+02 6.2554797363e+02 6.2557000732e+02 6.2558697510e+02 6.2555999756e+02 6.2559698486e+02 6.2562701416e+02 6.2562799072e+02 6.2563598633e+02 6.2562701416e+02 6.2557800293e+02 6.2557897949e+02 6.2571801758e+02 6.2599401855e+02 6.2632202148e+02 6.2663897705e+02 6.2691101074e+02 6.2700201416e+02 6.2698101807e+02 6.2696197510e+02 6.2696197510e+02 6.2695300293e+02 6.2693200684e+02 6.2689599609e+02 6.2686602783e+02 6.2687298584e+02 6.2686199951e+02 6.2682598877e+02 6.2678100586e+02 6.2674200439e+02 6.2670800781e+02 6.2667401123e+02 6.2663299561e+02 6.2660797119e+02
6.2493103027e+02 6.2497497559e+02 6.2502398682e+02 6.2508099365e+02 6.2515002441e+02 6.2521801758e+02 6.2527502441e+02 6.2531896973e+02 6.2534802246e+02 6.2535797119e+02 6.2538201904e+02 6.2542401123e+02 6.2546398926e+02 6.2544500732e+02 6.2547198486e+02 6.2549597168e+02 6.2548297119e+02 6.2551202393e+02 6.2554699707e+02 6.2555603027e+02 6.2555700684e+02 6.2554302979e+02 6.2548797607e+02 6.2546997070e+02 6.2557000732e+02 6.2581500244e+02 6.2614697266e+02 6.2648602295e+02 6.2679302979e+02 6.2692999268e+02 6.2691802979e+02 6.2689001465e+02 6.2688897705e+02 6.2688702393e+02 6.2686700439e+02 6.2682501221e+02 6.2679199219e+02 6.2679199219e+02 6.2678100586e+02 6.2675402832e+02 6.2672399902e+02 6.2669000244e+02 6.2665502930e+02 6.2662097168e+02 6.2658898926e+02 6.2656701660e+02
