TESTSERVER/6/6.asc
NCOLS 100
NROWS 100
XLLCORNER 7.7997500000e+03
YLLCORNER 2.8965025000e+05
CELLSIZE 5.0000000000e-01
NODATA_VALUE -9.9990000000e+03
[rows 0 to 19 of 100, columns 0 to 45 of 100]
6.2352301025e+02 6.2351702881e+02 6.2354400635e+02 6.2358599854e+02 6.2359301758e+02 6.2359399414e+02 6.2360498047e+02 6.2364001465e+02 6.2366302490e+02 6.2368402100e+02 6.2371398926e+02 6.2375299072e+02 6.2379101563e+02 6.2382501221e+02 6.2386602783e+02 6.2387799072e+02 6.2392999268e+02 6.2399200439e+02 6.2399499512e+02 6.2396600342e+02 6.2396002197e+02 6.2395300293e+02 6.2396099854e+02 6.2395898438e+02 6.2398297119e+02 6.2402301025e+02 6.2399298096e+02 6.2395202637e+02 6.2394299316e+02 6.2394702148e+02 6.2394897461e+02 6.2394097900e+02 6.2393499756e+02 6.2393902588e+02 6.2394702148e+02 6.2394598389e+02 6.2396398926e+02 6.2397497559e+02 6.2397302246e+02 6.2399401855e+02 6.2398999023e+02 6.2398297119e+02 6.2399401855e+02 6.2400598145e+02 6.2401098633e+02 6.2402099609e+02
6.2351202393e+02 6.2351000977e+02 6.2353997803e+02 6.2357299805e+02 6.2356597900e+02 6.2354400635e+02 6.2356097412e+02 6.2360498047e+02 6.2363201904e+02 6.2364300537e+02 6.2367297363e+02 6.2371899414e+02 6.2374902344e+02 6.2378198242e+02 6.2383697510e+02 6.2386102295e+02 6.2391101074e+02 6.2396002197e+02 6.2396997070e+02 6.2398498535e+02 6.2397698975e+02 6.2395397949e+02 6.2395599365e+02 6.2395098877e+02 6.2395397949e+02 6.2396301270e+02 6.2394702148e+02 6.2392602539e+02 6.2390698242e+02 6.2391198730e+02 6.2392297363e+02 6.2391198730e+02 6.2391101074e+02 6.2391900635e+02 6.2392199707e+02 6.2390698242e+02 6.2390802002e+02 6.2391601563e+02 6.2392901611e+02 6.2395001221e+02 6.2395697021e+02 6.2396099854e+02 6.2398297119e+02 6.2398297119e+02 6.2397998047e+02 6.2398999023e+02
6.2350201416e+02 6.2351098633e+02 6.2355603027e+02 6.2359497070e+02 6.2357000732e+02 6.2352398682e+02 6.2352398682e+02 6.2358502197e+02 6.2362402344e+02 6.2362298584e+02 6.2364099121e+02 6.2369299316e+02 6.2372100830e+02 6.2374798584e+02 6.2380102539e+02 6.2382702637e+02 6.2387200928e+02 6.2391101074e+02 6.2393701172e+02 6.2397698975e+02 6.2397302246e+02 6.2394097900e+02 6.2392999268e+02 6.2392602539e+02 6.2392199707e+02 6.2391900635e+02 6.2390698242e+02 6.2390301514e+02 6.2389202881e+02 6.2389697266e+02 6.2390698242e+02 6.2390100098e+02 6.2389898682e+02 6.2390197754e+02 6.2391198730e+02 6.2392297363e+02 6.2390100098e+02 6.2389202881e+02 6.2390502930e+02 6.2391198730e+02 6.2391497803e+02 6.2391998291e+02 6.2394897461e+02 6.2395501709e+02 6.2395397949e+02 6.2396697998e+02
6.2350500488e+02 6.2351397705e+02 6.2356701660e+02 6.2360498047e+02 6.2356799316e+02 6.2351202393e+02 6.2351098633e+02 6.2360198975e+02 6.2365802002e+02 6.2363201904e+02 6.2360601807e+02 6.2366101074e+02 6.2370898438e+02 6.2374298096e+02 6.2377600098e+02 6.2378997803e+02 6.2382598877e+02 6.2385797119e+02 6.2389300537e+02 6.2393701172e+02 6.2394201660e+02 6.2391601563e+02 6.2390301514e+02 6.2389697266e+02 6.2389599609e+02 6.2389898682e+02 6.2389398193e+02 6.2387902832e+02 6.2387097168e+02 6.2388098145e+02 6.2389001465e+02 6.2388098145e+02 6.2386700439e+02 6.2386401367e+02 6.2387701416e+02 6.2390301514e+02 6.2388800049e+02 6.2388702393e+02 6.2389898682e+02 6.2389898682e+02 6.2389501953e+02 6.2389202881e+02 6.2390600586e+02 6.2391900635e+02 6.2392602539e+02 6.2394097900e+02
6.2349798584e+02 6.2350701904e+02 6.2354602051e+02 6.2355999756e+02 6.2352398682e+02 6.2349200439e+02 6.2350299072e+02 6.2360400391e+02 6.2367498779e+02 6.2363098145e+02 6.2353900146e+02 6.2360900879e+02 6.2370300293e+02 6.2378002930e+02 6.2378302002e+02 6.2375097656e+02 6.2377697754e+02 6.2381500244e+02 6.2385601807e+02 6.2389300537e+02 6.2391601563e+02 6.2391198730e+02 6.2390997314e+02 6.2389599609e+02 6.2389202881e+02 6.2390100098e+02 6.2391497803e+02 6.2387597656e+02 6.2385302734e+02 6.2384997559e+02 6.2386700439e+02 6.2386199951e+02 6.2383300781e+02 6.2382202148e+02 6.2383099365e+02 6.2382501221e+02 6.2383398438e+02 6.2385302734e+02 6.2386102295e+02 6.2386901855e+02 6.2387298584e+02 6.2387298584e+02 6.2387402344e+02 6.2387701416e+02 6.2389099121e+02 6.2390600586e+02
6.2348498535e+02 6.2349597168e+02 6.2352502441e+02 6.2352801514e+02 6.2349298096e+02 6.2347100830e+02 6.2347900391e+02 6.2348699951e+02 6.2352398682e+02 6.2353802490e+02 6.2351599121e+02 6.2356201172e+02 6.2369598389e+02 6.2383300781e+02 6.2384197998e+02 6.2374597168e+02 6.2373797607e+02 6.2377398682e+02 6.2381799316e+02 6.2385699463e+02 6.2388800049e+02 6.2389398193e+02 6.2389697266e+02 6.2389300537e+02 6.2388201904e+02 6.2388800049e+02 6.2391497803e+02 6.2390100098e+02 6.2386999512e+02 6.2384899902e+02 6.2387097168e+02 6.2386901855e+02 6.2382702637e+02 6.2380401611e+02 6.2381298828e+02 6.2380798340e+02 6.2380798340e+02 6.2380700684e+02 6.2380401611e+02 6.2381097412e+02 6.2381896973e+02 6.2382598877e+02 6.2383398438e+02 6.2383697510e+02 6.2385699463e+02 6.2388299561e+02
6.2348999023e+02 6.2348901367e+02 6.2351300049e+02 6.2353302002e+02 6.2349700928e+02 6.2346997070e+02 6.2348199463e+02 6.2346697998e+02 6.2346301270e+02 6.2347399902e+02 6.2348699951e+02 6.2354302979e+02 6.2367498779e+02 6.2377301025e+02 6.2375799561e+02 6.2367797852e+02 6.2368902588e+02 6.2374200439e+02 6.2379101563e+02 6.2381500244e+02 6.2383898926e+02 6.2385198975e+02 6.2386901855e+02 6.2386999512e+02 6.2385797119e+02 6.2385498047e+02 6.2386602783e+02 6.2385900879e+02 6.2384497070e+02 6.2381896973e+02 6.2382897949e+02 6.2382501221e+02 6.2378900146e+02 6.2377301025e+02 6.2378302002e+02 6.2377697754e+02 6.2377197266e+02 6.2376599121e+02 6.2376202393e+02 6.2376599121e+02 6.2377001953e+02 6.2377398682e+02 6.2378802490e+02 6.2379998779e+02 6.2381799316e+02 6.2383898926e+02
6.2348297119e+02 6.2346301270e+02 6.2347601318e+02 6.2349798584e+02 6.2346997070e+02 6.2345001221e+02 6.2346997070e+02 6.2348297119e+02 6.2347900391e+02 6.2346099854e+02 6.2345300293e+02 6.2353497314e+02 6.2366400146e+02 6.2369799805e+02 6.2361999512e+02 6.2358099365e+02 6.2362097168e+02 6.2369299316e+02 6.2376000977e+02 6.2376898193e+02 6.2378698730e+02 6.2380700684e+02 6.2383398438e+02 6.2384100342e+02 6.2383099365e+02 6.2382202148e+02 6.2381597900e+02 6.2380499268e+02 6.2380102539e+02 6.2377301025e+02 6.2376202393e+02 6.2376000977e+02 6.2374298096e+02 6.2374102783e+02 6.2374597168e+02 6.2374298096e+02 6.2374700928e+02 6.2374298096e+02 6.2373101807e+02 6.2372802734e+02 6.2372802734e+02 6.2372900391e+02 6.2374597168e+02 6.2376202393e+02 6.2376800537e+02 6.2377600098e+02
6.2346301270e+02 6.2343597412e+02 6.2345001221e+02 6.2345501709e+02 6.2343597412e+02 6.2342498779e+02 6.2344097900e+02 6.2349499512e+02 6.2351098633e+02 6.2347900391e+02 6.2343597412e+02 6.2349401855e+02 6.2360900879e+02 6.2362701416e+02 6.2353002930e+02 6.2351300049e+02 6.2355401611e+02 6.2362799072e+02 6.2370501709e+02 6.2372698975e+02 6.2374200439e+02 6.2376800537e+02 6.2379797363e+02 6.2381500244e+02 6.2381500244e+02 6.2380200195e+02 6.2378002930e+02 6.2376098633e+02 6.2374798584e+02 6.2372601318e+02 6.2371997070e+02 6.2372802734e+02 6.2372601318e+02 6.2372100830e+02 6.2371502686e+02 6.2371600342e+02 6.2372399902e+02 6.2371997070e+02 6.2370098877e+02 6.2369201660e+02 6.2369396973e+02 6.2369396973e+02 6.2370397949e+02 6.2372399902e+02 6.2371997070e+02 6.2371502686e+02
6.2346099854e+02 6.2344299316e+02 6.2344000244e+02 6.2345397949e+02 6.2344396973e+02 6.2342602539e+02 6.2342999268e+02 6.2347399902e+02 6.2348297119e+02 6.2345898438e+02 6.2342901611e+02 6.2341802979e+02 6.2348199463e+02 6.2351702881e+02 6.2348797607e+02 6.2346997070e+02 6.2352099609e+02 6.2362701416e+02 6.2373101807e+02 6.2372100830e+02 6.2370300293e+02 6.2371697998e+02 6.2376599121e+02 6.2381097412e+02 6.2381896973e+02 6.2379400635e+02 6.2374700928e+02 6.2372399902e+02 6.2370697021e+02 6.2368902588e+02 6.2368200684e+02 6.2369201660e+02 6.2368701172e+02 6.2367999268e+02 6.2368103027e+02 6.2368902588e+02 6.2369598389e+02 6.2368798828e+02 6.2367102051e+02 6.2367602539e+02 6.2367401123e+02 6.2366497803e+02 6.2367602539e+02 6.2369201660e+02 6.2369201660e+02 6.2367999268e+02
6.2341497803e+02 6.2341601563e+02 6.2340399170e+02 6.2343200684e+02 6.2343701172e+02 6.2342999268e+02 6.2342602539e+02 6.2344201660e+02 6.2344702148e+02 6.2343200684e+02 6.2342102051e+02 6.2340002441e+02 6.2345898438e+02 6.2351000977e+02 6.2349401855e+02 6.2345397949e+02 6.2349102783e+02 6.2360601807e+02 6.2371697998e+02 6.2367297363e+02 6.2362701416e+02 6.2364398193e+02 6.2372698975e+02 6.2378198242e+02 6.2378900146e+02 6.2376000977e+02 6.2372100830e+02 6.2371002197e+02 6.2368103027e+02 6.2364202881e+02 6.2363000488e+02 6.2364501953e+02 6.2364099121e+02 6.2363800049e+02 6.2364599609e+02 6.2366497803e+02 6.2366998291e+02 6.2365399170e+02 6.2363299561e+02 6.2364801025e+02 6.2365100098e+02 6.2364300537e+02 6.2364697266e+02 6.2365399170e+02 6.2366101074e+02 6.2365502930e+02
6.2335498047e+02 6.2334399414e+02 6.2333398438e+02 6.2337799072e+02 6.2340600586e+02 6.2342401123e+02 6.2343499756e+02 6.2344201660e+02 6.2344500732e+02 6.2342700195e+02 6.2341198730e+02 6.2340600586e+02 6.2345397949e+02 6.2349102783e+02 6.2347100830e+02 6.2342797852e+02 6.2345501709e+02 6.2355902100e+02 6.2365600586e+02 6.2359002686e+02 6.2353302002e+02 6.2356402588e+02 6.2368200684e+02 6.2372698975e+02 6.2372497559e+02 6.2369702148e+02 6.2367901611e+02 6.2369299316e+02 6.2366699219e+02 6.2360998535e+02 6.2357702637e+02 6.2359002686e+02 6.2359197998e+02 6.2359899902e+02 6.2361401367e+02 6.2363397217e+02 6.2363500977e+02 6.2361901855e+02 6.2360699463e+02 6.2361700439e+02 6.2361700439e+02 6.2361297607e+02 6.2361602783e+02 6.2361199951e+02 6.2361901855e+02 6.2361602783e+02
6.2334399414e+02 6.2328698730e+02 6.2324401855e+02 6.2327301025e+02 6.2330999756e+02 6.2335699463e+02 6.2340100098e+02 6.2343103027e+02 6.2343798828e+02 6.2341998291e+02 6.2339801025e+02 6.2339300537e+02 6.2340600586e+02 6.2343298340e+02 6.2344201660e+02 6.2340600586e+02 6.2344299316e+02 6.2353997803e+02 6.2361199951e+02 6.2351702881e+02 6.2346002197e+02 6.2350201416e+02 6.2361700439e+02 6.2366302490e+02 6.2365002441e+02 6.2361798096e+02 6.2360101318e+02 6.2365698242e+02 6.2367297363e+02 6.2362200928e+02 6.2354797363e+02 6.2353302002e+02 6.2354199219e+02 6.2356896973e+02 6.2358801270e+02 6.2358697510e+02 6.2358502197e+02 6.2358801270e+02 6.2360498047e+02 6.2358300781e+02 6.2356298828e+02 6.2356500244e+02 6.2358197021e+02 6.2358001709e+02 6.2358197021e+02 6.2358001709e+02
6.2343103027e+02 6.2338800049e+02 6.2332000732e+02 6.2325402832e+02 6.2322497559e+02 6.2322497559e+02 6.2325799561e+02 6.2329199219e+02 6.2333599854e+02 6.2337799072e+02 6.2340698242e+02 6.2341601563e+02 6.2340899658e+02 6.2341601563e+02 6.2343701172e+02 6.2341998291e+02 6.2344598389e+02 6.2352899170e+02 6.2356701660e+02 6.2347698975e+02 6.2342498779e+02 6.2346398926e+02 6.2356597900e+02 6.2359698486e+02 6.2357702637e+02 6.2353900146e+02 6.2352301025e+02 6.2359698486e+02 6.2365399170e+02 6.2361401367e+02 6.2351202393e+02 6.2347698975e+02 6.2350402832e+02 6.2354998779e+02 6.2355902100e+02 6.2353399658e+02 6.2352301025e+02 6.2352899170e+02 6.2354699707e+02 6.2353399658e+02 6.2352099609e+02 6.2352697754e+02 6.2354101563e+02 6.2354602051e+02 6.2355200195e+02 6.2354901123e+02
6.2350598145e+02 6.2349298096e+02 6.2344000244e+02 6.2336798096e+02 6.2329699707e+02 6.2322998047e+02 6.2319000244e+02 6.2316497803e+02 6.2319299316e+02 6.2325500488e+02 6.2333398438e+02 6.2339801025e+02 6.2341900635e+02 6.2341900635e+02 6.2342797852e+02 6.2341998291e+02 6.2342901611e+02 6.2346197510e+02 6.2348199463e+02 6.2343200684e+02 6.2340399170e+02 6.2344201660e+02 6.2352398682e+02 6.2354602051e+02 6.2351800537e+02 6.2347802734e+02 6.2345599365e+02 6.2350402832e+02 6.2357501221e+02 6.2356201172e+02 6.2347497559e+02 6.2344396973e+02 6.2348498535e+02 6.2353802490e+02 6.2353198242e+02 6.2348602295e+02 6.2346600342e+02 6.2346899414e+02 6.2348699951e+02 6.2348999023e+02 6.2348901367e+02 6.2349200439e+02 6.2349597168e+02 6.2350701904e+02 6.2351800537e+02 6.2351300049e+02
6.2350701904e+02 6.2350500488e+02 6.2349902344e+02 6.2348498535e+02 6.2342199707e+02 6.2333300781e+02 6.2326300049e+02 6.2319396973e+02 6.2316497803e+02 6.2317102051e+02 6.2320599365e+02 6.2326702881e+02 6.2332897949e+02 6.2336602783e+02 6.2338897705e+02 6.2339898682e+02 6.2340399170e+02 6.2340301514e+02 6.2341101074e+02 6.2340802002e+02 6.2341497803e+02 6.2345001221e+02 6.2349700928e+02 6.2351098633e+02 6.2348199463e+02 6.2344500732e+02 6.2342297363e+02 6.2344799805e+02 6.2351702881e+02 6.2352398682e+02 6.2345397949e+02 6.2343298340e+02 6.2348297119e+02 6.2353497314e+02 6.2351202393e+02 6.2345599365e+02 6.2343499756e+02 6.2343902588e+02 6.2345599365e+02 6.2346801758e+02 6.2346899414e+02 6.2346301270e+02 6.2346002197e+02 6.2347802734e+02 6.2349200439e+02 6.2348101807e+02
6.2348797607e+02 6.2347100830e+02 6.2348699951e+02 6.2348699951e+02 6.2345098877e+02 6.2340997314e+02 6.2340002441e+02 6.2337200928e+02 6.2331097412e+02 6.2323699951e+02 6.2318499756e+02 6.2316302490e+02 6.2318499756e+02 6.2322100830e+02 6.2325500488e+02 6.2332397461e+02 6.2336499023e+02 6.2338299561e+02 6.2339398193e+02 6.2341802979e+02 6.2344799805e+02 6.2346697998e+02 6.2346398926e+02 6.2347302246e+02 6.2345397949e+02 6.2343103027e+02 6.2342498779e+02 6.2345202637e+02 6.2350701904e+02 6.2350799561e+02 6.2344500732e+02 6.2341998291e+02 6.2346697998e+02 6.2351098633e+02 6.2349102783e+02 6.2344799805e+02 6.2343499756e+02 6.2344799805e+02 6.2347998047e+02 6.2347900391e+02 6.2346197510e+02 6.2344396973e+02 6.2343902588e+02 6.2345001221e+02 6.2346197510e+02 6.2343798828e+02
6.2350402832e+02 6.2347802734e+02 6.2346801758e+02 6.2345300293e+02 6.2343298340e+02 6.2341497803e+02 6.2341900635e+02 6.2342199707e+02 6.2339898682e+02 6.2334802246e+02 6.2328997803e+02 6.2325897217e+02 6.2321801758e+02 6.2317999268e+02 6.2317102051e+02 6.2319299316e+02 6.2324200439e+02 6.2329699707e+02 6.2333801270e+02 6.2337402344e+02 6.2341699219e+02 6.2343597412e+02 6.2341699219e+02 6.2341802979e+02 6.2341400146e+02 6.2340301514e+02 6.2339898682e+02 6.2343402100e+02 6.2347399902e+02 6.2345800781e+02 6.2339801025e+02 6.2337701416e+02 6.2341802979e+02 6.2346301270e+02 6.2345501709e+02 6.2342102051e+02 6.2341198730e+02 6.2343298340e+02 6.2347100830e+02 6.2348901367e+02 6.2346502686e+02 6.2342297363e+02 6.2339697266e+02 6.2346197510e+02 6.2351300049e+02 6.2345800781e+02
6.2350799561e+02 6.2347601318e+02 6.2346697998e+02 6.2345397949e+02 6.2344702148e+02 6.2343499756e+02 6.2341601563e+02 6.2340100098e+02 6.2339398193e+02 6.2337597656e+02 6.2336602783e+02 6.2338201904e+02 6.2333898926e+02 6.2327099609e+02 6.2322497559e+02 6.2317199707e+02 6.2316101074e+02 6.2318200684e+02 6.2322998047e+02 6.2326898193e+02 6.2332397461e+02 6.2336798096e+02 6.2337298584e+02 6.2339300537e+02 6.2340600586e+02 6.2340100098e+02 6.2338000488e+02 6.2339300537e+02 6.2340997314e+02 6.2339099121e+02 6.2336901855e+02 6.2337298584e+02 6.2341699219e+02 6.2345599365e+02 6.2343701172e+02 6.2339202881e+02 6.2337902832e+02 6.2340502930e+02 6.2344702148e+02 6.2347497559e+02 6.2344799805e+02 6.2339202881e+02 6.2337701416e+02 6.2351397705e+02 6.2357800293e+02 6.2347900391e+02
6.2355200195e+02 6.2350402832e+02 6.2349499512e+02 6.2348297119e+02 6.2347399902e+02 6.2345800781e+02 6.2342498779e+02 6.2338500977e+02 6.2337799072e+02 6.2337902832e+02 6.2339801025e+02 6.2345300293e+02 6.2344500732e+02 6.2339898682e+02 6.2336199951e+02 6.2327697754e+02 6.2321697998e+02 6.2318298340e+02 6.2318103027e+02 6.2318103027e+02 6.2321099854e+02 6.2326098633e+02 6.2329699707e+02 6.2334802246e+02 6.2339001465e+02 6.2340301514e+02 6.2337402344e+02 6.2336901855e+02 6.2336700439e+02 6.2335302734e+02 6.2336602783e+02 6.2339202881e+02 6.2344000244e+02 6.2347100830e+02 6.2343597412e+02 6.2337402344e+02 6.2335900879e+02 6.2338897705e+02 6.2344396973e+02 6.2347698975e+02 6.2343200684e+02 6.2335900879e+02 6.2334698486e+02 6.2347698975e+02 6.2352600098e+02 6.2343103027e+02
