TESTSERVER/6/6.asc
NCOLS 100
NROWS 100
XLLCORNER 7.7997500000e+03
YLLCORNER 2.8965025000e+05
CELLSIZE 5.0000000000e-01
NODATA_VALUE -9.9990000000e+03
[rows 80 to 99 of 100, columns 46 to 91 of 100]
6.3072802734e+02 6.3057800293e+02 6.3049298096e+02 6.3043798828e+02 6.3034399414e+02 6.3007098389e+02 6.2980603027e+02 6.2957202148e+02 6.2938702393e+02 6.2915698242e+02 6.2894201660e+02 6.2874700928e+02 6.2853399658e+02 6.2845397949e+02 6.2838201904e+02 6.2829400635e+02 6.2819201660e+02 6.2808197021e+02 6.2796997070e+02 6.2789501953e+02 6.2777600098e+02 6.2763000488e+02 6.2749401855e+02 6.2737799072e+02 6.2727301025e+02 6.2715997314e+02 6.2701599121e+02 6.2684301758e+02 6.2663897705e+02 6.2648400879e+02 6.2634301758e+02 6.2622100830e+02 6.2611999512e+02 6.2595898438e+02 6.2580999756e+02 6.2566900635e+02 6.2553399658e+02 6.2543499756e+02 6.2533801270e+02 6.2521697998e+02 6.2507202148e+02 6.2494702148e+02 6.2486297607e+02 6.2479602051e+02 6.2472698975e+02 6.2466802979e+02
6.3108599854e+02 6.3088299561e+02 6.3080401611e+02 6.3078997803e+02 6.3076098633e+02 6.3055902100e+02 6.3027001953e+02 6.2998797607e+02 6.2976898193e+02 6.2953198242e+02 6.2933099365e+02 6.2915899658e+02 6.2900000000e+02 6.2884899902e+02 6.2871002197e+02 6.2859301758e+02 6.2850402832e+02 6.2839801025e+02 6.2828601074e+02 6.2817999268e+02 6.2807501221e+02 6.2792797852e+02 6.2778002930e+02 6.2765600586e+02 6.2755902100e+02 6.2747100830e+02 6.2735198975e+02 6.2717602539e+02 6.2695202637e+02 6.2674298096e+02 6.2658801270e+02 6.2647100830e+02 6.2637298584e+02 6.2623901367e+02 6.2609497070e+02 6.2594897461e+02 6.2579901123e+02 6.2567797852e+02 6.2557501221e+02 6.2546197510e+02 6.2532397461e+02 6.2518298340e+02 6.2506799316e+02 6.2496502686e+02 6.2486798096e+02 6.2479699707e+02
6.3152502441e+02 6.3127502441e+02 6.3113201904e+02 6.3108801270e+02 6.3109002686e+02 6.3096398926e+02 6.3072100830e+02 6.3044396973e+02 6.3020697021e+02 6.3000299072e+02 6.2984600830e+02 6.2971099854e+02 6.2955902100e+02 6.2934698486e+02 6.2916302490e+02 6.2900598145e+02 6.2886401367e+02 6.2874902344e+02 6.2862799072e+02 6.2851202393e+02 6.2840899658e+02 6.2827697754e+02 6.2813800049e+02 6.2801501465e+02 6.2791802979e+02 6.2785302734e+02 6.2773101807e+02 6.2753399658e+02 6.2727099609e+02 6.2702600098e+02 6.2685400391e+02 6.2672900391e+02 6.2661999512e+02 6.2649200439e+02 6.2634802246e+02 6.2619702148e+02 6.2604498291e+02 6.2591802979e+02 6.2580999756e+02 6.2569897461e+02 6.2557202148e+02 6.2541699219e+02 6.2527398682e+02 6.2514202881e+02 6.2502697754e+02 6.2495098877e+02
6.3200402832e+02 6.3173797607e+02 6.3152502441e+02 6.3141497803e+02 6.3140502930e+02 6.3135302734e+02 6.3117602539e+02 6.3092700195e+02 6.3068402100e+02 6.3050097656e+02 6.3038000488e+02 6.3027502441e+02 6.3011401367e+02 6.2986199951e+02 6.2965600586e+02 6.2945397949e+02 6.2923498535e+02 6.2910797119e+02 6.2898797607e+02 6.2887597656e+02 6.2876599121e+02 6.2864599609e+02 6.2852502441e+02 6.2840899658e+02 6.2830999756e+02 6.2824102783e+02 6.2809497070e+02 6.2786798096e+02 6.2757501221e+02 6.2731201172e+02 6.2712799072e+02 6.2698999023e+02 6.2685900879e+02 6.2671899414e+02 6.2657000732e+02 6.2641400146e+02 6.2627001953e+02 6.2614697266e+02 6.2603302002e+02 6.2591998291e+02 6.2579400635e+02 6.2562597656e+02 6.2546502686e+02 6.2531597900e+02 6.2518902588e+02 6.2510601807e+02
6.3244897461e+02 6.3222601318e+02 6.3199798584e+02 6.3183502197e+02 6.3178100586e+02 6.3176800537e+02 6.3163098145e+02 6.3140100098e+02 6.3115600586e+02 6.3097302246e+02 6.3085900879e+02 6.3076501465e+02 6.3062902832e+02 6.3037597656e+02 6.3013299561e+02 6.2986901855e+02 6.2959100342e+02 6.2943902588e+02 6.2931701660e+02 6.2921099854e+02 6.2910198975e+02 6.2899798584e+02 6.2889202881e+02 6.2878198242e+02 6.2869702148e+02 6.2857702637e+02 6.2839001465e+02 6.2814099121e+02 6.2784600830e+02 6.2759600830e+02 6.2740301514e+02 6.2724401855e+02 6.2708502197e+02 6.2691900635e+02 6.2676000977e+02 6.2660400391e+02 6.2646398926e+02 6.2634497070e+02 6.2622399902e+02 6.2610198975e+02 6.2596697998e+02 6.2579602051e+02 6.2562701416e+02 6.2547302246e+02 6.2533801270e+02 6.2524298096e+02
6.3283697510e+02 6.3269097900e+02 6.3249499512e+02 6.3230999756e+02 6.3218902588e+02 6.3214300537e+02 6.3201397705e+02 6.3180401611e+02 6.3158502197e+02 6.3141400146e+02 6.3127899170e+02 6.3115100098e+02 6.3101000977e+02 6.3082299805e+02 6.3055798340e+02 6.3025097656e+02 6.2994799805e+02 6.2977502441e+02 6.2963000488e+02 6.2950701904e+02 6.2940197754e+02 6.2929101563e+02 6.2917401123e+02 6.2905200195e+02 6.2892901611e+02 6.2878997803e+02 6.2859899902e+02 6.2835998535e+02 6.2808197021e+02 6.2784600830e+02 6.2765197754e+02 6.2748101807e+02 6.2729998779e+02 6.2710797119e+02 6.2693798828e+02 6.2677398682e+02 6.2662701416e+02 6.2648999023e+02 6.2635699463e+02 6.2622998047e+02 6.2610498047e+02 6.2594702148e+02 6.2578302002e+02 6.2562402344e+02 6.2548297119e+02 6.2536297607e+02
6.3317602539e+02 6.3308801270e+02 6.3293902588e+02 6.3275598145e+02 6.3259399414e+02 6.3249298096e+02 6.3234997559e+02 6.3216699219e+02 6.3198797607e+02 6.3182397461e+02 6.3166601563e+02 6.3149499512e+02 6.3129302979e+02 6.3111499023e+02 6.3087799072e+02 6.3058300781e+02 6.3028601074e+02 6.3010998535e+02 6.2995898438e+02 6.2982800293e+02 6.2970098877e+02 6.2955999756e+02 6.2941699219e+02 6.2927197266e+02 6.2912902832e+02 6.2897802734e+02 6.2879498291e+02 6.2858001709e+02 6.2832897949e+02 6.2810101318e+02 6.2790100098e+02 6.2771398926e+02 6.2751501465e+02 6.2731597900e+02 6.2713500977e+02 6.2695397949e+02 6.2678100586e+02 6.2661102295e+02 6.2645898438e+02 6.2632397461e+02 6.2621301270e+02 6.2608398438e+02 6.2593701172e+02 6.2578601074e+02 6.2564099121e+02 6.2551397705e+02
6.3351202393e+02 6.3346002197e+02 6.3335302734e+02 6.3318200684e+02 6.3300500488e+02 6.3287597656e+02 6.3271600342e+02 6.3253900146e+02 6.3238299561e+02 6.3221398926e+02 6.3203302002e+02 6.3182397461e+02 6.3154797363e+02 6.3134899902e+02 6.3115301514e+02 6.3089398193e+02 6.3061700439e+02 6.3045001221e+02 6.3030200195e+02 6.3016400146e+02 6.3000897217e+02 6.2983398438e+02 6.2965997314e+02 6.2948901367e+02 6.2932897949e+02 6.2917102051e+02 6.2900201416e+02 6.2881500244e+02 6.2860400391e+02 6.2838201904e+02 6.2816998291e+02 6.2795800781e+02 6.2774499512e+02 6.2754901123e+02 6.2735400391e+02 6.2715502930e+02 6.2695300293e+02 6.2674298096e+02 6.2656500244e+02 6.2641900635e+02 6.2631500244e+02 6.2621600342e+02 6.2609100342e+02 6.2595697021e+02 6.2582202148e+02 6.2569799805e+02
6.3394097900e+02 6.3386401367e+02 6.3375000000e+02 6.3358001709e+02 6.3339898682e+02 6.3328802490e+02 6.3313397217e+02 6.3295300293e+02 6.3279797363e+02 6.3262701416e+02 6.3242297363e+02 6.3217700195e+02 6.3187597656e+02 6.3165197754e+02 6.3146398926e+02 6.3122698975e+02 6.3097198486e+02 6.3080102539e+02 6.3066400146e+02 6.3052801514e+02 6.3035498047e+02 6.3013800049e+02 6.2993798828e+02 6.2974499512e+02 6.2957299805e+02 6.2939001465e+02 6.2923400879e+02 6.2908001709e+02 6.2891900635e+02 6.2869396973e+02 6.2846997070e+02 6.2823797607e+02 6.2803997803e+02 6.2782897949e+02 6.2762500000e+02 6.2741699219e+02 6.2720501709e+02 6.2693499756e+02 6.2672802734e+02 6.2655798340e+02 6.2643103027e+02 6.2633697510e+02 6.2623797607e+02 6.2613702393e+02 6.2604498291e+02 6.2592602539e+02
6.3419500732e+02 6.3413299561e+02 6.3401501465e+02 6.3386602783e+02 6.3372399902e+02 6.3366400146e+02 6.3355102539e+02 6.3337597656e+02 6.3317498779e+02 6.3300701904e+02 6.3279602051e+02 6.3253601074e+02 6.3222698975e+02 6.3202697754e+02 6.3186901855e+02 6.3166198730e+02 6.3139599609e+02 6.3119396973e+02 6.3104797363e+02 6.3090899658e+02 6.3071600342e+02 6.3048101807e+02 6.3025799561e+02 6.3005102539e+02 6.2987500000e+02 6.2970800781e+02 6.2955102539e+02 6.2939599609e+02 6.2922698975e+02 6.2901000977e+02 6.2878601074e+02 6.2855499268e+02 6.2832598877e+02 6.2810900879e+02 6.2790197754e+02 6.2769299316e+02 6.2747601318e+02 6.2722399902e+02 6.2698797607e+02 6.2678900146e+02 6.2663800049e+02 6.2651501465e+02 6.2641400146e+02 6.2633099365e+02 6.2625299072e+02 6.2615698242e+02
6.3436102295e+02 6.3430902100e+02 6.3419897461e+02 6.3406402588e+02 6.3395098877e+02 6.3390698242e+02 6.3382397461e+02 6.3367999268e+02 6.3347900391e+02 6.3329602051e+02 6.3310498047e+02 6.3288201904e+02 6.3260900879e+02 6.3242602539e+02 6.3229699707e+02 6.3210601807e+02 6.3182299805e+02 6.3159399414e+02 6.3143597412e+02 6.3128997803e+02 6.3109100342e+02 6.3083502197e+02 6.3059197998e+02 6.3036602783e+02 6.3018597412e+02 6.3002697754e+02 6.2986798096e+02 6.2971002197e+02 6.2953698730e+02 6.2932397461e+02 6.2909802246e+02 6.2886199951e+02 6.2861499023e+02 6.2838299561e+02 6.2816699219e+02 6.2795202637e+02 6.2775000000e+02 6.2750500488e+02 6.2725402832e+02 6.2703601074e+02 6.2685998535e+02 6.2672302246e+02 6.2661700439e+02 6.2653302002e+02 6.2646502686e+02 6.2638299561e+02
6.3448699951e+02 6.3446002197e+02 6.3435998535e+02 6.3422900391e+02 6.3411602783e+02 6.3404998779e+02 6.3397900391e+02 6.3387298584e+02 6.3371899414e+02 6.3354498291e+02 6.3338702393e+02 6.3321600342e+02 6.3300701904e+02 6.3283502197e+02 6.3270202637e+02 6.3250402832e+02 6.3220697021e+02 6.3197198486e+02 6.3180700684e+02 6.3165600586e+02 6.3146197510e+02 6.3119396973e+02 6.3092999268e+02 6.3068402100e+02 6.3048797607e+02 6.3032897949e+02 6.3016802979e+02 6.3000598145e+02 6.2983599854e+02 6.2963000488e+02 6.2940197754e+02 6.2916101074e+02 6.2890600586e+02 6.2866497803e+02 6.2844201660e+02 6.2821997070e+02 6.2801898193e+02 6.2777899170e+02 6.2751898193e+02 6.2728802490e+02 6.2709399414e+02 6.2694598389e+02 6.2683300781e+02 6.2674798584e+02 6.2668597412e+02 6.2661499023e+02
6.3460198975e+02 6.3461798096e+02 6.3454998779e+02 6.3443701172e+02 6.3433599854e+02 6.3420697021e+02 6.3410400391e+02 6.3400500488e+02 6.3392297363e+02 6.3380603027e+02 6.3367401123e+02 6.3353698730e+02 6.3337402344e+02 6.3320098877e+02 6.3303601074e+02 6.3281201172e+02 6.3251501465e+02 6.3231097412e+02 6.3214599609e+02 6.3199401855e+02 6.3178900146e+02 6.3153497314e+02 6.3126300049e+02 6.3100000000e+02 6.3076800537e+02 6.3058197021e+02 6.3040899658e+02 6.3024499512e+02 6.3006701660e+02 6.2990399170e+02 6.2968798828e+02 6.2945501709e+02 6.2920202637e+02 6.2895501709e+02 6.2872497559e+02 6.2849597168e+02 6.2827502441e+02 6.2803601074e+02 6.2778198242e+02 6.2754498291e+02 6.2734002686e+02 6.2718200684e+02 6.2706799316e+02 6.2698498535e+02 6.2693798828e+02 6.2685601807e+02
6.3467401123e+02 6.3471502686e+02 6.3469396973e+02 6.3463299561e+02 6.3457702637e+02 6.3449200439e+02 6.3432202148e+02 6.3415100098e+02 6.3403802490e+02 6.3394299316e+02 6.3382702637e+02 6.3368499756e+02 6.3352301025e+02 6.3337097168e+02 6.3324798584e+02 6.3308001709e+02 6.3284698486e+02 6.3264398193e+02 6.3247900391e+02 6.3231799316e+02 6.3211798096e+02 6.3185797119e+02 6.3158502197e+02 6.3130902100e+02 6.3104498291e+02 6.3082397461e+02 6.3063598633e+02 6.3046899414e+02 6.3031298828e+02 6.3013800049e+02 6.2995001221e+02 6.2973999023e+02 6.2948999023e+02 6.2922802734e+02 6.2898400879e+02 6.2874401855e+02 6.2850000000e+02 6.2824499512e+02 6.2799499512e+02 6.2776898193e+02 6.2757501221e+02 6.2741900635e+02 6.2730401611e+02 6.2722302246e+02 6.2716998291e+02 6.2709100342e+02
6.3469799805e+02 6.3476202393e+02 6.3477801514e+02 6.3476300049e+02 6.3476501465e+02 6.3471997070e+02 6.3455999756e+02 6.3439001465e+02 6.3424902344e+02 6.3412298584e+02 6.3401202393e+02 6.3388098145e+02 6.3375000000e+02 6.3359497070e+02 6.3347399902e+02 6.3333801270e+02 6.3315997314e+02 6.3296502686e+02 6.3279602051e+02 6.3262902832e+02 6.3243298340e+02 6.3217999268e+02 6.3189801025e+02 6.3160900879e+02 6.3132397461e+02 6.3108898926e+02 6.3089801025e+02 6.3072698975e+02 6.3057098389e+02 6.3040802002e+02 6.3022900391e+02 6.3002899170e+02 6.2978198242e+02 6.2951397705e+02 6.2926599121e+02 6.2901800537e+02 6.2875097656e+02 6.2846197510e+02 6.2820898438e+02 6.2799200439e+02 6.2782202148e+02 6.2766101074e+02 6.2753601074e+02 6.2744598389e+02 6.2739300537e+02 6.2731201172e+02
6.3467199707e+02 6.3474401855e+02 6.3479199219e+02 6.3482098389e+02 6.3486297607e+02 6.3486602783e+02 6.3477001953e+02 6.3465899658e+02 6.3459497070e+02 6.3453698730e+02 6.3445397949e+02 6.3434600830e+02 6.3418298340e+02 6.3394201660e+02 6.3376898193e+02 6.3361700439e+02 6.3345599365e+02 6.3326501465e+02 6.3309399414e+02 6.3292297363e+02 6.3273199463e+02 6.3249200439e+02 6.3220898438e+02 6.3191400146e+02 6.3161102295e+02 6.3136901855e+02 6.3117602539e+02 6.3100598145e+02 6.3085400391e+02 6.3069702148e+02 6.3052197266e+02 6.3032501221e+02 6.3008001709e+02 6.2981799316e+02 6.2957501221e+02 6.2933001709e+02 6.2905401611e+02 6.2873602295e+02 6.2847302246e+02 6.2825701904e+02 6.2809301758e+02 6.2791802979e+02 6.2777697754e+02 6.2767102051e+02 6.2760998535e+02 6.2752697754e+02
6.3457598877e+02 6.3465100098e+02 6.3471697998e+02 6.3478698730e+02 6.3485400391e+02 6.3489898682e+02 6.3489001465e+02 6.3487200928e+02 6.3489300537e+02 6.3487597656e+02 6.3483697510e+02 6.3478100586e+02 6.3467297363e+02 6.3439202881e+02 6.3413500977e+02 6.3391900635e+02 6.3372497559e+02 6.3354602051e+02 6.3336700439e+02 6.3318402100e+02 6.3299597168e+02 6.3278802490e+02 6.3251898193e+02 6.3222998047e+02 6.3192901611e+02 6.3166601563e+02 6.3147497559e+02 6.3131799316e+02 6.3120697021e+02 6.3101599121e+02 6.3082501221e+02 6.3061700439e+02 6.3038500977e+02 6.3015002441e+02 6.2993200684e+02 6.2971899414e+02 6.2956402588e+02 6.2912902832e+02 6.2880902100e+02 6.2856701660e+02 6.2838500977e+02 6.2819702148e+02 6.2803198242e+02 6.2790100098e+02 6.2780200195e+02 6.2771801758e+02
6.3451800537e+02 6.3457897949e+02 6.3464398193e+02 6.3471301270e+02 6.3479302979e+02 6.3485198975e+02 6.3486297607e+02 6.3485198975e+02 6.3484802246e+02 6.3484497070e+02 6.3484802246e+02 6.3483697510e+02 6.3481402588e+02 6.3467102051e+02 6.3445202637e+02 6.3422900391e+02 6.3402301025e+02 6.3384698486e+02 6.3366198730e+02 6.3347399902e+02 6.3330499268e+02 6.3311401367e+02 6.3287799072e+02 6.3261602783e+02 6.3230700684e+02 6.3202502441e+02 6.3183197021e+02 6.3169000244e+02 6.3158502197e+02 6.3139300537e+02 6.3116998291e+02 6.3093597412e+02 6.3068103027e+02 6.3046398926e+02 6.3028100586e+02 6.3009301758e+02 6.2991900635e+02 6.2959197998e+02 6.2925701904e+02 6.2899902344e+02 6.2874902344e+02 6.2848999023e+02 6.2829998779e+02 6.2814300537e+02 6.2802899170e+02 6.2791497803e+02
6.3445098877e+02 6.3451800537e+02 6.3457501221e+02 6.3463000488e+02 6.3469097900e+02 6.3475201416e+02 6.3477899170e+02 6.3478997803e+02 6.3479602051e+02 6.3481500244e+02 6.3485699463e+02 6.3488201904e+02 6.3486499023e+02 6.3477697754e+02 6.3463299561e+02 6.3446301270e+02 6.3428601074e+02 6.3411700439e+02 6.3393499756e+02 6.3375201416e+02 6.3359197998e+02 6.3342602539e+02 6.3321997070e+02 6.3298498535e+02 6.3269201660e+02 6.3240197754e+02 6.3220800781e+02 6.3206597900e+02 6.3196099854e+02 6.3176501465e+02 6.3153198242e+02 6.3128698730e+02 6.3101202393e+02 6.3079400635e+02 6.3060797119e+02 6.3039697266e+02 6.3016802979e+02 6.2985900879e+02 6.2956402588e+02 6.2932202148e+02 6.2905700684e+02 6.2878802490e+02 6.2858398438e+02 6.2840802002e+02 6.2827197266e+02 6.2814202881e+02
6.3437298584e+02 6.3443902588e+02 6.3448400879e+02 6.3452301025e+02 6.3455902100e+02 6.3460198975e+02 6.3464202881e+02 6.3468200684e+02 6.3472698975e+02 6.3478100586e+02 6.3485101318e+02 6.3490100098e+02 6.3489001465e+02 6.3484600830e+02 6.3476098633e+02 6.3463800049e+02 6.3450000000e+02 6.3433697510e+02 6.3415698242e+02 6.3398101807e+02 6.3383398438e+02 6.3369500732e+02 6.3351800537e+02 6.3331402588e+02 6.3305102539e+02 6.3276501465e+02 6.3256799316e+02 6.3241900635e+02 6.3230902100e+02 6.3211602783e+02 6.3188201904e+02 6.3163800049e+02 6.3137298584e+02 6.3116302490e+02 6.3095300293e+02 6.3069897461e+02 6.3038201904e+02 6.3004797363e+02 6.2978100586e+02 6.2955700684e+02 6.2932299805e+02 6.2909301758e+02 6.2888598633e+02 6.2869799805e+02 6.2853399658e+02 6.2838000488e+02
