TESTSERVER/6/7.asc
NCOLS 100
NROWS 100
XLLCORNER 7.7997500000e+03
YLLCORNER 2.8960025000e+05
CELLSIZE 5.0000000000e-01
NODATA_VALUE -9.9990000000e+03
[rows 0 to 19 of 100, columns 0 to 45 of 100]
6.2899798584e+02 6.2916101074e+02 6.2934002686e+02 6.2950402832e+02 6.2965802002e+02 6.2981298828e+02 6.2998498535e+02 6.3017297363e+02 6.3029901123e+02 6.3036602783e+02 6.3038098145e+02 6.3046398926e+02 6.3060101318e+02 6.3078802490e+02 6.3096600342e+02 6.3106298828e+02 6.3115600586e+02 6.3127099609e+02 6.3139300537e+02 6.3152099609e+02 6.3161401367e+02 6.3169396973e+02 6.3176000977e+02 6.3189801025e+02 6.3211798096e+02 6.3231298828e+02 6.3242901611e+02 6.3258599854e+02 6.3276702881e+02 6.3292901611e+02 6.3303601074e+02 6.3311999512e+02 6.3319500732e+02 6.3323999023e+02 6.3325897217e+02 6.3332598877e+02 6.3338201904e+02 6.3344201660e+02 6.3353399658e+02 6.3367797852e+02 6.3380700684e+02 6.3390399170e+02 6.3395697021e+02 6.3398602295e+02 6.3406097412e+02 6.3415802002e+02
6.2870001221e+02 6.2888098145e+02 6.2908502197e+02 6.2925799561e+02 6.2940600586e+02 6.2955297852e+02 6.2971197510e+02 6.2990399170e+02 6.3004302979e+02 6.3011798096e+02 6.3016198730e+02 6.3024499512e+02 6.3037597656e+02 6.3054199219e+02 6.3069799805e+02 6.3078002930e+02 6.3086199951e+02 6.3095800781e+02 6.3107299805e+02 6.3118798828e+02 6.3130200195e+02 6.3142401123e+02 6.3155902100e+02 6.3173797607e+02 6.3195397949e+02 6.3214801025e+02 6.3227600098e+02 6.3242498779e+02 6.3258099365e+02 6.3271997070e+02 6.3284002686e+02 6.3293798828e+02 6.3300598145e+02 6.3304400635e+02 6.3306201172e+02 6.3312701416e+02 6.3320501709e+02 6.3327801514e+02 6.3338397217e+02 6.3354101563e+02 6.3368798828e+02 6.3380798340e+02 6.3385900879e+02 6.3389398193e+02 6.3396502686e+02 6.3404998779e+02
6.2841400146e+02 6.2859899902e+02 6.2881201172e+02 6.2898400879e+02 6.2913702393e+02 6.2929302979e+02 6.2945001221e+02 6.2963000488e+02 6.2977502441e+02 6.2986901855e+02 6.2994500732e+02 6.3003601074e+02 6.3015197754e+02 6.3028497314e+02 6.3040802002e+02 6.3048297119e+02 6.3056500244e+02 6.3066497803e+02 6.3078198242e+02 6.3090100098e+02 6.3103399658e+02 6.3118902588e+02 6.3136401367e+02 6.3155999756e+02 6.3177099609e+02 6.3196099854e+02 6.3210400391e+02 6.3224401855e+02 6.3238000488e+02 6.3250097656e+02 6.3260101318e+02 6.3269897461e+02 6.3278100586e+02 6.3283599854e+02 6.3286297607e+02 6.3293103027e+02 6.3302899170e+02 6.3312500000e+02 6.3322601318e+02 6.3335601807e+02 6.3350097656e+02 6.3363897705e+02 6.3372302246e+02 6.3377801514e+02 6.3385699463e+02 6.3393902588e+02
6.2815002441e+02 6.2832800293e+02 6.2853002930e+02 6.2869702148e+02 6.2885998535e+02 6.2903002930e+02 6.2922497559e+02 6.2940802002e+02 6.2953497314e+02 6.2962597656e+02 6.2971899414e+02 6.2982000732e+02 6.2992297363e+02 6.3002600098e+02 6.3011700439e+02 6.3020001221e+02 6.3029797363e+02 6.3041400146e+02 6.3054199219e+02 6.3066699219e+02 6.3081201172e+02 6.3098498535e+02 6.3117999268e+02 6.3137701416e+02 6.3157000732e+02 6.3174401855e+02 6.3189599609e+02 6.3202600098e+02 6.3214300537e+02 6.3224798584e+02 6.3233197021e+02 6.3243298340e+02 6.3253698730e+02 6.3262097168e+02 6.3267498779e+02 6.3274102783e+02 6.3284497070e+02 6.3295001221e+02 6.3304302979e+02 6.3313500977e+02 6.3326397705e+02 6.3341101074e+02 6.3353900146e+02 6.3363397217e+02 6.3372900391e+02 6.3381896973e+02
6.2792297363e+02 6.2807897949e+02 6.2823199463e+02 6.2840197754e+02 6.2857897949e+02 6.2877600098e+02 6.2902899170e+02 6.2921002197e+02 6.2930499268e+02 6.2938098145e+02 6.2948297119e+02 6.2959100342e+02 6.2969396973e+02 6.2978900146e+02 6.2985601807e+02 6.2994000244e+02 6.3006701660e+02 6.3021002197e+02 6.3036401367e+02 6.3048400879e+02 6.3062799072e+02 6.3079699707e+02 6.3100201416e+02 6.3119299316e+02 6.3135198975e+02 6.3149700928e+02 6.3164099121e+02 6.3178002930e+02 6.3188702393e+02 6.3197302246e+02 6.3205297852e+02 6.3215997314e+02 6.3227600098e+02 6.3239398193e+02 6.3251397705e+02 6.3255499268e+02 6.3262402344e+02 6.3271600342e+02 6.3282800293e+02 6.3289501953e+02 6.3299902344e+02 6.3314697266e+02 6.3334600830e+02 6.3346697998e+02 6.3357897949e+02 6.3367901611e+02
6.2771697998e+02 6.2784899902e+02 6.2798400879e+02 6.2813000488e+02 6.2830499268e+02 6.2850402832e+02 6.2872698975e+02 6.2888098145e+02 6.2899499512e+02 6.2909802246e+02 6.2922198486e+02 6.2934600830e+02 6.2946600342e+02 6.2957598877e+02 6.2966101074e+02 6.2974499512e+02 6.2985699463e+02 6.2999102783e+02 6.3014202881e+02 6.3029101563e+02 6.3042797852e+02 6.3057702637e+02 6.3074902344e+02 6.3091101074e+02 6.3105902100e+02 6.3120300293e+02 6.3135400391e+02 6.3150799561e+02 6.3161700439e+02 6.3169299316e+02 6.3176599121e+02 6.3187402344e+02 6.3199298096e+02 6.3215100098e+02 6.3237597656e+02 6.3245800781e+02 6.3246197510e+02 6.3248901367e+02 6.3259301758e+02 6.3267999268e+02 6.3278100586e+02 6.3292700195e+02 6.3311901855e+02 6.3327899170e+02 6.3340899658e+02 6.3351898193e+02
6.2750000000e+02 6.2762799072e+02 6.2776202393e+02 6.2789898682e+02 6.2806201172e+02 6.2824102783e+02 6.2843902588e+02 6.2859698486e+02 6.2871997070e+02 6.2883599854e+02 6.2897100830e+02 6.2911499023e+02 6.2925701904e+02 6.2938397217e+02 6.2948297119e+02 6.2956402588e+02 6.2966198730e+02 6.2978302002e+02 6.2992602539e+02 6.3006799316e+02 6.3018701172e+02 6.3031402588e+02 6.3046002197e+02 6.3060900879e+02 6.3075897217e+02 6.3090802002e+02 6.3106298828e+02 6.3121600342e+02 6.3132800293e+02 6.3140899658e+02 6.3148297119e+02 6.3158398438e+02 6.3170202637e+02 6.3187597656e+02 6.3216302490e+02 6.3229901123e+02 6.3229699707e+02 6.3229498291e+02 6.3237097168e+02 6.3246997070e+02 6.3257702637e+02 6.3271502686e+02 6.3289300537e+02 6.3307000732e+02 6.3321398926e+02 6.3333001709e+02
6.2727697754e+02 6.2741302490e+02 6.2756097412e+02 6.2769897461e+02 6.2785198975e+02 6.2801300049e+02 6.2818798828e+02 6.2834600830e+02 6.2847497559e+02 6.2859600830e+02 6.2872802734e+02 6.2888800049e+02 6.2904998779e+02 6.2919598389e+02 6.2929797363e+02 6.2937298584e+02 6.2946997070e+02 6.2958502197e+02 6.2971801758e+02 6.2983898926e+02 6.2994299316e+02 6.3004998779e+02 6.3018103027e+02 6.3033398438e+02 6.3049102783e+02 6.3064398193e+02 6.3078997803e+02 6.3093402100e+02 6.3104901123e+02 6.3114001465e+02 6.3122399902e+02 6.3133398438e+02 6.3144097900e+02 6.3159301758e+02 6.3183599854e+02 6.3198101807e+02 6.3202001953e+02 6.3205297852e+02 6.3213897705e+02 6.3225299072e+02 6.3237200928e+02 6.3250598145e+02 6.3266400146e+02 6.3284698486e+02 6.3300201416e+02 6.3312597656e+02
6.2704400635e+02 6.2720098877e+02 6.2736297607e+02 6.2751000977e+02 6.2765997314e+02 6.2781500244e+02 6.2796801758e+02 6.2811102295e+02 6.2824700928e+02 6.2837200928e+02 6.2850299072e+02 6.2865002441e+02 6.2881201172e+02 6.2896697998e+02 6.2906701660e+02 6.2915698242e+02 6.2926800537e+02 6.2938500977e+02 6.2950598145e+02 6.2961602783e+02 6.2971600342e+02 6.2981896973e+02 6.2994201660e+02 6.3010998535e+02 6.3027801514e+02 6.3042901611e+02 6.3055603027e+02 6.3068103027e+02 6.3079498291e+02 6.3089501953e+02 6.3099597168e+02 6.3112902832e+02 6.3124499512e+02 6.3136199951e+02 6.3146099854e+02 6.3155102539e+02 6.3165100098e+02 6.3176397705e+02 6.3190301514e+02 6.3203698730e+02 6.3217102051e+02 6.3230499268e+02 6.3245098877e+02 6.3261798096e+02 6.3277801514e+02 6.3291101074e+02
6.2681701660e+02 6.2697900391e+02 6.2714001465e+02 6.2727502441e+02 6.2740502930e+02 6.2754498291e+02 6.2770599365e+02 6.2786102295e+02 6.2800701904e+02 6.2814501953e+02 6.2827099609e+02 6.2840002441e+02 6.2853900146e+02 6.2867700195e+02 6.2880999756e+02 6.2893298340e+02 6.2905297852e+02 6.2916802979e+02 6.2927801514e+02 6.2937799072e+02 6.2947698975e+02 6.2958197021e+02 6.2970098877e+02 6.2987097168e+02 6.3005401611e+02 6.3023101807e+02 6.3036901855e+02 6.3049298096e+02 6.3059600830e+02 6.3068902588e+02 6.3078497314e+02 6.3091601563e+02 6.3105102539e+02 6.3117297363e+02 6.3126397705e+02 6.3133599854e+02 6.3142901611e+02 6.3154901123e+02 6.3169396973e+02 6.3183398438e+02 6.3196301270e+02 6.3209600830e+02 6.3225097656e+02 6.3241900635e+02 6.3257702637e+02 6.3270800781e+02
6.2660998535e+02 6.2676599121e+02 6.2691400146e+02 6.2703302002e+02 6.2714898682e+02 6.2727801514e+02 6.2744396973e+02 6.2761199951e+02 6.2776397705e+02 6.2790997314e+02 6.2803997803e+02 6.2816601563e+02 6.2829797363e+02 6.2842901611e+02 6.2857098389e+02 6.2870800781e+02 6.2883001709e+02 6.2894396973e+02 6.2904199219e+02 6.2913201904e+02 6.2923400879e+02 6.2934100342e+02 6.2946002197e+02 6.2961700439e+02 6.2980401611e+02 6.3000201416e+02 6.3018597412e+02 6.3031097412e+02 6.3038598633e+02 6.3046398926e+02 6.3056402588e+02 6.3069201660e+02 6.3082098389e+02 6.3093798828e+02 6.3102398682e+02 6.3109497070e+02 6.3118798828e+02 6.3131097412e+02 6.3146697998e+02 6.3161401367e+02 6.3174597168e+02 6.3188201904e+02 6.3204498291e+02 6.3221502686e+02 6.3237500000e+02 6.3250799561e+02
6.2642297363e+02 6.2656597900e+02 6.2669201660e+02 6.2679498291e+02 6.2690301514e+02 6.2702899170e+02 6.2719299316e+02 6.2736199951e+02 6.2751898193e+02 6.2766998291e+02 6.2780999756e+02 6.2794396973e+02 6.2807800293e+02 6.2820898438e+02 6.2835198975e+02 6.2848901367e+02 6.2860998535e+02 6.2871997070e+02 6.2880700684e+02 6.2888897705e+02 6.2899597168e+02 6.2911102295e+02 6.2922998047e+02 6.2936700439e+02 6.2954498291e+02 6.2974902344e+02 6.2996801758e+02 6.3008697510e+02 6.3013702393e+02 6.3021002197e+02 6.3032800293e+02 6.3044598389e+02 6.3056500244e+02 6.3067797852e+02 6.3075402832e+02 6.3081701660e+02 6.3091302490e+02 6.3104400635e+02 6.3121197510e+02 6.3136602783e+02 6.3150402832e+02 6.3164697266e+02 6.3182299805e+02 6.3198901367e+02 6.3214501953e+02 6.3228302002e+02
6.2623999023e+02 6.2636297607e+02 6.2645898438e+02 6.2655700684e+02 6.2666802979e+02 6.2679602051e+02 6.2695300293e+02 6.2711199951e+02 6.2726898193e+02 6.2742401123e+02 6.2757000732e+02 6.2772302246e+02 6.2786602783e+02 6.2800701904e+02 6.2815997314e+02 6.2828900146e+02 6.2840197754e+02 6.2850000000e+02 6.2857397461e+02 6.2866802979e+02 6.2878601074e+02 6.2891400146e+02 6.2903997803e+02 6.2914099121e+02 6.2929101563e+02 6.2947399902e+02 6.2966998291e+02 6.2979101563e+02 6.2985998535e+02 6.2994897461e+02 6.3008300781e+02 6.3018200684e+02 6.3028497314e+02 6.3038702393e+02 6.3046301270e+02 6.3053601074e+02 6.3063598633e+02 6.3076599121e+02 6.3091900635e+02 6.3107702637e+02 6.3122900391e+02 6.3139099121e+02 6.3158001709e+02 6.3172998047e+02 6.3186798096e+02 6.3200201416e+02
6.2603900146e+02 6.2614300537e+02 6.2622497559e+02 6.2630999756e+02 6.2641998291e+02 6.2654699707e+02 6.2670202637e+02 6.2686602783e+02 6.2702197266e+02 6.2717797852e+02 6.2733502197e+02 6.2749102783e+02 6.2764300537e+02 6.2779199219e+02 6.2795697021e+02 6.2810601807e+02 6.2821398926e+02 6.2830200195e+02 6.2836901855e+02 6.2846899414e+02 6.2859301758e+02 6.2872399902e+02 6.2884698486e+02 6.2894201660e+02 6.2905102539e+02 6.2918902588e+02 6.2935900879e+02 6.2948400879e+02 6.2959698486e+02 6.2971197510e+02 6.2982800293e+02 6.2990698242e+02 6.2999200439e+02 6.3008300781e+02 6.3017797852e+02 6.3027697754e+02 6.3038299561e+02 6.3050097656e+02 6.3063201904e+02 6.3077697754e+02 6.3093499756e+02 6.3110400391e+02 6.3128698730e+02 6.3142498779e+02 6.3154400635e+02 6.3166699219e+02
6.2583300781e+02 6.2592102051e+02 6.2598999023e+02 6.2606701660e+02 6.2617102051e+02 6.2629602051e+02 6.2645202637e+02 6.2661999512e+02 6.2677801514e+02 6.2693597412e+02 6.2709600830e+02 6.2725598145e+02 6.2740997314e+02 6.2756201172e+02 6.2773400879e+02 6.2789202881e+02 6.2800299072e+02 6.2809197998e+02 6.2816101074e+02 6.2826300049e+02 6.2838800049e+02 6.2851800537e+02 6.2864697266e+02 6.2874200439e+02 6.2883099365e+02 6.2894000244e+02 6.2907702637e+02 6.2920397949e+02 6.2933197021e+02 6.2945599365e+02 6.2956896973e+02 6.2964398193e+02 6.2972399902e+02 6.2981402588e+02 6.2991497803e+02 6.3002301025e+02 6.3013201904e+02 6.3024200439e+02 6.3035998535e+02 6.3050201416e+02 6.3065802002e+02 6.3082397461e+02 6.3099499512e+02 6.3111700439e+02 6.3123297119e+02 6.3135302734e+02
6.2561602783e+02 6.2569201660e+02 6.2575299072e+02 6.2582598877e+02 6.2592700195e+02 6.2604998779e+02 6.2620599365e+02 6.2637500000e+02 6.2653399658e+02 6.2669299316e+02 6.2685302734e+02 6.2701098633e+02 6.2716400146e+02 6.2731500244e+02 6.2748602295e+02 6.2764898682e+02 6.2776702881e+02 6.2786602783e+02 6.2794201660e+02 6.2804699707e+02 6.2817199707e+02 6.2829998779e+02 6.2842700195e+02 6.2852899170e+02 6.2861401367e+02 6.2870697021e+02 6.2882800293e+02 6.2895001221e+02 6.2907299805e+02 6.2919299316e+02 6.2929797363e+02 6.2937902832e+02 6.2946398926e+02 6.2956500244e+02 6.2967297363e+02 6.2977801514e+02 6.2988397217e+02 6.2998699951e+02 6.3010400391e+02 6.3025097656e+02 6.3040301514e+02 6.3056201172e+02 6.3071997070e+02 6.3084100342e+02 6.3096002197e+02 6.3107897949e+02
6.2538000488e+02 6.2545098877e+02 6.2552099609e+02 6.2559497070e+02 6.2569598389e+02 6.2581597900e+02 6.2596899414e+02 6.2613500977e+02 6.2629400635e+02 6.2645300293e+02 6.2660302734e+02 6.2675000000e+02 6.2689599609e+02 6.2704199219e+02 6.2718499756e+02 6.2735302734e+02 6.2748101807e+02 6.2759802246e+02 6.2769201660e+02 6.2781701660e+02 6.2794097900e+02 6.2806097412e+02 6.2817401123e+02 6.2829498291e+02 6.2839398193e+02 6.2849298096e+02 6.2860797119e+02 6.2870898438e+02 6.2881597900e+02 6.2892199707e+02 6.2902099609e+02 6.2911102295e+02 6.2921002197e+02 6.2932702637e+02 6.2946600342e+02 6.2953698730e+02 6.2962402344e+02 6.2972998047e+02 6.2988098145e+02 6.3002899170e+02 6.3017700195e+02 6.3032000732e+02 6.3046301270e+02 6.3059899902e+02 6.3072198486e+02 6.3083801270e+02
6.2511901855e+02 6.2519396973e+02 6.2527502441e+02 6.2536297607e+02 6.2546997070e+02 6.2559301758e+02 6.2573498535e+02 6.2589202881e+02 6.2604901123e+02 6.2620599365e+02 6.2636199951e+02 6.2650201416e+02 6.2663897705e+02 6.2677600098e+02 6.2691699219e+02 6.2705200195e+02 6.2718298340e+02 6.2730999756e+02 6.2743499756e+02 6.2756500244e+02 6.2769000244e+02 6.2780902100e+02 6.2792498779e+02 6.2804602051e+02 6.2815802002e+02 6.2826599121e+02 6.2837097168e+02 6.2847100830e+02 6.2857397461e+02 6.2868103027e+02 6.2879101563e+02 6.2889501953e+02 6.2898999023e+02 6.2909399414e+02 6.2920501709e+02 6.2927001953e+02 6.2935498047e+02 6.2947601318e+02 6.2964398193e+02 6.2979901123e+02 6.2992999268e+02 6.3005603027e+02 6.3018597412e+02 6.3029302979e+02 6.3040197754e+02 6.3052502441e+02
6.2485900879e+02 6.2493701172e+02 6.2503002930e+02 6.2512902832e+02 6.2524102783e+02 6.2536602783e+02 6.2550201416e+02 6.2564801025e+02 6.2579901123e+02 6.2595202637e+02 6.2611499023e+02 6.2626000977e+02 6.2639801025e+02 6.2653497314e+02 6.2666497803e+02 6.2678698730e+02 6.2691497803e+02 6.2704699707e+02 6.2718103027e+02 6.2731597900e+02 6.2744396973e+02 6.2756799316e+02 6.2768402100e+02 6.2780200195e+02 6.2791497803e+02 6.2802197266e+02 6.2813000488e+02 6.2822900391e+02 6.2833197021e+02 6.2844299316e+02 6.2856597900e+02 6.2868597412e+02 6.2878100586e+02 6.2887402344e+02 6.2896697998e+02 6.2903900146e+02 6.2913397217e+02 6.2925598145e+02 6.2940802002e+02 6.2953698730e+02 6.2965002441e+02 6.2977197266e+02 6.2991101074e+02 6.3002502441e+02 6.3012298584e+02 6.3023999023e+02
6.2460198975e+02 6.2468402100e+02 6.2479101563e+02 6.2490100098e+02 6.2501599121e+02 6.2514099121e+02 6.2527197266e+02 6.2540802002e+02 6.2555102539e+02 6.2569799805e+02 6.2585699463e+02 6.2600598145e+02 6.2614898682e+02 6.2629302979e+02 6.2642797852e+02 6.2653900146e+02 6.2666198730e+02 6.2679199219e+02 6.2693298340e+02 6.2707202148e+02 6.2720501709e+02 6.2733197021e+02 6.2745098877e+02 6.2756597900e+02 6.2767602539e+02 6.2777899170e+02 6.2788201904e+02 6.2798101807e+02 6.2808697510e+02 6.2820501709e+02 6.2833599854e+02 6.2846099854e+02 6.2856298828e+02 6.2865600586e+02 6.2874597168e+02 6.2882897949e+02 6.2893200684e+02 6.2905102539e+02 6.2916802979e+02 6.2925897217e+02 6.2935699463e+02 6.2947698975e+02 6.2963897705e+02 6.2979699707e+02 6.2989697266e+02 6.2999401855e+02
