TESTSERVER/6/7.asc
NCOLS 100
NROWS 100
XLLCORNER 7.7997500000e+03
YLLCORNER 2.8960025000e+05
CELLSIZE 5.0000000000e-01
NODATA_VALUE -9.9990000000e+03
[rows 60 to 79 of 100, columns 0 to 45 of 100]
6.1453497314e+02 6.1459600830e+02 6.1468798828e+02 6.1487298584e+02 6.1503002930e+02 6.1515600586e+02 6.1528802490e+02 6.1544000244e+02 6.1557299805e+02 6.1569201660e+02 6.1581298828e+02 6.1597698975e+02 6.1613000488e+02 6.1623101807e+02 6.1629901123e+02 6.1635797119e+02 6.1640899658e+02 6.1646997070e+02 6.1656597900e+02 6.1658099365e+02 6.1661798096e+02 6.1667700195e+02 6.1676702881e+02 6.1688598633e+02 6.1703802490e+02 6.1721002197e+02 6.1739300537e+02 6.1756500244e+02 6.1770397949e+02 6.1780401611e+02 6.1787298584e+02 6.1793499756e+02 6.1802099609e+02 6.1812298584e+02 6.1822998047e+02 6.1835998535e+02 6.1851000977e+02 6.1867199707e+02 6.1884301758e+02 6.1899597168e+02 6.1913397217e+02 6.1925299072e+02 6.1934600830e+02 6.1943298340e+02 6.1953802490e+02 6.1965301514e+02
6.1429199219e+02 6.1434301758e+02 6.1441601563e+02 6.1456799316e+02 6.1471697998e+02 6.1484399414e+02 6.1496600342e+02 6.1510998535e+02 6.1525500488e+02 6.1541302490e+02 6.1558099365e+02 6.1578698730e+02 6.1596197510e+02 6.1604400635e+02 6.1605102539e+02 6.1607397461e+02 6.1612500000e+02 6.1621002197e+02 6.1631201172e+02 6.1634899902e+02 6.1639099121e+02 6.1645501709e+02 6.1655902100e+02 6.1669299316e+02 6.1684399414e+02 6.1701098633e+02 6.1717498779e+02 6.1732897949e+02 6.1745898438e+02 6.1755401611e+02 6.1761700439e+02 6.1767401123e+02 6.1774499512e+02 6.1784002686e+02 6.1795697021e+02 6.1810101318e+02 6.1826702881e+02 6.1843597412e+02 6.1859301758e+02 6.1873199463e+02 6.1885797119e+02 6.1897100830e+02 6.1907397461e+02 6.1918200684e+02 6.1929699707e+02 6.1941302490e+02
6.1405999756e+02 6.1410699463e+02 6.1416601563e+02 6.1429302979e+02 6.1442401123e+02 6.1453900146e+02 6.1465802002e+02 6.1479602051e+02 6.1494299316e+02 6.1511602783e+02 6.1531701660e+02 6.1559100342e+02 6.1582202148e+02 6.1592700195e+02 6.1588397217e+02 6.1585900879e+02 6.1588800049e+02 6.1595202637e+02 6.1604498291e+02 6.1609899902e+02 6.1614898682e+02 6.1622198486e+02 6.1633898926e+02 6.1648699951e+02 6.1664599609e+02 6.1681402588e+02 6.1696899414e+02 6.1710498047e+02 6.1722399902e+02 6.1731597900e+02 6.1738201904e+02 6.1743701172e+02 6.1750000000e+02 6.1758398438e+02 6.1770098877e+02 6.1785400391e+02 6.1801898193e+02 6.1818701172e+02 6.1833898926e+02 6.1846801758e+02 6.1858898926e+02 6.1869897461e+02 6.1880902100e+02 6.1893402100e+02 6.1905200195e+02 6.1916497803e+02
6.1382800293e+02 6.1387402344e+02 6.1392797852e+02 6.1404302979e+02 6.1415600586e+02 6.1425500488e+02 6.1436297607e+02 6.1450402832e+02 6.1464801025e+02 6.1480902100e+02 6.1498901367e+02 6.1528900146e+02 6.1557800293e+02 6.1574597168e+02 6.1573602295e+02 6.1569097900e+02 6.1569299316e+02 6.1572198486e+02 6.1578100586e+02 6.1584002686e+02 6.1589501953e+02 6.1597497559e+02 6.1609899902e+02 6.1626599121e+02 6.1643701172e+02 6.1661102295e+02 6.1676098633e+02 6.1688098145e+02 6.1699298096e+02 6.1708697510e+02 6.1716302490e+02 6.1721997070e+02 6.1727801514e+02 6.1735498047e+02 6.1746801758e+02 6.1761901855e+02 6.1777801514e+02 6.1793701172e+02 6.1808001709e+02 6.1820397949e+02 6.1832299805e+02 6.1843499756e+02 6.1855200195e+02 6.1868902588e+02 6.1880603027e+02 6.1890899658e+02
6.1356701660e+02 6.1361602783e+02 6.1367401123e+02 6.1378997803e+02 6.1389099121e+02 6.1397900391e+02 6.1406402588e+02 6.1421398926e+02 6.1437298584e+02 6.1451898193e+02 6.1462902832e+02 6.1486401367e+02 6.1515002441e+02 6.1538598633e+02 6.1551397705e+02 6.1554901123e+02 6.1554101563e+02 6.1552301025e+02 6.1552899170e+02 6.1558801270e+02 6.1563201904e+02 6.1570697021e+02 6.1584301758e+02 6.1602197266e+02 6.1619396973e+02 6.1636602783e+02 6.1652398682e+02 6.1664801025e+02 6.1675299072e+02 6.1684997559e+02 6.1693499756e+02 6.1701599121e+02 6.1708197021e+02 6.1715100098e+02 6.1722802734e+02 6.1738201904e+02 6.1752801514e+02 6.1767199707e+02 6.1777899170e+02 6.1792297363e+02 6.1804998779e+02 6.1817401123e+02 6.1830499268e+02 6.1845202637e+02 6.1857000732e+02 6.1865399170e+02
6.1327502441e+02 6.1332598877e+02 6.1338500977e+02 6.1348699951e+02 6.1358502197e+02 6.1367700195e+02 6.1376300049e+02 6.1389398193e+02 6.1405902100e+02 6.1422198486e+02 6.1432098389e+02 6.1445300293e+02 6.1465600586e+02 6.1487500000e+02 6.1507800293e+02 6.1522900391e+02 6.1530700684e+02 6.1531298828e+02 6.1530798340e+02 6.1534197998e+02 6.1537402344e+02 6.1545397949e+02 6.1559600830e+02 6.1574401855e+02 6.1588098145e+02 6.1603399658e+02 6.1621301270e+02 6.1637701416e+02 6.1650201416e+02 6.1660198975e+02 6.1669396973e+02 6.1679602051e+02 6.1688500977e+02 6.1696801758e+02 6.1704998779e+02 6.1716802979e+02 6.1729699707e+02 6.1741998291e+02 6.1753399658e+02 6.1766400146e+02 6.1779498291e+02 6.1792700195e+02 6.1806402588e+02 6.1821099854e+02 6.1832702637e+02 6.1839801025e+02
6.1299298096e+02 6.1305102539e+02 6.1310900879e+02 6.1320098877e+02 6.1329901123e+02 6.1338897705e+02 6.1347698975e+02 6.1359100342e+02 6.1373797607e+02 6.1389801025e+02 6.1401800537e+02 6.1412902832e+02 6.1428100586e+02 6.1444702148e+02 6.1462597656e+02 6.1482598877e+02 6.1497802734e+02 6.1505700684e+02 6.1509399414e+02 6.1510601807e+02 6.1513800049e+02 6.1521697998e+02 6.1534399414e+02 6.1546197510e+02 6.1558001709e+02 6.1572601318e+02 6.1590698242e+02 6.1609301758e+02 6.1624200439e+02 6.1635998535e+02 6.1645397949e+02 6.1656500244e+02 6.1667700195e+02 6.1678399658e+02 6.1688201904e+02 6.1699200439e+02 6.1711199951e+02 6.1722399902e+02 6.1732800293e+02 6.1745202637e+02 6.1757598877e+02 6.1770001221e+02 6.1782800293e+02 6.1796398926e+02 6.1807501221e+02 6.1814697266e+02
6.1273199463e+02 6.1280200195e+02 6.1286999512e+02 6.1296398926e+02 6.1305603027e+02 6.1313800049e+02 6.1321997070e+02 6.1331597900e+02 6.1343402100e+02 6.1357299805e+02 6.1370202637e+02 6.1385601807e+02 6.1402001953e+02 6.1416302490e+02 6.1430102539e+02 6.1448797607e+02 6.1465600586e+02 6.1478100586e+02 6.1486602783e+02 6.1487597656e+02 6.1491900635e+02 6.1499902344e+02 6.1510400391e+02 6.1521002197e+02 6.1532897949e+02 6.1547802734e+02 6.1564202881e+02 6.1581701660e+02 6.1597802734e+02 6.1611199951e+02 6.1621197510e+02 6.1633001709e+02 6.1646301270e+02 6.1659698486e+02 6.1671899414e+02 6.1682702637e+02 6.1694500732e+02 6.1705297852e+02 6.1715100098e+02 6.1726000977e+02 6.1736901855e+02 6.1747601318e+02 6.1759002686e+02 6.1771600342e+02 6.1782702637e+02 6.1791101074e+02
6.1251000977e+02 6.1259600830e+02 6.1267700195e+02 6.1277197266e+02 6.1285302734e+02 6.1291699219e+02 6.1297399902e+02 6.1305700684e+02 6.1314398193e+02 6.1324798584e+02 6.1335302734e+02 6.1355499268e+02 6.1377697754e+02 6.1395202637e+02 6.1409802246e+02 6.1426300049e+02 6.1439300537e+02 6.1451000977e+02 6.1460601807e+02 6.1463299561e+02 6.1470202637e+02 6.1479302979e+02 6.1484899902e+02 6.1496099854e+02 6.1509997559e+02 6.1526098633e+02 6.1541497803e+02 6.1557299805e+02 6.1572698975e+02 6.1586297607e+02 6.1598498535e+02 6.1609002686e+02 6.1623999023e+02 6.1641802979e+02 6.1659997559e+02 6.1666802979e+02 6.1678100586e+02 6.1688702393e+02 6.1698498535e+02 6.1707098389e+02 6.1715997314e+02 6.1725201416e+02 6.1734600830e+02 6.1745300293e+02 6.1758197021e+02 6.1769598389e+02
6.1231201172e+02 6.1241400146e+02 6.1250402832e+02 6.1259100342e+02 6.1266101074e+02 6.1271600342e+02 6.1275500488e+02 6.1281597900e+02 6.1290502930e+02 6.1301098633e+02 6.1311602783e+02 6.1328802490e+02 6.1352502441e+02 6.1372601318e+02 6.1386798096e+02 6.1404302979e+02 6.1417102051e+02 6.1427502441e+02 6.1436102295e+02 6.1437298584e+02 6.1443402100e+02 6.1452600098e+02 6.1458697510e+02 6.1468103027e+02 6.1483898926e+02 6.1502899170e+02 6.1520599365e+02 6.1536999512e+02 6.1552301025e+02 6.1565100098e+02 6.1575897217e+02 6.1583001709e+02 6.1594799805e+02 6.1613897705e+02 6.1634698486e+02 6.1650799561e+02 6.1666198730e+02 6.1676397705e+02 6.1683398438e+02 6.1689801025e+02 6.1695800781e+02 6.1701800537e+02 6.1707800293e+02 6.1717797852e+02 6.1733599854e+02 6.1749700928e+02
6.1213702393e+02 6.1225402832e+02 6.1235198975e+02 6.1242797852e+02 6.1248602295e+02 6.1252899170e+02 6.1255902100e+02 6.1261102295e+02 6.1269500732e+02 6.1280603027e+02 6.1292102051e+02 6.1306701660e+02 6.1328399658e+02 6.1349200439e+02 6.1365197754e+02 6.1383502197e+02 6.1397802734e+02 6.1408300781e+02 6.1415502930e+02 6.1416198730e+02 6.1421002197e+02 6.1428900146e+02 6.1434899902e+02 6.1443798828e+02 6.1460998535e+02 6.1482501221e+02 6.1502099609e+02 6.1517297363e+02 6.1532098389e+02 6.1545397949e+02 6.1555102539e+02 6.1556298828e+02 6.1560900879e+02 6.1574102783e+02 6.1595697021e+02 6.1622100830e+02 6.1644702148e+02 6.1658599854e+02 6.1663397217e+02 6.1668103027e+02 6.1673498535e+02 6.1678198242e+02 6.1682397461e+02 6.1690698242e+02 6.1706402588e+02 6.1724401855e+02
6.1197998047e+02 6.1210998535e+02 6.1221697998e+02 6.1228497314e+02 6.1233197021e+02 6.1236199951e+02 6.1238098145e+02 6.1242199707e+02 6.1249902344e+02 6.1261102295e+02 6.1273797607e+02 6.1287200928e+02 6.1305700684e+02 6.1326300049e+02 6.1345001221e+02 6.1364898682e+02 6.1381799316e+02 6.1394000244e+02 6.1400598145e+02 6.1399401855e+02 6.1401800537e+02 6.1408300781e+02 6.1414599609e+02 6.1425299072e+02 6.1444799805e+02 6.1468298340e+02 6.1488397217e+02 6.1499902344e+02 6.1512298584e+02 6.1526599121e+02 6.1537902832e+02 6.1534698486e+02 6.1531500244e+02 6.1535498047e+02 6.1549700928e+02 6.1577301025e+02 6.1604199219e+02 6.1622998047e+02 6.1630200195e+02 6.1637097168e+02 6.1645501709e+02 6.1652301025e+02 6.1657501221e+02 6.1663500977e+02 6.1677502441e+02 6.1695397949e+02
6.1182598877e+02 6.1196697998e+02 6.1208502197e+02 6.1216302490e+02 6.1220501709e+02 6.1222100830e+02 6.1219897461e+02 6.1223101807e+02 6.1230499268e+02 6.1241302490e+02 6.1253601074e+02 6.1267602539e+02 6.1284698486e+02 6.1304400635e+02 6.1324798584e+02 6.1344799805e+02 6.1363500977e+02 6.1377697754e+02 6.1385601807e+02 6.1383697510e+02 6.1382897949e+02 6.1387902832e+02 6.1395098877e+02 6.1410797119e+02 6.1433898926e+02 6.1458502197e+02 6.1477697754e+02 6.1484002686e+02 6.1491699219e+02 6.1507000732e+02 6.1526202393e+02 6.1521197510e+02 6.1515502930e+02 6.1511999512e+02 6.1514099121e+02 6.1526898193e+02 6.1548101807e+02 6.1568103027e+02 6.1581097412e+02 6.1597497559e+02 6.1611901855e+02 6.1623602295e+02 6.1631896973e+02 6.1639599609e+02 6.1651501465e+02 6.1667498779e+02
6.1167199707e+02 6.1182800293e+02 6.1196600342e+02 6.1206500244e+02 6.1211700439e+02 6.1213201904e+02 6.1207897949e+02 6.1205798340e+02 6.1211499023e+02 6.1220898438e+02 6.1233001709e+02 6.1246899414e+02 6.1265100098e+02 6.1285498047e+02 6.1304901123e+02 6.1321899414e+02 6.1338000488e+02 6.1350897217e+02 6.1359899902e+02 6.1363397217e+02 6.1365698242e+02 6.1370800781e+02 6.1379498291e+02 6.1393298340e+02 6.1412701416e+02 6.1434301758e+02 6.1450799561e+02 6.1458001709e+02 6.1464599609e+02 6.1477697754e+02 6.1494201660e+02 6.1494897461e+02 6.1495898438e+02 6.1495898438e+02 6.1494396973e+02 6.1499700928e+02 6.1512097168e+02 6.1528997803e+02 6.1549298096e+02 6.1568499756e+02 6.1583801270e+02 6.1596697998e+02 6.1608697510e+02 6.1621002197e+02 6.1633398438e+02 6.1646997070e+02
6.1150201416e+02 6.1167102051e+02 6.1182501221e+02 6.1193902588e+02 6.1200097656e+02 6.1201501465e+02 6.1196398926e+02 6.1192498779e+02 6.1195202637e+02 6.1202001953e+02 6.1212799072e+02 6.1226898193e+02 6.1245599365e+02 6.1266497803e+02 6.1285101318e+02 6.1300500488e+02 6.1315301514e+02 6.1328198242e+02 6.1338397217e+02 6.1346600342e+02 6.1351501465e+02 6.1355999756e+02 6.1362298584e+02 6.1368902588e+02 6.1381097412e+02 6.1398699951e+02 6.1415301514e+02 6.1426000977e+02 6.1435797119e+02 6.1447802734e+02 6.1458697510e+02 6.1461297607e+02 6.1467401123e+02 6.1472198486e+02 6.1475598145e+02 6.1480200195e+02 6.1491601563e+02 6.1508502197e+02 6.1527899170e+02 6.1545001221e+02 6.1559802246e+02 6.1572998047e+02 6.1586700439e+02 6.1602197266e+02 6.1616302490e+02 6.1629199219e+02
6.1129199219e+02 6.1147198486e+02 6.1163897705e+02 6.1176300049e+02 6.1183197021e+02 6.1184899902e+02 6.1181500244e+02 6.1178198242e+02 6.1178802490e+02 6.1183398438e+02 6.1192498779e+02 6.1206298828e+02 6.1223999023e+02 6.1243902588e+02 6.1262701416e+02 6.1278497314e+02 6.1293597412e+02 6.1307800293e+02 6.1320001221e+02 6.1331201172e+02 6.1336102295e+02 6.1338000488e+02 6.1341302490e+02 6.1342401123e+02 6.1348400879e+02 6.1362298584e+02 6.1380700684e+02 6.1396801758e+02 6.1409497070e+02 6.1420202637e+02 6.1427899170e+02 6.1431500244e+02 6.1438897705e+02 6.1446600342e+02 6.1454400635e+02 6.1461999512e+02 6.1475299072e+02 6.1493597412e+02 6.1510198975e+02 6.1523101807e+02 6.1536999512e+02 6.1550000000e+02 6.1563299561e+02 6.1579901123e+02 6.1595898438e+02 6.1609100342e+02
6.1102502441e+02 6.1121600342e+02 6.1139697266e+02 6.1153100586e+02 6.1159899902e+02 6.1161401367e+02 6.1159497070e+02 6.1156799316e+02 6.1157501221e+02 6.1162200928e+02 6.1170300293e+02 6.1184997559e+02 6.1201000977e+02 6.1219000244e+02 6.1236999512e+02 6.1253698730e+02 6.1269799805e+02 6.1285101318e+02 6.1301202393e+02 6.1312500000e+02 6.1315301514e+02 6.1313800049e+02 6.1313702393e+02 6.1316900635e+02 6.1321099854e+02 6.1332598877e+02 6.1349499512e+02 6.1369201660e+02 6.1380902100e+02 6.1388201904e+02 6.1393402100e+02 6.1401300049e+02 6.1410101318e+02 6.1419396973e+02 6.1430102539e+02 6.1441802979e+02 6.1455999756e+02 6.1472698975e+02 6.1485998535e+02 6.1500201416e+02 6.1513500977e+02 6.1525701904e+02 6.1535498047e+02 6.1552099609e+02 6.1569097900e+02 6.1583099365e+02
6.1072698975e+02 6.1091198730e+02 6.1108300781e+02 6.1121697998e+02 6.1128100586e+02 6.1129797363e+02 6.1127899170e+02 6.1126501465e+02 6.1131097412e+02 6.1138897705e+02 6.1147497559e+02 6.1161102295e+02 6.1177502441e+02 6.1195501709e+02 6.1213598633e+02 6.1231701660e+02 6.1247399902e+02 6.1260400391e+02 6.1273602295e+02 6.1282202148e+02 6.1284399414e+02 6.1284100342e+02 6.1285198975e+02 6.1288598633e+02 6.1294897461e+02 6.1306402588e+02 6.1320501709e+02 6.1333898926e+02 6.1345800781e+02 6.1354998779e+02 6.1361901855e+02 6.1372497559e+02 6.1384802246e+02 6.1397698975e+02 6.1409497070e+02 6.1421301270e+02 6.1434197998e+02 6.1447802734e+02 6.1461602783e+02 6.1474597168e+02 6.1487597656e+02 6.1499102783e+02 6.1509497070e+02 6.1525201416e+02 6.1541198730e+02 6.1554602051e+02
6.1042401123e+02 6.1059197998e+02 6.1074298096e+02 6.1085998535e+02 6.1092797852e+02 6.1096099854e+02 6.1096899414e+02 6.1099200439e+02 6.1107299805e+02 6.1117700195e+02 6.1127001953e+02 6.1139697266e+02 6.1155499268e+02 6.1172497559e+02 6.1189501953e+02 6.1207800293e+02 6.1222497559e+02 6.1233502197e+02 6.1243499756e+02 6.1250701904e+02 6.1254998779e+02 6.1258099365e+02 6.1260601807e+02 6.1264001465e+02 6.1272100830e+02 6.1285302734e+02 6.1298199463e+02 6.1306701660e+02 6.1316900635e+02 6.1326702881e+02 6.1334100342e+02 6.1344702148e+02 6.1358502197e+02 6.1373901367e+02 6.1387597656e+02 6.1399798584e+02 6.1412298584e+02 6.1424798584e+02 6.1437200928e+02 6.1449102783e+02 6.1460797119e+02 6.1471600342e+02 6.1482501221e+02 6.1498602295e+02 6.1514099121e+02 6.1527099609e+02
6.1013500977e+02 6.1028302002e+02 6.1040997314e+02 6.1051300049e+02 6.1058697510e+02 6.1064099121e+02 6.1068798828e+02 6.1074102783e+02 6.1084399414e+02 6.1096899414e+02 6.1107800293e+02 6.1120098877e+02 6.1134600830e+02 6.1149902344e+02 6.1164599609e+02 6.1181500244e+02 6.1194396973e+02 6.1203399658e+02 6.1211499023e+02 6.1219702148e+02 6.1228399658e+02 6.1235900879e+02 6.1238897705e+02 6.1240899658e+02 6.1250299072e+02 6.1265698242e+02 6.1279302979e+02 6.1285601807e+02 6.1293597412e+02 6.1302197266e+02 6.1307800293e+02 6.1316900635e+02 6.1330999756e+02 6.1348199463e+02 6.1364501953e+02 6.1377801514e+02 6.1389898682e+02 6.1401300049e+02 6.1412402344e+02 6.1423498535e+02 6.1433801270e+02 6.1443499756e+02 6.1453802490e+02 6.1469897461e+02 6.1485601807e+02 6.1498699951e+02
