TESTSERVER/6/8.asc
NCOLS 100
NROWS 100
XLLCORNER 7.7997500000e+03
YLLCORNER 2.8955025000e+05
CELLSIZE 5.0000000000e-01
NODATA_VALUE -9.9990000000e+03
[rows 20 to 39 of 100, columns 46 to 91 of 100]
6.0917199707e+02 6.0931896973e+02 6.0948101807e+02 6.0963098145e+02 6.0976599121e+02 6.0990100098e+02 6.1001898193e+02 6.1014202881e+02 6.1030297852e+02 6.1050598145e+02 6.1067498779e+02 6.1078002930e+02 6.1086297607e+02 6.1095202637e+02 6.1105798340e+02 6.1114599609e+02 6.1123101807e+02 6.1130999756e+02 6.1139001465e+02 6.1146099854e+02 6.1151702881e+02 6.1156701660e+02 6.1163299561e+02 6.1172399902e+02 6.1181896973e+02 6.1190197754e+02 6.1198797607e+02 6.1205401611e+02 6.1209197998e+02 6.1212701416e+02 6.1216699219e+02 6.1222698975e+02 6.1230200195e+02 6.1238800049e+02 6.1247497559e+02 6.1257397461e+02 6.1269000244e+02 6.1281701660e+02 6.1290600586e+02 6.1296398926e+02 6.1305499268e+02 6.1312701416e+02 6.1320501709e+02 6.1329901123e+02 6.1338800049e+02 6.1344598389e+02
6.0901800537e+02 6.0918402100e+02 6.0937402344e+02 6.0952197266e+02 6.0964300537e+02 6.0976702881e+02 6.0989099121e+02 6.1002801514e+02 6.1019097900e+02 6.1035601807e+02 6.1053698730e+02 6.1068298340e+02 6.1079998779e+02 6.1090399170e+02 6.1100897217e+02 6.1110498047e+02 6.1119598389e+02 6.1124700928e+02 6.1132202148e+02 6.1142498779e+02 6.1151898193e+02 6.1159100342e+02 6.1166101074e+02 6.1174700928e+02 6.1181896973e+02 6.1187701416e+02 6.1195397949e+02 6.1201898193e+02 6.1206701660e+02 6.1212298584e+02 6.1216802979e+02 6.1222802734e+02 6.1230200195e+02 6.1237200928e+02 6.1243597412e+02 6.1252301025e+02 6.1264398193e+02 6.1277001953e+02 6.1287402344e+02 6.1296099854e+02 6.1306097412e+02 6.1312902832e+02 6.1319299316e+02 6.1327001953e+02 6.1333898926e+02 6.1339697266e+02
6.0888500977e+02 6.0907202148e+02 6.0929901123e+02 6.0945898438e+02 6.0953997803e+02 6.0966900635e+02 6.0984197998e+02 6.1001300049e+02 6.1013702393e+02 6.1023297119e+02 6.1039300537e+02 6.1055603027e+02 6.1070202637e+02 6.1083001709e+02 6.1094702148e+02 6.1104998779e+02 6.1113897705e+02 6.1117901611e+02 6.1126800537e+02 6.1139898682e+02 6.1151098633e+02 6.1159997559e+02 6.1167901611e+02 6.1176300049e+02 6.1183300781e+02 6.1188702393e+02 6.1194201660e+02 6.1198797607e+02 6.1203100586e+02 6.1208801270e+02 6.1214001465e+02 6.1221099854e+02 6.1229602051e+02 6.1237597656e+02 6.1244201660e+02 6.1252301025e+02 6.1262500000e+02 6.1272802734e+02 6.1282501221e+02 6.1291101074e+02 6.1300598145e+02 6.1308001709e+02 6.1315600586e+02 6.1322802734e+02 6.1328302002e+02 6.1333697510e+02
6.0877899170e+02 6.0896301270e+02 6.0918499756e+02 6.0935400391e+02 6.0943597412e+02 6.0954699707e+02 6.0973699951e+02 6.0992700195e+02 6.1001898193e+02 6.1007598877e+02 6.1025201416e+02 6.1044000244e+02 6.1059301758e+02 6.1072802734e+02 6.1084899902e+02 6.1096002197e+02 6.1105603027e+02 6.1114501953e+02 6.1127801514e+02 6.1141198730e+02 6.1149902344e+02 6.1159301758e+02 6.1167999268e+02 6.1176202393e+02 6.1184497070e+02 6.1191101074e+02 6.1195800781e+02 6.1199200439e+02 6.1202697754e+02 6.1207598877e+02 6.1211798096e+02 6.1217999268e+02 6.1226000977e+02 6.1234698486e+02 6.1242999268e+02 6.1252197266e+02 6.1261700439e+02 6.1270800781e+02 6.1279302979e+02 6.1286401367e+02 6.1294396973e+02 6.1302899170e+02 6.1310900879e+02 6.1317797852e+02 6.1323699951e+02 6.1329998779e+02
6.0865802002e+02 6.0884497070e+02 6.0901599121e+02 6.0917700195e+02 6.0932202148e+02 6.0941497803e+02 6.0952197266e+02 6.0966497803e+02 6.0977001953e+02 6.0988098145e+02 6.1012597656e+02 6.1035601807e+02 6.1049298096e+02 6.1064001465e+02 6.1074700928e+02 6.1085797119e+02 6.1098901367e+02 6.1114898682e+02 6.1129901123e+02 6.1139801025e+02 6.1147198486e+02 6.1157501221e+02 6.1167401123e+02 6.1176599121e+02 6.1185498047e+02 6.1191699219e+02 6.1197100830e+02 6.1201098633e+02 6.1205700684e+02 6.1213000488e+02 6.1216101074e+02 6.1219799805e+02 6.1226501465e+02 6.1232202148e+02 6.1239501953e+02 6.1247900391e+02 6.1256097412e+02 6.1265197754e+02 6.1273901367e+02 6.1281597900e+02 6.1288897705e+02 6.1297698975e+02 6.1304101563e+02 6.1310198975e+02 6.1317199707e+02 6.1324401855e+02
6.0851300049e+02 6.0870599365e+02 6.0884197998e+02 6.0898101807e+02 6.0915600586e+02 6.0926898193e+02 6.0931701660e+02 6.0941101074e+02 6.0952398682e+02 6.0968103027e+02 6.0992797852e+02 6.1019299316e+02 6.1041400146e+02 6.1059698486e+02 6.1070202637e+02 6.1081597900e+02 6.1098400879e+02 6.1114599609e+02 6.1127801514e+02 6.1137200928e+02 6.1147100830e+02 6.1159698486e+02 6.1170098877e+02 6.1179602051e+02 6.1186401367e+02 6.1191900635e+02 6.1198101807e+02 6.1202600098e+02 6.1207299805e+02 6.1215600586e+02 6.1218902588e+02 6.1222100830e+02 6.1228900146e+02 6.1235302734e+02 6.1241497803e+02 6.1248999023e+02 6.1257098389e+02 6.1263598633e+02 6.1270001221e+02 6.1277600098e+02 6.1285998535e+02 6.1292901611e+02 6.1298797607e+02 6.1305102539e+02 6.1311901855e+02 6.1319000244e+02
6.0835101318e+02 6.0850598145e+02 6.0859997559e+02 6.0871600342e+02 6.0889202881e+02 6.0900701904e+02 6.0905999756e+02 6.0917498779e+02 6.0933300781e+02 6.0954400635e+02 6.0981896973e+02 6.1014697266e+02 6.1043402100e+02 6.1061602783e+02 6.1072399902e+02 6.1084301758e+02 6.1099200439e+02 6.1113897705e+02 6.1126702881e+02 6.1136499023e+02 6.1147399902e+02 6.1160198975e+02 6.1168701172e+02 6.1176300049e+02 6.1182598877e+02 6.1188702393e+02 6.1196197510e+02 6.1202099609e+02 6.1206896973e+02 6.1214398193e+02 6.1218103027e+02 6.1221801758e+02 6.1228900146e+02 6.1236798096e+02 6.1244000244e+02 6.1252801514e+02 6.1262500000e+02 6.1268597412e+02 6.1273699951e+02 6.1279998779e+02 6.1287200928e+02 6.1293103027e+02 6.1298498535e+02 6.1305102539e+02 6.1312200928e+02 6.1319500732e+02
6.0816198730e+02 6.0827600098e+02 6.0834002686e+02 6.0844299316e+02 6.0860400391e+02 6.0869897461e+02 6.0879797363e+02 6.0898602295e+02 6.0924597168e+02 6.0952502441e+02 6.0985699463e+02 6.1023999023e+02 6.1050402832e+02 6.1064202881e+02 6.1074401855e+02 6.1085400391e+02 6.1096099854e+02 6.1109600830e+02 6.1122998047e+02 6.1133697510e+02 6.1145501709e+02 6.1156799316e+02 6.1162402344e+02 6.1167797852e+02 6.1175500488e+02 6.1182098389e+02 6.1189599609e+02 6.1196502686e+02 6.1202899170e+02 6.1210101318e+02 6.1214801025e+02 6.1219598389e+02 6.1227099609e+02 6.1235998535e+02 6.1244000244e+02 6.1253698730e+02 6.1264202881e+02 6.1269702148e+02 6.1275000000e+02 6.1281597900e+02 6.1288098145e+02 6.1292999268e+02 6.1297900391e+02 6.1304602051e+02 6.1312902832e+02 6.1319299316e+02
6.0796002197e+02 6.0806097412e+02 6.0813397217e+02 6.0825598145e+02 6.0843701172e+02 6.0855603027e+02 6.0871002197e+02 6.0896697998e+02 6.0933801270e+02 6.0961102295e+02 6.0991302490e+02 6.1024401855e+02 6.1047302246e+02 6.1058398438e+02 6.1068902588e+02 6.1078601074e+02 6.1086700439e+02 6.1097302246e+02 6.1110797119e+02 6.1124597168e+02 6.1139202881e+02 6.1148999023e+02 6.1154199219e+02 6.1160101318e+02 6.1170800781e+02 6.1177899170e+02 6.1182897949e+02 6.1188299561e+02 6.1195697021e+02 6.1202801514e+02 6.1209301758e+02 6.1216497803e+02 6.1224700928e+02 6.1233001709e+02 6.1240698242e+02 6.1249597168e+02 6.1257897949e+02 6.1262200928e+02 6.1269500732e+02 6.1278698730e+02 6.1288397217e+02 6.1293798828e+02 6.1298602295e+02 6.1304602051e+02 6.1311999512e+02 6.1315100098e+02
6.0774798584e+02 6.0786102295e+02 6.0797900391e+02 6.0816497803e+02 6.0835302734e+02 6.0851702881e+02 6.0871099854e+02 6.0901599121e+02 6.0942700195e+02 6.0974298096e+02 6.0999902344e+02 6.1022100830e+02 6.1039898682e+02 6.1051898193e+02 6.1061798096e+02 6.1070397949e+02 6.1077801514e+02 6.1085601807e+02 6.1097601318e+02 6.1112200928e+02 6.1127502441e+02 6.1136102295e+02 6.1142602539e+02 6.1152600098e+02 6.1166198730e+02 6.1173498535e+02 6.1178198242e+02 6.1182098389e+02 6.1186700439e+02 6.1193499756e+02 6.1202697754e+02 6.1213201904e+02 6.1221997070e+02 6.1229699707e+02 6.1235302734e+02 6.1240997314e+02 6.1246801758e+02 6.1250299072e+02 6.1263098145e+02 6.1278802490e+02 6.1290997314e+02 6.1300097656e+02 6.1305499268e+02 6.1306896973e+02 6.1304998779e+02 6.1305499268e+02
6.0751898193e+02 6.0764398193e+02 6.0779400635e+02 6.0799499512e+02 6.0816900635e+02 6.0833697510e+02 6.0858001709e+02 6.0893402100e+02 6.0937402344e+02 6.0973699951e+02 6.0998498535e+02 6.1015899658e+02 6.1029602051e+02 6.1043103027e+02 6.1053698730e+02 6.1061999512e+02 6.1069396973e+02 6.1077099609e+02 6.1088397217e+02 6.1101800537e+02 6.1115802002e+02 6.1123297119e+02 6.1130102539e+02 6.1141302490e+02 6.1154400635e+02 6.1161602783e+02 6.1166998291e+02 6.1171301270e+02 6.1175097656e+02 6.1181201172e+02 6.1191302490e+02 6.1203198242e+02 6.1213598633e+02 6.1221600342e+02 6.1224700928e+02 6.1227001953e+02 6.1231500244e+02 6.1238598633e+02 6.1256701660e+02 6.1276098633e+02 6.1287701416e+02 6.1297497559e+02 6.1302697754e+02 6.1302398682e+02 6.1298498535e+02 6.1299401855e+02
6.0729602051e+02 6.0743200684e+02 6.0761401367e+02 6.0781402588e+02 6.0796502686e+02 6.0812902832e+02 6.0840502930e+02 6.0877697754e+02 6.0919097900e+02 6.0955499268e+02 6.0981201172e+02 6.0999102783e+02 6.1013201904e+02 6.1029400635e+02 6.1042797852e+02 6.1052801514e+02 6.1061602783e+02 6.1070001221e+02 6.1080200195e+02 6.1091699219e+02 6.1103997803e+02 6.1111102295e+02 6.1116699219e+02 6.1125299072e+02 6.1135498047e+02 6.1143402100e+02 6.1150201416e+02 6.1155999756e+02 6.1160998535e+02 6.1166400146e+02 6.1176098633e+02 6.1188201904e+02 6.1199298096e+02 6.1206597900e+02 6.1208001709e+02 6.1209197998e+02 6.1214300537e+02 6.1224798584e+02 6.1246899414e+02 6.1267999268e+02 6.1277801514e+02 6.1284100342e+02 6.1287799072e+02 6.1289801025e+02 6.1292199707e+02 6.1296197510e+02
6.0712298584e+02 6.0729498291e+02 6.0750097656e+02 6.0768798828e+02 6.0782299805e+02 6.0799597168e+02 6.0829199219e+02 6.0864398193e+02 6.0896502686e+02 6.0923602295e+02 6.0950097656e+02 6.0973101807e+02 6.0993798828e+02 6.1012597656e+02 6.1030603027e+02 6.1044396973e+02 6.1054998779e+02 6.1063299561e+02 6.1071002197e+02 6.1079400635e+02 6.1089099121e+02 6.1095397949e+02 6.1099298096e+02 6.1104199219e+02 6.1111401367e+02 6.1121502686e+02 6.1129302979e+02 6.1137200928e+02 6.1144598389e+02 6.1152099609e+02 6.1161700439e+02 6.1172601318e+02 6.1182501221e+02 6.1189001465e+02 6.1190698242e+02 6.1193298340e+02 6.1199597168e+02 6.1213098145e+02 6.1234497070e+02 6.1253997803e+02 6.1264398193e+02 6.1268402100e+02 6.1270202637e+02 6.1275097656e+02 6.1283001709e+02 6.1290698242e+02
6.0707098389e+02 6.0728802490e+02 6.0744000244e+02 6.0754797363e+02 6.0767102051e+02 6.0782702637e+02 6.0806799316e+02 6.0837597656e+02 6.0864898682e+02 6.0890002441e+02 6.0918402100e+02 6.0944897461e+02 6.0969500732e+02 6.0995697021e+02 6.1019897461e+02 6.1037799072e+02 6.1046697998e+02 6.1053497314e+02 6.1058300781e+02 6.1063897705e+02 6.1072399902e+02 6.1078497314e+02 6.1083099365e+02 6.1088201904e+02 6.1095397949e+02 6.1103198242e+02 6.1110900879e+02 6.1119299316e+02 6.1128198242e+02 6.1137701416e+02 6.1148199463e+02 6.1158599854e+02 6.1168402100e+02 6.1174298096e+02 6.1177301025e+02 6.1180999756e+02 6.1187298584e+02 6.1200402832e+02 6.1217199707e+02 6.1231298828e+02 6.1241497803e+02 6.1248999023e+02 6.1256402588e+02 6.1264398193e+02 6.1271502686e+02 6.1276599121e+02
6.0703698730e+02 6.0723999023e+02 6.0736499023e+02 6.0744000244e+02 6.0753198242e+02 6.0759100342e+02 6.0772399902e+02 6.0796002197e+02 6.0822900391e+02 6.0850097656e+02 6.0881701660e+02 6.0912701416e+02 6.0940997314e+02 6.0971899414e+02 6.1001702881e+02 6.1024200439e+02 6.1033697510e+02 6.1039300537e+02 6.1043402100e+02 6.1048297119e+02 6.1056597900e+02 6.1063299561e+02 6.1068200684e+02 6.1073602295e+02 6.1079699707e+02 6.1086199951e+02 6.1093597412e+02 6.1102001953e+02 6.1111102295e+02 6.1121002197e+02 6.1131896973e+02 6.1142901611e+02 6.1153698730e+02 6.1161102295e+02 6.1165301514e+02 6.1170202637e+02 6.1177001953e+02 6.1187402344e+02 6.1201000977e+02 6.1212097168e+02 6.1221002197e+02 6.1232000732e+02 6.1243701172e+02 6.1252801514e+02 6.1256500244e+02 6.1257202148e+02
6.0705297852e+02 6.0719799805e+02 6.0729901123e+02 6.0735198975e+02 6.0739300537e+02 6.0734997559e+02 6.0737799072e+02 6.0752899170e+02 6.0777099609e+02 6.0805499268e+02 6.0839099121e+02 6.0875097656e+02 6.0908502197e+02 6.0941900635e+02 6.0976202393e+02 6.1003601074e+02 6.1016302490e+02 6.1022100830e+02 6.1027301025e+02 6.1032897949e+02 6.1041302490e+02 6.1047601318e+02 6.1052502441e+02 6.1057897949e+02 6.1063500977e+02 6.1069500732e+02 6.1076800537e+02 6.1085101318e+02 6.1093798828e+02 6.1103802490e+02 6.1115301514e+02 6.1126702881e+02 6.1138897705e+02 6.1148999023e+02 6.1155297852e+02 6.1161499023e+02 6.1169097900e+02 6.1177697754e+02 6.1187902832e+02 6.1196398926e+02 6.1204797363e+02 6.1217401123e+02 6.1229199219e+02 6.1236401367e+02 6.1236700439e+02 6.1235699463e+02
6.0713000488e+02 6.0720697021e+02 6.0725897217e+02 6.0726800537e+02 6.0723699951e+02 6.0714300537e+02 6.0713702393e+02 6.0723199463e+02 6.0738299561e+02 6.0762097168e+02 6.0795599365e+02 6.0835601807e+02 6.0875598145e+02 6.0907598877e+02 6.0943103027e+02 6.0974597168e+02 6.0993499756e+02 6.1003900146e+02 6.1011901855e+02 6.1018701172e+02 6.1025500488e+02 6.1029797363e+02 6.1034301758e+02 6.1039898682e+02 6.1046502686e+02 6.1052899170e+02 6.1059698486e+02 6.1067602539e+02 6.1075402832e+02 6.1087200928e+02 6.1099102783e+02 6.1111901855e+02 6.1126501465e+02 6.1137799072e+02 6.1146801758e+02 6.1154101563e+02 6.1162298584e+02 6.1170800781e+02 6.1176702881e+02 6.1181500244e+02 6.1187298584e+02 6.1198999023e+02 6.1208197021e+02 6.1212701416e+02 6.1213500977e+02 6.1216802979e+02
6.0713702393e+02 6.0718798828e+02 6.0716497803e+02 6.0708697510e+02 6.0696600342e+02 6.0692102051e+02 6.0695300293e+02 6.0705102539e+02 6.0717999268e+02 6.0739001465e+02 6.0772100830e+02 6.0808300781e+02 6.0839599609e+02 6.0868200684e+02 6.0903497314e+02 6.0939599609e+02 6.0968597412e+02 6.0985498047e+02 6.0997601318e+02 6.1004998779e+02 6.1009600830e+02 6.1012500000e+02 6.1015997314e+02 6.1020697021e+02 6.1027801514e+02 6.1036199951e+02 6.1044598389e+02 6.1053900146e+02 6.1064001465e+02 6.1075299072e+02 6.1086999512e+02 6.1099700928e+02 6.1113397217e+02 6.1126000977e+02 6.1135302734e+02 6.1141101074e+02 6.1145098877e+02 6.1152600098e+02 6.1160101318e+02 6.1165502930e+02 6.1169702148e+02 6.1178399658e+02 6.1185198975e+02 6.1188000488e+02 6.1189501953e+02 6.1196398926e+02
6.0709698486e+02 6.0707000732e+02 6.0696002197e+02 6.0683001709e+02 6.0672302246e+02 6.0675000000e+02 6.0681097412e+02 6.0689898682e+02 6.0704797363e+02 6.0729302979e+02 6.0759600830e+02 6.0787097168e+02 6.0804699707e+02 6.0826397705e+02 6.0861199951e+02 6.0901898193e+02 6.0940899658e+02 6.0964300537e+02 6.0979400635e+02 6.0987902832e+02 6.0992797852e+02 6.0996398926e+02 6.0998999023e+02 6.1002398682e+02 6.1009197998e+02 6.1020397949e+02 6.1031799316e+02 6.1043402100e+02 6.1055297852e+02 6.1066497803e+02 6.1077001953e+02 6.1087701416e+02 6.1099499512e+02 6.1111102295e+02 6.1119000244e+02 6.1123602295e+02 6.1125701904e+02 6.1131701660e+02 6.1140100098e+02 6.1147998047e+02 6.1153399658e+02 6.1158898926e+02 6.1162500000e+02 6.1164599609e+02 6.1166400146e+02 6.1170300293e+02
6.0697601318e+02 6.0688397217e+02 6.0672302246e+02 6.0660699463e+02 6.0656097412e+02 6.0661700439e+02 6.0669299316e+02 6.0678601074e+02 6.0696099854e+02 6.0721502686e+02 6.0745397949e+02 6.0763098145e+02 6.0770800781e+02 6.0785900879e+02 6.0818902588e+02 6.0862298584e+02 6.0910101318e+02 6.0939099121e+02 6.0957299805e+02 6.0967901611e+02 6.0973901367e+02 6.0978100586e+02 6.0980200195e+02 6.0983001709e+02 6.0990399170e+02 6.1004998779e+02 6.1019598389e+02 6.1033801270e+02 6.1047900391e+02 6.1058197021e+02 6.1066699219e+02 6.1074700928e+02 6.1083398438e+02 6.1092999268e+02 6.1099902344e+02 6.1104400635e+02 6.1107598877e+02 6.1112701416e+02 6.1119897461e+02 6.1128302002e+02 6.1135198975e+02 6.1138500977e+02 6.1140301514e+02 6.1142297363e+02 6.1143200684e+02 6.1142999268e+02
