TESTSERVER/6/8.asc
NCOLS 100
NROWS 100
XLLCORNER 7.7997500000e+03
YLLCORNER 2.8955025000e+05
CELLSIZE 5.0000000000e-01
NODATA_VALUE -9.9990000000e+03
[rows 40 to 59 of 100, columns 0 to 45 of 100]
6.0319897461e+02 6.0324499512e+02 6.0333801270e+02 6.0342102051e+02 6.0348699951e+02 6.0355798340e+02 6.0362097168e+02 6.0370501709e+02 6.0379302979e+02 6.0388702393e+02 6.0399298096e+02 6.0409100342e+02 6.0420501709e+02 6.0429498291e+02 6.0435998535e+02 6.0431097412e+02 6.0430798340e+02 6.0431500244e+02 6.0434399414e+02 6.0441198730e+02 6.0447399902e+02 6.0454302979e+02 6.0462097168e+02 6.0463500977e+02 6.0464697266e+02 6.0465899658e+02 6.0467297363e+02 6.0470599365e+02 6.0474298096e+02 6.0477801514e+02 6.0481896973e+02 6.0491101074e+02 6.0501702881e+02 6.0511499023e+02 6.0518103027e+02 6.0523602295e+02 6.0532000732e+02 6.0540399170e+02 6.0548297119e+02 6.0555798340e+02 6.0567700195e+02 6.0583300781e+02 6.0600598145e+02 6.0625299072e+02 6.0647100830e+02 6.0664001465e+02
6.0323199463e+02 6.0324902344e+02 6.0329199219e+02 6.0334197998e+02 6.0339001465e+02 6.0345098877e+02 6.0353302002e+02 6.0361798096e+02 6.0371398926e+02 6.0382202148e+02 6.0394598389e+02 6.0407800293e+02 6.0418798828e+02 6.0426702881e+02 6.0428002930e+02 6.0425000000e+02 6.0424700928e+02 6.0425500488e+02 6.0429302979e+02 6.0435900879e+02 6.0442700195e+02 6.0450299072e+02 6.0458197021e+02 6.0459100342e+02 6.0458197021e+02 6.0457800293e+02 6.0459698486e+02 6.0464599609e+02 6.0468499756e+02 6.0470898438e+02 6.0475000000e+02 6.0483801270e+02 6.0493103027e+02 6.0502600098e+02 6.0511102295e+02 6.0518798828e+02 6.0528997803e+02 6.0538800049e+02 6.0547998047e+02 6.0552001953e+02 6.0556597900e+02 6.0566497803e+02 6.0583801270e+02 6.0604302979e+02 6.0623699951e+02 6.0639300537e+02
6.0327502441e+02 6.0328698730e+02 6.0329400635e+02 6.0332202148e+02 6.0335498047e+02 6.0340100098e+02 6.0346997070e+02 6.0354602051e+02 6.0363000488e+02 6.0372497559e+02 6.0384497070e+02 6.0396398926e+02 6.0405798340e+02 6.0412701416e+02 6.0414300537e+02 6.0413500977e+02 6.0415100098e+02 6.0417602539e+02 6.0422497559e+02 6.0429199219e+02 6.0436297607e+02 6.0444299316e+02 6.0453002930e+02 6.0454101563e+02 6.0452697754e+02 6.0451300049e+02 6.0452099609e+02 6.0458801270e+02 6.0464801025e+02 6.0467401123e+02 6.0471502686e+02 6.0479302979e+02 6.0486499023e+02 6.0494598389e+02 6.0504498291e+02 6.0515802002e+02 6.0527099609e+02 6.0536602783e+02 6.0546398926e+02 6.0550500488e+02 6.0553601074e+02 6.0561602783e+02 6.0577001953e+02 6.0593103027e+02 6.0609197998e+02 6.0623498535e+02
6.0329901123e+02 6.0332000732e+02 6.0332098389e+02 6.0333697510e+02 6.0335900879e+02 6.0338897705e+02 6.0343499756e+02 6.0348498535e+02 6.0354602051e+02 6.0361700439e+02 6.0370397949e+02 6.0378497314e+02 6.0385900879e+02 6.0392297363e+02 6.0396801758e+02 6.0399798584e+02 6.0403302002e+02 6.0407702637e+02 6.0413598633e+02 6.0420300293e+02 6.0427801514e+02 6.0435998535e+02 6.0445800781e+02 6.0448199463e+02 6.0447198486e+02 6.0445898438e+02 6.0445800781e+02 6.0453100586e+02 6.0460699463e+02 6.0464697266e+02 6.0469299316e+02 6.0477301025e+02 6.0484197998e+02 6.0491400146e+02 6.0500299072e+02 6.0513598633e+02 6.0524200439e+02 6.0531597900e+02 6.0541601563e+02 6.0547900391e+02 6.0553802490e+02 6.0563500977e+02 6.0578198242e+02 6.0588702393e+02 6.0601000977e+02 6.0613897705e+02
6.0329199219e+02 6.0331896973e+02 6.0334002686e+02 6.0336901855e+02 6.0339099121e+02 6.0341400146e+02 6.0345001221e+02 6.0345397949e+02 6.0347998047e+02 6.0351202393e+02 6.0354400635e+02 6.0359197998e+02 6.0364300537e+02 6.0369299316e+02 6.0371899414e+02 6.0380902100e+02 6.0387200928e+02 6.0393798828e+02 6.0399597168e+02 6.0408599854e+02 6.0416998291e+02 6.0426300049e+02 6.0436700439e+02 6.0441802979e+02 6.0442797852e+02 6.0442498779e+02 6.0442901611e+02 6.0450701904e+02 6.0457598877e+02 6.0461901855e+02 6.0465600586e+02 6.0473999023e+02 6.0482702637e+02 6.0490399170e+02 6.0497399902e+02 6.0508398438e+02 6.0519097900e+02 6.0528100586e+02 6.0541101074e+02 6.0549401855e+02 6.0559100342e+02 6.0571197510e+02 6.0585302734e+02 6.0588897705e+02 6.0595697021e+02 6.0605401611e+02
6.0327600098e+02 6.0330603027e+02 6.0333300781e+02 6.0336700439e+02 6.0340002441e+02 6.0343103027e+02 6.0346301270e+02 6.0349200439e+02 6.0351702881e+02 6.0354199219e+02 6.0355700684e+02 6.0357098389e+02 6.0359497070e+02 6.0362097168e+02 6.0365301514e+02 6.0369000244e+02 6.0374102783e+02 6.0379901123e+02 6.0386700439e+02 6.0392700195e+02 6.0400201416e+02 6.0408599854e+02 6.0416802979e+02 6.0425000000e+02 6.0431201172e+02 6.0435400391e+02 6.0437500000e+02 6.0441900635e+02 6.0447802734e+02 6.0453601074e+02 6.0457897949e+02 6.0465399170e+02 6.0474597168e+02 6.0483001709e+02 6.0490100098e+02 6.0500701904e+02 6.0513299561e+02 6.0527099609e+02 6.0542700195e+02 6.0557598877e+02 6.0569897461e+02 6.0581597900e+02 6.0591400146e+02 6.0595800781e+02 6.0599499512e+02 6.0603997803e+02
6.0324902344e+02 6.0328002930e+02 6.0331500244e+02 6.0335498047e+02 6.0339300537e+02 6.0342700195e+02 6.0346197510e+02 6.0349700928e+02 6.0353100586e+02 6.0355999756e+02 6.0358197021e+02 6.0360198975e+02 6.0362402344e+02 6.0364398193e+02 6.0366101074e+02 6.0367700195e+02 6.0370800781e+02 6.0374597168e+02 6.0378698730e+02 6.0381201172e+02 6.0385797119e+02 6.0391699219e+02 6.0397100830e+02 6.0403601074e+02 6.0411102295e+02 6.0417498779e+02 6.0422900391e+02 6.0425500488e+02 6.0432098389e+02 6.0440899658e+02 6.0446997070e+02 6.0455297852e+02 6.0465100098e+02 6.0473199463e+02 6.0478198242e+02 6.0485400391e+02 6.0496801758e+02 6.0511499023e+02 6.0528601074e+02 6.0546899414e+02 6.0562402344e+02 6.0576000977e+02 6.0585998535e+02 6.0592297363e+02 6.0595001221e+02 6.0596502686e+02
6.0321398926e+02 6.0324798584e+02 6.0328900146e+02 6.0333398438e+02 6.0337500000e+02 6.0341302490e+02 6.0344702148e+02 6.0348498535e+02 6.0352502441e+02 6.0356201172e+02 6.0359301758e+02 6.0363098145e+02 6.0366198730e+02 6.0368902588e+02 6.0370300293e+02 6.0371502686e+02 6.0373699951e+02 6.0376202393e+02 6.0378002930e+02 6.0378198242e+02 6.0380401611e+02 6.0383502197e+02 6.0386499023e+02 6.0390399170e+02 6.0395300293e+02 6.0400097656e+02 6.0405200195e+02 6.0407501221e+02 6.0414501953e+02 6.0423602295e+02 6.0429797363e+02 6.0439599609e+02 6.0450500488e+02 6.0458398438e+02 6.0460699463e+02 6.0464398193e+02 6.0473602295e+02 6.0485900879e+02 6.0501000977e+02 6.0518902588e+02 6.0535900879e+02 6.0551702881e+02 6.0564599609e+02 6.0572998047e+02 6.0576599121e+02 6.0578100586e+02
6.0318200684e+02 6.0322198486e+02 6.0326702881e+02 6.0331298828e+02 6.0335601807e+02 6.0339697266e+02 6.0342999268e+02 6.0345898438e+02 6.0349798584e+02 6.0353900146e+02 6.0357702637e+02 6.0361499023e+02 6.0365301514e+02 6.0369201660e+02 6.0372900391e+02 6.0376000977e+02 6.0378802490e+02 6.0381402588e+02 6.0384100342e+02 6.0384997559e+02 6.0386102295e+02 6.0387200928e+02 6.0390002441e+02 6.0391900635e+02 6.0392797852e+02 6.0392797852e+02 6.0392498779e+02 6.0394500732e+02 6.0400000000e+02 6.0405401611e+02 6.0407702637e+02 6.0416400146e+02 6.0425799561e+02 6.0434002686e+02 6.0438897705e+02 6.0442401123e+02 6.0451702881e+02 6.0462701416e+02 6.0473498535e+02 6.0486499023e+02 6.0502099609e+02 6.0518298340e+02 6.0532598877e+02 6.0540100098e+02 6.0546301270e+02 6.0550500488e+02
6.0317199707e+02 6.0321197510e+02 6.0325897217e+02 6.0331597900e+02 6.0335797119e+02 6.0339501953e+02 6.0341998291e+02 6.0344299316e+02 6.0347900391e+02 6.0352001953e+02 6.0356298828e+02 6.0360400391e+02 6.0364697266e+02 6.0368298340e+02 6.0371600342e+02 6.0375299072e+02 6.0378900146e+02 6.0382501221e+02 6.0385601807e+02 6.0388800049e+02 6.0391302490e+02 6.0393298340e+02 6.0395001221e+02 6.0397698975e+02 6.0398797607e+02 6.0398999023e+02 6.0398901367e+02 6.0398297119e+02 6.0400000000e+02 6.0401202393e+02 6.0402197266e+02 6.0406298828e+02 6.0409301758e+02 6.0413000488e+02 6.0418798828e+02 6.0423999023e+02 6.0431896973e+02 6.0439599609e+02 6.0447802734e+02 6.0458001709e+02 6.0470098877e+02 6.0483300781e+02 6.0495800781e+02 6.0504498291e+02 6.0513897705e+02 6.0521697998e+02
6.0315600586e+02 6.0319702148e+02 6.0324798584e+02 6.0330700684e+02 6.0334698486e+02 6.0338201904e+02 6.0340399170e+02 6.0343103027e+02 6.0347302246e+02 6.0351702881e+02 6.0355200195e+02 6.0359100342e+02 6.0364001465e+02 6.0367602539e+02 6.0370501709e+02 6.0374102783e+02 6.0378100586e+02 6.0382000732e+02 6.0385601807e+02 6.0389099121e+02 6.0392199707e+02 6.0394897461e+02 6.0397601318e+02 6.0401000977e+02 6.0403302002e+02 6.0405200195e+02 6.0406701660e+02 6.0408599854e+02 6.0410302734e+02 6.0410699463e+02 6.0409997559e+02 6.0411798096e+02 6.0411602783e+02 6.0411102295e+02 6.0413201904e+02 6.0417199707e+02 6.0420800781e+02 6.0423101807e+02 6.0428100586e+02 6.0434899902e+02 6.0443499756e+02 6.0453100586e+02 6.0463800049e+02 6.0473101807e+02 6.0483502197e+02 6.0493402100e+02
6.0311999512e+02 6.0316400146e+02 6.0322100830e+02 6.0327600098e+02 6.0331402588e+02 6.0334600830e+02 6.0336798096e+02 6.0340502930e+02 6.0345501709e+02 6.0350897217e+02 6.0354400635e+02 6.0357800293e+02 6.0362298584e+02 6.0366101074e+02 6.0369598389e+02 6.0372998047e+02 6.0376898193e+02 6.0381097412e+02 6.0384899902e+02 6.0387902832e+02 6.0391101074e+02 6.0394201660e+02 6.0397601318e+02 6.0400897217e+02 6.0403997803e+02 6.0407000732e+02 6.0409497070e+02 6.0411999512e+02 6.0415100098e+02 6.0418402100e+02 6.0419500732e+02 6.0421398926e+02 6.0421997070e+02 6.0421398926e+02 6.0421197510e+02 6.0423901367e+02 6.0424298096e+02 6.0422998047e+02 6.0423797607e+02 6.0427600098e+02 6.0432098389e+02 6.0437402344e+02 6.0444598389e+02 6.0451898193e+02 6.0460400391e+02 6.0469598389e+02
6.0306799316e+02 6.0311700439e+02 6.0318499756e+02 6.0320800781e+02 6.0323999023e+02 6.0327398682e+02 6.0331701660e+02 6.0334497070e+02 6.0340301514e+02 6.0347100830e+02 6.0354901123e+02 6.0357598877e+02 6.0360498047e+02 6.0364099121e+02 6.0369897461e+02 6.0372900391e+02 6.0376397705e+02 6.0380200195e+02 6.0383898926e+02 6.0387097168e+02 6.0389898682e+02 6.0393103027e+02 6.0396997070e+02 6.0400000000e+02 6.0403100586e+02 6.0406298828e+02 6.0409698486e+02 6.0411602783e+02 6.0413897705e+02 6.0418298340e+02 6.0421301270e+02 6.0423602295e+02 6.0426702881e+02 6.0429302979e+02 6.0429101563e+02 6.0432098389e+02 6.0434301758e+02 6.0434698486e+02 6.0435498047e+02 6.0436401367e+02 6.0438098145e+02 6.0439300537e+02 6.0440600586e+02 6.0442602539e+02 6.0447198486e+02 6.0453900146e+02
6.0297497559e+02 6.0302099609e+02 6.0305603027e+02 6.0307501221e+02 6.0311102295e+02 6.0315600586e+02 6.0320397949e+02 6.0324902344e+02 6.0332299805e+02 6.0340997314e+02 6.0351202393e+02 6.0355798340e+02 6.0359197998e+02 6.0363098145e+02 6.0368902588e+02 6.0373602295e+02 6.0377398682e+02 6.0380999756e+02 6.0384301758e+02 6.0387298584e+02 6.0389801025e+02 6.0392700195e+02 6.0396801758e+02 6.0400299072e+02 6.0404199219e+02 6.0407598877e+02 6.0409698486e+02 6.0412200928e+02 6.0414801025e+02 6.0418200684e+02 6.0421997070e+02 6.0423999023e+02 6.0427099609e+02 6.0430401611e+02 6.0432098389e+02 6.0435699463e+02 6.0438897705e+02 6.0440301514e+02 6.0441601563e+02 6.0443200684e+02 6.0444897461e+02 6.0446502686e+02 6.0446997070e+02 6.0447900391e+02 6.0450097656e+02 6.0453302002e+02
6.0279199219e+02 6.0283599854e+02 6.0286297607e+02 6.0288897705e+02 6.0293499756e+02 6.0298797607e+02 6.0304400635e+02 6.0311499023e+02 6.0321002197e+02 6.0331799316e+02 6.0344000244e+02 6.0351300049e+02 6.0355902100e+02 6.0360198975e+02 6.0365600586e+02 6.0371099854e+02 6.0375402832e+02 6.0379199219e+02 6.0383300781e+02 6.0387402344e+02 6.0390002441e+02 6.0392901611e+02 6.0396600342e+02 6.0400097656e+02 6.0404400635e+02 6.0408197021e+02 6.0409497070e+02 6.0411999512e+02 6.0414898682e+02 6.0417602539e+02 6.0420898438e+02 6.0423901367e+02 6.0427001953e+02 6.0429901123e+02 6.0432598877e+02 6.0436700439e+02 6.0439697266e+02 6.0441400146e+02 6.0443499756e+02 6.0445098877e+02 6.0447900391e+02 6.0451300049e+02 6.0453497314e+02 6.0454901123e+02 6.0456597900e+02 6.0457800293e+02
6.0251300049e+02 6.0255999756e+02 6.0260101318e+02 6.0264697266e+02 6.0270300293e+02 6.0276599121e+02 6.0283502197e+02 6.0292999268e+02 6.0304797363e+02 6.0317797852e+02 6.0332397461e+02 6.0342999268e+02 6.0349298096e+02 6.0354101563e+02 6.0359399414e+02 6.0365301514e+02 6.0369897461e+02 6.0373797607e+02 6.0378399658e+02 6.0384002686e+02 6.0387701416e+02 6.0391497803e+02 6.0395697021e+02 6.0399298096e+02 6.0403399658e+02 6.0407299805e+02 6.0409100342e+02 6.0412200928e+02 6.0414801025e+02 6.0416497803e+02 6.0419097900e+02 6.0422900391e+02 6.0426300049e+02 6.0428698730e+02 6.0431298828e+02 6.0435601807e+02 6.0438702393e+02 6.0440899658e+02 6.0443298340e+02 6.0445001221e+02 6.0448602295e+02 6.0453302002e+02 6.0456298828e+02 6.0458099365e+02 6.0460498047e+02 6.0462402344e+02
6.0212500000e+02 6.0217999268e+02 6.0220697021e+02 6.0230499268e+02 6.0237799072e+02 6.0246398926e+02 6.0254302979e+02 6.0268402100e+02 6.0283001709e+02 6.0298498535e+02 6.0313897705e+02 6.0328100586e+02 6.0337298584e+02 6.0344702148e+02 6.0353497314e+02 6.0357897949e+02 6.0362200928e+02 6.0365698242e+02 6.0370001221e+02 6.0375500488e+02 6.0380999756e+02 6.0386901855e+02 6.0392901611e+02 6.0397100830e+02 6.0402197266e+02 6.0406097412e+02 6.0408300781e+02 6.0412200928e+02 6.0414398193e+02 6.0416497803e+02 6.0420599365e+02 6.0423199463e+02 6.0426202393e+02 6.0428497314e+02 6.0430798340e+02 6.0434899902e+02 6.0438201904e+02 6.0440502930e+02 6.0442602539e+02 6.0445098877e+02 6.0448199463e+02 6.0452099609e+02 6.0454699707e+02 6.0457702637e+02 6.0460900879e+02 6.0463397217e+02
6.0172302246e+02 6.0178198242e+02 6.0184497070e+02 6.0191497803e+02 6.0200500488e+02 6.0211499023e+02 6.0225402832e+02 6.0240997314e+02 6.0257501221e+02 6.0274401855e+02 6.0290301514e+02 6.0303002930e+02 6.0314300537e+02 6.0324200439e+02 6.0335400391e+02 6.0344000244e+02 6.0349499512e+02 6.0353802490e+02 6.0357501221e+02 6.0362597656e+02 6.0368499756e+02 6.0375201416e+02 6.0381298828e+02 6.0389099121e+02 6.0396899414e+02 6.0401501465e+02 6.0404797363e+02 6.0409497070e+02 6.0413201904e+02 6.0416802979e+02 6.0420800781e+02 6.0423699951e+02 6.0426702881e+02 6.0429302979e+02 6.0431701660e+02 6.0435797119e+02 6.0438598633e+02 6.0440100098e+02 6.0442401123e+02 6.0445001221e+02 6.0448101807e+02 6.0451501465e+02 6.0453900146e+02 6.0457598877e+02 6.0460797119e+02 6.0463098145e+02
6.0135601807e+02 6.0141900635e+02 6.0148999023e+02 6.0157397461e+02 6.0167401123e+02 6.0179699707e+02 6.0196099854e+02 6.0213397217e+02 6.0230401611e+02 6.0247399902e+02 6.0263500977e+02 6.0276501465e+02 6.0288201904e+02 6.0298699951e+02 6.0311700439e+02 6.0322998047e+02 6.0329901123e+02 6.0335699463e+02 6.0340802002e+02 6.0346600342e+02 6.0351599121e+02 6.0357501221e+02 6.0363500977e+02 6.0370001221e+02 6.0377099609e+02 6.0383300781e+02 6.0390802002e+02 6.0397198486e+02 6.0403399658e+02 6.0410302734e+02 6.0415002441e+02 6.0420300293e+02 6.0425500488e+02 6.0429302979e+02 6.0431799316e+02 6.0435900879e+02 6.0438500977e+02 6.0440002441e+02 6.0443103027e+02 6.0446197510e+02 6.0448901367e+02 6.0451702881e+02 6.0453497314e+02 6.0457202148e+02 6.0460302734e+02 6.0462701416e+02
6.0103002930e+02 6.0109197998e+02 6.0115600586e+02 6.0124200439e+02 6.0135101318e+02 6.0148699951e+02 6.0167297363e+02 6.0184997559e+02 6.0201702881e+02 6.0218103027e+02 6.0233801270e+02 6.0246997070e+02 6.0258898926e+02 6.0269799805e+02 6.0282299805e+02 6.0294299316e+02 6.0303002930e+02 6.0310998535e+02 6.0318701172e+02 6.0325500488e+02 6.0328601074e+02 6.0332098389e+02 6.0337298584e+02 6.0339697266e+02 6.0344799805e+02 6.0352502441e+02 6.0364501953e+02 6.0374499512e+02 6.0384100342e+02 6.0394201660e+02 6.0400299072e+02 6.0409698486e+02 6.0418499756e+02 6.0424902344e+02 6.0427600098e+02 6.0431799316e+02 6.0435198975e+02 6.0437597656e+02 6.0441998291e+02 6.0446002197e+02 6.0449102783e+02 6.0451702881e+02 6.0453497314e+02 6.0457598877e+02 6.0460400391e+02 6.0462597656e+02
