TESTSERVER/6/8.asc
NCOLS 100
NROWS 100
XLLCORNER 7.7997500000e+03
YLLCORNER 2.8955025000e+05
CELLSIZE 5.0000000000e-01
NODATA_VALUE -9.9990000000e+03
[rows 40 to 59 of 100, columns 46 to 91 of 100]
6.0674499512e+02 6.0670697021e+02 6.0656298828e+02 6.0647399902e+02 6.0647399902e+02 6.0650598145e+02 6.0658697510e+02 6.0670098877e+02 6.0687701416e+02 6.0707202148e+02 6.0722100830e+02 6.0732397461e+02 6.0738598633e+02 6.0751000977e+02 6.0781097412e+02 6.0823199463e+02 6.0868798828e+02 6.0908001709e+02 6.0931701660e+02 6.0945898438e+02 6.0953399658e+02 6.0957000732e+02 6.0958398438e+02 6.0961602783e+02 6.0971002197e+02 6.0990399170e+02 6.1009301758e+02 6.1026202393e+02 6.1041802979e+02 6.1048699951e+02 6.1053900146e+02 6.1058502197e+02 6.1063397217e+02 6.1072399902e+02 6.1079998779e+02 6.1086499023e+02 6.1091601563e+02 6.1095898438e+02 6.1101397705e+02 6.1107702637e+02 6.1113098145e+02 6.1116998291e+02 6.1119500732e+02 6.1120397949e+02 6.1118200684e+02 6.1116101074e+02
6.0649597168e+02 6.0653497314e+02 6.0647399902e+02 6.0641302490e+02 6.0640600586e+02 6.0644702148e+02 6.0653198242e+02 6.0662402344e+02 6.0675097656e+02 6.0689501953e+02 6.0699499512e+02 6.0706298828e+02 6.0710900879e+02 6.0721002197e+02 6.0747100830e+02 6.0784698486e+02 6.0829199219e+02 6.0869702148e+02 6.0900598145e+02 6.0921099854e+02 6.0932598877e+02 6.0936798096e+02 6.0936999512e+02 6.0940100098e+02 6.0952099609e+02 6.0975097656e+02 6.0996398926e+02 6.1013897705e+02 6.1026702881e+02 6.1033697510e+02 6.1037902832e+02 6.1041601563e+02 6.1045697021e+02 6.1052197266e+02 6.1059802246e+02 6.1067401123e+02 6.1072998047e+02 6.1077301025e+02 6.1082598877e+02 6.1088598633e+02 6.1092797852e+02 6.1095397949e+02 6.1098498535e+02 6.1098797607e+02 6.1095098877e+02 6.1090600586e+02
6.0633398438e+02 6.0640197754e+02 6.0640197754e+02 6.0637597656e+02 6.0636999512e+02 6.0643499756e+02 6.0651300049e+02 6.0656597900e+02 6.0663500977e+02 6.0674298096e+02 6.0681201172e+02 6.0685101318e+02 6.0688098145e+02 6.0696099854e+02 6.0717297363e+02 6.0749798584e+02 6.0789697266e+02 6.0829797363e+02 6.0865502930e+02 6.0892797852e+02 6.0910101318e+02 6.0915997314e+02 6.0917401123e+02 6.0921801758e+02 6.0935101318e+02 6.0958502197e+02 6.0979602051e+02 6.0996697998e+02 6.1009100342e+02 6.1016802979e+02 6.1021301270e+02 6.1024798584e+02 6.1027301025e+02 6.1031298828e+02 6.1037298584e+02 6.1044500732e+02 6.1050799561e+02 6.1055700684e+02 6.1060998535e+02 6.1065997314e+02 6.1070202637e+02 6.1073101807e+02 6.1075299072e+02 6.1074200439e+02 6.1070397949e+02 6.1064398193e+02
6.0623602295e+02 6.0629101563e+02 6.0631298828e+02 6.0631402588e+02 6.0633197021e+02 6.0639898682e+02 6.0644097900e+02 6.0645300293e+02 6.0649597168e+02 6.0659197998e+02 6.0665002441e+02 6.0668200684e+02 6.0670898438e+02 6.0677398682e+02 6.0693902588e+02 6.0720697021e+02 6.0753997803e+02 6.0791601563e+02 6.0830603027e+02 6.0863598633e+02 6.0885998535e+02 6.0894598389e+02 6.0898797607e+02 6.0905700684e+02 6.0920697021e+02 6.0942797852e+02 6.0962097168e+02 6.0977600098e+02 6.0989398193e+02 6.0997802734e+02 6.1002801514e+02 6.1005999756e+02 6.1007098389e+02 6.1009002686e+02 6.1013397217e+02 6.1019500732e+02 6.1026599121e+02 6.1034497070e+02 6.1040698242e+02 6.1044598389e+02 6.1047302246e+02 6.1051000977e+02 6.1052502441e+02 6.1049798584e+02 6.1045599365e+02 6.1039501953e+02
6.0615502930e+02 6.0619201660e+02 6.0622399902e+02 6.0625097656e+02 6.0629302979e+02 6.0632897949e+02 6.0632397461e+02 6.0631500244e+02 6.0634002686e+02 6.0642401123e+02 6.0649200439e+02 6.0654199219e+02 6.0657000732e+02 6.0664001465e+02 6.0676702881e+02 6.0697399902e+02 6.0722302246e+02 6.0757800293e+02 6.0797998047e+02 6.0834997559e+02 6.0861602783e+02 6.0871398926e+02 6.0879199219e+02 6.0891101074e+02 6.0910601807e+02 6.0928198242e+02 6.0944201660e+02 6.0956896973e+02 6.0965502930e+02 6.0975097656e+02 6.0980798340e+02 6.0984197998e+02 6.0983398438e+02 6.0986700439e+02 6.0990698242e+02 6.0995800781e+02 6.1003100586e+02 6.1014099121e+02 6.1022100830e+02 6.1025701904e+02 6.1025402832e+02 6.1028399658e+02 6.1029901123e+02 6.1027801514e+02 6.1024902344e+02 6.1018200684e+02
6.0609497070e+02 6.0614202881e+02 6.0618798828e+02 6.0622802734e+02 6.0625598145e+02 6.0627600098e+02 6.0627197266e+02 6.0627398682e+02 6.0628698730e+02 6.0632702637e+02 6.0639001465e+02 6.0645697021e+02 6.0652398682e+02 6.0659197998e+02 6.0668798828e+02 6.0683801270e+02 6.0704498291e+02 6.0735900879e+02 6.0773498535e+02 6.0809899902e+02 6.0839099121e+02 6.0851599121e+02 6.0860998535e+02 6.0876702881e+02 6.0896899414e+02 6.0912298584e+02 6.0925701904e+02 6.0936401367e+02 6.0944598389e+02 6.0952197266e+02 6.0959399414e+02 6.0965100098e+02 6.0969097900e+02 6.0972198486e+02 6.0974597168e+02 6.0977899170e+02 6.0983001709e+02 6.0991900635e+02 6.1000299072e+02 6.1005102539e+02 6.1005999756e+02 6.1005603027e+02 6.1005798340e+02 6.1007299805e+02 6.1008898926e+02 6.1002600098e+02
6.0598797607e+02 6.0604101563e+02 6.0608599854e+02 6.0612200928e+02 6.0614599609e+02 6.0617401123e+02 6.0619396973e+02 6.0621801758e+02 6.0624298096e+02 6.0629199219e+02 6.0636401367e+02 6.0645501709e+02 6.0654699707e+02 6.0663000488e+02 6.0672100830e+02 6.0684301758e+02 6.0700799561e+02 6.0727301025e+02 6.0759399414e+02 6.0791302490e+02 6.0818103027e+02 6.0832501221e+02 6.0844097900e+02 6.0860498047e+02 6.0880499268e+02 6.0895001221e+02 6.0907299805e+02 6.0917102051e+02 6.0925097656e+02 6.0933099365e+02 6.0941497803e+02 6.0949298096e+02 6.0955700684e+02 6.0958398438e+02 6.0959802246e+02 6.0962097168e+02 6.0965997314e+02 6.0973498535e+02 6.0981201172e+02 6.0985900879e+02 6.0986999512e+02 6.0984698486e+02 6.0984899902e+02 6.0988897705e+02 6.0992797852e+02 6.0989501953e+02
6.0579797363e+02 6.0585198975e+02 6.0589202881e+02 6.0592901611e+02 6.0597198486e+02 6.0602600098e+02 6.0606799316e+02 6.0611102295e+02 6.0616699219e+02 6.0623797607e+02 6.0633599854e+02 6.0646301270e+02 6.0658801270e+02 6.0669500732e+02 6.0680401611e+02 6.0692901611e+02 6.0708001709e+02 6.0728698730e+02 6.0753399658e+02 6.0778399658e+02 6.0800201416e+02 6.0815197754e+02 6.0827801514e+02 6.0843499756e+02 6.0861798096e+02 6.0876702881e+02 6.0888702393e+02 6.0898297119e+02 6.0906500244e+02 6.0914697266e+02 6.0922998047e+02 6.0931097412e+02 6.0937799072e+02 6.0940502930e+02 6.0942602539e+02 6.0946099854e+02 6.0951300049e+02 6.0958001709e+02 6.0964801025e+02 6.0968798828e+02 6.0968298340e+02 6.0965802002e+02 6.0967700195e+02 6.0973199463e+02 6.0977502441e+02 6.0978302002e+02
6.0553100586e+02 6.0559497070e+02 6.0564501953e+02 6.0568701172e+02 6.0574700928e+02 6.0582397461e+02 6.0588500977e+02 6.0595202637e+02 6.0603302002e+02 6.0612097168e+02 6.0624102783e+02 6.0639898682e+02 6.0656896973e+02 6.0672302246e+02 6.0686798096e+02 6.0702099609e+02 6.0718597412e+02 6.0735601807e+02 6.0753302002e+02 6.0770697021e+02 6.0787200928e+02 6.0799499512e+02 6.0812500000e+02 6.0825500488e+02 6.0839099121e+02 6.0857501221e+02 6.0870397949e+02 6.0879998779e+02 6.0887402344e+02 6.0893402100e+02 6.0898999023e+02 6.0904699707e+02 6.0909997559e+02 6.0916497803e+02 6.0921502686e+02 6.0927899170e+02 6.0935998535e+02 6.0943701172e+02 6.0949798584e+02 6.0952398682e+02 6.0950598145e+02 6.0950701904e+02 6.0954400635e+02 6.0959997559e+02 6.0964697266e+02 6.0968597412e+02
6.0527398682e+02 6.0533502197e+02 6.0538800049e+02 6.0543298340e+02 6.0549902344e+02 6.0558197021e+02 6.0567700195e+02 6.0576702881e+02 6.0584399414e+02 6.0593499756e+02 6.0605603027e+02 6.0621099854e+02 6.0640197754e+02 6.0659100342e+02 6.0676202393e+02 6.0693499756e+02 6.0709997559e+02 6.0728601074e+02 6.0745397949e+02 6.0760198975e+02 6.0773999023e+02 6.0786798096e+02 6.0798297119e+02 6.0809100342e+02 6.0821099854e+02 6.0836401367e+02 6.0848797607e+02 6.0857897949e+02 6.0865197754e+02 6.0870397949e+02 6.0873101807e+02 6.0876098633e+02 6.0882800293e+02 6.0893402100e+02 6.0900500488e+02 6.0907299805e+02 6.0915100098e+02 6.0923498535e+02 6.0930798340e+02 6.0934497070e+02 6.0934899902e+02 6.0936999512e+02 6.0940600586e+02 6.0944097900e+02 6.0947100830e+02 6.0953198242e+02
6.0501501465e+02 6.0507598877e+02 6.0514099121e+02 6.0519897461e+02 6.0526898193e+02 6.0535699463e+02 6.0545397949e+02 6.0554602051e+02 6.0562402344e+02 6.0572302246e+02 6.0584100342e+02 6.0599200439e+02 6.0617498779e+02 6.0634301758e+02 6.0649902344e+02 6.0666302490e+02 6.0684197998e+02 6.0703497314e+02 6.0720501709e+02 6.0735699463e+02 6.0750598145e+02 6.0763201904e+02 6.0773602295e+02 6.0784497070e+02 6.0796899414e+02 6.0810797119e+02 6.0822302246e+02 6.0831701660e+02 6.0840301514e+02 6.0845800781e+02 6.0848199463e+02 6.0850799561e+02 6.0855999756e+02 6.0867401123e+02 6.0876702881e+02 6.0884997559e+02 6.0892700195e+02 6.0900500488e+02 6.0908099365e+02 6.0913598633e+02 6.0916900635e+02 6.0920202637e+02 6.0922900391e+02 6.0924200439e+02 6.0925299072e+02 6.0931896973e+02
6.0477697754e+02 6.0484698486e+02 6.0492999268e+02 6.0499597168e+02 6.0505700684e+02 6.0513897705e+02 6.0521997070e+02 6.0530102539e+02 6.0538500977e+02 6.0548999023e+02 6.0560101318e+02 6.0573901367e+02 6.0590698242e+02 6.0604101563e+02 6.0617102051e+02 6.0631799316e+02 6.0649298096e+02 6.0667102051e+02 6.0683398438e+02 6.0698901367e+02 6.0713500977e+02 6.0724798584e+02 6.0735198975e+02 6.0746600342e+02 6.0760498047e+02 6.0774298096e+02 6.0785998535e+02 6.0796899414e+02 6.0808099365e+02 6.0815698242e+02 6.0819897461e+02 6.0824401855e+02 6.0830102539e+02 6.0841601563e+02 6.0852502441e+02 6.0861602783e+02 6.0869000244e+02 6.0875402832e+02 6.0882598877e+02 6.0889697266e+02 6.0896398926e+02 6.0901098633e+02 6.0903198242e+02 6.0902697754e+02 6.0901599121e+02 6.0907397461e+02
6.0460601807e+02 6.0467297363e+02 6.0475000000e+02 6.0480999756e+02 6.0483801270e+02 6.0492102051e+02 6.0498699951e+02 6.0505603027e+02 6.0513299561e+02 6.0524401855e+02 6.0535101318e+02 6.0547497559e+02 6.0562298584e+02 6.0573498535e+02 6.0586499023e+02 6.0601300049e+02 6.0617901611e+02 6.0628698730e+02 6.0642401123e+02 6.0655999756e+02 6.0667797852e+02 6.0681097412e+02 6.0692602539e+02 6.0703302002e+02 6.0713397217e+02 6.0726397705e+02 6.0737799072e+02 6.0749700928e+02 6.0759002686e+02 6.0775402832e+02 6.0784197998e+02 6.0792797852e+02 6.0804199219e+02 6.0817297363e+02 6.0828601074e+02 6.0838000488e+02 6.0845800781e+02 6.0849102783e+02 6.0855603027e+02 6.0863598633e+02 6.0874597168e+02 6.0879602051e+02 6.0882397461e+02 6.0882098389e+02 6.0881097412e+02 6.0882098389e+02
6.0456701660e+02 6.0458398438e+02 6.0459497070e+02 6.0461700439e+02 6.0465502930e+02 6.0471600342e+02 6.0477197266e+02 6.0483502197e+02 6.0491400146e+02 6.0498999023e+02 6.0507501221e+02 6.0517797852e+02 6.0529998779e+02 6.0540802002e+02 6.0554498291e+02 6.0569299316e+02 6.0581500244e+02 6.0590301514e+02 6.0602697754e+02 6.0616198730e+02 6.0628698730e+02 6.0641302490e+02 6.0652697754e+02 6.0662799072e+02 6.0672302246e+02 6.0682000732e+02 6.0692999268e+02 6.0705102539e+02 6.0717901611e+02 6.0730700684e+02 6.0740600586e+02 6.0749597168e+02 6.0760198975e+02 6.0774200439e+02 6.0787799072e+02 6.0800201416e+02 6.0809698486e+02 6.0817102051e+02 6.0822900391e+02 6.0828601074e+02 6.0837097168e+02 6.0846197510e+02 6.0852899170e+02 6.0856896973e+02 6.0858197021e+02 6.0860198975e+02
6.0459399414e+02 6.0460998535e+02 6.0460498047e+02 6.0461499023e+02 6.0463702393e+02 6.0466497803e+02 6.0468499756e+02 6.0471502686e+02 6.0477197266e+02 6.0482202148e+02 6.0486999512e+02 6.0493298340e+02 6.0502197266e+02 6.0510797119e+02 6.0522100830e+02 6.0534399414e+02 6.0544897461e+02 6.0551501465e+02 6.0561999512e+02 6.0574700928e+02 6.0587597656e+02 6.0599499512e+02 6.0609899902e+02 6.0619299316e+02 6.0628002930e+02 6.0637799072e+02 6.0649499512e+02 6.0662298584e+02 6.0674700928e+02 6.0685601807e+02 6.0694897461e+02 6.0704101563e+02 6.0714801025e+02 6.0727697754e+02 6.0739801025e+02 6.0751202393e+02 6.0761901855e+02 6.0771801758e+02 6.0777600098e+02 6.0781597900e+02 6.0789001465e+02 6.0798498535e+02 6.0807299805e+02 6.0815002441e+02 6.0822302246e+02 6.0828002930e+02
6.0464202881e+02 6.0467602539e+02 6.0468902588e+02 6.0471002197e+02 6.0472601318e+02 6.0473101807e+02 6.0472302246e+02 6.0472198486e+02 6.0474902344e+02 6.0478100586e+02 6.0479901123e+02 6.0482098389e+02 6.0486602783e+02 6.0491302490e+02 6.0498199463e+02 6.0506201172e+02 6.0514099121e+02 6.0519000244e+02 6.0526800537e+02 6.0537200928e+02 6.0548699951e+02 6.0559802246e+02 6.0569097900e+02 6.0577001953e+02 6.0584301758e+02 6.0594201660e+02 6.0605999756e+02 6.0618597412e+02 6.0630700684e+02 6.0640802002e+02 6.0650000000e+02 6.0659600830e+02 6.0671697998e+02 6.0683801270e+02 6.0692199707e+02 6.0700000000e+02 6.0709100342e+02 6.0720001221e+02 6.0726800537e+02 6.0731597900e+02 6.0738702393e+02 6.0745098877e+02 6.0752697754e+02 6.0760998535e+02 6.0771002197e+02 6.0779199219e+02
6.0465802002e+02 6.0469500732e+02 6.0472302246e+02 6.0475701904e+02 6.0478698730e+02 6.0478802490e+02 6.0479101563e+02 6.0480401611e+02 6.0483300781e+02 6.0484497070e+02 6.0485198975e+02 6.0485302734e+02 6.0487298584e+02 6.0487097168e+02 6.0488800049e+02 6.0490997314e+02 6.0492999268e+02 6.0497399902e+02 6.0502502441e+02 6.0509002686e+02 6.0515997314e+02 6.0525000000e+02 6.0533197021e+02 6.0539697266e+02 6.0544299316e+02 6.0553002930e+02 6.0563397217e+02 6.0574401855e+02 6.0583502197e+02 6.0595300293e+02 6.0605297852e+02 6.0615698242e+02 6.0628399658e+02 6.0640899658e+02 6.0646899414e+02 6.0651702881e+02 6.0658801270e+02 6.0668103027e+02 6.0676300049e+02 6.0683801270e+02 6.0692602539e+02 6.0696301270e+02 6.0699401855e+02 6.0703497314e+02 6.0708300781e+02 6.0717999268e+02
6.0465600586e+02 6.0468499756e+02 6.0471502686e+02 6.0474902344e+02 6.0478698730e+02 6.0480200195e+02 6.0482397461e+02 6.0485302734e+02 6.0488000488e+02 6.0489697266e+02 6.0491101074e+02 6.0492602539e+02 6.0494000244e+02 6.0494799805e+02 6.0496197510e+02 6.0497698975e+02 6.0497601318e+02 6.0497900391e+02 6.0499798584e+02 6.0503100586e+02 6.0507397461e+02 6.0510400391e+02 6.0514599609e+02 6.0518701172e+02 6.0522900391e+02 6.0525500488e+02 6.0530902100e+02 6.0537298584e+02 6.0544000244e+02 6.0551300049e+02 6.0559600830e+02 6.0568200684e+02 6.0579101563e+02 6.0588299561e+02 6.0594500732e+02 6.0601000977e+02 6.0610198975e+02 6.0619097900e+02 6.0625799561e+02 6.0632202148e+02 6.0641601563e+02 6.0648498535e+02 6.0652502441e+02 6.0655700684e+02 6.0660198975e+02 6.0667602539e+02
6.0465698242e+02 6.0468402100e+02 6.0471301270e+02 6.0474597168e+02 6.0478100586e+02 6.0479901123e+02 6.0483001709e+02 6.0486499023e+02 6.0489398193e+02 6.0491497803e+02 6.0493701172e+02 6.0496099854e+02 6.0498797607e+02 6.0500897217e+02 6.0503002930e+02 6.0505102539e+02 6.0505603027e+02 6.0505999756e+02 6.0506799316e+02 6.0508300781e+02 6.0510998535e+02 6.0512298584e+02 6.0513702393e+02 6.0515399170e+02 6.0518200684e+02 6.0518499756e+02 6.0520202637e+02 6.0522601318e+02 6.0525500488e+02 6.0528497314e+02 6.0532897949e+02 6.0537902832e+02 6.0545501709e+02 6.0550097656e+02 6.0554199219e+02 6.0559399414e+02 6.0567999268e+02 6.0574597168e+02 6.0580499268e+02 6.0586798096e+02 6.0597198486e+02 6.0605499268e+02 6.0611102295e+02 6.0615600586e+02 6.0621697998e+02 6.0628601074e+02
6.0466198730e+02 6.0468701172e+02 6.0471502686e+02 6.0474700928e+02 6.0477502441e+02 6.0479400635e+02 6.0482598877e+02 6.0485797119e+02 6.0488897705e+02 6.0491400146e+02 6.0494000244e+02 6.0496899414e+02 6.0500201416e+02 6.0503002930e+02 6.0505902100e+02 6.0508801270e+02 6.0511102295e+02 6.0513702393e+02 6.0515002441e+02 6.0516400146e+02 6.0519299316e+02 6.0521697998e+02 6.0522497559e+02 6.0523297119e+02 6.0525299072e+02 6.0526501465e+02 6.0527697754e+02 6.0528601074e+02 6.0529400635e+02 6.0530700684e+02 6.0531896973e+02 6.0533502197e+02 6.0537902832e+02 6.0540997314e+02 6.0542297363e+02 6.0543798828e+02 6.0547802734e+02 6.0551898193e+02 6.0556701660e+02 6.0562701416e+02 6.0571697998e+02 6.0579602051e+02 6.0585400391e+02 6.0590197754e+02 6.0596398926e+02 6.0602398682e+02
