TESTSERVER/6/9.asc
NCOLS 100
NROWS 100
XLLCORNER 7.7997500000e+03
YLLCORNER 2.8950025000e+05
CELLSIZE 5.0000000000e-01
NODATA_VALUE -9.9990000000e+03
[rows 60 to 79 of 100, columns 0 to 45 of 100]
5.9635699463e+02 5.9632397461e+02 5.9626898193e+02 5.9624902344e+02 5.9623199463e+02 5.9619396973e+02 5.9613397217e+02 5.9617700195e+02 5.9651898193e+02 5.9677301025e+02 5.9680499268e+02 5.9676300049e+02 5.9682800293e+02 5.9685900879e+02 5.9688702393e+02 5.9676300049e+02 5.9684197998e+02 5.9698999023e+02 5.9703399658e+02 5.9692401123e+02 5.9688897705e+02 5.9690301514e+02 5.9701702881e+02 5.9693499756e+02 5.9681500244e+02 5.9669799805e+02 5.9655499268e+02 5.9624499512e+02 5.9621502686e+02 5.9629498291e+02 5.9633398438e+02 5.9634497070e+02 5.9634997559e+02 5.9638201904e+02 5.9642797852e+02 5.9644598389e+02 5.9643798828e+02 5.9639898682e+02 5.9638702393e+02 5.9639300537e+02 5.9641302490e+02 5.9642901611e+02 5.9638897705e+02 5.9634698486e+02 5.9630297852e+02 5.9626000977e+02
5.9634399414e+02 5.9629699707e+02 5.9623699951e+02 5.9618701172e+02 5.9614202881e+02 5.9611199951e+02 5.9607000732e+02 5.9599700928e+02 5.9608599854e+02 5.9625299072e+02 5.9639398193e+02 5.9638299561e+02 5.9646301270e+02 5.9649499512e+02 5.9646600342e+02 5.9645202637e+02 5.9649401855e+02 5.9658001709e+02 5.9660400391e+02 5.9655499268e+02 5.9650598145e+02 5.9651800537e+02 5.9666699219e+02 5.9670098877e+02 5.9656799316e+02 5.9645300293e+02 5.9629602051e+02 5.9600500488e+02 5.9598498535e+02 5.9603002930e+02 5.9598699951e+02 5.9594799805e+02 5.9598602295e+02 5.9617602539e+02 5.9646398926e+02 5.9659600830e+02 5.9639300537e+02 5.9607702637e+02 5.9591101074e+02 5.9590197754e+02 5.9592602539e+02 5.9590197754e+02 5.9591998291e+02 5.9583197021e+02 5.9577502441e+02 5.9574597168e+02
5.9633801270e+02 5.9628802490e+02 5.9622998047e+02 5.9615100098e+02 5.9607397461e+02 5.9602398682e+02 5.9597900391e+02 5.9592700195e+02 5.9587701416e+02 5.9586901855e+02 5.9596697998e+02 5.9593701172e+02 5.9602600098e+02 5.9611499023e+02 5.9607397461e+02 5.9610101318e+02 5.9607397461e+02 5.9604498291e+02 5.9609997559e+02 5.9613897705e+02 5.9612500000e+02 5.9612200928e+02 5.9618798828e+02 5.9621600342e+02 5.9613397217e+02 5.9605902100e+02 5.9594702148e+02 5.9576098633e+02 5.9572399902e+02 5.9570202637e+02 5.9560998535e+02 5.9553002930e+02 5.9553399658e+02 5.9577697754e+02 5.9628198242e+02 5.9657299805e+02 5.9623699951e+02 5.9571801758e+02 5.9545599365e+02 5.9554602051e+02 5.9572399902e+02 5.9572802734e+02 5.9577502441e+02 5.9555297852e+02 5.9534600830e+02 5.9527301025e+02
5.9632598877e+02 5.9627398682e+02 5.9622900391e+02 5.9614501953e+02 5.9606799316e+02 5.9600598145e+02 5.9591302490e+02 5.9584997559e+02 5.9580798340e+02 5.9574102783e+02 5.9570300293e+02 5.9561499023e+02 5.9566198730e+02 5.9577398682e+02 5.9578198242e+02 5.9581799316e+02 5.9576300049e+02 5.9568200684e+02 5.9570800781e+02 5.9576000977e+02 5.9576800537e+02 5.9575598145e+02 5.9572900391e+02 5.9570800781e+02 5.9565698242e+02 5.9561499023e+02 5.9554998779e+02 5.9544598389e+02 5.9538299561e+02 5.9531298828e+02 5.9522399902e+02 5.9514898682e+02 5.9509497070e+02 5.9523901367e+02 5.9570202637e+02 5.9606097412e+02 5.9572698975e+02 5.9523699951e+02 5.9506201172e+02 5.9542901611e+02 5.9579498291e+02 5.9569396973e+02 5.9556799316e+02 5.9523699951e+02 5.9495599365e+02 5.9488500977e+02
5.9631597900e+02 5.9625701904e+02 5.9622198486e+02 5.9614300537e+02 5.9607800293e+02 5.9601599121e+02 5.9591900635e+02 5.9582897949e+02 5.9578997803e+02 5.9573297119e+02 5.9565301514e+02 5.9559002686e+02 5.9555297852e+02 5.9555102539e+02 5.9554901123e+02 5.9553900146e+02 5.9548699951e+02 5.9543402100e+02 5.9539599609e+02 5.9539001465e+02 5.9537597656e+02 5.9536999512e+02 5.9534197998e+02 5.9531402588e+02 5.9527301025e+02 5.9525500488e+02 5.9519598389e+02 5.9509698486e+02 5.9500897217e+02 5.9494702148e+02 5.9490100098e+02 5.9484301758e+02 5.9476702881e+02 5.9472698975e+02 5.9481701660e+02 5.9504498291e+02 5.9486999512e+02 5.9466497803e+02 5.9461798096e+02 5.9510302734e+02 5.9548297119e+02 5.9514697266e+02 5.9476501465e+02 5.9458697510e+02 5.9447601318e+02 5.9449700928e+02
5.9632000732e+02 5.9623699951e+02 5.9619897461e+02 5.9613598633e+02 5.9607299805e+02 5.9601000977e+02 5.9593499756e+02 5.9587097168e+02 5.9580102539e+02 5.9572802734e+02 5.9566601563e+02 5.9559899902e+02 5.9552899170e+02 5.9546502686e+02 5.9541302490e+02 5.9536297607e+02 5.9530401611e+02 5.9525500488e+02 5.9520397949e+02 5.9515301514e+02 5.9511102295e+02 5.9507702637e+02 5.9504302979e+02 5.9499200439e+02 5.9495300293e+02 5.9492999268e+02 5.9487097168e+02 5.9478302002e+02 5.9470001221e+02 5.9464697266e+02 5.9461798096e+02 5.9455902100e+02 5.9449401855e+02 5.9443200684e+02 5.9437597656e+02 5.9435998535e+02 5.9435400391e+02 5.9436102295e+02 5.9430499268e+02 5.9432098389e+02 5.9442602539e+02 5.9423699951e+02 5.9414398193e+02 5.9407000732e+02 5.9403002930e+02 5.9401202393e+02
5.9628698730e+02 5.9623699951e+02 5.9620599365e+02 5.9614300537e+02 5.9607000732e+02 5.9599902344e+02 5.9593902588e+02 5.9587298584e+02 5.9579101563e+02 5.9572698975e+02 5.9567498779e+02 5.9561401367e+02 5.9555297852e+02 5.9548199463e+02 5.9540502930e+02 5.9533697510e+02 5.9526898193e+02 5.9521502686e+02 5.9514501953e+02 5.9506097412e+02 5.9500201416e+02 5.9493597412e+02 5.9488397217e+02 5.9483398438e+02 5.9477801514e+02 5.9472698975e+02 5.9466601563e+02 5.9459100342e+02 5.9451702881e+02 5.9445098877e+02 5.9439501953e+02 5.9432897949e+02 5.9426397705e+02 5.9419299316e+02 5.9415802002e+02 5.9413299561e+02 5.9413299561e+02 5.9409600830e+02 5.9400701904e+02 5.9389001465e+02 5.9383398438e+02 5.9376702881e+02 5.9377899170e+02 5.9370697021e+02 5.9363098145e+02 5.9354797363e+02
5.9627197266e+02 5.9622601318e+02 5.9619598389e+02 5.9613800049e+02 5.9605999756e+02 5.9598297119e+02 5.9592901611e+02 5.9585198975e+02 5.9577899170e+02 5.9572998047e+02 5.9567401123e+02 5.9561199951e+02 5.9555102539e+02 5.9548602295e+02 5.9542102051e+02 5.9534997559e+02 5.9527899170e+02 5.9523101807e+02 5.9516101074e+02 5.9506701660e+02 5.9500598145e+02 5.9493499756e+02 5.9486602783e+02 5.9480603027e+02 5.9473400879e+02 5.9466302490e+02 5.9459497070e+02 5.9452801514e+02 5.9445898438e+02 5.9438598633e+02 5.9430499268e+02 5.9423101807e+02 5.9416998291e+02 5.9409997559e+02 5.9403497314e+02 5.9396899414e+02 5.9392199707e+02 5.9384301758e+02 5.9378100586e+02 5.9370202637e+02 5.9362799072e+02 5.9356402588e+02 5.9351800537e+02 5.9340997314e+02 5.9333599854e+02 5.9326599121e+02
5.9646801758e+02 5.9627398682e+02 5.9616601563e+02 5.9610302734e+02 5.9603997803e+02 5.9598400879e+02 5.9591802979e+02 5.9584600830e+02 5.9579199219e+02 5.9572900391e+02 5.9564300537e+02 5.9560498047e+02 5.9554302979e+02 5.9547601318e+02 5.9541998291e+02 5.9536102295e+02 5.9528601074e+02 5.9522100830e+02 5.9515301514e+02 5.9507397461e+02 5.9501800537e+02 5.9495501709e+02 5.9487097168e+02 5.9480798340e+02 5.9474700928e+02 5.9467999268e+02 5.9460498047e+02 5.9455200195e+02 5.9448602295e+02 5.9440301514e+02 5.9431402588e+02 5.9425701904e+02 5.9419201660e+02 5.9411901855e+02 5.9405902100e+02 5.9396197510e+02 5.9389398193e+02 5.9382299805e+02 5.9375701904e+02 5.9366601563e+02 5.9359497070e+02 5.9352099609e+02 5.9345501709e+02 5.9336499023e+02 5.9329901123e+02 5.9323199463e+02
5.9688098145e+02 5.9665698242e+02 5.9646197510e+02 5.9622100830e+02 5.9605102539e+02 5.9595800781e+02 5.9590802002e+02 5.9583502197e+02 5.9578198242e+02 5.9572399902e+02 5.9565698242e+02 5.9561102295e+02 5.9554797363e+02 5.9547100830e+02 5.9540997314e+02 5.9536102295e+02 5.9528900146e+02 5.9521997070e+02 5.9514801025e+02 5.9508599854e+02 5.9503399658e+02 5.9496502686e+02 5.9487799072e+02 5.9481597900e+02 5.9476202393e+02 5.9469396973e+02 5.9462200928e+02 5.9455499268e+02 5.9449200439e+02 5.9441998291e+02 5.9435101318e+02 5.9428100586e+02 5.9420300293e+02 5.9413397217e+02 5.9407299805e+02 5.9399401855e+02 5.9392199707e+02 5.9384997559e+02 5.9378100586e+02 5.9370898438e+02 5.9364300537e+02 5.9355902100e+02 5.9348999023e+02 5.9341101074e+02 5.9334100342e+02 5.9326800537e+02
5.9710400391e+02 5.9698297119e+02 5.9685797119e+02 5.9662799072e+02 5.9635498047e+02 5.9614801025e+02 5.9603198242e+02 5.9588800049e+02 5.9577801514e+02 5.9569097900e+02 5.9562402344e+02 5.9558398438e+02 5.9553997803e+02 5.9547198486e+02 5.9540002441e+02 5.9534802246e+02 5.9528302002e+02 5.9522399902e+02 5.9515899658e+02 5.9508898926e+02 5.9503302002e+02 5.9497198486e+02 5.9489697266e+02 5.9483197021e+02 5.9477398682e+02 5.9471002197e+02 5.9464697266e+02 5.9456799316e+02 5.9450897217e+02 5.9444299316e+02 5.9437200928e+02 5.9429797363e+02 5.9422698975e+02 5.9416400146e+02 5.9409399414e+02 5.9401800537e+02 5.9394500732e+02 5.9387097168e+02 5.9380902100e+02 5.9373999023e+02 5.9366998291e+02 5.9358502197e+02 5.9351397705e+02 5.9343298340e+02 5.9336499023e+02 5.9329797363e+02
5.9698101807e+02 5.9695898438e+02 5.9691198730e+02 5.9682702637e+02 5.9665002441e+02 5.9646398926e+02 5.9634002686e+02 5.9620898438e+02 5.9604699707e+02 5.9588702393e+02 5.9572900391e+02 5.9564099121e+02 5.9555999756e+02 5.9548297119e+02 5.9540600586e+02 5.9534399414e+02 5.9527697754e+02 5.9522399902e+02 5.9516900635e+02 5.9509301758e+02 5.9503198242e+02 5.9497198486e+02 5.9490399170e+02 5.9484600830e+02 5.9478497314e+02 5.9472100830e+02 5.9466198730e+02 5.9458300781e+02 5.9452197266e+02 5.9444799805e+02 5.9437799072e+02 5.9430603027e+02 5.9424200439e+02 5.9418103027e+02 5.9411297607e+02 5.9404101563e+02 5.9396997070e+02 5.9389801025e+02 5.9383898926e+02 5.9375701904e+02 5.9369097900e+02 5.9362402344e+02 5.9356298828e+02 5.9347900391e+02 5.9340600586e+02 5.9333599854e+02
5.9669000244e+02 5.9667602539e+02 5.9663397217e+02 5.9660699463e+02 5.9654199219e+02 5.9645202637e+02 5.9640899658e+02 5.9642999268e+02 5.9637902832e+02 5.9628399658e+02 5.9616601563e+02 5.9596197510e+02 5.9575598145e+02 5.9558697510e+02 5.9547998047e+02 5.9537500000e+02 5.9528802490e+02 5.9520697021e+02 5.9512402344e+02 5.9506597900e+02 5.9500897217e+02 5.9494799805e+02 5.9489001465e+02 5.9482800293e+02 5.9477600098e+02 5.9471600342e+02 5.9466802979e+02 5.9457501221e+02 5.9452197266e+02 5.9446502686e+02 5.9440002441e+02 5.9432897949e+02 5.9425402832e+02 5.9418298340e+02 5.9411499023e+02 5.9405902100e+02 5.9399597168e+02 5.9392401123e+02 5.9385699463e+02 5.9378198242e+02 5.9372302246e+02 5.9365802002e+02 5.9359399414e+02 5.9351300049e+02 5.9344299316e+02 5.9337097168e+02
5.9642602539e+02 5.9641101074e+02 5.9638897705e+02 5.9635198975e+02 5.9627697754e+02 5.9620098877e+02 5.9617602539e+02 5.9615802002e+02 5.9617401123e+02 5.9620697021e+02 5.9616601563e+02 5.9602600098e+02 5.9589599609e+02 5.9575799561e+02 5.9561700439e+02 5.9548602295e+02 5.9536297607e+02 5.9527001953e+02 5.9520397949e+02 5.9513397217e+02 5.9505102539e+02 5.9497100830e+02 5.9490698242e+02 5.9483398438e+02 5.9476599121e+02 5.9470300293e+02 5.9465301514e+02 5.9457098389e+02 5.9450500488e+02 5.9444097900e+02 5.9437500000e+02 5.9431097412e+02 5.9425201416e+02 5.9418902588e+02 5.9412097168e+02 5.9404998779e+02 5.9397497559e+02 5.9390698242e+02 5.9386102295e+02 5.9379901123e+02 5.9373199463e+02 5.9365399170e+02 5.9357501221e+02 5.9351599121e+02 5.9345898438e+02 5.9339001465e+02
5.9614898682e+02 5.9614202881e+02 5.9613500977e+02 5.9611602783e+02 5.9603802490e+02 5.9594000244e+02 5.9588897705e+02 5.9585601807e+02 5.9587799072e+02 5.9592102051e+02 5.9593597412e+02 5.9584802246e+02 5.9574902344e+02 5.9564801025e+02 5.9557000732e+02 5.9548699951e+02 5.9539099121e+02 5.9532501221e+02 5.9528002930e+02 5.9521997070e+02 5.9514202881e+02 5.9505700684e+02 5.9497802734e+02 5.9490100098e+02 5.9482598877e+02 5.9475201416e+02 5.9468103027e+02 5.9459802246e+02 5.9450598145e+02 5.9443402100e+02 5.9436700439e+02 5.9430603027e+02 5.9425299072e+02 5.9418701172e+02 5.9412200928e+02 5.9404602051e+02 5.9396801758e+02 5.9390002441e+02 5.9384197998e+02 5.9376300049e+02 5.9370397949e+02 5.9364599609e+02 5.9356597900e+02 5.9350000000e+02 5.9344500732e+02 5.9337597656e+02
5.9586102295e+02 5.9584698486e+02 5.9585101318e+02 5.9587097168e+02 5.9580102539e+02 5.9569500732e+02 5.9562701416e+02 5.9563000488e+02 5.9564202881e+02 5.9564300537e+02 5.9565997314e+02 5.9559399414e+02 5.9548101807e+02 5.9538598633e+02 5.9538098145e+02 5.9537097168e+02 5.9530603027e+02 5.9524102783e+02 5.9519299316e+02 5.9518798828e+02 5.9516302490e+02 5.9509802246e+02 5.9500299072e+02 5.9493597412e+02 5.9486602783e+02 5.9478100586e+02 5.9470300293e+02 5.9460900879e+02 5.9446801758e+02 5.9439001465e+02 5.9434002686e+02 5.9428997803e+02 5.9422900391e+02 5.9414898682e+02 5.9408502197e+02 5.9402600098e+02 5.9395397949e+02 5.9387701416e+02 5.9378100586e+02 5.9370599365e+02 5.9365899658e+02 5.9359600830e+02 5.9347802734e+02 5.9339697266e+02 5.9335797119e+02 5.9329199219e+02
5.9553002930e+02 5.9548400879e+02 5.9546002197e+02 5.9554199219e+02 5.9550701904e+02 5.9541302490e+02 5.9534197998e+02 5.9537597656e+02 5.9538500977e+02 5.9538702393e+02 5.9536401367e+02 5.9528698730e+02 5.9519097900e+02 5.9511901855e+02 5.9513702393e+02 5.9514697266e+02 5.9505401611e+02 5.9494799805e+02 5.9489202881e+02 5.9496502686e+02 5.9500500488e+02 5.9496801758e+02 5.9488702393e+02 5.9480401611e+02 5.9469799805e+02 5.9459600830e+02 5.9454400635e+02 5.9444201660e+02 5.9429498291e+02 5.9425402832e+02 5.9422601318e+02 5.9416802979e+02 5.9407800293e+02 5.9398199463e+02 5.9394702148e+02 5.9389300537e+02 5.9383599854e+02 5.9379302979e+02 5.9366198730e+02 5.9357098389e+02 5.9350299072e+02 5.9339801025e+02 5.9325402832e+02 5.9318298340e+02 5.9315197754e+02 5.9309100342e+02
5.9525299072e+02 5.9522302246e+02 5.9517999268e+02 5.9522399902e+02 5.9517401123e+02 5.9510400391e+02 5.9508300781e+02 5.9509301758e+02 5.9507598877e+02 5.9506799316e+02 5.9502099609e+02 5.9494000244e+02 5.9486499023e+02 5.9481500244e+02 5.9480499268e+02 5.9479199219e+02 5.9470898438e+02 5.9461700439e+02 5.9458300781e+02 5.9461401367e+02 5.9463702393e+02 5.9461401367e+02 5.9456799316e+02 5.9449499512e+02 5.9440997314e+02 5.9433398438e+02 5.9427697754e+02 5.9421997070e+02 5.9415802002e+02 5.9410699463e+02 5.9398297119e+02 5.9389202881e+02 5.9380603027e+02 5.9373101807e+02 5.9369396973e+02 5.9362298584e+02 5.9360699463e+02 5.9359802246e+02 5.9347802734e+02 5.9337597656e+02 5.9328302002e+02 5.9315502930e+02 5.9300097656e+02 5.9289099121e+02 5.9280401611e+02 5.9272698975e+02
5.9494396973e+02 5.9497802734e+02 5.9496502686e+02 5.9493798828e+02 5.9485699463e+02 5.9481597900e+02 5.9480999756e+02 5.9475201416e+02 5.9470898438e+02 5.9473999023e+02 5.9475201416e+02 5.9464898682e+02 5.9454699707e+02 5.9447900391e+02 5.9444299316e+02 5.9443298340e+02 5.9438598633e+02 5.9431799316e+02 5.9427697754e+02 5.9424902344e+02 5.9421600342e+02 5.9417199707e+02 5.9414501953e+02 5.9412597656e+02 5.9412500000e+02 5.9409301758e+02 5.9400897217e+02 5.9399298096e+02 5.9398400879e+02 5.9392498779e+02 5.9372802734e+02 5.9356402588e+02 5.9348498535e+02 5.9342602539e+02 5.9339398193e+02 5.9334802246e+02 5.9334197998e+02 5.9333197021e+02 5.9323400879e+02 5.9311700439e+02 5.9300201416e+02 5.9289599609e+02 5.9279998779e+02 5.9268701172e+02 5.9254302979e+02 5.9241699219e+02
5.9462902832e+02 5.9473101807e+02 5.9476397705e+02 5.9468402100e+02 5.9458300781e+02 5.9454602051e+02 5.9450299072e+02 5.9440899658e+02 5.9436602783e+02 5.9442999268e+02 5.9449102783e+02 5.9435699463e+02 5.9421997070e+02 5.9412402344e+02 5.9408001709e+02 5.9409197998e+02 5.9407800293e+02 5.9402398682e+02 5.9396899414e+02 5.9391101074e+02 5.9385101318e+02 5.9379302979e+02 5.9376000977e+02 5.9376501465e+02 5.9378198242e+02 5.9375500488e+02 5.9368103027e+02 5.9366699219e+02 5.9365301514e+02 5.9360198975e+02 5.9347100830e+02 5.9336499023e+02 5.9332501221e+02 5.9323797607e+02 5.9312701416e+02 5.9309100342e+02 5.9306896973e+02 5.9302899170e+02 5.9294897461e+02 5.9283898926e+02 5.9273498535e+02 5.9269000244e+02 5.9265899658e+02 5.9253997803e+02 5.9237597656e+02 5.9221997070e+02
