TESTSERVER/6/9.asc
NCOLS 100
NROWS 100
XLLCORNER 7.7997500000e+03
YLLCORNER 2.8950025000e+05
CELLSIZE 5.0000000000e-01
NODATA_VALUE -9.9990000000e+03
[rows 40 to 59 of 100, columns 46 to 91 of 100]
6.0046197510e+02 6.0047802734e+02 6.0052600098e+02 6.0059002686e+02 6.0063201904e+02 6.0063299561e+02 6.0062200928e+02 6.0061499023e+02 6.0063397217e+02 6.0070800781e+02 6.0078900146e+02 6.0084600830e+02 6.0084497070e+02 6.0079998779e+02 6.0078100586e+02 6.0078198242e+02 6.0081298828e+02 6.0083898926e+02 6.0086401367e+02 6.0089001465e+02 6.0093402100e+02 6.0096099854e+02 6.0096600342e+02 6.0095001221e+02 6.0092602539e+02 6.0091302490e+02 6.0092401123e+02 6.0093701172e+02 6.0095599365e+02 6.0090997314e+02 6.0084600830e+02 6.0077197266e+02 6.0069598389e+02 6.0059600830e+02 6.0051098633e+02 6.0047497559e+02 6.0047802734e+02 6.0042901611e+02 6.0040197754e+02 6.0034899902e+02 6.0025299072e+02 6.0015802002e+02 6.0006500244e+02 5.9997100830e+02 5.9988598633e+02 5.9979602051e+02
6.0036602783e+02 6.0039599609e+02 6.0045599365e+02 6.0052697754e+02 6.0055401611e+02 6.0052801514e+02 6.0048498535e+02 6.0046502686e+02 6.0048498535e+02 6.0056298828e+02 6.0066802979e+02 6.0074700928e+02 6.0075299072e+02 6.0071502686e+02 6.0071002197e+02 6.0072302246e+02 6.0074902344e+02 6.0075799561e+02 6.0076501465e+02 6.0077697754e+02 6.0079699707e+02 6.0084399414e+02 6.0088098145e+02 6.0088598633e+02 6.0084600830e+02 6.0084399414e+02 6.0085101318e+02 6.0083599854e+02 6.0078302002e+02 6.0069702148e+02 6.0059600830e+02 6.0050500488e+02 6.0043902588e+02 6.0037200928e+02 6.0029901123e+02 6.0027099609e+02 6.0028002930e+02 6.0024499512e+02 6.0017401123e+02 6.0004998779e+02 5.9995202637e+02 5.9987298584e+02 5.9979901123e+02 5.9972497559e+02 5.9962799072e+02 5.9953497314e+02
6.0030297852e+02 6.0034197998e+02 6.0038800049e+02 6.0043597412e+02 6.0044201660e+02 6.0039697266e+02 6.0034002686e+02 6.0031097412e+02 6.0033398438e+02 6.0042297363e+02 6.0053698730e+02 6.0062597656e+02 6.0065197754e+02 6.0064398193e+02 6.0065197754e+02 6.0066400146e+02 6.0066802979e+02 6.0064898682e+02 6.0063098145e+02 6.0061999512e+02 6.0061901855e+02 6.0066302490e+02 6.0071600342e+02 6.0073797607e+02 6.0071502686e+02 6.0072601318e+02 6.0071502686e+02 6.0066101074e+02 6.0054998779e+02 6.0043798828e+02 6.0033697510e+02 6.0024902344e+02 6.0017297363e+02 6.0009997559e+02 6.0003497314e+02 6.0001098633e+02 6.0002197266e+02 5.9999499512e+02 5.9989697266e+02 5.9977001953e+02 5.9970800781e+02 5.9960498047e+02 5.9950897217e+02 5.9942401123e+02 5.9932202148e+02 5.9921600342e+02
6.0024102783e+02 6.0029797363e+02 6.0033502197e+02 6.0035302734e+02 6.0032800293e+02 6.0028198242e+02 6.0023498535e+02 6.0021197510e+02 6.0023400879e+02 6.0032397461e+02 6.0042901611e+02 6.0051098633e+02 6.0054797363e+02 6.0056597900e+02 6.0058001709e+02 6.0057897949e+02 6.0055297852e+02 6.0050701904e+02 6.0046197510e+02 6.0042797852e+02 6.0041400146e+02 6.0045300293e+02 6.0050799561e+02 6.0053698730e+02 6.0051397705e+02 6.0052301025e+02 6.0050000000e+02 6.0042797852e+02 6.0029498291e+02 6.0017999268e+02 6.0008300781e+02 5.9999200439e+02 5.9989599609e+02 5.9981701660e+02 5.9976702881e+02 5.9974700928e+02 5.9973999023e+02 5.9971600342e+02 5.9963201904e+02 5.9954797363e+02 5.9949499512e+02 5.9932897949e+02 5.9919799805e+02 5.9909301758e+02 5.9899401855e+02 5.9888000488e+02
6.0011602783e+02 6.0024700928e+02 6.0030499268e+02 6.0030700684e+02 6.0024798584e+02 6.0022802734e+02 6.0021398926e+02 6.0020898438e+02 6.0022802734e+02 6.0028002930e+02 6.0035699463e+02 6.0041497803e+02 6.0041998291e+02 6.0046899414e+02 6.0049597168e+02 6.0046600342e+02 6.0038598633e+02 6.0033398438e+02 6.0026202393e+02 6.0021099854e+02 6.0020697021e+02 6.0024597168e+02 6.0029101563e+02 6.0030200195e+02 6.0024401855e+02 6.0024298096e+02 6.0023602295e+02 6.0017999268e+02 6.0008001709e+02 5.9996899414e+02 5.9984802246e+02 5.9971899414e+02 5.9960601807e+02 5.9956799316e+02 5.9953100586e+02 5.9949597168e+02 5.9945202637e+02 5.9944201660e+02 5.9937597656e+02 5.9929602051e+02 5.9920202637e+02 5.9902099609e+02 5.9887298584e+02 5.9877398682e+02 5.9871697998e+02 5.9860101318e+02
6.0003399658e+02 6.0016497803e+02 6.0024700928e+02 6.0026702881e+02 6.0022601318e+02 6.0022100830e+02 6.0023101807e+02 6.0024700928e+02 6.0028997803e+02 6.0030499268e+02 6.0031896973e+02 6.0032897949e+02 6.0032800293e+02 6.0035400391e+02 6.0035900879e+02 6.0028601074e+02 6.0016198730e+02 6.0008599854e+02 6.0000000000e+02 5.9994500732e+02 5.9995300293e+02 5.9998498535e+02 6.0001000977e+02 6.0000799561e+02 5.9996398926e+02 5.9997698975e+02 5.9999298096e+02 5.9994702148e+02 5.9984802246e+02 5.9973999023e+02 5.9960400391e+02 5.9945397949e+02 5.9932598877e+02 5.9926599121e+02 5.9924102783e+02 5.9922698975e+02 5.9919897461e+02 5.9914202881e+02 5.9907000732e+02 5.9896899414e+02 5.9886901855e+02 5.9873602295e+02 5.9861102295e+02 5.9851702881e+02 5.9844799805e+02 5.9834399414e+02
5.9996002197e+02 6.0006896973e+02 6.0013897705e+02 6.0017999268e+02 6.0019598389e+02 6.0022100830e+02 6.0022802734e+02 6.0024700928e+02 6.0030902100e+02 6.0031597900e+02 6.0028399658e+02 6.0023999023e+02 6.0021197510e+02 6.0018902588e+02 6.0012902832e+02 6.0002001953e+02 5.9989898682e+02 5.9981896973e+02 5.9973999023e+02 5.9969396973e+02 5.9970300293e+02 5.9971197510e+02 5.9972900391e+02 5.9973699951e+02 5.9971697998e+02 5.9973400879e+02 5.9972802734e+02 5.9965698242e+02 5.9956097412e+02 5.9946099854e+02 5.9934100342e+02 5.9921697998e+02 5.9910900879e+02 5.9901202393e+02 5.9896899414e+02 5.9896002197e+02 5.9895697021e+02 5.9891101074e+02 5.9883197021e+02 5.9872100830e+02 5.9859802246e+02 5.9850799561e+02 5.9839599609e+02 5.9827301025e+02 5.9814501953e+02 5.9801599121e+02
5.9988800049e+02 5.9997802734e+02 6.0003900146e+02 6.0009002686e+02 6.0013000488e+02 6.0016900635e+02 6.0017102051e+02 6.0015997314e+02 6.0018499756e+02 6.0023101807e+02 6.0020098877e+02 6.0011499023e+02 6.0004199219e+02 5.9998199463e+02 5.9988702393e+02 5.9976501465e+02 5.9965100098e+02 5.9957098389e+02 5.9950598145e+02 5.9947302246e+02 5.9947601318e+02 5.9946600342e+02 5.9949298096e+02 5.9952301025e+02 5.9951501465e+02 5.9952502441e+02 5.9948101807e+02 5.9936901855e+02 5.9926501465e+02 5.9917797852e+02 5.9908197021e+02 5.9899798584e+02 5.9892602539e+02 5.9880798340e+02 5.9873297119e+02 5.9870202637e+02 5.9870001221e+02 5.9867102051e+02 5.9858502197e+02 5.9846502686e+02 5.9832000732e+02 5.9826202393e+02 5.9815802002e+02 5.9800299072e+02 5.9782000732e+02 5.9766998291e+02
5.9979498291e+02 5.9988299561e+02 5.9994598389e+02 5.9998101807e+02 5.9996697998e+02 6.0000097656e+02 6.0002099609e+02 5.9996502686e+02 5.9986901855e+02 6.0000799561e+02 6.0003399658e+02 5.9993298340e+02 5.9980200195e+02 5.9974499512e+02 5.9965600586e+02 5.9956201172e+02 5.9946398926e+02 5.9934002686e+02 5.9928601074e+02 5.9927301025e+02 5.9926000977e+02 5.9923101807e+02 5.9927899170e+02 5.9934399414e+02 5.9936297607e+02 5.9934197998e+02 5.9928497314e+02 5.9913800049e+02 5.9902099609e+02 5.9894201660e+02 5.9884899902e+02 5.9877001953e+02 5.9869897461e+02 5.9857800293e+02 5.9850500488e+02 5.9845599365e+02 5.9838598633e+02 5.9834399414e+02 5.9825201416e+02 5.9813800049e+02 5.9800299072e+02 5.9796502686e+02 5.9787298584e+02 5.9770800781e+02 5.9750701904e+02 5.9735601807e+02
5.9968402100e+02 5.9976702881e+02 5.9980798340e+02 5.9982000732e+02 5.9981597900e+02 5.9981097412e+02 5.9973797607e+02 5.9959197998e+02 5.9951098633e+02 5.9962500000e+02 5.9970501709e+02 5.9967102051e+02 5.9957000732e+02 5.9951098633e+02 5.9945001221e+02 5.9938598633e+02 5.9929400635e+02 5.9914801025e+02 5.9904199219e+02 5.9900299072e+02 5.9897302246e+02 5.9895800781e+02 5.9899200439e+02 5.9902502441e+02 5.9901898193e+02 5.9898498535e+02 5.9894799805e+02 5.9883801270e+02 5.9874298096e+02 5.9868200684e+02 5.9858197021e+02 5.9847100830e+02 5.9838598633e+02 5.9828698730e+02 5.9824102783e+02 5.9819299316e+02 5.9809100342e+02 5.9800799561e+02 5.9788702393e+02 5.9777899170e+02 5.9770300293e+02 5.9763598633e+02 5.9753302002e+02 5.9738201904e+02 5.9718798828e+02 5.9703997803e+02
5.9955603027e+02 5.9963800049e+02 5.9966400146e+02 5.9965600586e+02 5.9963500977e+02 5.9958197021e+02 5.9946600342e+02 5.9932800293e+02 5.9927801514e+02 5.9932000732e+02 5.9936798096e+02 5.9936401367e+02 5.9931896973e+02 5.9928997803e+02 5.9925500488e+02 5.9919201660e+02 5.9906799316e+02 5.9888897705e+02 5.9874700928e+02 5.9868298340e+02 5.9867297363e+02 5.9870098877e+02 5.9873199463e+02 5.9873199463e+02 5.9868701172e+02 5.9862902832e+02 5.9858801270e+02 5.9852697754e+02 5.9847497559e+02 5.9839501953e+02 5.9827502441e+02 5.9815600586e+02 5.9806896973e+02 5.9798400879e+02 5.9792401123e+02 5.9786401367e+02 5.9776300049e+02 5.9764300537e+02 5.9753698730e+02 5.9749102783e+02 5.9745098877e+02 5.9732202148e+02 5.9719702148e+02 5.9705798340e+02 5.9689202881e+02 5.9674298096e+02
5.9940301514e+02 5.9946301270e+02 5.9948498535e+02 5.9946697998e+02 5.9942999268e+02 5.9934698486e+02 5.9924298096e+02 5.9915197754e+02 5.9910900879e+02 5.9910198975e+02 5.9911199951e+02 5.9910900879e+02 5.9908197021e+02 5.9906298828e+02 5.9903302002e+02 5.9896002197e+02 5.9880902100e+02 5.9862500000e+02 5.9847497559e+02 5.9839801025e+02 5.9839300537e+02 5.9842901611e+02 5.9846398926e+02 5.9845898438e+02 5.9839501953e+02 5.9832397461e+02 5.9825897217e+02 5.9820697021e+02 5.9818902588e+02 5.9809399414e+02 5.9795697021e+02 5.9783697510e+02 5.9775097656e+02 5.9765197754e+02 5.9757000732e+02 5.9748999023e+02 5.9742401123e+02 5.9736999512e+02 5.9727099609e+02 5.9721899414e+02 5.9717199707e+02 5.9702697754e+02 5.9689202881e+02 5.9676098633e+02 5.9661199951e+02 5.9645397949e+02
5.9923400879e+02 5.9921697998e+02 5.9920898438e+02 5.9920397949e+02 5.9920300293e+02 5.9911602783e+02 5.9901202393e+02 5.9893402100e+02 5.9888098145e+02 5.9890301514e+02 5.9892901611e+02 5.9893298340e+02 5.9888598633e+02 5.9882000732e+02 5.9875701904e+02 5.9866302490e+02 5.9851397705e+02 5.9839801025e+02 5.9826300049e+02 5.9817700195e+02 5.9816101074e+02 5.9813397217e+02 5.9815002441e+02 5.9815502930e+02 5.9813702393e+02 5.9810400391e+02 5.9803002930e+02 5.9793298340e+02 5.9786102295e+02 5.9780999756e+02 5.9770098877e+02 5.9758599854e+02 5.9749700928e+02 5.9737200928e+02 5.9725299072e+02 5.9711199951e+02 5.9701397705e+02 5.9704302979e+02 5.9688800049e+02 5.9674597168e+02 5.9669299316e+02 5.9660797119e+02 5.9646697998e+02 5.9633001709e+02 5.9615802002e+02 5.9605102539e+02
5.9907897949e+02 5.9903100586e+02 5.9899102783e+02 5.9899200439e+02 5.9900701904e+02 5.9897399902e+02 5.9884497070e+02 5.9873199463e+02 5.9868402100e+02 5.9866400146e+02 5.9867797852e+02 5.9869799805e+02 5.9871099854e+02 5.9860198975e+02 5.9846398926e+02 5.9835699463e+02 5.9826800537e+02 5.9817700195e+02 5.9804302979e+02 5.9793402100e+02 5.9788598633e+02 5.9786901855e+02 5.9786901855e+02 5.9784802246e+02 5.9778198242e+02 5.9779602051e+02 5.9777899170e+02 5.9765698242e+02 5.9744500732e+02 5.9734399414e+02 5.9722302246e+02 5.9707000732e+02 5.9689099121e+02 5.9673297119e+02 5.9664300537e+02 5.9655999756e+02 5.9645697021e+02 5.9642700195e+02 5.9628601074e+02 5.9615399170e+02 5.9611102295e+02 5.9598498535e+02 5.9584100342e+02 5.9570800781e+02 5.9556500244e+02 5.9539501953e+02
5.9886602783e+02 5.9881701660e+02 5.9873297119e+02 5.9868798828e+02 5.9866601563e+02 5.9865502930e+02 5.9854400635e+02 5.9846301270e+02 5.9846099854e+02 5.9850299072e+02 5.9850598145e+02 5.9847198486e+02 5.9847900391e+02 5.9837902832e+02 5.9823797607e+02 5.9813702393e+02 5.9803698730e+02 5.9790399170e+02 5.9777600098e+02 5.9766198730e+02 5.9754797363e+02 5.9748999023e+02 5.9741802979e+02 5.9734100342e+02 5.9723797607e+02 5.9718701172e+02 5.9719201660e+02 5.9713201904e+02 5.9691198730e+02 5.9671502686e+02 5.9653100586e+02 5.9634100342e+02 5.9617199707e+02 5.9601599121e+02 5.9601599121e+02 5.9605798340e+02 5.9604101563e+02 5.9595202637e+02 5.9579901123e+02 5.9569799805e+02 5.9565301514e+02 5.9549700928e+02 5.9533001709e+02 5.9520300293e+02 5.9509002686e+02 5.9490100098e+02
5.9851898193e+02 5.9846301270e+02 5.9830499268e+02 5.9817102051e+02 5.9809301758e+02 5.9805401611e+02 5.9796398926e+02 5.9793499756e+02 5.9803802490e+02 5.9822100830e+02 5.9820599365e+02 5.9805798340e+02 5.9799798584e+02 5.9796697998e+02 5.9786401367e+02 5.9776300049e+02 5.9766497803e+02 5.9747399902e+02 5.9732800293e+02 5.9721502686e+02 5.9707299805e+02 5.9695098877e+02 5.9679699707e+02 5.9670300293e+02 5.9667999268e+02 5.9660101318e+02 5.9660699463e+02 5.9660900879e+02 5.9643298340e+02 5.9620697021e+02 5.9600299072e+02 5.9581402588e+02 5.9565899658e+02 5.9557501221e+02 5.9562500000e+02 5.9567297363e+02 5.9565899658e+02 5.9558502197e+02 5.9544702148e+02 5.9537902832e+02 5.9530999756e+02 5.9509399414e+02 5.9488397217e+02 5.9473901367e+02 5.9463598633e+02 5.9446697998e+02
5.9799298096e+02 5.9799298096e+02 5.9782800293e+02 5.9767602539e+02 5.9763000488e+02 5.9755999756e+02 5.9745300293e+02 5.9738000488e+02 5.9738000488e+02 5.9751397705e+02 5.9747900391e+02 5.9734899902e+02 5.9730603027e+02 5.9733697510e+02 5.9725299072e+02 5.9713598633e+02 5.9703601074e+02 5.9691900635e+02 5.9678302002e+02 5.9665802002e+02 5.9652801514e+02 5.9644097900e+02 5.9629901123e+02 5.9624700928e+02 5.9632299805e+02 5.9621502686e+02 5.9614898682e+02 5.9608801270e+02 5.9589001465e+02 5.9577801514e+02 5.9561102295e+02 5.9543298340e+02 5.9526501465e+02 5.9524200439e+02 5.9533300781e+02 5.9530798340e+02 5.9511602783e+02 5.9512200928e+02 5.9507000732e+02 5.9502600098e+02 5.9490802002e+02 5.9464697266e+02 5.9440100098e+02 5.9422399902e+02 5.9407897949e+02 5.9392901611e+02
5.9746398926e+02 5.9742102051e+02 5.9730499268e+02 5.9720202637e+02 5.9715002441e+02 5.9712097168e+02 5.9708001709e+02 5.9705200195e+02 5.9702600098e+02 5.9697399902e+02 5.9695501709e+02 5.9694799805e+02 5.9693798828e+02 5.9684600830e+02 5.9672302246e+02 5.9661700439e+02 5.9650500488e+02 5.9639001465e+02 5.9628802490e+02 5.9615301514e+02 5.9603399658e+02 5.9596899414e+02 5.9588800049e+02 5.9588702393e+02 5.9589599609e+02 5.9571398926e+02 5.9558898926e+02 5.9552697754e+02 5.9540899658e+02 5.9530200195e+02 5.9510998535e+02 5.9487200928e+02 5.9472698975e+02 5.9473797607e+02 5.9484600830e+02 5.9479998779e+02 5.9452398682e+02 5.9453802490e+02 5.9454199219e+02 5.9447399902e+02 5.9430603027e+02 5.9404998779e+02 5.9380200195e+02 5.9363000488e+02 5.9354400635e+02 5.9345898438e+02
5.9702899170e+02 5.9696197510e+02 5.9686700439e+02 5.9678100586e+02 5.9672198486e+02 5.9669799805e+02 5.9670202637e+02 5.9672399902e+02 5.9671301270e+02 5.9661102295e+02 5.9660498047e+02 5.9661102295e+02 5.9657501221e+02 5.9645800781e+02 5.9632000732e+02 5.9621398926e+02 5.9609899902e+02 5.9597100830e+02 5.9585998535e+02 5.9572302246e+02 5.9559002686e+02 5.9547100830e+02 5.9533300781e+02 5.9525799561e+02 5.9521899414e+02 5.9508099365e+02 5.9499902344e+02 5.9499200439e+02 5.9493597412e+02 5.9476898193e+02 5.9452099609e+02 5.9427600098e+02 5.9419396973e+02 5.9417498779e+02 5.9414001465e+02 5.9404498291e+02 5.9390997314e+02 5.9392602539e+02 5.9389300537e+02 5.9377398682e+02 5.9358001709e+02 5.9334600830e+02 5.9312500000e+02 5.9298999023e+02 5.9296697998e+02 5.9295300293e+02
5.9665100098e+02 5.9658599854e+02 5.9650500488e+02 5.9644702148e+02 5.9641101074e+02 5.9636401367e+02 5.9635302734e+02 5.9635601807e+02 5.9634197998e+02 5.9625701904e+02 5.9622198486e+02 5.9618701172e+02 5.9613098145e+02 5.9604400635e+02 5.9593298340e+02 5.9584002686e+02 5.9571697998e+02 5.9556799316e+02 5.9544500732e+02 5.9531597900e+02 5.9517102051e+02 5.9501898193e+02 5.9481597900e+02 5.9466497803e+02 5.9459100342e+02 5.9450402832e+02 5.9442999268e+02 5.9439202881e+02 5.9432000732e+02 5.9411798096e+02 5.9386798096e+02 5.9368200684e+02 5.9369500732e+02 5.9364697266e+02 5.9351599121e+02 5.9341497803e+02 5.9336602783e+02 5.9330603027e+02 5.9320599365e+02 5.9304400635e+02 5.9284899902e+02 5.9266497803e+02 5.9248602295e+02 5.9238299561e+02 5.9239801025e+02 5.9238201904e+02
