TESTSERVER/18/0.asc
NCOLS 100
NROWS 100
XLLCORNER 8.3997500000e+03
YLLCORNER 2.8995025000e+05
CELLSIZE 5.0000000000e-01
NODATA_VALUE -9.9990000000e+03
[rows 0 to 19 of 100, columns 0 to 45 of 100]
7.5648498535e+02 7.5665100098e+02 7.5679797363e+02 7.5689300537e+02 7.5702001953e+02 7.5714898682e+02 7.5723199463e+02 7.5734301758e+02 7.5748901367e+02 7.5759197998e+02 7.5777099609e+02 7.5800701904e+02 7.5818701172e+02 7.5827301025e+02 7.5844897461e+02 7.5861602783e+02 7.5872802734e+02 7.5887799072e+02 7.5902801514e+02 7.5917401123e+02 7.5933001709e+02 7.5944598389e+02 7.5954699707e+02 7.5965899658e+02 7.5977502441e+02 7.5986999512e+02 7.5998498535e+02 7.6010900879e+02 7.6022601318e+02 7.6038201904e+02 7.6050402832e+02 7.6059100342e+02 7.6068402100e+02 7.6080999756e+02 7.6100201416e+02 7.6118798828e+02 7.6128802490e+02 7.6134100342e+02 7.6146801758e+02 7.6160400391e+02 7.6166601563e+02 7.6177197266e+02 7.6192297363e+02 7.6204699707e+02 7.6215502930e+02 7.6231298828e+02
7.5633398438e+02 7.5649200439e+02 7.5666497803e+02 7.5678601074e+02 7.5689300537e+02 7.5696600342e+02 7.5705798340e+02 7.5717999268e+02 7.5732702637e+02 7.5746002197e+02 7.5761798096e+02 7.5783001709e+02 7.5799499512e+02 7.5812799072e+02 7.5832299805e+02 7.5849597168e+02 7.5860797119e+02 7.5877697754e+02 7.5890600586e+02 7.5903802490e+02 7.5919897461e+02 7.5938299561e+02 7.5952801514e+02 7.5963800049e+02 7.5971997070e+02 7.5979199219e+02 7.5990997314e+02 7.6003601074e+02 7.6010198975e+02 7.6022399902e+02 7.6034100342e+02 7.6042401123e+02 7.6052502441e+02 7.6065997314e+02 7.6085900879e+02 7.6108001709e+02 7.6123199463e+02 7.6129998779e+02 7.6138098145e+02 7.6149499512e+02 7.6158801270e+02 7.6173101807e+02 7.6192401123e+02 7.6204699707e+02 7.6210797119e+02 7.6224102783e+02
7.5617498779e+02 7.5635601807e+02 7.5655499268e+02 7.5670501709e+02 7.5678399658e+02 7.5679302979e+02 7.5687200928e+02 7.5698901367e+02 7.5711199951e+02 7.5727301025e+02 7.5744097900e+02 7.5758898926e+02 7.5774902344e+02 7.5795202637e+02 7.5814099121e+02 7.5833502197e+02 7.5847998047e+02 7.5863000488e+02 7.5877398682e+02 7.5892999268e+02 7.5908599854e+02 7.5926098633e+02 7.5943103027e+02 7.5956097412e+02 7.5964898682e+02 7.5969702148e+02 7.5977197266e+02 7.5989398193e+02 7.5999102783e+02 7.6011901855e+02 7.6023101807e+02 7.6031701660e+02 7.6040100098e+02 7.6051898193e+02 7.6072802734e+02 7.6097802734e+02 7.6115802002e+02 7.6125000000e+02 7.6134100342e+02 7.6144799805e+02 7.6154400635e+02 7.6168597412e+02 7.6187597656e+02 7.6200598145e+02 7.6206298828e+02 7.6217901611e+02
7.5596398926e+02 7.5616101074e+02 7.5636297607e+02 7.5652099609e+02 7.5659197998e+02 7.5661602783e+02 7.5669897461e+02 7.5679797363e+02 7.5692401123e+02 7.5709002686e+02 7.5725598145e+02 7.5740997314e+02 7.5760498047e+02 7.5783599854e+02 7.5800000000e+02 7.5819299316e+02 7.5835498047e+02 7.5848901367e+02 7.5864001465e+02 7.5880401611e+02 7.5897302246e+02 7.5910198975e+02 7.5927801514e+02 7.5941900635e+02 7.5954302979e+02 7.5963201904e+02 7.5969201660e+02 7.5981402588e+02 7.5993103027e+02 7.6003698730e+02 7.6014099121e+02 7.6024597168e+02 7.6032501221e+02 7.6040301514e+02 7.6060498047e+02 7.6087597656e+02 7.6106298828e+02 7.6118499756e+02 7.6132598877e+02 7.6145397949e+02 7.6153002930e+02 7.6162902832e+02 7.6177899170e+02 7.6190698242e+02 7.6199597168e+02 7.6210797119e+02
7.5574700928e+02 7.5593798828e+02 7.5611798096e+02 7.5624200439e+02 7.5631298828e+02 7.5638397217e+02 7.5648199463e+02 7.5659899902e+02 7.5674798584e+02 7.5690197754e+02 7.5703399658e+02 7.5723400879e+02 7.5753997803e+02 7.5776300049e+02 7.5789501953e+02 7.5804998779e+02 7.5820501709e+02 7.5833502197e+02 7.5847802734e+02 7.5863397217e+02 7.5882598877e+02 7.5897399902e+02 7.5912902832e+02 7.5924102783e+02 7.5936401367e+02 7.5947601318e+02 7.5956201172e+02 7.5970501709e+02 7.5984197998e+02 7.5991699219e+02 7.6000799561e+02 7.6014801025e+02 7.6030499268e+02 7.6029998779e+02 7.6046301270e+02 7.6074401855e+02 7.6095202637e+02 7.6108197021e+02 7.6125799561e+02 7.6141198730e+02 7.6148602295e+02 7.6155999756e+02 7.6167199707e+02 7.6179901123e+02 7.6192199707e+02 7.6202801514e+02
7.5556298828e+02 7.5572198486e+02 7.5587500000e+02 7.5599597168e+02 7.5611798096e+02 7.5625000000e+02 7.5633099365e+02 7.5641998291e+02 7.5657000732e+02 7.5671997070e+02 7.5687298584e+02 7.5703198242e+02 7.5728002930e+02 7.5755999756e+02 7.5778497314e+02 7.5793902588e+02 7.5805102539e+02 7.5815502930e+02 7.5828900146e+02 7.5843200684e+02 7.5863598633e+02 7.5883398438e+02 7.5895800781e+02 7.5903302002e+02 7.5914599609e+02 7.5926702881e+02 7.5939099121e+02 7.5953399658e+02 7.5967999268e+02 7.5979498291e+02 7.5990002441e+02 7.6004199219e+02 7.6019097900e+02 7.6019500732e+02 7.6030902100e+02 7.6056298828e+02 7.6076397705e+02 7.6091900635e+02 7.6110601807e+02 7.6127899170e+02 7.6140600586e+02 7.6149102783e+02 7.6159497070e+02 7.6172497559e+02 7.6184997559e+02 7.6195397949e+02
7.5533599854e+02 7.5550799561e+02 7.5568597412e+02 7.5583398438e+02 7.5594702148e+02 7.5608801270e+02 7.5617700195e+02 7.5624597168e+02 7.5638500977e+02 7.5655297852e+02 7.5673797607e+02 7.5687200928e+02 7.5705999756e+02 7.5732397461e+02 7.5758001709e+02 7.5778002930e+02 7.5790002441e+02 7.5800402832e+02 7.5812701416e+02 7.5827099609e+02 7.5846301270e+02 7.5870300293e+02 7.5886199951e+02 7.5891601563e+02 7.5899499512e+02 7.5908099365e+02 7.5920202637e+02 7.5934399414e+02 7.5951702881e+02 7.5966802979e+02 7.5980401611e+02 7.5995300293e+02 7.6007598877e+02 7.6012902832e+02 7.6023199463e+02 7.6042901611e+02 7.6059497070e+02 7.6075299072e+02 7.6092401123e+02 7.6111798096e+02 7.6131201172e+02 7.6140399170e+02 7.6148400879e+02 7.6158001709e+02 7.6170397949e+02 7.6183599854e+02
7.5508502197e+02 7.5526202393e+02 7.5547100830e+02 7.5565100098e+02 7.5574499512e+02 7.5583502197e+02 7.5596099854e+02 7.5607800293e+02 7.5619702148e+02 7.5634002686e+02 7.5656500244e+02 7.5676000977e+02 7.5692199707e+02 7.5712097168e+02 7.5731896973e+02 7.5753399658e+02 7.5767901611e+02 7.5782000732e+02 7.5793902588e+02 7.5806500244e+02 7.5823498535e+02 7.5852600098e+02 7.5876898193e+02 7.5886499023e+02 7.5890899658e+02 7.5892498779e+02 7.5899298096e+02 7.5913598633e+02 7.5934301758e+02 7.5951098633e+02 7.5969500732e+02 7.5986700439e+02 7.5996697998e+02 7.6006701660e+02 7.6017700195e+02 7.6032897949e+02 7.6048999023e+02 7.6062097168e+02 7.6073901367e+02 7.6091497803e+02 7.6112902832e+02 7.6124102783e+02 7.6133099365e+02 7.6140997314e+02 7.6152398682e+02 7.6167700195e+02
7.5485498047e+02 7.5502398682e+02 7.5521002197e+02 7.5538800049e+02 7.5550299072e+02 7.5558099365e+02 7.5573297119e+02 7.5590100098e+02 7.5602099609e+02 7.5613702393e+02 7.5634100342e+02 7.5657202148e+02 7.5676898193e+02 7.5695098877e+02 7.5710900879e+02 7.5730401611e+02 7.5746997070e+02 7.5761297607e+02 7.5773400879e+02 7.5783801270e+02 7.5795800781e+02 7.5818902588e+02 7.5844598389e+02 7.5859100342e+02 7.5864501953e+02 7.5871899414e+02 7.5879199219e+02 7.5894299316e+02 7.5914202881e+02 7.5933697510e+02 7.5957397461e+02 7.5976702881e+02 7.5984802246e+02 7.5999200439e+02 7.6012298584e+02 7.6023101807e+02 7.6037597656e+02 7.6044897461e+02 7.6050201416e+02 7.6061798096e+02 7.6079602051e+02 7.6097698975e+02 7.6114300537e+02 7.6125598145e+02 7.6137500000e+02 7.6150701904e+02
7.5468701172e+02 7.5481597900e+02 7.5494702148e+02 7.5510900879e+02 7.5525897217e+02 7.5539001465e+02 7.5553997803e+02 7.5570599365e+02 7.5585699463e+02 7.5595202637e+02 7.5610699463e+02 7.5630999756e+02 7.5654400635e+02 7.5678997803e+02 7.5693200684e+02 7.5706298828e+02 7.5725299072e+02 7.5741699219e+02 7.5751898193e+02 7.5761297607e+02 7.5772698975e+02 7.5787597656e+02 7.5807202148e+02 7.5822100830e+02 7.5833599854e+02 7.5846801758e+02 7.5862298584e+02 7.5881201172e+02 7.5899798584e+02 7.5915002441e+02 7.5937701416e+02 7.5958599854e+02 7.5966101074e+02 7.5979498291e+02 7.5993701172e+02 7.6007000732e+02 7.6024798584e+02 7.6030297852e+02 7.6036297607e+02 7.6046398926e+02 7.6059399414e+02 7.6076800537e+02 7.6097100830e+02 7.6112500000e+02 7.6128100586e+02 7.6138598633e+02
7.5446997070e+02 7.5459399414e+02 7.5471502686e+02 7.5486602783e+02 7.5501300049e+02 7.5515600586e+02 7.5532098389e+02 7.5552099609e+02 7.5571301270e+02 7.5576800537e+02 7.5586999512e+02 7.5605603027e+02 7.5627301025e+02 7.5650701904e+02 7.5670697021e+02 7.5685198975e+02 7.5704400635e+02 7.5722802734e+02 7.5729901123e+02 7.5737097168e+02 7.5749401855e+02 7.5763397217e+02 7.5782000732e+02 7.5798498535e+02 7.5811999512e+02 7.5825897217e+02 7.5843103027e+02 7.5862799072e+02 7.5881896973e+02 7.5894500732e+02 7.5909899902e+02 7.5925000000e+02 7.5936199951e+02 7.5954400635e+02 7.5970800781e+02 7.5988397217e+02 7.6011499023e+02 7.6020898438e+02 7.6029602051e+02 7.6040002441e+02 7.6051501465e+02 7.6068701172e+02 7.6088800049e+02 7.6103601074e+02 7.6117102051e+02 7.6124401855e+02
7.5425201416e+02 7.5438500977e+02 7.5451501465e+02 7.5466400146e+02 7.5479699707e+02 7.5492401123e+02 7.5508099365e+02 7.5528302002e+02 7.5547998047e+02 7.5552502441e+02 7.5562097168e+02 7.5583001709e+02 7.5605401611e+02 7.5621002197e+02 7.5643597412e+02 7.5662097168e+02 7.5681402588e+02 7.5701599121e+02 7.5708599854e+02 7.5715100098e+02 7.5728002930e+02 7.5741601563e+02 7.5760400391e+02 7.5778802490e+02 7.5794396973e+02 7.5807598877e+02 7.5823297119e+02 7.5841198730e+02 7.5858697510e+02 7.5871801758e+02 7.5885101318e+02 7.5897998047e+02 7.5911798096e+02 7.5931597900e+02 7.5948602295e+02 7.5966699219e+02 7.5989599609e+02 7.6004101563e+02 7.6017401123e+02 7.6030700684e+02 7.6043402100e+02 7.6059997559e+02 7.6081597900e+02 7.6094897461e+02 7.6103002930e+02 7.6107000732e+02
7.5405999756e+02 7.5417700195e+02 7.5430499268e+02 7.5446301270e+02 7.5461401367e+02 7.5474597168e+02 7.5487799072e+02 7.5501599121e+02 7.5513000488e+02 7.5525000000e+02 7.5536999512e+02 7.5556097412e+02 7.5577600098e+02 7.5597601318e+02 7.5621398926e+02 7.5641601563e+02 7.5660198975e+02 7.5681097412e+02 7.5691601563e+02 7.5697802734e+02 7.5707501221e+02 7.5720300293e+02 7.5739599609e+02 7.5759497070e+02 7.5776202393e+02 7.5789697266e+02 7.5806500244e+02 7.5824102783e+02 7.5839501953e+02 7.5848400879e+02 7.5861297607e+02 7.5875299072e+02 7.5886199951e+02 7.5906097412e+02 7.5923602295e+02 7.5940502930e+02 7.5959802246e+02 7.5979602051e+02 7.5995800781e+02 7.6010498047e+02 7.6024401855e+02 7.6039398193e+02 7.6059899902e+02 7.6073901367e+02 7.6081298828e+02 7.6082897949e+02
7.5385400391e+02 7.5396398926e+02 7.5409002686e+02 7.5424200439e+02 7.5439801025e+02 7.5457397461e+02 7.5473199463e+02 7.5483599854e+02 7.5488702393e+02 7.5497900391e+02 7.5512298584e+02 7.5532702637e+02 7.5558001709e+02 7.5573699951e+02 7.5597198486e+02 7.5615997314e+02 7.5633697510e+02 7.5658197021e+02 7.5673297119e+02 7.5681298828e+02 7.5689801025e+02 7.5702801514e+02 7.5720697021e+02 7.5739300537e+02 7.5756402588e+02 7.5770898438e+02 7.5790100098e+02 7.5809301758e+02 7.5818798828e+02 7.5827502441e+02 7.5838702393e+02 7.5850500488e+02 7.5861102295e+02 7.5879797363e+02 7.5897900391e+02 7.5916900635e+02 7.5939599609e+02 7.5960302734e+02 7.5974597168e+02 7.5985400391e+02 7.5997497559e+02 7.6014202881e+02 7.6033502197e+02 7.6047601318e+02 7.6053997803e+02 7.6057702637e+02
7.5362402344e+02 7.5375097656e+02 7.5388397217e+02 7.5403100586e+02 7.5418402100e+02 7.5438299561e+02 7.5456896973e+02 7.5467199707e+02 7.5467700195e+02 7.5476501465e+02 7.5493103027e+02 7.5512097168e+02 7.5538299561e+02 7.5554602051e+02 7.5575201416e+02 7.5594396973e+02 7.5606799316e+02 7.5627801514e+02 7.5645501709e+02 7.5658001709e+02 7.5669598389e+02 7.5683697510e+02 7.5703100586e+02 7.5721997070e+02 7.5739001465e+02 7.5753900146e+02 7.5770599365e+02 7.5788299561e+02 7.5797302246e+02 7.5804101563e+02 7.5813500977e+02 7.5824401855e+02 7.5837298584e+02 7.5854699707e+02 7.5874401855e+02 7.5895697021e+02 7.5919598389e+02 7.5940802002e+02 7.5953100586e+02 7.5959802246e+02 7.5968200684e+02 7.5986901855e+02 7.6007299805e+02 7.6021997070e+02 7.6029302979e+02 7.6036901855e+02
7.5335900879e+02 7.5352899170e+02 7.5368200684e+02 7.5383300781e+02 7.5398400879e+02 7.5416802979e+02 7.5436401367e+02 7.5448101807e+02 7.5449200439e+02 7.5457299805e+02 7.5474102783e+02 7.5489898682e+02 7.5512902832e+02 7.5530603027e+02 7.5548199463e+02 7.5571197510e+02 7.5584002686e+02 7.5602697754e+02 7.5620599365e+02 7.5634497070e+02 7.5651599121e+02 7.5668103027e+02 7.5687200928e+02 7.5704797363e+02 7.5721197510e+02 7.5737097168e+02 7.5751397705e+02 7.5765100098e+02 7.5773297119e+02 7.5779699707e+02 7.5788702393e+02 7.5799597168e+02 7.5812902832e+02 7.5829797363e+02 7.5850000000e+02 7.5871099854e+02 7.5894500732e+02 7.5917401123e+02 7.5930200195e+02 7.5935198975e+02 7.5940301514e+02 7.5959301758e+02 7.5980798340e+02 7.5997601318e+02 7.6007897949e+02 7.6017498779e+02
7.5313500977e+02 7.5331500244e+02 7.5347198486e+02 7.5362902832e+02 7.5379199219e+02 7.5394000244e+02 7.5411199951e+02 7.5425500488e+02 7.5435900879e+02 7.5434899902e+02 7.5446099854e+02 7.5461602783e+02 7.5480297852e+02 7.5502001953e+02 7.5517700195e+02 7.5540301514e+02 7.5559802246e+02 7.5580999756e+02 7.5599102783e+02 7.5613201904e+02 7.5634600830e+02 7.5654797363e+02 7.5671502686e+02 7.5687402344e+02 7.5703997803e+02 7.5718701172e+02 7.5734899902e+02 7.5742199707e+02 7.5747399902e+02 7.5750500488e+02 7.5760400391e+02 7.5772900391e+02 7.5784100342e+02 7.5805102539e+02 7.5826300049e+02 7.5846398926e+02 7.5867700195e+02 7.5889898682e+02 7.5907000732e+02 7.5915600586e+02 7.5920202637e+02 7.5934497070e+02 7.5955499268e+02 7.5976300049e+02 7.5992401123e+02 7.6001501465e+02
7.5291198730e+02 7.5307299805e+02 7.5325000000e+02 7.5346502686e+02 7.5368298340e+02 7.5387597656e+02 7.5397399902e+02 7.5403601074e+02 7.5414801025e+02 7.5419500732e+02 7.5423297119e+02 7.5437298584e+02 7.5457800293e+02 7.5475097656e+02 7.5491101074e+02 7.5514501953e+02 7.5535101318e+02 7.5559600830e+02 7.5580200195e+02 7.5593103027e+02 7.5615197754e+02 7.5638500977e+02 7.5655499268e+02 7.5669799805e+02 7.5685498047e+02 7.5696197510e+02 7.5706701660e+02 7.5711700439e+02 7.5721697998e+02 7.5728399658e+02 7.5739501953e+02 7.5750097656e+02 7.5762597656e+02 7.5787402344e+02 7.5809497070e+02 7.5829101563e+02 7.5849102783e+02 7.5869500732e+02 7.5888098145e+02 7.5899700928e+02 7.5905102539e+02 7.5916998291e+02 7.5935797119e+02 7.5957702637e+02 7.5975402832e+02 7.5986297607e+02
7.5266400146e+02 7.5283502197e+02 7.5304998779e+02 7.5330401611e+02 7.5351300049e+02 7.5371502686e+02 7.5377600098e+02 7.5380401611e+02 7.5391601563e+02 7.5402099609e+02 7.5405798340e+02 7.5416699219e+02 7.5435900879e+02 7.5452502441e+02 7.5469299316e+02 7.5492199707e+02 7.5513598633e+02 7.5538598633e+02 7.5563397217e+02 7.5574200439e+02 7.5589697266e+02 7.5615802002e+02 7.5637298584e+02 7.5653601074e+02 7.5664599609e+02 7.5674200439e+02 7.5678601074e+02 7.5680603027e+02 7.5692297363e+02 7.5702099609e+02 7.5715100098e+02 7.5730102539e+02 7.5748699951e+02 7.5773101807e+02 7.5794000244e+02 7.5812298584e+02 7.5831896973e+02 7.5850299072e+02 7.5867102051e+02 7.5879998779e+02 7.5890301514e+02 7.5901898193e+02 7.5918200684e+02 7.5938500977e+02 7.5958099365e+02 7.5971697998e+02
7.5239202881e+02 7.5259301758e+02 7.5281701660e+02 7.5304901123e+02 7.5321899414e+02 7.5339599609e+02 7.5347900391e+02 7.5356097412e+02 7.5368499756e+02 7.5380297852e+02 7.5389001465e+02 7.5398297119e+02 7.5412597656e+02 7.5429498291e+02 7.5447497559e+02 7.5467999268e+02 7.5488897705e+02 7.5512200928e+02 7.5542602539e+02 7.5558697510e+02 7.5568597412e+02 7.5593499756e+02 7.5618200684e+02 7.5639099121e+02 7.5646899414e+02 7.5655297852e+02 7.5659997559e+02 7.5661700439e+02 7.5668200684e+02 7.5673999023e+02 7.5684100342e+02 7.5701300049e+02 7.5728601074e+02 7.5755902100e+02 7.5776501465e+02 7.5794299316e+02 7.5815100098e+02 7.5833599854e+02 7.5848901367e+02 7.5862402344e+02 7.5876202393e+02 7.5889801025e+02 7.5906500244e+02 7.5925598145e+02 7.5944097900e+02 7.5956298828e+02
