TESTSERVER/18/0.asc
NCOLS 100
NROWS 100
XLLCORNER 8.3997500000e+03
YLLCORNER 2.8995025000e+05
CELLSIZE 5.0000000000e-01
NODATA_VALUE -9.9990000000e+03
[rows 40 to 59 of 100, columns 46 to 91 of 100]
7.5521002197e+02 7.5528997803e+02 7.5539501953e+02 7.5554699707e+02 7.5571099854e+02 7.5585699463e+02 7.5597698975e+02 7.5609600830e+02 7.5624798584e+02 7.5640100098e+02 7.5659002686e+02 7.5686102295e+02 7.5711999512e+02 7.5729797363e+02 7.5739300537e+02 7.5748498535e+02 7.5760498047e+02 7.5784497070e+02 7.5810797119e+02 7.5822900391e+02 7.5834002686e+02 7.5850201416e+02 7.5869097900e+02 7.5884399414e+02 7.5897998047e+02 7.5911999512e+02 7.5934600830e+02 7.5951202393e+02 7.5962402344e+02 7.5978002930e+02 7.6002099609e+02 7.6027398682e+02 7.6066497803e+02 7.6104901123e+02 7.6114599609e+02 7.6114001465e+02 7.6130499268e+02 7.6158697510e+02 7.6176202393e+02 7.6191101074e+02 7.6214398193e+02 7.6237200928e+02 7.6248101807e+02 7.6253198242e+02 7.6264898682e+02 7.6287799072e+02
7.5489202881e+02 7.5498101807e+02 7.5509802246e+02 7.5523101807e+02 7.5537200928e+02 7.5547399902e+02 7.5558001709e+02 7.5571600342e+02 7.5594500732e+02 7.5615997314e+02 7.5633599854e+02 7.5654101563e+02 7.5676501465e+02 7.5697497559e+02 7.5713897705e+02 7.5721997070e+02 7.5735797119e+02 7.5753601074e+02 7.5766900635e+02 7.5789001465e+02 7.5810198975e+02 7.5825201416e+02 7.5840301514e+02 7.5858898926e+02 7.5873901367e+02 7.5883001709e+02 7.5900500488e+02 7.5917401123e+02 7.5930902100e+02 7.5947302246e+02 7.5976898193e+02 7.6007299805e+02 7.6033398438e+02 7.6063299561e+02 7.6086199951e+02 7.6089697266e+02 7.6100097656e+02 7.6123498535e+02 7.6142999268e+02 7.6162097168e+02 7.6188598633e+02 7.6211798096e+02 7.6223999023e+02 7.6230603027e+02 7.6245501709e+02 7.6268902588e+02
7.5454998779e+02 7.5466699219e+02 7.5480200195e+02 7.5493798828e+02 7.5509802246e+02 7.5522601318e+02 7.5531896973e+02 7.5546099854e+02 7.5567498779e+02 7.5587701416e+02 7.5606402588e+02 7.5625000000e+02 7.5645800781e+02 7.5667602539e+02 7.5686102295e+02 7.5694000244e+02 7.5714300537e+02 7.5736499023e+02 7.5742498779e+02 7.5756298828e+02 7.5780200195e+02 7.5797900391e+02 7.5807702637e+02 7.5829101563e+02 7.5847601318e+02 7.5854797363e+02 7.5866998291e+02 7.5884002686e+02 7.5906597900e+02 7.5925701904e+02 7.5951501465e+02 7.5986401367e+02 7.6013201904e+02 7.6031201172e+02 7.6055798340e+02 7.6066802979e+02 7.6073199463e+02 7.6092700195e+02 7.6114697266e+02 7.6137097168e+02 7.6159899902e+02 7.6178497314e+02 7.6194702148e+02 7.6205102539e+02 7.6220202637e+02 7.6241802979e+02
7.5425799561e+02 7.5436999512e+02 7.5449499512e+02 7.5465997314e+02 7.5485998535e+02 7.5503698730e+02 7.5513800049e+02 7.5526000977e+02 7.5542797852e+02 7.5559497070e+02 7.5578100586e+02 7.5597399902e+02 7.5618701172e+02 7.5639202881e+02 7.5656201172e+02 7.5666198730e+02 7.5685400391e+02 7.5711999512e+02 7.5727801514e+02 7.5731201172e+02 7.5750000000e+02 7.5768798828e+02 7.5774597168e+02 7.5795001221e+02 7.5818298340e+02 7.5829498291e+02 7.5840698242e+02 7.5859002686e+02 7.5885900879e+02 7.5906896973e+02 7.5928497314e+02 7.5964898682e+02 7.5996301270e+02 7.6009997559e+02 7.6027502441e+02 7.6039501953e+02 7.6044598389e+02 7.6065502930e+02 7.6091900635e+02 7.6113702393e+02 7.6132202148e+02 7.6146997070e+02 7.6163397217e+02 7.6175897217e+02 7.6189801025e+02 7.6208502197e+02
7.5395800781e+02 7.5405902100e+02 7.5418200684e+02 7.5438897705e+02 7.5459899902e+02 7.5481402588e+02 7.5497698975e+02 7.5505200195e+02 7.5521899414e+02 7.5539202881e+02 7.5550598145e+02 7.5572100830e+02 7.5595800781e+02 7.5612701416e+02 7.5622302246e+02 7.5641900635e+02 7.5653100586e+02 7.5671502686e+02 7.5700000000e+02 7.5707397461e+02 7.5716998291e+02 7.5730499268e+02 7.5736297607e+02 7.5753399658e+02 7.5778802490e+02 7.5801397705e+02 7.5820300293e+02 7.5839801025e+02 7.5864801025e+02 7.5883300781e+02 7.5901397705e+02 7.5941101074e+02 7.5961999512e+02 7.5976898193e+02 7.5999499512e+02 7.6009698486e+02 7.6015100098e+02 7.6035198975e+02 7.6061297607e+02 7.6085797119e+02 7.6104400635e+02 7.6122601318e+02 7.6138702393e+02 7.6149499512e+02 7.6161602783e+02 7.6176898193e+02
7.5376202393e+02 7.5382702637e+02 7.5390197754e+02 7.5407897949e+02 7.5425500488e+02 7.5445098877e+02 7.5463000488e+02 7.5475897217e+02 7.5498498535e+02 7.5523901367e+02 7.5537500000e+02 7.5549597168e+02 7.5564898682e+02 7.5582098389e+02 7.5598699951e+02 7.5617999268e+02 7.5622998047e+02 7.5634399414e+02 7.5658099365e+02 7.5669299316e+02 7.5685601807e+02 7.5701702881e+02 7.5711999512e+02 7.5730999756e+02 7.5753601074e+02 7.5775500488e+02 7.5796600342e+02 7.5814001465e+02 7.5838598633e+02 7.5860699463e+02 7.5877001953e+02 7.5908398438e+02 7.5927697754e+02 7.5943103027e+02 7.5963500977e+02 7.5978802490e+02 7.5987402344e+02 7.6006402588e+02 7.6034497070e+02 7.6055401611e+02 7.6075299072e+02 7.6097198486e+02 7.6117297363e+02 7.6128198242e+02 7.6137500000e+02 7.6149902344e+02
7.5357897949e+02 7.5359301758e+02 7.5359899902e+02 7.5371997070e+02 7.5389300537e+02 7.5410601807e+02 7.5428002930e+02 7.5440100098e+02 7.5462597656e+02 7.5494799805e+02 7.5518597412e+02 7.5524700928e+02 7.5528302002e+02 7.5545800781e+02 7.5566699219e+02 7.5585198975e+02 7.5594299316e+02 7.5606402588e+02 7.5624700928e+02 7.5640698242e+02 7.5665002441e+02 7.5682202148e+02 7.5688702393e+02 7.5707702637e+02 7.5727001953e+02 7.5745697021e+02 7.5768298340e+02 7.5782800293e+02 7.5806500244e+02 7.5833300781e+02 7.5855102539e+02 7.5882800293e+02 7.5901800537e+02 7.5916601563e+02 7.5931896973e+02 7.5946899414e+02 7.5958001709e+02 7.5978302002e+02 7.6005798340e+02 7.6024401855e+02 7.6042700195e+02 7.6064501953e+02 7.6086798096e+02 7.6098901367e+02 7.6108801270e+02 7.6122399902e+02
7.5325402832e+02 7.5329901123e+02 7.5330902100e+02 7.5341802979e+02 7.5359600830e+02 7.5383300781e+02 7.5398400879e+02 7.5407000732e+02 7.5422900391e+02 7.5452801514e+02 7.5480603027e+02 7.5488800049e+02 7.5493701172e+02 7.5511199951e+02 7.5528302002e+02 7.5543798828e+02 7.5560498047e+02 7.5579602051e+02 7.5599401855e+02 7.5617602539e+02 7.5645501709e+02 7.5663098145e+02 7.5663098145e+02 7.5676000977e+02 7.5692700195e+02 7.5711602783e+02 7.5739001465e+02 7.5755297852e+02 7.5779101563e+02 7.5806701660e+02 7.5829400635e+02 7.5851702881e+02 7.5870800781e+02 7.5889300537e+02 7.5904498291e+02 7.5918597412e+02 7.5929602051e+02 7.5945697021e+02 7.5969000244e+02 7.5989599609e+02 7.6008697510e+02 7.6029901123e+02 7.6051501465e+02 7.6065197754e+02 7.6077600098e+02 7.6094799805e+02
7.5286401367e+02 7.5297497559e+02 7.5305297852e+02 7.5314801025e+02 7.5330902100e+02 7.5352301025e+02 7.5367297363e+02 7.5378698730e+02 7.5389898682e+02 7.5411499023e+02 7.5439501953e+02 7.5450500488e+02 7.5463201904e+02 7.5479302979e+02 7.5493798828e+02 7.5510101318e+02 7.5529400635e+02 7.5551599121e+02 7.5574298096e+02 7.5585601807e+02 7.5607702637e+02 7.5633398438e+02 7.5642199707e+02 7.5647900391e+02 7.5663299561e+02 7.5681097412e+02 7.5705798340e+02 7.5732299805e+02 7.5760400391e+02 7.5787402344e+02 7.5808898926e+02 7.5821502686e+02 7.5833801270e+02 7.5849298096e+02 7.5867901611e+02 7.5889398193e+02 7.5902600098e+02 7.5911700439e+02 7.5926599121e+02 7.5953601074e+02 7.5979302979e+02 7.6001397705e+02 7.6021899414e+02 7.6035198975e+02 7.6048999023e+02 7.6070098877e+02
7.5257299805e+02 7.5271398926e+02 7.5283502197e+02 7.5294702148e+02 7.5306298828e+02 7.5323699951e+02 7.5338299561e+02 7.5351702881e+02 7.5365502930e+02 7.5383502197e+02 7.5405603027e+02 7.5418798828e+02 7.5435998535e+02 7.5452801514e+02 7.5465802002e+02 7.5483801270e+02 7.5498297119e+02 7.5513299561e+02 7.5537097168e+02 7.5555999756e+02 7.5578002930e+02 7.5603497314e+02 7.5613500977e+02 7.5622100830e+02 7.5641900635e+02 7.5659497070e+02 7.5680401611e+02 7.5708398438e+02 7.5737902832e+02 7.5766497803e+02 7.5789398193e+02 7.5803002930e+02 7.5809899902e+02 7.5818103027e+02 7.5833599854e+02 7.5856097412e+02 7.5869500732e+02 7.5877197266e+02 7.5890802002e+02 7.5922998047e+02 7.5953698730e+02 7.5975402832e+02 7.5989801025e+02 7.6006896973e+02 7.6022497559e+02 7.6047302246e+02
7.5236499023e+02 7.5247302246e+02 7.5256402588e+02 7.5274798584e+02 7.5285400391e+02 7.5296697998e+02 7.5307000732e+02 7.5322302246e+02 7.5338897705e+02 7.5354602051e+02 7.5369799805e+02 7.5385198975e+02 7.5408502197e+02 7.5432000732e+02 7.5444299316e+02 7.5458898926e+02 7.5472698975e+02 7.5485998535e+02 7.5506097412e+02 7.5526397705e+02 7.5548498535e+02 7.5566900635e+02 7.5578002930e+02 7.5590600586e+02 7.5618597412e+02 7.5641601563e+02 7.5655798340e+02 7.5679901123e+02 7.5707501221e+02 7.5735998535e+02 7.5761901855e+02 7.5780999756e+02 7.5788397217e+02 7.5791998291e+02 7.5799200439e+02 7.5815502930e+02 7.5828900146e+02 7.5841198730e+02 7.5858502197e+02 7.5889398193e+02 7.5918902588e+02 7.5939697266e+02 7.5952301025e+02 7.5969702148e+02 7.5985900879e+02 7.6009399414e+02
7.5206799316e+02 7.5219500732e+02 7.5227301025e+02 7.5246502686e+02 7.5259600830e+02 7.5268798828e+02 7.5276300049e+02 7.5290899658e+02 7.5306097412e+02 7.5321600342e+02 7.5337097168e+02 7.5354797363e+02 7.5378399658e+02 7.5405297852e+02 7.5420599365e+02 7.5430499268e+02 7.5445098877e+02 7.5461499023e+02 7.5480902100e+02 7.5498297119e+02 7.5514801025e+02 7.5530999756e+02 7.5547399902e+02 7.5560302734e+02 7.5587902832e+02 7.5613598633e+02 7.5629302979e+02 7.5650799561e+02 7.5675299072e+02 7.5701599121e+02 7.5728100586e+02 7.5751202393e+02 7.5760302734e+02 7.5760900879e+02 7.5760998535e+02 7.5771899414e+02 7.5787402344e+02 7.5806701660e+02 7.5827697754e+02 7.5853302002e+02 7.5878399658e+02 7.5898602295e+02 7.5915301514e+02 7.5936499023e+02 7.5954498291e+02 7.5977301025e+02
7.5172698975e+02 7.5186102295e+02 7.5196600342e+02 7.5213299561e+02 7.5230999756e+02 7.5245898438e+02 7.5255902100e+02 7.5268200684e+02 7.5279797363e+02 7.5292602539e+02 7.5307897949e+02 7.5329400635e+02 7.5348498535e+02 7.5371398926e+02 7.5393298340e+02 7.5404400635e+02 7.5415802002e+02 7.5432000732e+02 7.5449798584e+02 7.5467199707e+02 7.5484997559e+02 7.5502301025e+02 7.5517401123e+02 7.5536999512e+02 7.5561499023e+02 7.5585302734e+02 7.5604797363e+02 7.5625097656e+02 7.5647601318e+02 7.5670800781e+02 7.5692700195e+02 7.5713800049e+02 7.5723101807e+02 7.5722998047e+02 7.5721600342e+02 7.5736199951e+02 7.5756298828e+02 7.5779797363e+02 7.5803497314e+02 7.5823101807e+02 7.5841699219e+02 7.5859997559e+02 7.5881597900e+02 7.5907397461e+02 7.5927301025e+02 7.5952001953e+02
7.5147601318e+02 7.5158300781e+02 7.5169000244e+02 7.5187902832e+02 7.5204998779e+02 7.5221398926e+02 7.5234698486e+02 7.5243298340e+02 7.5254998779e+02 7.5268597412e+02 7.5283197021e+02 7.5299700928e+02 7.5316601563e+02 7.5337902832e+02 7.5363598633e+02 7.5382299805e+02 7.5393402100e+02 7.5404797363e+02 7.5420098877e+02 7.5435601807e+02 7.5456097412e+02 7.5476000977e+02 7.5494000244e+02 7.5514501953e+02 7.5535900879e+02 7.5557098389e+02 7.5577600098e+02 7.5598699951e+02 7.5621099854e+02 7.5642999268e+02 7.5661499023e+02 7.5676599121e+02 7.5685797119e+02 7.5691802979e+02 7.5697698975e+02 7.5707800293e+02 7.5726898193e+02 7.5752899170e+02 7.5779602051e+02 7.5801599121e+02 7.5816998291e+02 7.5830297852e+02 7.5848797607e+02 7.5871301270e+02 7.5891699219e+02 7.5917797852e+02
7.5124700928e+02 7.5132800293e+02 7.5143499756e+02 7.5165997314e+02 7.5185601807e+02 7.5204101563e+02 7.5218798828e+02 7.5220300293e+02 7.5229199219e+02 7.5244702148e+02 7.5261602783e+02 7.5274902344e+02 7.5288800049e+02 7.5308599854e+02 7.5335302734e+02 7.5360699463e+02 7.5371899414e+02 7.5380798340e+02 7.5397399902e+02 7.5414099121e+02 7.5436297607e+02 7.5457397461e+02 7.5475500488e+02 7.5491497803e+02 7.5507702637e+02 7.5528100586e+02 7.5552398682e+02 7.5573602295e+02 7.5593103027e+02 7.5611999512e+02 7.5629302979e+02 7.5644396973e+02 7.5655200195e+02 7.5665600586e+02 7.5676702881e+02 7.5685302734e+02 7.5702398682e+02 7.5725897217e+02 7.5750598145e+02 7.5772198486e+02 7.5789099121e+02 7.5804400635e+02 7.5821398926e+02 7.5840399170e+02 7.5861999512e+02 7.5889001465e+02
7.5099298096e+02 7.5105499268e+02 7.5118499756e+02 7.5143103027e+02 7.5165899658e+02 7.5185900879e+02 7.5199499512e+02 7.5201300049e+02 7.5207501221e+02 7.5219500732e+02 7.5236700439e+02 7.5248602295e+02 7.5260498047e+02 7.5279302979e+02 7.5306500244e+02 7.5339501953e+02 7.5351599121e+02 7.5359600830e+02 7.5380603027e+02 7.5396697998e+02 7.5412500000e+02 7.5430999756e+02 7.5449499512e+02 7.5466101074e+02 7.5482501221e+02 7.5504998779e+02 7.5532800293e+02 7.5552600098e+02 7.5567901611e+02 7.5582397461e+02 7.5596801758e+02 7.5611901855e+02 7.5626098633e+02 7.5640502930e+02 7.5654101563e+02 7.5666497803e+02 7.5684600830e+02 7.5704101563e+02 7.5720599365e+02 7.5736102295e+02 7.5754302979e+02 7.5775299072e+02 7.5796197510e+02 7.5815600586e+02 7.5838702393e+02 7.5865502930e+02
7.5071801758e+02 7.5079400635e+02 7.5094000244e+02 7.5117700195e+02 7.5141900635e+02 7.5160900879e+02 7.5170800781e+02 7.5181201172e+02 7.5188897705e+02 7.5195898438e+02 7.5207501221e+02 7.5219799805e+02 7.5232897949e+02 7.5252001953e+02 7.5278497314e+02 7.5315899658e+02 7.5331097412e+02 7.5337799072e+02 7.5357800293e+02 7.5369897461e+02 7.5380297852e+02 7.5396099854e+02 7.5410498047e+02 7.5432598877e+02 7.5453802490e+02 7.5480297852e+02 7.5516198730e+02 7.5532000732e+02 7.5542901611e+02 7.5555499268e+02 7.5569299316e+02 7.5583502197e+02 7.5599798584e+02 7.5615002441e+02 7.5627502441e+02 7.5647802734e+02 7.5670599365e+02 7.5689001465e+02 7.5701202393e+02 7.5707202148e+02 7.5721899414e+02 7.5745501709e+02 7.5771197510e+02 7.5795501709e+02 7.5821801758e+02 7.5848400879e+02
7.5045501709e+02 7.5052398682e+02 7.5065600586e+02 7.5087200928e+02 7.5109600830e+02 7.5126599121e+02 7.5136999512e+02 7.5154699707e+02 7.5168798828e+02 7.5178100586e+02 7.5187597656e+02 7.5197100830e+02 7.5210601807e+02 7.5230102539e+02 7.5255999756e+02 7.5286901855e+02 7.5301702881e+02 7.5311798096e+02 7.5330999756e+02 7.5343103027e+02 7.5356298828e+02 7.5368597412e+02 7.5377899170e+02 7.5397601318e+02 7.5417999268e+02 7.5445098877e+02 7.5480902100e+02 7.5498101807e+02 7.5508697510e+02 7.5524597168e+02 7.5546899414e+02 7.5569799805e+02 7.5584100342e+02 7.5591101074e+02 7.5600701904e+02 7.5619500732e+02 7.5640698242e+02 7.5658697510e+02 7.5674499512e+02 7.5686901855e+02 7.5699902344e+02 7.5719598389e+02 7.5744000244e+02 7.5774298096e+02 7.5805798340e+02 7.5832098389e+02
7.5020599365e+02 7.5029101563e+02 7.5039898682e+02 7.5057501221e+02 7.5076702881e+02 7.5091998291e+02 7.5104199219e+02 7.5126898193e+02 7.5146697998e+02 7.5158697510e+02 7.5168499756e+02 7.5178601074e+02 7.5192797852e+02 7.5212200928e+02 7.5235900879e+02 7.5257202148e+02 7.5271301270e+02 7.5284899902e+02 7.5303497314e+02 7.5319702148e+02 7.5337402344e+02 7.5347998047e+02 7.5353302002e+02 7.5369000244e+02 7.5389099121e+02 7.5414300537e+02 7.5445397949e+02 7.5463702393e+02 7.5478399658e+02 7.5499102783e+02 7.5525201416e+02 7.5557397461e+02 7.5573602295e+02 7.5572497559e+02 7.5576202393e+02 7.5592102051e+02 7.5610400391e+02 7.5625299072e+02 7.5641302490e+02 7.5660400391e+02 7.5675701904e+02 7.5692999268e+02 7.5715100098e+02 7.5747198486e+02 7.5780297852e+02 7.5805999756e+02
7.4996002197e+02 7.5006097412e+02 7.5014898682e+02 7.5029699707e+02 7.5047100830e+02 7.5061199951e+02 7.5074200439e+02 7.5100500488e+02 7.5124102783e+02 7.5138897705e+02 7.5149597168e+02 7.5161297607e+02 7.5176300049e+02 7.5195300293e+02 7.5216400146e+02 7.5231701660e+02 7.5245898438e+02 7.5259197998e+02 7.5272998047e+02 7.5291101074e+02 7.5313201904e+02 7.5329602051e+02 7.5335601807e+02 7.5345098877e+02 7.5365698242e+02 7.5392199707e+02 7.5421398926e+02 7.5439501953e+02 7.5455200195e+02 7.5476898193e+02 7.5497802734e+02 7.5528497314e+02 7.5548797607e+02 7.5548797607e+02 7.5554797363e+02 7.5571002197e+02 7.5587402344e+02 7.5599102783e+02 7.5610900879e+02 7.5631402588e+02 7.5648199463e+02 7.5665100098e+02 7.5686602783e+02 7.5714501953e+02 7.5745501709e+02 7.5772198486e+02
