TESTSERVER/18/1.asc
NCOLS 100
NROWS 100
XLLCORNER 8.3997500000e+03
YLLCORNER 2.8990025000e+05
CELLSIZE 5.0000000000e-01
NODATA_VALUE -9.9990000000e+03
[rows 20 to 39 of 100, columns 46 to 91 of 100]
7.3492498779e+02 7.3497497559e+02 7.3503497314e+02 7.3511901855e+02 7.3518298340e+02 7.3526501465e+02 7.3539898682e+02 7.3552197266e+02 7.3553802490e+02 7.3562500000e+02 7.3572802734e+02 7.3590997314e+02 7.3606201172e+02 7.3621502686e+02 7.3633502197e+02 7.3648498535e+02 7.3669500732e+02 7.3688000488e+02 7.3690698242e+02 7.3683502197e+02 7.3671398926e+02 7.3661102295e+02 7.3654602051e+02 7.3663897705e+02 7.3695599365e+02 7.3733001709e+02 7.3772900391e+02 7.3824200439e+02 7.3877801514e+02 7.3933599854e+02 7.3987701416e+02 7.4013299561e+02 7.4035601807e+02 7.4067297363e+02 7.4095501709e+02 7.4107202148e+02 7.4122802734e+02 7.4145300293e+02 7.4165301514e+02 7.4178002930e+02 7.4190399170e+02 7.4208300781e+02 7.4228601074e+02 7.4260900879e+02 7.4278497314e+02 7.4285601807e+02
7.3453198242e+02 7.3463098145e+02 7.3474798584e+02 7.3487902832e+02 7.3490197754e+02 7.3494702148e+02 7.3505700684e+02 7.3521398926e+02 7.3522100830e+02 7.3526599121e+02 7.3535900879e+02 7.3544000244e+02 7.3549102783e+02 7.3559399414e+02 7.3573400879e+02 7.3595001221e+02 7.3619299316e+02 7.3638397217e+02 7.3643701172e+02 7.3635601807e+02 7.3627801514e+02 7.3622198486e+02 7.3621801758e+02 7.3633398438e+02 7.3657897949e+02 7.3691198730e+02 7.3732800293e+02 7.3794799805e+02 7.3861901855e+02 7.3923400879e+02 7.3972100830e+02 7.3994598389e+02 7.4019500732e+02 7.4057098389e+02 7.4078198242e+02 7.4085101318e+02 7.4098699951e+02 7.4120800781e+02 7.4141198730e+02 7.4158398438e+02 7.4169598389e+02 7.4185797119e+02 7.4203198242e+02 7.4230902100e+02 7.4256402588e+02 7.4270098877e+02
7.3423999023e+02 7.3427697754e+02 7.3441400146e+02 7.3457501221e+02 7.3463201904e+02 7.3465301514e+02 7.3474401855e+02 7.3488000488e+02 7.3492498779e+02 7.3497601318e+02 7.3506298828e+02 7.3505999756e+02 7.3504400635e+02 7.3512701416e+02 7.3527099609e+02 7.3550799561e+02 7.3575598145e+02 7.3595599365e+02 7.3603002930e+02 7.3597698975e+02 7.3593402100e+02 7.3591802979e+02 7.3596600342e+02 7.3609600830e+02 7.3631097412e+02 7.3659698486e+02 7.3699700928e+02 7.3768701172e+02 7.3845599365e+02 7.3911199951e+02 7.3952899170e+02 7.3971997070e+02 7.3997698975e+02 7.4034899902e+02 7.4055297852e+02 7.4064300537e+02 7.4076599121e+02 7.4096002197e+02 7.4118597412e+02 7.4139599609e+02 7.4152099609e+02 7.4166400146e+02 7.4186999512e+02 7.4211401367e+02 7.4234002686e+02 7.4251898193e+02
7.3401098633e+02 7.3395300293e+02 7.3407202148e+02 7.3426501465e+02 7.3441601563e+02 7.3444897461e+02 7.3451800537e+02 7.3458001709e+02 7.3462701416e+02 7.3469396973e+02 7.3479101563e+02 7.3475402832e+02 7.3472198486e+02 7.3483197021e+02 7.3498999023e+02 7.3520599365e+02 7.3542700195e+02 7.3560797119e+02 7.3569396973e+02 7.3568200684e+02 7.3567797852e+02 7.3569897461e+02 7.3577600098e+02 7.3590997314e+02 7.3609899902e+02 7.3635400391e+02 7.3675701904e+02 7.3748999023e+02 7.3830603027e+02 7.3897198486e+02 7.3935797119e+02 7.3954498291e+02 7.3977697754e+02 7.4007800293e+02 7.4027001953e+02 7.4042102051e+02 7.4059197998e+02 7.4077801514e+02 7.4100500488e+02 7.4122900391e+02 7.4138897705e+02 7.4151599121e+02 7.4173101807e+02 7.4199597168e+02 7.4216998291e+02 7.4234301758e+02
7.3372601318e+02 7.3363500977e+02 7.3364697266e+02 7.3388702393e+02 7.3414898682e+02 7.3423498535e+02 7.3423498535e+02 7.3427502441e+02 7.3432202148e+02 7.3438098145e+02 7.3438500977e+02 7.3440301514e+02 7.3446697998e+02 7.3464801025e+02 7.3485797119e+02 7.3504400635e+02 7.3521099854e+02 7.3533801270e+02 7.3541302490e+02 7.3546801758e+02 7.3550500488e+02 7.3554400635e+02 7.3560198975e+02 7.3572198486e+02 7.3590100098e+02 7.3618597412e+02 7.3665899658e+02 7.3739001465e+02 7.3817602539e+02 7.3879498291e+02 7.3917199707e+02 7.3941302490e+02 7.3960797119e+02 7.3983697510e+02 7.4001202393e+02 7.4022198486e+02 7.4048297119e+02 7.4065698242e+02 7.4085400391e+02 7.4108099365e+02 7.4126000977e+02 7.4139599609e+02 7.4159698486e+02 7.4188702393e+02 7.4202697754e+02 7.4216400146e+02
7.3326599121e+02 7.3330700684e+02 7.3343902588e+02 7.3359002686e+02 7.3380499268e+02 7.3393902588e+02 7.3399499512e+02 7.3404901123e+02 7.3411700439e+02 7.3411401367e+02 7.3404699707e+02 7.3410699463e+02 7.3425299072e+02 7.3447998047e+02 7.3475097656e+02 7.3494097900e+02 7.3504199219e+02 7.3510101318e+02 7.3517102051e+02 7.3526397705e+02 7.3533099365e+02 7.3539300537e+02 7.3546801758e+02 7.3556201172e+02 7.3578802490e+02 7.3615600586e+02 7.3667297363e+02 7.3738598633e+02 7.3807202148e+02 7.3860198975e+02 7.3895001221e+02 7.3925402832e+02 7.3940802002e+02 7.3957397461e+02 7.3973797607e+02 7.4000402832e+02 7.4033398438e+02 7.4050000000e+02 7.4064398193e+02 7.4087902832e+02 7.4108398438e+02 7.4125201416e+02 7.4145397949e+02 7.4173797607e+02 7.4186901855e+02 7.4200402832e+02
7.3284197998e+02 7.3300000000e+02 7.3325500488e+02 7.3338098145e+02 7.3352301025e+02 7.3366497803e+02 7.3375097656e+02 7.3382098389e+02 7.3387701416e+02 7.3385498047e+02 7.3382299805e+02 7.3394299316e+02 7.3411499023e+02 7.3433599854e+02 7.3458398438e+02 7.3476702881e+02 7.3485601807e+02 7.3490301514e+02 7.3498101807e+02 7.3506896973e+02 7.3514501953e+02 7.3524102783e+02 7.3535699463e+02 7.3550299072e+02 7.3578997803e+02 7.3620898438e+02 7.3677899170e+02 7.3745202637e+02 7.3802502441e+02 7.3846002197e+02 7.3876000977e+02 7.3903497314e+02 7.3920697021e+02 7.3937402344e+02 7.3949401855e+02 7.3969097900e+02 7.4002600098e+02 7.4027600098e+02 7.4042401123e+02 7.4065698242e+02 7.4090002441e+02 7.4109399414e+02 7.4125299072e+02 7.4155798340e+02 7.4171600342e+02 7.4183502197e+02
7.3255102539e+02 7.3273297119e+02 7.3299700928e+02 7.3315997314e+02 7.3328601074e+02 7.3340399170e+02 7.3347601318e+02 7.3356799316e+02 7.3360601807e+02 7.3360498047e+02 7.3366101074e+02 7.3381298828e+02 7.3397802734e+02 7.3415997314e+02 7.3436102295e+02 7.3455798340e+02 7.3468902588e+02 7.3476397705e+02 7.3483099365e+02 7.3486798096e+02 7.3494396973e+02 7.3507702637e+02 7.3525799561e+02 7.3548400879e+02 7.3583801270e+02 7.3630798340e+02 7.3691198730e+02 7.3752502441e+02 7.3798699951e+02 7.3833001709e+02 7.3860198975e+02 7.3882897949e+02 7.3900097656e+02 7.3919598389e+02 7.3933697510e+02 7.3946997070e+02 7.3975598145e+02 7.4005200195e+02 7.4021099854e+02 7.4042199707e+02 7.4068701172e+02 7.4091198730e+02 7.4104498291e+02 7.4133697510e+02 7.4153198242e+02 7.4164599609e+02
7.3238598633e+02 7.3253198242e+02 7.3272900391e+02 7.3291699219e+02 7.3301098633e+02 7.3308502197e+02 7.3317700195e+02 7.3330401611e+02 7.3333697510e+02 7.3335198975e+02 7.3346398926e+02 7.3362200928e+02 7.3377899170e+02 7.3395098877e+02 7.3415997314e+02 7.3436901855e+02 7.3455297852e+02 7.3466101074e+02 7.3465399170e+02 7.3463702393e+02 7.3471600342e+02 7.3489599609e+02 7.3514801025e+02 7.3548199463e+02 7.3590301514e+02 7.3640600586e+02 7.3698797607e+02 7.3750000000e+02 7.3787500000e+02 7.3816601563e+02 7.3843902588e+02 7.3865197754e+02 7.3882598877e+02 7.3902099609e+02 7.3921197510e+02 7.3930603027e+02 7.3951599121e+02 7.3978997803e+02 7.3997399902e+02 7.4014898682e+02 7.4041497803e+02 7.4069598389e+02 7.4089697266e+02 7.4108697510e+02 7.4129797363e+02 7.4143798828e+02
7.3219097900e+02 7.3233001709e+02 7.3246197510e+02 7.3257202148e+02 7.3269598389e+02 7.3289599609e+02 7.3301300049e+02 7.3309301758e+02 7.3313500977e+02 7.3316601563e+02 7.3325500488e+02 7.3340399170e+02 7.3357501221e+02 7.3377197266e+02 7.3397998047e+02 7.3418402100e+02 7.3436999512e+02 7.3445300293e+02 7.3438500977e+02 7.3439697266e+02 7.3452600098e+02 7.3476202393e+02 7.3508898926e+02 7.3545898438e+02 7.3588702393e+02 7.3636999512e+02 7.3689300537e+02 7.3733197021e+02 7.3769000244e+02 7.3799597168e+02 7.3826501465e+02 7.3845397949e+02 7.3864898682e+02 7.3885198975e+02 7.3906500244e+02 7.3917797852e+02 7.3934899902e+02 7.3954602051e+02 7.3973199463e+02 7.3993298340e+02 7.4020300293e+02 7.4051000977e+02 7.4076501465e+02 7.4090197754e+02 7.4105200195e+02 7.4119500732e+02
7.3193200684e+02 7.3206896973e+02 7.3220501709e+02 7.3233599854e+02 7.3253198242e+02 7.3281201172e+02 7.3285900879e+02 7.3285498047e+02 7.3292901611e+02 7.3302001953e+02 7.3309698486e+02 7.3324700928e+02 7.3343597412e+02 7.3364300537e+02 7.3383599854e+02 7.3401599121e+02 7.3416101074e+02 7.3420300293e+02 7.3412500000e+02 7.3418701172e+02 7.3437298584e+02 7.3465997314e+02 7.3502600098e+02 7.3540399170e+02 7.3582501221e+02 7.3628698730e+02 7.3677301025e+02 7.3717199707e+02 7.3750897217e+02 7.3781201172e+02 7.3809301758e+02 7.3829101563e+02 7.3847900391e+02 7.3868402100e+02 7.3890399170e+02 7.3904400635e+02 7.3921002197e+02 7.3937402344e+02 7.3954998779e+02 7.3974102783e+02 7.3996899414e+02 7.4023101807e+02 7.4049798584e+02 7.4064599609e+02 7.4078002930e+02 7.4094598389e+02
7.3166601563e+02 7.3180401611e+02 7.3197399902e+02 7.3214801025e+02 7.3237500000e+02 7.3265100098e+02 7.3264202881e+02 7.3260302734e+02 7.3271002197e+02 7.3284197998e+02 7.3291802979e+02 7.3307299805e+02 7.3328002930e+02 7.3349499512e+02 7.3367602539e+02 7.3382202148e+02 7.3390899658e+02 7.3392297363e+02 7.3389001465e+02 7.3400000000e+02 7.3423101807e+02 7.3455401611e+02 7.3495300293e+02 7.3533502197e+02 7.3573602295e+02 7.3617297363e+02 7.3663397217e+02 7.3701898193e+02 7.3733398438e+02 7.3761901855e+02 7.3789202881e+02 7.3810797119e+02 7.3827197266e+02 7.3847998047e+02 7.3873400879e+02 7.3890802002e+02 7.3902697754e+02 7.3916699219e+02 7.3936602783e+02 7.3955999756e+02 7.3973797607e+02 7.3991998291e+02 7.4015399170e+02 7.4034497070e+02 7.4052301025e+02 7.4073797607e+02
7.3146002197e+02 7.3157702637e+02 7.3173101807e+02 7.3193402100e+02 7.3215002441e+02 7.3234802246e+02 7.3233001709e+02 7.3237701416e+02 7.3250701904e+02 7.3263098145e+02 7.3267999268e+02 7.3284002686e+02 7.3306097412e+02 7.3328802490e+02 7.3345001221e+02 7.3354699707e+02 7.3359197998e+02 7.3362799072e+02 7.3370202637e+02 7.3379901123e+02 7.3405902100e+02 7.3443902588e+02 7.3488201904e+02 7.3527398682e+02 7.3565698242e+02 7.3605499268e+02 7.3647698975e+02 7.3684802246e+02 7.3715100098e+02 7.3742102051e+02 7.3769299316e+02 7.3789001465e+02 7.3806701660e+02 7.3830297852e+02 7.3858697510e+02 7.3876397705e+02 7.3885101318e+02 7.3896600342e+02 7.3916101074e+02 7.3937701416e+02 7.3954602051e+02 7.3968597412e+02 7.3987097168e+02 7.4009997559e+02 7.4032299805e+02 7.4056597900e+02
7.3123999023e+02 7.3133697510e+02 7.3149700928e+02 7.3168798828e+02 7.3183697510e+02 7.3196197510e+02 7.3207098389e+02 7.3216497803e+02 7.3226501465e+02 7.3240997314e+02 7.3253002930e+02 7.3265802002e+02 7.3285498047e+02 7.3306799316e+02 7.3320001221e+02 7.3328497314e+02 7.3339099121e+02 7.3350500488e+02 7.3355297852e+02 7.3361700439e+02 7.3393298340e+02 7.3441198730e+02 7.3484997559e+02 7.3521398926e+02 7.3557897949e+02 7.3593402100e+02 7.3629699707e+02 7.3665197754e+02 7.3694097900e+02 7.3719897461e+02 7.3746899414e+02 7.3763000488e+02 7.3781201172e+02 7.3806799316e+02 7.3832897949e+02 7.3855200195e+02 7.3868701172e+02 7.3877398682e+02 7.3892901611e+02 7.3914599609e+02 7.3934197998e+02 7.3950598145e+02 7.3967199707e+02 7.3989300537e+02 7.4011700439e+02 7.4036401367e+02
7.3103698730e+02 7.3116601563e+02 7.3131298828e+02 7.3147497559e+02 7.3159698486e+02 7.3172302246e+02 7.3187500000e+02 7.3199298096e+02 7.3212097168e+02 7.3228802490e+02 7.3241400146e+02 7.3250299072e+02 7.3266699219e+02 7.3285198975e+02 7.3296502686e+02 7.3305401611e+02 7.3320800781e+02 7.3335998535e+02 7.3339501953e+02 7.3351800537e+02 7.3388702393e+02 7.3438299561e+02 7.3478302002e+02 7.3510601807e+02 7.3544299316e+02 7.3576397705e+02 7.3609301758e+02 7.3642498779e+02 7.3668103027e+02 7.3691699219e+02 7.3719897461e+02 7.3737799072e+02 7.3758599854e+02 7.3787200928e+02 7.3809600830e+02 7.3834899902e+02 7.3851501465e+02 7.3857800293e+02 7.3866699219e+02 7.3889300537e+02 7.3914001465e+02 7.3935302734e+02 7.3951898193e+02 7.3971002197e+02 7.3992901611e+02 7.4017797852e+02
7.3085797119e+02 7.3103698730e+02 7.3118701172e+02 7.3133197021e+02 7.3145300293e+02 7.3157202148e+02 7.3168200684e+02 7.3182397461e+02 7.3201000977e+02 7.3216998291e+02 7.3224597168e+02 7.3231500244e+02 7.3245697021e+02 7.3262701416e+02 7.3274401855e+02 7.3284802246e+02 7.3302801514e+02 7.3319598389e+02 7.3324102783e+02 7.3340399170e+02 7.3376599121e+02 7.3422399902e+02 7.3462097168e+02 7.3495300293e+02 7.3526599121e+02 7.3555700684e+02 7.3584899902e+02 7.3615100098e+02 7.3638500977e+02 7.3660498047e+02 7.3688500977e+02 7.3710400391e+02 7.3736401367e+02 7.3768798828e+02 7.3789001465e+02 7.3812597656e+02 7.3830700684e+02 7.3838897705e+02 7.3844500732e+02 7.3865502930e+02 7.3893402100e+02 7.3919299316e+02 7.3937298584e+02 7.3954199219e+02 7.3975201416e+02 7.3999401855e+02
7.3064202881e+02 7.3086999512e+02 7.3108697510e+02 7.3123101807e+02 7.3133300781e+02 7.3140002441e+02 7.3146301270e+02 7.3165502930e+02 7.3186401367e+02 7.3197698975e+02 7.3199499512e+02 7.3209197998e+02 7.3222497559e+02 7.3237200928e+02 7.3248498535e+02 7.3266302490e+02 7.3284100342e+02 7.3298901367e+02 7.3310400391e+02 7.3328399658e+02 7.3356799316e+02 7.3394799805e+02 7.3437402344e+02 7.3474700928e+02 7.3505200195e+02 7.3532202148e+02 7.3555798340e+02 7.3583898926e+02 7.3608599854e+02 7.3632598877e+02 7.3663098145e+02 7.3687298584e+02 7.3712701416e+02 7.3742199707e+02 7.3769201660e+02 7.3788000488e+02 7.3805902100e+02 7.3822900391e+02 7.3831298828e+02 7.3843701172e+02 7.3869201660e+02 7.3895501709e+02 7.3915698242e+02 7.3938598633e+02 7.3960101318e+02 7.3981701660e+02
7.3044201660e+02 7.3073199463e+02 7.3099499512e+02 7.3113299561e+02 7.3117297363e+02 7.3117401123e+02 7.3124499512e+02 7.3152697754e+02 7.3175000000e+02 7.3180700684e+02 7.3177001953e+02 7.3186798096e+02 7.3197802734e+02 7.3208502197e+02 7.3220800781e+02 7.3244799805e+02 7.3261700439e+02 7.3272802734e+02 7.3292199707e+02 7.3317700195e+02 7.3345599365e+02 7.3380297852e+02 7.3416302490e+02 7.3449499512e+02 7.3481201172e+02 7.3508697510e+02 7.3532397461e+02 7.3554602051e+02 7.3577001953e+02 7.3606201172e+02 7.3642199707e+02 7.3668200684e+02 7.3690399170e+02 7.3716198730e+02 7.3741198730e+02 7.3763000488e+02 7.3781701660e+02 7.3803198242e+02 7.3814202881e+02 7.3822698975e+02 7.3844897461e+02 7.3870501709e+02 7.3891998291e+02 7.3917901611e+02 7.3942199707e+02 7.3962799072e+02
7.3025500488e+02 7.3055999756e+02 7.3083300781e+02 7.3097100830e+02 7.3097198486e+02 7.3093798828e+02 7.3100897217e+02 7.3129101563e+02 7.3149200439e+02 7.3153698730e+02 7.3151397705e+02 7.3158300781e+02 7.3168200684e+02 7.3180200195e+02 7.3196099854e+02 7.3223400879e+02 7.3239001465e+02 7.3247601318e+02 7.3269299316e+02 7.3300299072e+02 7.3329498291e+02 7.3359600830e+02 7.3388702393e+02 7.3419702148e+02 7.3451300049e+02 7.3480499268e+02 7.3506896973e+02 7.3527197266e+02 7.3548901367e+02 7.3580798340e+02 7.3619396973e+02 7.3651098633e+02 7.3672698975e+02 7.3694396973e+02 7.3713397217e+02 7.3733197021e+02 7.3751397705e+02 7.3773498535e+02 7.3791900635e+02 7.3802801514e+02 7.3823602295e+02 7.3852801514e+02 7.3875897217e+02 7.3897399902e+02 7.3922399902e+02 7.3944500732e+02
7.3003002930e+02 7.3028198242e+02 7.3053997803e+02 7.3070300293e+02 7.3070898438e+02 7.3068402100e+02 7.3076599121e+02 7.3096600342e+02 7.3109100342e+02 7.3115399170e+02 7.3123797607e+02 7.3129797363e+02 7.3140100098e+02 7.3155603027e+02 7.3174597168e+02 7.3199200439e+02 7.3213201904e+02 7.3221697998e+02 7.3242901611e+02 7.3276702881e+02 7.3307800293e+02 7.3334497070e+02 7.3357299805e+02 7.3385302734e+02 7.3415899658e+02 7.3446997070e+02 7.3475701904e+02 7.3499798584e+02 7.3526800537e+02 7.3561199951e+02 7.3595898438e+02 7.3624499512e+02 7.3644702148e+02 7.3666302490e+02 7.3686499023e+02 7.3704302979e+02 7.3724200439e+02 7.3748602295e+02 7.3772900391e+02 7.3786602783e+02 7.3803997803e+02 7.3833001709e+02 7.3858898926e+02 7.3877301025e+02 7.3903802490e+02 7.3928802490e+02
