TESTSERVER/18/1.asc
NCOLS 100
NROWS 100
XLLCORNER 8.3997500000e+03
YLLCORNER 2.8990025000e+05
CELLSIZE 5.0000000000e-01
NODATA_VALUE -9.9990000000e+03
[rows 0 to 19 of 100, columns 46 to 91 of 100]
7.4091497803e+02 7.4114001465e+02 7.4136297607e+02 7.4152099609e+02 7.4160198975e+02 7.4167297363e+02 7.4182397461e+02 7.4197198486e+02 7.4206799316e+02 7.4214898682e+02 7.4220300293e+02 7.4229199219e+02 7.4247601318e+02 7.4267901611e+02 7.4281097412e+02 7.4314300537e+02 7.4352801514e+02 7.4382299805e+02 7.4392401123e+02 7.4399499512e+02 7.4410900879e+02 7.4421002197e+02 7.4431201172e+02 7.4446099854e+02 7.4455603027e+02 7.4458099365e+02 7.4460498047e+02 7.4466198730e+02 7.4475402832e+02 7.4483502197e+02 7.4486297607e+02 7.4489300537e+02 7.4495898438e+02 7.4507000732e+02 7.4518701172e+02 7.4532397461e+02 7.4544201660e+02 7.4549401855e+02 7.4551599121e+02 7.4566302490e+02 7.4591998291e+02 7.4626098633e+02 7.4661602783e+02 7.4698101807e+02 7.4726800537e+02 7.4749298096e+02
7.4071398926e+02 7.4096002197e+02 7.4117700195e+02 7.4130297852e+02 7.4135601807e+02 7.4143798828e+02 7.4160998535e+02 7.4183099365e+02 7.4197698975e+02 7.4204699707e+02 7.4202600098e+02 7.4208197021e+02 7.4222802734e+02 7.4239099121e+02 7.4251300049e+02 7.4268103027e+02 7.4305102539e+02 7.4343798828e+02 7.4362799072e+02 7.4382000732e+02 7.4402099609e+02 7.4414099121e+02 7.4420397949e+02 7.4423699951e+02 7.4428302002e+02 7.4434100342e+02 7.4442498779e+02 7.4439501953e+02 7.4436700439e+02 7.4442199707e+02 7.4450000000e+02 7.4462500000e+02 7.4472497559e+02 7.4481402588e+02 7.4490802002e+02 7.4503497314e+02 7.4517602539e+02 7.4528900146e+02 7.4539898682e+02 7.4557202148e+02 7.4586602783e+02 7.4621697998e+02 7.4653900146e+02 7.4686499023e+02 7.4714099121e+02 7.4734197998e+02
7.4052697754e+02 7.4075701904e+02 7.4094598389e+02 7.4104302979e+02 7.4109698486e+02 7.4118597412e+02 7.4131402588e+02 7.4150598145e+02 7.4170800781e+02 7.4183502197e+02 7.4182598877e+02 7.4188800049e+02 7.4201702881e+02 7.4220501709e+02 7.4237200928e+02 7.4243499756e+02 7.4264300537e+02 7.4293298340e+02 7.4313397217e+02 7.4340100098e+02 7.4368597412e+02 7.4390600586e+02 7.4405297852e+02 7.4394799805e+02 7.4393597412e+02 7.4403601074e+02 7.4414398193e+02 7.4414001465e+02 7.4411602783e+02 7.4415698242e+02 7.4423797607e+02 7.4438000488e+02 7.4450299072e+02 7.4459698486e+02 7.4467498779e+02 7.4476898193e+02 7.4493597412e+02 7.4512799072e+02 7.4529199219e+02 7.4547601318e+02 7.4578997803e+02 7.4614202881e+02 7.4643200684e+02 7.4669702148e+02 7.4691998291e+02 7.4709301758e+02
7.4028399658e+02 7.4049102783e+02 7.4065502930e+02 7.4076800537e+02 7.4086199951e+02 7.4097698975e+02 7.4109497070e+02 7.4123602295e+02 7.4140899658e+02 7.4154602051e+02 7.4159802246e+02 7.4170001221e+02 7.4180999756e+02 7.4199298096e+02 7.4222802734e+02 7.4231298828e+02 7.4236901855e+02 7.4250402832e+02 7.4268200684e+02 7.4299798584e+02 7.4328497314e+02 7.4344598389e+02 7.4366802979e+02 7.4369500732e+02 7.4368902588e+02 7.4376300049e+02 7.4381402588e+02 7.4387097168e+02 7.4394201660e+02 7.4400201416e+02 7.4407800293e+02 7.4414898682e+02 7.4424902344e+02 7.4440100098e+02 7.4447998047e+02 7.4450701904e+02 7.4469201660e+02 7.4494299316e+02 7.4513397217e+02 7.4531597900e+02 7.4563702393e+02 7.4598999023e+02 7.4626800537e+02 7.4648999023e+02 7.4667199707e+02 7.4682598877e+02
7.3998797607e+02 7.4016802979e+02 7.4030700684e+02 7.4049700928e+02 7.4065197754e+02 7.4077801514e+02 7.4092401123e+02 7.4106799316e+02 7.4119396973e+02 7.4134698486e+02 7.4143200684e+02 7.4149700928e+02 7.4155401611e+02 7.4168902588e+02 7.4189398193e+02 7.4204498291e+02 7.4208099365e+02 7.4216400146e+02 7.4240301514e+02 7.4271002197e+02 7.4299200439e+02 7.4309002686e+02 7.4321197510e+02 7.4342401123e+02 7.4350299072e+02 7.4355102539e+02 7.4359002686e+02 7.4366699219e+02 7.4373699951e+02 7.4380200195e+02 7.4386401367e+02 7.4389001465e+02 7.4393701172e+02 7.4412200928e+02 7.4428698730e+02 7.4429901123e+02 7.4445599365e+02 7.4470001221e+02 7.4489501953e+02 7.4508898926e+02 7.4541802979e+02 7.4577502441e+02 7.4605200195e+02 7.4629998779e+02 7.4648199463e+02 7.4662200928e+02
7.3973797607e+02 7.3989898682e+02 7.4002197266e+02 7.4024200439e+02 7.4042700195e+02 7.4052600098e+02 7.4064801025e+02 7.4077502441e+02 7.4089202881e+02 7.4110198975e+02 7.4120898438e+02 7.4126501465e+02 7.4126599121e+02 7.4133197021e+02 7.4149499512e+02 7.4165399170e+02 7.4171697998e+02 7.4179901123e+02 7.4204699707e+02 7.4230499268e+02 7.4255401611e+02 7.4277697754e+02 7.4301300049e+02 7.4313702393e+02 7.4323498535e+02 7.4330999756e+02 7.4335998535e+02 7.4347100830e+02 7.4355200195e+02 7.4360498047e+02 7.4366497803e+02 7.4369702148e+02 7.4367700195e+02 7.4380603027e+02 7.4405798340e+02 7.4423797607e+02 7.4431799316e+02 7.4447497559e+02 7.4468298340e+02 7.4490997314e+02 7.4523602295e+02 7.4556097412e+02 7.4581701660e+02 7.4609399414e+02 7.4633099365e+02 7.4650201416e+02
7.3948699951e+02 7.3965197754e+02 7.3975500488e+02 7.3991198730e+02 7.4008001709e+02 7.4019097900e+02 7.4033099365e+02 7.4049499512e+02 7.4060302734e+02 7.4076098633e+02 7.4087402344e+02 7.4100097656e+02 7.4103900146e+02 7.4110900879e+02 7.4122998047e+02 7.4131597900e+02 7.4138000488e+02 7.4144201660e+02 7.4155798340e+02 7.4171002197e+02 7.4191802979e+02 7.4217602539e+02 7.4260797119e+02 7.4288500977e+02 7.4300500488e+02 7.4308197021e+02 7.4314398193e+02 7.4326397705e+02 7.4334899902e+02 7.4340997314e+02 7.4350097656e+02 7.4361102295e+02 7.4360302734e+02 7.4366802979e+02 7.4389300537e+02 7.4410699463e+02 7.4415002441e+02 7.4428698730e+02 7.4450897217e+02 7.4476501465e+02 7.4507702637e+02 7.4536798096e+02 7.4560198975e+02 7.4588201904e+02 7.4615100098e+02 7.4636401367e+02
7.3917999268e+02 7.3937097168e+02 7.3949798584e+02 7.3958697510e+02 7.3971099854e+02 7.3982098389e+02 7.3994000244e+02 7.4013598633e+02 7.4029302979e+02 7.4043597412e+02 7.4054797363e+02 7.4068298340e+02 7.4076599121e+02 7.4088500977e+02 7.4101599121e+02 7.4105902100e+02 7.4110797119e+02 7.4113702393e+02 7.4114300537e+02 7.4121801758e+02 7.4138098145e+02 7.4159899902e+02 7.4196398926e+02 7.4238500977e+02 7.4266198730e+02 7.4286602783e+02 7.4297497559e+02 7.4303399658e+02 7.4307800293e+02 7.4315100098e+02 7.4330499268e+02 7.4346697998e+02 7.4353802490e+02 7.4357098389e+02 7.4368103027e+02 7.4390100098e+02 7.4399200439e+02 7.4413500977e+02 7.4434197998e+02 7.4460302734e+02 7.4488598633e+02 7.4515600586e+02 7.4539300537e+02 7.4564898682e+02 7.4590997314e+02 7.4613897705e+02
7.3879101563e+02 7.3900799561e+02 7.3920800781e+02 7.3932598877e+02 7.3940502930e+02 7.3949798584e+02 7.3961999512e+02 7.3977600098e+02 7.3996002197e+02 7.4016400146e+02 7.4032501221e+02 7.4040100098e+02 7.4049298096e+02 7.4062298584e+02 7.4073901367e+02 7.4080297852e+02 7.4082897949e+02 7.4083697510e+02 7.4086297607e+02 7.4093798828e+02 7.4107702637e+02 7.4130401611e+02 7.4159497070e+02 7.4190899658e+02 7.4217602539e+02 7.4249200439e+02 7.4278802490e+02 7.4283801270e+02 7.4283697510e+02 7.4293103027e+02 7.4310400391e+02 7.4320397949e+02 7.4334399414e+02 7.4345397949e+02 7.4348999023e+02 7.4362402344e+02 7.4379199219e+02 7.4398297119e+02 7.4416802979e+02 7.4441101074e+02 7.4465899658e+02 7.4491699219e+02 7.4516601563e+02 7.4538897705e+02 7.4560797119e+02 7.4581597900e+02
7.3848400879e+02 7.3868298340e+02 7.3890100098e+02 7.3901501465e+02 7.3909497070e+02 7.3920397949e+02 7.3932397461e+02 7.3950000000e+02 7.3969299316e+02 7.3990802002e+02 7.4007702637e+02 7.4016900635e+02 7.4024798584e+02 7.4034399414e+02 7.4045397949e+02 7.4050897217e+02 7.4052099609e+02 7.4053399658e+02 7.4059899902e+02 7.4070898438e+02 7.4086499023e+02 7.4110302734e+02 7.4139398193e+02 7.4164599609e+02 7.4185797119e+02 7.4210498047e+02 7.4241601563e+02 7.4261901855e+02 7.4265600586e+02 7.4266497803e+02 7.4277899170e+02 7.4287200928e+02 7.4308001709e+02 7.4330999756e+02 7.4334197998e+02 7.4341998291e+02 7.4360198975e+02 7.4380700684e+02 7.4398699951e+02 7.4423797607e+02 7.4447302246e+02 7.4469702148e+02 7.4491998291e+02 7.4512799072e+02 7.4530902100e+02 7.4548297119e+02
7.3823901367e+02 7.3842999268e+02 7.3860400391e+02 7.3869201660e+02 7.3879400635e+02 7.3892901611e+02 7.3905401611e+02 7.3921002197e+02 7.3940600586e+02 7.3957501221e+02 7.3970300293e+02 7.3984399414e+02 7.3995300293e+02 7.4004302979e+02 7.4015997314e+02 7.4021899414e+02 7.4022698975e+02 7.4023999023e+02 7.4031201172e+02 7.4045599365e+02 7.4066302490e+02 7.4094396973e+02 7.4125897217e+02 7.4145098877e+02 7.4164202881e+02 7.4183300781e+02 7.4200598145e+02 7.4223101807e+02 7.4239599609e+02 7.4236199951e+02 7.4241802979e+02 7.4250402832e+02 7.4273999023e+02 7.4301300049e+02 7.4315197754e+02 7.4327899170e+02 7.4341998291e+02 7.4361199951e+02 7.4380297852e+02 7.4404901123e+02 7.4428399658e+02 7.4448699951e+02 7.4468200684e+02 7.4486798096e+02 7.4502301025e+02 7.4518701172e+02
7.3799597168e+02 7.3818701172e+02 7.3834100342e+02 7.3842797852e+02 7.3855102539e+02 7.3871099854e+02 7.3882800293e+02 7.3892401123e+02 7.3909301758e+02 7.3918701172e+02 7.3923797607e+02 7.3944799805e+02 7.3960900879e+02 7.3969000244e+02 7.3980700684e+02 7.3988897705e+02 7.3989898682e+02 7.3990997314e+02 7.3997497559e+02 7.4012200928e+02 7.4033898926e+02 7.4063000488e+02 7.4096801758e+02 7.4112701416e+02 7.4125897217e+02 7.4139202881e+02 7.4153399658e+02 7.4170001221e+02 7.4189202881e+02 7.4194702148e+02 7.4217602539e+02 7.4227197266e+02 7.4238098145e+02 7.4254699707e+02 7.4280700684e+02 7.4308599854e+02 7.4322900391e+02 7.4341998291e+02 7.4360900879e+02 7.4386297607e+02 7.4409802246e+02 7.4427502441e+02 7.4444097900e+02 7.4460998535e+02 7.4475201416e+02 7.4492199707e+02
7.3773101807e+02 7.3792102051e+02 7.3806701660e+02 7.3816998291e+02 7.3828601074e+02 7.3845098877e+02 7.3859197998e+02 7.3865100098e+02 7.3876000977e+02 7.3879400635e+02 7.3885302734e+02 7.3907000732e+02 7.3921398926e+02 7.3928399658e+02 7.3939202881e+02 7.3949401855e+02 7.3950701904e+02 7.3952001953e+02 7.3961602783e+02 7.3980499268e+02 7.3998400879e+02 7.4021600342e+02 7.4052502441e+02 7.4076501465e+02 7.4085900879e+02 7.4092297363e+02 7.4110699463e+02 7.4134600830e+02 7.4146801758e+02 7.4153100586e+02 7.4174902344e+02 7.4207202148e+02 7.4204400635e+02 7.4211401367e+02 7.4247399902e+02 7.4284698486e+02 7.4304400635e+02 7.4324401855e+02 7.4340197754e+02 7.4367199707e+02 7.4390100098e+02 7.4405902100e+02 7.4421099854e+02 7.4434997559e+02 7.4448199463e+02 7.4465502930e+02
7.3738598633e+02 7.3757299805e+02 7.3770001221e+02 7.3777502441e+02 7.3786700439e+02 7.3801501465e+02 7.3816802979e+02 7.3828399658e+02 7.3838201904e+02 7.3835198975e+02 7.3849499512e+02 7.3870300293e+02 7.3880401611e+02 7.3887902832e+02 7.3900000000e+02 7.3905499268e+02 7.3906500244e+02 7.3911700439e+02 7.3927502441e+02 7.3951397705e+02 7.3973297119e+02 7.3995697021e+02 7.4019598389e+02 7.4042999268e+02 7.4058197021e+02 7.4067602539e+02 7.4080999756e+02 7.4098199463e+02 7.4115899658e+02 7.4133099365e+02 7.4154602051e+02 7.4174700928e+02 7.4177099609e+02 7.4191998291e+02 7.4226599121e+02 7.4264599609e+02 7.4283197021e+02 7.4305999756e+02 7.4328100586e+02 7.4351800537e+02 7.4368798828e+02 7.4383898926e+02 7.4396398926e+02 7.4411199951e+02 7.4424597168e+02 7.4439099121e+02
7.3697802734e+02 7.3718402100e+02 7.3731701660e+02 7.3738397217e+02 7.3744799805e+02 7.3756298828e+02 7.3770202637e+02 7.3788397217e+02 7.3801800537e+02 7.3796301270e+02 7.3813702393e+02 7.3833300781e+02 7.3843200684e+02 7.3852502441e+02 7.3863500977e+02 7.3865997314e+02 7.3870501709e+02 7.3882598877e+02 7.3903601074e+02 7.3927697754e+02 7.3949700928e+02 7.3967797852e+02 7.3983801270e+02 7.4003100586e+02 7.4019799805e+02 7.4033300781e+02 7.4050701904e+02 7.4070098877e+02 7.4087597656e+02 7.4108398438e+02 7.4130401611e+02 7.4143499756e+02 7.4157800293e+02 7.4177502441e+02 7.4206500244e+02 7.4242199707e+02 7.4259698486e+02 7.4285699463e+02 7.4311901855e+02 7.4333502197e+02 7.4347698975e+02 7.4359899902e+02 7.4371600342e+02 7.4389001465e+02 7.4403601074e+02 7.4416802979e+02
7.3654199219e+02 7.3677301025e+02 7.3692797852e+02 7.3699902344e+02 7.3703997803e+02 7.3711901855e+02 7.3723101807e+02 7.3739202881e+02 7.3755297852e+02 7.3756201172e+02 7.3778302002e+02 7.3798400879e+02 7.3809802246e+02 7.3820599365e+02 7.3829602051e+02 7.3832702637e+02 7.3843597412e+02 7.3863201904e+02 7.3887597656e+02 7.3906896973e+02 7.3923901367e+02 7.3935101318e+02 7.3944500732e+02 7.3956799316e+02 7.3969799805e+02 7.3983697510e+02 7.4006597900e+02 7.4036499023e+02 7.4052197266e+02 7.4069097900e+02 7.4093902588e+02 7.4118200684e+02 7.4149902344e+02 7.4168200684e+02 7.4188800049e+02 7.4219299316e+02 7.4237298584e+02 7.4264697266e+02 7.4289898682e+02 7.4311999512e+02 7.4326800537e+02 7.4335900879e+02 7.4346801758e+02 7.4365100098e+02 7.4381201172e+02 7.4396002197e+02
7.3610101318e+02 7.3633697510e+02 7.3657897949e+02 7.3661999512e+02 7.3664001465e+02 7.3670202637e+02 7.3677099609e+02 7.3692401123e+02 7.3710498047e+02 7.3722198486e+02 7.3736401367e+02 7.3760400391e+02 7.3776800537e+02 7.3788201904e+02 7.3792602539e+02 7.3801702881e+02 7.3820599365e+02 7.3846899414e+02 7.3873498535e+02 7.3884600830e+02 7.3893597412e+02 7.3897900391e+02 7.3895397949e+02 7.3897601318e+02 7.3908502197e+02 7.3924700928e+02 7.3948901367e+02 7.3983898926e+02 7.4011798096e+02 7.4034197998e+02 7.4059002686e+02 7.4087298584e+02 7.4131298828e+02 7.4157501221e+02 7.4173297119e+02 7.4198699951e+02 7.4214001465e+02 7.4237402344e+02 7.4264599609e+02 7.4285198975e+02 7.4300201416e+02 7.4311297607e+02 7.4322198486e+02 7.4340002441e+02 7.4357098389e+02 7.4375799561e+02
7.3585400391e+02 7.3601702881e+02 7.3628900146e+02 7.3628399658e+02 7.3627001953e+02 7.3635400391e+02 7.3642602539e+02 7.3655798340e+02 7.3668499756e+02 7.3683898926e+02 7.3699700928e+02 7.3721697998e+02 7.3744396973e+02 7.3758099365e+02 7.3764202881e+02 7.3775598145e+02 7.3798498535e+02 7.3826800537e+02 7.3846301270e+02 7.3849499512e+02 7.3846697998e+02 7.3840698242e+02 7.3831597900e+02 7.3831701660e+02 7.3844702148e+02 7.3859600830e+02 7.3885302734e+02 7.3933898926e+02 7.3974902344e+02 7.4007202148e+02 7.4031097412e+02 7.4054400635e+02 7.4098999023e+02 7.4137402344e+02 7.4155798340e+02 7.4176202393e+02 7.4190399170e+02 7.4208599854e+02 7.4233398438e+02 7.4252697754e+02 7.4269598389e+02 7.4286901855e+02 7.4300000000e+02 7.4315802002e+02 7.4331896973e+02 7.4352099609e+02
7.3561602783e+02 7.3570599365e+02 7.3591302490e+02 7.3590100098e+02 7.3588500977e+02 7.3597100830e+02 7.3606298828e+02 7.3616601563e+02 7.3620898438e+02 7.3636102295e+02 7.3659497070e+02 7.3682897949e+02 7.3709100342e+02 7.3726702881e+02 7.3734197998e+02 7.3745202637e+02 7.3767401123e+02 7.3792901611e+02 7.3805499268e+02 7.3800201416e+02 7.3789099121e+02 7.3776702881e+02 7.3765899658e+02 7.3773400879e+02 7.3794897461e+02 7.3812097168e+02 7.3831500244e+02 7.3884100342e+02 7.3933697510e+02 7.3976397705e+02 7.4010198975e+02 7.4035101318e+02 7.4070599365e+02 7.4107202148e+02 7.4133398438e+02 7.4152801514e+02 7.4168798828e+02 7.4185302734e+02 7.4202899170e+02 7.4220300293e+02 7.4240301514e+02 7.4260998535e+02 7.4277600098e+02 7.4295697021e+02 7.4310498047e+02 7.4328601074e+02
7.3528802490e+02 7.3530999756e+02 7.3540997314e+02 7.3544702148e+02 7.3548297119e+02 7.3558300781e+02 7.3572900391e+02 7.3584197998e+02 7.3585498047e+02 7.3598400879e+02 7.3618200684e+02 7.3638702393e+02 7.3663500977e+02 7.3683001709e+02 7.3691998291e+02 7.3700701904e+02 7.3721502686e+02 7.3743798828e+02 7.3751501465e+02 7.3741998291e+02 7.3727301025e+02 7.3713598633e+02 7.3704998779e+02 7.3717901611e+02 7.3749499512e+02 7.3775598145e+02 7.3794299316e+02 7.3846600342e+02 7.3898699951e+02 7.3949798584e+02 7.3997497559e+02 7.4025598145e+02 7.4050500488e+02 7.4081201172e+02 7.4110998535e+02 7.4128601074e+02 7.4144897461e+02 7.4163598633e+02 7.4179498291e+02 7.4195001221e+02 7.4213299561e+02 7.4233001709e+02 7.4253698730e+02 7.4279602051e+02 7.4294299316e+02 7.4306701660e+02
