TESTSERVER/18/1.asc
NCOLS 100
NROWS 100
XLLCORNER 8.3997500000e+03
YLLCORNER 2.8990025000e+05
CELLSIZE 5.0000000000e-01
NODATA_VALUE -9.9990000000e+03
[rows 40 to 59 of 100, columns 46 to 91 of 100]
7.2979101563e+02 7.2994799805e+02 7.3015399170e+02 7.3034399414e+02 7.3040100098e+02 7.3042401123e+02 7.3052301025e+02 7.3066302490e+02 7.3072698975e+02 7.3082702637e+02 7.3101000977e+02 7.3110302734e+02 7.3120898438e+02 7.3136700439e+02 7.3154998779e+02 7.3173602295e+02 7.3185699463e+02 7.3196899414e+02 7.3212701416e+02 7.3247497559e+02 7.3282299805e+02 7.3310101318e+02 7.3328601074e+02 7.3348602295e+02 7.3377301025e+02 7.3409600830e+02 7.3440698242e+02 7.3472698975e+02 7.3507299805e+02 7.3545898438e+02 7.3584802246e+02 7.3610302734e+02 7.3627099609e+02 7.3643597412e+02 7.3662799072e+02 7.3684301758e+02 7.3708697510e+02 7.3735699463e+02 7.3763098145e+02 7.3779199219e+02 7.3793499756e+02 7.3816302490e+02 7.3839099121e+02 7.3859997559e+02 7.3890502930e+02 7.3920501709e+02
7.2960101318e+02 7.2970697021e+02 7.2985797119e+02 7.3000500488e+02 7.3010198975e+02 7.3017199707e+02 7.3028900146e+02 7.3044201660e+02 7.3054602051e+02 7.3065197754e+02 7.3082501221e+02 7.3092297363e+02 7.3099200439e+02 7.3119000244e+02 7.3147497559e+02 7.3161901855e+02 7.3167498779e+02 7.3176800537e+02 7.3190899658e+02 7.3218798828e+02 7.3250799561e+02 7.3278302002e+02 7.3296600342e+02 7.3318103027e+02 7.3350299072e+02 7.3386297607e+02 7.3422302246e+02 7.3453900146e+02 7.3487200928e+02 7.3531097412e+02 7.3565899658e+02 7.3591198730e+02 7.3615197754e+02 7.3629901123e+02 7.3644000244e+02 7.3669097900e+02 7.3695098877e+02 7.3723602295e+02 7.3756799316e+02 7.3772399902e+02 7.3785699463e+02 7.3809899902e+02 7.3829101563e+02 7.3845898438e+02 7.3879901123e+02 7.3911700439e+02
7.2940399170e+02 7.2950701904e+02 7.2962402344e+02 7.2976000977e+02 7.2989398193e+02 7.3000598145e+02 7.3011297607e+02 7.3026000977e+02 7.3039398193e+02 7.3048699951e+02 7.3061602783e+02 7.3071398926e+02 7.3077801514e+02 7.3101300049e+02 7.3135601807e+02 7.3143103027e+02 7.3144500732e+02 7.3153900146e+02 7.3168298340e+02 7.3190698242e+02 7.3216998291e+02 7.3241400146e+02 7.3262097168e+02 7.3289801025e+02 7.3327301025e+02 7.3366802979e+02 7.3404400635e+02 7.3435198975e+02 7.3468103027e+02 7.3513598633e+02 7.3544897461e+02 7.3569299316e+02 7.3596002197e+02 7.3610998535e+02 7.3622802734e+02 7.3649298096e+02 7.3678302002e+02 7.3710601807e+02 7.3752001953e+02 7.3769201660e+02 7.3776599121e+02 7.3798498535e+02 7.3820397949e+02 7.3838702393e+02 7.3866497803e+02 7.3891802979e+02
7.2914300537e+02 7.2927502441e+02 7.2940399170e+02 7.2954498291e+02 7.2970098877e+02 7.2983398438e+02 7.2992797852e+02 7.3005798340e+02 7.3021002197e+02 7.3029797363e+02 7.3039898682e+02 7.3053002930e+02 7.3062500000e+02 7.3086700439e+02 7.3116802979e+02 7.3116802979e+02 7.3116699219e+02 7.3126800537e+02 7.3143200684e+02 7.3162097168e+02 7.3183001709e+02 7.3204302979e+02 7.3227301025e+02 7.3262298584e+02 7.3305102539e+02 7.3347497559e+02 7.3384600830e+02 7.3411999512e+02 7.3443499756e+02 7.3487500000e+02 7.3517199707e+02 7.3543298340e+02 7.3572497559e+02 7.3589398193e+02 7.3602197266e+02 7.3628601074e+02 7.3659301758e+02 7.3693902588e+02 7.3739801025e+02 7.3762402344e+02 7.3768798828e+02 7.3788397217e+02 7.3811499023e+02 7.3828497314e+02 7.3846801758e+02 7.3866900635e+02
7.2882000732e+02 7.2900598145e+02 7.2916699219e+02 7.2929101563e+02 7.2942999268e+02 7.2956097412e+02 7.2963702393e+02 7.2983801270e+02 7.3003698730e+02 7.3014599609e+02 7.3020001221e+02 7.3032098389e+02 7.3049597168e+02 7.3073101807e+02 7.3097998047e+02 7.3093902588e+02 7.3094000244e+02 7.3103900146e+02 7.3118402100e+02 7.3135302734e+02 7.3149902344e+02 7.3168402100e+02 7.3196801758e+02 7.3238598633e+02 7.3285699463e+02 7.3328002930e+02 7.3359698486e+02 7.3386199951e+02 7.3414202881e+02 7.3451702881e+02 7.3487200928e+02 7.3521099854e+02 7.3551000977e+02 7.3569201660e+02 7.3582501221e+02 7.3611401367e+02 7.3643103027e+02 7.3678198242e+02 7.3717297363e+02 7.3740899658e+02 7.3755200195e+02 7.3777398682e+02 7.3801000977e+02 7.3809997559e+02 7.3822998047e+02 7.3845898438e+02
7.2852697754e+02 7.2877301025e+02 7.2888598633e+02 7.2893402100e+02 7.2904901123e+02 7.2922601318e+02 7.2936602783e+02 7.2963201904e+02 7.2986700439e+02 7.2997802734e+02 7.3003100586e+02 7.3020098877e+02 7.3049700928e+02 7.3061700439e+02 7.3067602539e+02 7.3071600342e+02 7.3070001221e+02 7.3078997803e+02 7.3100402832e+02 7.3126000977e+02 7.3138000488e+02 7.3149102783e+02 7.3173199463e+02 7.3215100098e+02 7.3260400391e+02 7.3298602295e+02 7.3333398438e+02 7.3362200928e+02 7.3389697266e+02 7.3424700928e+02 7.3460198975e+02 7.3495202637e+02 7.3526300049e+02 7.3551202393e+02 7.3576300049e+02 7.3603497314e+02 7.3633398438e+02 7.3663500977e+02 7.3694598389e+02 7.3721899414e+02 7.3737298584e+02 7.3757000732e+02 7.3779699707e+02 7.3790600586e+02 7.3804797363e+02 7.3829699707e+02
7.2826397705e+02 7.2854302979e+02 7.2858697510e+02 7.2855603027e+02 7.2866699219e+02 7.2888000488e+02 7.2907598877e+02 7.2931298828e+02 7.2953100586e+02 7.2969598389e+02 7.2986102295e+02 7.3002099609e+02 7.3030499268e+02 7.3039801025e+02 7.3040600586e+02 7.3049597168e+02 7.3048400879e+02 7.3056402588e+02 7.3078900146e+02 7.3108197021e+02 7.3123602295e+02 7.3134497070e+02 7.3152502441e+02 7.3190698242e+02 7.3231799316e+02 7.3268701172e+02 7.3309197998e+02 7.3346099854e+02 7.3379101563e+02 7.3415399170e+02 7.3446600342e+02 7.3477801514e+02 7.3512902832e+02 7.3542901611e+02 7.3571697998e+02 7.3598297119e+02 7.3626702881e+02 7.3652301025e+02 7.3677099609e+02 7.3703997803e+02 7.3715002441e+02 7.3729998779e+02 7.3754797363e+02 7.3774200439e+02 7.3793402100e+02 7.3820001221e+02
7.2793902588e+02 7.2820397949e+02 7.2822100830e+02 7.2822399902e+02 7.2837902832e+02 7.2860699463e+02 7.2879400635e+02 7.2894500732e+02 7.2912799072e+02 7.2937799072e+02 7.2970800781e+02 7.2984802246e+02 7.3001898193e+02 7.3008697510e+02 7.3011199951e+02 7.3015399170e+02 7.3020898438e+02 7.3033599854e+02 7.3050201416e+02 7.3071899414e+02 7.3091497803e+02 7.3113000488e+02 7.3137500000e+02 7.3173498535e+02 7.3210699463e+02 7.3247198486e+02 7.3292297363e+02 7.3338500977e+02 7.3377502441e+02 7.3412597656e+02 7.3437902832e+02 7.3465100098e+02 7.3499499512e+02 7.3528198242e+02 7.3557299805e+02 7.3588098145e+02 7.3619097900e+02 7.3645697021e+02 7.3668798828e+02 7.3688500977e+02 7.3698602295e+02 7.3715802002e+02 7.3742797852e+02 7.3768701172e+02 7.3793200684e+02 7.3820599365e+02
7.2754699707e+02 7.2773400879e+02 7.2778497314e+02 7.2796099854e+02 7.2820800781e+02 7.2844201660e+02 7.2863098145e+02 7.2871997070e+02 7.2886999512e+02 7.2915899658e+02 7.2958197021e+02 7.2978601074e+02 7.2986401367e+02 7.2984100342e+02 7.2981097412e+02 7.2978601074e+02 7.2987500000e+02 7.3004498291e+02 7.3017297363e+02 7.3033099365e+02 7.3057501221e+02 7.3091802979e+02 7.3130700684e+02 7.3168597412e+02 7.3207397461e+02 7.3247497559e+02 7.3300000000e+02 7.3342297363e+02 7.3380200195e+02 7.3409600830e+02 7.3432800293e+02 7.3458502197e+02 7.3485900879e+02 7.3511602783e+02 7.3541400146e+02 7.3575000000e+02 7.3608099365e+02 7.3635797119e+02 7.3658502197e+02 7.3676098633e+02 7.3694000244e+02 7.3717102051e+02 7.3742498779e+02 7.3767901611e+02 7.3794396973e+02 7.3818902588e+02
7.2717102051e+02 7.2735498047e+02 7.2753002930e+02 7.2778802490e+02 7.2803497314e+02 7.2823699951e+02 7.2846801758e+02 7.2863299561e+02 7.2875598145e+02 7.2896801758e+02 7.2933300781e+02 7.2963000488e+02 7.2973199463e+02 7.2966900635e+02 7.2957299805e+02 7.2952197266e+02 7.2957397461e+02 7.2971997070e+02 7.2988598633e+02 7.3016101074e+02 7.3053802490e+02 7.3091497803e+02 7.3128399658e+02 7.3171801758e+02 7.3217901611e+02 7.3264001465e+02 7.3310900879e+02 7.3352697754e+02 7.3383599854e+02 7.3406896973e+02 7.3425598145e+02 7.3447998047e+02 7.3470098877e+02 7.3492700195e+02 7.3520001221e+02 7.3559698486e+02 7.3591497803e+02 7.3614599609e+02 7.3636102295e+02 7.3658801270e+02 7.3683197021e+02 7.3706799316e+02 7.3729302979e+02 7.3755297852e+02 7.3780603027e+02 7.3804498291e+02
7.2682897949e+02 7.2710400391e+02 7.2739300537e+02 7.2768798828e+02 7.2787500000e+02 7.2801300049e+02 7.2824200439e+02 7.2849200439e+02 7.2862902832e+02 7.2873400879e+02 7.2896600342e+02 7.2931201172e+02 7.2949798584e+02 7.2947302246e+02 7.2937597656e+02 7.2929302979e+02 7.2930999756e+02 7.2946301270e+02 7.2965301514e+02 7.2996899414e+02 7.3040899658e+02 7.3083697510e+02 7.3124298096e+02 7.3177899170e+02 7.3230200195e+02 7.3276202393e+02 7.3313098145e+02 7.3344799805e+02 7.3371197510e+02 7.3391198730e+02 7.3406896973e+02 7.3424499512e+02 7.3442602539e+02 7.3464398193e+02 7.3494000244e+02 7.3537200928e+02 7.3572802734e+02 7.3599298096e+02 7.3622998047e+02 7.3645800781e+02 7.3669000244e+02 7.3691497803e+02 7.3714202881e+02 7.3740399170e+02 7.3765197754e+02 7.3789202881e+02
7.2660601807e+02 7.2687500000e+02 7.2712097168e+02 7.2735498047e+02 7.2747497559e+02 7.2763098145e+02 7.2794299316e+02 7.2827899170e+02 7.2845397949e+02 7.2849102783e+02 7.2857000732e+02 7.2883898926e+02 7.2905200195e+02 7.2910198975e+02 7.2911700439e+02 7.2909399414e+02 7.2907897949e+02 7.2922998047e+02 7.2942602539e+02 7.2970501709e+02 7.3014898682e+02 7.3060198975e+02 7.3110699463e+02 7.3178100586e+02 7.3233502197e+02 7.3274902344e+02 7.3298199463e+02 7.3319201660e+02 7.3342199707e+02 7.3361401367e+02 7.3377197266e+02 7.3392199707e+02 7.3411102295e+02 7.3436901855e+02 7.3471398926e+02 7.3513800049e+02 7.3552398682e+02 7.3584997559e+02 7.3614398193e+02 7.3635400391e+02 7.3655902100e+02 7.3678002930e+02 7.3702502441e+02 7.3728100586e+02 7.3749298096e+02 7.3770501709e+02
7.2641198730e+02 7.2656597900e+02 7.2667700195e+02 7.2675201416e+02 7.2684802246e+02 7.2712701416e+02 7.2752502441e+02 7.2790100098e+02 7.2815600586e+02 7.2824102783e+02 7.2821997070e+02 7.2829901123e+02 7.2846502686e+02 7.2859899902e+02 7.2871099854e+02 7.2877099609e+02 7.2877899170e+02 7.2892297363e+02 7.2912200928e+02 7.2944097900e+02 7.2995001221e+02 7.3042797852e+02 7.3098297119e+02 7.3168402100e+02 7.3220001221e+02 7.3249102783e+02 7.3255603027e+02 7.3277099609e+02 7.3298901367e+02 7.3321398926e+02 7.3339898682e+02 7.3362799072e+02 7.3388397217e+02 7.3422900391e+02 7.3466802979e+02 7.3500000000e+02 7.3534802246e+02 7.3569702148e+02 7.3601501465e+02 7.3622900391e+02 7.3643902588e+02 7.3666101074e+02 7.3690899658e+02 7.3715100098e+02 7.3732397461e+02 7.3750402832e+02
7.2619799805e+02 7.2627801514e+02 7.2640600586e+02 7.2639501953e+02 7.2646197510e+02 7.2671899414e+02 7.2706500244e+02 7.2738299561e+02 7.2772497559e+02 7.2795397949e+02 7.2800799561e+02 7.2798999023e+02 7.2803002930e+02 7.2817797852e+02 7.2834600830e+02 7.2841497803e+02 7.2849902344e+02 7.2868902588e+02 7.2888299561e+02 7.2925598145e+02 7.2987701416e+02 7.3039099121e+02 7.3093597412e+02 7.3153100586e+02 7.3190600586e+02 7.3207501221e+02 7.3214099121e+02 7.3228900146e+02 7.3255102539e+02 7.3287902832e+02 7.3321002197e+02 7.3348498535e+02 7.3379498291e+02 7.3419702148e+02 7.3466900635e+02 7.3500097656e+02 7.3530499268e+02 7.3560699463e+02 7.3587097168e+02 7.3605999756e+02 7.3625402832e+02 7.3647399902e+02 7.3676702881e+02 7.3700500488e+02 7.3713500977e+02 7.3731201172e+02
7.2611499023e+02 7.2607397461e+02 7.2621002197e+02 7.2626702881e+02 7.2632299805e+02 7.2648101807e+02 7.2667797852e+02 7.2690997314e+02 7.2725097656e+02 7.2754199219e+02 7.2768298340e+02 7.2766198730e+02 7.2763897705e+02 7.2776800537e+02 7.2797900391e+02 7.2810198975e+02 7.2828302002e+02 7.2851300049e+02 7.2873400879e+02 7.2912799072e+02 7.2974902344e+02 7.3030401611e+02 7.3075598145e+02 7.3116998291e+02 7.3145202637e+02 7.3163000488e+02 7.3179901123e+02 7.3202099609e+02 7.3236602783e+02 7.3279302979e+02 7.3322302246e+02 7.3351300049e+02 7.3380499268e+02 7.3418902588e+02 7.3464599609e+02 7.3498602295e+02 7.3527301025e+02 7.3552697754e+02 7.3573999023e+02 7.3590802002e+02 7.3606799316e+02 7.3626000977e+02 7.3653802490e+02 7.3678698730e+02 7.3692199707e+02 7.3710302734e+02
7.2618103027e+02 7.2599200439e+02 7.2605999756e+02 7.2617498779e+02 7.2620898438e+02 7.2628399658e+02 7.2639801025e+02 7.2658001709e+02 7.2686297607e+02 7.2710900879e+02 7.2721697998e+02 7.2720001221e+02 7.2724298096e+02 7.2742901611e+02 7.2770599365e+02 7.2786999512e+02 7.2806799316e+02 7.2829400635e+02 7.2854101563e+02 7.2896301270e+02 7.2951702881e+02 7.3005102539e+02 7.3045098877e+02 7.3075799561e+02 7.3103900146e+02 7.3132000732e+02 7.3166198730e+02 7.3200701904e+02 7.3242199707e+02 7.3288897705e+02 7.3333898926e+02 7.3359002686e+02 7.3382397461e+02 7.3415502930e+02 7.3457598877e+02 7.3490600586e+02 7.3516802979e+02 7.3538000488e+02 7.3556097412e+02 7.3575000000e+02 7.3592401123e+02 7.3610198975e+02 7.3632702637e+02 7.3654101563e+02 7.3669500732e+02 7.3690197754e+02
7.2621002197e+02 7.2596801758e+02 7.2586999512e+02 7.2596997070e+02 7.2600299072e+02 7.2605200195e+02 7.2618103027e+02 7.2640301514e+02 7.2662597656e+02 7.2678802490e+02 7.2684497070e+02 7.2682800293e+02 7.2698101807e+02 7.2724798584e+02 7.2754998779e+02 7.2766101074e+02 7.2785498047e+02 7.2811102295e+02 7.2839099121e+02 7.2884600830e+02 7.2926501465e+02 7.2965802002e+02 7.3012097168e+02 7.3051599121e+02 7.3090698242e+02 7.3131799316e+02 7.3181500244e+02 7.3218298340e+02 7.3257299805e+02 7.3296502686e+02 7.3331402588e+02 7.3356500244e+02 7.3376898193e+02 7.3407000732e+02 7.3447698975e+02 7.3477301025e+02 7.3498699951e+02 7.3516101074e+02 7.3532501221e+02 7.3552899170e+02 7.3576000977e+02 7.3597497559e+02 7.3619201660e+02 7.3636700439e+02 7.3653601074e+02 7.3674700928e+02
7.2618798828e+02 7.2596697998e+02 7.2582501221e+02 7.2572998047e+02 7.2578002930e+02 7.2589202881e+02 7.2600299072e+02 7.2614202881e+02 7.2628802490e+02 7.2649700928e+02 7.2663397217e+02 7.2668298340e+02 7.2681402588e+02 7.2703601074e+02 7.2730700684e+02 7.2748101807e+02 7.2773602295e+02 7.2799200439e+02 7.2825097656e+02 7.2857098389e+02 7.2895300293e+02 7.2941400146e+02 7.2995898438e+02 7.3048602295e+02 7.3098400879e+02 7.3141601563e+02 7.3187799072e+02 7.3231402588e+02 7.3264202881e+02 7.3292901611e+02 7.3320898438e+02 7.3341601563e+02 7.3361401367e+02 7.3390502930e+02 7.3429998779e+02 7.3459698486e+02 7.3479101563e+02 7.3493902588e+02 7.3510400391e+02 7.3534399414e+02 7.3557598877e+02 7.3577600098e+02 7.3596197510e+02 7.3617901611e+02 7.3636297607e+02 7.3653601074e+02
7.2621997070e+02 7.2602301025e+02 7.2587500000e+02 7.2563702393e+02 7.2558801270e+02 7.2569097900e+02 7.2577697754e+02 7.2590197754e+02 7.2608099365e+02 7.2628601074e+02 7.2640502930e+02 7.2647802734e+02 7.2660198975e+02 7.2681799316e+02 7.2706201172e+02 7.2726599121e+02 7.2758001709e+02 7.2787298584e+02 7.2819396973e+02 7.2845697021e+02 7.2882702637e+02 7.2931500244e+02 7.2985302734e+02 7.3038299561e+02 7.3091400146e+02 7.3139697266e+02 7.3191198730e+02 7.3235998535e+02 7.3265997314e+02 7.3289202881e+02 7.3310900879e+02 7.3329302979e+02 7.3345898438e+02 7.3370001221e+02 7.3403100586e+02 7.3428900146e+02 7.3446899414e+02 7.3463397217e+02 7.3485498047e+02 7.3516400146e+02 7.3538598633e+02 7.3553900146e+02 7.3568597412e+02 7.3591400146e+02 7.3613897705e+02 7.3631597900e+02
7.2623797607e+02 7.2613000488e+02 7.2592797852e+02 7.2563201904e+02 7.2547601318e+02 7.2549902344e+02 7.2557800293e+02 7.2577600098e+02 7.2600097656e+02 7.2610699463e+02 7.2612701416e+02 7.2625000000e+02 7.2640802002e+02 7.2664001465e+02 7.2689001465e+02 7.2711102295e+02 7.2742901611e+02 7.2773498535e+02 7.2812402344e+02 7.2843402100e+02 7.2884100342e+02 7.2934301758e+02 7.2984600830e+02 7.3033099365e+02 7.3085797119e+02 7.3139398193e+02 7.3194396973e+02 7.3233197021e+02 7.3258398438e+02 7.3278302002e+02 7.3299401855e+02 7.3317498779e+02 7.3330297852e+02 7.3347302246e+02 7.3370898438e+02 7.3389898682e+02 7.3407000732e+02 7.3427600098e+02 7.3455603027e+02 7.3492401123e+02 7.3518798828e+02 7.3534997559e+02 7.3550299072e+02 7.3569500732e+02 7.3592102051e+02 7.3612200928e+02
