TESTSERVER/18/10.asc
NCOLS 100
NROWS 100
XLLCORNER 8.3997500000e+03
YLLCORNER 2.8945025000e+05
CELLSIZE 5.0000000000e-01
NODATA_VALUE -9.9990000000e+03
[rows 80 to 99 of 100, columns 0 to 45 of 100]
6.3573999023e+02 6.3578399658e+02 6.3584399414e+02 6.3590301514e+02 6.3597802734e+02 6.3594500732e+02 6.3574597168e+02 6.3542700195e+02 6.3513800049e+02 6.3486401367e+02 6.3448602295e+02 6.3419396973e+02 6.3408300781e+02 6.3413201904e+02 6.3436102295e+02 6.3477197266e+02 6.3489398193e+02 6.3489801025e+02 6.3495599365e+02 6.3497698975e+02 6.3503100586e+02 6.3510797119e+02 6.3519201660e+02 6.3525799561e+02 6.3534301758e+02 6.3542199707e+02 6.3548699951e+02 6.3554998779e+02 6.3564001465e+02 6.3574401855e+02 6.3584301758e+02 6.3594097900e+02 6.3606097412e+02 6.3618200684e+02 6.3624102783e+02 6.3632000732e+02 6.3640600586e+02 6.3649597168e+02 6.3659600830e+02 6.3668902588e+02 6.3679199219e+02 6.3690002441e+02 6.3699298096e+02 6.3709899902e+02 6.3722399902e+02 6.3734698486e+02
6.3569396973e+02 6.3573699951e+02 6.3580297852e+02 6.3588299561e+02 6.3588500977e+02 6.3571301270e+02 6.3546301270e+02 6.3516601563e+02 6.3481701660e+02 6.3448199463e+02 6.3421301270e+02 6.3406597900e+02 6.3411401367e+02 6.3431402588e+02 6.3461999512e+02 6.3481896973e+02 6.3481597900e+02 6.3482800293e+02 6.3492102051e+02 6.3497998047e+02 6.3502502441e+02 6.3507501221e+02 6.3514697266e+02 6.3522100830e+02 6.3531701660e+02 6.3539599609e+02 6.3546899414e+02 6.3555401611e+02 6.3565502930e+02 6.3574798584e+02 6.3584197998e+02 6.3593701172e+02 6.3605297852e+02 6.3616101074e+02 6.3621697998e+02 6.3631402588e+02 6.3640399170e+02 6.3647802734e+02 6.3656298828e+02 6.3666497803e+02 6.3675701904e+02 6.3685699463e+02 6.3696099854e+02 6.3706097412e+02 6.3717901611e+02 6.3730499268e+02
6.3564501953e+02 6.3570599365e+02 6.3577502441e+02 6.3579602051e+02 6.3567700195e+02 6.3542797852e+02 6.3520501709e+02 6.3489300537e+02 6.3446197510e+02 6.3413702393e+02 6.3402001953e+02 6.3398797607e+02 6.3417999268e+02 6.3449902344e+02 6.3471099854e+02 6.3474902344e+02 6.3474700928e+02 6.3477801514e+02 6.3487402344e+02 6.3494097900e+02 6.3500402832e+02 6.3506500244e+02 6.3513500977e+02 6.3519702148e+02 6.3528900146e+02 6.3537298584e+02 6.3545098877e+02 6.3553997803e+02 6.3563299561e+02 6.3571697998e+02 6.3582299805e+02 6.3591802979e+02 6.3601202393e+02 6.3611102295e+02 6.3619500732e+02 6.3629400635e+02 6.3638201904e+02 6.3646099854e+02 6.3654699707e+02 6.3664001465e+02 6.3672302246e+02 6.3682598877e+02 6.3693597412e+02 6.3702197266e+02 6.3712799072e+02 6.3725097656e+02
6.3561700439e+02 6.3568298340e+02 6.3570501709e+02 6.3560400391e+02 6.3538500977e+02 6.3516400146e+02 6.3502502441e+02 6.3465502930e+02 6.3421002197e+02 6.3396502686e+02 6.3397900391e+02 6.3402697754e+02 6.3429602051e+02 6.3459002686e+02 6.3467401123e+02 6.3468200684e+02 6.3471502686e+02 6.3475701904e+02 6.3483398438e+02 6.3489501953e+02 6.3496997070e+02 6.3504797363e+02 6.3511401367e+02 6.3516900635e+02 6.3525701904e+02 6.3534497070e+02 6.3542102051e+02 6.3550299072e+02 6.3559497070e+02 6.3569299316e+02 6.3580603027e+02 6.3591302490e+02 6.3600201416e+02 6.3608898926e+02 6.3617498779e+02 6.3626501465e+02 6.3634600830e+02 6.3643103027e+02 6.3652502441e+02 6.3660998535e+02 6.3669299316e+02 6.3679901123e+02 6.3690197754e+02 6.3698498535e+02 6.3708398438e+02 6.3720697021e+02
6.3558099365e+02 6.3561499023e+02 6.3555603027e+02 6.3535302734e+02 6.3512200928e+02 6.3500000000e+02 6.3497302246e+02 6.3458697510e+02 6.3410302734e+02 6.3389501953e+02 6.3397802734e+02 6.3415899658e+02 6.3446697998e+02 6.3464202881e+02 6.3463201904e+02 6.3464001465e+02 6.3466998291e+02 6.3470697021e+02 6.3475299072e+02 6.3484197998e+02 6.3492199707e+02 6.3498699951e+02 6.3504302979e+02 6.3512402344e+02 6.3522698975e+02 6.3531500244e+02 6.3538000488e+02 6.3544897461e+02 6.3555200195e+02 6.3567199707e+02 6.3578997803e+02 6.3590100098e+02 6.3598699951e+02 6.3606500244e+02 6.3614398193e+02 6.3624200439e+02 6.3632299805e+02 6.3639697266e+02 6.3647399902e+02 6.3656701660e+02 6.3665899658e+02 6.3677398682e+02 6.3686602783e+02 6.3695697021e+02 6.3705102539e+02 6.3716802979e+02
6.3556097412e+02 6.3553198242e+02 6.3534399414e+02 6.3511700439e+02 6.3491400146e+02 6.3490698242e+02 6.3491802979e+02 6.3462701416e+02 6.3409600830e+02 6.3394702148e+02 6.3421002197e+02 6.3442797852e+02 6.3455798340e+02 6.3458502197e+02 6.3458398438e+02 6.3460900879e+02 6.3464001465e+02 6.3469000244e+02 6.3472399902e+02 6.3480102539e+02 6.3488397217e+02 6.3494799805e+02 6.3502197266e+02 6.3509497070e+02 6.3518597412e+02 6.3527899170e+02 6.3536199951e+02 6.3543701172e+02 6.3554901123e+02 6.3566601563e+02 6.3576300049e+02 6.3586901855e+02 6.3595800781e+02 6.3605102539e+02 6.3612597656e+02 6.3621801758e+02 6.3629901123e+02 6.3637500000e+02 6.3645300293e+02 6.3654998779e+02 6.3664202881e+02 6.3675500488e+02 6.3684600830e+02 6.3693103027e+02 6.3702600098e+02 6.3714300537e+02
6.3546502686e+02 6.3534399414e+02 6.3508099365e+02 6.3482501221e+02 6.3449597168e+02 6.3435797119e+02 6.3433398438e+02 6.3415600586e+02 6.3395397949e+02 6.3410900879e+02 6.3442199707e+02 6.3449902344e+02 6.3452001953e+02 6.3452099609e+02 6.3454199219e+02 6.3457598877e+02 6.3462200928e+02 6.3467999268e+02 6.3471502686e+02 6.3478802490e+02 6.3485400391e+02 6.3491101074e+02 6.3499102783e+02 6.3506201172e+02 6.3514697266e+02 6.3524298096e+02 6.3534399414e+02 6.3543298340e+02 6.3553802490e+02 6.3565600586e+02 6.3574597168e+02 6.3585101318e+02 6.3593701172e+02 6.3602197266e+02 6.3609301758e+02 6.3619000244e+02 6.3627697754e+02 6.3637298584e+02 6.3646398926e+02 6.3655798340e+02 6.3663000488e+02 6.3672601318e+02 6.3681799316e+02 6.3691802979e+02 6.3702099609e+02 6.3712799072e+02
6.3527697754e+02 6.3507598877e+02 6.3482598877e+02 6.3449200439e+02 6.3396197510e+02 6.3363897705e+02 6.3363800049e+02 6.3363299561e+02 6.3385101318e+02 6.3426898193e+02 6.3448901367e+02 6.3445599365e+02 6.3445599365e+02 6.3446899414e+02 6.3449597168e+02 6.3453698730e+02 6.3459301758e+02 6.3465301514e+02 6.3469702148e+02 6.3476000977e+02 6.3482299805e+02 6.3488201904e+02 6.3495898438e+02 6.3503900146e+02 6.3513000488e+02 6.3522601318e+02 6.3533697510e+02 6.3543103027e+02 6.3551800537e+02 6.3563098145e+02 6.3572497559e+02 6.3582598877e+02 6.3590600586e+02 6.3598901367e+02 6.3607397461e+02 6.3618701172e+02 6.3625897217e+02 6.3635998535e+02 6.3645898438e+02 6.3655603027e+02 6.3662298584e+02 6.3671697998e+02 6.3680798340e+02 6.3690502930e+02 6.3700500488e+02 6.3709997559e+02
6.3506896973e+02 6.3487200928e+02 6.3467297363e+02 6.3416101074e+02 6.3362298584e+02 6.3342297363e+02 6.3360797119e+02 6.3371099854e+02 6.3406298828e+02 6.3440100098e+02 6.3450299072e+02 6.3446600342e+02 6.3440997314e+02 6.3440100098e+02 6.3445300293e+02 6.3449597168e+02 6.3455700684e+02 6.3462298584e+02 6.3468798828e+02 6.3473999023e+02 6.3480700684e+02 6.3487298584e+02 6.3494201660e+02 6.3502398682e+02 6.3511602783e+02 6.3521600342e+02 6.3531298828e+02 6.3542602539e+02 6.3550799561e+02 6.3560699463e+02 6.3570397949e+02 6.3578198242e+02 6.3588098145e+02 6.3597698975e+02 6.3605200195e+02 6.3616601563e+02 6.3625097656e+02 6.3634399414e+02 6.3642700195e+02 6.3652301025e+02 6.3659802246e+02 6.3669799805e+02 6.3679101563e+02 6.3687402344e+02 6.3696502686e+02 6.3706597900e+02
6.3492297363e+02 6.3475598145e+02 6.3452801514e+02 6.3394097900e+02 6.3349102783e+02 6.3342797852e+02 6.3370697021e+02 6.3400598145e+02 6.3426202393e+02 6.3442297363e+02 6.3443701172e+02 6.3441802979e+02 6.3438397217e+02 6.3437597656e+02 6.3439898682e+02 6.3443798828e+02 6.3451000977e+02 6.3459899902e+02 6.3466400146e+02 6.3471997070e+02 6.3477600098e+02 6.3484802246e+02 6.3492700195e+02 6.3501000977e+02 6.3510400391e+02 6.3519500732e+02 6.3528601074e+02 6.3538000488e+02 6.3547998047e+02 6.3558398438e+02 6.3567602539e+02 6.3575897217e+02 6.3586102295e+02 6.3596197510e+02 6.3604901123e+02 6.3614099121e+02 6.3623297119e+02 6.3632397461e+02 6.3640802002e+02 6.3649902344e+02 6.3658099365e+02 6.3668103027e+02 6.3676300049e+02 6.3684002686e+02 6.3693499756e+02 6.3704602051e+02
6.3473602295e+02 6.3456799316e+02 6.3428900146e+02 6.3373498535e+02 6.3339697266e+02 6.3342700195e+02 6.3375201416e+02 6.3406402588e+02 6.3427801514e+02 6.3437200928e+02 6.3435198975e+02 6.3433898926e+02 6.3434698486e+02 6.3435998535e+02 6.3438397217e+02 6.3442199707e+02 6.3448400879e+02 6.3458001709e+02 6.3465002441e+02 6.3470800781e+02 6.3476702881e+02 6.3483197021e+02 6.3492297363e+02 6.3499700928e+02 6.3509301758e+02 6.3518200684e+02 6.3526202393e+02 6.3533001709e+02 6.3542498779e+02 6.3553601074e+02 6.3564398193e+02 6.3574499512e+02 6.3583398438e+02 6.3592199707e+02 6.3601800537e+02 6.3611700439e+02 6.3620397949e+02 6.3629302979e+02 6.3638500977e+02 6.3648999023e+02 6.3657501221e+02 6.3666198730e+02 6.3673901367e+02 6.3682098389e+02 6.3690802002e+02 6.3701000977e+02
6.3450500488e+02 6.3431201172e+02 6.3398797607e+02 6.3354602051e+02 6.3337597656e+02 6.3351000977e+02 6.3380102539e+02 6.3405102539e+02 6.3423297119e+02 6.3430499268e+02 6.3428399658e+02 6.3426300049e+02 6.3428002930e+02 6.3430999756e+02 6.3435900879e+02 6.3439898682e+02 6.3446398926e+02 6.3456597900e+02 6.3464202881e+02 6.3470501709e+02 6.3477398682e+02 6.3482800293e+02 6.3491900635e+02 6.3497497559e+02 6.3506201172e+02 6.3515399170e+02 6.3523400879e+02 6.3530603027e+02 6.3539300537e+02 6.3549700928e+02 6.3561297607e+02 6.3572399902e+02 6.3580700684e+02 6.3588702393e+02 6.3598297119e+02 6.3608801270e+02 6.3617498779e+02 6.3627099609e+02 6.3635699463e+02 6.3646197510e+02 6.3654602051e+02 6.3663299561e+02 6.3672100830e+02 6.3680700684e+02 6.3689001465e+02 6.3698498535e+02
6.3435601807e+02 6.3408099365e+02 6.3369500732e+02 6.3339398193e+02 6.3338897705e+02 6.3360601807e+02 6.3385101318e+02 6.3405401611e+02 6.3420098877e+02 6.3425500488e+02 6.3422399902e+02 6.3421398926e+02 6.3423999023e+02 6.3427600098e+02 6.3433398438e+02 6.3437500000e+02 6.3444299316e+02 6.3453900146e+02 6.3462298584e+02 6.3468298340e+02 6.3475799561e+02 6.3482098389e+02 6.3489001465e+02 6.3494000244e+02 6.3501702881e+02 6.3511401367e+02 6.3521099854e+02 6.3529602051e+02 6.3537597656e+02 6.3547198486e+02 6.3558001709e+02 6.3568402100e+02 6.3577001953e+02 6.3585900879e+02 6.3595599365e+02 6.3605102539e+02 6.3614501953e+02 6.3623901367e+02 6.3633599854e+02 6.3644201660e+02 6.3652301025e+02 6.3661401367e+02 6.3669500732e+02 6.3678497314e+02 6.3687799072e+02 6.3696899414e+02
6.3420697021e+02 6.3387097168e+02 6.3347100830e+02 6.3327001953e+02 6.3337597656e+02 6.3365698242e+02 6.3391699219e+02 6.3408300781e+02 6.3416699219e+02 6.3418200684e+02 6.3418200684e+02 6.3417901611e+02 6.3420697021e+02 6.3424200439e+02 6.3429901123e+02 6.3435601807e+02 6.3442297363e+02 6.3451000977e+02 6.3459002686e+02 6.3464697266e+02 6.3472601318e+02 6.3480200195e+02 6.3486798096e+02 6.3493103027e+02 6.3499902344e+02 6.3509600830e+02 6.3519500732e+02 6.3528497314e+02 6.3536499023e+02 6.3545300293e+02 6.3555401611e+02 6.3563897705e+02 6.3572998047e+02 6.3583197021e+02 6.3591302490e+02 6.3600299072e+02 6.3610900879e+02 6.3619598389e+02 6.3628497314e+02 6.3638201904e+02 6.3649102783e+02 6.3659197998e+02 6.3666601563e+02 6.3675201416e+02 6.3683599854e+02 6.3692700195e+02
6.3391400146e+02 6.3360198975e+02 6.3328002930e+02 6.3322198486e+02 6.3342999268e+02 6.3373901367e+02 6.3399200439e+02 6.3410998535e+02 6.3412799072e+02 6.3411602783e+02 6.3413500977e+02 6.3414599609e+02 6.3416802979e+02 6.3419598389e+02 6.3425299072e+02 6.3433099365e+02 6.3440100098e+02 6.3447900391e+02 6.3455798340e+02 6.3462097168e+02 6.3469598389e+02 6.3477197266e+02 6.3484698486e+02 6.3491400146e+02 6.3497900391e+02 6.3507202148e+02 6.3516802979e+02 6.3526098633e+02 6.3534100342e+02 6.3542797852e+02 6.3552600098e+02 6.3559899902e+02 6.3569500732e+02 6.3580297852e+02 6.3587500000e+02 6.3597198486e+02 6.3609399414e+02 6.3619000244e+02 6.3626300049e+02 6.3635101318e+02 6.3645001221e+02 6.3654699707e+02 6.3662799072e+02 6.3670800781e+02 6.3678997803e+02 6.3689398193e+02
6.3351501465e+02 6.3329602051e+02 6.3315002441e+02 6.3327801514e+02 6.3355999756e+02 6.3384399414e+02 6.3403802490e+02 6.3409997559e+02 6.3408898926e+02 6.3407397461e+02 6.3408197021e+02 6.3410900879e+02 6.3415100098e+02 6.3418798828e+02 6.3424298096e+02 6.3431799316e+02 6.3438800049e+02 6.3445800781e+02 6.3452697754e+02 6.3460198975e+02 6.3466900635e+02 6.3473901367e+02 6.3481701660e+02 6.3488598633e+02 6.3496899414e+02 6.3507000732e+02 6.3515399170e+02 6.3524200439e+02 6.3532501221e+02 6.3540802002e+02 6.3549102783e+02 6.3556597900e+02 6.3567102051e+02 6.3577398682e+02 6.3584698486e+02 6.3594897461e+02 6.3605603027e+02 6.3615698242e+02 6.3622998047e+02 6.3632397461e+02 6.3641101074e+02 6.3650500488e+02 6.3658599854e+02 6.3666998291e+02 6.3675598145e+02 6.3686499023e+02
6.3299200439e+02 6.3300201416e+02 6.3311700439e+02 6.3342797852e+02 6.3373297119e+02 6.3393103027e+02 6.3401397705e+02 6.3404602051e+02 6.3404302979e+02 6.3404199219e+02 6.3404400635e+02 6.3408502197e+02 6.3413500977e+02 6.3418499756e+02 6.3426501465e+02 6.3429602051e+02 6.3436199951e+02 6.3442498779e+02 6.3448199463e+02 6.3456799316e+02 6.3463500977e+02 6.3470202637e+02 6.3477600098e+02 6.3486297607e+02 6.3496197510e+02 6.3504797363e+02 6.3512597656e+02 6.3521502686e+02 6.3530102539e+02 6.3537701416e+02 6.3544598389e+02 6.3554699707e+02 6.3564599609e+02 6.3573498535e+02 6.3582299805e+02 6.3593103027e+02 6.3601599121e+02 6.3611199951e+02 6.3618902588e+02 6.3627600098e+02 6.3637799072e+02 6.3647100830e+02 6.3655297852e+02 6.3665301514e+02 6.3674597168e+02 6.3684100342e+02
6.3269799805e+02 6.3320800781e+02 6.3358898926e+02 6.3365997314e+02 6.3381799316e+02 6.3394201660e+02 6.3397900391e+02 6.3398999023e+02 6.3400299072e+02 6.3401202393e+02 6.3403002930e+02 6.3407897949e+02 6.3412902832e+02 6.3417498779e+02 6.3424798584e+02 6.3427502441e+02 6.3433801270e+02 6.3440997314e+02 6.3447998047e+02 6.3454901123e+02 6.3459899902e+02 6.3466198730e+02 6.3475097656e+02 6.3484301758e+02 6.3493701172e+02 6.3501800537e+02 6.3509301758e+02 6.3516101074e+02 6.3524597168e+02 6.3533697510e+02 6.3544201660e+02 6.3554199219e+02 6.3561499023e+02 6.3570098877e+02 6.3580401611e+02 6.3591302490e+02 6.3598101807e+02 6.3607098389e+02 6.3614599609e+02 6.3621997070e+02 6.3634100342e+02 6.3645397949e+02 6.3653601074e+02 6.3663500977e+02 6.3671697998e+02 6.3680102539e+02
6.3278497314e+02 6.3344702148e+02 6.3388201904e+02 6.3380297852e+02 6.3384002686e+02 6.3390802002e+02 6.3392602539e+02 6.3393402100e+02 6.3395202637e+02 6.3396997070e+02 6.3400799561e+02 6.3406097412e+02 6.3411901855e+02 6.3415997314e+02 6.3421398926e+02 6.3425201416e+02 6.3431500244e+02 6.3439801025e+02 6.3447601318e+02 6.3452600098e+02 6.3457000732e+02 6.3462902832e+02 6.3471697998e+02 6.3480401611e+02 6.3489202881e+02 6.3497302246e+02 6.3505297852e+02 6.3512597656e+02 6.3521697998e+02 6.3531201172e+02 6.3541497803e+02 6.3550402832e+02 6.3558300781e+02 6.3567297363e+02 6.3577197266e+02 6.3586798096e+02 6.3593597412e+02 6.3601702881e+02 6.3609002686e+02 6.3618597412e+02 6.3631597900e+02 6.3644299316e+02 6.3650799561e+02 6.3659002686e+02 6.3667901611e+02 6.3676800537e+02
6.3302801514e+02 6.3349102783e+02 6.3373498535e+02 6.3374700928e+02 6.3383099365e+02 6.3388598633e+02 6.3389599609e+02 6.3390197754e+02 6.3391998291e+02 6.3394201660e+02 6.3399499512e+02 6.3404602051e+02 6.3410498047e+02 6.3414599609e+02 6.3419299316e+02 6.3424102783e+02 6.3429998779e+02 6.3438500977e+02 6.3446502686e+02 6.3450201416e+02 6.3455200195e+02 6.3461297607e+02 6.3470397949e+02 6.3478198242e+02 6.3487097168e+02 6.3495599365e+02 6.3503802490e+02 6.3511700439e+02 6.3519897461e+02 6.3528100586e+02 6.3538000488e+02 6.3546002197e+02 6.3555603027e+02 6.3565301514e+02 6.3573602295e+02 6.3582098389e+02 6.3590899658e+02 6.3600201416e+02 6.3608197021e+02 6.3618701172e+02 6.3630297852e+02 6.3641497803e+02 6.3648297119e+02 6.3657000732e+02 6.3666400146e+02 6.3675000000e+02
