TESTSERVER/18/10.asc
NCOLS 100
NROWS 100
XLLCORNER 8.3997500000e+03
YLLCORNER 2.8945025000e+05
CELLSIZE 5.0000000000e-01
NODATA_VALUE -9.9990000000e+03
[rows 20 to 39 of 100, columns 46 to 91 of 100]
6.4041302490e+02 6.4041900635e+02 6.4039300537e+02 6.4037799072e+02 6.4035998535e+02 6.4032098389e+02 6.4027301025e+02 6.4019097900e+02 6.4017199707e+02 6.4018103027e+02 6.4016497803e+02 6.4024102783e+02 6.4029101563e+02 6.4033898926e+02 6.4036297607e+02 6.4037500000e+02 6.4038397217e+02 6.4040002441e+02 6.4043200684e+02 6.4046697998e+02 6.4049902344e+02 6.4054400635e+02 6.4059100342e+02 6.4062799072e+02 6.4066699219e+02 6.4072399902e+02 6.4079998779e+02 6.4083502197e+02 6.4091802979e+02 6.4098901367e+02 6.4103302002e+02 6.4113897705e+02 6.4123101807e+02 6.4131201172e+02 6.4135198975e+02 6.4140197754e+02 6.4143298340e+02 6.4149700928e+02 6.4157598877e+02 6.4159802246e+02 6.4165802002e+02 6.4177301025e+02 6.4186401367e+02 6.4188397217e+02 6.4183197021e+02 6.4184002686e+02
6.4037799072e+02 6.4037200928e+02 6.4034197998e+02 6.4034197998e+02 6.4033398438e+02 6.4028997803e+02 6.4023901367e+02 6.4017199707e+02 6.4014801025e+02 6.4013397217e+02 6.4009997559e+02 6.4014300537e+02 6.4017797852e+02 6.4022302246e+02 6.4024597168e+02 6.4026702881e+02 6.4028100586e+02 6.4029302979e+02 6.4032299805e+02 6.4035302734e+02 6.4038598633e+02 6.4041198730e+02 6.4042297363e+02 6.4046899414e+02 6.4051300049e+02 6.4055700684e+02 6.4060699463e+02 6.4063201904e+02 6.4069500732e+02 6.4076898193e+02 6.4085998535e+02 6.4093701172e+02 6.4101300049e+02 6.4110601807e+02 6.4116601563e+02 6.4119299316e+02 6.4121002197e+02 6.4125402832e+02 6.4135198975e+02 6.4142199707e+02 6.4144897461e+02 6.4149401855e+02 6.4158502197e+02 6.4169500732e+02 6.4171801758e+02 6.4175201416e+02
6.4034197998e+02 6.4034399414e+02 6.4032299805e+02 6.4030902100e+02 6.4030401611e+02 6.4026800537e+02 6.4022802734e+02 6.4019500732e+02 6.4017199707e+02 6.4013598633e+02 6.4007299805e+02 6.4007897949e+02 6.4010101318e+02 6.4014501953e+02 6.4015698242e+02 6.4016900635e+02 6.4018298340e+02 6.4019000244e+02 6.4021301270e+02 6.4024597168e+02 6.4028698730e+02 6.4032000732e+02 6.4031701660e+02 6.4035302734e+02 6.4038000488e+02 6.4040698242e+02 6.4045397949e+02 6.4049102783e+02 6.4055700684e+02 6.4061297607e+02 6.4070697021e+02 6.4075299072e+02 6.4082897949e+02 6.4090899658e+02 6.4094500732e+02 6.4097802734e+02 6.4103497314e+02 6.4112402344e+02 6.4122601318e+02 6.4129797363e+02 6.4135998535e+02 6.4141802979e+02 6.4145898438e+02 6.4154602051e+02 6.4163098145e+02 6.4170800781e+02
6.4030499268e+02 6.4030499268e+02 6.4028802490e+02 6.4027001953e+02 6.4026098633e+02 6.4023602295e+02 6.4021600342e+02 6.4019500732e+02 6.4016802979e+02 6.4012200928e+02 6.4004498291e+02 6.4003399658e+02 6.4004400635e+02 6.4007397461e+02 6.4009399414e+02 6.4009899902e+02 6.4010198975e+02 6.4010699463e+02 6.4011602783e+02 6.4014202881e+02 6.4017999268e+02 6.4022497559e+02 6.4024798584e+02 6.4028302002e+02 6.4031298828e+02 6.4034399414e+02 6.4039898682e+02 6.4045599365e+02 6.4052301025e+02 6.4054101563e+02 6.4060998535e+02 6.4066497803e+02 6.4076000977e+02 6.4083300781e+02 6.4087200928e+02 6.4093597412e+02 6.4101898193e+02 6.4111401367e+02 6.4119799805e+02 6.4127001953e+02 6.4131597900e+02 6.4139099121e+02 6.4144598389e+02 6.4151501465e+02 6.4159997559e+02 6.4165899658e+02
6.4026800537e+02 6.4025701904e+02 6.4025201416e+02 6.4023199463e+02 6.4021301270e+02 6.4019000244e+02 6.4019598389e+02 6.4017498779e+02 6.4014202881e+02 6.4009600830e+02 6.4001800537e+02 6.4000299072e+02 6.3999298096e+02 6.3999200439e+02 6.4002899170e+02 6.4001300049e+02 6.4002697754e+02 6.4005700684e+02 6.4007299805e+02 6.4010900879e+02 6.4012799072e+02 6.4016302490e+02 6.4021002197e+02 6.4024298096e+02 6.4028399658e+02 6.4032598877e+02 6.4036297607e+02 6.4040197754e+02 6.4045001221e+02 6.4047601318e+02 6.4054400635e+02 6.4060302734e+02 6.4067797852e+02 6.4074200439e+02 6.4079199219e+02 6.4087799072e+02 6.4096197510e+02 6.4105297852e+02 6.4113201904e+02 6.4119000244e+02 6.4123199463e+02 6.4130297852e+02 6.4140600586e+02 6.4144097900e+02 6.4148602295e+02 6.4153997803e+02
6.4024298096e+02 6.4022601318e+02 6.4020098877e+02 6.4018103027e+02 6.4017797852e+02 6.4016400146e+02 6.4016699219e+02 6.4014001465e+02 6.4011499023e+02 6.4009002686e+02 6.4002398682e+02 6.3998400879e+02 6.3993499756e+02 6.3992297363e+02 6.3995098877e+02 6.3995300293e+02 6.3997601318e+02 6.4000299072e+02 6.4004199219e+02 6.4008898926e+02 6.4010198975e+02 6.4014599609e+02 6.4018597412e+02 6.4021197510e+02 6.4023199463e+02 6.4027697754e+02 6.4031896973e+02 6.4034600830e+02 6.4040100098e+02 6.4044299316e+02 6.4053002930e+02 6.4060601807e+02 6.4067199707e+02 6.4072198486e+02 6.4076599121e+02 6.4086499023e+02 6.4091101074e+02 6.4095397949e+02 6.4103497314e+02 6.4108599854e+02 6.4113800049e+02 6.4121899414e+02 6.4132702637e+02 6.4140301514e+02 6.4145599365e+02 6.4149102783e+02
6.4020001221e+02 6.4019000244e+02 6.4016802979e+02 6.4014300537e+02 6.4013702393e+02 6.4013000488e+02 6.4013800049e+02 6.4012701416e+02 6.4009002686e+02 6.4003601074e+02 6.3998901367e+02 6.3996002197e+02 6.3991497803e+02 6.3990997314e+02 6.3991302490e+02 6.3991497803e+02 6.3992401123e+02 6.3994396973e+02 6.4001098633e+02 6.4007397461e+02 6.4007299805e+02 6.4011102295e+02 6.4013897705e+02 6.4016900635e+02 6.4019702148e+02 6.4024499512e+02 6.4030499268e+02 6.4034899902e+02 6.4041198730e+02 6.4044299316e+02 6.4047100830e+02 6.4051300049e+02 6.4053900146e+02 6.4055499268e+02 6.4057800293e+02 6.4071099854e+02 6.4078900146e+02 6.4087097168e+02 6.4095300293e+02 6.4098999023e+02 6.4104602051e+02 6.4113098145e+02 6.4123498535e+02 6.4134399414e+02 6.4141497803e+02 6.4144897461e+02
6.4015502930e+02 6.4014300537e+02 6.4012298584e+02 6.4011798096e+02 6.4011499023e+02 6.4010699463e+02 6.4010302734e+02 6.4009399414e+02 6.4007702637e+02 6.4002502441e+02 6.3998797607e+02 6.3998199463e+02 6.3993103027e+02 6.3990100098e+02 6.3989001465e+02 6.3988299561e+02 6.3986798096e+02 6.3988500977e+02 6.3996600342e+02 6.4004199219e+02 6.4003900146e+02 6.4007897949e+02 6.4011102295e+02 6.4014501953e+02 6.4018402100e+02 6.4023602295e+02 6.4031097412e+02 6.4025701904e+02 6.4020697021e+02 6.4015698242e+02 6.4007598877e+02 6.3997100830e+02 6.3997302246e+02 6.4002301025e+02 6.4008599854e+02 6.4017199707e+02 6.4030200195e+02 6.4052697754e+02 6.4072601318e+02 6.4086199951e+02 6.4101202393e+02 6.4113098145e+02 6.4117602539e+02 6.4127197266e+02 6.4134997559e+02 6.4140197754e+02
6.4010498047e+02 6.4009997559e+02 6.4008398438e+02 6.4007397461e+02 6.4007702637e+02 6.4007501221e+02 6.4007098389e+02 6.4005200195e+02 6.4005499268e+02 6.4003497314e+02 6.4000299072e+02 6.3999102783e+02 6.3994201660e+02 6.3990899658e+02 6.3988500977e+02 6.3986999512e+02 6.3983001709e+02 6.3984100342e+02 6.3993402100e+02 6.3998797607e+02 6.4002398682e+02 6.4008001709e+02 6.4011499023e+02 6.4015899658e+02 6.4020397949e+02 6.4025000000e+02 6.4021197510e+02 6.3992700195e+02 6.3971398926e+02 6.3962298584e+02 6.3962597656e+02 6.3951300049e+02 6.3953302002e+02 6.3963500977e+02 6.3971398926e+02 6.3970898438e+02 6.3979901123e+02 6.4001000977e+02 6.4021002197e+02 6.4053698730e+02 6.4069598389e+02 6.4085699463e+02 6.4100097656e+02 6.4121697998e+02 6.4137597656e+02 6.4146600342e+02
6.4007299805e+02 6.4006896973e+02 6.4005499268e+02 6.4003802490e+02 6.4004302979e+02 6.4005102539e+02 6.4003900146e+02 6.4002899170e+02 6.4003497314e+02 6.4002398682e+02 6.4000097656e+02 6.3998901367e+02 6.3995397949e+02 6.3994299316e+02 6.3990802002e+02 6.3989300537e+02 6.3984197998e+02 6.3983801270e+02 6.3987799072e+02 6.3993103027e+02 6.4000598145e+02 6.4008502197e+02 6.4012500000e+02 6.4015899658e+02 6.4005401611e+02 6.3993200684e+02 6.3976300049e+02 6.3956402588e+02 6.3948400879e+02 6.3949102783e+02 6.3950799561e+02 6.3941198730e+02 6.3951599121e+02 6.3965698242e+02 6.3973797607e+02 6.3970800781e+02 6.3976300049e+02 6.3993402100e+02 6.4012500000e+02 6.4015802002e+02 6.4012500000e+02 6.4033898926e+02 6.4095202637e+02 6.4157202148e+02 6.4180603027e+02 6.4179498291e+02
6.4002398682e+02 6.4001702881e+02 6.4002001953e+02 6.4001702881e+02 6.4002600098e+02 6.4002801514e+02 6.4001397705e+02 6.4000897217e+02 6.4001202393e+02 6.4000402832e+02 6.3999401855e+02 6.4000097656e+02 6.3997198486e+02 6.3998602295e+02 6.3996197510e+02 6.3991198730e+02 6.3984899902e+02 6.3983398438e+02 6.3984399414e+02 6.3991802979e+02 6.4000000000e+02 6.3999700928e+02 6.3987200928e+02 6.3973101807e+02 6.3952600098e+02 6.3942602539e+02 6.3939801025e+02 6.3938299561e+02 6.3941802979e+02 6.3948498535e+02 6.3956097412e+02 6.3963897705e+02 6.3993402100e+02 6.4017199707e+02 6.4012097168e+02 6.3997302246e+02 6.4000598145e+02 6.4018200684e+02 6.4036999512e+02 6.4016198730e+02 6.3988598633e+02 6.4007299805e+02 6.4100097656e+02 6.4192901611e+02 6.4215197754e+02 6.4205603027e+02
6.3996398926e+02 6.3997100830e+02 6.3999200439e+02 6.3998797607e+02 6.3999700928e+02 6.3999401855e+02 6.3998297119e+02 6.3998297119e+02 6.3999298096e+02 6.3998699951e+02 6.3996600342e+02 6.3999597168e+02 6.3998602295e+02 6.4001898193e+02 6.4002099609e+02 6.3994097900e+02 6.3988897705e+02 6.3986798096e+02 6.3983001709e+02 6.3981896973e+02 6.3970599365e+02 6.3948498535e+02 6.3926501465e+02 6.3916497803e+02 6.3915399170e+02 6.3926599121e+02 6.3932897949e+02 6.3938800049e+02 6.3953497314e+02 6.3970697021e+02 6.3991497803e+02 6.4016302490e+02 6.4047100830e+02 6.4067999268e+02 6.4058197021e+02 6.4041601563e+02 6.4044299316e+02 6.4061499023e+02 6.4084899902e+02 6.4061297607e+02 6.4019799805e+02 6.4029998779e+02 6.4119897461e+02 6.4197497559e+02 6.4209497070e+02 6.4200299072e+02
6.3992199707e+02 6.3993798828e+02 6.3996600342e+02 6.3996899414e+02 6.3997302246e+02 6.3997698975e+02 6.3996502686e+02 6.3994799805e+02 6.3996002197e+02 6.3996398926e+02 6.3996697998e+02 6.3997399902e+02 6.4001000977e+02 6.4004302979e+02 6.4007598877e+02 6.3997302246e+02 6.3984497070e+02 6.3968402100e+02 6.3952301025e+02 6.3939300537e+02 6.3908300781e+02 6.3888000488e+02 6.3893902588e+02 6.3909002686e+02 6.3919000244e+02 6.3925799561e+02 6.3924298096e+02 6.3946197510e+02 6.3982000732e+02 6.4014398193e+02 6.4036102295e+02 6.4052600098e+02 6.4060498047e+02 6.4066302490e+02 6.4071600342e+02 6.4084100342e+02 6.4093902588e+02 6.4107897949e+02 6.4123901367e+02 6.4121398926e+02 6.4096600342e+02 6.4111199951e+02 6.4198797607e+02 6.4216601563e+02 6.4208898926e+02 6.4199902344e+02
6.3993402100e+02 6.3994598389e+02 6.3995300293e+02 6.3995001221e+02 6.3994702148e+02 6.3994702148e+02 6.3996600342e+02 6.3999597168e+02 6.4003900146e+02 6.4006597900e+02 6.4005902100e+02 6.4001397705e+02 6.3989697266e+02 6.3977001953e+02 6.3961199951e+02 6.3945501709e+02 6.3925598145e+02 6.3903997803e+02 6.3884100342e+02 6.3874102783e+02 6.3872100830e+02 6.3872698975e+02 6.3886901855e+02 6.3906701660e+02 6.3922399902e+02 6.3941302490e+02 6.3959301758e+02 6.3988897705e+02 6.4022802734e+02 6.4040399170e+02 6.4047497559e+02 6.4055999756e+02 6.4061297607e+02 6.4067498779e+02 6.4080102539e+02 6.4099499512e+02 6.4116900635e+02 6.4128802490e+02 6.4129901123e+02 6.4126501465e+02 6.4123699951e+02 6.4138702393e+02 6.4175598145e+02 6.4200701904e+02 6.4216101074e+02 6.4222302246e+02
6.3993200684e+02 6.3994000244e+02 6.3995098877e+02 6.3993298340e+02 6.3992199707e+02 6.3993200684e+02 6.3998101807e+02 6.3999798584e+02 6.3996697998e+02 6.3990698242e+02 6.3977099609e+02 6.3957397461e+02 6.3929699707e+02 6.3904498291e+02 6.3883197021e+02 6.3870898438e+02 6.3857202148e+02 6.3843902588e+02 6.3836401367e+02 6.3840600586e+02 6.3855499268e+02 6.3867901611e+02 6.3890698242e+02 6.3928100586e+02 6.3962097168e+02 6.3991998291e+02 6.4011700439e+02 6.4028900146e+02 6.4041497803e+02 6.4045501709e+02 6.4051898193e+02 6.4059399414e+02 6.4064898682e+02 6.4073699951e+02 6.4086999512e+02 6.4104699707e+02 6.4120397949e+02 6.4129101563e+02 6.4127697754e+02 6.4123199463e+02 6.4122399902e+02 6.4122302246e+02 6.4130200195e+02 6.4151599121e+02 6.4174798584e+02 6.4190502930e+02
6.3983001709e+02 6.3985797119e+02 6.3992102051e+02 6.3996099854e+02 6.3996398926e+02 6.3996398926e+02 6.3987200928e+02 6.3967102051e+02 6.3949798584e+02 6.3933801270e+02 6.3909100342e+02 6.3879699707e+02 6.3851501465e+02 6.3832598877e+02 6.3824200439e+02 6.3827502441e+02 6.3827001953e+02 6.3822802734e+02 6.3823699951e+02 6.3835797119e+02 6.3860101318e+02 6.3890997314e+02 6.3936102295e+02 6.3985198975e+02 6.4013299561e+02 6.4028900146e+02 6.4034802246e+02 6.4038098145e+02 6.4043200684e+02 6.4046899414e+02 6.4055603027e+02 6.4063098145e+02 6.4069396973e+02 6.4079498291e+02 6.4092401123e+02 6.4106799316e+02 6.4119299316e+02 6.4125500488e+02 6.4125598145e+02 6.4124798584e+02 6.4125799561e+02 6.4124902344e+02 6.4122100830e+02 6.4120001221e+02 6.4125598145e+02 6.4135498047e+02
6.3966900635e+02 6.3970599365e+02 6.3969799805e+02 6.3968902588e+02 6.3964599609e+02 6.3952600098e+02 6.3914202881e+02 6.3889501953e+02 6.3864898682e+02 6.3853399658e+02 6.3830902100e+02 6.3817602539e+02 6.3816497803e+02 6.3827099609e+02 6.3855499268e+02 6.3865100098e+02 6.3884802246e+02 6.3865197754e+02 6.3853997803e+02 6.3879400635e+02 6.3927600098e+02 6.3973199463e+02 6.4008898926e+02 6.4025201416e+02 6.4028601074e+02 6.4030297852e+02 6.4033898926e+02 6.4038397217e+02 6.4045800781e+02 6.4051098633e+02 6.4058599854e+02 6.4068402100e+02 6.4077197266e+02 6.4086999512e+02 6.4098602295e+02 6.4109802246e+02 6.4119097900e+02 6.4124597168e+02 6.4126202393e+02 6.4125299072e+02 6.4125097656e+02 6.4126300049e+02 6.4126800537e+02 6.4126702881e+02 6.4125402832e+02 6.4125799561e+02
6.3936297607e+02 6.3916497803e+02 6.3890997314e+02 6.3878900146e+02 6.3870300293e+02 6.3857897949e+02 6.3840997314e+02 6.3834997559e+02 6.3833197021e+02 6.3841302490e+02 6.3847198486e+02 6.3860198975e+02 6.3881896973e+02 6.3910900879e+02 6.3942498779e+02 6.3964001465e+02 6.3976098633e+02 6.3958001709e+02 6.3938201904e+02 6.3951300049e+02 6.3986297607e+02 6.4019299316e+02 6.4027001953e+02 6.4027398682e+02 6.4029602051e+02 6.4033898926e+02 6.4039300537e+02 6.4043902588e+02 6.4051000977e+02 6.4054998779e+02 6.4064501953e+02 6.4080603027e+02 6.4092797852e+02 6.4101599121e+02 6.4109802246e+02 6.4117401123e+02 6.4122802734e+02 6.4125598145e+02 6.4125799561e+02 6.4125201416e+02 6.4125201416e+02 6.4126300049e+02 6.4128497314e+02 6.4128497314e+02 6.4128002930e+02 6.4128802490e+02
6.3867901611e+02 6.3829498291e+02 6.3813800049e+02 6.3813098145e+02 6.3810797119e+02 6.3811401367e+02 6.3819000244e+02 6.3840600586e+02 6.3862500000e+02 6.3890997314e+02 6.3914501953e+02 6.3941497803e+02 6.3960900879e+02 6.3982397461e+02 6.4000799561e+02 6.4009100342e+02 6.4011297607e+02 6.4004101563e+02 6.3995397949e+02 6.3992901611e+02 6.4005700684e+02 6.4019897461e+02 6.4023901367e+02 6.4028198242e+02 6.4030999756e+02 6.4037500000e+02 6.4043902588e+02 6.4046899414e+02 6.4051898193e+02 6.4057702637e+02 6.4076300049e+02 6.4096997070e+02 6.4109301758e+02 6.4115301514e+02 6.4119500732e+02 6.4123101807e+02 6.4125201416e+02 6.4126202393e+02 6.4126397705e+02 6.4126702881e+02 6.4127398682e+02 6.4128802490e+02 6.4130902100e+02 6.4130798340e+02 6.4130297852e+02 6.4131597900e+02
6.3798999023e+02 6.3777801514e+02 6.3780200195e+02 6.3786297607e+02 6.3795898438e+02 6.3815802002e+02 6.3847601318e+02 6.3887500000e+02 6.3925097656e+02 6.3958801270e+02 6.3978900146e+02 6.3996398926e+02 6.4001501465e+02 6.4006701660e+02 6.4008099365e+02 6.4002899170e+02 6.4003198242e+02 6.4004602051e+02 6.4007397461e+02 6.4007702637e+02 6.4015002441e+02 6.4021197510e+02 6.4025299072e+02 6.4031402588e+02 6.4034197998e+02 6.4039898682e+02 6.4045202637e+02 6.4047802734e+02 6.4053601074e+02 6.4068597412e+02 6.4095202637e+02 6.4113299561e+02 6.4121301270e+02 6.4123602295e+02 6.4124902344e+02 6.4125500488e+02 6.4125799561e+02 6.4126702881e+02 6.4127899170e+02 6.4129400635e+02 6.4130700684e+02 6.4131597900e+02 6.4132702637e+02 6.4132501221e+02 6.4132397461e+02 6.4134802246e+02
