TESTSERVER/18/11.asc
NCOLS 100
NROWS 100
XLLCORNER 8.3997500000e+03
YLLCORNER 2.8940025000e+05
CELLSIZE 5.0000000000e-01
NODATA_VALUE -9.9990000000e+03
[rows 0 to 19 of 100, columns 0 to 45 of 100]
6.3334802246e+02 6.3348199463e+02 6.3361499023e+02 6.3371600342e+02 6.3380603027e+02 6.3384899902e+02 6.3386199951e+02 6.3386102295e+02 6.3390002441e+02 6.3392401123e+02 6.3393402100e+02 6.3400799561e+02 6.3406402588e+02 6.3411999512e+02 6.3417498779e+02 6.3422399902e+02 6.3428399658e+02 6.3437597656e+02 6.3443798828e+02 6.3447900391e+02 6.3453497314e+02 6.3459497070e+02 6.3470800781e+02 6.3476800537e+02 6.3483801270e+02 6.3492700195e+02 6.3503601074e+02 6.3510101318e+02 6.3516998291e+02 6.3524902344e+02 6.3534698486e+02 6.3543499756e+02 6.3554498291e+02 6.3564398193e+02 6.3571997070e+02 6.3580902100e+02 6.3590399170e+02 6.3600402832e+02 6.3609100342e+02 6.3617901611e+02 6.3629101563e+02 6.3638598633e+02 6.3646398926e+02 6.3654498291e+02 6.3663098145e+02 6.3672601318e+02
6.3352197266e+02 6.3358398438e+02 6.3364697266e+02 6.3368798828e+02 6.3374102783e+02 6.3378399658e+02 6.3382598877e+02 6.3383502197e+02 6.3385998535e+02 6.3389202881e+02 6.3390997314e+02 6.3399200439e+02 6.3404498291e+02 6.3409197998e+02 6.3414001465e+02 6.3421197510e+02 6.3428900146e+02 6.3434997559e+02 6.3438299561e+02 6.3442297363e+02 6.3450402832e+02 6.3458099365e+02 6.3467797852e+02 6.3474401855e+02 6.3482397461e+02 6.3491699219e+02 6.3500598145e+02 6.3507897949e+02 6.3514300537e+02 6.3521099854e+02 6.3529998779e+02 6.3540600586e+02 6.3551000977e+02 6.3560498047e+02 6.3567999268e+02 6.3578900146e+02 6.3589001465e+02 6.3597399902e+02 6.3606201172e+02 6.3615899658e+02 6.3626300049e+02 6.3635998535e+02 6.3644799805e+02 6.3653900146e+02 6.3663397217e+02 6.3673297119e+02
6.3355603027e+02 6.3360400391e+02 6.3365197754e+02 6.3366601563e+02 6.3370800781e+02 6.3374102783e+02 6.3376000977e+02 6.3379400635e+02 6.3384802246e+02 6.3388397217e+02 6.3390802002e+02 6.3398297119e+02 6.3402697754e+02 6.3406201172e+02 6.3410601807e+02 6.3418499756e+02 6.3426898193e+02 6.3432800293e+02 6.3436199951e+02 6.3439801025e+02 6.3448901367e+02 6.3457897949e+02 6.3465600586e+02 6.3472399902e+02 6.3480499268e+02 6.3488702393e+02 6.3497198486e+02 6.3507501221e+02 6.3513299561e+02 6.3519299316e+02 6.3528802490e+02 6.3538397217e+02 6.3546697998e+02 6.3555401611e+02 6.3564300537e+02 6.3576702881e+02 6.3586297607e+02 6.3594500732e+02 6.3604400635e+02 6.3615698242e+02 6.3624499512e+02 6.3634100342e+02 6.3642602539e+02 6.3650500488e+02 6.3661102295e+02 6.3671697998e+02
6.3352502441e+02 6.3357702637e+02 6.3362500000e+02 6.3364099121e+02 6.3368597412e+02 6.3371398926e+02 6.3373297119e+02 6.3377697754e+02 6.3385101318e+02 6.3388397217e+02 6.3389398193e+02 6.3395599365e+02 6.3400097656e+02 6.3403997803e+02 6.3409100342e+02 6.3416101074e+02 6.3423797607e+02 6.3429498291e+02 6.3433197021e+02 6.3439398193e+02 6.3447399902e+02 6.3455798340e+02 6.3464398193e+02 6.3471398926e+02 6.3478802490e+02 6.3486297607e+02 6.3494702148e+02 6.3504602051e+02 6.3509899902e+02 6.3516998291e+02 6.3528002930e+02 6.3537097168e+02 6.3545001221e+02 6.3553302002e+02 6.3561499023e+02 6.3574298096e+02 6.3583197021e+02 6.3591802979e+02 6.3601702881e+02 6.3612402344e+02 6.3621301270e+02 6.3631597900e+02 6.3640698242e+02 6.3648699951e+02 6.3659802246e+02 6.3669897461e+02
6.3347998047e+02 6.3352801514e+02 6.3359497070e+02 6.3361102295e+02 6.3365502930e+02 6.3369000244e+02 6.3374102783e+02 6.3377197266e+02 6.3381402588e+02 6.3384100342e+02 6.3386999512e+02 6.3393200684e+02 6.3397198486e+02 6.3401000977e+02 6.3407397461e+02 6.3413397217e+02 6.3421002197e+02 6.3426599121e+02 6.3430499268e+02 6.3438098145e+02 6.3445800781e+02 6.3453698730e+02 6.3461401367e+02 6.3469000244e+02 6.3475897217e+02 6.3483697510e+02 6.3493798828e+02 6.3500598145e+02 6.3507397461e+02 6.3516601563e+02 6.3526300049e+02 6.3534197998e+02 6.3542901611e+02 6.3551599121e+02 6.3560101318e+02 6.3571099854e+02 6.3580999756e+02 6.3590600586e+02 6.3600598145e+02 6.3610198975e+02 6.3620202637e+02 6.3630499268e+02 6.3639001465e+02 6.3647198486e+02 6.3658099365e+02 6.3668103027e+02
6.3347302246e+02 6.3351501465e+02 6.3356896973e+02 6.3359997559e+02 6.3364099121e+02 6.3366802979e+02 6.3369201660e+02 6.3373602295e+02 6.3377899170e+02 6.3381597900e+02 6.3386499023e+02 6.3392700195e+02 6.3397100830e+02 6.3401898193e+02 6.3405200195e+02 6.3409899902e+02 6.3416998291e+02 6.3423797607e+02 6.3430297852e+02 6.3436602783e+02 6.3443200684e+02 6.3450598145e+02 6.3457098389e+02 6.3466198730e+02 6.3473999023e+02 6.3481896973e+02 6.3490600586e+02 6.3497198486e+02 6.3505700684e+02 6.3515197754e+02 6.3523297119e+02 6.3531402588e+02 6.3541302490e+02 6.3549499512e+02 6.3558801270e+02 6.3569799805e+02 6.3579101563e+02 6.3588000488e+02 6.3598101807e+02 6.3608697510e+02 6.3619097900e+02 6.3629101563e+02 6.3637799072e+02 6.3646600342e+02 6.3656298828e+02 6.3666699219e+02
6.3345898438e+02 6.3350598145e+02 6.3355603027e+02 6.3359002686e+02 6.3361999512e+02 6.3365197754e+02 6.3367999268e+02 6.3371997070e+02 6.3375402832e+02 6.3379602051e+02 6.3385400391e+02 6.3390502930e+02 6.3395001221e+02 6.3400701904e+02 6.3402398682e+02 6.3406799316e+02 6.3414001465e+02 6.3421600342e+02 6.3429302979e+02 6.3433398438e+02 6.3439202881e+02 6.3448101807e+02 6.3456201172e+02 6.3464898682e+02 6.3472601318e+02 6.3479901123e+02 6.3487097168e+02 6.3494702148e+02 6.3504101563e+02 6.3512902832e+02 6.3520300293e+02 6.3528601074e+02 6.3537799072e+02 6.3545898438e+02 6.3556402588e+02 6.3568103027e+02 6.3576702881e+02 6.3585498047e+02 6.3595697021e+02 6.3606896973e+02 6.3617700195e+02 6.3627099609e+02 6.3635498047e+02 6.3644598389e+02 6.3654498291e+02 6.3665399170e+02
6.3343597412e+02 6.3347497559e+02 6.3352197266e+02 6.3356701660e+02 6.3360601807e+02 6.3364501953e+02 6.3367602539e+02 6.3370898438e+02 6.3373297119e+02 6.3376800537e+02 6.3383001709e+02 6.3386401367e+02 6.3391497803e+02 6.3398199463e+02 6.3400897217e+02 6.3405999756e+02 6.3413702393e+02 6.3420202637e+02 6.3425799561e+02 6.3430902100e+02 6.3437097168e+02 6.3445098877e+02 6.3453900146e+02 6.3461700439e+02 6.3470098877e+02 6.3478100586e+02 6.3485302734e+02 6.3493298340e+02 6.3502600098e+02 6.3510101318e+02 6.3516601563e+02 6.3525402832e+02 6.3534497070e+02 6.3543499756e+02 6.3553802490e+02 6.3565197754e+02 6.3573602295e+02 6.3583599854e+02 6.3594396973e+02 6.3604901123e+02 6.3616900635e+02 6.3626300049e+02 6.3634197998e+02 6.3643902588e+02 6.3653900146e+02 6.3663397217e+02
6.3341900635e+02 6.3345501709e+02 6.3350799561e+02 6.3355297852e+02 6.3359698486e+02 6.3364099121e+02 6.3367199707e+02 6.3370800781e+02 6.3374700928e+02 6.3378497314e+02 6.3382598877e+02 6.3384497070e+02 6.3389202881e+02 6.3395202637e+02 6.3400402832e+02 6.3405200195e+02 6.3411999512e+02 6.3417602539e+02 6.3422601318e+02 6.3430200195e+02 6.3435900879e+02 6.3441198730e+02 6.3450201416e+02 6.3459899902e+02 6.3468103027e+02 6.3474902344e+02 6.3482897949e+02 6.3490600586e+02 6.3499700928e+02 6.3507202148e+02 6.3515100098e+02 6.3523199463e+02 6.3532000732e+02 6.3540698242e+02 6.3550097656e+02 6.3560699463e+02 6.3570098877e+02 6.3581201172e+02 6.3592700195e+02 6.3603002930e+02 6.3615301514e+02 6.3625701904e+02 6.3634197998e+02 6.3644097900e+02 6.3652301025e+02 6.3660302734e+02
6.3343499756e+02 6.3346997070e+02 6.3350000000e+02 6.3353698730e+02 6.3358300781e+02 6.3363000488e+02 6.3366302490e+02 6.3370202637e+02 6.3373699951e+02 6.3377001953e+02 6.3381097412e+02 6.3384802246e+02 6.3389501953e+02 6.3393499756e+02 6.3398699951e+02 6.3402899170e+02 6.3409899902e+02 6.3415698242e+02 6.3419702148e+02 6.3426702881e+02 6.3432501221e+02 6.3439300537e+02 6.3447998047e+02 6.3456597900e+02 6.3464801025e+02 6.3472698975e+02 6.3482202148e+02 6.3489202881e+02 6.3496997070e+02 6.3504602051e+02 6.3512097168e+02 6.3520300293e+02 6.3529699707e+02 6.3539501953e+02 6.3550701904e+02 6.3560601807e+02 6.3568597412e+02 6.3580499268e+02 6.3592700195e+02 6.3603002930e+02 6.3614001465e+02 6.3624700928e+02 6.3634002686e+02 6.3644500732e+02 6.3653198242e+02 6.3661102295e+02
6.3342498779e+02 6.3345202637e+02 6.3348199463e+02 6.3353198242e+02 6.3357299805e+02 6.3361499023e+02 6.3365002441e+02 6.3369598389e+02 6.3371398926e+02 6.3374700928e+02 6.3379998779e+02 6.3384197998e+02 6.3389202881e+02 6.3392901611e+02 6.3397802734e+02 6.3402899170e+02 6.3408099365e+02 6.3413000488e+02 6.3417498779e+02 6.3424902344e+02 6.3430297852e+02 6.3437097168e+02 6.3444702148e+02 6.3451702881e+02 6.3460498047e+02 6.3469396973e+02 6.3478601074e+02 6.3485302734e+02 6.3494097900e+02 6.3503802490e+02 6.3511199951e+02 6.3519396973e+02 6.3528302002e+02 6.3537701416e+02 6.3548602295e+02 6.3559399414e+02 6.3569000244e+02 6.3580603027e+02 6.3591802979e+02 6.3603002930e+02 6.3614001465e+02 6.3624200439e+02 6.3633300781e+02 6.3643103027e+02 6.3651702881e+02 6.3659698486e+02
6.3341497803e+02 6.3343798828e+02 6.3346899414e+02 6.3351098633e+02 6.3353997803e+02 6.3358300781e+02 6.3360998535e+02 6.3365698242e+02 6.3367602539e+02 6.3371600342e+02 6.3377801514e+02 6.3381201172e+02 6.3386602783e+02 6.3390698242e+02 6.3395697021e+02 6.3401702881e+02 6.3406402588e+02 6.3411798096e+02 6.3417602539e+02 6.3424597168e+02 6.3429101563e+02 6.3434698486e+02 6.3441601563e+02 6.3448498535e+02 6.3457098389e+02 6.3464898682e+02 6.3472601318e+02 6.3480102539e+02 6.3489898682e+02 6.3501098633e+02 6.3509899902e+02 6.3518200684e+02 6.3527197266e+02 6.3536199951e+02 6.3546801758e+02 6.3558801270e+02 6.3569598389e+02 6.3580102539e+02 6.3590197754e+02 6.3601599121e+02 6.3613800049e+02 6.3624102783e+02 6.3633001709e+02 6.3641400146e+02 6.3650000000e+02 6.3659002686e+02
6.3340600586e+02 6.3343798828e+02 6.3346197510e+02 6.3349902344e+02 6.3352398682e+02 6.3357098389e+02 6.3358801270e+02 6.3361199951e+02 6.3364099121e+02 6.3369396973e+02 6.3375299072e+02 6.3378302002e+02 6.3383801270e+02 6.3388598633e+02 6.3394897461e+02 6.3399401855e+02 6.3404498291e+02 6.3410998535e+02 6.3416998291e+02 6.3422497559e+02 6.3428100586e+02 6.3433697510e+02 6.3440600586e+02 6.3447698975e+02 6.3456500244e+02 6.3463598633e+02 6.3469396973e+02 6.3478497314e+02 6.3487402344e+02 6.3497900391e+02 6.3509002686e+02 6.3517297363e+02 6.3527001953e+02 6.3536199951e+02 6.3546502686e+02 6.3558099365e+02 6.3567999268e+02 6.3577697754e+02 6.3589202881e+02 6.3600799561e+02 6.3613702393e+02 6.3624401855e+02 6.3631701660e+02 6.3639099121e+02 6.3648199463e+02 6.3658300781e+02
6.3340698242e+02 6.3343701172e+02 6.3345098877e+02 6.3348999023e+02 6.3352600098e+02 6.3356298828e+02 6.3357702637e+02 6.3359399414e+02 6.3361901855e+02 6.3366497803e+02 6.3370697021e+02 6.3375000000e+02 6.3381799316e+02 6.3385998535e+02 6.3390002441e+02 6.3398400879e+02 6.3403997803e+02 6.3410400391e+02 6.3417700195e+02 6.3423297119e+02 6.3428601074e+02 6.3432897949e+02 6.3439300537e+02 6.3446502686e+02 6.3454797363e+02 6.3461401367e+02 6.3468103027e+02 6.3478399658e+02 6.3487097168e+02 6.3496301270e+02 6.3506298828e+02 6.3515301514e+02 6.3526000977e+02 6.3534899902e+02 6.3543597412e+02 6.3555603027e+02 6.3566900635e+02 6.3577301025e+02 6.3588598633e+02 6.3599597168e+02 6.3610601807e+02 6.3620001221e+02 6.3627301025e+02 6.3637097168e+02 6.3647601318e+02 6.3657800293e+02
6.3338800049e+02 6.3341802979e+02 6.3343902588e+02 6.3346197510e+02 6.3350097656e+02 6.3352697754e+02 6.3353002930e+02 6.3354797363e+02 6.3357702637e+02 6.3362200928e+02 6.3367199707e+02 6.3371502686e+02 6.3377197266e+02 6.3383001709e+02 6.3387402344e+02 6.3397100830e+02 6.3403399658e+02 6.3409100342e+02 6.3417199707e+02 6.3423297119e+02 6.3426898193e+02 6.3430297852e+02 6.3436602783e+02 6.3444396973e+02 6.3452600098e+02 6.3459698486e+02 6.3468200684e+02 6.3477301025e+02 6.3487097168e+02 6.3497198486e+02 6.3506298828e+02 6.3514898682e+02 6.3525500488e+02 6.3534899902e+02 6.3543902588e+02 6.3555499268e+02 6.3566302490e+02 6.3577801514e+02 6.3589202881e+02 6.3598400879e+02 6.3607800293e+02 6.3617102051e+02 6.3625097656e+02 6.3636102295e+02 6.3647302246e+02 6.3656201172e+02
6.3335998535e+02 6.3338702393e+02 6.3342797852e+02 6.3344396973e+02 6.3346997070e+02 6.3348101807e+02 6.3348101807e+02 6.3351898193e+02 6.3354699707e+02 6.3358197021e+02 6.3363897705e+02 6.3368402100e+02 6.3373699951e+02 6.3381298828e+02 6.3386499023e+02 6.3394897461e+02 6.3402301025e+02 6.3407897949e+02 6.3414697266e+02 6.3421002197e+02 6.3425598145e+02 6.3429901123e+02 6.3435198975e+02 6.3442797852e+02 6.3448999023e+02 6.3457098389e+02 6.3468200684e+02 6.3476300049e+02 6.3486700439e+02 6.3496997070e+02 6.3504699707e+02 6.3512799072e+02 6.3523498535e+02 6.3534002686e+02 6.3543798828e+02 6.3554498291e+02 6.3564300537e+02 6.3576397705e+02 6.3589099121e+02 6.3597998047e+02 6.3607299805e+02 6.3617199707e+02 6.3625598145e+02 6.3635797119e+02 6.3646197510e+02 6.3654302979e+02
6.3334802246e+02 6.3336602783e+02 6.3340698242e+02 6.3342700195e+02 6.3343298340e+02 6.3342901611e+02 6.3343701172e+02 6.3350598145e+02 6.3353198242e+02 6.3355200195e+02 6.3359802246e+02 6.3363800049e+02 6.3370098877e+02 6.3378399658e+02 6.3385101318e+02 6.3392999268e+02 6.3399499512e+02 6.3404699707e+02 6.3411401367e+02 6.3416497803e+02 6.3423400879e+02 6.3430401611e+02 6.3437298584e+02 6.3443499756e+02 6.3448297119e+02 6.3458001709e+02 6.3467102051e+02 6.3476300049e+02 6.3486901855e+02 6.3496502686e+02 6.3503002930e+02 6.3511102295e+02 6.3523400879e+02 6.3534600830e+02 6.3543499756e+02 6.3553601074e+02 6.3564300537e+02 6.3576898193e+02 6.3589001465e+02 6.3597399902e+02 6.3605999756e+02 6.3615899658e+02 6.3625097656e+02 6.3633300781e+02 6.3643798828e+02 6.3652600098e+02
6.3332800293e+02 6.3334301758e+02 6.3336102295e+02 6.3337402344e+02 6.3339398193e+02 6.3340899658e+02 6.3342999268e+02 6.3345202637e+02 6.3348199463e+02 6.3352801514e+02 6.3357202148e+02 6.3361602783e+02 6.3368902588e+02 6.3376098633e+02 6.3382202148e+02 6.3389398193e+02 6.3395397949e+02 6.3400799561e+02 6.3407397461e+02 6.3413800049e+02 6.3421099854e+02 6.3428302002e+02 6.3436401367e+02 6.3442901611e+02 6.3450097656e+02 6.3460900879e+02 6.3467901611e+02 6.3475701904e+02 6.3485797119e+02 6.3496502686e+02 6.3504901123e+02 6.3515197754e+02 6.3526702881e+02 6.3536499023e+02 6.3545098877e+02 6.3554498291e+02 6.3566198730e+02 6.3578198242e+02 6.3587902832e+02 6.3595898438e+02 6.3604400635e+02 6.3614801025e+02 6.3624499512e+02 6.3630700684e+02 6.3640802002e+02 6.3651000977e+02
6.3329302979e+02 6.3331799316e+02 6.3332501221e+02 6.3333599854e+02 6.3335797119e+02 6.3337701416e+02 6.3339599609e+02 6.3339801025e+02 6.3343499756e+02 6.3348498535e+02 6.3352197266e+02 6.3359100342e+02 6.3367401123e+02 6.3372900391e+02 6.3378100586e+02 6.3385601807e+02 6.3391198730e+02 6.3397497559e+02 6.3404797363e+02 6.3412402344e+02 6.3420202637e+02 6.3427398682e+02 6.3436102295e+02 6.3442797852e+02 6.3450500488e+02 6.3460400391e+02 6.3469396973e+02 6.3478601074e+02 6.3487097168e+02 6.3496697998e+02 6.3506896973e+02 6.3518597412e+02 6.3529400635e+02 6.3538702393e+02 6.3547998047e+02 6.3556298828e+02 6.3566400146e+02 6.3577197266e+02 6.3587200928e+02 6.3595397949e+02 6.3603997803e+02 6.3614801025e+02 6.3624902344e+02 6.3630999756e+02 6.3640997314e+02 6.3650799561e+02
6.3325598145e+02 6.3328100586e+02 6.3329199219e+02 6.3329699707e+02 6.3331097412e+02 6.3332098389e+02 6.3332897949e+02 6.3335101318e+02 6.3338500977e+02 6.3342602539e+02 6.3348199463e+02 6.3356500244e+02 6.3364697266e+02 6.3368902588e+02 6.3372900391e+02 6.3381201172e+02 6.3387298584e+02 6.3394201660e+02 6.3401397705e+02 6.3409698486e+02 6.3418402100e+02 6.3426300049e+02 6.3436199951e+02 6.3443402100e+02 6.3451501465e+02 6.3460601807e+02 6.3471099854e+02 6.3481201172e+02 6.3488897705e+02 6.3499499512e+02 6.3510198975e+02 6.3520001221e+02 6.3530200195e+02 6.3539898682e+02 6.3549798584e+02 6.3558398438e+02 6.3567102051e+02 6.3577001953e+02 6.3587701416e+02 6.3596301270e+02 6.3605102539e+02 6.3615502930e+02 6.3624102783e+02 6.3630603027e+02 6.3640802002e+02 6.3650000000e+02
