TESTSERVER/18/11.asc
NCOLS 100
NROWS 100
XLLCORNER 8.3997500000e+03
YLLCORNER 2.8940025000e+05
CELLSIZE 5.0000000000e-01
NODATA_VALUE -9.9990000000e+03
[rows 20 to 39 of 100, columns 46 to 91 of 100]
6.3658599854e+02 6.3666601563e+02 6.3675201416e+02 6.3683599854e+02 6.3692797852e+02 6.3703900146e+02 6.3713201904e+02 6.3722601318e+02 6.3730200195e+02 6.3736499023e+02 6.3747802734e+02 6.3757299805e+02 6.3764501953e+02 6.3776000977e+02 6.3788201904e+02 6.3798999023e+02 6.3809497070e+02 6.3821697998e+02 6.3832098389e+02 6.3842999268e+02 6.3852600098e+02 6.3866998291e+02 6.3876800537e+02 6.3885101318e+02 6.3901397705e+02 6.3913598633e+02 6.3923199463e+02 6.3931799316e+02 6.3942401123e+02 6.3951202393e+02 6.3954699707e+02 6.3956701660e+02 6.3960302734e+02 6.3963598633e+02 6.3965899658e+02 6.3966900635e+02 6.3967797852e+02 6.3969299316e+02 6.3972302246e+02 6.3974298096e+02 6.3970898438e+02 6.3972698975e+02 6.3972399902e+02 6.3972302246e+02 6.3972497559e+02 6.3972100830e+02
6.3657000732e+02 6.3666302490e+02 6.3675598145e+02 6.3683801270e+02 6.3691400146e+02 6.3702001953e+02 6.3711901855e+02 6.3721099854e+02 6.3729699707e+02 6.3736901855e+02 6.3746197510e+02 6.3755297852e+02 6.3764599609e+02 6.3775500488e+02 6.3785900879e+02 6.3797802734e+02 6.3807397461e+02 6.3817999268e+02 6.3828497314e+02 6.3842102051e+02 6.3852801514e+02 6.3864099121e+02 6.3875799561e+02 6.3884698486e+02 6.3900299072e+02 6.3911297607e+02 6.3921301270e+02 6.3931201172e+02 6.3940698242e+02 6.3950000000e+02 6.3954602051e+02 6.3957702637e+02 6.3959100342e+02 6.3963598633e+02 6.3966400146e+02 6.3967102051e+02 6.3969799805e+02 6.3969799805e+02 6.3971197510e+02 6.3973297119e+02 6.3972100830e+02 6.3972998047e+02 6.3973400879e+02 6.3973101807e+02 6.3972802734e+02 6.3971801758e+02
6.3654199219e+02 6.3665002441e+02 6.3675299072e+02 6.3683001709e+02 6.3690399170e+02 6.3700897217e+02 6.3710998535e+02 6.3720898438e+02 6.3729498291e+02 6.3736199951e+02 6.3743499756e+02 6.3752801514e+02 6.3764599609e+02 6.3775097656e+02 6.3783001709e+02 6.3795898438e+02 6.3806896973e+02 6.3818200684e+02 6.3826800537e+02 6.3840002441e+02 6.3852099609e+02 6.3860998535e+02 6.3873901367e+02 6.3884002686e+02 6.3898101807e+02 6.3908801270e+02 6.3920397949e+02 6.3930200195e+02 6.3937500000e+02 6.3949200439e+02 6.3954498291e+02 6.3958001709e+02 6.3958300781e+02 6.3962902832e+02 6.3965997314e+02 6.3966699219e+02 6.3969299316e+02 6.3969396973e+02 6.3970800781e+02 6.3972900391e+02 6.3973101807e+02 6.3971502686e+02 6.3972497559e+02 6.3973297119e+02 6.3972998047e+02 6.3971099854e+02
6.3653002930e+02 6.3663800049e+02 6.3673999023e+02 6.3681799316e+02 6.3690197754e+02 6.3699700928e+02 6.3709600830e+02 6.3720202637e+02 6.3729400635e+02 6.3735900879e+02 6.3742498779e+02 6.3751202393e+02 6.3763201904e+02 6.3773901367e+02 6.3782702637e+02 6.3795898438e+02 6.3804199219e+02 6.3817102051e+02 6.3826898193e+02 6.3838299561e+02 6.3850402832e+02 6.3859100342e+02 6.3871697998e+02 6.3881402588e+02 6.3894598389e+02 6.3906298828e+02 6.3919500732e+02 6.3928802490e+02 6.3933898926e+02 6.3947698975e+02 6.3953002930e+02 6.3956701660e+02 6.3958197021e+02 6.3962402344e+02 6.3965698242e+02 6.3966101074e+02 6.3968200684e+02 6.3971099854e+02 6.3972900391e+02 6.3974102783e+02 6.3973901367e+02 6.3970501709e+02 6.3972302246e+02 6.3974597168e+02 6.3973797607e+02 6.3971301270e+02
6.3654602051e+02 6.3664697266e+02 6.3672698975e+02 6.3680297852e+02 6.3689599609e+02 6.3698699951e+02 6.3708300781e+02 6.3719299316e+02 6.3728802490e+02 6.3735900879e+02 6.3742999268e+02 6.3751098633e+02 6.3763098145e+02 6.3771899414e+02 6.3782000732e+02 6.3793499756e+02 6.3801800537e+02 6.3814001465e+02 6.3825500488e+02 6.3837402344e+02 6.3849597168e+02 6.3859301758e+02 6.3870501709e+02 6.3879998779e+02 6.3892700195e+02 6.3904998779e+02 6.3917700195e+02 6.3926702881e+02 6.3931701660e+02 6.3945202637e+02 6.3950402832e+02 6.3954400635e+02 6.3958697510e+02 6.3962902832e+02 6.3966302490e+02 6.3967498779e+02 6.3969000244e+02 6.3971899414e+02 6.3973602295e+02 6.3975000000e+02 6.3974200439e+02 6.3970202637e+02 6.3972497559e+02 6.3975402832e+02 6.3974700928e+02 6.3972198486e+02
6.3653698730e+02 6.3663598633e+02 6.3672601318e+02 6.3680700684e+02 6.3688598633e+02 6.3697100830e+02 6.3706298828e+02 6.3717498779e+02 6.3727099609e+02 6.3734600830e+02 6.3741302490e+02 6.3749597168e+02 6.3761602783e+02 6.3770098877e+02 6.3779101563e+02 6.3791302490e+02 6.3801898193e+02 6.3813201904e+02 6.3822601318e+02 6.3832897949e+02 6.3844897461e+02 6.3856298828e+02 6.3870397949e+02 6.3880297852e+02 6.3892199707e+02 6.3903198242e+02 6.3915502930e+02 6.3924700928e+02 6.3929901123e+02 6.3942797852e+02 6.3948199463e+02 6.3953497314e+02 6.3957800293e+02 6.3961602783e+02 6.3966101074e+02 6.3968103027e+02 6.3968499756e+02 6.3970800781e+02 6.3972497559e+02 6.3974700928e+02 6.3976599121e+02 6.3972497559e+02 6.3972900391e+02 6.3974798584e+02 6.3974798584e+02 6.3973797607e+02
6.3652697754e+02 6.3661999512e+02 6.3672198486e+02 6.3681701660e+02 6.3689398193e+02 6.3697698975e+02 6.3706402588e+02 6.3716302490e+02 6.3725201416e+02 6.3732299805e+02 6.3739501953e+02 6.3747802734e+02 6.3759698486e+02 6.3770397949e+02 6.3778601074e+02 6.3789300537e+02 6.3800299072e+02 6.3812902832e+02 6.3822601318e+02 6.3832800293e+02 6.3843597412e+02 6.3854699707e+02 6.3868103027e+02 6.3877398682e+02 6.3889300537e+02 6.3899499512e+02 6.3912597656e+02 6.3923400879e+02 6.3929901123e+02 6.3941699219e+02 6.3948199463e+02 6.3954400635e+02 6.3957800293e+02 6.3961102295e+02 6.3965997314e+02 6.3968798828e+02 6.3968701172e+02 6.3970800781e+02 6.3973297119e+02 6.3974700928e+02 6.3976397705e+02 6.3974200439e+02 6.3973199463e+02 6.3974298096e+02 6.3974597168e+02 6.3974499512e+02
6.3652197266e+02 6.3661401367e+02 6.3671697998e+02 6.3681201172e+02 6.3688897705e+02 6.3697998047e+02 6.3706896973e+02 6.3715502930e+02 6.3723999023e+02 6.3731298828e+02 6.3738800049e+02 6.3746697998e+02 6.3758197021e+02 6.3770300293e+02 6.3778601074e+02 6.3788299561e+02 6.3799902344e+02 6.3812701416e+02 6.3821801758e+02 6.3832000732e+02 6.3842999268e+02 6.3853997803e+02 6.3866302490e+02 6.3876098633e+02 6.3888702393e+02 6.3897601318e+02 6.3911199951e+02 6.3922698975e+02 6.3928601074e+02 6.3940002441e+02 6.3948101807e+02 6.3954998779e+02 6.3958697510e+02 6.3962097168e+02 6.3965802002e+02 6.3969201660e+02 6.3970501709e+02 6.3971801758e+02 6.3974298096e+02 6.3975402832e+02 6.3976300049e+02 6.3975799561e+02 6.3973797607e+02 6.3974700928e+02 6.3975598145e+02 6.3974700928e+02
6.3653497314e+02 6.3662701416e+02 6.3671697998e+02 6.3680499268e+02 6.3688000488e+02 6.3695898438e+02 6.3704901123e+02 6.3713201904e+02 6.3721997070e+02 6.3730102539e+02 6.3737799072e+02 6.3745898438e+02 6.3756298828e+02 6.3768200684e+02 6.3778002930e+02 6.3787402344e+02 6.3797900391e+02 6.3812597656e+02 6.3822302246e+02 6.3831701660e+02 6.3842498779e+02 6.3852697754e+02 6.3865899658e+02 6.3875402832e+02 6.3886901855e+02 6.3897601318e+02 6.3909899902e+02 6.3919396973e+02 6.3925701904e+02 6.3938702393e+02 6.3947302246e+02 6.3953302002e+02 6.3958099365e+02 6.3962701416e+02 6.3965698242e+02 6.3968103027e+02 6.3970599365e+02 6.3973101807e+02 6.3973999023e+02 6.3975799561e+02 6.3977697754e+02 6.3978997803e+02 6.3975402832e+02 6.3974102783e+02 6.3974798584e+02 6.3975000000e+02
6.3655798340e+02 6.3664398193e+02 6.3672698975e+02 6.3681799316e+02 6.3690002441e+02 6.3697302246e+02 6.3704400635e+02 6.3712701416e+02 6.3722198486e+02 6.3729699707e+02 6.3738800049e+02 6.3747601318e+02 6.3756799316e+02 6.3768298340e+02 6.3777197266e+02 6.3784497070e+02 6.3796197510e+02 6.3810699463e+02 6.3820202637e+02 6.3831402588e+02 6.3843402100e+02 6.3849902344e+02 6.3863500977e+02 6.3873101807e+02 6.3884399414e+02 6.3894598389e+02 6.3907299805e+02 6.3918499756e+02 6.3925097656e+02 6.3939300537e+02 6.3947497559e+02 6.3952899170e+02 6.3958697510e+02 6.3963397217e+02 6.3966101074e+02 6.3968200684e+02 6.3971502686e+02 6.3973602295e+02 6.3974200439e+02 6.3976098633e+02 6.3978100586e+02 6.3979199219e+02 6.3976202393e+02 6.3974401855e+02 6.3974499512e+02 6.3975097656e+02
6.3657897949e+02 6.3665899658e+02 6.3673297119e+02 6.3681298828e+02 6.3689099121e+02 6.3697998047e+02 6.3705401611e+02 6.3714599609e+02 6.3724902344e+02 6.3730999756e+02 6.3739898682e+02 6.3749102783e+02 6.3757702637e+02 6.3769299316e+02 6.3778698730e+02 6.3785998535e+02 6.3795898438e+02 6.3809002686e+02 6.3819500732e+02 6.3831799316e+02 6.3842602539e+02 6.3848101807e+02 6.3861700439e+02 6.3872100830e+02 6.3882202148e+02 6.3891400146e+02 6.3903497314e+02 6.3915600586e+02 6.3923999023e+02 6.3936901855e+02 6.3945300293e+02 6.3952301025e+02 6.3959197998e+02 6.3963397217e+02 6.3965997314e+02 6.3968701172e+02 6.3972601318e+02 6.3973797607e+02 6.3974700928e+02 6.3976501465e+02 6.3978497314e+02 6.3980401611e+02 6.3977502441e+02 6.3975299072e+02 6.3975299072e+02 6.3975598145e+02
6.3658099365e+02 6.3665100098e+02 6.3672497559e+02 6.3679602051e+02 6.3686798096e+02 6.3697802734e+02 6.3705902100e+02 6.3714501953e+02 6.3725000000e+02 6.3731701660e+02 6.3740399170e+02 6.3750201416e+02 6.3758197021e+02 6.3767401123e+02 6.3777899170e+02 6.3786700439e+02 6.3795098877e+02 6.3807202148e+02 6.3818597412e+02 6.3830999756e+02 6.3840301514e+02 6.3848297119e+02 6.3860900879e+02 6.3870098877e+02 6.3880603027e+02 6.3890802002e+02 6.3903002930e+02 6.3915399170e+02 6.3925299072e+02 6.3934399414e+02 6.3941900635e+02 6.3950897217e+02 6.3958801270e+02 6.3962500000e+02 6.3966101074e+02 6.3969000244e+02 6.3971899414e+02 6.3973699951e+02 6.3975000000e+02 6.3977600098e+02 6.3979101563e+02 6.3982000732e+02 6.3979498291e+02 6.3976397705e+02 6.3976202393e+02 6.3975201416e+02
6.3656799316e+02 6.3663098145e+02 6.3671600342e+02 6.3679699707e+02 6.3686901855e+02 6.3696502686e+02 6.3705200195e+02 6.3713201904e+02 6.3723999023e+02 6.3732501221e+02 6.3740899658e+02 6.3750201416e+02 6.3759100342e+02 6.3767999268e+02 6.3778698730e+02 6.3788098145e+02 6.3794500732e+02 6.3808502197e+02 6.3819097900e+02 6.3829602051e+02 6.3840100098e+02 6.3849700928e+02 6.3860302734e+02 6.3869097900e+02 6.3880999756e+02 6.3890197754e+02 6.3901800537e+02 6.3914599609e+02 6.3927697754e+02 6.3935198975e+02 6.3940197754e+02 6.3950701904e+02 6.3957800293e+02 6.3963098145e+02 6.3967901611e+02 6.3970800781e+02 6.3971997070e+02 6.3973699951e+02 6.3975000000e+02 6.3977099609e+02 6.3977697754e+02 6.3981500244e+02 6.3979699707e+02 6.3976501465e+02 6.3975897217e+02 6.3975000000e+02
6.3657501221e+02 6.3663201904e+02 6.3670300293e+02 6.3678997803e+02 6.3686798096e+02 6.3695300293e+02 6.3704199219e+02 6.3712701416e+02 6.3723101807e+02 6.3731701660e+02 6.3740899658e+02 6.3750799561e+02 6.3760699463e+02 6.3769897461e+02 6.3778601074e+02 6.3787097168e+02 6.3795397949e+02 6.3807800293e+02 6.3818798828e+02 6.3830798340e+02 6.3841601563e+02 6.3848901367e+02 6.3858398438e+02 6.3868597412e+02 6.3881201172e+02 6.3889501953e+02 6.3902398682e+02 6.3914099121e+02 6.3923101807e+02 6.3934698486e+02 6.3940698242e+02 6.3951599121e+02 6.3958099365e+02 6.3963000488e+02 6.3967999268e+02 6.3971398926e+02 6.3972497559e+02 6.3974700928e+02 6.3976000977e+02 6.3977801514e+02 6.3979101563e+02 6.3982397461e+02 6.3980999756e+02 6.3977301025e+02 6.3975799561e+02 6.3975201416e+02
6.3657299805e+02 6.3663800049e+02 6.3670300293e+02 6.3678601074e+02 6.3686499023e+02 6.3696301270e+02 6.3705200195e+02 6.3713500977e+02 6.3722399902e+02 6.3731799316e+02 6.3742297363e+02 6.3751800537e+02 6.3759698486e+02 6.3768902588e+02 6.3778698730e+02 6.3787799072e+02 6.3796997070e+02 6.3806701660e+02 6.3817401123e+02 6.3830902100e+02 6.3841400146e+02 6.3847900391e+02 6.3857397461e+02 6.3867797852e+02 6.3879901123e+02 6.3886499023e+02 6.3900402832e+02 6.3911499023e+02 6.3919299316e+02 6.3934600830e+02 6.3942401123e+02 6.3951898193e+02 6.3957397461e+02 6.3963299561e+02 6.3969299316e+02 6.3973199463e+02 6.3973400879e+02 6.3975598145e+02 6.3977001953e+02 6.3978698730e+02 6.3979602051e+02 6.3983197021e+02 6.3983001709e+02 6.3979302979e+02 6.3976397705e+02 6.3976098633e+02
6.3658197021e+02 6.3665197754e+02 6.3671899414e+02 6.3679998779e+02 6.3686798096e+02 6.3697198486e+02 6.3706201172e+02 6.3714697266e+02 6.3722302246e+02 6.3731500244e+02 6.3742999268e+02 6.3752600098e+02 6.3760198975e+02 6.3768200684e+02 6.3779199219e+02 6.3789300537e+02 6.3797998047e+02 6.3807000732e+02 6.3817102051e+02 6.3829998779e+02 6.3841101074e+02 6.3848797607e+02 6.3857800293e+02 6.3867199707e+02 6.3879602051e+02 6.3886297607e+02 6.3899597168e+02 6.3910797119e+02 6.3918298340e+02 6.3934002686e+02 6.3942901611e+02 6.3952001953e+02 6.3957501221e+02 6.3964898682e+02 6.3970697021e+02 6.3974200439e+02 6.3974200439e+02 6.3975897217e+02 6.3977600098e+02 6.3979400635e+02 6.3980102539e+02 6.3984399414e+02 6.3985101318e+02 6.3981597900e+02 6.3977301025e+02 6.3976898193e+02
6.3662902832e+02 6.3668499756e+02 6.3675201416e+02 6.3682897949e+02 6.3690100098e+02 6.3699200439e+02 6.3707202148e+02 6.3716198730e+02 6.3723101807e+02 6.3731896973e+02 6.3742700195e+02 6.3752001953e+02 6.3763800049e+02 6.3770397949e+02 6.3781097412e+02 6.3790502930e+02 6.3796301270e+02 6.3804901123e+02 6.3815600586e+02 6.3827398682e+02 6.3839398193e+02 6.3848901367e+02 6.3857299805e+02 6.3865100098e+02 6.3878100586e+02 6.3885797119e+02 6.3897497559e+02 6.3909497070e+02 6.3917700195e+02 6.3931298828e+02 6.3941302490e+02 6.3951501465e+02 6.3956799316e+02 6.3963897705e+02 6.3970599365e+02 6.3975097656e+02 6.3975000000e+02 6.3976397705e+02 6.3978698730e+02 6.3980200195e+02 6.3979797363e+02 6.3984100342e+02 6.3984899902e+02 6.3981500244e+02 6.3978100586e+02 6.3977398682e+02
6.3664099121e+02 6.3670697021e+02 6.3676898193e+02 6.3684802246e+02 6.3691802979e+02 6.3700000000e+02 6.3708697510e+02 6.3718103027e+02 6.3724200439e+02 6.3732702637e+02 6.3744097900e+02 6.3753002930e+02 6.3763500977e+02 6.3771301270e+02 6.3780102539e+02 6.3789300537e+02 6.3796899414e+02 6.3804699707e+02 6.3814398193e+02 6.3826898193e+02 6.3840002441e+02 6.3850299072e+02 6.3859100342e+02 6.3865802002e+02 6.3877801514e+02 6.3885400391e+02 6.3897302246e+02 6.3908599854e+02 6.3917797852e+02 6.3932598877e+02 6.3940899658e+02 6.3950201416e+02 6.3956097412e+02 6.3964599609e+02 6.3970800781e+02 6.3975897217e+02 6.3976702881e+02 6.3978198242e+02 6.3980499268e+02 6.3981701660e+02 6.3982000732e+02 6.3984698486e+02 6.3986102295e+02 6.3983697510e+02 6.3978997803e+02 6.3979302979e+02
6.3666101074e+02 6.3673297119e+02 6.3679400635e+02 6.3686999512e+02 6.3693597412e+02 6.3702001953e+02 6.3711102295e+02 6.3719500732e+02 6.3726000977e+02 6.3734899902e+02 6.3746002197e+02 6.3754602051e+02 6.3764300537e+02 6.3772601318e+02 6.3779998779e+02 6.3789599609e+02 6.3797698975e+02 6.3805499268e+02 6.3814898682e+02 6.3827697754e+02 6.3841101074e+02 6.3850000000e+02 6.3858697510e+02 6.3866601563e+02 6.3880401611e+02 6.3887402344e+02 6.3897399902e+02 6.3908197021e+02 6.3918902588e+02 6.3933502197e+02 6.3940502930e+02 6.3949200439e+02 6.3955603027e+02 6.3964300537e+02 6.3970800781e+02 6.3975897217e+02 6.3977502441e+02 6.3978198242e+02 6.3980902100e+02 6.3982598877e+02 6.3983300781e+02 6.3985198975e+02 6.3987402344e+02 6.3986297607e+02 6.3979998779e+02 6.3979498291e+02
6.3668798828e+02 6.3676202393e+02 6.3682501221e+02 6.3690002441e+02 6.3697302246e+02 6.3704797363e+02 6.3712799072e+02 6.3720697021e+02 6.3728399658e+02 6.3736401367e+02 6.3746600342e+02 6.3755297852e+02 6.3765197754e+02 6.3773498535e+02 6.3781298828e+02 6.3790502930e+02 6.3797900391e+02 6.3806500244e+02 6.3815600586e+02 6.3827801514e+02 6.3840600586e+02 6.3849102783e+02 6.3858599854e+02 6.3866699219e+02 6.3880200195e+02 6.3888299561e+02 6.3898797607e+02 6.3910797119e+02 6.3922302246e+02 6.3931799316e+02 6.3938098145e+02 6.3949102783e+02 6.3955798340e+02 6.3964202881e+02 6.3970898438e+02 6.3975799561e+02 6.3978198242e+02 6.3978698730e+02 6.3980902100e+02 6.3982897949e+02 6.3984100342e+02 6.3986401367e+02 6.3988397217e+02 6.3988299561e+02 6.3982202148e+02 6.3979901123e+02
