TESTSERVER/18/12.asc
NCOLS 100
NROWS 100
XLLCORNER 8.3997500000e+03
YLLCORNER 2.8935025000e+05
CELLSIZE 5.0000000000e-01
NODATA_VALUE -9.9990000000e+03
[rows 60 to 79 of 100, columns 46 to 91 of 100]
6.4506097412e+02 6.4508599854e+02 6.4511499023e+02 6.4514697266e+02 6.4518402100e+02 6.4521197510e+02 6.4523999023e+02 6.4527197266e+02 6.4529498291e+02 6.4531402588e+02 6.4533801270e+02 6.4537500000e+02 6.4541302490e+02 6.4541900635e+02 6.4543798828e+02 6.4547100830e+02 6.4551300049e+02 6.4557299805e+02 6.4561999512e+02 6.4564898682e+02 6.4566400146e+02 6.4569598389e+02 6.4572998047e+02 6.4576202393e+02 6.4578900146e+02 6.4582397461e+02 6.4582897949e+02 6.4582000732e+02 6.4579199219e+02 6.4578900146e+02 6.4579302979e+02 6.4578900146e+02 6.4578100586e+02 6.4578900146e+02 6.4578497314e+02 6.4577600098e+02 6.4576300049e+02 6.4576098633e+02 6.4581201172e+02 6.4587097168e+02 6.4590197754e+02 6.4595697021e+02 6.4600799561e+02 6.4603198242e+02 6.4604602051e+02 6.4606896973e+02
6.4507000732e+02 6.4509301758e+02 6.4511602783e+02 6.4514099121e+02 6.4517700195e+02 6.4520397949e+02 6.4523297119e+02 6.4527001953e+02 6.4530401611e+02 6.4532397461e+02 6.4534997559e+02 6.4538702393e+02 6.4541400146e+02 6.4541900635e+02 6.4544598389e+02 6.4549298096e+02 6.4554498291e+02 6.4559301758e+02 6.4563201904e+02 6.4565502930e+02 6.4567102051e+02 6.4569799805e+02 6.4574798584e+02 6.4579498291e+02 6.4582202148e+02 6.4584100342e+02 6.4583599854e+02 6.4582897949e+02 6.4581701660e+02 6.4581298828e+02 6.4581097412e+02 6.4580401611e+02 6.4579998779e+02 6.4580603027e+02 6.4580297852e+02 6.4578997803e+02 6.4577301025e+02 6.4579302979e+02 6.4585302734e+02 6.4590698242e+02 6.4595202637e+02 6.4599597168e+02 6.4603698730e+02 6.4605499268e+02 6.4606701660e+02 6.4610400391e+02
6.4506500244e+02 6.4509002686e+02 6.4511297607e+02 6.4513299561e+02 6.4516802979e+02 6.4519598389e+02 6.4522802734e+02 6.4526501465e+02 6.4529901123e+02 6.4532397461e+02 6.4535498047e+02 6.4539202881e+02 6.4541302490e+02 6.4541900635e+02 6.4545501709e+02 6.4551300049e+02 6.4557098389e+02 6.4560498047e+02 6.4564001465e+02 6.4567102051e+02 6.4569299316e+02 6.4571502686e+02 6.4577398682e+02 6.4582598877e+02 6.4584600830e+02 6.4585498047e+02 6.4584197998e+02 6.4583502197e+02 6.4583001709e+02 6.4582897949e+02 6.4582702637e+02 6.4581701660e+02 6.4581097412e+02 6.4582000732e+02 6.4581500244e+02 6.4579797363e+02 6.4578302002e+02 6.4582598877e+02 6.4588500977e+02 6.4592401123e+02 6.4597100830e+02 6.4601898193e+02 6.4606298828e+02 6.4608697510e+02 6.4610699463e+02 6.4614398193e+02
6.4505200195e+02 6.4508300781e+02 6.4510998535e+02 6.4513201904e+02 6.4516900635e+02 6.4520300293e+02 6.4523699951e+02 6.4527099609e+02 6.4530200195e+02 6.4532800293e+02 6.4536102295e+02 6.4539599609e+02 6.4541497803e+02 6.4542797852e+02 6.4546997070e+02 6.4553002930e+02 6.4558300781e+02 6.4560900879e+02 6.4564398193e+02 6.4568597412e+02 6.4571997070e+02 6.4574597168e+02 6.4579901123e+02 6.4584100342e+02 6.4585498047e+02 6.4586700439e+02 6.4585900879e+02 6.4584997559e+02 6.4584100342e+02 6.4584002686e+02 6.4584100342e+02 6.4583197021e+02 6.4582501221e+02 6.4583502197e+02 6.4582501221e+02 6.4580499268e+02 6.4580102539e+02 6.4585797119e+02 6.4591601563e+02 6.4595001221e+02 6.4598797607e+02 6.4605200195e+02 6.4610101318e+02 6.4612402344e+02 6.4614898682e+02 6.4617602539e+02
6.4504699707e+02 6.4506896973e+02 6.4510498047e+02 6.4513702393e+02 6.4517901611e+02 6.4521600342e+02 6.4524700928e+02 6.4527697754e+02 6.4531097412e+02 6.4534002686e+02 6.4536798096e+02 6.4538702393e+02 6.4539300537e+02 6.4543798828e+02 6.4548699951e+02 6.4553997803e+02 6.4558898926e+02 6.4560998535e+02 6.4564398193e+02 6.4568798828e+02 6.4573498535e+02 6.4577697754e+02 6.4581597900e+02 6.4584002686e+02 6.4585498047e+02 6.4587200928e+02 6.4586999512e+02 6.4585998535e+02 6.4584497070e+02 6.4584399414e+02 6.4584997559e+02 6.4584600830e+02 6.4583898926e+02 6.4584100342e+02 6.4582598877e+02 6.4581201172e+02 6.4583099365e+02 6.4589099121e+02 6.4594500732e+02 6.4598297119e+02 6.4600799561e+02 6.4608197021e+02 6.4613201904e+02 6.4615802002e+02 6.4618402100e+02 6.4621002197e+02
6.4503698730e+02 6.4506097412e+02 6.4510198975e+02 6.4513800049e+02 6.4518298340e+02 6.4521398926e+02 6.4524902344e+02 6.4527899170e+02 6.4530798340e+02 6.4533898926e+02 6.4536401367e+02 6.4537500000e+02 6.4539001465e+02 6.4544000244e+02 6.4549902344e+02 6.4555401611e+02 6.4560198975e+02 6.4563299561e+02 6.4566497803e+02 6.4570001221e+02 6.4573999023e+02 6.4578698730e+02 6.4582397461e+02 6.4585101318e+02 6.4587298584e+02 6.4587799072e+02 6.4586401367e+02 6.4585400391e+02 6.4584997559e+02 6.4585302734e+02 6.4585998535e+02 6.4585498047e+02 6.4584899902e+02 6.4584899902e+02 6.4582501221e+02 6.4582598877e+02 6.4586602783e+02 6.4592102051e+02 6.4597198486e+02 6.4601202393e+02 6.4604901123e+02 6.4610900879e+02 6.4614300537e+02 6.4617297363e+02 6.4619897461e+02 6.4622497559e+02
6.4503198242e+02 6.4506201172e+02 6.4510101318e+02 6.4513702393e+02 6.4518200684e+02 6.4520697021e+02 6.4524700928e+02 6.4528302002e+02 6.4530798340e+02 6.4533697510e+02 6.4536199951e+02 6.4537799072e+02 6.4539599609e+02 6.4544396973e+02 6.4550598145e+02 6.4555999756e+02 6.4560601807e+02 6.4564599609e+02 6.4568103027e+02 6.4571801758e+02 6.4576000977e+02 6.4580902100e+02 6.4584802246e+02 6.4587799072e+02 6.4590100098e+02 6.4589398193e+02 6.4586999512e+02 6.4586401367e+02 6.4586401367e+02 6.4586297607e+02 6.4586602783e+02 6.4585699463e+02 6.4585498047e+02 6.4584698486e+02 6.4582202148e+02 6.4584997559e+02 6.4589898682e+02 6.4594897461e+02 6.4599902344e+02 6.4604400635e+02 6.4609100342e+02 6.4613702393e+02 6.4616699219e+02 6.4619702148e+02 6.4621801758e+02 6.4625000000e+02
6.4502899170e+02 6.4506500244e+02 6.4510101318e+02 6.4513500977e+02 6.4517797852e+02 6.4520202637e+02 6.4524298096e+02 6.4528198242e+02 6.4530798340e+02 6.4533599854e+02 6.4536297607e+02 6.4538500977e+02 6.4540698242e+02 6.4545300293e+02 6.4551300049e+02 6.4556298828e+02 6.4560101318e+02 6.4564898682e+02 6.4569201660e+02 6.4573400879e+02 6.4578198242e+02 6.4583099365e+02 6.4586999512e+02 6.4589898682e+02 6.4591497803e+02 6.4589801025e+02 6.4587097168e+02 6.4586999512e+02 6.4587402344e+02 6.4587097168e+02 6.4586901855e+02 6.4585601807e+02 6.4586297607e+02 6.4583898926e+02 6.4581799316e+02 6.4586901855e+02 6.4591802979e+02 6.4596301270e+02 6.4601702881e+02 6.4607000732e+02 6.4612597656e+02 6.4616400146e+02 6.4619097900e+02 6.4622100830e+02 6.4624298096e+02 6.4628100586e+02
6.4502697754e+02 6.4505999756e+02 6.4509301758e+02 6.4512402344e+02 6.4516497803e+02 6.4520397949e+02 6.4523901367e+02 6.4527502441e+02 6.4530603027e+02 6.4533599854e+02 6.4536297607e+02 6.4538598633e+02 6.4540997314e+02 6.4546301270e+02 6.4552600098e+02 6.4557501221e+02 6.4560998535e+02 6.4565802002e+02 6.4570599365e+02 6.4575097656e+02 6.4579797363e+02 6.4583801270e+02 6.4587701416e+02 6.4590802002e+02 6.4591400146e+02 6.4589300537e+02 6.4587200928e+02 6.4587500000e+02 6.4588397217e+02 6.4587701416e+02 6.4587402344e+02 6.4586297607e+02 6.4587298584e+02 6.4584802246e+02 6.4583502197e+02 6.4589001465e+02 6.4593902588e+02 6.4598101807e+02 6.4603497314e+02 6.4608599854e+02 6.4613702393e+02 6.4617401123e+02 6.4620501709e+02 6.4623901367e+02 6.4627099609e+02 6.4630102539e+02
6.4500701904e+02 6.4504699707e+02 6.4508398438e+02 6.4511297607e+02 6.4515301514e+02 6.4520001221e+02 6.4523699951e+02 6.4527398682e+02 6.4530102539e+02 6.4532897949e+02 6.4535601807e+02 6.4538397217e+02 6.4541699219e+02 6.4546997070e+02 6.4553198242e+02 6.4558099365e+02 6.4561901855e+02 6.4567199707e+02 6.4572302246e+02 6.4577001953e+02 6.4581402588e+02 6.4583898926e+02 6.4587701416e+02 6.4590802002e+02 6.4590997314e+02 6.4589501953e+02 6.4588000488e+02 6.4588098145e+02 6.4588500977e+02 6.4588000488e+02 6.4587799072e+02 6.4586700439e+02 6.4586999512e+02 6.4583898926e+02 6.4585797119e+02 6.4593103027e+02 6.4597198486e+02 6.4601300049e+02 6.4605999756e+02 6.4610699463e+02 6.4615600586e+02 6.4619097900e+02 6.4622399902e+02 6.4625799561e+02 6.4628900146e+02 6.4631402588e+02
6.4499200439e+02 6.4502801514e+02 6.4506701660e+02 6.4509899902e+02 6.4514001465e+02 6.4518402100e+02 6.4522802734e+02 6.4527001953e+02 6.4529797363e+02 6.4532598877e+02 6.4535498047e+02 6.4539501953e+02 6.4543597412e+02 6.4547900391e+02 6.4553198242e+02 6.4558001709e+02 6.4562402344e+02 6.4567700195e+02 6.4572802734e+02 6.4577697754e+02 6.4581799316e+02 6.4584197998e+02 6.4587701416e+02 6.4589599609e+02 6.4589501953e+02 6.4589501953e+02 6.4588299561e+02 6.4587701416e+02 6.4587200928e+02 6.4587200928e+02 6.4587597656e+02 6.4586499023e+02 6.4586297607e+02 6.4585302734e+02 6.4589501953e+02 6.4596398926e+02 6.4599700928e+02 6.4604400635e+02 6.4609698486e+02 6.4614202881e+02 6.4617901611e+02 6.4621099854e+02 6.4624401855e+02 6.4627801514e+02 6.4630999756e+02 6.4634197998e+02
6.4497900391e+02 6.4500701904e+02 6.4504797363e+02 6.4508599854e+02 6.4513702393e+02 6.4516998291e+02 6.4521398926e+02 6.4526501465e+02 6.4530603027e+02 6.4533300781e+02 6.4536297607e+02 6.4540802002e+02 6.4545397949e+02 6.4548999023e+02 6.4553802490e+02 6.4558599854e+02 6.4563201904e+02 6.4567700195e+02 6.4572302246e+02 6.4577099609e+02 6.4581402588e+02 6.4584100342e+02 6.4586999512e+02 6.4588098145e+02 6.4588397217e+02 6.4589398193e+02 6.4588702393e+02 6.4588000488e+02 6.4586901855e+02 6.4586499023e+02 6.4587200928e+02 6.4586199951e+02 6.4584802246e+02 6.4586602783e+02 6.4592401123e+02 6.4598101807e+02 6.4600500488e+02 6.4605700684e+02 6.4611901855e+02 6.4616900635e+02 6.4619897461e+02 6.4623101807e+02 6.4626397705e+02 6.4629797363e+02 6.4632897949e+02 6.4636297607e+02
6.4496502686e+02 6.4499499512e+02 6.4503900146e+02 6.4508502197e+02 6.4513000488e+02 6.4515802002e+02 6.4520202637e+02 6.4526000977e+02 6.4531896973e+02 6.4534899902e+02 6.4537298584e+02 6.4541699219e+02 6.4546801758e+02 6.4551000977e+02 6.4555603027e+02 6.4560198975e+02 6.4564697266e+02 6.4568298340e+02 6.4572198486e+02 6.4577001953e+02 6.4581402588e+02 6.4583599854e+02 6.4586297607e+02 6.4588000488e+02 6.4589001465e+02 6.4589501953e+02 6.4589599609e+02 6.4589501953e+02 6.4588397217e+02 6.4586999512e+02 6.4587200928e+02 6.4585998535e+02 6.4583801270e+02 6.4586602783e+02 6.4593701172e+02 6.4599401855e+02 6.4602600098e+02 6.4608197021e+02 6.4613897705e+02 6.4618402100e+02 6.4620800781e+02 6.4624798584e+02 6.4628601074e+02 6.4632098389e+02 6.4635998535e+02 6.4639599609e+02
6.4496099854e+02 6.4499102783e+02 6.4502801514e+02 6.4507000732e+02 6.4511700439e+02 6.4515502930e+02 6.4521697998e+02 6.4527197266e+02 6.4530102539e+02 6.4533398438e+02 6.4536602783e+02 6.4541497803e+02 6.4547998047e+02 6.4554998779e+02 6.4559600830e+02 6.4561798096e+02 6.4564697266e+02 6.4569097900e+02 6.4573797607e+02 6.4578399658e+02 6.4581799316e+02 6.4583898926e+02 6.4585998535e+02 6.4587799072e+02 6.4588702393e+02 6.4589300537e+02 6.4589202881e+02 6.4588598633e+02 6.4587799072e+02 6.4587200928e+02 6.4586999512e+02 6.4584899902e+02 6.4583398438e+02 6.4588598633e+02 6.4596301270e+02 6.4601800537e+02 6.4605401611e+02 6.4611602783e+02 6.4616998291e+02 6.4620599365e+02 6.4622601318e+02 6.4626202393e+02 6.4630700684e+02 6.4634399414e+02 6.4638098145e+02 6.4641900635e+02
6.4495300293e+02 6.4498400879e+02 6.4502099609e+02 6.4506402588e+02 6.4511297607e+02 6.4516101074e+02 6.4523101807e+02 6.4527398682e+02 6.4527600098e+02 6.4532202148e+02 6.4537298584e+02 6.4542700195e+02 6.4549102783e+02 6.4558502197e+02 6.4563897705e+02 6.4565197754e+02 6.4567102051e+02 6.4572302246e+02 6.4577398682e+02 6.4580902100e+02 6.4582501221e+02 6.4583898926e+02 6.4585601807e+02 6.4587597656e+02 6.4588702393e+02 6.4588397217e+02 6.4587500000e+02 6.4586901855e+02 6.4586999512e+02 6.4587097168e+02 6.4586602783e+02 6.4584100342e+02 6.4584100342e+02 6.4590301514e+02 6.4597100830e+02 6.4602502441e+02 6.4606896973e+02 6.4613598633e+02 6.4619299316e+02 6.4622900391e+02 6.4625402832e+02 6.4629302979e+02 6.4633697510e+02 6.4636999512e+02 6.4640502930e+02 6.4644299316e+02
6.4493298340e+02 6.4497399902e+02 6.4501702881e+02 6.4505902100e+02 6.4510198975e+02 6.4515301514e+02 6.4522399902e+02 6.4526300049e+02 6.4526898193e+02 6.4532897949e+02 6.4538800049e+02 6.4543798828e+02 6.4549597168e+02 6.4558801270e+02 6.4565502930e+02 6.4568499756e+02 6.4572100830e+02 6.4577801514e+02 6.4582598877e+02 6.4584497070e+02 6.4584399414e+02 6.4583898926e+02 6.4584997559e+02 6.4587200928e+02 6.4588397217e+02 6.4587799072e+02 6.4586602783e+02 6.4585900879e+02 6.4586401367e+02 6.4586700439e+02 6.4585198975e+02 6.4583197021e+02 6.4585900879e+02 6.4592102051e+02 6.4597698975e+02 6.4602099609e+02 6.4606201172e+02 6.4613702393e+02 6.4619897461e+02 6.4623199463e+02 6.4626599121e+02 6.4631298828e+02 6.4635400391e+02 6.4638897705e+02 6.4642700195e+02 6.4646997070e+02
6.4491101074e+02 6.4496600342e+02 6.4501000977e+02 6.4503802490e+02 6.4506896973e+02 6.4514202881e+02 6.4520800781e+02 6.4525201416e+02 6.4528002930e+02 6.4532800293e+02 6.4537597656e+02 6.4541998291e+02 6.4547399902e+02 6.4556896973e+02 6.4564202881e+02 6.4569799805e+02 6.4573797607e+02 6.4579998779e+02 6.4584698486e+02 6.4586700439e+02 6.4584197998e+02 6.4582098389e+02 6.4583001709e+02 6.4585400391e+02 6.4586999512e+02 6.4587298584e+02 6.4586602783e+02 6.4585302734e+02 6.4585198975e+02 6.4584802246e+02 6.4583001709e+02 6.4582598877e+02 6.4587902832e+02 6.4594702148e+02 6.4600000000e+02 6.4603802490e+02 6.4606799316e+02 6.4614099121e+02 6.4619799805e+02 6.4622998047e+02 6.4627899170e+02 6.4632702637e+02 6.4636499023e+02 6.4640100098e+02 6.4644000244e+02 6.4648797607e+02
6.4490600586e+02 6.4496398926e+02 6.4501202393e+02 6.4502801514e+02 6.4504797363e+02 6.4513702393e+02 6.4521502686e+02 6.4525598145e+02 6.4527502441e+02 6.4533398438e+02 6.4539202881e+02 6.4544000244e+02 6.4549298096e+02 6.4556500244e+02 6.4562597656e+02 6.4567901611e+02 6.4572399902e+02 6.4577600098e+02 6.4583197021e+02 6.4586401367e+02 6.4583599854e+02 6.4581298828e+02 6.4582800293e+02 6.4584899902e+02 6.4584899902e+02 6.4584899902e+02 6.4584698486e+02 6.4584002686e+02 6.4584399414e+02 6.4583502197e+02 6.4581597900e+02 6.4582397461e+02 6.4589398193e+02 6.4596398926e+02 6.4601397705e+02 6.4605902100e+02 6.4609600830e+02 6.4616400146e+02 6.4620800781e+02 6.4623797607e+02 6.4628698730e+02 6.4633099365e+02 6.4637298584e+02 6.4641497803e+02 6.4645697021e+02 6.4650402832e+02
6.4490100098e+02 6.4494897461e+02 6.4500500488e+02 6.4504199219e+02 6.4505999756e+02 6.4512097168e+02 6.4519500732e+02 6.4523797607e+02 6.4526501465e+02 6.4535498047e+02 6.4543298340e+02 6.4549102783e+02 6.4553497314e+02 6.4558001709e+02 6.4562402344e+02 6.4566601563e+02 6.4570300293e+02 6.4575500488e+02 6.4582000732e+02 6.4585998535e+02 6.4583697510e+02 6.4581701660e+02 6.4583197021e+02 6.4584497070e+02 6.4583398438e+02 6.4584002686e+02 6.4583898926e+02 6.4582897949e+02 6.4583197021e+02 6.4582202148e+02 6.4580200195e+02 6.4582000732e+02 6.4589697266e+02 6.4596301270e+02 6.4600897217e+02 6.4605798340e+02 6.4610998535e+02 6.4617901611e+02 6.4622302246e+02 6.4625799561e+02 6.4629998779e+02 6.4634002686e+02 6.4638201904e+02 6.4642401123e+02 6.4647100830e+02 6.4651898193e+02
6.4489398193e+02 6.4492602539e+02 6.4499401855e+02 6.4506799316e+02 6.4510302734e+02 6.4510699463e+02 6.4516302490e+02 6.4522802734e+02 6.4527398682e+02 6.4538201904e+02 6.4547497559e+02 6.4554199219e+02 6.4558099365e+02 6.4560699463e+02 6.4563800049e+02 6.4566998291e+02 6.4569897461e+02 6.4574401855e+02 6.4580700684e+02 6.4584802246e+02 6.4583398438e+02 6.4581799316e+02 6.4583001709e+02 6.4583697510e+02 6.4582397461e+02 6.4583099365e+02 6.4582800293e+02 6.4581402588e+02 6.4581402588e+02 6.4579998779e+02 6.4578802490e+02 6.4582501221e+02 6.4590600586e+02 6.4596697998e+02 6.4600897217e+02 6.4605902100e+02 6.4612200928e+02 6.4618701172e+02 6.4623199463e+02 6.4626800537e+02 6.4630798340e+02 6.4634899902e+02 6.4639099121e+02 6.4643298340e+02 6.4648101807e+02 6.4653198242e+02
