TESTSERVER/18/12.asc
NCOLS 100
NROWS 100
XLLCORNER 8.3997500000e+03
YLLCORNER 2.8935025000e+05
CELLSIZE 5.0000000000e-01
NODATA_VALUE -9.9990000000e+03
[rows 40 to 59 of 100, columns 0 to 45 of 100]
6.4409497070e+02 6.4412701416e+02 6.4416998291e+02 6.4419000244e+02 6.4422802734e+02 6.4425897217e+02 6.4428399658e+02 6.4430902100e+02 6.4433801270e+02 6.4437500000e+02 6.4440600586e+02 6.4441998291e+02 6.4444598389e+02 6.4446997070e+02 6.4448797607e+02 6.4450500488e+02 6.4451898193e+02 6.4454498291e+02 6.4457598877e+02 6.4460101318e+02 6.4462597656e+02 6.4464801025e+02 6.4467199707e+02 6.4468798828e+02 6.4470300293e+02 6.4470599365e+02 6.4470202637e+02 6.4471899414e+02 6.4473498535e+02 6.4474499512e+02 6.4475799561e+02 6.4474902344e+02 6.4475500488e+02 6.4477099609e+02 6.4477099609e+02 6.4475097656e+02 6.4474798584e+02 6.4475299072e+02 6.4474597168e+02 6.4475000000e+02 6.4475598145e+02 6.4474298096e+02 6.4473999023e+02 6.4475201416e+02 6.4475299072e+02 6.4476702881e+02
6.4409197998e+02 6.4412402344e+02 6.4416198730e+02 6.4419097900e+02 6.4423297119e+02 6.4425897217e+02 6.4428302002e+02 6.4431500244e+02 6.4433697510e+02 6.4436798096e+02 6.4439801025e+02 6.4441302490e+02 6.4444000244e+02 6.4446398926e+02 6.4447900391e+02 6.4449597168e+02 6.4451702881e+02 6.4454901123e+02 6.4457897949e+02 6.4461401367e+02 6.4463299561e+02 6.4464300537e+02 6.4465600586e+02 6.4468200684e+02 6.4471301270e+02 6.4472497559e+02 6.4471301270e+02 6.4471899414e+02 6.4474597168e+02 6.4475897217e+02 6.4476000977e+02 6.4476202393e+02 6.4477099609e+02 6.4477697754e+02 6.4476898193e+02 6.4477502441e+02 6.4478497314e+02 6.4478601074e+02 6.4476800537e+02 6.4476702881e+02 6.4477899170e+02 6.4476898193e+02 6.4477197266e+02 6.4477600098e+02 6.4476702881e+02 6.4478900146e+02
6.4409100342e+02 6.4412097168e+02 6.4415899658e+02 6.4418902588e+02 6.4422698975e+02 6.4425097656e+02 6.4427600098e+02 6.4431298828e+02 6.4433300781e+02 6.4436102295e+02 6.4438702393e+02 6.4440197754e+02 6.4443402100e+02 6.4446398926e+02 6.4447998047e+02 6.4449200439e+02 6.4451300049e+02 6.4454498291e+02 6.4457397461e+02 6.4460900879e+02 6.4462701416e+02 6.4463897705e+02 6.4465100098e+02 6.4467498779e+02 6.4470501709e+02 6.4472100830e+02 6.4471997070e+02 6.4472802734e+02 6.4475097656e+02 6.4476501465e+02 6.4477099609e+02 6.4478302002e+02 6.4478601074e+02 6.4478900146e+02 6.4478198242e+02 6.4478802490e+02 6.4479998779e+02 6.4480700684e+02 6.4478997803e+02 6.4479797363e+02 6.4480999756e+02 6.4479498291e+02 6.4479400635e+02 6.4479498291e+02 6.4478497314e+02 6.4480499268e+02
6.4408801270e+02 6.4411401367e+02 6.4415301514e+02 6.4417901611e+02 6.4421600342e+02 6.4424102783e+02 6.4426000977e+02 6.4428997803e+02 6.4431799316e+02 6.4435400391e+02 6.4437799072e+02 6.4439001465e+02 6.4442297363e+02 6.4445397949e+02 6.4447900391e+02 6.4449499512e+02 6.4451202393e+02 6.4453900146e+02 6.4456402588e+02 6.4459698486e+02 6.4461798096e+02 6.4463500977e+02 6.4465100098e+02 6.4467199707e+02 6.4469299316e+02 6.4471099854e+02 6.4472399902e+02 6.4474401855e+02 6.4475897217e+02 6.4476800537e+02 6.4478100586e+02 6.4480102539e+02 6.4480700684e+02 6.4481701660e+02 6.4480102539e+02 6.4480297852e+02 6.4481201172e+02 6.4482299805e+02 6.4481799316e+02 6.4483300781e+02 6.4483898926e+02 6.4482299805e+02 6.4482000732e+02 6.4482098389e+02 6.4481402588e+02 6.4483398438e+02
6.4407202148e+02 6.4409997559e+02 6.4413800049e+02 6.4416198730e+02 6.4420098877e+02 6.4422900391e+02 6.4424298096e+02 6.4426702881e+02 6.4429699707e+02 6.4434002686e+02 6.4437402344e+02 6.4438897705e+02 6.4441601563e+02 6.4444201660e+02 6.4447802734e+02 6.4449102783e+02 6.4450500488e+02 6.4452600098e+02 6.4454302979e+02 6.4458001709e+02 6.4461102295e+02 6.4462701416e+02 6.4465002441e+02 6.4466601563e+02 6.4468298340e+02 6.4470098877e+02 6.4472100830e+02 6.4474798584e+02 6.4475799561e+02 6.4476397705e+02 6.4478497314e+02 6.4480798340e+02 6.4482299805e+02 6.4483398438e+02 6.4480798340e+02 6.4481597900e+02 6.4483099365e+02 6.4483801270e+02 6.4483898926e+02 6.4485498047e+02 6.4485900879e+02 6.4484997559e+02 6.4484997559e+02 6.4486798096e+02 6.4486499023e+02 6.4487402344e+02
6.4404602051e+02 6.4408001709e+02 6.4411700439e+02 6.4414001465e+02 6.4417797852e+02 6.4420397949e+02 6.4422302246e+02 6.4425000000e+02 6.4427801514e+02 6.4431597900e+02 6.4434997559e+02 6.4437701416e+02 6.4440197754e+02 6.4442498779e+02 6.4445898438e+02 6.4446697998e+02 6.4448199463e+02 6.4450897217e+02 6.4452502441e+02 6.4456097412e+02 6.4459301758e+02 6.4461297607e+02 6.4463897705e+02 6.4465502930e+02 6.4467199707e+02 6.4469000244e+02 6.4470898438e+02 6.4473101807e+02 6.4474401855e+02 6.4476202393e+02 6.4478698730e+02 6.4480603027e+02 6.4481799316e+02 6.4483599854e+02 6.4482098389e+02 6.4482397461e+02 6.4484100342e+02 6.4485900879e+02 6.4486798096e+02 6.4487701416e+02 6.4488800049e+02 6.4487799072e+02 6.4488299561e+02 6.4490502930e+02 6.4491101074e+02 6.4491900635e+02
6.4402099609e+02 6.4405999756e+02 6.4409802246e+02 6.4412799072e+02 6.4416400146e+02 6.4418597412e+02 6.4420202637e+02 6.4422998047e+02 6.4426098633e+02 6.4429602051e+02 6.4432800293e+02 6.4435400391e+02 6.4437799072e+02 6.4440399170e+02 6.4443402100e+02 6.4445098877e+02 6.4447698975e+02 6.4450897217e+02 6.4451800537e+02 6.4454199219e+02 6.4457202148e+02 6.4459497070e+02 6.4461999512e+02 6.4464202881e+02 6.4465997314e+02 6.4467199707e+02 6.4468701172e+02 6.4471502686e+02 6.4473999023e+02 6.4476300049e+02 6.4477899170e+02 6.4479101563e+02 6.4480700684e+02 6.4483099365e+02 6.4483197021e+02 6.4483599854e+02 6.4484698486e+02 6.4487298584e+02 6.4489398193e+02 6.4489801025e+02 6.4491101074e+02 6.4490899658e+02 6.4491802979e+02 6.4494000244e+02 6.4494799805e+02 6.4495697021e+02
6.4400299072e+02 6.4404101563e+02 6.4408099365e+02 6.4410900879e+02 6.4414501953e+02 6.4416900635e+02 6.4418597412e+02 6.4421197510e+02 6.4424102783e+02 6.4427197266e+02 6.4430401611e+02 6.4432598877e+02 6.4435498047e+02 6.4438800049e+02 6.4440997314e+02 6.4443200684e+02 6.4446502686e+02 6.4449798584e+02 6.4450402832e+02 6.4452301025e+02 6.4455102539e+02 6.4457397461e+02 6.4459301758e+02 6.4462097168e+02 6.4464801025e+02 6.4466400146e+02 6.4467498779e+02 6.4470599365e+02 6.4473797607e+02 6.4476300049e+02 6.4477600098e+02 6.4478601074e+02 6.4480902100e+02 6.4483099365e+02 6.4483197021e+02 6.4484600830e+02 6.4485900879e+02 6.4488397217e+02 6.4490502930e+02 6.4490197754e+02 6.4492401123e+02 6.4493103027e+02 6.4493701172e+02 6.4495898438e+02 6.4496899414e+02 6.4498297119e+02
6.4398999023e+02 6.4402301025e+02 6.4406597900e+02 6.4408599854e+02 6.4411798096e+02 6.4414599609e+02 6.4416497803e+02 6.4419201660e+02 6.4421502686e+02 6.4424200439e+02 6.4427502441e+02 6.4430297852e+02 6.4432800293e+02 6.4435797119e+02 6.4438598633e+02 6.4440802002e+02 6.4443798828e+02 6.4446502686e+02 6.4447497559e+02 6.4450299072e+02 6.4453399658e+02 6.4455700684e+02 6.4456799316e+02 6.4459600830e+02 6.4463397217e+02 6.4466302490e+02 6.4466900635e+02 6.4468597412e+02 6.4472198486e+02 6.4475402832e+02 6.4478002930e+02 6.4478900146e+02 6.4481298828e+02 6.4483898926e+02 6.4485101318e+02 6.4485601807e+02 6.4487799072e+02 6.4489697266e+02 6.4489898682e+02 6.4490899658e+02 6.4493402100e+02 6.4494097900e+02 6.4495001221e+02 6.4497100830e+02 6.4498101807e+02 6.4500000000e+02
6.4396997070e+02 6.4400299072e+02 6.4404302979e+02 6.4406701660e+02 6.4409600830e+02 6.4412799072e+02 6.4414501953e+02 6.4416802979e+02 6.4419396973e+02 6.4422399902e+02 6.4425402832e+02 6.4427899170e+02 6.4430499268e+02 6.4433001709e+02 6.4436102295e+02 6.4438897705e+02 6.4441802979e+02 6.4443902588e+02 6.4444897461e+02 6.4447802734e+02 6.4451000977e+02 6.4453399658e+02 6.4454901123e+02 6.4456597900e+02 6.4459600830e+02 6.4463000488e+02 6.4464599609e+02 6.4467401123e+02 6.4470898438e+02 6.4473699951e+02 6.4476397705e+02 6.4478302002e+02 6.4479901123e+02 6.4482397461e+02 6.4483801270e+02 6.4484802246e+02 6.4486602783e+02 6.4489099121e+02 6.4491198730e+02 6.4492700195e+02 6.4495300293e+02 6.4495800781e+02 6.4497198486e+02 6.4498797607e+02 6.4499200439e+02 6.4501300049e+02
6.4394500732e+02 6.4397497559e+02 6.4400598145e+02 6.4403002930e+02 6.4406298828e+02 6.4409802246e+02 6.4412701416e+02 6.4415002441e+02 6.4417602539e+02 6.4420501709e+02 6.4422698975e+02 6.4424798584e+02 6.4427600098e+02 6.4430297852e+02 6.4433502197e+02 6.4436199951e+02 6.4438897705e+02 6.4441400146e+02 6.4442999268e+02 6.4446301270e+02 6.4449200439e+02 6.4451300049e+02 6.4453100586e+02 6.4454699707e+02 6.4457299805e+02 6.4460998535e+02 6.4462799072e+02 6.4465802002e+02 6.4468597412e+02 6.4471197510e+02 6.4474597168e+02 6.4476800537e+02 6.4478698730e+02 6.4481597900e+02 6.4483001709e+02 6.4484802246e+02 6.4486401367e+02 6.4488598633e+02 6.4491601563e+02 6.4492999268e+02 6.4495300293e+02 6.4495697021e+02 6.4497802734e+02 6.4499499512e+02 6.4499902344e+02 6.4502600098e+02
6.4390802002e+02 6.4394201660e+02 6.4396997070e+02 6.4399798584e+02 6.4403198242e+02 6.4406298828e+02 6.4409802246e+02 6.4412298584e+02 6.4414697266e+02 6.4417700195e+02 6.4419799805e+02 6.4421899414e+02 6.4424902344e+02 6.4428302002e+02 6.4431701660e+02 6.4433898926e+02 6.4436401367e+02 6.4439398193e+02 6.4441302490e+02 6.4444500732e+02 6.4446899414e+02 6.4448901367e+02 6.4451202393e+02 6.4453302002e+02 6.4456201172e+02 6.4460198975e+02 6.4461901855e+02 6.4464099121e+02 6.4466900635e+02 6.4469396973e+02 6.4473297119e+02 6.4475799561e+02 6.4477197266e+02 6.4480102539e+02 6.4481799316e+02 6.4484899902e+02 6.4487097168e+02 6.4488299561e+02 6.4490100098e+02 6.4491699219e+02 6.4494097900e+02 6.4494799805e+02 6.4497302246e+02 6.4499700928e+02 6.4501000977e+02 6.4503997803e+02
6.4385998535e+02 6.4390502930e+02 6.4394097900e+02 6.4397698975e+02 6.4400897217e+02 6.4403100586e+02 6.4405999756e+02 6.4408300781e+02 6.4410797119e+02 6.4414202881e+02 6.4417102051e+02 6.4420001221e+02 6.4422998047e+02 6.4426098633e+02 6.4429400635e+02 6.4431298828e+02 6.4433599854e+02 6.4436700439e+02 6.4438500977e+02 6.4441198730e+02 6.4443597412e+02 6.4445898438e+02 6.4448901367e+02 6.4450897217e+02 6.4453601074e+02 6.4457397461e+02 6.4460400391e+02 6.4463098145e+02 6.4466497803e+02 6.4468701172e+02 6.4469799805e+02 6.4472802734e+02 6.4474902344e+02 6.4477600098e+02 6.4479998779e+02 6.4484197998e+02 6.4486999512e+02 6.4487597656e+02 6.4488000488e+02 6.4491198730e+02 6.4493798828e+02 6.4494702148e+02 6.4497497559e+02 6.4500799561e+02 6.4502600098e+02 6.4505200195e+02
6.4382299805e+02 6.4385900879e+02 6.4389300537e+02 6.4392700195e+02 6.4396398926e+02 6.4399798584e+02 6.4402801514e+02 6.4405297852e+02 6.4408001709e+02 6.4411901855e+02 6.4415100098e+02 6.4418701172e+02 6.4421502686e+02 6.4423297119e+02 6.4425299072e+02 6.4427398682e+02 6.4430200195e+02 6.4433398438e+02 6.4435601807e+02 6.4439398193e+02 6.4441900635e+02 6.4444500732e+02 6.4447802734e+02 6.4450000000e+02 6.4452001953e+02 6.4454998779e+02 6.4458697510e+02 6.4461798096e+02 6.4464398193e+02 6.4466400146e+02 6.4468103027e+02 6.4471197510e+02 6.4473797607e+02 6.4476397705e+02 6.4479101563e+02 6.4482202148e+02 6.4484497070e+02 6.4486798096e+02 6.4488598633e+02 6.4491900635e+02 6.4494799805e+02 6.4495098877e+02 6.4497100830e+02 6.4500897217e+02 6.4503302002e+02 6.4505603027e+02
6.4378997803e+02 6.4382897949e+02 6.4386199951e+02 6.4389001465e+02 6.4392700195e+02 6.4396197510e+02 6.4399499512e+02 6.4402801514e+02 6.4405902100e+02 6.4409399414e+02 6.4412097168e+02 6.4415502930e+02 6.4418597412e+02 6.4420300293e+02 6.4422198486e+02 6.4424102783e+02 6.4426702881e+02 6.4429998779e+02 6.4432501221e+02 6.4436999512e+02 6.4439501953e+02 6.4441802979e+02 6.4445599365e+02 6.4448602295e+02 6.4450201416e+02 6.4452398682e+02 6.4456597900e+02 6.4459497070e+02 6.4461798096e+02 6.4464501953e+02 6.4467401123e+02 6.4470098877e+02 6.4472698975e+02 6.4475299072e+02 6.4478198242e+02 6.4481298828e+02 6.4483398438e+02 6.4485998535e+02 6.4487799072e+02 6.4490899658e+02 6.4494097900e+02 6.4495001221e+02 6.4496502686e+02 6.4500000000e+02 6.4502502441e+02 6.4504998779e+02
6.4375299072e+02 6.4379101563e+02 6.4382000732e+02 6.4385101318e+02 6.4389001465e+02 6.4392602539e+02 6.4395599365e+02 6.4399401855e+02 6.4402398682e+02 6.4405700684e+02 6.4408502197e+02 6.4411700439e+02 6.4415100098e+02 6.4417297363e+02 6.4419702148e+02 6.4422198486e+02 6.4424902344e+02 6.4427801514e+02 6.4429797363e+02 6.4433502197e+02 6.4435699463e+02 6.4438201904e+02 6.4442401123e+02 6.4446301270e+02 6.4448199463e+02 6.4450201416e+02 6.4455603027e+02 6.4458001709e+02 6.4460302734e+02 6.4463500977e+02 6.4466699219e+02 6.4469000244e+02 6.4471600342e+02 6.4474200439e+02 6.4477197266e+02 6.4480603027e+02 6.4483197021e+02 6.4485797119e+02 6.4487597656e+02 6.4490600586e+02 6.4493298340e+02 6.4494799805e+02 6.4496899414e+02 6.4500000000e+02 6.4502197266e+02 6.4504998779e+02
6.4371899414e+02 6.4374700928e+02 6.4376898193e+02 6.4380902100e+02 6.4384997559e+02 6.4388800049e+02 6.4391802979e+02 6.4394702148e+02 6.4397698975e+02 6.4401000977e+02 6.4404699707e+02 6.4408398438e+02 6.4411700439e+02 6.4414099121e+02 6.4416699219e+02 6.4419299316e+02 6.4422601318e+02 6.4425897217e+02 6.4427697754e+02 6.4431201172e+02 6.4433697510e+02 6.4436199951e+02 6.4440399170e+02 6.4443597412e+02 6.4446002197e+02 6.4448400879e+02 6.4455102539e+02 6.4457000732e+02 6.4458801270e+02 6.4462298584e+02 6.4466302490e+02 6.4467999268e+02 6.4470202637e+02 6.4472900391e+02 6.4475201416e+02 6.4478802490e+02 6.4482299805e+02 6.4485101318e+02 6.4487701416e+02 6.4490600586e+02 6.4492797852e+02 6.4494702148e+02 6.4497198486e+02 6.4499401855e+02 6.4500897217e+02 6.4503997803e+02
6.4366802979e+02 6.4369702148e+02 6.4373101807e+02 6.4377502441e+02 6.4382000732e+02 6.4385498047e+02 6.4387701416e+02 6.4390899658e+02 6.4393499756e+02 6.4396697998e+02 6.4400402832e+02 6.4404199219e+02 6.4408099365e+02 6.4411297607e+02 6.4414300537e+02 6.4416802979e+02 6.4419396973e+02 6.4422497559e+02 6.4424499512e+02 6.4428997803e+02 6.4432702637e+02 6.4435198975e+02 6.4438397217e+02 6.4441699219e+02 6.4444097900e+02 6.4445800781e+02 6.4450799561e+02 6.4453601074e+02 6.4456701660e+02 6.4460900879e+02 6.4464202881e+02 6.4466400146e+02 6.4469299316e+02 6.4472601318e+02 6.4474200439e+02 6.4476800537e+02 6.4479998779e+02 6.4483197021e+02 6.4485797119e+02 6.4488800049e+02 6.4491400146e+02 6.4493597412e+02 6.4496600342e+02 6.4498901367e+02 6.4500897217e+02 6.4504400635e+02
6.4361700439e+02 6.4365502930e+02 6.4369598389e+02 6.4373498535e+02 6.4377801514e+02 6.4381201172e+02 6.4383398438e+02 6.4387200928e+02 6.4390197754e+02 6.4393499756e+02 6.4396197510e+02 6.4399200439e+02 6.4403302002e+02 6.4406896973e+02 6.4409997559e+02 6.4413397217e+02 6.4416900635e+02 6.4419799805e+02 6.4421600342e+02 6.4426202393e+02 6.4429901123e+02 6.4432299805e+02 6.4435400391e+02 6.4439001465e+02 6.4442199707e+02 6.4444702148e+02 6.4448199463e+02 6.4451501465e+02 6.4454797363e+02 6.4458801270e+02 6.4461602783e+02 6.4464599609e+02 6.4468597412e+02 6.4472100830e+02 6.4473999023e+02 6.4476300049e+02 6.4478900146e+02 6.4482098389e+02 6.4484197998e+02 6.4487097168e+02 6.4490698242e+02 6.4492999268e+02 6.4495800781e+02 6.4498297119e+02 6.4501599121e+02 6.4505603027e+02
6.4357598877e+02 6.4361199951e+02 6.4365002441e+02 6.4368499756e+02 6.4372698975e+02 6.4376501465e+02 6.4379302979e+02 6.4383398438e+02 6.4386798096e+02 6.4390100098e+02 6.4391497803e+02 6.4394000244e+02 6.4398199463e+02 6.4402099609e+02 6.4405401611e+02 6.4409002686e+02 6.4413299561e+02 6.4416302490e+02 6.4418499756e+02 6.4423101807e+02 6.4426202393e+02 6.4428900146e+02 6.4432598877e+02 6.4435699463e+02 6.4439501953e+02 6.4443701172e+02 6.4447399902e+02 6.4450299072e+02 6.4453198242e+02 6.4456701660e+02 6.4459698486e+02 6.4463201904e+02 6.4466802979e+02 6.4469897461e+02 6.4472802734e+02 6.4475299072e+02 6.4477600098e+02 6.4481201172e+02 6.4483197021e+02 6.4485998535e+02 6.4490197754e+02 6.4493103027e+02 6.4495800781e+02 6.4498602295e+02 6.4502301025e+02 6.4505902100e+02
