TESTSERVER/18/13.asc
NCOLS 100
NROWS 100
XLLCORNER 8.3997500000e+03
YLLCORNER 2.8930025000e+05
CELLSIZE 5.0000000000e-01
NODATA_VALUE -9.9990000000e+03
[rows 80 to 99 of 100, columns 46 to 91 of 100]
6.2789202881e+02 6.2799902344e+02 6.2811999512e+02 6.2826702881e+02 6.2842102051e+02 6.2856298828e+02 6.2872399902e+02 6.2885101318e+02 6.2893298340e+02 6.2903302002e+02 6.2916802979e+02 6.2928698730e+02 6.2938702393e+02 6.2948901367e+02 6.2963598633e+02 6.2981597900e+02 6.3000500488e+02 6.3019702148e+02 6.3038000488e+02 6.3058099365e+02 6.3080902100e+02 6.3101599121e+02 6.3121301270e+02 6.3139898682e+02 6.3156500244e+02 6.3166699219e+02 6.3180297852e+02 6.3197399902e+02 6.3214501953e+02 6.3232202148e+02 6.3253399658e+02 6.3276397705e+02 6.3296301270e+02 6.3309197998e+02 6.3326300049e+02 6.3347802734e+02 6.3374401855e+02 6.3401800537e+02 6.3422601318e+02 6.3438201904e+02 6.3453997803e+02 6.3469598389e+02 6.3488598633e+02 6.3507299805e+02 6.3525097656e+02 6.3547497559e+02
6.2768902588e+02 6.2779199219e+02 6.2790899658e+02 6.2804901123e+02 6.2817700195e+02 6.2830499268e+02 6.2844201660e+02 6.2854498291e+02 6.2862902832e+02 6.2874102783e+02 6.2885900879e+02 6.2897900391e+02 6.2911999512e+02 6.2922399902e+02 6.2936499023e+02 6.2953100586e+02 6.2972100830e+02 6.2992102051e+02 6.3011297607e+02 6.3030297852e+02 6.3052301025e+02 6.3074102783e+02 6.3094897461e+02 6.3115301514e+02 6.3132397461e+02 6.3139898682e+02 6.3148901367e+02 6.3163201904e+02 6.3180902100e+02 6.3198400879e+02 6.3223199463e+02 6.3249102783e+02 6.3268597412e+02 6.3283599854e+02 6.3298901367e+02 6.3317199707e+02 6.3340301514e+02 6.3365698242e+02 6.3388702393e+02 6.3408001709e+02 6.3425000000e+02 6.3441302490e+02 6.3457800293e+02 6.3477001953e+02 6.3497601318e+02 6.3521197510e+02
6.2746301270e+02 6.2757397461e+02 6.2767700195e+02 6.2780102539e+02 6.2792602539e+02 6.2805999756e+02 6.2818798828e+02 6.2827502441e+02 6.2836102295e+02 6.2848602295e+02 6.2860699463e+02 6.2873199463e+02 6.2888299561e+02 6.2900402832e+02 6.2915698242e+02 6.2932299805e+02 6.2948901367e+02 6.2967602539e+02 6.2987402344e+02 6.3007000732e+02 6.3028002930e+02 6.3049200439e+02 6.3068902588e+02 6.3088201904e+02 6.3105102539e+02 6.3112701416e+02 6.3121502686e+02 6.3136798096e+02 6.3156298828e+02 6.3175000000e+02 6.3199401855e+02 6.3222900391e+02 6.3239300537e+02 6.3254797363e+02 6.3270599365e+02 6.3288702393e+02 6.3309899902e+02 6.3332501221e+02 6.3354998779e+02 6.3375799561e+02 6.3394396973e+02 6.3410900879e+02 6.3426599121e+02 6.3447900391e+02 6.3470800781e+02 6.3490997314e+02
6.2722601318e+02 6.2734002686e+02 6.2743103027e+02 6.2753698730e+02 6.2765997314e+02 6.2779998779e+02 6.2793701172e+02 6.2803997803e+02 6.2814398193e+02 6.2830102539e+02 6.2844396973e+02 6.2855499268e+02 6.2867401123e+02 6.2880999756e+02 6.2898400879e+02 6.2915997314e+02 6.2930700684e+02 6.2946502686e+02 6.2965502930e+02 6.2984899902e+02 6.3005102539e+02 6.3025000000e+02 6.3042199707e+02 6.3059100342e+02 6.3075701904e+02 6.3085797119e+02 6.3096002197e+02 6.3112298584e+02 6.3133197021e+02 6.3152301025e+02 6.3175000000e+02 6.3195501709e+02 6.3209197998e+02 6.3225000000e+02 6.3242401123e+02 6.3261901855e+02 6.3283502197e+02 6.3303698730e+02 6.3324700928e+02 6.3345898438e+02 6.3365899658e+02 6.3383898926e+02 6.3399597168e+02 6.3422198486e+02 6.3446197510e+02 6.3461199951e+02
6.2702600098e+02 6.2710498047e+02 6.2719396973e+02 6.2730200195e+02 6.2742401123e+02 6.2753198242e+02 6.2767602539e+02 6.2780999756e+02 6.2793798828e+02 6.2813800049e+02 6.2830999756e+02 6.2840002441e+02 6.2847198486e+02 6.2862402344e+02 6.2880798340e+02 6.2899401855e+02 6.2915899658e+02 6.2930297852e+02 6.2947497559e+02 6.2964898682e+02 6.2984197998e+02 6.3000701904e+02 6.3015997314e+02 6.3031097412e+02 6.3045898438e+02 6.3056201172e+02 6.3066998291e+02 6.3082897949e+02 6.3102197266e+02 6.3124200439e+02 6.3147601318e+02 6.3167498779e+02 6.3182397461e+02 6.3195898438e+02 6.3213500977e+02 6.3234600830e+02 6.3258599854e+02 6.3276599121e+02 6.3296301270e+02 6.3318402100e+02 6.3340698242e+02 6.3359497070e+02 6.3372802734e+02 6.3393103027e+02 6.3420098877e+02 6.3433099365e+02
6.2681402588e+02 6.2688598633e+02 6.2695800781e+02 6.2707202148e+02 6.2719097900e+02 6.2730401611e+02 6.2743597412e+02 6.2756298828e+02 6.2767498779e+02 6.2788098145e+02 6.2811102295e+02 6.2826300049e+02 6.2836297607e+02 6.2851300049e+02 6.2865197754e+02 6.2878900146e+02 6.2895397949e+02 6.2915698242e+02 6.2936700439e+02 6.2954199219e+02 6.2968298340e+02 6.2980603027e+02 6.2992401123e+02 6.3004602051e+02 6.3017102051e+02 6.3026300049e+02 6.3037298584e+02 6.3052801514e+02 6.3070800781e+02 6.3089599609e+02 6.3110797119e+02 6.3129998779e+02 6.3148101807e+02 6.3163800049e+02 6.3181298828e+02 6.3203100586e+02 6.3227398682e+02 6.3245501709e+02 6.3265899658e+02 6.3289501953e+02 6.3309497070e+02 6.3327301025e+02 6.3340399170e+02 6.3357702637e+02 6.3380902100e+02 6.3399102783e+02
6.2654901123e+02 6.2664697266e+02 6.2671899414e+02 6.2682098389e+02 6.2694097900e+02 6.2705603027e+02 6.2718200684e+02 6.2730297852e+02 6.2740698242e+02 6.2758801270e+02 6.2784497070e+02 6.2806500244e+02 6.2821997070e+02 6.2839001465e+02 6.2849102783e+02 6.2857501221e+02 6.2871398926e+02 6.2892797852e+02 6.2916101074e+02 6.2934997559e+02 6.2947497559e+02 6.2958898926e+02 6.2968499756e+02 6.2978302002e+02 6.2990600586e+02 6.3002899170e+02 6.3014398193e+02 6.3027801514e+02 6.3042999268e+02 6.3059301758e+02 6.3078601074e+02 6.3096801758e+02 6.3115997314e+02 6.3132702637e+02 6.3150598145e+02 6.3172100830e+02 6.3194702148e+02 6.3211102295e+02 6.3231701660e+02 6.3255798340e+02 6.3275500488e+02 6.3292297363e+02 6.3309497070e+02 6.3328698730e+02 6.3346997070e+02 6.3365997314e+02
6.2623400879e+02 6.2636602783e+02 6.2646197510e+02 6.2656701660e+02 6.2668701172e+02 6.2680603027e+02 6.2693200684e+02 6.2705297852e+02 6.2717199707e+02 6.2731500244e+02 6.2753497314e+02 6.2776599121e+02 6.2796301270e+02 6.2815002441e+02 6.2826098633e+02 6.2834399414e+02 6.2845599365e+02 6.2862902832e+02 6.2884399414e+02 6.2902801514e+02 6.2915600586e+02 6.2929199219e+02 6.2939898682e+02 6.2949798584e+02 6.2962701416e+02 6.2978198242e+02 6.2990802002e+02 6.3002801514e+02 6.3016802979e+02 6.3034698486e+02 6.3054400635e+02 6.3071301270e+02 6.3086901855e+02 6.3103497314e+02 6.3121997070e+02 6.3142901611e+02 6.3163500977e+02 6.3177398682e+02 6.3196002197e+02 6.3219000244e+02 6.3240698242e+02 6.3259197998e+02 6.3280200195e+02 6.3301800537e+02 6.3316998291e+02 6.3334100342e+02
6.2588500977e+02 6.2604797363e+02 6.2617999268e+02 6.2631097412e+02 6.2645397949e+02 6.2658898926e+02 6.2672198486e+02 6.2684497070e+02 6.2698101807e+02 6.2708001709e+02 6.2722698975e+02 6.2741802979e+02 6.2760400391e+02 6.2778198242e+02 6.2795001221e+02 6.2810601807e+02 6.2825402832e+02 6.2836499023e+02 6.2852001953e+02 6.2866998291e+02 6.2881896973e+02 6.2894799805e+02 6.2908197021e+02 6.2920001221e+02 6.2931701660e+02 6.2946801758e+02 6.2960601807e+02 6.2973699951e+02 6.2987298584e+02 6.3008300781e+02 6.3029998779e+02 6.3047100830e+02 6.3058697510e+02 6.3075500488e+02 6.3094897461e+02 6.3115802002e+02 6.3136401367e+02 6.3151202393e+02 6.3165802002e+02 6.3184802246e+02 6.3206500244e+02 6.3228698730e+02 6.3250299072e+02 6.3271099854e+02 6.3286499023e+02 6.3304602051e+02
6.2563000488e+02 6.2576397705e+02 6.2589398193e+02 6.2603601074e+02 6.2620599365e+02 6.2638897705e+02 6.2654498291e+02 6.2667102051e+02 6.2678002930e+02 6.2686602783e+02 6.2699401855e+02 6.2715502930e+02 6.2732800293e+02 6.2750500488e+02 6.2769500732e+02 6.2790100098e+02 6.2808197021e+02 6.2818597412e+02 6.2828997803e+02 6.2842199707e+02 6.2858197021e+02 6.2869702148e+02 6.2883197021e+02 6.2896697998e+02 6.2907397461e+02 6.2919598389e+02 6.2932202148e+02 6.2945098877e+02 6.2958599854e+02 6.2978399658e+02 6.3000097656e+02 6.3018798828e+02 6.3032202148e+02 6.3047302246e+02 6.3066601563e+02 6.3089697266e+02 6.3115502930e+02 6.3135198975e+02 6.3147998047e+02 6.3162902832e+02 6.3182702637e+02 6.3203900146e+02 6.3224902344e+02 6.3244799805e+02 6.3260797119e+02 6.3278497314e+02
6.2535797119e+02 6.2549298096e+02 6.2562200928e+02 6.2577197266e+02 6.2596002197e+02 6.2617199707e+02 6.2634197998e+02 6.2646600342e+02 6.2655401611e+02 6.2664099121e+02 6.2676202393e+02 6.2690600586e+02 6.2708300781e+02 6.2726501465e+02 6.2744897461e+02 6.2765600586e+02 6.2785998535e+02 6.2799200439e+02 6.2808197021e+02 6.2818499756e+02 6.2834899902e+02 6.2847802734e+02 6.2860900879e+02 6.2873797607e+02 6.2883599854e+02 6.2894097900e+02 6.2906097412e+02 6.2918798828e+02 6.2932598877e+02 6.2951300049e+02 6.2972302246e+02 6.2991601563e+02 6.3006597900e+02 6.3021899414e+02 6.3041101074e+02 6.3064300537e+02 6.3090399170e+02 6.3113000488e+02 6.3127899170e+02 6.3142102051e+02 6.3159100342e+02 6.3179302979e+02 6.3201000977e+02 6.3221197510e+02 6.3236700439e+02 6.3254400635e+02
6.2509997559e+02 6.2524902344e+02 6.2538800049e+02 6.2553802490e+02 6.2572100830e+02 6.2594000244e+02 6.2611102295e+02 6.2622601318e+02 6.2630200195e+02 6.2638397217e+02 6.2649298096e+02 6.2663299561e+02 6.2681500244e+02 6.2699298096e+02 6.2717602539e+02 6.2737200928e+02 6.2757897949e+02 6.2777600098e+02 6.2789501953e+02 6.2799200439e+02 6.2812902832e+02 6.2825097656e+02 6.2836999512e+02 6.2848602295e+02 6.2859100342e+02 6.2870898438e+02 6.2883300781e+02 6.2896301270e+02 6.2910198975e+02 6.2928198242e+02 6.2948199463e+02 6.2967102051e+02 6.2982897949e+02 6.2999700928e+02 6.3018597412e+02 6.3039501953e+02 6.3061199951e+02 6.3081201172e+02 6.3098797607e+02 6.3116900635e+02 6.3136102295e+02 6.3155297852e+02 6.3176702881e+02 6.3196197510e+02 6.3212298584e+02 6.3230902100e+02
6.2489300537e+02 6.2503100586e+02 6.2517700195e+02 6.2532397461e+02 6.2548297119e+02 6.2568499756e+02 6.2585302734e+02 6.2596398926e+02 6.2604101563e+02 6.2612298584e+02 6.2621099854e+02 6.2634002686e+02 6.2651898193e+02 6.2671398926e+02 6.2692297363e+02 6.2712500000e+02 6.2731896973e+02 6.2752697754e+02 6.2769000244e+02 6.2781701660e+02 6.2795098877e+02 6.2805297852e+02 6.2815197754e+02 6.2825402832e+02 6.2837402344e+02 6.2850299072e+02 6.2864202881e+02 6.2878198242e+02 6.2892498779e+02 6.2908300781e+02 6.2926300049e+02 6.2944201660e+02 6.2960101318e+02 6.2978497314e+02 6.2997198486e+02 6.3015698242e+02 6.3036199951e+02 6.3053002930e+02 6.3070202637e+02 6.3091699219e+02 6.3115899658e+02 6.3134399414e+02 6.3153302002e+02 6.3170501709e+02 6.3186602783e+02 6.3207501221e+02
6.2463897705e+02 6.2478497314e+02 6.2493499756e+02 6.2509899902e+02 6.2526800537e+02 6.2543597412e+02 6.2558697510e+02 6.2570098877e+02 6.2579400635e+02 6.2586499023e+02 6.2593499756e+02 6.2605297852e+02 6.2622601318e+02 6.2643298340e+02 6.2668499756e+02 6.2692199707e+02 6.2711297607e+02 6.2730902100e+02 6.2747198486e+02 6.2762500000e+02 6.2777801514e+02 6.2787799072e+02 6.2796002197e+02 6.2806097412e+02 6.2819702148e+02 6.2833502197e+02 6.2848297119e+02 6.2863702393e+02 6.2878698730e+02 6.2894097900e+02 6.2909802246e+02 6.2926300049e+02 6.2943298340e+02 6.2960998535e+02 6.2979302979e+02 6.2996502686e+02 6.3017102051e+02 6.3038397217e+02 6.3052697754e+02 6.3068902588e+02 6.3091900635e+02 6.3110797119e+02 6.3128100586e+02 6.3146600342e+02 6.3165002441e+02 6.3184002686e+02
6.2435797119e+02 6.2450097656e+02 6.2467297363e+02 6.2487200928e+02 6.2507000732e+02 6.2521997070e+02 6.2533697510e+02 6.2543597412e+02 6.2553997803e+02 6.2559802246e+02 6.2566198730e+02 6.2577801514e+02 6.2594598389e+02 6.2615502930e+02 6.2642700195e+02 6.2668103027e+02 6.2687597656e+02 6.2708398438e+02 6.2725402832e+02 6.2740698242e+02 6.2755700684e+02 6.2767297363e+02 6.2776702881e+02 6.2788201904e+02 6.2802801514e+02 6.2817498779e+02 6.2834002686e+02 6.2851098633e+02 6.2867102051e+02 6.2881597900e+02 6.2896002197e+02 6.2911102295e+02 6.2927899170e+02 6.2946197510e+02 6.2963397217e+02 6.2978698730e+02 6.2996801758e+02 6.3021002197e+02 6.3035797119e+02 6.3049298096e+02 6.3069500732e+02 6.3086297607e+02 6.3101000977e+02 6.3119500732e+02 6.3140100098e+02 6.3158099365e+02
6.2407000732e+02 6.2421697998e+02 6.2440600586e+02 6.2462597656e+02 6.2484002686e+02 6.2499298096e+02 6.2509002686e+02 6.2517401123e+02 6.2528399658e+02 6.2535400391e+02 6.2542102051e+02 6.2553100586e+02 6.2568798828e+02 6.2586999512e+02 6.2612701416e+02 6.2638098145e+02 6.2659802246e+02 6.2683502197e+02 6.2702301025e+02 6.2716601563e+02 6.2728997803e+02 6.2742797852e+02 6.2754998779e+02 6.2769097900e+02 6.2784802246e+02 6.2800402832e+02 6.2818298340e+02 6.2836798096e+02 6.2853900146e+02 6.2867797852e+02 6.2880999756e+02 6.2894799805e+02 6.2910601807e+02 6.2928002930e+02 6.2944897461e+02 6.2960101318e+02 6.2976898193e+02 6.2999499512e+02 6.3015502930e+02 6.3029400635e+02 6.3047802734e+02 6.3063098145e+02 6.3074401855e+02 6.3088500977e+02 6.3108001709e+02 6.3127398682e+02
6.2380102539e+02 6.2395898438e+02 6.2414599609e+02 6.2434997559e+02 6.2453900146e+02 6.2472198486e+02 6.2483502197e+02 6.2491998291e+02 6.2502301025e+02 6.2512799072e+02 6.2520599365e+02 6.2530700684e+02 6.2546600342e+02 6.2561602783e+02 6.2584002686e+02 6.2609197998e+02 6.2634002686e+02 6.2658300781e+02 6.2678802490e+02 6.2692999268e+02 6.2704797363e+02 6.2717797852e+02 6.2731201172e+02 6.2747601318e+02 6.2765600586e+02 6.2780798340e+02 6.2799499512e+02 6.2819097900e+02 6.2836901855e+02 6.2850000000e+02 6.2862701416e+02 6.2875897217e+02 6.2890197754e+02 6.2904901123e+02 6.2921997070e+02 6.2940802002e+02 6.2961401367e+02 6.2979602051e+02 6.2994500732e+02 6.3008898926e+02 6.3026898193e+02 6.3043798828e+02 6.3055200195e+02 6.3063800049e+02 6.3076300049e+02 6.3093902588e+02
6.2355999756e+02 6.2371697998e+02 6.2390197754e+02 6.2409002686e+02 6.2426000977e+02 6.2443402100e+02 6.2457897949e+02 6.2469000244e+02 6.2479699707e+02 6.2489099121e+02 6.2497497559e+02 6.2507897949e+02 6.2523901367e+02 6.2540502930e+02 6.2562402344e+02 6.2586700439e+02 6.2610998535e+02 6.2634002686e+02 6.2653198242e+02 6.2669000244e+02 6.2681896973e+02 6.2693798828e+02 6.2707000732e+02 6.2724700928e+02 6.2744299316e+02 6.2760498047e+02 6.2779699707e+02 6.2799401855e+02 6.2816400146e+02 6.2829101563e+02 6.2841900635e+02 6.2855297852e+02 6.2869000244e+02 6.2882598877e+02 6.2899700928e+02 6.2920098877e+02 6.2940899658e+02 6.2958099365e+02 6.2971899414e+02 6.2985699463e+02 6.3005102539e+02 6.3023901367e+02 6.3038702393e+02 6.3051000977e+02 6.3060198975e+02 6.3071899414e+02
6.2329498291e+02 6.2345300293e+02 6.2364398193e+02 6.2383599854e+02 6.2400701904e+02 6.2417498779e+02 6.2433197021e+02 6.2446197510e+02 6.2458300781e+02 6.2466998291e+02 6.2474798584e+02 6.2485302734e+02 6.2501098633e+02 6.2519201660e+02 6.2540600586e+02 6.2563098145e+02 6.2585797119e+02 6.2606298828e+02 6.2625201416e+02 6.2643200684e+02 6.2658398438e+02 6.2669598389e+02 6.2682501221e+02 6.2701202393e+02 6.2721600342e+02 6.2739398193e+02 6.2759002686e+02 6.2777899170e+02 6.2793701172e+02 6.2805902100e+02 6.2818499756e+02 6.2832098389e+02 6.2846398926e+02 6.2860498047e+02 6.2876898193e+02 6.2896398926e+02 6.2916400146e+02 6.2932397461e+02 6.2946002197e+02 6.2958801270e+02 6.2977301025e+02 6.2996002197e+02 6.3012701416e+02 6.3029302979e+02 6.3042797852e+02 6.3053601074e+02
6.2301501465e+02 6.2317901611e+02 6.2337097168e+02 6.2356402588e+02 6.2374902344e+02 6.2391802979e+02 6.2408398438e+02 6.2422399902e+02 6.2435699463e+02 6.2445202637e+02 6.2452697754e+02 6.2462298584e+02 6.2477301025e+02 6.2497998047e+02 6.2520202637e+02 6.2541998291e+02 6.2562298584e+02 6.2580297852e+02 6.2599597168e+02 6.2620202637e+02 6.2639398193e+02 6.2650000000e+02 6.2659899902e+02 6.2676800537e+02 6.2696002197e+02 6.2715600586e+02 6.2736297607e+02 6.2754699707e+02 6.2769299316e+02 6.2781097412e+02 6.2793902588e+02 6.2807702637e+02 6.2822601318e+02 6.2837200928e+02 6.2852697754e+02 6.2870202637e+02 6.2889001465e+02 6.2906701660e+02 6.2922100830e+02 6.2934100342e+02 6.2948498535e+02 6.2964202881e+02 6.2980798340e+02 6.2999700928e+02 6.3018597412e+02 6.3033001709e+02
