TESTSERVER/18/13.asc
NCOLS 100
NROWS 100
XLLCORNER 8.3997500000e+03
YLLCORNER 2.8930025000e+05
CELLSIZE 5.0000000000e-01
NODATA_VALUE -9.9990000000e+03
[rows 60 to 79 of 100, columns 46 to 91 of 100]
6.3310601807e+02 6.3328302002e+02 6.3344299316e+02 6.3360797119e+02 6.3379199219e+02 6.3397497559e+02 6.3414001465e+02 6.3427600098e+02 6.3436499023e+02 6.3455102539e+02 6.3475598145e+02 6.3495898438e+02 6.3514202881e+02 6.3533001709e+02 6.3553497314e+02 6.3571398926e+02 6.3584197998e+02 6.3596801758e+02 6.3611798096e+02 6.3628698730e+02 6.3645599365e+02 6.3663897705e+02 6.3680499268e+02 6.3700201416e+02 6.3724102783e+02 6.3750201416e+02 6.3777502441e+02 6.3801599121e+02 6.3819097900e+02 6.3823400879e+02 6.3819897461e+02 6.3814697266e+02 6.3814501953e+02 6.3829199219e+02 6.3846301270e+02 6.3866998291e+02 6.3892602539e+02 6.3910900879e+02 6.3921697998e+02 6.3933599854e+02 6.3948699951e+02 6.3969799805e+02 6.3989202881e+02 6.4006402588e+02 6.4018597412e+02 6.4028198242e+02
6.3284002686e+02 6.3300897217e+02 6.3316101074e+02 6.3331402588e+02 6.3348602295e+02 6.3367401123e+02 6.3388800049e+02 6.3405902100e+02 6.3413201904e+02 6.3423400879e+02 6.3444702148e+02 6.3469799805e+02 6.3489001465e+02 6.3504602051e+02 6.3522802734e+02 6.3541400146e+02 6.3557397461e+02 6.3570501709e+02 6.3586199951e+02 6.3604797363e+02 6.3622601318e+02 6.3638598633e+02 6.3654199219e+02 6.3673400879e+02 6.3698199463e+02 6.3724798584e+02 6.3753900146e+02 6.3779302979e+02 6.3797601318e+02 6.3807098389e+02 6.3808502197e+02 6.3806402588e+02 6.3801800537e+02 6.3800299072e+02 6.3805297852e+02 6.3820898438e+02 6.3854302979e+02 6.3889599609e+02 6.3910302734e+02 6.3924298096e+02 6.3933502197e+02 6.3945800781e+02 6.3964501953e+02 6.3984497070e+02 6.3999200439e+02 6.4009399414e+02
6.3254199219e+02 6.3272497559e+02 6.3288299561e+02 6.3303100586e+02 6.3318701172e+02 6.3336901855e+02 6.3359899902e+02 6.3381097412e+02 6.3392999268e+02 6.3400402832e+02 6.3417297363e+02 6.3440997314e+02 6.3461297607e+02 6.3478302002e+02 6.3495898438e+02 6.3514398193e+02 6.3531896973e+02 6.3546002197e+02 6.3563098145e+02 6.3583197021e+02 6.3601702881e+02 6.3616198730e+02 6.3630999756e+02 6.3649798584e+02 6.3674401855e+02 6.3701702881e+02 6.3730700684e+02 6.3754901123e+02 6.3772302246e+02 6.3785797119e+02 6.3793298340e+02 6.3797198486e+02 6.3796502686e+02 6.3790600586e+02 6.3786798096e+02 6.3792199707e+02 6.3815899658e+02 6.3852001953e+02 6.3881500244e+02 6.3905999756e+02 6.3924499512e+02 6.3939599609e+02 6.3952001953e+02 6.3963299561e+02 6.3976397705e+02 6.3990802002e+02
6.3220397949e+02 6.3241302490e+02 6.3259698486e+02 6.3274902344e+02 6.3288598633e+02 6.3303802490e+02 6.3324401855e+02 6.3346301270e+02 6.3363897705e+02 6.3375201416e+02 6.3391400146e+02 6.3413000488e+02 6.3432897949e+02 6.3453198242e+02 6.3471301270e+02 6.3489099121e+02 6.3506097412e+02 6.3522100830e+02 6.3540997314e+02 6.3561499023e+02 6.3578399658e+02 6.3591101074e+02 6.3606402588e+02 6.3625201416e+02 6.3647998047e+02 6.3676000977e+02 6.3704498291e+02 6.3726599121e+02 6.3741802979e+02 6.3757202148e+02 6.3771197510e+02 6.3784399414e+02 6.3790802002e+02 6.3786102295e+02 6.3780200195e+02 6.3777697754e+02 6.3786499023e+02 6.3810601807e+02 6.3840002441e+02 6.3872900391e+02 6.3904797363e+02 6.3929302979e+02 6.3942797852e+02 6.3950299072e+02 6.3959802246e+02 6.3974200439e+02
6.3184100342e+02 6.3206701660e+02 6.3228997803e+02 6.3245800781e+02 6.3256799316e+02 6.3270800781e+02 6.3287402344e+02 6.3306402588e+02 6.3325000000e+02 6.3343499756e+02 6.3364398193e+02 6.3386700439e+02 6.3407098389e+02 6.3428399658e+02 6.3448199463e+02 6.3465600586e+02 6.3479901123e+02 6.3496197510e+02 6.3517102051e+02 6.3536999512e+02 6.3550402832e+02 6.3562799072e+02 6.3579602051e+02 6.3597601318e+02 6.3611602783e+02 6.3638500977e+02 6.3668298340e+02 6.3691900635e+02 6.3705999756e+02 6.3722802734e+02 6.3739697266e+02 6.3756500244e+02 6.3767999268e+02 6.3776898193e+02 6.3775402832e+02 6.3771002197e+02 6.3770898438e+02 6.3779400635e+02 6.3802398682e+02 6.3837200928e+02 6.3872302246e+02 6.3900598145e+02 6.3923797607e+02 6.3939300537e+02 6.3952502441e+02 6.3961401367e+02
6.3153802490e+02 6.3168103027e+02 6.3188098145e+02 6.3208001709e+02 6.3225000000e+02 6.3240899658e+02 6.3257800293e+02 6.3275799561e+02 6.3294396973e+02 6.3311499023e+02 6.3333502197e+02 6.3358197021e+02 6.3379602051e+02 6.3397601318e+02 6.3417901611e+02 6.3437298584e+02 6.3453399658e+02 6.3469201660e+02 6.3490399170e+02 6.3511102295e+02 6.3526202393e+02 6.3537597656e+02 6.3549401855e+02 6.3562298584e+02 6.3575402832e+02 6.3597497559e+02 6.3626800537e+02 6.3653302002e+02 6.3672100830e+02 6.3688702393e+02 6.3700299072e+02 6.3711499023e+02 6.3732501221e+02 6.3755499268e+02 6.3764697266e+02 6.3763897705e+02 6.3761602783e+02 6.3760601807e+02 6.3772900391e+02 6.3802600098e+02 6.3839001465e+02 6.3871697998e+02 6.3897900391e+02 6.3912298584e+02 6.3925402832e+02 6.3942102051e+02
6.3130297852e+02 6.3139501953e+02 6.3153997803e+02 6.3174200439e+02 6.3197302246e+02 6.3215100098e+02 6.3230999756e+02 6.3247198486e+02 6.3266101074e+02 6.3284399414e+02 6.3307098389e+02 6.3332098389e+02 6.3351501465e+02 6.3367401123e+02 6.3386602783e+02 6.3405999756e+02 6.3423797607e+02 6.3439099121e+02 6.3459600830e+02 6.3481201172e+02 6.3499401855e+02 6.3513000488e+02 6.3522302246e+02 6.3532501221e+02 6.3546301270e+02 6.3567901611e+02 6.3594201660e+02 6.3618402100e+02 6.3636297607e+02 6.3650799561e+02 6.3661102295e+02 6.3673999023e+02 6.3700799561e+02 6.3732000732e+02 6.3749902344e+02 6.3754901123e+02 6.3755200195e+02 6.3751098633e+02 6.3752398682e+02 6.3768499756e+02 6.3800201416e+02 6.3842901611e+02 6.3874499512e+02 6.3888397217e+02 6.3896899414e+02 6.3914001465e+02
6.3108801270e+02 6.3118902588e+02 6.3129998779e+02 6.3147802734e+02 6.3171697998e+02 6.3190502930e+02 6.3205499268e+02 6.3220501709e+02 6.3239697266e+02 6.3259600830e+02 6.3279797363e+02 6.3300799561e+02 6.3318597412e+02 6.3337298584e+02 6.3355999756e+02 6.3374102783e+02 6.3391998291e+02 6.3407897949e+02 6.3427301025e+02 6.3448199463e+02 6.3467700195e+02 6.3484301758e+02 6.3495300293e+02 6.3506701660e+02 6.3521301270e+02 6.3541900635e+02 6.3564801025e+02 6.3585400391e+02 6.3600299072e+02 6.3614398193e+02 6.3625598145e+02 6.3640802002e+02 6.3669299316e+02 6.3703900146e+02 6.3729199219e+02 6.3741601563e+02 6.3747601318e+02 6.3747100830e+02 6.3743103027e+02 6.3745202637e+02 6.3761602783e+02 6.3808300781e+02 6.3846301270e+02 6.3863500977e+02 6.3869396973e+02 6.3882800293e+02
6.3083898926e+02 6.3098101807e+02 6.3109997559e+02 6.3125097656e+02 6.3145001221e+02 6.3163800049e+02 6.3179699707e+02 6.3195098877e+02 6.3211901855e+02 6.3231201172e+02 6.3247698975e+02 6.3264398193e+02 6.3284802246e+02 6.3308197021e+02 6.3327301025e+02 6.3344000244e+02 6.3361602783e+02 6.3378302002e+02 6.3396398926e+02 6.3415502930e+02 6.3434600830e+02 6.3449902344e+02 6.3464001465e+02 6.3478997803e+02 6.3494299316e+02 6.3512097168e+02 6.3531799316e+02 6.3550500488e+02 6.3566302490e+02 6.3582000732e+02 6.3594702148e+02 6.3609600830e+02 6.3632000732e+02 6.3669799805e+02 6.3700897217e+02 6.3721099854e+02 6.3736199951e+02 6.3741400146e+02 6.3737200928e+02 6.3732202148e+02 6.3734399414e+02 6.3762200928e+02 6.3803302002e+02 6.3831201172e+02 6.3845697021e+02 6.3856701660e+02
6.3060400391e+02 6.3074102783e+02 6.3087597656e+02 6.3103497314e+02 6.3121899414e+02 6.3137597656e+02 6.3152600098e+02 6.3167797852e+02 6.3184698486e+02 6.3200500488e+02 6.3215997314e+02 6.3235198975e+02 6.3258300781e+02 6.3281402588e+02 6.3299401855e+02 6.3314898682e+02 6.3330700684e+02 6.3348101807e+02 6.3365600586e+02 6.3384002686e+02 6.3403399658e+02 6.3419702148e+02 6.3437799072e+02 6.3455499268e+02 6.3468298340e+02 6.3486297607e+02 6.3503698730e+02 6.3520202637e+02 6.3536499023e+02 6.3551300049e+02 6.3565802002e+02 6.3583599854e+02 6.3605102539e+02 6.3635498047e+02 6.3663800049e+02 6.3686401367e+02 6.3710699463e+02 6.3728802490e+02 6.3730102539e+02 6.3726300049e+02 6.3721801758e+02 6.3726599121e+02 6.3749597168e+02 6.3779901123e+02 6.3807501221e+02 6.3829699707e+02
6.3038201904e+02 6.3052301025e+02 6.3066198730e+02 6.3082000732e+02 6.3100402832e+02 6.3115698242e+02 6.3129400635e+02 6.3143200684e+02 6.3158801270e+02 6.3172698975e+02 6.3187298584e+02 6.3207299805e+02 6.3233898926e+02 6.3256500244e+02 6.3273999023e+02 6.3288702393e+02 6.3302697754e+02 6.3320098877e+02 6.3336700439e+02 6.3353997803e+02 6.3372497559e+02 6.3389697266e+02 6.3411401367e+02 6.3431097412e+02 6.3442797852e+02 6.3460400391e+02 6.3476397705e+02 6.3492401123e+02 6.3509197998e+02 6.3522399902e+02 6.3537597656e+02 6.3556896973e+02 6.3578002930e+02 6.3603002930e+02 6.3626098633e+02 6.3647698975e+02 6.3675897217e+02 6.3703698730e+02 6.3714898682e+02 6.3718298340e+02 6.3716601563e+02 6.3712097168e+02 6.3714398193e+02 6.3729400635e+02 6.3757897949e+02 6.3788800049e+02
6.3017999268e+02 6.3032800293e+02 6.3046398926e+02 6.3061602783e+02 6.3080102539e+02 6.3096099854e+02 6.3109301758e+02 6.3122198486e+02 6.3137097168e+02 6.3153399658e+02 6.3166802979e+02 6.3183398438e+02 6.3209197998e+02 6.3231701660e+02 6.3248999023e+02 6.3263800049e+02 6.3277600098e+02 6.3294299316e+02 6.3309197998e+02 6.3325000000e+02 6.3342999268e+02 6.3358898926e+02 6.3381896973e+02 6.3403399658e+02 6.3415997314e+02 6.3432702637e+02 6.3448199463e+02 6.3464599609e+02 6.3482098389e+02 6.3495098877e+02 6.3509399414e+02 6.3527398682e+02 6.3547399902e+02 6.3571502686e+02 6.3591998291e+02 6.3611999512e+02 6.3639599609e+02 6.3668499756e+02 6.3687097168e+02 6.3701000977e+02 6.3707702637e+02 6.3706097412e+02 6.3700701904e+02 6.3701098633e+02 6.3715399170e+02 6.3744500732e+02
6.3000097656e+02 6.3013201904e+02 6.3026300049e+02 6.3041302490e+02 6.3058197021e+02 6.3073901367e+02 6.3088598633e+02 6.3102600098e+02 6.3116601563e+02 6.3138598633e+02 6.3151800537e+02 6.3161602783e+02 6.3178900146e+02 6.3201898193e+02 6.3220300293e+02 6.3237200928e+02 6.3253698730e+02 6.3268902588e+02 6.3282000732e+02 6.3297302246e+02 6.3316198730e+02 6.3330603027e+02 6.3352899170e+02 6.3374798584e+02 6.3389599609e+02 6.3405102539e+02 6.3420697021e+02 6.3436700439e+02 6.3453198242e+02 6.3467297363e+02 6.3481201172e+02 6.3496600342e+02 6.3514300537e+02 6.3537500000e+02 6.3559899902e+02 6.3580297852e+02 6.3605700684e+02 6.3632800293e+02 6.3651501465e+02 6.3671801758e+02 6.3689697266e+02 6.3695202637e+02 6.3695898438e+02 6.3693701172e+02 6.3693902588e+02 6.3710699463e+02
6.2977600098e+02 6.2991101074e+02 6.3004199219e+02 6.3018499756e+02 6.3032897949e+02 6.3050097656e+02 6.3068701172e+02 6.3083599854e+02 6.3092498779e+02 6.3108300781e+02 6.3121301270e+02 6.3131097412e+02 6.3146697998e+02 6.3167901611e+02 6.3187298584e+02 6.3206500244e+02 6.3226000977e+02 6.3243103027e+02 6.3255798340e+02 6.3269702148e+02 6.3286602783e+02 6.3300097656e+02 6.3321899414e+02 6.3343597412e+02 6.3358197021e+02 6.3374401855e+02 6.3390502930e+02 6.3407598877e+02 6.3424102783e+02 6.3438800049e+02 6.3452099609e+02 6.3466497803e+02 6.3482800293e+02 6.3503802490e+02 6.3525598145e+02 6.3546099854e+02 6.3573498535e+02 6.3598199463e+02 6.3614801025e+02 6.3634802246e+02 6.3657202148e+02 6.3671600342e+02 6.3682702637e+02 6.3688098145e+02 6.3686602783e+02 6.3692401123e+02
6.2950701904e+02 6.2965100098e+02 6.2979101563e+02 6.2993298340e+02 6.3007501221e+02 6.3027001953e+02 6.3048699951e+02 6.3064898682e+02 6.3070697021e+02 6.3078002930e+02 6.3089801025e+02 6.3103002930e+02 6.3118902588e+02 6.3137402344e+02 6.3156402588e+02 6.3176202393e+02 6.3197698975e+02 6.3216497803e+02 6.3229699707e+02 6.3242401123e+02 6.3255999756e+02 6.3269000244e+02 6.3289398193e+02 6.3310601807e+02 6.3326300049e+02 6.3342797852e+02 6.3359899902e+02 6.3377899170e+02 6.3393902588e+02 6.3409002686e+02 6.3424401855e+02 6.3440002441e+02 6.3455499268e+02 6.3472900391e+02 6.3491998291e+02 6.3513098145e+02 6.3542797852e+02 6.3566699219e+02 6.3584197998e+02 6.3604602051e+02 6.3627301025e+02 6.3646197510e+02 6.3664398193e+02 6.3676501465e+02 6.3678497314e+02 6.3677801514e+02
6.2922698975e+02 6.2936999512e+02 6.2951397705e+02 6.2966302490e+02 6.2980700684e+02 6.2999102783e+02 6.3021697998e+02 6.3040600586e+02 6.3048400879e+02 6.3050402832e+02 6.3060198975e+02 6.3074700928e+02 6.3091699219e+02 6.3109301758e+02 6.3128497314e+02 6.3147900391e+02 6.3167602539e+02 6.3185797119e+02 6.3198999023e+02 6.3211401367e+02 6.3223901367e+02 6.3238702393e+02 6.3257299805e+02 6.3276599121e+02 6.3294201660e+02 6.3310498047e+02 6.3327398682e+02 6.3346197510e+02 6.3363299561e+02 6.3379699707e+02 6.3397998047e+02 6.3415698242e+02 6.3431097412e+02 6.3446997070e+02 6.3463598633e+02 6.3484002686e+02 6.3512902832e+02 6.3536700439e+02 6.3556402588e+02 6.3577899170e+02 6.3599700928e+02 6.3619000244e+02 6.3639697266e+02 6.3655999756e+02 6.3664697266e+02 6.3665399170e+02
6.2899499512e+02 6.2909698486e+02 6.2921997070e+02 6.2936700439e+02 6.2952801514e+02 6.2965802002e+02 6.2984698486e+02 6.3005798340e+02 6.3022302246e+02 6.3025201416e+02 6.3031201172e+02 6.3041802979e+02 6.3057098389e+02 6.3077502441e+02 6.3099700928e+02 6.3119897461e+02 6.3136401367e+02 6.3152398682e+02 6.3167102051e+02 6.3181097412e+02 6.3194500732e+02 6.3210302734e+02 6.3227600098e+02 6.3244598389e+02 6.3263500977e+02 6.3278100586e+02 6.3294000244e+02 6.3313397217e+02 6.3333697510e+02 6.3353002930e+02 6.3372302246e+02 6.3389898682e+02 6.3405798340e+02 6.3422601318e+02 6.3438897705e+02 6.3458197021e+02 6.3481097412e+02 6.3503802490e+02 6.3525799561e+02 6.3549700928e+02 6.3574798584e+02 6.3592199707e+02 6.3610699463e+02 6.3627398682e+02 6.3642102051e+02 6.3654602051e+02
6.2868499756e+02 6.2881799316e+02 6.2894201660e+02 6.2909600830e+02 6.2927301025e+02 6.2938897705e+02 6.2951501465e+02 6.2968701172e+02 6.2987902832e+02 6.2997900391e+02 6.3006201172e+02 6.3012902832e+02 6.3023901367e+02 6.3039202881e+02 6.3060302734e+02 6.3083300781e+02 6.3104199219e+02 6.3121502686e+02 6.3136602783e+02 6.3151501465e+02 6.3165502930e+02 6.3179498291e+02 6.3197198486e+02 6.3214300537e+02 6.3231597900e+02 6.3247100830e+02 6.3265002441e+02 6.3286602783e+02 6.3308697510e+02 6.3327301025e+02 6.3345001221e+02 6.3362097168e+02 6.3377899170e+02 6.3394702148e+02 6.3413201904e+02 6.3434002686e+02 6.3456097412e+02 6.3477197266e+02 6.3499499512e+02 6.3525598145e+02 6.3553198242e+02 6.3572900391e+02 6.3586602783e+02 6.3598797607e+02 6.3614398193e+02 6.3634002686e+02
6.2838299561e+02 6.2852398682e+02 6.2865502930e+02 6.2881298828e+02 6.2899499512e+02 6.2913299561e+02 6.2925402832e+02 6.2939001465e+02 6.2953302002e+02 6.2966900635e+02 6.2980401611e+02 6.2987799072e+02 6.2995001221e+02 6.3006402588e+02 6.3024597168e+02 6.3047100830e+02 6.3070098877e+02 6.3089398193e+02 6.3105902100e+02 6.3122900391e+02 6.3139398193e+02 6.3152197266e+02 6.3169598389e+02 6.3186999512e+02 6.3202899170e+02 6.3218902588e+02 6.3238598633e+02 6.3261798096e+02 6.3283300781e+02 6.3299902344e+02 6.3316802979e+02 6.3334002686e+02 6.3349200439e+02 6.3364300537e+02 6.3383599854e+02 6.3406500244e+02 6.3431097412e+02 6.3452600098e+02 6.3472698975e+02 6.3495001221e+02 6.3521502686e+02 6.3545098877e+02 6.3559301758e+02 6.3570501709e+02 6.3584698486e+02 6.3605999756e+02
6.2811798096e+02 6.2824700928e+02 6.2837402344e+02 6.2852801514e+02 6.2869598389e+02 6.2885900879e+02 6.2900500488e+02 6.2912500000e+02 6.2921002197e+02 6.2933300781e+02 6.2949700928e+02 6.2960198975e+02 6.2967401123e+02 6.2977301025e+02 6.2993499756e+02 6.3014099121e+02 6.3035400391e+02 6.3055200195e+02 6.3073297119e+02 6.3092999268e+02 6.3113299561e+02 6.3128497314e+02 6.3146099854e+02 6.3163299561e+02 6.3177801514e+02 6.3192199707e+02 6.3210699463e+02 6.3232598877e+02 6.3252600098e+02 6.3269000244e+02 6.3286602783e+02 6.3305102539e+02 6.3321197510e+02 6.3334997559e+02 6.3353698730e+02 6.3377502441e+02 6.3404797363e+02 6.3429199219e+02 6.3447601318e+02 6.3464099121e+02 6.3483599854e+02 6.3506298828e+02 6.3523999023e+02 6.3538800049e+02 6.3554699707e+02 6.3576000977e+02
