TESTSERVER/18/13.asc
NCOLS 100
NROWS 100
XLLCORNER 8.3997500000e+03
YLLCORNER 2.8930025000e+05
CELLSIZE 5.0000000000e-01
NODATA_VALUE -9.9990000000e+03
[rows 80 to 99 of 100, columns 0 to 45 of 100]
6.2103802490e+02 6.2119299316e+02 6.2144396973e+02 6.2173797607e+02 6.2188201904e+02 6.2187597656e+02 6.2183398438e+02 6.2184600830e+02 6.2198999023e+02 6.2226501465e+02 6.2256597900e+02 6.2273400879e+02 6.2295800781e+02 6.2321899414e+02 6.2342401123e+02 6.2357897949e+02 6.2371697998e+02 6.2384497070e+02 6.2399798584e+02 6.2411602783e+02 6.2423901367e+02 6.2435699463e+02 6.2447900391e+02 6.2465002441e+02 6.2483197021e+02 6.2501702881e+02 6.2519500732e+02 6.2535797119e+02 6.2550799561e+02 6.2563000488e+02 6.2571398926e+02 6.2582501221e+02 6.2595001221e+02 6.2605499268e+02 6.2615502930e+02 6.2626501465e+02 6.2640301514e+02 6.2658099365e+02 6.2673297119e+02 6.2681500244e+02 6.2694702148e+02 6.2711499023e+02 6.2727197266e+02 6.2746099854e+02 6.2764599609e+02 6.2778698730e+02
6.2071899414e+02 6.2088397217e+02 6.2109497070e+02 6.2141101074e+02 6.2164001465e+02 6.2172302246e+02 6.2171002197e+02 6.2167901611e+02 6.2170001221e+02 6.2185198975e+02 6.2214697266e+02 6.2239300537e+02 6.2262597656e+02 6.2288201904e+02 6.2311798096e+02 6.2330200195e+02 6.2345300293e+02 6.2358300781e+02 6.2373498535e+02 6.2385198975e+02 6.2397497559e+02 6.2410198975e+02 6.2422497559e+02 6.2438397217e+02 6.2457098389e+02 6.2477502441e+02 6.2496002197e+02 6.2515100098e+02 6.2529101563e+02 6.2537597656e+02 6.2544500732e+02 6.2556799316e+02 6.2567102051e+02 6.2578698730e+02 6.2594097900e+02 6.2604302979e+02 6.2617297363e+02 6.2633898926e+02 6.2650701904e+02 6.2660900879e+02 6.2672601318e+02 6.2688702393e+02 6.2702801514e+02 6.2719799805e+02 6.2739697266e+02 6.2756500244e+02
6.2038299561e+02 6.2055603027e+02 6.2075097656e+02 6.2102001953e+02 6.2128802490e+02 6.2147497559e+02 6.2157299805e+02 6.2157299805e+02 6.2154302979e+02 6.2159301758e+02 6.2180603027e+02 6.2208300781e+02 6.2233398438e+02 6.2257897949e+02 6.2283099365e+02 6.2303900146e+02 6.2320098877e+02 6.2332501221e+02 6.2345697021e+02 6.2357000732e+02 6.2369897461e+02 6.2383197021e+02 6.2396801758e+02 6.2411700439e+02 6.2429602051e+02 6.2449700928e+02 6.2467999268e+02 6.2487500000e+02 6.2500299072e+02 6.2506597900e+02 6.2512500000e+02 6.2526599121e+02 6.2538897705e+02 6.2552099609e+02 6.2569598389e+02 6.2582800293e+02 6.2597601318e+02 6.2613098145e+02 6.2627899170e+02 6.2640698242e+02 6.2651202393e+02 6.2663500977e+02 6.2675500488e+02 6.2692297363e+02 6.2712200928e+02 6.2730102539e+02
6.2001397705e+02 6.2020898438e+02 6.2043701172e+02 6.2065100098e+02 6.2090399170e+02 6.2115997314e+02 6.2137597656e+02 6.2143798828e+02 6.2142999268e+02 6.2143402100e+02 6.2153997803e+02 6.2180603027e+02 6.2208502197e+02 6.2234002686e+02 6.2257501221e+02 6.2277899170e+02 6.2294097900e+02 6.2305401611e+02 6.2316400146e+02 6.2327899170e+02 6.2341802979e+02 6.2356201172e+02 6.2371197510e+02 6.2385400391e+02 6.2402197266e+02 6.2421301270e+02 6.2438098145e+02 6.2454901123e+02 6.2467700195e+02 6.2475299072e+02 6.2481597900e+02 6.2495697021e+02 6.2510797119e+02 6.2525500488e+02 6.2541802979e+02 6.2558001709e+02 6.2575598145e+02 6.2590502930e+02 6.2603198242e+02 6.2617602539e+02 6.2628601074e+02 6.2638299561e+02 6.2647998047e+02 6.2665002441e+02 6.2685797119e+02 6.2704901123e+02
6.1968798828e+02 6.1990502930e+02 6.2015997314e+02 6.2037200928e+02 6.2058599854e+02 6.2083300781e+02 6.2108197021e+02 6.2121301270e+02 6.2127899170e+02 6.2129797363e+02 6.2129699707e+02 6.2146502686e+02 6.2177801514e+02 6.2207897949e+02 6.2230603027e+02 6.2252801514e+02 6.2269598389e+02 6.2280798340e+02 6.2289202881e+02 6.2301898193e+02 6.2316101074e+02 6.2331298828e+02 6.2347698975e+02 6.2360900879e+02 6.2376702881e+02 6.2394897461e+02 6.2412902832e+02 6.2426702881e+02 6.2438598633e+02 6.2448999023e+02 6.2459899902e+02 6.2467901611e+02 6.2481201172e+02 6.2497100830e+02 6.2512200928e+02 6.2528497314e+02 6.2546801758e+02 6.2561798096e+02 6.2573797607e+02 6.2588897705e+02 6.2601702881e+02 6.2614398193e+02 6.2627099609e+02 6.2640301514e+02 6.2663397217e+02 6.2685797119e+02
6.1943200684e+02 6.1962597656e+02 6.1985400391e+02 6.2006402588e+02 6.2028100586e+02 6.2051397705e+02 6.2074700928e+02 6.2090301514e+02 6.2105700684e+02 6.2116400146e+02 6.2115899658e+02 6.2119097900e+02 6.2140502930e+02 6.2170501709e+02 6.2199102783e+02 6.2226098633e+02 6.2251501465e+02 6.2269500732e+02 6.2275299072e+02 6.2281097412e+02 6.2290197754e+02 6.2304797363e+02 6.2322497559e+02 6.2338000488e+02 6.2354101563e+02 6.2371697998e+02 6.2389501953e+02 6.2405798340e+02 6.2418499756e+02 6.2429602051e+02 6.2440600586e+02 6.2445397949e+02 6.2454699707e+02 6.2470202637e+02 6.2484698486e+02 6.2498602295e+02 6.2515197754e+02 6.2529400635e+02 6.2544897461e+02 6.2561199951e+02 6.2573199463e+02 6.2586499023e+02 6.2599597168e+02 6.2613201904e+02 6.2635699463e+02 6.2661102295e+02
6.1919299316e+02 6.1938500977e+02 6.1959100342e+02 6.1978997803e+02 6.2000897217e+02 6.2023901367e+02 6.2044702148e+02 6.2060998535e+02 6.2080499268e+02 6.2096600342e+02 6.2101599121e+02 6.2100097656e+02 6.2110797119e+02 6.2135998535e+02 6.2169702148e+02 6.2198602295e+02 6.2226800537e+02 6.2248199463e+02 6.2253601074e+02 6.2254302979e+02 6.2261499023e+02 6.2277099609e+02 6.2296099854e+02 6.2312200928e+02 6.2328997803e+02 6.2347302246e+02 6.2366198730e+02 6.2384600830e+02 6.2400097656e+02 6.2413098145e+02 6.2423400879e+02 6.2428399658e+02 6.2436901855e+02 6.2449700928e+02 6.2461297607e+02 6.2473901367e+02 6.2487097168e+02 6.2497497559e+02 6.2514001465e+02 6.2532299805e+02 6.2544299316e+02 6.2556402588e+02 6.2570397949e+02 6.2586700439e+02 6.2608099365e+02 6.2632501221e+02
6.1895501709e+02 6.1916497803e+02 6.1938201904e+02 6.1957800293e+02 6.1979199219e+02 6.2000897217e+02 6.2019799805e+02 6.2034802246e+02 6.2053100586e+02 6.2071197510e+02 6.2084100342e+02 6.2086102295e+02 6.2087799072e+02 6.2102502441e+02 6.2136297607e+02 6.2167401123e+02 6.2192999268e+02 6.2212799072e+02 6.2221801758e+02 6.2224200439e+02 6.2232800293e+02 6.2249499512e+02 6.2268798828e+02 6.2285101318e+02 6.2302001953e+02 6.2321099854e+02 6.2341699219e+02 6.2361297607e+02 6.2379302979e+02 6.2394598389e+02 6.2404901123e+02 6.2411901855e+02 6.2420800781e+02 6.2430200195e+02 6.2437701416e+02 6.2450500488e+02 6.2461798096e+02 6.2467999268e+02 6.2481799316e+02 6.2501300049e+02 6.2515301514e+02 6.2528002930e+02 6.2541998291e+02 6.2560302734e+02 6.2581097412e+02 6.2602899170e+02
6.1872100830e+02 6.1893798828e+02 6.1918798828e+02 6.1938500977e+02 6.1957299805e+02 6.1976397705e+02 6.1994201660e+02 6.2009600830e+02 6.2025500488e+02 6.2043499756e+02 6.2063397217e+02 6.2074798584e+02 6.2071600342e+02 6.2073699951e+02 6.2098199463e+02 6.2134997559e+02 6.2160198975e+02 6.2176098633e+02 6.2189801025e+02 6.2198901367e+02 6.2209002686e+02 6.2223297119e+02 6.2241400146e+02 6.2259497070e+02 6.2276800537e+02 6.2295300293e+02 6.2316497803e+02 6.2336901855e+02 6.2354400635e+02 6.2369598389e+02 6.2382397461e+02 6.2390399170e+02 6.2398101807e+02 6.2403997803e+02 6.2408697510e+02 6.2420800781e+02 6.2433001709e+02 6.2441302490e+02 6.2450701904e+02 6.2469097900e+02 6.2485998535e+02 6.2501202393e+02 6.2514099121e+02 6.2530603027e+02 6.2552502441e+02 6.2573699951e+02
6.1845898438e+02 6.1867199707e+02 6.1895098877e+02 6.1917797852e+02 6.1935998535e+02 6.1952801514e+02 6.1969000244e+02 6.1984197998e+02 6.1999902344e+02 6.2016998291e+02 6.2040100098e+02 6.2059197998e+02 6.2059497070e+02 6.2055499268e+02 6.2065002441e+02 6.2093103027e+02 6.2126702881e+02 6.2151000977e+02 6.2163299561e+02 6.2174102783e+02 6.2185601807e+02 6.2197399902e+02 6.2211102295e+02 6.2228601074e+02 6.2244396973e+02 6.2262799072e+02 6.2285302734e+02 6.2309899902e+02 6.2331500244e+02 6.2345098877e+02 6.2353997803e+02 6.2363598633e+02 6.2369396973e+02 6.2372900391e+02 6.2378198242e+02 6.2387402344e+02 6.2400701904e+02 6.2416998291e+02 6.2432501221e+02 6.2446002197e+02 6.2459301758e+02 6.2473101807e+02 6.2486798096e+02 6.2503302002e+02 6.2527197266e+02 6.2549700928e+02
6.1819702148e+02 6.1840399170e+02 6.1867901611e+02 6.1892901611e+02 6.1913500977e+02 6.1932299805e+02 6.1949102783e+02 6.1964898682e+02 6.1980700684e+02 6.1996899414e+02 6.2018701172e+02 6.2042498779e+02 6.2047497559e+02 6.2043402100e+02 6.2042498779e+02 6.2055798340e+02 6.2088299561e+02 6.2120800781e+02 6.2135998535e+02 6.2145300293e+02 6.2158197021e+02 6.2170001221e+02 6.2181701660e+02 6.2195599365e+02 6.2203698730e+02 6.2216497803e+02 6.2239398193e+02 6.2267700195e+02 6.2298602295e+02 6.2319201660e+02 6.2326702881e+02 6.2335302734e+02 6.2341101074e+02 6.2344299316e+02 6.2349499512e+02 6.2356799316e+02 6.2369702148e+02 6.2389501953e+02 6.2411102295e+02 6.2423699951e+02 6.2434197998e+02 6.2447302246e+02 6.2462097168e+02 6.2479400635e+02 6.2501702881e+02 6.2522302246e+02
6.1797998047e+02 6.1815997314e+02 6.1839801025e+02 6.1863702393e+02 6.1884002686e+02 6.1903997803e+02 6.1923400879e+02 6.1943597412e+02 6.1962500000e+02 6.1979101563e+02 6.1999102783e+02 6.2023400879e+02 6.2032800293e+02 6.2032598877e+02 6.2030603027e+02 6.2031500244e+02 6.2052801514e+02 6.2085498047e+02 6.2107397461e+02 6.2116802979e+02 6.2130499268e+02 6.2142999268e+02 6.2154302979e+02 6.2166198730e+02 6.2168701172e+02 6.2174401855e+02 6.2191699219e+02 6.2218902588e+02 6.2256799316e+02 6.2286999512e+02 6.2299102783e+02 6.2308099365e+02 6.2315502930e+02 6.2320001221e+02 6.2325201416e+02 6.2331402588e+02 6.2342102051e+02 6.2359997559e+02 6.2381597900e+02 6.2394500732e+02 6.2406500244e+02 6.2421997070e+02 6.2439001465e+02 6.2456701660e+02 6.2476702881e+02 6.2495202637e+02
6.1783197021e+02 6.1797998047e+02 6.1815899658e+02 6.1833697510e+02 6.1848498535e+02 6.1863702393e+02 6.1880401611e+02 6.1909301758e+02 6.1934600830e+02 6.1954400635e+02 6.1974102783e+02 6.1998999023e+02 6.2014398193e+02 6.2020800781e+02 6.2019799805e+02 6.2017901611e+02 6.2025000000e+02 6.2047497559e+02 6.2075598145e+02 6.2091101074e+02 6.2104498291e+02 6.2116497803e+02 6.2129101563e+02 6.2141900635e+02 6.2148498535e+02 6.2153198242e+02 6.2164001465e+02 6.2185797119e+02 6.2221600342e+02 6.2253399658e+02 6.2271502686e+02 6.2282299805e+02 6.2291601563e+02 6.2298400879e+02 6.2305401611e+02 6.2313201904e+02 6.2323297119e+02 6.2336499023e+02 6.2351800537e+02 6.2365899658e+02 6.2381597900e+02 6.2399902344e+02 6.2416699219e+02 6.2433398438e+02 6.2451702881e+02 6.2470800781e+02
6.1771398926e+02 6.1782702637e+02 6.1794598389e+02 6.1807098389e+02 6.1817199707e+02 6.1827502441e+02 6.1843798828e+02 6.1871002197e+02 6.1903002930e+02 6.1928100586e+02 6.1946197510e+02 6.1968200684e+02 6.1989398193e+02 6.2003198242e+02 6.2007098389e+02 6.2005700684e+02 6.2005401611e+02 6.2015197754e+02 6.2038098145e+02 6.2060302734e+02 6.2078997803e+02 6.2092999268e+02 6.2106201172e+02 6.2120397949e+02 6.2131701660e+02 6.2140698242e+02 6.2150402832e+02 6.2171099854e+02 6.2200097656e+02 6.2226202393e+02 6.2241900635e+02 6.2253302002e+02 6.2264697266e+02 6.2275402832e+02 6.2285797119e+02 6.2296600342e+02 6.2309100342e+02 6.2322198486e+02 6.2336798096e+02 6.2349597168e+02 6.2364202881e+02 6.2380798340e+02 6.2396301270e+02 6.2411401367e+02 6.2427801514e+02 6.2445697021e+02
6.1764599609e+02 6.1770300293e+02 6.1777197266e+02 6.1786798096e+02 6.1795697021e+02 6.1804998779e+02 6.1819097900e+02 6.1840802002e+02 6.1874298096e+02 6.1903997803e+02 6.1921099854e+02 6.1940997314e+02 6.1965399170e+02 6.1984698486e+02 6.1994201660e+02 6.1995001221e+02 6.1992602539e+02 6.1994299316e+02 6.2007098389e+02 6.2028802490e+02 6.2051501465e+02 6.2069097900e+02 6.2082800293e+02 6.2098199463e+02 6.2112298584e+02 6.2124700928e+02 6.2136297607e+02 6.2153900146e+02 6.2176898193e+02 6.2197998047e+02 6.2211901855e+02 6.2224401855e+02 6.2238702393e+02 6.2253100586e+02 6.2266302490e+02 6.2278802490e+02 6.2292102051e+02 6.2305603027e+02 6.2320697021e+02 6.2333502197e+02 6.2346197510e+02 6.2360797119e+02 6.2374700928e+02 6.2388500977e+02 6.2403302002e+02 6.2419500732e+02
6.1757598877e+02 6.1758197021e+02 6.1761499023e+02 6.1771197510e+02 6.1780798340e+02 6.1790197754e+02 6.1802600098e+02 6.1817102051e+02 6.1846502686e+02 6.1878198242e+02 6.1898297119e+02 6.1918798828e+02 6.1944201660e+02 6.1966302490e+02 6.1981097412e+02 6.1985101318e+02 6.1983001709e+02 6.1980200195e+02 6.1984399414e+02 6.1998602295e+02 6.2020501709e+02 6.2041601563e+02 6.2058099365e+02 6.2074102783e+02 6.2089599609e+02 6.2103900146e+02 6.2116802979e+02 6.2132000732e+02 6.2150897217e+02 6.2169299316e+02 6.2184399414e+02 6.2199798584e+02 6.2216400146e+02 6.2232800293e+02 6.2247998047e+02 6.2261199951e+02 6.2273797607e+02 6.2286199951e+02 6.2301098633e+02 6.2313800049e+02 6.2325299072e+02 6.2338598633e+02 6.2351800537e+02 6.2365002441e+02 6.2378002930e+02 6.2392102051e+02
6.1736199951e+02 6.1737402344e+02 6.1742401123e+02 6.1755297852e+02 6.1766900635e+02 6.1775897217e+02 6.1784698486e+02 6.1795202637e+02 6.1816802979e+02 6.1846697998e+02 6.1874902344e+02 6.1896801758e+02 6.1920599365e+02 6.1940802002e+02 6.1954302979e+02 6.1970898438e+02 6.1971899414e+02 6.1968597412e+02 6.1967901611e+02 6.1969799805e+02 6.1984997559e+02 6.2007897949e+02 6.2031097412e+02 6.2047998047e+02 6.2063800049e+02 6.2079302979e+02 6.2094799805e+02 6.2107598877e+02 6.2124700928e+02 6.2142797852e+02 6.2159399414e+02 6.2177899170e+02 6.2194799805e+02 6.2210302734e+02 6.2229400635e+02 6.2246398926e+02 6.2256896973e+02 6.2266497803e+02 6.2279199219e+02 6.2288800049e+02 6.2299102783e+02 6.2312402344e+02 6.2328302002e+02 6.2342901611e+02 6.2354498291e+02 6.2365899658e+02
6.1696002197e+02 6.1704797363e+02 6.1716699219e+02 6.1735998535e+02 6.1753900146e+02 6.1764501953e+02 6.1770501709e+02 6.1777600098e+02 6.1790301514e+02 6.1812200928e+02 6.1842901611e+02 6.1871801758e+02 6.1893402100e+02 6.1907202148e+02 6.1921002197e+02 6.1939898682e+02 6.1950000000e+02 6.1953002930e+02 6.1954101563e+02 6.1948400879e+02 6.1951098633e+02 6.1966302490e+02 6.1993798828e+02 6.2020800781e+02 6.2039501953e+02 6.2054400635e+02 6.2070898438e+02 6.2085900879e+02 6.2103900146e+02 6.2122100830e+02 6.2138299561e+02 6.2155499268e+02 6.2168499756e+02 6.2179699707e+02 6.2197399902e+02 6.2219799805e+02 6.2234301758e+02 6.2242999268e+02 6.2253497314e+02 6.2261901855e+02 6.2270501709e+02 6.2283801270e+02 6.2301000977e+02 6.2321697998e+02 6.2333398438e+02 6.2341802979e+02
6.1658801270e+02 6.1672100830e+02 6.1686602783e+02 6.1711199951e+02 6.1734997559e+02 6.1750201416e+02 6.1758502197e+02 6.1763800049e+02 6.1768798828e+02 6.1779901123e+02 6.1804400635e+02 6.1833001709e+02 6.1856201172e+02 6.1874902344e+02 6.1891699219e+02 6.1910601807e+02 6.1922399902e+02 6.1928302002e+02 6.1935998535e+02 6.1934997559e+02 6.1930401611e+02 6.1934497070e+02 6.1958001709e+02 6.1992901611e+02 6.2016900635e+02 6.2032098389e+02 6.2047998047e+02 6.2064697266e+02 6.2083502197e+02 6.2101000977e+02 6.2114801025e+02 6.2129699707e+02 6.2141198730e+02 6.2151000977e+02 6.2165399170e+02 6.2187597656e+02 6.2205999756e+02 6.2217102051e+02 6.2226098633e+02 6.2233599854e+02 6.2242199707e+02 6.2253802490e+02 6.2268701172e+02 6.2291198730e+02 6.2304302979e+02 6.2313897705e+02
6.1626599121e+02 6.1641198730e+02 6.1655297852e+02 6.1681298828e+02 6.1707397461e+02 6.1727099609e+02 6.1742297363e+02 6.1752301025e+02 6.1755603027e+02 6.1757397461e+02 6.1768298340e+02 6.1786102295e+02 6.1807897949e+02 6.1834399414e+02 6.1859899902e+02 6.1879199219e+02 6.1890100098e+02 6.1896301270e+02 6.1908001709e+02 6.1919500732e+02 6.1918200684e+02 6.1915301514e+02 6.1928497314e+02 6.1963201904e+02 6.1991101074e+02 6.2008398438e+02 6.2023400879e+02 6.2040600586e+02 6.2059698486e+02 6.2076501465e+02 6.2088800049e+02 6.2101800537e+02 6.2113800049e+02 6.2125097656e+02 6.2138201904e+02 6.2155902100e+02 6.2175299072e+02 6.2189898682e+02 6.2199597168e+02 6.2207299805e+02 6.2215698242e+02 6.2224200439e+02 6.2235198975e+02 6.2255499268e+02 6.2270300293e+02 6.2283898926e+02
