TESTSERVER/18/14.asc
NCOLS 100
NROWS 100
XLLCORNER 8.3997500000e+03
YLLCORNER 2.8925025000e+05
CELLSIZE 5.0000000000e-01
NODATA_VALUE -9.9990000000e+03
[rows 40 to 59 of 100, columns 0 to 45 of 100]
6.0637597656e+02 6.0665399170e+02 6.0692297363e+02 6.0705297852e+02 6.0716998291e+02 6.0726000977e+02 6.0733099365e+02 6.0743701172e+02 6.0755999756e+02 6.0768902588e+02 6.0781799316e+02 6.0796398926e+02 6.0811798096e+02 6.0829101563e+02 6.0848602295e+02 6.0869000244e+02 6.0886700439e+02 6.0903002930e+02 6.0919396973e+02 6.0932598877e+02 6.0946997070e+02 6.0961297607e+02 6.0977099609e+02 6.0990100098e+02 6.0999401855e+02 6.1011199951e+02 6.1027301025e+02 6.1040301514e+02 6.1046002197e+02 6.1052099609e+02 6.1061700439e+02 6.1074102783e+02 6.1094598389e+02 6.1120599365e+02 6.1145501709e+02 6.1175701904e+02 6.1203497314e+02 6.1224902344e+02 6.1238000488e+02 6.1244097900e+02 6.1253900146e+02 6.1269897461e+02 6.1294799805e+02 6.1319702148e+02 6.1341302490e+02 6.1355401611e+02
6.0603601074e+02 6.0629699707e+02 6.0657299805e+02 6.0677001953e+02 6.0691101074e+02 6.0700402832e+02 6.0706799316e+02 6.0717199707e+02 6.0729699707e+02 6.0742700195e+02 6.0756402588e+02 6.0770697021e+02 6.0785101318e+02 6.0801202393e+02 6.0820599365e+02 6.0841601563e+02 6.0860601807e+02 6.0878497314e+02 6.0895898438e+02 6.0910998535e+02 6.0925598145e+02 6.0940997314e+02 6.0956597900e+02 6.0966400146e+02 6.0974798584e+02 6.0985699463e+02 6.1001300049e+02 6.1016699219e+02 6.1029199219e+02 6.1039398193e+02 6.1047601318e+02 6.1056402588e+02 6.1069299316e+02 6.1086401367e+02 6.1107397461e+02 6.1136401367e+02 6.1165197754e+02 6.1189599609e+02 6.1205700684e+02 6.1215600586e+02 6.1228997803e+02 6.1248999023e+02 6.1276000977e+02 6.1304498291e+02 6.1323901367e+02 6.1335198975e+02
6.0570300293e+02 6.0592199707e+02 6.0618103027e+02 6.0641101074e+02 6.0657501221e+02 6.0669097900e+02 6.0677801514e+02 6.0689801025e+02 6.0703399658e+02 6.0717297363e+02 6.0730902100e+02 6.0744201660e+02 6.0758001709e+02 6.0773199463e+02 6.0791198730e+02 6.0811199951e+02 6.0830401611e+02 6.0849102783e+02 6.0866998291e+02 6.0883300781e+02 6.0900299072e+02 6.0918200684e+02 6.0934698486e+02 6.0942901611e+02 6.0949798584e+02 6.0959497070e+02 6.0973297119e+02 6.0989501953e+02 6.1005902100e+02 6.1019799805e+02 6.1031701660e+02 6.1043402100e+02 6.1054797363e+02 6.1066699219e+02 6.1079602051e+02 6.1101501465e+02 6.1126202393e+02 6.1149298096e+02 6.1167401123e+02 6.1181799316e+02 6.1198797607e+02 6.1221099854e+02 6.1249401855e+02 6.1277502441e+02 6.1297302246e+02 6.1309197998e+02
6.0535998535e+02 6.0555297852e+02 6.0579199219e+02 6.0602697754e+02 6.0620697021e+02 6.0634802246e+02 6.0647302246e+02 6.0661700439e+02 6.0676800537e+02 6.0691601563e+02 6.0705102539e+02 6.0717401123e+02 6.0730499268e+02 6.0744799805e+02 6.0761102295e+02 6.0779302979e+02 6.0797900391e+02 6.0816601563e+02 6.0834100342e+02 6.0851397705e+02 6.0870898438e+02 6.0890802002e+02 6.0908300781e+02 6.0916802979e+02 6.0924102783e+02 6.0933801270e+02 6.0947497559e+02 6.0964099121e+02 6.0981402588e+02 6.0996099854e+02 6.1009399414e+02 6.1026702881e+02 6.1041601563e+02 6.1053497314e+02 6.1061798096e+02 6.1074902344e+02 6.1091998291e+02 6.1109899902e+02 6.1126702881e+02 6.1144000244e+02 6.1163000488e+02 6.1186297607e+02 6.1214300537e+02 6.1241699219e+02 6.1263897705e+02 6.1279302979e+02
6.0499499512e+02 6.0521197510e+02 6.0549102783e+02 6.0567199707e+02 6.0584997559e+02 6.0600500488e+02 6.0615997314e+02 6.0633898926e+02 6.0651098633e+02 6.0666497803e+02 6.0678302002e+02 6.0689501953e+02 6.0702197266e+02 6.0716400146e+02 6.0731896973e+02 6.0746899414e+02 6.0764099121e+02 6.0782397461e+02 6.0800897217e+02 6.0817901611e+02 6.0838299561e+02 6.0858801270e+02 6.0875000000e+02 6.0887402344e+02 6.0898498535e+02 6.0910101318e+02 6.0924102783e+02 6.0942999268e+02 6.0958099365e+02 6.0970300293e+02 6.0981799316e+02 6.1000201416e+02 6.1020599365e+02 6.1037799072e+02 6.1049298096e+02 6.1056402588e+02 6.1065600586e+02 6.1076300049e+02 6.1088000488e+02 6.1104498291e+02 6.1124102783e+02 6.1147497559e+02 6.1171600342e+02 6.1201202393e+02 6.1227801514e+02 6.1249200439e+02
6.0463500977e+02 6.0484997559e+02 6.0513201904e+02 6.0535900879e+02 6.0554199219e+02 6.0569500732e+02 6.0585400391e+02 6.0605499268e+02 6.0625000000e+02 6.0640698242e+02 6.0652001953e+02 6.0662200928e+02 6.0674902344e+02 6.0689599609e+02 6.0705401611e+02 6.0720098877e+02 6.0735797119e+02 6.0752301025e+02 6.0769299316e+02 6.0787097168e+02 6.0808898926e+02 6.0830999756e+02 6.0848699951e+02 6.0861401367e+02 6.0875500488e+02 6.0888598633e+02 6.0902001953e+02 6.0918902588e+02 6.0932098389e+02 6.0943701172e+02 6.0955999756e+02 6.0972802734e+02 6.0993200684e+02 6.1012799072e+02 6.1028198242e+02 6.1040600586e+02 6.1048699951e+02 6.1054797363e+02 6.1062597656e+02 6.1074597168e+02 6.1091101074e+02 6.1112799072e+02 6.1137200928e+02 6.1164501953e+02 6.1192297363e+02 6.1217199707e+02
6.0434698486e+02 6.0452197266e+02 6.0476397705e+02 6.0500201416e+02 6.0519799805e+02 6.0536602783e+02 6.0553900146e+02 6.0575299072e+02 6.0595599365e+02 6.0611798096e+02 6.0623199463e+02 6.0633801270e+02 6.0646899414e+02 6.0661798096e+02 6.0678399658e+02 6.0694299316e+02 6.0709698486e+02 6.0725201416e+02 6.0740997314e+02 6.0757800293e+02 6.0779101563e+02 6.0801501465e+02 6.0821301270e+02 6.0835198975e+02 6.0850701904e+02 6.0865301514e+02 6.0877697754e+02 6.0891302490e+02 6.0903100586e+02 6.0914300537e+02 6.0927398682e+02 6.0944000244e+02 6.0963800049e+02 6.0983801270e+02 6.1001202393e+02 6.1017700195e+02 6.1028900146e+02 6.1037200928e+02 6.1046697998e+02 6.1057098389e+02 6.1069897461e+02 6.1087902832e+02 6.1109802246e+02 6.1133898926e+02 6.1159899902e+02 6.1184802246e+02
6.0410198975e+02 6.0423999023e+02 6.0442700195e+02 6.0464099121e+02 6.0483697510e+02 6.0501898193e+02 6.0521197510e+02 6.0543499756e+02 6.0564202881e+02 6.0580700684e+02 6.0592199707e+02 6.0603997803e+02 6.0617999268e+02 6.0633398438e+02 6.0650299072e+02 6.0666302490e+02 6.0682098389e+02 6.0698101807e+02 6.0714501953e+02 6.0728802490e+02 6.0747100830e+02 6.0767901611e+02 6.0789300537e+02 6.0804602051e+02 6.0821197510e+02 6.0837200928e+02 6.0850299072e+02 6.0863201904e+02 6.0875000000e+02 6.0885699463e+02 6.0897698975e+02 6.0913598633e+02 6.0932598877e+02 6.0952301025e+02 6.0970001221e+02 6.0986999512e+02 6.1002398682e+02 6.1017602539e+02 6.1034301758e+02 6.1045098877e+02 6.1055902100e+02 6.1070599365e+02 6.1088800049e+02 6.1110400391e+02 6.1133099365e+02 6.1155200195e+02
6.0385998535e+02 6.0398602295e+02 6.0413800049e+02 6.0431500244e+02 6.0448999023e+02 6.0467297363e+02 6.0487799072e+02 6.0510302734e+02 6.0530999756e+02 6.0547900391e+02 6.0560797119e+02 6.0574597168e+02 6.0589599609e+02 6.0605401611e+02 6.0620898438e+02 6.0634600830e+02 6.0650402832e+02 6.0668701172e+02 6.0689099121e+02 6.0700799561e+02 6.0714599609e+02 6.0731402588e+02 6.0752001953e+02 6.0771002197e+02 6.0787902832e+02 6.0804498291e+02 6.0820202637e+02 6.0838201904e+02 6.0851898193e+02 6.0861499023e+02 6.0868103027e+02 6.0882897949e+02 6.0901300049e+02 6.0920697021e+02 6.0938598633e+02 6.0954602051e+02 6.0973297119e+02 6.0995800781e+02 6.1018701172e+02 6.1030603027e+02 6.1043200684e+02 6.1057299805e+02 6.1071899414e+02 6.1091601563e+02 6.1111602783e+02 6.1130499268e+02
6.0359698486e+02 6.0373498535e+02 6.0389202881e+02 6.0403601074e+02 6.0418298340e+02 6.0434698486e+02 6.0453802490e+02 6.0475000000e+02 6.0496502686e+02 6.0516198730e+02 6.0532598877e+02 6.0547198486e+02 6.0562200928e+02 6.0577502441e+02 6.0591900635e+02 6.0603399658e+02 6.0617199707e+02 6.0635601807e+02 6.0656500244e+02 6.0672497559e+02 6.0688299561e+02 6.0704901123e+02 6.0722100830e+02 6.0736700439e+02 6.0752600098e+02 6.0771697998e+02 6.0793701172e+02 6.0815002441e+02 6.0831402588e+02 6.0841998291e+02 6.0848297119e+02 6.0858197021e+02 6.0873297119e+02 6.0891601563e+02 6.0910797119e+02 6.0927801514e+02 6.0945501709e+02 6.0965399170e+02 6.0985797119e+02 6.1002502441e+02 6.1021899414e+02 6.1041497803e+02 6.1055401611e+02 6.1070800781e+02 6.1088000488e+02 6.1104199219e+02
6.0335101318e+02 6.0348901367e+02 6.0364898682e+02 6.0378601074e+02 6.0391802979e+02 6.0405999756e+02 6.0423101807e+02 6.0442401123e+02 6.0463299561e+02 6.0483697510e+02 6.0501898193e+02 6.0516802979e+02 6.0532000732e+02 6.0547302246e+02 6.0561401367e+02 6.0572100830e+02 6.0584899902e+02 6.0602099609e+02 6.0622100830e+02 6.0640301514e+02 6.0659197998e+02 6.0677398682e+02 6.0692401123e+02 6.0703601074e+02 6.0719598389e+02 6.0741400146e+02 6.0765802002e+02 6.0788598633e+02 6.0807397461e+02 6.0821002197e+02 6.0829498291e+02 6.0838299561e+02 6.0850402832e+02 6.0866302490e+02 6.0885900879e+02 6.0905401611e+02 6.0923797607e+02 6.0942199707e+02 6.0959997559e+02 6.0977801514e+02 6.0997302246e+02 6.1017297363e+02 6.1034002686e+02 6.1049597168e+02 6.1065399170e+02 6.1080102539e+02
6.0312298584e+02 6.0325299072e+02 6.0340698242e+02 6.0355700684e+02 6.0368402100e+02 6.0380999756e+02 6.0396301270e+02 6.0413702393e+02 6.0432598877e+02 6.0451800537e+02 6.0469396973e+02 6.0484301758e+02 6.0500000000e+02 6.0515899658e+02 6.0530902100e+02 6.0542602539e+02 6.0555401611e+02 6.0571197510e+02 6.0588500977e+02 6.0605700684e+02 6.0625897217e+02 6.0645599365e+02 6.0661297607e+02 6.0671801758e+02 6.0688598633e+02 6.0711499023e+02 6.0735400391e+02 6.0758697510e+02 6.0779400635e+02 6.0795501709e+02 6.0807598877e+02 6.0818499756e+02 6.0829101563e+02 6.0842297363e+02 6.0860797119e+02 6.0883898926e+02 6.0905200195e+02 6.0924798584e+02 6.0941802979e+02 6.0956701660e+02 6.0971398926e+02 6.0988800049e+02 6.1008502197e+02 6.1025897217e+02 6.1042199707e+02 6.1057501221e+02
6.0290698242e+02 6.0303399658e+02 6.0317297363e+02 6.0332202148e+02 6.0345202637e+02 6.0357202148e+02 6.0371398926e+02 6.0387298584e+02 6.0403802490e+02 6.0420501709e+02 6.0436602783e+02 6.0451702881e+02 6.0467602539e+02 6.0484100342e+02 6.0499902344e+02 6.0514599609e+02 6.0528399658e+02 6.0542999268e+02 6.0557897949e+02 6.0572900391e+02 6.0591601563e+02 6.0612500000e+02 6.0631799316e+02 6.0641497803e+02 6.0659802246e+02 6.0683300781e+02 6.0705603027e+02 6.0726800537e+02 6.0747302246e+02 6.0764599609e+02 6.0778399658e+02 6.0793103027e+02 6.0804602051e+02 6.0816302490e+02 6.0832598877e+02 6.0857397461e+02 6.0879998779e+02 6.0901300049e+02 6.0919799805e+02 6.0933398438e+02 6.0944598389e+02 6.0959899902e+02 6.0982000732e+02 6.0998297119e+02 6.1014898682e+02 6.1032897949e+02
6.0268499756e+02 6.0280999756e+02 6.0294000244e+02 6.0308001709e+02 6.0320599365e+02 6.0332000732e+02 6.0345800781e+02 6.0360900879e+02 6.0376300049e+02 6.0392102051e+02 6.0407299805e+02 6.0421301270e+02 6.0436297607e+02 6.0452099609e+02 6.0468298340e+02 6.0483099365e+02 6.0496997070e+02 6.0512597656e+02 6.0528601074e+02 6.0541900635e+02 6.0558001709e+02 6.0578802490e+02 6.0602001953e+02 6.0615002441e+02 6.0631500244e+02 6.0654602051e+02 6.0676898193e+02 6.0697601318e+02 6.0717700195e+02 6.0733599854e+02 6.0745599365e+02 6.0762701416e+02 6.0779699707e+02 6.0796197510e+02 6.0812799072e+02 6.0832299805e+02 6.0850897217e+02 6.0869299316e+02 6.0889501953e+02 6.0905798340e+02 6.0918597412e+02 6.0932098389e+02 6.0950000000e+02 6.0963598633e+02 6.0978198242e+02 6.0996600342e+02
6.0246997070e+02 6.0258099365e+02 6.0271197510e+02 6.0284698486e+02 6.0296600342e+02 6.0307202148e+02 6.0320300293e+02 6.0334497070e+02 6.0349200439e+02 6.0364398193e+02 6.0378997803e+02 6.0392297363e+02 6.0406201172e+02 6.0420800781e+02 6.0435998535e+02 6.0449499512e+02 6.0462902832e+02 6.0479199219e+02 6.0497399902e+02 6.0510498047e+02 6.0525500488e+02 6.0545300293e+02 6.0570001221e+02 6.0589697266e+02 6.0605603027e+02 6.0623699951e+02 6.0644201660e+02 6.0664599609e+02 6.0684997559e+02 6.0701800537e+02 6.0713000488e+02 6.0731701660e+02 6.0752697754e+02 6.0773297119e+02 6.0792700195e+02 6.0810998535e+02 6.0826599121e+02 6.0841900635e+02 6.0860198975e+02 6.0879400635e+02 6.0893103027e+02 6.0905200195e+02 6.0918701172e+02 6.0930200195e+02 6.0943298340e+02 6.0959600830e+02
6.0226098633e+02 6.0235900879e+02 6.0249401855e+02 6.0262402344e+02 6.0273199463e+02 6.0283001709e+02 6.0295697021e+02 6.0309100342e+02 6.0323101807e+02 6.0337902832e+02 6.0351898193e+02 6.0364501953e+02 6.0377600098e+02 6.0391497803e+02 6.0406097412e+02 6.0419500732e+02 6.0432299805e+02 6.0447497559e+02 6.0465301514e+02 6.0479602051e+02 6.0494702148e+02 6.0513201904e+02 6.0535101318e+02 6.0558099365e+02 6.0577398682e+02 6.0594500732e+02 6.0611102295e+02 6.0628198242e+02 6.0648901367e+02 6.0668902588e+02 6.0683398438e+02 6.0701702881e+02 6.0723498535e+02 6.0745300293e+02 6.0766601563e+02 6.0784997559e+02 6.0799200439e+02 6.0812597656e+02 6.0829400635e+02 6.0850598145e+02 6.0865600586e+02 6.0878002930e+02 6.0890399170e+02 6.0903601074e+02 6.0916900635e+02 6.0930297852e+02
6.0205603027e+02 6.0215698242e+02 6.0228698730e+02 6.0241400146e+02 6.0251397705e+02 6.0260998535e+02 6.0272698975e+02 6.0284997559e+02 6.0298498535e+02 6.0313000488e+02 6.0325598145e+02 6.0337402344e+02 6.0350598145e+02 6.0364398193e+02 6.0379699707e+02 6.0393798828e+02 6.0406597900e+02 6.0419799805e+02 6.0433599854e+02 6.0450201416e+02 6.0466998291e+02 6.0484002686e+02 6.0498999023e+02 6.0518902588e+02 6.0541699219e+02 6.0563800049e+02 6.0582000732e+02 6.0596301270e+02 6.0616198730e+02 6.0638098145e+02 6.0657397461e+02 6.0674902344e+02 6.0694097900e+02 6.0713098145e+02 6.0729199219e+02 6.0749401855e+02 6.0763702393e+02 6.0776501465e+02 6.0789697266e+02 6.0815002441e+02 6.0833697510e+02 6.0849597168e+02 6.0865600586e+02 6.0883300781e+02 6.0898901367e+02 6.0909802246e+02
6.0182098389e+02 6.0194097900e+02 6.0206201172e+02 6.0217297363e+02 6.0227197266e+02 6.0237298584e+02 6.0248999023e+02 6.0260601807e+02 6.0273901367e+02 6.0288299561e+02 6.0301000977e+02 6.0313098145e+02 6.0326300049e+02 6.0339697266e+02 6.0353198242e+02 6.0365997314e+02 6.0379602051e+02 6.0393701172e+02 6.0407598877e+02 6.0422900391e+02 6.0440399170e+02 6.0458197021e+02 6.0471997070e+02 6.0486199951e+02 6.0506097412e+02 6.0527697754e+02 6.0547198486e+02 6.0567602539e+02 6.0588702393e+02 6.0609802246e+02 6.0631799316e+02 6.0650201416e+02 6.0665698242e+02 6.0678802490e+02 6.0690600586e+02 6.0709399414e+02 6.0724700928e+02 6.0739099121e+02 6.0756201172e+02 6.0778198242e+02 6.0798699951e+02 6.0817797852e+02 6.0835998535e+02 6.0855902100e+02 6.0874798584e+02 6.0888500977e+02
6.0158599854e+02 6.0170098877e+02 6.0181799316e+02 6.0194000244e+02 6.0204699707e+02 6.0214801025e+02 6.0226501465e+02 6.0237200928e+02 6.0250097656e+02 6.0265002441e+02 6.0278198242e+02 6.0290698242e+02 6.0303802490e+02 6.0317102051e+02 6.0329797363e+02 6.0341601563e+02 6.0354602051e+02 6.0367797852e+02 6.0381097412e+02 6.0395202637e+02 6.0412097168e+02 6.0430200195e+02 6.0444500732e+02 6.0456896973e+02 6.0473999023e+02 6.0492401123e+02 6.0510601807e+02 6.0534600830e+02 6.0556298828e+02 6.0576599121e+02 6.0599700928e+02 6.0618902588e+02 6.0632299805e+02 6.0642700195e+02 6.0653302002e+02 6.0672802734e+02 6.0690502930e+02 6.0708197021e+02 6.0727398682e+02 6.0746899414e+02 6.0766400146e+02 6.0785601807e+02 6.0801800537e+02 6.0818103027e+02 6.0837799072e+02 6.0855499268e+02
6.0135601807e+02 6.0146899414e+02 6.0158197021e+02 6.0170697021e+02 6.0182098389e+02 6.0193200684e+02 6.0205603027e+02 6.0215197754e+02 6.0228002930e+02 6.0243402100e+02 6.0256500244e+02 6.0268902588e+02 6.0282000732e+02 6.0295202637e+02 6.0308197021e+02 6.0319799805e+02 6.0331402588e+02 6.0342901611e+02 6.0354998779e+02 6.0367999268e+02 6.0383599854e+02 6.0400799561e+02 6.0415899658e+02 6.0429199219e+02 6.0445300293e+02 6.0461700439e+02 6.0477398682e+02 6.0500000000e+02 6.0519799805e+02 6.0537097168e+02 6.0558099365e+02 6.0578698730e+02 6.0594097900e+02 6.0606701660e+02 6.0619000244e+02 6.0639898682e+02 6.0659899902e+02 6.0679998779e+02 6.0699700928e+02 6.0717401123e+02 6.0737097168e+02 6.0756500244e+02 6.0770898438e+02 6.0781799316e+02 6.0798498535e+02 6.0817199707e+02
