TESTSERVER/18/14.asc
NCOLS 100
NROWS 100
XLLCORNER 8.3997500000e+03
YLLCORNER 2.8925025000e+05
CELLSIZE 5.0000000000e-01
NODATA_VALUE -9.9990000000e+03
[rows 20 to 39 of 100, columns 0 to 45 of 100]
6.1101702881e+02 6.1124401855e+02 6.1146899414e+02 6.1161901855e+02 6.1176800537e+02 6.1190100098e+02 6.1202001953e+02 6.1217297363e+02 6.1233898926e+02 6.1251599121e+02 6.1270397949e+02 6.1286700439e+02 6.1305200195e+02 6.1322497559e+02 6.1334100342e+02 6.1345501709e+02 6.1361297607e+02 6.1379498291e+02 6.1396600342e+02 6.1413299561e+02 6.1431500244e+02 6.1444598389e+02 6.1452899170e+02 6.1466802979e+02 6.1483599854e+02 6.1498498535e+02 6.1511199951e+02 6.1525701904e+02 6.1540100098e+02 6.1553198242e+02 6.1567602539e+02 6.1582702637e+02 6.1597100830e+02 6.1609197998e+02 6.1621002197e+02 6.1625897217e+02 6.1625500488e+02 6.1634399414e+02 6.1660900879e+02 6.1691101074e+02 6.1712097168e+02 6.1727398682e+02 6.1741601563e+02 6.1758898926e+02 6.1773101807e+02 6.1786401367e+02
6.1079797363e+02 6.1103601074e+02 6.1128698730e+02 6.1145898438e+02 6.1159399414e+02 6.1172100830e+02 6.1182800293e+02 6.1195800781e+02 6.1212097168e+02 6.1230603027e+02 6.1248999023e+02 6.1266101074e+02 6.1282098389e+02 6.1296398926e+02 6.1307397461e+02 6.1318200684e+02 6.1334197998e+02 6.1353002930e+02 6.1369299316e+02 6.1382397461e+02 6.1396899414e+02 6.1411401367e+02 6.1424200439e+02 6.1438500977e+02 6.1457098389e+02 6.1474298096e+02 6.1486700439e+02 6.1500897217e+02 6.1513397217e+02 6.1525701904e+02 6.1543597412e+02 6.1564898682e+02 6.1582501221e+02 6.1595098877e+02 6.1605499268e+02 6.1614697266e+02 6.1616400146e+02 6.1615600586e+02 6.1628198242e+02 6.1658197021e+02 6.1687402344e+02 6.1708001709e+02 6.1721398926e+02 6.1733898926e+02 6.1747497559e+02 6.1761102295e+02
6.1055200195e+02 6.1077197266e+02 6.1101300049e+02 6.1119299316e+02 6.1133099365e+02 6.1147601318e+02 6.1161602783e+02 6.1173901367e+02 6.1189501953e+02 6.1207397461e+02 6.1225201416e+02 6.1241198730e+02 6.1256097412e+02 6.1269598389e+02 6.1280700684e+02 6.1291198730e+02 6.1305999756e+02 6.1323297119e+02 6.1337902832e+02 6.1349200439e+02 6.1363299561e+02 6.1379101563e+02 6.1395898438e+02 6.1410900879e+02 6.1428002930e+02 6.1443902588e+02 6.1459399414e+02 6.1477697754e+02 6.1489300537e+02 6.1499902344e+02 6.1517901611e+02 6.1540600586e+02 6.1560198975e+02 6.1576501465e+02 6.1589099121e+02 6.1601702881e+02 6.1608599854e+02 6.1606097412e+02 6.1604699707e+02 6.1620800781e+02 6.1647100830e+02 6.1672802734e+02 6.1693298340e+02 6.1707397461e+02 6.1724298096e+02 6.1740698242e+02
6.1028900146e+02 6.1046697998e+02 6.1065698242e+02 6.1083197021e+02 6.1099401855e+02 6.1117999268e+02 6.1137902832e+02 6.1150598145e+02 6.1165600586e+02 6.1182202148e+02 6.1198199463e+02 6.1212799072e+02 6.1227099609e+02 6.1240997314e+02 6.1253997803e+02 6.1266302490e+02 6.1280700684e+02 6.1296600342e+02 6.1310302734e+02 6.1323999023e+02 6.1340100098e+02 6.1357202148e+02 6.1375201416e+02 6.1391497803e+02 6.1405999756e+02 6.1417797852e+02 6.1434497070e+02 6.1457702637e+02 6.1468902588e+02 6.1476397705e+02 6.1491601563e+02 6.1512597656e+02 6.1534497070e+02 6.1556701660e+02 6.1571502686e+02 6.1583300781e+02 6.1595001221e+02 6.1598199463e+02 6.1595397949e+02 6.1597302246e+02 6.1609899902e+02 6.1631097412e+02 6.1657098389e+02 6.1677899170e+02 6.1700799561e+02 6.1721301270e+02
6.1003100586e+02 6.1016101074e+02 6.1031799316e+02 6.1050402832e+02 6.1070599365e+02 6.1091101074e+02 6.1109802246e+02 6.1126000977e+02 6.1140301514e+02 6.1154998779e+02 6.1168701172e+02 6.1183197021e+02 6.1196600342e+02 6.1211297607e+02 6.1228100586e+02 6.1244500732e+02 6.1260998535e+02 6.1277001953e+02 6.1292901611e+02 6.1309698486e+02 6.1327697754e+02 6.1345697021e+02 6.1365100098e+02 6.1380798340e+02 6.1393701172e+02 6.1401501465e+02 6.1411499023e+02 6.1432897949e+02 6.1444396973e+02 6.1451000977e+02 6.1463897705e+02 6.1483300781e+02 6.1507397461e+02 6.1533801270e+02 6.1550701904e+02 6.1559497070e+02 6.1573101807e+02 6.1583898926e+02 6.1589501953e+02 6.1590502930e+02 6.1589898682e+02 6.1598699951e+02 6.1617199707e+02 6.1643701172e+02 6.1671099854e+02 6.1694299316e+02
6.0978601074e+02 6.0994097900e+02 6.1013299561e+02 6.1036102295e+02 6.1055902100e+02 6.1072497559e+02 6.1087701416e+02 6.1101800537e+02 6.1115301514e+02 6.1128698730e+02 6.1141699219e+02 6.1155499268e+02 6.1168798828e+02 6.1183898926e+02 6.1202600098e+02 6.1222698975e+02 6.1242102051e+02 6.1260101318e+02 6.1276098633e+02 6.1294396973e+02 6.1312902832e+02 6.1333502197e+02 6.1357702637e+02 6.1377502441e+02 6.1388201904e+02 6.1391302490e+02 6.1395001221e+02 6.1405499268e+02 6.1417199707e+02 6.1427697754e+02 6.1441198730e+02 6.1457800293e+02 6.1478302002e+02 6.1501202393e+02 6.1517401123e+02 6.1528002930e+02 6.1543798828e+02 6.1558300781e+02 6.1568597412e+02 6.1579302979e+02 6.1582800293e+02 6.1584802246e+02 6.1592498779e+02 6.1609899902e+02 6.1635601807e+02 6.1661798096e+02
6.0952899170e+02 6.0970098877e+02 6.0992602539e+02 6.1019897461e+02 6.1040399170e+02 6.1055102539e+02 6.1066101074e+02 6.1077697754e+02 6.1090197754e+02 6.1102899170e+02 6.1115399170e+02 6.1128198242e+02 6.1140698242e+02 6.1155200195e+02 6.1174102783e+02 6.1195397949e+02 6.1216601563e+02 6.1236499023e+02 6.1254400635e+02 6.1273498535e+02 6.1293701172e+02 6.1316998291e+02 6.1346502686e+02 6.1375097656e+02 6.1386297607e+02 6.1385101318e+02 6.1384002686e+02 6.1388000488e+02 6.1396697998e+02 6.1406597900e+02 6.1418298340e+02 6.1434600830e+02 6.1454602051e+02 6.1476000977e+02 6.1489599609e+02 6.1497802734e+02 6.1513598633e+02 6.1531097412e+02 6.1544396973e+02 6.1560699463e+02 6.1572698975e+02 6.1577197266e+02 6.1579400635e+02 6.1587200928e+02 6.1605902100e+02 6.1629901123e+02
6.0927502441e+02 6.0945098877e+02 6.0967700195e+02 6.0998297119e+02 6.1020599365e+02 6.1034899902e+02 6.1043402100e+02 6.1053399658e+02 6.1065502930e+02 6.1078002930e+02 6.1090600586e+02 6.1101800537e+02 6.1112402344e+02 6.1125299072e+02 6.1143103027e+02 6.1164501953e+02 6.1186297607e+02 6.1207501221e+02 6.1227197266e+02 6.1247198486e+02 6.1268597412e+02 6.1293798828e+02 6.1326702881e+02 6.1361901855e+02 6.1375402832e+02 6.1373797607e+02 6.1371600342e+02 6.1374200439e+02 6.1379302979e+02 6.1384899902e+02 6.1393597412e+02 6.1409802246e+02 6.1428900146e+02 6.1448901367e+02 6.1462200928e+02 6.1469500732e+02 6.1484197998e+02 6.1503302002e+02 6.1519500732e+02 6.1535198975e+02 6.1551800537e+02 6.1564300537e+02 6.1572100830e+02 6.1574597168e+02 6.1583898926e+02 6.1599499512e+02
6.0903900146e+02 6.0920001221e+02 6.0940197754e+02 6.0965802002e+02 6.0988299561e+02 6.1005297852e+02 6.1016198730e+02 6.1028497314e+02 6.1041699219e+02 6.1055297852e+02 6.1067797852e+02 6.1078002930e+02 6.1087799072e+02 6.1098901367e+02 6.1112298584e+02 6.1131097412e+02 6.1151800537e+02 6.1173699951e+02 6.1194897461e+02 6.1216400146e+02 6.1239300537e+02 6.1264697266e+02 6.1292999268e+02 6.1326098633e+02 6.1342498779e+02 6.1347698975e+02 6.1351898193e+02 6.1357800293e+02 6.1361499023e+02 6.1363702393e+02 6.1369702148e+02 6.1382800293e+02 6.1397302246e+02 6.1413098145e+02 6.1428100586e+02 6.1442700195e+02 6.1456097412e+02 6.1473797607e+02 6.1492602539e+02 6.1507397461e+02 6.1523699951e+02 6.1541302490e+02 6.1558502197e+02 6.1567297363e+02 6.1571502686e+02 6.1576800537e+02
6.0882299805e+02 6.0896899414e+02 6.0913897705e+02 6.0934197998e+02 6.0954998779e+02 6.0974499512e+02 6.0990301514e+02 6.1004797363e+02 6.1019897461e+02 6.1034497070e+02 6.1046398926e+02 6.1056701660e+02 6.1067901611e+02 6.1078900146e+02 6.1089697266e+02 6.1102899170e+02 6.1119097900e+02 6.1138299561e+02 6.1160797119e+02 6.1184002686e+02 6.1209002686e+02 6.1234600830e+02 6.1260198975e+02 6.1286901855e+02 6.1305401611e+02 6.1315600586e+02 6.1322698975e+02 6.1331500244e+02 6.1336602783e+02 6.1340997314e+02 6.1347698975e+02 6.1358599854e+02 6.1370898438e+02 6.1384197998e+02 6.1399499512e+02 6.1416900635e+02 6.1428601074e+02 6.1442999268e+02 6.1460498047e+02 6.1476702881e+02 6.1495800781e+02 6.1517498779e+02 6.1538098145e+02 6.1553100586e+02 6.1562902832e+02 6.1568103027e+02
6.0861602783e+02 6.0875598145e+02 6.0890301514e+02 6.0907897949e+02 6.0928002930e+02 6.0948400879e+02 6.0967102051e+02 6.0984301758e+02 6.0999798584e+02 6.1013598633e+02 6.1025000000e+02 6.1036199951e+02 6.1047802734e+02 6.1059002686e+02 6.1069201660e+02 6.1078802490e+02 6.1091497803e+02 6.1108001709e+02 6.1128399658e+02 6.1151599121e+02 6.1177099609e+02 6.1202801514e+02 6.1227301025e+02 6.1251800537e+02 6.1270800781e+02 6.1282702637e+02 6.1290600586e+02 6.1298999023e+02 6.1306402588e+02 6.1314202881e+02 6.1322802734e+02 6.1334997559e+02 6.1348901367e+02 6.1361700439e+02 6.1375299072e+02 6.1392297363e+02 6.1404101563e+02 6.1416101074e+02 6.1430999756e+02 6.1445697021e+02 6.1464599609e+02 6.1487097168e+02 6.1509399414e+02 6.1530200195e+02 6.1546801758e+02 6.1557202148e+02
6.0841601563e+02 6.0855200195e+02 6.0868902588e+02 6.0884600830e+02 6.0903497314e+02 6.0923602295e+02 6.0944299316e+02 6.0963299561e+02 6.0978601074e+02 6.0991699219e+02 6.1002600098e+02 6.1014801025e+02 6.1026898193e+02 6.1038598633e+02 6.1048797607e+02 6.1056896973e+02 6.1067700195e+02 6.1082202148e+02 6.1100500488e+02 6.1121697998e+02 6.1145397949e+02 6.1169598389e+02 6.1193597412e+02 6.1217901611e+02 6.1237200928e+02 6.1250598145e+02 6.1259301758e+02 6.1267199707e+02 6.1277001953e+02 6.1287701416e+02 6.1297998047e+02 6.1315002441e+02 6.1332501221e+02 6.1344702148e+02 6.1354199219e+02 6.1368798828e+02 6.1381201172e+02 6.1393298340e+02 6.1406896973e+02 6.1419897461e+02 6.1435998535e+02 6.1455401611e+02 6.1476202393e+02 6.1499902344e+02 6.1521801758e+02 6.1538702393e+02
6.0823199463e+02 6.0836700439e+02 6.0849700928e+02 6.0863201904e+02 6.0879797363e+02 6.0898297119e+02 6.0916497803e+02 6.0936102295e+02 6.0952197266e+02 6.0966400146e+02 6.0979101563e+02 6.0991497803e+02 6.1003497314e+02 6.1015197754e+02 6.1026501465e+02 6.1036798096e+02 6.1048400879e+02 6.1061901855e+02 6.1077697754e+02 6.1095202637e+02 6.1114300537e+02 6.1134301758e+02 6.1154101563e+02 6.1180297852e+02 6.1201000977e+02 6.1216802979e+02 6.1227899170e+02 6.1240698242e+02 6.1252099609e+02 6.1263299561e+02 6.1277197266e+02 6.1297998047e+02 6.1318402100e+02 6.1330297852e+02 6.1336297607e+02 6.1347601318e+02 6.1360998535e+02 6.1374700928e+02 6.1386700439e+02 6.1398297119e+02 6.1413397217e+02 6.1430401611e+02 6.1449298096e+02 6.1470098877e+02 6.1493701172e+02 6.1514697266e+02
6.0803900146e+02 6.0816998291e+02 6.0827600098e+02 6.0839898682e+02 6.0854498291e+02 6.0870697021e+02 6.0888702393e+02 6.0906799316e+02 6.0924298096e+02 6.0940698242e+02 6.0955700684e+02 6.0967797852e+02 6.0978497314e+02 6.0989099121e+02 6.1000598145e+02 6.1013299561e+02 6.1027398682e+02 6.1042102051e+02 6.1057098389e+02 6.1070599365e+02 6.1084100342e+02 6.1098901367e+02 6.1115002441e+02 6.1136901855e+02 6.1158099365e+02 6.1176397705e+02 6.1192498779e+02 6.1208502197e+02 6.1222601318e+02 6.1235797119e+02 6.1252801514e+02 6.1276599121e+02 6.1300299072e+02 6.1316900635e+02 6.1324700928e+02 6.1334600830e+02 6.1345697021e+02 6.1356799316e+02 6.1367901611e+02 6.1379199219e+02 6.1392700195e+02 6.1408099365e+02 6.1426599121e+02 6.1448498535e+02 6.1473297119e+02 6.1494500732e+02
6.0783099365e+02 6.0796301270e+02 6.0806597900e+02 6.0818103027e+02 6.0831201172e+02 6.0845599365e+02 6.0861999512e+02 6.0880200195e+02 6.0897900391e+02 6.0915100098e+02 6.0931298828e+02 6.0943402100e+02 6.0953997803e+02 6.0964599609e+02 6.0975897217e+02 6.0989898682e+02 6.1005902100e+02 6.1022302246e+02 6.1038598633e+02 6.1050299072e+02 6.1061199951e+02 6.1072998047e+02 6.1086297607e+02 6.1103900146e+02 6.1123101807e+02 6.1141900635e+02 6.1160601807e+02 6.1177899170e+02 6.1193402100e+02 6.1208801270e+02 6.1227099609e+02 6.1251098633e+02 6.1277398682e+02 6.1297998047e+02 6.1310797119e+02 6.1325299072e+02 6.1336602783e+02 6.1345300293e+02 6.1353497314e+02 6.1364801025e+02 6.1376800537e+02 6.1389697266e+02 6.1406097412e+02 6.1428198242e+02 6.1452697754e+02 6.1473400879e+02
6.0762799072e+02 6.0776599121e+02 6.0787402344e+02 6.0798400879e+02 6.0810101318e+02 6.0822900391e+02 6.0837597656e+02 6.0854998779e+02 6.0872302246e+02 6.0889599609e+02 6.0906500244e+02 6.0919000244e+02 6.0930102539e+02 6.0941400146e+02 6.0953698730e+02 6.0969598389e+02 6.0987500000e+02 6.1005297852e+02 6.1022399902e+02 6.1034100342e+02 6.1045001221e+02 6.1056500244e+02 6.1069201660e+02 6.1082800293e+02 6.1097998047e+02 6.1114697266e+02 6.1133502197e+02 6.1150500488e+02 6.1165399170e+02 6.1181701660e+02 6.1201397705e+02 6.1225701904e+02 6.1252697754e+02 6.1275000000e+02 6.1291198730e+02 6.1312701416e+02 6.1328497314e+02 6.1337298584e+02 6.1342700195e+02 6.1353198242e+02 6.1364099121e+02 6.1374597168e+02 6.1387200928e+02 6.1404998779e+02 6.1426000977e+02 6.1445800781e+02
6.0744000244e+02 6.0758502197e+02 6.0770098877e+02 6.0781500244e+02 6.0792498779e+02 6.0804101563e+02 6.0819097900e+02 6.0833001709e+02 6.0848699951e+02 6.0864697266e+02 6.0879400635e+02 6.0893902588e+02 6.0907000732e+02 6.0920898438e+02 6.0938098145e+02 6.0954400635e+02 6.0973199463e+02 6.0991302490e+02 6.1008001709e+02 6.1019799805e+02 6.1032702637e+02 6.1046502686e+02 6.1060699463e+02 6.1069299316e+02 6.1079901123e+02 6.1092401123e+02 6.1107598877e+02 6.1122100830e+02 6.1135699463e+02 6.1153002930e+02 6.1177502441e+02 6.1204602051e+02 6.1230999756e+02 6.1251702881e+02 6.1266198730e+02 6.1289501953e+02 6.1311499023e+02 6.1325799561e+02 6.1332000732e+02 6.1339099121e+02 6.1349401855e+02 6.1359997559e+02 6.1370501709e+02 6.1379797363e+02 6.1395098877e+02 6.1413201904e+02
6.0724401855e+02 6.0743298340e+02 6.0755401611e+02 6.0766302490e+02 6.0777197266e+02 6.0788201904e+02 6.0799597168e+02 6.0812597656e+02 6.0826898193e+02 6.0841601563e+02 6.0856097412e+02 6.0870001221e+02 6.0884698486e+02 6.0900598145e+02 6.0917700195e+02 6.0935998535e+02 6.0953997803e+02 6.0970800781e+02 6.0987402344e+02 6.1002197266e+02 6.1017498779e+02 6.1034002686e+02 6.1048498535e+02 6.1056097412e+02 6.1063500977e+02 6.1071697998e+02 6.1081097412e+02 6.1089801025e+02 6.1101702881e+02 6.1119897461e+02 6.1146801758e+02 6.1180200195e+02 6.1210900879e+02 6.1233001709e+02 6.1245300293e+02 6.1264300537e+02 6.1286602783e+02 6.1303601074e+02 6.1310699463e+02 6.1316900635e+02 6.1325701904e+02 6.1337597656e+02 6.1351501465e+02 6.1360797119e+02 6.1373797607e+02 6.1389398193e+02
6.0699200439e+02 6.0722100830e+02 6.0737097168e+02 6.0748101807e+02 6.0758898926e+02 6.0769299316e+02 6.0779101563e+02 6.0790899658e+02 6.0804400635e+02 6.0818499756e+02 6.0832397461e+02 6.0846197510e+02 6.0861499023e+02 6.0878198242e+02 6.0896301270e+02 6.0914398193e+02 6.0932000732e+02 6.0948297119e+02 6.0963598633e+02 6.0979400635e+02 6.0996502686e+02 6.1014300537e+02 6.1031097412e+02 6.1039099121e+02 6.1045501709e+02 6.1052600098e+02 6.1060198975e+02 6.1065197754e+02 6.1073999023e+02 6.1089300537e+02 6.1113397217e+02 6.1145202637e+02 6.1178302002e+02 6.1204699707e+02 6.1220697021e+02 6.1240301514e+02 6.1262500000e+02 6.1279602051e+02 6.1287298584e+02 6.1292700195e+02 6.1299597168e+02 6.1312097168e+02 6.1330700684e+02 6.1344000244e+02 6.1358599854e+02 6.1373101807e+02
6.0669799805e+02 6.0695098877e+02 6.0714697266e+02 6.0727197266e+02 6.0738299561e+02 6.0748297119e+02 6.0757202148e+02 6.0768103027e+02 6.0781097412e+02 6.0794799805e+02 6.0808001709e+02 6.0821600342e+02 6.0837402344e+02 6.0854699707e+02 6.0873699951e+02 6.0891998291e+02 6.0909399414e+02 6.0925500488e+02 6.0939001465e+02 6.0954498291e+02 6.0971697998e+02 6.0989001465e+02 6.1007397461e+02 6.1016802979e+02 6.1024200439e+02 6.1033300781e+02 6.1044799805e+02 6.1050201416e+02 6.1055700684e+02 6.1066101074e+02 6.1083197021e+02 6.1105999756e+02 6.1135998535e+02 6.1165100098e+02 6.1188000488e+02 6.1211499023e+02 6.1235601807e+02 6.1253698730e+02 6.1262402344e+02 6.1268298340e+02 6.1275201416e+02 6.1288702393e+02 6.1310198975e+02 6.1330297852e+02 6.1349200439e+02 6.1363897705e+02
