TESTSERVER/18/14.asc
NCOLS 100
NROWS 100
XLLCORNER 8.3997500000e+03
YLLCORNER 2.8925025000e+05
CELLSIZE 5.0000000000e-01
NODATA_VALUE -9.9990000000e+03
[rows 60 to 79 of 100, columns 0 to 45 of 100]
6.0112097168e+02 6.0125402832e+02 6.0137902832e+02 6.0149597168e+02 6.0160198975e+02 6.0170898438e+02 6.0184002686e+02 6.0194097900e+02 6.0207000732e+02 6.0222497559e+02 6.0236102295e+02 6.0246997070e+02 6.0259698486e+02 6.0272802734e+02 6.0285900879e+02 6.0297601318e+02 6.0308502197e+02 6.0318902588e+02 6.0329797363e+02 6.0343200684e+02 6.0357299805e+02 6.0372998047e+02 6.0388897705e+02 6.0403002930e+02 6.0419000244e+02 6.0435101318e+02 6.0450299072e+02 6.0468103027e+02 6.0484301758e+02 6.0497802734e+02 6.0512902832e+02 6.0533398438e+02 6.0553497314e+02 6.0571899414e+02 6.0587902832e+02 6.0608898926e+02 6.0629998779e+02 6.0649902344e+02 6.0667199707e+02 6.0687298584e+02 6.0709002686e+02 6.0730499268e+02 6.0750701904e+02 6.0758801270e+02 6.0769396973e+02 6.0783502197e+02
6.0088897705e+02 6.0101397705e+02 6.0114202881e+02 6.0127197266e+02 6.0138702393e+02 6.0149102783e+02 6.0162402344e+02 6.0175000000e+02 6.0188201904e+02 6.0201000977e+02 6.0212902832e+02 6.0225201416e+02 6.0238201904e+02 6.0251202393e+02 6.0263702393e+02 6.0275598145e+02 6.0287902832e+02 6.0299700928e+02 6.0310198975e+02 6.0321002197e+02 6.0333599854e+02 6.0348101807e+02 6.0363500977e+02 6.0377001953e+02 6.0392498779e+02 6.0408599854e+02 6.0423999023e+02 6.0439398193e+02 6.0453601074e+02 6.0466900635e+02 6.0479699707e+02 6.0494500732e+02 6.0513897705e+02 6.0534802246e+02 6.0554699707e+02 6.0577301025e+02 6.0598602295e+02 6.0617999268e+02 6.0635797119e+02 6.0657598877e+02 6.0679199219e+02 6.0699700928e+02 6.0720397949e+02 6.0736999512e+02 6.0751800537e+02 6.0767901611e+02
6.0067199707e+02 6.0078802490e+02 6.0091900635e+02 6.0105200195e+02 6.0117199707e+02 6.0127697754e+02 6.0140197754e+02 6.0152600098e+02 6.0166400146e+02 6.0179400635e+02 6.0191699219e+02 6.0204302979e+02 6.0217401123e+02 6.0230499268e+02 6.0242602539e+02 6.0254302979e+02 6.0267297363e+02 6.0280102539e+02 6.0291400146e+02 6.0301300049e+02 6.0312701416e+02 6.0326000977e+02 6.0340600586e+02 6.0353198242e+02 6.0367602539e+02 6.0383099365e+02 6.0398901367e+02 6.0413299561e+02 6.0425500488e+02 6.0437902832e+02 6.0451501465e+02 6.0465301514e+02 6.0482897949e+02 6.0503100586e+02 6.0524401855e+02 6.0547900391e+02 6.0569299316e+02 6.0588800049e+02 6.0607800293e+02 6.0631201172e+02 6.0652301025e+02 6.0670898438e+02 6.0690301514e+02 6.0710900879e+02 6.0728601074e+02 6.0746197510e+02
6.0046197510e+02 6.0058099365e+02 6.0071099854e+02 6.0083801270e+02 6.0096002197e+02 6.0106896973e+02 6.0118701172e+02 6.0129901123e+02 6.0142999268e+02 6.0157202148e+02 6.0171301270e+02 6.0183502197e+02 6.0196502686e+02 6.0209497070e+02 6.0221899414e+02 6.0233099365e+02 6.0246002197e+02 6.0259497070e+02 6.0272198486e+02 6.0283001709e+02 6.0294299316e+02 6.0307000732e+02 6.0320898438e+02 6.0332702637e+02 6.0345397949e+02 6.0359301758e+02 6.0374200439e+02 6.0388702393e+02 6.0400402832e+02 6.0412298584e+02 6.0426397705e+02 6.0441400146e+02 6.0458300781e+02 6.0477398682e+02 6.0498101807e+02 6.0521899414e+02 6.0543402100e+02 6.0562701416e+02 6.0582202148e+02 6.0605200195e+02 6.0625097656e+02 6.0642297363e+02 6.0660498047e+02 6.0682202148e+02 6.0700500488e+02 6.0717797852e+02
6.0026501465e+02 6.0039202881e+02 6.0051397705e+02 6.0062799072e+02 6.0074597168e+02 6.0086102295e+02 6.0098699951e+02 6.0110101318e+02 6.0121697998e+02 6.0134197998e+02 6.0149401855e+02 6.0161798096e+02 6.0174200439e+02 6.0187402344e+02 6.0200799561e+02 6.0211798096e+02 6.0224200439e+02 6.0237902832e+02 6.0251501465e+02 6.0264202881e+02 6.0276501465e+02 6.0289300537e+02 6.0302301025e+02 6.0313897705e+02 6.0325500488e+02 6.0337701416e+02 6.0349798584e+02 6.0364398193e+02 6.0378198242e+02 6.0390802002e+02 6.0402801514e+02 6.0419396973e+02 6.0437701416e+02 6.0456597900e+02 6.0475299072e+02 6.0497998047e+02 6.0519396973e+02 6.0538897705e+02 6.0557299805e+02 6.0577001953e+02 6.0595202637e+02 6.0612097168e+02 6.0630499268e+02 6.0653100586e+02 6.0671801758e+02 6.0688598633e+02
6.0005401611e+02 6.0017498779e+02 6.0030297852e+02 6.0043798828e+02 6.0054901123e+02 6.0065502930e+02 6.0077099609e+02 6.0089801025e+02 6.0103198242e+02 6.0114501953e+02 6.0127099609e+02 6.0139697266e+02 6.0151501465e+02 6.0164697266e+02 6.0178601074e+02 6.0190197754e+02 6.0203198242e+02 6.0217199707e+02 6.0231298828e+02 6.0244799805e+02 6.0257800293e+02 6.0270501709e+02 6.0283197021e+02 6.0295397949e+02 6.0307598877e+02 6.0319598389e+02 6.0330700684e+02 6.0343402100e+02 6.0357397461e+02 6.0370800781e+02 6.0384100342e+02 6.0399700928e+02 6.0417498779e+02 6.0435601807e+02 6.0452502441e+02 6.0473498535e+02 6.0494201660e+02 6.0513897705e+02 6.0533599854e+02 6.0552801514e+02 6.0569299316e+02 6.0584600830e+02 6.0602001953e+02 6.0622698975e+02 6.0642199707e+02 6.0659802246e+02
5.9985400391e+02 5.9996600342e+02 6.0009301758e+02 6.0023797607e+02 6.0034997559e+02 6.0045098877e+02 6.0056201172e+02 6.0068597412e+02 6.0082702637e+02 6.0094201660e+02 6.0105499268e+02 6.0117102051e+02 6.0128802490e+02 6.0142199707e+02 6.0156402588e+02 6.0168597412e+02 6.0181701660e+02 6.0195599365e+02 6.0209100342e+02 6.0222900391e+02 6.0236999512e+02 6.0250799561e+02 6.0264001465e+02 6.0277001953e+02 6.0290002441e+02 6.0302099609e+02 6.0312799072e+02 6.0325598145e+02 6.0339300537e+02 6.0352398682e+02 6.0365502930e+02 6.0380297852e+02 6.0397302246e+02 6.0414599609e+02 6.0431402588e+02 6.0451599121e+02 6.0471398926e+02 6.0490899658e+02 6.0510900879e+02 6.0529901123e+02 6.0545800781e+02 6.0560302734e+02 6.0576098633e+02 6.0594201660e+02 6.0613000488e+02 6.0630499268e+02
5.9964501953e+02 5.9976300049e+02 5.9989202881e+02 6.0003002930e+02 6.0014099121e+02 6.0024597168e+02 6.0036901855e+02 6.0048199463e+02 6.0061297607e+02 6.0073101807e+02 6.0084899902e+02 6.0095501709e+02 6.0106799316e+02 6.0119799805e+02 6.0134197998e+02 6.0147198486e+02 6.0160498047e+02 6.0173901367e+02 6.0186199951e+02 6.0200000000e+02 6.0215100098e+02 6.0230102539e+02 6.0243902588e+02 6.0257202148e+02 6.0270898438e+02 6.0283801270e+02 6.0294799805e+02 6.0308599854e+02 6.0322802734e+02 6.0335797119e+02 6.0348498535e+02 6.0362597656e+02 6.0378802490e+02 6.0395599365e+02 6.0412298584e+02 6.0431500244e+02 6.0450500488e+02 6.0469598389e+02 6.0489099121e+02 6.0507397461e+02 6.0523199463e+02 6.0537799072e+02 6.0553698730e+02 6.0570098877e+02 6.0586999512e+02 6.0603601074e+02
5.9944299316e+02 5.9955999756e+02 5.9968200684e+02 5.9981298828e+02 5.9992602539e+02 6.0003601074e+02 6.0016601563e+02 6.0027197266e+02 6.0039001465e+02 6.0052398682e+02 6.0066302490e+02 6.0076397705e+02 6.0086602783e+02 6.0098498535e+02 6.0111700439e+02 6.0126300049e+02 6.0140301514e+02 6.0154101563e+02 6.0166601563e+02 6.0178497314e+02 6.0194201660e+02 6.0209600830e+02 6.0222497559e+02 6.0235498047e+02 6.0249700928e+02 6.0263702393e+02 6.0276599121e+02 6.0290301514e+02 6.0304998779e+02 6.0319000244e+02 6.0333300781e+02 6.0347802734e+02 6.0363500977e+02 6.0379101563e+02 6.0393402100e+02 6.0410998535e+02 6.0429498291e+02 6.0448602295e+02 6.0467797852e+02 6.0484497070e+02 6.0500097656e+02 6.0515600586e+02 6.0532897949e+02 6.0548602295e+02 6.0564501953e+02 6.0580603027e+02
5.9922100830e+02 5.9935101318e+02 5.9948297119e+02 5.9961401367e+02 5.9972802734e+02 5.9982800293e+02 5.9994799805e+02 6.0006097412e+02 6.0017797852e+02 6.0030700684e+02 6.0043701172e+02 6.0054199219e+02 6.0065698242e+02 6.0078997803e+02 6.0092297363e+02 6.0105200195e+02 6.0118200684e+02 6.0132397461e+02 6.0145501709e+02 6.0159002686e+02 6.0175299072e+02 6.0190600586e+02 6.0202697754e+02 6.0214501953e+02 6.0228198242e+02 6.0242401123e+02 6.0257098389e+02 6.0272497559e+02 6.0287200928e+02 6.0301300049e+02 6.0315802002e+02 6.0330297852e+02 6.0345501709e+02 6.0360797119e+02 6.0375701904e+02 6.0391802979e+02 6.0408099365e+02 6.0425402832e+02 6.0443701172e+02 6.0460797119e+02 6.0476702881e+02 6.0492297363e+02 6.0509100342e+02 6.0524902344e+02 6.0541302490e+02 6.0558300781e+02
5.9900097656e+02 5.9913098145e+02 5.9926202393e+02 5.9940399170e+02 5.9952600098e+02 5.9962500000e+02 5.9973400879e+02 5.9985101318e+02 5.9997802734e+02 6.0011102295e+02 6.0022998047e+02 6.0033300781e+02 6.0045397949e+02 6.0059002686e+02 6.0072802734e+02 6.0085101318e+02 6.0096600342e+02 6.0109399414e+02 6.0122998047e+02 6.0138702393e+02 6.0154998779e+02 6.0169897461e+02 6.0182098389e+02 6.0194201660e+02 6.0208099365e+02 6.0222399902e+02 6.0237298584e+02 6.0253497314e+02 6.0268597412e+02 6.0282800293e+02 6.0297302246e+02 6.0311499023e+02 6.0326702881e+02 6.0342297363e+02 6.0357800293e+02 6.0373199463e+02 6.0387902832e+02 6.0403497314e+02 6.0420697021e+02 6.0438098145e+02 6.0454302979e+02 6.0470098877e+02 6.0486700439e+02 6.0501702881e+02 6.0517602539e+02 6.0534301758e+02
5.9878198242e+02 5.9890002441e+02 5.9902301025e+02 5.9917102051e+02 5.9930200195e+02 5.9941101074e+02 5.9952600098e+02 5.9964300537e+02 5.9977099609e+02 5.9990502930e+02 6.0002001953e+02 6.0013397217e+02 6.0025799561e+02 6.0039001465e+02 6.0052502441e+02 6.0065399170e+02 6.0076800537e+02 6.0088800049e+02 6.0101898193e+02 6.0118402100e+02 6.0134497070e+02 6.0148797607e+02 6.0161199951e+02 6.0174499512e+02 6.0189001465e+02 6.0203198242e+02 6.0217401123e+02 6.0233697510e+02 6.0249200439e+02 6.0263800049e+02 6.0278698730e+02 6.0293298340e+02 6.0308599854e+02 6.0323797607e+02 6.0339001465e+02 6.0354797363e+02 6.0369799805e+02 6.0384997559e+02 6.0400897217e+02 6.0417199707e+02 6.0433001709e+02 6.0449102783e+02 6.0466198730e+02 6.0480499268e+02 6.0495202637e+02 6.0510998535e+02
5.9856597900e+02 5.9867199707e+02 5.9877801514e+02 5.9893597412e+02 5.9906799316e+02 5.9918597412e+02 5.9931298828e+02 5.9943298340e+02 5.9954699707e+02 5.9967199707e+02 5.9978399658e+02 5.9991101074e+02 6.0005200195e+02 6.0018298340e+02 6.0030700684e+02 6.0044799805e+02 6.0057098389e+02 6.0069598389e+02 6.0082202148e+02 6.0098101807e+02 6.0113800049e+02 6.0127899170e+02 6.0141198730e+02 6.0155200195e+02 6.0170202637e+02 6.0184301758e+02 6.0198199463e+02 6.0213800049e+02 6.0229400635e+02 6.0244598389e+02 6.0259698486e+02 6.0275000000e+02 6.0290197754e+02 6.0304602051e+02 6.0318298340e+02 6.0334399414e+02 6.0350598145e+02 6.0366601563e+02 6.0382098389e+02 6.0397497559e+02 6.0412097168e+02 6.0428100586e+02 6.0446600342e+02 6.0459802246e+02 6.0474102783e+02 6.0489801025e+02
5.9835302734e+02 5.9846697998e+02 5.9858300781e+02 5.9871997070e+02 5.9884399414e+02 5.9896398926e+02 5.9909100342e+02 5.9920300293e+02 5.9931500244e+02 5.9944396973e+02 5.9956201172e+02 5.9968798828e+02 5.9984497070e+02 5.9998101807e+02 6.0009698486e+02 6.0022497559e+02 6.0034399414e+02 6.0047698975e+02 6.0061499023e+02 6.0076702881e+02 6.0092199707e+02 6.0107598877e+02 6.0121600342e+02 6.0135498047e+02 6.0150201416e+02 6.0164599609e+02 6.0179998779e+02 6.0195599365e+02 6.0209997559e+02 6.0224102783e+02 6.0239501953e+02 6.0254998779e+02 6.0270001221e+02 6.0284197998e+02 6.0298101807e+02 6.0313897705e+02 6.0330401611e+02 6.0346197510e+02 6.0360900879e+02 6.0377001953e+02 6.0390899658e+02 6.0405401611e+02 6.0423297119e+02 6.0438098145e+02 6.0453497314e+02 6.0470098877e+02
5.9815802002e+02 5.9827600098e+02 5.9838800049e+02 5.9851098633e+02 5.9863299561e+02 5.9875799561e+02 5.9888397217e+02 5.9898901367e+02 5.9910101318e+02 5.9923999023e+02 5.9936700439e+02 5.9947998047e+02 5.9962799072e+02 5.9976599121e+02 5.9988897705e+02 6.0001397705e+02 6.0012799072e+02 6.0026702881e+02 6.0041198730e+02 6.0055499268e+02 6.0070800781e+02 6.0086297607e+02 6.0100500488e+02 6.0114398193e+02 6.0129302979e+02 6.0144702148e+02 6.0160498047e+02 6.0176098633e+02 6.0189898682e+02 6.0203302002e+02 6.0218902588e+02 6.0234698486e+02 6.0249102783e+02 6.0262701416e+02 6.0276898193e+02 6.0293499756e+02 6.0310400391e+02 6.0326397705e+02 6.0340399170e+02 6.0356298828e+02 6.0370300293e+02 6.0384002686e+02 6.0401300049e+02 6.0416601563e+02 6.0432098389e+02 6.0448699951e+02
5.9796099854e+02 5.9807501221e+02 5.9818298340e+02 5.9830200195e+02 5.9842102051e+02 5.9854797363e+02 5.9867498779e+02 5.9877899170e+02 5.9889599609e+02 5.9903997803e+02 5.9917498779e+02 5.9928002930e+02 5.9940899658e+02 5.9954302979e+02 5.9967602539e+02 5.9980902100e+02 5.9992602539e+02 6.0006896973e+02 6.0021502686e+02 6.0034802246e+02 6.0050000000e+02 6.0065301514e+02 6.0078601074e+02 6.0092102051e+02 6.0107800293e+02 6.0124200439e+02 6.0139801025e+02 6.0155200195e+02 6.0168701172e+02 6.0182000732e+02 6.0197698975e+02 6.0214099121e+02 6.0228198242e+02 6.0241302490e+02 6.0255200195e+02 6.0272100830e+02 6.0289202881e+02 6.0305297852e+02 6.0320001221e+02 6.0334997559e+02 6.0348999023e+02 6.0363201904e+02 6.0380798340e+02 6.0395397949e+02 6.0410400391e+02 6.0426501465e+02
5.9776501465e+02 5.9786901855e+02 5.9798199463e+02 5.9809002686e+02 5.9820098877e+02 5.9832299805e+02 5.9844598389e+02 5.9856201172e+02 5.9869000244e+02 5.9883001709e+02 5.9895800781e+02 5.9908197021e+02 5.9921197510e+02 5.9934002686e+02 5.9945599365e+02 5.9959002686e+02 5.9971801758e+02 5.9985998535e+02 6.0000299072e+02 6.0014501953e+02 6.0029498291e+02 6.0044897461e+02 6.0058197021e+02 6.0071099854e+02 6.0086798096e+02 6.0103399658e+02 6.0119500732e+02 6.0134399414e+02 6.0147900391e+02 6.0161297607e+02 6.0176800537e+02 6.0193499756e+02 6.0207897949e+02 6.0221301270e+02 6.0235797119e+02 6.0252099609e+02 6.0267700195e+02 6.0282800293e+02 6.0298699951e+02 6.0313500977e+02 6.0327301025e+02 6.0341699219e+02 6.0359301758e+02 6.0373699951e+02 6.0388702393e+02 6.0404699707e+02
5.9759399414e+02 5.9769396973e+02 5.9779901123e+02 5.9790197754e+02 5.9801202393e+02 5.9812701416e+02 5.9824499512e+02 5.9835797119e+02 5.9848699951e+02 5.9861901855e+02 5.9873797607e+02 5.9885198975e+02 5.9899597168e+02 5.9914001465e+02 5.9925799561e+02 5.9937902832e+02 5.9950500488e+02 5.9963598633e+02 5.9977001953e+02 5.9992901611e+02 6.0008398438e+02 6.0023199463e+02 6.0037097168e+02 6.0052600098e+02 6.0068200684e+02 6.0082897949e+02 6.0098101807e+02 6.0114099121e+02 6.0127899170e+02 6.0141900635e+02 6.0158599854e+02 6.0174902344e+02 6.0189001465e+02 6.0202099609e+02 6.0216302490e+02 6.0232397461e+02 6.0246899414e+02 6.0261199951e+02 6.0276702881e+02 6.0291400146e+02 6.0305499268e+02 6.0317797852e+02 6.0334301758e+02 6.0350201416e+02 6.0366998291e+02 6.0383502197e+02
5.9739801025e+02 5.9749798584e+02 5.9760302734e+02 5.9771697998e+02 5.9783197021e+02 5.9793902588e+02 5.9804998779e+02 5.9816198730e+02 5.9828497314e+02 5.9840997314e+02 5.9853198242e+02 5.9864501953e+02 5.9877801514e+02 5.9891998291e+02 5.9905102539e+02 5.9917401123e+02 5.9929101563e+02 5.9941302490e+02 5.9954699707e+02 5.9971197510e+02 5.9986700439e+02 6.0001501465e+02 6.0015997314e+02 6.0032397461e+02 6.0048498535e+02 6.0062500000e+02 6.0076702881e+02 6.0092797852e+02 6.0106597900e+02 6.0120898438e+02 6.0137902832e+02 6.0154302979e+02 6.0168798828e+02 6.0181701660e+02 6.0195300293e+02 6.0210601807e+02 6.0225201416e+02 6.0239697266e+02 6.0254400635e+02 6.0269299316e+02 6.0283398438e+02 6.0296301270e+02 6.0312402344e+02 6.0328601074e+02 6.0345001221e+02 6.0361102295e+02
5.9720001221e+02 5.9730297852e+02 5.9740997314e+02 5.9753100586e+02 5.9764099121e+02 5.9773602295e+02 5.9784497070e+02 5.9796600342e+02 5.9808099365e+02 5.9819598389e+02 5.9832501221e+02 5.9845697021e+02 5.9857800293e+02 5.9870202637e+02 5.9883300781e+02 5.9895397949e+02 5.9907000732e+02 5.9919396973e+02 5.9933801270e+02 5.9949298096e+02 5.9963897705e+02 5.9978900146e+02 5.9994000244e+02 6.0010400391e+02 6.0027197266e+02 6.0041601563e+02 6.0055603027e+02 6.0071600342e+02 6.0085302734e+02 6.0099499512e+02 6.0115997314e+02 6.0132800293e+02 6.0148297119e+02 6.0161499023e+02 6.0174597168e+02 6.0189300537e+02 6.0203698730e+02 6.0218103027e+02 6.0232897949e+02 6.0248999023e+02 6.0262701416e+02 6.0276702881e+02 6.0292797852e+02 6.0308099365e+02 6.0323901367e+02 6.0339599609e+02
