TESTSERVER/18/15.asc
NCOLS 100
NROWS 100
XLLCORNER 8.3997500000e+03
YLLCORNER 2.8920025000e+05
CELLSIZE 5.0000000000e-01
NODATA_VALUE -9.9990000000e+03
[rows 20 to 39 of 100, columns 0 to 45 of 100]
5.9201599121e+02 5.9202099609e+02 5.9203399658e+02 5.9204199219e+02 5.9205499268e+02 5.9207702637e+02 5.9209399414e+02 5.9212799072e+02 5.9216601563e+02 5.9222497559e+02 5.9227001953e+02 5.9233001709e+02 5.9238299561e+02 5.9242797852e+02 5.9247802734e+02 5.9252099609e+02 5.9256701660e+02 5.9263598633e+02 5.9271002197e+02 5.9277099609e+02 5.9284002686e+02 5.9290399170e+02 5.9296600342e+02 5.9302801514e+02 5.9309899902e+02 5.9317102051e+02 5.9324902344e+02 5.9334100342e+02 5.9342602539e+02 5.9349597168e+02 5.9355200195e+02 5.9364697266e+02 5.9375701904e+02 5.9387500000e+02 5.9397802734e+02 5.9406201172e+02 5.9417901611e+02 5.9430297852e+02 5.9443701172e+02 5.9454498291e+02 5.9464300537e+02 5.9478100586e+02 5.9496398926e+02 5.9514099121e+02 5.9529400635e+02 5.9543200684e+02
5.9194201660e+02 5.9193701172e+02 5.9194897461e+02 5.9196197510e+02 5.9197900391e+02 5.9199597168e+02 5.9200598145e+02 5.9202600098e+02 5.9206298828e+02 5.9212200928e+02 5.9216998291e+02 5.9222998047e+02 5.9229199219e+02 5.9234698486e+02 5.9239697266e+02 5.9244598389e+02 5.9249700928e+02 5.9255700684e+02 5.9261499023e+02 5.9268701172e+02 5.9275402832e+02 5.9280401611e+02 5.9286401367e+02 5.9293597412e+02 5.9299798584e+02 5.9306896973e+02 5.9314599609e+02 5.9321997070e+02 5.9330798340e+02 5.9340997314e+02 5.9349102783e+02 5.9354400635e+02 5.9363897705e+02 5.9376000977e+02 5.9385900879e+02 5.9394500732e+02 5.9405401611e+02 5.9416497803e+02 5.9429699707e+02 5.9440899658e+02 5.9451000977e+02 5.9464599609e+02 5.9480902100e+02 5.9496502686e+02 5.9510400391e+02 5.9523999023e+02
5.9184301758e+02 5.9184002686e+02 5.9185699463e+02 5.9188098145e+02 5.9190399170e+02 5.9191900635e+02 5.9192602539e+02 5.9194201660e+02 5.9197900391e+02 5.9204199219e+02 5.9209002686e+02 5.9214001465e+02 5.9220202637e+02 5.9226501465e+02 5.9231701660e+02 5.9237500000e+02 5.9242498779e+02 5.9247601318e+02 5.9252600098e+02 5.9259399414e+02 5.9266198730e+02 5.9271697998e+02 5.9277099609e+02 5.9283300781e+02 5.9289801025e+02 5.9298199463e+02 5.9306298828e+02 5.9311901855e+02 5.9319299316e+02 5.9329699707e+02 5.9339599609e+02 5.9344500732e+02 5.9353100586e+02 5.9363397217e+02 5.9373101807e+02 5.9383697510e+02 5.9394799805e+02 5.9403900146e+02 5.9415600586e+02 5.9426501465e+02 5.9437500000e+02 5.9451098633e+02 5.9465997314e+02 5.9480297852e+02 5.9492999268e+02 5.9506201172e+02
5.9175897217e+02 5.9177502441e+02 5.9178900146e+02 5.9180297852e+02 5.9182000732e+02 5.9183398438e+02 5.9184802246e+02 5.9187097168e+02 5.9190600586e+02 5.9196502686e+02 5.9200799561e+02 5.9204302979e+02 5.9210198975e+02 5.9216497803e+02 5.9221502686e+02 5.9227600098e+02 5.9232897949e+02 5.9238201904e+02 5.9243798828e+02 5.9249700928e+02 5.9256298828e+02 5.9263201904e+02 5.9269500732e+02 5.9274298096e+02 5.9279901123e+02 5.9288000488e+02 5.9296600342e+02 5.9303198242e+02 5.9309899902e+02 5.9318402100e+02 5.9327301025e+02 5.9333599854e+02 5.9342700195e+02 5.9352502441e+02 5.9362097168e+02 5.9373297119e+02 5.9384197998e+02 5.9392602539e+02 5.9404101563e+02 5.9414898682e+02 5.9425299072e+02 5.9438000488e+02 5.9452001953e+02 5.9465899658e+02 5.9478302002e+02 5.9491400146e+02
5.9168200684e+02 5.9171398926e+02 5.9172802734e+02 5.9172802734e+02 5.9173400879e+02 5.9175402832e+02 5.9177600098e+02 5.9179699707e+02 5.9182397461e+02 5.9187200928e+02 5.9191198730e+02 5.9195098877e+02 5.9201397705e+02 5.9206799316e+02 5.9209497070e+02 5.9216601563e+02 5.9222601318e+02 5.9228100586e+02 5.9234002686e+02 5.9240002441e+02 5.9245501709e+02 5.9252899170e+02 5.9260498047e+02 5.9266699219e+02 5.9271697998e+02 5.9277398682e+02 5.9283599854e+02 5.9294201660e+02 5.9302502441e+02 5.9309100342e+02 5.9315698242e+02 5.9323699951e+02 5.9332202148e+02 5.9341302490e+02 5.9353002930e+02 5.9363500977e+02 5.9373901367e+02 5.9382800293e+02 5.9393902588e+02 5.9403698730e+02 5.9413702393e+02 5.9425000000e+02 5.9437902832e+02 5.9451501465e+02 5.9464300537e+02 5.9477197266e+02
5.9158801270e+02 5.9160601807e+02 5.9163098145e+02 5.9164697266e+02 5.9166302490e+02 5.9169097900e+02 5.9171301270e+02 5.9172998047e+02 5.9175097656e+02 5.9178698730e+02 5.9182897949e+02 5.9186999512e+02 5.9193103027e+02 5.9197802734e+02 5.9200500488e+02 5.9206896973e+02 5.9213397217e+02 5.9219299316e+02 5.9224298096e+02 5.9229901123e+02 5.9235699463e+02 5.9242401123e+02 5.9248797607e+02 5.9255401611e+02 5.9262597656e+02 5.9269299316e+02 5.9274298096e+02 5.9284399414e+02 5.9292901611e+02 5.9298901367e+02 5.9304998779e+02 5.9314801025e+02 5.9324298096e+02 5.9331402588e+02 5.9340502930e+02 5.9351300049e+02 5.9363201904e+02 5.9372998047e+02 5.9382800293e+02 5.9391198730e+02 5.9400897217e+02 5.9411700439e+02 5.9423797607e+02 5.9437298584e+02 5.9450701904e+02 5.9463598633e+02
5.9149700928e+02 5.9151898193e+02 5.9155499268e+02 5.9157000732e+02 5.9159002686e+02 5.9162097168e+02 5.9164202881e+02 5.9165899658e+02 5.9168200684e+02 5.9171502686e+02 5.9175000000e+02 5.9178198242e+02 5.9183599854e+02 5.9188598633e+02 5.9192102051e+02 5.9198602295e+02 5.9204602051e+02 5.9210400391e+02 5.9214898682e+02 5.9220501709e+02 5.9226599121e+02 5.9233001709e+02 5.9239202881e+02 5.9244897461e+02 5.9252398682e+02 5.9260900879e+02 5.9267297363e+02 5.9275598145e+02 5.9283398438e+02 5.9290197754e+02 5.9296600342e+02 5.9306500244e+02 5.9316400146e+02 5.9323498535e+02 5.9330700684e+02 5.9339300537e+02 5.9350201416e+02 5.9360900879e+02 5.9371697998e+02 5.9380700684e+02 5.9390100098e+02 5.9400097656e+02 5.9411798096e+02 5.9425500488e+02 5.9438500977e+02 5.9450799561e+02
5.9141802979e+02 5.9144500732e+02 5.9147998047e+02 5.9149298096e+02 5.9151300049e+02 5.9154101563e+02 5.9155603027e+02 5.9156896973e+02 5.9159698486e+02 5.9163598633e+02 5.9166998291e+02 5.9169799805e+02 5.9175500488e+02 5.9180902100e+02 5.9184002686e+02 5.9190002441e+02 5.9195397949e+02 5.9201000977e+02 5.9206201172e+02 5.9212902832e+02 5.9218298340e+02 5.9223400879e+02 5.9229699707e+02 5.9235498047e+02 5.9242102051e+02 5.9250500488e+02 5.9258898926e+02 5.9266302490e+02 5.9273199463e+02 5.9280603027e+02 5.9287902832e+02 5.9296301270e+02 5.9305102539e+02 5.9312799072e+02 5.9321301270e+02 5.9328497314e+02 5.9337402344e+02 5.9347399902e+02 5.9358801270e+02 5.9370001221e+02 5.9379797363e+02 5.9388897705e+02 5.9400799561e+02 5.9414898682e+02 5.9426898193e+02 5.9438702393e+02
5.9134497070e+02 5.9136102295e+02 5.9138500977e+02 5.9140698242e+02 5.9142602539e+02 5.9144500732e+02 5.9146398926e+02 5.9147998047e+02 5.9151000977e+02 5.9154901123e+02 5.9157598877e+02 5.9161602783e+02 5.9167102051e+02 5.9171997070e+02 5.9174902344e+02 5.9181500244e+02 5.9186999512e+02 5.9191998291e+02 5.9197698975e+02 5.9204998779e+02 5.9210302734e+02 5.9214398193e+02 5.9219097900e+02 5.9225701904e+02 5.9232501221e+02 5.9240100098e+02 5.9248498535e+02 5.9256799316e+02 5.9264697266e+02 5.9271398926e+02 5.9278900146e+02 5.9286999512e+02 5.9294598389e+02 5.9302197266e+02 5.9311199951e+02 5.9318597412e+02 5.9328497314e+02 5.9337402344e+02 5.9346301270e+02 5.9358502197e+02 5.9369000244e+02 5.9377801514e+02 5.9389801025e+02 5.9404302979e+02 5.9415197754e+02 5.9426501465e+02
5.9126098633e+02 5.9127801514e+02 5.9129901123e+02 5.9132000732e+02 5.9133300781e+02 5.9134497070e+02 5.9136700439e+02 5.9139599609e+02 5.9142999268e+02 5.9146398926e+02 5.9148797607e+02 5.9152899170e+02 5.9158099365e+02 5.9162097168e+02 5.9165600586e+02 5.9172698975e+02 5.9179199219e+02 5.9184197998e+02 5.9189801025e+02 5.9195501709e+02 5.9200701904e+02 5.9205603027e+02 5.9210797119e+02 5.9218200684e+02 5.9224597168e+02 5.9230603027e+02 5.9238000488e+02 5.9247198486e+02 5.9255700684e+02 5.9261401367e+02 5.9269000244e+02 5.9278302002e+02 5.9285601807e+02 5.9293103027e+02 5.9301501465e+02 5.9309399414e+02 5.9319799805e+02 5.9328601074e+02 5.9338299561e+02 5.9348101807e+02 5.9357098389e+02 5.9366198730e+02 5.9378100586e+02 5.9391101074e+02 5.9402301025e+02 5.9414202881e+02
5.9118402100e+02 5.9120898438e+02 5.9122399902e+02 5.9123901367e+02 5.9124902344e+02 5.9126098633e+02 5.9128601074e+02 5.9131402588e+02 5.9134399414e+02 5.9137298584e+02 5.9140197754e+02 5.9145001221e+02 5.9149499512e+02 5.9152801514e+02 5.9156500244e+02 5.9163500977e+02 5.9170098877e+02 5.9175299072e+02 5.9181097412e+02 5.9186602783e+02 5.9191198730e+02 5.9196502686e+02 5.9203002930e+02 5.9211199951e+02 5.9217700195e+02 5.9222497559e+02 5.9227801514e+02 5.9236102295e+02 5.9244000244e+02 5.9249298096e+02 5.9257000732e+02 5.9266400146e+02 5.9274700928e+02 5.9283898926e+02 5.9292498779e+02 5.9299902344e+02 5.9309497070e+02 5.9318499756e+02 5.9328997803e+02 5.9338500977e+02 5.9347198486e+02 5.9357202148e+02 5.9368798828e+02 5.9380102539e+02 5.9390899658e+02 5.9402801514e+02
5.9109802246e+02 5.9112799072e+02 5.9114300537e+02 5.9115502930e+02 5.9116802979e+02 5.9118499756e+02 5.9121502686e+02 5.9123797607e+02 5.9126202393e+02 5.9128497314e+02 5.9131201172e+02 5.9135601807e+02 5.9139599609e+02 5.9143103027e+02 5.9148199463e+02 5.9154602051e+02 5.9160601807e+02 5.9165802002e+02 5.9172198486e+02 5.9178302002e+02 5.9182702637e+02 5.9187799072e+02 5.9194299316e+02 5.9202398682e+02 5.9209002686e+02 5.9213598633e+02 5.9218499756e+02 5.9226898193e+02 5.9234301758e+02 5.9239398193e+02 5.9247497559e+02 5.9256298828e+02 5.9264697266e+02 5.9274102783e+02 5.9283197021e+02 5.9290899658e+02 5.9299798584e+02 5.9308300781e+02 5.9318701172e+02 5.9328900146e+02 5.9337298584e+02 5.9347497559e+02 5.9359600830e+02 5.9370501709e+02 5.9380999756e+02 5.9392700195e+02
5.9101098633e+02 5.9103399658e+02 5.9105902100e+02 5.9107000732e+02 5.9108502197e+02 5.9110797119e+02 5.9113897705e+02 5.9116198730e+02 5.9117901611e+02 5.9119598389e+02 5.9121899414e+02 5.9125701904e+02 5.9129797363e+02 5.9134600830e+02 5.9141802979e+02 5.9147399902e+02 5.9152398682e+02 5.9158001709e+02 5.9164501953e+02 5.9169201660e+02 5.9173797607e+02 5.9178900146e+02 5.9185498047e+02 5.9192797852e+02 5.9198797607e+02 5.9204101563e+02 5.9209497070e+02 5.9217797852e+02 5.9225299072e+02 5.9231298828e+02 5.9239697266e+02 5.9248101807e+02 5.9255401611e+02 5.9264099121e+02 5.9273400879e+02 5.9282397461e+02 5.9291101074e+02 5.9298999023e+02 5.9308801270e+02 5.9318902588e+02 5.9327301025e+02 5.9336798096e+02 5.9348797607e+02 5.9360302734e+02 5.9371697998e+02 5.9384100342e+02
5.9093701172e+02 5.9095800781e+02 5.9098400879e+02 5.9098699951e+02 5.9099700928e+02 5.9102600098e+02 5.9103997803e+02 5.9105902100e+02 5.9108697510e+02 5.9111700439e+02 5.9115802002e+02 5.9119396973e+02 5.9124298096e+02 5.9128802490e+02 5.9133398438e+02 5.9138598633e+02 5.9144000244e+02 5.9149798584e+02 5.9155200195e+02 5.9161102295e+02 5.9166497803e+02 5.9171697998e+02 5.9176702881e+02 5.9183300781e+02 5.9188897705e+02 5.9195202637e+02 5.9201000977e+02 5.9207897949e+02 5.9216302490e+02 5.9223901367e+02 5.9231097412e+02 5.9238201904e+02 5.9246502686e+02 5.9254901123e+02 5.9262799072e+02 5.9272302246e+02 5.9282501221e+02 5.9290100098e+02 5.9298101807e+02 5.9307098389e+02 5.9318103027e+02 5.9328900146e+02 5.9339898682e+02 5.9350299072e+02 5.9361199951e+02 5.9373901367e+02
5.9085699463e+02 5.9087097168e+02 5.9089599609e+02 5.9090100098e+02 5.9091101074e+02 5.9093902588e+02 5.9094702148e+02 5.9096997070e+02 5.9100897217e+02 5.9104498291e+02 5.9108300781e+02 5.9111700439e+02 5.9116601563e+02 5.9120098877e+02 5.9123297119e+02 5.9129400635e+02 5.9134802246e+02 5.9140100098e+02 5.9145501709e+02 5.9152001953e+02 5.9157897949e+02 5.9163299561e+02 5.9167901611e+02 5.9173901367e+02 5.9179302979e+02 5.9186199951e+02 5.9192999268e+02 5.9200201416e+02 5.9207897949e+02 5.9215301514e+02 5.9222302246e+02 5.9229699707e+02 5.9238098145e+02 5.9246197510e+02 5.9254199219e+02 5.9262597656e+02 5.9272497559e+02 5.9280700684e+02 5.9288598633e+02 5.9297497559e+02 5.9309497070e+02 5.9321099854e+02 5.9330902100e+02 5.9340100098e+02 5.9350097656e+02 5.9362298584e+02
5.9077502441e+02 5.9078601074e+02 5.9080499268e+02 5.9081500244e+02 5.9083099365e+02 5.9085998535e+02 5.9086297607e+02 5.9088201904e+02 5.9092901611e+02 5.9096697998e+02 5.9098999023e+02 5.9102697754e+02 5.9108197021e+02 5.9111199951e+02 5.9114801025e+02 5.9121600342e+02 5.9126599121e+02 5.9131201172e+02 5.9136102295e+02 5.9141601563e+02 5.9147399902e+02 5.9153497314e+02 5.9158898926e+02 5.9164501953e+02 5.9169799805e+02 5.9176898193e+02 5.9183801270e+02 5.9191802979e+02 5.9199902344e+02 5.9207299805e+02 5.9213201904e+02 5.9221398926e+02 5.9229699707e+02 5.9237200928e+02 5.9245599365e+02 5.9253399658e+02 5.9262097168e+02 5.9270098877e+02 5.9279602051e+02 5.9289801025e+02 5.9300701904e+02 5.9311102295e+02 5.9321002197e+02 5.9330401611e+02 5.9340502930e+02 5.9352502441e+02
5.9069897461e+02 5.9071502686e+02 5.9072601318e+02 5.9073699951e+02 5.9075402832e+02 5.9077697754e+02 5.9078198242e+02 5.9079602051e+02 5.9084100342e+02 5.9088702393e+02 5.9091900635e+02 5.9095697021e+02 5.9101098633e+02 5.9103900146e+02 5.9107501221e+02 5.9113098145e+02 5.9117901611e+02 5.9122302246e+02 5.9126300049e+02 5.9131597900e+02 5.9137298584e+02 5.9143798828e+02 5.9149499512e+02 5.9155700684e+02 5.9161297607e+02 5.9168200684e+02 5.9175000000e+02 5.9183099365e+02 5.9191802979e+02 5.9199597168e+02 5.9205200195e+02 5.9212902832e+02 5.9220800781e+02 5.9227600098e+02 5.9233099365e+02 5.9244000244e+02 5.9254797363e+02 5.9261901855e+02 5.9270599365e+02 5.9281201172e+02 5.9291198730e+02 5.9300097656e+02 5.9310302734e+02 5.9321002197e+02 5.9332000732e+02 5.9343597412e+02
5.9061297607e+02 5.9063299561e+02 5.9064202881e+02 5.9064801025e+02 5.9065698242e+02 5.9068200684e+02 5.9069598389e+02 5.9071099854e+02 5.9074700928e+02 5.9078900146e+02 5.9082501221e+02 5.9086297607e+02 5.9091998291e+02 5.9095800781e+02 5.9099401855e+02 5.9103399658e+02 5.9107501221e+02 5.9112200928e+02 5.9116497803e+02 5.9122998047e+02 5.9129797363e+02 5.9135797119e+02 5.9140002441e+02 5.9146600342e+02 5.9152801514e+02 5.9159301758e+02 5.9165802002e+02 5.9174499512e+02 5.9182098389e+02 5.9189099121e+02 5.9196600342e+02 5.9204797363e+02 5.9212298584e+02 5.9219897461e+02 5.9226702881e+02 5.9235498047e+02 5.9245397949e+02 5.9252697754e+02 5.9261798096e+02 5.9271398926e+02 5.9281896973e+02 5.9290698242e+02 5.9300201416e+02 5.9311102295e+02 5.9322497559e+02 5.9333300781e+02
5.9053302002e+02 5.9054699707e+02 5.9055603027e+02 5.9055603027e+02 5.9056097412e+02 5.9059100342e+02 5.9060900879e+02 5.9062799072e+02 5.9066497803e+02 5.9070599365e+02 5.9073400879e+02 5.9076397705e+02 5.9082299805e+02 5.9086999512e+02 5.9090899658e+02 5.9095098877e+02 5.9099401855e+02 5.9104101563e+02 5.9108398438e+02 5.9115997314e+02 5.9122900391e+02 5.9128002930e+02 5.9131097412e+02 5.9138299561e+02 5.9144702148e+02 5.9151000977e+02 5.9157501221e+02 5.9165600586e+02 5.9172900391e+02 5.9180700684e+02 5.9189398193e+02 5.9196301270e+02 5.9203100586e+02 5.9210998535e+02 5.9219201660e+02 5.9226898193e+02 5.9235400391e+02 5.9243200684e+02 5.9253002930e+02 5.9261602783e+02 5.9271398926e+02 5.9281298828e+02 5.9291699219e+02 5.9301800537e+02 5.9313000488e+02 5.9324102783e+02
5.9046099854e+02 5.9047198486e+02 5.9048400879e+02 5.9048498535e+02 5.9049298096e+02 5.9052301025e+02 5.9053002930e+02 5.9054998779e+02 5.9058898926e+02 5.9062799072e+02 5.9064801025e+02 5.9067401123e+02 5.9072198486e+02 5.9076702881e+02 5.9080999756e+02 5.9086297607e+02 5.9090997314e+02 5.9095501709e+02 5.9099700928e+02 5.9107598877e+02 5.9114398193e+02 5.9119299316e+02 5.9122497559e+02 5.9129901123e+02 5.9136499023e+02 5.9142700195e+02 5.9149298096e+02 5.9157098389e+02 5.9164300537e+02 5.9172302246e+02 5.9181201172e+02 5.9188299561e+02 5.9194702148e+02 5.9201300049e+02 5.9209197998e+02 5.9218200684e+02 5.9227301025e+02 5.9235699463e+02 5.9244897461e+02 5.9252697754e+02 5.9261700439e+02 5.9272698975e+02 5.9284002686e+02 5.9293298340e+02 5.9303802490e+02 5.9314697266e+02
