TESTSERVER/18/15.asc
NCOLS 100
NROWS 100
XLLCORNER 8.3997500000e+03
YLLCORNER 2.8920025000e+05
CELLSIZE 5.0000000000e-01
NODATA_VALUE -9.9990000000e+03
[rows 40 to 59 of 100, columns 46 to 91 of 100]
5.9315399170e+02 5.9325000000e+02 5.9336700439e+02 5.9348602295e+02 5.9361798096e+02 5.9373901367e+02 5.9385900879e+02 5.9397998047e+02 5.9410998535e+02 5.9427899170e+02 5.9441101074e+02 5.9453601074e+02 5.9466802979e+02 5.9481500244e+02 5.9495501709e+02 5.9509100342e+02 5.9523901367e+02 5.9538201904e+02 5.9551098633e+02 5.9563800049e+02 5.9578399658e+02 5.9592901611e+02 5.9605902100e+02 5.9619897461e+02 5.9635699463e+02 5.9654998779e+02 5.9669500732e+02 5.9682299805e+02 5.9701300049e+02 5.9718103027e+02 5.9734698486e+02 5.9750701904e+02 5.9768597412e+02 5.9783197021e+02 5.9799700928e+02 5.9816302490e+02 5.9833502197e+02 5.9850897217e+02 5.9865197754e+02 5.9878900146e+02 5.9894799805e+02 5.9909997559e+02 5.9923901367e+02 5.9938598633e+02 5.9952502441e+02 5.9965399170e+02
5.9305999756e+02 5.9315399170e+02 5.9326599121e+02 5.9338000488e+02 5.9350000000e+02 5.9362701416e+02 5.9375299072e+02 5.9387298584e+02 5.9400799561e+02 5.9415197754e+02 5.9428198242e+02 5.9441699219e+02 5.9455200195e+02 5.9469702148e+02 5.9483398438e+02 5.9496502686e+02 5.9510601807e+02 5.9525402832e+02 5.9540600586e+02 5.9553100586e+02 5.9564501953e+02 5.9578900146e+02 5.9592797852e+02 5.9608001709e+02 5.9623901367e+02 5.9640997314e+02 5.9656500244e+02 5.9669897461e+02 5.9688500977e+02 5.9704901123e+02 5.9721502686e+02 5.9736798096e+02 5.9755297852e+02 5.9770697021e+02 5.9787200928e+02 5.9803601074e+02 5.9818597412e+02 5.9836901855e+02 5.9853302002e+02 5.9867700195e+02 5.9883398438e+02 5.9898101807e+02 5.9911901855e+02 5.9927099609e+02 5.9940899658e+02 5.9954998779e+02
5.9294500732e+02 5.9304400635e+02 5.9315899658e+02 5.9326898193e+02 5.9338098145e+02 5.9351000977e+02 5.9363500977e+02 5.9375201416e+02 5.9389599609e+02 5.9403802490e+02 5.9416101074e+02 5.9430297852e+02 5.9444299316e+02 5.9458398438e+02 5.9472100830e+02 5.9485302734e+02 5.9498901367e+02 5.9513098145e+02 5.9528198242e+02 5.9540100098e+02 5.9550598145e+02 5.9566198730e+02 5.9581799316e+02 5.9597497559e+02 5.9613299561e+02 5.9628900146e+02 5.9644000244e+02 5.9657702637e+02 5.9675402832e+02 5.9691699219e+02 5.9707598877e+02 5.9722900391e+02 5.9741302490e+02 5.9757598877e+02 5.9773797607e+02 5.9790600586e+02 5.9806500244e+02 5.9824499512e+02 5.9841699219e+02 5.9856597900e+02 5.9871997070e+02 5.9886901855e+02 5.9901098633e+02 5.9916198730e+02 5.9928997803e+02 5.9942901611e+02
5.9283898926e+02 5.9294201660e+02 5.9306097412e+02 5.9316998291e+02 5.9327899170e+02 5.9340899658e+02 5.9352197266e+02 5.9362597656e+02 5.9376300049e+02 5.9390502930e+02 5.9403100586e+02 5.9418597412e+02 5.9433099365e+02 5.9446600342e+02 5.9460400391e+02 5.9473999023e+02 5.9487701416e+02 5.9500701904e+02 5.9514001465e+02 5.9525201416e+02 5.9537200928e+02 5.9553997803e+02 5.9570202637e+02 5.9585101318e+02 5.9600097656e+02 5.9616302490e+02 5.9631701660e+02 5.9645202637e+02 5.9661999512e+02 5.9677899170e+02 5.9694000244e+02 5.9709997559e+02 5.9727899170e+02 5.9744201660e+02 5.9760198975e+02 5.9777502441e+02 5.9795001221e+02 5.9813201904e+02 5.9830798340e+02 5.9846197510e+02 5.9860998535e+02 5.9875598145e+02 5.9889898682e+02 5.9905902100e+02 5.9918902588e+02 5.9932299805e+02
5.9274499512e+02 5.9285198975e+02 5.9296600342e+02 5.9307598877e+02 5.9318200684e+02 5.9330798340e+02 5.9342102051e+02 5.9352099609e+02 5.9364099121e+02 5.9376800537e+02 5.9390002441e+02 5.9406298828e+02 5.9421600342e+02 5.9433398438e+02 5.9446600342e+02 5.9460400391e+02 5.9474401855e+02 5.9487298584e+02 5.9499298096e+02 5.9510797119e+02 5.9524798584e+02 5.9540899658e+02 5.9557000732e+02 5.9571301270e+02 5.9585699463e+02 5.9604498291e+02 5.9619500732e+02 5.9632397461e+02 5.9649200439e+02 5.9665100098e+02 5.9681896973e+02 5.9698498535e+02 5.9716198730e+02 5.9732202148e+02 5.9747601318e+02 5.9764501953e+02 5.9782202148e+02 5.9800799561e+02 5.9817498779e+02 5.9833099365e+02 5.9848602295e+02 5.9862799072e+02 5.9877001953e+02 5.9893402100e+02 5.9908398438e+02 5.9921899414e+02
5.9264599609e+02 5.9274798584e+02 5.9285998535e+02 5.9297399902e+02 5.9307702637e+02 5.9318798828e+02 5.9329797363e+02 5.9340301514e+02 5.9354400635e+02 5.9369000244e+02 5.9381201172e+02 5.9393597412e+02 5.9406597900e+02 5.9420599365e+02 5.9434100342e+02 5.9448199463e+02 5.9462200928e+02 5.9476202393e+02 5.9489697266e+02 5.9501397705e+02 5.9513201904e+02 5.9528802490e+02 5.9545397949e+02 5.9559002686e+02 5.9571697998e+02 5.9590698242e+02 5.9606298828e+02 5.9620697021e+02 5.9637200928e+02 5.9653302002e+02 5.9669500732e+02 5.9685101318e+02 5.9702697754e+02 5.9719598389e+02 5.9735998535e+02 5.9752502441e+02 5.9769000244e+02 5.9787799072e+02 5.9804302979e+02 5.9819799805e+02 5.9835699463e+02 5.9851397705e+02 5.9865301514e+02 5.9880798340e+02 5.9896697998e+02 5.9911102295e+02
5.9255499268e+02 5.9264697266e+02 5.9275799561e+02 5.9287597656e+02 5.9298498535e+02 5.9309100342e+02 5.9319897461e+02 5.9330102539e+02 5.9342901611e+02 5.9357397461e+02 5.9369702148e+02 5.9380603027e+02 5.9392901611e+02 5.9407202148e+02 5.9421002197e+02 5.9435699463e+02 5.9450701904e+02 5.9464697266e+02 5.9478302002e+02 5.9489898682e+02 5.9501300049e+02 5.9516900635e+02 5.9533398438e+02 5.9546502686e+02 5.9558697510e+02 5.9576702881e+02 5.9592498779e+02 5.9607800293e+02 5.9623498535e+02 5.9640197754e+02 5.9657299805e+02 5.9672802734e+02 5.9689398193e+02 5.9706097412e+02 5.9723297119e+02 5.9740197754e+02 5.9756097412e+02 5.9774298096e+02 5.9791699219e+02 5.9808099365e+02 5.9824499512e+02 5.9841400146e+02 5.9854797363e+02 5.9870001221e+02 5.9886199951e+02 5.9900701904e+02
5.9246600342e+02 5.9255603027e+02 5.9266400146e+02 5.9278100586e+02 5.9289001465e+02 5.9300500488e+02 5.9311901855e+02 5.9321997070e+02 5.9332702637e+02 5.9345098877e+02 5.9356799316e+02 5.9367999268e+02 5.9381201172e+02 5.9395397949e+02 5.9408697510e+02 5.9422998047e+02 5.9438397217e+02 5.9452099609e+02 5.9465301514e+02 5.9477001953e+02 5.9489501953e+02 5.9504498291e+02 5.9520001221e+02 5.9533099365e+02 5.9546398926e+02 5.9563000488e+02 5.9577801514e+02 5.9593103027e+02 5.9608197021e+02 5.9626098633e+02 5.9644201660e+02 5.9659899902e+02 5.9676098633e+02 5.9692401123e+02 5.9709698486e+02 5.9726501465e+02 5.9742102051e+02 5.9760601807e+02 5.9778399658e+02 5.9794799805e+02 5.9811199951e+02 5.9828900146e+02 5.9842901611e+02 5.9858001709e+02 5.9874102783e+02 5.9889099121e+02
5.9236901855e+02 5.9246502686e+02 5.9257299805e+02 5.9267797852e+02 5.9277197266e+02 5.9289300537e+02 5.9301599121e+02 5.9312902832e+02 5.9323797607e+02 5.9335797119e+02 5.9346197510e+02 5.9357501221e+02 5.9370501709e+02 5.9384802246e+02 5.9397302246e+02 5.9410400391e+02 5.9425201416e+02 5.9440002441e+02 5.9452099609e+02 5.9463598633e+02 5.9478002930e+02 5.9492901611e+02 5.9507299805e+02 5.9520300293e+02 5.9534600830e+02 5.9549102783e+02 5.9563500977e+02 5.9578601074e+02 5.9593798828e+02 5.9612097168e+02 5.9629498291e+02 5.9645397949e+02 5.9664501953e+02 5.9679998779e+02 5.9696600342e+02 5.9712500000e+02 5.9728198242e+02 5.9747601318e+02 5.9765301514e+02 5.9780401611e+02 5.9795800781e+02 5.9814697266e+02 5.9830999756e+02 5.9846502686e+02 5.9862597656e+02 5.9878698730e+02
5.9229101563e+02 5.9238800049e+02 5.9248999023e+02 5.9258697510e+02 5.9268499756e+02 5.9280798340e+02 5.9291601563e+02 5.9301397705e+02 5.9312597656e+02 5.9325701904e+02 5.9336297607e+02 5.9347198486e+02 5.9359100342e+02 5.9372399902e+02 5.9385498047e+02 5.9398901367e+02 5.9413000488e+02 5.9427600098e+02 5.9439501953e+02 5.9451501465e+02 5.9467199707e+02 5.9481597900e+02 5.9494598389e+02 5.9507202148e+02 5.9522497559e+02 5.9538000488e+02 5.9551000977e+02 5.9565600586e+02 5.9584197998e+02 5.9600500488e+02 5.9616601563e+02 5.9632397461e+02 5.9650701904e+02 5.9666302490e+02 5.9682000732e+02 5.9697601318e+02 5.9713500977e+02 5.9734100342e+02 5.9751800537e+02 5.9766198730e+02 5.9781799316e+02 5.9801098633e+02 5.9818200684e+02 5.9834497070e+02 5.9851397705e+02 5.9867102051e+02
5.9221301270e+02 5.9230401611e+02 5.9240100098e+02 5.9249902344e+02 5.9260601807e+02 5.9272497559e+02 5.9282299805e+02 5.9291101074e+02 5.9302301025e+02 5.9315002441e+02 5.9326501465e+02 5.9337597656e+02 5.9348602295e+02 5.9359997559e+02 5.9372998047e+02 5.9387200928e+02 5.9400299072e+02 5.9415002441e+02 5.9427899170e+02 5.9440301514e+02 5.9456201172e+02 5.9469897461e+02 5.9482897949e+02 5.9495800781e+02 5.9510998535e+02 5.9525799561e+02 5.9537701416e+02 5.9552001953e+02 5.9571002197e+02 5.9585601807e+02 5.9603002930e+02 5.9620202637e+02 5.9636401367e+02 5.9651800537e+02 5.9667199707e+02 5.9682598877e+02 5.9697998047e+02 5.9718103027e+02 5.9735101318e+02 5.9750097656e+02 5.9766998291e+02 5.9786102295e+02 5.9804101563e+02 5.9822399902e+02 5.9839001465e+02 5.9854699707e+02
5.9211602783e+02 5.9220800781e+02 5.9231097412e+02 5.9240899658e+02 5.9251098633e+02 5.9263000488e+02 5.9273101807e+02 5.9282299805e+02 5.9294299316e+02 5.9306500244e+02 5.9317700195e+02 5.9328601074e+02 5.9339398193e+02 5.9349902344e+02 5.9362200928e+02 5.9376000977e+02 5.9387799072e+02 5.9403002930e+02 5.9417297363e+02 5.9429998779e+02 5.9444396973e+02 5.9457501221e+02 5.9471600342e+02 5.9485302734e+02 5.9499902344e+02 5.9514001465e+02 5.9525598145e+02 5.9539801025e+02 5.9558197021e+02 5.9572802734e+02 5.9590100098e+02 5.9606097412e+02 5.9620800781e+02 5.9637200928e+02 5.9652899170e+02 5.9669097900e+02 5.9684802246e+02 5.9703900146e+02 5.9720098877e+02 5.9735498047e+02 5.9752197266e+02 5.9771301270e+02 5.9790399170e+02 5.9809997559e+02 5.9825799561e+02 5.9841998291e+02
5.9201898193e+02 5.9212402344e+02 5.9223999023e+02 5.9233001709e+02 5.9241900635e+02 5.9253399658e+02 5.9264599609e+02 5.9274499512e+02 5.9285400391e+02 5.9296801758e+02 5.9307000732e+02 5.9318200684e+02 5.9329400635e+02 5.9341699219e+02 5.9353802490e+02 5.9366400146e+02 5.9377801514e+02 5.9391497803e+02 5.9406500244e+02 5.9419702148e+02 5.9432598877e+02 5.9447998047e+02 5.9462597656e+02 5.9475897217e+02 5.9489202881e+02 5.9502697754e+02 5.9515197754e+02 5.9529400635e+02 5.9545501709e+02 5.9561700439e+02 5.9577398682e+02 5.9592199707e+02 5.9609802246e+02 5.9625402832e+02 5.9640698242e+02 5.9656500244e+02 5.9672100830e+02 5.9690399170e+02 5.9706597900e+02 5.9721899414e+02 5.9736199951e+02 5.9757202148e+02 5.9777301025e+02 5.9796197510e+02 5.9811700439e+02 5.9829797363e+02
5.9192700195e+02 5.9204101563e+02 5.9215100098e+02 5.9223602295e+02 5.9232702637e+02 5.9244299316e+02 5.9254901123e+02 5.9264501953e+02 5.9276098633e+02 5.9285998535e+02 5.9296600342e+02 5.9308398438e+02 5.9321197510e+02 5.9333398438e+02 5.9344799805e+02 5.9356298828e+02 5.9367797852e+02 5.9381597900e+02 5.9395599365e+02 5.9408697510e+02 5.9422802734e+02 5.9438598633e+02 5.9452801514e+02 5.9465002441e+02 5.9478198242e+02 5.9492401123e+02 5.9505603027e+02 5.9519598389e+02 5.9534802246e+02 5.9549700928e+02 5.9564801025e+02 5.9579199219e+02 5.9595599365e+02 5.9610400391e+02 5.9625097656e+02 5.9640899658e+02 5.9657098389e+02 5.9675201416e+02 5.9692199707e+02 5.9708599854e+02 5.9725097656e+02 5.9745001221e+02 5.9763897705e+02 5.9782897949e+02 5.9798699951e+02 5.9816400146e+02
5.9184002686e+02 5.9194299316e+02 5.9204797363e+02 5.9214001465e+02 5.9224200439e+02 5.9234899902e+02 5.9244799805e+02 5.9254400635e+02 5.9267199707e+02 5.9277301025e+02 5.9288201904e+02 5.9299401855e+02 5.9311102295e+02 5.9323400879e+02 5.9334997559e+02 5.9346899414e+02 5.9358300781e+02 5.9371502686e+02 5.9384497070e+02 5.9396997070e+02 5.9411999512e+02 5.9427099609e+02 5.9440802002e+02 5.9453601074e+02 5.9468103027e+02 5.9481799316e+02 5.9494799805e+02 5.9509002686e+02 5.9523602295e+02 5.9537097168e+02 5.9552001953e+02 5.9566400146e+02 5.9581799316e+02 5.9596600342e+02 5.9611499023e+02 5.9628198242e+02 5.9644299316e+02 5.9661700439e+02 5.9678497314e+02 5.9694799805e+02 5.9713000488e+02 5.9732299805e+02 5.9750097656e+02 5.9769500732e+02 5.9785198975e+02 5.9801397705e+02
5.9175000000e+02 5.9184802246e+02 5.9195397949e+02 5.9205603027e+02 5.9216497803e+02 5.9226702881e+02 5.9236199951e+02 5.9245898438e+02 5.9258197021e+02 5.9269000244e+02 5.9280603027e+02 5.9291400146e+02 5.9302398682e+02 5.9314099121e+02 5.9325299072e+02 5.9337500000e+02 5.9349902344e+02 5.9363000488e+02 5.9374902344e+02 5.9386297607e+02 5.9400299072e+02 5.9414898682e+02 5.9428802490e+02 5.9442401123e+02 5.9458398438e+02 5.9471502686e+02 5.9484301758e+02 5.9498999023e+02 5.9514099121e+02 5.9527697754e+02 5.9541998291e+02 5.9555401611e+02 5.9570202637e+02 5.9584698486e+02 5.9599499512e+02 5.9616497803e+02 5.9632897949e+02 5.9650402832e+02 5.9666302490e+02 5.9681799316e+02 5.9700402832e+02 5.9719299316e+02 5.9736602783e+02 5.9755499268e+02 5.9771398926e+02 5.9786901855e+02
5.9165301514e+02 5.9176000977e+02 5.9186602783e+02 5.9196502686e+02 5.9205902100e+02 5.9218103027e+02 5.9228900146e+02 5.9238897705e+02 5.9250299072e+02 5.9262097168e+02 5.9273498535e+02 5.9284197998e+02 5.9293798828e+02 5.9306896973e+02 5.9317901611e+02 5.9329400635e+02 5.9341400146e+02 5.9354602051e+02 5.9366601563e+02 5.9377398682e+02 5.9389398193e+02 5.9405102539e+02 5.9419598389e+02 5.9431896973e+02 5.9446099854e+02 5.9460498047e+02 5.9473797607e+02 5.9488598633e+02 5.9502801514e+02 5.9517999268e+02 5.9531701660e+02 5.9544097900e+02 5.9559301758e+02 5.9573297119e+02 5.9588201904e+02 5.9604797363e+02 5.9621600342e+02 5.9640002441e+02 5.9654498291e+02 5.9670202637e+02 5.9687597656e+02 5.9704797363e+02 5.9722100830e+02 5.9740502930e+02 5.9758801270e+02 5.9775299072e+02
5.9158001709e+02 5.9167602539e+02 5.9178002930e+02 5.9187597656e+02 5.9197601318e+02 5.9208898926e+02 5.9219396973e+02 5.9229797363e+02 5.9240997314e+02 5.9253198242e+02 5.9264599609e+02 5.9274798584e+02 5.9285101318e+02 5.9297399902e+02 5.9309197998e+02 5.9320800781e+02 5.9333099365e+02 5.9345898438e+02 5.9357897949e+02 5.9369201660e+02 5.9380798340e+02 5.9395397949e+02 5.9409497070e+02 5.9420697021e+02 5.9435302734e+02 5.9450500488e+02 5.9463098145e+02 5.9476800537e+02 5.9491302490e+02 5.9507000732e+02 5.9521398926e+02 5.9534399414e+02 5.9548699951e+02 5.9561700439e+02 5.9577197266e+02 5.9592999268e+02 5.9609301758e+02 5.9628601074e+02 5.9643499756e+02 5.9659002686e+02 5.9676501465e+02 5.9693798828e+02 5.9709301758e+02 5.9726300049e+02 5.9742498779e+02 5.9760198975e+02
5.9150402832e+02 5.9159802246e+02 5.9169897461e+02 5.9179199219e+02 5.9189001465e+02 5.9199700928e+02 5.9210101318e+02 5.9220501709e+02 5.9231597900e+02 5.9244702148e+02 5.9255999756e+02 5.9265899658e+02 5.9275897217e+02 5.9287500000e+02 5.9299597168e+02 5.9311602783e+02 5.9323797607e+02 5.9336499023e+02 5.9348797607e+02 5.9360699463e+02 5.9372399902e+02 5.9385699463e+02 5.9399902344e+02 5.9411602783e+02 5.9426000977e+02 5.9441497803e+02 5.9453497314e+02 5.9466198730e+02 5.9481097412e+02 5.9496301270e+02 5.9510400391e+02 5.9523901367e+02 5.9538201904e+02 5.9552502441e+02 5.9567602539e+02 5.9582202148e+02 5.9598101807e+02 5.9617401123e+02 5.9633300781e+02 5.9648602295e+02 5.9665802002e+02 5.9682800293e+02 5.9697698975e+02 5.9713800049e+02 5.9728302002e+02 5.9744702148e+02
5.9141802979e+02 5.9151000977e+02 5.9160998535e+02 5.9170202637e+02 5.9180401611e+02 5.9191601563e+02 5.9201800537e+02 5.9211901855e+02 5.9222802734e+02 5.9235198975e+02 5.9246197510e+02 5.9256402588e+02 5.9266699219e+02 5.9278002930e+02 5.9290802002e+02 5.9302899170e+02 5.9314697266e+02 5.9327899170e+02 5.9339801025e+02 5.9351397705e+02 5.9363800049e+02 5.9376300049e+02 5.9390301514e+02 5.9402600098e+02 5.9416998291e+02 5.9431701660e+02 5.9442999268e+02 5.9455200195e+02 5.9470397949e+02 5.9485400391e+02 5.9499200439e+02 5.9512500000e+02 5.9526599121e+02 5.9541900635e+02 5.9557702637e+02 5.9572302246e+02 5.9588000488e+02 5.9605700684e+02 5.9621099854e+02 5.9636297607e+02 5.9654101563e+02 5.9669299316e+02 5.9684899902e+02 5.9702301025e+02 5.9716400146e+02 5.9731298828e+02
