TESTSERVER/18/16.asc
NCOLS 100
NROWS 100
XLLCORNER 8.3997500000e+03
YLLCORNER 2.8915025000e+05
CELLSIZE 5.0000000000e-01
NODATA_VALUE -9.9990000000e+03
[rows 40 to 59 of 100, columns 0 to 45 of 100]
5.8306597900e+02 5.8309100342e+02 5.8311297607e+02 5.8315802002e+02 5.8320300293e+02 5.8323199463e+02 5.8328100586e+02 5.8334698486e+02 5.8338598633e+02 5.8341802979e+02 5.8346002197e+02 5.8351098633e+02 5.8355200195e+02 5.8357897949e+02 5.8362799072e+02 5.8364501953e+02 5.8365698242e+02 5.8370098877e+02 5.8373901367e+02 5.8374401855e+02 5.8378399658e+02 5.8383197021e+02 5.8384698486e+02 5.8386999512e+02 5.8389300537e+02 5.8393902588e+02 5.8397302246e+02 5.8400000000e+02 5.8404199219e+02 5.8407897949e+02 5.8411199951e+02 5.8416198730e+02 5.8420898438e+02 5.8425799561e+02 5.8428002930e+02 5.8432397461e+02 5.8437500000e+02 5.8442999268e+02 5.8447399902e+02 5.8452502441e+02 5.8459899902e+02 5.8467102051e+02 5.8472601318e+02 5.8479797363e+02 5.8485900879e+02 5.8490997314e+02
5.8299298096e+02 5.8301501465e+02 5.8303497314e+02 5.8307702637e+02 5.8313000488e+02 5.8317102051e+02 5.8320697021e+02 5.8326098633e+02 5.8329302979e+02 5.8333197021e+02 5.8339099121e+02 5.8344598389e+02 5.8348101807e+02 5.8351202393e+02 5.8356597900e+02 5.8358398438e+02 5.8359600830e+02 5.8363598633e+02 5.8367602539e+02 5.8369299316e+02 5.8372698975e+02 5.8376898193e+02 5.8377502441e+02 5.8379998779e+02 5.8383697510e+02 5.8388598633e+02 5.8390997314e+02 5.8393402100e+02 5.8397399902e+02 5.8401898193e+02 5.8405999756e+02 5.8410498047e+02 5.8414001465e+02 5.8417700195e+02 5.8420397949e+02 5.8426000977e+02 5.8432098389e+02 5.8438000488e+02 5.8442102051e+02 5.8446502686e+02 5.8453601074e+02 5.8460400391e+02 5.8466802979e+02 5.8473400879e+02 5.8477502441e+02 5.8483300781e+02
5.8292297363e+02 5.8295001221e+02 5.8296899414e+02 5.8300000000e+02 5.8304400635e+02 5.8308398438e+02 5.8312701416e+02 5.8318597412e+02 5.8321899414e+02 5.8326898193e+02 5.8333502197e+02 5.8338702393e+02 5.8342199707e+02 5.8346099854e+02 5.8350000000e+02 5.8352502441e+02 5.8355798340e+02 5.8359197998e+02 5.8361798096e+02 5.8365002441e+02 5.8367297363e+02 5.8369299316e+02 5.8370501709e+02 5.8373699951e+02 5.8377197266e+02 5.8381201172e+02 5.8384002686e+02 5.8387200928e+02 5.8390301514e+02 5.8394702148e+02 5.8400299072e+02 5.8404302979e+02 5.8407397461e+02 5.8411798096e+02 5.8414898682e+02 5.8419500732e+02 5.8425500488e+02 5.8431896973e+02 5.8436798096e+02 5.8440502930e+02 5.8446197510e+02 5.8452600098e+02 5.8457800293e+02 5.8463000488e+02 5.8469000244e+02 5.8476800537e+02
5.8283801270e+02 5.8288397217e+02 5.8291198730e+02 5.8293597412e+02 5.8296301270e+02 5.8299200439e+02 5.8304101563e+02 5.8310302734e+02 5.8314300537e+02 5.8320501709e+02 5.8327001953e+02 5.8331896973e+02 5.8335900879e+02 5.8341400146e+02 5.8345001221e+02 5.8347900391e+02 5.8351202393e+02 5.8353698730e+02 5.8356201172e+02 5.8359100342e+02 5.8361199951e+02 5.8362799072e+02 5.8365698242e+02 5.8368798828e+02 5.8371398926e+02 5.8374700928e+02 5.8378100586e+02 5.8381201172e+02 5.8384399414e+02 5.8389001465e+02 5.8394000244e+02 5.8398297119e+02 5.8402099609e+02 5.8406896973e+02 5.8409997559e+02 5.8413800049e+02 5.8419000244e+02 5.8424499512e+02 5.8429400635e+02 5.8434399414e+02 5.8439398193e+02 5.8445397949e+02 5.8449401855e+02 5.8453497314e+02 5.8460400391e+02 5.8468402100e+02
5.8276300049e+02 5.8281298828e+02 5.8284002686e+02 5.8286199951e+02 5.8288800049e+02 5.8291497803e+02 5.8297198486e+02 5.8302301025e+02 5.8306896973e+02 5.8313500977e+02 5.8320098877e+02 5.8323999023e+02 5.8328601074e+02 5.8334802246e+02 5.8339898682e+02 5.8342102051e+02 5.8344702148e+02 5.8347497559e+02 5.8352099609e+02 5.8352398682e+02 5.8354998779e+02 5.8358197021e+02 5.8361199951e+02 5.8363500977e+02 5.8365899658e+02 5.8369897461e+02 5.8373400879e+02 5.8375299072e+02 5.8378698730e+02 5.8383197021e+02 5.8386700439e+02 5.8390997314e+02 5.8395501709e+02 5.8399597168e+02 5.8402502441e+02 5.8409002686e+02 5.8414300537e+02 5.8417797852e+02 5.8421197510e+02 5.8427197266e+02 5.8431597900e+02 5.8438397217e+02 5.8445300293e+02 5.8449200439e+02 5.8453399658e+02 5.8459301758e+02
5.8268402100e+02 5.8272698975e+02 5.8275897217e+02 5.8279199219e+02 5.8283001709e+02 5.8286499023e+02 5.8291802979e+02 5.8296099854e+02 5.8299102783e+02 5.8304998779e+02 5.8310900879e+02 5.8316497803e+02 5.8321502686e+02 5.8326800537e+02 5.8332202148e+02 5.8334997559e+02 5.8339501953e+02 5.8343103027e+02 5.8346502686e+02 5.8346600342e+02 5.8348602295e+02 5.8352301025e+02 5.8355297852e+02 5.8358697510e+02 5.8361199951e+02 5.8364599609e+02 5.8366802979e+02 5.8368798828e+02 5.8373199463e+02 5.8377899170e+02 5.8381201172e+02 5.8384899902e+02 5.8388897705e+02 5.8394097900e+02 5.8397802734e+02 5.8401501465e+02 5.8406201172e+02 5.8410302734e+02 5.8415197754e+02 5.8420098877e+02 5.8424200439e+02 5.8430700684e+02 5.8437597656e+02 5.8442700195e+02 5.8446099854e+02 5.8452301025e+02
5.8261602783e+02 5.8265502930e+02 5.8268200684e+02 5.8272698975e+02 5.8277197266e+02 5.8280102539e+02 5.8284197998e+02 5.8288897705e+02 5.8292102051e+02 5.8298101807e+02 5.8302398682e+02 5.8308502197e+02 5.8313500977e+02 5.8318402100e+02 5.8323901367e+02 5.8326898193e+02 5.8331896973e+02 5.8336499023e+02 5.8339398193e+02 5.8341302490e+02 5.8343798828e+02 5.8346899414e+02 5.8349700928e+02 5.8352899170e+02 5.8355102539e+02 5.8358502197e+02 5.8360101318e+02 5.8363299561e+02 5.8368902588e+02 5.8373797607e+02 5.8376702881e+02 5.8380700684e+02 5.8383697510e+02 5.8388000488e+02 5.8391900635e+02 5.8395001221e+02 5.8399499512e+02 5.8403601074e+02 5.8409197998e+02 5.8413702393e+02 5.8418902588e+02 5.8424902344e+02 5.8429699707e+02 5.8434600830e+02 5.8438702393e+02 5.8445800781e+02
5.8254302979e+02 5.8258599854e+02 5.8261499023e+02 5.8266400146e+02 5.8270202637e+02 5.8272601318e+02 5.8275897217e+02 5.8281701660e+02 5.8285998535e+02 5.8291900635e+02 5.8295397949e+02 5.8301702881e+02 5.8306201172e+02 5.8310302734e+02 5.8315600586e+02 5.8318499756e+02 5.8323400879e+02 5.8328900146e+02 5.8332000732e+02 5.8336401367e+02 5.8340100098e+02 5.8342297363e+02 5.8344799805e+02 5.8347497559e+02 5.8349798584e+02 5.8353601074e+02 5.8354998779e+02 5.8357897949e+02 5.8363000488e+02 5.8367999268e+02 5.8371997070e+02 5.8376202393e+02 5.8378802490e+02 5.8381896973e+02 5.8385400391e+02 5.8390100098e+02 5.8394897461e+02 5.8397497559e+02 5.8402197266e+02 5.8407000732e+02 5.8412200928e+02 5.8417797852e+02 5.8421801758e+02 5.8426000977e+02 5.8431298828e+02 5.8438098145e+02
5.8245202637e+02 5.8249798584e+02 5.8253698730e+02 5.8257800293e+02 5.8261901855e+02 5.8265502930e+02 5.8269500732e+02 5.8275097656e+02 5.8279302979e+02 5.8284600830e+02 5.8288598633e+02 5.8294897461e+02 5.8297399902e+02 5.8300500488e+02 5.8306799316e+02 5.8310699463e+02 5.8315899658e+02 5.8322100830e+02 5.8325500488e+02 5.8329199219e+02 5.8333398438e+02 5.8335601807e+02 5.8338598633e+02 5.8342199707e+02 5.8345001221e+02 5.8348797607e+02 5.8351300049e+02 5.8353497314e+02 5.8357299805e+02 5.8361401367e+02 5.8364898682e+02 5.8368798828e+02 5.8372302246e+02 5.8375598145e+02 5.8378302002e+02 5.8383502197e+02 5.8388299561e+02 5.8390698242e+02 5.8394396973e+02 5.8400000000e+02 5.8404602051e+02 5.8409100342e+02 5.8413500977e+02 5.8418402100e+02 5.8423498535e+02 5.8429101563e+02
5.8236901855e+02 5.8242401123e+02 5.8245800781e+02 5.8250299072e+02 5.8255200195e+02 5.8258697510e+02 5.8262500000e+02 5.8267999268e+02 5.8272302246e+02 5.8277502441e+02 5.8281896973e+02 5.8287298584e+02 5.8289001465e+02 5.8291699219e+02 5.8297198486e+02 5.8302398682e+02 5.8308001709e+02 5.8313299561e+02 5.8316601563e+02 5.8320397949e+02 5.8325097656e+02 5.8328997803e+02 5.8332501221e+02 5.8335498047e+02 5.8338397217e+02 5.8342297363e+02 5.8345300293e+02 5.8349700928e+02 5.8353302002e+02 5.8355401611e+02 5.8358398438e+02 5.8362701416e+02 5.8366601563e+02 5.8370397949e+02 5.8373297119e+02 5.8376202393e+02 5.8381402588e+02 5.8387097168e+02 5.8392102051e+02 5.8395098877e+02 5.8397998047e+02 5.8401397705e+02 5.8405902100e+02 5.8411199951e+02 5.8417700195e+02 5.8423602295e+02
5.8227398682e+02 5.8234100342e+02 5.8237701416e+02 5.8242999268e+02 5.8247698975e+02 5.8251000977e+02 5.8254602051e+02 5.8259301758e+02 5.8263897705e+02 5.8268597412e+02 5.8272900391e+02 5.8277899170e+02 5.8280700684e+02 5.8284301758e+02 5.8289001465e+02 5.8294097900e+02 5.8299200439e+02 5.8304199219e+02 5.8308001709e+02 5.8312298584e+02 5.8317199707e+02 5.8321398926e+02 5.8325000000e+02 5.8328601074e+02 5.8332202148e+02 5.8336401367e+02 5.8338598633e+02 5.8342901611e+02 5.8346398926e+02 5.8349798584e+02 5.8353497314e+02 5.8356799316e+02 5.8360699463e+02 5.8365502930e+02 5.8369000244e+02 5.8371899414e+02 5.8376501465e+02 5.8380999756e+02 5.8384802246e+02 5.8388299561e+02 5.8390899658e+02 5.8394799805e+02 5.8400299072e+02 5.8404199219e+02 5.8409698486e+02 5.8415502930e+02
5.8216900635e+02 5.8223999023e+02 5.8228399658e+02 5.8233898926e+02 5.8238897705e+02 5.8242297363e+02 5.8245501709e+02 5.8250897217e+02 5.8255999756e+02 5.8260601807e+02 5.8264099121e+02 5.8269000244e+02 5.8272802734e+02 5.8276702881e+02 5.8280798340e+02 5.8286499023e+02 5.8291601563e+02 5.8296697998e+02 5.8300701904e+02 5.8305499268e+02 5.8309997559e+02 5.8313397217e+02 5.8316699219e+02 5.8321197510e+02 5.8325000000e+02 5.8329400635e+02 5.8332299805e+02 5.8336401367e+02 5.8339300537e+02 5.8344097900e+02 5.8347998047e+02 5.8349597168e+02 5.8353399658e+02 5.8358898926e+02 5.8362701416e+02 5.8365301514e+02 5.8369201660e+02 5.8371997070e+02 5.8375598145e+02 5.8380401611e+02 5.8384399414e+02 5.8389300537e+02 5.8395098877e+02 5.8399597168e+02 5.8403601074e+02 5.8407098389e+02
5.8205603027e+02 5.8213598633e+02 5.8217999268e+02 5.8222900391e+02 5.8228900146e+02 5.8232299805e+02 5.8234698486e+02 5.8240802002e+02 5.8245501709e+02 5.8250402832e+02 5.8254998779e+02 5.8260302734e+02 5.8265802002e+02 5.8269396973e+02 5.8271997070e+02 5.8278002930e+02 5.8283197021e+02 5.8288500977e+02 5.8292999268e+02 5.8299102783e+02 5.8303997803e+02 5.8306597900e+02 5.8308502197e+02 5.8313598633e+02 5.8316900635e+02 5.8320397949e+02 5.8324597168e+02 5.8329199219e+02 5.8332299805e+02 5.8336901855e+02 5.8342199707e+02 5.8343902588e+02 5.8346099854e+02 5.8349700928e+02 5.8353399658e+02 5.8359002686e+02 5.8363702393e+02 5.8366302490e+02 5.8370898438e+02 5.8375000000e+02 5.8379602051e+02 5.8384197998e+02 5.8389599609e+02 5.8396002197e+02 5.8400799561e+02 5.8402301025e+02
5.8193103027e+02 5.8201098633e+02 5.8207000732e+02 5.8213299561e+02 5.8219201660e+02 5.8221801758e+02 5.8224597168e+02 5.8230499268e+02 5.8234301758e+02 5.8239697266e+02 5.8244897461e+02 5.8250402832e+02 5.8256097412e+02 5.8260998535e+02 5.8264001465e+02 5.8268499756e+02 5.8273400879e+02 5.8279400635e+02 5.8284698486e+02 5.8289501953e+02 5.8295300293e+02 5.8298297119e+02 5.8300500488e+02 5.8306597900e+02 5.8311401367e+02 5.8314001465e+02 5.8315899658e+02 5.8321697998e+02 5.8326300049e+02 5.8329797363e+02 5.8333502197e+02 5.8336700439e+02 5.8340002441e+02 5.8344799805e+02 5.8347900391e+02 5.8349902344e+02 5.8355401611e+02 5.8359497070e+02 5.8364300537e+02 5.8370800781e+02 5.8373999023e+02 5.8376702881e+02 5.8381701660e+02 5.8386700439e+02 5.8391699219e+02 5.8395202637e+02
5.8181201172e+02 5.8188299561e+02 5.8194299316e+02 5.8201501465e+02 5.8206402588e+02 5.8209802246e+02 5.8215100098e+02 5.8221301270e+02 5.8225799561e+02 5.8231799316e+02 5.8235900879e+02 5.8240502930e+02 5.8245898438e+02 5.8251898193e+02 5.8256701660e+02 5.8260302734e+02 5.8264300537e+02 5.8270098877e+02 5.8275701904e+02 5.8280297852e+02 5.8285900879e+02 5.8289300537e+02 5.8292102051e+02 5.8296398926e+02 5.8301300049e+02 5.8304998779e+02 5.8308398438e+02 5.8314202881e+02 5.8318597412e+02 5.8322198486e+02 5.8324902344e+02 5.8328601074e+02 5.8331896973e+02 5.8336798096e+02 5.8340399170e+02 5.8342700195e+02 5.8348199463e+02 5.8352697754e+02 5.8356201172e+02 5.8361297607e+02 5.8365002441e+02 5.8368298340e+02 5.8373297119e+02 5.8377398682e+02 5.8382897949e+02 5.8388598633e+02
5.8168597412e+02 5.8176300049e+02 5.8181500244e+02 5.8189099121e+02 5.8194500732e+02 5.8198797607e+02 5.8204101563e+02 5.8210699463e+02 5.8216302490e+02 5.8222497559e+02 5.8226202393e+02 5.8230999756e+02 5.8235900879e+02 5.8241900635e+02 5.8247998047e+02 5.8251800537e+02 5.8255798340e+02 5.8261602783e+02 5.8266802979e+02 5.8272198486e+02 5.8277398682e+02 5.8279998779e+02 5.8282897949e+02 5.8286798096e+02 5.8291400146e+02 5.8295397949e+02 5.8301397705e+02 5.8307202148e+02 5.8310699463e+02 5.8314202881e+02 5.8317199707e+02 5.8321301270e+02 5.8324401855e+02 5.8328002930e+02 5.8331799316e+02 5.8335797119e+02 5.8340997314e+02 5.8345098877e+02 5.8348602295e+02 5.8351599121e+02 5.8356896973e+02 5.8362402344e+02 5.8366900635e+02 5.8369897461e+02 5.8375500488e+02 5.8382501221e+02
5.8157202148e+02 5.8164501953e+02 5.8170599365e+02 5.8177301025e+02 5.8184002686e+02 5.8187402344e+02 5.8191101074e+02 5.8197998047e+02 5.8204302979e+02 5.8209698486e+02 5.8214697266e+02 5.8220397949e+02 5.8225598145e+02 5.8231097412e+02 5.8237200928e+02 5.8241101074e+02 5.8245898438e+02 5.8252001953e+02 5.8256597900e+02 5.8262097168e+02 5.8267199707e+02 5.8269897461e+02 5.8272698975e+02 5.8278601074e+02 5.8284100342e+02 5.8287097168e+02 5.8292102051e+02 5.8297497559e+02 5.8301397705e+02 5.8305297852e+02 5.8310198975e+02 5.8314501953e+02 5.8318200684e+02 5.8321099854e+02 5.8323101807e+02 5.8327801514e+02 5.8333099365e+02 5.8336798096e+02 5.8341302490e+02 5.8344702148e+02 5.8348199463e+02 5.8352697754e+02 5.8357000732e+02 5.8362097168e+02 5.8368798828e+02 5.8375402832e+02
5.8146002197e+02 5.8152197266e+02 5.8158300781e+02 5.8165399170e+02 5.8172399902e+02 5.8174902344e+02 5.8178497314e+02 5.8185302734e+02 5.8192102051e+02 5.8197802734e+02 5.8203002930e+02 5.8208001709e+02 5.8212902832e+02 5.8218798828e+02 5.8224200439e+02 5.8228802490e+02 5.8233697510e+02 5.8239599609e+02 5.8245202637e+02 5.8251702881e+02 5.8255700684e+02 5.8258801270e+02 5.8263299561e+02 5.8268103027e+02 5.8273101807e+02 5.8278198242e+02 5.8282897949e+02 5.8287402344e+02 5.8291601563e+02 5.8296697998e+02 5.8301397705e+02 5.8305798340e+02 5.8309600830e+02 5.8313299561e+02 5.8315197754e+02 5.8319702148e+02 5.8324597168e+02 5.8328302002e+02 5.8333502197e+02 5.8337902832e+02 5.8340100098e+02 5.8344299316e+02 5.8348699951e+02 5.8355999756e+02 5.8363702393e+02 5.8368902588e+02
5.8132299805e+02 5.8139001465e+02 5.8145599365e+02 5.8152197266e+02 5.8158898926e+02 5.8161901855e+02 5.8164801025e+02 5.8172198486e+02 5.8179302979e+02 5.8185900879e+02 5.8191400146e+02 5.8195898438e+02 5.8200299072e+02 5.8206097412e+02 5.8210998535e+02 5.8215997314e+02 5.8222302246e+02 5.8228601074e+02 5.8234002686e+02 5.8240899658e+02 5.8245300293e+02 5.8249401855e+02 5.8254602051e+02 5.8258697510e+02 5.8263000488e+02 5.8268701172e+02 5.8273602295e+02 5.8278698730e+02 5.8283502197e+02 5.8288800049e+02 5.8292602539e+02 5.8296002197e+02 5.8299401855e+02 5.8304199219e+02 5.8307501221e+02 5.8311700439e+02 5.8316998291e+02 5.8321301270e+02 5.8325500488e+02 5.8329400635e+02 5.8332897949e+02 5.8338201904e+02 5.8341802979e+02 5.8349102783e+02 5.8356799316e+02 5.8361901855e+02
5.8117401123e+02 5.8123699951e+02 5.8130102539e+02 5.8137097168e+02 5.8142901611e+02 5.8146398926e+02 5.8149597168e+02 5.8157702637e+02 5.8165899658e+02 5.8173498535e+02 5.8179498291e+02 5.8184997559e+02 5.8189300537e+02 5.8194097900e+02 5.8198101807e+02 5.8202899170e+02 5.8209997559e+02 5.8216601563e+02 5.8220202637e+02 5.8226702881e+02 5.8232897949e+02 5.8238800049e+02 5.8244097900e+02 5.8249102783e+02 5.8254602051e+02 5.8259899902e+02 5.8263897705e+02 5.8269500732e+02 5.8274902344e+02 5.8280297852e+02 5.8284698486e+02 5.8289599609e+02 5.8291601563e+02 5.8295697021e+02 5.8299700928e+02 5.8303302002e+02 5.8309197998e+02 5.8314099121e+02 5.8317602539e+02 5.8321002197e+02 5.8326000977e+02 5.8331701660e+02 5.8335302734e+02 5.8341497803e+02 5.8348101807e+02 5.8353601074e+02
