TESTSERVER/18/16.asc
NCOLS 100
NROWS 100
XLLCORNER 8.3997500000e+03
YLLCORNER 2.8915025000e+05
CELLSIZE 5.0000000000e-01
NODATA_VALUE -9.9990000000e+03
[rows 20 to 39 of 100, columns 0 to 45 of 100]
5.8461297607e+02 5.8464697266e+02 5.8465600586e+02 5.8470098877e+02 5.8472998047e+02 5.8474401855e+02 5.8475201416e+02 5.8478997803e+02 5.8481097412e+02 5.8482702637e+02 5.8485400391e+02 5.8487902832e+02 5.8488500977e+02 5.8491400146e+02 5.8494799805e+02 5.8496099854e+02 5.8496997070e+02 5.8500402832e+02 5.8504302979e+02 5.8506597900e+02 5.8509802246e+02 5.8511700439e+02 5.8512701416e+02 5.8513702393e+02 5.8515100098e+02 5.8518902588e+02 5.8522900391e+02 5.8527099609e+02 5.8531097412e+02 5.8534802246e+02 5.8540002441e+02 5.8545898438e+02 5.8550097656e+02 5.8555603027e+02 5.8561700439e+02 5.8567297363e+02 5.8573498535e+02 5.8579602051e+02 5.8585998535e+02 5.8592401123e+02 5.8597601318e+02 5.8604199219e+02 5.8610797119e+02 5.8616998291e+02 5.8623602295e+02 5.8631597900e+02
5.8453198242e+02 5.8457800293e+02 5.8460797119e+02 5.8464697266e+02 5.8467700195e+02 5.8468902588e+02 5.8469396973e+02 5.8474102783e+02 5.8476800537e+02 5.8477899170e+02 5.8479901123e+02 5.8482897949e+02 5.8483099365e+02 5.8486499023e+02 5.8489300537e+02 5.8490600586e+02 5.8491998291e+02 5.8495001221e+02 5.8498101807e+02 5.8500299072e+02 5.8503997803e+02 5.8506701660e+02 5.8507501221e+02 5.8508300781e+02 5.8510101318e+02 5.8513897705e+02 5.8517700195e+02 5.8521301270e+02 5.8524597168e+02 5.8528302002e+02 5.8532897949e+02 5.8538397217e+02 5.8543103027e+02 5.8548999023e+02 5.8553497314e+02 5.8560400391e+02 5.8566900635e+02 5.8572100830e+02 5.8578399658e+02 5.8585302734e+02 5.8590802002e+02 5.8596197510e+02 5.8603002930e+02 5.8609802246e+02 5.8616699219e+02 5.8623901367e+02
5.8445697021e+02 5.8450299072e+02 5.8454797363e+02 5.8457098389e+02 5.8460797119e+02 5.8463098145e+02 5.8464697266e+02 5.8468597412e+02 5.8471002197e+02 5.8472601318e+02 5.8474902344e+02 5.8476300049e+02 5.8476800537e+02 5.8480999756e+02 5.8484399414e+02 5.8485101318e+02 5.8486700439e+02 5.8490502930e+02 5.8493701172e+02 5.8495098877e+02 5.8497998047e+02 5.8500299072e+02 5.8501501465e+02 5.8502801514e+02 5.8504901123e+02 5.8508599854e+02 5.8511401367e+02 5.8515600586e+02 5.8519299316e+02 5.8522698975e+02 5.8528100586e+02 5.8532800293e+02 5.8536602783e+02 5.8541400146e+02 5.8546502686e+02 5.8553802490e+02 5.8559698486e+02 5.8565002441e+02 5.8571801758e+02 5.8578002930e+02 5.8584002686e+02 5.8589898682e+02 5.8595697021e+02 5.8601898193e+02 5.8609100342e+02 5.8616400146e+02
5.8438201904e+02 5.8442602539e+02 5.8447497559e+02 5.8450299072e+02 5.8453802490e+02 5.8456896973e+02 5.8459899902e+02 5.8463000488e+02 5.8465100098e+02 5.8467901611e+02 5.8471197510e+02 5.8471600342e+02 5.8472198486e+02 5.8475500488e+02 5.8478601074e+02 5.8478802490e+02 5.8480700684e+02 5.8484899902e+02 5.8489001465e+02 5.8490899658e+02 5.8492901611e+02 5.8494299316e+02 5.8496099854e+02 5.8497601318e+02 5.8500201416e+02 5.8503900146e+02 5.8505603027e+02 5.8509997559e+02 5.8513897705e+02 5.8516497803e+02 5.8521801758e+02 5.8526098633e+02 5.8530102539e+02 5.8535998535e+02 5.8541900635e+02 5.8547399902e+02 5.8552099609e+02 5.8557702637e+02 5.8564501953e+02 5.8569299316e+02 5.8576098633e+02 5.8583001709e+02 5.8588500977e+02 5.8594201660e+02 5.8601702881e+02 5.8609399414e+02
5.8431500244e+02 5.8435797119e+02 5.8441101074e+02 5.8445001221e+02 5.8447399902e+02 5.8449700928e+02 5.8452600098e+02 5.8455902100e+02 5.8459197998e+02 5.8462597656e+02 5.8463702393e+02 5.8466400146e+02 5.8468200684e+02 5.8471197510e+02 5.8473699951e+02 5.8474200439e+02 5.8476000977e+02 5.8479602051e+02 5.8483599854e+02 5.8484600830e+02 5.8486401367e+02 5.8488397217e+02 5.8491802979e+02 5.8493200684e+02 5.8496502686e+02 5.8499499512e+02 5.8499200439e+02 5.8501898193e+02 5.8505700684e+02 5.8509100342e+02 5.8514801025e+02 5.8518701172e+02 5.8523400879e+02 5.8530603027e+02 5.8536401367e+02 5.8540600586e+02 5.8545300293e+02 5.8551702881e+02 5.8558398438e+02 5.8561199951e+02 5.8566101074e+02 5.8573498535e+02 5.8580700684e+02 5.8586602783e+02 5.8593798828e+02 5.8601501465e+02
5.8425799561e+02 5.8429901123e+02 5.8433898926e+02 5.8438598633e+02 5.8441601563e+02 5.8442901611e+02 5.8445202637e+02 5.8448797607e+02 5.8451000977e+02 5.8453900146e+02 5.8455603027e+02 5.8458801270e+02 5.8461102295e+02 5.8465100098e+02 5.8467602539e+02 5.8468402100e+02 5.8470599365e+02 5.8473999023e+02 5.8477099609e+02 5.8478997803e+02 5.8480401611e+02 5.8482000732e+02 5.8484698486e+02 5.8485998535e+02 5.8489099121e+02 5.8491998291e+02 5.8493103027e+02 5.8497100830e+02 5.8501098633e+02 5.8504699707e+02 5.8508697510e+02 5.8512701416e+02 5.8517602539e+02 5.8523199463e+02 5.8529101563e+02 5.8534600830e+02 5.8539099121e+02 5.8544500732e+02 5.8549798584e+02 5.8554699707e+02 5.8559600830e+02 5.8566198730e+02 5.8572998047e+02 5.8579400635e+02 5.8587298584e+02 5.8594500732e+02
5.8418103027e+02 5.8423297119e+02 5.8427001953e+02 5.8431500244e+02 5.8435400391e+02 5.8436297607e+02 5.8438299561e+02 5.8442602539e+02 5.8443499756e+02 5.8445501709e+02 5.8449298096e+02 5.8451599121e+02 5.8452398682e+02 5.8456500244e+02 5.8460101318e+02 5.8462298584e+02 5.8465100098e+02 5.8468499756e+02 5.8470300293e+02 5.8472601318e+02 5.8474298096e+02 5.8476000977e+02 5.8478198242e+02 5.8479602051e+02 5.8481298828e+02 5.8484100342e+02 5.8487298584e+02 5.8491699219e+02 5.8495800781e+02 5.8499200439e+02 5.8503002930e+02 5.8507501221e+02 5.8512402344e+02 5.8516699219e+02 5.8521997070e+02 5.8526501465e+02 5.8531799316e+02 5.8537500000e+02 5.8541601563e+02 5.8547802734e+02 5.8553497314e+02 5.8559997559e+02 5.8566998291e+02 5.8572900391e+02 5.8580499268e+02 5.8587902832e+02
5.8410400391e+02 5.8416198730e+02 5.8419799805e+02 5.8423297119e+02 5.8427502441e+02 5.8428302002e+02 5.8429602051e+02 5.8435198975e+02 5.8437902832e+02 5.8439599609e+02 5.8443499756e+02 5.8445697021e+02 5.8446197510e+02 5.8449700928e+02 5.8453198242e+02 5.8455902100e+02 5.8458300781e+02 5.8461798096e+02 5.8463897705e+02 5.8465301514e+02 5.8467297363e+02 5.8469500732e+02 5.8471801758e+02 5.8473602295e+02 5.8474902344e+02 5.8478497314e+02 5.8482202148e+02 5.8484802246e+02 5.8488500977e+02 5.8492602539e+02 5.8497900391e+02 5.8501397705e+02 5.8506402588e+02 5.8511401367e+02 5.8515600586e+02 5.8519799805e+02 5.8525598145e+02 5.8530603027e+02 5.8534899902e+02 5.8540899658e+02 5.8546997070e+02 5.8554400635e+02 5.8561602783e+02 5.8566802979e+02 5.8573498535e+02 5.8580999756e+02
5.8403198242e+02 5.8408801270e+02 5.8411798096e+02 5.8415002441e+02 5.8419201660e+02 5.8420397949e+02 5.8422698975e+02 5.8427600098e+02 5.8431701660e+02 5.8433502197e+02 5.8435400391e+02 5.8439300537e+02 5.8441101074e+02 5.8444598389e+02 5.8448199463e+02 5.8450097656e+02 5.8450598145e+02 5.8453100586e+02 5.8457299805e+02 5.8458599854e+02 5.8460498047e+02 5.8463098145e+02 5.8465997314e+02 5.8466998291e+02 5.8469598389e+02 5.8475000000e+02 5.8479400635e+02 5.8479998779e+02 5.8483398438e+02 5.8487402344e+02 5.8491302490e+02 5.8494897461e+02 5.8499597168e+02 5.8504998779e+02 5.8509002686e+02 5.8513598633e+02 5.8519299316e+02 5.8523797607e+02 5.8528698730e+02 5.8534301758e+02 5.8540301514e+02 5.8547802734e+02 5.8553100586e+02 5.8559301758e+02 5.8566497803e+02 5.8573901367e+02
5.8394201660e+02 5.8399798584e+02 5.8401599121e+02 5.8405297852e+02 5.8410101318e+02 5.8412097168e+02 5.8414001465e+02 5.8419000244e+02 5.8423602295e+02 5.8426098633e+02 5.8428198242e+02 5.8432098389e+02 5.8434002686e+02 5.8438000488e+02 5.8442199707e+02 5.8444000244e+02 5.8444000244e+02 5.8445800781e+02 5.8450299072e+02 5.8451898193e+02 5.8454400635e+02 5.8456799316e+02 5.8459399414e+02 5.8461798096e+02 5.8464501953e+02 5.8469000244e+02 5.8473199463e+02 5.8474700928e+02 5.8479400635e+02 5.8482702637e+02 5.8486901855e+02 5.8488598633e+02 5.8492700195e+02 5.8497399902e+02 5.8502001953e+02 5.8506500244e+02 5.8511499023e+02 5.8517401123e+02 5.8522998047e+02 5.8528497314e+02 5.8533697510e+02 5.8540197754e+02 5.8545898438e+02 5.8552697754e+02 5.8559399414e+02 5.8566400146e+02
5.8385797119e+02 5.8391198730e+02 5.8393902588e+02 5.8396801758e+02 5.8401800537e+02 5.8404998779e+02 5.8407098389e+02 5.8411102295e+02 5.8414398193e+02 5.8417102051e+02 5.8420800781e+02 5.8425201416e+02 5.8426800537e+02 5.8429699707e+02 5.8433697510e+02 5.8435601807e+02 5.8436700439e+02 5.8439599609e+02 5.8443798828e+02 5.8445697021e+02 5.8449200439e+02 5.8451300049e+02 5.8452801514e+02 5.8456500244e+02 5.8459399414e+02 5.8462902832e+02 5.8465899658e+02 5.8468701172e+02 5.8473999023e+02 5.8477697754e+02 5.8482702637e+02 5.8483197021e+02 5.8486297607e+02 5.8490301514e+02 5.8494201660e+02 5.8498797607e+02 5.8504199219e+02 5.8510998535e+02 5.8517199707e+02 5.8522497559e+02 5.8527301025e+02 5.8533099365e+02 5.8538299561e+02 5.8544201660e+02 5.8550701904e+02 5.8558099365e+02
5.8377502441e+02 5.8382897949e+02 5.8387200928e+02 5.8388598633e+02 5.8392401123e+02 5.8396502686e+02 5.8400402832e+02 5.8405401611e+02 5.8407501221e+02 5.8409301758e+02 5.8413299561e+02 5.8417199707e+02 5.8418798828e+02 5.8421002197e+02 5.8425701904e+02 5.8427600098e+02 5.8429998779e+02 5.8434100342e+02 5.8437402344e+02 5.8438702393e+02 5.8442401123e+02 5.8444396973e+02 5.8445697021e+02 5.8450299072e+02 5.8453601074e+02 5.8456500244e+02 5.8459301758e+02 5.8464001465e+02 5.8468499756e+02 5.8471502686e+02 5.8475097656e+02 5.8476300049e+02 5.8479901123e+02 5.8484899902e+02 5.8488201904e+02 5.8493402100e+02 5.8499200439e+02 5.8504797363e+02 5.8509899902e+02 5.8515502930e+02 5.8521002197e+02 5.8527001953e+02 5.8531500244e+02 5.8536401367e+02 5.8542797852e+02 5.8550500488e+02
5.8369799805e+02 5.8374902344e+02 5.8378302002e+02 5.8379998779e+02 5.8383398438e+02 5.8387597656e+02 5.8392901611e+02 5.8399102783e+02 5.8401000977e+02 5.8401501465e+02 5.8405499268e+02 5.8408300781e+02 5.8410498047e+02 5.8412597656e+02 5.8416998291e+02 5.8420697021e+02 5.8422497559e+02 5.8426300049e+02 5.8430700684e+02 5.8431402588e+02 5.8433898926e+02 5.8436602783e+02 5.8438201904e+02 5.8443597412e+02 5.8447698975e+02 5.8450299072e+02 5.8453002930e+02 5.8457897949e+02 5.8461102295e+02 5.8463897705e+02 5.8466998291e+02 5.8469000244e+02 5.8472399902e+02 5.8477801514e+02 5.8482702637e+02 5.8486798096e+02 5.8492700195e+02 5.8497900391e+02 5.8503399658e+02 5.8507702637e+02 5.8513201904e+02 5.8519598389e+02 5.8524902344e+02 5.8529699707e+02 5.8535601807e+02 5.8542999268e+02
5.8360900879e+02 5.8365600586e+02 5.8368798828e+02 5.8371502686e+02 5.8376098633e+02 5.8379998779e+02 5.8384002686e+02 5.8389398193e+02 5.8391900635e+02 5.8393701172e+02 5.8397198486e+02 5.8399798584e+02 5.8402398682e+02 5.8405902100e+02 5.8409899902e+02 5.8414099121e+02 5.8415997314e+02 5.8419396973e+02 5.8423297119e+02 5.8424597168e+02 5.8427801514e+02 5.8431097412e+02 5.8432897949e+02 5.8436901855e+02 5.8440802002e+02 5.8443902588e+02 5.8447302246e+02 5.8451599121e+02 5.8453802490e+02 5.8456701660e+02 5.8459899902e+02 5.8462200928e+02 5.8464898682e+02 5.8469201660e+02 5.8475000000e+02 5.8479998779e+02 5.8485400391e+02 5.8490197754e+02 5.8496502686e+02 5.8501702881e+02 5.8506402588e+02 5.8511798096e+02 5.8517498779e+02 5.8522900391e+02 5.8529101563e+02 5.8535699463e+02
5.8353302002e+02 5.8357501221e+02 5.8360302734e+02 5.8363500977e+02 5.8368499756e+02 5.8372802734e+02 5.8376898193e+02 5.8381097412e+02 5.8384100342e+02 5.8386102295e+02 5.8387799072e+02 5.8391302490e+02 5.8393597412e+02 5.8398602295e+02 5.8403198242e+02 5.8405700684e+02 5.8407800293e+02 5.8412200928e+02 5.8415502930e+02 5.8416699219e+02 5.8420397949e+02 5.8423297119e+02 5.8424798584e+02 5.8428399658e+02 5.8431896973e+02 5.8435797119e+02 5.8440002441e+02 5.8443701172e+02 5.8446600342e+02 5.8450000000e+02 5.8452801514e+02 5.8455603027e+02 5.8458801270e+02 5.8463000488e+02 5.8468499756e+02 5.8473999023e+02 5.8479302979e+02 5.8484197998e+02 5.8489501953e+02 5.8494500732e+02 5.8499700928e+02 5.8505603027e+02 5.8511401367e+02 5.8516802979e+02 5.8523699951e+02 5.8530200195e+02
5.8345098877e+02 5.8349298096e+02 5.8352697754e+02 5.8355999756e+02 5.8360699463e+02 5.8364801025e+02 5.8368499756e+02 5.8372399902e+02 5.8375598145e+02 5.8378100586e+02 5.8380401611e+02 5.8385101318e+02 5.8386602783e+02 5.8390002441e+02 5.8394201660e+02 5.8395300293e+02 5.8398400879e+02 5.8405102539e+02 5.8408697510e+02 5.8409197998e+02 5.8412097168e+02 5.8414099121e+02 5.8416198730e+02 5.8420599365e+02 5.8424200439e+02 5.8427899170e+02 5.8430999756e+02 5.8434100342e+02 5.8438201904e+02 5.8442102051e+02 5.8445501709e+02 5.8450799561e+02 5.8453900146e+02 5.8457202148e+02 5.8461999512e+02 5.8467199707e+02 5.8472302246e+02 5.8477801514e+02 5.8482598877e+02 5.8486999512e+02 5.8492901611e+02 5.8499200439e+02 5.8504901123e+02 5.8509899902e+02 5.8517199707e+02 5.8524200439e+02
5.8336901855e+02 5.8340997314e+02 5.8345300293e+02 5.8348400879e+02 5.8352697754e+02 5.8356402588e+02 5.8359600830e+02 5.8364599609e+02 5.8367999268e+02 5.8371099854e+02 5.8374401855e+02 5.8377197266e+02 5.8380200195e+02 5.8383300781e+02 5.8386602783e+02 5.8388201904e+02 5.8391900635e+02 5.8398101807e+02 5.8400897217e+02 5.8403002930e+02 5.8404797363e+02 5.8406500244e+02 5.8410797119e+02 5.8414801025e+02 5.8417700195e+02 5.8421002197e+02 5.8423400879e+02 5.8426202393e+02 5.8431097412e+02 5.8435198975e+02 5.8438299561e+02 5.8443499756e+02 5.8446502686e+02 5.8450799561e+02 5.8455200195e+02 5.8459100342e+02 5.8464099121e+02 5.8470397949e+02 5.8476202393e+02 5.8480798340e+02 5.8486297607e+02 5.8491998291e+02 5.8497497559e+02 5.8502801514e+02 5.8509197998e+02 5.8516802979e+02
5.8330401611e+02 5.8333398438e+02 5.8335601807e+02 5.8338500977e+02 5.8343798828e+02 5.8349102783e+02 5.8352502441e+02 5.8357397461e+02 5.8360198975e+02 5.8363299561e+02 5.8366101074e+02 5.8367797852e+02 5.8372302246e+02 5.8377001953e+02 5.8380499268e+02 5.8383502197e+02 5.8386499023e+02 5.8390600586e+02 5.8393200684e+02 5.8395397949e+02 5.8397998047e+02 5.8400299072e+02 5.8404498291e+02 5.8408502197e+02 5.8411102295e+02 5.8416101074e+02 5.8420001221e+02 5.8421301270e+02 5.8425000000e+02 5.8429602051e+02 5.8432598877e+02 5.8435498047e+02 5.8438702393e+02 5.8444500732e+02 5.8448602295e+02 5.8453100586e+02 5.8458001709e+02 5.8463201904e+02 5.8470001221e+02 5.8475701904e+02 5.8479998779e+02 5.8485699463e+02 5.8492999268e+02 5.8498498535e+02 5.8503601074e+02 5.8510699463e+02
5.8322399902e+02 5.8324700928e+02 5.8326202393e+02 5.8329302979e+02 5.8334698486e+02 5.8340301514e+02 5.8344799805e+02 5.8350299072e+02 5.8353601074e+02 5.8356896973e+02 5.8359997559e+02 5.8360900879e+02 5.8364398193e+02 5.8369299316e+02 5.8373400879e+02 5.8377697754e+02 5.8380401611e+02 5.8383898926e+02 5.8386602783e+02 5.8387902832e+02 5.8390802002e+02 5.8393798828e+02 5.8397698975e+02 5.8401702881e+02 5.8404400635e+02 5.8409802246e+02 5.8414099121e+02 5.8414898682e+02 5.8417401123e+02 5.8421600342e+02 5.8425701904e+02 5.8428399658e+02 5.8432299805e+02 5.8437799072e+02 5.8441900635e+02 5.8447802734e+02 5.8452398682e+02 5.8457000732e+02 5.8463897705e+02 5.8469702148e+02 5.8473400879e+02 5.8479302979e+02 5.8486901855e+02 5.8491400146e+02 5.8496997070e+02 5.8503698730e+02
5.8314202881e+02 5.8315802002e+02 5.8317297363e+02 5.8321398926e+02 5.8326501465e+02 5.8330999756e+02 5.8336102295e+02 5.8342797852e+02 5.8346600342e+02 5.8350097656e+02 5.8354199219e+02 5.8357202148e+02 5.8359600830e+02 5.8363201904e+02 5.8367700195e+02 5.8371398926e+02 5.8373699951e+02 5.8377398682e+02 5.8379699707e+02 5.8380798340e+02 5.8384197998e+02 5.8388098145e+02 5.8391101074e+02 5.8394500732e+02 5.8396600342e+02 5.8401098633e+02 5.8405401611e+02 5.8407702637e+02 5.8410900879e+02 5.8414599609e+02 5.8418499756e+02 5.8421997070e+02 5.8426599121e+02 5.8431201172e+02 5.8434301758e+02 5.8440899658e+02 5.8445300293e+02 5.8449597168e+02 5.8455603027e+02 5.8460699463e+02 5.8465899658e+02 5.8472998047e+02 5.8480200195e+02 5.8486199951e+02 5.8492401123e+02 5.8497900391e+02
