TESTSERVER/18/17.asc
NCOLS 100
NROWS 100
XLLCORNER 8.3997500000e+03
YLLCORNER 2.8910025000e+05
CELLSIZE 5.0000000000e-01
NODATA_VALUE -9.9990000000e+03
[rows 80 to 99 of 100, columns 0 to 45 of 100]
5.5297900391e+02 5.5300500488e+02 5.5306097412e+02 5.5314001465e+02 5.5319702148e+02 5.5325000000e+02 5.5326501465e+02 5.5326501465e+02 5.5336901855e+02 5.5354602051e+02 5.5384802246e+02 5.5403198242e+02 5.5417401123e+02 5.5425201416e+02 5.5430603027e+02 5.5440600586e+02 5.5450402832e+02 5.5457000732e+02 5.5457299805e+02 5.5461999512e+02 5.5476702881e+02 5.5496099854e+02 5.5511999512e+02 5.5534802246e+02 5.5557098389e+02 5.5578900146e+02 5.5598797607e+02 5.5619598389e+02 5.5641497803e+02 5.5664501953e+02 5.5689001465e+02 5.5711700439e+02 5.5731799316e+02 5.5750701904e+02 5.5769702148e+02 5.5799798584e+02 5.5832800293e+02 5.5865899658e+02 5.5893103027e+02 5.5916900635e+02 5.5934997559e+02 5.5950598145e+02 5.5966998291e+02 5.5986199951e+02 5.6005200195e+02 5.6023199463e+02
5.5297302246e+02 5.5295397949e+02 5.5298400879e+02 5.5304302979e+02 5.5308599854e+02 5.5313299561e+02 5.5318298340e+02 5.5324499512e+02 5.5338201904e+02 5.5356500244e+02 5.5376098633e+02 5.5389898682e+02 5.5402099609e+02 5.5408801270e+02 5.5415002441e+02 5.5423297119e+02 5.5432897949e+02 5.5438397217e+02 5.5440502930e+02 5.5446600342e+02 5.5459002686e+02 5.5479797363e+02 5.5501098633e+02 5.5521600342e+02 5.5541198730e+02 5.5561199951e+02 5.5581701660e+02 5.5603802490e+02 5.5626702881e+02 5.5651000977e+02 5.5677001953e+02 5.5700201416e+02 5.5719396973e+02 5.5736999512e+02 5.5754998779e+02 5.5781701660e+02 5.5814300537e+02 5.5848101807e+02 5.5878198242e+02 5.5904101563e+02 5.5923699951e+02 5.5938702393e+02 5.5952301025e+02 5.5972399902e+02 5.5994000244e+02 5.6012500000e+02
5.5301000977e+02 5.5298199463e+02 5.5295501709e+02 5.5299200439e+02 5.5302697754e+02 5.5306701660e+02 5.5312402344e+02 5.5322497559e+02 5.5336901855e+02 5.5351599121e+02 5.5361401367e+02 5.5370001221e+02 5.5383502197e+02 5.5390802002e+02 5.5395800781e+02 5.5405102539e+02 5.5415399170e+02 5.5423797607e+02 5.5433001709e+02 5.5440997314e+02 5.5447497559e+02 5.5461401367e+02 5.5483001709e+02 5.5506799316e+02 5.5525799561e+02 5.5546099854e+02 5.5566699219e+02 5.5588800049e+02 5.5612097168e+02 5.5636700439e+02 5.5662597656e+02 5.5685198975e+02 5.5704199219e+02 5.5722601318e+02 5.5741302490e+02 5.5766900635e+02 5.5798400879e+02 5.5830999756e+02 5.5860900879e+02 5.5887597656e+02 5.5908300781e+02 5.5924902344e+02 5.5939099121e+02 5.5959301758e+02 5.5981402588e+02 5.6000897217e+02
5.5298101807e+02 5.5300598145e+02 5.5294702148e+02 5.5296099854e+02 5.5298901367e+02 5.5302398682e+02 5.5307501221e+02 5.5317401123e+02 5.5330200195e+02 5.5341497803e+02 5.5345800781e+02 5.5346301270e+02 5.5355401611e+02 5.5366400146e+02 5.5377001953e+02 5.5387799072e+02 5.5397998047e+02 5.5410498047e+02 5.5429400635e+02 5.5440698242e+02 5.5443499756e+02 5.5448797607e+02 5.5461401367e+02 5.5484899902e+02 5.5506201172e+02 5.5530102539e+02 5.5552502441e+02 5.5573498535e+02 5.5596697998e+02 5.5620800781e+02 5.5645501709e+02 5.5666900635e+02 5.5686199951e+02 5.5705902100e+02 5.5727502441e+02 5.5753497314e+02 5.5783001709e+02 5.5812902832e+02 5.5840698242e+02 5.5866400146e+02 5.5888500977e+02 5.5908001709e+02 5.5926397705e+02 5.5947198486e+02 5.5968200684e+02 5.5988201904e+02
5.5284698486e+02 5.5295397949e+02 5.5287799072e+02 5.5292199707e+02 5.5295300293e+02 5.5299401855e+02 5.5301397705e+02 5.5308898926e+02 5.5320599365e+02 5.5331298828e+02 5.5340002441e+02 5.5339801025e+02 5.5336999512e+02 5.5345202637e+02 5.5363500977e+02 5.5378497314e+02 5.5385900879e+02 5.5398297119e+02 5.5422100830e+02 5.5435699463e+02 5.5441497803e+02 5.5445397949e+02 5.5452301025e+02 5.5463500977e+02 5.5484002686e+02 5.5511700439e+02 5.5537799072e+02 5.5557397461e+02 5.5579998779e+02 5.5603002930e+02 5.5625299072e+02 5.5646197510e+02 5.5666400146e+02 5.5687597656e+02 5.5709399414e+02 5.5737597656e+02 5.5765002441e+02 5.5791998291e+02 5.5817797852e+02 5.5841601563e+02 5.5864300537e+02 5.5887298584e+02 5.5911999512e+02 5.5934802246e+02 5.5954498291e+02 5.5973498535e+02
5.5263598633e+02 5.5300897217e+02 5.5290002441e+02 5.5286297607e+02 5.5286901855e+02 5.5290100098e+02 5.5292602539e+02 5.5299597168e+02 5.5311798096e+02 5.5323901367e+02 5.5332299805e+02 5.5346099854e+02 5.5345202637e+02 5.5343597412e+02 5.5346002197e+02 5.5368597412e+02 5.5385302734e+02 5.5391802979e+02 5.5402899170e+02 5.5420202637e+02 5.5432098389e+02 5.5438397217e+02 5.5445898438e+02 5.5452502441e+02 5.5463201904e+02 5.5483697510e+02 5.5511401367e+02 5.5534997559e+02 5.5558898926e+02 5.5582897949e+02 5.5606097412e+02 5.5627301025e+02 5.5649298096e+02 5.5671801758e+02 5.5693798828e+02 5.5718200684e+02 5.5743103027e+02 5.5767797852e+02 5.5793200684e+02 5.5819097900e+02 5.5844396973e+02 5.5868701172e+02 5.5892602539e+02 5.5914501953e+02 5.5935400391e+02 5.5956896973e+02
5.5216699219e+02 5.5282202148e+02 5.5292602539e+02 5.5282299805e+02 5.5281597900e+02 5.5284197998e+02 5.5287902832e+02 5.5294000244e+02 5.5302001953e+02 5.5309997559e+02 5.5322399902e+02 5.5337298584e+02 5.5331597900e+02 5.5335400391e+02 5.5341699219e+02 5.5347198486e+02 5.5369799805e+02 5.5385198975e+02 5.5390698242e+02 5.5401202393e+02 5.5416198730e+02 5.5428497314e+02 5.5439599609e+02 5.5447302246e+02 5.5452301025e+02 5.5463201904e+02 5.5487097168e+02 5.5513702393e+02 5.5538201904e+02 5.5563201904e+02 5.5587597656e+02 5.5610302734e+02 5.5633697510e+02 5.5657501221e+02 5.5680499268e+02 5.5702600098e+02 5.5723999023e+02 5.5745202637e+02 5.5769500732e+02 5.5799597168e+02 5.5827801514e+02 5.5853601074e+02 5.5876000977e+02 5.5895800781e+02 5.5916699219e+02 5.5940698242e+02
5.5151300049e+02 5.5221301270e+02 5.5282501221e+02 5.5283697510e+02 5.5280902100e+02 5.5283001709e+02 5.5287298584e+02 5.5291302490e+02 5.5295001221e+02 5.5296099854e+02 5.5311700439e+02 5.5280700684e+02 5.5238098145e+02 5.5265600586e+02 5.5333099365e+02 5.5335699463e+02 5.5346899414e+02 5.5367297363e+02 5.5385998535e+02 5.5388500977e+02 5.5397998047e+02 5.5413000488e+02 5.5430499268e+02 5.5442297363e+02 5.5448901367e+02 5.5455798340e+02 5.5471002197e+02 5.5495800781e+02 5.5520098877e+02 5.5545397949e+02 5.5570697021e+02 5.5594799805e+02 5.5619500732e+02 5.5644500732e+02 5.5669799805e+02 5.5690802002e+02 5.5708300781e+02 5.5725201416e+02 5.5747698975e+02 5.5781402588e+02 5.5811798096e+02 5.5838702393e+02 5.5860998535e+02 5.5880902100e+02 5.5901800537e+02 5.5926397705e+02
5.5094897461e+02 5.5134399414e+02 5.5210400391e+02 5.5285400391e+02 5.5289599609e+02 5.5282598877e+02 5.5277197266e+02 5.5288500977e+02 5.5297302246e+02 5.5305401611e+02 5.5321301270e+02 5.5184997559e+02 5.5096002197e+02 5.5150701904e+02 5.5290002441e+02 5.5326599121e+02 5.5334600830e+02 5.5339300537e+02 5.5367901611e+02 5.5387298584e+02 5.5390100098e+02 5.5397998047e+02 5.5418103027e+02 5.5433300781e+02 5.5444799805e+02 5.5453997803e+02 5.5464501953e+02 5.5483898926e+02 5.5506597900e+02 5.5531201172e+02 5.5558801270e+02 5.5582397461e+02 5.5607897949e+02 5.5633099365e+02 5.5659600830e+02 5.5681597900e+02 5.5696301270e+02 5.5709600830e+02 5.5726702881e+02 5.5759002686e+02 5.5790399170e+02 5.5819598389e+02 5.5843798828e+02 5.5865600586e+02 5.5887298584e+02 5.5911798096e+02
5.5071197510e+02 5.5078802490e+02 5.5129101563e+02 5.5219097900e+02 5.5275598145e+02 5.5294000244e+02 5.5282202148e+02 5.5290399170e+02 5.5312701416e+02 5.5312402344e+02 5.5250402832e+02 5.5084497070e+02 5.5000500488e+02 5.5059197998e+02 5.5219500732e+02 5.5332299805e+02 5.5354101563e+02 5.5336901855e+02 5.5342498779e+02 5.5370599365e+02 5.5386602783e+02 5.5394702148e+02 5.5403002930e+02 5.5416400146e+02 5.5431402588e+02 5.5446301270e+02 5.5457397461e+02 5.5473498535e+02 5.5494000244e+02 5.5516699219e+02 5.5542602539e+02 5.5569000244e+02 5.5594500732e+02 5.5619201660e+02 5.5645599365e+02 5.5669201660e+02 5.5685498047e+02 5.5699401855e+02 5.5710900879e+02 5.5734002686e+02 5.5764202881e+02 5.5794702148e+02 5.5822601318e+02 5.5843103027e+02 5.5864697266e+02 5.5890997314e+02
5.5059802246e+02 5.5051202393e+02 5.5062298584e+02 5.5132098389e+02 5.5211297607e+02 5.5267901611e+02 5.5285998535e+02 5.5294598389e+02 5.5283697510e+02 5.5224102783e+02 5.5108898926e+02 5.5000897217e+02 5.4959399414e+02 5.5010900879e+02 5.5123602295e+02 5.5254302979e+02 5.5327001953e+02 5.5339300537e+02 5.5332000732e+02 5.5342700195e+02 5.5363397217e+02 5.5387097168e+02 5.5396997070e+02 5.5403198242e+02 5.5416198730e+02 5.5432702637e+02 5.5447698975e+02 5.5462597656e+02 5.5481097412e+02 5.5501599121e+02 5.5526000977e+02 5.5552301025e+02 5.5577398682e+02 5.5602001953e+02 5.5629498291e+02 5.5655297852e+02 5.5672698975e+02 5.5687200928e+02 5.5696801758e+02 5.5714501953e+02 5.5741998291e+02 5.5771197510e+02 5.5798297119e+02 5.5818701172e+02 5.5842297363e+02 5.5871398926e+02
5.5055902100e+02 5.5038397217e+02 5.5028302002e+02 5.5053497314e+02 5.5116699219e+02 5.5190899658e+02 5.5253601074e+02 5.5258398438e+02 5.5192797852e+02 5.5082501221e+02 5.4983801270e+02 5.4970501709e+02 5.4975201416e+02 5.5001098633e+02 5.5029901123e+02 5.5115399170e+02 5.5237799072e+02 5.5321997070e+02 5.5336901855e+02 5.5333398438e+02 5.5342297363e+02 5.5369201660e+02 5.5396197510e+02 5.5398400879e+02 5.5405401611e+02 5.5419000244e+02 5.5436499023e+02 5.5452099609e+02 5.5468499756e+02 5.5486798096e+02 5.5509197998e+02 5.5534698486e+02 5.5559002686e+02 5.5583197021e+02 5.5611297607e+02 5.5639099121e+02 5.5658099365e+02 5.5673901367e+02 5.5684100342e+02 5.5697698975e+02 5.5721301270e+02 5.5748400879e+02 5.5775299072e+02 5.5797998047e+02 5.5824298096e+02 5.5855200195e+02
5.5056201172e+02 5.5031500244e+02 5.5018200684e+02 5.5008898926e+02 5.5028399658e+02 5.5086798096e+02 5.5167199707e+02 5.5181097412e+02 5.5089697266e+02 5.4987200928e+02 5.4968902588e+02 5.4993701172e+02 5.5011401367e+02 5.5013000488e+02 5.5009899902e+02 5.5048699951e+02 5.5188702393e+02 5.5320800781e+02 5.5346398926e+02 5.5334600830e+02 5.5331402588e+02 5.5344396973e+02 5.5369598389e+02 5.5399798584e+02 5.5407299805e+02 5.5415197754e+02 5.5428198242e+02 5.5441699219e+02 5.5456500244e+02 5.5473199463e+02 5.5492297363e+02 5.5514898682e+02 5.5538500977e+02 5.5563201904e+02 5.5592297363e+02 5.5620800781e+02 5.5642199707e+02 5.5659802246e+02 5.5675097656e+02 5.5685498047e+02 5.5703997803e+02 5.5728302002e+02 5.5757897949e+02 5.5784899902e+02 5.5811999512e+02 5.5841101074e+02
5.5069201660e+02 5.5052398682e+02 5.5017797852e+02 5.5000701904e+02 5.4991699219e+02 5.5014099121e+02 5.5068103027e+02 5.5077301025e+02 5.5021697998e+02 5.4981201172e+02 5.4993200684e+02 5.5006799316e+02 5.5009997559e+02 5.5013000488e+02 5.5010400391e+02 5.5044097900e+02 5.5178302002e+02 5.5320397949e+02 5.5360699463e+02 5.5341900635e+02 5.5332800293e+02 5.5333099365e+02 5.5349700928e+02 5.5376702881e+02 5.5399700928e+02 5.5416998291e+02 5.5424298096e+02 5.5430499268e+02 5.5442700195e+02 5.5458001709e+02 5.5476098633e+02 5.5496600342e+02 5.5519500732e+02 5.5544396973e+02 5.5570599365e+02 5.5597698975e+02 5.5622198486e+02 5.5643701172e+02 5.5661297607e+02 5.5674597168e+02 5.5691400146e+02 5.5713299561e+02 5.5741198730e+02 5.5769201660e+02 5.5795697021e+02 5.5823101807e+02
5.5009399414e+02 5.5024298096e+02 5.5015502930e+02 5.5003802490e+02 5.4985400391e+02 5.4981201172e+02 5.4997601318e+02 5.4999499512e+02 5.4986798096e+02 5.4992498779e+02 5.5010998535e+02 5.5013702393e+02 5.5012799072e+02 5.5013897705e+02 5.5010601807e+02 5.5028698730e+02 5.5141497803e+02 5.5280499268e+02 5.5348699951e+02 5.5350897217e+02 5.5344299316e+02 5.5336102295e+02 5.5338397217e+02 5.5356097412e+02 5.5381402588e+02 5.5407098389e+02 5.5419799805e+02 5.5421899414e+02 5.5430700684e+02 5.5443200684e+02 5.5460797119e+02 5.5481500244e+02 5.5503100586e+02 5.5526501465e+02 5.5549401855e+02 5.5573297119e+02 5.5598498535e+02 5.5622399902e+02 5.5644201660e+02 5.5662402344e+02 5.5680499268e+02 5.5700402832e+02 5.5723498535e+02 5.5748699951e+02 5.5774700928e+02 5.5802899170e+02
5.4933099365e+02 5.4955297852e+02 5.4982501221e+02 5.4992999268e+02 5.4982800293e+02 5.4972998047e+02 5.4974298096e+02 5.4977197266e+02 5.4984399414e+02 5.5003900146e+02 5.5018499756e+02 5.5019000244e+02 5.5015802002e+02 5.5015002441e+02 5.5014001465e+02 5.5015100098e+02 5.5078900146e+02 5.5184698486e+02 5.5281097412e+02 5.5334497070e+02 5.5350500488e+02 5.5344598389e+02 5.5337597656e+02 5.5342297363e+02 5.5360498047e+02 5.5387500000e+02 5.5412298584e+02 5.5416900635e+02 5.5422497559e+02 5.5431799316e+02 5.5447100830e+02 5.5467199707e+02 5.5487298584e+02 5.5508801270e+02 5.5529498291e+02 5.5550500488e+02 5.5574902344e+02 5.5599798584e+02 5.5624700928e+02 5.5648498535e+02 5.5668798828e+02 5.5687500000e+02 5.5706097412e+02 5.5727600098e+02 5.5753002930e+02 5.5782501221e+02
5.4932098389e+02 5.4937799072e+02 5.4947601318e+02 5.4961602783e+02 5.4970001221e+02 5.4972497559e+02 5.4975500488e+02 5.4981201172e+02 5.4991900635e+02 5.5007800293e+02 5.5018499756e+02 5.5018499756e+02 5.5016302490e+02 5.5015600586e+02 5.5014501953e+02 5.5009497070e+02 5.5021099854e+02 5.5072601318e+02 5.5175097656e+02 5.5276599121e+02 5.5330102539e+02 5.5348498535e+02 5.5348797607e+02 5.5339398193e+02 5.5343798828e+02 5.5360101318e+02 5.5383001709e+02 5.5411901855e+02 5.5420697021e+02 5.5427301025e+02 5.5434301758e+02 5.5452301025e+02 5.5470697021e+02 5.5491302490e+02 5.5510797119e+02 5.5530999756e+02 5.5554901123e+02 5.5578997803e+02 5.5600000000e+02 5.5630603027e+02 5.5654302979e+02 5.5672900391e+02 5.5688201904e+02 5.5710601807e+02 5.5735797119e+02 5.5765100098e+02
5.4935302734e+02 5.4940002441e+02 5.4946398926e+02 5.4955102539e+02 5.4963201904e+02 5.4971099854e+02 5.4978002930e+02 5.4984600830e+02 5.4992401123e+02 5.5000500488e+02 5.5009802246e+02 5.5014001465e+02 5.5015899658e+02 5.5016900635e+02 5.5020397949e+02 5.5013000488e+02 5.5008099365e+02 5.5030499268e+02 5.5118499756e+02 5.5224298096e+02 5.5284002686e+02 5.5320397949e+02 5.5338299561e+02 5.5341198730e+02 5.5341601563e+02 5.5346398926e+02 5.5362500000e+02 5.5386798096e+02 5.5407000732e+02 5.5422497559e+02 5.5429998779e+02 5.5441998291e+02 5.5458099365e+02 5.5477301025e+02 5.5496301270e+02 5.5516699219e+02 5.5541900635e+02 5.5564501953e+02 5.5583697510e+02 5.5613299561e+02 5.5638098145e+02 5.5657897949e+02 5.5676702881e+02 5.5702099609e+02 5.5727697754e+02 5.5753601074e+02
5.4937298584e+02 5.4942199707e+02 5.4948999023e+02 5.4956701660e+02 5.4963800049e+02 5.4971697998e+02 5.4981500244e+02 5.4989398193e+02 5.4994299316e+02 5.4999902344e+02 5.5007702637e+02 5.5013397217e+02 5.5017602539e+02 5.5020599365e+02 5.5027502441e+02 5.5027600098e+02 5.5018701172e+02 5.5025897217e+02 5.5089599609e+02 5.5188201904e+02 5.5250201416e+02 5.5294201660e+02 5.5328100586e+02 5.5341998291e+02 5.5343298340e+02 5.5344000244e+02 5.5348498535e+02 5.5365899658e+02 5.5388702393e+02 5.5410998535e+02 5.5425799561e+02 5.5437402344e+02 5.5450799561e+02 5.5465899658e+02 5.5482098389e+02 5.5502801514e+02 5.5528302002e+02 5.5550598145e+02 5.5566998291e+02 5.5591998291e+02 5.5616802979e+02 5.5640002441e+02 5.5665399170e+02 5.5693402100e+02 5.5717999268e+02 5.5741302490e+02
5.4939599609e+02 5.4945697021e+02 5.4952398682e+02 5.4959301758e+02 5.4966699219e+02 5.4973797607e+02 5.4983001709e+02 5.4990301514e+02 5.4997399902e+02 5.5005798340e+02 5.5012200928e+02 5.5016802979e+02 5.5021801758e+02 5.5025799561e+02 5.5030700684e+02 5.5037402344e+02 5.5033502197e+02 5.5037597656e+02 5.5080603027e+02 5.5162701416e+02 5.5222802734e+02 5.5270800781e+02 5.5315197754e+02 5.5340002441e+02 5.5345397949e+02 5.5345098877e+02 5.5341802979e+02 5.5350402832e+02 5.5371197510e+02 5.5396502686e+02 5.5418902588e+02 5.5434399414e+02 5.5446099854e+02 5.5457000732e+02 5.5468200684e+02 5.5485998535e+02 5.5509899902e+02 5.5532098389e+02 5.5548297119e+02 5.5568402100e+02 5.5593200684e+02 5.5620202637e+02 5.5650799561e+02 5.5683099365e+02 5.5709899902e+02 5.5732098389e+02
