TESTSERVER/18/17.asc
NCOLS 100
NROWS 100
XLLCORNER 8.3997500000e+03
YLLCORNER 2.8910025000e+05
CELLSIZE 5.0000000000e-01
NODATA_VALUE -9.9990000000e+03
[rows 40 to 59 of 100, columns 46 to 91 of 100]
5.6635101318e+02 5.6654797363e+02 5.6672900391e+02 5.6691699219e+02 5.6716400146e+02 5.6747302246e+02 5.6763702393e+02 5.6778198242e+02 5.6807897949e+02 5.6840698242e+02 5.6866101074e+02 5.6889599609e+02 5.6915802002e+02 5.6950598145e+02 5.6979602051e+02 5.7005401611e+02 5.7030200195e+02 5.7054699707e+02 5.7083197021e+02 5.7114001465e+02 5.7149200439e+02 5.7184698486e+02 5.7216302490e+02 5.7241497803e+02 5.7264697266e+02 5.7292797852e+02 5.7320300293e+02 5.7347802734e+02 5.7378497314e+02 5.7412799072e+02 5.7449597168e+02 5.7485699463e+02 5.7515899658e+02 5.7543103027e+02 5.7582299805e+02 5.7630297852e+02 5.7691101074e+02 5.7759399414e+02 5.7813500977e+02 5.7865600586e+02 5.7913500977e+02 5.7956402588e+02 5.8012799072e+02 5.8069500732e+02 5.8141802979e+02 5.8176800537e+02
5.6613800049e+02 5.6634002686e+02 5.6657598877e+02 5.6679998779e+02 5.6703997803e+02 5.6731896973e+02 5.6752301025e+02 5.6769396973e+02 5.6792797852e+02 5.6828002930e+02 5.6856097412e+02 5.6879302979e+02 5.6901702881e+02 5.6932299805e+02 5.6961499023e+02 5.6989599609e+02 5.7016998291e+02 5.7044598389e+02 5.7073498535e+02 5.7104400635e+02 5.7137597656e+02 5.7174102783e+02 5.7203997803e+02 5.7227600098e+02 5.7253302002e+02 5.7284698486e+02 5.7309600830e+02 5.7333001709e+02 5.7363098145e+02 5.7398602295e+02 5.7436199951e+02 5.7472198486e+02 5.7500201416e+02 5.7526202393e+02 5.7564099121e+02 5.7610400391e+02 5.7672497559e+02 5.7736602783e+02 5.7792901611e+02 5.7848699951e+02 5.7903198242e+02 5.7958502197e+02 5.8014300537e+02 5.8069702148e+02 5.8128698730e+02 5.8163201904e+02
5.6598498535e+02 5.6618200684e+02 5.6641699219e+02 5.6665600586e+02 5.6689801025e+02 5.6713500977e+02 5.6739001465e+02 5.6762097168e+02 5.6782501221e+02 5.6813500977e+02 5.6842297363e+02 5.6867797852e+02 5.6889898682e+02 5.6915399170e+02 5.6942700195e+02 5.6971600342e+02 5.7001098633e+02 5.7029602051e+02 5.7058898926e+02 5.7089202881e+02 5.7121997070e+02 5.7159301758e+02 5.7188299561e+02 5.7212701416e+02 5.7241802979e+02 5.7276202393e+02 5.7301202393e+02 5.7323199463e+02 5.7353497314e+02 5.7390100098e+02 5.7426397705e+02 5.7459899902e+02 5.7485498047e+02 5.7512200928e+02 5.7550897217e+02 5.7598297119e+02 5.7659899902e+02 5.7721997070e+02 5.7778100586e+02 5.7833898926e+02 5.7893902588e+02 5.7953198242e+02 5.8007598877e+02 5.8061297607e+02 5.8115399170e+02 5.8153698730e+02
5.6583300781e+02 5.6602301025e+02 5.6623901367e+02 5.6648400879e+02 5.6675701904e+02 5.6698602295e+02 5.6725097656e+02 5.6751800537e+02 5.6775701904e+02 5.6800598145e+02 5.6827099609e+02 5.6853900146e+02 5.6878698730e+02 5.6902697754e+02 5.6928002930e+02 5.6955798340e+02 5.6985198975e+02 5.7013598633e+02 5.7042901611e+02 5.7072399902e+02 5.7104602051e+02 5.7142498779e+02 5.7171502686e+02 5.7197497559e+02 5.7231298828e+02 5.7271197510e+02 5.7297802734e+02 5.7319299316e+02 5.7349102783e+02 5.7385601807e+02 5.7418701172e+02 5.7447998047e+02 5.7471600342e+02 5.7501800537e+02 5.7542401123e+02 5.7591497803e+02 5.7652398682e+02 5.7712097168e+02 5.7767797852e+02 5.7823498535e+02 5.7884600830e+02 5.7944000244e+02 5.7996899414e+02 5.8048999023e+02 5.8101800537e+02 5.8145800781e+02
5.6566998291e+02 5.6587097168e+02 5.6608099365e+02 5.6632397461e+02 5.6659399414e+02 5.6684399414e+02 5.6710101318e+02 5.6737298584e+02 5.6766802979e+02 5.6791601563e+02 5.6815002441e+02 5.6840002441e+02 5.6865899658e+02 5.6891900635e+02 5.6915997314e+02 5.6941302490e+02 5.6968298340e+02 5.7000201416e+02 5.7030297852e+02 5.7059100342e+02 5.7089801025e+02 5.7127899170e+02 5.7155700684e+02 5.7183599854e+02 5.7227301025e+02 5.7272302246e+02 5.7300598145e+02 5.7322198486e+02 5.7351599121e+02 5.7382800293e+02 5.7410998535e+02 5.7435198975e+02 5.7457299805e+02 5.7496099854e+02 5.7539801025e+02 5.7590100098e+02 5.7648199463e+02 5.7707299805e+02 5.7763897705e+02 5.7820300293e+02 5.7878900146e+02 5.7928802490e+02 5.7980401611e+02 5.8032098389e+02 5.8089898682e+02 5.8135498047e+02
5.6550897217e+02 5.6573797607e+02 5.6594396973e+02 5.6614599609e+02 5.6639202881e+02 5.6665997314e+02 5.6692498779e+02 5.6722198486e+02 5.6754699707e+02 5.6781402588e+02 5.6805297852e+02 5.6827899170e+02 5.6850799561e+02 5.6876397705e+02 5.6901098633e+02 5.6927697754e+02 5.6959197998e+02 5.6995397949e+02 5.7030499268e+02 5.7060101318e+02 5.7084997559e+02 5.7113098145e+02 5.7137799072e+02 5.7172698975e+02 5.7230102539e+02 5.7279699707e+02 5.7305102539e+02 5.7324200439e+02 5.7350000000e+02 5.7379400635e+02 5.7404901123e+02 5.7428100586e+02 5.7454199219e+02 5.7496002197e+02 5.7539300537e+02 5.7587701416e+02 5.7643103027e+02 5.7700897217e+02 5.7755603027e+02 5.7809997559e+02 5.7862097168e+02 5.7909698486e+02 5.7959899902e+02 5.8010797119e+02 5.8072198486e+02 5.8126501465e+02
5.6533697510e+02 5.6558300781e+02 5.6579901123e+02 5.6599700928e+02 5.6624902344e+02 5.6652099609e+02 5.6679797363e+02 5.6710998535e+02 5.6743402100e+02 5.6770202637e+02 5.6794299316e+02 5.6816400146e+02 5.6838098145e+02 5.6863598633e+02 5.6887902832e+02 5.6915502930e+02 5.6950402832e+02 5.6991802979e+02 5.7031500244e+02 5.7062902832e+02 5.7079602051e+02 5.7094201660e+02 5.7121697998e+02 5.7167700195e+02 5.7237298584e+02 5.7288800049e+02 5.7311199951e+02 5.7326800537e+02 5.7348999023e+02 5.7376702881e+02 5.7400897217e+02 5.7424200439e+02 5.7452600098e+02 5.7493701172e+02 5.7535400391e+02 5.7582000732e+02 5.7635400391e+02 5.7689398193e+02 5.7740600586e+02 5.7791699219e+02 5.7841699219e+02 5.7888702393e+02 5.7937097168e+02 5.7986102295e+02 5.8047100830e+02 5.8105200195e+02
5.6516998291e+02 5.6541601563e+02 5.6564001465e+02 5.6585998535e+02 5.6612097168e+02 5.6639697266e+02 5.6669201660e+02 5.6700799561e+02 5.6730499268e+02 5.6756402588e+02 5.6780999756e+02 5.6804199219e+02 5.6827398682e+02 5.6852502441e+02 5.6875299072e+02 5.6901800537e+02 5.6936401367e+02 5.6979400635e+02 5.7023101807e+02 5.7058398438e+02 5.7073199463e+02 5.7082202148e+02 5.7116400146e+02 5.7172100830e+02 5.7244201660e+02 5.7294000244e+02 5.7315802002e+02 5.7329901123e+02 5.7348797607e+02 5.7374798584e+02 5.7398699951e+02 5.7423101807e+02 5.7452301025e+02 5.7490600586e+02 5.7530297852e+02 5.7574597168e+02 5.7625299072e+02 5.7675402832e+02 5.7722900391e+02 5.7770599365e+02 5.7817999268e+02 5.7863702393e+02 5.7910198975e+02 5.7957299805e+02 5.8014599609e+02 5.8070898438e+02
5.6497998047e+02 5.6522698975e+02 5.6545800781e+02 5.6569000244e+02 5.6594500732e+02 5.6625097656e+02 5.6657501221e+02 5.6687902832e+02 5.6713598633e+02 5.6739300537e+02 5.6764898682e+02 5.6790600586e+02 5.6817999268e+02 5.6842102051e+02 5.6861798096e+02 5.6884301758e+02 5.6913598633e+02 5.6958801270e+02 5.7004901123e+02 5.7042102051e+02 5.7060601807e+02 5.7089202881e+02 5.7134899902e+02 5.7191601563e+02 5.7240802002e+02 5.7284002686e+02 5.7313299561e+02 5.7334100342e+02 5.7354101563e+02 5.7374597168e+02 5.7399298096e+02 5.7425299072e+02 5.7456097412e+02 5.7488500977e+02 5.7523400879e+02 5.7560797119e+02 5.7603100586e+02 5.7657598877e+02 5.7698901367e+02 5.7740197754e+02 5.7779998779e+02 5.7833099365e+02 5.7875897217e+02 5.7918402100e+02 5.7955200195e+02 5.8009698486e+02
5.6485498047e+02 5.6509497070e+02 5.6534002686e+02 5.6558801270e+02 5.6583697510e+02 5.6614099121e+02 5.6643798828e+02 5.6671502686e+02 5.6697100830e+02 5.6724298096e+02 5.6751202393e+02 5.6776898193e+02 5.6805200195e+02 5.6833398438e+02 5.6852099609e+02 5.6870898438e+02 5.6899102783e+02 5.6943103027e+02 5.6983300781e+02 5.7011499023e+02 5.7041497803e+02 5.7097399902e+02 5.7159802246e+02 5.7212701416e+02 5.7245800781e+02 5.7275799561e+02 5.7304498291e+02 5.7329602051e+02 5.7350000000e+02 5.7373699951e+02 5.7400000000e+02 5.7427197266e+02 5.7457098389e+02 5.7490100098e+02 5.7522198486e+02 5.7554797363e+02 5.7594598389e+02 5.7637799072e+02 5.7674298096e+02 5.7710900879e+02 5.7753601074e+02 5.7798999023e+02 5.7837402344e+02 5.7874798584e+02 5.7912701416e+02 5.7944897461e+02
5.6471398926e+02 5.6495397949e+02 5.6520501709e+02 5.6546899414e+02 5.6574102783e+02 5.6603100586e+02 5.6629699707e+02 5.6655603027e+02 5.6681701660e+02 5.6710198975e+02 5.6737500000e+02 5.6763098145e+02 5.6791400146e+02 5.6822399902e+02 5.6842797852e+02 5.6861297607e+02 5.6889099121e+02 5.6930603027e+02 5.6963201904e+02 5.6988500977e+02 5.7033898926e+02 5.7113598633e+02 5.7182202148e+02 5.7226397705e+02 5.7244201660e+02 5.7267401123e+02 5.7292901611e+02 5.7318798828e+02 5.7343597412e+02 5.7369598389e+02 5.7397497559e+02 5.7426202393e+02 5.7456701660e+02 5.7488800049e+02 5.7520397949e+02 5.7552502441e+02 5.7586199951e+02 5.7621899414e+02 5.7656298828e+02 5.7690997314e+02 5.7729498291e+02 5.7769396973e+02 5.7804797363e+02 5.7839398193e+02 5.7872900391e+02 5.7900097656e+02
5.6454998779e+02 5.6479797363e+02 5.6504699707e+02 5.6531896973e+02 5.6563598633e+02 5.6590899658e+02 5.6615100098e+02 5.6640399170e+02 5.6667901611e+02 5.6696600342e+02 5.6723498535e+02 5.6748999023e+02 5.6777697754e+02 5.6810601807e+02 5.6833599854e+02 5.6853100586e+02 5.6880297852e+02 5.6917498779e+02 5.6945397949e+02 5.6975000000e+02 5.7043597412e+02 5.7137500000e+02 5.7202502441e+02 5.7233300781e+02 5.7236102295e+02 5.7254199219e+02 5.7277801514e+02 5.7305200195e+02 5.7334600830e+02 5.7363201904e+02 5.7392700195e+02 5.7422900391e+02 5.7454302979e+02 5.7485601807e+02 5.7516900635e+02 5.7548498535e+02 5.7578198242e+02 5.7608099365e+02 5.7640600586e+02 5.7673199463e+02 5.7707702637e+02 5.7742297363e+02 5.7774700928e+02 5.7806298828e+02 5.7836401367e+02 5.7861199951e+02
5.6440600586e+02 5.6465100098e+02 5.6489001465e+02 5.6518200684e+02 5.6554602051e+02 5.6579998779e+02 5.6601599121e+02 5.6627801514e+02 5.6660900879e+02 5.6685797119e+02 5.6710797119e+02 5.6735998535e+02 5.6766802979e+02 5.6800097656e+02 5.6825097656e+02 5.6845800781e+02 5.6873199463e+02 5.6899499512e+02 5.6929998779e+02 5.6981799316e+02 5.7099102783e+02 5.7172802734e+02 5.7217797852e+02 5.7231298828e+02 5.7230297852e+02 5.7241101074e+02 5.7261401367e+02 5.7287799072e+02 5.7315802002e+02 5.7350799561e+02 5.7382299805e+02 5.7415197754e+02 5.7449597168e+02 5.7481097412e+02 5.7511602783e+02 5.7541601563e+02 5.7571899414e+02 5.7600201416e+02 5.7628997803e+02 5.7657501221e+02 5.7684497070e+02 5.7715698242e+02 5.7744500732e+02 5.7773400879e+02 5.7804901123e+02 5.7830603027e+02
5.6426397705e+02 5.6447399902e+02 5.6466302490e+02 5.6497302246e+02 5.6538000488e+02 5.6566400146e+02 5.6587298584e+02 5.6612200928e+02 5.6645501709e+02 5.6674298096e+02 5.6698797607e+02 5.6725299072e+02 5.6758502197e+02 5.6791802979e+02 5.6817102051e+02 5.6840100098e+02 5.6866699219e+02 5.6887097168e+02 5.6926300049e+02 5.7002801514e+02 5.7122302246e+02 5.7203002930e+02 5.7233300781e+02 5.7234698486e+02 5.7221801758e+02 5.7230200195e+02 5.7248400879e+02 5.7272698975e+02 5.7302600098e+02 5.7333599854e+02 5.7366302490e+02 5.7400897217e+02 5.7439300537e+02 5.7473297119e+02 5.7503900146e+02 5.7533197021e+02 5.7563299561e+02 5.7592999268e+02 5.7619500732e+02 5.7644897461e+02 5.7668597412e+02 5.7694299316e+02 5.7721502686e+02 5.7749700928e+02 5.7780999756e+02 5.7808398438e+02
5.6415997314e+02 5.6433001709e+02 5.6448498535e+02 5.6477697754e+02 5.6519000244e+02 5.6551098633e+02 5.6575097656e+02 5.6599102783e+02 5.6629498291e+02 5.6659197998e+02 5.6684698486e+02 5.6713000488e+02 5.6746600342e+02 5.6777301025e+02 5.6803002930e+02 5.6828497314e+02 5.6857397461e+02 5.6877099609e+02 5.6918298340e+02 5.6999200439e+02 5.7120800781e+02 5.7199700928e+02 5.7228900146e+02 5.7228100586e+02 5.7209497070e+02 5.7215197754e+02 5.7234301758e+02 5.7259399414e+02 5.7289099121e+02 5.7319799805e+02 5.7353100586e+02 5.7388598633e+02 5.7428399658e+02 5.7463897705e+02 5.7495300293e+02 5.7525097656e+02 5.7554101563e+02 5.7581500244e+02 5.7607098389e+02 5.7631597900e+02 5.7652801514e+02 5.7675701904e+02 5.7701800537e+02 5.7729101563e+02 5.7758300781e+02 5.7785797119e+02
5.6405297852e+02 5.6424902344e+02 5.6440399170e+02 5.6464801025e+02 5.6501397705e+02 5.6536700439e+02 5.6565399170e+02 5.6590301514e+02 5.6615301514e+02 5.6642498779e+02 5.6668701172e+02 5.6698297119e+02 5.6732000732e+02 5.6761602783e+02 5.6788201904e+02 5.6815197754e+02 5.6847802734e+02 5.6870001221e+02 5.6907897949e+02 5.6981597900e+02 5.7091699219e+02 5.7169702148e+02 5.7203198242e+02 5.7207800293e+02 5.7192797852e+02 5.7198602295e+02 5.7219097900e+02 5.7245098877e+02 5.7275598145e+02 5.7306597900e+02 5.7340502930e+02 5.7376702881e+02 5.7417199707e+02 5.7453698730e+02 5.7485797119e+02 5.7516198730e+02 5.7544299316e+02 5.7569396973e+02 5.7594097900e+02 5.7617602539e+02 5.7637097168e+02 5.7658099365e+02 5.7683099365e+02 5.7709399414e+02 5.7737097168e+02 5.7765002441e+02
5.6386602783e+02 5.6414697266e+02 5.6434100342e+02 5.6454699707e+02 5.6485601807e+02 5.6521398926e+02 5.6554101563e+02 5.6581500244e+02 5.6604498291e+02 5.6627001953e+02 5.6653002930e+02 5.6683697510e+02 5.6716601563e+02 5.6749102783e+02 5.6778997803e+02 5.6808300781e+02 5.6840502930e+02 5.6869598389e+02 5.6901000977e+02 5.6947100830e+02 5.7016601563e+02 5.7103601074e+02 5.7138201904e+02 5.7157501221e+02 5.7162500000e+02 5.7185601807e+02 5.7208001709e+02 5.7231500244e+02 5.7256097412e+02 5.7293499756e+02 5.7326702881e+02 5.7361798096e+02 5.7400097656e+02 5.7442602539e+02 5.7475598145e+02 5.7506298828e+02 5.7531799316e+02 5.7555700684e+02 5.7579101563e+02 5.7601098633e+02 5.7621099854e+02 5.7642102051e+02 5.7664801025e+02 5.7688598633e+02 5.7710601807e+02 5.7743701172e+02
5.6364300537e+02 5.6392999268e+02 5.6417797852e+02 5.6442700195e+02 5.6473498535e+02 5.6507098389e+02 5.6538800049e+02 5.6567999268e+02 5.6593499756e+02 5.6615002441e+02 5.6639501953e+02 5.6668499756e+02 5.6700402832e+02 5.6734698486e+02 5.6767602539e+02 5.6800000000e+02 5.6832397461e+02 5.6863299561e+02 5.6894897461e+02 5.6929302979e+02 5.6985601807e+02 5.7041998291e+02 5.7078002930e+02 5.7110998535e+02 5.7143499756e+02 5.7176898193e+02 5.7204602051e+02 5.7228802490e+02 5.7252502441e+02 5.7285998535e+02 5.7317999268e+02 5.7351300049e+02 5.7391400146e+02 5.7431597900e+02 5.7463598633e+02 5.7492797852e+02 5.7518701172e+02 5.7542102051e+02 5.7564697266e+02 5.7585900879e+02 5.7605798340e+02 5.7626300049e+02 5.7648101807e+02 5.7671002197e+02 5.7696600342e+02 5.7727502441e+02
5.6343902588e+02 5.6371002197e+02 5.6397601318e+02 5.6425402832e+02 5.6458300781e+02 5.6492102051e+02 5.6521801758e+02 5.6550598145e+02 5.6579302979e+02 5.6603100586e+02 5.6628698730e+02 5.6656201172e+02 5.6684802246e+02 5.6716802979e+02 5.6748797607e+02 5.6782000732e+02 5.6816699219e+02 5.6847198486e+02 5.6878997803e+02 5.6915100098e+02 5.6958697510e+02 5.7004797363e+02 5.7047399902e+02 5.7088098145e+02 5.7128198242e+02 5.7166601563e+02 5.7199597168e+02 5.7228601074e+02 5.7252301025e+02 5.7282098389e+02 5.7313897705e+02 5.7346697998e+02 5.7384600830e+02 5.7422302246e+02 5.7453100586e+02 5.7480999756e+02 5.7506298828e+02 5.7529797363e+02 5.7552099609e+02 5.7572998047e+02 5.7591497803e+02 5.7611499023e+02 5.7633898926e+02 5.7657397461e+02 5.7683898926e+02 5.7714697266e+02
5.6326202393e+02 5.6352398682e+02 5.6379699707e+02 5.6407397461e+02 5.6438299561e+02 5.6473901367e+02 5.6502398682e+02 5.6529498291e+02 5.6561401367e+02 5.6590698242e+02 5.6619299316e+02 5.6646002197e+02 5.6671002197e+02 5.6699200439e+02 5.6728900146e+02 5.6761102295e+02 5.6796099854e+02 5.6826000977e+02 5.6858697510e+02 5.6897198486e+02 5.6936199951e+02 5.6977899170e+02 5.7024700928e+02 5.7070599365e+02 5.7116302490e+02 5.7159899902e+02 5.7198400879e+02 5.7232098389e+02 5.7255200195e+02 5.7280603027e+02 5.7312097168e+02 5.7344201660e+02 5.7379797363e+02 5.7414801025e+02 5.7444201660e+02 5.7470898438e+02 5.7495001221e+02 5.7518103027e+02 5.7539898682e+02 5.7560601807e+02 5.7578399658e+02 5.7598498535e+02 5.7621502686e+02 5.7645599365e+02 5.7672802734e+02 5.7703100586e+02
