TESTSERVER/18/18.asc
NCOLS 100
NROWS 100
XLLCORNER 8.3997500000e+03
YLLCORNER 2.8905025000e+05
CELLSIZE 5.0000000000e-01
NODATA_VALUE -9.9990000000e+03
[rows 40 to 59 of 100, columns 46 to 91 of 100]
5.5058001709e+02 5.5075500488e+02 5.5083502197e+02 5.5099597168e+02 5.5143103027e+02 5.5202899170e+02 5.5211602783e+02 5.5215899658e+02 5.5227801514e+02 5.5288598633e+02 5.5351501465e+02 5.5364300537e+02 5.5365802002e+02 5.5375500488e+02 5.5414599609e+02 5.5468298340e+02 5.5498400879e+02 5.5501300049e+02 5.5511199951e+02 5.5527801514e+02 5.5554302979e+02 5.5589099121e+02 5.5623901367e+02 5.5660101318e+02 5.5694097900e+02 5.5728399658e+02 5.5770800781e+02 5.5819201660e+02 5.5870202637e+02 5.5911700439e+02 5.5951000977e+02 5.5986999512e+02 5.6020800781e+02 5.6052697754e+02 5.6083898926e+02 5.6116802979e+02 5.6156402588e+02 5.6188098145e+02 5.6219598389e+02 5.6257702637e+02 5.6320501709e+02 5.6414300537e+02 5.6498901367e+02 5.6540698242e+02 5.6550201416e+02 5.6587701416e+02
5.5045599365e+02 5.5061798096e+02 5.5073901367e+02 5.5087902832e+02 5.5122497559e+02 5.5173797607e+02 5.5201000977e+02 5.5212500000e+02 5.5220300293e+02 5.5255902100e+02 5.5326702881e+02 5.5365899658e+02 5.5363000488e+02 5.5367102051e+02 5.5384997559e+02 5.5437701416e+02 5.5488201904e+02 5.5499401855e+02 5.5502899170e+02 5.5510101318e+02 5.5533801270e+02 5.5567199707e+02 5.5601202393e+02 5.5637597656e+02 5.5673901367e+02 5.5707598877e+02 5.5747998047e+02 5.5794299316e+02 5.5846398926e+02 5.5897100830e+02 5.5939801025e+02 5.5973699951e+02 5.6001397705e+02 5.6031097412e+02 5.6060699463e+02 5.6093200684e+02 5.6131799316e+02 5.6169299316e+02 5.6200598145e+02 5.6231896973e+02 5.6279199219e+02 5.6354901123e+02 5.6451898193e+02 5.6525201416e+02 5.6547198486e+02 5.6569897461e+02
5.5037500000e+02 5.5050500488e+02 5.5063299561e+02 5.5078198242e+02 5.5103100586e+02 5.5142297363e+02 5.5188098145e+02 5.5213397217e+02 5.5215301514e+02 5.5225897217e+02 5.5288897705e+02 5.5353601074e+02 5.5362902832e+02 5.5364898682e+02 5.5370397949e+02 5.5408599854e+02 5.5470599365e+02 5.5493499756e+02 5.5500097656e+02 5.5503002930e+02 5.5518200684e+02 5.5547998047e+02 5.5579498291e+02 5.5614697266e+02 5.5651501465e+02 5.5682397461e+02 5.5718402100e+02 5.5760699463e+02 5.5811602783e+02 5.5868103027e+02 5.5916198730e+02 5.5952801514e+02 5.5979302979e+02 5.6006201172e+02 5.6032702637e+02 5.6061901855e+02 5.6098199463e+02 5.6142199707e+02 5.6175799561e+02 5.6199798584e+02 5.6226898193e+02 5.6277398682e+02 5.6379302979e+02 5.6486297607e+02 5.6540502930e+02 5.6553900146e+02
5.5029699707e+02 5.5039001465e+02 5.5051300049e+02 5.5068298340e+02 5.5090600586e+02 5.5116601563e+02 5.5169396973e+02 5.5210101318e+02 5.5214001465e+02 5.5213598633e+02 5.5252197266e+02 5.5322802734e+02 5.5359997559e+02 5.5364202881e+02 5.5365301514e+02 5.5385699463e+02 5.5439001465e+02 5.5478997803e+02 5.5495898438e+02 5.5499798584e+02 5.5506896973e+02 5.5530297852e+02 5.5557897949e+02 5.5590301514e+02 5.5628002930e+02 5.5657000732e+02 5.5686999512e+02 5.5723602295e+02 5.5770202637e+02 5.5826898193e+02 5.5879400635e+02 5.5921002197e+02 5.5951397705e+02 5.5976599121e+02 5.6000500488e+02 5.6026702881e+02 5.6059497070e+02 5.6104699707e+02 5.6140301514e+02 5.6161602783e+02 5.6176599121e+02 5.6206500244e+02 5.6302001953e+02 5.6428497314e+02 5.6522802734e+02 5.6540502930e+02
5.5016900635e+02 5.5025598145e+02 5.5036798096e+02 5.5054699707e+02 5.5076000977e+02 5.5097198486e+02 5.5144702148e+02 5.5195098877e+02 5.5209698486e+02 5.5210302734e+02 5.5223901367e+02 5.5273297119e+02 5.5332397461e+02 5.5360797119e+02 5.5366601563e+02 5.5368902588e+02 5.5387200928e+02 5.5452099609e+02 5.5488598633e+02 5.5498901367e+02 5.5495098877e+02 5.5510998535e+02 5.5533898926e+02 5.5565100098e+02 5.5602899170e+02 5.5634399414e+02 5.5661499023e+02 5.5692797852e+02 5.5734399414e+02 5.5782702637e+02 5.5833697510e+02 5.5879602051e+02 5.5918798828e+02 5.5945001221e+02 5.5967199707e+02 5.5991601563e+02 5.6022302246e+02 5.6060198975e+02 5.6096600342e+02 5.6123999023e+02 5.6145697021e+02 5.6169799805e+02 5.6242102051e+02 5.6356799316e+02 5.6455999756e+02 5.6525897217e+02
5.5004199219e+02 5.5011901855e+02 5.5020898438e+02 5.5038000488e+02 5.5063201904e+02 5.5083300781e+02 5.5115899658e+02 5.5166302490e+02 5.5204498291e+02 5.5208099365e+02 5.5209002686e+02 5.5228302002e+02 5.5279901123e+02 5.5334600830e+02 5.5364398193e+02 5.5369598389e+02 5.5373901367e+02 5.5428302002e+02 5.5479199219e+02 5.5500299072e+02 5.5492602539e+02 5.5497100830e+02 5.5513702393e+02 5.5542700195e+02 5.5580200195e+02 5.5611297607e+02 5.5638000488e+02 5.5665899658e+02 5.5700897217e+02 5.5745800781e+02 5.5792199707e+02 5.5837298584e+02 5.5881201172e+02 5.5911999512e+02 5.5933197021e+02 5.5958197021e+02 5.5992199707e+02 5.6031201172e+02 5.6069000244e+02 5.6101898193e+02 5.6130102539e+02 5.6153997803e+02 5.6204602051e+02 5.6293402100e+02 5.6388897705e+02 5.6475201416e+02
5.4993597412e+02 5.4999597168e+02 5.5007299805e+02 5.5023297119e+02 5.5050299072e+02 5.5072198486e+02 5.5094897461e+02 5.5136401367e+02 5.5185998535e+02 5.5206201172e+02 5.5207501221e+02 5.5211798096e+02 5.5239501953e+02 5.5304498291e+02 5.5352899170e+02 5.5369396973e+02 5.5365600586e+02 5.5398498535e+02 5.5451300049e+02 5.5488598633e+02 5.5492700195e+02 5.5491198730e+02 5.5502197266e+02 5.5525402832e+02 5.5558898926e+02 5.5589599609e+02 5.5615399170e+02 5.5641400146e+02 5.5674298096e+02 5.5716497803e+02 5.5759802246e+02 5.5802899170e+02 5.5845202637e+02 5.5875701904e+02 5.5898400879e+02 5.5926202393e+02 5.5964001465e+02 5.6004797363e+02 5.6044897461e+02 5.6082397461e+02 5.6117498779e+02 5.6135400391e+02 5.6169201660e+02 5.6242199707e+02 5.6328497314e+02 5.6413800049e+02
5.4986102295e+02 5.4989599609e+02 5.4994598389e+02 5.5007397461e+02 5.5033300781e+02 5.5059100342e+02 5.5079797363e+02 5.5108099365e+02 5.5151800537e+02 5.5196099854e+02 5.5209100342e+02 5.5211499023e+02 5.5218701172e+02 5.5269396973e+02 5.5325897217e+02 5.5360302734e+02 5.5362597656e+02 5.5370599365e+02 5.5416601563e+02 5.5468902588e+02 5.5493902588e+02 5.5488702393e+02 5.5495300293e+02 5.5511901855e+02 5.5538299561e+02 5.5568597412e+02 5.5595001221e+02 5.5621502686e+02 5.5654101563e+02 5.5694396973e+02 5.5735198975e+02 5.5775897217e+02 5.5814697266e+02 5.5843200684e+02 5.5868597412e+02 5.5899700928e+02 5.5939300537e+02 5.5979400635e+02 5.6019396973e+02 5.6059899902e+02 5.6101300049e+02 5.6116601563e+02 5.6140502930e+02 5.6209399414e+02 5.6295098877e+02 5.6355999756e+02
5.4982299805e+02 5.4982000732e+02 5.4983099365e+02 5.4990899658e+02 5.5011999512e+02 5.5041400146e+02 5.5066900635e+02 5.5088800049e+02 5.5117297363e+02 5.5182098389e+02 5.5207702637e+02 5.5210699463e+02 5.5216198730e+02 5.5226898193e+02 5.5275897217e+02 5.5333001709e+02 5.5361798096e+02 5.5357098389e+02 5.5389501953e+02 5.5444799805e+02 5.5481298828e+02 5.5486901855e+02 5.5491101074e+02 5.5500299072e+02 5.5518298340e+02 5.5547302246e+02 5.5576397705e+02 5.5607397461e+02 5.5645800781e+02 5.5680999756e+02 5.5720098877e+02 5.5757800293e+02 5.5791302490e+02 5.5818200684e+02 5.5846997070e+02 5.5880297852e+02 5.5917602539e+02 5.5954101563e+02 5.5991497803e+02 5.6031402588e+02 5.6071697998e+02 5.6095599365e+02 5.6122698975e+02 5.6190698242e+02 5.6282202148e+02 5.6317498779e+02
5.4969299316e+02 5.4968499756e+02 5.4965802002e+02 5.4970300293e+02 5.4990600586e+02 5.5021197510e+02 5.5049401855e+02 5.5073901367e+02 5.5101300049e+02 5.5157800293e+02 5.5198199463e+02 5.5209899902e+02 5.5210498047e+02 5.5208697510e+02 5.5233502197e+02 5.5291101074e+02 5.5350097656e+02 5.5356896973e+02 5.5372100830e+02 5.5403302002e+02 5.5441101074e+02 5.5471502686e+02 5.5489697266e+02 5.5496801758e+02 5.5505200195e+02 5.5528198242e+02 5.5556500244e+02 5.5589898682e+02 5.5628100586e+02 5.5668103027e+02 5.5707098389e+02 5.5743402100e+02 5.5774499512e+02 5.5800097656e+02 5.5829400635e+02 5.5862701416e+02 5.5898297119e+02 5.5931799316e+02 5.5969799805e+02 5.6011499023e+02 5.6055700684e+02 5.6084698486e+02 5.6110797119e+02 5.6161798096e+02 5.6241900635e+02 5.6282501221e+02
5.4947601318e+02 5.4946002197e+02 5.4946502686e+02 5.4952001953e+02 5.4969598389e+02 5.5000598145e+02 5.5029302979e+02 5.5052600098e+02 5.5078900146e+02 5.5115802002e+02 5.5162200928e+02 5.5198498535e+02 5.5211798096e+02 5.5210400391e+02 5.5216302490e+02 5.5253497314e+02 5.5322601318e+02 5.5350299072e+02 5.5361700439e+02 5.5374902344e+02 5.5402899170e+02 5.5455902100e+02 5.5486999512e+02 5.5495898438e+02 5.5496899414e+02 5.5514801025e+02 5.5539099121e+02 5.5570098877e+02 5.5608898926e+02 5.5649902344e+02 5.5688800049e+02 5.5725000000e+02 5.5756298828e+02 5.5783197021e+02 5.5813702393e+02 5.5847802734e+02 5.5883001709e+02 5.5916601563e+02 5.5954498291e+02 5.5995898438e+02 5.6039300537e+02 5.6072399902e+02 5.6098498535e+02 5.6136700439e+02 5.6200299072e+02 5.6253997803e+02
5.4923797607e+02 5.4927001953e+02 5.4933502197e+02 5.4939599609e+02 5.4951599121e+02 5.4980401611e+02 5.5003497314e+02 5.5019201660e+02 5.5047601318e+02 5.5081500244e+02 5.5123999023e+02 5.5176098633e+02 5.5206500244e+02 5.5210699463e+02 5.5209899902e+02 5.5224200439e+02 5.5276898193e+02 5.5332702637e+02 5.5355798340e+02 5.5362500000e+02 5.5375701904e+02 5.5434100342e+02 5.5475299072e+02 5.5491302490e+02 5.5491198730e+02 5.5503698730e+02 5.5522698975e+02 5.5549700928e+02 5.5587200928e+02 5.5628198242e+02 5.5666998291e+02 5.5703497314e+02 5.5735198975e+02 5.5764300537e+02 5.5797399902e+02 5.5833001709e+02 5.5868798828e+02 5.5904199219e+02 5.5941699219e+02 5.5979998779e+02 5.6018902588e+02 5.6057501221e+02 5.6089501953e+02 5.6124902344e+02 5.6178198242e+02 5.6241497803e+02
5.4910797119e+02 5.4917102051e+02 5.4925299072e+02 5.4930102539e+02 5.4939501953e+02 5.4972100830e+02 5.4988000488e+02 5.4994396973e+02 5.5013201904e+02 5.5056201172e+02 5.5096099854e+02 5.5139801025e+02 5.5182098389e+02 5.5206799316e+02 5.5209002686e+02 5.5207098389e+02 5.5221600342e+02 5.5294299316e+02 5.5346899414e+02 5.5364300537e+02 5.5354498291e+02 5.5401000977e+02 5.5452502441e+02 5.5483099365e+02 5.5483398438e+02 5.5491900635e+02 5.5506402588e+02 5.5529498291e+02 5.5557800293e+02 5.5602600098e+02 5.5643298340e+02 5.5679998779e+02 5.5708801270e+02 5.5742901611e+02 5.5778601074e+02 5.5814801025e+02 5.5850097656e+02 5.5887701416e+02 5.5923400879e+02 5.5957598877e+02 5.5991998291e+02 5.6034100342e+02 5.6073999023e+02 5.6116601563e+02 5.6171398926e+02 5.6231402588e+02
5.4898797607e+02 5.4910400391e+02 5.4917498779e+02 5.4922302246e+02 5.4930603027e+02 5.4964697266e+02 5.4986700439e+02 5.4992797852e+02 5.5000097656e+02 5.5025897217e+02 5.5060699463e+02 5.5096398926e+02 5.5141497803e+02 5.5192199707e+02 5.5209802246e+02 5.5206298828e+02 5.5205798340e+02 5.5252697754e+02 5.5321398926e+02 5.5362701416e+02 5.5352099609e+02 5.5369500732e+02 5.5424499512e+02 5.5473699951e+02 5.5480401611e+02 5.5484802246e+02 5.5493701172e+02 5.5510198975e+02 5.5536798096e+02 5.5575897217e+02 5.5616101074e+02 5.5654101563e+02 5.5687200928e+02 5.5722900391e+02 5.5759497070e+02 5.5795098877e+02 5.5830603027e+02 5.5867401123e+02 5.5901702881e+02 5.5935198975e+02 5.5968597412e+02 5.6006896973e+02 5.6046899414e+02 5.6097998047e+02 5.6163201904e+02 5.6234100342e+02
5.4886199951e+02 5.4902697754e+02 5.4911199951e+02 5.4916198730e+02 5.4920800781e+02 5.4945098877e+02 5.4975701904e+02 5.4989599609e+02 5.4989501953e+02 5.5000897217e+02 5.5031500244e+02 5.5070098877e+02 5.5109399414e+02 5.5174499512e+02 5.5208697510e+02 5.5208898926e+02 5.5198400879e+02 5.5219000244e+02 5.5281097412e+02 5.5340502930e+02 5.5354400635e+02 5.5356799316e+02 5.5398199463e+02 5.5454699707e+02 5.5480401611e+02 5.5480999756e+02 5.5487097168e+02 5.5497802734e+02 5.5519799805e+02 5.5549700928e+02 5.5585998535e+02 5.5626202393e+02 5.5665100098e+02 5.5703497314e+02 5.5741699219e+02 5.5778100586e+02 5.5813000488e+02 5.5848699951e+02 5.5882299805e+02 5.5915002441e+02 5.5947601318e+02 5.5983599854e+02 5.6020697021e+02 5.6071502686e+02 5.6138800049e+02 5.6238500977e+02
5.4872601318e+02 5.4892901611e+02 5.4903900146e+02 5.4910400391e+02 5.4914398193e+02 5.4926898193e+02 5.4959497070e+02 5.4983801270e+02 5.4982598877e+02 5.4979199219e+02 5.5002899170e+02 5.5045599365e+02 5.5082897949e+02 5.5145599365e+02 5.5192297363e+02 5.5205999756e+02 5.5198901367e+02 5.5196801758e+02 5.5239099121e+02 5.5303698730e+02 5.5349902344e+02 5.5348999023e+02 5.5368298340e+02 5.5418597412e+02 5.5472998047e+02 5.5477899170e+02 5.5483197021e+02 5.5490502930e+02 5.5505798340e+02 5.5526300049e+02 5.5557702637e+02 5.5598602295e+02 5.5642401123e+02 5.5684197998e+02 5.5724700928e+02 5.5762597656e+02 5.5796997070e+02 5.5830798340e+02 5.5863800049e+02 5.5895697021e+02 5.5928198242e+02 5.5962298584e+02 5.5991400146e+02 5.6029901123e+02 5.6087597656e+02 5.6209802246e+02
5.4858001709e+02 5.4878698730e+02 5.4892999268e+02 5.4903100586e+02 5.4909698486e+02 5.4912402344e+02 5.4935498047e+02 5.4962200928e+02 5.4966900635e+02 5.4958898926e+02 5.4971502686e+02 5.5013000488e+02 5.5063500977e+02 5.5101898193e+02 5.5148999023e+02 5.5186499023e+02 5.5201202393e+02 5.5188397217e+02 5.5198901367e+02 5.5249401855e+02 5.5328100586e+02 5.5348199463e+02 5.5349200439e+02 5.5377801514e+02 5.5433197021e+02 5.5474298096e+02 5.5482800293e+02 5.5484497070e+02 5.5492297363e+02 5.5508300781e+02 5.5534197998e+02 5.5574200439e+02 5.5621502686e+02 5.5666497803e+02 5.5709100342e+02 5.5747698975e+02 5.5779699707e+02 5.5812097168e+02 5.5844702148e+02 5.5876599121e+02 5.5911199951e+02 5.5940502930e+02 5.5963500977e+02 5.5988500977e+02 5.6023199463e+02 5.6138299561e+02
5.4842901611e+02 5.4865002441e+02 5.4882202148e+02 5.4895800781e+02 5.4903997803e+02 5.4903802490e+02 5.4914599609e+02 5.4930102539e+02 5.4938702393e+02 5.4940899658e+02 5.4948699951e+02 5.4972998047e+02 5.5019097900e+02 5.5059100342e+02 5.5108502197e+02 5.5163897705e+02 5.5196899414e+02 5.5193701172e+02 5.5189001465e+02 5.5213800049e+02 5.5278100586e+02 5.5344500732e+02 5.5357202148e+02 5.5353198242e+02 5.5378997803e+02 5.5433697510e+02 5.5473199463e+02 5.5486297607e+02 5.5487902832e+02 5.5499902344e+02 5.5518200684e+02 5.5553198242e+02 5.5600097656e+02 5.5647998047e+02 5.5691699219e+02 5.5729101563e+02 5.5759698486e+02 5.5790698242e+02 5.5821697998e+02 5.5852398682e+02 5.5884497070e+02 5.5909899902e+02 5.5932800293e+02 5.5959698486e+02 5.5993200684e+02 5.6067498779e+02
5.4826898193e+02 5.4851501465e+02 5.4871301270e+02 5.4887799072e+02 5.4899902344e+02 5.4899902344e+02 5.4902801514e+02 5.4909698486e+02 5.4920202637e+02 5.4931201172e+02 5.4942498779e+02 5.4956298828e+02 5.4985101318e+02 5.5029699707e+02 5.5081201172e+02 5.5140600586e+02 5.5183898926e+02 5.5194299316e+02 5.5189001465e+02 5.5189501953e+02 5.5223699951e+02 5.5323400879e+02 5.5362902832e+02 5.5356402588e+02 5.5352502441e+02 5.5392498779e+02 5.5450402832e+02 5.5483001709e+02 5.5483001709e+02 5.5493298340e+02 5.5506402588e+02 5.5533599854e+02 5.5577197266e+02 5.5628900146e+02 5.5673498535e+02 5.5710998535e+02 5.5740502930e+02 5.5769201660e+02 5.5797601318e+02 5.5825799561e+02 5.5855200195e+02 5.5879998779e+02 5.5907598877e+02 5.5941998291e+02 5.5980102539e+02 5.6020898438e+02
5.4810101318e+02 5.4836602783e+02 5.4858898926e+02 5.4878601074e+02 5.4895800781e+02 5.4898699951e+02 5.4899401855e+02 5.4901800537e+02 5.4909802246e+02 5.4921301270e+02 5.4934301758e+02 5.4946002197e+02 5.4960302734e+02 5.4999597168e+02 5.5048797607e+02 5.5103601074e+02 5.5149200439e+02 5.5185101318e+02 5.5193701172e+02 5.5184899902e+02 5.5187097168e+02 5.5274401855e+02 5.5338299561e+02 5.5357000732e+02 5.5351000977e+02 5.5365100098e+02 5.5421398926e+02 5.5469201660e+02 5.5477398682e+02 5.5484399414e+02 5.5495098877e+02 5.5516699219e+02 5.5555401611e+02 5.5609497070e+02 5.5654498291e+02 5.5692199707e+02 5.5721398926e+02 5.5748199463e+02 5.5774200439e+02 5.5800201416e+02 5.5827301025e+02 5.5855200195e+02 5.5891699219e+02 5.5936999512e+02 5.5985400391e+02 5.6010699463e+02
