TESTSERVER/18/18.asc
NCOLS 100
NROWS 100
XLLCORNER 8.3997500000e+03
YLLCORNER 2.8905025000e+05
CELLSIZE 5.0000000000e-01
NODATA_VALUE -9.9990000000e+03
[rows 60 to 79 of 100, columns 46 to 91 of 100]
5.4791101074e+02 5.4816998291e+02 5.4841699219e+02 5.4865502930e+02 5.4888598633e+02 5.4895599365e+02 5.4896997070e+02 5.4897302246e+02 5.4900598145e+02 5.4910400391e+02 5.4922900391e+02 5.4936602783e+02 5.4948498535e+02 5.4965399170e+02 5.5009997559e+02 5.5061798096e+02 5.5097698975e+02 5.5163000488e+02 5.5191601563e+02 5.5188098145e+02 5.5181597900e+02 5.5224499512e+02 5.5300500488e+02 5.5349597168e+02 5.5351300049e+02 5.5351000977e+02 5.5385498047e+02 5.5440802002e+02 5.5474798584e+02 5.5473999023e+02 5.5484399414e+02 5.5504797363e+02 5.5534698486e+02 5.5586602783e+02 5.5632800293e+02 5.5669598389e+02 5.5694897461e+02 5.5725500488e+02 5.5751000977e+02 5.5776501465e+02 5.5803802490e+02 5.5836401367e+02 5.5878900146e+02 5.5930200195e+02 5.5985998535e+02 5.6017401123e+02
5.4774200439e+02 5.4798400879e+02 5.4823400879e+02 5.4848797607e+02 5.4877197266e+02 5.4890698242e+02 5.4893499756e+02 5.4893103027e+02 5.4894702148e+02 5.4901800537e+02 5.4912799072e+02 5.4926202393e+02 5.4938897705e+02 5.4947698975e+02 5.4979797363e+02 5.5036999512e+02 5.5080999756e+02 5.5137597656e+02 5.5179797363e+02 5.5186999512e+02 5.5181298828e+02 5.5202301025e+02 5.5271099854e+02 5.5334301758e+02 5.5348999023e+02 5.5347497559e+02 5.5363598633e+02 5.5411199951e+02 5.5463598633e+02 5.5464398193e+02 5.5468298340e+02 5.5489001465e+02 5.5524298096e+02 5.5559600830e+02 5.5600598145e+02 5.5640100098e+02 5.5666998291e+02 5.5697802734e+02 5.5727398682e+02 5.5753601074e+02 5.5781597900e+02 5.5816601563e+02 5.5857299805e+02 5.5904901123e+02 5.5960601807e+02 5.5996197510e+02
5.4757299805e+02 5.4782299805e+02 5.4807800293e+02 5.4833599854e+02 5.4864801025e+02 5.4885601807e+02 5.4891601563e+02 5.4891802979e+02 5.4891802979e+02 5.4895501709e+02 5.4904400635e+02 5.4916802979e+02 5.4930499268e+02 5.4939001465e+02 5.4953802490e+02 5.4995800781e+02 5.5048199463e+02 5.5101898193e+02 5.5158001709e+02 5.5184698486e+02 5.5181201172e+02 5.5181500244e+02 5.5219201660e+02 5.5279400635e+02 5.5333300781e+02 5.5347198486e+02 5.5352099609e+02 5.5381799316e+02 5.5434899902e+02 5.5448199463e+02 5.5450201416e+02 5.5469500732e+02 5.5514898682e+02 5.5542199707e+02 5.5571301270e+02 5.5610101318e+02 5.5643499756e+02 5.5674499512e+02 5.5702502441e+02 5.5728302002e+02 5.5758197021e+02 5.5791601563e+02 5.5828900146e+02 5.5871197510e+02 5.5919897461e+02 5.5958001709e+02
5.4740002441e+02 5.4765698242e+02 5.4791400146e+02 5.4817602539e+02 5.4851000977e+02 5.4879302979e+02 5.4889801025e+02 5.4891998291e+02 5.4890997314e+02 5.4891900635e+02 5.4898297119e+02 5.4909197998e+02 5.4922100830e+02 5.4933898926e+02 5.4940698242e+02 5.4960797119e+02 5.5003900146e+02 5.5064801025e+02 5.5125598145e+02 5.5168298340e+02 5.5178399658e+02 5.5174499512e+02 5.5182098389e+02 5.5222998047e+02 5.5306597900e+02 5.5349298096e+02 5.5351397705e+02 5.5359600830e+02 5.5392797852e+02 5.5425000000e+02 5.5434197998e+02 5.5446002197e+02 5.5490698242e+02 5.5529602051e+02 5.5552001953e+02 5.5584100342e+02 5.5622198486e+02 5.5650598145e+02 5.5674401855e+02 5.5700097656e+02 5.5733697510e+02 5.5765600586e+02 5.5798498535e+02 5.5834497070e+02 5.5874499512e+02 5.5911499023e+02
5.4722497559e+02 5.4747900391e+02 5.4773999023e+02 5.4801397705e+02 5.4835302734e+02 5.4865100098e+02 5.4881701660e+02 5.4889697266e+02 5.4890899658e+02 5.4889501953e+02 5.4893798828e+02 5.4903198242e+02 5.4914697266e+02 5.4927697754e+02 5.4936602783e+02 5.4943701172e+02 5.4966198730e+02 5.5017602539e+02 5.5080499268e+02 5.5140600586e+02 5.5176898193e+02 5.5176599121e+02 5.5172802734e+02 5.5192700195e+02 5.5264599609e+02 5.5327197266e+02 5.5348400879e+02 5.5351800537e+02 5.5366302490e+02 5.5397302246e+02 5.5415899658e+02 5.5420098877e+02 5.5437902832e+02 5.5506896973e+02 5.5544396973e+02 5.5572302246e+02 5.5601202393e+02 5.5622900391e+02 5.5645599365e+02 5.5673699951e+02 5.5710900879e+02 5.5743701172e+02 5.5775500488e+02 5.5807202148e+02 5.5842102051e+02 5.5872802734e+02
5.4704901123e+02 5.4729101563e+02 5.4754699707e+02 5.4782501221e+02 5.4817297363e+02 5.4850402832e+02 5.4873400879e+02 5.4889398193e+02 5.4892700195e+02 5.4887200928e+02 5.4890502930e+02 5.4898400879e+02 5.4908300781e+02 5.4919097900e+02 5.4928698730e+02 5.4935198975e+02 5.4947698975e+02 5.4977099609e+02 5.5043701172e+02 5.5121697998e+02 5.5166198730e+02 5.5175299072e+02 5.5174298096e+02 5.5175701904e+02 5.5212200928e+02 5.5277502441e+02 5.5320202637e+02 5.5342199707e+02 5.5352197266e+02 5.5375402832e+02 5.5394097900e+02 5.5403399658e+02 5.5413201904e+02 5.5472698975e+02 5.5523901367e+02 5.5556896973e+02 5.5575402832e+02 5.5591998291e+02 5.5615197754e+02 5.5646002197e+02 5.5686401367e+02 5.5726202393e+02 5.5763397217e+02 5.5799200439e+02 5.5830798340e+02 5.5857800293e+02
5.4685699463e+02 5.4708599854e+02 5.4733502197e+02 5.4760601807e+02 5.4796301270e+02 5.4834497070e+02 5.4862500000e+02 5.4884100342e+02 5.4894097900e+02 5.4888800049e+02 5.4890399170e+02 5.4895800781e+02 5.4903399658e+02 5.4913500977e+02 5.4923400879e+02 5.4929901123e+02 5.4940002441e+02 5.4964501953e+02 5.5024499512e+02 5.5093499756e+02 5.5132598877e+02 5.5164202881e+02 5.5171997070e+02 5.5167602539e+02 5.5180297852e+02 5.5237402344e+02 5.5285101318e+02 5.5318402100e+02 5.5335900879e+02 5.5360797119e+02 5.5381500244e+02 5.5392199707e+02 5.5399102783e+02 5.5445397949e+02 5.5495599365e+02 5.5532299805e+02 5.5551702881e+02 5.5568103027e+02 5.5591497803e+02 5.5623199463e+02 5.5664300537e+02 5.5706402588e+02 5.5746301270e+02 5.5784497070e+02 5.5817498779e+02 5.5842102051e+02
5.4664599609e+02 5.4685900879e+02 5.4709997559e+02 5.4736297607e+02 5.4771197510e+02 5.4810900879e+02 5.4842297363e+02 5.4868597412e+02 5.4892199707e+02 5.4893499756e+02 5.4892297363e+02 5.4895001221e+02 5.4900799561e+02 5.4909698486e+02 5.4917999268e+02 5.4923797607e+02 5.4938000488e+02 5.4977398682e+02 5.5031097412e+02 5.5074298096e+02 5.5093103027e+02 5.5146899414e+02 5.5165997314e+02 5.5166601563e+02 5.5171697998e+02 5.5209301758e+02 5.5251800537e+02 5.5288702393e+02 5.5315600586e+02 5.5347198486e+02 5.5372100830e+02 5.5386499023e+02 5.5393103027e+02 5.5417901611e+02 5.5458099365e+02 5.5499102783e+02 5.5530999756e+02 5.5551898193e+02 5.5576300049e+02 5.5607000732e+02 5.5643798828e+02 5.5684399414e+02 5.5725097656e+02 5.5764202881e+02 5.5799200439e+02 5.5822998047e+02
5.4640899658e+02 5.4660797119e+02 5.4682098389e+02 5.4703698730e+02 5.4722399902e+02 5.4769396973e+02 5.4802697754e+02 5.4836401367e+02 5.4884899902e+02 5.4901000977e+02 5.4897601318e+02 5.4895098877e+02 5.4897601318e+02 5.4907098389e+02 5.4913098145e+02 5.4918597412e+02 5.4933099365e+02 5.4982800293e+02 5.5033898926e+02 5.5063098145e+02 5.5070501709e+02 5.5123699951e+02 5.5157800293e+02 5.5166601563e+02 5.5171997070e+02 5.5191998291e+02 5.5222698975e+02 5.5255902100e+02 5.5288800049e+02 5.5326702881e+02 5.5356298828e+02 5.5378900146e+02 5.5393402100e+02 5.5391998291e+02 5.5415600586e+02 5.5461297607e+02 5.5521997070e+02 5.5535601807e+02 5.5561798096e+02 5.5591198730e+02 5.5622198486e+02 5.5658197021e+02 5.5696997070e+02 5.5736401367e+02 5.5778002930e+02 5.5799102783e+02
5.4612799072e+02 5.4632299805e+02 5.4650799561e+02 5.4667700195e+02 5.4688598633e+02 5.4720300293e+02 5.4750000000e+02 5.4783697510e+02 5.4833599854e+02 5.4877301025e+02 5.4896197510e+02 5.4900799561e+02 5.4898400879e+02 5.4906701660e+02 5.4912097168e+02 5.4915997314e+02 5.4926098633e+02 5.4955499268e+02 5.4990399170e+02 5.5010998535e+02 5.5011798096e+02 5.5076202393e+02 5.5134497070e+02 5.5148498535e+02 5.5139398193e+02 5.5160101318e+02 5.5188098145e+02 5.5221398926e+02 5.5262597656e+02 5.5301898193e+02 5.5332800293e+02 5.5360198975e+02 5.5383001709e+02 5.5385699463e+02 5.5392901611e+02 5.5420501709e+02 5.5474597168e+02 5.5508099365e+02 5.5541802979e+02 5.5572399902e+02 5.5599499512e+02 5.5629998779e+02 5.5666497803e+02 5.5707299805e+02 5.5752600098e+02 5.5777600098e+02
5.4585198975e+02 5.4604302979e+02 5.4621997070e+02 5.4638098145e+02 5.4654302979e+02 5.4677301025e+02 5.4701599121e+02 5.4729602051e+02 5.4767102051e+02 5.4829199219e+02 5.4878601074e+02 5.4902697754e+02 5.4900299072e+02 5.4905902100e+02 5.4911199951e+02 5.4914697266e+02 5.4920697021e+02 5.4934100342e+02 5.4953100586e+02 5.4965002441e+02 5.4965399170e+02 5.5021002197e+02 5.5084600830e+02 5.5106201172e+02 5.5102001953e+02 5.5128198242e+02 5.5157299805e+02 5.5192199707e+02 5.5236602783e+02 5.5278497314e+02 5.5311401367e+02 5.5341497803e+02 5.5373101807e+02 5.5384497070e+02 5.5384002686e+02 5.5394598389e+02 5.5434802246e+02 5.5485998535e+02 5.5527398682e+02 5.5557897949e+02 5.5577600098e+02 5.5602801514e+02 5.5636401367e+02 5.5676202393e+02 5.5725097656e+02 5.5758502197e+02
5.4558599854e+02 5.4577502441e+02 5.4594299316e+02 5.4609698486e+02 5.4621099854e+02 5.4634497070e+02 5.4652801514e+02 5.4674298096e+02 5.4695202637e+02 5.4769201660e+02 5.4850201416e+02 5.4898797607e+02 5.4902099609e+02 5.4904199219e+02 5.4909197998e+02 5.4912701416e+02 5.4917602539e+02 5.4922698975e+02 5.4933398438e+02 5.4943902588e+02 5.4945501709e+02 5.4977801514e+02 5.5035601807e+02 5.5066699219e+02 5.5072900391e+02 5.5101000977e+02 5.5130603027e+02 5.5166302490e+02 5.5211602783e+02 5.5254498291e+02 5.5289398193e+02 5.5322198486e+02 5.5361602783e+02 5.5384301758e+02 5.5382702637e+02 5.5383502197e+02 5.5408599854e+02 5.5468499756e+02 5.5514697266e+02 5.5543200684e+02 5.5556201172e+02 5.5577099609e+02 5.5607000732e+02 5.5644702148e+02 5.5694000244e+02 5.5735400391e+02
5.4528997803e+02 5.4551702881e+02 5.4566699219e+02 5.4579101563e+02 5.4583697510e+02 5.4594598389e+02 5.4604199219e+02 5.4614801025e+02 5.4624401855e+02 5.4710601807e+02 5.4809301758e+02 5.4883300781e+02 5.4907202148e+02 5.4901397705e+02 5.4906597900e+02 5.4910101318e+02 5.4913897705e+02 5.4917999268e+02 5.4925402832e+02 5.4936700439e+02 5.4947998047e+02 5.4961798096e+02 5.5010797119e+02 5.5055401611e+02 5.5066302490e+02 5.5081500244e+02 5.5109100342e+02 5.5143798828e+02 5.5186700439e+02 5.5228100586e+02 5.5264898682e+02 5.5300598145e+02 5.5337500000e+02 5.5373699951e+02 5.5382501221e+02 5.5384802246e+02 5.5392797852e+02 5.5458398438e+02 5.5505798340e+02 5.5524102783e+02 5.5529699707e+02 5.5554699707e+02 5.5581298828e+02 5.5613000488e+02 5.5650897217e+02 5.5700598145e+02
5.4508599854e+02 5.4529602051e+02 5.4543200684e+02 5.4553399658e+02 5.4559600830e+02 5.4566302490e+02 5.4571997070e+02 5.4577301025e+02 5.4579602051e+02 5.4657702637e+02 5.4762902832e+02 5.4858300781e+02 5.4907702637e+02 5.4898297119e+02 5.4902398682e+02 5.4907598877e+02 5.4911499023e+02 5.4914898682e+02 5.4920001221e+02 5.4927801514e+02 5.4936901855e+02 5.4945501709e+02 5.4986102295e+02 5.5041400146e+02 5.5063098145e+02 5.5073400879e+02 5.5092901611e+02 5.5119500732e+02 5.5161999512e+02 5.5205401611e+02 5.5242102051e+02 5.5278198242e+02 5.5318902588e+02 5.5353698730e+02 5.5373101807e+02 5.5382702637e+02 5.5385198975e+02 5.5436102295e+02 5.5488299561e+02 5.5510998535e+02 5.5517797852e+02 5.5539898682e+02 5.5562298584e+02 5.5583197021e+02 5.5610498047e+02 5.5655200195e+02
5.4490698242e+02 5.4510101318e+02 5.4523498535e+02 5.4533599854e+02 5.4538500977e+02 5.4542602539e+02 5.4547198486e+02 5.4551599121e+02 5.4541601563e+02 5.4605401611e+02 5.4716400146e+02 5.4826599121e+02 5.4904199219e+02 5.4900402832e+02 5.4899499512e+02 5.4903997803e+02 5.4908502197e+02 5.4911901855e+02 5.4916998291e+02 5.4922399902e+02 5.4930499268e+02 5.4937902832e+02 5.4963800049e+02 5.5011499023e+02 5.5052502441e+02 5.5066101074e+02 5.5083300781e+02 5.5104699707e+02 5.5143200684e+02 5.5187402344e+02 5.5223400879e+02 5.5258898926e+02 5.5299798584e+02 5.5338598633e+02 5.5362402344e+02 5.5376702881e+02 5.5378698730e+02 5.5407202148e+02 5.5463201904e+02 5.5505401611e+02 5.5518597412e+02 5.5529602051e+02 5.5543298340e+02 5.5554797363e+02 5.5574298096e+02 5.5617700195e+02
5.4475201416e+02 5.4492901611e+02 5.4505999756e+02 5.4515899658e+02 5.4520397949e+02 5.4523498535e+02 5.4527502441e+02 5.4531298828e+02 5.4513397217e+02 5.4560498047e+02 5.4668597412e+02 5.4785699463e+02 5.4884497070e+02 5.4899700928e+02 5.4898498535e+02 5.4900598145e+02 5.4904998779e+02 5.4907702637e+02 5.4912701416e+02 5.4917797852e+02 5.4926000977e+02 5.4934497070e+02 5.4944598389e+02 5.4975097656e+02 5.5032202148e+02 5.5060101318e+02 5.5079101563e+02 5.5098400879e+02 5.5130200195e+02 5.5170800781e+02 5.5205499268e+02 5.5239801025e+02 5.5279699707e+02 5.5320898438e+02 5.5349298096e+02 5.5369000244e+02 5.5377899170e+02 5.5390301514e+02 5.5437500000e+02 5.5488897705e+02 5.5515802002e+02 5.5523699951e+02 5.5530499268e+02 5.5534002686e+02 5.5548699951e+02 5.5590197754e+02
5.4460302734e+02 5.4477099609e+02 5.4489801025e+02 5.4500799561e+02 5.4510400391e+02 5.4510998535e+02 5.4516101074e+02 5.4521899414e+02 5.4517999268e+02 5.4535498047e+02 5.4622998047e+02 5.4734002686e+02 5.4849597168e+02 5.4889501953e+02 5.4895697021e+02 5.4895697021e+02 5.4903302002e+02 5.4904302979e+02 5.4908502197e+02 5.4913800049e+02 5.4921502686e+02 5.4931896973e+02 5.4937500000e+02 5.4954901123e+02 5.5006597900e+02 5.5053802490e+02 5.5079602051e+02 5.5097399902e+02 5.5120300293e+02 5.5152301025e+02 5.5183898926e+02 5.5218103027e+02 5.5254998779e+02 5.5293798828e+02 5.5325799561e+02 5.5353601074e+02 5.5376300049e+02 5.5381097412e+02 5.5401202393e+02 5.5439001465e+02 5.5480401611e+02 5.5513598633e+02 5.5526098633e+02 5.5526702881e+02 5.5537097168e+02 5.5571997070e+02
5.4449200439e+02 5.4463098145e+02 5.4475598145e+02 5.4487597656e+02 5.4497198486e+02 5.4502502441e+02 5.4510198975e+02 5.4519097900e+02 5.4507000732e+02 5.4519201660e+02 5.4586102295e+02 5.4683502197e+02 5.4807098389e+02 5.4881701660e+02 5.4894598389e+02 5.4891400146e+02 5.4898400879e+02 5.4900500488e+02 5.4904498291e+02 5.4909698486e+02 5.4916900635e+02 5.4928302002e+02 5.4936602783e+02 5.4949700928e+02 5.4987701416e+02 5.5042797852e+02 5.5082598877e+02 5.5104101563e+02 5.5118402100e+02 5.5136602783e+02 5.5160400391e+02 5.5191400146e+02 5.5230200195e+02 5.5266400146e+02 5.5300201416e+02 5.5332897949e+02 5.5365600586e+02 5.5374499512e+02 5.5379101563e+02 5.5395300293e+02 5.5433001709e+02 5.5487200928e+02 5.5516802979e+02 5.5525097656e+02 5.5533599854e+02 5.5561901855e+02
5.4438000488e+02 5.4450402832e+02 5.4462597656e+02 5.4474401855e+02 5.4484497070e+02 5.4491699219e+02 5.4500701904e+02 5.4510601807e+02 5.4498400879e+02 5.4499298096e+02 5.4553698730e+02 5.4638299561e+02 5.4754602051e+02 5.4857397461e+02 5.4890802002e+02 5.4891900635e+02 5.4894396973e+02 5.4897698975e+02 5.4901300049e+02 5.4905798340e+02 5.4912902832e+02 5.4920098877e+02 5.4924499512e+02 5.4938098145e+02 5.4974597168e+02 5.5037402344e+02 5.5085498047e+02 5.5110699463e+02 5.5117797852e+02 5.5126000977e+02 5.5142700195e+02 5.5168200684e+02 5.5205700684e+02 5.5245300293e+02 5.5280798340e+02 5.5315600586e+02 5.5355499268e+02 5.5374401855e+02 5.5375701904e+02 5.5380603027e+02 5.5405200195e+02 5.5465100098e+02 5.5506500244e+02 5.5525897217e+02 5.5534100342e+02 5.5556298828e+02
5.4426800537e+02 5.4438299561e+02 5.4450299072e+02 5.4461901855e+02 5.4472399902e+02 5.4481402588e+02 5.4491497803e+02 5.4502398682e+02 5.4492401123e+02 5.4485302734e+02 5.4526702881e+02 5.4596997070e+02 5.4696997070e+02 5.4817602539e+02 5.4877899170e+02 5.4891699219e+02 5.4891900635e+02 5.4896197510e+02 5.4899597168e+02 5.4902197266e+02 5.4905603027e+02 5.4903002930e+02 5.4907598877e+02 5.4938299561e+02 5.4994097900e+02 5.5058099365e+02 5.5099700928e+02 5.5117401123e+02 5.5117297363e+02 5.5118902588e+02 5.5128900146e+02 5.5148498535e+02 5.5183001709e+02 5.5224298096e+02 5.5260900879e+02 5.5296997070e+02 5.5341497803e+02 5.5372100830e+02 5.5377801514e+02 5.5379901123e+02 5.5391601563e+02 5.5440802002e+02 5.5487402344e+02 5.5518701172e+02 5.5532299805e+02 5.5549499512e+02
