TESTSERVER/18/19.asc
NCOLS 100
NROWS 100
XLLCORNER 8.3997500000e+03
YLLCORNER 2.8900025000e+05
CELLSIZE 5.0000000000e-01
NODATA_VALUE -9.9990000000e+03
[rows 40 to 59 of 100, columns 0 to 45 of 100]
5.4012500000e+02 5.4016497803e+02 5.4021301270e+02 5.4025500488e+02 5.4029400635e+02 5.4033197021e+02 5.4036798096e+02 5.4040802002e+02 5.4044500732e+02 5.4048297119e+02 5.4051599121e+02 5.4056500244e+02 5.4061297607e+02 5.4066497803e+02 5.4072198486e+02 5.4079199219e+02 5.4085601807e+02 5.4092199707e+02 5.4099102783e+02 5.4104699707e+02 5.4109399414e+02 5.4113598633e+02 5.4117297363e+02 5.4118597412e+02 5.4120397949e+02 5.4121997070e+02 5.4122802734e+02 5.4124597168e+02 5.4127197266e+02 5.4130200195e+02 5.4134002686e+02 5.4137597656e+02 5.4140197754e+02 5.4142498779e+02 5.4144299316e+02 5.4146002197e+02 5.4148400879e+02 5.4150799561e+02 5.4154101563e+02 5.4156500244e+02 5.4159399414e+02 5.4161798096e+02 5.4164099121e+02 5.4162701416e+02 5.4159600830e+02 5.4155999756e+02
5.4013397217e+02 5.4017401123e+02 5.4021697998e+02 5.4025701904e+02 5.4029302979e+02 5.4033001709e+02 5.4036499023e+02 5.4040002441e+02 5.4043499756e+02 5.4047100830e+02 5.4050799561e+02 5.4055297852e+02 5.4059802246e+02 5.4064697266e+02 5.4070697021e+02 5.4077301025e+02 5.4083300781e+02 5.4089202881e+02 5.4095898438e+02 5.4101397705e+02 5.4105999756e+02 5.4110101318e+02 5.4113299561e+02 5.4114801025e+02 5.4116601563e+02 5.4118298340e+02 5.4119799805e+02 5.4121997070e+02 5.4124597168e+02 5.4127502441e+02 5.4131201172e+02 5.4134698486e+02 5.4137597656e+02 5.4140197754e+02 5.4142102051e+02 5.4144097900e+02 5.4147100830e+02 5.4150402832e+02 5.4154101563e+02 5.4158001709e+02 5.4161700439e+02 5.4165197754e+02 5.4168798828e+02 5.4168902588e+02 5.4166101074e+02 5.4161999512e+02
5.4014202881e+02 5.4018103027e+02 5.4022100830e+02 5.4025799561e+02 5.4029400635e+02 5.4032897949e+02 5.4036297607e+02 5.4039599609e+02 5.4043103027e+02 5.4046600342e+02 5.4050097656e+02 5.4054199219e+02 5.4058697510e+02 5.4063397217e+02 5.4069000244e+02 5.4075000000e+02 5.4080401611e+02 5.4085900879e+02 5.4092102051e+02 5.4097497559e+02 5.4101898193e+02 5.4105902100e+02 5.4108898926e+02 5.4110498047e+02 5.4112799072e+02 5.4114898682e+02 5.4116601563e+02 5.4119000244e+02 5.4121801758e+02 5.4124902344e+02 5.4128399658e+02 5.4131799316e+02 5.4134698486e+02 5.4137597656e+02 5.4140002441e+02 5.4142602539e+02 5.4145800781e+02 5.4149298096e+02 5.4153802490e+02 5.4158898926e+02 5.4163299561e+02 5.4167602539e+02 5.4173199463e+02 5.4175799561e+02 5.4173400879e+02 5.4168902588e+02
5.4015197754e+02 5.4018798828e+02 5.4022399902e+02 5.4025799561e+02 5.4029302979e+02 5.4032800293e+02 5.4036199951e+02 5.4039398193e+02 5.4042797852e+02 5.4046301270e+02 5.4049597168e+02 5.4053399658e+02 5.4057702637e+02 5.4062298584e+02 5.4067401123e+02 5.4072399902e+02 5.4077197266e+02 5.4082202148e+02 5.4087701416e+02 5.4092901611e+02 5.4097100830e+02 5.4101000977e+02 5.4103802490e+02 5.4105902100e+02 5.4108599854e+02 5.4111102295e+02 5.4113201904e+02 5.4115899658e+02 5.4119000244e+02 5.4122302246e+02 5.4125701904e+02 5.4128997803e+02 5.4132202148e+02 5.4135198975e+02 5.4137902832e+02 5.4140899658e+02 5.4144396973e+02 5.4148199463e+02 5.4153100586e+02 5.4159100342e+02 5.4164300537e+02 5.4169299316e+02 5.4176599121e+02 5.4181402588e+02 5.4179998779e+02 5.4175500488e+02
5.4016400146e+02 5.4019097900e+02 5.4022399902e+02 5.4026000977e+02 5.4029199219e+02 5.4032598877e+02 5.4036499023e+02 5.4039599609e+02 5.4042901611e+02 5.4046197510e+02 5.4050000000e+02 5.4053399658e+02 5.4056896973e+02 5.4060498047e+02 5.4063598633e+02 5.4069299316e+02 5.4073199463e+02 5.4077099609e+02 5.4080902100e+02 5.4086499023e+02 5.4090197754e+02 5.4094097900e+02 5.4096899414e+02 5.4100500488e+02 5.4103698730e+02 5.4107000732e+02 5.4110198975e+02 5.4113000488e+02 5.4116400146e+02 5.4119702148e+02 5.4123297119e+02 5.4126800537e+02 5.4130102539e+02 5.4133197021e+02 5.4135998535e+02 5.4139202881e+02 5.4142999268e+02 5.4147198486e+02 5.4152099609e+02 5.4158197021e+02 5.4164001465e+02 5.4169897461e+02 5.4177301025e+02 5.4183398438e+02 5.4183502197e+02 5.4180700684e+02
5.4016998291e+02 5.4019000244e+02 5.4022198486e+02 5.4025799561e+02 5.4028997803e+02 5.4032501221e+02 5.4036401367e+02 5.4040002441e+02 5.4043298340e+02 5.4046502686e+02 5.4050299072e+02 5.4053900146e+02 5.4056701660e+02 5.4059002686e+02 5.4062097168e+02 5.4066198730e+02 5.4069097900e+02 5.4072100830e+02 5.4075402832e+02 5.4078802490e+02 5.4082202148e+02 5.4086102295e+02 5.4090502930e+02 5.4094396973e+02 5.4098297119e+02 5.4102301025e+02 5.4106298828e+02 5.4110101318e+02 5.4113800049e+02 5.4117401123e+02 5.4121099854e+02 5.4124798584e+02 5.4128100586e+02 5.4131298828e+02 5.4134100342e+02 5.4137298584e+02 5.4141302490e+02 5.4145800781e+02 5.4150897217e+02 5.4156701660e+02 5.4162402344e+02 5.4168103027e+02 5.4175799561e+02 5.4181402588e+02 5.4182897949e+02 5.4182299805e+02
5.4016400146e+02 5.4018499756e+02 5.4021502686e+02 5.4024902344e+02 5.4028302002e+02 5.4031896973e+02 5.4035900879e+02 5.4039599609e+02 5.4043200684e+02 5.4046600342e+02 5.4050299072e+02 5.4053601074e+02 5.4056097412e+02 5.4058300781e+02 5.4060498047e+02 5.4063201904e+02 5.4065600586e+02 5.4067901611e+02 5.4070098877e+02 5.4072698975e+02 5.4075897217e+02 5.4079699707e+02 5.4084399414e+02 5.4089001465e+02 5.4093298340e+02 5.4097802734e+02 5.4102600098e+02 5.4107098389e+02 5.4111199951e+02 5.4115100098e+02 5.4119000244e+02 5.4122601318e+02 5.4126000977e+02 5.4129302979e+02 5.4132202148e+02 5.4135601807e+02 5.4139801025e+02 5.4144299316e+02 5.4149700928e+02 5.4155401611e+02 5.4160900879e+02 5.4166497803e+02 5.4173797607e+02 5.4179797363e+02 5.4182299805e+02 5.4182897949e+02
5.4015100098e+02 5.4017199707e+02 5.4020202637e+02 5.4023602295e+02 5.4027197266e+02 5.4030902100e+02 5.4034997559e+02 5.4039001465e+02 5.4042700195e+02 5.4046398926e+02 5.4050000000e+02 5.4052801514e+02 5.4055200195e+02 5.4057202148e+02 5.4058599854e+02 5.4060198975e+02 5.4061901855e+02 5.4063702393e+02 5.4064898682e+02 5.4066998291e+02 5.4070098877e+02 5.4073797607e+02 5.4078601074e+02 5.4083898926e+02 5.4088702393e+02 5.4093499756e+02 5.4098901367e+02 5.4103997803e+02 5.4108502197e+02 5.4112902832e+02 5.4116802979e+02 5.4120397949e+02 5.4123901367e+02 5.4127301025e+02 5.4130297852e+02 5.4133898926e+02 5.4138201904e+02 5.4142901611e+02 5.4148297119e+02 5.4153900146e+02 5.4159301758e+02 5.4164599609e+02 5.4171398926e+02 5.4177600098e+02 5.4180999756e+02 5.4182702637e+02
5.4013000488e+02 5.4015301514e+02 5.4017797852e+02 5.4021697998e+02 5.4025500488e+02 5.4029602051e+02 5.4034301758e+02 5.4038299561e+02 5.4042297363e+02 5.4046099854e+02 5.4050097656e+02 5.4052001953e+02 5.4053997803e+02 5.4055401611e+02 5.4056298828e+02 5.4056799316e+02 5.4057299805e+02 5.4057897949e+02 5.4057702637e+02 5.4061499023e+02 5.4064300537e+02 5.4067797852e+02 5.4072198486e+02 5.4078698730e+02 5.4084002686e+02 5.4089599609e+02 5.4095800781e+02 5.4101202393e+02 5.4106201172e+02 5.4110998535e+02 5.4115301514e+02 5.4118402100e+02 5.4121997070e+02 5.4125598145e+02 5.4129199219e+02 5.4132501221e+02 5.4136798096e+02 5.4141400146e+02 5.4146600342e+02 5.4152197266e+02 5.4157202148e+02 5.4162298584e+02 5.4167297363e+02 5.4173400879e+02 5.4177502441e+02 5.4180902100e+02
5.4010101318e+02 5.4012500000e+02 5.4015399170e+02 5.4019299316e+02 5.4023199463e+02 5.4027398682e+02 5.4032202148e+02 5.4036700439e+02 5.4040698242e+02 5.4044500732e+02 5.4048101807e+02 5.4050402832e+02 5.4052099609e+02 5.4053100586e+02 5.4053698730e+02 5.4053601074e+02 5.4053601074e+02 5.4053601074e+02 5.4054199219e+02 5.4056896973e+02 5.4059698486e+02 5.4063201904e+02 5.4068298340e+02 5.4074200439e+02 5.4079797363e+02 5.4085699463e+02 5.4092199707e+02 5.4098199463e+02 5.4103399658e+02 5.4108300781e+02 5.4112597656e+02 5.4116198730e+02 5.4120098877e+02 5.4123901367e+02 5.4127398682e+02 5.4131201172e+02 5.4135400391e+02 5.4139801025e+02 5.4144799805e+02 5.4150201416e+02 5.4154998779e+02 5.4159899902e+02 5.4165002441e+02 5.4169598389e+02 5.4173797607e+02 5.4177801514e+02
5.4007299805e+02 5.4009802246e+02 5.4012902832e+02 5.4016802979e+02 5.4020697021e+02 5.4024902344e+02 5.4029797363e+02 5.4034399414e+02 5.4038201904e+02 5.4041998291e+02 5.4045501709e+02 5.4047998047e+02 5.4049700928e+02 5.4050799561e+02 5.4050897217e+02 5.4050500488e+02 5.4050701904e+02 5.4050897217e+02 5.4051202393e+02 5.4053198242e+02 5.4056097412e+02 5.4059698486e+02 5.4064697266e+02 5.4070697021e+02 5.4076300049e+02 5.4082202148e+02 5.4088897705e+02 5.4095001221e+02 5.4100201416e+02 5.4105200195e+02 5.4109600830e+02 5.4113702393e+02 5.4117700195e+02 5.4121600342e+02 5.4125299072e+02 5.4129302979e+02 5.4133502197e+02 5.4138000488e+02 5.4142901611e+02 5.4147998047e+02 5.4152697754e+02 5.4157397461e+02 5.4162298584e+02 5.4166900635e+02 5.4171197510e+02 5.4175201416e+02
5.4004498291e+02 5.4007202148e+02 5.4010400391e+02 5.4014300537e+02 5.4018103027e+02 5.4022198486e+02 5.4027099609e+02 5.4031597900e+02 5.4035400391e+02 5.4039001465e+02 5.4042602539e+02 5.4045098877e+02 5.4046899414e+02 5.4047998047e+02 5.4047998047e+02 5.4047601318e+02 5.4047998047e+02 5.4048400879e+02 5.4048400879e+02 5.4050097656e+02 5.4053002930e+02 5.4056597900e+02 5.4061700439e+02 5.4067602539e+02 5.4073199463e+02 5.4078997803e+02 5.4085699463e+02 5.4091802979e+02 5.4097100830e+02 5.4102001953e+02 5.4106701660e+02 5.4110998535e+02 5.4115197754e+02 5.4119201660e+02 5.4122998047e+02 5.4127099609e+02 5.4131500244e+02 5.4135998535e+02 5.4140802002e+02 5.4145501709e+02 5.4150201416e+02 5.4154797363e+02 5.4159497070e+02 5.4164099121e+02 5.4168298340e+02 5.4172302246e+02
5.4001702881e+02 5.4004602051e+02 5.4008099365e+02 5.4011798096e+02 5.4015502930e+02 5.4019299316e+02 5.4023199463e+02 5.4028002930e+02 5.4031701660e+02 5.4035400391e+02 5.4038800049e+02 5.4041302490e+02 5.4043200684e+02 5.4044702148e+02 5.4044799805e+02 5.4044799805e+02 5.4045501709e+02 5.4046301270e+02 5.4046997070e+02 5.4047998047e+02 5.4050799561e+02 5.4054302979e+02 5.4059301758e+02 5.4065100098e+02 5.4070501709e+02 5.4076098633e+02 5.4082299805e+02 5.4088500977e+02 5.4093701172e+02 5.4098797607e+02 5.4103302002e+02 5.4107800293e+02 5.4112298584e+02 5.4116699219e+02 5.4120898438e+02 5.4124700928e+02 5.4129199219e+02 5.4133801270e+02 5.4138500977e+02 5.4142901611e+02 5.4147302246e+02 5.4151702881e+02 5.4155902100e+02 5.4160400391e+02 5.4164398193e+02 5.4168402100e+02
5.3999200439e+02 5.4002001953e+02 5.4005499268e+02 5.4009301758e+02 5.4012701416e+02 5.4016101074e+02 5.4019799805e+02 5.4023901367e+02 5.4027600098e+02 5.4031201172e+02 5.4034497070e+02 5.4036602783e+02 5.4038702393e+02 5.4040600586e+02 5.4041601563e+02 5.4042199707e+02 5.4043402100e+02 5.4044396973e+02 5.4045001221e+02 5.4046997070e+02 5.4049798584e+02 5.4053198242e+02 5.4057800293e+02 5.4063299561e+02 5.4068402100e+02 5.4073602295e+02 5.4079602051e+02 5.4085198975e+02 5.4090197754e+02 5.4095300293e+02 5.4099902344e+02 5.4104199219e+02 5.4108898926e+02 5.4113500977e+02 5.4117700195e+02 5.4121697998e+02 5.4126300049e+02 5.4130902100e+02 5.4135400391e+02 5.4139801025e+02 5.4144201660e+02 5.4148602295e+02 5.4152899170e+02 5.4156701660e+02 5.4160601807e+02 5.4164501953e+02
5.3996801758e+02 5.3999499512e+02 5.4002899170e+02 5.4006402588e+02 5.4009698486e+02 5.4012902832e+02 5.4016302490e+02 5.4020098877e+02 5.4023602295e+02 5.4027099609e+02 5.4030200195e+02 5.4032501221e+02 5.4034899902e+02 5.4036901855e+02 5.4038500977e+02 5.4039599609e+02 5.4040899658e+02 5.4042102051e+02 5.4043200684e+02 5.4045397949e+02 5.4048297119e+02 5.4051702881e+02 5.4056097412e+02 5.4061102295e+02 5.4066101074e+02 5.4071197510e+02 5.4076800537e+02 5.4082000732e+02 5.4086999512e+02 5.4091802979e+02 5.4096398926e+02 5.4100799561e+02 5.4105401611e+02 5.4110101318e+02 5.4114501953e+02 5.4118701172e+02 5.4123297119e+02 5.4127899170e+02 5.4132397461e+02 5.4136798096e+02 5.4141198730e+02 5.4145599365e+02 5.4149798584e+02 5.4153601074e+02 5.4157501221e+02 5.4161401367e+02
5.3994299316e+02 5.3996997070e+02 5.4000201416e+02 5.4003399658e+02 5.4006500244e+02 5.4009497070e+02 5.4012701416e+02 5.4016302490e+02 5.4019598389e+02 5.4022900391e+02 5.4026000977e+02 5.4028601074e+02 5.4031201172e+02 5.4033502197e+02 5.4035400391e+02 5.4036999512e+02 5.4038397217e+02 5.4039801025e+02 5.4041198730e+02 5.4043597412e+02 5.4046600342e+02 5.4050097656e+02 5.4054302979e+02 5.4059002686e+02 5.4063800049e+02 5.4068798828e+02 5.4073999023e+02 5.4078802490e+02 5.4083599854e+02 5.4088299561e+02 5.4092797852e+02 5.4097399902e+02 5.4102099609e+02 5.4106701660e+02 5.4111297607e+02 5.4115698242e+02 5.4120300293e+02 5.4124798584e+02 5.4129400635e+02 5.4133898926e+02 5.4138201904e+02 5.4142602539e+02 5.4146801758e+02 5.4150500488e+02 5.4154400635e+02 5.4158300781e+02
5.3991998291e+02 5.3994500732e+02 5.3997100830e+02 5.4000201416e+02 5.4003100586e+02 5.4006298828e+02 5.4009497070e+02 5.4012097168e+02 5.4015197754e+02 5.4018402100e+02 5.4021899414e+02 5.4025201416e+02 5.4028002930e+02 5.4030401611e+02 5.4032501221e+02 5.4034399414e+02 5.4036102295e+02 5.4037902832e+02 5.4039599609e+02 5.4041601563e+02 5.4044598389e+02 5.4048101807e+02 5.4052697754e+02 5.4057000732e+02 5.4061401367e+02 5.4065899658e+02 5.4070098877e+02 5.4075402832e+02 5.4080102539e+02 5.4084698486e+02 5.4089501953e+02 5.4094097900e+02 5.4098797607e+02 5.4103497314e+02 5.4108197021e+02 5.4112701416e+02 5.4117401123e+02 5.4121997070e+02 5.4127001953e+02 5.4130999756e+02 5.4135302734e+02 5.4139501953e+02 5.4143298340e+02 5.4147302246e+02 5.4151300049e+02 5.4155297852e+02
5.3989599609e+02 5.3991699219e+02 5.3993798828e+02 5.3996398926e+02 5.3999401855e+02 5.4002600098e+02 5.4005603027e+02 5.4008099365e+02 5.4011199951e+02 5.4014398193e+02 5.4018298340e+02 5.4022100830e+02 5.4025097656e+02 5.4027600098e+02 5.4029797363e+02 5.4032000732e+02 5.4033898926e+02 5.4035699463e+02 5.4037097168e+02 5.4039202881e+02 5.4042297363e+02 5.4046002197e+02 5.4050500488e+02 5.4054901123e+02 5.4059002686e+02 5.4063000488e+02 5.4067401123e+02 5.4072302246e+02 5.4076800537e+02 5.4081402588e+02 5.4086199951e+02 5.4090899658e+02 5.4095599365e+02 5.4100299072e+02 5.4104901123e+02 5.4109600830e+02 5.4114300537e+02 5.4119097900e+02 5.4123797607e+02 5.4128198242e+02 5.4132501221e+02 5.4136602783e+02 5.4140502930e+02 5.4144500732e+02 5.4148602295e+02 5.4152600098e+02
5.3986901855e+02 5.3988800049e+02 5.3990502930e+02 5.3992700195e+02 5.3995599365e+02 5.3998602295e+02 5.4001702881e+02 5.4004400635e+02 5.4007397461e+02 5.4010601807e+02 5.4014599609e+02 5.4018798828e+02 5.4021899414e+02 5.4024700928e+02 5.4026898193e+02 5.4028997803e+02 5.4031097412e+02 5.4033001709e+02 5.4034497070e+02 5.4036700439e+02 5.4039898682e+02 5.4043798828e+02 5.4048297119e+02 5.4052502441e+02 5.4056597900e+02 5.4060498047e+02 5.4064697266e+02 5.4069299316e+02 5.4073602295e+02 5.4078100586e+02 5.4082800293e+02 5.4087597656e+02 5.4092401123e+02 5.4096997070e+02 5.4101702881e+02 5.4106402588e+02 5.4111102295e+02 5.4115899658e+02 5.4120697021e+02 5.4125201416e+02 5.4129498291e+02 5.4133697510e+02 5.4137701416e+02 5.4141699219e+02 5.4145800781e+02 5.4149798584e+02
5.3984100342e+02 5.3985699463e+02 5.3986901855e+02 5.3989001465e+02 5.3991699219e+02 5.3994702148e+02 5.3997802734e+02 5.4000500488e+02 5.4003497314e+02 5.4006701660e+02 5.4010699463e+02 5.4015197754e+02 5.4018701172e+02 5.4021801758e+02 5.4023901367e+02 5.4025799561e+02 5.4027899170e+02 5.4029998779e+02 5.4031597900e+02 5.4033898926e+02 5.4037298584e+02 5.4041302490e+02 5.4045898438e+02 5.4050097656e+02 5.4054101563e+02 5.4058099365e+02 5.4061999512e+02 5.4066101074e+02 5.4070300293e+02 5.4074700928e+02 5.4079400635e+02 5.4084399414e+02 5.4089001465e+02 5.4093798828e+02 5.4098400879e+02 5.4103198242e+02 5.4108001709e+02 5.4112701416e+02 5.4117498779e+02 5.4122198486e+02 5.4126599121e+02 5.4130902100e+02 5.4134997559e+02 5.4138897705e+02 5.4142999268e+02 5.4147100830e+02
