TESTSERVER/18/19.asc
NCOLS 100
NROWS 100
XLLCORNER 8.3997500000e+03
YLLCORNER 2.8900025000e+05
CELLSIZE 5.0000000000e-01
NODATA_VALUE -9.9990000000e+03
[rows 60 to 79 of 100, columns 46 to 91 of 100]
5.4148199463e+02 5.4152600098e+02 5.4156799316e+02 5.4161102295e+02 5.4165399170e+02 5.4170898438e+02 5.4175799561e+02 5.4180499268e+02 5.4185302734e+02 5.4190002441e+02 5.4194598389e+02 5.4198901367e+02 5.4203198242e+02 5.4207000732e+02 5.4208697510e+02 5.4209399414e+02 5.4209600830e+02 5.4209698486e+02 5.4210699463e+02 5.4211999512e+02 5.4213201904e+02 5.4217700195e+02 5.4219396973e+02 5.4219897461e+02 5.4223400879e+02 5.4228100586e+02 5.4229699707e+02 5.4231402588e+02 5.4233099365e+02 5.4236297607e+02 5.4240802002e+02 5.4242901611e+02 5.4244799805e+02 5.4247601318e+02 5.4250402832e+02 5.4253100586e+02 5.4256701660e+02 5.4259002686e+02 5.4260699463e+02 5.4261499023e+02 5.4262402344e+02 5.4263299561e+02 5.4263500977e+02 5.4263397217e+02 5.4262298584e+02 5.4277600098e+02
5.4145898438e+02 5.4150000000e+02 5.4154498291e+02 5.4159002686e+02 5.4163598633e+02 5.4168701172e+02 5.4173797607e+02 5.4178900146e+02 5.4183898926e+02 5.4188500977e+02 5.4193200684e+02 5.4197802734e+02 5.4203002930e+02 5.4207299805e+02 5.4209802246e+02 5.4211401367e+02 5.4212597656e+02 5.4213299561e+02 5.4213000488e+02 5.4213201904e+02 5.4214801025e+02 5.4218597412e+02 5.4221099854e+02 5.4222198486e+02 5.4225299072e+02 5.4229498291e+02 5.4231500244e+02 5.4233502197e+02 5.4236102295e+02 5.4238897705e+02 5.4241400146e+02 5.4243103027e+02 5.4247198486e+02 5.4249902344e+02 5.4251599121e+02 5.4253399658e+02 5.4256500244e+02 5.4259698486e+02 5.4262200928e+02 5.4263598633e+02 5.4264501953e+02 5.4266400146e+02 5.4267999268e+02 5.4268701172e+02 5.4266802979e+02 5.4276202393e+02
5.4143597412e+02 5.4147998047e+02 5.4152600098e+02 5.4157299805e+02 5.4162097168e+02 5.4167102051e+02 5.4172198486e+02 5.4177301025e+02 5.4182598877e+02 5.4187597656e+02 5.4192498779e+02 5.4197198486e+02 5.4202502441e+02 5.4207202148e+02 5.4210302734e+02 5.4212500000e+02 5.4214202881e+02 5.4216302490e+02 5.4216101074e+02 5.4215502930e+02 5.4217297363e+02 5.4220397949e+02 5.4222998047e+02 5.4224597168e+02 5.4227301025e+02 5.4230401611e+02 5.4232501221e+02 5.4235302734e+02 5.4238897705e+02 5.4241802979e+02 5.4242700195e+02 5.4243597412e+02 5.4248199463e+02 5.4250897217e+02 5.4253002930e+02 5.4254901123e+02 5.4257000732e+02 5.4260699463e+02 5.4263201904e+02 5.4264801025e+02 5.4265997314e+02 5.4268103027e+02 5.4270397949e+02 5.4272100830e+02 5.4271301270e+02 5.4277001953e+02
5.4141497803e+02 5.4146197510e+02 5.4151000977e+02 5.4155902100e+02 5.4160797119e+02 5.4165698242e+02 5.4170800781e+02 5.4176000977e+02 5.4181402588e+02 5.4186700439e+02 5.4191802979e+02 5.4196697998e+02 5.4201898193e+02 5.4206701660e+02 5.4210302734e+02 5.4213000488e+02 5.4214697266e+02 5.4217297363e+02 5.4218402100e+02 5.4218298340e+02 5.4219702148e+02 5.4221600342e+02 5.4223602295e+02 5.4225701904e+02 5.4229199219e+02 5.4231298828e+02 5.4233300781e+02 5.4236602783e+02 5.4240399170e+02 5.4244299316e+02 5.4245001221e+02 5.4245697021e+02 5.4249499512e+02 5.4252398682e+02 5.4255499268e+02 5.4258001709e+02 5.4258697510e+02 5.4261700439e+02 5.4264202881e+02 5.4265899658e+02 5.4267602539e+02 5.4269799805e+02 5.4272497559e+02 5.4274798584e+02 5.4275500488e+02 5.4278997803e+02
5.4140301514e+02 5.4144799805e+02 5.4149700928e+02 5.4154699707e+02 5.4159497070e+02 5.4164501953e+02 5.4169799805e+02 5.4175097656e+02 5.4180999756e+02 5.4185998535e+02 5.4191101074e+02 5.4196099854e+02 5.4201300049e+02 5.4206201172e+02 5.4209899902e+02 5.4213000488e+02 5.4215100098e+02 5.4217602539e+02 5.4219000244e+02 5.4220300293e+02 5.4221502686e+02 5.4223101807e+02 5.4224798584e+02 5.4227398682e+02 5.4231402588e+02 5.4233898926e+02 5.4235900879e+02 5.4238897705e+02 5.4241998291e+02 5.4245599365e+02 5.4248101807e+02 5.4249902344e+02 5.4252502441e+02 5.4254998779e+02 5.4258197021e+02 5.4260101318e+02 5.4260400391e+02 5.4263000488e+02 5.4265399170e+02 5.4267498779e+02 5.4270001221e+02 5.4272302246e+02 5.4275000000e+02 5.4277697754e+02 5.4279901123e+02 5.4283502197e+02
5.4137902832e+02 5.4143402100e+02 5.4148602295e+02 5.4153698730e+02 5.4158502197e+02 5.4163500977e+02 5.4168902588e+02 5.4174401855e+02 5.4180102539e+02 5.4185498047e+02 5.4190802002e+02 5.4196002197e+02 5.4201397705e+02 5.4206500244e+02 5.4210302734e+02 5.4213098145e+02 5.4214898682e+02 5.4216802979e+02 5.4218402100e+02 5.4221197510e+02 5.4223999023e+02 5.4226000977e+02 5.4226898193e+02 5.4229797363e+02 5.4233502197e+02 5.4236102295e+02 5.4238397217e+02 5.4241198730e+02 5.4243200684e+02 5.4247601318e+02 5.4250402832e+02 5.4252600098e+02 5.4254998779e+02 5.4256298828e+02 5.4259100342e+02 5.4261199951e+02 5.4262402344e+02 5.4265399170e+02 5.4267700195e+02 5.4269702148e+02 5.4272698975e+02 5.4273797607e+02 5.4276202393e+02 5.4279101563e+02 5.4281402588e+02 5.4284301758e+02
5.4135601807e+02 5.4141699219e+02 5.4147198486e+02 5.4152600098e+02 5.4157501221e+02 5.4162500000e+02 5.4167901611e+02 5.4173400879e+02 5.4179199219e+02 5.4184899902e+02 5.4190502930e+02 5.4195898438e+02 5.4201599121e+02 5.4206799316e+02 5.4210699463e+02 5.4213397217e+02 5.4214898682e+02 5.4216400146e+02 5.4218103027e+02 5.4221697998e+02 5.4225897217e+02 5.4227899170e+02 5.4229699707e+02 5.4232501221e+02 5.4234197998e+02 5.4235797119e+02 5.4239300537e+02 5.4242901611e+02 5.4244897461e+02 5.4248999023e+02 5.4251800537e+02 5.4254199219e+02 5.4257202148e+02 5.4259100342e+02 5.4261700439e+02 5.4263897705e+02 5.4264898682e+02 5.4267700195e+02 5.4270397949e+02 5.4272198486e+02 5.4274401855e+02 5.4275598145e+02 5.4278198242e+02 5.4281201172e+02 5.4283099365e+02 5.4284600830e+02
5.4133398438e+02 5.4139898682e+02 5.4145697021e+02 5.4151300049e+02 5.4156402588e+02 5.4161401367e+02 5.4166802979e+02 5.4172399902e+02 5.4178302002e+02 5.4184301758e+02 5.4190100098e+02 5.4195898438e+02 5.4201800537e+02 5.4207202148e+02 5.4210998535e+02 5.4213702393e+02 5.4214898682e+02 5.4215197754e+02 5.4216900635e+02 5.4221697998e+02 5.4227398682e+02 5.4230798340e+02 5.4233502197e+02 5.4235198975e+02 5.4236199951e+02 5.4237701416e+02 5.4241101074e+02 5.4244897461e+02 5.4246899414e+02 5.4250701904e+02 5.4253399658e+02 5.4255999756e+02 5.4259497070e+02 5.4262097168e+02 5.4264501953e+02 5.4265997314e+02 5.4267498779e+02 5.4270098877e+02 5.4273199463e+02 5.4275299072e+02 5.4276599121e+02 5.4278497314e+02 5.4280999756e+02 5.4283801270e+02 5.4285400391e+02 5.4286199951e+02
5.4131597900e+02 5.4138000488e+02 5.4143902588e+02 5.4149597168e+02 5.4154901123e+02 5.4160498047e+02 5.4166101074e+02 5.4171801758e+02 5.4178002930e+02 5.4183898926e+02 5.4190197754e+02 5.4196197510e+02 5.4202502441e+02 5.4208001709e+02 5.4212200928e+02 5.4214898682e+02 5.4215698242e+02 5.4213598633e+02 5.4215899658e+02 5.4221899414e+02 5.4228497314e+02 5.4235302734e+02 5.4238299561e+02 5.4238299561e+02 5.4238897705e+02 5.4240802002e+02 5.4243798828e+02 5.4247302246e+02 5.4250097656e+02 5.4253399658e+02 5.4255999756e+02 5.4258197021e+02 5.4261102295e+02 5.4263897705e+02 5.4266699219e+02 5.4268298340e+02 5.4269897461e+02 5.4272302246e+02 5.4275299072e+02 5.4278198242e+02 5.4280401611e+02 5.4280902100e+02 5.4283197021e+02 5.4285900879e+02 5.4288000488e+02 5.4289801025e+02
5.4129699707e+02 5.4135998535e+02 5.4141998291e+02 5.4147900391e+02 5.4153900146e+02 5.4159899902e+02 5.4165600586e+02 5.4171600342e+02 5.4177697754e+02 5.4184301758e+02 5.4190802002e+02 5.4196697998e+02 5.4202899170e+02 5.4209301758e+02 5.4213397217e+02 5.4215502930e+02 5.4215301514e+02 5.4213598633e+02 5.4215899658e+02 5.4222302246e+02 5.4228601074e+02 5.4236199951e+02 5.4241802979e+02 5.4243402100e+02 5.4243499756e+02 5.4244799805e+02 5.4246697998e+02 5.4249597168e+02 5.4252099609e+02 5.4255499268e+02 5.4257702637e+02 5.4259497070e+02 5.4263201904e+02 5.4266400146e+02 5.4269702148e+02 5.4270898438e+02 5.4271801758e+02 5.4274298096e+02 5.4277099609e+02 5.4280401611e+02 5.4283197021e+02 5.4283898926e+02 5.4285601807e+02 5.4288397217e+02 5.4290600586e+02 5.4292797852e+02
5.4127398682e+02 5.4133898926e+02 5.4140197754e+02 5.4146502686e+02 5.4152899170e+02 5.4158898926e+02 5.4164697266e+02 5.4170800781e+02 5.4177502441e+02 5.4184399414e+02 5.4190698242e+02 5.4196398926e+02 5.4202600098e+02 5.4208502197e+02 5.4211798096e+02 5.4213598633e+02 5.4213201904e+02 5.4213098145e+02 5.4216198730e+02 5.4222302246e+02 5.4228698730e+02 5.4235900879e+02 5.4242297363e+02 5.4245300293e+02 5.4246502686e+02 5.4247601318e+02 5.4248699951e+02 5.4251300049e+02 5.4253997803e+02 5.4257598877e+02 5.4259899902e+02 5.4261999512e+02 5.4266400146e+02 5.4269097900e+02 5.4272601318e+02 5.4274102783e+02 5.4274798584e+02 5.4277801514e+02 5.4280603027e+02 5.4282598877e+02 5.4283898926e+02 5.4285302734e+02 5.4287799072e+02 5.4290399170e+02 5.4292401123e+02 5.4295001221e+02
5.4124798584e+02 5.4131500244e+02 5.4138098145e+02 5.4145001221e+02 5.4151702881e+02 5.4157598877e+02 5.4163500977e+02 5.4169598389e+02 5.4177001953e+02 5.4184399414e+02 5.4190502930e+02 5.4196099854e+02 5.4201501465e+02 5.4205999756e+02 5.4208801270e+02 5.4210198975e+02 5.4209899902e+02 5.4212200928e+02 5.4216497803e+02 5.4222497559e+02 5.4229498291e+02 5.4235998535e+02 5.4241998291e+02 5.4245800781e+02 5.4247900391e+02 5.4249298096e+02 5.4250799561e+02 5.4253497314e+02 5.4255700684e+02 5.4259197998e+02 5.4261401367e+02 5.4263500977e+02 5.4268597412e+02 5.4271398926e+02 5.4274902344e+02 5.4276800537e+02 5.4278100586e+02 5.4282098389e+02 5.4284698486e+02 5.4285797119e+02 5.4286297607e+02 5.4287799072e+02 5.4290600586e+02 5.4292797852e+02 5.4294702148e+02 5.4297302246e+02
5.4121801758e+02 5.4128100586e+02 5.4135699463e+02 5.4144097900e+02 5.4153802490e+02 5.4156701660e+02 5.4161999512e+02 5.4167901611e+02 5.4177301025e+02 5.4186102295e+02 5.4192797852e+02 5.4198101807e+02 5.4203802490e+02 5.4202301025e+02 5.4204101563e+02 5.4205902100e+02 5.4208300781e+02 5.4212902832e+02 5.4218298340e+02 5.4223602295e+02 5.4228002930e+02 5.4236401367e+02 5.4242498779e+02 5.4246197510e+02 5.4248602295e+02 5.4251501465e+02 5.4254199219e+02 5.4256597900e+02 5.4257299805e+02 5.4261297607e+02 5.4263201904e+02 5.4265002441e+02 5.4269396973e+02 5.4273602295e+02 5.4276599121e+02 5.4278698730e+02 5.4280603027e+02 5.4284197998e+02 5.4285797119e+02 5.4288098145e+02 5.4291101074e+02 5.4292401123e+02 5.4294702148e+02 5.4296997070e+02 5.4299200439e+02 5.4300598145e+02
5.4118798828e+02 5.4125000000e+02 5.4133099365e+02 5.4142602539e+02 5.4151397705e+02 5.4155200195e+02 5.4159997559e+02 5.4165600586e+02 5.4174102783e+02 5.4183099365e+02 5.4189898682e+02 5.4195001221e+02 5.4197601318e+02 5.4197497559e+02 5.4200402832e+02 5.4204101563e+02 5.4207501221e+02 5.4213201904e+02 5.4219396973e+02 5.4224597168e+02 5.4228698730e+02 5.4234997559e+02 5.4241198730e+02 5.4245599365e+02 5.4249298096e+02 5.4252801514e+02 5.4256799316e+02 5.4259997559e+02 5.4261102295e+02 5.4263702393e+02 5.4265301514e+02 5.4267102051e+02 5.4271600342e+02 5.4275500488e+02 5.4278698730e+02 5.4280999756e+02 5.4282598877e+02 5.4286700439e+02 5.4288500977e+02 5.4291400146e+02 5.4293798828e+02 5.4294897461e+02 5.4296697998e+02 5.4299102783e+02 5.4301202393e+02 5.4303002930e+02
5.4115802002e+02 5.4122198486e+02 5.4129901123e+02 5.4138800049e+02 5.4147100830e+02 5.4151300049e+02 5.4156097412e+02 5.4161499023e+02 5.4168597412e+02 5.4175500488e+02 5.4181701660e+02 5.4186602783e+02 5.4189599609e+02 5.4191302490e+02 5.4196197510e+02 5.4201599121e+02 5.4206201172e+02 5.4212597656e+02 5.4219201660e+02 5.4224902344e+02 5.4229797363e+02 5.4234997559e+02 5.4240399170e+02 5.4245098877e+02 5.4250201416e+02 5.4254602051e+02 5.4258898926e+02 5.4262500000e+02 5.4264697266e+02 5.4266998291e+02 5.4268103027e+02 5.4270001221e+02 5.4274597168e+02 5.4277697754e+02 5.4280700684e+02 5.4282897949e+02 5.4284600830e+02 5.4289398193e+02 5.4291802979e+02 5.4294799805e+02 5.4296301270e+02 5.4297399902e+02 5.4299700928e+02 5.4302099609e+02 5.4303002930e+02 5.4305798340e+02
5.4113598633e+02 5.4119500732e+02 5.4126202393e+02 5.4133801270e+02 5.4141302490e+02 5.4145898438e+02 5.4150598145e+02 5.4155798340e+02 5.4161901855e+02 5.4167297363e+02 5.4172998047e+02 5.4178100586e+02 5.4182000732e+02 5.4185797119e+02 5.4191998291e+02 5.4198400879e+02 5.4204101563e+02 5.4211102295e+02 5.4217901611e+02 5.4224401855e+02 5.4229901123e+02 5.4235601807e+02 5.4241101074e+02 5.4246002197e+02 5.4251098633e+02 5.4256298828e+02 5.4260302734e+02 5.4263598633e+02 5.4266802979e+02 5.4270202637e+02 5.4271697998e+02 5.4273699951e+02 5.4277099609e+02 5.4279602051e+02 5.4282501221e+02 5.4285498047e+02 5.4287902832e+02 5.4292199707e+02 5.4294299316e+02 5.4296197510e+02 5.4298400879e+02 5.4300799561e+02 5.4303698730e+02 5.4305700684e+02 5.4305297852e+02 5.4308398438e+02
5.4114001465e+02 5.4117700195e+02 5.4122601318e+02 5.4127697754e+02 5.4131701660e+02 5.4138800049e+02 5.4144201660e+02 5.4149798584e+02 5.4155603027e+02 5.4160498047e+02 5.4166198730e+02 5.4171899414e+02 5.4177398682e+02 5.4182202148e+02 5.4188098145e+02 5.4193902588e+02 5.4200500488e+02 5.4207702637e+02 5.4214898682e+02 5.4222100830e+02 5.4227099609e+02 5.4234802246e+02 5.4241802979e+02 5.4247399902e+02 5.4253002930e+02 5.4257299805e+02 5.4261102295e+02 5.4264398193e+02 5.4268298340e+02 5.4273199463e+02 5.4276000977e+02 5.4277600098e+02 5.4279101563e+02 5.4281701660e+02 5.4284497070e+02 5.4288201904e+02 5.4291198730e+02 5.4295098877e+02 5.4297497559e+02 5.4299298096e+02 5.4302600098e+02 5.4303802490e+02 5.4306402588e+02 5.4308697510e+02 5.4309497070e+02 5.4311700439e+02
5.4113201904e+02 5.4118298340e+02 5.4122900391e+02 5.4127099609e+02 5.4131799316e+02 5.4137402344e+02 5.4142999268e+02 5.4148400879e+02 5.4153698730e+02 5.4158001709e+02 5.4163098145e+02 5.4168597412e+02 5.4173498535e+02 5.4179101563e+02 5.4186199951e+02 5.4192297363e+02 5.4198602295e+02 5.4204302979e+02 5.4211401367e+02 5.4219396973e+02 5.4225402832e+02 5.4233197021e+02 5.4240802002e+02 5.4247198486e+02 5.4253399658e+02 5.4257299805e+02 5.4261901855e+02 5.4266802979e+02 5.4271197510e+02 5.4275500488e+02 5.4279101563e+02 5.4281896973e+02 5.4283599854e+02 5.4285302734e+02 5.4287298584e+02 5.4290301514e+02 5.4292999268e+02 5.4296997070e+02 5.4299902344e+02 5.4302301025e+02 5.4305700684e+02 5.4306298828e+02 5.4308502197e+02 5.4311401367e+02 5.4313702393e+02 5.4315899658e+02
5.4112298584e+02 5.4118103027e+02 5.4122998047e+02 5.4127301025e+02 5.4132000732e+02 5.4137097168e+02 5.4142102051e+02 5.4147198486e+02 5.4152398682e+02 5.4156597900e+02 5.4161102295e+02 5.4166198730e+02 5.4170898438e+02 5.4177398682e+02 5.4185198975e+02 5.4191699219e+02 5.4197802734e+02 5.4203900146e+02 5.4210302734e+02 5.4217700195e+02 5.4225201416e+02 5.4233300781e+02 5.4240899658e+02 5.4247601318e+02 5.4254797363e+02 5.4258898926e+02 5.4263299561e+02 5.4268597412e+02 5.4273699951e+02 5.4277899170e+02 5.4281896973e+02 5.4285797119e+02 5.4288397217e+02 5.4288800049e+02 5.4290899658e+02 5.4293798828e+02 5.4295300293e+02 5.4299298096e+02 5.4301898193e+02 5.4304199219e+02 5.4308197021e+02 5.4308898926e+02 5.4311199951e+02 5.4314300537e+02 5.4316802979e+02 5.4318597412e+02
5.4111602783e+02 5.4117401123e+02 5.4122399902e+02 5.4126800537e+02 5.4131402588e+02 5.4136297607e+02 5.4141101074e+02 5.4146301270e+02 5.4151898193e+02 5.4156799316e+02 5.4161401367e+02 5.4166302490e+02 5.4171697998e+02 5.4178302002e+02 5.4184997559e+02 5.4190600586e+02 5.4196697998e+02 5.4204199219e+02 5.4210302734e+02 5.4216699219e+02 5.4225000000e+02 5.4234002686e+02 5.4241601563e+02 5.4248199463e+02 5.4255603027e+02 5.4260198975e+02 5.4264801025e+02 5.4270001221e+02 5.4276098633e+02 5.4280999756e+02 5.4284802246e+02 5.4288702393e+02 5.4292297363e+02 5.4292297363e+02 5.4294201660e+02 5.4297100830e+02 5.4298498535e+02 5.4302301025e+02 5.4304901123e+02 5.4307702637e+02 5.4311297607e+02 5.4312298584e+02 5.4314599609e+02 5.4317102051e+02 5.4319201660e+02 5.4321600342e+02
