TESTSERVER/18/2.asc
NCOLS 100
NROWS 100
XLLCORNER 8.3997500000e+03
YLLCORNER 2.8985025000e+05
CELLSIZE 5.0000000000e-01
NODATA_VALUE -9.9990000000e+03
[rows 40 to 59 of 100, columns 46 to 91 of 100]
7.1427801514e+02 7.1434698486e+02 7.1439300537e+02 7.1444799805e+02 7.1449499512e+02 7.1453399658e+02 7.1454199219e+02 7.1461901855e+02 7.1473901367e+02 7.1483001709e+02 7.1489202881e+02 7.1495898438e+02 7.1497100830e+02 7.1493103027e+02 7.1496502686e+02 7.1511199951e+02 7.1534802246e+02 7.1556097412e+02 7.1564398193e+02 7.1568798828e+02 7.1585998535e+02 7.1605499268e+02 7.1618298340e+02 7.1630401611e+02 7.1644201660e+02 7.1655102539e+02 7.1675000000e+02 7.1686602783e+02 7.1698400879e+02 7.1712597656e+02 7.1731701660e+02 7.1749102783e+02 7.1765197754e+02 7.1786499023e+02 7.1808898926e+02 7.1830798340e+02 7.1858197021e+02 7.1880401611e+02 7.1892199707e+02 7.1904101563e+02 7.1917901611e+02 7.1936999512e+02 7.1952398682e+02 7.1965399170e+02 7.1978802490e+02 7.1994000244e+02
7.1434497070e+02 7.1436499023e+02 7.1438800049e+02 7.1441497803e+02 7.1442901611e+02 7.1448297119e+02 7.1450897217e+02 7.1453198242e+02 7.1457397461e+02 7.1468798828e+02 7.1476898193e+02 7.1480297852e+02 7.1480499268e+02 7.1479101563e+02 7.1487902832e+02 7.1496002197e+02 7.1518798828e+02 7.1536602783e+02 7.1541699219e+02 7.1550402832e+02 7.1567901611e+02 7.1587597656e+02 7.1602398682e+02 7.1615197754e+02 7.1624700928e+02 7.1636297607e+02 7.1650897217e+02 7.1662701416e+02 7.1678198242e+02 7.1688897705e+02 7.1700799561e+02 7.1720599365e+02 7.1737701416e+02 7.1748999023e+02 7.1764801025e+02 7.1790399170e+02 7.1827398682e+02 7.1861798096e+02 7.1876599121e+02 7.1881597900e+02 7.1894097900e+02 7.1912298584e+02 7.1927697754e+02 7.1945098877e+02 7.1960101318e+02 7.1975000000e+02
7.1448999023e+02 7.1441802979e+02 7.1439099121e+02 7.1438000488e+02 7.1438702393e+02 7.1441198730e+02 7.1444000244e+02 7.1446002197e+02 7.1445599365e+02 7.1452801514e+02 7.1460601807e+02 7.1467102051e+02 7.1469702148e+02 7.1467901611e+02 7.1478100586e+02 7.1485198975e+02 7.1505700684e+02 7.1522900391e+02 7.1529199219e+02 7.1532598877e+02 7.1545697021e+02 7.1563098145e+02 7.1580297852e+02 7.1594201660e+02 7.1601501465e+02 7.1611798096e+02 7.1624597168e+02 7.1640197754e+02 7.1659100342e+02 7.1666497803e+02 7.1666699219e+02 7.1680297852e+02 7.1700201416e+02 7.1710198975e+02 7.1719897461e+02 7.1737097168e+02 7.1772399902e+02 7.1819897461e+02 7.1853802490e+02 7.1858801270e+02 7.1868597412e+02 7.1885797119e+02 7.1900598145e+02 7.1922302246e+02 7.1939801025e+02 7.1956097412e+02
7.1457501221e+02 7.1443701172e+02 7.1443798828e+02 7.1438397217e+02 7.1438299561e+02 7.1435797119e+02 7.1434802246e+02 7.1436401367e+02 7.1436999512e+02 7.1442199707e+02 7.1445599365e+02 7.1453302002e+02 7.1459399414e+02 7.1456097412e+02 7.1462799072e+02 7.1472302246e+02 7.1491400146e+02 7.1509100342e+02 7.1521197510e+02 7.1519799805e+02 7.1525299072e+02 7.1538000488e+02 7.1556097412e+02 7.1571801758e+02 7.1576800537e+02 7.1584301758e+02 7.1596099854e+02 7.1611901855e+02 7.1633697510e+02 7.1645501709e+02 7.1644897461e+02 7.1654101563e+02 7.1670501709e+02 7.1680297852e+02 7.1687701416e+02 7.1694598389e+02 7.1719396973e+02 7.1768200684e+02 7.1815197754e+02 7.1827398682e+02 7.1839801025e+02 7.1861700439e+02 7.1878100586e+02 7.1897900391e+02 7.1915002441e+02 7.1932800293e+02
7.1425402832e+02 7.1421997070e+02 7.1451702881e+02 7.1444000244e+02 7.1437200928e+02 7.1432202148e+02 7.1427398682e+02 7.1425598145e+02 7.1428002930e+02 7.1433001709e+02 7.1432098389e+02 7.1435302734e+02 7.1441900635e+02 7.1441198730e+02 7.1445202637e+02 7.1460900879e+02 7.1480499268e+02 7.1495397949e+02 7.1502697754e+02 7.1507598877e+02 7.1513299561e+02 7.1520800781e+02 7.1534197998e+02 7.1552398682e+02 7.1554498291e+02 7.1559100342e+02 7.1573498535e+02 7.1584100342e+02 7.1604400635e+02 7.1621697998e+02 7.1627502441e+02 7.1638201904e+02 7.1647601318e+02 7.1655902100e+02 7.1662500000e+02 7.1670300293e+02 7.1686499023e+02 7.1723901367e+02 7.1767999268e+02 7.1789898682e+02 7.1808599854e+02 7.1837902832e+02 7.1860601807e+02 7.1872698975e+02 7.1887402344e+02 7.1905297852e+02
7.1375598145e+02 7.1386999512e+02 7.1421697998e+02 7.1445599365e+02 7.1443200684e+02 7.1432800293e+02 7.1423498535e+02 7.1417999268e+02 7.1417999268e+02 7.1421899414e+02 7.1421398926e+02 7.1417700195e+02 7.1420098877e+02 7.1422100830e+02 7.1434100342e+02 7.1452099609e+02 7.1473999023e+02 7.1491998291e+02 7.1496301270e+02 7.1500000000e+02 7.1505700684e+02 7.1510400391e+02 7.1516302490e+02 7.1527398682e+02 7.1533599854e+02 7.1542797852e+02 7.1554498291e+02 7.1566998291e+02 7.1585302734e+02 7.1599902344e+02 7.1604901123e+02 7.1613201904e+02 7.1619500732e+02 7.1629699707e+02 7.1639202881e+02 7.1652600098e+02 7.1667901611e+02 7.1696301270e+02 7.1735998535e+02 7.1758599854e+02 7.1776000977e+02 7.1803900146e+02 7.1828302002e+02 7.1843701172e+02 7.1861901855e+02 7.1880999756e+02
7.1338800049e+02 7.1354602051e+02 7.1377398682e+02 7.1410400391e+02 7.1432299805e+02 7.1433398438e+02 7.1421398926e+02 7.1411901855e+02 7.1408300781e+02 7.1409698486e+02 7.1412200928e+02 7.1406701660e+02 7.1404199219e+02 7.1405603027e+02 7.1420001221e+02 7.1442401123e+02 7.1462902832e+02 7.1483697510e+02 7.1492102051e+02 7.1490502930e+02 7.1496301270e+02 7.1505798340e+02 7.1509100342e+02 7.1512200928e+02 7.1517498779e+02 7.1526898193e+02 7.1533300781e+02 7.1542999268e+02 7.1558801270e+02 7.1571502686e+02 7.1575299072e+02 7.1584100342e+02 7.1596301270e+02 7.1610101318e+02 7.1621002197e+02 7.1640698242e+02 7.1659497070e+02 7.1677600098e+02 7.1703002930e+02 7.1727398682e+02 7.1748199463e+02 7.1775897217e+02 7.1797302246e+02 7.1816302490e+02 7.1840899658e+02 7.1863000488e+02
7.1308898926e+02 7.1325598145e+02 7.1345300293e+02 7.1372900391e+02 7.1405798340e+02 7.1427600098e+02 7.1423699951e+02 7.1409301758e+02 7.1401599121e+02 7.1398699951e+02 7.1399700928e+02 7.1395697021e+02 7.1392498779e+02 7.1393298340e+02 7.1403302002e+02 7.1431597900e+02 7.1449298096e+02 7.1470202637e+02 7.1487298584e+02 7.1485797119e+02 7.1487200928e+02 7.1496502686e+02 7.1501702881e+02 7.1501702881e+02 7.1500897217e+02 7.1506097412e+02 7.1511999512e+02 7.1521502686e+02 7.1534997559e+02 7.1547998047e+02 7.1553601074e+02 7.1565197754e+02 7.1582098389e+02 7.1598400879e+02 7.1612097168e+02 7.1633599854e+02 7.1652697754e+02 7.1662799072e+02 7.1675897217e+02 7.1698999023e+02 7.1723199463e+02 7.1751000977e+02 7.1770202637e+02 7.1792797852e+02 7.1824102783e+02 7.1848602295e+02
7.1287097168e+02 7.1303900146e+02 7.1323297119e+02 7.1351000977e+02 7.1387298584e+02 7.1424102783e+02 7.1429400635e+02 7.1408197021e+02 7.1395098877e+02 7.1388299561e+02 7.1385900879e+02 7.1385198975e+02 7.1381597900e+02 7.1379901123e+02 7.1389898682e+02 7.1422998047e+02 7.1443798828e+02 7.1462200928e+02 7.1476898193e+02 7.1478198242e+02 7.1485198975e+02 7.1496997070e+02 7.1505700684e+02 7.1505102539e+02 7.1494500732e+02 7.1490399170e+02 7.1497198486e+02 7.1506097412e+02 7.1517797852e+02 7.1530999756e+02 7.1543597412e+02 7.1562799072e+02 7.1578302002e+02 7.1590197754e+02 7.1612799072e+02 7.1627899170e+02 7.1639599609e+02 7.1647802734e+02 7.1661199951e+02 7.1682897949e+02 7.1704901123e+02 7.1726599121e+02 7.1747100830e+02 7.1775299072e+02 7.1809399414e+02 7.1832299805e+02
7.1261901855e+02 7.1277301025e+02 7.1299700928e+02 7.1326300049e+02 7.1362402344e+02 7.1407800293e+02 7.1429400635e+02 7.1415600586e+02 7.1392700195e+02 7.1378802490e+02 7.1374700928e+02 7.1373602295e+02 7.1371899414e+02 7.1365997314e+02 7.1368597412e+02 7.1398901367e+02 7.1429199219e+02 7.1446801758e+02 7.1453601074e+02 7.1458300781e+02 7.1476599121e+02 7.1500402832e+02 7.1508300781e+02 7.1502697754e+02 7.1486199951e+02 7.1476800537e+02 7.1483099365e+02 7.1491101074e+02 7.1500201416e+02 7.1513098145e+02 7.1527099609e+02 7.1556896973e+02 7.1580102539e+02 7.1585198975e+02 7.1604699707e+02 7.1619500732e+02 7.1625201416e+02 7.1633099365e+02 7.1644201660e+02 7.1664801025e+02 7.1690197754e+02 7.1711901855e+02 7.1726000977e+02 7.1747497559e+02 7.1780499268e+02 7.1806799316e+02
7.1246099854e+02 7.1260797119e+02 7.1284399414e+02 7.1310302734e+02 7.1343103027e+02 7.1393499756e+02 7.1438397217e+02 7.1428198242e+02 7.1392102051e+02 7.1372100830e+02 7.1365802002e+02 7.1361199951e+02 7.1361700439e+02 7.1358898926e+02 7.1356597900e+02 7.1372900391e+02 7.1402502441e+02 7.1415698242e+02 7.1422198486e+02 7.1428399658e+02 7.1448699951e+02 7.1479498291e+02 7.1492297363e+02 7.1485998535e+02 7.1470098877e+02 7.1460699463e+02 7.1466601563e+02 7.1475598145e+02 7.1482000732e+02 7.1495397949e+02 7.1511798096e+02 7.1540802002e+02 7.1573297119e+02 7.1581799316e+02 7.1594201660e+02 7.1608197021e+02 7.1614202881e+02 7.1620501709e+02 7.1626898193e+02 7.1644500732e+02 7.1674102783e+02 7.1698498535e+02 7.1704797363e+02 7.1718103027e+02 7.1748602295e+02 7.1779998779e+02
7.1231701660e+02 7.1246398926e+02 7.1272497559e+02 7.1298101807e+02 7.1325299072e+02 7.1369396973e+02 7.1428997803e+02 7.1434100342e+02 7.1394598389e+02 7.1368701172e+02 7.1358300781e+02 7.1350402832e+02 7.1349798584e+02 7.1349298096e+02 7.1346801758e+02 7.1354199219e+02 7.1376800537e+02 7.1387097168e+02 7.1392297363e+02 7.1397302246e+02 7.1410900879e+02 7.1435601807e+02 7.1450402832e+02 7.1449401855e+02 7.1442901611e+02 7.1441302490e+02 7.1447198486e+02 7.1452801514e+02 7.1460797119e+02 7.1479498291e+02 7.1498498535e+02 7.1520098877e+02 7.1553601074e+02 7.1569897461e+02 7.1582299805e+02 7.1594799805e+02 7.1602398682e+02 7.1609197998e+02 7.1612799072e+02 7.1624700928e+02 7.1649298096e+02 7.1673602295e+02 7.1684802246e+02 7.1700201416e+02 7.1728601074e+02 7.1759399414e+02
7.1221099854e+02 7.1234497070e+02 7.1256097412e+02 7.1284997559e+02 7.1318499756e+02 7.1354699707e+02 7.1397802734e+02 7.1410400391e+02 7.1390197754e+02 7.1364697266e+02 7.1349401855e+02 7.1341198730e+02 7.1340399170e+02 7.1341400146e+02 7.1338598633e+02 7.1338299561e+02 7.1352398682e+02 7.1363702393e+02 7.1368597412e+02 7.1371398926e+02 7.1380902100e+02 7.1395697021e+02 7.1406896973e+02 7.1409997559e+02 7.1414001465e+02 7.1421697998e+02 7.1430401611e+02 7.1432897949e+02 7.1441998291e+02 7.1463397217e+02 7.1485601807e+02 7.1503698730e+02 7.1529302979e+02 7.1548199463e+02 7.1560998535e+02 7.1578601074e+02 7.1590399170e+02 7.1600201416e+02 7.1605999756e+02 7.1610797119e+02 7.1623498535e+02 7.1642102051e+02 7.1667602539e+02 7.1689599609e+02 7.1714801025e+02 7.1739099121e+02
7.1209301758e+02 7.1224102783e+02 7.1244897461e+02 7.1272698975e+02 7.1309100342e+02 7.1342498779e+02 7.1371002197e+02 7.1382702637e+02 7.1373297119e+02 7.1357501221e+02 7.1343902588e+02 7.1333697510e+02 7.1330700684e+02 7.1329699707e+02 7.1329400635e+02 7.1327197266e+02 7.1334997559e+02 7.1345599365e+02 7.1349499512e+02 7.1351397705e+02 7.1357397461e+02 7.1368298340e+02 7.1378802490e+02 7.1384497070e+02 7.1390600586e+02 7.1400598145e+02 7.1410302734e+02 7.1419897461e+02 7.1432397461e+02 7.1447900391e+02 7.1463598633e+02 7.1482598877e+02 7.1510601807e+02 7.1533001709e+02 7.1544000244e+02 7.1558898926e+02 7.1576098633e+02 7.1592498779e+02 7.1598901367e+02 7.1602697754e+02 7.1611700439e+02 7.1628698730e+02 7.1648297119e+02 7.1665197754e+02 7.1689599609e+02 7.1712500000e+02
7.1200897217e+02 7.1218798828e+02 7.1238201904e+02 7.1259997559e+02 7.1289801025e+02 7.1319299316e+02 7.1344097900e+02 7.1358599854e+02 7.1357800293e+02 7.1352301025e+02 7.1339300537e+02 7.1324200439e+02 7.1319201660e+02 7.1317797852e+02 7.1319097900e+02 7.1317700195e+02 7.1318798828e+02 7.1327801514e+02 7.1331597900e+02 7.1333502197e+02 7.1340301514e+02 7.1349401855e+02 7.1358697510e+02 7.1366497803e+02 7.1372302246e+02 7.1380603027e+02 7.1389501953e+02 7.1401202393e+02 7.1412500000e+02 7.1423699951e+02 7.1441101074e+02 7.1462500000e+02 7.1486499023e+02 7.1509002686e+02 7.1525097656e+02 7.1540197754e+02 7.1558898926e+02 7.1575598145e+02 7.1582202148e+02 7.1589099121e+02 7.1599499512e+02 7.1614801025e+02 7.1628399658e+02 7.1645098877e+02 7.1669097900e+02 7.1691601563e+02
7.1191400146e+02 7.1211499023e+02 7.1230401611e+02 7.1248999023e+02 7.1272802734e+02 7.1300799561e+02 7.1325402832e+02 7.1342999268e+02 7.1348400879e+02 7.1346600342e+02 7.1334997559e+02 7.1315698242e+02 7.1309600830e+02 7.1308099365e+02 7.1307702637e+02 7.1308197021e+02 7.1306402588e+02 7.1313897705e+02 7.1318902588e+02 7.1320397949e+02 7.1328302002e+02 7.1336102295e+02 7.1342901611e+02 7.1352502441e+02 7.1357098389e+02 7.1361401367e+02 7.1368200684e+02 7.1378997803e+02 7.1387902832e+02 7.1401702881e+02 7.1422802734e+02 7.1442700195e+02 7.1458300781e+02 7.1474102783e+02 7.1494396973e+02 7.1512701416e+02 7.1533502197e+02 7.1551599121e+02 7.1560101318e+02 7.1568597412e+02 7.1580798340e+02 7.1595098877e+02 7.1611798096e+02 7.1629400635e+02 7.1647497559e+02 7.1669097900e+02
7.1180902100e+02 7.1197497559e+02 7.1215399170e+02 7.1235699463e+02 7.1258099365e+02 7.1286798096e+02 7.1317999268e+02 7.1347998047e+02 7.1351599121e+02 7.1340197754e+02 7.1328698730e+02 7.1306799316e+02 7.1298797607e+02 7.1297601318e+02 7.1297698975e+02 7.1299499512e+02 7.1296002197e+02 7.1299902344e+02 7.1305200195e+02 7.1306799316e+02 7.1314501953e+02 7.1321502686e+02 7.1325799561e+02 7.1335198975e+02 7.1340002441e+02 7.1340100098e+02 7.1342297363e+02 7.1357098389e+02 7.1366400146e+02 7.1383300781e+02 7.1403900146e+02 7.1422698975e+02 7.1437402344e+02 7.1447900391e+02 7.1458599854e+02 7.1480999756e+02 7.1501300049e+02 7.1521002197e+02 7.1536199951e+02 7.1548297119e+02 7.1560900879e+02 7.1575701904e+02 7.1594702148e+02 7.1609698486e+02 7.1627697754e+02 7.1650201416e+02
7.1165997314e+02 7.1181799316e+02 7.1200897217e+02 7.1223901367e+02 7.1250000000e+02 7.1277301025e+02 7.1307702637e+02 7.1340502930e+02 7.1342999268e+02 7.1331799316e+02 7.1320599365e+02 7.1300500488e+02 7.1288897705e+02 7.1284698486e+02 7.1285101318e+02 7.1287200928e+02 7.1283099365e+02 7.1284497070e+02 7.1291900635e+02 7.1293200684e+02 7.1300897217e+02 7.1309399414e+02 7.1312500000e+02 7.1312597656e+02 7.1313702393e+02 7.1318200684e+02 7.1323901367e+02 7.1335302734e+02 7.1346997070e+02 7.1367199707e+02 7.1387097168e+02 7.1408898926e+02 7.1420697021e+02 7.1428302002e+02 7.1437097168e+02 7.1453698730e+02 7.1468701172e+02 7.1489599609e+02 7.1509002686e+02 7.1523498535e+02 7.1537402344e+02 7.1554602051e+02 7.1571997070e+02 7.1591302490e+02 7.1615600586e+02 7.1634698486e+02
7.1153997803e+02 7.1168200684e+02 7.1186700439e+02 7.1211700439e+02 7.1238201904e+02 7.1265502930e+02 7.1295800781e+02 7.1319396973e+02 7.1324298096e+02 7.1323901367e+02 7.1310998535e+02 7.1293499756e+02 7.1282202148e+02 7.1275598145e+02 7.1273797607e+02 7.1275799561e+02 7.1272399902e+02 7.1272399902e+02 7.1278100586e+02 7.1280102539e+02 7.1285400391e+02 7.1295202637e+02 7.1303198242e+02 7.1299499512e+02 7.1295300293e+02 7.1298400879e+02 7.1304602051e+02 7.1316699219e+02 7.1332897949e+02 7.1358697510e+02 7.1383300781e+02 7.1397497559e+02 7.1409002686e+02 7.1418298340e+02 7.1422900391e+02 7.1434497070e+02 7.1448498535e+02 7.1467297363e+02 7.1483197021e+02 7.1501098633e+02 7.1515802002e+02 7.1535101318e+02 7.1560198975e+02 7.1578302002e+02 7.1597698975e+02 7.1615802002e+02
7.1142199707e+02 7.1157397461e+02 7.1175799561e+02 7.1197100830e+02 7.1222399902e+02 7.1252899170e+02 7.1285198975e+02 7.1300097656e+02 7.1305297852e+02 7.1315301514e+02 7.1303002930e+02 7.1285101318e+02 7.1273101807e+02 7.1265502930e+02 7.1262402344e+02 7.1265002441e+02 7.1261901855e+02 7.1260498047e+02 7.1264202881e+02 7.1268402100e+02 7.1269702148e+02 7.1274902344e+02 7.1282501221e+02 7.1280902100e+02 7.1277697754e+02 7.1279998779e+02 7.1285198975e+02 7.1296801758e+02 7.1314099121e+02 7.1340502930e+02 7.1377697754e+02 7.1385900879e+02 7.1399499512e+02 7.1410498047e+02 7.1411499023e+02 7.1420898438e+02 7.1433300781e+02 7.1447802734e+02 7.1461297607e+02 7.1484399414e+02 7.1500299072e+02 7.1517999268e+02 7.1545300293e+02 7.1559497070e+02 7.1572302246e+02 7.1590301514e+02
