TESTSERVER/18/2.asc
NCOLS 100
NROWS 100
XLLCORNER 8.3997500000e+03
YLLCORNER 2.8985025000e+05
CELLSIZE 5.0000000000e-01
NODATA_VALUE -9.9990000000e+03
[rows 60 to 79 of 100, columns 0 to 45 of 100]
7.0897802734e+02 7.0898999023e+02 7.0899700928e+02 7.0903802490e+02 7.0905902100e+02 7.0908801270e+02 7.0909399414e+02 7.0912500000e+02 7.0916998291e+02 7.0918298340e+02 7.0919201660e+02 7.0921301270e+02 7.0924902344e+02 7.0929199219e+02 7.0933300781e+02 7.0937402344e+02 7.0941497803e+02 7.0944500732e+02 7.0948498535e+02 7.0952301025e+02 7.0954199219e+02 7.0955902100e+02 7.0958599854e+02 7.0962799072e+02 7.0963397217e+02 7.0970001221e+02 7.0974499512e+02 7.0979302979e+02 7.0984802246e+02 7.0990899658e+02 7.0995697021e+02 7.1001202393e+02 7.1009399414e+02 7.1017999268e+02 7.1021002197e+02 7.1021398926e+02 7.1021801758e+02 7.1024200439e+02 7.1030401611e+02 7.1041400146e+02 7.1058801270e+02 7.1074401855e+02 7.1089001465e+02 7.1102502441e+02 7.1113397217e+02 7.1120098877e+02
7.0895397949e+02 7.0895800781e+02 7.0896197510e+02 7.0900500488e+02 7.0902301025e+02 7.0904498291e+02 7.0904901123e+02 7.0908801270e+02 7.0912200928e+02 7.0915100098e+02 7.0916998291e+02 7.0917700195e+02 7.0919201660e+02 7.0921398926e+02 7.0925299072e+02 7.0929901123e+02 7.0934600830e+02 7.0937701416e+02 7.0942297363e+02 7.0946398926e+02 7.0949597168e+02 7.0953601074e+02 7.0956298828e+02 7.0958398438e+02 7.0960797119e+02 7.0964801025e+02 7.0968402100e+02 7.0971997070e+02 7.0979101563e+02 7.0986499023e+02 7.0989599609e+02 7.0992602539e+02 7.0999102783e+02 7.1009997559e+02 7.1017700195e+02 7.1021099854e+02 7.1019702148e+02 7.1020697021e+02 7.1024401855e+02 7.1031298828e+02 7.1046899414e+02 7.1065399170e+02 7.1078002930e+02 7.1092102051e+02 7.1103698730e+02 7.1110101318e+02
7.0892102051e+02 7.0891998291e+02 7.0893103027e+02 7.0897900391e+02 7.0899700928e+02 7.0901702881e+02 7.0902899170e+02 7.0905999756e+02 7.0909301758e+02 7.0912097168e+02 7.0912298584e+02 7.0913500977e+02 7.0915002441e+02 7.0916601563e+02 7.0921600342e+02 7.0927099609e+02 7.0931896973e+02 7.0933697510e+02 7.0938000488e+02 7.0941699219e+02 7.0945697021e+02 7.0949401855e+02 7.0952001953e+02 7.0954699707e+02 7.0958398438e+02 7.0961401367e+02 7.0964099121e+02 7.0966699219e+02 7.0970300293e+02 7.0976300049e+02 7.0982397461e+02 7.0987799072e+02 7.0991601563e+02 7.1001098633e+02 7.1011297607e+02 7.1019299316e+02 7.1021502686e+02 7.1022100830e+02 7.1021099854e+02 7.1023297119e+02 7.1034997559e+02 7.1055999756e+02 7.1072998047e+02 7.1085998535e+02 7.1092199707e+02 7.1099200439e+02
7.0890997314e+02 7.0889501953e+02 7.0891101074e+02 7.0895300293e+02 7.0896502686e+02 7.0897998047e+02 7.0900097656e+02 7.0903100586e+02 7.0907202148e+02 7.0908898926e+02 7.0907501221e+02 7.0909197998e+02 7.0912902832e+02 7.0914300537e+02 7.0917901611e+02 7.0922100830e+02 7.0926898193e+02 7.0928900146e+02 7.0933099365e+02 7.0936798096e+02 7.0939300537e+02 7.0941998291e+02 7.0945697021e+02 7.0949597168e+02 7.0952899170e+02 7.0957202148e+02 7.0959600830e+02 7.0963897705e+02 7.0966400146e+02 7.0970300293e+02 7.0977001953e+02 7.0984100342e+02 7.0987097168e+02 7.0992999268e+02 7.1002398682e+02 7.1013500977e+02 7.1021899414e+02 7.1024700928e+02 7.1020501709e+02 7.1018402100e+02 7.1027197266e+02 7.1046099854e+02 7.1062799072e+02 7.1076397705e+02 7.1082800293e+02 7.1090600586e+02
7.0890100098e+02 7.0888299561e+02 7.0889898682e+02 7.0893701172e+02 7.0893103027e+02 7.0895001221e+02 7.0896899414e+02 7.0899298096e+02 7.0903399658e+02 7.0905603027e+02 7.0905102539e+02 7.0905902100e+02 7.0910900879e+02 7.0913098145e+02 7.0915197754e+02 7.0917401123e+02 7.0920697021e+02 7.0923797607e+02 7.0928497314e+02 7.0933099365e+02 7.0935797119e+02 7.0938000488e+02 7.0941302490e+02 7.0944702148e+02 7.0949798584e+02 7.0954602051e+02 7.0955999756e+02 7.0959399414e+02 7.0962298584e+02 7.0965997314e+02 7.0971398926e+02 7.0978302002e+02 7.0983300781e+02 7.0988098145e+02 7.0994799805e+02 7.1003900146e+02 7.1013397217e+02 7.1018701172e+02 7.1016802979e+02 7.1015301514e+02 7.1022998047e+02 7.1035498047e+02 7.1048999023e+02 7.1063598633e+02 7.1075598145e+02 7.1083599854e+02
7.0889001465e+02 7.0887597656e+02 7.0889001465e+02 7.0893200684e+02 7.0891400146e+02 7.0892700195e+02 7.0893402100e+02 7.0895898438e+02 7.0898101807e+02 7.0900201416e+02 7.0902001953e+02 7.0902197266e+02 7.0906896973e+02 7.0909600830e+02 7.0910900879e+02 7.0913598633e+02 7.0918798828e+02 7.0921697998e+02 7.0924902344e+02 7.0929101563e+02 7.0930999756e+02 7.0934497070e+02 7.0938201904e+02 7.0940899658e+02 7.0945397949e+02 7.0949798584e+02 7.0952301025e+02 7.0957098389e+02 7.0960101318e+02 7.0962200928e+02 7.0965997314e+02 7.0971801758e+02 7.0976599121e+02 7.0983099365e+02 7.0989202881e+02 7.0994396973e+02 7.1000799561e+02 7.1005999756e+02 7.1009002686e+02 7.1009802246e+02 7.1014697266e+02 7.1028100586e+02 7.1043402100e+02 7.1055999756e+02 7.1067401123e+02 7.1072998047e+02
7.0886999512e+02 7.0887500000e+02 7.0888800049e+02 7.0892602539e+02 7.0889099121e+02 7.0890197754e+02 7.0890600586e+02 7.0893402100e+02 7.0896002197e+02 7.0898699951e+02 7.0901501465e+02 7.0901000977e+02 7.0903399658e+02 7.0906402588e+02 7.0907598877e+02 7.0910797119e+02 7.0914202881e+02 7.0916699219e+02 7.0920898438e+02 7.0925201416e+02 7.0926800537e+02 7.0929901123e+02 7.0935699463e+02 7.0938000488e+02 7.0939099121e+02 7.0943597412e+02 7.0948297119e+02 7.0952301025e+02 7.0954400635e+02 7.0956402588e+02 7.0960699463e+02 7.0967199707e+02 7.0971600342e+02 7.0976599121e+02 7.0982098389e+02 7.0987097168e+02 7.0992297363e+02 7.0998602295e+02 7.1004699707e+02 7.1005102539e+02 7.1006201172e+02 7.1019799805e+02 7.1037200928e+02 7.1049700928e+02 7.1060101318e+02 7.1064300537e+02
7.0885998535e+02 7.0885797119e+02 7.0886798096e+02 7.0890802002e+02 7.0887402344e+02 7.0888500977e+02 7.0888598633e+02 7.0891400146e+02 7.0893200684e+02 7.0895397949e+02 7.0897802734e+02 7.0897399902e+02 7.0900598145e+02 7.0904797363e+02 7.0906097412e+02 7.0908599854e+02 7.0911602783e+02 7.0914099121e+02 7.0917797852e+02 7.0920397949e+02 7.0922601318e+02 7.0929302979e+02 7.0938098145e+02 7.0939398193e+02 7.0936297607e+02 7.0939398193e+02 7.0944299316e+02 7.0947399902e+02 7.0949200439e+02 7.0952099609e+02 7.0955401611e+02 7.0959802246e+02 7.0966101074e+02 7.0971099854e+02 7.0974700928e+02 7.0979797363e+02 7.0987500000e+02 7.0995001221e+02 7.1000701904e+02 7.1000000000e+02 7.0999597168e+02 7.1009899902e+02 7.1028497314e+02 7.1041998291e+02 7.1051800537e+02 7.1059698486e+02
7.0885302734e+02 7.0883398438e+02 7.0885498047e+02 7.0889001465e+02 7.0885601807e+02 7.0888201904e+02 7.0888201904e+02 7.0889801025e+02 7.0891400146e+02 7.0893701172e+02 7.0895697021e+02 7.0895001221e+02 7.0897900391e+02 7.0900598145e+02 7.0902099609e+02 7.0905102539e+02 7.0909100342e+02 7.0912298584e+02 7.0914599609e+02 7.0915698242e+02 7.0920501709e+02 7.0934802246e+02 7.0944299316e+02 7.0942797852e+02 7.0934301758e+02 7.0935101318e+02 7.0939099121e+02 7.0942602539e+02 7.0945898438e+02 7.0947601318e+02 7.0950299072e+02 7.0954998779e+02 7.0962097168e+02 7.0966302490e+02 7.0968902588e+02 7.0973699951e+02 7.0979400635e+02 7.0989801025e+02 7.0992498779e+02 7.0992797852e+02 7.0995397949e+02 7.1002801514e+02 7.1020599365e+02 7.1034100342e+02 7.1042401123e+02 7.1050701904e+02
7.0880999756e+02 7.0880999756e+02 7.0882702637e+02 7.0885101318e+02 7.0883697510e+02 7.0885900879e+02 7.0884997559e+02 7.0887097168e+02 7.0887799072e+02 7.0888800049e+02 7.0890802002e+02 7.0890698242e+02 7.0893597412e+02 7.0897900391e+02 7.0900000000e+02 7.0902099609e+02 7.0904699707e+02 7.0906799316e+02 7.0909899902e+02 7.0914398193e+02 7.0919799805e+02 7.0933599854e+02 7.0942199707e+02 7.0940100098e+02 7.0930999756e+02 7.0931402588e+02 7.0933502197e+02 7.0937200928e+02 7.0941998291e+02 7.0944299316e+02 7.0945800781e+02 7.0950897217e+02 7.0956597900e+02 7.0960601807e+02 7.0964501953e+02 7.0971600342e+02 7.0973999023e+02 7.0984399414e+02 7.0989801025e+02 7.0990197754e+02 7.0992102051e+02 7.0997497559e+02 7.1011602783e+02 7.1024200439e+02 7.1035198975e+02 7.1045300293e+02
7.0877001953e+02 7.0877899170e+02 7.0879998779e+02 7.0882800293e+02 7.0881799316e+02 7.0883001709e+02 7.0882501221e+02 7.0885101318e+02 7.0885198975e+02 7.0886401367e+02 7.0888897705e+02 7.0888897705e+02 7.0891101074e+02 7.0895501709e+02 7.0897601318e+02 7.0897198486e+02 7.0899597168e+02 7.0902197266e+02 7.0907299805e+02 7.0912902832e+02 7.0914398193e+02 7.0922198486e+02 7.0930700684e+02 7.0930499268e+02 7.0925402832e+02 7.0926202393e+02 7.0928198242e+02 7.0932000732e+02 7.0935900879e+02 7.0940997314e+02 7.0943499756e+02 7.0948199463e+02 7.0953997803e+02 7.0957702637e+02 7.0961602783e+02 7.0967199707e+02 7.0969500732e+02 7.0979302979e+02 7.0988000488e+02 7.0990802002e+02 7.0990698242e+02 7.0993200684e+02 7.1006097412e+02 7.1018701172e+02 7.1028698730e+02 7.1036297607e+02
7.0873400879e+02 7.0872998047e+02 7.0876300049e+02 7.0879602051e+02 7.0880102539e+02 7.0880700684e+02 7.0879901123e+02 7.0881597900e+02 7.0882397461e+02 7.0884002686e+02 7.0886199951e+02 7.0886401367e+02 7.0888500977e+02 7.0892401123e+02 7.0894598389e+02 7.0894201660e+02 7.0896697998e+02 7.0898797607e+02 7.0903698730e+02 7.0908300781e+02 7.0908300781e+02 7.0909497070e+02 7.0915600586e+02 7.0917602539e+02 7.0919500732e+02 7.0923199463e+02 7.0926397705e+02 7.0929199219e+02 7.0931597900e+02 7.0935498047e+02 7.0938800049e+02 7.0943701172e+02 7.0948297119e+02 7.0953100586e+02 7.0957397461e+02 7.0961199951e+02 7.0965502930e+02 7.0972399902e+02 7.0983398438e+02 7.0988897705e+02 7.0986499023e+02 7.0988397217e+02 7.1000097656e+02 7.1010998535e+02 7.1019299316e+02 7.1026501465e+02
7.0873199463e+02 7.0872802734e+02 7.0873699951e+02 7.0875799561e+02 7.0879498291e+02 7.0878698730e+02 7.0878601074e+02 7.0880102539e+02 7.0880603027e+02 7.0882702637e+02 7.0883697510e+02 7.0884002686e+02 7.0886901855e+02 7.0889202881e+02 7.0889001465e+02 7.0890399170e+02 7.0893200684e+02 7.0895800781e+02 7.0900097656e+02 7.0903997803e+02 7.0904901123e+02 7.0905999756e+02 7.0909197998e+02 7.0911999512e+02 7.0915899658e+02 7.0920697021e+02 7.0923199463e+02 7.0925000000e+02 7.0929101563e+02 7.0931500244e+02 7.0933300781e+02 7.0939001465e+02 7.0943597412e+02 7.0948797607e+02 7.0953497314e+02 7.0956201172e+02 7.0958300781e+02 7.0967401123e+02 7.0978198242e+02 7.0983697510e+02 7.0983099365e+02 7.0985900879e+02 7.0994000244e+02 7.1003997803e+02 7.1011700439e+02 7.1020001221e+02
7.0871899414e+02 7.0870098877e+02 7.0870898438e+02 7.0873400879e+02 7.0877001953e+02 7.0876599121e+02 7.0877398682e+02 7.0879998779e+02 7.0880297852e+02 7.0881896973e+02 7.0882202148e+02 7.0882501221e+02 7.0884802246e+02 7.0885998535e+02 7.0885699463e+02 7.0887200928e+02 7.0890802002e+02 7.0891601563e+02 7.0895202637e+02 7.0898901367e+02 7.0899298096e+02 7.0902801514e+02 7.0907000732e+02 7.0907800293e+02 7.0912097168e+02 7.0916699219e+02 7.0919500732e+02 7.0921997070e+02 7.0926397705e+02 7.0927001953e+02 7.0929602051e+02 7.0935797119e+02 7.0939501953e+02 7.0945300293e+02 7.0948797607e+02 7.0952099609e+02 7.0957000732e+02 7.0963201904e+02 7.0970202637e+02 7.0974700928e+02 7.0977600098e+02 7.0980297852e+02 7.0989300537e+02 7.1001898193e+02 7.1008502197e+02 7.1017498779e+02
7.0875097656e+02 7.0871398926e+02 7.0870800781e+02 7.0872998047e+02 7.0876000977e+02 7.0875701904e+02 7.0876098633e+02 7.0878302002e+02 7.0878002930e+02 7.0878198242e+02 7.0878900146e+02 7.0879998779e+02 7.0883099365e+02 7.0884899902e+02 7.0884197998e+02 7.0884802246e+02 7.0887402344e+02 7.0890698242e+02 7.0894000244e+02 7.0895697021e+02 7.0896502686e+02 7.0898602295e+02 7.0903497314e+02 7.0904602051e+02 7.0907397461e+02 7.0912500000e+02 7.0915301514e+02 7.0918902588e+02 7.0924102783e+02 7.0923602295e+02 7.0924200439e+02 7.0930700684e+02 7.0934899902e+02 7.0941400146e+02 7.0945001221e+02 7.0948101807e+02 7.0953802490e+02 7.0957501221e+02 7.0964599609e+02 7.0969702148e+02 7.0973400879e+02 7.0975402832e+02 7.0986102295e+02 7.1001098633e+02 7.1010998535e+02 7.1019799805e+02
7.0874102783e+02 7.0871502686e+02 7.0869598389e+02 7.0871600342e+02 7.0875299072e+02 7.0875000000e+02 7.0874298096e+02 7.0876202393e+02 7.0876800537e+02 7.0877398682e+02 7.0877801514e+02 7.0877801514e+02 7.0880798340e+02 7.0882299805e+02 7.0882299805e+02 7.0883001709e+02 7.0884197998e+02 7.0887402344e+02 7.0890399170e+02 7.0893402100e+02 7.0896197510e+02 7.0895898438e+02 7.0898797607e+02 7.0901599121e+02 7.0904602051e+02 7.0907098389e+02 7.0909197998e+02 7.0914300537e+02 7.0918499756e+02 7.0920202637e+02 7.0921099854e+02 7.0926898193e+02 7.0930401611e+02 7.0937701416e+02 7.0942401123e+02 7.0944799805e+02 7.0949902344e+02 7.0953900146e+02 7.0962799072e+02 7.0968798828e+02 7.0971600342e+02 7.0971301270e+02 7.0982397461e+02 7.0997900391e+02 7.1009997559e+02 7.1017602539e+02
7.0870397949e+02 7.0871301270e+02 7.0871600342e+02 7.0872497559e+02 7.0873699951e+02 7.0874499512e+02 7.0873602295e+02 7.0875598145e+02 7.0875299072e+02 7.0877899170e+02 7.0877301025e+02 7.0875701904e+02 7.0878198242e+02 7.0880798340e+02 7.0880700684e+02 7.0880499268e+02 7.0881896973e+02 7.0883599854e+02 7.0886999512e+02 7.0891198730e+02 7.0894097900e+02 7.0896697998e+02 7.0896899414e+02 7.0899298096e+02 7.0903997803e+02 7.0902600098e+02 7.0904498291e+02 7.0911199951e+02 7.0913897705e+02 7.0916497803e+02 7.0918701172e+02 7.0922198486e+02 7.0924902344e+02 7.0930200195e+02 7.0936102295e+02 7.0942999268e+02 7.0948400879e+02 7.0951898193e+02 7.0961102295e+02 7.0968701172e+02 7.0968402100e+02 7.0968798828e+02 7.0980902100e+02 7.0995599365e+02 7.1006402588e+02 7.1015002441e+02
7.0872802734e+02 7.0872198486e+02 7.0873400879e+02 7.0875299072e+02 7.0874102783e+02 7.0872998047e+02 7.0870898438e+02 7.0872497559e+02 7.0873297119e+02 7.0873498535e+02 7.0874102783e+02 7.0874298096e+02 7.0876800537e+02 7.0878198242e+02 7.0878198242e+02 7.0878002930e+02 7.0878601074e+02 7.0879498291e+02 7.0883001709e+02 7.0887200928e+02 7.0888098145e+02 7.0891101074e+02 7.0893499756e+02 7.0894897461e+02 7.0897998047e+02 7.0902099609e+02 7.0903497314e+02 7.0906500244e+02 7.0910302734e+02 7.0913500977e+02 7.0914697266e+02 7.0917999268e+02 7.0922601318e+02 7.0926300049e+02 7.0932000732e+02 7.0938897705e+02 7.0943597412e+02 7.0948199463e+02 7.0956201172e+02 7.0963201904e+02 7.0963800049e+02 7.0963201904e+02 7.0974298096e+02 7.0988397217e+02 7.0998400879e+02 7.1011297607e+02
7.0873901367e+02 7.0873199463e+02 7.0873498535e+02 7.0874700928e+02 7.0872698975e+02 7.0872998047e+02 7.0870599365e+02 7.0871301270e+02 7.0871697998e+02 7.0871301270e+02 7.0872399902e+02 7.0872802734e+02 7.0873199463e+02 7.0874102783e+02 7.0875701904e+02 7.0876397705e+02 7.0876300049e+02 7.0875897217e+02 7.0878802490e+02 7.0882299805e+02 7.0882800293e+02 7.0886297607e+02 7.0890502930e+02 7.0892498779e+02 7.0894702148e+02 7.0899401855e+02 7.0901599121e+02 7.0903997803e+02 7.0907598877e+02 7.0913000488e+02 7.0912902832e+02 7.0914099121e+02 7.0917999268e+02 7.0922100830e+02 7.0928100586e+02 7.0934600830e+02 7.0939398193e+02 7.0943798828e+02 7.0950897217e+02 7.0957501221e+02 7.0960198975e+02 7.0960699463e+02 7.0970800781e+02 7.0984698486e+02 7.0994299316e+02 7.1007299805e+02
7.0874298096e+02 7.0872497559e+02 7.0871997070e+02 7.0872198486e+02 7.0870202637e+02 7.0870300293e+02 7.0867297363e+02 7.0868298340e+02 7.0868597412e+02 7.0869097900e+02 7.0869799805e+02 7.0868597412e+02 7.0869097900e+02 7.0870697021e+02 7.0872802734e+02 7.0873999023e+02 7.0873498535e+02 7.0872399902e+02 7.0873999023e+02 7.0877801514e+02 7.0879699707e+02 7.0880401611e+02 7.0885498047e+02 7.0888800049e+02 7.0891998291e+02 7.0895098877e+02 7.0897998047e+02 7.0900598145e+02 7.0902502441e+02 7.0907897949e+02 7.0909100342e+02 7.0910900879e+02 7.0915301514e+02 7.0919598389e+02 7.0923999023e+02 7.0930603027e+02 7.0935101318e+02 7.0939398193e+02 7.0945501709e+02 7.0951800537e+02 7.0956500244e+02 7.0958300781e+02 7.0968200684e+02 7.0982501221e+02 7.0993103027e+02 7.1004199219e+02
