TESTSERVER/18/3.asc
NCOLS 100
NROWS 100
XLLCORNER 8.3997500000e+03
YLLCORNER 2.8980025000e+05
CELLSIZE 5.0000000000e-01
NODATA_VALUE -9.9990000000e+03
[rows 60 to 79 of 100, columns 46 to 91 of 100]
7.0588500977e+02 7.0595202637e+02 7.0601000977e+02 7.0608898926e+02 7.0618402100e+02 7.0629797363e+02 7.0639898682e+02 7.0646002197e+02 7.0657299805e+02 7.0672698975e+02 7.0684197998e+02 7.0693701172e+02 7.0701397705e+02 7.0715997314e+02 7.0745300293e+02 7.0770697021e+02 7.0777398682e+02 7.0795001221e+02 7.0811999512e+02 7.0814001465e+02 7.0817199707e+02 7.0817901611e+02 7.0823699951e+02 7.0833398438e+02 7.0839501953e+02 7.0845397949e+02 7.0853601074e+02 7.0867401123e+02 7.0876702881e+02 7.0886102295e+02 7.0898199463e+02 7.0907000732e+02 7.0917401123e+02 7.0931701660e+02 7.0944201660e+02 7.0956402588e+02 7.0968701172e+02 7.0989300537e+02 7.1010400391e+02 7.1029998779e+02 7.1052801514e+02 7.1074700928e+02 7.1097698975e+02 7.1116101074e+02 7.1131298828e+02 7.1146600342e+02
7.0576300049e+02 7.0585198975e+02 7.0593103027e+02 7.0600897217e+02 7.0610400391e+02 7.0623199463e+02 7.0632897949e+02 7.0638098145e+02 7.0645501709e+02 7.0656701660e+02 7.0668200684e+02 7.0678802490e+02 7.0692901611e+02 7.0706799316e+02 7.0723498535e+02 7.0746197510e+02 7.0768200684e+02 7.0794598389e+02 7.0805700684e+02 7.0809197998e+02 7.0813800049e+02 7.0814697266e+02 7.0817199707e+02 7.0821600342e+02 7.0827197266e+02 7.0834899902e+02 7.0842498779e+02 7.0852899170e+02 7.0861297607e+02 7.0869702148e+02 7.0884698486e+02 7.0899102783e+02 7.0913397217e+02 7.0929901123e+02 7.0943402100e+02 7.0957202148e+02 7.0976702881e+02 7.0998602295e+02 7.1014898682e+02 7.1033300781e+02 7.1057800293e+02 7.1078198242e+02 7.1096197510e+02 7.1116302490e+02 7.1132897949e+02 7.1150897217e+02
7.0565002441e+02 7.0576397705e+02 7.0586602783e+02 7.0592797852e+02 7.0598699951e+02 7.0609002686e+02 7.0620001221e+02 7.0627001953e+02 7.0635998535e+02 7.0647100830e+02 7.0658502197e+02 7.0671600342e+02 7.0686700439e+02 7.0698797607e+02 7.0709301758e+02 7.0725701904e+02 7.0748602295e+02 7.0772100830e+02 7.0784600830e+02 7.0796002197e+02 7.0802801514e+02 7.0803399658e+02 7.0808099365e+02 7.0811901855e+02 7.0815502930e+02 7.0823699951e+02 7.0831500244e+02 7.0839801025e+02 7.0848699951e+02 7.0860900879e+02 7.0886700439e+02 7.0905603027e+02 7.0917199707e+02 7.0930102539e+02 7.0943298340e+02 7.0960601807e+02 7.0979998779e+02 7.0998297119e+02 7.1013897705e+02 7.1033001709e+02 7.1056201172e+02 7.1074102783e+02 7.1090197754e+02 7.1112298584e+02 7.1130102539e+02 7.1150201416e+02
7.0559002686e+02 7.0570001221e+02 7.0577801514e+02 7.0584100342e+02 7.0588897705e+02 7.0596002197e+02 7.0606500244e+02 7.0614398193e+02 7.0624200439e+02 7.0638098145e+02 7.0651300049e+02 7.0663397217e+02 7.0675500488e+02 7.0688299561e+02 7.0704199219e+02 7.0716400146e+02 7.0733300781e+02 7.0752197266e+02 7.0767797852e+02 7.0779302979e+02 7.0784301758e+02 7.0785797119e+02 7.0793701172e+02 7.0798297119e+02 7.0804699707e+02 7.0815600586e+02 7.0825097656e+02 7.0834497070e+02 7.0844000244e+02 7.0859002686e+02 7.0892297363e+02 7.0912799072e+02 7.0920800781e+02 7.0932702637e+02 7.0948498535e+02 7.0963598633e+02 7.0975402832e+02 7.0988897705e+02 7.1005603027e+02 7.1026202393e+02 7.1049798584e+02 7.1068200684e+02 7.1086700439e+02 7.1109899902e+02 7.1129901123e+02 7.1149499512e+02
7.0553497314e+02 7.0561499023e+02 7.0565899658e+02 7.0572698975e+02 7.0581298828e+02 7.0587799072e+02 7.0597198486e+02 7.0604101563e+02 7.0608697510e+02 7.0623498535e+02 7.0642297363e+02 7.0653002930e+02 7.0664099121e+02 7.0680200195e+02 7.0698101807e+02 7.0705102539e+02 7.0718902588e+02 7.0739099121e+02 7.0760998535e+02 7.0763000488e+02 7.0766699219e+02 7.0772497559e+02 7.0779998779e+02 7.0787097168e+02 7.0796002197e+02 7.0809399414e+02 7.0821301270e+02 7.0829699707e+02 7.0838000488e+02 7.0852899170e+02 7.0876702881e+02 7.0900701904e+02 7.0916101074e+02 7.0931201172e+02 7.0943200684e+02 7.0954400635e+02 7.0961999512e+02 7.0976397705e+02 7.0995397949e+02 7.1014599609e+02 7.1039501953e+02 7.1060998535e+02 7.1079199219e+02 7.1108502197e+02 7.1129602051e+02 7.1146002197e+02
7.0540301514e+02 7.0547900391e+02 7.0553497314e+02 7.0558001709e+02 7.0567901611e+02 7.0576397705e+02 7.0587200928e+02 7.0595300293e+02 7.0601898193e+02 7.0614898682e+02 7.0630499268e+02 7.0645300293e+02 7.0655603027e+02 7.0668298340e+02 7.0688500977e+02 7.0696801758e+02 7.0706500244e+02 7.0720501709e+02 7.0738702393e+02 7.0751800537e+02 7.0760998535e+02 7.0765698242e+02 7.0772802734e+02 7.0783697510e+02 7.0793499756e+02 7.0805200195e+02 7.0814300537e+02 7.0821997070e+02 7.0830798340e+02 7.0851202393e+02 7.0875500488e+02 7.0892498779e+02 7.0907000732e+02 7.0922998047e+02 7.0931597900e+02 7.0939398193e+02 7.0946697998e+02 7.0959197998e+02 7.0974597168e+02 7.1001501465e+02 7.1030798340e+02 7.1049401855e+02 7.1069097900e+02 7.1097998047e+02 7.1119201660e+02 7.1137597656e+02
7.0528601074e+02 7.0536700439e+02 7.0545202637e+02 7.0550897217e+02 7.0559301758e+02 7.0567401123e+02 7.0580102539e+02 7.0587799072e+02 7.0598199463e+02 7.0611199951e+02 7.0624499512e+02 7.0638201904e+02 7.0648498535e+02 7.0658300781e+02 7.0674298096e+02 7.0685998535e+02 7.0696197510e+02 7.0708697510e+02 7.0724298096e+02 7.0740197754e+02 7.0752899170e+02 7.0758599854e+02 7.0767297363e+02 7.0779400635e+02 7.0790802002e+02 7.0799499512e+02 7.0804602051e+02 7.0813201904e+02 7.0824798584e+02 7.0845202637e+02 7.0868103027e+02 7.0882397461e+02 7.0896099854e+02 7.0911297607e+02 7.0921997070e+02 7.0929901123e+02 7.0937402344e+02 7.0945800781e+02 7.0956701660e+02 7.0986700439e+02 7.1016198730e+02 7.1031597900e+02 7.1053100586e+02 7.1077899170e+02 7.1098602295e+02 7.1121801758e+02
7.0524401855e+02 7.0532702637e+02 7.0539398193e+02 7.0546502686e+02 7.0558099365e+02 7.0567602539e+02 7.0578399658e+02 7.0585400391e+02 7.0595800781e+02 7.0607098389e+02 7.0617602539e+02 7.0629602051e+02 7.0644396973e+02 7.0655999756e+02 7.0667901611e+02 7.0680902100e+02 7.0691198730e+02 7.0705102539e+02 7.0721301270e+02 7.0731799316e+02 7.0742602539e+02 7.0750799561e+02 7.0760498047e+02 7.0770898438e+02 7.0780297852e+02 7.0786401367e+02 7.0791400146e+02 7.0802899170e+02 7.0816601563e+02 7.0835498047e+02 7.0855700684e+02 7.0871197510e+02 7.0886401367e+02 7.0900000000e+02 7.0911401367e+02 7.0921600342e+02 7.0931799316e+02 7.0941101074e+02 7.0951800537e+02 7.0972497559e+02 7.0994097900e+02 7.1009899902e+02 7.1037402344e+02 7.1059002686e+02 7.1078997803e+02 7.1104302979e+02
7.0526599121e+02 7.0532702637e+02 7.0537597656e+02 7.0548999023e+02 7.0564001465e+02 7.0571600342e+02 7.0573797607e+02 7.0580700684e+02 7.0589599609e+02 7.0600097656e+02 7.0609899902e+02 7.0622302246e+02 7.0639001465e+02 7.0652099609e+02 7.0662500000e+02 7.0677001953e+02 7.0689001465e+02 7.0702600098e+02 7.0717901611e+02 7.0727398682e+02 7.0737500000e+02 7.0743402100e+02 7.0750000000e+02 7.0758001709e+02 7.0767297363e+02 7.0773498535e+02 7.0782299805e+02 7.0793798828e+02 7.0809399414e+02 7.0830297852e+02 7.0845202637e+02 7.0862200928e+02 7.0878997803e+02 7.0892901611e+02 7.0903302002e+02 7.0913702393e+02 7.0925299072e+02 7.0936798096e+02 7.0951000977e+02 7.0961602783e+02 7.0974102783e+02 7.0994000244e+02 7.1026702881e+02 7.1051300049e+02 7.1071502686e+02 7.1095300293e+02
7.0527899170e+02 7.0530102539e+02 7.0535198975e+02 7.0546197510e+02 7.0558697510e+02 7.0564398193e+02 7.0565301514e+02 7.0568798828e+02 7.0577301025e+02 7.0587701416e+02 7.0602600098e+02 7.0617999268e+02 7.0632501221e+02 7.0645397949e+02 7.0657897949e+02 7.0671502686e+02 7.0687701416e+02 7.0702502441e+02 7.0713299561e+02 7.0720898438e+02 7.0726397705e+02 7.0730603027e+02 7.0736999512e+02 7.0744702148e+02 7.0754400635e+02 7.0761297607e+02 7.0769702148e+02 7.0782702637e+02 7.0798400879e+02 7.0816198730e+02 7.0838201904e+02 7.0863500977e+02 7.0876898193e+02 7.0883898926e+02 7.0893499756e+02 7.0907897949e+02 7.0921197510e+02 7.0933502197e+02 7.0946002197e+02 7.0954302979e+02 7.0969000244e+02 7.0990301514e+02 7.1018103027e+02 7.1041198730e+02 7.1058697510e+02 7.1079901123e+02
7.0521801758e+02 7.0527801514e+02 7.0534002686e+02 7.0541601563e+02 7.0550201416e+02 7.0555603027e+02 7.0559100342e+02 7.0563397217e+02 7.0570800781e+02 7.0581097412e+02 7.0597399902e+02 7.0612200928e+02 7.0626300049e+02 7.0640899658e+02 7.0656701660e+02 7.0667700195e+02 7.0680200195e+02 7.0694598389e+02 7.0705200195e+02 7.0708099365e+02 7.0713897705e+02 7.0719299316e+02 7.0722998047e+02 7.0726300049e+02 7.0734100342e+02 7.0745800781e+02 7.0759600830e+02 7.0776300049e+02 7.0791400146e+02 7.0803601074e+02 7.0823602295e+02 7.0856799316e+02 7.0876501465e+02 7.0879797363e+02 7.0884100342e+02 7.0898297119e+02 7.0911102295e+02 7.0923602295e+02 7.0938000488e+02 7.0950299072e+02 7.0967199707e+02 7.0984899902e+02 7.1004797363e+02 7.1027899170e+02 7.1046002197e+02 7.1065002441e+02
7.0515899658e+02 7.0523498535e+02 7.0529101563e+02 7.0535302734e+02 7.0543902588e+02 7.0550799561e+02 7.0555499268e+02 7.0561700439e+02 7.0568402100e+02 7.0577197266e+02 7.0591302490e+02 7.0605200195e+02 7.0621997070e+02 7.0641101074e+02 7.0655700684e+02 7.0661602783e+02 7.0669598389e+02 7.0678100586e+02 7.0690399170e+02 7.0694500732e+02 7.0702301025e+02 7.0707000732e+02 7.0709600830e+02 7.0713098145e+02 7.0721502686e+02 7.0736401367e+02 7.0753900146e+02 7.0770300293e+02 7.0785900879e+02 7.0797100830e+02 7.0811401367e+02 7.0838702393e+02 7.0859197998e+02 7.0867401123e+02 7.0875701904e+02 7.0887597656e+02 7.0898297119e+02 7.0910101318e+02 7.0925000000e+02 7.0940301514e+02 7.0955603027e+02 7.0971600342e+02 7.0996398926e+02 7.1027801514e+02 7.1046002197e+02 7.1060900879e+02
7.0508300781e+02 7.0515100098e+02 7.0521197510e+02 7.0531402588e+02 7.0540997314e+02 7.0547302246e+02 7.0550598145e+02 7.0559399414e+02 7.0566497803e+02 7.0573602295e+02 7.0586602783e+02 7.0601397705e+02 7.0614398193e+02 7.0629998779e+02 7.0647198486e+02 7.0657000732e+02 7.0664202881e+02 7.0669702148e+02 7.0679797363e+02 7.0683398438e+02 7.0690802002e+02 7.0695697021e+02 7.0699401855e+02 7.0707098389e+02 7.0717199707e+02 7.0734802246e+02 7.0754101563e+02 7.0767700195e+02 7.0782299805e+02 7.0795599365e+02 7.0811199951e+02 7.0826898193e+02 7.0838000488e+02 7.0851202393e+02 7.0866101074e+02 7.0874902344e+02 7.0885400391e+02 7.0899597168e+02 7.0912298584e+02 7.0928698730e+02 7.0941198730e+02 7.0957501221e+02 7.0985900879e+02 7.1018902588e+02 7.1038299561e+02 7.1053997803e+02
7.0496997070e+02 7.0507501221e+02 7.0520800781e+02 7.0533001709e+02 7.0543499756e+02 7.0551098633e+02 7.0550000000e+02 7.0561401367e+02 7.0566601563e+02 7.0567999268e+02 7.0578198242e+02 7.0592901611e+02 7.0604498291e+02 7.0617700195e+02 7.0632202148e+02 7.0644396973e+02 7.0654498291e+02 7.0660998535e+02 7.0665399170e+02 7.0672698975e+02 7.0680999756e+02 7.0687298584e+02 7.0692700195e+02 7.0701501465e+02 7.0714697266e+02 7.0736700439e+02 7.0756402588e+02 7.0766497803e+02 7.0781201172e+02 7.0799499512e+02 7.0813098145e+02 7.0822998047e+02 7.0830700684e+02 7.0842602539e+02 7.0852801514e+02 7.0862402344e+02 7.0874499512e+02 7.0887097168e+02 7.0897802734e+02 7.0914898682e+02 7.0931201172e+02 7.0948400879e+02 7.0969396973e+02 7.0999200439e+02 7.1023602295e+02 7.1041998291e+02
7.0492102051e+02 7.0508001709e+02 7.0525097656e+02 7.0536199951e+02 7.0543103027e+02 7.0550799561e+02 7.0548602295e+02 7.0554998779e+02 7.0557397461e+02 7.0556500244e+02 7.0568798828e+02 7.0587298584e+02 7.0598699951e+02 7.0610400391e+02 7.0622497559e+02 7.0631701660e+02 7.0641400146e+02 7.0651599121e+02 7.0656896973e+02 7.0665002441e+02 7.0672399902e+02 7.0679302979e+02 7.0684997559e+02 7.0695800781e+02 7.0714099121e+02 7.0735699463e+02 7.0755999756e+02 7.0768103027e+02 7.0785498047e+02 7.0803002930e+02 7.0810400391e+02 7.0818902588e+02 7.0826300049e+02 7.0835900879e+02 7.0843597412e+02 7.0854699707e+02 7.0868200684e+02 7.0878802490e+02 7.0889099121e+02 7.0906097412e+02 7.0922998047e+02 7.0938098145e+02 7.0955700684e+02 7.0983502197e+02 7.1007702637e+02 7.1030401611e+02
7.0488098145e+02 7.0504797363e+02 7.0520202637e+02 7.0529901123e+02 7.0531402588e+02 7.0537500000e+02 7.0539099121e+02 7.0540600586e+02 7.0543798828e+02 7.0546197510e+02 7.0561700439e+02 7.0582800293e+02 7.0592700195e+02 7.0603100586e+02 7.0615502930e+02 7.0624102783e+02 7.0631402588e+02 7.0640802002e+02 7.0648699951e+02 7.0657397461e+02 7.0663598633e+02 7.0671801758e+02 7.0680603027e+02 7.0693402100e+02 7.0712500000e+02 7.0728601074e+02 7.0745697021e+02 7.0764501953e+02 7.0783099365e+02 7.0796502686e+02 7.0802697754e+02 7.0813397217e+02 7.0821600342e+02 7.0829998779e+02 7.0837799072e+02 7.0848297119e+02 7.0859497070e+02 7.0870397949e+02 7.0883697510e+02 7.0898999023e+02 7.0916400146e+02 7.0933197021e+02 7.0950598145e+02 7.0973901367e+02 7.0994000244e+02 7.1019598389e+02
7.0480700684e+02 7.0494299316e+02 7.0507299805e+02 7.0516802979e+02 7.0517199707e+02 7.0520800781e+02 7.0523498535e+02 7.0527001953e+02 7.0535302734e+02 7.0545898438e+02 7.0557202148e+02 7.0569299316e+02 7.0580902100e+02 7.0590100098e+02 7.0600701904e+02 7.0613800049e+02 7.0622998047e+02 7.0631402588e+02 7.0639898682e+02 7.0646002197e+02 7.0653002930e+02 7.0663299561e+02 7.0677899170e+02 7.0687298584e+02 7.0706799316e+02 7.0717901611e+02 7.0727697754e+02 7.0752899170e+02 7.0768499756e+02 7.0780902100e+02 7.0792797852e+02 7.0803100586e+02 7.0813299561e+02 7.0824102783e+02 7.0833001709e+02 7.0843597412e+02 7.0851599121e+02 7.0863800049e+02 7.0879400635e+02 7.0892401123e+02 7.0908801270e+02 7.0927099609e+02 7.0948602295e+02 7.0969201660e+02 7.0987597656e+02 7.1012597656e+02
7.0473999023e+02 7.0486401367e+02 7.0497302246e+02 7.0506500244e+02 7.0509899902e+02 7.0511901855e+02 7.0514300537e+02 7.0519201660e+02 7.0529302979e+02 7.0544396973e+02 7.0550897217e+02 7.0555603027e+02 7.0567498779e+02 7.0580297852e+02 7.0590802002e+02 7.0600701904e+02 7.0611102295e+02 7.0621997070e+02 7.0630297852e+02 7.0637902832e+02 7.0643200684e+02 7.0646099854e+02 7.0656201172e+02 7.0669299316e+02 7.0692797852e+02 7.0706701660e+02 7.0716998291e+02 7.0734698486e+02 7.0748699951e+02 7.0764501953e+02 7.0778198242e+02 7.0791900635e+02 7.0805499268e+02 7.0822900391e+02 7.0832501221e+02 7.0838500977e+02 7.0846697998e+02 7.0859399414e+02 7.0874401855e+02 7.0891699219e+02 7.0908398438e+02 7.0923199463e+02 7.0943200684e+02 7.0961602783e+02 7.0985601807e+02 7.1009497070e+02
7.0467901611e+02 7.0478997803e+02 7.0491198730e+02 7.0504199219e+02 7.0510998535e+02 7.0508599854e+02 7.0506799316e+02 7.0510900879e+02 7.0517700195e+02 7.0527398682e+02 7.0534600830e+02 7.0542999268e+02 7.0555999756e+02 7.0569500732e+02 7.0579498291e+02 7.0590802002e+02 7.0603497314e+02 7.0614001465e+02 7.0621600342e+02 7.0630200195e+02 7.0634399414e+02 7.0634301758e+02 7.0639801025e+02 7.0650299072e+02 7.0665399170e+02 7.0681799316e+02 7.0702001953e+02 7.0718402100e+02 7.0736999512e+02 7.0756201172e+02 7.0765802002e+02 7.0777697754e+02 7.0792797852e+02 7.0811999512e+02 7.0824902344e+02 7.0833099365e+02 7.0841101074e+02 7.0853802490e+02 7.0868597412e+02 7.0890399170e+02 7.0909301758e+02 7.0924597168e+02 7.0942700195e+02 7.0958001709e+02 7.0983300781e+02 7.1004498291e+02
7.0463098145e+02 7.0472497559e+02 7.0483801270e+02 7.0497399902e+02 7.0505603027e+02 7.0503497314e+02 7.0502001953e+02 7.0505102539e+02 7.0508599854e+02 7.0512701416e+02 7.0522198486e+02 7.0533502197e+02 7.0546197510e+02 7.0558398438e+02 7.0567498779e+02 7.0580603027e+02 7.0593701172e+02 7.0606597900e+02 7.0618499756e+02 7.0628900146e+02 7.0633697510e+02 7.0633398438e+02 7.0635498047e+02 7.0639801025e+02 7.0645397949e+02 7.0661798096e+02 7.0687597656e+02 7.0707397461e+02 7.0726898193e+02 7.0742999268e+02 7.0752301025e+02 7.0762500000e+02 7.0775598145e+02 7.0789599609e+02 7.0803900146e+02 7.0821002197e+02 7.0832800293e+02 7.0848797607e+02 7.0865899658e+02 7.0890399170e+02 7.0911199951e+02 7.0927697754e+02 7.0941900635e+02 7.0953802490e+02 7.0973999023e+02 7.0991900635e+02
