TESTSERVER/18/3.asc
NCOLS 100
NROWS 100
XLLCORNER 8.3997500000e+03
YLLCORNER 2.8980025000e+05
CELLSIZE 5.0000000000e-01
NODATA_VALUE -9.9990000000e+03
[rows 40 to 59 of 100, columns 46 to 91 of 100]
7.0777301025e+02 7.0789099121e+02 7.0798999023e+02 7.0804998779e+02 7.0819201660e+02 7.0835797119e+02 7.0846002197e+02 7.0850799561e+02 7.0856896973e+02 7.0862597656e+02 7.0869897461e+02 7.0880297852e+02 7.0890301514e+02 7.0898699951e+02 7.0908599854e+02 7.0925598145e+02 7.0940600586e+02 7.0957299805e+02 7.0972198486e+02 7.0988800049e+02 7.0997698975e+02 7.1001397705e+02 7.1013897705e+02 7.1030200195e+02 7.1040197754e+02 7.1051501465e+02 7.1061102295e+02 7.1065997314e+02 7.1073498535e+02 7.1085198975e+02 7.1101000977e+02 7.1116601563e+02 7.1134497070e+02 7.1151000977e+02 7.1167797852e+02 7.1190197754e+02 7.1202801514e+02 7.1205200195e+02 7.1202398682e+02 7.1202502441e+02 7.1205999756e+02 7.1213598633e+02 7.1227697754e+02 7.1234600830e+02 7.1247100830e+02 7.1263800049e+02
7.0776098633e+02 7.0790997314e+02 7.0804302979e+02 7.0808697510e+02 7.0816302490e+02 7.0828601074e+02 7.0837402344e+02 7.0844000244e+02 7.0850799561e+02 7.0855999756e+02 7.0861901855e+02 7.0872900391e+02 7.0887799072e+02 7.0897399902e+02 7.0903302002e+02 7.0916998291e+02 7.0932299805e+02 7.0946099854e+02 7.0957000732e+02 7.0969500732e+02 7.0982800293e+02 7.0991998291e+02 7.1003698730e+02 7.1018701172e+02 7.1030603027e+02 7.1045898438e+02 7.1056799316e+02 7.1062500000e+02 7.1071197510e+02 7.1085198975e+02 7.1102502441e+02 7.1117199707e+02 7.1131799316e+02 7.1144097900e+02 7.1159301758e+02 7.1179998779e+02 7.1190997314e+02 7.1193402100e+02 7.1195397949e+02 7.1202197266e+02 7.1209802246e+02 7.1220898438e+02 7.1235998535e+02 7.1248699951e+02 7.1265197754e+02 7.1282000732e+02
7.0769702148e+02 7.0785400391e+02 7.0798498535e+02 7.0801397705e+02 7.0808898926e+02 7.0821002197e+02 7.0827398682e+02 7.0832098389e+02 7.0839300537e+02 7.0846697998e+02 7.0855102539e+02 7.0867602539e+02 7.0884899902e+02 7.0894097900e+02 7.0896801758e+02 7.0910601807e+02 7.0927502441e+02 7.0939801025e+02 7.0947802734e+02 7.0957397461e+02 7.0971600342e+02 7.0985101318e+02 7.0993499756e+02 7.1004901123e+02 7.1017498779e+02 7.1033697510e+02 7.1043798828e+02 7.1051397705e+02 7.1064697266e+02 7.1082397461e+02 7.1099798584e+02 7.1113598633e+02 7.1125201416e+02 7.1134002686e+02 7.1146398926e+02 7.1163500977e+02 7.1173400879e+02 7.1180700684e+02 7.1190600586e+02 7.1203198242e+02 7.1212097168e+02 7.1223699951e+02 7.1240399170e+02 7.1258300781e+02 7.1277801514e+02 7.1298602295e+02
7.0755700684e+02 7.0769897461e+02 7.0779901123e+02 7.0784698486e+02 7.0796398926e+02 7.0809100342e+02 7.0814001465e+02 7.0818200684e+02 7.0827099609e+02 7.0838000488e+02 7.0850299072e+02 7.0863500977e+02 7.0878100586e+02 7.0885302734e+02 7.0889801025e+02 7.0905297852e+02 7.0919500732e+02 7.0929302979e+02 7.0939501953e+02 7.0950500488e+02 7.0962799072e+02 7.0975097656e+02 7.0983502197e+02 7.0993597412e+02 7.1005999756e+02 7.1021301270e+02 7.1030102539e+02 7.1040002441e+02 7.1056500244e+02 7.1077099609e+02 7.1096801758e+02 7.1111297607e+02 7.1123498535e+02 7.1130902100e+02 7.1136499023e+02 7.1147100830e+02 7.1158099365e+02 7.1173797607e+02 7.1191699219e+02 7.1203497314e+02 7.1214001465e+02 7.1229998779e+02 7.1246899414e+02 7.1260699463e+02 7.1277197266e+02 7.1297900391e+02
7.0740301514e+02 7.0751599121e+02 7.0759399414e+02 7.0769702148e+02 7.0784698486e+02 7.0796997070e+02 7.0802697754e+02 7.0806799316e+02 7.0815899658e+02 7.0827099609e+02 7.0841400146e+02 7.0856597900e+02 7.0866998291e+02 7.0875799561e+02 7.0886798096e+02 7.0902502441e+02 7.0911901855e+02 7.0919702148e+02 7.0931402588e+02 7.0942999268e+02 7.0952197266e+02 7.0959698486e+02 7.0971099854e+02 7.0983599854e+02 7.0996099854e+02 7.1008801270e+02 7.1016900635e+02 7.1028900146e+02 7.1046600342e+02 7.1068798828e+02 7.1095300293e+02 7.1112799072e+02 7.1127099609e+02 7.1135198975e+02 7.1137097168e+02 7.1140197754e+02 7.1149401855e+02 7.1167602539e+02 7.1191302490e+02 7.1198400879e+02 7.1214898682e+02 7.1234002686e+02 7.1247497559e+02 7.1258898926e+02 7.1269598389e+02 7.1282800293e+02
7.0727899170e+02 7.0737902832e+02 7.0748400879e+02 7.0761199951e+02 7.0775201416e+02 7.0787097168e+02 7.0794897461e+02 7.0800000000e+02 7.0807098389e+02 7.0814501953e+02 7.0826702881e+02 7.0844799805e+02 7.0857397461e+02 7.0870697021e+02 7.0883398438e+02 7.0893798828e+02 7.0901397705e+02 7.0909399414e+02 7.0921398926e+02 7.0936602783e+02 7.0948101807e+02 7.0953399658e+02 7.0963800049e+02 7.0978698730e+02 7.0992901611e+02 7.1004498291e+02 7.1014300537e+02 7.1023498535e+02 7.1042700195e+02 7.1068798828e+02 7.1091802979e+02 7.1106896973e+02 7.1121301270e+02 7.1130102539e+02 7.1133099365e+02 7.1134399414e+02 7.1142999268e+02 7.1157897949e+02 7.1177099609e+02 7.1189099121e+02 7.1205999756e+02 7.1224499512e+02 7.1238000488e+02 7.1251300049e+02 7.1261901855e+02 7.1270697021e+02
7.0712597656e+02 7.0723699951e+02 7.0738201904e+02 7.0754602051e+02 7.0768798828e+02 7.0779797363e+02 7.0786700439e+02 7.0792602539e+02 7.0799700928e+02 7.0805200195e+02 7.0814898682e+02 7.0833599854e+02 7.0848101807e+02 7.0861499023e+02 7.0872698975e+02 7.0881799316e+02 7.0893798828e+02 7.0902197266e+02 7.0912799072e+02 7.0930902100e+02 7.0942700195e+02 7.0947399902e+02 7.0956500244e+02 7.0977398682e+02 7.0996197510e+02 7.1006201172e+02 7.1015399170e+02 7.1022900391e+02 7.1045800781e+02 7.1076300049e+02 7.1092901611e+02 7.1104498291e+02 7.1118902588e+02 7.1126702881e+02 7.1129199219e+02 7.1132299805e+02 7.1141699219e+02 7.1151397705e+02 7.1163299561e+02 7.1178900146e+02 7.1197802734e+02 7.1218701172e+02 7.1233502197e+02 7.1247497559e+02 7.1256701660e+02 7.1264599609e+02
7.0696997070e+02 7.0710198975e+02 7.0726599121e+02 7.0745697021e+02 7.0762799072e+02 7.0774200439e+02 7.0779498291e+02 7.0787097168e+02 7.0794897461e+02 7.0799102783e+02 7.0805700684e+02 7.0822900391e+02 7.0838800049e+02 7.0851599121e+02 7.0861798096e+02 7.0873297119e+02 7.0889801025e+02 7.0899902344e+02 7.0906597900e+02 7.0921099854e+02 7.0932397461e+02 7.0940002441e+02 7.0951300049e+02 7.0973999023e+02 7.0995397949e+02 7.1007202148e+02 7.1015100098e+02 7.1023999023e+02 7.1042901611e+02 7.1065600586e+02 7.1081298828e+02 7.1096099854e+02 7.1114697266e+02 7.1124401855e+02 7.1126702881e+02 7.1133502197e+02 7.1145001221e+02 7.1150897217e+02 7.1156896973e+02 7.1170800781e+02 7.1187298584e+02 7.1208898926e+02 7.1226898193e+02 7.1242999268e+02 7.1251599121e+02 7.1259301758e+02
7.0682501221e+02 7.0697802734e+02 7.0715802002e+02 7.0736901855e+02 7.0758300781e+02 7.0771301270e+02 7.0775402832e+02 7.0784698486e+02 7.0792901611e+02 7.0794702148e+02 7.0796600342e+02 7.0813800049e+02 7.0832800293e+02 7.0844299316e+02 7.0853497314e+02 7.0867901611e+02 7.0884997559e+02 7.0898199463e+02 7.0905798340e+02 7.0915997314e+02 7.0926898193e+02 7.0936602783e+02 7.0949798584e+02 7.0969000244e+02 7.0986798096e+02 7.1000097656e+02 7.1010101318e+02 7.1017999268e+02 7.1027801514e+02 7.1042602539e+02 7.1062402344e+02 7.1079901123e+02 7.1098901367e+02 7.1114001465e+02 7.1122900391e+02 7.1127600098e+02 7.1138800049e+02 7.1145599365e+02 7.1153900146e+02 7.1168597412e+02 7.1183697510e+02 7.1200500488e+02 7.1217498779e+02 7.1227899170e+02 7.1240802002e+02 7.1254101563e+02
7.0666601563e+02 7.0684802246e+02 7.0709399414e+02 7.0733001709e+02 7.0753900146e+02 7.0767401123e+02 7.0773101807e+02 7.0782598877e+02 7.0787500000e+02 7.0786297607e+02 7.0791699219e+02 7.0804901123e+02 7.0821801758e+02 7.0835498047e+02 7.0850201416e+02 7.0861901855e+02 7.0876098633e+02 7.0889202881e+02 7.0899902344e+02 7.0910699463e+02 7.0922100830e+02 7.0935400391e+02 7.0947100830e+02 7.0960797119e+02 7.0975000000e+02 7.0988201904e+02 7.0998901367e+02 7.1007202148e+02 7.1015197754e+02 7.1027697754e+02 7.1048901367e+02 7.1065301514e+02 7.1083697510e+02 7.1100598145e+02 7.1112500000e+02 7.1120898438e+02 7.1134301758e+02 7.1142602539e+02 7.1150897217e+02 7.1168402100e+02 7.1185498047e+02 7.1197302246e+02 7.1210302734e+02 7.1222198486e+02 7.1235699463e+02 7.1247100830e+02
7.0654602051e+02 7.0674102783e+02 7.0701800537e+02 7.0724102783e+02 7.0741900635e+02 7.0756500244e+02 7.0766998291e+02 7.0775000000e+02 7.0777197266e+02 7.0778698730e+02 7.0790802002e+02 7.0801599121e+02 7.0811999512e+02 7.0825097656e+02 7.0841302490e+02 7.0855102539e+02 7.0869299316e+02 7.0880700684e+02 7.0891400146e+02 7.0902099609e+02 7.0914398193e+02 7.0928100586e+02 7.0940600586e+02 7.0953802490e+02 7.0966101074e+02 7.0977600098e+02 7.0987402344e+02 7.0997998047e+02 7.1005499268e+02 7.1014398193e+02 7.1034100342e+02 7.1053002930e+02 7.1070300293e+02 7.1086798096e+02 7.1101599121e+02 7.1115802002e+02 7.1129901123e+02 7.1136999512e+02 7.1146502686e+02 7.1161700439e+02 7.1178900146e+02 7.1192401123e+02 7.1206701660e+02 7.1219500732e+02 7.1229101563e+02 7.1236700439e+02
7.0644396973e+02 7.0665600586e+02 7.0691998291e+02 7.0708398438e+02 7.0725701904e+02 7.0741497803e+02 7.0755200195e+02 7.0764099121e+02 7.0768701172e+02 7.0774401855e+02 7.0787902832e+02 7.0797302246e+02 7.0805102539e+02 7.0817498779e+02 7.0833697510e+02 7.0848602295e+02 7.0864099121e+02 7.0877801514e+02 7.0890197754e+02 7.0899401855e+02 7.0908502197e+02 7.0917602539e+02 7.0930603027e+02 7.0943902588e+02 7.0953698730e+02 7.0962298584e+02 7.0969299316e+02 7.0982397461e+02 7.0991400146e+02 7.0998999023e+02 7.1017797852e+02 7.1037597656e+02 7.1052301025e+02 7.1068597412e+02 7.1087597656e+02 7.1105297852e+02 7.1119702148e+02 7.1128100586e+02 7.1142297363e+02 7.1156500244e+02 7.1172399902e+02 7.1185498047e+02 7.1199102783e+02 7.1207800293e+02 7.1214202881e+02 7.1222601318e+02
7.0632501221e+02 7.0653900146e+02 7.0677801514e+02 7.0691198730e+02 7.0709497070e+02 7.0726599121e+02 7.0741400146e+02 7.0751098633e+02 7.0759100342e+02 7.0768200684e+02 7.0778100586e+02 7.0786401367e+02 7.0796301270e+02 7.0808898926e+02 7.0826501465e+02 7.0839501953e+02 7.0848999023e+02 7.0860302734e+02 7.0877197266e+02 7.0891101074e+02 7.0902099609e+02 7.0911901855e+02 7.0923901367e+02 7.0930200195e+02 7.0935198975e+02 7.0941900635e+02 7.0947302246e+02 7.0959301758e+02 7.0969201660e+02 7.0978997803e+02 7.0993902588e+02 7.1012597656e+02 7.1027001953e+02 7.1046301270e+02 7.1069598389e+02 7.1087402344e+02 7.1105902100e+02 7.1123797607e+02 7.1141900635e+02 7.1152697754e+02 7.1163000488e+02 7.1169702148e+02 7.1180603027e+02 7.1183898926e+02 7.1193402100e+02 7.1208801270e+02
7.0621997070e+02 7.0638897705e+02 7.0659997559e+02 7.0677398682e+02 7.0697198486e+02 7.0712500000e+02 7.0725201416e+02 7.0733502197e+02 7.0744097900e+02 7.0757202148e+02 7.0767199707e+02 7.0775598145e+02 7.0790802002e+02 7.0802899170e+02 7.0812597656e+02 7.0827398682e+02 7.0835699463e+02 7.0846002197e+02 7.0863598633e+02 7.0875799561e+02 7.0889001465e+02 7.0900500488e+02 7.0912097168e+02 7.0917602539e+02 7.0920898438e+02 7.0927899170e+02 7.0933697510e+02 7.0939398193e+02 7.0947698975e+02 7.0958502197e+02 7.0975701904e+02 7.0995098877e+02 7.1011401367e+02 7.1031298828e+02 7.1052600098e+02 7.1069598389e+02 7.1090698242e+02 7.1112799072e+02 7.1131896973e+02 7.1144897461e+02 7.1147601318e+02 7.1145501709e+02 7.1149499512e+02 7.1155999756e+02 7.1167602539e+02 7.1187200928e+02
7.0615502930e+02 7.0630401611e+02 7.0648602295e+02 7.0668902588e+02 7.0685797119e+02 7.0697497559e+02 7.0708898926e+02 7.0720202637e+02 7.0732000732e+02 7.0745098877e+02 7.0757501221e+02 7.0766302490e+02 7.0778399658e+02 7.0791900635e+02 7.0802301025e+02 7.0812097168e+02 7.0822802734e+02 7.0834997559e+02 7.0851599121e+02 7.0861602783e+02 7.0872698975e+02 7.0882897949e+02 7.0896697998e+02 7.0902197266e+02 7.0907202148e+02 7.0913397217e+02 7.0919097900e+02 7.0924200439e+02 7.0932299805e+02 7.0944299316e+02 7.0963098145e+02 7.0984002686e+02 7.1001300049e+02 7.1019598389e+02 7.1037298584e+02 7.1055700684e+02 7.1077502441e+02 7.1095202637e+02 7.1107598877e+02 7.1117700195e+02 7.1119702148e+02 7.1118298340e+02 7.1120599365e+02 7.1129998779e+02 7.1142297363e+02 7.1163397217e+02
7.0606298828e+02 7.0621099854e+02 7.0636901855e+02 7.0654797363e+02 7.0668597412e+02 7.0680200195e+02 7.0690600586e+02 7.0703198242e+02 7.0718200684e+02 7.0731799316e+02 7.0744500732e+02 7.0753198242e+02 7.0761102295e+02 7.0774597168e+02 7.0789697266e+02 7.0798901367e+02 7.0811401367e+02 7.0820397949e+02 7.0832098389e+02 7.0842901611e+02 7.0854199219e+02 7.0864300537e+02 7.0879302979e+02 7.0884997559e+02 7.0892700195e+02 7.0899700928e+02 7.0903900146e+02 7.0910400391e+02 7.0919702148e+02 7.0932397461e+02 7.0952697754e+02 7.0971899414e+02 7.0989501953e+02 7.1007202148e+02 7.1024597168e+02 7.1044097900e+02 7.1058801270e+02 7.1066900635e+02 7.1072802734e+02 7.1080603027e+02 7.1087597656e+02 7.1094500732e+02 7.1101098633e+02 7.1112902832e+02 7.1127600098e+02 7.1151098633e+02
7.0594799805e+02 7.0613397217e+02 7.0627697754e+02 7.0640002441e+02 7.0653601074e+02 7.0666198730e+02 7.0675799561e+02 7.0688800049e+02 7.0706402588e+02 7.0719097900e+02 7.0727502441e+02 7.0740100098e+02 7.0749401855e+02 7.0761798096e+02 7.0776702881e+02 7.0786401367e+02 7.0799401855e+02 7.0810101318e+02 7.0816400146e+02 7.0825799561e+02 7.0836102295e+02 7.0848498535e+02 7.0864099121e+02 7.0873400879e+02 7.0880200195e+02 7.0887500000e+02 7.0893597412e+02 7.0902197266e+02 7.0911401367e+02 7.0924200439e+02 7.0946099854e+02 7.0959600830e+02 7.0978497314e+02 7.0994799805e+02 7.1006500244e+02 7.1020599365e+02 7.1025897217e+02 7.1030902100e+02 7.1040100098e+02 7.1052697754e+02 7.1063800049e+02 7.1074298096e+02 7.1083898926e+02 7.1102502441e+02 7.1123602295e+02 7.1148400879e+02
7.0591802979e+02 7.0606896973e+02 7.0616802979e+02 7.0628100586e+02 7.0641400146e+02 7.0651898193e+02 7.0663598633e+02 7.0677398682e+02 7.0693798828e+02 7.0708001709e+02 7.0721899414e+02 7.0731500244e+02 7.0738000488e+02 7.0750201416e+02 7.0766497803e+02 7.0777099609e+02 7.0788201904e+02 7.0800000000e+02 7.0808001709e+02 7.0817297363e+02 7.0825000000e+02 7.0836297607e+02 7.0854699707e+02 7.0864898682e+02 7.0871099854e+02 7.0879602051e+02 7.0887500000e+02 7.0896899414e+02 7.0906701660e+02 7.0916699219e+02 7.0931597900e+02 7.0948199463e+02 7.0964501953e+02 7.0977001953e+02 7.0986999512e+02 7.0995697021e+02 7.1002099609e+02 7.1009497070e+02 7.1019897461e+02 7.1034301758e+02 7.1052197266e+02 7.1067297363e+02 7.1081097412e+02 7.1100097656e+02 7.1123498535e+02 7.1149798584e+02
7.0590301514e+02 7.0600201416e+02 7.0607598877e+02 7.0617401123e+02 7.0630603027e+02 7.0641601563e+02 7.0654400635e+02 7.0666900635e+02 7.0681402588e+02 7.0696197510e+02 7.0710998535e+02 7.0719799805e+02 7.0727197266e+02 7.0743597412e+02 7.0763598633e+02 7.0776300049e+02 7.0783197021e+02 7.0789697266e+02 7.0798400879e+02 7.0811602783e+02 7.0822698975e+02 7.0833398438e+02 7.0851300049e+02 7.0858099365e+02 7.0862402344e+02 7.0872698975e+02 7.0880999756e+02 7.0891302490e+02 7.0901702881e+02 7.0910498047e+02 7.0920697021e+02 7.0935302734e+02 7.0946099854e+02 7.0957397461e+02 7.0968298340e+02 7.0977801514e+02 7.0985797119e+02 7.0993597412e+02 7.1006402588e+02 7.1026300049e+02 7.1048199463e+02 7.1065997314e+02 7.1083599854e+02 7.1107397461e+02 7.1130499268e+02 7.1153802490e+02
7.0590997314e+02 7.0597900391e+02 7.0603601074e+02 7.0611499023e+02 7.0623602295e+02 7.0634600830e+02 7.0645697021e+02 7.0656298828e+02 7.0671600342e+02 7.0687298584e+02 7.0698797607e+02 7.0709197998e+02 7.0716699219e+02 7.0734899902e+02 7.0763201904e+02 7.0779101563e+02 7.0781201172e+02 7.0788201904e+02 7.0799102783e+02 7.0809301758e+02 7.0820501709e+02 7.0828601074e+02 7.0841699219e+02 7.0848498535e+02 7.0851501465e+02 7.0859197998e+02 7.0867602539e+02 7.0881597900e+02 7.0893103027e+02 7.0902398682e+02 7.0910998535e+02 7.0918200684e+02 7.0926202393e+02 7.0939697266e+02 7.0950402832e+02 7.0962597656e+02 7.0972198486e+02 7.0985900879e+02 7.1004602051e+02 7.1026000977e+02 7.1048901367e+02 7.1069097900e+02 7.1090600586e+02 7.1113201904e+02 7.1131402588e+02 7.1150402832e+02
