TESTSERVER/18/4.asc
NCOLS 100
NROWS 100
XLLCORNER 8.3997500000e+03
YLLCORNER 2.8975025000e+05
CELLSIZE 5.0000000000e-01
NODATA_VALUE -9.9990000000e+03
[rows 60 to 79 of 100, columns 0 to 45 of 100]
6.9750299072e+02 6.9758398438e+02 6.9765399170e+02 6.9776898193e+02 6.9793298340e+02 6.9802099609e+02 6.9810900879e+02 6.9817999268e+02 6.9825201416e+02 6.9830700684e+02 6.9833599854e+02 6.9837097168e+02 6.9840997314e+02 6.9844598389e+02 6.9847802734e+02 6.9850000000e+02 6.9852001953e+02 6.9853802490e+02 6.9858398438e+02 6.9860998535e+02 6.9863201904e+02 6.9867901611e+02 6.9871600342e+02 6.9874401855e+02 6.9877301025e+02 6.9879400635e+02 6.9882702637e+02 6.9885302734e+02 6.9886798096e+02 6.9889501953e+02 6.9890197754e+02 6.9891802979e+02 6.9892602539e+02 6.9893798828e+02 6.9894702148e+02 6.9895300293e+02 6.9896899414e+02 6.9898101807e+02 6.9899102783e+02 6.9898797607e+02 6.9898602295e+02 6.9898699951e+02 6.9899102783e+02 6.9899401855e+02 6.9900097656e+02 6.9900097656e+02
6.9736401367e+02 6.9744702148e+02 6.9751300049e+02 6.9761602783e+02 6.9778002930e+02 6.9788201904e+02 6.9797497559e+02 6.9805200195e+02 6.9812298584e+02 6.9817999268e+02 6.9822399902e+02 6.9826202393e+02 6.9830603027e+02 6.9834301758e+02 6.9837298584e+02 6.9839801025e+02 6.9841497803e+02 6.9843499756e+02 6.9847601318e+02 6.9850500488e+02 6.9852502441e+02 6.9856597900e+02 6.9860699463e+02 6.9864697266e+02 6.9868902588e+02 6.9869897461e+02 6.9872698975e+02 6.9875299072e+02 6.9876800537e+02 6.9880700684e+02 6.9881597900e+02 6.9882897949e+02 6.9884197998e+02 6.9884997559e+02 6.9886199951e+02 6.9886798096e+02 6.9888201904e+02 6.9890002441e+02 6.9891497803e+02 6.9890899658e+02 6.9890698242e+02 6.9890802002e+02 6.9890997314e+02 6.9891302490e+02 6.9891802979e+02 6.9891900635e+02
6.9721997070e+02 6.9730200195e+02 6.9738702393e+02 6.9749298096e+02 6.9763500977e+02 6.9774298096e+02 6.9783898926e+02 6.9792401123e+02 6.9799499512e+02 6.9805700684e+02 6.9811199951e+02 6.9814801025e+02 6.9819799805e+02 6.9823498535e+02 6.9826702881e+02 6.9829302979e+02 6.9831701660e+02 6.9834100342e+02 6.9836499023e+02 6.9839801025e+02 6.9843597412e+02 6.9846997070e+02 6.9850000000e+02 6.9853900146e+02 6.9858398438e+02 6.9859600830e+02 6.9862597656e+02 6.9865698242e+02 6.9867401123e+02 6.9870300293e+02 6.9872497559e+02 6.9873602295e+02 6.9875000000e+02 6.9875897217e+02 6.9877697754e+02 6.9879699707e+02 6.9880700684e+02 6.9882000732e+02 6.9883197021e+02 6.9882397461e+02 6.9882202148e+02 6.9882702637e+02 6.9883001709e+02 6.9883197021e+02 6.9883502197e+02 6.9883502197e+02
6.9710198975e+02 6.9717700195e+02 6.9727001953e+02 6.9736999512e+02 6.9750598145e+02 6.9761901855e+02 6.9771600342e+02 6.9780297852e+02 6.9787298584e+02 6.9793902588e+02 6.9799102783e+02 6.9802899170e+02 6.9808697510e+02 6.9812701416e+02 6.9816101074e+02 6.9818701172e+02 6.9821502686e+02 6.9824499512e+02 6.9826599121e+02 6.9829498291e+02 6.9834002686e+02 6.9837902832e+02 6.9840899658e+02 6.9844396973e+02 6.9848101807e+02 6.9850799561e+02 6.9853698730e+02 6.9856597900e+02 6.9859600830e+02 6.9861700439e+02 6.9863299561e+02 6.9864898682e+02 6.9865997314e+02 6.9867498779e+02 6.9870001221e+02 6.9871899414e+02 6.9872698975e+02 6.9874200439e+02 6.9875201416e+02 6.9874798584e+02 6.9874102783e+02 6.9874597168e+02 6.9874902344e+02 6.9875097656e+02 6.9875201416e+02 6.9875097656e+02
6.9698498535e+02 6.9704998779e+02 6.9714599609e+02 6.9725799561e+02 6.9738800049e+02 6.9748699951e+02 6.9758502197e+02 6.9767999268e+02 6.9775299072e+02 6.9783001709e+02 6.9787902832e+02 6.9791601563e+02 6.9796600342e+02 6.9801202393e+02 6.9804797363e+02 6.9807702637e+02 6.9811901855e+02 6.9814697266e+02 6.9817602539e+02 6.9821502686e+02 6.9825701904e+02 6.9829302979e+02 6.9833599854e+02 6.9837402344e+02 6.9840698242e+02 6.9843200684e+02 6.9845898438e+02 6.9847900391e+02 6.9850897217e+02 6.9852502441e+02 6.9853900146e+02 6.9856896973e+02 6.9859100342e+02 6.9860302734e+02 6.9863201904e+02 6.9863897705e+02 6.9863897705e+02 6.9865502930e+02 6.9866101074e+02 6.9866601563e+02 6.9865197754e+02 6.9866497803e+02 6.9866802979e+02 6.9867199707e+02 6.9866900635e+02 6.9867102051e+02
6.9688299561e+02 6.9695599365e+02 6.9703100586e+02 6.9712902832e+02 6.9724798584e+02 6.9735400391e+02 6.9744598389e+02 6.9754101563e+02 6.9763397217e+02 6.9770898438e+02 6.9775201416e+02 6.9780200195e+02 6.9785101318e+02 6.9790100098e+02 6.9794201660e+02 6.9797399902e+02 6.9802001953e+02 6.9805102539e+02 6.9808898926e+02 6.9813098145e+02 6.9816601563e+02 6.9820501709e+02 6.9825201416e+02 6.9828399658e+02 6.9832000732e+02 6.9835302734e+02 6.9838098145e+02 6.9839898682e+02 6.9842602539e+02 6.9844702148e+02 6.9846899414e+02 6.9849102783e+02 6.9851397705e+02 6.9851898193e+02 6.9853698730e+02 6.9854901123e+02 6.9856896973e+02 6.9858300781e+02 6.9858697510e+02 6.9859997559e+02 6.9858398438e+02 6.9858197021e+02 6.9858300781e+02 6.9859002686e+02 6.9858697510e+02 6.9859197998e+02
6.9678302002e+02 6.9685900879e+02 6.9691998291e+02 6.9701000977e+02 6.9713098145e+02 6.9723297119e+02 6.9732098389e+02 6.9741497803e+02 6.9750701904e+02 6.9757299805e+02 6.9763000488e+02 6.9769097900e+02 6.9773602295e+02 6.9778399658e+02 6.9782800293e+02 6.9786798096e+02 6.9790698242e+02 6.9794201660e+02 6.9799200439e+02 6.9803802490e+02 6.9807702637e+02 6.9811798096e+02 6.9816497803e+02 6.9820202637e+02 6.9824700928e+02 6.9828399658e+02 6.9830700684e+02 6.9832299805e+02 6.9835302734e+02 6.9836999512e+02 6.9839801025e+02 6.9841699219e+02 6.9844000244e+02 6.9845599365e+02 6.9846002197e+02 6.9846600342e+02 6.9848699951e+02 6.9850799561e+02 6.9851501465e+02 6.9852001953e+02 6.9851397705e+02 6.9851300049e+02 6.9851202393e+02 6.9851599121e+02 6.9849798584e+02 6.9850000000e+02
6.9668701172e+02 6.9675402832e+02 6.9681097412e+02 6.9689501953e+02 6.9701202393e+02 6.9711700439e+02 6.9721600342e+02 6.9730297852e+02 6.9737298584e+02 6.9744097900e+02 6.9750897217e+02 6.9757598877e+02 6.9762402344e+02 6.9766101074e+02 6.9771002197e+02 6.9776300049e+02 6.9779901123e+02 6.9784100342e+02 6.9790301514e+02 6.9795300293e+02 6.9799102783e+02 6.9803302002e+02 6.9808001709e+02 6.9812200928e+02 6.9816601563e+02 6.9821301270e+02 6.9824499512e+02 6.9826000977e+02 6.9827697754e+02 6.9829302979e+02 6.9832702637e+02 6.9834698486e+02 6.9836199951e+02 6.9837597656e+02 6.9838800049e+02 6.9839801025e+02 6.9840698242e+02 6.9842401123e+02 6.9843701172e+02 6.9843402100e+02 6.9843701172e+02 6.9843597412e+02 6.9843298340e+02 6.9843597412e+02 6.9842199707e+02 6.9842602539e+02
6.9658697510e+02 6.9665502930e+02 6.9671899414e+02 6.9679602051e+02 6.9689398193e+02 6.9699102783e+02 6.9709600830e+02 6.9717797852e+02 6.9723498535e+02 6.9731500244e+02 6.9739099121e+02 6.9746697998e+02 6.9750500488e+02 6.9753399658e+02 6.9759002686e+02 6.9764599609e+02 6.9768701172e+02 6.9773297119e+02 6.9780297852e+02 6.9785797119e+02 6.9788800049e+02 6.9793499756e+02 6.9798602295e+02 6.9803698730e+02 6.9808398438e+02 6.9812500000e+02 6.9816699219e+02 6.9819598389e+02 6.9821697998e+02 6.9824200439e+02 6.9825799561e+02 6.9826800537e+02 6.9828497314e+02 6.9829400635e+02 6.9830499268e+02 6.9831597900e+02 6.9833801270e+02 6.9835302734e+02 6.9837097168e+02 6.9836401367e+02 6.9835797119e+02 6.9836499023e+02 6.9835302734e+02 6.9835302734e+02 6.9835699463e+02 6.9837402344e+02
6.9647601318e+02 6.9653997803e+02 6.9659002686e+02 6.9666101074e+02 6.9676599121e+02 6.9686297607e+02 6.9696301270e+02 6.9704797363e+02 6.9712298584e+02 6.9719799805e+02 6.9726702881e+02 6.9734100342e+02 6.9739599609e+02 6.9743701172e+02 6.9747802734e+02 6.9751098633e+02 6.9757098389e+02 6.9763000488e+02 6.9768798828e+02 6.9774102783e+02 6.9779400635e+02 6.9785400391e+02 6.9789801025e+02 6.9794897461e+02 6.9799700928e+02 6.9805102539e+02 6.9809698486e+02 6.9813397217e+02 6.9814697266e+02 6.9817602539e+02 6.9819598389e+02 6.9820800781e+02 6.9822900391e+02 6.9822497559e+02 6.9823101807e+02 6.9824798584e+02 6.9826000977e+02 6.9826397705e+02 6.9828198242e+02 6.9828698730e+02 6.9829199219e+02 6.9829998779e+02 6.9829498291e+02 6.9828997803e+02 6.9829302979e+02 6.9829400635e+02
6.9635797119e+02 6.9641198730e+02 6.9646099854e+02 6.9653601074e+02 6.9665301514e+02 6.9675201416e+02 6.9684301758e+02 6.9693298340e+02 6.9701898193e+02 6.9708898926e+02 6.9714697266e+02 6.9721502686e+02 6.9728497314e+02 6.9733001709e+02 6.9736499023e+02 6.9740502930e+02 6.9746697998e+02 6.9752301025e+02 6.9757897949e+02 6.9762701416e+02 6.9768597412e+02 6.9775598145e+02 6.9780700684e+02 6.9785998535e+02 6.9791998291e+02 6.9798400879e+02 6.9802502441e+02 6.9805999756e+02 6.9808099365e+02 6.9810998535e+02 6.9812701416e+02 6.9813397217e+02 6.9815600586e+02 6.9815899658e+02 6.9816302490e+02 6.9817901611e+02 6.9818798828e+02 6.9819598389e+02 6.9820898438e+02 6.9821002197e+02 6.9821697998e+02 6.9822100830e+02 6.9822302246e+02 6.9821899414e+02 6.9822399902e+02 6.9821899414e+02
6.9625097656e+02 6.9630700684e+02 6.9636297607e+02 6.9643298340e+02 6.9654699707e+02 6.9663702393e+02 6.9672998047e+02 6.9683001709e+02 6.9691101074e+02 6.9697601318e+02 6.9703601074e+02 6.9709600830e+02 6.9716497803e+02 6.9721197510e+02 6.9724798584e+02 6.9730102539e+02 6.9735699463e+02 6.9740600586e+02 6.9746197510e+02 6.9751397705e+02 6.9757702637e+02 6.9764801025e+02 6.9771002197e+02 6.9777099609e+02 6.9784197998e+02 6.9790002441e+02 6.9793902588e+02 6.9797900391e+02 6.9801300049e+02 6.9803802490e+02 6.9804901123e+02 6.9806799316e+02 6.9809301758e+02 6.9809600830e+02 6.9809802246e+02 6.9810198975e+02 6.9810998535e+02 6.9812902832e+02 6.9813800049e+02 6.9813397217e+02 6.9814501953e+02 6.9814898682e+02 6.9815002441e+02 6.9814801025e+02 6.9816101074e+02 6.9815802002e+02
6.9613397217e+02 6.9620898438e+02 6.9628802490e+02 6.9636102295e+02 6.9645098877e+02 6.9652398682e+02 6.9661401367e+02 6.9671197510e+02 6.9679199219e+02 6.9684802246e+02 6.9692401123e+02 6.9698797607e+02 6.9705401611e+02 6.9709997559e+02 6.9713500977e+02 6.9719500732e+02 6.9724597168e+02 6.9728997803e+02 6.9734698486e+02 6.9739898682e+02 6.9746801758e+02 6.9754998779e+02 6.9761499023e+02 6.9768200684e+02 6.9775500488e+02 6.9780297852e+02 6.9784002686e+02 6.9788702393e+02 6.9793298340e+02 6.9796301270e+02 6.9798602295e+02 6.9800097656e+02 6.9802197266e+02 6.9803198242e+02 6.9803601074e+02 6.9803399658e+02 6.9803997803e+02 6.9805297852e+02 6.9805200195e+02 6.9805102539e+02 6.9806597900e+02 6.9807202148e+02 6.9807202148e+02 6.9807897949e+02 6.9808898926e+02 6.9808801270e+02
6.9603198242e+02 6.9609899902e+02 6.9617797852e+02 6.9624902344e+02 6.9633001709e+02 6.9641601563e+02 6.9650097656e+02 6.9658599854e+02 6.9667602539e+02 6.9674499512e+02 6.9680798340e+02 6.9686999512e+02 6.9693597412e+02 6.9697998047e+02 6.9701800537e+02 6.9707202148e+02 6.9712097168e+02 6.9717199707e+02 6.9723699951e+02 6.9729498291e+02 6.9734899902e+02 6.9742602539e+02 6.9749298096e+02 6.9756402588e+02 6.9762902832e+02 6.9769396973e+02 6.9774200439e+02 6.9779101563e+02 6.9784100342e+02 6.9788397217e+02 6.9791601563e+02 6.9792999268e+02 6.9795501709e+02 6.9796801758e+02 6.9797100830e+02 6.9797100830e+02 6.9798498535e+02 6.9798901367e+02 6.9798901367e+02 6.9799102783e+02 6.9799401855e+02 6.9799902344e+02 6.9800000000e+02 6.9800402832e+02 6.9800299072e+02 6.9801599121e+02
6.9594500732e+02 6.9600299072e+02 6.9607299805e+02 6.9614202881e+02 6.9621398926e+02 6.9629498291e+02 6.9638897705e+02 6.9647698975e+02 6.9657202148e+02 6.9664501953e+02 6.9669702148e+02 6.9676397705e+02 6.9681201172e+02 6.9686297607e+02 6.9691302490e+02 6.9695898438e+02 6.9700097656e+02 6.9705102539e+02 6.9711297607e+02 6.9717797852e+02 6.9722998047e+02 6.9730297852e+02 6.9737298584e+02 6.9745001221e+02 6.9752001953e+02 6.9759600830e+02 6.9765502930e+02 6.9770501709e+02 6.9775000000e+02 6.9779699707e+02 6.9782800293e+02 6.9785400391e+02 6.9788800049e+02 6.9788897705e+02 6.9789898682e+02 6.9790399170e+02 6.9792498779e+02 6.9792498779e+02 6.9792498779e+02 6.9792700195e+02 6.9792297363e+02 6.9792602539e+02 6.9792797852e+02 6.9793103027e+02 6.9792700195e+02 6.9793298340e+02
6.9586798096e+02 6.9591400146e+02 6.9597100830e+02 6.9603399658e+02 6.9611401367e+02 6.9617797852e+02 6.9627301025e+02 6.9636199951e+02 6.9645501709e+02 6.9652697754e+02 6.9658398438e+02 6.9665899658e+02 6.9669396973e+02 6.9674298096e+02 6.9679199219e+02 6.9684100342e+02 6.9689202881e+02 6.9694396973e+02 6.9699200439e+02 6.9705297852e+02 6.9711602783e+02 6.9718597412e+02 6.9726000977e+02 6.9734497070e+02 6.9742901611e+02 6.9751202393e+02 6.9757800293e+02 6.9763201904e+02 6.9766900635e+02 6.9771301270e+02 6.9774597168e+02 6.9777197266e+02 6.9781097412e+02 6.9780902100e+02 6.9782397461e+02 6.9784100342e+02 6.9785900879e+02 6.9786499023e+02 6.9786700439e+02 6.9786102295e+02 6.9785601807e+02 6.9784997559e+02 6.9784698486e+02 6.9785601807e+02 6.9786297607e+02 6.9785699463e+02
6.9579199219e+02 6.9583398438e+02 6.9588897705e+02 6.9595001221e+02 6.9602697754e+02 6.9607098389e+02 6.9614898682e+02 6.9623901367e+02 6.9633300781e+02 6.9640802002e+02 6.9647802734e+02 6.9654901123e+02 6.9659002686e+02 6.9663397217e+02 6.9667797852e+02 6.9672998047e+02 6.9677697754e+02 6.9683898926e+02 6.9688800049e+02 6.9693902588e+02 6.9699700928e+02 6.9708001709e+02 6.9716302490e+02 6.9724597168e+02 6.9732897949e+02 6.9741101074e+02 6.9748297119e+02 6.9755297852e+02 6.9759899902e+02 6.9762902832e+02 6.9766699219e+02 6.9768798828e+02 6.9770800781e+02 6.9773297119e+02 6.9775097656e+02 6.9777197266e+02 6.9778601074e+02 6.9779901123e+02 6.9780603027e+02 6.9779400635e+02 6.9779602051e+02 6.9778900146e+02 6.9777899170e+02 6.9778002930e+02 6.9777697754e+02 6.9777398682e+02
6.9570898438e+02 6.9575201416e+02 6.9579998779e+02 6.9584197998e+02 6.9590802002e+02 6.9597198486e+02 6.9604101563e+02 6.9612597656e+02 6.9621502686e+02 6.9628802490e+02 6.9635498047e+02 6.9641998291e+02 6.9647497559e+02 6.9652899170e+02 6.9657098389e+02 6.9661999512e+02 6.9666601563e+02 6.9672601318e+02 6.9677899170e+02 6.9682897949e+02 6.9687902832e+02 6.9694897461e+02 6.9703698730e+02 6.9713000488e+02 6.9721801758e+02 6.9730102539e+02 6.9738299561e+02 6.9746301270e+02 6.9750897217e+02 6.9754199219e+02 6.9758801270e+02 6.9761700439e+02 6.9763299561e+02 6.9765600586e+02 6.9766998291e+02 6.9769702148e+02 6.9771301270e+02 6.9772998047e+02 6.9774902344e+02 6.9774401855e+02 6.9772601318e+02 6.9771697998e+02 6.9771197510e+02 6.9770898438e+02 6.9769702148e+02 6.9769799805e+02
6.9561499023e+02 6.9566497803e+02 6.9571600342e+02 6.9575201416e+02 6.9580499268e+02 6.9586297607e+02 6.9593103027e+02 6.9601800537e+02 6.9610101318e+02 6.9617401123e+02 6.9623498535e+02 6.9629699707e+02 6.9636700439e+02 6.9642498779e+02 6.9646697998e+02 6.9652197266e+02 6.9656896973e+02 6.9663000488e+02 6.9667999268e+02 6.9673297119e+02 6.9678198242e+02 6.9684600830e+02 6.9692199707e+02 6.9700402832e+02 6.9710302734e+02 6.9719598389e+02 6.9728497314e+02 6.9736798096e+02 6.9742401123e+02 6.9746600342e+02 6.9751397705e+02 6.9754498291e+02 6.9756201172e+02 6.9758697510e+02 6.9760101318e+02 6.9762500000e+02 6.9764001465e+02 6.9766601563e+02 6.9768597412e+02 6.9768597412e+02 6.9766998291e+02 6.9765698242e+02 6.9764801025e+02 6.9764801025e+02 6.9764001465e+02 6.9763500977e+02
6.9552301025e+02 6.9556799316e+02 6.9562200928e+02 6.9566400146e+02 6.9571002197e+02 6.9576702881e+02 6.9583599854e+02 6.9591900635e+02 6.9600500488e+02 6.9607299805e+02 6.9613702393e+02 6.9619702148e+02 6.9626599121e+02 6.9632501221e+02 6.9636700439e+02 6.9642901611e+02 6.9647399902e+02 6.9653601074e+02 6.9657598877e+02 6.9662902832e+02 6.9667401123e+02 6.9673602295e+02 6.9680798340e+02 6.9688397217e+02 6.9698400879e+02 6.9706896973e+02 6.9715600586e+02 6.9725299072e+02 6.9732098389e+02 6.9737799072e+02 6.9742700195e+02 6.9745800781e+02 6.9748101807e+02 6.9750897217e+02 6.9752502441e+02 6.9754602051e+02 6.9757299805e+02 6.9759600830e+02 6.9761199951e+02 6.9761700439e+02 6.9761999512e+02 6.9760601807e+02 6.9760101318e+02 6.9759899902e+02 6.9758502197e+02 6.9757098389e+02
