TESTSERVER/18/4.asc
NCOLS 100
NROWS 100
XLLCORNER 8.3997500000e+03
YLLCORNER 2.8975025000e+05
CELLSIZE 5.0000000000e-01
NODATA_VALUE -9.9990000000e+03
[rows 40 to 59 of 100, columns 0 to 45 of 100]
7.0007202148e+02 7.0010998535e+02 7.0013897705e+02 7.0015997314e+02 7.0016400146e+02 7.0023797607e+02 7.0028399658e+02 7.0034002686e+02 7.0043798828e+02 7.0048498535e+02 7.0051098633e+02 7.0052001953e+02 7.0053698730e+02 7.0053302002e+02 7.0052301025e+02 7.0051397705e+02 7.0051599121e+02 7.0052197266e+02 7.0052600098e+02 7.0052502441e+02 7.0050897217e+02 7.0052801514e+02 7.0053198242e+02 7.0052398682e+02 7.0053002930e+02 7.0053302002e+02 7.0053198242e+02 7.0052697754e+02 7.0052301025e+02 7.0054901123e+02 7.0056597900e+02 7.0056201172e+02 7.0057202148e+02 7.0057202148e+02 7.0056402588e+02 7.0055902100e+02 7.0054498291e+02 7.0056097412e+02 7.0055798340e+02 7.0055603027e+02 7.0054998779e+02 7.0053399658e+02 7.0051800537e+02 7.0051800537e+02 7.0052197266e+02 7.0051800537e+02
6.9994799805e+02 6.9997198486e+02 6.9999200439e+02 7.0001702881e+02 7.0006201172e+02 7.0013299561e+02 7.0019097900e+02 7.0026300049e+02 7.0035699463e+02 7.0041699219e+02 7.0043103027e+02 7.0042498779e+02 7.0043200684e+02 7.0043200684e+02 7.0043103027e+02 7.0041900635e+02 7.0042602539e+02 7.0043798828e+02 7.0043499756e+02 7.0043103027e+02 7.0042199707e+02 7.0044396973e+02 7.0045898438e+02 7.0045800781e+02 7.0046099854e+02 7.0045697021e+02 7.0046502686e+02 7.0046801758e+02 7.0046697998e+02 7.0048999023e+02 7.0051300049e+02 7.0051501465e+02 7.0053302002e+02 7.0053601074e+02 7.0053002930e+02 7.0052001953e+02 7.0049902344e+02 7.0050897217e+02 7.0049902344e+02 7.0049102783e+02 7.0049200439e+02 7.0045397949e+02 7.0044000244e+02 7.0044598389e+02 7.0044299316e+02 7.0043200684e+02
6.9980297852e+02 6.9981701660e+02 6.9985302734e+02 6.9990802002e+02 6.9998101807e+02 7.0004797363e+02 7.0012701416e+02 7.0020501709e+02 7.0027502441e+02 7.0032702637e+02 7.0033502197e+02 7.0033801270e+02 7.0035400391e+02 7.0034997559e+02 7.0034399414e+02 7.0033502197e+02 7.0034002686e+02 7.0034997559e+02 7.0034802246e+02 7.0034698486e+02 7.0034002686e+02 7.0036401367e+02 7.0037597656e+02 7.0038000488e+02 7.0039801025e+02 7.0039099121e+02 7.0039398193e+02 7.0040100098e+02 7.0040197754e+02 7.0042199707e+02 7.0045599365e+02 7.0046997070e+02 7.0049401855e+02 7.0049700928e+02 7.0048400879e+02 7.0047100830e+02 7.0045501709e+02 7.0044702148e+02 7.0043298340e+02 7.0043298340e+02 7.0043103027e+02 7.0039300537e+02 7.0037597656e+02 7.0037799072e+02 7.0036401367e+02 7.0035998535e+02
6.9967297363e+02 6.9968798828e+02 6.9973101807e+02 6.9980297852e+02 6.9990100098e+02 6.9998400879e+02 7.0006500244e+02 7.0012402344e+02 7.0017401123e+02 7.0021600342e+02 7.0023297119e+02 7.0024902344e+02 7.0026300049e+02 7.0026599121e+02 7.0026098633e+02 7.0026202393e+02 7.0025701904e+02 7.0026000977e+02 7.0026800537e+02 7.0027398682e+02 7.0027099609e+02 7.0028002930e+02 7.0028698730e+02 7.0029797363e+02 7.0032202148e+02 7.0032299805e+02 7.0031701660e+02 7.0033099365e+02 7.0034600830e+02 7.0035601807e+02 7.0038897705e+02 7.0041497803e+02 7.0044799805e+02 7.0044799805e+02 7.0043902588e+02 7.0043200684e+02 7.0041699219e+02 7.0040600586e+02 7.0039202881e+02 7.0038702393e+02 7.0035900879e+02 7.0033099365e+02 7.0031500244e+02 7.0031097412e+02 7.0029302979e+02 7.0029699707e+02
6.9950598145e+02 6.9956097412e+02 6.9961401367e+02 6.9969299316e+02 6.9979998779e+02 6.9991601563e+02 6.9998199463e+02 7.0002899170e+02 7.0006896973e+02 7.0010198975e+02 7.0013201904e+02 7.0015002441e+02 7.0014697266e+02 7.0016400146e+02 7.0016302490e+02 7.0016601563e+02 7.0016900635e+02 7.0017700195e+02 7.0018798828e+02 7.0019299316e+02 7.0020001221e+02 7.0020300293e+02 7.0020501709e+02 7.0021002197e+02 7.0021997070e+02 7.0024798584e+02 7.0024298096e+02 7.0025097656e+02 7.0028100586e+02 7.0028698730e+02 7.0031201172e+02 7.0034301758e+02 7.0038702393e+02 7.0041400146e+02 7.0041699219e+02 7.0040502930e+02 7.0038702393e+02 7.0036798096e+02 7.0034399414e+02 7.0032098389e+02 7.0028302002e+02 7.0026800537e+02 7.0025299072e+02 7.0024102783e+02 7.0023699951e+02 7.0023199463e+02
6.9937402344e+02 6.9944598389e+02 6.9953100586e+02 6.9961602783e+02 6.9970300293e+02 6.9979797363e+02 6.9985498047e+02 6.9991198730e+02 6.9995300293e+02 6.9998101807e+02 7.0002502441e+02 7.0004602051e+02 7.0004699707e+02 7.0006500244e+02 7.0007000732e+02 7.0007702637e+02 7.0008599854e+02 7.0009497070e+02 7.0011297607e+02 7.0011602783e+02 7.0011700439e+02 7.0011999512e+02 7.0012799072e+02 7.0013299561e+02 7.0013500977e+02 7.0015802002e+02 7.0016400146e+02 7.0017602539e+02 7.0021197510e+02 7.0021600342e+02 7.0024700928e+02 7.0027899170e+02 7.0032598877e+02 7.0037200928e+02 7.0037500000e+02 7.0035900879e+02 7.0035198975e+02 7.0032299805e+02 7.0029699707e+02 7.0027197266e+02 7.0023199463e+02 7.0021502686e+02 7.0019500732e+02 7.0017797852e+02 7.0016998291e+02 7.0016101074e+02
6.9922399902e+02 6.9932501221e+02 6.9941998291e+02 6.9948797607e+02 6.9956500244e+02 6.9966302490e+02 6.9973297119e+02 6.9979101563e+02 6.9983801270e+02 6.9987097168e+02 6.9991601563e+02 6.9993798828e+02 6.9994201660e+02 6.9995800781e+02 6.9996899414e+02 6.9998602295e+02 7.0000299072e+02 7.0001300049e+02 7.0003100586e+02 7.0003900146e+02 7.0004602051e+02 7.0005603027e+02 7.0006402588e+02 7.0006402588e+02 7.0006597900e+02 7.0007299805e+02 7.0008001709e+02 7.0010198975e+02 7.0012701416e+02 7.0011901855e+02 7.0016198730e+02 7.0019897461e+02 7.0024102783e+02 7.0029199219e+02 7.0032000732e+02 7.0031799316e+02 7.0030700684e+02 7.0028100586e+02 7.0025500488e+02 7.0022497559e+02 7.0017199707e+02 7.0014697266e+02 7.0012500000e+02 7.0011602783e+02 7.0010101318e+02 7.0009497070e+02
6.9911297607e+02 6.9920001221e+02 6.9927197266e+02 6.9932098389e+02 6.9940502930e+02 6.9950799561e+02 6.9960302734e+02 6.9966400146e+02 6.9971899414e+02 6.9976300049e+02 6.9980499268e+02 6.9982397461e+02 6.9983300781e+02 6.9985400391e+02 6.9986901855e+02 6.9988299561e+02 6.9990399170e+02 6.9991400146e+02 6.9992797852e+02 6.9994500732e+02 6.9996502686e+02 6.9998297119e+02 6.9999401855e+02 6.9999200439e+02 6.9999902344e+02 6.9999401855e+02 6.9999597168e+02 7.0001702881e+02 7.0003802490e+02 7.0003802490e+02 7.0007501221e+02 7.0010699463e+02 7.0014801025e+02 7.0019201660e+02 7.0024200439e+02 7.0025897217e+02 7.0024597168e+02 7.0022698975e+02 7.0020001221e+02 7.0017297363e+02 7.0012402344e+02 7.0007702637e+02 7.0004699707e+02 7.0004797363e+02 7.0002899170e+02 7.0002301025e+02
6.9898297119e+02 6.9904998779e+02 6.9911199951e+02 6.9915899658e+02 6.9925402832e+02 6.9935699463e+02 6.9946997070e+02 6.9953802490e+02 6.9958300781e+02 6.9965100098e+02 6.9969396973e+02 6.9971099854e+02 6.9972802734e+02 6.9976300049e+02 6.9978100586e+02 6.9978302002e+02 6.9979302979e+02 6.9980700684e+02 6.9982501221e+02 6.9985699463e+02 6.9988000488e+02 6.9989599609e+02 6.9991101074e+02 6.9991198730e+02 6.9992297363e+02 6.9992297363e+02 6.9992297363e+02 6.9993902588e+02 6.9996899414e+02 6.9997998047e+02 6.9999200439e+02 7.0001501465e+02 7.0006298828e+02 7.0009802246e+02 7.0014300537e+02 7.0016998291e+02 7.0017102051e+02 7.0015600586e+02 7.0012298584e+02 7.0009997559e+02 7.0007702637e+02 7.0002001953e+02 6.9998602295e+02 6.9998297119e+02 6.9996197510e+02 6.9994500732e+02
6.9883898926e+02 6.9889300537e+02 6.9896398926e+02 6.9901898193e+02 6.9910601807e+02 6.9919799805e+02 6.9932098389e+02 6.9941998291e+02 6.9947601318e+02 6.9952398682e+02 6.9957000732e+02 6.9959301758e+02 6.9961700439e+02 6.9965301514e+02 6.9966802979e+02 6.9967401123e+02 6.9969396973e+02 6.9971002197e+02 6.9973602295e+02 6.9977001953e+02 6.9978900146e+02 6.9980902100e+02 6.9982501221e+02 6.9983300781e+02 6.9984399414e+02 6.9984899902e+02 6.9985302734e+02 6.9986602783e+02 6.9988702393e+02 6.9989697266e+02 6.9991400146e+02 6.9993103027e+02 6.9995501709e+02 6.9999200439e+02 7.0003601074e+02 7.0007000732e+02 7.0008099365e+02 7.0006896973e+02 7.0004699707e+02 7.0002899170e+02 7.0000701904e+02 6.9996099854e+02 6.9992102051e+02 6.9989898682e+02 6.9987902832e+02 6.9985302734e+02
6.9869897461e+02 6.9874200439e+02 6.9880499268e+02 6.9887200928e+02 6.9895202637e+02 6.9904901123e+02 6.9917999268e+02 6.9928802490e+02 6.9935498047e+02 6.9940301514e+02 6.9945599365e+02 6.9949102783e+02 6.9951898193e+02 6.9955401611e+02 6.9956500244e+02 6.9957800293e+02 6.9959997559e+02 6.9960400391e+02 6.9963299561e+02 6.9966699219e+02 6.9968798828e+02 6.9971301270e+02 6.9973602295e+02 6.9975201416e+02 6.9975799561e+02 6.9976898193e+02 6.9978100586e+02 6.9978802490e+02 6.9979602051e+02 6.9980603027e+02 6.9983001709e+02 6.9984301758e+02 6.9985302734e+02 6.9988800049e+02 6.9992297363e+02 6.9995001221e+02 6.9997399902e+02 6.9997601318e+02 6.9996398926e+02 6.9994897461e+02 6.9993103027e+02 6.9989300537e+02 6.9985998535e+02 6.9983300781e+02 6.9980200195e+02 6.9978198242e+02
6.9856799316e+02 6.9860498047e+02 6.9866302490e+02 6.9873999023e+02 6.9882501221e+02 6.9894702148e+02 6.9907800293e+02 6.9917797852e+02 6.9923901367e+02 6.9929101563e+02 6.9933801270e+02 6.9937500000e+02 6.9941601563e+02 6.9945202637e+02 6.9945599365e+02 6.9946997070e+02 6.9950000000e+02 6.9950598145e+02 6.9953302002e+02 6.9956402588e+02 6.9958801270e+02 6.9961999512e+02 6.9964501953e+02 6.9966302490e+02 6.9966900635e+02 6.9968103027e+02 6.9969000244e+02 6.9969702148e+02 6.9970800781e+02 6.9972100830e+02 6.9974102783e+02 6.9975299072e+02 6.9976702881e+02 6.9979602051e+02 6.9981402588e+02 6.9982397461e+02 6.9984802246e+02 6.9986700439e+02 6.9987200928e+02 6.9986499023e+02 6.9983898926e+02 6.9980401611e+02 6.9977899170e+02 6.9975299072e+02 6.9973297119e+02 6.9971997070e+02
6.9841699219e+02 6.9847601318e+02 6.9854797363e+02 6.9863897705e+02 6.9874200439e+02 6.9884997559e+02 6.9897198486e+02 6.9907897949e+02 6.9913702393e+02 6.9918402100e+02 6.9922399902e+02 6.9926000977e+02 6.9930798340e+02 6.9934698486e+02 6.9935699463e+02 6.9936901855e+02 6.9939501953e+02 6.9940399170e+02 6.9943402100e+02 6.9946801758e+02 6.9948602295e+02 6.9952099609e+02 6.9954699707e+02 6.9956500244e+02 6.9959698486e+02 6.9959600830e+02 6.9959698486e+02 6.9960699463e+02 6.9963098145e+02 6.9964697266e+02 6.9966400146e+02 6.9967498779e+02 6.9968902588e+02 6.9970697021e+02 6.9972198486e+02 6.9973400879e+02 6.9974401855e+02 6.9976397705e+02 6.9977001953e+02 6.9976300049e+02 6.9975097656e+02 6.9972601318e+02 6.9970697021e+02 6.9969598389e+02 6.9967797852e+02 6.9965502930e+02
6.9830902100e+02 6.9839099121e+02 6.9845800781e+02 6.9854998779e+02 6.9866400146e+02 6.9876202393e+02 6.9887597656e+02 6.9897302246e+02 6.9902801514e+02 6.9907202148e+02 6.9911297607e+02 6.9915399170e+02 6.9920001221e+02 6.9923797607e+02 6.9925897217e+02 6.9927398682e+02 6.9929699707e+02 6.9930999756e+02 6.9933300781e+02 6.9936700439e+02 6.9938500977e+02 6.9940997314e+02 6.9943902588e+02 6.9946002197e+02 6.9949499512e+02 6.9951202393e+02 6.9952001953e+02 6.9951300049e+02 6.9953002930e+02 6.9953698730e+02 6.9955297852e+02 6.9957299805e+02 6.9958197021e+02 6.9959997559e+02 6.9962298584e+02 6.9964001465e+02 6.9963598633e+02 6.9964501953e+02 6.9965100098e+02 6.9965100098e+02 6.9964697266e+02 6.9964001465e+02 6.9962097168e+02 6.9961102295e+02 6.9959399414e+02 6.9957897949e+02
6.9821997070e+02 6.9830603027e+02 6.9838598633e+02 6.9848797607e+02 6.9859497070e+02 6.9869201660e+02 6.9879199219e+02 6.9886901855e+02 6.9891900635e+02 6.9896301270e+02 6.9900402832e+02 6.9904498291e+02 6.9909197998e+02 6.9912500000e+02 6.9914300537e+02 6.9916497803e+02 6.9919396973e+02 6.9921697998e+02 6.9923199463e+02 6.9926300049e+02 6.9928601074e+02 6.9931201172e+02 6.9933697510e+02 6.9935900879e+02 6.9939501953e+02 6.9941601563e+02 6.9942401123e+02 6.9941601563e+02 6.9944097900e+02 6.9944500732e+02 6.9945697021e+02 6.9946997070e+02 6.9947399902e+02 6.9949200439e+02 6.9951202393e+02 6.9953002930e+02 6.9953601074e+02 6.9953802490e+02 6.9954101563e+02 6.9954199219e+02 6.9954602051e+02 6.9954400635e+02 6.9953399658e+02 6.9953302002e+02 6.9952197266e+02 6.9950299072e+02
6.9813201904e+02 6.9821899414e+02 6.9831597900e+02 6.9843499756e+02 6.9853002930e+02 6.9862701416e+02 6.9871697998e+02 6.9877899170e+02 6.9881597900e+02 6.9885400391e+02 6.9889501953e+02 6.9893597412e+02 6.9898199463e+02 6.9901202393e+02 6.9902099609e+02 6.9904302979e+02 6.9907702637e+02 6.9909100342e+02 6.9910601807e+02 6.9913702393e+02 6.9916497803e+02 6.9919799805e+02 6.9922998047e+02 6.9926300049e+02 6.9930102539e+02 6.9931701660e+02 6.9932299805e+02 6.9931701660e+02 6.9933398438e+02 6.9934100342e+02 6.9935498047e+02 6.9936199951e+02 6.9937200928e+02 6.9939001465e+02 6.9940301514e+02 6.9941601563e+02 6.9943402100e+02 6.9943902588e+02 6.9944598389e+02 6.9944897461e+02 6.9945501709e+02 6.9945397949e+02 6.9945501709e+02 6.9946002197e+02 6.9945501709e+02 6.9944000244e+02
6.9801800537e+02 6.9811401367e+02 6.9822399902e+02 6.9834301758e+02 6.9844396973e+02 6.9853497314e+02 6.9862500000e+02 6.9867999268e+02 6.9871997070e+02 6.9874298096e+02 6.9878198242e+02 6.9882299805e+02 6.9886401367e+02 6.9888702393e+02 6.9889501953e+02 6.9892401123e+02 6.9896600342e+02 6.9898199463e+02 6.9898602295e+02 6.9901098633e+02 6.9904901123e+02 6.9907702637e+02 6.9912597656e+02 6.9916802979e+02 6.9918597412e+02 6.9920800781e+02 6.9922998047e+02 6.9924102783e+02 6.9924102783e+02 6.9924798584e+02 6.9926397705e+02 6.9925799561e+02 6.9927600098e+02 6.9930603027e+02 6.9931701660e+02 6.9931701660e+02 6.9933001709e+02 6.9934899902e+02 6.9935998535e+02 6.9935900879e+02 6.9935699463e+02 6.9936102295e+02 6.9936700439e+02 6.9936798096e+02 6.9936199951e+02 6.9936901855e+02
6.9787902832e+02 6.9797302246e+02 6.9808599854e+02 6.9820501709e+02 6.9832098389e+02 6.9842602539e+02 6.9851397705e+02 6.9856799316e+02 6.9861199951e+02 6.9863897705e+02 6.9867199707e+02 6.9870397949e+02 6.9873400879e+02 6.9876800537e+02 6.9879101563e+02 6.9880902100e+02 6.9884399414e+02 6.9887500000e+02 6.9888800049e+02 6.9891400146e+02 6.9894299316e+02 6.9897198486e+02 6.9902398682e+02 6.9906097412e+02 6.9908099365e+02 6.9911499023e+02 6.9914001465e+02 6.9915197754e+02 6.9916601563e+02 6.9915997314e+02 6.9916601563e+02 6.9917102051e+02 6.9919598389e+02 6.9920501709e+02 6.9921502686e+02 6.9921997070e+02 6.9923999023e+02 6.9925500488e+02 6.9926599121e+02 6.9925799561e+02 6.9926000977e+02 6.9926501465e+02 6.9926898193e+02 6.9927398682e+02 6.9927899170e+02 6.9928601074e+02
6.9775701904e+02 6.9784100342e+02 6.9794299316e+02 6.9806701660e+02 6.9819500732e+02 6.9829699707e+02 6.9838000488e+02 6.9844201660e+02 6.9849401855e+02 6.9853198242e+02 6.9856500244e+02 6.9859997559e+02 6.9863397217e+02 6.9866900635e+02 6.9869799805e+02 6.9870599365e+02 6.9873699951e+02 6.9877197266e+02 6.9879101563e+02 6.9881896973e+02 6.9883300781e+02 6.9886499023e+02 6.9891699219e+02 6.9895202637e+02 6.9898199463e+02 6.9901800537e+02 6.9904199219e+02 6.9905401611e+02 6.9907598877e+02 6.9907897949e+02 6.9908697510e+02 6.9909197998e+02 6.9910400391e+02 6.9910797119e+02 6.9911901855e+02 6.9912799072e+02 6.9914501953e+02 6.9915399170e+02 6.9916900635e+02 6.9916699219e+02 6.9916601563e+02 6.9917199707e+02 6.9917602539e+02 6.9918103027e+02 6.9918902588e+02 6.9918701172e+02
6.9762200928e+02 6.9770300293e+02 6.9779199219e+02 6.9792102051e+02 6.9806402588e+02 6.9815997314e+02 6.9824499512e+02 6.9831298828e+02 6.9836901855e+02 6.9841802979e+02 6.9845098877e+02 6.9849200439e+02 6.9853198242e+02 6.9855999756e+02 6.9858697510e+02 6.9859698486e+02 6.9863098145e+02 6.9865698242e+02 6.9868597412e+02 6.9871197510e+02 6.9872900391e+02 6.9877301025e+02 6.9881597900e+02 6.9884399414e+02 6.9887402344e+02 6.9890301514e+02 6.9893200684e+02 6.9894598389e+02 6.9896502686e+02 6.9898101807e+02 6.9899597168e+02 6.9900097656e+02 6.9900799561e+02 6.9902301025e+02 6.9903698730e+02 6.9904699707e+02 6.9905603027e+02 6.9906500244e+02 6.9908197021e+02 6.9907897949e+02 6.9907202148e+02 6.9907897949e+02 6.9908300781e+02 6.9908801270e+02 6.9909301758e+02 6.9908801270e+02
