TESTSERVER/18/4.asc
NCOLS 100
NROWS 100
XLLCORNER 8.3997500000e+03
YLLCORNER 2.8975025000e+05
CELLSIZE 5.0000000000e-01
NODATA_VALUE -9.9990000000e+03
[rows 0 to 19 of 100, columns 46 to 91 of 100]
7.0323101807e+02 7.0319396973e+02 7.0329602051e+02 7.0333197021e+02 7.0330200195e+02 7.0334100342e+02 7.0339501953e+02 7.0340997314e+02 7.0342602539e+02 7.0345697021e+02 7.0351000977e+02 7.0353997803e+02 7.0359497070e+02 7.0367297363e+02 7.0375701904e+02 7.0382598877e+02 7.0395202637e+02 7.0406896973e+02 7.0420098877e+02 7.0430603027e+02 7.0446899414e+02 7.0461102295e+02 7.0478302002e+02 7.0474298096e+02 7.0477697754e+02 7.0487298584e+02 7.0493902588e+02 7.0507598877e+02 7.0523901367e+02 7.0547802734e+02 7.0562500000e+02 7.0559899902e+02 7.0566497803e+02 7.0578997803e+02 7.0594299316e+02 7.0607098389e+02 7.0618200684e+02 7.0629901123e+02 7.0636798096e+02 7.0654699707e+02 7.0670300293e+02 7.0684100342e+02 7.0699700928e+02 7.0714697266e+02 7.0730297852e+02 7.0748901367e+02
7.0316601563e+02 7.0309698486e+02 7.0320898438e+02 7.0329302979e+02 7.0322698975e+02 7.0322998047e+02 7.0332299805e+02 7.0333697510e+02 7.0333898926e+02 7.0335699463e+02 7.0339099121e+02 7.0343701172e+02 7.0349798584e+02 7.0355200195e+02 7.0359399414e+02 7.0364398193e+02 7.0376397705e+02 7.0390600586e+02 7.0407000732e+02 7.0420202637e+02 7.0436401367e+02 7.0449200439e+02 7.0460302734e+02 7.0463598633e+02 7.0469799805e+02 7.0479101563e+02 7.0484802246e+02 7.0496099854e+02 7.0515100098e+02 7.0554901123e+02 7.0559698486e+02 7.0552697754e+02 7.0558197021e+02 7.0569702148e+02 7.0582202148e+02 7.0593701172e+02 7.0603497314e+02 7.0618298340e+02 7.0625402832e+02 7.0638397217e+02 7.0651702881e+02 7.0667297363e+02 7.0680999756e+02 7.0694598389e+02 7.0713800049e+02 7.0734301758e+02
7.0314599609e+02 7.0306402588e+02 7.0311901855e+02 7.0323699951e+02 7.0317700195e+02 7.0314001465e+02 7.0323999023e+02 7.0326000977e+02 7.0325500488e+02 7.0327099609e+02 7.0330102539e+02 7.0337200928e+02 7.0343200684e+02 7.0346899414e+02 7.0349401855e+02 7.0351702881e+02 7.0357098389e+02 7.0369598389e+02 7.0388299561e+02 7.0403802490e+02 7.0419799805e+02 7.0432299805e+02 7.0443499756e+02 7.0455499268e+02 7.0462799072e+02 7.0468597412e+02 7.0476397705e+02 7.0489501953e+02 7.0499700928e+02 7.0531298828e+02 7.0539099121e+02 7.0540600586e+02 7.0548400879e+02 7.0557897949e+02 7.0568298340e+02 7.0580297852e+02 7.0589202881e+02 7.0605102539e+02 7.0615698242e+02 7.0626501465e+02 7.0638098145e+02 7.0653997803e+02 7.0667797852e+02 7.0682000732e+02 7.0703198242e+02 7.0722698975e+02
7.0310400391e+02 7.0302600098e+02 7.0299499512e+02 7.0313000488e+02 7.0312902832e+02 7.0306298828e+02 7.0312597656e+02 7.0319201660e+02 7.0318499756e+02 7.0318701172e+02 7.0320800781e+02 7.0327697754e+02 7.0333801270e+02 7.0337597656e+02 7.0340997314e+02 7.0343597412e+02 7.0344598389e+02 7.0350299072e+02 7.0363201904e+02 7.0380499268e+02 7.0398699951e+02 7.0413800049e+02 7.0428698730e+02 7.0442901611e+02 7.0451702881e+02 7.0459399414e+02 7.0469396973e+02 7.0485198975e+02 7.0489697266e+02 7.0505200195e+02 7.0516699219e+02 7.0524700928e+02 7.0535797119e+02 7.0546099854e+02 7.0555700684e+02 7.0567602539e+02 7.0577899170e+02 7.0592401123e+02 7.0603698730e+02 7.0616400146e+02 7.0626098633e+02 7.0639599609e+02 7.0656298828e+02 7.0670300293e+02 7.0691198730e+02 7.0710998535e+02
7.0304699707e+02 7.0300201416e+02 7.0290301514e+02 7.0303100586e+02 7.0309600830e+02 7.0300799561e+02 7.0300299072e+02 7.0314001465e+02 7.0313598633e+02 7.0312597656e+02 7.0316497803e+02 7.0320098877e+02 7.0324798584e+02 7.0327301025e+02 7.0331896973e+02 7.0335601807e+02 7.0337200928e+02 7.0337402344e+02 7.0343597412e+02 7.0356402588e+02 7.0372998047e+02 7.0391900635e+02 7.0410198975e+02 7.0421197510e+02 7.0434100342e+02 7.0450799561e+02 7.0461901855e+02 7.0470898438e+02 7.0481896973e+02 7.0494299316e+02 7.0503399658e+02 7.0510498047e+02 7.0522302246e+02 7.0534002686e+02 7.0542999268e+02 7.0558099365e+02 7.0569000244e+02 7.0582202148e+02 7.0592102051e+02 7.0605603027e+02 7.0615899658e+02 7.0627801514e+02 7.0643902588e+02 7.0657800293e+02 7.0677398682e+02 7.0700799561e+02
7.0297100830e+02 7.0297998047e+02 7.0286102295e+02 7.0290899658e+02 7.0303497314e+02 7.0297399902e+02 7.0289001465e+02 7.0304199219e+02 7.0307501221e+02 7.0306402588e+02 7.0309899902e+02 7.0314599609e+02 7.0318798828e+02 7.0320599365e+02 7.0323999023e+02 7.0328100586e+02 7.0330499268e+02 7.0329302979e+02 7.0332098389e+02 7.0338299561e+02 7.0347601318e+02 7.0362701416e+02 7.0383300781e+02 7.0402197266e+02 7.0419500732e+02 7.0437500000e+02 7.0451000977e+02 7.0458599854e+02 7.0472302246e+02 7.0484899902e+02 7.0494000244e+02 7.0504998779e+02 7.0514398193e+02 7.0524798584e+02 7.0536602783e+02 7.0551202393e+02 7.0558502197e+02 7.0573400879e+02 7.0589501953e+02 7.0600897217e+02 7.0611297607e+02 7.0622497559e+02 7.0634399414e+02 7.0648797607e+02 7.0667401123e+02 7.0687799072e+02
7.0289697266e+02 7.0292999268e+02 7.0283398438e+02 7.0278002930e+02 7.0292602539e+02 7.0293402100e+02 7.0278802490e+02 7.0289202881e+02 7.0299200439e+02 7.0300000000e+02 7.0302502441e+02 7.0306597900e+02 7.0311297607e+02 7.0314398193e+02 7.0315899658e+02 7.0319799805e+02 7.0324200439e+02 7.0325000000e+02 7.0327899170e+02 7.0332000732e+02 7.0334997559e+02 7.0343499756e+02 7.0359997559e+02 7.0384002686e+02 7.0406500244e+02 7.0420800781e+02 7.0433398438e+02 7.0444897461e+02 7.0458599854e+02 7.0471398926e+02 7.0483898926e+02 7.0495599365e+02 7.0504400635e+02 7.0514801025e+02 7.0527197266e+02 7.0542999268e+02 7.0551397705e+02 7.0563201904e+02 7.0579797363e+02 7.0597399902e+02 7.0611700439e+02 7.0623199463e+02 7.0627600098e+02 7.0640002441e+02 7.0659997559e+02 7.0677801514e+02
7.0281298828e+02 7.0283801270e+02 7.0279797363e+02 7.0268798828e+02 7.0279498291e+02 7.0286602783e+02 7.0274401855e+02 7.0273199463e+02 7.0285900879e+02 7.0292297363e+02 7.0294598389e+02 7.0297601318e+02 7.0301800537e+02 7.0306298828e+02 7.0309399414e+02 7.0313500977e+02 7.0317602539e+02 7.0320098877e+02 7.0323901367e+02 7.0328399658e+02 7.0331201172e+02 7.0334997559e+02 7.0342700195e+02 7.0360601807e+02 7.0382397461e+02 7.0398699951e+02 7.0416101074e+02 7.0430297852e+02 7.0442498779e+02 7.0456201172e+02 7.0472802734e+02 7.0483599854e+02 7.0493597412e+02 7.0503997803e+02 7.0516497803e+02 7.0528802490e+02 7.0538500977e+02 7.0552197266e+02 7.0566998291e+02 7.0583801270e+02 7.0599597168e+02 7.0616302490e+02 7.0623498535e+02 7.0635198975e+02 7.0653900146e+02 7.0667797852e+02
7.0273199463e+02 7.0275701904e+02 7.0276501465e+02 7.0264099121e+02 7.0267498779e+02 7.0277099609e+02 7.0274597168e+02 7.0263702393e+02 7.0272497559e+02 7.0282202148e+02 7.0284997559e+02 7.0288299561e+02 7.0292498779e+02 7.0297900391e+02 7.0304199219e+02 7.0307098389e+02 7.0309399414e+02 7.0313800049e+02 7.0318402100e+02 7.0321600342e+02 7.0328002930e+02 7.0331201172e+02 7.0334802246e+02 7.0341497803e+02 7.0354797363e+02 7.0374200439e+02 7.0393499756e+02 7.0410601807e+02 7.0425201416e+02 7.0443103027e+02 7.0459899902e+02 7.0471697998e+02 7.0482299805e+02 7.0490899658e+02 7.0501800537e+02 7.0513897705e+02 7.0526501465e+02 7.0547998047e+02 7.0563598633e+02 7.0568902588e+02 7.0580297852e+02 7.0602099609e+02 7.0618701172e+02 7.0625201416e+02 7.0637298584e+02 7.0648901367e+02
7.0268499756e+02 7.0269598389e+02 7.0270098877e+02 7.0262597656e+02 7.0258801270e+02 7.0267498779e+02 7.0269799805e+02 7.0257397461e+02 7.0261602783e+02 7.0271398926e+02 7.0275097656e+02 7.0279797363e+02 7.0284301758e+02 7.0288897705e+02 7.0293402100e+02 7.0297399902e+02 7.0302301025e+02 7.0307501221e+02 7.0311602783e+02 7.0316198730e+02 7.0321899414e+02 7.0324700928e+02 7.0331298828e+02 7.0334301758e+02 7.0341198730e+02 7.0354199219e+02 7.0372399902e+02 7.0392401123e+02 7.0409600830e+02 7.0426702881e+02 7.0440997314e+02 7.0456701660e+02 7.0471002197e+02 7.0485101318e+02 7.0494799805e+02 7.0500402832e+02 7.0510101318e+02 7.0530499268e+02 7.0548699951e+02 7.0556298828e+02 7.0565899658e+02 7.0587200928e+02 7.0604901123e+02 7.0612402344e+02 7.0623602295e+02 7.0636901855e+02
7.0262902832e+02 7.0261999512e+02 7.0262298584e+02 7.0259802246e+02 7.0252697754e+02 7.0259002686e+02 7.0264099121e+02 7.0254302979e+02 7.0251800537e+02 7.0260400391e+02 7.0265899658e+02 7.0271099854e+02 7.0276098633e+02 7.0280603027e+02 7.0285101318e+02 7.0290002441e+02 7.0295397949e+02 7.0299700928e+02 7.0303601074e+02 7.0309600830e+02 7.0315399170e+02 7.0320300293e+02 7.0326300049e+02 7.0329901123e+02 7.0335498047e+02 7.0341699219e+02 7.0352502441e+02 7.0367602539e+02 7.0385302734e+02 7.0402801514e+02 7.0417797852e+02 7.0434399414e+02 7.0452502441e+02 7.0472698975e+02 7.0487799072e+02 7.0494500732e+02 7.0501397705e+02 7.0516302490e+02 7.0534100342e+02 7.0550097656e+02 7.0562097168e+02 7.0577099609e+02 7.0591802979e+02 7.0601501465e+02 7.0613201904e+02 7.0627600098e+02
7.0256701660e+02 7.0256500244e+02 7.0256701660e+02 7.0257501221e+02 7.0251898193e+02 7.0253198242e+02 7.0256701660e+02 7.0252398682e+02 7.0243701172e+02 7.0248498535e+02 7.0259100342e+02 7.0263598633e+02 7.0268597412e+02 7.0273297119e+02 7.0278497314e+02 7.0283502197e+02 7.0288098145e+02 7.0291699219e+02 7.0296697998e+02 7.0303302002e+02 7.0308898926e+02 7.0313800049e+02 7.0319500732e+02 7.0324798584e+02 7.0331298828e+02 7.0336700439e+02 7.0342999268e+02 7.0351300049e+02 7.0364501953e+02 7.0383697510e+02 7.0402301025e+02 7.0420898438e+02 7.0439398193e+02 7.0459197998e+02 7.0479101563e+02 7.0492700195e+02 7.0499700928e+02 7.0508599854e+02 7.0519299316e+02 7.0536401367e+02 7.0550299072e+02 7.0564697266e+02 7.0577502441e+02 7.0588500977e+02 7.0602398682e+02 7.0617797852e+02
7.0250598145e+02 7.0251202393e+02 7.0251898193e+02 7.0252899170e+02 7.0250598145e+02 7.0247302246e+02 7.0249200439e+02 7.0248901367e+02 7.0237500000e+02 7.0236700439e+02 7.0253900146e+02 7.0257397461e+02 7.0263201904e+02 7.0267999268e+02 7.0272900391e+02 7.0277801514e+02 7.0281799316e+02 7.0284100342e+02 7.0287500000e+02 7.0295697021e+02 7.0301898193e+02 7.0307702637e+02 7.0314202881e+02 7.0319702148e+02 7.0326702881e+02 7.0333197021e+02 7.0336999512e+02 7.0343200684e+02 7.0350799561e+02 7.0367297363e+02 7.0389501953e+02 7.0406402588e+02 7.0426800537e+02 7.0446398926e+02 7.0464001465e+02 7.0479199219e+02 7.0488598633e+02 7.0498901367e+02 7.0504699707e+02 7.0521398926e+02 7.0539202881e+02 7.0559497070e+02 7.0573699951e+02 7.0580700684e+02 7.0593200684e+02 7.0606500244e+02
7.0244598389e+02 7.0245898438e+02 7.0246997070e+02 7.0247900391e+02 7.0246002197e+02 7.0240698242e+02 7.0239697266e+02 7.0244299316e+02 7.0235101318e+02 7.0228497314e+02 7.0242297363e+02 7.0251702881e+02 7.0257598877e+02 7.0260998535e+02 7.0265399170e+02 7.0270202637e+02 7.0275500488e+02 7.0278497314e+02 7.0282598877e+02 7.0288098145e+02 7.0293798828e+02 7.0300799561e+02 7.0306597900e+02 7.0313800049e+02 7.0321600342e+02 7.0328698730e+02 7.0332800293e+02 7.0337298584e+02 7.0341699219e+02 7.0352801514e+02 7.0368902588e+02 7.0384002686e+02 7.0404901123e+02 7.0429199219e+02 7.0450799561e+02 7.0469299316e+02 7.0482800293e+02 7.0496197510e+02 7.0502099609e+02 7.0510498047e+02 7.0522497559e+02 7.0547198486e+02 7.0572601318e+02 7.0576898193e+02 7.0588000488e+02 7.0600097656e+02
7.0237200928e+02 7.0238897705e+02 7.0240997314e+02 7.0242297363e+02 7.0242602539e+02 7.0237799072e+02 7.0230902100e+02 7.0235900879e+02 7.0233801270e+02 7.0223602295e+02 7.0225701904e+02 7.0244598389e+02 7.0252099609e+02 7.0254199219e+02 7.0258801270e+02 7.0262597656e+02 7.0267999268e+02 7.0272399902e+02 7.0276000977e+02 7.0281298828e+02 7.0286901855e+02 7.0292999268e+02 7.0298699951e+02 7.0306201172e+02 7.0313897705e+02 7.0321197510e+02 7.0326300049e+02 7.0331298828e+02 7.0335900879e+02 7.0344897461e+02 7.0356298828e+02 7.0370697021e+02 7.0394000244e+02 7.0427899170e+02 7.0451898193e+02 7.0469201660e+02 7.0476397705e+02 7.0481896973e+02 7.0491497803e+02 7.0499798584e+02 7.0506799316e+02 7.0527398682e+02 7.0554199219e+02 7.0566601563e+02 7.0588299561e+02 7.0603002930e+02
7.0230102539e+02 7.0231500244e+02 7.0234399414e+02 7.0235699463e+02 7.0237097168e+02 7.0233502197e+02 7.0222900391e+02 7.0221997070e+02 7.0228900146e+02 7.0224401855e+02 7.0214202881e+02 7.0234002686e+02 7.0245001221e+02 7.0247998047e+02 7.0252001953e+02 7.0255798340e+02 7.0260601807e+02 7.0265301514e+02 7.0267901611e+02 7.0274401855e+02 7.0279498291e+02 7.0284100342e+02 7.0289599609e+02 7.0298400879e+02 7.0305297852e+02 7.0311297607e+02 7.0318499756e+02 7.0324902344e+02 7.0329498291e+02 7.0335198975e+02 7.0342901611e+02 7.0353900146e+02 7.0374700928e+02 7.0409399414e+02 7.0438702393e+02 7.0464398193e+02 7.0469897461e+02 7.0466802979e+02 7.0477099609e+02 7.0489898682e+02 7.0496398926e+02 7.0508599854e+02 7.0526000977e+02 7.0546899414e+02 7.0578002930e+02 7.0595697021e+02
7.0222100830e+02 7.0223901367e+02 7.0226702881e+02 7.0228198242e+02 7.0229901123e+02 7.0229101563e+02 7.0222802734e+02 7.0209002686e+02 7.0217199707e+02 7.0221398926e+02 7.0209301758e+02 7.0215997314e+02 7.0233898926e+02 7.0241601563e+02 7.0243499756e+02 7.0250897217e+02 7.0255700684e+02 7.0258801270e+02 7.0261499023e+02 7.0267700195e+02 7.0272601318e+02 7.0276300049e+02 7.0280700684e+02 7.0288800049e+02 7.0297497559e+02 7.0302801514e+02 7.0308001709e+02 7.0316198730e+02 7.0321301270e+02 7.0326300049e+02 7.0334497070e+02 7.0341699219e+02 7.0353198242e+02 7.0375201416e+02 7.0409100342e+02 7.0446398926e+02 7.0460302734e+02 7.0457397461e+02 7.0463598633e+02 7.0474798584e+02 7.0482098389e+02 7.0494000244e+02 7.0506298828e+02 7.0526098633e+02 7.0549401855e+02 7.0561798096e+02
7.0214697266e+02 7.0216302490e+02 7.0216601563e+02 7.0220098877e+02 7.0223400879e+02 7.0224298096e+02 7.0219097900e+02 7.0203302002e+02 7.0206597900e+02 7.0216497803e+02 7.0210900879e+02 7.0202697754e+02 7.0217297363e+02 7.0233099365e+02 7.0236199951e+02 7.0241699219e+02 7.0246398926e+02 7.0249798584e+02 7.0254101563e+02 7.0259497070e+02 7.0264501953e+02 7.0268597412e+02 7.0272802734e+02 7.0279498291e+02 7.0286401367e+02 7.0290399170e+02 7.0298297119e+02 7.0307598877e+02 7.0314300537e+02 7.0321997070e+02 7.0329199219e+02 7.0336401367e+02 7.0344799805e+02 7.0356500244e+02 7.0380499268e+02 7.0410302734e+02 7.0427502441e+02 7.0435400391e+02 7.0444799805e+02 7.0456097412e+02 7.0466497803e+02 7.0481799316e+02 7.0492999268e+02 7.0509002686e+02 7.0527001953e+02 7.0535601807e+02
7.0206896973e+02 7.0208197021e+02 7.0207098389e+02 7.0211102295e+02 7.0214898682e+02 7.0217498779e+02 7.0214501953e+02 7.0203698730e+02 7.0197100830e+02 7.0203900146e+02 7.0207501221e+02 7.0198199463e+02 7.0202301025e+02 7.0220300293e+02 7.0229797363e+02 7.0233898926e+02 7.0238500977e+02 7.0241900635e+02 7.0246197510e+02 7.0251599121e+02 7.0255603027e+02 7.0260400391e+02 7.0264697266e+02 7.0270501709e+02 7.0276397705e+02 7.0281597900e+02 7.0289202881e+02 7.0297601318e+02 7.0305999756e+02 7.0316497803e+02 7.0322198486e+02 7.0328698730e+02 7.0338702393e+02 7.0345599365e+02 7.0357800293e+02 7.0374902344e+02 7.0391497803e+02 7.0411999512e+02 7.0432800293e+02 7.0446502686e+02 7.0457202148e+02 7.0471600342e+02 7.0483697510e+02 7.0491497803e+02 7.0505401611e+02 7.0516497803e+02
7.0198602295e+02 7.0200299072e+02 7.0200201416e+02 7.0202099609e+02 7.0204602051e+02 7.0207897949e+02 7.0208801270e+02 7.0207000732e+02 7.0192602539e+02 7.0188598633e+02 7.0196899414e+02 7.0196197510e+02 7.0189398193e+02 7.0199902344e+02 7.0219799805e+02 7.0225500488e+02 7.0229498291e+02 7.0232299805e+02 7.0235699463e+02 7.0242102051e+02 7.0245697021e+02 7.0249902344e+02 7.0254797363e+02 7.0259997559e+02 7.0266497803e+02 7.0273400879e+02 7.0280200195e+02 7.0288702393e+02 7.0297198486e+02 7.0308898926e+02 7.0316400146e+02 7.0324298096e+02 7.0334100342e+02 7.0340002441e+02 7.0346899414e+02 7.0355102539e+02 7.0369500732e+02 7.0394702148e+02 7.0421002197e+02 7.0442199707e+02 7.0453002930e+02 7.0467602539e+02 7.0485498047e+02 7.0489202881e+02 7.0495098877e+02 7.0501501465e+02
