TESTSERVER/18/5.asc
NCOLS 100
NROWS 100
XLLCORNER 8.3997500000e+03
YLLCORNER 2.8970025000e+05
CELLSIZE 5.0000000000e-01
NODATA_VALUE -9.9990000000e+03
[rows 0 to 19 of 100, columns 0 to 45 of 100]
6.9380401611e+02 6.9385498047e+02 6.9390301514e+02 6.9394702148e+02 6.9399597168e+02 6.9404302979e+02 6.9409399414e+02 6.9415100098e+02 6.9419396973e+02 6.9425000000e+02 6.9430700684e+02 6.9436700439e+02 6.9442901611e+02 6.9446002197e+02 6.9451501465e+02 6.9458599854e+02 6.9462097168e+02 6.9466802979e+02 6.9473400879e+02 6.9478198242e+02 6.9482098389e+02 6.9487597656e+02 6.9492297363e+02 6.9497698975e+02 6.9502398682e+02 6.9507000732e+02 6.9512902832e+02 6.9519500732e+02 6.9525097656e+02 6.9530401611e+02 6.9537200928e+02 6.9543298340e+02 6.9547399902e+02 6.9556097412e+02 6.9561798096e+02 6.9567102051e+02 6.9572998047e+02 6.9575500488e+02 6.9579498291e+02 6.9583001709e+02 6.9586297607e+02 6.9589001465e+02 6.9592199707e+02 6.9595098877e+02 6.9596600342e+02 6.9596697998e+02
6.9373101807e+02 6.9379199219e+02 6.9383502197e+02 6.9388702393e+02 6.9393597412e+02 6.9397802734e+02 6.9403601074e+02 6.9409399414e+02 6.9413702393e+02 6.9420300293e+02 6.9424200439e+02 6.9428698730e+02 6.9434301758e+02 6.9437902832e+02 6.9443902588e+02 6.9450500488e+02 6.9454901123e+02 6.9459802246e+02 6.9465600586e+02 6.9469598389e+02 6.9474597168e+02 6.9480499268e+02 6.9484600830e+02 6.9490301514e+02 6.9494000244e+02 6.9500897217e+02 6.9506298828e+02 6.9511199951e+02 6.9516699219e+02 6.9521899414e+02 6.9528900146e+02 6.9535101318e+02 6.9539398193e+02 6.9547302246e+02 6.9553302002e+02 6.9558697510e+02 6.9564398193e+02 6.9568597412e+02 6.9571899414e+02 6.9575299072e+02 6.9578399658e+02 6.9580999756e+02 6.9584802246e+02 6.9587200928e+02 6.9588397217e+02 6.9588500977e+02
6.9365802002e+02 6.9371899414e+02 6.9376800537e+02 6.9382501221e+02 6.9387097168e+02 6.9391198730e+02 6.9397399902e+02 6.9402801514e+02 6.9406799316e+02 6.9413702393e+02 6.9417602539e+02 6.9421801758e+02 6.9427301025e+02 6.9431597900e+02 6.9437097168e+02 6.9443200684e+02 6.9449102783e+02 6.9454199219e+02 6.9460101318e+02 6.9463897705e+02 6.9467498779e+02 6.9473297119e+02 6.9477899170e+02 6.9483300781e+02 6.9486602783e+02 6.9494201660e+02 6.9499102783e+02 6.9504199219e+02 6.9509698486e+02 6.9514599609e+02 6.9521398926e+02 6.9527899170e+02 6.9531896973e+02 6.9538299561e+02 6.9544097900e+02 6.9550201416e+02 6.9555401611e+02 6.9560498047e+02 6.9564099121e+02 6.9567700195e+02 6.9570898438e+02 6.9572900391e+02 6.9575598145e+02 6.9577697754e+02 6.9580102539e+02 6.9581799316e+02
6.9358300781e+02 6.9364697266e+02 6.9370599365e+02 6.9376702881e+02 6.9380700684e+02 6.9384600830e+02 6.9391198730e+02 6.9396099854e+02 6.9399798584e+02 6.9405902100e+02 6.9410601807e+02 6.9415197754e+02 6.9419702148e+02 6.9424499512e+02 6.9430798340e+02 6.9436499023e+02 6.9442199707e+02 6.9447198486e+02 6.9453302002e+02 6.9457897949e+02 6.9460699463e+02 6.9466699219e+02 6.9472198486e+02 6.9476800537e+02 6.9480499268e+02 6.9487097168e+02 6.9491802979e+02 6.9497698975e+02 6.9502600098e+02 6.9507897949e+02 6.9514001465e+02 6.9519598389e+02 6.9523199463e+02 6.9529998779e+02 6.9535797119e+02 6.9541802979e+02 6.9546899414e+02 6.9553100586e+02 6.9556896973e+02 6.9560699463e+02 6.9564001465e+02 6.9566601563e+02 6.9567999268e+02 6.9569201660e+02 6.9571801758e+02 6.9574902344e+02
6.9350799561e+02 6.9357299805e+02 6.9363397217e+02 6.9369097900e+02 6.9373400879e+02 6.9378698730e+02 6.9384899902e+02 6.9389501953e+02 6.9393499756e+02 6.9399102783e+02 6.9405102539e+02 6.9409698486e+02 6.9413500977e+02 6.9418701172e+02 6.9423699951e+02 6.9428302002e+02 6.9434301758e+02 6.9439300537e+02 6.9445397949e+02 6.9452001953e+02 6.9455902100e+02 6.9460699463e+02 6.9466101074e+02 6.9470599365e+02 6.9475402832e+02 6.9480499268e+02 6.9485302734e+02 6.9490502930e+02 6.9495202637e+02 6.9500701904e+02 6.9506097412e+02 6.9511602783e+02 6.9514398193e+02 6.9521099854e+02 6.9528601074e+02 6.9535198975e+02 6.9540997314e+02 6.9546301270e+02 6.9549902344e+02 6.9553198242e+02 6.9556701660e+02 6.9559802246e+02 6.9561602783e+02 6.9563098145e+02 6.9565197754e+02 6.9567401123e+02
6.9344396973e+02 6.9350201416e+02 6.9355798340e+02 6.9361499023e+02 6.9366601563e+02 6.9371997070e+02 6.9377398682e+02 6.9382598877e+02 6.9386901855e+02 6.9391302490e+02 6.9397100830e+02 6.9402197266e+02 6.9407501221e+02 6.9412097168e+02 6.9417102051e+02 6.9422497559e+02 6.9427899170e+02 6.9432501221e+02 6.9438397217e+02 6.9444500732e+02 6.9449102783e+02 6.9454400635e+02 6.9459301758e+02 6.9463897705e+02 6.9468798828e+02 6.9472900391e+02 6.9478198242e+02 6.9483599854e+02 6.9488098145e+02 6.9493798828e+02 6.9498999023e+02 6.9505102539e+02 6.9508697510e+02 6.9514599609e+02 6.9521697998e+02 6.9528900146e+02 6.9535101318e+02 6.9539202881e+02 6.9543103027e+02 6.9546398926e+02 6.9549401855e+02 6.9550897217e+02 6.9553100586e+02 6.9555499268e+02 6.9558099365e+02 6.9559497070e+02
6.9338201904e+02 6.9344396973e+02 6.9348999023e+02 6.9353997803e+02 6.9359002686e+02 6.9364300537e+02 6.9369299316e+02 6.9374902344e+02 6.9379901123e+02 6.9384301758e+02 6.9390301514e+02 6.9395800781e+02 6.9401202393e+02 6.9405603027e+02 6.9411297607e+02 6.9416601563e+02 6.9421697998e+02 6.9426202393e+02 6.9432098389e+02 6.9438201904e+02 6.9443200684e+02 6.9449102783e+02 6.9453997803e+02 6.9457501221e+02 6.9461499023e+02 6.9466497803e+02 6.9471801758e+02 6.9476300049e+02 6.9480999756e+02 6.9488000488e+02 6.9492797852e+02 6.9497998047e+02 6.9502697754e+02 6.9508099365e+02 6.9513098145e+02 6.9520098877e+02 6.9527600098e+02 6.9532501221e+02 6.9536102295e+02 6.9539099121e+02 6.9542401123e+02 6.9543902588e+02 6.9546002197e+02 6.9548400879e+02 6.9551501465e+02 6.9553198242e+02
6.9331799316e+02 6.9338201904e+02 6.9342498779e+02 6.9347198486e+02 6.9351501465e+02 6.9357098389e+02 6.9361798096e+02 6.9367199707e+02 6.9373101807e+02 6.9378100586e+02 6.9383697510e+02 6.9389202881e+02 6.9394396973e+02 6.9399597168e+02 6.9405102539e+02 6.9409497070e+02 6.9415802002e+02 6.9420800781e+02 6.9425701904e+02 6.9431701660e+02 6.9437597656e+02 6.9443499756e+02 6.9448699951e+02 6.9451898193e+02 6.9455700684e+02 6.9461700439e+02 6.9466400146e+02 6.9469500732e+02 6.9475097656e+02 6.9481402588e+02 6.9486199951e+02 6.9491699219e+02 6.9496600342e+02 6.9500701904e+02 6.9505102539e+02 6.9512097168e+02 6.9519299316e+02 6.9525799561e+02 6.9529400635e+02 6.9532000732e+02 6.9535101318e+02 6.9537097168e+02 6.9539001465e+02 6.9541601563e+02 6.9545397949e+02 6.9547198486e+02
6.9325402832e+02 6.9330798340e+02 6.9335302734e+02 6.9339898682e+02 6.9343902588e+02 6.9349401855e+02 6.9355499268e+02 6.9360797119e+02 6.9366198730e+02 6.9371997070e+02 6.9377099609e+02 6.9382897949e+02 6.9388702393e+02 6.9393902588e+02 6.9399499512e+02 6.9404498291e+02 6.9411199951e+02 6.9415502930e+02 6.9419299316e+02 6.9424902344e+02 6.9429901123e+02 6.9437097168e+02 6.9442700195e+02 6.9445898438e+02 6.9450201416e+02 6.9456799316e+02 6.9461199951e+02 6.9464398193e+02 6.9471301270e+02 6.9475500488e+02 6.9479199219e+02 6.9484497070e+02 6.9489599609e+02 6.9492999268e+02 6.9498498535e+02 6.9504699707e+02 6.9509698486e+02 6.9517700195e+02 6.9522302246e+02 6.9525402832e+02 6.9528497314e+02 6.9530999756e+02 6.9533300781e+02 6.9535198975e+02 6.9537799072e+02 6.9540802002e+02
6.9316302490e+02 6.9323297119e+02 6.9328802490e+02 6.9333502197e+02 6.9338702393e+02 6.9343701172e+02 6.9350299072e+02 6.9354797363e+02 6.9358898926e+02 6.9365100098e+02 6.9370397949e+02 6.9376300049e+02 6.9382098389e+02 6.9386798096e+02 6.9392602539e+02 6.9398901367e+02 6.9405401611e+02 6.9410101318e+02 6.9414202881e+02 6.9420001221e+02 6.9425000000e+02 6.9430798340e+02 6.9437097168e+02 6.9440802002e+02 6.9445300293e+02 6.9451000977e+02 6.9456500244e+02 6.9460699463e+02 6.9465301514e+02 6.9469897461e+02 6.9474401855e+02 6.9479901123e+02 6.9484899902e+02 6.9487701416e+02 6.9492297363e+02 6.9499102783e+02 6.9503497314e+02 6.9509197998e+02 6.9514099121e+02 6.9517700195e+02 6.9520697021e+02 6.9522900391e+02 6.9526800537e+02 6.9529901123e+02 6.9532000732e+02 6.9533300781e+02
6.9310198975e+02 6.9316699219e+02 6.9321801758e+02 6.9326599121e+02 6.9332098389e+02 6.9337597656e+02 6.9344000244e+02 6.9348797607e+02 6.9353198242e+02 6.9358801270e+02 6.9364202881e+02 6.9369897461e+02 6.9375500488e+02 6.9381298828e+02 6.9387402344e+02 6.9392797852e+02 6.9398999023e+02 6.9405401611e+02 6.9410302734e+02 6.9415197754e+02 6.9420300293e+02 6.9425598145e+02 6.9431298828e+02 6.9435699463e+02 6.9440698242e+02 6.9445697021e+02 6.9451300049e+02 6.9455401611e+02 6.9459497070e+02 6.9464697266e+02 6.9469097900e+02 6.9474597168e+02 6.9479400635e+02 6.9482299805e+02 6.9486499023e+02 6.9492401123e+02 6.9496697998e+02 6.9502001953e+02 6.9506097412e+02 6.9509600830e+02 6.9513299561e+02 6.9516601563e+02 6.9520501709e+02 6.9523199463e+02 6.9525897217e+02 6.9526501465e+02
6.9305499268e+02 6.9311297607e+02 6.9315698242e+02 6.9320300293e+02 6.9325897217e+02 6.9331701660e+02 6.9336999512e+02 6.9341998291e+02 6.9347399902e+02 6.9352398682e+02 6.9358197021e+02 6.9364001465e+02 6.9369299316e+02 6.9375799561e+02 6.9381402588e+02 6.9386499023e+02 6.9392401123e+02 6.9399499512e+02 6.9405297852e+02 6.9409997559e+02 6.9414501953e+02 6.9419598389e+02 6.9425299072e+02 6.9430603027e+02 6.9435900879e+02 6.9441198730e+02 6.9446197510e+02 6.9449597168e+02 6.9454199219e+02 6.9459197998e+02 6.9463598633e+02 6.9469799805e+02 6.9475500488e+02 6.9478802490e+02 6.9481701660e+02 6.9486401367e+02 6.9489801025e+02 6.9494299316e+02 6.9498101807e+02 6.9502502441e+02 6.9507299805e+02 6.9510900879e+02 6.9513702393e+02 6.9515600586e+02 6.9518798828e+02 6.9519897461e+02
6.9298297119e+02 6.9303900146e+02 6.9308697510e+02 6.9313500977e+02 6.9319201660e+02 6.9324401855e+02 6.9330200195e+02 6.9336102295e+02 6.9341101074e+02 6.9346301270e+02 6.9351898193e+02 6.9357800293e+02 6.9364202881e+02 6.9369799805e+02 6.9374902344e+02 6.9381597900e+02 6.9388201904e+02 6.9392700195e+02 6.9398602295e+02 6.9405102539e+02 6.9410699463e+02 6.9414300537e+02 6.9419500732e+02 6.9425097656e+02 6.9429602051e+02 6.9435101318e+02 6.9440899658e+02 6.9445098877e+02 6.9450000000e+02 6.9454101563e+02 6.9458898926e+02 6.9464898682e+02 6.9469897461e+02 6.9474200439e+02 6.9477398682e+02 6.9481896973e+02 6.9485797119e+02 6.9489202881e+02 6.9493103027e+02 6.9497198486e+02 6.9500799561e+02 6.9504101563e+02 6.9506597900e+02 6.9509698486e+02 6.9511499023e+02 6.9513897705e+02
6.9291802979e+02 6.9297100830e+02 6.9302600098e+02 6.9307397461e+02 6.9312298584e+02 6.9316400146e+02 6.9322698975e+02 6.9329901123e+02 6.9336199951e+02 6.9340997314e+02 6.9346502686e+02 6.9351501465e+02 6.9357897949e+02 6.9363800049e+02 6.9368902588e+02 6.9375201416e+02 6.9381500244e+02 6.9387597656e+02 6.9393200684e+02 6.9399102783e+02 6.9404998779e+02 6.9409497070e+02 6.9414202881e+02 6.9419396973e+02 6.9423797607e+02 6.9430102539e+02 6.9434899902e+02 6.9439001465e+02 6.9443902588e+02 6.9448699951e+02 6.9453900146e+02 6.9459497070e+02 6.9466302490e+02 6.9469702148e+02 6.9472802734e+02 6.9477301025e+02 6.9482202148e+02 6.9485998535e+02 6.9488702393e+02 6.9491802979e+02 6.9494500732e+02 6.9498602295e+02 6.9501898193e+02 6.9505401611e+02 6.9507598877e+02 6.9509698486e+02
6.9285900879e+02 6.9290698242e+02 6.9296600342e+02 6.9301501465e+02 6.9305700684e+02 6.9310302734e+02 6.9315802002e+02 6.9322698975e+02 6.9329302979e+02 6.9333697510e+02 6.9339898682e+02 6.9345697021e+02 6.9352197266e+02 6.9357800293e+02 6.9363702393e+02 6.9369799805e+02 6.9375299072e+02 6.9382598877e+02 6.9388000488e+02 6.9393402100e+02 6.9399298096e+02 6.9404498291e+02 6.9409802246e+02 6.9415002441e+02 6.9418798828e+02 6.9425701904e+02 6.9429699707e+02 6.9433300781e+02 6.9438800049e+02 6.9444396973e+02 6.9448797607e+02 6.9452301025e+02 6.9459002686e+02 6.9464001465e+02 6.9468200684e+02 6.9473400879e+02 6.9478002930e+02 6.9481896973e+02 6.9484197998e+02 6.9486401367e+02 6.9488397217e+02 6.9492199707e+02 6.9496002197e+02 6.9498901367e+02 6.9501599121e+02 6.9503198242e+02
6.9279199219e+02 6.9283697510e+02 6.9290002441e+02 6.9295697021e+02 6.9299902344e+02 6.9305200195e+02 6.9309802246e+02 6.9315899658e+02 6.9322802734e+02 6.9327398682e+02 6.9333398438e+02 6.9339398193e+02 6.9346002197e+02 6.9351898193e+02 6.9357598877e+02 6.9363201904e+02 6.9369396973e+02 6.9377197266e+02 6.9382098389e+02 6.9387500000e+02 6.9393298340e+02 6.9398699951e+02 6.9404199219e+02 6.9408502197e+02 6.9413201904e+02 6.9420001221e+02 6.9424700928e+02 6.9428497314e+02 6.9433001709e+02 6.9437902832e+02 6.9443701172e+02 6.9447698975e+02 6.9452001953e+02 6.9458300781e+02 6.9463299561e+02 6.9468103027e+02 6.9472998047e+02 6.9477697754e+02 6.9480700684e+02 6.9482800293e+02 6.9483898926e+02 6.9486499023e+02 6.9489697266e+02 6.9491998291e+02 6.9495098877e+02 6.9497497559e+02
6.9272698975e+02 6.9277801514e+02 6.9283300781e+02 6.9289501953e+02 6.9293902588e+02 6.9299200439e+02 6.9303900146e+02 6.9310101318e+02 6.9317297363e+02 6.9322302246e+02 6.9328198242e+02 6.9334002686e+02 6.9339697266e+02 6.9346301270e+02 6.9351300049e+02 6.9356597900e+02 6.9363598633e+02 6.9370300293e+02 6.9376098633e+02 6.9382000732e+02 6.9388702393e+02 6.9394000244e+02 6.9398901367e+02 6.9402899170e+02 6.9407800293e+02 6.9413702393e+02 6.9419097900e+02 6.9423797607e+02 6.9428100586e+02 6.9432397461e+02 6.9437402344e+02 6.9442401123e+02 6.9445599365e+02 6.9451300049e+02 6.9456701660e+02 6.9462597656e+02 6.9469097900e+02 6.9473400879e+02 6.9476098633e+02 6.9478399658e+02 6.9481097412e+02 6.9481896973e+02 6.9484497070e+02 6.9486901855e+02 6.9489300537e+02 6.9492199707e+02
6.9267700195e+02 6.9272900391e+02 6.9277697754e+02 6.9283599854e+02 6.9287597656e+02 6.9293402100e+02 6.9298602295e+02 6.9304199219e+02 6.9310400391e+02 6.9315698242e+02 6.9321600342e+02 6.9327801514e+02 6.9333300781e+02 6.9340100098e+02 6.9345001221e+02 6.9350799561e+02 6.9358599854e+02 6.9364099121e+02 6.9370202637e+02 6.9375799561e+02 6.9381896973e+02 6.9389001465e+02 6.9393902588e+02 6.9398400879e+02 6.9403802490e+02 6.9410400391e+02 6.9414697266e+02 6.9418499756e+02 6.9422998047e+02 6.9427502441e+02 6.9432702637e+02 6.9437701416e+02 6.9440698242e+02 6.9445300293e+02 6.9450500488e+02 6.9456896973e+02 6.9461602783e+02 6.9466101074e+02 6.9470202637e+02 6.9473699951e+02 6.9476098633e+02 6.9477600098e+02 6.9479901123e+02 6.9482202148e+02 6.9484600830e+02 6.9486602783e+02
6.9262200928e+02 6.9267102051e+02 6.9272100830e+02 6.9277600098e+02 6.9281799316e+02 6.9287902832e+02 6.9293597412e+02 6.9298297119e+02 6.9302600098e+02 6.9308898926e+02 6.9315399170e+02 6.9321899414e+02 6.9327001953e+02 6.9333599854e+02 6.9338800049e+02 6.9344799805e+02 6.9352197266e+02 6.9357800293e+02 6.9364501953e+02 6.9370800781e+02 6.9377197266e+02 6.9383398438e+02 6.9388800049e+02 6.9393402100e+02 6.9399200439e+02 6.9406201172e+02 6.9409899902e+02 6.9413201904e+02 6.9418103027e+02 6.9422900391e+02 6.9427197266e+02 6.9431896973e+02 6.9436798096e+02 6.9439398193e+02 6.9443200684e+02 6.9448901367e+02 6.9453997803e+02 6.9460198975e+02 6.9464697266e+02 6.9468499756e+02 6.9470599365e+02 6.9473400879e+02 6.9475701904e+02 6.9477502441e+02 6.9479901123e+02 6.9481500244e+02
6.9255798340e+02 6.9261499023e+02 6.9266699219e+02 6.9271801758e+02 6.9275897217e+02 6.9281402588e+02 6.9287200928e+02 6.9291998291e+02 6.9296502686e+02 6.9302899170e+02 6.9308801270e+02 6.9315100098e+02 6.9320001221e+02 6.9327001953e+02 6.9332702637e+02 6.9338500977e+02 6.9345300293e+02 6.9352099609e+02 6.9358697510e+02 6.9365100098e+02 6.9371197510e+02 6.9377001953e+02 6.9383697510e+02 6.9389501953e+02 6.9394702148e+02 6.9400500488e+02 6.9404699707e+02 6.9408398438e+02 6.9413897705e+02 6.9418597412e+02 6.9422198486e+02 6.9426300049e+02 6.9431799316e+02 6.9434301758e+02 6.9437799072e+02 6.9442401123e+02 6.9447900391e+02 6.9453900146e+02 6.9457598877e+02 6.9461602783e+02 6.9465197754e+02 6.9467901611e+02 6.9470599365e+02 6.9472900391e+02 6.9475299072e+02 6.9476202393e+02
