TESTSERVER/18/5.asc
NCOLS 100
NROWS 100
XLLCORNER 8.3997500000e+03
YLLCORNER 2.8970025000e+05
CELLSIZE 5.0000000000e-01
NODATA_VALUE -9.9990000000e+03
[rows 80 to 99 of 100, columns 46 to 91 of 100]
6.9046600342e+02 6.9053997803e+02 6.9060900879e+02 6.9067498779e+02 6.9076397705e+02 6.9084997559e+02 6.9090802002e+02 6.9098297119e+02 6.9105297852e+02 6.9110601807e+02 6.9113500977e+02 6.9115997314e+02 6.9117401123e+02 6.9117797852e+02 6.9119097900e+02 6.9117700195e+02 6.9118902588e+02 6.9120501709e+02 6.9122900391e+02 6.9124200439e+02 6.9125500488e+02 6.9125701904e+02 6.9127197266e+02 6.9129699707e+02 6.9129998779e+02 6.9130902100e+02 6.9133697510e+02 6.9136401367e+02 6.9137902832e+02 6.9139599609e+02 6.9142700195e+02 6.9142999268e+02 6.9146099854e+02 6.9148699951e+02 6.9152600098e+02 6.9154199219e+02 6.9155798340e+02 6.9158697510e+02 6.9161401367e+02 6.9165100098e+02 6.9167102051e+02 6.9166400146e+02 6.9167102051e+02 6.9167797852e+02 6.9168402100e+02 6.9167602539e+02
6.9035601807e+02 6.9043103027e+02 6.9048797607e+02 6.9054797363e+02 6.9062799072e+02 6.9071099854e+02 6.9076800537e+02 6.9082897949e+02 6.9090301514e+02 6.9096002197e+02 6.9100701904e+02 6.9102899170e+02 6.9105200195e+02 6.9106701660e+02 6.9107000732e+02 6.9105603027e+02 6.9107598877e+02 6.9108697510e+02 6.9110400391e+02 6.9111999512e+02 6.9114398193e+02 6.9114898682e+02 6.9115301514e+02 6.9117999268e+02 6.9119396973e+02 6.9121002197e+02 6.9123400879e+02 6.9126300049e+02 6.9127899170e+02 6.9131201172e+02 6.9134301758e+02 6.9134002686e+02 6.9137597656e+02 6.9140997314e+02 6.9143902588e+02 6.9146197510e+02 6.9147802734e+02 6.9150701904e+02 6.9153497314e+02 6.9157202148e+02 6.9159497070e+02 6.9160101318e+02 6.9160900879e+02 6.9162298584e+02 6.9163299561e+02 6.9162902832e+02
6.9023199463e+02 6.9028802490e+02 6.9034100342e+02 6.9040997314e+02 6.9049200439e+02 6.9056799316e+02 6.9061798096e+02 6.9066900635e+02 6.9073297119e+02 6.9079699707e+02 6.9084997559e+02 6.9088702393e+02 6.9091699219e+02 6.9093298340e+02 6.9094097900e+02 6.9093597412e+02 6.9095898438e+02 6.9096997070e+02 6.9097900391e+02 6.9099700928e+02 6.9102001953e+02 6.9103497314e+02 6.9103997803e+02 6.9106500244e+02 6.9108001709e+02 6.9110198975e+02 6.9113598633e+02 6.9116802979e+02 6.9118798828e+02 6.9122601318e+02 6.9125402832e+02 6.9126098633e+02 6.9129199219e+02 6.9132000732e+02 6.9133898926e+02 6.9136700439e+02 6.9139202881e+02 6.9142901611e+02 6.9145300293e+02 6.9148797607e+02 6.9151898193e+02 6.9154101563e+02 6.9154400635e+02 6.9155297852e+02 6.9156402588e+02 6.9157702637e+02
6.9009997559e+02 6.9014898682e+02 6.9020001221e+02 6.9027001953e+02 6.9035101318e+02 6.9041998291e+02 6.9046398926e+02 6.9052697754e+02 6.9058197021e+02 6.9063500977e+02 6.9067401123e+02 6.9073400879e+02 6.9077502441e+02 6.9078802490e+02 6.9081201172e+02 6.9079400635e+02 6.9082000732e+02 6.9084301758e+02 6.9085601807e+02 6.9087902832e+02 6.9089398193e+02 6.9091302490e+02 6.9092602539e+02 6.9095800781e+02 6.9097399902e+02 6.9099401855e+02 6.9103002930e+02 6.9106201172e+02 6.9108197021e+02 6.9111700439e+02 6.9115002441e+02 6.9118402100e+02 6.9121997070e+02 6.9123400879e+02 6.9125402832e+02 6.9128100586e+02 6.9131201172e+02 6.9135400391e+02 6.9137298584e+02 6.9139697266e+02 6.9142999268e+02 6.9146600342e+02 6.9148101807e+02 6.9149200439e+02 6.9150500488e+02 6.9151599121e+02
6.8997198486e+02 6.9002502441e+02 6.9008697510e+02 6.9013800049e+02 6.9020898438e+02 6.9027301025e+02 6.9032397461e+02 6.9038397217e+02 6.9043499756e+02 6.9048297119e+02 6.9052398682e+02 6.9056298828e+02 6.9061499023e+02 6.9065100098e+02 6.9067102051e+02 6.9065399170e+02 6.9068597412e+02 6.9072302246e+02 6.9073699951e+02 6.9075897217e+02 6.9078198242e+02 6.9079199219e+02 6.9078802490e+02 6.9083801270e+02 6.9087298584e+02 6.9089801025e+02 6.9090698242e+02 6.9094097900e+02 6.9097302246e+02 6.9100299072e+02 6.9104797363e+02 6.9108300781e+02 6.9113800049e+02 6.9115100098e+02 6.9117401123e+02 6.9121301270e+02 6.9123699951e+02 6.9128302002e+02 6.9129400635e+02 6.9132000732e+02 6.9134600830e+02 6.9139099121e+02 6.9143402100e+02 6.9145202637e+02 6.9145501709e+02 6.9145800781e+02
6.8983197021e+02 6.8989099121e+02 6.8995501709e+02 6.9000500488e+02 6.9007397461e+02 6.9012298584e+02 6.9017999268e+02 6.9024200439e+02 6.9028900146e+02 6.9032897949e+02 6.9037701416e+02 6.9041998291e+02 6.9045800781e+02 6.9049102783e+02 6.9052801514e+02 6.9052801514e+02 6.9056701660e+02 6.9059698486e+02 6.9061401367e+02 6.9063299561e+02 6.9065899658e+02 6.9067797852e+02 6.9069500732e+02 6.9073199463e+02 6.9075598145e+02 6.9078802490e+02 6.9081298828e+02 6.9085198975e+02 6.9088299561e+02 6.9092102051e+02 6.9096502686e+02 6.9098901367e+02 6.9104498291e+02 6.9106701660e+02 6.9111199951e+02 6.9113098145e+02 6.9116601563e+02 6.9120800781e+02 6.9123699951e+02 6.9127502441e+02 6.9129901123e+02 6.9132397461e+02 6.9136199951e+02 6.9139001465e+02 6.9140002441e+02 6.9141699219e+02
6.8967700195e+02 6.8974798584e+02 6.8981701660e+02 6.8987097168e+02 6.8993798828e+02 6.8998602295e+02 6.9003900146e+02 6.9009698486e+02 6.9014697266e+02 6.9018701172e+02 6.9023901367e+02 6.9028100586e+02 6.9030603027e+02 6.9033099365e+02 6.9036700439e+02 6.9038598633e+02 6.9043103027e+02 6.9046197510e+02 6.9048602295e+02 6.9050701904e+02 6.9053802490e+02 6.9056298828e+02 6.9059399414e+02 6.9062200928e+02 6.9064501953e+02 6.9068298340e+02 6.9071197510e+02 6.9074298096e+02 6.9077301025e+02 6.9081896973e+02 6.9087500000e+02 6.9089697266e+02 6.9094598389e+02 6.9097497559e+02 6.9101702881e+02 6.9103900146e+02 6.9108801270e+02 6.9112799072e+02 6.9116198730e+02 6.9120300293e+02 6.9123999023e+02 6.9126397705e+02 6.9129302979e+02 6.9132202148e+02 6.9134399414e+02 6.9136700439e+02
6.8951098633e+02 6.8959301758e+02 6.8967602539e+02 6.8974200439e+02 6.8980499268e+02 6.8985498047e+02 6.8989898682e+02 6.8994598389e+02 6.8999401855e+02 6.9004302979e+02 6.9009997559e+02 6.9013598633e+02 6.9016497803e+02 6.9019299316e+02 6.9021801758e+02 6.9024798584e+02 6.9028997803e+02 6.9032202148e+02 6.9035101318e+02 6.9038500977e+02 6.9041802979e+02 6.9044396973e+02 6.9047302246e+02 6.9050402832e+02 6.9053198242e+02 6.9056896973e+02 6.9060400391e+02 6.9065002441e+02 6.9068499756e+02 6.9071801758e+02 6.9076898193e+02 6.9079498291e+02 6.9086297607e+02 6.9088702393e+02 6.9092297363e+02 6.9095098877e+02 6.9101397705e+02 6.9105297852e+02 6.9107202148e+02 6.9110998535e+02 6.9116101074e+02 6.9120300293e+02 6.9122198486e+02 6.9125701904e+02 6.9129901123e+02 6.9132202148e+02
6.8936102295e+02 6.8944396973e+02 6.8953802490e+02 6.8961700439e+02 6.8966699219e+02 6.8971002197e+02 6.8976599121e+02 6.8981097412e+02 6.8985498047e+02 6.8990600586e+02 6.8996002197e+02 6.8999499512e+02 6.9003002930e+02 6.9005297852e+02 6.9007702637e+02 6.9011999512e+02 6.9015802002e+02 6.9019299316e+02 6.9022100830e+02 6.9025701904e+02 6.9029400635e+02 6.9032202148e+02 6.9035400391e+02 6.9038897705e+02 6.9041400146e+02 6.9044097900e+02 6.9048400879e+02 6.9053997803e+02 6.9058099365e+02 6.9061199951e+02 6.9066198730e+02 6.9069000244e+02 6.9076800537e+02 6.9080401611e+02 6.9086102295e+02 6.9087402344e+02 6.9092602539e+02 6.9096697998e+02 6.9100897217e+02 6.9103900146e+02 6.9106896973e+02 6.9111700439e+02 6.9116699219e+02 6.9120098877e+02 6.9124597168e+02 6.9127197266e+02
6.8920800781e+02 6.8929302979e+02 6.8938702393e+02 6.8945501709e+02 6.8950097656e+02 6.8955999756e+02 6.8961901855e+02 6.8966802979e+02 6.8972302246e+02 6.8977502441e+02 6.8983197021e+02 6.8986199951e+02 6.8988897705e+02 6.8991302490e+02 6.8995501709e+02 6.8997900391e+02 6.9001702881e+02 6.9005102539e+02 6.9008300781e+02 6.9012597656e+02 6.9016400146e+02 6.9019201660e+02 6.9022601318e+02 6.9026702881e+02 6.9030200195e+02 6.9033697510e+02 6.9037597656e+02 6.9042199707e+02 6.9046301270e+02 6.9049798584e+02 6.9055401611e+02 6.9058502197e+02 6.9065600586e+02 6.9070202637e+02 6.9076501465e+02 6.9078198242e+02 6.9083599854e+02 6.9088598633e+02 6.9095098877e+02 6.9098101807e+02 6.9100799561e+02 6.9104302979e+02 6.9108898926e+02 6.9112597656e+02 6.9117297363e+02 6.9121502686e+02
6.8905297852e+02 6.8914202881e+02 6.8924499512e+02 6.8929901123e+02 6.8934497070e+02 6.8940197754e+02 6.8945898438e+02 6.8952099609e+02 6.8958001709e+02 6.8963299561e+02 6.8968597412e+02 6.8972198486e+02 6.8975000000e+02 6.8978399658e+02 6.8983099365e+02 6.8984497070e+02 6.8988201904e+02 6.8991601563e+02 6.8995001221e+02 6.9000097656e+02 6.9004199219e+02 6.9006799316e+02 6.9010302734e+02 6.9014202881e+02 6.9017797852e+02 6.9021801758e+02 6.9026098633e+02 6.9031402588e+02 6.9035699463e+02 6.9039697266e+02 6.9046002197e+02 6.9049597168e+02 6.9055499268e+02 6.9059100342e+02 6.9066699219e+02 6.9069299316e+02 6.9075097656e+02 6.9079998779e+02 6.9086901855e+02 6.9089202881e+02 6.9093103027e+02 6.9097302246e+02 6.9101397705e+02 6.9105700684e+02 6.9110601807e+02 6.9115502930e+02
6.8890802002e+02 6.8899597168e+02 6.8908697510e+02 6.8913598633e+02 6.8919799805e+02 6.8924700928e+02 6.8930798340e+02 6.8937500000e+02 6.8942999268e+02 6.8948999023e+02 6.8953802490e+02 6.8957897949e+02 6.8960900879e+02 6.8965301514e+02 6.8969799805e+02 6.8971301270e+02 6.8974401855e+02 6.8978198242e+02 6.8982800293e+02 6.8987799072e+02 6.8991802979e+02 6.8995300293e+02 6.8999102783e+02 6.9002099609e+02 6.9005200195e+02 6.9009399414e+02 6.9015100098e+02 6.9020599365e+02 6.9025299072e+02 6.9029797363e+02 6.9036199951e+02 6.9039801025e+02 6.9046002197e+02 6.9048498535e+02 6.9055700684e+02 6.9058898926e+02 6.9065899658e+02 6.9071502686e+02 6.9078002930e+02 6.9080401611e+02 6.9085101318e+02 6.9090698242e+02 6.9095098877e+02 6.9098602295e+02 6.9103802490e+02 6.9108697510e+02
6.8876800537e+02 6.8884197998e+02 6.8892401123e+02 6.8897497559e+02 6.8904199219e+02 6.8909100342e+02 6.8916198730e+02 6.8922998047e+02 6.8929302979e+02 6.8935601807e+02 6.8940197754e+02 6.8943402100e+02 6.8946301270e+02 6.8951000977e+02 6.8955401611e+02 6.8958398438e+02 6.8961999512e+02 6.8966400146e+02 6.8970001221e+02 6.8975000000e+02 6.8978002930e+02 6.8981896973e+02 6.8987097168e+02 6.8990698242e+02 6.8993499756e+02 6.8997100830e+02 6.9003100586e+02 6.9009197998e+02 6.9014697266e+02 6.9019201660e+02 6.9024200439e+02 6.9027197266e+02 6.9034197998e+02 6.9037799072e+02 6.9043902588e+02 6.9047698975e+02 6.9054400635e+02 6.9061199951e+02 6.9069097900e+02 6.9073199463e+02 6.9077398682e+02 6.9082397461e+02 6.9087701416e+02 6.9092401123e+02 6.9097998047e+02 6.9103002930e+02
6.8861602783e+02 6.8869396973e+02 6.8877099609e+02 6.8884497070e+02 6.8889501953e+02 6.8894500732e+02 6.8900299072e+02 6.8906298828e+02 6.8913702393e+02 6.8920098877e+02 6.8925299072e+02 6.8930102539e+02 6.8933801270e+02 6.8937298584e+02 6.8941198730e+02 6.8944702148e+02 6.8950097656e+02 6.8954901123e+02 6.8958502197e+02 6.8962701416e+02 6.8965600586e+02 6.8969201660e+02 6.8974102783e+02 6.8978601074e+02 6.8982501221e+02 6.8986499023e+02 6.8991601563e+02 6.8997399902e+02 6.9003802490e+02 6.9008099365e+02 6.9012902832e+02 6.9015600586e+02 6.9022900391e+02 6.9027001953e+02 6.9034802246e+02 6.9039001465e+02 6.9044500732e+02 6.9049902344e+02 6.9057098389e+02 6.9061798096e+02 6.9066699219e+02 6.9072998047e+02 6.9078900146e+02 6.9083801270e+02 6.9089300537e+02 6.9095001221e+02
6.8846502686e+02 6.8854302979e+02 6.8862097168e+02 6.8869799805e+02 6.8874597168e+02 6.8879998779e+02 6.8885302734e+02 6.8891198730e+02 6.8898199463e+02 6.8904901123e+02 6.8910101318e+02 6.8915600586e+02 6.8920202637e+02 6.8924102783e+02 6.8928100586e+02 6.8931597900e+02 6.8937200928e+02 6.8942297363e+02 6.8945800781e+02 6.8950701904e+02 6.8954797363e+02 6.8958197021e+02 6.8962097168e+02 6.8966998291e+02 6.8972100830e+02 6.8976599121e+02 6.8980798340e+02 6.8985198975e+02 6.8990301514e+02 6.8995001221e+02 6.9001702881e+02 6.9005401611e+02 6.9012902832e+02 6.9016302490e+02 6.9023602295e+02 6.9028698730e+02 6.9034600830e+02 6.9039697266e+02 6.9046899414e+02 6.9052697754e+02 6.9057397461e+02 6.9063201904e+02 6.9068701172e+02 6.9073602295e+02 6.9079998779e+02 6.9086102295e+02
6.8832501221e+02 6.8840502930e+02 6.8849102783e+02 6.8854998779e+02 6.8860101318e+02 6.8865802002e+02 6.8871398926e+02 6.8877301025e+02 6.8883197021e+02 6.8889001465e+02 6.8894000244e+02 6.8900299072e+02 6.8904901123e+02 6.8910302734e+02 6.8915698242e+02 6.8919500732e+02 6.8925000000e+02 6.8930401611e+02 6.8932397461e+02 6.8937597656e+02 6.8942498779e+02 6.8946502686e+02 6.8951000977e+02 6.8955297852e+02 6.8960400391e+02 6.8965802002e+02 6.8970202637e+02 6.8974298096e+02 6.8978497314e+02 6.8982702637e+02 6.8990399170e+02 6.8995202637e+02 6.9002001953e+02 6.9005102539e+02 6.9010998535e+02 6.9016699219e+02 6.9023797607e+02 6.9029797363e+02 6.9035900879e+02 6.9042700195e+02 6.9047497559e+02 6.9052697754e+02 6.9058300781e+02 6.9063098145e+02 6.9070300293e+02 6.9076599121e+02
6.8816400146e+02 6.8826098633e+02 6.8835498047e+02 6.8839501953e+02 6.8845599365e+02 6.8852197266e+02 6.8857000732e+02 6.8863800049e+02 6.8869598389e+02 6.8874597168e+02 6.8879699707e+02 6.8885498047e+02 6.8890502930e+02 6.8896600342e+02 6.8901300049e+02 6.8905700684e+02 6.8912402344e+02 6.8917498779e+02 6.8919396973e+02 6.8924700928e+02 6.8929797363e+02 6.8935797119e+02 6.8940301514e+02 6.8943597412e+02 6.8947802734e+02 6.8953601074e+02 6.8959301758e+02 6.8965197754e+02 6.8968402100e+02 6.8971099854e+02 6.8978601074e+02 6.8984399414e+02 6.8990301514e+02 6.8994702148e+02 6.9001599121e+02 6.9005200195e+02 6.9012597656e+02 6.9019299316e+02 6.9025799561e+02 6.9031701660e+02 6.9035998535e+02 6.9041198730e+02 6.9048400879e+02 6.9053100586e+02 6.9059600830e+02 6.9066400146e+02
6.8799298096e+02 6.8809899902e+02 6.8819500732e+02 6.8825897217e+02 6.8833001709e+02 6.8839501953e+02 6.8846002197e+02 6.8851098633e+02 6.8856298828e+02 6.8860601807e+02 6.8865899658e+02 6.8871099854e+02 6.8876501465e+02 6.8883898926e+02 6.8888897705e+02 6.8892102051e+02 6.8898199463e+02 6.8903002930e+02 6.8907098389e+02 6.8912902832e+02 6.8918402100e+02 6.8923199463e+02 6.8927801514e+02 6.8933001709e+02 6.8937701416e+02 6.8942297363e+02 6.8947601318e+02 6.8953900146e+02 6.8958801270e+02 6.8961401367e+02 6.8966998291e+02 6.8972601318e+02 6.8979602051e+02 6.8984100342e+02 6.8991101074e+02 6.8994396973e+02 6.9002600098e+02 6.9008898926e+02 6.9014898682e+02 6.9020098877e+02 6.9025097656e+02 6.9031597900e+02 6.9038702393e+02 6.9043200684e+02 6.9048901367e+02 6.9054498291e+02
6.8782000732e+02 6.8794598389e+02 6.8804199219e+02 6.8811798096e+02 6.8818402100e+02 6.8824401855e+02 6.8832501221e+02 6.8836499023e+02 6.8842199707e+02 6.8847302246e+02 6.8854199219e+02 6.8859197998e+02 6.8863201904e+02 6.8869799805e+02 6.8875402832e+02 6.8878698730e+02 6.8884802246e+02 6.8890197754e+02 6.8895800781e+02 6.8901599121e+02 6.8906597900e+02 6.8911297607e+02 6.8915502930e+02 6.8920800781e+02 6.8925897217e+02 6.8931402588e+02 6.8936602783e+02 6.8942797852e+02 6.8947698975e+02 6.8951898193e+02 6.8958502197e+02 6.8962799072e+02 6.8968798828e+02 6.8973101807e+02 6.8980798340e+02 6.8984301758e+02 6.8992401123e+02 6.8998797607e+02 6.9004400635e+02 6.9009399414e+02 6.9015197754e+02 6.9022100830e+02 6.9028399658e+02 6.9033300781e+02 6.9039099121e+02 6.9044897461e+02
6.8764300537e+02 6.8777197266e+02 6.8786999512e+02 6.8794598389e+02 6.8801800537e+02 6.8808898926e+02 6.8817700195e+02 6.8822100830e+02 6.8828100586e+02 6.8833398438e+02 6.8840399170e+02 6.8845697021e+02 6.8850201416e+02 6.8856097412e+02 6.8861700439e+02 6.8865502930e+02 6.8872100830e+02 6.8878802490e+02 6.8884600830e+02 6.8890698242e+02 6.8895098877e+02 6.8899902344e+02 6.8903900146e+02 6.8908697510e+02 6.8913897705e+02 6.8920697021e+02 6.8926202393e+02 6.8932202148e+02 6.8935797119e+02 6.8940502930e+02 6.8948602295e+02 6.8952099609e+02 6.8957897949e+02 6.8962200928e+02 6.8970501709e+02 6.8975097656e+02 6.8982397461e+02 6.8988299561e+02 6.8993701172e+02 6.8999200439e+02 6.9005603027e+02 6.9012597656e+02 6.9018103027e+02 6.9023699951e+02 6.9030297852e+02 6.9036401367e+02
