TESTSERVER/18/6.asc
NCOLS 100
NROWS 100
XLLCORNER 8.3997500000e+03
YLLCORNER 2.8965025000e+05
CELLSIZE 5.0000000000e-01
NODATA_VALUE -9.9990000000e+03
[rows 0 to 19 of 100, columns 0 to 45 of 100]
6.8194702148e+02 6.8207800293e+02 6.8217297363e+02 6.8225799561e+02 6.8239898682e+02 6.8250799561e+02 6.8263000488e+02 6.8275299072e+02 6.8286602783e+02 6.8299499512e+02 6.8311297607e+02 6.8324597168e+02 6.8335198975e+02 6.8345599365e+02 6.8358001709e+02 6.8370300293e+02 6.8383599854e+02 6.8394897461e+02 6.8407702637e+02 6.8419598389e+02 6.8433197021e+02 6.8443499756e+02 6.8453900146e+02 6.8466497803e+02 6.8480102539e+02 6.8494799805e+02 6.8506597900e+02 6.8518798828e+02 6.8531402588e+02 6.8545697021e+02 6.8559100342e+02 6.8573797607e+02 6.8589202881e+02 6.8603100586e+02 6.8616302490e+02 6.8628601074e+02 6.8642498779e+02 6.8653497314e+02 6.8665698242e+02 6.8677099609e+02 6.8687701416e+02 6.8696301270e+02 6.8707000732e+02 6.8716497803e+02 6.8729302979e+02 6.8737902832e+02
6.8178900146e+02 6.8191802979e+02 6.8203698730e+02 6.8212701416e+02 6.8224798584e+02 6.8233801270e+02 6.8246502686e+02 6.8260198975e+02 6.8272497559e+02 6.8284301758e+02 6.8295397949e+02 6.8308099365e+02 6.8320300293e+02 6.8329101563e+02 6.8340502930e+02 6.8353302002e+02 6.8366198730e+02 6.8379901123e+02 6.8392602539e+02 6.8403997803e+02 6.8416900635e+02 6.8428601074e+02 6.8440301514e+02 6.8452600098e+02 6.8463598633e+02 6.8477301025e+02 6.8489898682e+02 6.8502001953e+02 6.8513800049e+02 6.8527899170e+02 6.8540301514e+02 6.8554302979e+02 6.8570599365e+02 6.8583898926e+02 6.8597601318e+02 6.8612402344e+02 6.8625897217e+02 6.8635797119e+02 6.8648199463e+02 6.8659899902e+02 6.8670397949e+02 6.8680102539e+02 6.8691802979e+02 6.8702398682e+02 6.8713397217e+02 6.8722601318e+02
6.8165301514e+02 6.8175897217e+02 6.8188500977e+02 6.8199499512e+02 6.8209497070e+02 6.8219598389e+02 6.8231597900e+02 6.8243902588e+02 6.8256402588e+02 6.8267700195e+02 6.8278698730e+02 6.8290997314e+02 6.8303698730e+02 6.8313000488e+02 6.8325201416e+02 6.8337402344e+02 6.8348101807e+02 6.8362200928e+02 6.8375701904e+02 6.8389001465e+02 6.8401300049e+02 6.8412799072e+02 6.8424102783e+02 6.8435699463e+02 6.8446801758e+02 6.8459197998e+02 6.8471697998e+02 6.8485101318e+02 6.8498602295e+02 6.8511798096e+02 6.8523699951e+02 6.8537701416e+02 6.8553997803e+02 6.8566101074e+02 6.8579998779e+02 6.8594799805e+02 6.8607800293e+02 6.8619097900e+02 6.8632098389e+02 6.8645098877e+02 6.8655700684e+02 6.8665399170e+02 6.8677099609e+02 6.8688897705e+02 6.8698797607e+02 6.8709002686e+02
6.8150897217e+02 6.8161401367e+02 6.8173297119e+02 6.8184600830e+02 6.8193902588e+02 6.8205603027e+02 6.8216198730e+02 6.8227099609e+02 6.8240600586e+02 6.8251501465e+02 6.8262200928e+02 6.8273999023e+02 6.8285998535e+02 6.8296899414e+02 6.8310400391e+02 6.8322601318e+02 6.8334002686e+02 6.8346697998e+02 6.8359197998e+02 6.8372100830e+02 6.8384600830e+02 6.8396002197e+02 6.8407501221e+02 6.8419598389e+02 6.8432202148e+02 6.8444598389e+02 6.8456402588e+02 6.8469000244e+02 6.8482702637e+02 6.8496398926e+02 6.8508197021e+02 6.8520501709e+02 6.8534698486e+02 6.8548297119e+02 6.8563000488e+02 6.8576800537e+02 6.8588702393e+02 6.8602197266e+02 6.8615997314e+02 6.8629699707e+02 6.8640899658e+02 6.8651599121e+02 6.8662298584e+02 6.8673699951e+02 6.8684600830e+02 6.8694201660e+02
6.8137500000e+02 6.8147802734e+02 6.8159399414e+02 6.8170001221e+02 6.8178601074e+02 6.8190399170e+02 6.8200897217e+02 6.8211798096e+02 6.8223999023e+02 6.8235302734e+02 6.8246997070e+02 6.8259997559e+02 6.8270501709e+02 6.8282702637e+02 6.8294799805e+02 6.8306298828e+02 6.8317700195e+02 6.8332202148e+02 6.8344799805e+02 6.8355700684e+02 6.8366998291e+02 6.8379302979e+02 6.8390997314e+02 6.8403601074e+02 6.8417999268e+02 6.8430401611e+02 6.8442297363e+02 6.8454199219e+02 6.8467401123e+02 6.8479797363e+02 6.8491497803e+02 6.8503802490e+02 6.8516302490e+02 6.8530603027e+02 6.8545599365e+02 6.8559497070e+02 6.8574102783e+02 6.8584997559e+02 6.8598297119e+02 6.8612500000e+02 6.8625402832e+02 6.8636602783e+02 6.8646899414e+02 6.8657000732e+02 6.8669500732e+02 6.8678198242e+02
6.8122998047e+02 6.8133398438e+02 6.8145397949e+02 6.8155603027e+02 6.8166302490e+02 6.8177099609e+02 6.8185699463e+02 6.8196099854e+02 6.8209100342e+02 6.8219396973e+02 6.8232098389e+02 6.8243499756e+02 6.8253900146e+02 6.8266400146e+02 6.8278802490e+02 6.8292401123e+02 6.8302502441e+02 6.8315997314e+02 6.8329400635e+02 6.8340698242e+02 6.8352398682e+02 6.8365100098e+02 6.8376702881e+02 6.8387500000e+02 6.8401397705e+02 6.8414398193e+02 6.8427197266e+02 6.8439398193e+02 6.8451397705e+02 6.8464501953e+02 6.8475701904e+02 6.8487799072e+02 6.8500201416e+02 6.8512799072e+02 6.8528601074e+02 6.8542401123e+02 6.8556500244e+02 6.8568701172e+02 6.8580902100e+02 6.8593902588e+02 6.8609002686e+02 6.8620397949e+02 6.8630603027e+02 6.8642199707e+02 6.8652301025e+02 6.8662902832e+02
6.8108599854e+02 6.8118103027e+02 6.8130102539e+02 6.8139599609e+02 6.8152197266e+02 6.8163000488e+02 6.8172302246e+02 6.8182702637e+02 6.8194799805e+02 6.8205999756e+02 6.8217498779e+02 6.8227899170e+02 6.8240802002e+02 6.8251702881e+02 6.8263598633e+02 6.8276702881e+02 6.8286798096e+02 6.8300299072e+02 6.8313500977e+02 6.8325402832e+02 6.8337902832e+02 6.8350500488e+02 6.8363000488e+02 6.8374298096e+02 6.8387097168e+02 6.8399401855e+02 6.8411901855e+02 6.8424401855e+02 6.8436199951e+02 6.8449597168e+02 6.8460498047e+02 6.8473400879e+02 6.8486102295e+02 6.8497100830e+02 6.8511499023e+02 6.8523797607e+02 6.8536297607e+02 6.8551098633e+02 6.8564898682e+02 6.8577099609e+02 6.8591101074e+02 6.8601800537e+02 6.8612200928e+02 6.8626202393e+02 6.8636401367e+02 6.8648901367e+02
6.8094500732e+02 6.8103601074e+02 6.8115100098e+02 6.8124798584e+02 6.8138098145e+02 6.8148101807e+02 6.8158599854e+02 6.8170800781e+02 6.8181799316e+02 6.8193200684e+02 6.8202899170e+02 6.8213598633e+02 6.8226599121e+02 6.8236297607e+02 6.8248602295e+02 6.8260498047e+02 6.8271002197e+02 6.8285400391e+02 6.8297399902e+02 6.8309197998e+02 6.8322698975e+02 6.8335101318e+02 6.8347802734e+02 6.8359497070e+02 6.8371398926e+02 6.8384197998e+02 6.8397100830e+02 6.8409698486e+02 6.8421197510e+02 6.8433697510e+02 6.8444396973e+02 6.8457897949e+02 6.8469897461e+02 6.8481701660e+02 6.8495001221e+02 6.8508001709e+02 6.8521697998e+02 6.8534698486e+02 6.8546997070e+02 6.8559899902e+02 6.8574200439e+02 6.8584197998e+02 6.8595397949e+02 6.8609802246e+02 6.8619000244e+02 6.8632598877e+02
6.8078997803e+02 6.8089300537e+02 6.8100799561e+02 6.8111102295e+02 6.8122497559e+02 6.8133001709e+02 6.8143103027e+02 6.8154998779e+02 6.8167102051e+02 6.8179400635e+02 6.8188897705e+02 6.8199298096e+02 6.8208300781e+02 6.8221600342e+02 6.8233697510e+02 6.8244097900e+02 6.8254602051e+02 6.8269897461e+02 6.8281799316e+02 6.8294500732e+02 6.8307800293e+02 6.8319799805e+02 6.8331298828e+02 6.8342901611e+02 6.8356298828e+02 6.8369598389e+02 6.8382299805e+02 6.8395202637e+02 6.8406500244e+02 6.8419000244e+02 6.8429498291e+02 6.8441601563e+02 6.8454498291e+02 6.8469000244e+02 6.8481097412e+02 6.8492498779e+02 6.8506201172e+02 6.8518597412e+02 6.8529797363e+02 6.8542999268e+02 6.8557000732e+02 6.8567102051e+02 6.8579602051e+02 6.8593798828e+02 6.8603198242e+02 6.8615698242e+02
6.8061999512e+02 6.8073199463e+02 6.8085101318e+02 6.8097198486e+02 6.8107598877e+02 6.8119097900e+02 6.8129400635e+02 6.8140399170e+02 6.8151800537e+02 6.8162799072e+02 6.8172601318e+02 6.8183801270e+02 6.8193902588e+02 6.8206298828e+02 6.8218499756e+02 6.8229998779e+02 6.8241601563e+02 6.8255902100e+02 6.8266998291e+02 6.8279400635e+02 6.8293298340e+02 6.8305499268e+02 6.8317199707e+02 6.8329699707e+02 6.8343597412e+02 6.8355401611e+02 6.8367797852e+02 6.8380999756e+02 6.8393597412e+02 6.8404699707e+02 6.8416400146e+02 6.8428497314e+02 6.8440399170e+02 6.8453198242e+02 6.8465100098e+02 6.8476599121e+02 6.8490301514e+02 6.8503601074e+02 6.8516101074e+02 6.8527398682e+02 6.8540100098e+02 6.8551800537e+02 6.8564300537e+02 6.8576599121e+02 6.8586901855e+02 6.8599401855e+02
6.8048101807e+02 6.8057202148e+02 6.8068103027e+02 6.8080999756e+02 6.8092797852e+02 6.8104400635e+02 6.8114898682e+02 6.8126397705e+02 6.8138201904e+02 6.8147399902e+02 6.8158001709e+02 6.8169201660e+02 6.8180999756e+02 6.8192999268e+02 6.8204199219e+02 6.8214599609e+02 6.8227001953e+02 6.8239697266e+02 6.8251202393e+02 6.8263702393e+02 6.8277099609e+02 6.8289300537e+02 6.8302301025e+02 6.8315899658e+02 6.8328997803e+02 6.8340502930e+02 6.8353002930e+02 6.8365899658e+02 6.8378601074e+02 6.8389599609e+02 6.8402001953e+02 6.8414398193e+02 6.8426501465e+02 6.8436901855e+02 6.8448199463e+02 6.8460797119e+02 6.8474102783e+02 6.8487298584e+02 6.8499499512e+02 6.8511199951e+02 6.8523999023e+02 6.8535900879e+02 6.8548699951e+02 6.8560601807e+02 6.8570599365e+02 6.8583001709e+02
6.8035101318e+02 6.8042700195e+02 6.8053100586e+02 6.8065399170e+02 6.8077697754e+02 6.8088897705e+02 6.8098797607e+02 6.8110900879e+02 6.8123199463e+02 6.8132897949e+02 6.8143597412e+02 6.8155200195e+02 6.8166601563e+02 6.8178997803e+02 6.8190197754e+02 6.8200897217e+02 6.8211901855e+02 6.8225097656e+02 6.8237597656e+02 6.8249597168e+02 6.8261700439e+02 6.8275000000e+02 6.8288500977e+02 6.8301300049e+02 6.8313702393e+02 6.8325701904e+02 6.8338299561e+02 6.8350598145e+02 6.8362200928e+02 6.8375097656e+02 6.8387597656e+02 6.8400598145e+02 6.8412701416e+02 6.8422302246e+02 6.8433697510e+02 6.8447302246e+02 6.8458197021e+02 6.8470300293e+02 6.8482702637e+02 6.8496002197e+02 6.8509301758e+02 6.8520599365e+02 6.8533300781e+02 6.8546099854e+02 6.8556298828e+02 6.8567297363e+02
6.8020800781e+02 6.8029602051e+02 6.8040002441e+02 6.8050701904e+02 6.8061297607e+02 6.8073901367e+02 6.8085101318e+02 6.8095501709e+02 6.8105999756e+02 6.8117999268e+02 6.8128002930e+02 6.8140301514e+02 6.8151098633e+02 6.8163598633e+02 6.8175097656e+02 6.8187902832e+02 6.8196801758e+02 6.8210998535e+02 6.8223901367e+02 6.8235302734e+02 6.8247900391e+02 6.8260998535e+02 6.8273498535e+02 6.8286297607e+02 6.8299298096e+02 6.8312097168e+02 6.8324902344e+02 6.8336901855e+02 6.8348101807e+02 6.8360498047e+02 6.8372998047e+02 6.8386199951e+02 6.8397497559e+02 6.8407098389e+02 6.8418902588e+02 6.8433001709e+02 6.8443798828e+02 6.8456701660e+02 6.8469500732e+02 6.8481500244e+02 6.8494500732e+02 6.8505798340e+02 6.8516900635e+02 6.8529302979e+02 6.8540997314e+02 6.8551000977e+02
6.8008197021e+02 6.8018402100e+02 6.8027801514e+02 6.8036700439e+02 6.8047302246e+02 6.8059100342e+02 6.8070501709e+02 6.8080401611e+02 6.8092999268e+02 6.8103802490e+02 6.8114099121e+02 6.8126898193e+02 6.8137402344e+02 6.8149298096e+02 6.8160900879e+02 6.8173199463e+02 6.8182897949e+02 6.8196099854e+02 6.8208502197e+02 6.8220397949e+02 6.8234197998e+02 6.8245098877e+02 6.8257501221e+02 6.8270697021e+02 6.8283599854e+02 6.8295599365e+02 6.8308898926e+02 6.8322198486e+02 6.8335998535e+02 6.8347198486e+02 6.8359399414e+02 6.8371899414e+02 6.8382397461e+02 6.8392999268e+02 6.8404998779e+02 6.8418597412e+02 6.8430999756e+02 6.8444396973e+02 6.8456799316e+02 6.8467700195e+02 6.8479998779e+02 6.8491101074e+02 6.8502801514e+02 6.8514801025e+02 6.8525201416e+02 6.8534899902e+02
6.7995397949e+02 6.8005798340e+02 6.8015600586e+02 6.8024298096e+02 6.8034899902e+02 6.8045098877e+02 6.8055902100e+02 6.8065899658e+02 6.8078302002e+02 6.8088897705e+02 6.8101098633e+02 6.8113201904e+02 6.8124401855e+02 6.8134497070e+02 6.8146197510e+02 6.8157897949e+02 6.8168902588e+02 6.8182202148e+02 6.8194097900e+02 6.8205200195e+02 6.8218597412e+02 6.8230200195e+02 6.8243499756e+02 6.8256500244e+02 6.8269000244e+02 6.8282000732e+02 6.8295501709e+02 6.8307397461e+02 6.8321502686e+02 6.8333801270e+02 6.8346099854e+02 6.8358099365e+02 6.8368499756e+02 6.8379302979e+02 6.8391497803e+02 6.8404602051e+02 6.8417297363e+02 6.8429602051e+02 6.8441497803e+02 6.8453601074e+02 6.8465899658e+02 6.8476397705e+02 6.8488500977e+02 6.8499401855e+02 6.8509997559e+02 6.8521301270e+02
6.7983898926e+02 6.7993902588e+02 6.8002801514e+02 6.8011199951e+02 6.8022601318e+02 6.8031597900e+02 6.8041802979e+02 6.8052502441e+02 6.8062701416e+02 6.8074298096e+02 6.8086901855e+02 6.8098400879e+02 6.8111199951e+02 6.8120202637e+02 6.8131597900e+02 6.8142700195e+02 6.8154101563e+02 6.8166802979e+02 6.8178601074e+02 6.8190301514e+02 6.8203198242e+02 6.8215002441e+02 6.8228198242e+02 6.8240802002e+02 6.8253302002e+02 6.8265502930e+02 6.8279101563e+02 6.8291497803e+02 6.8305499268e+02 6.8319799805e+02 6.8331799316e+02 6.8344000244e+02 6.8356097412e+02 6.8367401123e+02 6.8379199219e+02 6.8390600586e+02 6.8403698730e+02 6.8415899658e+02 6.8426702881e+02 6.8438500977e+02 6.8451501465e+02 6.8462402344e+02 6.8474798584e+02 6.8485699463e+02 6.8495898438e+02 6.8508300781e+02
6.7972399902e+02 6.7981298828e+02 6.7989898682e+02 6.7998797607e+02 6.8011102295e+02 6.8018402100e+02 6.8026202393e+02 6.8036999512e+02 6.8046801758e+02 6.8060101318e+02 6.8072100830e+02 6.8083898926e+02 6.8095001221e+02 6.8106500244e+02 6.8117797852e+02 6.8128900146e+02 6.8139599609e+02 6.8151898193e+02 6.8163598633e+02 6.8176000977e+02 6.8188500977e+02 6.8199700928e+02 6.8212701416e+02 6.8225097656e+02 6.8236602783e+02 6.8248400879e+02 6.8262298584e+02 6.8276800537e+02 6.8289697266e+02 6.8304901123e+02 6.8316900635e+02 6.8328997803e+02 6.8342297363e+02 6.8353497314e+02 6.8365002441e+02 6.8376000977e+02 6.8388800049e+02 6.8401898193e+02 6.8412097168e+02 6.8421997070e+02 6.8433898926e+02 6.8447198486e+02 6.8459698486e+02 6.8471002197e+02 6.8482202148e+02 6.8496002197e+02
6.7960198975e+02 6.7969201660e+02 6.7977801514e+02 6.7986602783e+02 6.7997198486e+02 6.8005401611e+02 6.8014099121e+02 6.8023602295e+02 6.8034301758e+02 6.8046002197e+02 6.8057598877e+02 6.8069702148e+02 6.8080603027e+02 6.8092297363e+02 6.8104101563e+02 6.8115301514e+02 6.8124200439e+02 6.8137799072e+02 6.8149102783e+02 6.8161199951e+02 6.8174597168e+02 6.8185797119e+02 6.8197302246e+02 6.8209197998e+02 6.8223400879e+02 6.8235699463e+02 6.8248797607e+02 6.8262799072e+02 6.8275598145e+02 6.8289599609e+02 6.8300402832e+02 6.8313000488e+02 6.8327801514e+02 6.8340002441e+02 6.8351202393e+02 6.8362597656e+02 6.8374298096e+02 6.8387402344e+02 6.8397900391e+02 6.8409100342e+02 6.8421197510e+02 6.8433502197e+02 6.8446099854e+02 6.8456298828e+02 6.8467602539e+02 6.8479199219e+02
6.7948498535e+02 6.7958502197e+02 6.7966699219e+02 6.7974902344e+02 6.7983898926e+02 6.7991699219e+02 6.8001501465e+02 6.8011602783e+02 6.8021997070e+02 6.8030798340e+02 6.8041900635e+02 6.8054602051e+02 6.8066802979e+02 6.8077197266e+02 6.8088702393e+02 6.8100897217e+02 6.8109301758e+02 6.8122900391e+02 6.8134100342e+02 6.8146899414e+02 6.8159997559e+02 6.8172601318e+02 6.8183502197e+02 6.8195098877e+02 6.8209600830e+02 6.8221899414e+02 6.8234100342e+02 6.8246899414e+02 6.8260797119e+02 6.8273498535e+02 6.8283697510e+02 6.8297100830e+02 6.8310900879e+02 6.8323797607e+02 6.8336297607e+02 6.8348498535e+02 6.8360101318e+02 6.8372900391e+02 6.8383599854e+02 6.8395898438e+02 6.8407598877e+02 6.8417498779e+02 6.8429498291e+02 6.8441601563e+02 6.8454199219e+02 6.8465399170e+02
6.7936199951e+02 6.7946502686e+02 6.7954901123e+02 6.7963098145e+02 6.7971502686e+02 6.7979400635e+02 6.7988800049e+02 6.7999200439e+02 6.8009497070e+02 6.8017602539e+02 6.8028100586e+02 6.8039398193e+02 6.8051202393e+02 6.8061700439e+02 6.8074102783e+02 6.8087097168e+02 6.8096301270e+02 6.8110198975e+02 6.8121502686e+02 6.8133398438e+02 6.8144799805e+02 6.8157800293e+02 6.8169702148e+02 6.8183001709e+02 6.8195300293e+02 6.8207299805e+02 6.8219000244e+02 6.8231701660e+02 6.8245599365e+02 6.8258001709e+02 6.8269897461e+02 6.8283300781e+02 6.8296002197e+02 6.8308599854e+02 6.8321002197e+02 6.8333898926e+02 6.8346899414e+02 6.8359399414e+02 6.8369201660e+02 6.8381097412e+02 6.8392901611e+02 6.8402502441e+02 6.8413201904e+02 6.8426501465e+02 6.8439398193e+02 6.8450201416e+02
