TESTSERVER/18/6.asc
NCOLS 100
NROWS 100
XLLCORNER 8.3997500000e+03
YLLCORNER 2.8965025000e+05
CELLSIZE 5.0000000000e-01
NODATA_VALUE -9.9990000000e+03
[rows 60 to 79 of 100, columns 0 to 45 of 100]
6.7509600830e+02 6.7514398193e+02 6.7519097900e+02 6.7523699951e+02 6.7528900146e+02 6.7534600830e+02 6.7539697266e+02 6.7547601318e+02 6.7553601074e+02 6.7560400391e+02 6.7567999268e+02 6.7575598145e+02 6.7584997559e+02 6.7594598389e+02 6.7603399658e+02 6.7613702393e+02 6.7623199463e+02 6.7632598877e+02 6.7643902588e+02 6.7654901123e+02 6.7664300537e+02 6.7674902344e+02 6.7684997559e+02 6.7695300293e+02 6.7704400635e+02 6.7711102295e+02 6.7722100830e+02 6.7733898926e+02 6.7744897461e+02 6.7755499268e+02 6.7766497803e+02 6.7776800537e+02 6.7788702393e+02 6.7798699951e+02 6.7808599854e+02 6.7817999268e+02 6.7828100586e+02 6.7841101074e+02 6.7851702881e+02 6.7862097168e+02 6.7871600342e+02 6.7883502197e+02 6.7894598389e+02 6.7905700684e+02 6.7918499756e+02 6.7930798340e+02
6.7504302979e+02 6.7507897949e+02 6.7511199951e+02 6.7516198730e+02 6.7522100830e+02 6.7526800537e+02 6.7530902100e+02 6.7538500977e+02 6.7545898438e+02 6.7552899170e+02 6.7560101318e+02 6.7566601563e+02 6.7575500488e+02 6.7585900879e+02 6.7593798828e+02 6.7602801514e+02 6.7613098145e+02 6.7621398926e+02 6.7631402588e+02 6.7643902588e+02 6.7653900146e+02 6.7662902832e+02 6.7672399902e+02 6.7682702637e+02 6.7692999268e+02 6.7701300049e+02 6.7711199951e+02 6.7721600342e+02 6.7733502197e+02 6.7741802979e+02 6.7753997803e+02 6.7765802002e+02 6.7776599121e+02 6.7787097168e+02 6.7797802734e+02 6.7807299805e+02 6.7817999268e+02 6.7829302979e+02 6.7840997314e+02 6.7853002930e+02 6.7861602783e+02 6.7872900391e+02 6.7884002686e+02 6.7894897461e+02 6.7906896973e+02 6.7918103027e+02
6.7497698975e+02 6.7501702881e+02 6.7504797363e+02 6.7510198975e+02 6.7516497803e+02 6.7520599365e+02 6.7525000000e+02 6.7531402588e+02 6.7539202881e+02 6.7546899414e+02 6.7553002930e+02 6.7558697510e+02 6.7565997314e+02 6.7576098633e+02 6.7584399414e+02 6.7592700195e+02 6.7602600098e+02 6.7612097168e+02 6.7620898438e+02 6.7632800293e+02 6.7642700195e+02 6.7651702881e+02 6.7660797119e+02 6.7671600342e+02 6.7682598877e+02 6.7692602539e+02 6.7701898193e+02 6.7711199951e+02 6.7722698975e+02 6.7731402588e+02 6.7743402100e+02 6.7755603027e+02 6.7765502930e+02 6.7775299072e+02 6.7786401367e+02 6.7797399902e+02 6.7808898926e+02 6.7818200684e+02 6.7829400635e+02 6.7842700195e+02 6.7851800537e+02 6.7863397217e+02 6.7874401855e+02 6.7884002686e+02 6.7895397949e+02 6.7906097412e+02
6.7489398193e+02 6.7494702148e+02 6.7498699951e+02 6.7503900146e+02 6.7509997559e+02 6.7514398193e+02 6.7519598389e+02 6.7525897217e+02 6.7531896973e+02 6.7539001465e+02 6.7545501709e+02 6.7551702881e+02 6.7558697510e+02 6.7567999268e+02 6.7575500488e+02 6.7583099365e+02 6.7591101074e+02 6.7601800537e+02 6.7611297607e+02 6.7622302246e+02 6.7631500244e+02 6.7640899658e+02 6.7650598145e+02 6.7661700439e+02 6.7672302246e+02 6.7682598877e+02 6.7691601563e+02 6.7700701904e+02 6.7712097168e+02 6.7722399902e+02 6.7733300781e+02 6.7744598389e+02 6.7754797363e+02 6.7763702393e+02 6.7775299072e+02 6.7786798096e+02 6.7797998047e+02 6.7808300781e+02 6.7818402100e+02 6.7831097412e+02 6.7840899658e+02 6.7851800537e+02 6.7863702393e+02 6.7873699951e+02 6.7884698486e+02 6.7895202637e+02
6.7482098389e+02 6.7488500977e+02 6.7494000244e+02 6.7498400879e+02 6.7502899170e+02 6.7507397461e+02 6.7511798096e+02 6.7518499756e+02 6.7525500488e+02 6.7531799316e+02 6.7537902832e+02 6.7544396973e+02 6.7551202393e+02 6.7560601807e+02 6.7567797852e+02 6.7574298096e+02 6.7581896973e+02 6.7591400146e+02 6.7602502441e+02 6.7613299561e+02 6.7622100830e+02 6.7630603027e+02 6.7640301514e+02 6.7650701904e+02 6.7660900879e+02 6.7671398926e+02 6.7680902100e+02 6.7690301514e+02 6.7700897217e+02 6.7712097168e+02 6.7724298096e+02 6.7735101318e+02 6.7745098877e+02 6.7754199219e+02 6.7765399170e+02 6.7776397705e+02 6.7785797119e+02 6.7796600342e+02 6.7807000732e+02 6.7819201660e+02 6.7831097412e+02 6.7840399170e+02 6.7853002930e+02 6.7864202881e+02 6.7875201416e+02 6.7885198975e+02
6.7475299072e+02 6.7480401611e+02 6.7484899902e+02 6.7490502930e+02 6.7496801758e+02 6.7502697754e+02 6.7507598877e+02 6.7514697266e+02 6.7519598389e+02 6.7526397705e+02 6.7532702637e+02 6.7538598633e+02 6.7545001221e+02 6.7552899170e+02 6.7559997559e+02 6.7566699219e+02 6.7574298096e+02 6.7584002686e+02 6.7594000244e+02 6.7603497314e+02 6.7613000488e+02 6.7621398926e+02 6.7630499268e+02 6.7641101074e+02 6.7651300049e+02 6.7661297607e+02 6.7671697998e+02 6.7682598877e+02 6.7693103027e+02 6.7701898193e+02 6.7714099121e+02 6.7724700928e+02 6.7734002686e+02 6.7743798828e+02 6.7754797363e+02 6.7765600586e+02 6.7775402832e+02 6.7785699463e+02 6.7796997070e+02 6.7809002686e+02 6.7819702148e+02 6.7830297852e+02 6.7841400146e+02 6.7852301025e+02 6.7864099121e+02 6.7874298096e+02
6.7468402100e+02 6.7472698975e+02 6.7477600098e+02 6.7484301758e+02 6.7490698242e+02 6.7496398926e+02 6.7501098633e+02 6.7508398438e+02 6.7514001465e+02 6.7520397949e+02 6.7526300049e+02 6.7531896973e+02 6.7537298584e+02 6.7544396973e+02 6.7552301025e+02 6.7559497070e+02 6.7567102051e+02 6.7576898193e+02 6.7585601807e+02 6.7594201660e+02 6.7604602051e+02 6.7613397217e+02 6.7622302246e+02 6.7632897949e+02 6.7642297363e+02 6.7651898193e+02 6.7662200928e+02 6.7673297119e+02 6.7684197998e+02 6.7692700195e+02 6.7704302979e+02 6.7714898682e+02 6.7724597168e+02 6.7734002686e+02 6.7744702148e+02 6.7755102539e+02 6.7766699219e+02 6.7777600098e+02 6.7787799072e+02 6.7798797607e+02 6.7808898926e+02 6.7820898438e+02 6.7830902100e+02 6.7841101074e+02 6.7852099609e+02 6.7862701416e+02
6.7461401367e+02 6.7465698242e+02 6.7471801758e+02 6.7478802490e+02 6.7484997559e+02 6.7489099121e+02 6.7494097900e+02 6.7501300049e+02 6.7507800293e+02 6.7513598633e+02 6.7519396973e+02 6.7525701904e+02 6.7530902100e+02 6.7538299561e+02 6.7545397949e+02 6.7551599121e+02 6.7559802246e+02 6.7569500732e+02 6.7578399658e+02 6.7586602783e+02 6.7596099854e+02 6.7604498291e+02 6.7614001465e+02 6.7624798584e+02 6.7633502197e+02 6.7643499756e+02 6.7653198242e+02 6.7663098145e+02 6.7673699951e+02 6.7683502197e+02 6.7694396973e+02 6.7704998779e+02 6.7715399170e+02 6.7724902344e+02 6.7735498047e+02 6.7745300293e+02 6.7756201172e+02 6.7767498779e+02 6.7778100586e+02 6.7788397217e+02 6.7798101807e+02 6.7810302734e+02 6.7820098877e+02 6.7829699707e+02 6.7839801025e+02 6.7850500488e+02
6.7454101563e+02 6.7459497070e+02 6.7465002441e+02 6.7470501709e+02 6.7477001953e+02 6.7481298828e+02 6.7488000488e+02 6.7495501709e+02 6.7501702881e+02 6.7508001709e+02 6.7514398193e+02 6.7519799805e+02 6.7526599121e+02 6.7533801270e+02 6.7539001465e+02 6.7544500732e+02 6.7553698730e+02 6.7561999512e+02 6.7570898438e+02 6.7579602051e+02 6.7588897705e+02 6.7596002197e+02 6.7605401611e+02 6.7615997314e+02 6.7624798584e+02 6.7635900879e+02 6.7645599365e+02 6.7654998779e+02 6.7665100098e+02 6.7675097656e+02 6.7685198975e+02 6.7695599365e+02 6.7706500244e+02 6.7717498779e+02 6.7727301025e+02 6.7735400391e+02 6.7743298340e+02 6.7754901123e+02 6.7767199707e+02 6.7779101563e+02 6.7789599609e+02 6.7799499512e+02 6.7809698486e+02 6.7819396973e+02 6.7829101563e+02 6.7838702393e+02
6.7446801758e+02 6.7452801514e+02 6.7458398438e+02 6.7463397217e+02 6.7469299316e+02 6.7475097656e+02 6.7483001709e+02 6.7490197754e+02 6.7495599365e+02 6.7503497314e+02 6.7508697510e+02 6.7513397217e+02 6.7521099854e+02 6.7526800537e+02 6.7532397461e+02 6.7540100098e+02 6.7548999023e+02 6.7555499268e+02 6.7563397217e+02 6.7572900391e+02 6.7581799316e+02 6.7588800049e+02 6.7597399902e+02 6.7607299805e+02 6.7616198730e+02 6.7626000977e+02 6.7636999512e+02 6.7647900391e+02 6.7657702637e+02 6.7667700195e+02 6.7676898193e+02 6.7686602783e+02 6.7697100830e+02 6.7707897949e+02 6.7717797852e+02 6.7727502441e+02 6.7736401367e+02 6.7746697998e+02 6.7757397461e+02 6.7769201660e+02 6.7779498291e+02 6.7789300537e+02 6.7799298096e+02 6.7809002686e+02 6.7820300293e+02 6.7829699707e+02
6.7439801025e+02 6.7445599365e+02 6.7451898193e+02 6.7457098389e+02 6.7462597656e+02 6.7468798828e+02 6.7476898193e+02 6.7483697510e+02 6.7488000488e+02 6.7496899414e+02 6.7502197266e+02 6.7507098389e+02 6.7515600586e+02 6.7521600342e+02 6.7527099609e+02 6.7534600830e+02 6.7542901611e+02 6.7549597168e+02 6.7556597900e+02 6.7565502930e+02 6.7574102783e+02 6.7582702637e+02 6.7591198730e+02 6.7600701904e+02 6.7609100342e+02 6.7617498779e+02 6.7628302002e+02 6.7639398193e+02 6.7649798584e+02 6.7659197998e+02 6.7668499756e+02 6.7677398682e+02 6.7686999512e+02 6.7697399902e+02 6.7707598877e+02 6.7718701172e+02 6.7728997803e+02 6.7737500000e+02 6.7747399902e+02 6.7758502197e+02 6.7768402100e+02 6.7778900146e+02 6.7789001465e+02 6.7798699951e+02 6.7810400391e+02 6.7819201660e+02
6.7432800293e+02 6.7439001465e+02 6.7445300293e+02 6.7450201416e+02 6.7456201172e+02 6.7462597656e+02 6.7469702148e+02 6.7476397705e+02 6.7481298828e+02 6.7489001465e+02 6.7495397949e+02 6.7500897217e+02 6.7509100342e+02 6.7515899658e+02 6.7522198486e+02 6.7529302979e+02 6.7537097168e+02 6.7544201660e+02 6.7551300049e+02 6.7559301758e+02 6.7567102051e+02 6.7575799561e+02 6.7584600830e+02 6.7594897461e+02 6.7603698730e+02 6.7611499023e+02 6.7621600342e+02 6.7632000732e+02 6.7642999268e+02 6.7651098633e+02 6.7660498047e+02 6.7670001221e+02 6.7679699707e+02 6.7688299561e+02 6.7697497559e+02 6.7708599854e+02 6.7719897461e+02 6.7728198242e+02 6.7738897705e+02 6.7749700928e+02 6.7759600830e+02 6.7769201660e+02 6.7778802490e+02 6.7788702393e+02 6.7799401855e+02 6.7807897949e+02
6.7424902344e+02 6.7431597900e+02 6.7437402344e+02 6.7441998291e+02 6.7449298096e+02 6.7457897949e+02 6.7462597656e+02 6.7468597412e+02 6.7475500488e+02 6.7480902100e+02 6.7488702393e+02 6.7495098877e+02 6.7500799561e+02 6.7508099365e+02 6.7515997314e+02 6.7522900391e+02 6.7531097412e+02 6.7539300537e+02 6.7546600342e+02 6.7554400635e+02 6.7563000488e+02 6.7570898438e+02 6.7578900146e+02 6.7588500977e+02 6.7597900391e+02 6.7606298828e+02 6.7615600586e+02 6.7625598145e+02 6.7635302734e+02 6.7642700195e+02 6.7652600098e+02 6.7662902832e+02 6.7672698975e+02 6.7682098389e+02 6.7690802002e+02 6.7701098633e+02 6.7710400391e+02 6.7719097900e+02 6.7730401611e+02 6.7740698242e+02 6.7750097656e+02 6.7758898926e+02 6.7769201660e+02 6.7779400635e+02 6.7787298584e+02 6.7798400879e+02
6.7415698242e+02 6.7423498535e+02 6.7429998779e+02 6.7436102295e+02 6.7442602539e+02 6.7449700928e+02 6.7454998779e+02 6.7461999512e+02 6.7467999268e+02 6.7474902344e+02 6.7482202148e+02 6.7489202881e+02 6.7494396973e+02 6.7501898193e+02 6.7510797119e+02 6.7517700195e+02 6.7525097656e+02 6.7533801270e+02 6.7541497803e+02 6.7549200439e+02 6.7557702637e+02 6.7565698242e+02 6.7574200439e+02 6.7582202148e+02 6.7589599609e+02 6.7599902344e+02 6.7609997559e+02 6.7619396973e+02 6.7627899170e+02 6.7636602783e+02 6.7646197510e+02 6.7655700684e+02 6.7665502930e+02 6.7675299072e+02 6.7683502197e+02 6.7692602539e+02 6.7700598145e+02 6.7709698486e+02 6.7721398926e+02 6.7731402588e+02 6.7739599609e+02 6.7750097656e+02 6.7760601807e+02 6.7770397949e+02 6.7779602051e+02 6.7789099121e+02
6.7407800293e+02 6.7415002441e+02 6.7421697998e+02 6.7428802490e+02 6.7434997559e+02 6.7440802002e+02 6.7447198486e+02 6.7454302979e+02 6.7458898926e+02 6.7467602539e+02 6.7475097656e+02 6.7481896973e+02 6.7487799072e+02 6.7495800781e+02 6.7504602051e+02 6.7511602783e+02 6.7519000244e+02 6.7527600098e+02 6.7535198975e+02 6.7544097900e+02 6.7553100586e+02 6.7560498047e+02 6.7569299316e+02 6.7577197266e+02 6.7584600830e+02 6.7594097900e+02 6.7603002930e+02 6.7611999512e+02 6.7621099854e+02 6.7630102539e+02 6.7639697266e+02 6.7648498535e+02 6.7657098389e+02 6.7667401123e+02 6.7677099609e+02 6.7686700439e+02 6.7693902588e+02 6.7701800537e+02 6.7712298584e+02 6.7722100830e+02 6.7730499268e+02 6.7740301514e+02 6.7750000000e+02 6.7759802246e+02 6.7770800781e+02 6.7779302979e+02
6.7399798584e+02 6.7405798340e+02 6.7412200928e+02 6.7419500732e+02 6.7425701904e+02 6.7431402588e+02 6.7439099121e+02 6.7446600342e+02 6.7451702881e+02 6.7460601807e+02 6.7468200684e+02 6.7474401855e+02 6.7481799316e+02 6.7489898682e+02 6.7497802734e+02 6.7504998779e+02 6.7513897705e+02 6.7521801758e+02 6.7528698730e+02 6.7538397217e+02 6.7547998047e+02 6.7555102539e+02 6.7563299561e+02 6.7571997070e+02 6.7580603027e+02 6.7587902832e+02 6.7595599365e+02 6.7604901123e+02 6.7614398193e+02 6.7622998047e+02 6.7632897949e+02 6.7641900635e+02 6.7649499512e+02 6.7658801270e+02 6.7668701172e+02 6.7678399658e+02 6.7686499023e+02 6.7694097900e+02 6.7703900146e+02 6.7713897705e+02 6.7722900391e+02 6.7731097412e+02 6.7740197754e+02 6.7749700928e+02 6.7760601807e+02 6.7769598389e+02
6.7392901611e+02 6.7398101807e+02 6.7403900146e+02 6.7410699463e+02 6.7417797852e+02 6.7423602295e+02 6.7430700684e+02 6.7438702393e+02 6.7445697021e+02 6.7453601074e+02 6.7460302734e+02 6.7466601563e+02 6.7477197266e+02 6.7484399414e+02 6.7491400146e+02 6.7499102783e+02 6.7509399414e+02 6.7515698242e+02 6.7522100830e+02 6.7531402588e+02 6.7542102051e+02 6.7551000977e+02 6.7557299805e+02 6.7565002441e+02 6.7573602295e+02 6.7582202148e+02 6.7590301514e+02 6.7598602295e+02 6.7607397461e+02 6.7615802002e+02 6.7624798584e+02 6.7633599854e+02 6.7642401123e+02 6.7652197266e+02 6.7661700439e+02 6.7671398926e+02 6.7681097412e+02 6.7689001465e+02 6.7697698975e+02 6.7706500244e+02 6.7714898682e+02 6.7722998047e+02 6.7732000732e+02 6.7741601563e+02 6.7751202393e+02 6.7759899902e+02
6.7383502197e+02 6.7390600586e+02 6.7396801758e+02 6.7403002930e+02 6.7409497070e+02 6.7415899658e+02 6.7424200439e+02 6.7432397461e+02 6.7439099121e+02 6.7446801758e+02 6.7452600098e+02 6.7459497070e+02 6.7470300293e+02 6.7478497314e+02 6.7486102295e+02 6.7492797852e+02 6.7501898193e+02 6.7509600830e+02 6.7517797852e+02 6.7526202393e+02 6.7534899902e+02 6.7543597412e+02 6.7551098633e+02 6.7559802246e+02 6.7567401123e+02 6.7575799561e+02 6.7582702637e+02 6.7590698242e+02 6.7600799561e+02 6.7609600830e+02 6.7618200684e+02 6.7626898193e+02 6.7636199951e+02 6.7646899414e+02 6.7655102539e+02 6.7663702393e+02 6.7673699951e+02 6.7682397461e+02 6.7690997314e+02 6.7698999023e+02 6.7706402588e+02 6.7715002441e+02 6.7723999023e+02 6.7733099365e+02 6.7742199707e+02 6.7751501465e+02
6.7374902344e+02 6.7382397461e+02 6.7388702393e+02 6.7394702148e+02 6.7401202393e+02 6.7408502197e+02 6.7416998291e+02 6.7424700928e+02 6.7431896973e+02 6.7439398193e+02 6.7445397949e+02 6.7453100586e+02 6.7462597656e+02 6.7471002197e+02 6.7479602051e+02 6.7487701416e+02 6.7496697998e+02 6.7504400635e+02 6.7512799072e+02 6.7520098877e+02 6.7527801514e+02 6.7535601807e+02 6.7544000244e+02 6.7553198242e+02 6.7560998535e+02 6.7570300293e+02 6.7577801514e+02 6.7585601807e+02 6.7594702148e+02 6.7603002930e+02 6.7611700439e+02 6.7620300293e+02 6.7629302979e+02 6.7640002441e+02 6.7648400879e+02 6.7657000732e+02 6.7666198730e+02 6.7674902344e+02 6.7683300781e+02 6.7691101074e+02 6.7698999023e+02 6.7707501221e+02 6.7715600586e+02 6.7724597168e+02 6.7734802246e+02 6.7743103027e+02
6.7367297363e+02 6.7374597168e+02 6.7380700684e+02 6.7386401367e+02 6.7392498779e+02 6.7399902344e+02 6.7407897949e+02 6.7414898682e+02 6.7423297119e+02 6.7431402588e+02 6.7438598633e+02 6.7448199463e+02 6.7456402588e+02 6.7463598633e+02 6.7471502686e+02 6.7480499268e+02 6.7490600586e+02 6.7498498535e+02 6.7506402588e+02 6.7513800049e+02 6.7521899414e+02 6.7529101563e+02 6.7537701416e+02 6.7547100830e+02 6.7554901123e+02 6.7564202881e+02 6.7572601318e+02 6.7580200195e+02 6.7587902832e+02 6.7596502686e+02 6.7605102539e+02 6.7613800049e+02 6.7621697998e+02 6.7630401611e+02 6.7639697266e+02 6.7649499512e+02 6.7658099365e+02 6.7667498779e+02 6.7675799561e+02 6.7683502197e+02 6.7691497803e+02 6.7700598145e+02 6.7709002686e+02 6.7716900635e+02 6.7726098633e+02 6.7735400391e+02
