TESTSERVER/18/6.asc
NCOLS 100
NROWS 100
XLLCORNER 8.3997500000e+03
YLLCORNER 2.8965025000e+05
CELLSIZE 5.0000000000e-01
NODATA_VALUE -9.9990000000e+03
[rows 80 to 99 of 100, columns 0 to 45 of 100]
6.7357897949e+02 6.7365802002e+02 6.7371600342e+02 6.7377502441e+02 6.7384100342e+02 6.7392700195e+02 6.7400701904e+02 6.7406896973e+02 6.7413598633e+02 6.7421600342e+02 6.7430798340e+02 6.7441802979e+02 6.7449597168e+02 6.7457501221e+02 6.7464898682e+02 6.7473199463e+02 6.7483001709e+02 6.7491400146e+02 6.7499401855e+02 6.7507397461e+02 6.7515698242e+02 6.7523699951e+02 6.7531500244e+02 6.7539398193e+02 6.7548797607e+02 6.7556799316e+02 6.7565899658e+02 6.7573999023e+02 6.7582000732e+02 6.7590301514e+02 6.7598498535e+02 6.7607000732e+02 6.7615698242e+02 6.7623602295e+02 6.7631701660e+02 6.7640399170e+02 6.7648901367e+02 6.7659802246e+02 6.7668701172e+02 6.7676702881e+02 6.7685198975e+02 6.7692999268e+02 6.7701397705e+02 6.7709802246e+02 6.7718402100e+02 6.7727197266e+02
6.7348901367e+02 6.7357098389e+02 6.7362902832e+02 6.7369299316e+02 6.7375598145e+02 6.7382897949e+02 6.7391302490e+02 6.7399499512e+02 6.7406201172e+02 6.7412298584e+02 6.7422100830e+02 6.7432702637e+02 6.7441302490e+02 6.7450000000e+02 6.7458300781e+02 6.7467297363e+02 6.7477398682e+02 6.7485797119e+02 6.7493499756e+02 6.7501702881e+02 6.7509197998e+02 6.7517498779e+02 6.7523400879e+02 6.7531402588e+02 6.7541101074e+02 6.7548101807e+02 6.7557598877e+02 6.7566699219e+02 6.7574798584e+02 6.7583300781e+02 6.7591601563e+02 6.7599597168e+02 6.7606799316e+02 6.7614398193e+02 6.7622802734e+02 6.7632397461e+02 6.7641601563e+02 6.7650701904e+02 6.7660699463e+02 6.7669097900e+02 6.7676898193e+02 6.7686700439e+02 6.7694897461e+02 6.7703302002e+02 6.7710900879e+02 6.7719799805e+02
6.7339898682e+02 6.7348602295e+02 6.7354498291e+02 6.7361102295e+02 6.7367999268e+02 6.7375000000e+02 6.7382501221e+02 6.7390502930e+02 6.7398199463e+02 6.7405297852e+02 6.7414001465e+02 6.7423297119e+02 6.7432000732e+02 6.7441699219e+02 6.7451599121e+02 6.7460797119e+02 6.7469897461e+02 6.7477301025e+02 6.7486199951e+02 6.7495397949e+02 6.7501702881e+02 6.7510400391e+02 6.7516101074e+02 6.7523901367e+02 6.7532299805e+02 6.7540600586e+02 6.7549401855e+02 6.7558502197e+02 6.7566699219e+02 6.7575201416e+02 6.7584399414e+02 6.7592602539e+02 6.7599200439e+02 6.7606597900e+02 6.7614801025e+02 6.7625097656e+02 6.7634698486e+02 6.7642797852e+02 6.7651898193e+02 6.7660797119e+02 6.7670001221e+02 6.7679998779e+02 6.7688897705e+02 6.7697100830e+02 6.7704797363e+02 6.7713000488e+02
6.7330297852e+02 6.7337799072e+02 6.7344396973e+02 6.7351800537e+02 6.7359301758e+02 6.7367102051e+02 6.7373999023e+02 6.7381298828e+02 6.7389501953e+02 6.7398699951e+02 6.7406799316e+02 6.7414599609e+02 6.7422900391e+02 6.7433099365e+02 6.7443597412e+02 6.7452398682e+02 6.7462097168e+02 6.7470300293e+02 6.7478802490e+02 6.7487701416e+02 6.7494299316e+02 6.7502301025e+02 6.7509802246e+02 6.7518701172e+02 6.7525097656e+02 6.7533898926e+02 6.7542797852e+02 6.7550299072e+02 6.7557897949e+02 6.7567401123e+02 6.7577197266e+02 6.7585601807e+02 6.7592498779e+02 6.7600402832e+02 6.7607598877e+02 6.7616998291e+02 6.7625897217e+02 6.7634899902e+02 6.7643499756e+02 6.7652197266e+02 6.7662799072e+02 6.7671899414e+02 6.7680999756e+02 6.7689801025e+02 6.7699597168e+02 6.7707501221e+02
6.7322100830e+02 6.7328302002e+02 6.7335797119e+02 6.7343798828e+02 6.7350402832e+02 6.7357598877e+02 6.7365802002e+02 6.7373101807e+02 6.7380200195e+02 6.7390301514e+02 6.7398797607e+02 6.7406701660e+02 6.7415002441e+02 6.7424499512e+02 6.7433599854e+02 6.7441998291e+02 6.7452697754e+02 6.7462500000e+02 6.7471002197e+02 6.7479400635e+02 6.7486700439e+02 6.7494799805e+02 6.7503302002e+02 6.7512701416e+02 6.7519500732e+02 6.7528399658e+02 6.7536798096e+02 6.7542999268e+02 6.7549499512e+02 6.7560601807e+02 6.7569598389e+02 6.7577398682e+02 6.7586102295e+02 6.7594000244e+02 6.7600299072e+02 6.7609197998e+02 6.7617602539e+02 6.7626702881e+02 6.7637500000e+02 6.7645800781e+02 6.7653997803e+02 6.7662799072e+02 6.7671801758e+02 6.7681597900e+02 6.7691302490e+02 6.7699298096e+02
6.7311999512e+02 6.7319799805e+02 6.7327502441e+02 6.7334899902e+02 6.7341601563e+02 6.7349700928e+02 6.7358697510e+02 6.7365600586e+02 6.7372302246e+02 6.7380902100e+02 6.7389501953e+02 6.7398901367e+02 6.7407098389e+02 6.7415600586e+02 6.7424200439e+02 6.7433300781e+02 6.7443597412e+02 6.7452197266e+02 6.7461499023e+02 6.7471502686e+02 6.7479901123e+02 6.7488098145e+02 6.7496600342e+02 6.7505700684e+02 6.7513500977e+02 6.7522698975e+02 6.7530700684e+02 6.7536901855e+02 6.7544000244e+02 6.7553302002e+02 6.7561401367e+02 6.7570599365e+02 6.7580297852e+02 6.7587597656e+02 6.7595001221e+02 6.7603698730e+02 6.7608801270e+02 6.7616900635e+02 6.7627502441e+02 6.7636199951e+02 6.7645098877e+02 6.7654998779e+02 6.7664202881e+02 6.7673699951e+02 6.7682501221e+02 6.7690899658e+02
6.7302301025e+02 6.7310998535e+02 6.7318499756e+02 6.7325000000e+02 6.7332202148e+02 6.7340301514e+02 6.7349401855e+02 6.7357000732e+02 6.7365600586e+02 6.7373498535e+02 6.7381097412e+02 6.7390997314e+02 6.7399401855e+02 6.7407299805e+02 6.7416101074e+02 6.7424902344e+02 6.7434899902e+02 6.7443597412e+02 6.7451800537e+02 6.7462298584e+02 6.7472100830e+02 6.7479901123e+02 6.7488702393e+02 6.7498400879e+02 6.7506402588e+02 6.7514801025e+02 6.7522601318e+02 6.7529998779e+02 6.7538702393e+02 6.7546398926e+02 6.7554101563e+02 6.7563702393e+02 6.7572302246e+02 6.7579901123e+02 6.7588897705e+02 6.7597998047e+02 6.7602502441e+02 6.7610302734e+02 6.7619000244e+02 6.7627899170e+02 6.7637298584e+02 6.7646997070e+02 6.7656597900e+02 6.7666101074e+02 6.7674200439e+02 6.7684002686e+02
6.7292297363e+02 6.7301800537e+02 6.7309002686e+02 6.7316699219e+02 6.7325598145e+02 6.7332897949e+02 6.7341400146e+02 6.7349200439e+02 6.7358398438e+02 6.7367102051e+02 6.7374401855e+02 6.7383697510e+02 6.7391900635e+02 6.7400201416e+02 6.7409399414e+02 6.7417401123e+02 6.7426898193e+02 6.7435998535e+02 6.7444097900e+02 6.7454998779e+02 6.7464599609e+02 6.7472601318e+02 6.7481701660e+02 6.7490802002e+02 6.7499298096e+02 6.7508502197e+02 6.7515899658e+02 6.7523297119e+02 6.7532501221e+02 6.7540197754e+02 6.7547802734e+02 6.7557098389e+02 6.7565100098e+02 6.7572497559e+02 6.7581799316e+02 6.7590997314e+02 6.7597302246e+02 6.7604901123e+02 6.7612298584e+02 6.7620800781e+02 6.7629302979e+02 6.7638098145e+02 6.7647399902e+02 6.7655999756e+02 6.7663702393e+02 6.7675000000e+02
6.7282098389e+02 6.7290802002e+02 6.7298999023e+02 6.7308502197e+02 6.7317700195e+02 6.7325097656e+02 6.7332897949e+02 6.7340997314e+02 6.7348797607e+02 6.7358300781e+02 6.7366497803e+02 6.7375799561e+02 6.7383502197e+02 6.7391400146e+02 6.7400201416e+02 6.7408599854e+02 6.7418701172e+02 6.7427001953e+02 6.7436102295e+02 6.7446600342e+02 6.7455603027e+02 6.7462902832e+02 6.7473297119e+02 6.7483197021e+02 6.7491302490e+02 6.7500097656e+02 6.7507501221e+02 6.7515899658e+02 6.7525097656e+02 6.7533099365e+02 6.7540802002e+02 6.7550299072e+02 6.7558599854e+02 6.7565301514e+02 6.7574597168e+02 6.7583398438e+02 6.7591497803e+02 6.7598602295e+02 6.7605902100e+02 6.7613098145e+02 6.7620202637e+02 6.7628698730e+02 6.7637597656e+02 6.7645697021e+02 6.7655102539e+02 6.7665502930e+02
6.7274298096e+02 6.7282202148e+02 6.7290899658e+02 6.7299200439e+02 6.7308599854e+02 6.7315698242e+02 6.7323797607e+02 6.7332397461e+02 6.7339898682e+02 6.7349200439e+02 6.7357800293e+02 6.7367602539e+02 6.7376202393e+02 6.7384698486e+02 6.7393798828e+02 6.7401898193e+02 6.7410400391e+02 6.7417401123e+02 6.7427001953e+02 6.7437200928e+02 6.7446697998e+02 6.7454699707e+02 6.7464202881e+02 6.7474298096e+02 6.7483300781e+02 6.7491998291e+02 6.7499298096e+02 6.7509100342e+02 6.7518597412e+02 6.7526098633e+02 6.7533001709e+02 6.7542498779e+02 6.7551098633e+02 6.7557800293e+02 6.7566302490e+02 6.7575598145e+02 6.7583502197e+02 6.7591302490e+02 6.7600097656e+02 6.7607397461e+02 6.7613397217e+02 6.7621301270e+02 6.7628497314e+02 6.7636199951e+02 6.7645599365e+02 6.7655499268e+02
6.7265100098e+02 6.7271997070e+02 6.7282202148e+02 6.7290600586e+02 6.7299700928e+02 6.7306201172e+02 6.7314398193e+02 6.7323400879e+02 6.7331597900e+02 6.7340301514e+02 6.7348498535e+02 6.7358300781e+02 6.7367999268e+02 6.7376800537e+02 6.7385998535e+02 6.7394897461e+02 6.7403497314e+02 6.7410998535e+02 6.7420501709e+02 6.7429302979e+02 6.7437597656e+02 6.7446899414e+02 6.7455902100e+02 6.7465698242e+02 6.7474798584e+02 6.7483398438e+02 6.7492297363e+02 6.7502301025e+02 6.7510900879e+02 6.7518499756e+02 6.7525500488e+02 6.7534497070e+02 6.7543902588e+02 6.7551000977e+02 6.7558300781e+02 6.7567700195e+02 6.7575000000e+02 6.7583697510e+02 6.7593701172e+02 6.7601800537e+02 6.7608300781e+02 6.7615997314e+02 6.7621801758e+02 6.7629498291e+02 6.7637500000e+02 6.7646301270e+02
6.7256500244e+02 6.7263299561e+02 6.7273498535e+02 6.7282202148e+02 6.7290399170e+02 6.7297497559e+02 6.7305999756e+02 6.7315301514e+02 6.7324200439e+02 6.7332598877e+02 6.7340899658e+02 6.7350201416e+02 6.7359899902e+02 6.7368597412e+02 6.7377099609e+02 6.7386401367e+02 6.7396600342e+02 6.7405401611e+02 6.7414099121e+02 6.7421697998e+02 6.7429101563e+02 6.7439001465e+02 6.7448400879e+02 6.7458398438e+02 6.7467199707e+02 6.7475097656e+02 6.7484802246e+02 6.7494299316e+02 6.7503100586e+02 6.7512500000e+02 6.7520001221e+02 6.7528198242e+02 6.7537402344e+02 6.7545098877e+02 6.7552197266e+02 6.7561297607e+02 6.7567297363e+02 6.7575402832e+02 6.7585400391e+02 6.7594097900e+02 6.7602197266e+02 6.7609600830e+02 6.7614801025e+02 6.7622998047e+02 6.7630603027e+02 6.7638500977e+02
6.7248297119e+02 6.7256799316e+02 6.7265399170e+02 6.7273999023e+02 6.7281701660e+02 6.7288897705e+02 6.7297802734e+02 6.7306701660e+02 6.7315600586e+02 6.7324700928e+02 6.7333697510e+02 6.7342297363e+02 6.7351202393e+02 6.7359997559e+02 6.7369299316e+02 6.7378497314e+02 6.7389099121e+02 6.7397198486e+02 6.7406298828e+02 6.7414501953e+02 6.7420697021e+02 6.7429101563e+02 6.7438897705e+02 6.7450000000e+02 6.7459002686e+02 6.7467700195e+02 6.7477099609e+02 6.7485699463e+02 6.7495501709e+02 6.7504901123e+02 6.7512500000e+02 6.7521099854e+02 6.7530297852e+02 6.7538201904e+02 6.7545300293e+02 6.7554199219e+02 6.7561798096e+02 6.7567700195e+02 6.7577600098e+02 6.7587097168e+02 6.7594897461e+02 6.7602600098e+02 6.7609497070e+02 6.7617297363e+02 6.7623400879e+02 6.7632000732e+02
6.7240997314e+02 6.7249798584e+02 6.7257202148e+02 6.7265802002e+02 6.7273400879e+02 6.7280297852e+02 6.7289501953e+02 6.7298101807e+02 6.7307098389e+02 6.7316101074e+02 6.7325097656e+02 6.7334399414e+02 6.7343597412e+02 6.7352197266e+02 6.7361297607e+02 6.7370397949e+02 6.7380999756e+02 6.7388098145e+02 6.7397302246e+02 6.7406799316e+02 6.7414599609e+02 6.7422601318e+02 6.7431500244e+02 6.7441101074e+02 6.7449499512e+02 6.7460797119e+02 6.7470599365e+02 6.7479199219e+02 6.7487200928e+02 6.7496801758e+02 6.7505200195e+02 6.7514099121e+02 6.7522497559e+02 6.7529400635e+02 6.7536700439e+02 6.7545800781e+02 6.7554498291e+02 6.7561401367e+02 6.7570800781e+02 6.7580102539e+02 6.7586901855e+02 6.7594097900e+02 6.7602899170e+02 6.7611297607e+02 6.7616802979e+02 6.7624902344e+02
6.7233697510e+02 6.7241101074e+02 6.7247998047e+02 6.7256500244e+02 6.7265502930e+02 6.7273901367e+02 6.7282397461e+02 6.7290002441e+02 6.7299102783e+02 6.7308300781e+02 6.7317901611e+02 6.7328002930e+02 6.7336602783e+02 6.7345098877e+02 6.7353497314e+02 6.7363000488e+02 6.7373297119e+02 6.7380499268e+02 6.7389697266e+02 6.7398797607e+02 6.7407098389e+02 6.7415197754e+02 6.7423999023e+02 6.7432202148e+02 6.7441198730e+02 6.7452398682e+02 6.7461602783e+02 6.7471099854e+02 6.7478698730e+02 6.7489099121e+02 6.7497900391e+02 6.7506402588e+02 6.7514697266e+02 6.7522100830e+02 6.7530102539e+02 6.7539501953e+02 6.7547399902e+02 6.7554797363e+02 6.7563299561e+02 6.7571899414e+02 6.7578497314e+02 6.7586102295e+02 6.7595001221e+02 6.7603302002e+02 6.7610302734e+02 6.7618402100e+02
6.7226898193e+02 6.7232598877e+02 6.7239398193e+02 6.7248101807e+02 6.7257598877e+02 6.7266900635e+02 6.7275000000e+02 6.7282598877e+02 6.7291198730e+02 6.7299499512e+02 6.7309600830e+02 6.7320001221e+02 6.7327801514e+02 6.7336199951e+02 6.7344897461e+02 6.7354797363e+02 6.7363800049e+02 6.7370898438e+02 6.7381201172e+02 6.7390502930e+02 6.7398602295e+02 6.7407702637e+02 6.7416802979e+02 6.7424700928e+02 6.7434899902e+02 6.7444799805e+02 6.7453198242e+02 6.7462500000e+02 6.7470098877e+02 6.7480999756e+02 6.7489898682e+02 6.7498199463e+02 6.7506701660e+02 6.7514300537e+02 6.7522802734e+02 6.7532598877e+02 6.7540197754e+02 6.7547698975e+02 6.7555700684e+02 6.7564398193e+02 6.7571997070e+02 6.7580102539e+02 6.7587097168e+02 6.7594000244e+02 6.7602697754e+02 6.7612402344e+02
6.7217797852e+02 6.7224700928e+02 6.7232397461e+02 6.7241400146e+02 6.7249499512e+02 6.7258801270e+02 6.7267498779e+02 6.7276000977e+02 6.7284497070e+02 6.7291497803e+02 6.7300598145e+02 6.7310498047e+02 6.7319299316e+02 6.7327697754e+02 6.7336999512e+02 6.7346697998e+02 6.7355499268e+02 6.7363098145e+02 6.7372802734e+02 6.7382202148e+02 6.7390802002e+02 6.7400598145e+02 6.7409497070e+02 6.7417199707e+02 6.7426800537e+02 6.7436901855e+02 6.7445898438e+02 6.7454302979e+02 6.7461901855e+02 6.7472601318e+02 6.7482000732e+02 6.7490301514e+02 6.7499401855e+02 6.7507501221e+02 6.7515502930e+02 6.7524597168e+02 6.7532000732e+02 6.7540698242e+02 6.7549102783e+02 6.7556799316e+02 6.7563897705e+02 6.7572399902e+02 6.7578997803e+02 6.7586199951e+02 6.7595001221e+02 6.7603802490e+02
6.7209100342e+02 6.7216998291e+02 6.7225598145e+02 6.7235498047e+02 6.7243402100e+02 6.7250500488e+02 6.7259301758e+02 6.7269000244e+02 6.7277001953e+02 6.7284301758e+02 6.7292999268e+02 6.7301898193e+02 6.7310601807e+02 6.7320800781e+02 6.7330200195e+02 6.7338500977e+02 6.7347998047e+02 6.7356402588e+02 6.7365600586e+02 6.7375799561e+02 6.7384698486e+02 6.7393298340e+02 6.7401599121e+02 6.7410302734e+02 6.7419598389e+02 6.7428997803e+02 6.7436700439e+02 6.7446398926e+02 6.7456097412e+02 6.7465301514e+02 6.7474298096e+02 6.7482598877e+02 6.7491601563e+02 6.7498797607e+02 6.7507397461e+02 6.7516900635e+02 6.7523699951e+02 6.7532397461e+02 6.7540698242e+02 6.7548101807e+02 6.7555999756e+02 6.7564801025e+02 6.7572100830e+02 6.7579998779e+02 6.7587597656e+02 6.7596099854e+02
6.7200897217e+02 6.7209997559e+02 6.7218200684e+02 6.7227600098e+02 6.7236602783e+02 6.7243402100e+02 6.7251898193e+02 6.7261499023e+02 6.7269097900e+02 6.7277502441e+02 6.7286499023e+02 6.7295697021e+02 6.7303497314e+02 6.7313897705e+02 6.7322900391e+02 6.7330499268e+02 6.7340100098e+02 6.7348101807e+02 6.7358001709e+02 6.7368701172e+02 6.7377301025e+02 6.7384698486e+02 6.7393103027e+02 6.7403802490e+02 6.7413299561e+02 6.7422198486e+02 6.7429998779e+02 6.7439898682e+02 6.7449401855e+02 6.7457598877e+02 6.7465997314e+02 6.7475500488e+02 6.7483898926e+02 6.7490600586e+02 6.7499798584e+02 6.7509802246e+02 6.7516198730e+02 6.7524401855e+02 6.7533099365e+02 6.7540899658e+02 6.7548999023e+02 6.7556799316e+02 6.7564398193e+02 6.7572601318e+02 6.7580603027e+02 6.7589001465e+02
6.7193597412e+02 6.7202398682e+02 6.7210302734e+02 6.7219396973e+02 6.7229199219e+02 6.7236798096e+02 6.7246002197e+02 6.7255401611e+02 6.7262097168e+02 6.7271002197e+02 6.7280401611e+02 6.7290002441e+02 6.7296801758e+02 6.7305700684e+02 6.7314001465e+02 6.7323101807e+02 6.7333502197e+02 6.7339898682e+02 6.7350201416e+02 6.7361401367e+02 6.7369598389e+02 6.7377899170e+02 6.7386499023e+02 6.7397100830e+02 6.7406402588e+02 6.7414398193e+02 6.7423199463e+02 6.7432397461e+02 6.7440997314e+02 6.7449499512e+02 6.7457397461e+02 6.7467297363e+02 6.7475402832e+02 6.7483099365e+02 6.7492700195e+02 6.7502600098e+02 6.7509600830e+02 6.7517401123e+02 6.7525500488e+02 6.7533300781e+02 6.7541900635e+02 6.7549401855e+02 6.7557397461e+02 6.7565698242e+02 6.7572900391e+02 6.7581402588e+02
