TESTSERVER/18/7.asc
NCOLS 100
NROWS 100
XLLCORNER 8.3997500000e+03
YLLCORNER 2.8960025000e+05
CELLSIZE 5.0000000000e-01
NODATA_VALUE -9.9990000000e+03
[rows 0 to 19 of 100, columns 0 to 45 of 100]
6.7185400391e+02 6.7195001221e+02 6.7203802490e+02 6.7212799072e+02 6.7221197510e+02 6.7229602051e+02 6.7240197754e+02 6.7249200439e+02 6.7255798340e+02 6.7264300537e+02 6.7273999023e+02 6.7282501221e+02 6.7289501953e+02 6.7298602295e+02 6.7306402588e+02 6.7315997314e+02 6.7325402832e+02 6.7332598877e+02 6.7341601563e+02 6.7352502441e+02 6.7361297607e+02 6.7369799805e+02 6.7380401611e+02 6.7389501953e+02 6.7397302246e+02 6.7405999756e+02 6.7415600586e+02 6.7424700928e+02 6.7432702637e+02 6.7441497803e+02 6.7449902344e+02 6.7459100342e+02 6.7466497803e+02 6.7476300049e+02 6.7485601807e+02 6.7494702148e+02 6.7503399658e+02 6.7511700439e+02 6.7518798828e+02 6.7526898193e+02 6.7533898926e+02 6.7542700195e+02 6.7551300049e+02 6.7559698486e+02 6.7565997314e+02 6.7574499512e+02
6.7175598145e+02 6.7185900879e+02 6.7195697021e+02 6.7205499268e+02 6.7213897705e+02 6.7223101807e+02 6.7232397461e+02 6.7240502930e+02 6.7248797607e+02 6.7257098389e+02 6.7265997314e+02 6.7273498535e+02 6.7283099365e+02 6.7291900635e+02 6.7299902344e+02 6.7309197998e+02 6.7317102051e+02 6.7325299072e+02 6.7334002686e+02 6.7344500732e+02 6.7353002930e+02 6.7361199951e+02 6.7372802734e+02 6.7382299805e+02 6.7388702393e+02 6.7398101807e+02 6.7408197021e+02 6.7417797852e+02 6.7425402832e+02 6.7433697510e+02 6.7442602539e+02 6.7451202393e+02 6.7458801270e+02 6.7468597412e+02 6.7478302002e+02 6.7485998535e+02 6.7494396973e+02 6.7503002930e+02 6.7511102295e+02 6.7520202637e+02 6.7527197266e+02 6.7535998535e+02 6.7543499756e+02 6.7550701904e+02 6.7558898926e+02 6.7567297363e+02
6.7164099121e+02 6.7175201416e+02 6.7185900879e+02 6.7196197510e+02 6.7205603027e+02 6.7215600586e+02 6.7224102783e+02 6.7232202148e+02 6.7241101074e+02 6.7250201416e+02 6.7259399414e+02 6.7267797852e+02 6.7277502441e+02 6.7284301758e+02 6.7292602539e+02 6.7302197266e+02 6.7310699463e+02 6.7320001221e+02 6.7328601074e+02 6.7337701416e+02 6.7345599365e+02 6.7354901123e+02 6.7364501953e+02 6.7374499512e+02 6.7381701660e+02 6.7391302490e+02 6.7400598145e+02 6.7409802246e+02 6.7417700195e+02 6.7426898193e+02 6.7436499023e+02 6.7444799805e+02 6.7451702881e+02 6.7460998535e+02 6.7469598389e+02 6.7476898193e+02 6.7485998535e+02 6.7494598389e+02 6.7503900146e+02 6.7512902832e+02 6.7520300293e+02 6.7528900146e+02 6.7536102295e+02 6.7543798828e+02 6.7551300049e+02 6.7558801270e+02
6.7150402832e+02 6.7162701416e+02 6.7174499512e+02 6.7185601807e+02 6.7196301270e+02 6.7207000732e+02 6.7215698242e+02 6.7224499512e+02 6.7233197021e+02 6.7242700195e+02 6.7252697754e+02 6.7262701416e+02 6.7271502686e+02 6.7277398682e+02 6.7285302734e+02 6.7294598389e+02 6.7304498291e+02 6.7314398193e+02 6.7322601318e+02 6.7330401611e+02 6.7338098145e+02 6.7348101807e+02 6.7355297852e+02 6.7365899658e+02 6.7375799561e+02 6.7384301758e+02 6.7392199707e+02 6.7401898193e+02 6.7410198975e+02 6.7419897461e+02 6.7429101563e+02 6.7438000488e+02 6.7444897461e+02 6.7454699707e+02 6.7462097168e+02 6.7468701172e+02 6.7477301025e+02 6.7486700439e+02 6.7496301270e+02 6.7505102539e+02 6.7511901855e+02 6.7519897461e+02 6.7528900146e+02 6.7538702393e+02 6.7544702148e+02 6.7552398682e+02
6.7138000488e+02 6.7150701904e+02 6.7162799072e+02 6.7174798584e+02 6.7188299561e+02 6.7199102783e+02 6.7209301758e+02 6.7219396973e+02 6.7228002930e+02 6.7236102295e+02 6.7245501709e+02 6.7256701660e+02 6.7265698242e+02 6.7272302246e+02 6.7278302002e+02 6.7286199951e+02 6.7297998047e+02 6.7307000732e+02 6.7315997314e+02 6.7324200439e+02 6.7332098389e+02 6.7341699219e+02 6.7349499512e+02 6.7359301758e+02 6.7368298340e+02 6.7376898193e+02 6.7385498047e+02 6.7394799805e+02 6.7402001953e+02 6.7411700439e+02 6.7419702148e+02 6.7429498291e+02 6.7438098145e+02 6.7447399902e+02 6.7456201172e+02 6.7462902832e+02 6.7468103027e+02 6.7477899170e+02 6.7488201904e+02 6.7496801758e+02 6.7503399658e+02 6.7512298584e+02 6.7521197510e+02 6.7529797363e+02 6.7537200928e+02 6.7545300293e+02
6.7125201416e+02 6.7137902832e+02 6.7149499512e+02 6.7162902832e+02 6.7178601074e+02 6.7189501953e+02 6.7200402832e+02 6.7211102295e+02 6.7220001221e+02 6.7230297852e+02 6.7238500977e+02 6.7248101807e+02 6.7257098389e+02 6.7265600586e+02 6.7272998047e+02 6.7280401611e+02 6.7290197754e+02 6.7300000000e+02 6.7308697510e+02 6.7317700195e+02 6.7325701904e+02 6.7335900879e+02 6.7343902588e+02 6.7351898193e+02 6.7361401367e+02 6.7370800781e+02 6.7379498291e+02 6.7388098145e+02 6.7396398926e+02 6.7403900146e+02 6.7410998535e+02 6.7421197510e+02 6.7430200195e+02 6.7439202881e+02 6.7448400879e+02 6.7455401611e+02 6.7462402344e+02 6.7470898438e+02 6.7479998779e+02 6.7488500977e+02 6.7496697998e+02 6.7504998779e+02 6.7512799072e+02 6.7520001221e+02 6.7527301025e+02 6.7537500000e+02
6.7112799072e+02 6.7124499512e+02 6.7136798096e+02 6.7151599121e+02 6.7166198730e+02 6.7178698730e+02 6.7191400146e+02 6.7202697754e+02 6.7212902832e+02 6.7223901367e+02 6.7232397461e+02 6.7241302490e+02 6.7250402832e+02 6.7257702637e+02 6.7266699219e+02 6.7275598145e+02 6.7283099365e+02 6.7292199707e+02 6.7301397705e+02 6.7311401367e+02 6.7319000244e+02 6.7329699707e+02 6.7337402344e+02 6.7344799805e+02 6.7355200195e+02 6.7364398193e+02 6.7372497559e+02 6.7380700684e+02 6.7389300537e+02 6.7396099854e+02 6.7404101563e+02 6.7413201904e+02 6.7421301270e+02 6.7429998779e+02 6.7439001465e+02 6.7446899414e+02 6.7455902100e+02 6.7463299561e+02 6.7471600342e+02 6.7479998779e+02 6.7489599609e+02 6.7497601318e+02 6.7504901123e+02 6.7511901855e+02 6.7520300293e+02 6.7530798340e+02
6.7097698975e+02 6.7110601807e+02 6.7126202393e+02 6.7141998291e+02 6.7153198242e+02 6.7166699219e+02 6.7181701660e+02 6.7194201660e+02 6.7204699707e+02 6.7216699219e+02 6.7226098633e+02 6.7234997559e+02 6.7245001221e+02 6.7251599121e+02 6.7259802246e+02 6.7270001221e+02 6.7277697754e+02 6.7285900879e+02 6.7295001221e+02 6.7304699707e+02 6.7312298584e+02 6.7322497559e+02 6.7329602051e+02 6.7337097168e+02 6.7347698975e+02 6.7356701660e+02 6.7364801025e+02 6.7373797607e+02 6.7381500244e+02 6.7388201904e+02 6.7397399902e+02 6.7406597900e+02 6.7414801025e+02 6.7422900391e+02 6.7430603027e+02 6.7438598633e+02 6.7447900391e+02 6.7454498291e+02 6.7463201904e+02 6.7471801758e+02 6.7480499268e+02 6.7488800049e+02 6.7497900391e+02 6.7506097412e+02 6.7514001465e+02 6.7523400879e+02
6.7082598877e+02 6.7095697021e+02 6.7113098145e+02 6.7130200195e+02 6.7143298340e+02 6.7156201172e+02 6.7170697021e+02 6.7183001709e+02 6.7194396973e+02 6.7207598877e+02 6.7218701172e+02 6.7227197266e+02 6.7237298584e+02 6.7245501709e+02 6.7252502441e+02 6.7262597656e+02 6.7272601318e+02 6.7280499268e+02 6.7289202881e+02 6.7297601318e+02 6.7304901123e+02 6.7314398193e+02 6.7322601318e+02 6.7330700684e+02 6.7340502930e+02 6.7349102783e+02 6.7358001709e+02 6.7367199707e+02 6.7373797607e+02 6.7381799316e+02 6.7390301514e+02 6.7399700928e+02 6.7407702637e+02 6.7415802002e+02 6.7423199463e+02 6.7431402588e+02 6.7440002441e+02 6.7447198486e+02 6.7456500244e+02 6.7465502930e+02 6.7473797607e+02 6.7481799316e+02 6.7490802002e+02 6.7498699951e+02 6.7505902100e+02 6.7515698242e+02
6.7066699219e+02 6.7081298828e+02 6.7099102783e+02 6.7115301514e+02 6.7128100586e+02 6.7142498779e+02 6.7158197021e+02 6.7170898438e+02 6.7183099365e+02 6.7197998047e+02 6.7210498047e+02 6.7220697021e+02 6.7229699707e+02 6.7239501953e+02 6.7247698975e+02 6.7256896973e+02 6.7266101074e+02 6.7275201416e+02 6.7285198975e+02 6.7292901611e+02 6.7298297119e+02 6.7306799316e+02 6.7315698242e+02 6.7323797607e+02 6.7333300781e+02 6.7342297363e+02 6.7351800537e+02 6.7359899902e+02 6.7364801025e+02 6.7375097656e+02 6.7384301758e+02 6.7393200684e+02 6.7400097656e+02 6.7408502197e+02 6.7416699219e+02 6.7425500488e+02 6.7433398438e+02 6.7440997314e+02 6.7450402832e+02 6.7459399414e+02 6.7467297363e+02 6.7474298096e+02 6.7482202148e+02 6.7490301514e+02 6.7498101807e+02 6.7507098389e+02
6.7052801514e+02 6.7069000244e+02 6.7085797119e+02 6.7100799561e+02 6.7115399170e+02 6.7130499268e+02 6.7146899414e+02 6.7160198975e+02 6.7172802734e+02 6.7186102295e+02 6.7198797607e+02 6.7211999512e+02 6.7222302246e+02 6.7233398438e+02 6.7242797852e+02 6.7251300049e+02 6.7259698486e+02 6.7268701172e+02 6.7278399658e+02 6.7287097168e+02 6.7293200684e+02 6.7300701904e+02 6.7309600830e+02 6.7318298340e+02 6.7327398682e+02 6.7335699463e+02 6.7344201660e+02 6.7352398682e+02 6.7358197021e+02 6.7367901611e+02 6.7377398682e+02 6.7385400391e+02 6.7393103027e+02 6.7401898193e+02 6.7410302734e+02 6.7418200684e+02 6.7425598145e+02 6.7433197021e+02 6.7442797852e+02 6.7451300049e+02 6.7459600830e+02 6.7467297363e+02 6.7475500488e+02 6.7483197021e+02 6.7490997314e+02 6.7499700928e+02
6.7040197754e+02 6.7055999756e+02 6.7071899414e+02 6.7087200928e+02 6.7103997803e+02 6.7118200684e+02 6.7133898926e+02 6.7148699951e+02 6.7163800049e+02 6.7174902344e+02 6.7187597656e+02 6.7202197266e+02 6.7213702393e+02 6.7225000000e+02 6.7235400391e+02 6.7244000244e+02 6.7252801514e+02 6.7262500000e+02 6.7271301270e+02 6.7280798340e+02 6.7288800049e+02 6.7296502686e+02 6.7304602051e+02 6.7313000488e+02 6.7321801758e+02 6.7329199219e+02 6.7336999512e+02 6.7345898438e+02 6.7353497314e+02 6.7362402344e+02 6.7371197510e+02 6.7378698730e+02 6.7386602783e+02 6.7394097900e+02 6.7403002930e+02 6.7410998535e+02 6.7418103027e+02 6.7426000977e+02 6.7435400391e+02 6.7442797852e+02 6.7450500488e+02 6.7458898926e+02 6.7467797852e+02 6.7475299072e+02 6.7482800293e+02 6.7491802979e+02
6.7027697754e+02 6.7041601563e+02 6.7057299805e+02 6.7073199463e+02 6.7089501953e+02 6.7103497314e+02 6.7119799805e+02 6.7136700439e+02 6.7152301025e+02 6.7164599609e+02 6.7178002930e+02 6.7192297363e+02 6.7206402588e+02 6.7216802979e+02 6.7227899170e+02 6.7237200928e+02 6.7246502686e+02 6.7256701660e+02 6.7265899658e+02 6.7274902344e+02 6.7283599854e+02 6.7292700195e+02 6.7300201416e+02 6.7308001709e+02 6.7314300537e+02 6.7323400879e+02 6.7331500244e+02 6.7340100098e+02 6.7347399902e+02 6.7355603027e+02 6.7364001465e+02 6.7373101807e+02 6.7381298828e+02 6.7387500000e+02 6.7395501709e+02 6.7403198242e+02 6.7410900879e+02 6.7419396973e+02 6.7428302002e+02 6.7436401367e+02 6.7443200684e+02 6.7450097656e+02 6.7459100342e+02 6.7466198730e+02 6.7473400879e+02 6.7484197998e+02
6.7014202881e+02 6.7028002930e+02 6.7042498779e+02 6.7059399414e+02 6.7075598145e+02 6.7090802002e+02 6.7107397461e+02 6.7124102783e+02 6.7138098145e+02 6.7153497314e+02 6.7167297363e+02 6.7181799316e+02 6.7196502686e+02 6.7208300781e+02 6.7219201660e+02 6.7229699707e+02 6.7240997314e+02 6.7250402832e+02 6.7259698486e+02 6.7268597412e+02 6.7277301025e+02 6.7285797119e+02 6.7293798828e+02 6.7302600098e+02 6.7309399414e+02 6.7317901611e+02 6.7325500488e+02 6.7334301758e+02 6.7342401123e+02 6.7348797607e+02 6.7356402588e+02 6.7365002441e+02 6.7372900391e+02 6.7380603027e+02 6.7389398193e+02 6.7396301270e+02 6.7404302979e+02 6.7411798096e+02 6.7420202637e+02 6.7428601074e+02 6.7435101318e+02 6.7442797852e+02 6.7451898193e+02 6.7458898926e+02 6.7465997314e+02 6.7474798584e+02
6.6999597168e+02 6.7014001465e+02 6.7028802490e+02 6.7046002197e+02 6.7062597656e+02 6.7078900146e+02 6.7094500732e+02 6.7110498047e+02 6.7124401855e+02 6.7140899658e+02 6.7155499268e+02 6.7170697021e+02 6.7184802246e+02 6.7196502686e+02 6.7208502197e+02 6.7221697998e+02 6.7235302734e+02 6.7245397949e+02 6.7254302979e+02 6.7263201904e+02 6.7271600342e+02 6.7279498291e+02 6.7288702393e+02 6.7297601318e+02 6.7304998779e+02 6.7312500000e+02 6.7319598389e+02 6.7329199219e+02 6.7337298584e+02 6.7344201660e+02 6.7351000977e+02 6.7357702637e+02 6.7365399170e+02 6.7374102783e+02 6.7382702637e+02 6.7389599609e+02 6.7397198486e+02 6.7404699707e+02 6.7413000488e+02 6.7421099854e+02 6.7427197266e+02 6.7435699463e+02 6.7445202637e+02 6.7452197266e+02 6.7458300781e+02 6.7467199707e+02
6.6983898926e+02 6.7000299072e+02 6.7015002441e+02 6.7032098389e+02 6.7049200439e+02 6.7064001465e+02 6.7079901123e+02 6.7096600342e+02 6.7111999512e+02 6.7128997803e+02 6.7145501709e+02 6.7161199951e+02 6.7173498535e+02 6.7184802246e+02 6.7197802734e+02 6.7212799072e+02 6.7227197266e+02 6.7238500977e+02 6.7247497559e+02 6.7256597900e+02 6.7265100098e+02 6.7273199463e+02 6.7283599854e+02 6.7291802979e+02 6.7299200439e+02 6.7307501221e+02 6.7315197754e+02 6.7323699951e+02 6.7330603027e+02 6.7339099121e+02 6.7345599365e+02 6.7351397705e+02 6.7359399414e+02 6.7367797852e+02 6.7375402832e+02 6.7382598877e+02 6.7390502930e+02 6.7398602295e+02 6.7405798340e+02 6.7413000488e+02 6.7419897461e+02 6.7428399658e+02 6.7437500000e+02 6.7444799805e+02 6.7451599121e+02 6.7460699463e+02
6.6970599365e+02 6.6985601807e+02 6.6999499512e+02 6.7016497803e+02 6.7034899902e+02 6.7050402832e+02 6.7067797852e+02 6.7084997559e+02 6.7099700928e+02 6.7116198730e+02 6.7133300781e+02 6.7149102783e+02 6.7163098145e+02 6.7175097656e+02 6.7188299561e+02 6.7202099609e+02 6.7215197754e+02 6.7228698730e+02 6.7239398193e+02 6.7249700928e+02 6.7258801270e+02 6.7267199707e+02 6.7276300049e+02 6.7284802246e+02 6.7292700195e+02 6.7300598145e+02 6.7309497070e+02 6.7317199707e+02 6.7323797607e+02 6.7333300781e+02 6.7339398193e+02 6.7345898438e+02 6.7353900146e+02 6.7361700439e+02 6.7369000244e+02 6.7377099609e+02 6.7385498047e+02 6.7392102051e+02 6.7398400879e+02 6.7405603027e+02 6.7414398193e+02 6.7421099854e+02 6.7428997803e+02 6.7436798096e+02 6.7446197510e+02 6.7454602051e+02
6.6955297852e+02 6.6971197510e+02 6.6986798096e+02 6.7003002930e+02 6.7018701172e+02 6.7035797119e+02 6.7054400635e+02 6.7071600342e+02 6.7086499023e+02 6.7104199219e+02 6.7120697021e+02 6.7135797119e+02 6.7150799561e+02 6.7165002441e+02 6.7178900146e+02 6.7193200684e+02 6.7207098389e+02 6.7219097900e+02 6.7230700684e+02 6.7242700195e+02 6.7252600098e+02 6.7260302734e+02 6.7269799805e+02 6.7278997803e+02 6.7285998535e+02 6.7294500732e+02 6.7303399658e+02 6.7311401367e+02 6.7318597412e+02 6.7327600098e+02 6.7333502197e+02 6.7341198730e+02 6.7348901367e+02 6.7357299805e+02 6.7363800049e+02 6.7370599365e+02 6.7377398682e+02 6.7384100342e+02 6.7391497803e+02 6.7399102783e+02 6.7407098389e+02 6.7415399170e+02 6.7423297119e+02 6.7429901123e+02 6.7436901855e+02 6.7446697998e+02
6.6942401123e+02 6.6959100342e+02 6.6974401855e+02 6.6989099121e+02 6.7003399658e+02 6.7021002197e+02 6.7039398193e+02 6.7056896973e+02 6.7072698975e+02 6.7090997314e+02 6.7108697510e+02 6.7123297119e+02 6.7138598633e+02 6.7153900146e+02 6.7168200684e+02 6.7182897949e+02 6.7197100830e+02 6.7208898926e+02 6.7221801758e+02 6.7234600830e+02 6.7245800781e+02 6.7253997803e+02 6.7263000488e+02 6.7271899414e+02 6.7279498291e+02 6.7289099121e+02 6.7297497559e+02 6.7305798340e+02 6.7313299561e+02 6.7320898438e+02 6.7327001953e+02 6.7334899902e+02 6.7342297363e+02 6.7350000000e+02 6.7357598877e+02 6.7364398193e+02 6.7371502686e+02 6.7378198242e+02 6.7385699463e+02 6.7393200684e+02 6.7400897217e+02 6.7408898926e+02 6.7416400146e+02 6.7422698975e+02 6.7429101563e+02 6.7438702393e+02
6.6930902100e+02 6.6946502686e+02 6.6960601807e+02 6.6975598145e+02 6.6990600586e+02 6.7006896973e+02 6.7024401855e+02 6.7042401123e+02 6.7059600830e+02 6.7078100586e+02 6.7095697021e+02 6.7111102295e+02 6.7127801514e+02 6.7142797852e+02 6.7157800293e+02 6.7172399902e+02 6.7185498047e+02 6.7198400879e+02 6.7211999512e+02 6.7224499512e+02 6.7236499023e+02 6.7247198486e+02 6.7256402588e+02 6.7265100098e+02 6.7273901367e+02 6.7283502197e+02 6.7291601563e+02 6.7300402832e+02 6.7307897949e+02 6.7315197754e+02 6.7322302246e+02 6.7329797363e+02 6.7335998535e+02 6.7342797852e+02 6.7350598145e+02 6.7358599854e+02 6.7365600586e+02 6.7372698975e+02 6.7380200195e+02 6.7387402344e+02 6.7394598389e+02 6.7401501465e+02 6.7408197021e+02 6.7415399170e+02 6.7422900391e+02 6.7430603027e+02
