TESTSERVER/18/7.asc
NCOLS 100
NROWS 100
XLLCORNER 8.3997500000e+03
YLLCORNER 2.8960025000e+05
CELLSIZE 5.0000000000e-01
NODATA_VALUE -9.9990000000e+03
[rows 40 to 59 of 100, columns 46 to 91 of 100]
6.7289300537e+02 6.7298797607e+02 6.7307098389e+02 6.7315100098e+02 6.7320202637e+02 6.7325000000e+02 6.7332501221e+02 6.7339501953e+02 6.7346197510e+02 6.7350500488e+02 6.7354901123e+02 6.7362799072e+02 6.7368298340e+02 6.7371502686e+02 6.7376898193e+02 6.7382702637e+02 6.7387701416e+02 6.7393499756e+02 6.7400799561e+02 6.7407397461e+02 6.7414001465e+02 6.7420501709e+02 6.7427099609e+02 6.7435900879e+02 6.7442297363e+02 6.7447100830e+02 6.7453997803e+02 6.7461199951e+02 6.7469702148e+02 6.7476501465e+02 6.7485797119e+02 6.7489001465e+02 6.7499597168e+02 6.7507000732e+02 6.7517498779e+02 6.7524798584e+02 6.7532598877e+02 6.7541900635e+02 6.7551599121e+02 6.7562799072e+02 6.7572601318e+02 6.7582098389e+02 6.7589398193e+02 6.7601800537e+02 6.7613000488e+02 6.7622497559e+02
6.7278497314e+02 6.7288598633e+02 6.7297698975e+02 6.7306500244e+02 6.7312597656e+02 6.7317297363e+02 6.7324200439e+02 6.7330999756e+02 6.7336999512e+02 6.7341601563e+02 6.7348101807e+02 6.7354602051e+02 6.7361602783e+02 6.7365600586e+02 6.7370300293e+02 6.7376501465e+02 6.7380999756e+02 6.7384997559e+02 6.7393902588e+02 6.7399597168e+02 6.7407501221e+02 6.7414099121e+02 6.7419799805e+02 6.7427197266e+02 6.7433502197e+02 6.7439697266e+02 6.7446197510e+02 6.7451098633e+02 6.7460601807e+02 6.7469201660e+02 6.7478198242e+02 6.7479901123e+02 6.7489599609e+02 6.7496002197e+02 6.7507598877e+02 6.7514801025e+02 6.7524200439e+02 6.7533197021e+02 6.7541400146e+02 6.7552301025e+02 6.7562200928e+02 6.7574401855e+02 6.7581896973e+02 6.7594299316e+02 6.7606402588e+02 6.7613397217e+02
6.7267498779e+02 6.7277502441e+02 6.7286999512e+02 6.7295300293e+02 6.7303698730e+02 6.7309698486e+02 6.7316198730e+02 6.7323901367e+02 6.7329797363e+02 6.7334197998e+02 6.7341802979e+02 6.7347198486e+02 6.7354498291e+02 6.7359197998e+02 6.7363598633e+02 6.7368798828e+02 6.7373901367e+02 6.7378802490e+02 6.7387701416e+02 6.7391497803e+02 6.7398498535e+02 6.7405102539e+02 6.7412402344e+02 6.7418402100e+02 6.7424499512e+02 6.7432000732e+02 6.7438702393e+02 6.7443402100e+02 6.7452301025e+02 6.7460900879e+02 6.7468597412e+02 6.7471002197e+02 6.7480499268e+02 6.7486401367e+02 6.7498199463e+02 6.7505499268e+02 6.7515899658e+02 6.7525799561e+02 6.7534100342e+02 6.7543902588e+02 6.7552600098e+02 6.7564202881e+02 6.7572601318e+02 6.7583801270e+02 6.7595898438e+02 6.7604901123e+02
6.7253900146e+02 6.7263897705e+02 6.7275000000e+02 6.7282800293e+02 6.7292901611e+02 6.7301300049e+02 6.7309002686e+02 6.7316302490e+02 6.7322198486e+02 6.7326599121e+02 6.7333898926e+02 6.7339398193e+02 6.7346301270e+02 6.7352001953e+02 6.7356896973e+02 6.7360900879e+02 6.7366601563e+02 6.7372900391e+02 6.7380603027e+02 6.7384100342e+02 6.7390502930e+02 6.7396002197e+02 6.7403900146e+02 6.7409899902e+02 6.7416302490e+02 6.7423602295e+02 6.7429797363e+02 6.7435101318e+02 6.7443200684e+02 6.7451000977e+02 6.7458502197e+02 6.7463201904e+02 6.7472900391e+02 6.7477697754e+02 6.7487402344e+02 6.7495001221e+02 6.7505200195e+02 6.7515301514e+02 6.7525299072e+02 6.7535998535e+02 6.7545098877e+02 6.7554797363e+02 6.7563897705e+02 6.7573901367e+02 6.7584399414e+02 6.7595300293e+02
6.7239697266e+02 6.7250598145e+02 6.7261999512e+02 6.7270001221e+02 6.7280902100e+02 6.7290899658e+02 6.7299298096e+02 6.7306201172e+02 6.7312402344e+02 6.7317999268e+02 6.7328399658e+02 6.7332897949e+02 6.7340002441e+02 6.7344396973e+02 6.7350299072e+02 6.7354699707e+02 6.7360699463e+02 6.7366699219e+02 6.7371697998e+02 6.7376898193e+02 6.7383898926e+02 6.7389300537e+02 6.7395098877e+02 6.7402301025e+02 6.7408502197e+02 6.7415698242e+02 6.7423400879e+02 6.7428900146e+02 6.7435400391e+02 6.7441302490e+02 6.7450701904e+02 6.7456097412e+02 6.7463800049e+02 6.7468200684e+02 6.7477301025e+02 6.7485400391e+02 6.7494702148e+02 6.7504101563e+02 6.7515899658e+02 6.7525701904e+02 6.7537298584e+02 6.7546197510e+02 6.7555902100e+02 6.7565899658e+02 6.7575598145e+02 6.7584899902e+02
6.7228601074e+02 6.7238598633e+02 6.7247802734e+02 6.7256701660e+02 6.7268298340e+02 6.7278399658e+02 6.7286798096e+02 6.7296099854e+02 6.7304302979e+02 6.7311199951e+02 6.7320098877e+02 6.7325201416e+02 6.7333099365e+02 6.7335498047e+02 6.7343200684e+02 6.7348602295e+02 6.7354302979e+02 6.7360198975e+02 6.7366101074e+02 6.7370397949e+02 6.7376202393e+02 6.7383001709e+02 6.7388800049e+02 6.7394299316e+02 6.7400000000e+02 6.7407598877e+02 6.7416101074e+02 6.7420697021e+02 6.7427197266e+02 6.7432598877e+02 6.7442199707e+02 6.7447198486e+02 6.7455999756e+02 6.7460601807e+02 6.7470501709e+02 6.7476501465e+02 6.7486199951e+02 6.7495697021e+02 6.7505603027e+02 6.7515997314e+02 6.7526300049e+02 6.7534600830e+02 6.7545898438e+02 6.7557202148e+02 6.7566400146e+02 6.7574401855e+02
6.7215301514e+02 6.7224597168e+02 6.7234100342e+02 6.7243902588e+02 6.7256097412e+02 6.7266998291e+02 6.7275201416e+02 6.7284997559e+02 6.7294201660e+02 6.7302899170e+02 6.7310198975e+02 6.7315802002e+02 6.7324200439e+02 6.7326702881e+02 6.7334698486e+02 6.7340997314e+02 6.7346002197e+02 6.7351098633e+02 6.7359197998e+02 6.7364300537e+02 6.7369598389e+02 6.7375897217e+02 6.7381201172e+02 6.7387799072e+02 6.7392797852e+02 6.7400097656e+02 6.7407598877e+02 6.7411602783e+02 6.7417999268e+02 6.7423297119e+02 6.7431701660e+02 6.7437402344e+02 6.7446801758e+02 6.7451800537e+02 6.7461999512e+02 6.7468103027e+02 6.7478100586e+02 6.7486798096e+02 6.7495898438e+02 6.7507501221e+02 6.7516699219e+02 6.7525201416e+02 6.7536401367e+02 6.7547497559e+02 6.7556500244e+02 6.7565997314e+02
6.7201599121e+02 6.7210998535e+02 6.7220697021e+02 6.7230700684e+02 6.7243298340e+02 6.7254602051e+02 6.7263299561e+02 6.7273400879e+02 6.7282897949e+02 6.7292102051e+02 6.7299798584e+02 6.7306500244e+02 6.7314001465e+02 6.7317700195e+02 6.7326501465e+02 6.7333502197e+02 6.7338500977e+02 6.7343902588e+02 6.7351800537e+02 6.7356896973e+02 6.7363500977e+02 6.7369396973e+02 6.7373797607e+02 6.7379998779e+02 6.7384399414e+02 6.7391699219e+02 6.7397497559e+02 6.7402899170e+02 6.7409497070e+02 6.7415399170e+02 6.7424102783e+02 6.7429302979e+02 6.7437902832e+02 6.7442901611e+02 6.7452301025e+02 6.7459698486e+02 6.7470599365e+02 6.7478802490e+02 6.7486602783e+02 6.7497802734e+02 6.7507501221e+02 6.7517901611e+02 6.7527301025e+02 6.7538598633e+02 6.7548901367e+02 6.7558099365e+02
6.7184698486e+02 6.7196301270e+02 6.7208197021e+02 6.7219299316e+02 6.7230499268e+02 6.7240600586e+02 6.7249597168e+02 6.7260601807e+02 6.7270898438e+02 6.7279498291e+02 6.7289697266e+02 6.7295898438e+02 6.7302099609e+02 6.7309197998e+02 6.7318298340e+02 6.7323901367e+02 6.7330200195e+02 6.7338000488e+02 6.7343902588e+02 6.7348901367e+02 6.7355499268e+02 6.7361401367e+02 6.7366497803e+02 6.7372100830e+02 6.7378002930e+02 6.7384997559e+02 6.7391198730e+02 6.7393798828e+02 6.7401300049e+02 6.7408502197e+02 6.7415899658e+02 6.7420800781e+02 6.7430297852e+02 6.7436700439e+02 6.7445501709e+02 6.7453002930e+02 6.7463201904e+02 6.7470001221e+02 6.7476800537e+02 6.7485198975e+02 6.7497100830e+02 6.7509301758e+02 6.7516302490e+02 6.7528198242e+02 6.7539801025e+02 6.7546997070e+02
6.7169000244e+02 6.7180297852e+02 6.7193902588e+02 6.7207397461e+02 6.7218597412e+02 6.7227502441e+02 6.7237500000e+02 6.7247998047e+02 6.7258001709e+02 6.7266400146e+02 6.7276898193e+02 6.7285498047e+02 6.7292401123e+02 6.7299298096e+02 6.7308300781e+02 6.7316101074e+02 6.7323199463e+02 6.7330603027e+02 6.7335797119e+02 6.7341699219e+02 6.7347802734e+02 6.7353198242e+02 6.7358197021e+02 6.7364398193e+02 6.7369396973e+02 6.7376300049e+02 6.7384002686e+02 6.7385400391e+02 6.7392401123e+02 6.7398297119e+02 6.7409197998e+02 6.7412902832e+02 6.7421398926e+02 6.7428002930e+02 6.7436999512e+02 6.7444201660e+02 6.7452600098e+02 6.7460601807e+02 6.7468798828e+02 6.7476599121e+02 6.7486901855e+02 6.7497302246e+02 6.7504699707e+02 6.7515899658e+02 6.7528399658e+02 6.7539300537e+02
6.7152801514e+02 6.7164801025e+02 6.7177697754e+02 6.7191900635e+02 6.7204998779e+02 6.7214099121e+02 6.7224102783e+02 6.7235400391e+02 6.7244396973e+02 6.7252801514e+02 6.7263897705e+02 6.7273797607e+02 6.7281298828e+02 6.7287402344e+02 6.7296997070e+02 6.7307000732e+02 6.7315197754e+02 6.7321697998e+02 6.7328002930e+02 6.7334399414e+02 6.7339300537e+02 6.7345098877e+02 6.7350897217e+02 6.7357299805e+02 6.7362902832e+02 6.7369799805e+02 6.7375701904e+02 6.7379699707e+02 6.7387298584e+02 6.7392199707e+02 6.7401599121e+02 6.7404901123e+02 6.7414801025e+02 6.7419799805e+02 6.7428497314e+02 6.7436999512e+02 6.7445397949e+02 6.7454199219e+02 6.7461700439e+02 6.7470098877e+02 6.7478601074e+02 6.7487701416e+02 6.7495800781e+02 6.7505102539e+02 6.7516198730e+02 6.7528601074e+02
6.7135699463e+02 6.7149298096e+02 6.7162097168e+02 6.7176098633e+02 6.7190002441e+02 6.7200201416e+02 6.7209997559e+02 6.7221002197e+02 6.7229199219e+02 6.7238702393e+02 6.7250598145e+02 6.7260601807e+02 6.7269299316e+02 6.7275402832e+02 6.7285699463e+02 6.7295300293e+02 6.7303997803e+02 6.7311602783e+02 6.7319702148e+02 6.7326599121e+02 6.7331201172e+02 6.7337701416e+02 6.7343798828e+02 6.7349298096e+02 6.7355902100e+02 6.7362597656e+02 6.7367401123e+02 6.7372601318e+02 6.7380297852e+02 6.7386499023e+02 6.7394897461e+02 6.7398999023e+02 6.7409197998e+02 6.7412500000e+02 6.7421002197e+02 6.7428900146e+02 6.7438299561e+02 6.7446398926e+02 6.7452697754e+02 6.7462500000e+02 6.7471398926e+02 6.7480297852e+02 6.7488397217e+02 6.7497198486e+02 6.7507000732e+02 6.7518103027e+02
6.7120098877e+02 6.7134301758e+02 6.7147302246e+02 6.7159002686e+02 6.7171997070e+02 6.7183502197e+02 6.7194799805e+02 6.7206896973e+02 6.7215301514e+02 6.7226501465e+02 6.7239697266e+02 6.7247302246e+02 6.7256896973e+02 6.7264202881e+02 6.7274200439e+02 6.7283099365e+02 6.7293701172e+02 6.7302801514e+02 6.7310797119e+02 6.7317199707e+02 6.7322302246e+02 6.7328900146e+02 6.7333001709e+02 6.7339300537e+02 6.7346801758e+02 6.7354602051e+02 6.7362402344e+02 6.7365997314e+02 6.7372100830e+02 6.7378802490e+02 6.7386102295e+02 6.7390802002e+02 6.7400598145e+02 6.7406298828e+02 6.7413201904e+02 6.7421398926e+02 6.7432202148e+02 6.7438500977e+02 6.7446502686e+02 6.7454199219e+02 6.7462500000e+02 6.7471398926e+02 6.7479498291e+02 6.7489801025e+02 6.7498999023e+02 6.7507501221e+02
6.7108801270e+02 6.7122100830e+02 6.7133398438e+02 6.7144299316e+02 6.7157000732e+02 6.7169598389e+02 6.7182202148e+02 6.7193103027e+02 6.7202099609e+02 6.7213201904e+02 6.7224499512e+02 6.7233001709e+02 6.7243798828e+02 6.7252001953e+02 6.7262500000e+02 6.7272399902e+02 6.7281799316e+02 6.7291101074e+02 6.7299798584e+02 6.7307501221e+02 6.7314099121e+02 6.7321801758e+02 6.7325701904e+02 6.7332897949e+02 6.7340600586e+02 6.7346002197e+02 6.7351599121e+02 6.7358001709e+02 6.7365301514e+02 6.7370599365e+02 6.7377099609e+02 6.7383001709e+02 6.7392700195e+02 6.7400000000e+02 6.7407299805e+02 6.7413098145e+02 6.7421899414e+02 6.7430401611e+02 6.7438500977e+02 6.7445001221e+02 6.7454901123e+02 6.7462902832e+02 6.7471099854e+02 6.7480297852e+02 6.7488702393e+02 6.7497497559e+02
6.7094897461e+02 6.7107897949e+02 6.7118402100e+02 6.7129498291e+02 6.7142102051e+02 6.7155297852e+02 6.7168499756e+02 6.7178900146e+02 6.7189398193e+02 6.7199700928e+02 6.7209899902e+02 6.7219702148e+02 6.7230902100e+02 6.7238598633e+02 6.7249102783e+02 6.7260400391e+02 6.7270397949e+02 6.7279400635e+02 6.7288299561e+02 6.7298498535e+02 6.7306298828e+02 6.7312500000e+02 6.7317602539e+02 6.7325799561e+02 6.7332897949e+02 6.7338598633e+02 6.7344396973e+02 6.7350000000e+02 6.7357501221e+02 6.7363201904e+02 6.7371099854e+02 6.7377099609e+02 6.7384197998e+02 6.7390399170e+02 6.7399499512e+02 6.7405603027e+02 6.7411999512e+02 6.7421997070e+02 6.7430999756e+02 6.7438702393e+02 6.7449298096e+02 6.7455499268e+02 6.7461602783e+02 6.7469897461e+02 6.7479901123e+02 6.7489801025e+02
6.7082702637e+02 6.7095098877e+02 6.7104998779e+02 6.7115002441e+02 6.7126702881e+02 6.7139599609e+02 6.7153002930e+02 6.7164599609e+02 6.7176202393e+02 6.7184997559e+02 6.7196600342e+02 6.7208001709e+02 6.7218200684e+02 6.7223797607e+02 6.7235198975e+02 6.7246697998e+02 6.7257501221e+02 6.7266198730e+02 6.7275500488e+02 6.7286700439e+02 6.7295001221e+02 6.7302197266e+02 6.7309497070e+02 6.7317297363e+02 6.7323602295e+02 6.7330700684e+02 6.7337597656e+02 6.7342901611e+02 6.7350500488e+02 6.7356402588e+02 6.7364202881e+02 6.7368902588e+02 6.7376800537e+02 6.7382000732e+02 6.7391900635e+02 6.7398699951e+02 6.7403900146e+02 6.7413897705e+02 6.7422998047e+02 6.7430700684e+02 6.7441302490e+02 6.7447497559e+02 6.7452398682e+02 6.7463000488e+02 6.7472802734e+02 6.7481701660e+02
6.7070202637e+02 6.7081799316e+02 6.7093499756e+02 6.7102600098e+02 6.7113800049e+02 6.7126098633e+02 6.7138897705e+02 6.7150799561e+02 6.7161499023e+02 6.7169396973e+02 6.7181799316e+02 6.7195001221e+02 6.7204302979e+02 6.7209899902e+02 6.7223498535e+02 6.7233197021e+02 6.7242999268e+02 6.7252801514e+02 6.7263500977e+02 6.7274902344e+02 6.7284899902e+02 6.7292700195e+02 6.7301000977e+02 6.7309197998e+02 6.7315100098e+02 6.7322698975e+02 6.7329400635e+02 6.7335998535e+02 6.7342102051e+02 6.7347900391e+02 6.7355603027e+02 6.7360699463e+02 6.7368701172e+02 6.7373297119e+02 6.7383300781e+02 6.7389898682e+02 6.7397198486e+02 6.7406896973e+02 6.7415698242e+02 6.7423797607e+02 6.7432299805e+02 6.7439001465e+02 6.7445898438e+02 6.7456402588e+02 6.7465002441e+02 6.7471197510e+02
6.7058697510e+02 6.7069000244e+02 6.7078601074e+02 6.7088299561e+02 6.7100299072e+02 6.7110302734e+02 6.7123498535e+02 6.7136700439e+02 6.7145599365e+02 6.7155200195e+02 6.7168298340e+02 6.7180798340e+02 6.7190600586e+02 6.7197399902e+02 6.7210601807e+02 6.7220800781e+02 6.7230999756e+02 6.7241601563e+02 6.7251098633e+02 6.7261999512e+02 6.7271899414e+02 6.7281799316e+02 6.7290197754e+02 6.7298901367e+02 6.7305700684e+02 6.7314501953e+02 6.7320098877e+02 6.7327600098e+02 6.7334997559e+02 6.7340997314e+02 6.7347497559e+02 6.7352502441e+02 6.7359899902e+02 6.7364898682e+02 6.7374597168e+02 6.7379998779e+02 6.7387298584e+02 6.7396801758e+02 6.7404797363e+02 6.7414300537e+02 6.7422198486e+02 6.7429901123e+02 6.7437200928e+02 6.7447198486e+02 6.7456201172e+02 6.7463201904e+02
6.7047198486e+02 6.7056701660e+02 6.7065802002e+02 6.7075598145e+02 6.7088000488e+02 6.7097100830e+02 6.7110400391e+02 6.7122302246e+02 6.7130902100e+02 6.7141601563e+02 6.7154302979e+02 6.7166601563e+02 6.7176501465e+02 6.7184100342e+02 6.7195697021e+02 6.7207299805e+02 6.7217901611e+02 6.7228399658e+02 6.7239202881e+02 6.7249298096e+02 6.7256896973e+02 6.7268798828e+02 6.7278302002e+02 6.7286602783e+02 6.7295098877e+02 6.7304602051e+02 6.7311602783e+02 6.7318103027e+02 6.7324798584e+02 6.7331201172e+02 6.7337902832e+02 6.7342901611e+02 6.7351000977e+02 6.7357000732e+02 6.7365399170e+02 6.7370697021e+02 6.7378399658e+02 6.7388098145e+02 6.7396002197e+02 6.7403802490e+02 6.7411798096e+02 6.7419799805e+02 6.7428198242e+02 6.7437597656e+02 6.7446002197e+02 6.7453302002e+02
6.7034197998e+02 6.7044299316e+02 6.7054302979e+02 6.7064300537e+02 6.7076098633e+02 6.7085601807e+02 6.7098699951e+02 6.7108099365e+02 6.7117999268e+02 6.7129400635e+02 6.7141198730e+02 6.7154199219e+02 6.7164300537e+02 6.7171502686e+02 6.7181799316e+02 6.7194500732e+02 6.7204199219e+02 6.7215002441e+02 6.7226202393e+02 6.7235101318e+02 6.7243499756e+02 6.7255499268e+02 6.7264099121e+02 6.7273797607e+02 6.7284100342e+02 6.7293902588e+02 6.7301599121e+02 6.7308502197e+02 6.7314697266e+02 6.7321600342e+02 6.7328601074e+02 6.7334399414e+02 6.7343597412e+02 6.7350299072e+02 6.7357501221e+02 6.7363000488e+02 6.7370800781e+02 6.7379101563e+02 6.7387097168e+02 6.7394201660e+02 6.7401800537e+02 6.7409399414e+02 6.7419299316e+02 6.7428900146e+02 6.7436401367e+02 6.7442999268e+02
