TESTSERVER/18/7.asc
NCOLS 100
NROWS 100
XLLCORNER 8.3997500000e+03
YLLCORNER 2.8960025000e+05
CELLSIZE 5.0000000000e-01
NODATA_VALUE -9.9990000000e+03
[rows 20 to 39 of 100, columns 46 to 91 of 100]
6.7431201172e+02 6.7438897705e+02 6.7446398926e+02 6.7455200195e+02 6.7462597656e+02 6.7469097900e+02 6.7476898193e+02 6.7484002686e+02 6.7492602539e+02 6.7500500488e+02 6.7506597900e+02 6.7514300537e+02 6.7522100830e+02 6.7527398682e+02 6.7535601807e+02 6.7543298340e+02 6.7552600098e+02 6.7561199951e+02 6.7568902588e+02 6.7576397705e+02 6.7583197021e+02 6.7590802002e+02 6.7600299072e+02 6.7608001709e+02 6.7615002441e+02 6.7624102783e+02 6.7632299805e+02 6.7640698242e+02 6.7650402832e+02 6.7658001709e+02 6.7665002441e+02 6.7671600342e+02 6.7682098389e+02 6.7690899658e+02 6.7699401855e+02 6.7709100342e+02 6.7716400146e+02 6.7726202393e+02 6.7737200928e+02 6.7742401123e+02 6.7750598145e+02 6.7759802246e+02 6.7767401123e+02 6.7776702881e+02 6.7783197021e+02 6.7789202881e+02
6.7425201416e+02 6.7431701660e+02 6.7439001465e+02 6.7448199463e+02 6.7455401611e+02 6.7462402344e+02 6.7469500732e+02 6.7476800537e+02 6.7485498047e+02 6.7493200684e+02 6.7498602295e+02 6.7505401611e+02 6.7513500977e+02 6.7518701172e+02 6.7526202393e+02 6.7535400391e+02 6.7545098877e+02 6.7551300049e+02 6.7560400391e+02 6.7567700195e+02 6.7575799561e+02 6.7584100342e+02 6.7592297363e+02 6.7598400879e+02 6.7605999756e+02 6.7614599609e+02 6.7622900391e+02 6.7631799316e+02 6.7641998291e+02 6.7648901367e+02 6.7655999756e+02 6.7664697266e+02 6.7673999023e+02 6.7682897949e+02 6.7692297363e+02 6.7699597168e+02 6.7708502197e+02 6.7718103027e+02 6.7728601074e+02 6.7734497070e+02 6.7741900635e+02 6.7750097656e+02 6.7758801270e+02 6.7768200684e+02 6.7775299072e+02 6.7782897949e+02
6.7418597412e+02 6.7425299072e+02 6.7432702637e+02 6.7440600586e+02 6.7446600342e+02 6.7453302002e+02 6.7460998535e+02 6.7469799805e+02 6.7478698730e+02 6.7486102295e+02 6.7491400146e+02 6.7497302246e+02 6.7504699707e+02 6.7510498047e+02 6.7518902588e+02 6.7528601074e+02 6.7536602783e+02 6.7542999268e+02 6.7552697754e+02 6.7560101318e+02 6.7567401123e+02 6.7575402832e+02 6.7584698486e+02 6.7591198730e+02 6.7599499512e+02 6.7607397461e+02 6.7615502930e+02 6.7624597168e+02 6.7634301758e+02 6.7640802002e+02 6.7649401855e+02 6.7658398438e+02 6.7666900635e+02 6.7675299072e+02 6.7684497070e+02 6.7690502930e+02 6.7700097656e+02 6.7709497070e+02 6.7719201660e+02 6.7726300049e+02 6.7733697510e+02 6.7740600586e+02 6.7751202393e+02 6.7761798096e+02 6.7769500732e+02 6.7777099609e+02
6.7411297607e+02 6.7417901611e+02 6.7426098633e+02 6.7432800293e+02 6.7438201904e+02 6.7444897461e+02 6.7453002930e+02 6.7461999512e+02 6.7471099854e+02 6.7478497314e+02 6.7484100342e+02 6.7489697266e+02 6.7496801758e+02 6.7502197266e+02 6.7510400391e+02 6.7520098877e+02 6.7527600098e+02 6.7535302734e+02 6.7544799805e+02 6.7552801514e+02 6.7559399414e+02 6.7566998291e+02 6.7576300049e+02 6.7584698486e+02 6.7592700195e+02 6.7599298096e+02 6.7608197021e+02 6.7616400146e+02 6.7625500488e+02 6.7631799316e+02 6.7641900635e+02 6.7650402832e+02 6.7659802246e+02 6.7667498779e+02 6.7674902344e+02 6.7681701660e+02 6.7690997314e+02 6.7700097656e+02 6.7709301758e+02 6.7716699219e+02 6.7724700928e+02 6.7731896973e+02 6.7741998291e+02 6.7752001953e+02 6.7760302734e+02 6.7768597412e+02
6.7404400635e+02 6.7411297607e+02 6.7419000244e+02 6.7424499512e+02 6.7431402588e+02 6.7438598633e+02 6.7445697021e+02 6.7453601074e+02 6.7462097168e+02 6.7469598389e+02 6.7475000000e+02 6.7480798340e+02 6.7489599609e+02 6.7495202637e+02 6.7501800537e+02 6.7510302734e+02 6.7517602539e+02 6.7526397705e+02 6.7535498047e+02 6.7543902588e+02 6.7552301025e+02 6.7560498047e+02 6.7567700195e+02 6.7577197266e+02 6.7584301758e+02 6.7589599609e+02 6.7599798584e+02 6.7608599854e+02 6.7616601563e+02 6.7624102783e+02 6.7633300781e+02 6.7639697266e+02 6.7650000000e+02 6.7656799316e+02 6.7666400146e+02 6.7672601318e+02 6.7682800293e+02 6.7691497803e+02 6.7699597168e+02 6.7708398438e+02 6.7717401123e+02 6.7725500488e+02 6.7733099365e+02 6.7741998291e+02 6.7750701904e+02 6.7758599854e+02
6.7396600342e+02 6.7403601074e+02 6.7411297607e+02 6.7416400146e+02 6.7424401855e+02 6.7431799316e+02 6.7437902832e+02 6.7444799805e+02 6.7452600098e+02 6.7460400391e+02 6.7466302490e+02 6.7472497559e+02 6.7481597900e+02 6.7486700439e+02 6.7493701172e+02 6.7501098633e+02 6.7508502197e+02 6.7517199707e+02 6.7526202393e+02 6.7534197998e+02 6.7541900635e+02 6.7549798584e+02 6.7558599854e+02 6.7568200684e+02 6.7575000000e+02 6.7582202148e+02 6.7591302490e+02 6.7597698975e+02 6.7605902100e+02 6.7615502930e+02 6.7625897217e+02 6.7630700684e+02 6.7640899658e+02 6.7648199463e+02 6.7658300781e+02 6.7665100098e+02 6.7676397705e+02 6.7684197998e+02 6.7690997314e+02 6.7698699951e+02 6.7709600830e+02 6.7717602539e+02 6.7725000000e+02 6.7733398438e+02 6.7741497803e+02 6.7749298096e+02
6.7390600586e+02 6.7397497559e+02 6.7404699707e+02 6.7409600830e+02 6.7417297363e+02 6.7424700928e+02 6.7430999756e+02 6.7436901855e+02 6.7443597412e+02 6.7450799561e+02 6.7457299805e+02 6.7464599609e+02 6.7473498535e+02 6.7478399658e+02 6.7485601807e+02 6.7492999268e+02 6.7500402832e+02 6.7508300781e+02 6.7516497803e+02 6.7523400879e+02 6.7532501221e+02 6.7540197754e+02 6.7549200439e+02 6.7558801270e+02 6.7566198730e+02 6.7575299072e+02 6.7583300781e+02 6.7588500977e+02 6.7597302246e+02 6.7607299805e+02 6.7617297363e+02 6.7621697998e+02 6.7631597900e+02 6.7638000488e+02 6.7648999023e+02 6.7658599854e+02 6.7668597412e+02 6.7675402832e+02 6.7683197021e+02 6.7690600586e+02 6.7699902344e+02 6.7707098389e+02 6.7715301514e+02 6.7723699951e+02 6.7731298828e+02 6.7740002441e+02
6.7384600830e+02 6.7390802002e+02 6.7397998047e+02 6.7402801514e+02 6.7409997559e+02 6.7416998291e+02 6.7423602295e+02 6.7429400635e+02 6.7435400391e+02 6.7441998291e+02 6.7447998047e+02 6.7455999756e+02 6.7465399170e+02 6.7470898438e+02 6.7478698730e+02 6.7486401367e+02 6.7493103027e+02 6.7500097656e+02 6.7509002686e+02 6.7514801025e+02 6.7523901367e+02 6.7531298828e+02 6.7539801025e+02 6.7548602295e+02 6.7555902100e+02 6.7564599609e+02 6.7572601318e+02 6.7579302979e+02 6.7588299561e+02 6.7596899414e+02 6.7607598877e+02 6.7614697266e+02 6.7624401855e+02 6.7630200195e+02 6.7640600586e+02 6.7650000000e+02 6.7658801270e+02 6.7666497803e+02 6.7675897217e+02 6.7683197021e+02 6.7691198730e+02 6.7697698975e+02 6.7705798340e+02 6.7714398193e+02 6.7722198486e+02 6.7731298828e+02
6.7377899170e+02 6.7383398438e+02 6.7390502930e+02 6.7396600342e+02 6.7403198242e+02 6.7409497070e+02 6.7416101074e+02 6.7423199463e+02 6.7428900146e+02 6.7434301758e+02 6.7441302490e+02 6.7449401855e+02 6.7457000732e+02 6.7462500000e+02 6.7469799805e+02 6.7478302002e+02 6.7484997559e+02 6.7492297363e+02 6.7502301025e+02 6.7508898926e+02 6.7515301514e+02 6.7522399902e+02 6.7531896973e+02 6.7539099121e+02 6.7547399902e+02 6.7556597900e+02 6.7563299561e+02 6.7571099854e+02 6.7579797363e+02 6.7587298584e+02 6.7595898438e+02 6.7604302979e+02 6.7614697266e+02 6.7622601318e+02 6.7633898926e+02 6.7641302490e+02 6.7648999023e+02 6.7658599854e+02 6.7667797852e+02 6.7673901367e+02 6.7682501221e+02 6.7690802002e+02 6.7698797607e+02 6.7705401611e+02 6.7714801025e+02 6.7722802734e+02
6.7370898438e+02 6.7376000977e+02 6.7382397461e+02 6.7388500977e+02 6.7394598389e+02 6.7401702881e+02 6.7408898926e+02 6.7415997314e+02 6.7421600342e+02 6.7426800537e+02 6.7434698486e+02 6.7442401123e+02 6.7448999023e+02 6.7453002930e+02 6.7460302734e+02 6.7468200684e+02 6.7475701904e+02 6.7484802246e+02 6.7493701172e+02 6.7500500488e+02 6.7506402588e+02 6.7514501953e+02 6.7522100830e+02 6.7528601074e+02 6.7538299561e+02 6.7546997070e+02 6.7555499268e+02 6.7563397217e+02 6.7571600342e+02 6.7578198242e+02 6.7587500000e+02 6.7594000244e+02 6.7604199219e+02 6.7612298584e+02 6.7623999023e+02 6.7631201172e+02 6.7638897705e+02 6.7647100830e+02 6.7656896973e+02 6.7666198730e+02 6.7675000000e+02 6.7682897949e+02 6.7690698242e+02 6.7696997070e+02 6.7705999756e+02 6.7714001465e+02
6.7363598633e+02 6.7369500732e+02 6.7375701904e+02 6.7381799316e+02 6.7388098145e+02 6.7394702148e+02 6.7401397705e+02 6.7408099365e+02 6.7413702393e+02 6.7419598389e+02 6.7427099609e+02 6.7433502197e+02 6.7440802002e+02 6.7445697021e+02 6.7452600098e+02 6.7459301758e+02 6.7466601563e+02 6.7476800537e+02 6.7485900879e+02 6.7491900635e+02 6.7497497559e+02 6.7504998779e+02 6.7512701416e+02 6.7519702148e+02 6.7528601074e+02 6.7537500000e+02 6.7546697998e+02 6.7553900146e+02 6.7562097168e+02 6.7569201660e+02 6.7579302979e+02 6.7584301758e+02 6.7594299316e+02 6.7602001953e+02 6.7613000488e+02 6.7621197510e+02 6.7630401611e+02 6.7637402344e+02 6.7647399902e+02 6.7657598877e+02 6.7665698242e+02 6.7673901367e+02 6.7681097412e+02 6.7687799072e+02 6.7694897461e+02 6.7703497314e+02
6.7356701660e+02 6.7363201904e+02 6.7370001221e+02 6.7375500488e+02 6.7381701660e+02 6.7387701416e+02 6.7395098877e+02 6.7401202393e+02 6.7405999756e+02 6.7412097168e+02 6.7419702148e+02 6.7426202393e+02 6.7433300781e+02 6.7438098145e+02 6.7444396973e+02 6.7450701904e+02 6.7457598877e+02 6.7466601563e+02 6.7476800537e+02 6.7483697510e+02 6.7489898682e+02 6.7496197510e+02 6.7504302979e+02 6.7512500000e+02 6.7518902588e+02 6.7527697754e+02 6.7538299561e+02 6.7545898438e+02 6.7553198242e+02 6.7559497070e+02 6.7569598389e+02 6.7575201416e+02 6.7585302734e+02 6.7593200684e+02 6.7603100586e+02 6.7611199951e+02 6.7619598389e+02 6.7627099609e+02 6.7637701416e+02 6.7647100830e+02 6.7655999756e+02 6.7666497803e+02 6.7673797607e+02 6.7681097412e+02 6.7688397217e+02 6.7695697021e+02
6.7349798584e+02 6.7356597900e+02 6.7363897705e+02 6.7369000244e+02 6.7374597168e+02 6.7380603027e+02 6.7387597656e+02 6.7394598389e+02 6.7399597168e+02 6.7405700684e+02 6.7411102295e+02 6.7418701172e+02 6.7424200439e+02 6.7428698730e+02 6.7435601807e+02 6.7441900635e+02 6.7448999023e+02 6.7457299805e+02 6.7466900635e+02 6.7473297119e+02 6.7481799316e+02 6.7489099121e+02 6.7495001221e+02 6.7502600098e+02 6.7508197021e+02 6.7516699219e+02 6.7527197266e+02 6.7536901855e+02 6.7545001221e+02 6.7551202393e+02 6.7559497070e+02 6.7565301514e+02 6.7575701904e+02 6.7584197998e+02 6.7592999268e+02 6.7601000977e+02 6.7610699463e+02 6.7620599365e+02 6.7630603027e+02 6.7638201904e+02 6.7647399902e+02 6.7656799316e+02 6.7665698242e+02 6.7671398926e+02 6.7680499268e+02 6.7688500977e+02
6.7342901611e+02 6.7349700928e+02 6.7358001709e+02 6.7363397217e+02 6.7368499756e+02 6.7374102783e+02 6.7381500244e+02 6.7385797119e+02 6.7390802002e+02 6.7397601318e+02 6.7403802490e+02 6.7410998535e+02 6.7416302490e+02 6.7420599365e+02 6.7428002930e+02 6.7436102295e+02 6.7442498779e+02 6.7450500488e+02 6.7458398438e+02 6.7463500977e+02 6.7471600342e+02 6.7479199219e+02 6.7486999512e+02 6.7493499756e+02 6.7499102783e+02 6.7508197021e+02 6.7517602539e+02 6.7524597168e+02 6.7534600830e+02 6.7542498779e+02 6.7550701904e+02 6.7555297852e+02 6.7566900635e+02 6.7575897217e+02 6.7583599854e+02 6.7590600586e+02 6.7599499512e+02 6.7607897949e+02 6.7617401123e+02 6.7626202393e+02 6.7636700439e+02 6.7644799805e+02 6.7653698730e+02 6.7662799072e+02 6.7671600342e+02 6.7679699707e+02
6.7337500000e+02 6.7344299316e+02 6.7350500488e+02 6.7356701660e+02 6.7362200928e+02 6.7368200684e+02 6.7376202393e+02 6.7379101563e+02 6.7385101318e+02 6.7391699219e+02 6.7397100830e+02 6.7403198242e+02 6.7409497070e+02 6.7413397217e+02 6.7419702148e+02 6.7427801514e+02 6.7434100342e+02 6.7441400146e+02 6.7448999023e+02 6.7455102539e+02 6.7463500977e+02 6.7471301270e+02 6.7477801514e+02 6.7483898926e+02 6.7489697266e+02 6.7498797607e+02 6.7507702637e+02 6.7513500977e+02 6.7525000000e+02 6.7533001709e+02 6.7540997314e+02 6.7546899414e+02 6.7557702637e+02 6.7564202881e+02 6.7574902344e+02 6.7583300781e+02 6.7591400146e+02 6.7598400879e+02 6.7606298828e+02 6.7616497803e+02 6.7626702881e+02 6.7635900879e+02 6.7645501709e+02 6.7655499268e+02 6.7663397217e+02 6.7670800781e+02
6.7332501221e+02 6.7338500977e+02 6.7342700195e+02 6.7348901367e+02 6.7355603027e+02 6.7361798096e+02 6.7368597412e+02 6.7372998047e+02 6.7379400635e+02 6.7384698486e+02 6.7390002441e+02 6.7395501709e+02 6.7402197266e+02 6.7406402588e+02 6.7412097168e+02 6.7419598389e+02 6.7426300049e+02 6.7432702637e+02 6.7441601563e+02 6.7447399902e+02 6.7455401611e+02 6.7463500977e+02 6.7468701172e+02 6.7475201416e+02 6.7481500244e+02 6.7489300537e+02 6.7497998047e+02 6.7505999756e+02 6.7515399170e+02 6.7521099854e+02 6.7530798340e+02 6.7538098145e+02 6.7548602295e+02 6.7556201172e+02 6.7566400146e+02 6.7573699951e+02 6.7582299805e+02 6.7589398193e+02 6.7596197510e+02 6.7607000732e+02 6.7616497803e+02 6.7626300049e+02 6.7636700439e+02 6.7646899414e+02 6.7654699707e+02 6.7662701416e+02
6.7325701904e+02 6.7331402588e+02 6.7337298584e+02 6.7342199707e+02 6.7348797607e+02 6.7354602051e+02 6.7361401367e+02 6.7367498779e+02 6.7373297119e+02 6.7377899170e+02 6.7383801270e+02 6.7388397217e+02 6.7394000244e+02 6.7399298096e+02 6.7404498291e+02 6.7411499023e+02 6.7418103027e+02 6.7424102783e+02 6.7433898926e+02 6.7439501953e+02 6.7445501709e+02 6.7453601074e+02 6.7459997559e+02 6.7467199707e+02 6.7474700928e+02 6.7481402588e+02 6.7486798096e+02 6.7495697021e+02 6.7504699707e+02 6.7510998535e+02 6.7519897461e+02 6.7528100586e+02 6.7538800049e+02 6.7546997070e+02 6.7555499268e+02 6.7561901855e+02 6.7572302246e+02 6.7581597900e+02 6.7587597656e+02 6.7597998047e+02 6.7608697510e+02 6.7618902588e+02 6.7629498291e+02 6.7638201904e+02 6.7648297119e+02 6.7657897949e+02
6.7317700195e+02 6.7323797607e+02 6.7330102539e+02 6.7336700439e+02 6.7342797852e+02 6.7347198486e+02 6.7354699707e+02 6.7360400391e+02 6.7366101074e+02 6.7371801758e+02 6.7378002930e+02 6.7382098389e+02 6.7386499023e+02 6.7392199707e+02 6.7398602295e+02 6.7404498291e+02 6.7411401367e+02 6.7417102051e+02 6.7426098633e+02 6.7430798340e+02 6.7438299561e+02 6.7445800781e+02 6.7452001953e+02 6.7459301758e+02 6.7466302490e+02 6.7474298096e+02 6.7480401611e+02 6.7486999512e+02 6.7494702148e+02 6.7501098633e+02 6.7511297607e+02 6.7519299316e+02 6.7529101563e+02 6.7536602783e+02 6.7547198486e+02 6.7553601074e+02 6.7562500000e+02 6.7570397949e+02 6.7577600098e+02 6.7586297607e+02 6.7597998047e+02 6.7609497070e+02 6.7619396973e+02 6.7628997803e+02 6.7639099121e+02 6.7648797607e+02
6.7309301758e+02 6.7315997314e+02 6.7322399902e+02 6.7329199219e+02 6.7335498047e+02 6.7340002441e+02 6.7347497559e+02 6.7352899170e+02 6.7359002686e+02 6.7364501953e+02 6.7371197510e+02 6.7375402832e+02 6.7379797363e+02 6.7385101318e+02 6.7392199707e+02 6.7397998047e+02 6.7404101563e+02 6.7409600830e+02 6.7416601563e+02 6.7421801758e+02 6.7430603027e+02 6.7437500000e+02 6.7443402100e+02 6.7451702881e+02 6.7458001709e+02 6.7465600586e+02 6.7472698975e+02 6.7478100586e+02 6.7485699463e+02 6.7492498779e+02 6.7502899170e+02 6.7509197998e+02 6.7518902588e+02 6.7526397705e+02 6.7536401367e+02 6.7544702148e+02 6.7553497314e+02 6.7560900879e+02 6.7568298340e+02 6.7576501465e+02 6.7588397217e+02 6.7598797607e+02 6.7608001709e+02 6.7619702148e+02 6.7630297852e+02 6.7640600586e+02
6.7299499512e+02 6.7307501221e+02 6.7315301514e+02 6.7321997070e+02 6.7327697754e+02 6.7332501221e+02 6.7339801025e+02 6.7346099854e+02 6.7352502441e+02 6.7357299805e+02 6.7363299561e+02 6.7368499756e+02 6.7373400879e+02 6.7377899170e+02 6.7384399414e+02 6.7390600586e+02 6.7396301270e+02 6.7401898193e+02 6.7408197021e+02 6.7413598633e+02 6.7422399902e+02 6.7429699707e+02 6.7434698486e+02 6.7443798828e+02 6.7450097656e+02 6.7456701660e+02 6.7463702393e+02 6.7469396973e+02 6.7477801514e+02 6.7485302734e+02 6.7494598389e+02 6.7499298096e+02 6.7509301758e+02 6.7515100098e+02 6.7525299072e+02 6.7534899902e+02 6.7543798828e+02 6.7552301025e+02 6.7559997559e+02 6.7569201660e+02 6.7580200195e+02 6.7589898682e+02 6.7599298096e+02 6.7610797119e+02 6.7621197510e+02 6.7631896973e+02
