TESTSERVER/18/8.asc
NCOLS 100
NROWS 100
XLLCORNER 8.3997500000e+03
YLLCORNER 2.8955025000e+05
CELLSIZE 5.0000000000e-01
NODATA_VALUE -9.9990000000e+03
[rows 20 to 39 of 100, columns 0 to 45 of 100]
6.6070397949e+02 6.6074200439e+02 6.6079498291e+02 6.6086297607e+02 6.6093298340e+02 6.6099902344e+02 6.6105499268e+02 6.6112402344e+02 6.6119598389e+02 6.6124401855e+02 6.6130102539e+02 6.6139001465e+02 6.6147100830e+02 6.6156201172e+02 6.6163800049e+02 6.6169598389e+02 6.6175500488e+02 6.6180499268e+02 6.6186199951e+02 6.6191802979e+02 6.6197802734e+02 6.6206597900e+02 6.6214202881e+02 6.6222399902e+02 6.6227398682e+02 6.6231597900e+02 6.6238800049e+02 6.6246301270e+02 6.6251501465e+02 6.6262200928e+02 6.6270898438e+02 6.6279901123e+02 6.6287701416e+02 6.6298498535e+02 6.6306896973e+02 6.6316802979e+02 6.6327600098e+02 6.6339697266e+02 6.6349401855e+02 6.6358898926e+02 6.6369897461e+02 6.6378601074e+02 6.6388702393e+02 6.6402502441e+02 6.6417602539e+02 6.6430798340e+02
6.6062902832e+02 6.6069097900e+02 6.6076202393e+02 6.6082397461e+02 6.6088897705e+02 6.6095599365e+02 6.6101599121e+02 6.6108398438e+02 6.6114599609e+02 6.6120501709e+02 6.6126599121e+02 6.6135498047e+02 6.6144097900e+02 6.6152398682e+02 6.6158801270e+02 6.6164001465e+02 6.6169396973e+02 6.6174798584e+02 6.6180297852e+02 6.6184698486e+02 6.6192199707e+02 6.6200799561e+02 6.6209002686e+02 6.6217602539e+02 6.6223797607e+02 6.6229101563e+02 6.6233300781e+02 6.6238598633e+02 6.6244396973e+02 6.6254797363e+02 6.6263098145e+02 6.6271002197e+02 6.6280102539e+02 6.6290997314e+02 6.6297900391e+02 6.6308197021e+02 6.6318200684e+02 6.6329302979e+02 6.6338397217e+02 6.6349499512e+02 6.6360101318e+02 6.6369299316e+02 6.6377502441e+02 6.6388500977e+02 6.6404901123e+02 6.6423498535e+02
6.6057202148e+02 6.6064599609e+02 6.6072399902e+02 6.6078198242e+02 6.6084002686e+02 6.6090002441e+02 6.6096197510e+02 6.6103497314e+02 6.6109997559e+02 6.6117297363e+02 6.6123901367e+02 6.6131799316e+02 6.6140197754e+02 6.6147399902e+02 6.6152801514e+02 6.6158197021e+02 6.6164099121e+02 6.6169500732e+02 6.6174102783e+02 6.6177398682e+02 6.6184698486e+02 6.6191998291e+02 6.6201202393e+02 6.6209997559e+02 6.6216699219e+02 6.6224902344e+02 6.6230401611e+02 6.6235302734e+02 6.6239300537e+02 6.6247302246e+02 6.6254400635e+02 6.6261602783e+02 6.6270098877e+02 6.6280999756e+02 6.6288702393e+02 6.6299499512e+02 6.6309399414e+02 6.6319097900e+02 6.6328302002e+02 6.6339501953e+02 6.6349902344e+02 6.6358697510e+02 6.6367999268e+02 6.6379498291e+02 6.6394799805e+02 6.6412200928e+02
6.6053198242e+02 6.6059399414e+02 6.6067199707e+02 6.6073498535e+02 6.6078997803e+02 6.6084002686e+02 6.6090502930e+02 6.6098101807e+02 6.6105297852e+02 6.6113201904e+02 6.6120599365e+02 6.6128497314e+02 6.6135900879e+02 6.6141802979e+02 6.6146697998e+02 6.6152398682e+02 6.6158197021e+02 6.6163299561e+02 6.6168597412e+02 6.6172302246e+02 6.6178698730e+02 6.6184802246e+02 6.6192602539e+02 6.6201300049e+02 6.6207897949e+02 6.6216699219e+02 6.6224499512e+02 6.6231799316e+02 6.6236499023e+02 6.6243103027e+02 6.6248101807e+02 6.6254199219e+02 6.6261602783e+02 6.6272998047e+02 6.6282098389e+02 6.6293103027e+02 6.6302600098e+02 6.6311297607e+02 6.6321002197e+02 6.6330902100e+02 6.6341900635e+02 6.6351000977e+02 6.6361798096e+02 6.6373199463e+02 6.6388299561e+02 6.6402001953e+02
6.6049798584e+02 6.6054699707e+02 6.6062200928e+02 6.6068701172e+02 6.6073999023e+02 6.6080401611e+02 6.6087597656e+02 6.6095397949e+02 6.6103002930e+02 6.6109997559e+02 6.6117999268e+02 6.6126202393e+02 6.6131896973e+02 6.6136401367e+02 6.6141302490e+02 6.6147399902e+02 6.6152600098e+02 6.6157202148e+02 6.6163897705e+02 6.6168701172e+02 6.6173297119e+02 6.6179901123e+02 6.6185302734e+02 6.6193402100e+02 6.6201098633e+02 6.6208599854e+02 6.6216302490e+02 6.6225402832e+02 6.6231799316e+02 6.6238500977e+02 6.6243701172e+02 6.6250000000e+02 6.6256896973e+02 6.6267199707e+02 6.6276702881e+02 6.6287500000e+02 6.6298699951e+02 6.6306201172e+02 6.6315600586e+02 6.6325097656e+02 6.6335601807e+02 6.6345599365e+02 6.6356097412e+02 6.6367498779e+02 6.6384100342e+02 6.6396801758e+02
6.6046502686e+02 6.6052197266e+02 6.6059002686e+02 6.6065002441e+02 6.6070300293e+02 6.6078399658e+02 6.6086297607e+02 6.6093402100e+02 6.6100000000e+02 6.6106597900e+02 6.6114398193e+02 6.6121600342e+02 6.6126098633e+02 6.6131597900e+02 6.6136999512e+02 6.6142901611e+02 6.6147497559e+02 6.6152801514e+02 6.6158398438e+02 6.6163598633e+02 6.6169396973e+02 6.6175500488e+02 6.6179797363e+02 6.6186102295e+02 6.6193499756e+02 6.6202001953e+02 6.6209399414e+02 6.6218298340e+02 6.6223602295e+02 6.6230999756e+02 6.6238800049e+02 6.6245599365e+02 6.6251098633e+02 6.6260400391e+02 6.6269097900e+02 6.6279699707e+02 6.6291802979e+02 6.6302099609e+02 6.6310198975e+02 6.6319702148e+02 6.6330798340e+02 6.6341601563e+02 6.6352600098e+02 6.6362402344e+02 6.6375097656e+02 6.6390301514e+02
6.6044799805e+02 6.6049298096e+02 6.6054602051e+02 6.6060400391e+02 6.6066802979e+02 6.6075402832e+02 6.6082897949e+02 6.6089300537e+02 6.6096301270e+02 6.6103302002e+02 6.6110198975e+02 6.6116497803e+02 6.6120898438e+02 6.6127301025e+02 6.6132800293e+02 6.6138702393e+02 6.6142401123e+02 6.6147802734e+02 6.6152899170e+02 6.6158001709e+02 6.6163800049e+02 6.6169500732e+02 6.6173999023e+02 6.6180401611e+02 6.6187200928e+02 6.6194799805e+02 6.6202502441e+02 6.6210498047e+02 6.6216998291e+02 6.6226098633e+02 6.6234600830e+02 6.6241302490e+02 6.6247698975e+02 6.6257299805e+02 6.6264398193e+02 6.6274700928e+02 6.6286901855e+02 6.6297998047e+02 6.6305200195e+02 6.6313800049e+02 6.6325201416e+02 6.6337097168e+02 6.6348797607e+02 6.6358599854e+02 6.6369299316e+02 6.6382299805e+02
6.6041101074e+02 6.6045697021e+02 6.6050799561e+02 6.6056402588e+02 6.6063800049e+02 6.6071997070e+02 6.6077899170e+02 6.6083801270e+02 6.6091699219e+02 6.6098999023e+02 6.6105603027e+02 6.6111700439e+02 6.6116601563e+02 6.6123901367e+02 6.6128900146e+02 6.6134802246e+02 6.6138598633e+02 6.6143200684e+02 6.6148699951e+02 6.6153302002e+02 6.6158001709e+02 6.6165002441e+02 6.6169702148e+02 6.6175299072e+02 6.6181298828e+02 6.6188897705e+02 6.6195098877e+02 6.6201898193e+02 6.6209301758e+02 6.6220001221e+02 6.6229302979e+02 6.6236199951e+02 6.6242199707e+02 6.6251800537e+02 6.6259802246e+02 6.6269396973e+02 6.6280798340e+02 6.6292999268e+02 6.6301702881e+02 6.6309997559e+02 6.6319097900e+02 6.6330200195e+02 6.6342498779e+02 6.6353100586e+02 6.6363098145e+02 6.6372198486e+02
6.6035797119e+02 6.6043103027e+02 6.6050097656e+02 6.6055700684e+02 6.6062200928e+02 6.6068902588e+02 6.6073699951e+02 6.6079400635e+02 6.6087500000e+02 6.6093798828e+02 6.6101000977e+02 6.6107299805e+02 6.6112097168e+02 6.6120001221e+02 6.6124298096e+02 6.6129797363e+02 6.6135198975e+02 6.6139599609e+02 6.6145202637e+02 6.6150000000e+02 6.6154998779e+02 6.6161602783e+02 6.6165399170e+02 6.6169500732e+02 6.6175201416e+02 6.6182800293e+02 6.6188500977e+02 6.6193597412e+02 6.6199102783e+02 6.6211798096e+02 6.6220898438e+02 6.6227899170e+02 6.6234802246e+02 6.6246801758e+02 6.6256201172e+02 6.6265698242e+02 6.6276000977e+02 6.6287402344e+02 6.6297100830e+02 6.6305603027e+02 6.6314898682e+02 6.6324200439e+02 6.6335498047e+02 6.6345300293e+02 6.6353399658e+02 6.6360900879e+02
6.6032598877e+02 6.6039398193e+02 6.6046697998e+02 6.6052697754e+02 6.6058502197e+02 6.6064501953e+02 6.6070098877e+02 6.6076300049e+02 6.6083300781e+02 6.6089398193e+02 6.6096099854e+02 6.6102301025e+02 6.6107000732e+02 6.6114300537e+02 6.6119396973e+02 6.6125500488e+02 6.6129699707e+02 6.6133599854e+02 6.6138897705e+02 6.6144097900e+02 6.6148999023e+02 6.6154498291e+02 6.6158697510e+02 6.6164801025e+02 6.6170397949e+02 6.6175402832e+02 6.6181298828e+02 6.6187500000e+02 6.6192797852e+02 6.6205902100e+02 6.6216101074e+02 6.6223999023e+02 6.6230700684e+02 6.6242199707e+02 6.6251501465e+02 6.6261199951e+02 6.6271899414e+02 6.6282202148e+02 6.6290301514e+02 6.6299102783e+02 6.6310601807e+02 6.6318701172e+02 6.6328601074e+02 6.6337701416e+02 6.6345898438e+02 6.6352502441e+02
6.6030499268e+02 6.6036499023e+02 6.6043597412e+02 6.6049499512e+02 6.6054602051e+02 6.6060601807e+02 6.6066699219e+02 6.6072900391e+02 6.6079498291e+02 6.6085699463e+02 6.6091998291e+02 6.6097998047e+02 6.6102697754e+02 6.6108502197e+02 6.6114398193e+02 6.6120898438e+02 6.6125097656e+02 6.6128997803e+02 6.6134100342e+02 6.6137902832e+02 6.6142797852e+02 6.6148999023e+02 6.6154199219e+02 6.6160302734e+02 6.6165301514e+02 6.6170098877e+02 6.6176098633e+02 6.6182702637e+02 6.6189398193e+02 6.6201000977e+02 6.6211401367e+02 6.6219097900e+02 6.6225402832e+02 6.6235900879e+02 6.6245202637e+02 6.6254498291e+02 6.6265899658e+02 6.6275402832e+02 6.6282299805e+02 6.6290899658e+02 6.6303002930e+02 6.6311901855e+02 6.6321099854e+02 6.6329498291e+02 6.6337799072e+02 6.6344799805e+02
6.6029302979e+02 6.6035400391e+02 6.6041900635e+02 6.6047497559e+02 6.6052600098e+02 6.6057598877e+02 6.6062799072e+02 6.6068902588e+02 6.6075897217e+02 6.6081298828e+02 6.6086999512e+02 6.6092901611e+02 6.6097802734e+02 6.6103497314e+02 6.6108697510e+02 6.6114202881e+02 6.6119299316e+02 6.6124102783e+02 6.6129302979e+02 6.6132501221e+02 6.6136999512e+02 6.6143402100e+02 6.6148901367e+02 6.6154101563e+02 6.6159997559e+02 6.6165100098e+02 6.6171197510e+02 6.6178002930e+02 6.6186602783e+02 6.6197399902e+02 6.6206402588e+02 6.6213397217e+02 6.6219299316e+02 6.6229302979e+02 6.6239001465e+02 6.6247698975e+02 6.6258001709e+02 6.6267199707e+02 6.6274700928e+02 6.6283898926e+02 6.6294799805e+02 6.6303601074e+02 6.6311297607e+02 6.6320001221e+02 6.6329901123e+02 6.6337597656e+02
6.6027398682e+02 6.6032702637e+02 6.6038397217e+02 6.6044500732e+02 6.6050402832e+02 6.6055200195e+02 6.6059399414e+02 6.6064898682e+02 6.6072198486e+02 6.6077197266e+02 6.6082397461e+02 6.6087500000e+02 6.6092199707e+02 6.6098602295e+02 6.6103399658e+02 6.6108197021e+02 6.6112298584e+02 6.6119299316e+02 6.6125897217e+02 6.6129699707e+02 6.6132897949e+02 6.6137799072e+02 6.6143798828e+02 6.6148901367e+02 6.6155401611e+02 6.6161297607e+02 6.6168597412e+02 6.6176501465e+02 6.6183898926e+02 6.6193798828e+02 6.6201202393e+02 6.6207202148e+02 6.6212799072e+02 6.6222497559e+02 6.6231597900e+02 6.6239300537e+02 6.6247900391e+02 6.6257897949e+02 6.6266900635e+02 6.6276000977e+02 6.6286901855e+02 6.6295202637e+02 6.6301599121e+02 6.6310400391e+02 6.6322198486e+02 6.6332800293e+02
6.6023199463e+02 6.6028497314e+02 6.6033099365e+02 6.6038598633e+02 6.6046099854e+02 6.6051800537e+02 6.6056201172e+02 6.6061401367e+02 6.6066998291e+02 6.6072802734e+02 6.6078497314e+02 6.6084100342e+02 6.6089599609e+02 6.6095501709e+02 6.6099401855e+02 6.6105200195e+02 6.6109698486e+02 6.6114599609e+02 6.6120501709e+02 6.6124200439e+02 6.6129302979e+02 6.6134197998e+02 6.6139697266e+02 6.6146600342e+02 6.6154199219e+02 6.6158300781e+02 6.6164202881e+02 6.6170800781e+02 6.6178601074e+02 6.6189898682e+02 6.6197802734e+02 6.6202398682e+02 6.6208197021e+02 6.6216101074e+02 6.6221301270e+02 6.6229101563e+02 6.6239398193e+02 6.6248797607e+02 6.6258398438e+02 6.6266998291e+02 6.6278198242e+02 6.6286999512e+02 6.6294799805e+02 6.6303997803e+02 6.6315502930e+02 6.6326702881e+02
6.6019299316e+02 6.6025598145e+02 6.6030297852e+02 6.6035101318e+02 6.6041601563e+02 6.6045898438e+02 6.6051202393e+02 6.6057800293e+02 6.6062902832e+02 6.6068298340e+02 6.6073999023e+02 6.6079998779e+02 6.6084997559e+02 6.6090600586e+02 6.6094799805e+02 6.6100598145e+02 6.6105798340e+02 6.6110998535e+02 6.6116699219e+02 6.6120501709e+02 6.6125402832e+02 6.6130499268e+02 6.6136102295e+02 6.6142297363e+02 6.6150000000e+02 6.6155102539e+02 6.6161700439e+02 6.6167602539e+02 6.6175000000e+02 6.6184802246e+02 6.6192401123e+02 6.6197100830e+02 6.6203100586e+02 6.6208898926e+02 6.6213397217e+02 6.6220501709e+02 6.6229901123e+02 6.6239501953e+02 6.6249499512e+02 6.6257897949e+02 6.6268402100e+02 6.6278002930e+02 6.6287799072e+02 6.6298101807e+02 6.6309197998e+02 6.6319799805e+02
6.6015802002e+02 6.6022698975e+02 6.6027899170e+02 6.6032098389e+02 6.6037298584e+02 6.6040600586e+02 6.6045898438e+02 6.6053100586e+02 6.6058502197e+02 6.6063500977e+02 6.6069500732e+02 6.6075097656e+02 6.6078497314e+02 6.6084399414e+02 6.6089599609e+02 6.6095599365e+02 6.6101702881e+02 6.6107000732e+02 6.6113000488e+02 6.6117199707e+02 6.6121801758e+02 6.6129302979e+02 6.6135601807e+02 6.6140502930e+02 6.6146697998e+02 6.6151599121e+02 6.6159197998e+02 6.6165399170e+02 6.6171502686e+02 6.6179101563e+02 6.6185101318e+02 6.6189599609e+02 6.6195599365e+02 6.6201098633e+02 6.6206298828e+02 6.6211901855e+02 6.6219201660e+02 6.6229699707e+02 6.6239599609e+02 6.6248199463e+02 6.6258599854e+02 6.6268298340e+02 6.6279602051e+02 6.6291400146e+02 6.6303002930e+02 6.6313397217e+02
6.6013800049e+02 6.6019396973e+02 6.6024597168e+02 6.6028698730e+02 6.6033001709e+02 6.6036901855e+02 6.6042199707e+02 6.6048602295e+02 6.6053997803e+02 6.6059197998e+02 6.6065301514e+02 6.6069396973e+02 6.6071997070e+02 6.6078497314e+02 6.6083898926e+02 6.6090301514e+02 6.6096002197e+02 6.6101501465e+02 6.6107800293e+02 6.6112799072e+02 6.6119097900e+02 6.6128302002e+02 6.6133502197e+02 6.6138098145e+02 6.6144598389e+02 6.6147900391e+02 6.6155499268e+02 6.6163299561e+02 6.6167297363e+02 6.6173498535e+02 6.6178802490e+02 6.6181896973e+02 6.6187097168e+02 6.6193597412e+02 6.6198699951e+02 6.6203698730e+02 6.6209997559e+02 6.6220300293e+02 6.6229199219e+02 6.6238000488e+02 6.6248797607e+02 6.6257897949e+02 6.6269201660e+02 6.6282501221e+02 6.6296002197e+02 6.6307299805e+02
6.6010302734e+02 6.6015301514e+02 6.6020300293e+02 6.6024597168e+02 6.6029101563e+02 6.6032501221e+02 6.6037097168e+02 6.6042401123e+02 6.6047998047e+02 6.6052697754e+02 6.6057897949e+02 6.6062402344e+02 6.6066101074e+02 6.6073797607e+02 6.6078698730e+02 6.6085198975e+02 6.6091497803e+02 6.6097302246e+02 6.6104199219e+02 6.6109997559e+02 6.6115997314e+02 6.6123297119e+02 6.6129797363e+02 6.6135198975e+02 6.6141400146e+02 6.6145202637e+02 6.6151501465e+02 6.6158599854e+02 6.6161700439e+02 6.6167199707e+02 6.6170599365e+02 6.6173400879e+02 6.6179101563e+02 6.6184899902e+02 6.6191101074e+02 6.6197998047e+02 6.6204199219e+02 6.6213800049e+02 6.6221398926e+02 6.6228802490e+02 6.6239202881e+02 6.6249298096e+02 6.6261602783e+02 6.6275000000e+02 6.6288500977e+02 6.6299700928e+02
6.6005499268e+02 6.6010699463e+02 6.6015899658e+02 6.6020300293e+02 6.6024700928e+02 6.6028399658e+02 6.6032202148e+02 6.6036401367e+02 6.6041998291e+02 6.6047900391e+02 6.6052801514e+02 6.6056597900e+02 6.6060797119e+02 6.6068902588e+02 6.6073400879e+02 6.6079199219e+02 6.6086798096e+02 6.6093298340e+02 6.6100701904e+02 6.6106402588e+02 6.6112200928e+02 6.6119598389e+02 6.6126800537e+02 6.6131201172e+02 6.6136401367e+02 6.6140399170e+02 6.6145501709e+02 6.6151000977e+02 6.6154101563e+02 6.6160198975e+02 6.6164001465e+02 6.6167901611e+02 6.6173498535e+02 6.6178002930e+02 6.6184698486e+02 6.6192401123e+02 6.6198901367e+02 6.6208398438e+02 6.6215698242e+02 6.6222998047e+02 6.6232202148e+02 6.6241601563e+02 6.6252398682e+02 6.6264898682e+02 6.6278802490e+02 6.6290600586e+02
6.6000500488e+02 6.6005401611e+02 6.6010400391e+02 6.6014697266e+02 6.6019000244e+02 6.6022497559e+02 6.6027001953e+02 6.6031500244e+02 6.6036798096e+02 6.6043798828e+02 6.6048699951e+02 6.6051202393e+02 6.6054699707e+02 6.6061499023e+02 6.6066900635e+02 6.6074700928e+02 6.6082397461e+02 6.6089202881e+02 6.6096997070e+02 6.6102301025e+02 6.6107000732e+02 6.6113598633e+02 6.6120397949e+02 6.6124798584e+02 6.6130102539e+02 6.6134197998e+02 6.6139398193e+02 6.6145001221e+02 6.6148297119e+02 6.6155200195e+02 6.6160601807e+02 6.6165301514e+02 6.6169500732e+02 6.6174401855e+02 6.6181097412e+02 6.6187799072e+02 6.6194799805e+02 6.6203399658e+02 6.6209600830e+02 6.6216802979e+02 6.6226000977e+02 6.6235797119e+02 6.6245202637e+02 6.6256201172e+02 6.6269500732e+02 6.6282397461e+02
