TESTSERVER/18/8.asc
NCOLS 100
NROWS 100
XLLCORNER 8.3997500000e+03
YLLCORNER 2.8955025000e+05
CELLSIZE 5.0000000000e-01
NODATA_VALUE -9.9990000000e+03
[rows 80 to 99 of 100, columns 0 to 45 of 100]
6.5689202881e+02 6.5702398682e+02 6.5710400391e+02 6.5715802002e+02 6.5721398926e+02 6.5728002930e+02 6.5733898926e+02 6.5740100098e+02 6.5747399902e+02 6.5751898193e+02 6.5758099365e+02 6.5764801025e+02 6.5774401855e+02 6.5779498291e+02 6.5785400391e+02 6.5792102051e+02 6.5795800781e+02 6.5801800537e+02 6.5809899902e+02 6.5818103027e+02 6.5823797607e+02 6.5826098633e+02 6.5832897949e+02 6.5842602539e+02 6.5854797363e+02 6.5869396973e+02 6.5883898926e+02 6.5893298340e+02 6.5896600342e+02 6.5905999756e+02 6.5916699219e+02 6.5921899414e+02 6.5924700928e+02 6.5923797607e+02 6.5932501221e+02 6.5946099854e+02 6.5952197266e+02 6.5955700684e+02 6.5959802246e+02 6.5966198730e+02 6.5970697021e+02 6.5973400879e+02 6.5982501221e+02 6.5995098877e+02 6.6005700684e+02 6.6011199951e+02
6.5672399902e+02 6.5685400391e+02 6.5693597412e+02 6.5700000000e+02 6.5707598877e+02 6.5713702393e+02 6.5718298340e+02 6.5723901367e+02 6.5731799316e+02 6.5738500977e+02 6.5745300293e+02 6.5751702881e+02 6.5763702393e+02 6.5768499756e+02 6.5772698975e+02 6.5779400635e+02 6.5787799072e+02 6.5798400879e+02 6.5807800293e+02 6.5815802002e+02 6.5820898438e+02 6.5823901367e+02 6.5829302979e+02 6.5836602783e+02 6.5846398926e+02 6.5859802246e+02 6.5872100830e+02 6.5880999756e+02 6.5886602783e+02 6.5896600342e+02 6.5910198975e+02 6.5919702148e+02 6.5926000977e+02 6.5926300049e+02 6.5932397461e+02 6.5943701172e+02 6.5950799561e+02 6.5955902100e+02 6.5958099365e+02 6.5959399414e+02 6.5961499023e+02 6.5964300537e+02 6.5973699951e+02 6.5987701416e+02 6.6000097656e+02 6.6005902100e+02
6.5657202148e+02 6.5669201660e+02 6.5678100586e+02 6.5685601807e+02 6.5693701172e+02 6.5700000000e+02 6.5704998779e+02 6.5709600830e+02 6.5716497803e+02 6.5724700928e+02 6.5731597900e+02 6.5736798096e+02 6.5749200439e+02 6.5756097412e+02 6.5761901855e+02 6.5770202637e+02 6.5780297852e+02 6.5791998291e+02 6.5802600098e+02 6.5811297607e+02 6.5816601563e+02 6.5820202637e+02 6.5825000000e+02 6.5830798340e+02 6.5838702393e+02 6.5849298096e+02 6.5859100342e+02 6.5867199707e+02 6.5873498535e+02 6.5882897949e+02 6.5896502686e+02 6.5907702637e+02 6.5919897461e+02 6.5924102783e+02 6.5926300049e+02 6.5932501221e+02 6.5943200684e+02 6.5951000977e+02 6.5953100586e+02 6.5951599121e+02 6.5952099609e+02 6.5955200195e+02 6.5964697266e+02 6.5978302002e+02 6.5991101074e+02 6.5997601318e+02
6.5642498779e+02 6.5654302979e+02 6.5663397217e+02 6.5671502686e+02 6.5679797363e+02 6.5686798096e+02 6.5693298340e+02 6.5697998047e+02 6.5704498291e+02 6.5713897705e+02 6.5721502686e+02 6.5726202393e+02 6.5735797119e+02 6.5743298340e+02 6.5750598145e+02 6.5759802246e+02 6.5769799805e+02 6.5781500244e+02 6.5793402100e+02 6.5803497314e+02 6.5810101318e+02 6.5814501953e+02 6.5819097900e+02 6.5823999023e+02 6.5830297852e+02 6.5837799072e+02 6.5844799805e+02 6.5851599121e+02 6.5858300781e+02 6.5871197510e+02 6.5885400391e+02 6.5895001221e+02 6.5908398438e+02 6.5921997070e+02 6.5924298096e+02 6.5923999023e+02 6.5931500244e+02 6.5938299561e+02 6.5941302490e+02 6.5941900635e+02 6.5944598389e+02 6.5948901367e+02 6.5958300781e+02 6.5968902588e+02 6.5979602051e+02 6.5988500977e+02
6.5630401611e+02 6.5640502930e+02 6.5648999023e+02 6.5657800293e+02 6.5665698242e+02 6.5673297119e+02 6.5679901123e+02 6.5685900879e+02 6.5695300293e+02 6.5702001953e+02 6.5709301758e+02 6.5715399170e+02 6.5724298096e+02 6.5731500244e+02 6.5738201904e+02 6.5746099854e+02 6.5754901123e+02 6.5766497803e+02 6.5779602051e+02 6.5791601563e+02 6.5799102783e+02 6.5805999756e+02 6.5810998535e+02 6.5815197754e+02 6.5818298340e+02 6.5824597168e+02 6.5829699707e+02 6.5835900879e+02 6.5844598389e+02 6.5860400391e+02 6.5872998047e+02 6.5881298828e+02 6.5891101074e+02 6.5913598633e+02 6.5923699951e+02 6.5923400879e+02 6.5925299072e+02 6.5926397705e+02 6.5927801514e+02 6.5931799316e+02 6.5937701416e+02 6.5945300293e+02 6.5955401611e+02 6.5962799072e+02 6.5969097900e+02 6.5978900146e+02
6.5617602539e+02 6.5627001953e+02 6.5636798096e+02 6.5646600342e+02 6.5652099609e+02 6.5659301758e+02 6.5665899658e+02 6.5673297119e+02 6.5681500244e+02 6.5687597656e+02 6.5695397949e+02 6.5703198242e+02 6.5712402344e+02 6.5720501709e+02 6.5726599121e+02 6.5732397461e+02 6.5739599609e+02 6.5750799561e+02 6.5765802002e+02 6.5780603027e+02 6.5790698242e+02 6.5797100830e+02 6.5801898193e+02 6.5805297852e+02 6.5808001709e+02 6.5812402344e+02 6.5816998291e+02 6.5822601318e+02 6.5830603027e+02 6.5842700195e+02 6.5852301025e+02 6.5863598633e+02 6.5875799561e+02 6.5896099854e+02 6.5910699463e+02 6.5916497803e+02 6.5920898438e+02 6.5924700928e+02 6.5924798584e+02 6.5926599121e+02 6.5931799316e+02 6.5941198730e+02 6.5950598145e+02 6.5956097412e+02 6.5962097168e+02 6.5969897461e+02
6.5603997803e+02 6.5614599609e+02 6.5624499512e+02 6.5633801270e+02 6.5640698242e+02 6.5647601318e+02 6.5654101563e+02 6.5661798096e+02 6.5669299316e+02 6.5676702881e+02 6.5684100342e+02 6.5691497803e+02 6.5700799561e+02 6.5709301758e+02 6.5715698242e+02 6.5720898438e+02 6.5727197266e+02 6.5738299561e+02 6.5753900146e+02 6.5770397949e+02 6.5780999756e+02 6.5785900879e+02 6.5790502930e+02 6.5793902588e+02 6.5796398926e+02 6.5800201416e+02 6.5804400635e+02 6.5809497070e+02 6.5816198730e+02 6.5823901367e+02 6.5832702637e+02 6.5846301270e+02 6.5860900879e+02 6.5876000977e+02 6.5891198730e+02 6.5903399658e+02 6.5912200928e+02 6.5917999268e+02 6.5919799805e+02 6.5920800781e+02 6.5925799561e+02 6.5936297607e+02 6.5944396973e+02 6.5949597168e+02 6.5956701660e+02 6.5963299561e+02
6.5592602539e+02 6.5604302979e+02 6.5612597656e+02 6.5620898438e+02 6.5629302979e+02 6.5635400391e+02 6.5642199707e+02 6.5650299072e+02 6.5657598877e+02 6.5666198730e+02 6.5673199463e+02 6.5679901123e+02 6.5688702393e+02 6.5696697998e+02 6.5704199219e+02 6.5710900879e+02 6.5717498779e+02 6.5726702881e+02 6.5740100098e+02 6.5755700684e+02 6.5766900635e+02 6.5771398926e+02 6.5776000977e+02 6.5779797363e+02 6.5783300781e+02 6.5787402344e+02 6.5791900635e+02 6.5796997070e+02 6.5802600098e+02 6.5807501221e+02 6.5814697266e+02 6.5826599121e+02 6.5841101074e+02 6.5853497314e+02 6.5868499756e+02 6.5883197021e+02 6.5895202637e+02 6.5903997803e+02 6.5910998535e+02 6.5914099121e+02 6.5918499756e+02 6.5928497314e+02 6.5936798096e+02 6.5943298340e+02 6.5951599121e+02 6.5959600830e+02
6.5580798340e+02 6.5591101074e+02 6.5599200439e+02 6.5608599854e+02 6.5616302490e+02 6.5622698975e+02 6.5630798340e+02 6.5639001465e+02 6.5646002197e+02 6.5652697754e+02 6.5659802246e+02 6.5666400146e+02 6.5674401855e+02 6.5683398438e+02 6.5691998291e+02 6.5700799561e+02 6.5708898926e+02 6.5713702393e+02 6.5721997070e+02 6.5734002686e+02 6.5746899414e+02 6.5751898193e+02 6.5757800293e+02 6.5763397217e+02 6.5769201660e+02 6.5774597168e+02 6.5779498291e+02 6.5785101318e+02 6.5790997314e+02 6.5795800781e+02 6.5800598145e+02 6.5807299805e+02 6.5818701172e+02 6.5833697510e+02 6.5848999023e+02 6.5860998535e+02 6.5870202637e+02 6.5884197998e+02 6.5896197510e+02 6.5903002930e+02 6.5909698486e+02 6.5918402100e+02 6.5926800537e+02 6.5934899902e+02 6.5944500732e+02 6.5954602051e+02
6.5567999268e+02 6.5578198242e+02 6.5586901855e+02 6.5596600342e+02 6.5603802490e+02 6.5611199951e+02 6.5619702148e+02 6.5627697754e+02 6.5634899902e+02 6.5641400146e+02 6.5648498535e+02 6.5654901123e+02 6.5662500000e+02 6.5671899414e+02 6.5679998779e+02 6.5688397217e+02 6.5697302246e+02 6.5702697754e+02 6.5709399414e+02 6.5719201660e+02 6.5729901123e+02 6.5734301758e+02 6.5741900635e+02 6.5747900391e+02 6.5751202393e+02 6.5757397461e+02 6.5764300537e+02 6.5771600342e+02 6.5779101563e+02 6.5784002686e+02 6.5790197754e+02 6.5795599365e+02 6.5803198242e+02 6.5814099121e+02 6.5826599121e+02 6.5838098145e+02 6.5849902344e+02 6.5865600586e+02 6.5876800537e+02 6.5885498047e+02 6.5894299316e+02 6.5903497314e+02 6.5912902832e+02 6.5923400879e+02 6.5934497070e+02 6.5945800781e+02
6.5555499268e+02 6.5565100098e+02 6.5574597168e+02 6.5584698486e+02 6.5592797852e+02 6.5600897217e+02 6.5609100342e+02 6.5616998291e+02 6.5624200439e+02 6.5630700684e+02 6.5638098145e+02 6.5645202637e+02 6.5653100586e+02 6.5660601807e+02 6.5667602539e+02 6.5675701904e+02 6.5684399414e+02 6.5691198730e+02 6.5698999023e+02 6.5709301758e+02 6.5719500732e+02 6.5724700928e+02 6.5730798340e+02 6.5734600830e+02 6.5735797119e+02 6.5741998291e+02 6.5749102783e+02 6.5757299805e+02 6.5766497803e+02 6.5771997070e+02 6.5779998779e+02 6.5786102295e+02 6.5791302490e+02 6.5799200439e+02 6.5808898926e+02 6.5818798828e+02 6.5830401611e+02 6.5845898438e+02 6.5857202148e+02 6.5868902588e+02 6.5878997803e+02 6.5888000488e+02 6.5897198486e+02 6.5907299805e+02 6.5917999268e+02 6.5929302979e+02
6.5542999268e+02 6.5553399658e+02 6.5562701416e+02 6.5572497559e+02 6.5581298828e+02 6.5590002441e+02 6.5598400879e+02 6.5606097412e+02 6.5613201904e+02 6.5620397949e+02 6.5628198242e+02 6.5635601807e+02 6.5642999268e+02 6.5649401855e+02 6.5656201172e+02 6.5664202881e+02 6.5671899414e+02 6.5678802490e+02 6.5686602783e+02 6.5696301270e+02 6.5705603027e+02 6.5711602783e+02 6.5717797852e+02 6.5721801758e+02 6.5723699951e+02 6.5729998779e+02 6.5736297607e+02 6.5743902588e+02 6.5752899170e+02 6.5759600830e+02 6.5768798828e+02 6.5776098633e+02 6.5782098389e+02 6.5789697266e+02 6.5799401855e+02 6.5808502197e+02 6.5817602539e+02 6.5829602051e+02 6.5840399170e+02 6.5853100586e+02 6.5863500977e+02 6.5871697998e+02 6.5879498291e+02 6.5887500000e+02 6.5897198486e+02 6.5908001709e+02
6.5529602051e+02 6.5541198730e+02 6.5550299072e+02 6.5559997559e+02 6.5568798828e+02 6.5578399658e+02 6.5587298584e+02 6.5594299316e+02 6.5600598145e+02 6.5608898926e+02 6.5618103027e+02 6.5625097656e+02 6.5631201172e+02 6.5638598633e+02 6.5646301270e+02 6.5653802490e+02 6.5661102295e+02 6.5667498779e+02 6.5673199463e+02 6.5679699707e+02 6.5684399414e+02 6.5691900635e+02 6.5700402832e+02 6.5707598877e+02 6.5711999512e+02 6.5717901611e+02 6.5724401855e+02 6.5730999756e+02 6.5738897705e+02 6.5747399902e+02 6.5756201172e+02 6.5764202881e+02 6.5772998047e+02 6.5778399658e+02 6.5786297607e+02 6.5795697021e+02 6.5806597900e+02 6.5816101074e+02 6.5825701904e+02 6.5835400391e+02 6.5845501709e+02 6.5853497314e+02 6.5860400391e+02 6.5867498779e+02 6.5876898193e+02 6.5886297607e+02
6.5518402100e+02 6.5528002930e+02 6.5536199951e+02 6.5546600342e+02 6.5556298828e+02 6.5565502930e+02 6.5573699951e+02 6.5582098389e+02 6.5589697266e+02 6.5597497559e+02 6.5606500244e+02 6.5613299561e+02 6.5620098877e+02 6.5627899170e+02 6.5634899902e+02 6.5641400146e+02 6.5647601318e+02 6.5656298828e+02 6.5663000488e+02 6.5669396973e+02 6.5673797607e+02 6.5679602051e+02 6.5686999512e+02 6.5694702148e+02 6.5700799561e+02 6.5707397461e+02 6.5713201904e+02 6.5718701172e+02 6.5727099609e+02 6.5735198975e+02 6.5742401123e+02 6.5750299072e+02 6.5760302734e+02 6.5766802979e+02 6.5772302246e+02 6.5780999756e+02 6.5793499756e+02 6.5802801514e+02 6.5811499023e+02 6.5819299316e+02 6.5827001953e+02 6.5833300781e+02 6.5841601563e+02 6.5849798584e+02 6.5857501221e+02 6.5866302490e+02
6.5507702637e+02 6.5515600586e+02 6.5522497559e+02 6.5533898926e+02 6.5544702148e+02 6.5553601074e+02 6.5560498047e+02 6.5569299316e+02 6.5578497314e+02 6.5585498047e+02 6.5593701172e+02 6.5600299072e+02 6.5607397461e+02 6.5615301514e+02 6.5621899414e+02 6.5628497314e+02 6.5635101318e+02 6.5645001221e+02 6.5651800537e+02 6.5657897949e+02 6.5662500000e+02 6.5667700195e+02 6.5674597168e+02 6.5682501221e+02 6.5689300537e+02 6.5696502686e+02 6.5702197266e+02 6.5708300781e+02 6.5716900635e+02 6.5723297119e+02 6.5729498291e+02 6.5737200928e+02 6.5747198486e+02 6.5754998779e+02 6.5761901855e+02 6.5769299316e+02 6.5777801514e+02 6.5788397217e+02 6.5797900391e+02 6.5805902100e+02 6.5812500000e+02 6.5817999268e+02 6.5825897217e+02 6.5834698486e+02 6.5842797852e+02 6.5851800537e+02
6.5494500732e+02 6.5503002930e+02 6.5509802246e+02 6.5521301270e+02 6.5530999756e+02 6.5540600586e+02 6.5547399902e+02 6.5555102539e+02 6.5564898682e+02 6.5572497559e+02 6.5580798340e+02 6.5588098145e+02 6.5595001221e+02 6.5602001953e+02 6.5609002686e+02 6.5616900635e+02 6.5623602295e+02 6.5631896973e+02 6.5638397217e+02 6.5644201660e+02 6.5649200439e+02 6.5654400635e+02 6.5661700439e+02 6.5670001221e+02 6.5676800537e+02 6.5684002686e+02 6.5690100098e+02 6.5697302246e+02 6.5706201172e+02 6.5711700439e+02 6.5718103027e+02 6.5726000977e+02 6.5734698486e+02 6.5742401123e+02 6.5751702881e+02 6.5760101318e+02 6.5765698242e+02 6.5774298096e+02 6.5783502197e+02 6.5791198730e+02 6.5799401855e+02 6.5804901123e+02 6.5811901855e+02 6.5820397949e+02 6.5827301025e+02 6.5835302734e+02
6.5475402832e+02 6.5488098145e+02 6.5497802734e+02 6.5508197021e+02 6.5515997314e+02 6.5526800537e+02 6.5535198975e+02 6.5543402100e+02 6.5552001953e+02 6.5559600830e+02 6.5567797852e+02 6.5575897217e+02 6.5584497070e+02 6.5590698242e+02 6.5597198486e+02 6.5604302979e+02 6.5610699463e+02 6.5617102051e+02 6.5624499512e+02 6.5631201172e+02 6.5636901855e+02 6.5642401123e+02 6.5650201416e+02 6.5658697510e+02 6.5664801025e+02 6.5672198486e+02 6.5678399658e+02 6.5685498047e+02 6.5693902588e+02 6.5700500488e+02 6.5707897949e+02 6.5715698242e+02 6.5723400879e+02 6.5729797363e+02 6.5738598633e+02 6.5748101807e+02 6.5757202148e+02 6.5763299561e+02 6.5769897461e+02 6.5776300049e+02 6.5785998535e+02 6.5792102051e+02 6.5798602295e+02 6.5805798340e+02 6.5810601807e+02 6.5818902588e+02
6.5461700439e+02 6.5473101807e+02 6.5482702637e+02 6.5491601563e+02 6.5502099609e+02 6.5513299561e+02 6.5522302246e+02 6.5531500244e+02 6.5539300537e+02 6.5546697998e+02 6.5554602051e+02 6.5562902832e+02 6.5571301270e+02 6.5579199219e+02 6.5586102295e+02 6.5592401123e+02 6.5599298096e+02 6.5605499268e+02 6.5610998535e+02 6.5616400146e+02 6.5623901367e+02 6.5631500244e+02 6.5639300537e+02 6.5647198486e+02 6.5653399658e+02 6.5660101318e+02 6.5666601563e+02 6.5673400879e+02 6.5681097412e+02 6.5688800049e+02 6.5696899414e+02 6.5704797363e+02 6.5711798096e+02 6.5718798828e+02 6.5728002930e+02 6.5736999512e+02 6.5746002197e+02 6.5753900146e+02 6.5761297607e+02 6.5765899658e+02 6.5772198486e+02 6.5778002930e+02 6.5784100342e+02 6.5791497803e+02 6.5797900391e+02 6.5804498291e+02
6.5445300293e+02 6.5457800293e+02 6.5467797852e+02 6.5477197266e+02 6.5488897705e+02 6.5499798584e+02 6.5509002686e+02 6.5518298340e+02 6.5525799561e+02 6.5533898926e+02 6.5542297363e+02 6.5550097656e+02 6.5557299805e+02 6.5564501953e+02 6.5571801758e+02 6.5578997803e+02 6.5586297607e+02 6.5593701172e+02 6.5599102783e+02 6.5604498291e+02 6.5612200928e+02 6.5618902588e+02 6.5625402832e+02 6.5633300781e+02 6.5640997314e+02 6.5646997070e+02 6.5653698730e+02 6.5660998535e+02 6.5668701172e+02 6.5676000977e+02 6.5684197998e+02 6.5692199707e+02 6.5699700928e+02 6.5706402588e+02 6.5714898682e+02 6.5724798584e+02 6.5732598877e+02 6.5741497803e+02 6.5749597168e+02 6.5753900146e+02 6.5757501221e+02 6.5763299561e+02 6.5771099854e+02 6.5778601074e+02 6.5784497070e+02 6.5789398193e+02
6.5428997803e+02 6.5443298340e+02 6.5453997803e+02 6.5464001465e+02 6.5475402832e+02 6.5485400391e+02 6.5494799805e+02 6.5504602051e+02 6.5512298584e+02 6.5520800781e+02 6.5529302979e+02 6.5536602783e+02 6.5543103027e+02 6.5549597168e+02 6.5557800293e+02 6.5566400146e+02 6.5573297119e+02 6.5580902100e+02 6.5587402344e+02 6.5593402100e+02 6.5599798584e+02 6.5606597900e+02 6.5612597656e+02 6.5620501709e+02 6.5628198242e+02 6.5634399414e+02 6.5641302490e+02 6.5649102783e+02 6.5656701660e+02 6.5663500977e+02 6.5671398926e+02 6.5679400635e+02 6.5687799072e+02 6.5694897461e+02 6.5702301025e+02 6.5711999512e+02 6.5719598389e+02 6.5727398682e+02 6.5735101318e+02 6.5740997314e+02 6.5745001221e+02 6.5749597168e+02 6.5757598877e+02 6.5764898682e+02 6.5770697021e+02 6.5776898193e+02
