TESTSERVER/18/9.asc
NCOLS 100
NROWS 100
XLLCORNER 8.3997500000e+03
YLLCORNER 2.8950025000e+05
CELLSIZE 5.0000000000e-01
NODATA_VALUE -9.9990000000e+03
[rows 20 to 39 of 100, columns 46 to 91 of 100]
6.5427600098e+02 6.5435302734e+02 6.5443499756e+02 6.5449597168e+02 6.5455401611e+02 6.5460797119e+02 6.5466198730e+02 6.5478497314e+02 6.5488702393e+02 6.5495599365e+02 6.5500097656e+02 6.5500799561e+02 6.5511401367e+02 6.5524102783e+02 6.5534197998e+02 6.5550500488e+02 6.5561401367e+02 6.5566198730e+02 6.5571997070e+02 6.5586700439e+02 6.5598602295e+02 6.5610900879e+02 6.5621099854e+02 6.5634197998e+02 6.5646398926e+02 6.5658697510e+02 6.5670300293e+02 6.5684698486e+02 6.5699700928e+02 6.5715600586e+02 6.5725598145e+02 6.5734002686e+02 6.5747100830e+02 6.5762902832e+02 6.5777398682e+02 6.5791998291e+02 6.5806896973e+02 6.5818902588e+02 6.5830102539e+02 6.5842700195e+02 6.5857098389e+02 6.5872302246e+02 6.5887402344e+02 6.5900000000e+02 6.5913598633e+02 6.5928100586e+02
6.5404998779e+02 6.5413299561e+02 6.5422698975e+02 6.5431201172e+02 6.5437597656e+02 6.5442999268e+02 6.5447802734e+02 6.5455700684e+02 6.5465399170e+02 6.5473901367e+02 6.5483599854e+02 6.5487200928e+02 6.5492700195e+02 6.5502001953e+02 6.5512402344e+02 6.5528399658e+02 6.5544097900e+02 6.5552301025e+02 6.5557800293e+02 6.5567602539e+02 6.5577801514e+02 6.5591900635e+02 6.5602301025e+02 6.5617797852e+02 6.5630200195e+02 6.5641601563e+02 6.5651501465e+02 6.5664697266e+02 6.5677398682e+02 6.5694097900e+02 6.5710400391e+02 6.5720501709e+02 6.5730700684e+02 6.5741497803e+02 6.5756799316e+02 6.5775598145e+02 6.5792797852e+02 6.5805102539e+02 6.5815399170e+02 6.5828997803e+02 6.5842797852e+02 6.5857000732e+02 6.5871801758e+02 6.5885302734e+02 6.5897900391e+02 6.5910302734e+02
6.5387298584e+02 6.5394598389e+02 6.5402099609e+02 6.5409497070e+02 6.5416400146e+02 6.5424298096e+02 6.5430401611e+02 6.5436401367e+02 6.5443798828e+02 6.5450799561e+02 6.5463000488e+02 6.5470800781e+02 6.5478497314e+02 6.5486199951e+02 6.5492401123e+02 6.5504400635e+02 6.5517401123e+02 6.5528698730e+02 6.5540802002e+02 6.5550598145e+02 6.5557598877e+02 6.5569201660e+02 6.5580200195e+02 6.5596899414e+02 6.5610900879e+02 6.5624298096e+02 6.5635400391e+02 6.5647302246e+02 6.5656701660e+02 6.5671502686e+02 6.5690002441e+02 6.5704699707e+02 6.5716198730e+02 6.5725097656e+02 6.5738897705e+02 6.5754901123e+02 6.5771697998e+02 6.5786798096e+02 6.5800897217e+02 6.5815899658e+02 6.5828497314e+02 6.5842297363e+02 6.5856201172e+02 6.5869799805e+02 6.5884002686e+02 6.5897302246e+02
6.5371301270e+02 6.5376898193e+02 6.5381799316e+02 6.5388702393e+02 6.5396398926e+02 6.5404699707e+02 6.5411401367e+02 6.5418902588e+02 6.5425299072e+02 6.5429498291e+02 6.5439099121e+02 6.5446997070e+02 6.5460601807e+02 6.5472100830e+02 6.5478002930e+02 6.5484698486e+02 6.5494897461e+02 6.5507702637e+02 6.5521899414e+02 6.5535198975e+02 6.5544201660e+02 6.5553302002e+02 6.5559802246e+02 6.5574298096e+02 6.5588800049e+02 6.5603900146e+02 6.5617102051e+02 6.5629699707e+02 6.5638897705e+02 6.5653100586e+02 6.5668902588e+02 6.5683099365e+02 6.5697198486e+02 6.5709100342e+02 6.5724902344e+02 6.5736199951e+02 6.5751098633e+02 6.5767199707e+02 6.5784399414e+02 6.5800201416e+02 6.5813000488e+02 6.5826599121e+02 6.5839599609e+02 6.5852197266e+02 6.5867102051e+02 6.5882397461e+02
6.5351000977e+02 6.5356799316e+02 6.5361602783e+02 6.5369396973e+02 6.5376397705e+02 6.5382897949e+02 6.5390997314e+02 6.5398699951e+02 6.5406298828e+02 6.5411901855e+02 6.5419201660e+02 6.5424102783e+02 6.5435699463e+02 6.5450598145e+02 6.5464599609e+02 6.5469396973e+02 6.5477301025e+02 6.5489099121e+02 6.5500299072e+02 6.5514202881e+02 6.5527502441e+02 6.5538702393e+02 6.5544500732e+02 6.5555603027e+02 6.5569000244e+02 6.5583300781e+02 6.5594702148e+02 6.5609899902e+02 6.5621197510e+02 6.5636401367e+02 6.5651300049e+02 6.5661297607e+02 6.5673297119e+02 6.5689202881e+02 6.5711999512e+02 6.5723498535e+02 6.5736401367e+02 6.5750097656e+02 6.5767700195e+02 6.5784301758e+02 6.5797399902e+02 6.5810302734e+02 6.5823199463e+02 6.5838397217e+02 6.5850299072e+02 6.5862402344e+02
6.5331097412e+02 6.5336798096e+02 6.5341998291e+02 6.5350000000e+02 6.5355999756e+02 6.5362799072e+02 6.5371997070e+02 6.5378198242e+02 6.5384600830e+02 6.5392297363e+02 6.5403497314e+02 6.5407897949e+02 6.5415502930e+02 6.5425000000e+02 6.5439599609e+02 6.5453497314e+02 6.5458502197e+02 6.5465502930e+02 6.5481201172e+02 6.5494299316e+02 6.5504498291e+02 6.5518402100e+02 6.5529302979e+02 6.5541198730e+02 6.5552502441e+02 6.5564697266e+02 6.5575897217e+02 6.5590802002e+02 6.5601397705e+02 6.5616601563e+02 6.5633398438e+02 6.5650097656e+02 6.5661199951e+02 6.5671899414e+02 6.5689099121e+02 6.5705297852e+02 6.5721099854e+02 6.5733099365e+02 6.5747497559e+02 6.5765698242e+02 6.5783300781e+02 6.5796801758e+02 6.5808502197e+02 6.5823498535e+02 6.5835797119e+02 6.5846099854e+02
6.5312402344e+02 6.5318402100e+02 6.5325097656e+02 6.5332000732e+02 6.5337298584e+02 6.5344702148e+02 6.5354302979e+02 6.5359899902e+02 6.5365399170e+02 6.5372601318e+02 6.5385998535e+02 6.5390997314e+02 6.5396197510e+02 6.5402697754e+02 6.5414801025e+02 6.5432702637e+02 6.5442401123e+02 6.5446600342e+02 6.5459399414e+02 6.5472198486e+02 6.5482000732e+02 6.5496099854e+02 6.5509802246e+02 6.5525299072e+02 6.5538397217e+02 6.5549298096e+02 6.5557800293e+02 6.5571197510e+02 6.5581799316e+02 6.5597302246e+02 6.5614202881e+02 6.5633099365e+02 6.5645800781e+02 6.5654901123e+02 6.5669097900e+02 6.5686700439e+02 6.5705102539e+02 6.5718902588e+02 6.5730200195e+02 6.5746502686e+02 6.5766302490e+02 6.5782800293e+02 6.5795599365e+02 6.5808801270e+02 6.5821997070e+02 6.5833599854e+02
6.5294000244e+02 6.5300000000e+02 6.5307000732e+02 6.5313800049e+02 6.5319201660e+02 6.5326300049e+02 6.5335302734e+02 6.5340301514e+02 6.5346997070e+02 6.5354901123e+02 6.5367797852e+02 6.5373199463e+02 6.5379901123e+02 6.5386499023e+02 6.5393701172e+02 6.5408099365e+02 6.5423699951e+02 6.5429998779e+02 6.5435699463e+02 6.5447900391e+02 6.5461499023e+02 6.5476000977e+02 6.5489202881e+02 6.5505700684e+02 6.5521502686e+02 6.5534399414e+02 6.5542901611e+02 6.5555102539e+02 6.5565502930e+02 6.5581500244e+02 6.5596600342e+02 6.5611901855e+02 6.5625402832e+02 6.5638000488e+02 6.5654602051e+02 6.5669000244e+02 6.5686999512e+02 6.5704199219e+02 6.5716699219e+02 6.5728601074e+02 6.5745098877e+02 6.5762701416e+02 6.5779998779e+02 6.5792700195e+02 6.5806597900e+02 6.5820098877e+02
6.5275701904e+02 6.5280499268e+02 6.5284497070e+02 6.5292602539e+02 6.5298999023e+02 6.5306500244e+02 6.5313098145e+02 6.5319201660e+02 6.5328601074e+02 6.5339599609e+02 6.5351098633e+02 6.5353399658e+02 6.5363000488e+02 6.5371899414e+02 6.5375500488e+02 6.5383599854e+02 6.5396697998e+02 6.5409301758e+02 6.5423901367e+02 6.5427398682e+02 6.5439398193e+02 6.5454498291e+02 6.5468597412e+02 6.5483099365e+02 6.5498199463e+02 6.5513800049e+02 6.5528100586e+02 6.5539898682e+02 6.5549200439e+02 6.5565600586e+02 6.5580499268e+02 6.5592700195e+02 6.5604602051e+02 6.5619000244e+02 6.5640301514e+02 6.5654302979e+02 6.5669799805e+02 6.5687200928e+02 6.5705603027e+02 6.5715002441e+02 6.5727197266e+02 6.5743402100e+02 6.5762200928e+02 6.5776397705e+02 6.5790802002e+02 6.5804797363e+02
6.5258197021e+02 6.5265197754e+02 6.5266400146e+02 6.5274597168e+02 6.5279998779e+02 6.5287500000e+02 6.5295300293e+02 6.5300500488e+02 6.5308697510e+02 6.5317901611e+02 6.5328399658e+02 6.5330902100e+02 6.5340002441e+02 6.5351000977e+02 6.5359899902e+02 6.5367999268e+02 6.5376098633e+02 6.5386700439e+02 6.5404602051e+02 6.5413598633e+02 6.5421801758e+02 6.5433599854e+02 6.5443499756e+02 6.5456097412e+02 6.5472601318e+02 6.5490100098e+02 6.5506799316e+02 6.5522399902e+02 6.5531597900e+02 6.5546697998e+02 6.5560400391e+02 6.5572998047e+02 6.5584301758e+02 6.5598101807e+02 6.5622100830e+02 6.5638201904e+02 6.5652099609e+02 6.5665100098e+02 6.5684399414e+02 6.5701599121e+02 6.5713702393e+02 6.5727899170e+02 6.5745599365e+02 6.5760601807e+02 6.5773999023e+02 6.5787799072e+02
6.5239697266e+02 6.5246502686e+02 6.5248699951e+02 6.5257501221e+02 6.5262298584e+02 6.5268402100e+02 6.5276202393e+02 6.5282501221e+02 6.5289001465e+02 6.5295202637e+02 6.5304400635e+02 6.5307000732e+02 6.5316601563e+02 6.5328002930e+02 6.5340899658e+02 6.5352801514e+02 6.5360998535e+02 6.5367797852e+02 6.5381701660e+02 6.5395202637e+02 6.5405401611e+02 6.5416198730e+02 6.5426300049e+02 6.5438800049e+02 6.5454498291e+02 6.5470300293e+02 6.5484802246e+02 6.5503497314e+02 6.5514398193e+02 6.5528900146e+02 6.5541900635e+02 6.5556201172e+02 6.5565899658e+02 6.5578302002e+02 6.5601202393e+02 6.5618798828e+02 6.5636499023e+02 6.5649102783e+02 6.5664697266e+02 6.5684997559e+02 6.5698797607e+02 6.5710302734e+02 6.5727197266e+02 6.5744500732e+02 6.5758197021e+02 6.5772802734e+02
6.5220501709e+02 6.5226000977e+02 6.5230200195e+02 6.5238397217e+02 6.5243597412e+02 6.5249401855e+02 6.5256799316e+02 6.5264599609e+02 6.5270501709e+02 6.5275799561e+02 6.5284301758e+02 6.5286297607e+02 6.5297399902e+02 6.5308801270e+02 6.5320697021e+02 6.5333502197e+02 6.5344097900e+02 6.5351397705e+02 6.5362298584e+02 6.5376098633e+02 6.5387701416e+02 6.5398901367e+02 6.5409600830e+02 6.5423602295e+02 6.5439202881e+02 6.5453601074e+02 6.5464898682e+02 6.5482397461e+02 6.5493902588e+02 6.5509899902e+02 6.5523498535e+02 6.5538598633e+02 6.5549798584e+02 6.5562200928e+02 6.5580798340e+02 6.5597100830e+02 6.5618200684e+02 6.5635498047e+02 6.5649200439e+02 6.5664801025e+02 6.5680798340e+02 6.5692199707e+02 6.5707202148e+02 6.5726800537e+02 6.5742602539e+02 6.5756298828e+02
6.5203997803e+02 6.5208001709e+02 6.5212701416e+02 6.5220202637e+02 6.5224902344e+02 6.5231597900e+02 6.5239697266e+02 6.5245800781e+02 6.5251000977e+02 6.5255902100e+02 6.5262701416e+02 6.5266699219e+02 6.5278497314e+02 6.5289599609e+02 6.5299597168e+02 6.5313897705e+02 6.5327398682e+02 6.5337799072e+02 6.5346600342e+02 6.5360302734e+02 6.5373101807e+02 6.5383599854e+02 6.5390802002e+02 6.5404699707e+02 6.5421899414e+02 6.5436499023e+02 6.5446301270e+02 6.5459301758e+02 6.5470898438e+02 6.5489501953e+02 6.5501800537e+02 6.5517498779e+02 6.5532501221e+02 6.5546801758e+02 6.5564001465e+02 6.5575299072e+02 6.5593200684e+02 6.5616998291e+02 6.5637200928e+02 6.5648999023e+02 6.5665502930e+02 6.5679901123e+02 6.5691101074e+02 6.5705200195e+02 6.5724200439e+02 6.5740600586e+02
6.5188500977e+02 6.5192602539e+02 6.5196801758e+02 6.5203002930e+02 6.5208099365e+02 6.5214398193e+02 6.5217999268e+02 6.5221197510e+02 6.5227600098e+02 6.5234802246e+02 6.5244500732e+02 6.5248199463e+02 6.5259197998e+02 6.5270599365e+02 6.5281500244e+02 6.5293902588e+02 6.5305999756e+02 6.5317199707e+02 6.5326898193e+02 6.5342797852e+02 6.5357501221e+02 6.5369299316e+02 6.5377197266e+02 6.5386999512e+02 6.5400799561e+02 6.5416497803e+02 6.5430297852e+02 6.5443499756e+02 6.5452801514e+02 6.5468200684e+02 6.5479602051e+02 6.5495300293e+02 6.5513500977e+02 6.5530700684e+02 6.5551098633e+02 6.5562402344e+02 6.5574902344e+02 6.5595800781e+02 6.5619500732e+02 6.5634399414e+02 6.5647802734e+02 6.5665197754e+02 6.5681896973e+02 6.5690899658e+02 6.5702502441e+02 6.5719799805e+02
6.5170001221e+02 6.5173101807e+02 6.5177398682e+02 6.5183599854e+02 6.5188800049e+02 6.5197497559e+02 6.5201300049e+02 6.5203002930e+02 6.5208697510e+02 6.5214801025e+02 6.5223199463e+02 6.5226800537e+02 6.5239599609e+02 6.5251000977e+02 6.5262500000e+02 6.5274102783e+02 6.5285900879e+02 6.5297998047e+02 6.5308801270e+02 6.5321301270e+02 6.5333898926e+02 6.5347302246e+02 6.5361199951e+02 6.5370697021e+02 6.5380700684e+02 6.5395202637e+02 6.5410900879e+02 6.5427099609e+02 6.5437597656e+02 6.5451702881e+02 6.5463500977e+02 6.5476898193e+02 6.5493103027e+02 6.5509497070e+02 6.5530401611e+02 6.5547302246e+02 6.5561297607e+02 6.5575402832e+02 6.5594799805e+02 6.5613299561e+02 6.5627301025e+02 6.5643798828e+02 6.5664300537e+02 6.5679199219e+02 6.5686999512e+02 6.5698999023e+02
6.5152600098e+02 6.5154199219e+02 6.5155902100e+02 6.5159802246e+02 6.5163897705e+02 6.5174200439e+02 6.5183697510e+02 6.5187200928e+02 6.5191601563e+02 6.5195697021e+02 6.5203002930e+02 6.5205499268e+02 6.5216302490e+02 6.5227301025e+02 6.5243597412e+02 6.5257202148e+02 6.5268798828e+02 6.5280102539e+02 6.5291998291e+02 6.5304302979e+02 6.5314801025e+02 6.5326202393e+02 6.5340997314e+02 6.5354998779e+02 6.5365899658e+02 6.5378601074e+02 6.5391998291e+02 6.5410601807e+02 6.5423400879e+02 6.5438299561e+02 6.5450897217e+02 6.5463800049e+02 6.5477398682e+02 6.5490301514e+02 6.5507897949e+02 6.5527398682e+02 6.5546099854e+02 6.5560797119e+02 6.5575097656e+02 6.5591699219e+02 6.5608099365e+02 6.5623699951e+02 6.5640997314e+02 6.5660900879e+02 6.5674798584e+02 6.5685998535e+02
6.5133502197e+02 6.5136901855e+02 6.5139599609e+02 6.5143902588e+02 6.5147802734e+02 6.5154498291e+02 6.5163000488e+02 6.5169799805e+02 6.5174499512e+02 6.5178802490e+02 6.5184899902e+02 6.5187902832e+02 6.5190899658e+02 6.5200701904e+02 6.5222497559e+02 6.5241101074e+02 6.5252301025e+02 6.5261297607e+02 6.5272998047e+02 6.5289001465e+02 6.5302801514e+02 6.5311901855e+02 6.5319097900e+02 6.5334497070e+02 6.5351098633e+02 6.5365301514e+02 6.5376800537e+02 6.5393701172e+02 6.5405603027e+02 6.5420098877e+02 6.5434497070e+02 6.5449401855e+02 6.5464898682e+02 6.5476702881e+02 6.5490997314e+02 6.5503698730e+02 6.5521502686e+02 6.5544201660e+02 6.5564898682e+02 6.5576000977e+02 6.5591302490e+02 6.5609100342e+02 6.5626702881e+02 6.5639398193e+02 6.5653698730e+02 6.5670697021e+02
6.5109399414e+02 6.5114898682e+02 6.5122302246e+02 6.5130999756e+02 6.5136700439e+02 6.5141302490e+02 6.5146398926e+02 6.5151800537e+02 6.5155401611e+02 6.5159997559e+02 6.5168298340e+02 6.5175201416e+02 6.5179602051e+02 6.5184197998e+02 6.5194702148e+02 6.5212402344e+02 6.5232702637e+02 6.5244799805e+02 6.5252600098e+02 6.5267498779e+02 6.5284698486e+02 6.5298498535e+02 6.5304797363e+02 6.5315698242e+02 6.5333099365e+02 6.5350097656e+02 6.5359997559e+02 6.5375701904e+02 6.5386499023e+02 6.5401898193e+02 6.5417999268e+02 6.5435198975e+02 6.5449700928e+02 6.5462200928e+02 6.5478399658e+02 6.5490197754e+02 6.5503900146e+02 6.5522601318e+02 6.5541802979e+02 6.5559100342e+02 6.5571697998e+02 6.5584301758e+02 6.5600799561e+02 6.5618798828e+02 6.5634698486e+02 6.5651300049e+02
6.5092797852e+02 6.5096502686e+02 6.5102398682e+02 6.5110198975e+02 6.5117102051e+02 6.5124102783e+02 6.5131298828e+02 6.5136102295e+02 6.5138397217e+02 6.5141400146e+02 6.5148699951e+02 6.5157397461e+02 6.5166998291e+02 6.5173999023e+02 6.5178900146e+02 6.5188000488e+02 6.5208801270e+02 6.5226800537e+02 6.5238098145e+02 6.5249700928e+02 6.5264501953e+02 6.5279901123e+02 6.5291900635e+02 6.5301599121e+02 6.5315399170e+02 6.5331597900e+02 6.5343798828e+02 6.5359802246e+02 6.5370397949e+02 6.5385699463e+02 6.5399700928e+02 6.5416302490e+02 6.5429302979e+02 6.5443103027e+02 6.5462701416e+02 6.5475201416e+02 6.5490899658e+02 6.5506402588e+02 6.5519702148e+02 6.5537799072e+02 6.5554699707e+02 6.5568798828e+02 6.5582202148e+02 6.5598498535e+02 6.5615399170e+02 6.5633398438e+02
6.5079302979e+02 6.5080902100e+02 6.5084197998e+02 6.5091699219e+02 6.5097100830e+02 6.5104400635e+02 6.5114801025e+02 6.5120697021e+02 6.5125201416e+02 6.5128198242e+02 6.5132299805e+02 6.5140002441e+02 6.5151702881e+02 6.5162500000e+02 6.5169000244e+02 6.5171600342e+02 6.5182800293e+02 6.5199499512e+02 6.5220001221e+02 6.5235699463e+02 6.5248400879e+02 6.5260400391e+02 6.5275500488e+02 6.5288397217e+02 6.5299499512e+02 6.5313299561e+02 6.5327099609e+02 6.5343701172e+02 6.5354901123e+02 6.5369799805e+02 6.5381298828e+02 6.5396301270e+02 6.5409197998e+02 6.5423699951e+02 6.5444000244e+02 6.5455102539e+02 6.5473498535e+02 6.5491101074e+02 6.5502899170e+02 6.5516101074e+02 6.5536297607e+02 6.5555700684e+02 6.5567602539e+02 6.5579602051e+02 6.5595098877e+02 6.5612902832e+02
