TESTSERVER/18/9.asc
NCOLS 100
NROWS 100
XLLCORNER 8.3997500000e+03
YLLCORNER 2.8950025000e+05
CELLSIZE 5.0000000000e-01
NODATA_VALUE -9.9990000000e+03
[rows 60 to 79 of 100, columns 46 to 91 of 100]
6.4738201904e+02 6.4743701172e+02 6.4751397705e+02 6.4759399414e+02 6.4765502930e+02 6.4770300293e+02 6.4776898193e+02 6.4787500000e+02 6.4798297119e+02 6.4810699463e+02 6.4821697998e+02 6.4828601074e+02 6.4840698242e+02 6.4855902100e+02 6.4871398926e+02 6.4881799316e+02 6.4894799805e+02 6.4907000732e+02 6.4922198486e+02 6.4939001465e+02 6.4951397705e+02 6.4959802246e+02 6.4972497559e+02 6.4986999512e+02 6.4999401855e+02 6.5010797119e+02 6.5025097656e+02 6.5038800049e+02 6.5053698730e+02 6.5071099854e+02 6.5081201172e+02 6.5096099854e+02 6.5109497070e+02 6.5120397949e+02 6.5132000732e+02 6.5142102051e+02 6.5151898193e+02 6.5161901855e+02 6.5172998047e+02 6.5182501221e+02 6.5190997314e+02 6.5202899170e+02 6.5213299561e+02 6.5223699951e+02 6.5233300781e+02 6.5243402100e+02
6.4722497559e+02 6.4730200195e+02 6.4737298584e+02 6.4743902588e+02 6.4750402832e+02 6.4754998779e+02 6.4761499023e+02 6.4772302246e+02 6.4782501221e+02 6.4794000244e+02 6.4805798340e+02 6.4814697266e+02 6.4823797607e+02 6.4835198975e+02 6.4851397705e+02 6.4863800049e+02 6.4875799561e+02 6.4889599609e+02 6.4905297852e+02 6.4919799805e+02 6.4933300781e+02 6.4943298340e+02 6.4954302979e+02 6.4969396973e+02 6.4984497070e+02 6.4997302246e+02 6.5012402344e+02 6.5025299072e+02 6.5034802246e+02 6.5051599121e+02 6.5066497803e+02 6.5082299805e+02 6.5093103027e+02 6.5103997803e+02 6.5117999268e+02 6.5129602051e+02 6.5140997314e+02 6.5151000977e+02 6.5159301758e+02 6.5167498779e+02 6.5176000977e+02 6.5187799072e+02 6.5198297119e+02 6.5209802246e+02 6.5219702148e+02 6.5228900146e+02
6.4704400635e+02 6.4710900879e+02 6.4717797852e+02 6.4725500488e+02 6.4732800293e+02 6.4738299561e+02 6.4745898438e+02 6.4756402588e+02 6.4766198730e+02 6.4777099609e+02 6.4788702393e+02 6.4796301270e+02 6.4804797363e+02 6.4812902832e+02 6.4828997803e+02 6.4844396973e+02 6.4858502197e+02 6.4872698975e+02 6.4887799072e+02 6.4902398682e+02 6.4915600586e+02 6.4927001953e+02 6.4937500000e+02 6.4952301025e+02 6.4967901611e+02 6.4982501221e+02 6.4999700928e+02 6.5010498047e+02 6.5016601563e+02 6.5032501221e+02 6.5051300049e+02 6.5067999268e+02 6.5078198242e+02 6.5089300537e+02 6.5103698730e+02 6.5115698242e+02 6.5128497314e+02 6.5138702393e+02 6.5145800781e+02 6.5153399658e+02 6.5161602783e+02 6.5172998047e+02 6.5182202148e+02 6.5192401123e+02 6.5203302002e+02 6.5212402344e+02
6.4686102295e+02 6.4691302490e+02 6.4698699951e+02 6.4706402588e+02 6.4714099121e+02 6.4720898438e+02 6.4730102539e+02 6.4740301514e+02 6.4750299072e+02 6.4760797119e+02 6.4770098877e+02 6.4778302002e+02 6.4790399170e+02 6.4797802734e+02 6.4811700439e+02 6.4827600098e+02 6.4843200684e+02 6.4856500244e+02 6.4869598389e+02 6.4884600830e+02 6.4896197510e+02 6.4905999756e+02 6.4918103027e+02 6.4933300781e+02 6.4947802734e+02 6.4961901855e+02 6.4979998779e+02 6.4996099854e+02 6.5004998779e+02 6.5018701172e+02 6.5033898926e+02 6.5051098633e+02 6.5064300537e+02 6.5076599121e+02 6.5089398193e+02 6.5100799561e+02 6.5113000488e+02 6.5123199463e+02 6.5132702637e+02 6.5141900635e+02 6.5150500488e+02 6.5161102295e+02 6.5169097900e+02 6.5177697754e+02 6.5187701416e+02 6.5195898438e+02
6.4670397949e+02 6.4675500488e+02 6.4682897949e+02 6.4689398193e+02 6.4695501709e+02 6.4702099609e+02 6.4710797119e+02 6.4721899414e+02 6.4732800293e+02 6.4743200684e+02 6.4751202393e+02 6.4761602783e+02 6.4777001953e+02 6.4785400391e+02 6.4794201660e+02 6.4810797119e+02 6.4826501465e+02 6.4838201904e+02 6.4850097656e+02 6.4864599609e+02 6.4876702881e+02 6.4885900879e+02 6.4897302246e+02 6.4911999512e+02 6.4927899170e+02 6.4941497803e+02 6.4955297852e+02 6.4977197266e+02 6.4992297363e+02 6.5005200195e+02 6.5016400146e+02 6.5032098389e+02 6.5045599365e+02 6.5059100342e+02 6.5073400879e+02 6.5087500000e+02 6.5098602295e+02 6.5109600830e+02 6.5122497559e+02 6.5132299805e+02 6.5140197754e+02 6.5149102783e+02 6.5156500244e+02 6.5163098145e+02 6.5171600342e+02 6.5181201172e+02
6.4653802490e+02 6.4657702637e+02 6.4665899658e+02 6.4672998047e+02 6.4678399658e+02 6.4684802246e+02 6.4693298340e+02 6.4703698730e+02 6.4714398193e+02 6.4724798584e+02 6.4731896973e+02 6.4741101074e+02 6.4757501221e+02 6.4768103027e+02 6.4779797363e+02 6.4793499756e+02 6.4808502197e+02 6.4820300293e+02 6.4831896973e+02 6.4845501709e+02 6.4856298828e+02 6.4866802979e+02 6.4877502441e+02 6.4889898682e+02 6.4907000732e+02 6.4923699951e+02 6.4936798096e+02 6.4953100586e+02 6.4968798828e+02 6.4985302734e+02 6.4999401855e+02 6.5018298340e+02 6.5031402588e+02 6.5041601563e+02 6.5052197266e+02 6.5065301514e+02 6.5078497314e+02 6.5093798828e+02 6.5108898926e+02 6.5120001221e+02 6.5127301025e+02 6.5137097168e+02 6.5146899414e+02 6.5153601074e+02 6.5159802246e+02 6.5165997314e+02
6.4637298584e+02 6.4641900635e+02 6.4648699951e+02 6.4656597900e+02 6.4663500977e+02 6.4670501709e+02 6.4677899170e+02 6.4687597656e+02 6.4698101807e+02 6.4708197021e+02 6.4715100098e+02 6.4723498535e+02 6.4737902832e+02 6.4747802734e+02 6.4760601807e+02 6.4772198486e+02 6.4785900879e+02 6.4799499512e+02 6.4811901855e+02 6.4824102783e+02 6.4835198975e+02 6.4847302246e+02 6.4857501221e+02 6.4868902588e+02 6.4885601807e+02 6.4904101563e+02 6.4919799805e+02 6.4933300781e+02 6.4944299316e+02 6.4956402588e+02 6.4971899414e+02 6.4996899414e+02 6.5013897705e+02 6.5026202393e+02 6.5036199951e+02 6.5047802734e+02 6.5058398438e+02 6.5071899414e+02 6.5088000488e+02 6.5101800537e+02 6.5111102295e+02 6.5120300293e+02 6.5129998779e+02 6.5139599609e+02 6.5149102783e+02 6.5156097412e+02
6.4620202637e+02 6.4626098633e+02 6.4630798340e+02 6.4638500977e+02 6.4646697998e+02 6.4653900146e+02 6.4660498047e+02 6.4669396973e+02 6.4679400635e+02 6.4689898682e+02 6.4698999023e+02 6.4708801270e+02 6.4721600342e+02 6.4731201172e+02 6.4744000244e+02 6.4754101563e+02 6.4765600586e+02 6.4779602051e+02 6.4791400146e+02 6.4801898193e+02 6.4814398193e+02 6.4827301025e+02 6.4837701416e+02 6.4849597168e+02 6.4864801025e+02 6.4882299805e+02 6.4898498535e+02 6.4911297607e+02 6.4922601318e+02 6.4932800293e+02 6.4944897461e+02 6.4968798828e+02 6.4987597656e+02 6.5004101563e+02 6.5018902588e+02 6.5034899902e+02 6.5044201660e+02 6.5055700684e+02 6.5070697021e+02 6.5081298828e+02 6.5091198730e+02 6.5100598145e+02 6.5109497070e+02 6.5118798828e+02 6.5130401611e+02 6.5140197754e+02
6.4602099609e+02 6.4607299805e+02 6.4612597656e+02 6.4620501709e+02 6.4628802490e+02 6.4635498047e+02 6.4642797852e+02 6.4650598145e+02 6.4659698486e+02 6.4670300293e+02 6.4682202148e+02 6.4691802979e+02 6.4705499268e+02 6.4717999268e+02 6.4730499268e+02 6.4740100098e+02 6.4748901367e+02 6.4762298584e+02 6.4775000000e+02 6.4784002686e+02 6.4796002197e+02 6.4808697510e+02 6.4820697021e+02 6.4833801270e+02 6.4846197510e+02 6.4858801270e+02 6.4871801758e+02 6.4883898926e+02 6.4902099609e+02 6.4919097900e+02 6.4925299072e+02 6.4940997314e+02 6.4958599854e+02 6.4976397705e+02 6.4993701172e+02 6.5011901855e+02 6.5026202393e+02 6.5042199707e+02 6.5063098145e+02 6.5070001221e+02 6.5076800537e+02 6.5086798096e+02 6.5096697998e+02 6.5101898193e+02 6.5108801270e+02 6.5115802002e+02
6.4587200928e+02 6.4591101074e+02 6.4597302246e+02 6.4604199219e+02 6.4610998535e+02 6.4617700195e+02 6.4625799561e+02 6.4634100342e+02 6.4643499756e+02 6.4654498291e+02 6.4665301514e+02 6.4674700928e+02 6.4688299561e+02 6.4700097656e+02 6.4713598633e+02 6.4727600098e+02 6.4736102295e+02 6.4745001221e+02 6.4755798340e+02 6.4767999268e+02 6.4780200195e+02 6.4792901611e+02 6.4805798340e+02 6.4817199707e+02 6.4827398682e+02 6.4838201904e+02 6.4851702881e+02 6.4861901855e+02 6.4878997803e+02 6.4898699951e+02 6.4907702637e+02 6.4920300293e+02 6.4936102295e+02 6.4949597168e+02 6.4960699463e+02 6.4978997803e+02 6.4995501709e+02 6.5010601807e+02 6.5028302002e+02 6.5043200684e+02 6.5054199219e+02 6.5066198730e+02 6.5079998779e+02 6.5090899658e+02 6.5096197510e+02 6.5099902344e+02
6.4571099854e+02 6.4574798584e+02 6.4581201172e+02 6.4586499023e+02 6.4592700195e+02 6.4600000000e+02 6.4609399414e+02 6.4618902588e+02 6.4629498291e+02 6.4641101074e+02 6.4651702881e+02 6.4660900879e+02 6.4672698975e+02 6.4683300781e+02 6.4697497559e+02 6.4711602783e+02 6.4721301270e+02 6.4729498291e+02 6.4740197754e+02 6.4753997803e+02 6.4765802002e+02 6.4776898193e+02 6.4788201904e+02 6.4799200439e+02 6.4811401367e+02 6.4822900391e+02 6.4833898926e+02 6.4842102051e+02 6.4854901123e+02 6.4872698975e+02 6.4885900879e+02 6.4898199463e+02 6.4911499023e+02 6.4923297119e+02 6.4932897949e+02 6.4947302246e+02 6.4960498047e+02 6.4971099854e+02 6.4984399414e+02 6.5001397705e+02 6.5014599609e+02 6.5025402832e+02 6.5046099854e+02 6.5064599609e+02 6.5076501465e+02 6.5084899902e+02
6.4555102539e+02 6.4558898926e+02 6.4564898682e+02 6.4570202637e+02 6.4577197266e+02 6.4585400391e+02 6.4595001221e+02 6.4604901123e+02 6.4615698242e+02 6.4627600098e+02 6.4639398193e+02 6.4647998047e+02 6.4659002686e+02 6.4669500732e+02 6.4682202148e+02 6.4694299316e+02 6.4706500244e+02 6.4716601563e+02 6.4725799561e+02 6.4739001465e+02 6.4750000000e+02 6.4759802246e+02 6.4769000244e+02 6.4779998779e+02 6.4793103027e+02 6.4804602051e+02 6.4815301514e+02 6.4824902344e+02 6.4834497070e+02 6.4849798584e+02 6.4866198730e+02 6.4879400635e+02 6.4891802979e+02 6.4903900146e+02 6.4913299561e+02 6.4926300049e+02 6.4939099121e+02 6.4946997070e+02 6.4952301025e+02 6.4963598633e+02 6.4972900391e+02 6.4980102539e+02 6.5002301025e+02 6.5024499512e+02 6.5044897461e+02 6.5057397461e+02
6.4540600586e+02 6.4544500732e+02 6.4548901367e+02 6.4556500244e+02 6.4565301514e+02 6.4573901367e+02 6.4582000732e+02 6.4591400146e+02 6.4601397705e+02 6.4613598633e+02 6.4626898193e+02 6.4634600830e+02 6.4646002197e+02 6.4656097412e+02 6.4666601563e+02 6.4677001953e+02 6.4687799072e+02 6.4700201416e+02 6.4712402344e+02 6.4723199463e+02 6.4733502197e+02 6.4742999268e+02 6.4750201416e+02 6.4762799072e+02 6.4773400879e+02 6.4782501221e+02 6.4795001221e+02 6.4807397461e+02 6.4816601563e+02 6.4830902100e+02 6.4848297119e+02 6.4862200928e+02 6.4872998047e+02 6.4885998535e+02 6.4893402100e+02 6.4905700684e+02 6.4923901367e+02 6.4936102295e+02 6.4941802979e+02 6.4951898193e+02 6.4957897949e+02 6.4958001709e+02 6.4962701416e+02 6.4977398682e+02 6.4999798584e+02 6.5012701416e+02
6.4526702881e+02 6.4532501221e+02 6.4539099121e+02 6.4544299316e+02 6.4553802490e+02 6.4562597656e+02 6.4571301270e+02 6.4580902100e+02 6.4589801025e+02 6.4601898193e+02 6.4614697266e+02 6.4622900391e+02 6.4634802246e+02 6.4642498779e+02 6.4653399658e+02 6.4665399170e+02 6.4673699951e+02 6.4683001709e+02 6.4696002197e+02 6.4708502197e+02 6.4718402100e+02 6.4727600098e+02 6.4736901855e+02 6.4746697998e+02 6.4757000732e+02 6.4765899658e+02 6.4781201172e+02 6.4792297363e+02 6.4800598145e+02 6.4810998535e+02 6.4821197510e+02 6.4838897705e+02 6.4854901123e+02 6.4871301270e+02 6.4877502441e+02 6.4887902832e+02 6.4903601074e+02 6.4913702393e+02 6.4919799805e+02 6.4935998535e+02 6.4952301025e+02 6.4958099365e+02 6.4955401611e+02 6.4953698730e+02 6.4965301514e+02 6.4971899414e+02
6.4511199951e+02 6.4518298340e+02 6.4527899170e+02 6.4532800293e+02 6.4542797852e+02 6.4552600098e+02 6.4561102295e+02 6.4570397949e+02 6.4579602051e+02 6.4591497803e+02 6.4602502441e+02 6.4610400391e+02 6.4620501709e+02 6.4628198242e+02 6.4641601563e+02 6.4653002930e+02 6.4660998535e+02 6.4670098877e+02 6.4683197021e+02 6.4694396973e+02 6.4704602051e+02 6.4714099121e+02 6.4723199463e+02 6.4730603027e+02 6.4740899658e+02 6.4749401855e+02 6.4765100098e+02 6.4774499512e+02 6.4784802246e+02 6.4798199463e+02 6.4808300781e+02 6.4824902344e+02 6.4837200928e+02 6.4852899170e+02 6.4863299561e+02 6.4873999023e+02 6.4886798096e+02 6.4896398926e+02 6.4903198242e+02 6.4909997559e+02 6.4927801514e+02 6.4940301514e+02 6.4943499756e+02 6.4942102051e+02 6.4944500732e+02 6.4944702148e+02
6.4497900391e+02 6.4504400635e+02 6.4514202881e+02 6.4519299316e+02 6.4528997803e+02 6.4539697266e+02 6.4549298096e+02 6.4559802246e+02 6.4569500732e+02 6.4580902100e+02 6.4590399170e+02 6.4597698975e+02 6.4608898926e+02 6.4617102051e+02 6.4629101563e+02 6.4639801025e+02 6.4648199463e+02 6.4657501221e+02 6.4671502686e+02 6.4681701660e+02 6.4691699219e+02 6.4700500488e+02 6.4707897949e+02 6.4715600586e+02 6.4726800537e+02 6.4735198975e+02 6.4748699951e+02 6.4759399414e+02 6.4771002197e+02 6.4784100342e+02 6.4793597412e+02 6.4807098389e+02 6.4820599365e+02 6.4836297607e+02 6.4846697998e+02 6.4858300781e+02 6.4870202637e+02 6.4881097412e+02 6.4892102051e+02 6.4896502686e+02 6.4908502197e+02 6.4919097900e+02 6.4926800537e+02 6.4934002686e+02 6.4936401367e+02 6.4932501221e+02
6.4484698486e+02 6.4491998291e+02 6.4501898193e+02 6.4507702637e+02 6.4514599609e+02 6.4524102783e+02 6.4536700439e+02 6.4549499512e+02 6.4559100342e+02 6.4569201660e+02 6.4578698730e+02 6.4585699463e+02 6.4597900391e+02 6.4607501221e+02 6.4617498779e+02 6.4629400635e+02 6.4637500000e+02 6.4644897461e+02 6.4657897949e+02 6.4669598389e+02 6.4679901123e+02 6.4687902832e+02 6.4694097900e+02 6.4703802490e+02 6.4715100098e+02 6.4722998047e+02 6.4733099365e+02 6.4744396973e+02 6.4757299805e+02 6.4768200684e+02 6.4778900146e+02 6.4793200684e+02 6.4806201172e+02 6.4819500732e+02 6.4829302979e+02 6.4841998291e+02 6.4854602051e+02 6.4866302490e+02 6.4874597168e+02 6.4881500244e+02 6.4890100098e+02 6.4898901367e+02 6.4910101318e+02 6.4920300293e+02 6.4925701904e+02 6.4925000000e+02
6.4471801758e+02 6.4479498291e+02 6.4486199951e+02 6.4492401123e+02 6.4501098633e+02 6.4511700439e+02 6.4523999023e+02 6.4535699463e+02 6.4546502686e+02 6.4557702637e+02 6.4566900635e+02 6.4574298096e+02 6.4585101318e+02 6.4595098877e+02 6.4604699707e+02 6.4615399170e+02 6.4625097656e+02 6.4634197998e+02 6.4645697021e+02 6.4655798340e+02 6.4664099121e+02 6.4672698975e+02 6.4680902100e+02 6.4689202881e+02 6.4700799561e+02 6.4707800293e+02 6.4717700195e+02 6.4728002930e+02 6.4743499756e+02 6.4757000732e+02 6.4764099121e+02 6.4780401611e+02 6.4791497803e+02 6.4805401611e+02 6.4816101074e+02 6.4827899170e+02 6.4839599609e+02 6.4849200439e+02 6.4855401611e+02 6.4865399170e+02 6.4875201416e+02 6.4883099365e+02 6.4895501709e+02 6.4906799316e+02 6.4916900635e+02 6.4917700195e+02
6.4461199951e+02 6.4466400146e+02 6.4471301270e+02 6.4477697754e+02 6.4487902832e+02 6.4499597168e+02 6.4512402344e+02 6.4523297119e+02 6.4534301758e+02 6.4546099854e+02 6.4555401611e+02 6.4564001465e+02 6.4573699951e+02 6.4583099365e+02 6.4592700195e+02 6.4602600098e+02 6.4612200928e+02 6.4621697998e+02 6.4633197021e+02 6.4642102051e+02 6.4650701904e+02 6.4659600830e+02 6.4668402100e+02 6.4677301025e+02 6.4688000488e+02 6.4695300293e+02 6.4707897949e+02 6.4718103027e+02 6.4730999756e+02 6.4744702148e+02 6.4753002930e+02 6.4768402100e+02 6.4780999756e+02 6.4795300293e+02 6.4802197266e+02 6.4810699463e+02 6.4821801758e+02 6.4831597900e+02 6.4840502930e+02 6.4852600098e+02 6.4865899658e+02 6.4874700928e+02 6.4886401367e+02 6.4897100830e+02 6.4907897949e+02 6.4912701416e+02
6.4450402832e+02 6.4454199219e+02 6.4460198975e+02 6.4467199707e+02 6.4477001953e+02 6.4487597656e+02 6.4500500488e+02 6.4512200928e+02 6.4523699951e+02 6.4534600830e+02 6.4542797852e+02 6.4552600098e+02 6.4560998535e+02 6.4569396973e+02 6.4580200195e+02 6.4590399170e+02 6.4600000000e+02 6.4609802246e+02 6.4620501709e+02 6.4628100586e+02 6.4638000488e+02 6.4647497559e+02 6.4655401611e+02 6.4665002441e+02 6.4675897217e+02 6.4684399414e+02 6.4698699951e+02 6.4708398438e+02 6.4717999268e+02 6.4730999756e+02 6.4741101074e+02 6.4755700684e+02 6.4767700195e+02 6.4782098389e+02 6.4786602783e+02 6.4796197510e+02 6.4806597900e+02 6.4816900635e+02 6.4829199219e+02 6.4837902832e+02 6.4852099609e+02 6.4862799072e+02 6.4875201416e+02 6.4885998535e+02 6.4896899414e+02 6.4906201172e+02
