TESTSERVER/3/1.asc
NCOLS 100
NROWS 100
XLLCORNER 7.6497500000e+03
YLLCORNER 2.8990025000e+05
CELLSIZE 5.0000000000e-01
NODATA_VALUE -9.9990000000e+03
[rows 60 to 79 of 100, columns 0 to 45 of 100]
6.4587097168e+02 6.4587500000e+02 6.4588897705e+02 6.4592797852e+02 6.4593499756e+02 6.4595300293e+02 6.4598999023e+02 6.4598101807e+02 6.4599499512e+02 6.4600201416e+02 6.4600500488e+02 6.4598699951e+02 6.4600701904e+02 6.4602197266e+02 6.4602001953e+02 6.4605700684e+02 6.4609399414e+02 6.4609997559e+02 6.4609399414e+02 6.4611499023e+02 6.4615100098e+02 6.4617498779e+02 6.4617102051e+02 6.4617797852e+02 6.4619799805e+02 6.4623199463e+02 6.4624597168e+02 6.4627801514e+02 6.4630902100e+02 6.4634899902e+02 6.4638598633e+02 6.4639801025e+02 6.4641497803e+02 6.4644799805e+02 6.4645001221e+02 6.4650201416e+02 6.4653198242e+02 6.4655798340e+02 6.4657299805e+02 6.4659997559e+02 6.4663397217e+02 6.4666101074e+02 6.4669299316e+02 6.4676702881e+02 6.4681201172e+02 6.4684197998e+02
6.4588702393e+02 6.4589898682e+02 6.4590600586e+02 6.4594799805e+02 6.4596801758e+02 6.4597601318e+02 6.4600201416e+02 6.4601898193e+02 6.4604199219e+02 6.4602899170e+02 6.4602197266e+02 6.4601397705e+02 6.4603399658e+02 6.4604699707e+02 6.4605902100e+02 6.4608197021e+02 6.4609698486e+02 6.4611798096e+02 6.4613397217e+02 6.4614001465e+02 6.4616101074e+02 6.4617498779e+02 6.4617297363e+02 6.4620599365e+02 6.4622698975e+02 6.4625598145e+02 6.4627301025e+02 6.4629199219e+02 6.4631201172e+02 6.4634002686e+02 6.4637097168e+02 6.4639599609e+02 6.4641400146e+02 6.4644799805e+02 6.4647399902e+02 6.4649200439e+02 6.4650897217e+02 6.4654901123e+02 6.4657098389e+02 6.4659002686e+02 6.4662200928e+02 6.4663598633e+02 6.4665698242e+02 6.4673498535e+02 6.4678802490e+02 6.4682598877e+02
6.4590698242e+02 6.4593103027e+02 6.4594396973e+02 6.4595599365e+02 6.4597802734e+02 6.4598602295e+02 6.4600500488e+02 6.4602600098e+02 6.4602697754e+02 6.4601800537e+02 6.4602801514e+02 6.4603002930e+02 6.4603997803e+02 6.4607098389e+02 6.4608398438e+02 6.4611199951e+02 6.4611999512e+02 6.4614697266e+02 6.4616198730e+02 6.4615502930e+02 6.4617999268e+02 6.4620501709e+02 6.4619500732e+02 6.4622601318e+02 6.4625097656e+02 6.4628302002e+02 6.4630999756e+02 6.4633001709e+02 6.4634497070e+02 6.4636999512e+02 6.4638000488e+02 6.4640197754e+02 6.4641198730e+02 6.4644598389e+02 6.4648999023e+02 6.4649298096e+02 6.4650299072e+02 6.4653802490e+02 6.4655999756e+02 6.4659600830e+02 6.4662097168e+02 6.4662799072e+02 6.4666400146e+02 6.4672998047e+02 6.4679199219e+02 6.4684698486e+02
6.4594201660e+02 6.4596997070e+02 6.4597802734e+02 6.4596801758e+02 6.4598797607e+02 6.4601300049e+02 6.4605200195e+02 6.4607397461e+02 6.4604400635e+02 6.4603601074e+02 6.4605700684e+02 6.4605200195e+02 6.4604699707e+02 6.4608697510e+02 6.4609899902e+02 6.4611499023e+02 6.4611798096e+02 6.4614398193e+02 6.4615002441e+02 6.4614697266e+02 6.4616900635e+02 6.4621099854e+02 6.4621801758e+02 6.4623498535e+02 6.4626397705e+02 6.4630499268e+02 6.4633001709e+02 6.4634899902e+02 6.4636499023e+02 6.4638299561e+02 6.4638598633e+02 6.4640997314e+02 6.4642102051e+02 6.4645898438e+02 6.4649401855e+02 6.4650097656e+02 6.4653100586e+02 6.4655700684e+02 6.4656799316e+02 6.4660797119e+02 6.4663201904e+02 6.4664697266e+02 6.4669598389e+02 6.4673901367e+02 6.4680902100e+02 6.4687200928e+02
6.4594897461e+02 6.4596801758e+02 6.4598400879e+02 6.4598400879e+02 6.4600299072e+02 6.4603198242e+02 6.4607098389e+02 6.4610400391e+02 6.4607202148e+02 6.4605902100e+02 6.4607501221e+02 6.4608099365e+02 6.4607702637e+02 6.4610699463e+02 6.4611999512e+02 6.4614697266e+02 6.4614398193e+02 6.4614697266e+02 6.4614202881e+02 6.4616302490e+02 6.4616302490e+02 6.4620202637e+02 6.4624902344e+02 6.4625097656e+02 6.4626898193e+02 6.4630902100e+02 6.4634899902e+02 6.4636999512e+02 6.4637200928e+02 6.4636999512e+02 6.4639001465e+02 6.4643499756e+02 6.4643902588e+02 6.4646197510e+02 6.4647601318e+02 6.4648498535e+02 6.4652099609e+02 6.4654302979e+02 6.4655499268e+02 6.4657598877e+02 6.4660998535e+02 6.4664801025e+02 6.4670397949e+02 6.4676098633e+02 6.4682702637e+02 6.4687902832e+02
6.4591900635e+02 6.4592797852e+02 6.4595202637e+02 6.4597302246e+02 6.4598602295e+02 6.4598699951e+02 6.4600897217e+02 6.4603198242e+02 6.4604199219e+02 6.4604699707e+02 6.4604602051e+02 6.4608099365e+02 6.4611499023e+02 6.4613897705e+02 6.4613000488e+02 6.4616101074e+02 6.4617102051e+02 6.4616101074e+02 6.4615600586e+02 6.4616601563e+02 6.4617401123e+02 6.4621398926e+02 6.4627899170e+02 6.4632098389e+02 6.4631402588e+02 6.4632501221e+02 6.4636999512e+02 6.4639001465e+02 6.4639697266e+02 6.4640997314e+02 6.4641900635e+02 6.4645098877e+02 6.4646301270e+02 6.4648199463e+02 6.4649401855e+02 6.4651599121e+02 6.4655401611e+02 6.4657702637e+02 6.4659698486e+02 6.4659399414e+02 6.4665399170e+02 6.4671197510e+02 6.4676300049e+02 6.4680102539e+02 6.4684600830e+02 6.4689300537e+02
6.4592999268e+02 6.4593902588e+02 6.4594097900e+02 6.4595202637e+02 6.4595300293e+02 6.4595599365e+02 6.4600201416e+02 6.4602301025e+02 6.4602398682e+02 6.4604101563e+02 6.4603900146e+02 6.4607501221e+02 6.4609002686e+02 6.4610101318e+02 6.4611401367e+02 6.4613702393e+02 6.4615100098e+02 6.4617401123e+02 6.4617700195e+02 6.4617498779e+02 6.4618701172e+02 6.4622802734e+02 6.4626898193e+02 6.4636401367e+02 6.4635601807e+02 6.4632501221e+02 6.4637097168e+02 6.4638702393e+02 6.4639697266e+02 6.4642401123e+02 6.4643200684e+02 6.4646502686e+02 6.4648797607e+02 6.4651098633e+02 6.4651202393e+02 6.4652099609e+02 6.4655200195e+02 6.4657800293e+02 6.4661700439e+02 6.4664001465e+02 6.4670599365e+02 6.4676397705e+02 6.4682098389e+02 6.4682800293e+02 6.4684301758e+02 6.4688702393e+02
6.4591497803e+02 6.4594000244e+02 6.4595001221e+02 6.4596301270e+02 6.4595697021e+02 6.4596801758e+02 6.4599798584e+02 6.4601800537e+02 6.4599902344e+02 6.4601397705e+02 6.4604101563e+02 6.4606097412e+02 6.4605200195e+02 6.4606500244e+02 6.4609899902e+02 6.4611297607e+02 6.4611999512e+02 6.4614801025e+02 6.4614801025e+02 6.4616601563e+02 6.4618402100e+02 6.4622399902e+02 6.4624597168e+02 6.4629199219e+02 6.4630999756e+02 6.4632299805e+02 6.4637402344e+02 6.4637200928e+02 6.4637902832e+02 6.4641400146e+02 6.4643298340e+02 6.4646099854e+02 6.4648602295e+02 6.4652099609e+02 6.4653497314e+02 6.4654699707e+02 6.4656500244e+02 6.4658099365e+02 6.4662902832e+02 6.4666601563e+02 6.4672497559e+02 6.4676098633e+02 6.4680700684e+02 6.4681097412e+02 6.4682598877e+02 6.4687701416e+02
6.4589202881e+02 6.4592602539e+02 6.4592498779e+02 6.4595501709e+02 6.4597302246e+02 6.4597802734e+02 6.4598699951e+02 6.4599798584e+02 6.4601000977e+02 6.4601501465e+02 6.4603198242e+02 6.4603802490e+02 6.4603698730e+02 6.4606701660e+02 6.4610101318e+02 6.4609600830e+02 6.4609399414e+02 6.4612097168e+02 6.4611901855e+02 6.4614801025e+02 6.4617901611e+02 6.4622900391e+02 6.4627001953e+02 6.4624102783e+02 6.4625000000e+02 6.4629400635e+02 6.4633697510e+02 6.4635900879e+02 6.4636199951e+02 6.4637500000e+02 6.4639501953e+02 6.4644500732e+02 6.4646997070e+02 6.4651397705e+02 6.4652801514e+02 6.4653601074e+02 6.4656597900e+02 6.4659899902e+02 6.4663201904e+02 6.4661700439e+02 6.4667297363e+02 6.4670397949e+02 6.4673797607e+02 6.4677099609e+02 6.4682299805e+02 6.4688800049e+02
6.4587597656e+02 6.4589801025e+02 6.4589801025e+02 6.4591400146e+02 6.4592797852e+02 6.4593499756e+02 6.4594702148e+02 6.4596099854e+02 6.4596398926e+02 6.4596801758e+02 6.4600799561e+02 6.4603198242e+02 6.4603997803e+02 6.4606799316e+02 6.4608197021e+02 6.4611297607e+02 6.4610900879e+02 6.4612200928e+02 6.4614599609e+02 6.4615997314e+02 6.4617498779e+02 6.4621099854e+02 6.4624499512e+02 6.4624700928e+02 6.4626702881e+02 6.4630401611e+02 6.4635198975e+02 6.4636700439e+02 6.4635101318e+02 6.4635601807e+02 6.4639300537e+02 6.4643298340e+02 6.4646697998e+02 6.4651702881e+02 6.4653997803e+02 6.4654699707e+02 6.4655499268e+02 6.4657501221e+02 6.4661102295e+02 6.4661700439e+02 6.4666601563e+02 6.4669598389e+02 6.4673199463e+02 6.4678100586e+02 6.4684301758e+02 6.4690399170e+02
6.4586199951e+02 6.4586798096e+02 6.4586297607e+02 6.4589202881e+02 6.4592199707e+02 6.4593499756e+02 6.4594097900e+02 6.4596502686e+02 6.4596502686e+02 6.4597698975e+02 6.4602899170e+02 6.4603802490e+02 6.4604199219e+02 6.4607202148e+02 6.4608898926e+02 6.4610400391e+02 6.4611798096e+02 6.4613500977e+02 6.4616101074e+02 6.4616601563e+02 6.4617297363e+02 6.4620300293e+02 6.4623498535e+02 6.4623602295e+02 6.4625201416e+02 6.4628997803e+02 6.4633599854e+02 6.4635498047e+02 6.4635601807e+02 6.4637402344e+02 6.4640600586e+02 6.4642901611e+02 6.4647198486e+02 6.4652697754e+02 6.4654797363e+02 6.4655798340e+02 6.4656500244e+02 6.4658398438e+02 6.4661999512e+02 6.4665301514e+02 6.4668902588e+02 6.4670697021e+02 6.4674798584e+02 6.4679699707e+02 6.4684497070e+02 6.4689697266e+02
6.4576000977e+02 6.4573901367e+02 6.4575299072e+02 6.4582397461e+02 6.4587200928e+02 6.4586999512e+02 6.4586700439e+02 6.4589501953e+02 6.4590802002e+02 6.4594598389e+02 6.4600299072e+02 6.4602697754e+02 6.4603399658e+02 6.4606097412e+02 6.4610900879e+02 6.4610699463e+02 6.4614001465e+02 6.4617102051e+02 6.4617999268e+02 6.4616101074e+02 6.4618402100e+02 6.4622302246e+02 6.4624798584e+02 6.4626300049e+02 6.4626898193e+02 6.4628900146e+02 6.4631201172e+02 6.4634899902e+02 6.4639398193e+02 6.4643103027e+02 6.4642498779e+02 6.4644396973e+02 6.4647601318e+02 6.4650897217e+02 6.4651202393e+02 6.4650299072e+02 6.4652899170e+02 6.4656701660e+02 6.4659197998e+02 6.4662902832e+02 6.4667401123e+02 6.4669500732e+02 6.4674298096e+02 6.4679101563e+02 6.4682800293e+02 6.4687500000e+02
6.4568701172e+02 6.4564501953e+02 6.4563800049e+02 6.4566497803e+02 6.4568298340e+02 6.4564300537e+02 6.4569201660e+02 6.4569500732e+02 6.4570001221e+02 6.4574298096e+02 6.4577301025e+02 6.4586401367e+02 6.4584997559e+02 6.4585198975e+02 6.4579302979e+02 6.4587902832e+02 6.4595599365e+02 6.4599401855e+02 6.4600299072e+02 6.4601397705e+02 6.4605401611e+02 6.4609802246e+02 6.4610198975e+02 6.4621600342e+02 6.4625897217e+02 6.4630102539e+02 6.4635998535e+02 6.4634399414e+02 6.4634802246e+02 6.4638397217e+02 6.4639202881e+02 6.4642602539e+02 6.4647198486e+02 6.4652301025e+02 6.4657000732e+02 6.4655102539e+02 6.4657800293e+02 6.4663000488e+02 6.4664801025e+02 6.4662701416e+02 6.4665301514e+02 6.4668103027e+02 6.4671997070e+02 6.4676898193e+02 6.4681597900e+02 6.4685498047e+02
6.4591601563e+02 6.4595397949e+02 6.4594500732e+02 6.4591198730e+02 6.4591900635e+02 6.4587902832e+02 6.4592999268e+02 6.4599102783e+02 6.4601800537e+02 6.4604901123e+02 6.4603100586e+02 6.4603997803e+02 6.4597399902e+02 6.4597497559e+02 6.4606799316e+02 6.4608801270e+02 6.4609197998e+02 6.4604998779e+02 6.4604400635e+02 6.4602899170e+02 6.4599597168e+02 6.4599401855e+02 6.4602398682e+02 6.4604400635e+02 6.4605603027e+02 6.4611297607e+02 6.4618402100e+02 6.4616900635e+02 6.4609100342e+02 6.4608801270e+02 6.4614599609e+02 6.4619702148e+02 6.4623602295e+02 6.4629400635e+02 6.4639099121e+02 6.4637902832e+02 6.4637902832e+02 6.4645001221e+02 6.4652001953e+02 6.4655401611e+02 6.4661199951e+02 6.4669500732e+02 6.4673699951e+02 6.4679498291e+02 6.4684698486e+02 6.4686199951e+02
6.4598901367e+02 6.4603802490e+02 6.4604302979e+02 6.4604101563e+02 6.4606896973e+02 6.4605902100e+02 6.4607702637e+02 6.4613299561e+02 6.4613201904e+02 6.4614898682e+02 6.4616900635e+02 6.4618200684e+02 6.4617797852e+02 6.4618597412e+02 6.4621502686e+02 6.4621398926e+02 6.4622900391e+02 6.4625402832e+02 6.4628601074e+02 6.4630499268e+02 6.4631896973e+02 6.4633197021e+02 6.4628698730e+02 6.4627301025e+02 6.4624401855e+02 6.4623101807e+02 6.4624102783e+02 6.4628698730e+02 6.4626702881e+02 6.4629400635e+02 6.4630200195e+02 6.4629901123e+02 6.4627398682e+02 6.4624298096e+02 6.4625799561e+02 6.4626702881e+02 6.4632000732e+02 6.4638598633e+02 6.4640997314e+02 6.4638500977e+02 6.4640502930e+02 6.4648101807e+02 6.4650897217e+02 6.4657598877e+02 6.4671697998e+02 6.4679699707e+02
6.4603399658e+02 6.4604901123e+02 6.4604602051e+02 6.4606402588e+02 6.4607702637e+02 6.4608300781e+02 6.4609899902e+02 6.4613702393e+02 6.4613299561e+02 6.4614398193e+02 6.4615997314e+02 6.4617102051e+02 6.4619299316e+02 6.4619598389e+02 6.4621600342e+02 6.4623400879e+02 6.4623901367e+02 6.4626800537e+02 6.4632501221e+02 6.4635198975e+02 6.4640197754e+02 6.4645599365e+02 6.4644799805e+02 6.4645202637e+02 6.4646502686e+02 6.4646398926e+02 6.4644500732e+02 6.4648797607e+02 6.4651300049e+02 6.4656402588e+02 6.4657397461e+02 6.4658502197e+02 6.4659301758e+02 6.4657299805e+02 6.4652398682e+02 6.4658197021e+02 6.4663897705e+02 6.4666101074e+02 6.4663201904e+02 6.4662597656e+02 6.4658300781e+02 6.4657397461e+02 6.4652301025e+02 6.4650701904e+02 6.4660601807e+02 6.4670001221e+02
6.4603601074e+02 6.4604901123e+02 6.4606097412e+02 6.4608502197e+02 6.4609899902e+02 6.4612298584e+02 6.4614801025e+02 6.4617700195e+02 6.4620001221e+02 6.4622302246e+02 6.4620300293e+02 6.4625201416e+02 6.4627899170e+02 6.4627398682e+02 6.4628497314e+02 6.4629901123e+02 6.4631201172e+02 6.4632299805e+02 6.4634802246e+02 6.4639398193e+02 6.4642797852e+02 6.4646301270e+02 6.4647302246e+02 6.4646099854e+02 6.4648498535e+02 6.4650799561e+02 6.4651898193e+02 6.4652697754e+02 6.4655499268e+02 6.4659899902e+02 6.4662902832e+02 6.4664099121e+02 6.4667401123e+02 6.4670397949e+02 6.4670898438e+02 6.4674102783e+02 6.4674700928e+02 6.4676702881e+02 6.4678198242e+02 6.4681298828e+02 6.4683099365e+02 6.4684698486e+02 6.4682397461e+02 6.4686499023e+02 6.4687402344e+02 6.4688800049e+02
6.4606799316e+02 6.4609600830e+02 6.4607897949e+02 6.4609899902e+02 6.4612902832e+02 6.4615197754e+02 6.4616802979e+02 6.4620300293e+02 6.4623699951e+02 6.4626300049e+02 6.4626800537e+02 6.4628900146e+02 6.4628997803e+02 6.4630499268e+02 6.4631799316e+02 6.4633898926e+02 6.4636999512e+02 6.4639001465e+02 6.4640899658e+02 6.4645001221e+02 6.4648602295e+02 6.4651300049e+02 6.4652001953e+02 6.4652398682e+02 6.4655401611e+02 6.4655798340e+02 6.4657897949e+02 6.4658801270e+02 6.4659698486e+02 6.4663702393e+02 6.4666802979e+02 6.4669201660e+02 6.4673297119e+02 6.4675701904e+02 6.4677697754e+02 6.4681402588e+02 6.4682397461e+02 6.4684399414e+02 6.4685699463e+02 6.4686602783e+02 6.4689599609e+02 6.4690399170e+02 6.4690698242e+02 6.4695202637e+02 6.4696600342e+02 6.4698498535e+02
6.4610601807e+02 6.4614398193e+02 6.4612799072e+02 6.4615002441e+02 6.4617102051e+02 6.4618798828e+02 6.4621697998e+02 6.4624499512e+02 6.4626202393e+02 6.4629400635e+02 6.4630902100e+02 6.4632800293e+02 6.4632000732e+02 6.4633697510e+02 6.4636602783e+02 6.4639599609e+02 6.4641900635e+02 6.4643798828e+02 6.4645202637e+02 6.4649298096e+02 6.4652801514e+02 6.4656097412e+02 6.4657202148e+02 6.4657897949e+02 6.4660797119e+02 6.4661401367e+02 6.4664801025e+02 6.4663598633e+02 6.4662402344e+02 6.4667797852e+02 6.4672900391e+02 6.4676098633e+02 6.4679901123e+02 6.4682397461e+02 6.4684399414e+02 6.4686401367e+02 6.4688098145e+02 6.4689898682e+02 6.4691802979e+02 6.4693103027e+02 6.4696197510e+02 6.4698199463e+02 6.4699200439e+02 6.4701300049e+02 6.4703601074e+02 6.4707598877e+02
6.4612597656e+02 6.4616101074e+02 6.4616101074e+02 6.4621197510e+02 6.4623602295e+02 6.4624499512e+02 6.4627197266e+02 6.4628997803e+02 6.4629302979e+02 6.4633502197e+02 6.4635101318e+02 6.4636602783e+02 6.4638000488e+02 6.4640100098e+02 6.4643103027e+02 6.4645697021e+02 6.4646502686e+02 6.4648699951e+02 6.4650701904e+02 6.4653900146e+02 6.4656201172e+02 6.4659399414e+02 6.4661499023e+02 6.4661999512e+02 6.4663800049e+02 6.4665899658e+02 6.4669598389e+02 6.4667999268e+02 6.4667700195e+02 6.4673400879e+02 6.4678002930e+02 6.4681597900e+02 6.4685302734e+02 6.4689099121e+02 6.4690698242e+02 6.4692401123e+02 6.4694799805e+02 6.4695800781e+02 6.4698901367e+02 6.4700402832e+02 6.4704498291e+02 6.4707800293e+02 6.4709802246e+02 6.4711297607e+02 6.4713098145e+02 6.4718200684e+02
