TESTSERVER/3/1.asc
NCOLS 100
NROWS 100
XLLCORNER 7.6497500000e+03
YLLCORNER 2.8990025000e+05
CELLSIZE 5.0000000000e-01
NODATA_VALUE -9.9990000000e+03
[rows 80 to 99 of 100, columns 46 to 91 of 100]
6.4731597900e+02 6.4737402344e+02 6.4742102051e+02 6.4746301270e+02 6.4747998047e+02 6.4752398682e+02 6.4759600830e+02 6.4764001465e+02 6.4766802979e+02 6.4770599365e+02 6.4773797607e+02 6.4778100586e+02 6.4783599854e+02 6.4787402344e+02 6.4789001465e+02 6.4792602539e+02 6.4797698975e+02 6.4799499512e+02 6.4804797363e+02 6.4809899902e+02 6.4818200684e+02 6.4821899414e+02 6.4824200439e+02 6.4831201172e+02 6.4834899902e+02 6.4838500977e+02 6.4842401123e+02 6.4847900391e+02 6.4852801514e+02 6.4856201172e+02 6.4861602783e+02 6.4866198730e+02 6.4868200684e+02 6.4875897217e+02 6.4879797363e+02 6.4883697510e+02 6.4889300537e+02 6.4895501709e+02 6.4898797607e+02 6.4901800537e+02 6.4907299805e+02 6.4911199951e+02 6.4914398193e+02 6.4919396973e+02 6.4924700928e+02 6.4929400635e+02
6.4739202881e+02 6.4744000244e+02 6.4747900391e+02 6.4752301025e+02 6.4754998779e+02 6.4759301758e+02 6.4763397217e+02 6.4766497803e+02 6.4769897461e+02 6.4774902344e+02 6.4779602051e+02 6.4782202148e+02 6.4785998535e+02 6.4790997314e+02 6.4792999268e+02 6.4796301270e+02 6.4801098633e+02 6.4804498291e+02 6.4810400391e+02 6.4816699219e+02 6.4821899414e+02 6.4826098633e+02 6.4828601074e+02 6.4834802246e+02 6.4839697266e+02 6.4843200684e+02 6.4847198486e+02 6.4852001953e+02 6.4856402588e+02 6.4859802246e+02 6.4863897705e+02 6.4868200684e+02 6.4872900391e+02 6.4878399658e+02 6.4880401611e+02 6.4883801270e+02 6.4889898682e+02 6.4894702148e+02 6.4898297119e+02 6.4902398682e+02 6.4907000732e+02 6.4911901855e+02 6.4916400146e+02 6.4921301270e+02 6.4924200439e+02 6.4928997803e+02
6.4746502686e+02 6.4750799561e+02 6.4753198242e+02 6.4757897949e+02 6.4760797119e+02 6.4765997314e+02 6.4770098877e+02 6.4772998047e+02 6.4776300049e+02 6.4781201172e+02 6.4785400391e+02 6.4787200928e+02 6.4790802002e+02 6.4794897461e+02 6.4796600342e+02 6.4801000977e+02 6.4807000732e+02 6.4811401367e+02 6.4815301514e+02 6.4819897461e+02 6.4824401855e+02 6.4828302002e+02 6.4831701660e+02 6.4836199951e+02 6.4840698242e+02 6.4846301270e+02 6.4851300049e+02 6.4855401611e+02 6.4857800293e+02 6.4861102295e+02 6.4864801025e+02 6.4869500732e+02 6.4874597168e+02 6.4879199219e+02 6.4882098389e+02 6.4885699463e+02 6.4891497803e+02 6.4895697021e+02 6.4898999023e+02 6.4903198242e+02 6.4907800293e+02 6.4913897705e+02 6.4917498779e+02 6.4921301270e+02 6.4925598145e+02 6.4930102539e+02
6.4751202393e+02 6.4755798340e+02 6.4758099365e+02 6.4762298584e+02 6.4764300537e+02 6.4770001221e+02 6.4774200439e+02 6.4776898193e+02 6.4780999756e+02 6.4786602783e+02 6.4789898682e+02 6.4791601563e+02 6.4796301270e+02 6.4800402832e+02 6.4802697754e+02 6.4807800293e+02 6.4813000488e+02 6.4816400146e+02 6.4819598389e+02 6.4823797607e+02 6.4828198242e+02 6.4831201172e+02 6.4834399414e+02 6.4837597656e+02 6.4841900635e+02 6.4847900391e+02 6.4852697754e+02 6.4856201172e+02 6.4857702637e+02 6.4861199951e+02 6.4865802002e+02 6.4871398926e+02 6.4876000977e+02 6.4880499268e+02 6.4884197998e+02 6.4888397217e+02 6.4892901611e+02 6.4897198486e+02 6.4900201416e+02 6.4904498291e+02 6.4908398438e+02 6.4914697266e+02 6.4917797852e+02 6.4920898438e+02 6.4927398682e+02 6.4930499268e+02
6.4750402832e+02 6.4755102539e+02 6.4758001709e+02 6.4761602783e+02 6.4764801025e+02 6.4769598389e+02 6.4773602295e+02 6.4776599121e+02 6.4779699707e+02 6.4786602783e+02 6.4790802002e+02 6.4792901611e+02 6.4796899414e+02 6.4802301025e+02 6.4805499268e+02 6.4808697510e+02 6.4812701416e+02 6.4814599609e+02 6.4819000244e+02 6.4823999023e+02 6.4828100586e+02 6.4832202148e+02 6.4835601807e+02 6.4839697266e+02 6.4846697998e+02 6.4848602295e+02 6.4852502441e+02 6.4856500244e+02 6.4858502197e+02 6.4864202881e+02 6.4868499756e+02 6.4871600342e+02 6.4874597168e+02 6.4881402588e+02 6.4884997559e+02 6.4888800049e+02 6.4892797852e+02 6.4896301270e+02 6.4899401855e+02 6.4904901123e+02 6.4908801270e+02 6.4914001465e+02 6.4918402100e+02 6.4922900391e+02 6.4929400635e+02 6.4929998779e+02
6.4751599121e+02 6.4755798340e+02 6.4757800293e+02 6.4762402344e+02 6.4767199707e+02 6.4770397949e+02 6.4775201416e+02 6.4778198242e+02 6.4779498291e+02 6.4783398438e+02 6.4789099121e+02 6.4792700195e+02 6.4796099854e+02 6.4801098633e+02 6.4805902100e+02 6.4808801270e+02 6.4811798096e+02 6.4816900635e+02 6.4820697021e+02 6.4822802734e+02 6.4824200439e+02 6.4830999756e+02 6.4835797119e+02 6.4840399170e+02 6.4845501709e+02 6.4848602295e+02 6.4852801514e+02 6.4857000732e+02 6.4859997559e+02 6.4864501953e+02 6.4868597412e+02 6.4872698975e+02 6.4874597168e+02 6.4881097412e+02 6.4886499023e+02 6.4890399170e+02 6.4892901611e+02 6.4898999023e+02 6.4901501465e+02 6.4905297852e+02 6.4909002686e+02 6.4914202881e+02 6.4917199707e+02 6.4919000244e+02 6.4923101807e+02 6.4927099609e+02
6.4753002930e+02 6.4756500244e+02 6.4759100342e+02 6.4763500977e+02 6.4766998291e+02 6.4770599365e+02 6.4775299072e+02 6.4778198242e+02 6.4780102539e+02 6.4783300781e+02 6.4789501953e+02 6.4792999268e+02 6.4795800781e+02 6.4800799561e+02 6.4805902100e+02 6.4809301758e+02 6.4811700439e+02 6.4817297363e+02 6.4822497559e+02 6.4824798584e+02 6.4825799561e+02 6.4831097412e+02 6.4835601807e+02 6.4839398193e+02 6.4843902588e+02 6.4847698975e+02 6.4852301025e+02 6.4856597900e+02 6.4860400391e+02 6.4864501953e+02 6.4867901611e+02 6.4872497559e+02 6.4874597168e+02 6.4881701660e+02 6.4887298584e+02 6.4890899658e+02 6.4892401123e+02 6.4898999023e+02 6.4900897217e+02 6.4904101563e+02 6.4907000732e+02 6.4910498047e+02 6.4911901855e+02 6.4913299561e+02 6.4917297363e+02 6.4921099854e+02
6.4752600098e+02 6.4756597900e+02 6.4759197998e+02 6.4762799072e+02 6.4766497803e+02 6.4770898438e+02 6.4774102783e+02 6.4776501465e+02 6.4780102539e+02 6.4784301758e+02 6.4789697266e+02 6.4792297363e+02 6.4796197510e+02 6.4800799561e+02 6.4804602051e+02 6.4808099365e+02 6.4810900879e+02 6.4815600586e+02 6.4821398926e+02 6.4825500488e+02 6.4828002930e+02 6.4832897949e+02 6.4835900879e+02 6.4838897705e+02 6.4844396973e+02 6.4848101807e+02 6.4852001953e+02 6.4856500244e+02 6.4860400391e+02 6.4864398193e+02 6.4867297363e+02 6.4871099854e+02 6.4873797607e+02 6.4880700684e+02 6.4885198975e+02 6.4888201904e+02 6.4889398193e+02 6.4893597412e+02 6.4895898438e+02 6.4898699951e+02 6.4898999023e+02 6.4901501465e+02 6.4903198242e+02 6.4905603027e+02 6.4910101318e+02 6.4912097168e+02
6.4752099609e+02 6.4755401611e+02 6.4757098389e+02 6.4761199951e+02 6.4767797852e+02 6.4770001221e+02 6.4774200439e+02 6.4777099609e+02 6.4780401611e+02 6.4785900879e+02 6.4789099121e+02 6.4791900635e+02 6.4798101807e+02 6.4801397705e+02 6.4803497314e+02 6.4806201172e+02 6.4811700439e+02 6.4813800049e+02 6.4818597412e+02 6.4822900391e+02 6.4825097656e+02 6.4832000732e+02 6.4833898926e+02 6.4835900879e+02 6.4842797852e+02 6.4846997070e+02 6.4850897217e+02 6.4854699707e+02 6.4856500244e+02 6.4859997559e+02 6.4863000488e+02 6.4865802002e+02 6.4869000244e+02 6.4873797607e+02 6.4877197266e+02 6.4881097412e+02 6.4884100342e+02 6.4885699463e+02 6.4887597656e+02 6.4890002441e+02 6.4888299561e+02 6.4891601563e+02 6.4894299316e+02 6.4894299316e+02 6.4894000244e+02 6.4899102783e+02
6.4747802734e+02 6.4753198242e+02 6.4756201172e+02 6.4758197021e+02 6.4764202881e+02 6.4767901611e+02 6.4773297119e+02 6.4776098633e+02 6.4778497314e+02 6.4784899902e+02 6.4787597656e+02 6.4788299561e+02 6.4794702148e+02 6.4798602295e+02 6.4801202393e+02 6.4804101563e+02 6.4810198975e+02 6.4814599609e+02 6.4818200684e+02 6.4819201660e+02 6.4820599365e+02 6.4829302979e+02 6.4831500244e+02 6.4832897949e+02 6.4836602783e+02 6.4840502930e+02 6.4844201660e+02 6.4846600342e+02 6.4847198486e+02 6.4850097656e+02 6.4853497314e+02 6.4856701660e+02 6.4860900879e+02 6.4865802002e+02 6.4868200684e+02 6.4871502686e+02 6.4872601318e+02 6.4876397705e+02 6.4877899170e+02 6.4878900146e+02 6.4877301025e+02 6.4879998779e+02 6.4881402588e+02 6.4880401611e+02 6.4882000732e+02 6.4886297607e+02
6.4744299316e+02 6.4749798584e+02 6.4753698730e+02 6.4756896973e+02 6.4761199951e+02 6.4764398193e+02 6.4769299316e+02 6.4771997070e+02 6.4776000977e+02 6.4781597900e+02 6.4782299805e+02 6.4781402588e+02 6.4789202881e+02 6.4794097900e+02 6.4797399902e+02 6.4801000977e+02 6.4804797363e+02 6.4809399414e+02 6.4813397217e+02 6.4814599609e+02 6.4816101074e+02 6.4821600342e+02 6.4825402832e+02 6.4826599121e+02 6.4828497314e+02 6.4831500244e+02 6.4834997559e+02 6.4837200928e+02 6.4836199951e+02 6.4837701416e+02 6.4841900635e+02 6.4846899414e+02 6.4851599121e+02 6.4857202148e+02 6.4859600830e+02 6.4862298584e+02 6.4862298584e+02 6.4865802002e+02 6.4866198730e+02 6.4867602539e+02 6.4867602539e+02 6.4869799805e+02 6.4870898438e+02 6.4871099854e+02 6.4872497559e+02 6.4873901367e+02
6.4739501953e+02 6.4744097900e+02 6.4747900391e+02 6.4753198242e+02 6.4757299805e+02 6.4760601807e+02 6.4764001465e+02 6.4766699219e+02 6.4772802734e+02 6.4778002930e+02 6.4778399658e+02 6.4778002930e+02 6.4783697510e+02 6.4785900879e+02 6.4788702393e+02 6.4792700195e+02 6.4794702148e+02 6.4798498535e+02 6.4803002930e+02 6.4805297852e+02 6.4808197021e+02 6.4811401367e+02 6.4816198730e+02 6.4816900635e+02 6.4819598389e+02 6.4821697998e+02 6.4824499512e+02 6.4826898193e+02 6.4826599121e+02 6.4825402832e+02 6.4831201172e+02 6.4839202881e+02 6.4842498779e+02 6.4848400879e+02 6.4852099609e+02 6.4854199219e+02 6.4853302002e+02 6.4855499268e+02 6.4856097412e+02 6.4858697510e+02 6.4859899902e+02 6.4863098145e+02 6.4863897705e+02 6.4862298584e+02 6.4859899902e+02 6.4859301758e+02
6.4737799072e+02 6.4740399170e+02 6.4740502930e+02 6.4744598389e+02 6.4750500488e+02 6.4754901123e+02 6.4757800293e+02 6.4760699463e+02 6.4763500977e+02 6.4770898438e+02 6.4774597168e+02 6.4776202393e+02 6.4779699707e+02 6.4779302979e+02 6.4780200195e+02 6.4784002686e+02 6.4789099121e+02 6.4790802002e+02 6.4795599365e+02 6.4798797607e+02 6.4802197266e+02 6.4805102539e+02 6.4810699463e+02 6.4811199951e+02 6.4814202881e+02 6.4815997314e+02 6.4817901611e+02 6.4820300293e+02 6.4818499756e+02 6.4817797852e+02 6.4824401855e+02 6.4833502197e+02 6.4835400391e+02 6.4840100098e+02 6.4844897461e+02 6.4845898438e+02 6.4845898438e+02 6.4848498535e+02 6.4850402832e+02 6.4851800537e+02 6.4851599121e+02 6.4857397461e+02 6.4858502197e+02 6.4853198242e+02 6.4846600342e+02 6.4840100098e+02
6.4730798340e+02 6.4736700439e+02 6.4737701416e+02 6.4742102051e+02 6.4746398926e+02 6.4750897217e+02 6.4754797363e+02 6.4757897949e+02 6.4760601807e+02 6.4764898682e+02 6.4768499756e+02 6.4772802734e+02 6.4776098633e+02 6.4776800537e+02 6.4777001953e+02 6.4778100586e+02 6.4784197998e+02 6.4789697266e+02 6.4792498779e+02 6.4795300293e+02 6.4799200439e+02 6.4802197266e+02 6.4805999756e+02 6.4805999756e+02 6.4808801270e+02 6.4812097168e+02 6.4813702393e+02 6.4816302490e+02 6.4819396973e+02 6.4818902588e+02 6.4822100830e+02 6.4828198242e+02 6.4828802490e+02 6.4834301758e+02 6.4839300537e+02 6.4840100098e+02 6.4841101074e+02 6.4842700195e+02 6.4844598389e+02 6.4847399902e+02 6.4847302246e+02 6.4850000000e+02 6.4850402832e+02 6.4847998047e+02 6.4844702148e+02 6.4833099365e+02
6.4726800537e+02 6.4732501221e+02 6.4734100342e+02 6.4738702393e+02 6.4742797852e+02 6.4747399902e+02 6.4750799561e+02 6.4753497314e+02 6.4755102539e+02 6.4759997559e+02 6.4764697266e+02 6.4769097900e+02 6.4771099854e+02 6.4773797607e+02 6.4775701904e+02 6.4776898193e+02 6.4784197998e+02 6.4789001465e+02 6.4792102051e+02 6.4794396973e+02 6.4796099854e+02 6.4798797607e+02 6.4801098633e+02 6.4802099609e+02 6.4806402588e+02 6.4809600830e+02 6.4811999512e+02 6.4813897705e+02 6.4817199707e+02 6.4817797852e+02 6.4819500732e+02 6.4823498535e+02 6.4825500488e+02 6.4830902100e+02 6.4835699463e+02 6.4836102295e+02 6.4836798096e+02 6.4837500000e+02 6.4839599609e+02 6.4844000244e+02 6.4844000244e+02 6.4846801758e+02 6.4846398926e+02 6.4845098877e+02 6.4845300293e+02 6.4843798828e+02
6.4723602295e+02 6.4730297852e+02 6.4731201172e+02 6.4735998535e+02 6.4739398193e+02 6.4743902588e+02 6.4747698975e+02 6.4750598145e+02 6.4749798584e+02 6.4754998779e+02 6.4760998535e+02 6.4764001465e+02 6.4766497803e+02 6.4771301270e+02 6.4776000977e+02 6.4779101563e+02 6.4785601807e+02 6.4787902832e+02 6.4790197754e+02 6.4791400146e+02 6.4793200684e+02 6.4797100830e+02 6.4799798584e+02 6.4803399658e+02 6.4807501221e+02 6.4809497070e+02 6.4813000488e+02 6.4815197754e+02 6.4815698242e+02 6.4814697266e+02 6.4816198730e+02 6.4820001221e+02 6.4824298096e+02 6.4829199219e+02 6.4832897949e+02 6.4833898926e+02 6.4835302734e+02 6.4836199951e+02 6.4837500000e+02 6.4841900635e+02 6.4841802979e+02 6.4845202637e+02 6.4845397949e+02 6.4844500732e+02 6.4845898438e+02 6.4847302246e+02
6.4719500732e+02 6.4726300049e+02 6.4728802490e+02 6.4734100342e+02 6.4735998535e+02 6.4740600586e+02 6.4745898438e+02 6.4751098633e+02 6.4752001953e+02 6.4754302979e+02 6.4760400391e+02 6.4763201904e+02 6.4767199707e+02 6.4771801758e+02 6.4778302002e+02 6.4781201172e+02 6.4786102295e+02 6.4787597656e+02 6.4789801025e+02 6.4791900635e+02 6.4794097900e+02 6.4797302246e+02 6.4801202393e+02 6.4805499268e+02 6.4810400391e+02 6.4812402344e+02 6.4815997314e+02 6.4818200684e+02 6.4816699219e+02 6.4815399170e+02 6.4817498779e+02 6.4822198486e+02 6.4827398682e+02 6.4831896973e+02 6.4833099365e+02 6.4835302734e+02 6.4837597656e+02 6.4840600586e+02 6.4841101074e+02 6.4842199707e+02 6.4841198730e+02 6.4843597412e+02 6.4845300293e+02 6.4846502686e+02 6.4849200439e+02 6.4847998047e+02
6.4717901611e+02 6.4723297119e+02 6.4725799561e+02 6.4730499268e+02 6.4735198975e+02 6.4740600586e+02 6.4743597412e+02 6.4746398926e+02 6.4747601318e+02 6.4752197266e+02 6.4759802246e+02 6.4763897705e+02 6.4768200684e+02 6.4772998047e+02 6.4779498291e+02 6.4782299805e+02 6.4787902832e+02 6.4790002441e+02 6.4794201660e+02 6.4796002197e+02 6.4796801758e+02 6.4802001953e+02 6.4806402588e+02 6.4810198975e+02 6.4815399170e+02 6.4817700195e+02 6.4819500732e+02 6.4820599365e+02 6.4818798828e+02 6.4821002197e+02 6.4826397705e+02 6.4831597900e+02 6.4834698486e+02 6.4837200928e+02 6.4839202881e+02 6.4843597412e+02 6.4844396973e+02 6.4846099854e+02 6.4844097900e+02 6.4845697021e+02 6.4845501709e+02 6.4848199463e+02 6.4849200439e+02 6.4849298096e+02 6.4853002930e+02 6.4853497314e+02
6.4715698242e+02 6.4720800781e+02 6.4723901367e+02 6.4728497314e+02 6.4733197021e+02 6.4737701416e+02 6.4740997314e+02 6.4745397949e+02 6.4748297119e+02 6.4753900146e+02 6.4760302734e+02 6.4764898682e+02 6.4770501709e+02 6.4776098633e+02 6.4782299805e+02 6.4786700439e+02 6.4792102051e+02 6.4794000244e+02 6.4799200439e+02 6.4802398682e+02 6.4804101563e+02 6.4809698486e+02 6.4814001465e+02 6.4817297363e+02 6.4820800781e+02 6.4823101807e+02 6.4824597168e+02 6.4825000000e+02 6.4824902344e+02 6.4829101563e+02 6.4834802246e+02 6.4838897705e+02 6.4840502930e+02 6.4842199707e+02 6.4845697021e+02 6.4851501465e+02 6.4852801514e+02 6.4854302979e+02 6.4848699951e+02 6.4848602295e+02 6.4849597168e+02 6.4853497314e+02 6.4853601074e+02 6.4852600098e+02 6.4855999756e+02 6.4857000732e+02
6.4714501953e+02 6.4720098877e+02 6.4723699951e+02 6.4728497314e+02 6.4733099365e+02 6.4736602783e+02 6.4740899658e+02 6.4747399902e+02 6.4751098633e+02 6.4756701660e+02 6.4762799072e+02 6.4768597412e+02 6.4774902344e+02 6.4780902100e+02 6.4786499023e+02 6.4791900635e+02 6.4795898438e+02 6.4797802734e+02 6.4802502441e+02 6.4806597900e+02 6.4810198975e+02 6.4816400146e+02 6.4820800781e+02 6.4823297119e+02 6.4825598145e+02 6.4828698730e+02 6.4830902100e+02 6.4832299805e+02 6.4834600830e+02 6.4837701416e+02 6.4841302490e+02 6.4843200684e+02 6.4844097900e+02 6.4845898438e+02 6.4849700928e+02 6.4854998779e+02 6.4859997559e+02 6.4864501953e+02 6.4857299805e+02 6.4854998779e+02 6.4854302979e+02 6.4857397461e+02 6.4857000732e+02 6.4855902100e+02 6.4858001709e+02 6.4860198975e+02
