TESTSERVER/3/10.asc
NCOLS 100
NROWS 100
XLLCORNER 7.6497500000e+03
YLLCORNER 2.8945025000e+05
CELLSIZE 5.0000000000e-01
NODATA_VALUE -9.9990000000e+03
[rows 0 to 19 of 100, columns 46 to 91 of 100]
5.8696899414e+02 5.8700598145e+02 5.8703302002e+02 5.8705902100e+02 5.8709100342e+02 5.8710699463e+02 5.8711602783e+02 5.8713598633e+02 5.8717901611e+02 5.8724298096e+02 5.8731097412e+02 5.8739599609e+02 5.8750598145e+02 5.8761102295e+02 5.8766302490e+02 5.8767102051e+02 5.8761499023e+02 5.8761798096e+02 5.8762500000e+02 5.8765100098e+02 5.8768798828e+02 5.8773901367e+02 5.8782000732e+02 5.8791900635e+02 5.8804101563e+02 5.8808801270e+02 5.8809899902e+02 5.8808801270e+02 5.8807501221e+02 5.8805401611e+02 5.8804901123e+02 5.8807202148e+02 5.8811700439e+02 5.8814001465e+02 5.8817700195e+02 5.8825299072e+02 5.8832501221e+02 5.8837597656e+02 5.8844097900e+02 5.8848602295e+02 5.8851501465e+02 5.8853198242e+02 5.8855700684e+02 5.8859301758e+02 5.8863500977e+02 5.8867199707e+02
5.8694396973e+02 5.8697698975e+02 5.8699798584e+02 5.8702801514e+02 5.8707598877e+02 5.8710797119e+02 5.8711901855e+02 5.8714898682e+02 5.8721801758e+02 5.8726898193e+02 5.8732098389e+02 5.8738299561e+02 5.8746899414e+02 5.8755200195e+02 5.8759002686e+02 5.8758898926e+02 5.8755603027e+02 5.8758099365e+02 5.8761901855e+02 5.8765802002e+02 5.8770800781e+02 5.8777001953e+02 5.8785498047e+02 5.8796301270e+02 5.8808898926e+02 5.8812701416e+02 5.8809698486e+02 5.8804699707e+02 5.8801800537e+02 5.8800097656e+02 5.8799798584e+02 5.8803302002e+02 5.8810498047e+02 5.8813598633e+02 5.8816497803e+02 5.8824700928e+02 5.8837200928e+02 5.8845098877e+02 5.8848297119e+02 5.8850201416e+02 5.8853900146e+02 5.8855297852e+02 5.8855297852e+02 5.8855999756e+02 5.8859301758e+02 5.8862097168e+02
5.8692498779e+02 5.8696301270e+02 5.8700000000e+02 5.8704498291e+02 5.8709899902e+02 5.8712597656e+02 5.8713702393e+02 5.8716198730e+02 5.8723602295e+02 5.8728997803e+02 5.8733197021e+02 5.8737402344e+02 5.8743200684e+02 5.8749798584e+02 5.8752899170e+02 5.8753399658e+02 5.8752197266e+02 5.8757397461e+02 5.8763201904e+02 5.8767901611e+02 5.8772601318e+02 5.8777899170e+02 5.8784997559e+02 5.8794201660e+02 5.8805102539e+02 5.8808099365e+02 5.8804498291e+02 5.8799597168e+02 5.8796997070e+02 5.8795300293e+02 5.8796099854e+02 5.8801702881e+02 5.8811901855e+02 5.8818798828e+02 5.8822601318e+02 5.8829400635e+02 5.8840301514e+02 5.8847900391e+02 5.8851397705e+02 5.8852099609e+02 5.8853900146e+02 5.8855200195e+02 5.8854797363e+02 5.8854797363e+02 5.8857598877e+02 5.8860198975e+02
5.8693701172e+02 5.8698101807e+02 5.8703497314e+02 5.8709197998e+02 5.8713897705e+02 5.8716400146e+02 5.8716802979e+02 5.8717102051e+02 5.8722998047e+02 5.8728802490e+02 5.8732397461e+02 5.8735797119e+02 5.8740399170e+02 5.8746002197e+02 5.8749597168e+02 5.8751300049e+02 5.8752197266e+02 5.8759301758e+02 5.8765997314e+02 5.8771002197e+02 5.8774401855e+02 5.8777099609e+02 5.8781201172e+02 5.8786999512e+02 5.8794000244e+02 5.8797399902e+02 5.8796899414e+02 5.8795599365e+02 5.8795300293e+02 5.8793597412e+02 5.8795898438e+02 5.8803497314e+02 5.8815997314e+02 5.8828002930e+02 5.8833300781e+02 5.8836602783e+02 5.8840698242e+02 5.8844201660e+02 5.8847601318e+02 5.8848901367e+02 5.8850701904e+02 5.8851300049e+02 5.8852398682e+02 5.8854797363e+02 5.8859399414e+02 5.8862200928e+02
5.8696899414e+02 5.8701098633e+02 5.8707202148e+02 5.8712298584e+02 5.8716400146e+02 5.8722302246e+02 5.8722601318e+02 5.8720001221e+02 5.8722100830e+02 5.8726000977e+02 5.8728802490e+02 5.8732501221e+02 5.8736199951e+02 5.8743798828e+02 5.8748901367e+02 5.8752697754e+02 5.8755401611e+02 5.8762097168e+02 5.8769396973e+02 5.8774700928e+02 5.8776397705e+02 5.8776000977e+02 5.8776702881e+02 5.8778302002e+02 5.8779199219e+02 5.8785302734e+02 5.8791601563e+02 5.8796301270e+02 5.8799700928e+02 5.8798101807e+02 5.8801300049e+02 5.8809399414e+02 5.8822900391e+02 5.8836999512e+02 5.8843103027e+02 5.8843200684e+02 5.8841497803e+02 5.8840399170e+02 5.8842999268e+02 5.8845397949e+02 5.8847100830e+02 5.8848400879e+02 5.8853100586e+02 5.8859197998e+02 5.8865197754e+02 5.8870300293e+02
5.8698199463e+02 5.8705102539e+02 5.8711602783e+02 5.8714202881e+02 5.8716497803e+02 5.8723400879e+02 5.8724902344e+02 5.8724499512e+02 5.8723797607e+02 5.8723699951e+02 5.8725500488e+02 5.8729602051e+02 5.8735998535e+02 5.8743701172e+02 5.8750097656e+02 5.8754199219e+02 5.8756500244e+02 5.8761999512e+02 5.8768298340e+02 5.8773699951e+02 5.8776202393e+02 5.8775402832e+02 5.8774298096e+02 5.8774298096e+02 5.8777801514e+02 5.8785998535e+02 5.8794500732e+02 5.8800701904e+02 5.8803002930e+02 5.8803002930e+02 5.8805902100e+02 5.8813500977e+02 5.8827197266e+02 5.8840301514e+02 5.8845599365e+02 5.8844598389e+02 5.8840899658e+02 5.8839001465e+02 5.8843298340e+02 5.8846502686e+02 5.8844897461e+02 5.8849200439e+02 5.8859002686e+02 5.8869000244e+02 5.8877502441e+02 5.8882897949e+02
5.8700299072e+02 5.8706298828e+02 5.8712298584e+02 5.8713800049e+02 5.8713098145e+02 5.8717102051e+02 5.8719799805e+02 5.8722302246e+02 5.8724102783e+02 5.8723699951e+02 5.8725402832e+02 5.8730200195e+02 5.8739099121e+02 5.8749200439e+02 5.8757000732e+02 5.8760900879e+02 5.8760797119e+02 5.8762902832e+02 5.8767199707e+02 5.8771398926e+02 5.8774401855e+02 5.8773999023e+02 5.8773199463e+02 5.8773999023e+02 5.8779302979e+02 5.8787902832e+02 5.8795001221e+02 5.8800097656e+02 5.8802502441e+02 5.8802099609e+02 5.8804498291e+02 5.8812200928e+02 5.8825701904e+02 5.8838000488e+02 5.8843298340e+02 5.8842498779e+02 5.8837799072e+02 5.8835101318e+02 5.8840399170e+02 5.8844897461e+02 5.8844598389e+02 5.8851098633e+02 5.8862097168e+02 5.8874700928e+02 5.8885797119e+02 5.8889801025e+02
5.8702001953e+02 5.8704797363e+02 5.8709197998e+02 5.8711102295e+02 5.8710101318e+02 5.8712799072e+02 5.8716601563e+02 5.8720898438e+02 5.8724700928e+02 5.8725402832e+02 5.8727697754e+02 5.8734100342e+02 5.8745501709e+02 5.8758697510e+02 5.8768499756e+02 5.8772302246e+02 5.8768200684e+02 5.8766101074e+02 5.8767797852e+02 5.8770397949e+02 5.8772698975e+02 5.8772900391e+02 5.8773400879e+02 5.8775897217e+02 5.8782299805e+02 5.8789001465e+02 5.8793298340e+02 5.8796002197e+02 5.8798101807e+02 5.8797302246e+02 5.8799200439e+02 5.8807098389e+02 5.8820697021e+02 5.8833001709e+02 5.8839599609e+02 5.8839898682e+02 5.8836102295e+02 5.8834997559e+02 5.8839697266e+02 5.8844396973e+02 5.8846197510e+02 5.8850897217e+02 5.8859197998e+02 5.8871197510e+02 5.8885101318e+02 5.8889001465e+02
5.8703002930e+02 5.8704498291e+02 5.8706701660e+02 5.8709002686e+02 5.8712097168e+02 5.8717297363e+02 5.8722698975e+02 5.8727197266e+02 5.8730603027e+02 5.8728399658e+02 5.8731701660e+02 5.8740399170e+02 5.8753802490e+02 5.8770697021e+02 5.8783898926e+02 5.8787402344e+02 5.8780798340e+02 5.8771398926e+02 5.8770800781e+02 5.8772802734e+02 5.8773901367e+02 5.8772601318e+02 5.8774401855e+02 5.8778802490e+02 5.8785101318e+02 5.8790399170e+02 5.8791802979e+02 5.8791601563e+02 5.8791302490e+02 5.8791198730e+02 5.8793402100e+02 5.8801898193e+02 5.8815899658e+02 5.8828497314e+02 5.8836401367e+02 5.8838000488e+02 5.8835998535e+02 5.8836700439e+02 5.8838500977e+02 5.8842401123e+02 5.8847198486e+02 5.8849902344e+02 5.8855102539e+02 5.8864300537e+02 5.8875000000e+02 5.8880902100e+02
5.8704602051e+02 5.8706701660e+02 5.8707397461e+02 5.8707202148e+02 5.8711102295e+02 5.8718200684e+02 5.8723901367e+02 5.8727197266e+02 5.8726098633e+02 5.8725402832e+02 5.8732098389e+02 5.8743798828e+02 5.8757202148e+02 5.8778497314e+02 5.8795501709e+02 5.8798602295e+02 5.8785601807e+02 5.8774700928e+02 5.8773498535e+02 5.8775897217e+02 5.8775299072e+02 5.8773498535e+02 5.8774902344e+02 5.8778900146e+02 5.8785198975e+02 5.8789001465e+02 5.8788800049e+02 5.8788201904e+02 5.8786401367e+02 5.8785797119e+02 5.8791101074e+02 5.8801098633e+02 5.8813299561e+02 5.8824102783e+02 5.8832598877e+02 5.8835900879e+02 5.8834600830e+02 5.8834899902e+02 5.8837701416e+02 5.8843298340e+02 5.8848199463e+02 5.8848999023e+02 5.8852197266e+02 5.8858697510e+02 5.8867999268e+02 5.8873101807e+02
5.8704901123e+02 5.8707397461e+02 5.8709497070e+02 5.8709002686e+02 5.8710198975e+02 5.8715197754e+02 5.8719097900e+02 5.8721502686e+02 5.8721697998e+02 5.8722900391e+02 5.8730700684e+02 5.8741900635e+02 5.8753100586e+02 5.8773602295e+02 5.8790899658e+02 5.8795001221e+02 5.8783099365e+02 5.8771997070e+02 5.8769897461e+02 5.8771697998e+02 5.8771697998e+02 5.8771398926e+02 5.8773101807e+02 5.8776501465e+02 5.8780999756e+02 5.8782202148e+02 5.8783001709e+02 5.8784698486e+02 5.8784698486e+02 5.8785601807e+02 5.8791998291e+02 5.8801000977e+02 5.8811700439e+02 5.8821002197e+02 5.8828997803e+02 5.8834301758e+02 5.8834698486e+02 5.8834899902e+02 5.8838500977e+02 5.8844000244e+02 5.8846899414e+02 5.8847601318e+02 5.8850402832e+02 5.8855102539e+02 5.8861999512e+02 5.8868103027e+02
5.8704400635e+02 5.8706701660e+02 5.8709899902e+02 5.8710797119e+02 5.8711102295e+02 5.8714202881e+02 5.8716802979e+02 5.8719897461e+02 5.8721502686e+02 5.8722802734e+02 5.8729400635e+02 5.8738299561e+02 5.8746398926e+02 5.8761901855e+02 5.8777001953e+02 5.8782702637e+02 5.8775799561e+02 5.8765997314e+02 5.8763897705e+02 5.8765802002e+02 5.8766601563e+02 5.8767901611e+02 5.8770397949e+02 5.8773498535e+02 5.8776202393e+02 5.8776898193e+02 5.8780102539e+02 5.8784301758e+02 5.8786602783e+02 5.8788897705e+02 5.8792999268e+02 5.8798797607e+02 5.8808197021e+02 5.8817401123e+02 5.8826202393e+02 5.8833898926e+02 5.8836602783e+02 5.8836401367e+02 5.8839501953e+02 5.8843402100e+02 5.8844097900e+02 5.8846002197e+02 5.8849902344e+02 5.8853997803e+02 5.8857897949e+02 5.8863702393e+02
5.8704302979e+02 5.8707000732e+02 5.8710198975e+02 5.8712701416e+02 5.8713299561e+02 5.8713897705e+02 5.8715600586e+02 5.8719000244e+02 5.8720202637e+02 5.8722802734e+02 5.8728900146e+02 5.8737298584e+02 5.8747100830e+02 5.8754199219e+02 5.8764001465e+02 5.8770001221e+02 5.8770202637e+02 5.8763702393e+02 5.8763299561e+02 5.8765899658e+02 5.8767797852e+02 5.8766900635e+02 5.8768798828e+02 5.8771899414e+02 5.8775500488e+02 5.8776599121e+02 5.8780798340e+02 5.8784497070e+02 5.8785302734e+02 5.8790197754e+02 5.8792700195e+02 5.8796197510e+02 5.8803002930e+02 5.8812402344e+02 5.8822601318e+02 5.8832202148e+02 5.8839398193e+02 5.8839398193e+02 5.8840899658e+02 5.8842602539e+02 5.8842999268e+02 5.8844500732e+02 5.8849700928e+02 5.8854302979e+02 5.8855700684e+02 5.8859497070e+02
5.8705499268e+02 5.8708099365e+02 5.8710900879e+02 5.8713299561e+02 5.8714398193e+02 5.8714898682e+02 5.8715197754e+02 5.8715802002e+02 5.8717401123e+02 5.8720202637e+02 5.8726898193e+02 5.8737701416e+02 5.8750000000e+02 5.8759301758e+02 5.8765698242e+02 5.8768597412e+02 5.8768103027e+02 5.8765802002e+02 5.8768298340e+02 5.8772802734e+02 5.8776702881e+02 5.8773901367e+02 5.8770202637e+02 5.8772100830e+02 5.8778997803e+02 5.8780200195e+02 5.8781701660e+02 5.8782501221e+02 5.8782800293e+02 5.8789300537e+02 5.8797998047e+02 5.8805297852e+02 5.8812701416e+02 5.8818597412e+02 5.8824597168e+02 5.8833502197e+02 5.8842700195e+02 5.8843402100e+02 5.8842199707e+02 5.8841302490e+02 5.8843402100e+02 5.8846197510e+02 5.8850000000e+02 5.8853698730e+02 5.8855603027e+02 5.8858099365e+02
5.8706799316e+02 5.8709301758e+02 5.8711499023e+02 5.8713800049e+02 5.8715899658e+02 5.8717498779e+02 5.8717700195e+02 5.8716497803e+02 5.8716802979e+02 5.8719702148e+02 5.8727001953e+02 5.8739001465e+02 5.8752502441e+02 5.8761401367e+02 5.8766601563e+02 5.8767700195e+02 5.8765100098e+02 5.8764001465e+02 5.8769201660e+02 5.8777301025e+02 5.8786102295e+02 5.8783898926e+02 5.8777301025e+02 5.8777099609e+02 5.8784197998e+02 5.8785900879e+02 5.8786999512e+02 5.8787902832e+02 5.8790197754e+02 5.8800201416e+02 5.8813201904e+02 5.8821697998e+02 5.8825701904e+02 5.8826202393e+02 5.8826702881e+02 5.8833398438e+02 5.8844097900e+02 5.8845397949e+02 5.8842297363e+02 5.8839801025e+02 5.8842901611e+02 5.8847698975e+02 5.8851098633e+02 5.8854101563e+02 5.8856701660e+02 5.8858398438e+02
5.8708099365e+02 5.8710302734e+02 5.8712597656e+02 5.8715002441e+02 5.8716802979e+02 5.8719598389e+02 5.8721099854e+02 5.8719799805e+02 5.8718200684e+02 5.8720800781e+02 5.8728002930e+02 5.8739599609e+02 5.8752600098e+02 5.8761199951e+02 5.8765600586e+02 5.8765997314e+02 5.8762200928e+02 5.8761401367e+02 5.8768701172e+02 5.8780102539e+02 5.8793298340e+02 5.8794396973e+02 5.8787799072e+02 5.8785699463e+02 5.8790802002e+02 5.8792401123e+02 5.8795202637e+02 5.8800000000e+02 5.8806896973e+02 5.8818597412e+02 5.8830700684e+02 5.8835400391e+02 5.8833801270e+02 5.8829602051e+02 5.8825402832e+02 5.8829400635e+02 5.8839898682e+02 5.8841302490e+02 5.8837799072e+02 5.8835998535e+02 5.8840997314e+02 5.8848199463e+02 5.8852502441e+02 5.8855297852e+02 5.8857897949e+02 5.8858398438e+02
5.8709399414e+02 5.8711102295e+02 5.8713299561e+02 5.8714801025e+02 5.8715899658e+02 5.8719598389e+02 5.8723199463e+02 5.8723999023e+02 5.8721197510e+02 5.8721398926e+02 5.8727398682e+02 5.8737500000e+02 5.8748297119e+02 5.8757702637e+02 5.8762799072e+02 5.8764099121e+02 5.8761199951e+02 5.8760198975e+02 5.8768103027e+02 5.8781298828e+02 5.8795001221e+02 5.8800897217e+02 5.8798101807e+02 5.8796197510e+02 5.8798602295e+02 5.8798901367e+02 5.8803497314e+02 5.8812799072e+02 5.8823999023e+02 5.8834899902e+02 5.8842901611e+02 5.8841302490e+02 5.8835101318e+02 5.8828302002e+02 5.8823400879e+02 5.8826300049e+02 5.8834997559e+02 5.8831298828e+02 5.8828100586e+02 5.8830401611e+02 5.8840301514e+02 5.8848901367e+02 5.8854302979e+02 5.8856097412e+02 5.8855603027e+02 5.8857397461e+02
5.8710101318e+02 5.8711798096e+02 5.8713397217e+02 5.8715399170e+02 5.8717498779e+02 5.8719598389e+02 5.8722497559e+02 5.8724499512e+02 5.8724102783e+02 5.8723901367e+02 5.8727801514e+02 5.8734399414e+02 5.8742199707e+02 5.8749798584e+02 5.8756201172e+02 5.8760498047e+02 5.8760400391e+02 5.8760900879e+02 5.8768597412e+02 5.8781896973e+02 5.8798797607e+02 5.8808001709e+02 5.8807000732e+02 5.8803900146e+02 5.8802600098e+02 5.8800701904e+02 5.8807397461e+02 5.8821197510e+02 5.8836199951e+02 5.8845800781e+02 5.8847698975e+02 5.8840197754e+02 5.8831097412e+02 5.8821398926e+02 5.8817297363e+02 5.8822998047e+02 5.8830297852e+02 5.8824902344e+02 5.8822198486e+02 5.8828802490e+02 5.8842498779e+02 5.8855102539e+02 5.8861102295e+02 5.8858502197e+02 5.8852301025e+02 5.8854199219e+02
5.8709698486e+02 5.8711499023e+02 5.8713397217e+02 5.8716497803e+02 5.8718499756e+02 5.8719799805e+02 5.8721502686e+02 5.8723797607e+02 5.8726300049e+02 5.8728002930e+02 5.8730401611e+02 5.8733697510e+02 5.8737200928e+02 5.8742700195e+02 5.8749499512e+02 5.8755999756e+02 5.8759100342e+02 5.8760998535e+02 5.8769598389e+02 5.8783197021e+02 5.8799902344e+02 5.8809600830e+02 5.8809100342e+02 5.8805700684e+02 5.8802398682e+02 5.8800000000e+02 5.8808697510e+02 5.8823999023e+02 5.8838598633e+02 5.8843701172e+02 5.8841101074e+02 5.8832202148e+02 5.8823297119e+02 5.8814099121e+02 5.8812701416e+02 5.8819299316e+02 5.8825897217e+02 5.8823797607e+02 5.8823297119e+02 5.8830401611e+02 5.8843402100e+02 5.8857501221e+02 5.8863299561e+02 5.8858398438e+02 5.8848999023e+02 5.8851702881e+02
5.8709197998e+02 5.8711199951e+02 5.8713702393e+02 5.8716900635e+02 5.8718597412e+02 5.8720098877e+02 5.8721899414e+02 5.8724200439e+02 5.8727099609e+02 5.8729998779e+02 5.8731896973e+02 5.8733300781e+02 5.8734399414e+02 5.8737597656e+02 5.8743597412e+02 5.8750701904e+02 5.8756201172e+02 5.8760198975e+02 5.8769500732e+02 5.8782897949e+02 5.8797100830e+02 5.8803900146e+02 5.8803698730e+02 5.8801202393e+02 5.8798400879e+02 5.8797998047e+02 5.8808599854e+02 5.8822900391e+02 5.8833300781e+02 5.8833898926e+02 5.8829602051e+02 5.8822497559e+02 5.8815197754e+02 5.8810797119e+02 5.8814300537e+02 5.8821002197e+02 5.8825201416e+02 5.8826300049e+02 5.8826702881e+02 5.8831097412e+02 5.8840502930e+02 5.8851599121e+02 5.8855999756e+02 5.8852398682e+02 5.8846697998e+02 5.8851098633e+02
