TESTSERVER/3/10.asc
NCOLS 100
NROWS 100
XLLCORNER 7.6497500000e+03
YLLCORNER 2.8945025000e+05
CELLSIZE 5.0000000000e-01
NODATA_VALUE -9.9990000000e+03
[rows 20 to 39 of 100, columns 46 to 91 of 100]
5.8709301758e+02 5.8710900879e+02 5.8713500977e+02 5.8716400146e+02 5.8718798828e+02 5.8719702148e+02 5.8722802734e+02 5.8725000000e+02 5.8725799561e+02 5.8729602051e+02 5.8731298828e+02 5.8732299805e+02 5.8734002686e+02 5.8734997559e+02 5.8738299561e+02 5.8743798828e+02 5.8749597168e+02 5.8756097412e+02 5.8766101074e+02 5.8779302979e+02 5.8790899658e+02 5.8795599365e+02 5.8795501709e+02 5.8793200684e+02 5.8790997314e+02 5.8795800781e+02 5.8807299805e+02 5.8819097900e+02 5.8825701904e+02 5.8824902344e+02 5.8820397949e+02 5.8815301514e+02 5.8810998535e+02 5.8810900879e+02 5.8819097900e+02 5.8826300049e+02 5.8827502441e+02 5.8829699707e+02 5.8829602051e+02 5.8830297852e+02 5.8836401367e+02 5.8841998291e+02 5.8843499756e+02 5.8844097900e+02 5.8846899414e+02 5.8853198242e+02
5.8708300781e+02 5.8711499023e+02 5.8714099121e+02 5.8715002441e+02 5.8716400146e+02 5.8717999268e+02 5.8721801758e+02 5.8724102783e+02 5.8724798584e+02 5.8729998779e+02 5.8731896973e+02 5.8732299805e+02 5.8733300781e+02 5.8734002686e+02 5.8735302734e+02 5.8738598633e+02 5.8744201660e+02 5.8748999023e+02 5.8759399414e+02 5.8773699951e+02 5.8785900879e+02 5.8791101074e+02 5.8790100098e+02 5.8785101318e+02 5.8782000732e+02 5.8788598633e+02 5.8801098633e+02 5.8812799072e+02 5.8818499756e+02 5.8816802979e+02 5.8811999512e+02 5.8808801270e+02 5.8808502197e+02 5.8812298584e+02 5.8822198486e+02 5.8829602051e+02 5.8829101563e+02 5.8828002930e+02 5.8825799561e+02 5.8824902344e+02 5.8829797363e+02 5.8836297607e+02 5.8840002441e+02 5.8842901611e+02 5.8846997070e+02 5.8857299805e+02
5.8705902100e+02 5.8711499023e+02 5.8714202881e+02 5.8714300537e+02 5.8715997314e+02 5.8717901611e+02 5.8720300293e+02 5.8722302246e+02 5.8724298096e+02 5.8729101563e+02 5.8731402588e+02 5.8731799316e+02 5.8732299805e+02 5.8733697510e+02 5.8735101318e+02 5.8738201904e+02 5.8742901611e+02 5.8747998047e+02 5.8758898926e+02 5.8774102783e+02 5.8787597656e+02 5.8792999268e+02 5.8790399170e+02 5.8782897949e+02 5.8778198242e+02 5.8785400391e+02 5.8796697998e+02 5.8806500244e+02 5.8809802246e+02 5.8806597900e+02 5.8803100586e+02 5.8802502441e+02 5.8805999756e+02 5.8813897705e+02 5.8823901367e+02 5.8829699707e+02 5.8828698730e+02 5.8825097656e+02 5.8821398926e+02 5.8820397949e+02 5.8825000000e+02 5.8830603027e+02 5.8835601807e+02 5.8839801025e+02 5.8844598389e+02 5.8857501221e+02
5.8702899170e+02 5.8709100342e+02 5.8712500000e+02 5.8713397217e+02 5.8715997314e+02 5.8718298340e+02 5.8719799805e+02 5.8721600342e+02 5.8724401855e+02 5.8727600098e+02 5.8729797363e+02 5.8730700684e+02 5.8731097412e+02 5.8733398438e+02 5.8736102295e+02 5.8740197754e+02 5.8745001221e+02 5.8751300049e+02 5.8763000488e+02 5.8778601074e+02 5.8792797852e+02 5.8798400879e+02 5.8794799805e+02 5.8785998535e+02 5.8779302979e+02 5.8784497070e+02 5.8792700195e+02 5.8799200439e+02 5.8800701904e+02 5.8798797607e+02 5.8798199463e+02 5.8800000000e+02 5.8804199219e+02 5.8812298584e+02 5.8820898438e+02 5.8824902344e+02 5.8825402832e+02 5.8821801758e+02 5.8817498779e+02 5.8817199707e+02 5.8821301270e+02 5.8823498535e+02 5.8828399658e+02 5.8834802246e+02 5.8841198730e+02 5.8853198242e+02
5.8702697754e+02 5.8707000732e+02 5.8710498047e+02 5.8712402344e+02 5.8714501953e+02 5.8717297363e+02 5.8720001221e+02 5.8722198486e+02 5.8725097656e+02 5.8727502441e+02 5.8728997803e+02 5.8729498291e+02 5.8728698730e+02 5.8732299805e+02 5.8736700439e+02 5.8741802979e+02 5.8747399902e+02 5.8753802490e+02 5.8765899658e+02 5.8780603027e+02 5.8793200684e+02 5.8797802734e+02 5.8794201660e+02 5.8786999512e+02 5.8783197021e+02 5.8783697510e+02 5.8786901855e+02 5.8790899658e+02 5.8793701172e+02 5.8797601318e+02 5.8800598145e+02 5.8803198242e+02 5.8806799316e+02 5.8810198975e+02 5.8815698242e+02 5.8817602539e+02 5.8816802979e+02 5.8816198730e+02 5.8814599609e+02 5.8816900635e+02 5.8819500732e+02 5.8818499756e+02 5.8823101807e+02 5.8831201172e+02 5.8838397217e+02 5.8847302246e+02
5.8701800537e+02 5.8707397461e+02 5.8710198975e+02 5.8712097168e+02 5.8713897705e+02 5.8715399170e+02 5.8718298340e+02 5.8721398926e+02 5.8724700928e+02 5.8727099609e+02 5.8727197266e+02 5.8726702881e+02 5.8726702881e+02 5.8730200195e+02 5.8734600830e+02 5.8739697266e+02 5.8744396973e+02 5.8748699951e+02 5.8758599854e+02 5.8771997070e+02 5.8785101318e+02 5.8789202881e+02 5.8786199951e+02 5.8781201172e+02 5.8780999756e+02 5.8781298828e+02 5.8783300781e+02 5.8788299561e+02 5.8795397949e+02 5.8803698730e+02 5.8808099365e+02 5.8810198975e+02 5.8813098145e+02 5.8812402344e+02 5.8814202881e+02 5.8814300537e+02 5.8811901855e+02 5.8811102295e+02 5.8816101074e+02 5.8819500732e+02 5.8816699219e+02 5.8816101074e+02 5.8820300293e+02 5.8826898193e+02 5.8833502197e+02 5.8840698242e+02
5.8700201416e+02 5.8706402588e+02 5.8708599854e+02 5.8710400391e+02 5.8712500000e+02 5.8714697266e+02 5.8717102051e+02 5.8719598389e+02 5.8722601318e+02 5.8724401855e+02 5.8724499512e+02 5.8724902344e+02 5.8726000977e+02 5.8728002930e+02 5.8731402588e+02 5.8735498047e+02 5.8739300537e+02 5.8741802979e+02 5.8749700928e+02 5.8761999512e+02 5.8776202393e+02 5.8781597900e+02 5.8780200195e+02 5.8777001953e+02 5.8778900146e+02 5.8781097412e+02 5.8783801270e+02 5.8789599609e+02 5.8798498535e+02 5.8809197998e+02 5.8814398193e+02 5.8815698242e+02 5.8816998291e+02 5.8816699219e+02 5.8818701172e+02 5.8819097900e+02 5.8817297363e+02 5.8815899658e+02 5.8818597412e+02 5.8818103027e+02 5.8814697266e+02 5.8817401123e+02 5.8821502686e+02 5.8826800537e+02 5.8832501221e+02 5.8835601807e+02
5.8696997070e+02 5.8701202393e+02 5.8703497314e+02 5.8706500244e+02 5.8709301758e+02 5.8713598633e+02 5.8716101074e+02 5.8717602539e+02 5.8719897461e+02 5.8721502686e+02 5.8722100830e+02 5.8723101807e+02 5.8725402832e+02 5.8727197266e+02 5.8729400635e+02 5.8732202148e+02 5.8735400391e+02 5.8736798096e+02 5.8742498779e+02 5.8753399658e+02 5.8767999268e+02 5.8775000000e+02 5.8775799561e+02 5.8775097656e+02 5.8778900146e+02 5.8783300781e+02 5.8786499023e+02 5.8792199707e+02 5.8801300049e+02 5.8812402344e+02 5.8817401123e+02 5.8818298340e+02 5.8818200684e+02 5.8819396973e+02 5.8823101807e+02 5.8824102783e+02 5.8820800781e+02 5.8814202881e+02 5.8813598633e+02 5.8813397217e+02 5.8815600586e+02 5.8822900391e+02 5.8827600098e+02 5.8831298828e+02 5.8834802246e+02 5.8834698486e+02
5.8693902588e+02 5.8696997070e+02 5.8699499512e+02 5.8703198242e+02 5.8706500244e+02 5.8710101318e+02 5.8713397217e+02 5.8715100098e+02 5.8716601563e+02 5.8718200684e+02 5.8719799805e+02 5.8721801758e+02 5.8724902344e+02 5.8727502441e+02 5.8729302979e+02 5.8731402588e+02 5.8734600830e+02 5.8736901855e+02 5.8740899658e+02 5.8748297119e+02 5.8759301758e+02 5.8768902588e+02 5.8773699951e+02 5.8777301025e+02 5.8782501221e+02 5.8785601807e+02 5.8789398193e+02 5.8794897461e+02 5.8801599121e+02 5.8809997559e+02 5.8814599609e+02 5.8816699219e+02 5.8817797852e+02 5.8819000244e+02 5.8820599365e+02 5.8819201660e+02 5.8813500977e+02 5.8804498291e+02 5.8805798340e+02 5.8810302734e+02 5.8816802979e+02 5.8826800537e+02 5.8831500244e+02 5.8833599854e+02 5.8837402344e+02 5.8839501953e+02
5.8690502930e+02 5.8693402100e+02 5.8696398926e+02 5.8699902344e+02 5.8701397705e+02 5.8704302979e+02 5.8708599854e+02 5.8710699463e+02 5.8712097168e+02 5.8713800049e+02 5.8716497803e+02 5.8720800781e+02 5.8723901367e+02 5.8726000977e+02 5.8728100586e+02 5.8730798340e+02 5.8735302734e+02 5.8739501953e+02 5.8742602539e+02 5.8746099854e+02 5.8751000977e+02 5.8757397461e+02 5.8764697266e+02 5.8773498535e+02 5.8783001709e+02 5.8787902832e+02 5.8792498779e+02 5.8797698975e+02 5.8800500488e+02 5.8803198242e+02 5.8806201172e+02 5.8808898926e+02 5.8811700439e+02 5.8813897705e+02 5.8810400391e+02 5.8804998779e+02 5.8800701904e+02 5.8797302246e+02 5.8801202393e+02 5.8808398438e+02 5.8816998291e+02 5.8826000977e+02 5.8829199219e+02 5.8833697510e+02 5.8841900635e+02 5.8847399902e+02
5.8687402344e+02 5.8689898682e+02 5.8692999268e+02 5.8696099854e+02 5.8697399902e+02 5.8701000977e+02 5.8705499268e+02 5.8707397461e+02 5.8709002686e+02 5.8710900879e+02 5.8713397217e+02 5.8718103027e+02 5.8721600342e+02 5.8724200439e+02 5.8726800537e+02 5.8729901123e+02 5.8735101318e+02 5.8739898682e+02 5.8742297363e+02 5.8743701172e+02 5.8745001221e+02 5.8749298096e+02 5.8757202148e+02 5.8768597412e+02 5.8781799316e+02 5.8788598633e+02 5.8791998291e+02 5.8794702148e+02 5.8796600342e+02 5.8796301270e+02 5.8796899414e+02 5.8798699951e+02 5.8801300049e+02 5.8799200439e+02 5.8794201660e+02 5.8791101074e+02 5.8792297363e+02 5.8794000244e+02 5.8798400879e+02 5.8806298828e+02 5.8815399170e+02 5.8820300293e+02 5.8822302246e+02 5.8828900146e+02 5.8841302490e+02 5.8852697754e+02
5.8683697510e+02 5.8686901855e+02 5.8689300537e+02 5.8691998291e+02 5.8694598389e+02 5.8698199463e+02 5.8701599121e+02 5.8703100586e+02 5.8705499268e+02 5.8707598877e+02 5.8710400391e+02 5.8714697266e+02 5.8718902588e+02 5.8722302246e+02 5.8725201416e+02 5.8728497314e+02 5.8733801270e+02 5.8739099121e+02 5.8741400146e+02 5.8742401123e+02 5.8742999268e+02 5.8745501709e+02 5.8752001953e+02 5.8762902832e+02 5.8776800537e+02 5.8786602783e+02 5.8790197754e+02 5.8791101074e+02 5.8792797852e+02 5.8791302490e+02 5.8789898682e+02 5.8790197754e+02 5.8790899658e+02 5.8787902832e+02 5.8786199951e+02 5.8787097168e+02 5.8791900635e+02 5.8792797852e+02 5.8796197510e+02 5.8804498291e+02 5.8812200928e+02 5.8813897705e+02 5.8814099121e+02 5.8820599365e+02 5.8835699463e+02 5.8852001953e+02
5.8678601074e+02 5.8682598877e+02 5.8685198975e+02 5.8687597656e+02 5.8690301514e+02 5.8693298340e+02 5.8695501709e+02 5.8697399902e+02 5.8700201416e+02 5.8703900146e+02 5.8708197021e+02 5.8712701416e+02 5.8716998291e+02 5.8720800781e+02 5.8723797607e+02 5.8727197266e+02 5.8730902100e+02 5.8736102295e+02 5.8739398193e+02 5.8741802979e+02 5.8744702148e+02 5.8745898438e+02 5.8748797607e+02 5.8755297852e+02 5.8763897705e+02 5.8783599854e+02 5.8792901611e+02 5.8794097900e+02 5.8793597412e+02 5.8788897705e+02 5.8786199951e+02 5.8786297607e+02 5.8786199951e+02 5.8785498047e+02 5.8787097168e+02 5.8788800049e+02 5.8794097900e+02 5.8794000244e+02 5.8795397949e+02 5.8803100586e+02 5.8813800049e+02 5.8815502930e+02 5.8814599609e+02 5.8817999268e+02 5.8829199219e+02 5.8844000244e+02
5.8671697998e+02 5.8676202393e+02 5.8680603027e+02 5.8684002686e+02 5.8686798096e+02 5.8689202881e+02 5.8692602539e+02 5.8696697998e+02 5.8697198486e+02 5.8700701904e+02 5.8704998779e+02 5.8710101318e+02 5.8715502930e+02 5.8719500732e+02 5.8723297119e+02 5.8726702881e+02 5.8730102539e+02 5.8733300781e+02 5.8736499023e+02 5.8739801025e+02 5.8743701172e+02 5.8744799805e+02 5.8746002197e+02 5.8749597168e+02 5.8756896973e+02 5.8780902100e+02 5.8798199463e+02 5.8801501465e+02 5.8795697021e+02 5.8786700439e+02 5.8782299805e+02 5.8786401367e+02 5.8793597412e+02 5.8794799805e+02 5.8794702148e+02 5.8794000244e+02 5.8795697021e+02 5.8795800781e+02 5.8796697998e+02 5.8806201172e+02 5.8821197510e+02 5.8825299072e+02 5.8821899414e+02 5.8821600342e+02 5.8827502441e+02 5.8837500000e+02
5.8665197754e+02 5.8669702148e+02 5.8674298096e+02 5.8678302002e+02 5.8681701660e+02 5.8684197998e+02 5.8691497803e+02 5.8696600342e+02 5.8693902588e+02 5.8697399902e+02 5.8701800537e+02 5.8707501221e+02 5.8714599609e+02 5.8720397949e+02 5.8724798584e+02 5.8727697754e+02 5.8729797363e+02 5.8732598877e+02 5.8735498047e+02 5.8738500977e+02 5.8742901611e+02 5.8744799805e+02 5.8745697021e+02 5.8748602295e+02 5.8754797363e+02 5.8776098633e+02 5.8794396973e+02 5.8799700928e+02 5.8792797852e+02 5.8782702637e+02 5.8778601074e+02 5.8785101318e+02 5.8796801758e+02 5.8801000977e+02 5.8800598145e+02 5.8798199463e+02 5.8796197510e+02 5.8795800781e+02 5.8798901367e+02 5.8811102295e+02 5.8824798584e+02 5.8825897217e+02 5.8822698975e+02 5.8821899414e+02 5.8825598145e+02 5.8832598877e+02
5.8658300781e+02 5.8663299561e+02 5.8668298340e+02 5.8672399902e+02 5.8675201416e+02 5.8683197021e+02 5.8694097900e+02 5.8694201660e+02 5.8690802002e+02 5.8695599365e+02 5.8700299072e+02 5.8706597900e+02 5.8715301514e+02 5.8722900391e+02 5.8727301025e+02 5.8729302979e+02 5.8730297852e+02 5.8732702637e+02 5.8735198975e+02 5.8737902832e+02 5.8742199707e+02 5.8745300293e+02 5.8746899414e+02 5.8749798584e+02 5.8755999756e+02 5.8770898438e+02 5.8786102295e+02 5.8791998291e+02 5.8786102295e+02 5.8778100586e+02 5.8774102783e+02 5.8778399658e+02 5.8787902832e+02 5.8794598389e+02 5.8797698975e+02 5.8798400879e+02 5.8796899414e+02 5.8795001221e+02 5.8799700928e+02 5.8812298584e+02 5.8820397949e+02 5.8820202637e+02 5.8819598389e+02 5.8818798828e+02 5.8821099854e+02 5.8826397705e+02
5.8650000000e+02 5.8654901123e+02 5.8662200928e+02 5.8666198730e+02 5.8669000244e+02 5.8684802246e+02 5.8694299316e+02 5.8690698242e+02 5.8690399170e+02 5.8696301270e+02 5.8702001953e+02 5.8710302734e+02 5.8720800781e+02 5.8726898193e+02 5.8729998779e+02 5.8730999756e+02 5.8732598877e+02 5.8733801270e+02 5.8735302734e+02 5.8737097168e+02 5.8739501953e+02 5.8745898438e+02 5.8749401855e+02 5.8752801514e+02 5.8755798340e+02 5.8763702393e+02 5.8775897217e+02 5.8783197021e+02 5.8779901123e+02 5.8775402832e+02 5.8770202637e+02 5.8768103027e+02 5.8770001221e+02 5.8780200195e+02 5.8788598633e+02 5.8794396973e+02 5.8797698975e+02 5.8794799805e+02 5.8796899414e+02 5.8804699707e+02 5.8808599854e+02 5.8811999512e+02 5.8815399170e+02 5.8815802002e+02 5.8816101074e+02 5.8818402100e+02
5.8641802979e+02 5.8649401855e+02 5.8654101563e+02 5.8657202148e+02 5.8672100830e+02 5.8686602783e+02 5.8689300537e+02 5.8688000488e+02 5.8690802002e+02 5.8695001221e+02 5.8703802490e+02 5.8718298340e+02 5.8728900146e+02 5.8732702637e+02 5.8733898926e+02 5.8734600830e+02 5.8735699463e+02 5.8736499023e+02 5.8736901855e+02 5.8737200928e+02 5.8738897705e+02 5.8743298340e+02 5.8748297119e+02 5.8752398682e+02 5.8752899170e+02 5.8760198975e+02 5.8773498535e+02 5.8781298828e+02 5.8778698730e+02 5.8772601318e+02 5.8765698242e+02 5.8761999512e+02 5.8763098145e+02 5.8769500732e+02 5.8777099609e+02 5.8784002686e+02 5.8790997314e+02 5.8790997314e+02 5.8786700439e+02 5.8789398193e+02 5.8796997070e+02 5.8802398682e+02 5.8805102539e+02 5.8805499268e+02 5.8808300781e+02 5.8811401367e+02
5.8633099365e+02 5.8640197754e+02 5.8642102051e+02 5.8653900146e+02 5.8683197021e+02 5.8689001465e+02 5.8686297607e+02 5.8687097168e+02 5.8690002441e+02 5.8691601563e+02 5.8704199219e+02 5.8721899414e+02 5.8728900146e+02 5.8730499268e+02 5.8734002686e+02 5.8738702393e+02 5.8740100098e+02 5.8740301514e+02 5.8741101074e+02 5.8741699219e+02 5.8741302490e+02 5.8741699219e+02 5.8746398926e+02 5.8751501465e+02 5.8753601074e+02 5.8762097168e+02 5.8776898193e+02 5.8785797119e+02 5.8781500244e+02 5.8772601318e+02 5.8765997314e+02 5.8762597656e+02 5.8762402344e+02 5.8762902832e+02 5.8765600586e+02 5.8771301270e+02 5.8777697754e+02 5.8778198242e+02 5.8774597168e+02 5.8778900146e+02 5.8790698242e+02 5.8794598389e+02 5.8794500732e+02 5.8795501709e+02 5.8801000977e+02 5.8805603027e+02
5.8624798584e+02 5.8627899170e+02 5.8634698486e+02 5.8660797119e+02 5.8688897705e+02 5.8686499023e+02 5.8683300781e+02 5.8686199951e+02 5.8688098145e+02 5.8689898682e+02 5.8702801514e+02 5.8719500732e+02 5.8724597168e+02 5.8724298096e+02 5.8730102539e+02 5.8739801025e+02 5.8744500732e+02 5.8745599365e+02 5.8748199463e+02 5.8750000000e+02 5.8749597168e+02 5.8746197510e+02 5.8750299072e+02 5.8756896973e+02 5.8761199951e+02 5.8765899658e+02 5.8777801514e+02 5.8786499023e+02 5.8783099365e+02 5.8775201416e+02 5.8771600342e+02 5.8769702148e+02 5.8766699219e+02 5.8760101318e+02 5.8757202148e+02 5.8759698486e+02 5.8762902832e+02 5.8762298584e+02 5.8761602783e+02 5.8769598389e+02 5.8784399414e+02 5.8787500000e+02 5.8786602783e+02 5.8788598633e+02 5.8794097900e+02 5.8799298096e+02
