TESTSERVER/3/11.asc
NCOLS 100
NROWS 100
XLLCORNER 7.6497500000e+03
YLLCORNER 2.8940025000e+05
CELLSIZE 5.0000000000e-01
NODATA_VALUE -9.9990000000e+03
[rows 80 to 99 of 100, columns 46 to 91 of 100]
5.6217401123e+02 5.6231402588e+02 5.6245800781e+02 5.6240997314e+02 5.6243298340e+02 5.6244000244e+02 5.6243200684e+02 5.6232598877e+02 5.6212500000e+02 5.6183197021e+02 5.6158801270e+02 5.6144500732e+02 5.6132598877e+02 5.6123297119e+02 5.6117199707e+02 5.6110498047e+02 5.6102801514e+02 5.6098498535e+02 5.6097698975e+02 5.6096002197e+02 5.6094702148e+02 5.6092901611e+02 5.6092401123e+02 5.6096697998e+02 5.6097497559e+02 5.6092602539e+02 5.6086602783e+02 5.6085101318e+02 5.6084002686e+02 5.6086401367e+02 5.6092602539e+02 5.6100097656e+02 5.6103601074e+02 5.6103997803e+02 5.6102899170e+02 5.6097399902e+02 5.6095501709e+02 5.6098602295e+02 5.6107501221e+02 5.6116601563e+02 5.6121899414e+02 5.6123602295e+02 5.6117901611e+02 5.6115197754e+02 5.6112902832e+02 5.6110900879e+02
5.6172100830e+02 5.6189697266e+02 5.6218499756e+02 5.6234600830e+02 5.6241101074e+02 5.6241900635e+02 5.6235601807e+02 5.6211700439e+02 5.6181402588e+02 5.6153002930e+02 5.6137298584e+02 5.6127197266e+02 5.6117797852e+02 5.6110302734e+02 5.6106097412e+02 5.6098602295e+02 5.6091802979e+02 5.6089300537e+02 5.6090002441e+02 5.6090399170e+02 5.6090899658e+02 5.6090197754e+02 5.6085998535e+02 5.6085900879e+02 5.6086700439e+02 5.6084002686e+02 5.6079101563e+02 5.6077697754e+02 5.6078198242e+02 5.6082202148e+02 5.6089599609e+02 5.6097302246e+02 5.6099499512e+02 5.6101098633e+02 5.6102197266e+02 5.6099700928e+02 5.6099102783e+02 5.6101599121e+02 5.6107897949e+02 5.6112902832e+02 5.6115802002e+02 5.6117102051e+02 5.6114801025e+02 5.6111798096e+02 5.6110498047e+02 5.6109002686e+02
5.6143798828e+02 5.6159497070e+02 5.6182800293e+02 5.6203198242e+02 5.6219396973e+02 5.6225701904e+02 5.6220098877e+02 5.6195202637e+02 5.6162799072e+02 5.6135900879e+02 5.6122900391e+02 5.6114501953e+02 5.6106597900e+02 5.6100299072e+02 5.6096099854e+02 5.6088897705e+02 5.6083099365e+02 5.6081402588e+02 5.6083099365e+02 5.6085198975e+02 5.6084802246e+02 5.6083099365e+02 5.6078100586e+02 5.6075201416e+02 5.6076800537e+02 5.6077801514e+02 5.6076000977e+02 5.6075299072e+02 5.6077502441e+02 5.6082397461e+02 5.6085900879e+02 5.6090802002e+02 5.6095202637e+02 5.6100299072e+02 5.6102502441e+02 5.6101202393e+02 5.6101300049e+02 5.6103002930e+02 5.6107202148e+02 5.6110900879e+02 5.6112799072e+02 5.6113299561e+02 5.6111602783e+02 5.6109997559e+02 5.6108898926e+02 5.6107598877e+02
5.6129998779e+02 5.6142102051e+02 5.6152899170e+02 5.6161401367e+02 5.6177099609e+02 5.6187097168e+02 5.6188800049e+02 5.6175402832e+02 5.6150299072e+02 5.6126599121e+02 5.6111499023e+02 5.6102099609e+02 5.6094799805e+02 5.6089801025e+02 5.6086499023e+02 5.6080798340e+02 5.6075000000e+02 5.6072900391e+02 5.6075299072e+02 5.6077301025e+02 5.6073699951e+02 5.6070501709e+02 5.6069201660e+02 5.6068103027e+02 5.6070898438e+02 5.6074102783e+02 5.6074298096e+02 5.6073498535e+02 5.6076202393e+02 5.6081701660e+02 5.6083502197e+02 5.6086901855e+02 5.6091900635e+02 5.6098901367e+02 5.6102600098e+02 5.6101599121e+02 5.6101800537e+02 5.6102697754e+02 5.6105700684e+02 5.6108697510e+02 5.6109899902e+02 5.6109899902e+02 5.6108697510e+02 5.6108001709e+02 5.6107098389e+02 5.6105999756e+02
5.6132897949e+02 5.6139300537e+02 5.6148999023e+02 5.6148901367e+02 5.6152398682e+02 5.6154602051e+02 5.6161999512e+02 5.6158599854e+02 5.6140100098e+02 5.6117602539e+02 5.6096301270e+02 5.6088000488e+02 5.6083197021e+02 5.6080499268e+02 5.6079699707e+02 5.6074200439e+02 5.6066802979e+02 5.6063201904e+02 5.6065301514e+02 5.6066998291e+02 5.6063500977e+02 5.6060900879e+02 5.6062500000e+02 5.6064599609e+02 5.6067700195e+02 5.6070898438e+02 5.6071398926e+02 5.6068798828e+02 5.6071197510e+02 5.6076397705e+02 5.6080798340e+02 5.6085797119e+02 5.6089898682e+02 5.6095501709e+02 5.6101098633e+02 5.6100598145e+02 5.6100299072e+02 5.6101000977e+02 5.6103497314e+02 5.6105798340e+02 5.6107098389e+02 5.6107598877e+02 5.6107299805e+02 5.6105401611e+02 5.6104602051e+02 5.6103601074e+02
5.6133502197e+02 5.6139001465e+02 5.6142602539e+02 5.6145001221e+02 5.6147698975e+02 5.6147100830e+02 5.6147198486e+02 5.6144201660e+02 5.6124902344e+02 5.6102001953e+02 5.6084899902e+02 5.6078198242e+02 5.6072601318e+02 5.6068200684e+02 5.6067401123e+02 5.6065899658e+02 5.6061297607e+02 5.6059002686e+02 5.6057800293e+02 5.6057598877e+02 5.6056799316e+02 5.6055902100e+02 5.6057098389e+02 5.6059698486e+02 5.6063500977e+02 5.6067102051e+02 5.6065698242e+02 5.6063299561e+02 5.6066802979e+02 5.6072100830e+02 5.6077001953e+02 5.6082702637e+02 5.6088299561e+02 5.6094201660e+02 5.6098199463e+02 5.6100402832e+02 5.6100097656e+02 5.6099597168e+02 5.6101098633e+02 5.6103100586e+02 5.6104602051e+02 5.6105499268e+02 5.6104901123e+02 5.6103302002e+02 5.6102502441e+02 5.6101702881e+02
5.6126397705e+02 5.6132598877e+02 5.6138397217e+02 5.6143597412e+02 5.6147399902e+02 5.6147399902e+02 5.6143798828e+02 5.6137902832e+02 5.6115802002e+02 5.6089099121e+02 5.6072198486e+02 5.6067797852e+02 5.6063397217e+02 5.6059301758e+02 5.6056201172e+02 5.6055297852e+02 5.6053497314e+02 5.6052099609e+02 5.6051202393e+02 5.6052301025e+02 5.6052801514e+02 5.6052502441e+02 5.6052899170e+02 5.6055902100e+02 5.6059002686e+02 5.6060998535e+02 5.6059197998e+02 5.6057397461e+02 5.6060699463e+02 5.6067700195e+02 5.6072497559e+02 5.6076599121e+02 5.6082000732e+02 5.6089099121e+02 5.6092602539e+02 5.6099401855e+02 5.6102502441e+02 5.6101202393e+02 5.6100000000e+02 5.6101501465e+02 5.6102600098e+02 5.6103198242e+02 5.6102801514e+02 5.6101898193e+02 5.6101300049e+02 5.6100701904e+02
5.6117199707e+02 5.6124200439e+02 5.6133099365e+02 5.6143103027e+02 5.6148999023e+02 5.6150701904e+02 5.6147497559e+02 5.6140100098e+02 5.6111901855e+02 5.6077899170e+02 5.6058001709e+02 5.6054699707e+02 5.6052899170e+02 5.6051098633e+02 5.6048400879e+02 5.6047302246e+02 5.6045599365e+02 5.6044799805e+02 5.6047198486e+02 5.6049298096e+02 5.6048901367e+02 5.6048400879e+02 5.6050299072e+02 5.6053997803e+02 5.6055102539e+02 5.6055401611e+02 5.6054498291e+02 5.6053802490e+02 5.6056500244e+02 5.6064501953e+02 5.6067401123e+02 5.6069702148e+02 5.6075097656e+02 5.6083697510e+02 5.6087597656e+02 5.6096398926e+02 5.6101702881e+02 5.6100701904e+02 5.6098999023e+02 5.6100299072e+02 5.6101202393e+02 5.6101599121e+02 5.6101300049e+02 5.6100799561e+02 5.6100500488e+02 5.6100000000e+02
5.6104400635e+02 5.6112701416e+02 5.6124499512e+02 5.6136199951e+02 5.6144598389e+02 5.6150500488e+02 5.6153002930e+02 5.6141900635e+02 5.6109301758e+02 5.6067901611e+02 5.6041400146e+02 5.6042700195e+02 5.6042199707e+02 5.6042199707e+02 5.6042199707e+02 5.6042297363e+02 5.6040399170e+02 5.6040197754e+02 5.6044201660e+02 5.6044799805e+02 5.6043499756e+02 5.6044500732e+02 5.6047497559e+02 5.6050402832e+02 5.6050000000e+02 5.6050000000e+02 5.6050500488e+02 5.6051898193e+02 5.6053302002e+02 5.6059002686e+02 5.6063897705e+02 5.6071502686e+02 5.6077001953e+02 5.6082098389e+02 5.6085198975e+02 5.6091198730e+02 5.6095898438e+02 5.6097399902e+02 5.6096997070e+02 5.6099298096e+02 5.6100500488e+02 5.6101000977e+02 5.6100799561e+02 5.6100500488e+02 5.6100000000e+02 5.6099401855e+02
5.6088800049e+02 5.6097601318e+02 5.6111199951e+02 5.6124798584e+02 5.6135198975e+02 5.6144897461e+02 5.6152600098e+02 5.6150299072e+02 5.6119396973e+02 5.6071002197e+02 5.6033300781e+02 5.6032598877e+02 5.6036401367e+02 5.6036297607e+02 5.6035498047e+02 5.6035699463e+02 5.6035101318e+02 5.6035198975e+02 5.6038000488e+02 5.6039599609e+02 5.6040997314e+02 5.6043902588e+02 5.6045001221e+02 5.6045898438e+02 5.6046002197e+02 5.6046002197e+02 5.6045001221e+02 5.6047302246e+02 5.6049102783e+02 5.6053900146e+02 5.6058099365e+02 5.6067297363e+02 5.6073999023e+02 5.6078802490e+02 5.6084698486e+02 5.6087500000e+02 5.6095300293e+02 5.6101702881e+02 5.6097302246e+02 5.6098297119e+02 5.6100299072e+02 5.6101599121e+02 5.6101202393e+02 5.6100701904e+02 5.6099902344e+02 5.6098901367e+02
5.6072802734e+02 5.6080999756e+02 5.6094500732e+02 5.6109497070e+02 5.6121398926e+02 5.6132800293e+02 5.6150299072e+02 5.6159301758e+02 5.6125201416e+02 5.6071502686e+02 5.6027001953e+02 5.6020300293e+02 5.6027502441e+02 5.6028302002e+02 5.6027801514e+02 5.6027697754e+02 5.6028198242e+02 5.6028802490e+02 5.6031201172e+02 5.6035198975e+02 5.6036199951e+02 5.6038098145e+02 5.6040802002e+02 5.6042199707e+02 5.6042797852e+02 5.6043200684e+02 5.6042901611e+02 5.6044702148e+02 5.6045300293e+02 5.6049401855e+02 5.6054101563e+02 5.6065698242e+02 5.6072302246e+02 5.6076702881e+02 5.6085101318e+02 5.6087799072e+02 5.6096697998e+02 5.6104400635e+02 5.6098602295e+02 5.6098199463e+02 5.6100201416e+02 5.6101898193e+02 5.6101599121e+02 5.6100701904e+02 5.6100000000e+02 5.6098999023e+02
5.6055297852e+02 5.6062902832e+02 5.6074700928e+02 5.6088598633e+02 5.6100799561e+02 5.6112902832e+02 5.6138201904e+02 5.6148199463e+02 5.6107098389e+02 5.6051599121e+02 5.6014898682e+02 5.6008801270e+02 5.6017797852e+02 5.6019702148e+02 5.6020800781e+02 5.6021002197e+02 5.6023400879e+02 5.6025097656e+02 5.6026898193e+02 5.6031896973e+02 5.6031799316e+02 5.6032598877e+02 5.6037200928e+02 5.6038897705e+02 5.6039300537e+02 5.6040002441e+02 5.6041998291e+02 5.6043597412e+02 5.6042297363e+02 5.6045501709e+02 5.6052301025e+02 5.6064697266e+02 5.6069799805e+02 5.6074401855e+02 5.6084100342e+02 5.6086999512e+02 5.6092199707e+02 5.6098199463e+02 5.6098602295e+02 5.6098297119e+02 5.6099499512e+02 5.6101202393e+02 5.6101501465e+02 5.6100701904e+02 5.6100299072e+02 5.6099499512e+02
5.6036297607e+02 5.6040698242e+02 5.6045397949e+02 5.6062097168e+02 5.6071002197e+02 5.6077197266e+02 5.6080499268e+02 5.6083801270e+02 5.6038201904e+02 5.5997802734e+02 5.5989697266e+02 5.6005798340e+02 5.6009997559e+02 5.6012597656e+02 5.6016198730e+02 5.6017297363e+02 5.6022399902e+02 5.6025500488e+02 5.6022802734e+02 5.6025897217e+02 5.6028198242e+02 5.6030200195e+02 5.6034197998e+02 5.6035302734e+02 5.6035498047e+02 5.6035699463e+02 5.6035400391e+02 5.6038299561e+02 5.6038800049e+02 5.6041400146e+02 5.6046398926e+02 5.6058898926e+02 5.6067901611e+02 5.6074798584e+02 5.6080499268e+02 5.6086297607e+02 5.6089202881e+02 5.6094097900e+02 5.6100701904e+02 5.6097802734e+02 5.6097601318e+02 5.6098901367e+02 5.6099200439e+02 5.6100799561e+02 5.6101898193e+02 5.6102001953e+02
5.6017102051e+02 5.6018200684e+02 5.6022698975e+02 5.6032800293e+02 5.6035101318e+02 5.6031896973e+02 5.6024298096e+02 5.5992498779e+02 5.5956701660e+02 5.5939001465e+02 5.5963702393e+02 5.6002899170e+02 5.6001397705e+02 5.6003601074e+02 5.6009002686e+02 5.6012799072e+02 5.6017999268e+02 5.6020001221e+02 5.6018597412e+02 5.6023498535e+02 5.6028601074e+02 5.6028497314e+02 5.6029901123e+02 5.6033898926e+02 5.6036499023e+02 5.6035797119e+02 5.6032897949e+02 5.6033398438e+02 5.6034899902e+02 5.6036901855e+02 5.6045098877e+02 5.6060302734e+02 5.6068597412e+02 5.6074499512e+02 5.6079101563e+02 5.6081896973e+02 5.6085101318e+02 5.6091400146e+02 5.6098602295e+02 5.6095898438e+02 5.6095800781e+02 5.6097399902e+02 5.6099798584e+02 5.6102600098e+02 5.6103698730e+02 5.6102099609e+02
5.5999401855e+02 5.5999298096e+02 5.6000897217e+02 5.6005401611e+02 5.6004101563e+02 5.5997601318e+02 5.5977801514e+02 5.5938000488e+02 5.5908801270e+02 5.5900500488e+02 5.5935998535e+02 5.5986102295e+02 5.5993402100e+02 5.5998699951e+02 5.6005700684e+02 5.6010198975e+02 5.6013800049e+02 5.6015197754e+02 5.6016601563e+02 5.6021600342e+02 5.6026501465e+02 5.6025799561e+02 5.6025598145e+02 5.6030798340e+02 5.6033801270e+02 5.6032397461e+02 5.6030200195e+02 5.6033801270e+02 5.6036798096e+02 5.6039202881e+02 5.6049200439e+02 5.6060699463e+02 5.6064099121e+02 5.6070397949e+02 5.6076702881e+02 5.6076098633e+02 5.6080401611e+02 5.6087701416e+02 5.6093902588e+02 5.6093298340e+02 5.6094201660e+02 5.6096002197e+02 5.6097900391e+02 5.6099401855e+02 5.6097998047e+02 5.6093298340e+02
5.5982299805e+02 5.5981097412e+02 5.5980297852e+02 5.5980401611e+02 5.5976300049e+02 5.5967297363e+02 5.5944097900e+02 5.5907000732e+02 5.5884997559e+02 5.5883599854e+02 5.5913000488e+02 5.5965600586e+02 5.5988800049e+02 5.6000097656e+02 5.6007098389e+02 5.6009100342e+02 5.6011401367e+02 5.6013000488e+02 5.6014501953e+02 5.6015399170e+02 5.6018103027e+02 5.6019299316e+02 5.6020501709e+02 5.6025500488e+02 5.6028698730e+02 5.6028601074e+02 5.6029199219e+02 5.6034899902e+02 5.6038500977e+02 5.6041400146e+02 5.6050897217e+02 5.6058398438e+02 5.6059698486e+02 5.6064898682e+02 5.6071899414e+02 5.6071099854e+02 5.6077099609e+02 5.6083398438e+02 5.6086602783e+02 5.6088201904e+02 5.6089398193e+02 5.6090100098e+02 5.6089501953e+02 5.6088000488e+02 5.6083898926e+02 5.6076702881e+02
5.5965197754e+02 5.5961297607e+02 5.5954998779e+02 5.5954998779e+02 5.5948797607e+02 5.5940100098e+02 5.5928601074e+02 5.5901702881e+02 5.5887402344e+02 5.5887200928e+02 5.5903302002e+02 5.5947198486e+02 5.5979901123e+02 5.5996301270e+02 5.6002899170e+02 5.6003802490e+02 5.6006896973e+02 5.6010198975e+02 5.6010198975e+02 5.6012500000e+02 5.6014300537e+02 5.6016497803e+02 5.6016699219e+02 5.6020202637e+02 5.6024499512e+02 5.6026800537e+02 5.6028900146e+02 5.6030499268e+02 5.6032000732e+02 5.6035198975e+02 5.6040002441e+02 5.6048797607e+02 5.6054797363e+02 5.6060400391e+02 5.6067401123e+02 5.6068499756e+02 5.6075299072e+02 5.6080700684e+02 5.6080603027e+02 5.6079400635e+02 5.6079101563e+02 5.6076501465e+02 5.6071600342e+02 5.6067602539e+02 5.6061602783e+02 5.6054498291e+02
5.5950000000e+02 5.5944299316e+02 5.5938000488e+02 5.5932098389e+02 5.5925799561e+02 5.5918902588e+02 5.5910101318e+02 5.5896600342e+02 5.5889599609e+02 5.5891497803e+02 5.5903497314e+02 5.5940197754e+02 5.5972601318e+02 5.5988397217e+02 5.6000201416e+02 5.6002899170e+02 5.6005297852e+02 5.6008599854e+02 5.6006896973e+02 5.6009802246e+02 5.6011499023e+02 5.6013098145e+02 5.6014398193e+02 5.6017401123e+02 5.6021600342e+02 5.6024200439e+02 5.6026300049e+02 5.6028302002e+02 5.6029400635e+02 5.6033300781e+02 5.6038098145e+02 5.6047198486e+02 5.6055798340e+02 5.6058898926e+02 5.6062402344e+02 5.6064599609e+02 5.6069201660e+02 5.6071697998e+02 5.6070501709e+02 5.6067297363e+02 5.6061602783e+02 5.6054199219e+02 5.6050299072e+02 5.6047698975e+02 5.6040802002e+02 5.6032202148e+02
5.5936199951e+02 5.5930603027e+02 5.5922802734e+02 5.5915899658e+02 5.5910101318e+02 5.5903997803e+02 5.5897100830e+02 5.5889599609e+02 5.5886401367e+02 5.5890197754e+02 5.5901202393e+02 5.5933801270e+02 5.5965698242e+02 5.5982598877e+02 5.5996697998e+02 5.5999798584e+02 5.6000299072e+02 5.6003698730e+02 5.6004199219e+02 5.6007202148e+02 5.6006500244e+02 5.6007000732e+02 5.6012500000e+02 5.6016601563e+02 5.6018298340e+02 5.6019299316e+02 5.6022900391e+02 5.6028399658e+02 5.6030603027e+02 5.6035797119e+02 5.6043499756e+02 5.6047198486e+02 5.6051599121e+02 5.6050897217e+02 5.6051501465e+02 5.6054998779e+02 5.6057397461e+02 5.6057397461e+02 5.6057098389e+02 5.6050500488e+02 5.6041302490e+02 5.6031896973e+02 5.6028601074e+02 5.6027502441e+02 5.6016998291e+02 5.6002001953e+02
5.5923498535e+02 5.5917999268e+02 5.5909600830e+02 5.5903302002e+02 5.5898699951e+02 5.5894000244e+02 5.5889599609e+02 5.5886297607e+02 5.5884399414e+02 5.5887701416e+02 5.5895898438e+02 5.5922497559e+02 5.5954901123e+02 5.5975000000e+02 5.5989001465e+02 5.5994299316e+02 5.5997399902e+02 5.6002301025e+02 5.6003100586e+02 5.6004302979e+02 5.6002899170e+02 5.6003302002e+02 5.6010302734e+02 5.6015600586e+02 5.6015899658e+02 5.6015399170e+02 5.6019799805e+02 5.6024597168e+02 5.6027801514e+02 5.6036499023e+02 5.6045202637e+02 5.6042199707e+02 5.6043402100e+02 5.6042498779e+02 5.6042199707e+02 5.6045300293e+02 5.6044097900e+02 5.6041101074e+02 5.6040502930e+02 5.6029797363e+02 5.6019000244e+02 5.6010302734e+02 5.6007702637e+02 5.5997302246e+02 5.5977502441e+02 5.5959497070e+02
