TESTSERVER/3/11.asc
NCOLS 100
NROWS 100
XLLCORNER 7.6497500000e+03
YLLCORNER 2.8940025000e+05
CELLSIZE 5.0000000000e-01
NODATA_VALUE -9.9990000000e+03
[rows 40 to 59 of 100, columns 0 to 45 of 100]
5.7225500488e+02 5.7233697510e+02 5.7240002441e+02 5.7247302246e+02 5.7255999756e+02 5.7270001221e+02 5.7285198975e+02 5.7299700928e+02 5.7311401367e+02 5.7320800781e+02 5.7326397705e+02 5.7332098389e+02 5.7338598633e+02 5.7336798096e+02 5.7338098145e+02 5.7344097900e+02 5.7352301025e+02 5.7357702637e+02 5.7363000488e+02 5.7367199707e+02 5.7368597412e+02 5.7369097900e+02 5.7371899414e+02 5.7376202393e+02 5.7379498291e+02 5.7382598877e+02 5.7383599854e+02 5.7384002686e+02 5.7386798096e+02 5.7388299561e+02 5.7392102051e+02 5.7398797607e+02 5.7403900146e+02 5.7405700684e+02 5.7407702637e+02 5.7410198975e+02 5.7412298584e+02 5.7411199951e+02 5.7410699463e+02 5.7406201172e+02 5.7397198486e+02 5.7388201904e+02 5.7383099365e+02 5.7378399658e+02 5.7372998047e+02 5.7366101074e+02
5.7209899902e+02 5.7218402100e+02 5.7226202393e+02 5.7233300781e+02 5.7240502930e+02 5.7253698730e+02 5.7271398926e+02 5.7286700439e+02 5.7297698975e+02 5.7309497070e+02 5.7316900635e+02 5.7322698975e+02 5.7328302002e+02 5.7329498291e+02 5.7331402588e+02 5.7335198975e+02 5.7340399170e+02 5.7345397949e+02 5.7349102783e+02 5.7352502441e+02 5.7353997803e+02 5.7355200195e+02 5.7358502197e+02 5.7363098145e+02 5.7367700195e+02 5.7374298096e+02 5.7377600098e+02 5.7378100586e+02 5.7378601074e+02 5.7380297852e+02 5.7382098389e+02 5.7385198975e+02 5.7387902832e+02 5.7389501953e+02 5.7391998291e+02 5.7394396973e+02 5.7394799805e+02 5.7394097900e+02 5.7395001221e+02 5.7390899658e+02 5.7379101563e+02 5.7364599609e+02 5.7355999756e+02 5.7350799561e+02 5.7347399902e+02 5.7341998291e+02
5.7196197510e+02 5.7205401611e+02 5.7212902832e+02 5.7218200684e+02 5.7223699951e+02 5.7236798096e+02 5.7253802490e+02 5.7268902588e+02 5.7279400635e+02 5.7291198730e+02 5.7299798584e+02 5.7306298828e+02 5.7312799072e+02 5.7317901611e+02 5.7320898438e+02 5.7323297119e+02 5.7326599121e+02 5.7330700684e+02 5.7332897949e+02 5.7335302734e+02 5.7337200928e+02 5.7338702393e+02 5.7340698242e+02 5.7345898438e+02 5.7353802490e+02 5.7363702393e+02 5.7369201660e+02 5.7370300293e+02 5.7369500732e+02 5.7370202637e+02 5.7369097900e+02 5.7369500732e+02 5.7371997070e+02 5.7375299072e+02 5.7378002930e+02 5.7379797363e+02 5.7378997803e+02 5.7377099609e+02 5.7376000977e+02 5.7370202637e+02 5.7358001709e+02 5.7341998291e+02 5.7331597900e+02 5.7324902344e+02 5.7320202637e+02 5.7316302490e+02
5.7182501221e+02 5.7192602539e+02 5.7199401855e+02 5.7203601074e+02 5.7209197998e+02 5.7223199463e+02 5.7236901855e+02 5.7249798584e+02 5.7259301758e+02 5.7267401123e+02 5.7275500488e+02 5.7283599854e+02 5.7292901611e+02 5.7301000977e+02 5.7304998779e+02 5.7306701660e+02 5.7308801270e+02 5.7312097168e+02 5.7314398193e+02 5.7317700195e+02 5.7320098877e+02 5.7320501709e+02 5.7322100830e+02 5.7328900146e+02 5.7338800049e+02 5.7348400879e+02 5.7354699707e+02 5.7356298828e+02 5.7355102539e+02 5.7354400635e+02 5.7352099609e+02 5.7352099609e+02 5.7355401611e+02 5.7360302734e+02 5.7363800049e+02 5.7365002441e+02 5.7361602783e+02 5.7354901123e+02 5.7349200439e+02 5.7341802979e+02 5.7332098389e+02 5.7317901611e+02 5.7308001709e+02 5.7300402832e+02 5.7293499756e+02 5.7290899658e+02
5.7168701172e+02 5.7180499268e+02 5.7187200928e+02 5.7191497803e+02 5.7200500488e+02 5.7211297607e+02 5.7219201660e+02 5.7228198242e+02 5.7237402344e+02 5.7244500732e+02 5.7251898193e+02 5.7260998535e+02 5.7271502686e+02 5.7279797363e+02 5.7284301758e+02 5.7285900879e+02 5.7286700439e+02 5.7287701416e+02 5.7291198730e+02 5.7297802734e+02 5.7303698730e+02 5.7302899170e+02 5.7306500244e+02 5.7316101074e+02 5.7326501465e+02 5.7330200195e+02 5.7334698486e+02 5.7336499023e+02 5.7334497070e+02 5.7332702637e+02 5.7331701660e+02 5.7333898926e+02 5.7338098145e+02 5.7341400146e+02 5.7344897461e+02 5.7345202637e+02 5.7340997314e+02 5.7330798340e+02 5.7321099854e+02 5.7312200928e+02 5.7303002930e+02 5.7293298340e+02 5.7285400391e+02 5.7278601074e+02 5.7272399902e+02 5.7267102051e+02
5.7155700684e+02 5.7166900635e+02 5.7172998047e+02 5.7176702881e+02 5.7182598877e+02 5.7191998291e+02 5.7199102783e+02 5.7206298828e+02 5.7213500977e+02 5.7222399902e+02 5.7230700684e+02 5.7239300537e+02 5.7250201416e+02 5.7258197021e+02 5.7261602783e+02 5.7262701416e+02 5.7263598633e+02 5.7266302490e+02 5.7269702148e+02 5.7275000000e+02 5.7279602051e+02 5.7281298828e+02 5.7288897705e+02 5.7300500488e+02 5.7309698486e+02 5.7312500000e+02 5.7315100098e+02 5.7319000244e+02 5.7320501709e+02 5.7315502930e+02 5.7312097168e+02 5.7312701416e+02 5.7317102051e+02 5.7320001221e+02 5.7320800781e+02 5.7318798828e+02 5.7314501953e+02 5.7306097412e+02 5.7297302246e+02 5.7289501953e+02 5.7281201172e+02 5.7271899414e+02 5.7264099121e+02 5.7257299805e+02 5.7250500488e+02 5.7244097900e+02
5.7132897949e+02 5.7140100098e+02 5.7147198486e+02 5.7153198242e+02 5.7159802246e+02 5.7169097900e+02 5.7176397705e+02 5.7182897949e+02 5.7188598633e+02 5.7196398926e+02 5.7203802490e+02 5.7211499023e+02 5.7222698975e+02 5.7230401611e+02 5.7234100342e+02 5.7236499023e+02 5.7239599609e+02 5.7246301270e+02 5.7251098633e+02 5.7253302002e+02 5.7254901123e+02 5.7259399414e+02 5.7267498779e+02 5.7277398682e+02 5.7287097168e+02 5.7293701172e+02 5.7298199463e+02 5.7304400635e+02 5.7307598877e+02 5.7299401855e+02 5.7293798828e+02 5.7292602539e+02 5.7295599365e+02 5.7297302246e+02 5.7296301270e+02 5.7292297363e+02 5.7286798096e+02 5.7278802490e+02 5.7271301270e+02 5.7264697266e+02 5.7257299805e+02 5.7248297119e+02 5.7240002441e+02 5.7232702637e+02 5.7226599121e+02 5.7221502686e+02
5.7104797363e+02 5.7110101318e+02 5.7117999268e+02 5.7126202393e+02 5.7136102295e+02 5.7145697021e+02 5.7153302002e+02 5.7159301758e+02 5.7162799072e+02 5.7167797852e+02 5.7173199463e+02 5.7179797363e+02 5.7189898682e+02 5.7197698975e+02 5.7204101563e+02 5.7210498047e+02 5.7216400146e+02 5.7222802734e+02 5.7228302002e+02 5.7230499268e+02 5.7233001709e+02 5.7239898682e+02 5.7246600342e+02 5.7254602051e+02 5.7265802002e+02 5.7275897217e+02 5.7281298828e+02 5.7285797119e+02 5.7286700439e+02 5.7279998779e+02 5.7275500488e+02 5.7273199463e+02 5.7273101807e+02 5.7274401855e+02 5.7273602295e+02 5.7268798828e+02 5.7260900879e+02 5.7252398682e+02 5.7246197510e+02 5.7240502930e+02 5.7232800293e+02 5.7223699951e+02 5.7214697266e+02 5.7207202148e+02 5.7202099609e+02 5.7198498535e+02
5.7081896973e+02 5.7090802002e+02 5.7097998047e+02 5.7105798340e+02 5.7117901611e+02 5.7124700928e+02 5.7130102539e+02 5.7135498047e+02 5.7139501953e+02 5.7140399170e+02 5.7144396973e+02 5.7150201416e+02 5.7158898926e+02 5.7165301514e+02 5.7176098633e+02 5.7188598633e+02 5.7201599121e+02 5.7203601074e+02 5.7204302979e+02 5.7206298828e+02 5.7212902832e+02 5.7220098877e+02 5.7226599121e+02 5.7235498047e+02 5.7248999023e+02 5.7258398438e+02 5.7260797119e+02 5.7260101318e+02 5.7259802246e+02 5.7260498047e+02 5.7258197021e+02 5.7252899170e+02 5.7249298096e+02 5.7251501465e+02 5.7253002930e+02 5.7248297119e+02 5.7238500977e+02 5.7229699707e+02 5.7224401855e+02 5.7219097900e+02 5.7210198975e+02 5.7200598145e+02 5.7191497803e+02 5.7183398438e+02 5.7177301025e+02 5.7173999023e+02
5.7054101563e+02 5.7065997314e+02 5.7075897217e+02 5.7084698486e+02 5.7094299316e+02 5.7101397705e+02 5.7105902100e+02 5.7109698486e+02 5.7113098145e+02 5.7115802002e+02 5.7119702148e+02 5.7124597168e+02 5.7131500244e+02 5.7139001465e+02 5.7150701904e+02 5.7163897705e+02 5.7176202393e+02 5.7181896973e+02 5.7182000732e+02 5.7182397461e+02 5.7188500977e+02 5.7197802734e+02 5.7206896973e+02 5.7217199707e+02 5.7228198242e+02 5.7238598633e+02 5.7242602539e+02 5.7243200684e+02 5.7244799805e+02 5.7245397949e+02 5.7240100098e+02 5.7231500244e+02 5.7226599121e+02 5.7226202393e+02 5.7227801514e+02 5.7225299072e+02 5.7217498779e+02 5.7208502197e+02 5.7202099609e+02 5.7196801758e+02 5.7188397217e+02 5.7181298828e+02 5.7172698975e+02 5.7161798096e+02 5.7153698730e+02 5.7149102783e+02
5.7028698730e+02 5.7039801025e+02 5.7050500488e+02 5.7060101318e+02 5.7069097900e+02 5.7077197266e+02 5.7081799316e+02 5.7084698486e+02 5.7088201904e+02 5.7093298340e+02 5.7097900391e+02 5.7101702881e+02 5.7106500244e+02 5.7112701416e+02 5.7121997070e+02 5.7132397461e+02 5.7141497803e+02 5.7148498535e+02 5.7154699707e+02 5.7159497070e+02 5.7166699219e+02 5.7176898193e+02 5.7186901855e+02 5.7196502686e+02 5.7205902100e+02 5.7215698242e+02 5.7219097900e+02 5.7219799805e+02 5.7221301270e+02 5.7219598389e+02 5.7217102051e+02 5.7212097168e+02 5.7205999756e+02 5.7201300049e+02 5.7201702881e+02 5.7201300049e+02 5.7196398926e+02 5.7188299561e+02 5.7181597900e+02 5.7176397705e+02 5.7169201660e+02 5.7162097168e+02 5.7152801514e+02 5.7141400146e+02 5.7132702637e+02 5.7126702881e+02
5.7007897949e+02 5.7017102051e+02 5.7027600098e+02 5.7036700439e+02 5.7043902588e+02 5.7050500488e+02 5.7054998779e+02 5.7059600830e+02 5.7066101074e+02 5.7073797607e+02 5.7079400635e+02 5.7082501221e+02 5.7085400391e+02 5.7089001465e+02 5.7094000244e+02 5.7100299072e+02 5.7106597900e+02 5.7115301514e+02 5.7126702881e+02 5.7135699463e+02 5.7145697021e+02 5.7157501221e+02 5.7166998291e+02 5.7174298096e+02 5.7181701660e+02 5.7188299561e+02 5.7190502930e+02 5.7191900635e+02 5.7191998291e+02 5.7187701416e+02 5.7189501953e+02 5.7190399170e+02 5.7184997559e+02 5.7178002930e+02 5.7177099609e+02 5.7176800537e+02 5.7173297119e+02 5.7167102051e+02 5.7161798096e+02 5.7157897949e+02 5.7151501465e+02 5.7141400146e+02 5.7130798340e+02 5.7121002197e+02 5.7113201904e+02 5.7105603027e+02
5.6989202881e+02 5.6998999023e+02 5.7008502197e+02 5.7015899658e+02 5.7020697021e+02 5.7023400879e+02 5.7028302002e+02 5.7036700439e+02 5.7048602295e+02 5.7057598877e+02 5.7064202881e+02 5.7067102051e+02 5.7067498779e+02 5.7068402100e+02 5.7069500732e+02 5.7073101807e+02 5.7081298828e+02 5.7092297363e+02 5.7103198242e+02 5.7111602783e+02 5.7121600342e+02 5.7134997559e+02 5.7144000244e+02 5.7151000977e+02 5.7159399414e+02 5.7164300537e+02 5.7166802979e+02 5.7169299316e+02 5.7169799805e+02 5.7164599609e+02 5.7165100098e+02 5.7165301514e+02 5.7159497070e+02 5.7156500244e+02 5.7154400635e+02 5.7152001953e+02 5.7149700928e+02 5.7145001221e+02 5.7140197754e+02 5.7137402344e+02 5.7131701660e+02 5.7118902588e+02 5.7108801270e+02 5.7100000000e+02 5.7090698242e+02 5.7083300781e+02
5.6970001221e+02 5.6979498291e+02 5.6988201904e+02 5.6994799805e+02 5.6997998047e+02 5.6999902344e+02 5.7006799316e+02 5.7018298340e+02 5.7032501221e+02 5.7042498779e+02 5.7049499512e+02 5.7052197266e+02 5.7050299072e+02 5.7047399902e+02 5.7046997070e+02 5.7050897217e+02 5.7059600830e+02 5.7069396973e+02 5.7079699707e+02 5.7088800049e+02 5.7098901367e+02 5.7108502197e+02 5.7116198730e+02 5.7125897217e+02 5.7138201904e+02 5.7142901611e+02 5.7144201660e+02 5.7146002197e+02 5.7145599365e+02 5.7142901611e+02 5.7142102051e+02 5.7141101074e+02 5.7137200928e+02 5.7134497070e+02 5.7132897949e+02 5.7130401611e+02 5.7128802490e+02 5.7123797607e+02 5.7117199707e+02 5.7114697266e+02 5.7111199951e+02 5.7099700928e+02 5.7089398193e+02 5.7078100586e+02 5.7066302490e+02 5.7057598877e+02
5.6950299072e+02 5.6958099365e+02 5.6966497803e+02 5.6972998047e+02 5.6977301025e+02 5.6982000732e+02 5.6989001465e+02 5.7000598145e+02 5.7015100098e+02 5.7025299072e+02 5.7032397461e+02 5.7035101318e+02 5.7032702637e+02 5.7027899170e+02 5.7026800537e+02 5.7030798340e+02 5.7040197754e+02 5.7049798584e+02 5.7059698486e+02 5.7067901611e+02 5.7076300049e+02 5.7084698486e+02 5.7092602539e+02 5.7102001953e+02 5.7113299561e+02 5.7117498779e+02 5.7118499756e+02 5.7119702148e+02 5.7119799805e+02 5.7119598389e+02 5.7119598389e+02 5.7119299316e+02 5.7117102051e+02 5.7115399170e+02 5.7114501953e+02 5.7111499023e+02 5.7108099365e+02 5.7101702881e+02 5.7094500732e+02 5.7090997314e+02 5.7086199951e+02 5.7074401855e+02 5.7064001465e+02 5.7053497314e+02 5.7042797852e+02 5.7034002686e+02
5.6928302002e+02 5.6934802246e+02 5.6942401123e+02 5.6948901367e+02 5.6955200195e+02 5.6963000488e+02 5.6969299316e+02 5.6979602051e+02 5.6993701172e+02 5.7004797363e+02 5.7012799072e+02 5.7016302490e+02 5.7014697266e+02 5.7010400391e+02 5.7008502197e+02 5.7011401367e+02 5.7019396973e+02 5.7028302002e+02 5.7037701416e+02 5.7045300293e+02 5.7052801514e+02 5.7062200928e+02 5.7071398926e+02 5.7079400635e+02 5.7086199951e+02 5.7090100098e+02 5.7091699219e+02 5.7092797852e+02 5.7093499756e+02 5.7094702148e+02 5.7096502686e+02 5.7097497559e+02 5.7095898438e+02 5.7094396973e+02 5.7093200684e+02 5.7089300537e+02 5.7083697510e+02 5.7074499512e+02 5.7067901611e+02 5.7063098145e+02 5.7054998779e+02 5.7044097900e+02 5.7036297607e+02 5.7029302979e+02 5.7019598389e+02 5.7010699463e+02
5.6903802490e+02 5.6909100342e+02 5.6915502930e+02 5.6921899414e+02 5.6926098633e+02 5.6936700439e+02 5.6944702148e+02 5.6954699707e+02 5.6967602539e+02 5.6980401611e+02 5.6989099121e+02 5.6993402100e+02 5.6993499756e+02 5.6989300537e+02 5.6985998535e+02 5.6987298584e+02 5.6993499756e+02 5.7003802490e+02 5.7012200928e+02 5.7019598389e+02 5.7027899170e+02 5.7035900879e+02 5.7046697998e+02 5.7056500244e+02 5.7064001465e+02 5.7067700195e+02 5.7069000244e+02 5.7069897461e+02 5.7070599365e+02 5.7072198486e+02 5.7074700928e+02 5.7075097656e+02 5.7072900391e+02 5.7069702148e+02 5.7067297363e+02 5.7064001465e+02 5.7058599854e+02 5.7050598145e+02 5.7045397949e+02 5.7039398193e+02 5.7030297852e+02 5.7020098877e+02 5.7012701416e+02 5.7004797363e+02 5.6994897461e+02 5.6985302734e+02
5.6881402588e+02 5.6885998535e+02 5.6891998291e+02 5.6897601318e+02 5.6901898193e+02 5.6910601807e+02 5.6920098877e+02 5.6930499268e+02 5.6942602539e+02 5.6954602051e+02 5.6962500000e+02 5.6965997314e+02 5.6965997314e+02 5.6963702393e+02 5.6963397217e+02 5.6966699219e+02 5.6975097656e+02 5.6984600830e+02 5.6988702393e+02 5.6992999268e+02 5.7000598145e+02 5.7007202148e+02 5.7019702148e+02 5.7034002686e+02 5.7042401123e+02 5.7044500732e+02 5.7044299316e+02 5.7046801758e+02 5.7049200439e+02 5.7052197266e+02 5.7053002930e+02 5.7051202393e+02 5.7049597168e+02 5.7045898438e+02 5.7041998291e+02 5.7038299561e+02 5.7033398438e+02 5.7027899170e+02 5.7021600342e+02 5.7013897705e+02 5.7004101563e+02 5.6995397949e+02 5.6986199951e+02 5.6976397705e+02 5.6966802979e+02 5.6957702637e+02
5.6857800293e+02 5.6864501953e+02 5.6870599365e+02 5.6875500488e+02 5.6878698730e+02 5.6884802246e+02 5.6892999268e+02 5.6903100586e+02 5.6915600586e+02 5.6927600098e+02 5.6934802246e+02 5.6938000488e+02 5.6938098145e+02 5.6938702393e+02 5.6940997314e+02 5.6945501709e+02 5.6953497314e+02 5.6961602783e+02 5.6964599609e+02 5.6967700195e+02 5.6975201416e+02 5.6984002686e+02 5.6996301270e+02 5.7009197998e+02 5.7016699219e+02 5.7019299316e+02 5.7019500732e+02 5.7020697021e+02 5.7021197510e+02 5.7025000000e+02 5.7027801514e+02 5.7027001953e+02 5.7024700928e+02 5.7020300293e+02 5.7015502930e+02 5.7010900879e+02 5.7004400635e+02 5.6996801758e+02 5.6989697266e+02 5.6982702637e+02 5.6975897217e+02 5.6968499756e+02 5.6959002686e+02 5.6948999023e+02 5.6939300537e+02 5.6930999756e+02
5.6832202148e+02 5.6840399170e+02 5.6846899414e+02 5.6851702881e+02 5.6854400635e+02 5.6858001709e+02 5.6865002441e+02 5.6875402832e+02 5.6888500977e+02 5.6899902344e+02 5.6906597900e+02 5.6909899902e+02 5.6910797119e+02 5.6913397217e+02 5.6917102051e+02 5.6921801758e+02 5.6927398682e+02 5.6934802246e+02 5.6940100098e+02 5.6944396973e+02 5.6951501465e+02 5.6962402344e+02 5.6972302246e+02 5.6981500244e+02 5.6988702393e+02 5.6992602539e+02 5.6994201660e+02 5.6994500732e+02 5.6992602539e+02 5.6996801758e+02 5.7001800537e+02 5.7001599121e+02 5.6997198486e+02 5.6993298340e+02 5.6989099121e+02 5.6984197998e+02 5.6976202393e+02 5.6966601563e+02 5.6959497070e+02 5.6954199219e+02 5.6948602295e+02 5.6941302490e+02 5.6932202148e+02 5.6922198486e+02 5.6912597656e+02 5.6904699707e+02
