TESTSERVER/3/12.asc
NCOLS 100
NROWS 100
XLLCORNER 7.6497500000e+03
YLLCORNER 2.8935025000e+05
CELLSIZE 5.0000000000e-01
NODATA_VALUE -9.9990000000e+03
[rows 0 to 19 of 100, columns 46 to 91 of 100]
5.5910998535e+02 5.5905499268e+02 5.5896099854e+02 5.5892999268e+02 5.5890802002e+02 5.5888800049e+02 5.5889202881e+02 5.5886700439e+02 5.5884002686e+02 5.5884399414e+02 5.5889501953e+02 5.5904101563e+02 5.5934600830e+02 5.5963897705e+02 5.5979101563e+02 5.5991101074e+02 5.5995202637e+02 5.5996899414e+02 5.5996502686e+02 5.5998400879e+02 5.6000799561e+02 5.6002801514e+02 5.6006896973e+02 5.6012799072e+02 5.6014398193e+02 5.6015802002e+02 5.6027600098e+02 5.6024798584e+02 5.6024499512e+02 5.6031201172e+02 5.6036401367e+02 5.6038500977e+02 5.6039202881e+02 5.6037402344e+02 5.6035601807e+02 5.6035601807e+02 5.6030700684e+02 5.6021502686e+02 5.6012200928e+02 5.6009600830e+02 5.6002600098e+02 5.5993200684e+02 5.5978698730e+02 5.5958099365e+02 5.5932800293e+02 5.5926202393e+02
5.5901098633e+02 5.5896697998e+02 5.5891198730e+02 5.5890002441e+02 5.5889501953e+02 5.5889001465e+02 5.5888299561e+02 5.5884899902e+02 5.5877301025e+02 5.5872399902e+02 5.5876098633e+02 5.5886499023e+02 5.5915600586e+02 5.5955102539e+02 5.5972399902e+02 5.5984197998e+02 5.5988201904e+02 5.5989300537e+02 5.5994299316e+02 5.5997399902e+02 5.6001000977e+02 5.6002801514e+02 5.6004602051e+02 5.6008801270e+02 5.6010998535e+02 5.6013500977e+02 5.6021502686e+02 5.6023498535e+02 5.6024902344e+02 5.6028997803e+02 5.6030603027e+02 5.6029998779e+02 5.6027301025e+02 5.6023602295e+02 5.6017999268e+02 5.6015698242e+02 5.6014099121e+02 5.6007702637e+02 5.5999102783e+02 5.5986102295e+02 5.5966998291e+02 5.5947802734e+02 5.5931701660e+02 5.5919000244e+02 5.5915399170e+02 5.5922100830e+02
5.5894702148e+02 5.5891601563e+02 5.5889202881e+02 5.5889697266e+02 5.5888702393e+02 5.5887500000e+02 5.5885498047e+02 5.5878900146e+02 5.5868597412e+02 5.5860998535e+02 5.5862799072e+02 5.5866998291e+02 5.5884997559e+02 5.5926397705e+02 5.5961798096e+02 5.5975701904e+02 5.5982397461e+02 5.5985601807e+02 5.5992297363e+02 5.5995800781e+02 5.5998699951e+02 5.6000000000e+02 5.6001599121e+02 5.6004400635e+02 5.6007202148e+02 5.6011401367e+02 5.6016497803e+02 5.6020001221e+02 5.6020898438e+02 5.6020501709e+02 5.6020300293e+02 5.6018200684e+02 5.6013098145e+02 5.6008697510e+02 5.6004101563e+02 5.6000500488e+02 5.5995202637e+02 5.5982702637e+02 5.5962097168e+02 5.5935601807e+02 5.5915698242e+02 5.5906701660e+02 5.5906097412e+02 5.5910302734e+02 5.5915502930e+02 5.5920300293e+02
5.5890698242e+02 5.5888897705e+02 5.5888897705e+02 5.5887402344e+02 5.5883300781e+02 5.5880603027e+02 5.5878497314e+02 5.5870599365e+02 5.5859899902e+02 5.5851599121e+02 5.5851800537e+02 5.5849499512e+02 5.5853601074e+02 5.5894500732e+02 5.5952099609e+02 5.5968103027e+02 5.5977301025e+02 5.5980999756e+02 5.5985498047e+02 5.5992297363e+02 5.5995397949e+02 5.5996899414e+02 5.6000598145e+02 5.6002099609e+02 5.6003802490e+02 5.6008898926e+02 5.6013299561e+02 5.6014697266e+02 5.6014801025e+02 5.6011602783e+02 5.6008599854e+02 5.6007800293e+02 5.6000799561e+02 5.5993499756e+02 5.5987298584e+02 5.5976702881e+02 5.5953002930e+02 5.5926300049e+02 5.5909301758e+02 5.5897198486e+02 5.5893103027e+02 5.5898199463e+02 5.5904699707e+02 5.5911297607e+02 5.5915002441e+02 5.5916699219e+02
5.5889697266e+02 5.5889801025e+02 5.5888702393e+02 5.5878802490e+02 5.5869396973e+02 5.5864501953e+02 5.5862200928e+02 5.5859301758e+02 5.5850598145e+02 5.5843298340e+02 5.5840899658e+02 5.5837402344e+02 5.5839398193e+02 5.5877697754e+02 5.5948199463e+02 5.5964099121e+02 5.5974200439e+02 5.5976501465e+02 5.5978198242e+02 5.5991998291e+02 5.5995501709e+02 5.5996002197e+02 5.5999298096e+02 5.5997998047e+02 5.5997698975e+02 5.6002502441e+02 5.6009802246e+02 5.6007000732e+02 5.6004498291e+02 5.6000598145e+02 5.5993798828e+02 5.5989697266e+02 5.5982501221e+02 5.5963397217e+02 5.5932299805e+02 5.5920697021e+02 5.5895697021e+02 5.5883599854e+02 5.5889202881e+02 5.5891400146e+02 5.5895599365e+02 5.5900201416e+02 5.5903198242e+02 5.5906298828e+02 5.5910400391e+02 5.5913897705e+02
5.5890399170e+02 5.5888299561e+02 5.5878601074e+02 5.5863000488e+02 5.5851599121e+02 5.5846099854e+02 5.5846697998e+02 5.5844702148e+02 5.5838397217e+02 5.5833502197e+02 5.5832897949e+02 5.5830102539e+02 5.5827600098e+02 5.5852697754e+02 5.5922900391e+02 5.5958398438e+02 5.5971099854e+02 5.5972399902e+02 5.5973901367e+02 5.5987200928e+02 5.5991699219e+02 5.5990698242e+02 5.5991900635e+02 5.5989898682e+02 5.5990399170e+02 5.5992999268e+02 5.5994201660e+02 5.5988598633e+02 5.5986102295e+02 5.5982000732e+02 5.5975097656e+02 5.5964001465e+02 5.5937500000e+02 5.5901898193e+02 5.5879797363e+02 5.5877697754e+02 5.5878100586e+02 5.5882897949e+02 5.5887402344e+02 5.5889801025e+02 5.5892700195e+02 5.5896301270e+02 5.5900799561e+02 5.5902600098e+02 5.5906896973e+02 5.5911102295e+02
5.5883099365e+02 5.5874597168e+02 5.5861297607e+02 5.5846099854e+02 5.5835699463e+02 5.5830999756e+02 5.5831701660e+02 5.5829699707e+02 5.5825097656e+02 5.5822601318e+02 5.5824200439e+02 5.5824200439e+02 5.5820300293e+02 5.5835400391e+02 5.5894097900e+02 5.5943902588e+02 5.5963201904e+02 5.5966497803e+02 5.5969500732e+02 5.5977697754e+02 5.5983300781e+02 5.5984600830e+02 5.5987200928e+02 5.5984997559e+02 5.5984497070e+02 5.5984002686e+02 5.5982299805e+02 5.5978601074e+02 5.5968103027e+02 5.5943200684e+02 5.5914202881e+02 5.5894000244e+02 5.5875402832e+02 5.5862799072e+02 5.5865899658e+02 5.5871502686e+02 5.5876898193e+02 5.5881201172e+02 5.5883398438e+02 5.5886297607e+02 5.5889501953e+02 5.5893103027e+02 5.5898101807e+02 5.5899798584e+02 5.5903198242e+02 5.5906799316e+02
5.5868798828e+02 5.5853198242e+02 5.5840600586e+02 5.5830999756e+02 5.5823999023e+02 5.5820599365e+02 5.5819500732e+02 5.5816198730e+02 5.5812902832e+02 5.5812298584e+02 5.5814599609e+02 5.5816302490e+02 5.5813702393e+02 5.5820599365e+02 5.5858502197e+02 5.5917401123e+02 5.5950598145e+02 5.5960198975e+02 5.5965197754e+02 5.5970098877e+02 5.5976202393e+02 5.5979602051e+02 5.5983599854e+02 5.5978997803e+02 5.5976000977e+02 5.5970397949e+02 5.5960498047e+02 5.5948498535e+02 5.5918902588e+02 5.5880999756e+02 5.5855902100e+02 5.5851397705e+02 5.5854901123e+02 5.5861602783e+02 5.5868499756e+02 5.5870898438e+02 5.5873602295e+02 5.5876098633e+02 5.5878900146e+02 5.5882800293e+02 5.5885998535e+02 5.5889501953e+02 5.5894201660e+02 5.5896002197e+02 5.5899298096e+02 5.5902899170e+02
5.5850500488e+02 5.5830798340e+02 5.5825299072e+02 5.5819702148e+02 5.5816400146e+02 5.5814697266e+02 5.5811901855e+02 5.5806298828e+02 5.5803399658e+02 5.5803601074e+02 5.5807897949e+02 5.5807098389e+02 5.5803399658e+02 5.5806097412e+02 5.5839300537e+02 5.5896899414e+02 5.5940301514e+02 5.5955102539e+02 5.5960101318e+02 5.5967102051e+02 5.5970397949e+02 5.5970397949e+02 5.5971697998e+02 5.5963702393e+02 5.5955700684e+02 5.5934997559e+02 5.5886297607e+02 5.5867297363e+02 5.5849401855e+02 5.5846997070e+02 5.5851800537e+02 5.5853198242e+02 5.5856799316e+02 5.5859899902e+02 5.5862799072e+02 5.5865698242e+02 5.5869000244e+02 5.5872302246e+02 5.5875897217e+02 5.5879199219e+02 5.5882299805e+02 5.5886102295e+02 5.5890100098e+02 5.5892401123e+02 5.5896197510e+02 5.5900500488e+02
5.5842401123e+02 5.5823101807e+02 5.5817297363e+02 5.5811602783e+02 5.5809399414e+02 5.5808898926e+02 5.5805700684e+02 5.5799798584e+02 5.5795300293e+02 5.5794000244e+02 5.5801501465e+02 5.5802899170e+02 5.5796002197e+02 5.5805401611e+02 5.5857299805e+02 5.5912298584e+02 5.5937597656e+02 5.5948602295e+02 5.5955401611e+02 5.5961798096e+02 5.5963000488e+02 5.5958001709e+02 5.5944897461e+02 5.5918499756e+02 5.5890002441e+02 5.5863397217e+02 5.5836401367e+02 5.5835101318e+02 5.5837597656e+02 5.5844396973e+02 5.5847497559e+02 5.5850299072e+02 5.5853302002e+02 5.5857098389e+02 5.5860400391e+02 5.5863098145e+02 5.5865997314e+02 5.5869097900e+02 5.5872698975e+02 5.5875598145e+02 5.5878900146e+02 5.5882702637e+02 5.5886901855e+02 5.5889202881e+02 5.5891101074e+02 5.5893298340e+02
5.5831597900e+02 5.5814801025e+02 5.5807098389e+02 5.5802899170e+02 5.5802398682e+02 5.5802301025e+02 5.5799499512e+02 5.5794598389e+02 5.5789398193e+02 5.5786901855e+02 5.5796301270e+02 5.5798999023e+02 5.5790802002e+02 5.5804699707e+02 5.5865197754e+02 5.5912500000e+02 5.5929901123e+02 5.5944097900e+02 5.5957598877e+02 5.5955102539e+02 5.5937097168e+02 5.5915600586e+02 5.5884802246e+02 5.5850201416e+02 5.5831597900e+02 5.5825500488e+02 5.5828002930e+02 5.5833801270e+02 5.5838000488e+02 5.5841699219e+02 5.5843597412e+02 5.5847100830e+02 5.5850299072e+02 5.5853900146e+02 5.5856896973e+02 5.5859600830e+02 5.5861999512e+02 5.5865100098e+02 5.5869500732e+02 5.5873297119e+02 5.5876898193e+02 5.5879199219e+02 5.5880603027e+02 5.5882098389e+02 5.5883300781e+02 5.5884802246e+02
5.5812799072e+02 5.5797802734e+02 5.5789697266e+02 5.5791497803e+02 5.5794097900e+02 5.5795300293e+02 5.5793902588e+02 5.5790600586e+02 5.5785400391e+02 5.5782098389e+02 5.5792498779e+02 5.5796197510e+02 5.5785198975e+02 5.5797601318e+02 5.5855902100e+02 5.5911602783e+02 5.5931201172e+02 5.5935101318e+02 5.5929901123e+02 5.5908398438e+02 5.5870898438e+02 5.5843499756e+02 5.5825299072e+02 5.5813897705e+02 5.5816101074e+02 5.5823602295e+02 5.5830499268e+02 5.5831298828e+02 5.5834600830e+02 5.5837701416e+02 5.5840502930e+02 5.5844097900e+02 5.5847497559e+02 5.5851000977e+02 5.5853198242e+02 5.5856298828e+02 5.5858898926e+02 5.5862500000e+02 5.5866900635e+02 5.5870397949e+02 5.5873400879e+02 5.5873498535e+02 5.5872302246e+02 5.5874102783e+02 5.5876800537e+02 5.5879498291e+02
5.5792999268e+02 5.5778997803e+02 5.5767901611e+02 5.5778698730e+02 5.5786499023e+02 5.5789501953e+02 5.5790002441e+02 5.5787500000e+02 5.5782299805e+02 5.5778497314e+02 5.5782897949e+02 5.5790301514e+02 5.5781298828e+02 5.5781701660e+02 5.5808099365e+02 5.5902197266e+02 5.5922497559e+02 5.5890802002e+02 5.5834197998e+02 5.5819299316e+02 5.5804498291e+02 5.5803100586e+02 5.5811499023e+02 5.5815197754e+02 5.5819897461e+02 5.5823199463e+02 5.5825799561e+02 5.5828399658e+02 5.5831701660e+02 5.5834698486e+02 5.5836602783e+02 5.5840997314e+02 5.5844702148e+02 5.5848699951e+02 5.5850897217e+02 5.5853802490e+02 5.5857397461e+02 5.5860900879e+02 5.5863800049e+02 5.5863598633e+02 5.5865002441e+02 5.5865100098e+02 5.5864001465e+02 5.5867602539e+02 5.5872302246e+02 5.5876397705e+02
5.5771801758e+02 5.5765802002e+02 5.5759497070e+02 5.5769201660e+02 5.5780401611e+02 5.5784600830e+02 5.5784497070e+02 5.5783599854e+02 5.5778997803e+02 5.5774597168e+02 5.5776800537e+02 5.5780200195e+02 5.5778997803e+02 5.5777697754e+02 5.5782501221e+02 5.5830798340e+02 5.5840502930e+02 5.5812701416e+02 5.5794000244e+02 5.5799499512e+02 5.5800897217e+02 5.5804400635e+02 5.5808502197e+02 5.5812298584e+02 5.5816400146e+02 5.5819799805e+02 5.5823199463e+02 5.5825598145e+02 5.5828601074e+02 5.5832397461e+02 5.5835101318e+02 5.5837597656e+02 5.5841101074e+02 5.5846002197e+02 5.5849499512e+02 5.5852600098e+02 5.5854998779e+02 5.5855499268e+02 5.5854699707e+02 5.5854602051e+02 5.5856298828e+02 5.5858001709e+02 5.5858801270e+02 5.5863500977e+02 5.5869702148e+02 5.5872198486e+02
5.5755999756e+02 5.5757098389e+02 5.5756500244e+02 5.5760998535e+02 5.5771002197e+02 5.5777697754e+02 5.5778698730e+02 5.5778698730e+02 5.5774798584e+02 5.5769897461e+02 5.5770697021e+02 5.5773699951e+02 5.5775097656e+02 5.5775897217e+02 5.5774700928e+02 5.5782800293e+02 5.5785797119e+02 5.5780902100e+02 5.5786798096e+02 5.5795697021e+02 5.5799597168e+02 5.5803100586e+02 5.5806500244e+02 5.5809301758e+02 5.5812799072e+02 5.5816699219e+02 5.5820098877e+02 5.5822698975e+02 5.5825299072e+02 5.5828698730e+02 5.5832397461e+02 5.5835998535e+02 5.5840502930e+02 5.5845202637e+02 5.5846301270e+02 5.5846002197e+02 5.5846099854e+02 5.5846398926e+02 5.5846398926e+02 5.5848101807e+02 5.5850897217e+02 5.5853997803e+02 5.5856799316e+02 5.5862902832e+02 5.5868200684e+02 5.5866998291e+02
5.5746899414e+02 5.5752197266e+02 5.5754901123e+02 5.5753002930e+02 5.5757501221e+02 5.5766400146e+02 5.5773297119e+02 5.5775201416e+02 5.5770202637e+02 5.5764099121e+02 5.5766101074e+02 5.5769000244e+02 5.5771697998e+02 5.5773999023e+02 5.5776202393e+02 5.5777697754e+02 5.5780603027e+02 5.5784399414e+02 5.5790002441e+02 5.5793499756e+02 5.5796899414e+02 5.5800201416e+02 5.5803497314e+02 5.5805902100e+02 5.5809100342e+02 5.5813500977e+02 5.5816998291e+02 5.5819097900e+02 5.5821997070e+02 5.5826300049e+02 5.5831298828e+02 5.5834997559e+02 5.5837597656e+02 5.5839202881e+02 5.5838598633e+02 5.5837298584e+02 5.5837500000e+02 5.5839801025e+02 5.5841900635e+02 5.5844799805e+02 5.5848297119e+02 5.5852099609e+02 5.5855902100e+02 5.5860302734e+02 5.5862200928e+02 5.5858599854e+02
5.5741302490e+02 5.5747802734e+02 5.5752600098e+02 5.5749102783e+02 5.5746997070e+02 5.5753302002e+02 5.5768701172e+02 5.5773400879e+02 5.5765698242e+02 5.5758502197e+02 5.5762402344e+02 5.5765399170e+02 5.5768103027e+02 5.5771301270e+02 5.5772802734e+02 5.5776800537e+02 5.5781097412e+02 5.5783599854e+02 5.5786798096e+02 5.5790502930e+02 5.5793902588e+02 5.5797100830e+02 5.5799298096e+02 5.5802398682e+02 5.5806402588e+02 5.5810797119e+02 5.5812902832e+02 5.5815399170e+02 5.5819799805e+02 5.5825799561e+02 5.5829901123e+02 5.5829101563e+02 5.5827899170e+02 5.5828198242e+02 5.5829602051e+02 5.5831597900e+02 5.5833697510e+02 5.5836602783e+02 5.5838800049e+02 5.5842102051e+02 5.5845300293e+02 5.5849102783e+02 5.5852899170e+02 5.5853100586e+02 5.5851000977e+02 5.5849102783e+02
5.5735601807e+02 5.5741302490e+02 5.5747302246e+02 5.5747802734e+02 5.5743499756e+02 5.5742102051e+02 5.5752600098e+02 5.5761999512e+02 5.5756500244e+02 5.5753100586e+02 5.5758898926e+02 5.5761700439e+02 5.5764001465e+02 5.5767297363e+02 5.5769396973e+02 5.5773199463e+02 5.5776501465e+02 5.5779699707e+02 5.5783599854e+02 5.5787097168e+02 5.5790502930e+02 5.5793701172e+02 5.5796899414e+02 5.5799401855e+02 5.5803002930e+02 5.5807897949e+02 5.5812500000e+02 5.5816101074e+02 5.5819000244e+02 5.5821899414e+02 5.5823999023e+02 5.5822399902e+02 5.5822802734e+02 5.5824499512e+02 5.5826300049e+02 5.5828997803e+02 5.5831298828e+02 5.5833502197e+02 5.5835998535e+02 5.5838500977e+02 5.5840997314e+02 5.5844396973e+02 5.5846600342e+02 5.5845898438e+02 5.5845397949e+02 5.5847399902e+02
5.5730401611e+02 5.5734802246e+02 5.5740802002e+02 5.5744201660e+02 5.5741198730e+02 5.5737402344e+02 5.5741198730e+02 5.5747900391e+02 5.5747802734e+02 5.5749499512e+02 5.5754498291e+02 5.5757397461e+02 5.5760302734e+02 5.5763897705e+02 5.5766400146e+02 5.5770001221e+02 5.5772900391e+02 5.5776000977e+02 5.5780603027e+02 5.5784002686e+02 5.5786999512e+02 5.5790301514e+02 5.5794702148e+02 5.5798699951e+02 5.5803399658e+02 5.5807397461e+02 5.5811102295e+02 5.5814099121e+02 5.5815502930e+02 5.5816900635e+02 5.5818798828e+02 5.5819097900e+02 5.5820697021e+02 5.5822601318e+02 5.5823602295e+02 5.5826000977e+02 5.5828302002e+02 5.5830603027e+02 5.5833001709e+02 5.5834399414e+02 5.5837200928e+02 5.5841601563e+02 5.5843902588e+02 5.5843902588e+02 5.5845001221e+02 5.5847900391e+02
5.5726098633e+02 5.5729199219e+02 5.5733197021e+02 5.5736700439e+02 5.5737298584e+02 5.5736499023e+02 5.5738201904e+02 5.5741601563e+02 5.5744000244e+02 5.5747802734e+02 5.5751000977e+02 5.5754101563e+02 5.5757598877e+02 5.5761297607e+02 5.5764099121e+02 5.5767602539e+02 5.5770501709e+02 5.5773297119e+02 5.5777099609e+02 5.5780102539e+02 5.5784002686e+02 5.5788702393e+02 5.5794702148e+02 5.5800701904e+02 5.5804901123e+02 5.5805902100e+02 5.5807098389e+02 5.5809600830e+02 5.5811199951e+02 5.5812902832e+02 5.5815600586e+02 5.5817401123e+02 5.5818597412e+02 5.5820300293e+02 5.5821099854e+02 5.5823101807e+02 5.5825402832e+02 5.5827600098e+02 5.5829602051e+02 5.5829901123e+02 5.5832702637e+02 5.5838201904e+02 5.5841601563e+02 5.5842498779e+02 5.5844299316e+02 5.5846997070e+02
