TESTSERVER/3/12.asc
NCOLS 100
NROWS 100
XLLCORNER 7.6497500000e+03
YLLCORNER 2.8935025000e+05
CELLSIZE 5.0000000000e-01
NODATA_VALUE -9.9990000000e+03
[rows 40 to 59 of 100, columns 0 to 45 of 100]
5.5534100342e+02 5.5535998535e+02 5.5538397217e+02 5.5540997314e+02 5.5543902588e+02 5.5546801758e+02 5.5549102783e+02 5.5551202393e+02 5.5554101563e+02 5.5557501221e+02 5.5560900879e+02 5.5565802002e+02 5.5570001221e+02 5.5572100830e+02 5.5574798584e+02 5.5577600098e+02 5.5579998779e+02 5.5582897949e+02 5.5585498047e+02 5.5587701416e+02 5.5589202881e+02 5.5592199707e+02 5.5593597412e+02 5.5595501709e+02 5.5598400879e+02 5.5599200439e+02 5.5603100586e+02 5.5607000732e+02 5.5609497070e+02 5.5611102295e+02 5.5613500977e+02 5.5615698242e+02 5.5617700195e+02 5.5619201660e+02 5.5620800781e+02 5.5623297119e+02 5.5626202393e+02 5.5638598633e+02 5.5649401855e+02 5.5659197998e+02 5.5668200684e+02 5.5669299316e+02 5.5670202637e+02 5.5672100830e+02 5.5676599121e+02 5.5680700684e+02
5.5531402588e+02 5.5533197021e+02 5.5535302734e+02 5.5538000488e+02 5.5541601563e+02 5.5544702148e+02 5.5547100830e+02 5.5549597168e+02 5.5553399658e+02 5.5556597900e+02 5.5559802246e+02 5.5563800049e+02 5.5566601563e+02 5.5569000244e+02 5.5572198486e+02 5.5575402832e+02 5.5578100586e+02 5.5581402588e+02 5.5584301758e+02 5.5586901855e+02 5.5589300537e+02 5.5591699219e+02 5.5592999268e+02 5.5595001221e+02 5.5597900391e+02 5.5598699951e+02 5.5601397705e+02 5.5604199219e+02 5.5606097412e+02 5.5608398438e+02 5.5610797119e+02 5.5613201904e+02 5.5614801025e+02 5.5616601563e+02 5.5617999268e+02 5.5620397949e+02 5.5623797607e+02 5.5636700439e+02 5.5646398926e+02 5.5654901123e+02 5.5662597656e+02 5.5664599609e+02 5.5665997314e+02 5.5668902588e+02 5.5673797607e+02 5.5679498291e+02
5.5528497314e+02 5.5531201172e+02 5.5533599854e+02 5.5536297607e+02 5.5539001465e+02 5.5541400146e+02 5.5544598389e+02 5.5547802734e+02 5.5550799561e+02 5.5552801514e+02 5.5556896973e+02 5.5562097168e+02 5.5566302490e+02 5.5569897461e+02 5.5573101807e+02 5.5576098633e+02 5.5578100586e+02 5.5580603027e+02 5.5583001709e+02 5.5585797119e+02 5.5588897705e+02 5.5591601563e+02 5.5593402100e+02 5.5594799805e+02 5.5596600342e+02 5.5598602295e+02 5.5600598145e+02 5.5602197266e+02 5.5603198242e+02 5.5606298828e+02 5.5608697510e+02 5.5610797119e+02 5.5612799072e+02 5.5614697266e+02 5.5615997314e+02 5.5618597412e+02 5.5621899414e+02 5.5630902100e+02 5.5639898682e+02 5.5650299072e+02 5.5657897949e+02 5.5659100342e+02 5.5661798096e+02 5.5665899658e+02 5.5670599365e+02 5.5677001953e+02
5.5524798584e+02 5.5528601074e+02 5.5530798340e+02 5.5533300781e+02 5.5535797119e+02 5.5537500000e+02 5.5541400146e+02 5.5545800781e+02 5.5550097656e+02 5.5553302002e+02 5.5559600830e+02 5.5566802979e+02 5.5571099854e+02 5.5574200439e+02 5.5577398682e+02 5.5579998779e+02 5.5581402588e+02 5.5582202148e+02 5.5583001709e+02 5.5584997559e+02 5.5588000488e+02 5.5590899658e+02 5.5592999268e+02 5.5593902588e+02 5.5595098877e+02 5.5597601318e+02 5.5599401855e+02 5.5600701904e+02 5.5601800537e+02 5.5605700684e+02 5.5608001709e+02 5.5609698486e+02 5.5611798096e+02 5.5613299561e+02 5.5614697266e+02 5.5616802979e+02 5.5618798828e+02 5.5622998047e+02 5.5632397461e+02 5.5649700928e+02 5.5660601807e+02 5.5658300781e+02 5.5659100342e+02 5.5662701416e+02 5.5667901611e+02 5.5674902344e+02
5.5521697998e+02 5.5524902344e+02 5.5527001953e+02 5.5529797363e+02 5.5532397461e+02 5.5535998535e+02 5.5541198730e+02 5.5547601318e+02 5.5555297852e+02 5.5563897705e+02 5.5571997070e+02 5.5578002930e+02 5.5579101563e+02 5.5578302002e+02 5.5581896973e+02 5.5585498047e+02 5.5587799072e+02 5.5586602783e+02 5.5585498047e+02 5.5585302734e+02 5.5587097168e+02 5.5589202881e+02 5.5591601563e+02 5.5593298340e+02 5.5594897461e+02 5.5596600342e+02 5.5597198486e+02 5.5598498535e+02 5.5601000977e+02 5.5604101563e+02 5.5606597900e+02 5.5609399414e+02 5.5611700439e+02 5.5611901855e+02 5.5612597656e+02 5.5613897705e+02 5.5615301514e+02 5.5615600586e+02 5.5625201416e+02 5.5654602051e+02 5.5685498047e+02 5.5668402100e+02 5.5659997559e+02 5.5658801270e+02 5.5667498779e+02 5.5673999023e+02
5.5517498779e+02 5.5520599365e+02 5.5523999023e+02 5.5528900146e+02 5.5534899902e+02 5.5541497803e+02 5.5548400879e+02 5.5556201172e+02 5.5566198730e+02 5.5575000000e+02 5.5579901123e+02 5.5580902100e+02 5.5577301025e+02 5.5575000000e+02 5.5579302979e+02 5.5585699463e+02 5.5589300537e+02 5.5589202881e+02 5.5588201904e+02 5.5587097168e+02 5.5587200928e+02 5.5588397217e+02 5.5589898682e+02 5.5591699219e+02 5.5594299316e+02 5.5596197510e+02 5.5596301270e+02 5.5597497559e+02 5.5599298096e+02 5.5600000000e+02 5.5601702881e+02 5.5605798340e+02 5.5608398438e+02 5.5608599854e+02 5.5609899902e+02 5.5612200928e+02 5.5614001465e+02 5.5613098145e+02 5.5616900635e+02 5.5651397705e+02 5.5691601563e+02 5.5686700439e+02 5.5672698975e+02 5.5662902832e+02 5.5666998291e+02 5.5673101807e+02
5.5512597656e+02 5.5517602539e+02 5.5524401855e+02 5.5532501221e+02 5.5541699219e+02 5.5549597168e+02 5.5555499268e+02 5.5561700439e+02 5.5570001221e+02 5.5574700928e+02 5.5575598145e+02 5.5573498535e+02 5.5568200684e+02 5.5564801025e+02 5.5569702148e+02 5.5577899170e+02 5.5584698486e+02 5.5585900879e+02 5.5586199951e+02 5.5586401367e+02 5.5588500977e+02 5.5590197754e+02 5.5590600586e+02 5.5591497803e+02 5.5594000244e+02 5.5595501709e+02 5.5595898438e+02 5.5597601318e+02 5.5598400879e+02 5.5598797607e+02 5.5601202393e+02 5.5605499268e+02 5.5607397461e+02 5.5607299805e+02 5.5608300781e+02 5.5610601807e+02 5.5612298584e+02 5.5613098145e+02 5.5611297607e+02 5.5629901123e+02 5.5667999268e+02 5.5681799316e+02 5.5680297852e+02 5.5672802734e+02 5.5668402100e+02 5.5671502686e+02
5.5510699463e+02 5.5521697998e+02 5.5532897949e+02 5.5543402100e+02 5.5552697754e+02 5.5558099365e+02 5.5559497070e+02 5.5560998535e+02 5.5565301514e+02 5.5565502930e+02 5.5563598633e+02 5.5560601807e+02 5.5557098389e+02 5.5554400635e+02 5.5559301758e+02 5.5567999268e+02 5.5576000977e+02 5.5577801514e+02 5.5579901123e+02 5.5583099365e+02 5.5590197754e+02 5.5593298340e+02 5.5592498779e+02 5.5592102051e+02 5.5593402100e+02 5.5594702148e+02 5.5595800781e+02 5.5597802734e+02 5.5597998047e+02 5.5599200439e+02 5.5601098633e+02 5.5604101563e+02 5.5605902100e+02 5.5606201172e+02 5.5606500244e+02 5.5608099365e+02 5.5609600830e+02 5.5612500000e+02 5.5610198975e+02 5.5611798096e+02 5.5628601074e+02 5.5653198242e+02 5.5672698975e+02 5.5678601074e+02 5.5670300293e+02 5.5669396973e+02
5.5521398926e+02 5.5538598633e+02 5.5553399658e+02 5.5561602783e+02 5.5562597656e+02 5.5563598633e+02 5.5558697510e+02 5.5554101563e+02 5.5553698730e+02 5.5552502441e+02 5.5549700928e+02 5.5549401855e+02 5.5551397705e+02 5.5551202393e+02 5.5555200195e+02 5.5561401367e+02 5.5564801025e+02 5.5567102051e+02 5.5571801758e+02 5.5579400635e+02 5.5594299316e+02 5.5595098877e+02 5.5591400146e+02 5.5589300537e+02 5.5592199707e+02 5.5594598389e+02 5.5596197510e+02 5.5597399902e+02 5.5597900391e+02 5.5599401855e+02 5.5599902344e+02 5.5600897217e+02 5.5603100586e+02 5.5603900146e+02 5.5604602051e+02 5.5606298828e+02 5.5607897949e+02 5.5610198975e+02 5.5612200928e+02 5.5611901855e+02 5.5612799072e+02 5.5623699951e+02 5.5655499268e+02 5.5679998779e+02 5.5679101563e+02 5.5667999268e+02
5.5537500000e+02 5.5559301758e+02 5.5569396973e+02 5.5569097900e+02 5.5561602783e+02 5.5556896973e+02 5.5551397705e+02 5.5548400879e+02 5.5548602295e+02 5.5548797607e+02 5.5548901367e+02 5.5550000000e+02 5.5551599121e+02 5.5552099609e+02 5.5553900146e+02 5.5556799316e+02 5.5558300781e+02 5.5559802246e+02 5.5564801025e+02 5.5572399902e+02 5.5582598877e+02 5.5585198975e+02 5.5581799316e+02 5.5581799316e+02 5.5587799072e+02 5.5592999268e+02 5.5595300293e+02 5.5596398926e+02 5.5597802734e+02 5.5599102783e+02 5.5599401855e+02 5.5600000000e+02 5.5599798584e+02 5.5601098633e+02 5.5603198242e+02 5.5605902100e+02 5.5607397461e+02 5.5608599854e+02 5.5610400391e+02 5.5611901855e+02 5.5613299561e+02 5.5614801025e+02 5.5633099365e+02 5.5664697266e+02 5.5683502197e+02 5.5675097656e+02
5.5550402832e+02 5.5562298584e+02 5.5565301514e+02 5.5561297607e+02 5.5554199219e+02 5.5549902344e+02 5.5547100830e+02 5.5547198486e+02 5.5549798584e+02 5.5550701904e+02 5.5549902344e+02 5.5549700928e+02 5.5550201416e+02 5.5550000000e+02 5.5550402832e+02 5.5551702881e+02 5.5553002930e+02 5.5553997803e+02 5.5556597900e+02 5.5561199951e+02 5.5566699219e+02 5.5568103027e+02 5.5566497803e+02 5.5569097900e+02 5.5578997803e+02 5.5587799072e+02 5.5592602539e+02 5.5596099854e+02 5.5598101807e+02 5.5598901367e+02 5.5599298096e+02 5.5599597168e+02 5.5598797607e+02 5.5600201416e+02 5.5602099609e+02 5.5604498291e+02 5.5606298828e+02 5.5607598877e+02 5.5609497070e+02 5.5610400391e+02 5.5612500000e+02 5.5611401367e+02 5.5614099121e+02 5.5635302734e+02 5.5669396973e+02 5.5681298828e+02
5.5553399658e+02 5.5553601074e+02 5.5552099609e+02 5.5549700928e+02 5.5549102783e+02 5.5548699951e+02 5.5548699951e+02 5.5549798584e+02 5.5551397705e+02 5.5550500488e+02 5.5549298096e+02 5.5549200439e+02 5.5549499512e+02 5.5548999023e+02 5.5548901367e+02 5.5549401855e+02 5.5550402832e+02 5.5550701904e+02 5.5550799561e+02 5.5551800537e+02 5.5552899170e+02 5.5553497314e+02 5.5553002930e+02 5.5556402588e+02 5.5567401123e+02 5.5578002930e+02 5.5585797119e+02 5.5592700195e+02 5.5597198486e+02 5.5597900391e+02 5.5598400879e+02 5.5598498535e+02 5.5598797607e+02 5.5600201416e+02 5.5600897217e+02 5.5602398682e+02 5.5604498291e+02 5.5606201172e+02 5.5608697510e+02 5.5609698486e+02 5.5611102295e+02 5.5612902832e+02 5.5609698486e+02 5.5615197754e+02 5.5635797119e+02 5.5665502930e+02
5.5541802979e+02 5.5541900635e+02 5.5542102051e+02 5.5545599365e+02 5.5551898193e+02 5.5554400635e+02 5.5554101563e+02 5.5552600098e+02 5.5550402832e+02 5.5549597168e+02 5.5549401855e+02 5.5549298096e+02 5.5549401855e+02 5.5549597168e+02 5.5549597168e+02 5.5549798584e+02 5.5549298096e+02 5.5549798584e+02 5.5549102783e+02 5.5547802734e+02 5.5546899414e+02 5.5546997070e+02 5.5547100830e+02 5.5549499512e+02 5.5555798340e+02 5.5563702393e+02 5.5573199463e+02 5.5584100342e+02 5.5595501709e+02 5.5598297119e+02 5.5598400879e+02 5.5598400879e+02 5.5599200439e+02 5.5599798584e+02 5.5599798584e+02 5.5601000977e+02 5.5604199219e+02 5.5605102539e+02 5.5607598877e+02 5.5609497070e+02 5.5609997559e+02 5.5611499023e+02 5.5613299561e+02 5.5613598633e+02 5.5614001465e+02 5.5632897949e+02
5.5528997803e+02 5.5534698486e+02 5.5541998291e+02 5.5550000000e+02 5.5557897949e+02 5.5561401367e+02 5.5558300781e+02 5.5553002930e+02 5.5550000000e+02 5.5548400879e+02 5.5548797607e+02 5.5549298096e+02 5.5548901367e+02 5.5548498535e+02 5.5548797607e+02 5.5549200439e+02 5.5547998047e+02 5.5547998047e+02 5.5547998047e+02 5.5547399902e+02 5.5546301270e+02 5.5545397949e+02 5.5545202637e+02 5.5545202637e+02 5.5546801758e+02 5.5551300049e+02 5.5559497070e+02 5.5570800781e+02 5.5584197998e+02 5.5594097900e+02 5.5598101807e+02 5.5599102783e+02 5.5598797607e+02 5.5599298096e+02 5.5599200439e+02 5.5600201416e+02 5.5602801514e+02 5.5603802490e+02 5.5605297852e+02 5.5607501221e+02 5.5608398438e+02 5.5609997559e+02 5.5612200928e+02 5.5613702393e+02 5.5613397217e+02 5.5618499756e+02
5.5522302246e+02 5.5535302734e+02 5.5547900391e+02 5.5558599854e+02 5.5567797852e+02 5.5571997070e+02 5.5565698242e+02 5.5555603027e+02 5.5550201416e+02 5.5548400879e+02 5.5548400879e+02 5.5548901367e+02 5.5548498535e+02 5.5547900391e+02 5.5547900391e+02 5.5547302246e+02 5.5546600342e+02 5.5546997070e+02 5.5546697998e+02 5.5546502686e+02 5.5545599365e+02 5.5544201660e+02 5.5544201660e+02 5.5543701172e+02 5.5542901611e+02 5.5544500732e+02 5.5548498535e+02 5.5555499268e+02 5.5565600586e+02 5.5578100586e+02 5.5589001465e+02 5.5596398926e+02 5.5598602295e+02 5.5598602295e+02 5.5599102783e+02 5.5600097656e+02 5.5602099609e+02 5.5602899170e+02 5.5603698730e+02 5.5605902100e+02 5.5606896973e+02 5.5608502197e+02 5.5609899902e+02 5.5611297607e+02 5.5613201904e+02 5.5611401367e+02
5.5520697021e+02 5.5539501953e+02 5.5555700684e+02 5.5567797852e+02 5.5577899170e+02 5.5583801270e+02 5.5574798584e+02 5.5559600830e+02 5.5550897217e+02 5.5549102783e+02 5.5548297119e+02 5.5548199463e+02 5.5547399902e+02 5.5546899414e+02 5.5546398926e+02 5.5545202637e+02 5.5545800781e+02 5.5546398926e+02 5.5545599365e+02 5.5545098877e+02 5.5544598389e+02 5.5543402100e+02 5.5543701172e+02 5.5543402100e+02 5.5541998291e+02 5.5541601563e+02 5.5542102051e+02 5.5544396973e+02 5.5549298096e+02 5.5559497070e+02 5.5572802734e+02 5.5585900879e+02 5.5596197510e+02 5.5599499512e+02 5.5599902344e+02 5.5600201416e+02 5.5602001953e+02 5.5602801514e+02 5.5603497314e+02 5.5605499268e+02 5.5605902100e+02 5.5606799316e+02 5.5608099365e+02 5.5609497070e+02 5.5612402344e+02 5.5611401367e+02
5.5518597412e+02 5.5541497803e+02 5.5560198975e+02 5.5572900391e+02 5.5584399414e+02 5.5589099121e+02 5.5580401611e+02 5.5564099121e+02 5.5551397705e+02 5.5548498535e+02 5.5547497559e+02 5.5547100830e+02 5.5546801758e+02 5.5546600342e+02 5.5546002197e+02 5.5544598389e+02 5.5545202637e+02 5.5545599365e+02 5.5544396973e+02 5.5543902588e+02 5.5543298340e+02 5.5542602539e+02 5.5542401123e+02 5.5541900635e+02 5.5541302490e+02 5.5541198730e+02 5.5540399170e+02 5.5540197754e+02 5.5542401123e+02 5.5547998047e+02 5.5555700684e+02 5.5567498779e+02 5.5582800293e+02 5.5598199463e+02 5.5601800537e+02 5.5601098633e+02 5.5601397705e+02 5.5602697754e+02 5.5603198242e+02 5.5603997803e+02 5.5603497314e+02 5.5605700684e+02 5.5608197021e+02 5.5609301758e+02 5.5609899902e+02 5.5612799072e+02
5.5519897461e+02 5.5540899658e+02 5.5558898926e+02 5.5570202637e+02 5.5578002930e+02 5.5584197998e+02 5.5579101563e+02 5.5566699219e+02 5.5553100586e+02 5.5547100830e+02 5.5545001221e+02 5.5544396973e+02 5.5544500732e+02 5.5545800781e+02 5.5545599365e+02 5.5544799805e+02 5.5544702148e+02 5.5545001221e+02 5.5544097900e+02 5.5543701172e+02 5.5542700195e+02 5.5542102051e+02 5.5541900635e+02 5.5540997314e+02 5.5539801025e+02 5.5540600586e+02 5.5540197754e+02 5.5540002441e+02 5.5539697266e+02 5.5541400146e+02 5.5544598389e+02 5.5552899170e+02 5.5569396973e+02 5.5586199951e+02 5.5595898438e+02 5.5600299072e+02 5.5602600098e+02 5.5601702881e+02 5.5601000977e+02 5.5601898193e+02 5.5603497314e+02 5.5605798340e+02 5.5607397461e+02 5.5608099365e+02 5.5608502197e+02 5.5609399414e+02
5.5526501465e+02 5.5540301514e+02 5.5553497314e+02 5.5562500000e+02 5.5567297363e+02 5.5573498535e+02 5.5571301270e+02 5.5562902832e+02 5.5551898193e+02 5.5545001221e+02 5.5542297363e+02 5.5541699219e+02 5.5542102051e+02 5.5543597412e+02 5.5544097900e+02 5.5544299316e+02 5.5544201660e+02 5.5544000244e+02 5.5543701172e+02 5.5543402100e+02 5.5541900635e+02 5.5541302490e+02 5.5541302490e+02 5.5540399170e+02 5.5538397217e+02 5.5539202881e+02 5.5539697266e+02 5.5540100098e+02 5.5539697266e+02 5.5538800049e+02 5.5539501953e+02 5.5546697998e+02 5.5559698486e+02 5.5571502686e+02 5.5583099365e+02 5.5593902588e+02 5.5602001953e+02 5.5602502441e+02 5.5601599121e+02 5.5601599121e+02 5.5602801514e+02 5.5604901123e+02 5.5605902100e+02 5.5606597900e+02 5.5607800293e+02 5.5608001709e+02
5.5532098389e+02 5.5538299561e+02 5.5545300293e+02 5.5551702881e+02 5.5554101563e+02 5.5558099365e+02 5.5558197021e+02 5.5554498291e+02 5.5548199463e+02 5.5543200684e+02 5.5541302490e+02 5.5540997314e+02 5.5541900635e+02 5.5543298340e+02 5.5543499756e+02 5.5543798828e+02 5.5543597412e+02 5.5542700195e+02 5.5542401123e+02 5.5542297363e+02 5.5540698242e+02 5.5540301514e+02 5.5540802002e+02 5.5540301514e+02 5.5538299561e+02 5.5538500977e+02 5.5538800049e+02 5.5539300537e+02 5.5539898682e+02 5.5538702393e+02 5.5537597656e+02 5.5541699219e+02 5.5549798584e+02 5.5555401611e+02 5.5564898682e+02 5.5578399658e+02 5.5592700195e+02 5.5600201416e+02 5.5602502441e+02 5.5602502441e+02 5.5602099609e+02 5.5603802490e+02 5.5604400635e+02 5.5604998779e+02 5.5607000732e+02 5.5607098389e+02
