TESTSERVER/3/13.asc
NCOLS 100
NROWS 100
XLLCORNER 7.6497500000e+03
YLLCORNER 2.8930025000e+05
CELLSIZE 5.0000000000e-01
NODATA_VALUE -9.9990000000e+03
[rows 60 to 79 of 100, columns 0 to 45 of 100]
5.5143499756e+02 5.5147198486e+02 5.5150299072e+02 5.5153302002e+02 5.5158300781e+02 5.5162799072e+02 5.5166900635e+02 5.5169897461e+02 5.5170397949e+02 5.5172302246e+02 5.5176098633e+02 5.5182299805e+02 5.5190600586e+02 5.5215502930e+02 5.5257897949e+02 5.5279199219e+02 5.5276202393e+02 5.5282098389e+02 5.5294500732e+02 5.5297302246e+02 5.5299298096e+02 5.5309399414e+02 5.5337402344e+02 5.5353601074e+02 5.5350201416e+02 5.5353399658e+02 5.5364001465e+02 5.5376202393e+02 5.5385601807e+02 5.5395300293e+02 5.5405102539e+02 5.5413702393e+02 5.5422497559e+02 5.5434802246e+02 5.5444000244e+02 5.5452801514e+02 5.5461901855e+02 5.5470397949e+02 5.5481402588e+02 5.5491101074e+02 5.5498199463e+02 5.5506701660e+02 5.5514202881e+02 5.5519500732e+02 5.5523101807e+02 5.5526800537e+02
5.5138800049e+02 5.5143902588e+02 5.5148297119e+02 5.5152502441e+02 5.5157702637e+02 5.5162799072e+02 5.5166101074e+02 5.5168200684e+02 5.5168402100e+02 5.5170300293e+02 5.5176300049e+02 5.5185198975e+02 5.5192999268e+02 5.5202197266e+02 5.5229602051e+02 5.5259600830e+02 5.5272802734e+02 5.5276898193e+02 5.5283502197e+02 5.5291699219e+02 5.5298602295e+02 5.5301800537e+02 5.5317199707e+02 5.5334802246e+02 5.5344897461e+02 5.5348101807e+02 5.5356896973e+02 5.5368103027e+02 5.5378198242e+02 5.5389202881e+02 5.5400201416e+02 5.5409197998e+02 5.5418298340e+02 5.5428802490e+02 5.5436999512e+02 5.5446301270e+02 5.5456701660e+02 5.5464801025e+02 5.5475299072e+02 5.5484698486e+02 5.5490899658e+02 5.5499499512e+02 5.5508502197e+02 5.5513897705e+02 5.5516302490e+02 5.5519598389e+02
5.5135797119e+02 5.5142498779e+02 5.5146899414e+02 5.5151098633e+02 5.5156701660e+02 5.5161700439e+02 5.5165002441e+02 5.5167102051e+02 5.5167999268e+02 5.5170300293e+02 5.5176300049e+02 5.5185498047e+02 5.5197399902e+02 5.5201397705e+02 5.5211499023e+02 5.5233099365e+02 5.5260498047e+02 5.5279498291e+02 5.5281298828e+02 5.5285498047e+02 5.5298699951e+02 5.5302801514e+02 5.5307098389e+02 5.5319299316e+02 5.5338000488e+02 5.5344799805e+02 5.5351599121e+02 5.5360498047e+02 5.5370501709e+02 5.5381799316e+02 5.5393902588e+02 5.5403002930e+02 5.5411102295e+02 5.5422198486e+02 5.5429998779e+02 5.5438500977e+02 5.5449298096e+02 5.5458398438e+02 5.5468798828e+02 5.5477001953e+02 5.5482098389e+02 5.5491699219e+02 5.5502099609e+02 5.5508001709e+02 5.5509899902e+02 5.5511700439e+02
5.5137402344e+02 5.5142498779e+02 5.5146099854e+02 5.5149902344e+02 5.5154699707e+02 5.5159600830e+02 5.5163500977e+02 5.5166302490e+02 5.5168200684e+02 5.5170800781e+02 5.5175897217e+02 5.5183697510e+02 5.5195202637e+02 5.5200701904e+02 5.5202197266e+02 5.5211999512e+02 5.5237298584e+02 5.5271197510e+02 5.5279901123e+02 5.5280999756e+02 5.5292700195e+02 5.5304699707e+02 5.5304400635e+02 5.5308001709e+02 5.5325500488e+02 5.5340301514e+02 5.5347802734e+02 5.5354302979e+02 5.5363598633e+02 5.5374597168e+02 5.5385797119e+02 5.5394299316e+02 5.5402697754e+02 5.5415100098e+02 5.5423400879e+02 5.5430999756e+02 5.5440197754e+02 5.5449902344e+02 5.5460998535e+02 5.5469299316e+02 5.5474499512e+02 5.5483502197e+02 5.5492498779e+02 5.5499298096e+02 5.5503698730e+02 5.5504199219e+02
5.5143597412e+02 5.5143902588e+02 5.5145599365e+02 5.5147802734e+02 5.5151800537e+02 5.5156701660e+02 5.5161798096e+02 5.5165502930e+02 5.5166198730e+02 5.5170599365e+02 5.5175000000e+02 5.5180700684e+02 5.5187200928e+02 5.5191998291e+02 5.5196502686e+02 5.5202398682e+02 5.5209399414e+02 5.5239398193e+02 5.5269598389e+02 5.5281097412e+02 5.5282598877e+02 5.5295001221e+02 5.5298901367e+02 5.5301599121e+02 5.5318701172e+02 5.5335302734e+02 5.5345202637e+02 5.5350299072e+02 5.5356896973e+02 5.5367401123e+02 5.5376098633e+02 5.5384002686e+02 5.5394396973e+02 5.5407000732e+02 5.5416198730e+02 5.5424298096e+02 5.5431500244e+02 5.5439001465e+02 5.5451202393e+02 5.5460699463e+02 5.5466497803e+02 5.5475299072e+02 5.5481298828e+02 5.5489202881e+02 5.5498999023e+02 5.5495599365e+02
5.5141900635e+02 5.5143200684e+02 5.5143103027e+02 5.5143200684e+02 5.5145898438e+02 5.5150500488e+02 5.5157397461e+02 5.5162902832e+02 5.5165802002e+02 5.5169097900e+02 5.5173101807e+02 5.5178802490e+02 5.5186798096e+02 5.5189801025e+02 5.5192700195e+02 5.5198400879e+02 5.5204400635e+02 5.5216998291e+02 5.5250299072e+02 5.5278698730e+02 5.5282800293e+02 5.5289398193e+02 5.5293597412e+02 5.5298297119e+02 5.5313897705e+02 5.5326702881e+02 5.5334100342e+02 5.5342797852e+02 5.5351800537e+02 5.5359399414e+02 5.5366998291e+02 5.5375598145e+02 5.5385900879e+02 5.5397998047e+02 5.5408099365e+02 5.5416699219e+02 5.5423101807e+02 5.5430603027e+02 5.5441400146e+02 5.5449499512e+02 5.5455499268e+02 5.5464599609e+02 5.5470300293e+02 5.5477899170e+02 5.5486499023e+02 5.5486700439e+02
5.5138598633e+02 5.5140399170e+02 5.5140301514e+02 5.5140002441e+02 5.5141802979e+02 5.5146899414e+02 5.5155798340e+02 5.5164099121e+02 5.5169000244e+02 5.5171398926e+02 5.5174597168e+02 5.5179998779e+02 5.5188800049e+02 5.5189898682e+02 5.5191302490e+02 5.5196197510e+02 5.5203997803e+02 5.5210400391e+02 5.5227197266e+02 5.5255999756e+02 5.5274700928e+02 5.5282098389e+02 5.5287799072e+02 5.5292401123e+02 5.5306402588e+02 5.5316101074e+02 5.5320800781e+02 5.5331298828e+02 5.5344598389e+02 5.5351300049e+02 5.5360797119e+02 5.5369097900e+02 5.5377398682e+02 5.5389398193e+02 5.5399700928e+02 5.5409301758e+02 5.5417901611e+02 5.5424798584e+02 5.5432501221e+02 5.5438397217e+02 5.5443798828e+02 5.5451098633e+02 5.5457202148e+02 5.5465502930e+02 5.5473602295e+02 5.5480297852e+02
5.5134301758e+02 5.5136901855e+02 5.5138000488e+02 5.5138500977e+02 5.5140399170e+02 5.5146398926e+02 5.5156298828e+02 5.5166198730e+02 5.5172399902e+02 5.5174499512e+02 5.5177197266e+02 5.5182397461e+02 5.5190997314e+02 5.5190197754e+02 5.5191802979e+02 5.5196502686e+02 5.5201501465e+02 5.5204101563e+02 5.5203900146e+02 5.5218798828e+02 5.5249700928e+02 5.5269500732e+02 5.5281597900e+02 5.5288201904e+02 5.5299401855e+02 5.5309002686e+02 5.5310900879e+02 5.5319500732e+02 5.5337402344e+02 5.5344500732e+02 5.5354797363e+02 5.5362500000e+02 5.5369000244e+02 5.5380700684e+02 5.5390600586e+02 5.5400897217e+02 5.5410797119e+02 5.5417797852e+02 5.5424401855e+02 5.5429602051e+02 5.5434698486e+02 5.5440698242e+02 5.5447198486e+02 5.5455798340e+02 5.5461401367e+02 5.5470697021e+02
5.5128698730e+02 5.5133197021e+02 5.5135797119e+02 5.5137701416e+02 5.5141400146e+02 5.5147302246e+02 5.5155798340e+02 5.5163897705e+02 5.5170098877e+02 5.5175299072e+02 5.5178698730e+02 5.5184197998e+02 5.5192602539e+02 5.5194702148e+02 5.5195300293e+02 5.5196502686e+02 5.5195800781e+02 5.5195599365e+02 5.5195202637e+02 5.5200598145e+02 5.5216497803e+02 5.5252301025e+02 5.5275000000e+02 5.5286499023e+02 5.5293298340e+02 5.5303100586e+02 5.5305499268e+02 5.5311999512e+02 5.5333300781e+02 5.5343902588e+02 5.5349798584e+02 5.5355603027e+02 5.5362402344e+02 5.5371600342e+02 5.5381896973e+02 5.5392602539e+02 5.5402001953e+02 5.5409497070e+02 5.5416802979e+02 5.5422497559e+02 5.5427099609e+02 5.5433001709e+02 5.5440002441e+02 5.5447399902e+02 5.5451397705e+02 5.5457098389e+02
5.5128497314e+02 5.5130603027e+02 5.5132299805e+02 5.5135601807e+02 5.5142797852e+02 5.5151599121e+02 5.5158898926e+02 5.5163201904e+02 5.5165100098e+02 5.5170697021e+02 5.5178002930e+02 5.5184600830e+02 5.5190600586e+02 5.5194598389e+02 5.5193701172e+02 5.5189801025e+02 5.5185601807e+02 5.5188299561e+02 5.5194000244e+02 5.5201098633e+02 5.5212799072e+02 5.5240802002e+02 5.5264202881e+02 5.5279901123e+02 5.5287701416e+02 5.5293103027e+02 5.5300799561e+02 5.5312200928e+02 5.5327502441e+02 5.5334399414e+02 5.5345800781e+02 5.5353601074e+02 5.5356201172e+02 5.5363201904e+02 5.5373999023e+02 5.5384997559e+02 5.5393200684e+02 5.5401300049e+02 5.5409600830e+02 5.5415002441e+02 5.5418902588e+02 5.5426501465e+02 5.5434301758e+02 5.5440002441e+02 5.5442999268e+02 5.5446099854e+02
5.5128900146e+02 5.5131701660e+02 5.5132702637e+02 5.5135998535e+02 5.5144201660e+02 5.5154699707e+02 5.5162402344e+02 5.5164697266e+02 5.5163702393e+02 5.5171002197e+02 5.5180603027e+02 5.5185797119e+02 5.5186102295e+02 5.5189697266e+02 5.5189898682e+02 5.5186700439e+02 5.5183502197e+02 5.5187200928e+02 5.5190301514e+02 5.5196099854e+02 5.5207501221e+02 5.5227697754e+02 5.5248797607e+02 5.5267602539e+02 5.5282202148e+02 5.5288702393e+02 5.5296899414e+02 5.5308398438e+02 5.5315502930e+02 5.5316699219e+02 5.5331500244e+02 5.5344702148e+02 5.5350402832e+02 5.5356500244e+02 5.5366802979e+02 5.5377600098e+02 5.5384497070e+02 5.5393298340e+02 5.5402099609e+02 5.5407598877e+02 5.5412500000e+02 5.5423999023e+02 5.5432702637e+02 5.5435998535e+02 5.5434899902e+02 5.5435198975e+02
5.5127697754e+02 5.5132202148e+02 5.5133502197e+02 5.5135797119e+02 5.5143298340e+02 5.5155102539e+02 5.5163201904e+02 5.5165002441e+02 5.5163598633e+02 5.5173199463e+02 5.5183599854e+02 5.5186199951e+02 5.5180798340e+02 5.5183697510e+02 5.5186901855e+02 5.5187902832e+02 5.5188397217e+02 5.5186999512e+02 5.5182598877e+02 5.5184802246e+02 5.5198199463e+02 5.5212500000e+02 5.5229699707e+02 5.5250598145e+02 5.5274102783e+02 5.5288397217e+02 5.5293499756e+02 5.5301000977e+02 5.5307501221e+02 5.5307897949e+02 5.5315197754e+02 5.5327001953e+02 5.5342498779e+02 5.5351898193e+02 5.5359997559e+02 5.5368499756e+02 5.5374597168e+02 5.5383300781e+02 5.5393200684e+02 5.5400299072e+02 5.5406597900e+02 5.5419396973e+02 5.5428100586e+02 5.5429602051e+02 5.5426000977e+02 5.5424902344e+02
5.5126000977e+02 5.5131500244e+02 5.5134899902e+02 5.5136199951e+02 5.5140698242e+02 5.5151898193e+02 5.5159802246e+02 5.5162097168e+02 5.5161999512e+02 5.5169799805e+02 5.5179199219e+02 5.5181896973e+02 5.5177600098e+02 5.5179699707e+02 5.5182598877e+02 5.5186199951e+02 5.5191400146e+02 5.5185302734e+02 5.5175299072e+02 5.5174499512e+02 5.5187200928e+02 5.5198901367e+02 5.5210198975e+02 5.5228900146e+02 5.5260198975e+02 5.5285797119e+02 5.5291802979e+02 5.5293798828e+02 5.5298297119e+02 5.5306402588e+02 5.5308697510e+02 5.5314300537e+02 5.5327502441e+02 5.5343597412e+02 5.5351800537e+02 5.5358599854e+02 5.5365197754e+02 5.5373797607e+02 5.5384497070e+02 5.5393402100e+02 5.5398797607e+02 5.5407202148e+02 5.5414599609e+02 5.5416400146e+02 5.5415502930e+02 5.5416497803e+02
5.5124798584e+02 5.5131799316e+02 5.5136401367e+02 5.5138299561e+02 5.5141802979e+02 5.5148498535e+02 5.5153698730e+02 5.5155603027e+02 5.5156298828e+02 5.5164099121e+02 5.5173101807e+02 5.5178302002e+02 5.5177801514e+02 5.5177502441e+02 5.5177197266e+02 5.5180102539e+02 5.5188000488e+02 5.5184802246e+02 5.5174902344e+02 5.5173199463e+02 5.5183099365e+02 5.5195001221e+02 5.5202502441e+02 5.5211700439e+02 5.5234997559e+02 5.5260900879e+02 5.5277899170e+02 5.5287097168e+02 5.5290802002e+02 5.5296600342e+02 5.5302099609e+02 5.5308099365e+02 5.5315698242e+02 5.5329602051e+02 5.5341699219e+02 5.5350799561e+02 5.5356799316e+02 5.5364801025e+02 5.5375000000e+02 5.5384100342e+02 5.5389300537e+02 5.5397399902e+02 5.5404400635e+02 5.5406799316e+02 5.5407202148e+02 5.5408898926e+02
5.5121099854e+02 5.5129498291e+02 5.5134301758e+02 5.5137298584e+02 5.5141998291e+02 5.5145697021e+02 5.5147601318e+02 5.5148101807e+02 5.5150000000e+02 5.5157299805e+02 5.5164898682e+02 5.5170599365e+02 5.5173199463e+02 5.5173602295e+02 5.5173999023e+02 5.5177301025e+02 5.5183898926e+02 5.5180902100e+02 5.5173101807e+02 5.5172100830e+02 5.5180603027e+02 5.5191601563e+02 5.5198999023e+02 5.5205401611e+02 5.5218200684e+02 5.5238800049e+02 5.5256597900e+02 5.5269299316e+02 5.5276898193e+02 5.5285498047e+02 5.5293200684e+02 5.5300097656e+02 5.5305603027e+02 5.5316601563e+02 5.5329302979e+02 5.5340301514e+02 5.5348297119e+02 5.5358001709e+02 5.5367901611e+02 5.5376397705e+02 5.5383001709e+02 5.5391198730e+02 5.5397802734e+02 5.5401098633e+02 5.5401000977e+02 5.5401300049e+02
5.5117297363e+02 5.5125201416e+02 5.5128698730e+02 5.5131701660e+02 5.5137500000e+02 5.5140997314e+02 5.5141802979e+02 5.5141900635e+02 5.5144097900e+02 5.5150000000e+02 5.5155401611e+02 5.5160101318e+02 5.5164099121e+02 5.5166699219e+02 5.5169500732e+02 5.5173999023e+02 5.5179199219e+02 5.5176000977e+02 5.5171002197e+02 5.5171997070e+02 5.5180798340e+02 5.5190802002e+02 5.5197900391e+02 5.5203900146e+02 5.5211602783e+02 5.5222998047e+02 5.5235699463e+02 5.5246997070e+02 5.5258898926e+02 5.5272998047e+02 5.5283898926e+02 5.5293200684e+02 5.5299597168e+02 5.5308001709e+02 5.5318298340e+02 5.5328802490e+02 5.5340100098e+02 5.5352600098e+02 5.5361700439e+02 5.5368499756e+02 5.5374700928e+02 5.5381701660e+02 5.5388098145e+02 5.5392102051e+02 5.5392297363e+02 5.5391699219e+02
5.5115698242e+02 5.5119702148e+02 5.5122601318e+02 5.5125701904e+02 5.5130603027e+02 5.5134301758e+02 5.5136901855e+02 5.5138897705e+02 5.5140197754e+02 5.5144201660e+02 5.5147998047e+02 5.5150897217e+02 5.5153198242e+02 5.5155401611e+02 5.5160198975e+02 5.5166802979e+02 5.5173297119e+02 5.5175500488e+02 5.5172998047e+02 5.5174798584e+02 5.5183502197e+02 5.5191400146e+02 5.5195800781e+02 5.5200897217e+02 5.5208398438e+02 5.5215802002e+02 5.5220800781e+02 5.5226202393e+02 5.5238000488e+02 5.5258599854e+02 5.5273400879e+02 5.5286901855e+02 5.5300097656e+02 5.5307598877e+02 5.5314202881e+02 5.5320697021e+02 5.5330603027e+02 5.5343103027e+02 5.5353497314e+02 5.5360699463e+02 5.5366699219e+02 5.5373199463e+02 5.5378497314e+02 5.5380902100e+02 5.5379101563e+02 5.5382598877e+02
5.5110101318e+02 5.5114501953e+02 5.5119299316e+02 5.5123498535e+02 5.5125799561e+02 5.5127398682e+02 5.5132098389e+02 5.5137500000e+02 5.5139599609e+02 5.5141998291e+02 5.5144396973e+02 5.5144097900e+02 5.5145001221e+02 5.5148498535e+02 5.5156298828e+02 5.5164501953e+02 5.5170202637e+02 5.5173400879e+02 5.5173797607e+02 5.5177197266e+02 5.5186499023e+02 5.5193402100e+02 5.5199700928e+02 5.5208001709e+02 5.5212799072e+02 5.5220202637e+02 5.5222998047e+02 5.5222998047e+02 5.5230902100e+02 5.5246099854e+02 5.5261401367e+02 5.5277502441e+02 5.5294097900e+02 5.5305401611e+02 5.5310900879e+02 5.5313800049e+02 5.5316998291e+02 5.5329498291e+02 5.5343200684e+02 5.5351599121e+02 5.5357598877e+02 5.5363299561e+02 5.5368298340e+02 5.5370202637e+02 5.5370300293e+02 5.5375701904e+02
5.5105102539e+02 5.5112200928e+02 5.5117999268e+02 5.5121398926e+02 5.5121301270e+02 5.5122302246e+02 5.5127899170e+02 5.5134100342e+02 5.5137597656e+02 5.5140197754e+02 5.5141998291e+02 5.5143298340e+02 5.5146600342e+02 5.5151397705e+02 5.5160601807e+02 5.5167498779e+02 5.5167901611e+02 5.5168103027e+02 5.5171197510e+02 5.5178399658e+02 5.5186901855e+02 5.5190600586e+02 5.5198797607e+02 5.5211602783e+02 5.5217700195e+02 5.5224499512e+02 5.5226397705e+02 5.5223797607e+02 5.5226202393e+02 5.5237597656e+02 5.5251898193e+02 5.5268402100e+02 5.5286401367e+02 5.5299499512e+02 5.5306201172e+02 5.5308599854e+02 5.5309600830e+02 5.5318200684e+02 5.5330700684e+02 5.5342602539e+02 5.5351000977e+02 5.5354797363e+02 5.5359600830e+02 5.5363299561e+02 5.5366802979e+02 5.5374200439e+02
5.5104199219e+02 5.5113299561e+02 5.5119201660e+02 5.5120599365e+02 5.5118200684e+02 5.5119598389e+02 5.5124798584e+02 5.5129699707e+02 5.5133197021e+02 5.5136499023e+02 5.5140002441e+02 5.5146398926e+02 5.5152301025e+02 5.5153802490e+02 5.5159899902e+02 5.5163800049e+02 5.5161401367e+02 5.5159698486e+02 5.5165197754e+02 5.5175402832e+02 5.5182098389e+02 5.5181500244e+02 5.5189801025e+02 5.5204901123e+02 5.5215301514e+02 5.5223400879e+02 5.5226397705e+02 5.5223602295e+02 5.5222802734e+02 5.5231097412e+02 5.5243902588e+02 5.5260400391e+02 5.5277899170e+02 5.5292401123e+02 5.5301501465e+02 5.5305297852e+02 5.5306799316e+02 5.5312701416e+02 5.5319396973e+02 5.5332202148e+02 5.5345300293e+02 5.5349102783e+02 5.5355401611e+02 5.5361297607e+02 5.5366101074e+02 5.5372698975e+02
