TESTSERVER/3/13.asc
NCOLS 100
NROWS 100
XLLCORNER 7.6497500000e+03
YLLCORNER 2.8930025000e+05
CELLSIZE 5.0000000000e-01
NODATA_VALUE -9.9990000000e+03
[rows 40 to 59 of 100, columns 46 to 91 of 100]
5.5565802002e+02 5.5566497803e+02 5.5567297363e+02 5.5567401123e+02 5.5567901611e+02 5.5568103027e+02 5.5568499756e+02 5.5568402100e+02 5.5568298340e+02 5.5568200684e+02 5.5567797852e+02 5.5568597412e+02 5.5568902588e+02 5.5569500732e+02 5.5570300293e+02 5.5572198486e+02 5.5575299072e+02 5.5576501465e+02 5.5574499512e+02 5.5572399902e+02 5.5572998047e+02 5.5573297119e+02 5.5572698975e+02 5.5571801758e+02 5.5571801758e+02 5.5572399902e+02 5.5573297119e+02 5.5573498535e+02 5.5573498535e+02 5.5573602295e+02 5.5575000000e+02 5.5576702881e+02 5.5577899170e+02 5.5579101563e+02 5.5580499268e+02 5.5581701660e+02 5.5582397461e+02 5.5583001709e+02 5.5583801270e+02 5.5584802246e+02 5.5585699463e+02 5.5586499023e+02 5.5587402344e+02 5.5587402344e+02 5.5585498047e+02 5.5583099365e+02
5.5565802002e+02 5.5566699219e+02 5.5567199707e+02 5.5567297363e+02 5.5567700195e+02 5.5567999268e+02 5.5568298340e+02 5.5567999268e+02 5.5567700195e+02 5.5567498779e+02 5.5567602539e+02 5.5567901611e+02 5.5568499756e+02 5.5569799805e+02 5.5572198486e+02 5.5575799561e+02 5.5578997803e+02 5.5578997803e+02 5.5574499512e+02 5.5572100830e+02 5.5572900391e+02 5.5573602295e+02 5.5573297119e+02 5.5572802734e+02 5.5572497559e+02 5.5572302246e+02 5.5572100830e+02 5.5571801758e+02 5.5572399902e+02 5.5573602295e+02 5.5575402832e+02 5.5576800537e+02 5.5577600098e+02 5.5578302002e+02 5.5578997803e+02 5.5579400635e+02 5.5579998779e+02 5.5580603027e+02 5.5581597900e+02 5.5583001709e+02 5.5584197998e+02 5.5585302734e+02 5.5587200928e+02 5.5588897705e+02 5.5588201904e+02 5.5585699463e+02
5.5565197754e+02 5.5566400146e+02 5.5566998291e+02 5.5567199707e+02 5.5567602539e+02 5.5567901611e+02 5.5568200684e+02 5.5567797852e+02 5.5567602539e+02 5.5567602539e+02 5.5567700195e+02 5.5567602539e+02 5.5567999268e+02 5.5569299316e+02 5.5572100830e+02 5.5575402832e+02 5.5577301025e+02 5.5576501465e+02 5.5573101807e+02 5.5572100830e+02 5.5573101807e+02 5.5573602295e+02 5.5572802734e+02 5.5572601318e+02 5.5572802734e+02 5.5572302246e+02 5.5571099854e+02 5.5570898438e+02 5.5572198486e+02 5.5574200439e+02 5.5575701904e+02 5.5576098633e+02 5.5576599121e+02 5.5577001953e+02 5.5577197266e+02 5.5577301025e+02 5.5577801514e+02 5.5578399658e+02 5.5579302979e+02 5.5580902100e+02 5.5582501221e+02 5.5584100342e+02 5.5586700439e+02 5.5589398193e+02 5.5589599609e+02 5.5588000488e+02
5.5564501953e+02 5.5565997314e+02 5.5566802979e+02 5.5567102051e+02 5.5567498779e+02 5.5567797852e+02 5.5567999268e+02 5.5567700195e+02 5.5567797852e+02 5.5567999268e+02 5.5568597412e+02 5.5567999268e+02 5.5567901611e+02 5.5568902588e+02 5.5571197510e+02 5.5573400879e+02 5.5574102783e+02 5.5573101807e+02 5.5571301270e+02 5.5571697998e+02 5.5572802734e+02 5.5572900391e+02 5.5571502686e+02 5.5571002197e+02 5.5571899414e+02 5.5571899414e+02 5.5570397949e+02 5.5570599365e+02 5.5572399902e+02 5.5574597168e+02 5.5575500488e+02 5.5575000000e+02 5.5575201416e+02 5.5575402832e+02 5.5575201416e+02 5.5575201416e+02 5.5575598145e+02 5.5576098633e+02 5.5576898193e+02 5.5578601074e+02 5.5580499268e+02 5.5582598877e+02 5.5585498047e+02 5.5589001465e+02 5.5590197754e+02 5.5589697266e+02
5.5563897705e+02 5.5565698242e+02 5.5566601563e+02 5.5566900635e+02 5.5567401123e+02 5.5567700195e+02 5.5567797852e+02 5.5567102051e+02 5.5567602539e+02 5.5568902588e+02 5.5571398926e+02 5.5569702148e+02 5.5568402100e+02 5.5568597412e+02 5.5571099854e+02 5.5572601318e+02 5.5571997070e+02 5.5570300293e+02 5.5568402100e+02 5.5570001221e+02 5.5570898438e+02 5.5571197510e+02 5.5570697021e+02 5.5570300293e+02 5.5571398926e+02 5.5572100830e+02 5.5571502686e+02 5.5570599365e+02 5.5571899414e+02 5.5574200439e+02 5.5575000000e+02 5.5573602295e+02 5.5573498535e+02 5.5573297119e+02 5.5572900391e+02 5.5572900391e+02 5.5573101807e+02 5.5573602295e+02 5.5574298096e+02 5.5575701904e+02 5.5577697754e+02 5.5579998779e+02 5.5582598877e+02 5.5587402344e+02 5.5590100098e+02 5.5591400146e+02
5.5563500977e+02 5.5565100098e+02 5.5565600586e+02 5.5565997314e+02 5.5566601563e+02 5.5567102051e+02 5.5567199707e+02 5.5566302490e+02 5.5567102051e+02 5.5569396973e+02 5.5572302246e+02 5.5571997070e+02 5.5570098877e+02 5.5569396973e+02 5.5570800781e+02 5.5571502686e+02 5.5570697021e+02 5.5569799805e+02 5.5568499756e+02 5.5569000244e+02 5.5569897461e+02 5.5571697998e+02 5.5572900391e+02 5.5570599365e+02 5.5570501709e+02 5.5571502686e+02 5.5571502686e+02 5.5570202637e+02 5.5570501709e+02 5.5572100830e+02 5.5572399902e+02 5.5571600342e+02 5.5571502686e+02 5.5571197510e+02 5.5570697021e+02 5.5570397949e+02 5.5570501709e+02 5.5570898438e+02 5.5571899414e+02 5.5573101807e+02 5.5575000000e+02 5.5577301025e+02 5.5580603027e+02 5.5584997559e+02 5.5588500977e+02 5.5590997314e+02
5.5562097168e+02 5.5564202881e+02 5.5564898682e+02 5.5565301514e+02 5.5565899658e+02 5.5566400146e+02 5.5566699219e+02 5.5566302490e+02 5.5567401123e+02 5.5569500732e+02 5.5571899414e+02 5.5571801758e+02 5.5570202637e+02 5.5569299316e+02 5.5570202637e+02 5.5569799805e+02 5.5569500732e+02 5.5570098877e+02 5.5569000244e+02 5.5568701172e+02 5.5569598389e+02 5.5571899414e+02 5.5572802734e+02 5.5570098877e+02 5.5569799805e+02 5.5570397949e+02 5.5570098877e+02 5.5569299316e+02 5.5569702148e+02 5.5571099854e+02 5.5570697021e+02 5.5569799805e+02 5.5569598389e+02 5.5569097900e+02 5.5568402100e+02 5.5567700195e+02 5.5567602539e+02 5.5567999268e+02 5.5569000244e+02 5.5570501709e+02 5.5572497559e+02 5.5575000000e+02 5.5578399658e+02 5.5582800293e+02 5.5586401367e+02 5.5589202881e+02
5.5559997559e+02 5.5562500000e+02 5.5563897705e+02 5.5564599609e+02 5.5565100098e+02 5.5565698242e+02 5.5566198730e+02 5.5566802979e+02 5.5568200684e+02 5.5569897461e+02 5.5571099854e+02 5.5571099854e+02 5.5569897461e+02 5.5568902588e+02 5.5569500732e+02 5.5569201660e+02 5.5568798828e+02 5.5569500732e+02 5.5568200684e+02 5.5568298340e+02 5.5569299316e+02 5.5570300293e+02 5.5569897461e+02 5.5569000244e+02 5.5569097900e+02 5.5568499756e+02 5.5567999268e+02 5.5567297363e+02 5.5567297363e+02 5.5568902588e+02 5.5569000244e+02 5.5568103027e+02 5.5567700195e+02 5.5567102051e+02 5.5565802002e+02 5.5564697266e+02 5.5564398193e+02 5.5564599609e+02 5.5565698242e+02 5.5567401123e+02 5.5569598389e+02 5.5572198486e+02 5.5575799561e+02 5.5580200195e+02 5.5583801270e+02 5.5586700439e+02
5.5559100342e+02 5.5561102295e+02 5.5562200928e+02 5.5563500977e+02 5.5564202881e+02 5.5565100098e+02 5.5565899658e+02 5.5567797852e+02 5.5569897461e+02 5.5571002197e+02 5.5570001221e+02 5.5572399902e+02 5.5571997070e+02 5.5569500732e+02 5.5567797852e+02 5.5568298340e+02 5.5567999268e+02 5.5568103027e+02 5.5568103027e+02 5.5568402100e+02 5.5569299316e+02 5.5568902588e+02 5.5567901611e+02 5.5569000244e+02 5.5568298340e+02 5.5566302490e+02 5.5565301514e+02 5.5562500000e+02 5.5560302734e+02 5.5562701416e+02 5.5565197754e+02 5.5566302490e+02 5.5566101074e+02 5.5565002441e+02 5.5564001465e+02 5.5561901855e+02 5.5560900879e+02 5.5560498047e+02 5.5560498047e+02 5.5563000488e+02 5.5565698242e+02 5.5569299316e+02 5.5574298096e+02 5.5577197266e+02 5.5580200195e+02 5.5582598877e+02
5.5559497070e+02 5.5560699463e+02 5.5561602783e+02 5.5562500000e+02 5.5564398193e+02 5.5566101074e+02 5.5566400146e+02 5.5567999268e+02 5.5570501709e+02 5.5571502686e+02 5.5571002197e+02 5.5573498535e+02 5.5573101807e+02 5.5568798828e+02 5.5566601563e+02 5.5567297363e+02 5.5566998291e+02 5.5566802979e+02 5.5566601563e+02 5.5567199707e+02 5.5568200684e+02 5.5568200684e+02 5.5567102051e+02 5.5567700195e+02 5.5567498779e+02 5.5565399170e+02 5.5563299561e+02 5.5558398438e+02 5.5555798340e+02 5.5559600830e+02 5.5563098145e+02 5.5565502930e+02 5.5565802002e+02 5.5563800049e+02 5.5560900879e+02 5.5558099365e+02 5.5555798340e+02 5.5554602051e+02 5.5555200195e+02 5.5557501221e+02 5.5560797119e+02 5.5565002441e+02 5.5569799805e+02 5.5572998047e+02 5.5575201416e+02 5.5577001953e+02
5.5563397217e+02 5.5564300537e+02 5.5564300537e+02 5.5564300537e+02 5.5565399170e+02 5.5566802979e+02 5.5566900635e+02 5.5567901611e+02 5.5569702148e+02 5.5570501709e+02 5.5569897461e+02 5.5569897461e+02 5.5569500732e+02 5.5567401123e+02 5.5565899658e+02 5.5565698242e+02 5.5565600586e+02 5.5565997314e+02 5.5565899658e+02 5.5566198730e+02 5.5566601563e+02 5.5566497803e+02 5.5565502930e+02 5.5564801025e+02 5.5564697266e+02 5.5564001465e+02 5.5561999512e+02 5.5558502197e+02 5.5557299805e+02 5.5559100342e+02 5.5560498047e+02 5.5564202881e+02 5.5564300537e+02 5.5561102295e+02 5.5556298828e+02 5.5552697754e+02 5.5550097656e+02 5.5548901367e+02 5.5550000000e+02 5.5552899170e+02 5.5556097412e+02 5.5559899902e+02 5.5564099121e+02 5.5566998291e+02 5.5569097900e+02 5.5571002197e+02
5.5567297363e+02 5.5568701172e+02 5.5567901611e+02 5.5566601563e+02 5.5565997314e+02 5.5566497803e+02 5.5567199707e+02 5.5567700195e+02 5.5568597412e+02 5.5569000244e+02 5.5568597412e+02 5.5567102051e+02 5.5566998291e+02 5.5566497803e+02 5.5565399170e+02 5.5564898682e+02 5.5565100098e+02 5.5565899658e+02 5.5565997314e+02 5.5565600586e+02 5.5565399170e+02 5.5564898682e+02 5.5563702393e+02 5.5562701416e+02 5.5562500000e+02 5.5562097168e+02 5.5559899902e+02 5.5557702637e+02 5.5557397461e+02 5.5556896973e+02 5.5557000732e+02 5.5561999512e+02 5.5560998535e+02 5.5556097412e+02 5.5550299072e+02 5.5547100830e+02 5.5544799805e+02 5.5543902588e+02 5.5545599365e+02 5.5548602295e+02 5.5551702881e+02 5.5554998779e+02 5.5557897949e+02 5.5560302734e+02 5.5562597656e+02 5.5564801025e+02
5.5566400146e+02 5.5568103027e+02 5.5567297363e+02 5.5567401123e+02 5.5567102051e+02 5.5567297363e+02 5.5567999268e+02 5.5566900635e+02 5.5566900635e+02 5.5567498779e+02 5.5567401123e+02 5.5565600586e+02 5.5565100098e+02 5.5565002441e+02 5.5565301514e+02 5.5564599609e+02 5.5564501953e+02 5.5565301514e+02 5.5565502930e+02 5.5564697266e+02 5.5564099121e+02 5.5562902832e+02 5.5561401367e+02 5.5561297607e+02 5.5560400391e+02 5.5558502197e+02 5.5555902100e+02 5.5554998779e+02 5.5555798340e+02 5.5557397461e+02 5.5557299805e+02 5.5557702637e+02 5.5554101563e+02 5.5548297119e+02 5.5543701172e+02 5.5542602539e+02 5.5541198730e+02 5.5540502930e+02 5.5540698242e+02 5.5545501709e+02 5.5548699951e+02 5.5551000977e+02 5.5551898193e+02 5.5553601074e+02 5.5556298828e+02 5.5559100342e+02
5.5569598389e+02 5.5571002197e+02 5.5566497803e+02 5.5566101074e+02 5.5566400146e+02 5.5566900635e+02 5.5566699219e+02 5.5565100098e+02 5.5565100098e+02 5.5565997314e+02 5.5565899658e+02 5.5564099121e+02 5.5563800049e+02 5.5563598633e+02 5.5563500977e+02 5.5562402344e+02 5.5562097168e+02 5.5563098145e+02 5.5562902832e+02 5.5562402344e+02 5.5561901855e+02 5.5561602783e+02 5.5560498047e+02 5.5558898926e+02 5.5557202148e+02 5.5555700684e+02 5.5556402588e+02 5.5556298828e+02 5.5556896973e+02 5.5558300781e+02 5.5552697754e+02 5.5547302246e+02 5.5542999268e+02 5.5540399170e+02 5.5539501953e+02 5.5540002441e+02 5.5540100098e+02 5.5540301514e+02 5.5541198730e+02 5.5544702148e+02 5.5546301270e+02 5.5546899414e+02 5.5546997070e+02 5.5547302246e+02 5.5549102783e+02 5.5552197266e+02
5.5571801758e+02 5.5573297119e+02 5.5565698242e+02 5.5564001465e+02 5.5564001465e+02 5.5564599609e+02 5.5565197754e+02 5.5564697266e+02 5.5563500977e+02 5.5563397217e+02 5.5563201904e+02 5.5561401367e+02 5.5561401367e+02 5.5560797119e+02 5.5560198975e+02 5.5559600830e+02 5.5559600830e+02 5.5559997559e+02 5.5559100342e+02 5.5558599854e+02 5.5558197021e+02 5.5558300781e+02 5.5557000732e+02 5.5553698730e+02 5.5551098633e+02 5.5549700928e+02 5.5554302979e+02 5.5557000732e+02 5.5555102539e+02 5.5549200439e+02 5.5540100098e+02 5.5535498047e+02 5.5533898926e+02 5.5534002686e+02 5.5534600830e+02 5.5534802246e+02 5.5534899902e+02 5.5535302734e+02 5.5536901855e+02 5.5539801025e+02 5.5540802002e+02 5.5541198730e+02 5.5542102051e+02 5.5542999268e+02 5.5545300293e+02 5.5548699951e+02
5.5563000488e+02 5.5564898682e+02 5.5560998535e+02 5.5560601807e+02 5.5561199951e+02 5.5561602783e+02 5.5561499023e+02 5.5561700439e+02 5.5560601807e+02 5.5559997559e+02 5.5559497070e+02 5.5558398438e+02 5.5559100342e+02 5.5558398438e+02 5.5557299805e+02 5.5557800293e+02 5.5557702637e+02 5.5556500244e+02 5.5555102539e+02 5.5553900146e+02 5.5552502441e+02 5.5551501465e+02 5.5549597168e+02 5.5546697998e+02 5.5544897461e+02 5.5543200684e+02 5.5547900391e+02 5.5549499512e+02 5.5542901611e+02 5.5533502197e+02 5.5528497314e+02 5.5527398682e+02 5.5527600098e+02 5.5528100586e+02 5.5528698730e+02 5.5527899170e+02 5.5527099609e+02 5.5527398682e+02 5.5529602051e+02 5.5532897949e+02 5.5534399414e+02 5.5535699463e+02 5.5537799072e+02 5.5540197754e+02 5.5543902588e+02 5.5547698975e+02
5.5552600098e+02 5.5554400635e+02 5.5555700684e+02 5.5556597900e+02 5.5557299805e+02 5.5557299805e+02 5.5557800293e+02 5.5556597900e+02 5.5555902100e+02 5.5555603027e+02 5.5554302979e+02 5.5554199219e+02 5.5555700684e+02 5.5555700684e+02 5.5555200195e+02 5.5555102539e+02 5.5553802490e+02 5.5552099609e+02 5.5552001953e+02 5.5548797607e+02 5.5546398926e+02 5.5544396973e+02 5.5541302490e+02 5.5539501953e+02 5.5541302490e+02 5.5541497803e+02 5.5542199707e+02 5.5534600830e+02 5.5524401855e+02 5.5520898438e+02 5.5521099854e+02 5.5521099854e+02 5.5520800781e+02 5.5520397949e+02 5.5521398926e+02 5.5520800781e+02 5.5519396973e+02 5.5519702148e+02 5.5522399902e+02 5.5527001953e+02 5.5529199219e+02 5.5531201172e+02 5.5534600830e+02 5.5538201904e+02 5.5542602539e+02 5.5546398926e+02
5.5546899414e+02 5.5548999023e+02 5.5550500488e+02 5.5552197266e+02 5.5552600098e+02 5.5552197266e+02 5.5552697754e+02 5.5552099609e+02 5.5551202393e+02 5.5550897217e+02 5.5549700928e+02 5.5548999023e+02 5.5550097656e+02 5.5550299072e+02 5.5550299072e+02 5.5549298096e+02 5.5547497559e+02 5.5545800781e+02 5.5544201660e+02 5.5541101074e+02 5.5538299561e+02 5.5535900879e+02 5.5532598877e+02 5.5534002686e+02 5.5534997559e+02 5.5530999756e+02 5.5526098633e+02 5.5519299316e+02 5.5514697266e+02 5.5515301514e+02 5.5514300537e+02 5.5513702393e+02 5.5512500000e+02 5.5510797119e+02 5.5511901855e+02 5.5514001465e+02 5.5514599609e+02 5.5515698242e+02 5.5518902588e+02 5.5522399902e+02 5.5524200439e+02 5.5527801514e+02 5.5532702637e+02 5.5537402344e+02 5.5541699219e+02 5.5544897461e+02
5.5542602539e+02 5.5544598389e+02 5.5545697021e+02 5.5546600342e+02 5.5546801758e+02 5.5546600342e+02 5.5546997070e+02 5.5547198486e+02 5.5545800781e+02 5.5545300293e+02 5.5545599365e+02 5.5544702148e+02 5.5544201660e+02 5.5543298340e+02 5.5543597412e+02 5.5541302490e+02 5.5539398193e+02 5.5537402344e+02 5.5534399414e+02 5.5530902100e+02 5.5527899170e+02 5.5526098633e+02 5.5525897217e+02 5.5530297852e+02 5.5527398682e+02 5.5518298340e+02 5.5510198975e+02 5.5506799316e+02 5.5506500244e+02 5.5506896973e+02 5.5505102539e+02 5.5504998779e+02 5.5504602051e+02 5.5503399658e+02 5.5504498291e+02 5.5507702637e+02 5.5508599854e+02 5.5510797119e+02 5.5516101074e+02 5.5519396973e+02 5.5521502686e+02 5.5525201416e+02 5.5530102539e+02 5.5535797119e+02 5.5539801025e+02 5.5542498779e+02
5.5537097168e+02 5.5539202881e+02 5.5540301514e+02 5.5539898682e+02 5.5539801025e+02 5.5540399170e+02 5.5541601563e+02 5.5542602539e+02 5.5541101074e+02 5.5540197754e+02 5.5540802002e+02 5.5539599609e+02 5.5537902832e+02 5.5536199951e+02 5.5536199951e+02 5.5532397461e+02 5.5529998779e+02 5.5527899170e+02 5.5524700928e+02 5.5521099854e+02 5.5519598389e+02 5.5520501709e+02 5.5521398926e+02 5.5520202637e+02 5.5511499023e+02 5.5503198242e+02 5.5498797607e+02 5.5497399902e+02 5.5496801758e+02 5.5496099854e+02 5.5495697021e+02 5.5496502686e+02 5.5497302246e+02 5.5497399902e+02 5.5499401855e+02 5.5502301025e+02 5.5502801514e+02 5.5506097412e+02 5.5513397217e+02 5.5517297363e+02 5.5519598389e+02 5.5523101807e+02 5.5527697754e+02 5.5533502197e+02 5.5537298584e+02 5.5539697266e+02
