TESTSERVER/3/14.asc
NCOLS 100
NROWS 100
XLLCORNER 7.6497500000e+03
YLLCORNER 2.8925025000e+05
CELLSIZE 5.0000000000e-01
NODATA_VALUE -9.9990000000e+03
[rows 80 to 99 of 100, columns 46 to 91 of 100]
5.5019000244e+02 5.5019799805e+02 5.5024700928e+02 5.5032000732e+02 5.5037298584e+02 5.5042401123e+02 5.5047399902e+02 5.5051898193e+02 5.5053698730e+02 5.5052899170e+02 5.5051300049e+02 5.5052697754e+02 5.5054302979e+02 5.5055999756e+02 5.5057800293e+02 5.5057897949e+02 5.5058502197e+02 5.5057897949e+02 5.5056597900e+02 5.5057098389e+02 5.5057800293e+02 5.5058300781e+02 5.5059899902e+02 5.5061798096e+02 5.5063098145e+02 5.5063800049e+02 5.5064300537e+02 5.5066802979e+02 5.5067700195e+02 5.5068103027e+02 5.5069299316e+02 5.5070300293e+02 5.5070397949e+02 5.5071301270e+02 5.5073400879e+02 5.5075598145e+02 5.5077600098e+02 5.5079699707e+02 5.5080700684e+02 5.5085699463e+02 5.5089398193e+02 5.5091900635e+02 5.5094097900e+02 5.5092102051e+02 5.5091699219e+02 5.5092602539e+02
5.5013897705e+02 5.5014202881e+02 5.5019097900e+02 5.5026202393e+02 5.5032501221e+02 5.5038098145e+02 5.5042999268e+02 5.5046899414e+02 5.5047198486e+02 5.5045800781e+02 5.5046997070e+02 5.5049499512e+02 5.5051702881e+02 5.5053100586e+02 5.5053802490e+02 5.5054199219e+02 5.5054302979e+02 5.5053601074e+02 5.5052502441e+02 5.5053002930e+02 5.5053900146e+02 5.5054797363e+02 5.5056500244e+02 5.5057397461e+02 5.5059197998e+02 5.5061199951e+02 5.5061602783e+02 5.5063098145e+02 5.5064300537e+02 5.5065002441e+02 5.5066198730e+02 5.5067700195e+02 5.5068402100e+02 5.5069299316e+02 5.5071002197e+02 5.5072601318e+02 5.5074902344e+02 5.5077899170e+02 5.5079199219e+02 5.5083599854e+02 5.5088598633e+02 5.5090502930e+02 5.5091802979e+02 5.5090100098e+02 5.5089202881e+02 5.5089697266e+02
5.5009698486e+02 5.5010302734e+02 5.5014801025e+02 5.5021801758e+02 5.5028002930e+02 5.5032598877e+02 5.5036199951e+02 5.5040002441e+02 5.5040802002e+02 5.5040899658e+02 5.5042999268e+02 5.5046301270e+02 5.5049298096e+02 5.5050299072e+02 5.5049597168e+02 5.5050299072e+02 5.5049902344e+02 5.5049200439e+02 5.5048901367e+02 5.5049298096e+02 5.5050201416e+02 5.5051000977e+02 5.5052899170e+02 5.5053601074e+02 5.5055297852e+02 5.5058001709e+02 5.5058697510e+02 5.5059698486e+02 5.5060998535e+02 5.5062200928e+02 5.5063397217e+02 5.5064697266e+02 5.5065802002e+02 5.5066998291e+02 5.5068902588e+02 5.5070599365e+02 5.5073400879e+02 5.5077099609e+02 5.5078302002e+02 5.5081799316e+02 5.5086700439e+02 5.5087902832e+02 5.5087200928e+02 5.5086499023e+02 5.5087200928e+02 5.5088201904e+02
5.5005999756e+02 5.5007397461e+02 5.5010797119e+02 5.5016699219e+02 5.5022698975e+02 5.5027099609e+02 5.5030200195e+02 5.5034197998e+02 5.5036199951e+02 5.5036999512e+02 5.5037902832e+02 5.5041601563e+02 5.5045397949e+02 5.5046398926e+02 5.5045397949e+02 5.5046398926e+02 5.5046197510e+02 5.5045599365e+02 5.5045599365e+02 5.5046197510e+02 5.5047100830e+02 5.5047698975e+02 5.5049102783e+02 5.5050097656e+02 5.5051501465e+02 5.5053997803e+02 5.5055102539e+02 5.5056298828e+02 5.5057897949e+02 5.5059497070e+02 5.5060998535e+02 5.5061499023e+02 5.5062200928e+02 5.5063897705e+02 5.5066601563e+02 5.5068499756e+02 5.5071502686e+02 5.5075402832e+02 5.5077197266e+02 5.5078997803e+02 5.5081799316e+02 5.5082000732e+02 5.5081701660e+02 5.5082501221e+02 5.5084802246e+02 5.5086499023e+02
5.5002502441e+02 5.5005297852e+02 5.5006799316e+02 5.5009997559e+02 5.5016601563e+02 5.5022998047e+02 5.5028100586e+02 5.5030102539e+02 5.5032000732e+02 5.5032598877e+02 5.5031799316e+02 5.5035797119e+02 5.5039697266e+02 5.5040997314e+02 5.5040899658e+02 5.5043103027e+02 5.5043701172e+02 5.5043103027e+02 5.5042901611e+02 5.5043597412e+02 5.5044500732e+02 5.5045098877e+02 5.5045098877e+02 5.5045202637e+02 5.5046899414e+02 5.5049102783e+02 5.5050000000e+02 5.5052600098e+02 5.5054797363e+02 5.5056799316e+02 5.5059997559e+02 5.5059399414e+02 5.5059301758e+02 5.5060400391e+02 5.5063201904e+02 5.5064801025e+02 5.5067901611e+02 5.5071801758e+02 5.5073999023e+02 5.5075000000e+02 5.5075799561e+02 5.5077001953e+02 5.5079101563e+02 5.5080200195e+02 5.5082299805e+02 5.5083801270e+02
5.4997198486e+02 5.5001202393e+02 5.5003198242e+02 5.5004302979e+02 5.5008099365e+02 5.5013702393e+02 5.5019500732e+02 5.5023101807e+02 5.5025897217e+02 5.5027801514e+02 5.5028497314e+02 5.5031298828e+02 5.5034002686e+02 5.5035797119e+02 5.5037701416e+02 5.5040802002e+02 5.5041302490e+02 5.5040399170e+02 5.5039801025e+02 5.5040100098e+02 5.5040802002e+02 5.5041699219e+02 5.5042297363e+02 5.5042700195e+02 5.5044598389e+02 5.5046099854e+02 5.5047497559e+02 5.5048297119e+02 5.5050201416e+02 5.5053802490e+02 5.5056896973e+02 5.5057299805e+02 5.5057598877e+02 5.5058099365e+02 5.5060601807e+02 5.5061700439e+02 5.5064697266e+02 5.5067401123e+02 5.5069000244e+02 5.5071099854e+02 5.5072998047e+02 5.5074902344e+02 5.5076397705e+02 5.5076898193e+02 5.5079699707e+02 5.5082397461e+02
5.4990600586e+02 5.4995397949e+02 5.4999102783e+02 5.4999902344e+02 5.5001098633e+02 5.5004400635e+02 5.5009899902e+02 5.5015301514e+02 5.5019299316e+02 5.5022698975e+02 5.5024902344e+02 5.5027001953e+02 5.5028900146e+02 5.5031298828e+02 5.5033801270e+02 5.5036297607e+02 5.5036700439e+02 5.5036401367e+02 5.5036901855e+02 5.5037402344e+02 5.5037402344e+02 5.5037799072e+02 5.5038201904e+02 5.5039398193e+02 5.5041601563e+02 5.5042999268e+02 5.5045300293e+02 5.5045800781e+02 5.5047698975e+02 5.5051397705e+02 5.5053497314e+02 5.5053497314e+02 5.5054797363e+02 5.5056097412e+02 5.5058502197e+02 5.5059197998e+02 5.5061499023e+02 5.5063397217e+02 5.5065197754e+02 5.5067297363e+02 5.5069500732e+02 5.5071899414e+02 5.5073901367e+02 5.5074200439e+02 5.5077001953e+02 5.5080798340e+02
5.4983300781e+02 5.4988397217e+02 5.4993200684e+02 5.4995098877e+02 5.4995599365e+02 5.4997497559e+02 5.5001599121e+02 5.5007501221e+02 5.5012402344e+02 5.5016900635e+02 5.5020098877e+02 5.5022198486e+02 5.5024499512e+02 5.5027001953e+02 5.5029302979e+02 5.5030700684e+02 5.5030798340e+02 5.5031298828e+02 5.5033398438e+02 5.5034399414e+02 5.5034100342e+02 5.5033801270e+02 5.5033898926e+02 5.5035797119e+02 5.5037902832e+02 5.5039202881e+02 5.5042102051e+02 5.5043597412e+02 5.5045697021e+02 5.5048797607e+02 5.5050897217e+02 5.5051202393e+02 5.5053497314e+02 5.5055603027e+02 5.5057299805e+02 5.5057397461e+02 5.5058398438e+02 5.5059600830e+02 5.5062402344e+02 5.5065197754e+02 5.5067199707e+02 5.5068597412e+02 5.5070697021e+02 5.5071600342e+02 5.5074700928e+02 5.5079400635e+02
5.4975299072e+02 5.4980102539e+02 5.4984899902e+02 5.4988702393e+02 5.4990899658e+02 5.4993200684e+02 5.4996697998e+02 5.5001000977e+02 5.5005999756e+02 5.5010302734e+02 5.5013098145e+02 5.5015997314e+02 5.5019500732e+02 5.5022399902e+02 5.5024401855e+02 5.5025897217e+02 5.5026098633e+02 5.5026898193e+02 5.5028698730e+02 5.5030700684e+02 5.5031097412e+02 5.5030999756e+02 5.5032000732e+02 5.5033001709e+02 5.5034197998e+02 5.5035400391e+02 5.5038098145e+02 5.5040002441e+02 5.5042297363e+02 5.5044897461e+02 5.5047698975e+02 5.5050000000e+02 5.5053002930e+02 5.5055603027e+02 5.5056701660e+02 5.5055700684e+02 5.5056402588e+02 5.5057897949e+02 5.5061499023e+02 5.5064898682e+02 5.5065997314e+02 5.5065399170e+02 5.5065698242e+02 5.5070001221e+02 5.5074597168e+02 5.5079602051e+02
5.4968701172e+02 5.4972399902e+02 5.4977502441e+02 5.4981896973e+02 5.4985400391e+02 5.4988598633e+02 5.4991601563e+02 5.4996099854e+02 5.5001000977e+02 5.5005401611e+02 5.5008502197e+02 5.5010797119e+02 5.5013800049e+02 5.5016699219e+02 5.5019396973e+02 5.5021801758e+02 5.5022698975e+02 5.5023101807e+02 5.5024798584e+02 5.5027398682e+02 5.5028497314e+02 5.5029101563e+02 5.5029998779e+02 5.5031201172e+02 5.5032397461e+02 5.5033898926e+02 5.5035498047e+02 5.5037402344e+02 5.5039202881e+02 5.5041900635e+02 5.5045599365e+02 5.5047399902e+02 5.5050097656e+02 5.5052099609e+02 5.5052398682e+02 5.5052502441e+02 5.5055499268e+02 5.5058599854e+02 5.5060302734e+02 5.5062402344e+02 5.5064501953e+02 5.5065502930e+02 5.5067602539e+02 5.5072802734e+02 5.5079699707e+02 5.5084100342e+02
5.4964001465e+02 5.4966699219e+02 5.4971301270e+02 5.4975897217e+02 5.4979602051e+02 5.4982800293e+02 5.4985998535e+02 5.4990600586e+02 5.4995800781e+02 5.5000500488e+02 5.5004302979e+02 5.5006097412e+02 5.5008502197e+02 5.5011102295e+02 5.5013897705e+02 5.5016198730e+02 5.5017498779e+02 5.5018798828e+02 5.5021301270e+02 5.5023999023e+02 5.5025097656e+02 5.5025897217e+02 5.5027099609e+02 5.5028900146e+02 5.5030297852e+02 5.5031799316e+02 5.5033300781e+02 5.5035302734e+02 5.5037200928e+02 5.5040100098e+02 5.5044500732e+02 5.5046398926e+02 5.5047601318e+02 5.5048400879e+02 5.5048498535e+02 5.5050201416e+02 5.5055102539e+02 5.5059100342e+02 5.5060198975e+02 5.5062298584e+02 5.5066699219e+02 5.5070300293e+02 5.5073699951e+02 5.5076800537e+02 5.5082000732e+02 5.5086499023e+02
5.4960198975e+02 5.4962799072e+02 5.4966802979e+02 5.4970599365e+02 5.4973901367e+02 5.4976898193e+02 5.4980297852e+02 5.4985101318e+02 5.4990301514e+02 5.4995202637e+02 5.4999401855e+02 5.5000500488e+02 5.5002001953e+02 5.5004199219e+02 5.5007501221e+02 5.5010699463e+02 5.5013800049e+02 5.5016802979e+02 5.5018298340e+02 5.5019201660e+02 5.5020202637e+02 5.5021301270e+02 5.5023199463e+02 5.5025701904e+02 5.5027801514e+02 5.5029602051e+02 5.5031402588e+02 5.5033599854e+02 5.5035302734e+02 5.5037597656e+02 5.5041497803e+02 5.5042700195e+02 5.5044598389e+02 5.5046899414e+02 5.5049401855e+02 5.5052899170e+02 5.5058502197e+02 5.5062799072e+02 5.5064202881e+02 5.5067999268e+02 5.5072601318e+02 5.5076000977e+02 5.5078997803e+02 5.5080297852e+02 5.5082800293e+02 5.5086297607e+02
5.4956896973e+02 5.4960101318e+02 5.4964099121e+02 5.4965997314e+02 5.4968402100e+02 5.4971099854e+02 5.4974499512e+02 5.4980102539e+02 5.4985101318e+02 5.4989697266e+02 5.4992297363e+02 5.4993103027e+02 5.4993798828e+02 5.4995501709e+02 5.4997601318e+02 5.5003497314e+02 5.5009301758e+02 5.5013897705e+02 5.5014398193e+02 5.5012701416e+02 5.5013299561e+02 5.5014801025e+02 5.5017498779e+02 5.5021899414e+02 5.5024597168e+02 5.5027001953e+02 5.5029498291e+02 5.5031298828e+02 5.5032397461e+02 5.5034497070e+02 5.5038500977e+02 5.5040600586e+02 5.5044500732e+02 5.5049200439e+02 5.5056097412e+02 5.5058697510e+02 5.5062902832e+02 5.5066400146e+02 5.5068499756e+02 5.5072302246e+02 5.5075000000e+02 5.5075701904e+02 5.5077600098e+02 5.5079998779e+02 5.5082800293e+02 5.5085498047e+02
5.4954602051e+02 5.4957501221e+02 5.4960601807e+02 5.4961901855e+02 5.4964202881e+02 5.4967297363e+02 5.4971398926e+02 5.4976397705e+02 5.4980798340e+02 5.4984399414e+02 5.4986102295e+02 5.4985400391e+02 5.4985601807e+02 5.4986700439e+02 5.4988800049e+02 5.4992901611e+02 5.4998101807e+02 5.5002398682e+02 5.5004797363e+02 5.5005102539e+02 5.5006500244e+02 5.5009100342e+02 5.5013500977e+02 5.5018298340e+02 5.5021697998e+02 5.5024597168e+02 5.5026898193e+02 5.5028399658e+02 5.5030200195e+02 5.5033599854e+02 5.5039501953e+02 5.5042401123e+02 5.5046002197e+02 5.5049499512e+02 5.5054400635e+02 5.5057897949e+02 5.5061999512e+02 5.5065100098e+02 5.5066302490e+02 5.5068597412e+02 5.5071301270e+02 5.5072698975e+02 5.5074700928e+02 5.5077801514e+02 5.5081402588e+02 5.5083502197e+02
5.4954302979e+02 5.4956701660e+02 5.4958898926e+02 5.4960101318e+02 5.4962402344e+02 5.4965600586e+02 5.4969598389e+02 5.4973699951e+02 5.4977301025e+02 5.4980200195e+02 5.4981201172e+02 5.4980102539e+02 5.4980200195e+02 5.4981298828e+02 5.4983099365e+02 5.4985998535e+02 5.4990197754e+02 5.4994000244e+02 5.4997198486e+02 5.4999401855e+02 5.5002398682e+02 5.5006201172e+02 5.5010900879e+02 5.5015600586e+02 5.5019299316e+02 5.5022302246e+02 5.5024401855e+02 5.5026599121e+02 5.5029302979e+02 5.5033197021e+02 5.5038098145e+02 5.5040301514e+02 5.5043499756e+02 5.5046697998e+02 5.5051000977e+02 5.5054302979e+02 5.5058300781e+02 5.5061602783e+02 5.5063702393e+02 5.5065899658e+02 5.5069097900e+02 5.5071697998e+02 5.5073602295e+02 5.5076397705e+02 5.5080297852e+02 5.5082299805e+02
5.4954302979e+02 5.4957098389e+02 5.4958898926e+02 5.4959899902e+02 5.4962097168e+02 5.4965100098e+02 5.4968701172e+02 5.4971997070e+02 5.4974798584e+02 5.4977001953e+02 5.4977600098e+02 5.4977001953e+02 5.4977398682e+02 5.4978698730e+02 5.4980999756e+02 5.4983502197e+02 5.4986602783e+02 5.4989501953e+02 5.4992199707e+02 5.4995800781e+02 5.5000201416e+02 5.5004797363e+02 5.5009497070e+02 5.5013702393e+02 5.5017199707e+02 5.5020202637e+02 5.5022399902e+02 5.5025701904e+02 5.5028997803e+02 5.5032598877e+02 5.5036499023e+02 5.5038897705e+02 5.5041601563e+02 5.5044598389e+02 5.5049401855e+02 5.5051898193e+02 5.5055200195e+02 5.5058502197e+02 5.5061297607e+02 5.5063702393e+02 5.5067498779e+02 5.5070898438e+02 5.5072698975e+02 5.5075402832e+02 5.5078900146e+02 5.5080902100e+02
5.4951599121e+02 5.4954602051e+02 5.4958099365e+02 5.4960198975e+02 5.4962597656e+02 5.4965399170e+02 5.4967602539e+02 5.4970697021e+02 5.4972698975e+02 5.4974200439e+02 5.4974902344e+02 5.4975701904e+02 5.4977099609e+02 5.4979199219e+02 5.4982202148e+02 5.4984899902e+02 5.4987200928e+02 5.4988897705e+02 5.4990002441e+02 5.4994396973e+02 5.4999700928e+02 5.5004602051e+02 5.5008898926e+02 5.5012298584e+02 5.5015301514e+02 5.5017797852e+02 5.5020898438e+02 5.5025097656e+02 5.5028302002e+02 5.5031597900e+02 5.5034399414e+02 5.5037500000e+02 5.5040301514e+02 5.5043298340e+02 5.5048498535e+02 5.5051702881e+02 5.5053997803e+02 5.5056896973e+02 5.5059802246e+02 5.5061700439e+02 5.5064898682e+02 5.5068103027e+02 5.5071600342e+02 5.5074700928e+02 5.5077899170e+02 5.5079998779e+02
5.4948999023e+02 5.4952001953e+02 5.4956298828e+02 5.4959497070e+02 5.4962402344e+02 5.4965002441e+02 5.4966497803e+02 5.4969000244e+02 5.4970697021e+02 5.4971801758e+02 5.4972399902e+02 5.4973797607e+02 5.4976300049e+02 5.4979101563e+02 5.4981597900e+02 5.4984600830e+02 5.4987097168e+02 5.4988598633e+02 5.4989697266e+02 5.4994702148e+02 5.4999499512e+02 5.5003900146e+02 5.5007800293e+02 5.5010900879e+02 5.5013702393e+02 5.5016302490e+02 5.5019201660e+02 5.5022302246e+02 5.5025799561e+02 5.5030200195e+02 5.5034100342e+02 5.5036999512e+02 5.5039599609e+02 5.5042199707e+02 5.5046301270e+02 5.5049902344e+02 5.5053399658e+02 5.5057000732e+02 5.5059497070e+02 5.5061297607e+02 5.5064300537e+02 5.5067901611e+02 5.5071600342e+02 5.5074200439e+02 5.5076501465e+02 5.5077600098e+02
5.4949102783e+02 5.4951702881e+02 5.4954699707e+02 5.4958099365e+02 5.4961401367e+02 5.4964300537e+02 5.4965802002e+02 5.4967700195e+02 5.4969201660e+02 5.4970202637e+02 5.4970898438e+02 5.4972601318e+02 5.4975201416e+02 5.4978002930e+02 5.4980102539e+02 5.4982501221e+02 5.4985400391e+02 5.4987902832e+02 5.4989898682e+02 5.4994702148e+02 5.4998999023e+02 5.5002899170e+02 5.5006500244e+02 5.5009497070e+02 5.5012200928e+02 5.5015301514e+02 5.5018499756e+02 5.5021099854e+02 5.5024499512e+02 5.5028900146e+02 5.5032702637e+02 5.5035900879e+02 5.5039099121e+02 5.5041900635e+02 5.5045202637e+02 5.5047998047e+02 5.5052001953e+02 5.5056097412e+02 5.5058099365e+02 5.5060900879e+02 5.5064697266e+02 5.5068402100e+02 5.5070898438e+02 5.5072100830e+02 5.5073797607e+02 5.5074700928e+02
5.4949499512e+02 5.4952099609e+02 5.4953698730e+02 5.4956298828e+02 5.4959802246e+02 5.4963299561e+02 5.4965301514e+02 5.4966802979e+02 5.4968298340e+02 5.4969396973e+02 5.4970300293e+02 5.4971997070e+02 5.4974401855e+02 5.4976800537e+02 5.4978601074e+02 5.4980902100e+02 5.4984002686e+02 5.4986700439e+02 5.4989099121e+02 5.4993798828e+02 5.4997900391e+02 5.5001599121e+02 5.5004998779e+02 5.5008001709e+02 5.5010900879e+02 5.5014202881e+02 5.5017999268e+02 5.5020098877e+02 5.5023400879e+02 5.5027502441e+02 5.5031097412e+02 5.5034600830e+02 5.5038397217e+02 5.5041497803e+02 5.5043798828e+02 5.5045898438e+02 5.5049597168e+02 5.5053601074e+02 5.5054998779e+02 5.5058502197e+02 5.5062097168e+02 5.5064697266e+02 5.5066601563e+02 5.5068103027e+02 5.5070202637e+02 5.5071899414e+02
