TESTSERVER/3/14.asc
NCOLS 100
NROWS 100
XLLCORNER 7.6497500000e+03
YLLCORNER 2.8925025000e+05
CELLSIZE 5.0000000000e-01
NODATA_VALUE -9.9990000000e+03
[rows 20 to 39 of 100, columns 46 to 91 of 100]
5.5231896973e+02 5.5242602539e+02 5.5244702148e+02 5.5237701416e+02 5.5232702637e+02 5.5232897949e+02 5.5234399414e+02 5.5233599854e+02 5.5235198975e+02 5.5240997314e+02 5.5249597168e+02 5.5259899902e+02 5.5264501953e+02 5.5264599609e+02 5.5264898682e+02 5.5269000244e+02 5.5277899170e+02 5.5286401367e+02 5.5290399170e+02 5.5286901855e+02 5.5284600830e+02 5.5285797119e+02 5.5290802002e+02 5.5294299316e+02 5.5299298096e+02 5.5303698730e+02 5.5308300781e+02 5.5311700439e+02 5.5309100342e+02 5.5304998779e+02 5.5304400635e+02 5.5306500244e+02 5.5311602783e+02 5.5323199463e+02 5.5336401367e+02 5.5345501709e+02 5.5348101807e+02 5.5348199463e+02 5.5348999023e+02 5.5350897217e+02 5.5352197266e+02 5.5354901123e+02 5.5357501221e+02 5.5354998779e+02 5.5353302002e+02 5.5351702881e+02
5.5223199463e+02 5.5235198975e+02 5.5240301514e+02 5.5233898926e+02 5.5228302002e+02 5.5228497314e+02 5.5232000732e+02 5.5232202148e+02 5.5231799316e+02 5.5236297607e+02 5.5248101807e+02 5.5259698486e+02 5.5265002441e+02 5.5265899658e+02 5.5265197754e+02 5.5265600586e+02 5.5270397949e+02 5.5276898193e+02 5.5282397461e+02 5.5288598633e+02 5.5292297363e+02 5.5293499756e+02 5.5293701172e+02 5.5296002197e+02 5.5300799561e+02 5.5304602051e+02 5.5309002686e+02 5.5310302734e+02 5.5308697510e+02 5.5306799316e+02 5.5307299805e+02 5.5306701660e+02 5.5309100342e+02 5.5317700195e+02 5.5329400635e+02 5.5338702393e+02 5.5341900635e+02 5.5342700195e+02 5.5344500732e+02 5.5346600342e+02 5.5349102783e+02 5.5350701904e+02 5.5350402832e+02 5.5346697998e+02 5.5345501709e+02 5.5346099854e+02
5.5215899658e+02 5.5224499512e+02 5.5229199219e+02 5.5225598145e+02 5.5222399902e+02 5.5224499512e+02 5.5230798340e+02 5.5232800293e+02 5.5231402588e+02 5.5234997559e+02 5.5245599365e+02 5.5255603027e+02 5.5262200928e+02 5.5265399170e+02 5.5265802002e+02 5.5264300537e+02 5.5266302490e+02 5.5270300293e+02 5.5273602295e+02 5.5283001709e+02 5.5292901611e+02 5.5298199463e+02 5.5298699951e+02 5.5299102783e+02 5.5303601074e+02 5.5307702637e+02 5.5311199951e+02 5.5310900879e+02 5.5309399414e+02 5.5308599854e+02 5.5310699463e+02 5.5310302734e+02 5.5311602783e+02 5.5317602539e+02 5.5324597168e+02 5.5329602051e+02 5.5332397461e+02 5.5335400391e+02 5.5340197754e+02 5.5342797852e+02 5.5343701172e+02 5.5341497803e+02 5.5339801025e+02 5.5338397217e+02 5.5338201904e+02 5.5339801025e+02
5.5209197998e+02 5.5213098145e+02 5.5215899658e+02 5.5215502930e+02 5.5215502930e+02 5.5219299316e+02 5.5226300049e+02 5.5230200195e+02 5.5230200195e+02 5.5233398438e+02 5.5241699219e+02 5.5249902344e+02 5.5257501221e+02 5.5263098145e+02 5.5265399170e+02 5.5262902832e+02 5.5264300537e+02 5.5267700195e+02 5.5268902588e+02 5.5275201416e+02 5.5286297607e+02 5.5296997070e+02 5.5306402588e+02 5.5306896973e+02 5.5308801270e+02 5.5311199951e+02 5.5313397217e+02 5.5313299561e+02 5.5311602783e+02 5.5310900879e+02 5.5313800049e+02 5.5313500977e+02 5.5312799072e+02 5.5315802002e+02 5.5319799805e+02 5.5321997070e+02 5.5323297119e+02 5.5326800537e+02 5.5333801270e+02 5.5337701416e+02 5.5336999512e+02 5.5332000732e+02 5.5330603027e+02 5.5332702637e+02 5.5334197998e+02 5.5336700439e+02
5.5205297852e+02 5.5205902100e+02 5.5205102539e+02 5.5207598877e+02 5.5210498047e+02 5.5214599609e+02 5.5219000244e+02 5.5225897217e+02 5.5229699707e+02 5.5232800293e+02 5.5237097168e+02 5.5244000244e+02 5.5251702881e+02 5.5258502197e+02 5.5259899902e+02 5.5261401367e+02 5.5264898682e+02 5.5269299316e+02 5.5270697021e+02 5.5273797607e+02 5.5280700684e+02 5.5293103027e+02 5.5309497070e+02 5.5316802979e+02 5.5316302490e+02 5.5315002441e+02 5.5315502930e+02 5.5314599609e+02 5.5312402344e+02 5.5311798096e+02 5.5314697266e+02 5.5313500977e+02 5.5310699463e+02 5.5310302734e+02 5.5312402344e+02 5.5315301514e+02 5.5316198730e+02 5.5319000244e+02 5.5325799561e+02 5.5330603027e+02 5.5329602051e+02 5.5325402832e+02 5.5326000977e+02 5.5330200195e+02 5.5334301758e+02 5.5338897705e+02
5.5200000000e+02 5.5198901367e+02 5.5197100830e+02 5.5199298096e+02 5.5203601074e+02 5.5209698486e+02 5.5213897705e+02 5.5220599365e+02 5.5228698730e+02 5.5235400391e+02 5.5236297607e+02 5.5241601563e+02 5.5248297119e+02 5.5254400635e+02 5.5259399414e+02 5.5264099121e+02 5.5271600342e+02 5.5277099609e+02 5.5277301025e+02 5.5280798340e+02 5.5283099365e+02 5.5288702393e+02 5.5301501465e+02 5.5315899658e+02 5.5321502686e+02 5.5321600342e+02 5.5320800781e+02 5.5317797852e+02 5.5313800049e+02 5.5311602783e+02 5.5311999512e+02 5.5309802246e+02 5.5307397461e+02 5.5306500244e+02 5.5307702637e+02 5.5308001709e+02 5.5308898926e+02 5.5313201904e+02 5.5321002197e+02 5.5326202393e+02 5.5324298096e+02 5.5322601318e+02 5.5325500488e+02 5.5330798340e+02 5.5336700439e+02 5.5341302490e+02
5.5194598389e+02 5.5192797852e+02 5.5191497803e+02 5.5193902588e+02 5.5197198486e+02 5.5203002930e+02 5.5208502197e+02 5.5214398193e+02 5.5223498535e+02 5.5233197021e+02 5.5237200928e+02 5.5244201660e+02 5.5249798584e+02 5.5254998779e+02 5.5261602783e+02 5.5269097900e+02 5.5279797363e+02 5.5286199951e+02 5.5284802246e+02 5.5284698486e+02 5.5284100342e+02 5.5285601807e+02 5.5293499756e+02 5.5309002686e+02 5.5318103027e+02 5.5321899414e+02 5.5321600342e+02 5.5316998291e+02 5.5312097168e+02 5.5308697510e+02 5.5307897949e+02 5.5306097412e+02 5.5304199219e+02 5.5303399658e+02 5.5304101563e+02 5.5303601074e+02 5.5304400635e+02 5.5308398438e+02 5.5315301514e+02 5.5319702148e+02 5.5320098877e+02 5.5321502686e+02 5.5325701904e+02 5.5329998779e+02 5.5334399414e+02 5.5336901855e+02
5.5193798828e+02 5.5191998291e+02 5.5190899658e+02 5.5193402100e+02 5.5195898438e+02 5.5202099609e+02 5.5209301758e+02 5.5214501953e+02 5.5221502686e+02 5.5231799316e+02 5.5239202881e+02 5.5247302246e+02 5.5252001953e+02 5.5256097412e+02 5.5263500977e+02 5.5271997070e+02 5.5284197998e+02 5.5292102051e+02 5.5290502930e+02 5.5284997559e+02 5.5284002686e+02 5.5285400391e+02 5.5289599609e+02 5.5300097656e+02 5.5308697510e+02 5.5315899658e+02 5.5318298340e+02 5.5313897705e+02 5.5308898926e+02 5.5304797363e+02 5.5303399658e+02 5.5302697754e+02 5.5301599121e+02 5.5301300049e+02 5.5302001953e+02 5.5302197266e+02 5.5303399658e+02 5.5306402588e+02 5.5311401367e+02 5.5315600586e+02 5.5318597412e+02 5.5322198486e+02 5.5325701904e+02 5.5326599121e+02 5.5326898193e+02 5.5326599121e+02
5.5197302246e+02 5.5194396973e+02 5.5189898682e+02 5.5189599609e+02 5.5193298340e+02 5.5203698730e+02 5.5214801025e+02 5.5218402100e+02 5.5222601318e+02 5.5231097412e+02 5.5239300537e+02 5.5246899414e+02 5.5251397705e+02 5.5255700684e+02 5.5264099121e+02 5.5273101807e+02 5.5284301758e+02 5.5294897461e+02 5.5297698975e+02 5.5285900879e+02 5.5284600830e+02 5.5285900879e+02 5.5289398193e+02 5.5293798828e+02 5.5298199463e+02 5.5305603027e+02 5.5314801025e+02 5.5313500977e+02 5.5308898926e+02 5.5303302002e+02 5.5299700928e+02 5.5299597168e+02 5.5299499512e+02 5.5300402832e+02 5.5303302002e+02 5.5303601074e+02 5.5305603027e+02 5.5308398438e+02 5.5311700439e+02 5.5316400146e+02 5.5320898438e+02 5.5325097656e+02 5.5327099609e+02 5.5322399902e+02 5.5319000244e+02 5.5317999268e+02
5.5201000977e+02 5.5198297119e+02 5.5188800049e+02 5.5184698486e+02 5.5188201904e+02 5.5200701904e+02 5.5214697266e+02 5.5218701172e+02 5.5221899414e+02 5.5229302979e+02 5.5236102295e+02 5.5241101074e+02 5.5246801758e+02 5.5254101563e+02 5.5264202881e+02 5.5273602295e+02 5.5283898926e+02 5.5293200684e+02 5.5294396973e+02 5.5286798096e+02 5.5286102295e+02 5.5284899902e+02 5.5286700439e+02 5.5290100098e+02 5.5291400146e+02 5.5298400879e+02 5.5310699463e+02 5.5312500000e+02 5.5309802246e+02 5.5304797363e+02 5.5299798584e+02 5.5298400879e+02 5.5298400879e+02 5.5300097656e+02 5.5303900146e+02 5.5306500244e+02 5.5309399414e+02 5.5312799072e+02 5.5315997314e+02 5.5320599365e+02 5.5323602295e+02 5.5326202393e+02 5.5325402832e+02 5.5318298340e+02 5.5315997314e+02 5.5318103027e+02
5.5196697998e+02 5.5195501709e+02 5.5187200928e+02 5.5183599854e+02 5.5185498047e+02 5.5194897461e+02 5.5207501221e+02 5.5213098145e+02 5.5217102051e+02 5.5225402832e+02 5.5234497070e+02 5.5238800049e+02 5.5243597412e+02 5.5251501465e+02 5.5261700439e+02 5.5271899414e+02 5.5282397461e+02 5.5289501953e+02 5.5288800049e+02 5.5285699463e+02 5.5286602783e+02 5.5283697510e+02 5.5281896973e+02 5.5285101318e+02 5.5285498047e+02 5.5290997314e+02 5.5302801514e+02 5.5306402588e+02 5.5306500244e+02 5.5303997803e+02 5.5300000000e+02 5.5297900391e+02 5.5297802734e+02 5.5299298096e+02 5.5303002930e+02 5.5306896973e+02 5.5310601807e+02 5.5314099121e+02 5.5318103027e+02 5.5320697021e+02 5.5321697998e+02 5.5323699951e+02 5.5324700928e+02 5.5321801758e+02 5.5318103027e+02 5.5317199707e+02
5.5187402344e+02 5.5186401367e+02 5.5182397461e+02 5.5182299805e+02 5.5184197998e+02 5.5190399170e+02 5.5200799561e+02 5.5207897949e+02 5.5212298584e+02 5.5220098877e+02 5.5230499268e+02 5.5236602783e+02 5.5241302490e+02 5.5249200439e+02 5.5258898926e+02 5.5268499756e+02 5.5278997803e+02 5.5285400391e+02 5.5284497070e+02 5.5280603027e+02 5.5279400635e+02 5.5276300049e+02 5.5275097656e+02 5.5280200195e+02 5.5281402588e+02 5.5284100342e+02 5.5292199707e+02 5.5298400879e+02 5.5301300049e+02 5.5302099609e+02 5.5300000000e+02 5.5297100830e+02 5.5296600342e+02 5.5297302246e+02 5.5300000000e+02 5.5304101563e+02 5.5308099365e+02 5.5311602783e+02 5.5314202881e+02 5.5314202881e+02 5.5316198730e+02 5.5320800781e+02 5.5326702881e+02 5.5328802490e+02 5.5321398926e+02 5.5314501953e+02
5.5181701660e+02 5.5179998779e+02 5.5178997803e+02 5.5180902100e+02 5.5183197021e+02 5.5188897705e+02 5.5199102783e+02 5.5205902100e+02 5.5208801270e+02 5.5213098145e+02 5.5220697021e+02 5.5230297852e+02 5.5238702393e+02 5.5248498535e+02 5.5260699463e+02 5.5268597412e+02 5.5276300049e+02 5.5281097412e+02 5.5282202148e+02 5.5275500488e+02 5.5270898438e+02 5.5269500732e+02 5.5271600342e+02 5.5277001953e+02 5.5280297852e+02 5.5281896973e+02 5.5284497070e+02 5.5290899658e+02 5.5296899414e+02 5.5301300049e+02 5.5302301025e+02 5.5296398926e+02 5.5294097900e+02 5.5292999268e+02 5.5294396973e+02 5.5298999023e+02 5.5302600098e+02 5.5305499268e+02 5.5306500244e+02 5.5307000732e+02 5.5309899902e+02 5.5313897705e+02 5.5317602539e+02 5.5323797607e+02 5.5315698242e+02 5.5308300781e+02
5.5180603027e+02 5.5179998779e+02 5.5179699707e+02 5.5182501221e+02 5.5184301758e+02 5.5187701416e+02 5.5196099854e+02 5.5201098633e+02 5.5203198242e+02 5.5207800293e+02 5.5216400146e+02 5.5224902344e+02 5.5233801270e+02 5.5246197510e+02 5.5261999512e+02 5.5271002197e+02 5.5276702881e+02 5.5280102539e+02 5.5280603027e+02 5.5275701904e+02 5.5271801758e+02 5.5269598389e+02 5.5268902588e+02 5.5272198486e+02 5.5275701904e+02 5.5278002930e+02 5.5279302979e+02 5.5284497070e+02 5.5292297363e+02 5.5299102783e+02 5.5299902344e+02 5.5294799805e+02 5.5290899658e+02 5.5288299561e+02 5.5289099121e+02 5.5292797852e+02 5.5296502686e+02 5.5299902344e+02 5.5302502441e+02 5.5305902100e+02 5.5309002686e+02 5.5308898926e+02 5.5306402588e+02 5.5307702637e+02 5.5304901123e+02 5.5304699707e+02
5.5182598877e+02 5.5182598877e+02 5.5181201172e+02 5.5183599854e+02 5.5185498047e+02 5.5187097168e+02 5.5192199707e+02 5.5196899414e+02 5.5201397705e+02 5.5209197998e+02 5.5219799805e+02 5.5227502441e+02 5.5233001709e+02 5.5242102051e+02 5.5255902100e+02 5.5264599609e+02 5.5270800781e+02 5.5275402832e+02 5.5276702881e+02 5.5273602295e+02 5.5270599365e+02 5.5267498779e+02 5.5265197754e+02 5.5266900635e+02 5.5269799805e+02 5.5272100830e+02 5.5274298096e+02 5.5278100586e+02 5.5284899902e+02 5.5291802979e+02 5.5294598389e+02 5.5291302490e+02 5.5287597656e+02 5.5284399414e+02 5.5284002686e+02 5.5286602783e+02 5.5290301514e+02 5.5294702148e+02 5.5299597168e+02 5.5305700684e+02 5.5308197021e+02 5.5305999756e+02 5.5302099609e+02 5.5302099609e+02 5.5302697754e+02 5.5304797363e+02
5.5184002686e+02 5.5184802246e+02 5.5182098389e+02 5.5182800293e+02 5.5184997559e+02 5.5186401367e+02 5.5189501953e+02 5.5196002197e+02 5.5203601074e+02 5.5213201904e+02 5.5224102783e+02 5.5231298828e+02 5.5233398438e+02 5.5237902832e+02 5.5248101807e+02 5.5256500244e+02 5.5262799072e+02 5.5266998291e+02 5.5268103027e+02 5.5266998291e+02 5.5265802002e+02 5.5263397217e+02 5.5261901855e+02 5.5263702393e+02 5.5266400146e+02 5.5268499756e+02 5.5270800781e+02 5.5272302246e+02 5.5277197266e+02 5.5283197021e+02 5.5287701416e+02 5.5286901855e+02 5.5283801270e+02 5.5280798340e+02 5.5279498291e+02 5.5280902100e+02 5.5284600830e+02 5.5290100098e+02 5.5296899414e+02 5.5303497314e+02 5.5304498291e+02 5.5302001953e+02 5.5299902344e+02 5.5300897217e+02 5.5302398682e+02 5.5303302002e+02
5.5179302979e+02 5.5181799316e+02 5.5182202148e+02 5.5180401611e+02 5.5183300781e+02 5.5186102295e+02 5.5187500000e+02 5.5195697021e+02 5.5202801514e+02 5.5210400391e+02 5.5218701172e+02 5.5228302002e+02 5.5232397461e+02 5.5236499023e+02 5.5246398926e+02 5.5255700684e+02 5.5260302734e+02 5.5260198975e+02 5.5258599854e+02 5.5260699463e+02 5.5261199951e+02 5.5260498047e+02 5.5259997559e+02 5.5261901855e+02 5.5264801025e+02 5.5266900635e+02 5.5268798828e+02 5.5269201660e+02 5.5271899414e+02 5.5276599121e+02 5.5281597900e+02 5.5281701660e+02 5.5280102539e+02 5.5277502441e+02 5.5276098633e+02 5.5276800537e+02 5.5280200195e+02 5.5285998535e+02 5.5292999268e+02 5.5297998047e+02 5.5298101807e+02 5.5296697998e+02 5.5297601318e+02 5.5298101807e+02 5.5299298096e+02 5.5299401855e+02
5.5168902588e+02 5.5173101807e+02 5.5177697754e+02 5.5180401611e+02 5.5185302734e+02 5.5188800049e+02 5.5188500977e+02 5.5189898682e+02 5.5194299316e+02 5.5201300049e+02 5.5211798096e+02 5.5220202637e+02 5.5227001953e+02 5.5233197021e+02 5.5242102051e+02 5.5254199219e+02 5.5260400391e+02 5.5259899902e+02 5.5257702637e+02 5.5259497070e+02 5.5260101318e+02 5.5259497070e+02 5.5258099365e+02 5.5259100342e+02 5.5262298584e+02 5.5265802002e+02 5.5269500732e+02 5.5269299316e+02 5.5269201660e+02 5.5271801758e+02 5.5275598145e+02 5.5276300049e+02 5.5275500488e+02 5.5273602295e+02 5.5272198486e+02 5.5273199463e+02 5.5277001953e+02 5.5282702637e+02 5.5289398193e+02 5.5292700195e+02 5.5292999268e+02 5.5293103027e+02 5.5295300293e+02 5.5296997070e+02 5.5295898438e+02 5.5294299316e+02
5.5161499023e+02 5.5167498779e+02 5.5175598145e+02 5.5183300781e+02 5.5188397217e+02 5.5190100098e+02 5.5187500000e+02 5.5184197998e+02 5.5187402344e+02 5.5195501709e+02 5.5206097412e+02 5.5212701416e+02 5.5221099854e+02 5.5229302979e+02 5.5236499023e+02 5.5248297119e+02 5.5255297852e+02 5.5255700684e+02 5.5253302002e+02 5.5254998779e+02 5.5256201172e+02 5.5256201172e+02 5.5254998779e+02 5.5255200195e+02 5.5258502197e+02 5.5263397217e+02 5.5269000244e+02 5.5267901611e+02 5.5265698242e+02 5.5266302490e+02 5.5269396973e+02 5.5270599365e+02 5.5270300293e+02 5.5268902588e+02 5.5267700195e+02 5.5268902588e+02 5.5272802734e+02 5.5278497314e+02 5.5284997559e+02 5.5288000488e+02 5.5289001465e+02 5.5290100098e+02 5.5292999268e+02 5.5293298340e+02 5.5290698242e+02 5.5287701416e+02
5.5157397461e+02 5.5165002441e+02 5.5175598145e+02 5.5184497070e+02 5.5188201904e+02 5.5188201904e+02 5.5184698486e+02 5.5178997803e+02 5.5182598877e+02 5.5192700195e+02 5.5201300049e+02 5.5205603027e+02 5.5214398193e+02 5.5223699951e+02 5.5229998779e+02 5.5239898682e+02 5.5245697021e+02 5.5245697021e+02 5.5243701172e+02 5.5246697998e+02 5.5249102783e+02 5.5250402832e+02 5.5250299072e+02 5.5249401855e+02 5.5252001953e+02 5.5257501221e+02 5.5263800049e+02 5.5261999512e+02 5.5259698486e+02 5.5260400391e+02 5.5263800049e+02 5.5265399170e+02 5.5265100098e+02 5.5263702393e+02 5.5262597656e+02 5.5263702393e+02 5.5267199707e+02 5.5272601318e+02 5.5279199219e+02 5.5283197021e+02 5.5285498047e+02 5.5287597656e+02 5.5290301514e+02 5.5288397217e+02 5.5285400391e+02 5.5281597900e+02
