TESTSERVER/3/14.asc
NCOLS 100
NROWS 100
XLLCORNER 7.6497500000e+03
YLLCORNER 2.8925025000e+05
CELLSIZE 5.0000000000e-01
NODATA_VALUE -9.9990000000e+03
[rows 80 to 99 of 100, columns 0 to 45 of 100]
5.4820397949e+02 5.4821301270e+02 5.4824902344e+02 5.4828601074e+02 5.4830902100e+02 5.4835302734e+02 5.4840698242e+02 5.4846600342e+02 5.4852301025e+02 5.4855798340e+02 5.4859600830e+02 5.4864099121e+02 5.4869897461e+02 5.4877899170e+02 5.4885998535e+02 5.4894500732e+02 5.4902001953e+02 5.4911297607e+02 5.4920300293e+02 5.4929199219e+02 5.4937597656e+02 5.4945599365e+02 5.4951300049e+02 5.4955200195e+02 5.4956597900e+02 5.4959698486e+02 5.4964697266e+02 5.4970501709e+02 5.4975299072e+02 5.4977899170e+02 5.4980200195e+02 5.4983099365e+02 5.4986999512e+02 5.4991101074e+02 5.4996002197e+02 5.5000000000e+02 5.5004199219e+02 5.5007098389e+02 5.5010400391e+02 5.5011999512e+02 5.5014697266e+02 5.5016802979e+02 5.5017102051e+02 5.5017401123e+02 5.5019299316e+02 5.5020300293e+02
5.4813897705e+02 5.4814898682e+02 5.4817498779e+02 5.4821502686e+02 5.4825701904e+02 5.4830401611e+02 5.4835797119e+02 5.4841198730e+02 5.4846502686e+02 5.4851098633e+02 5.4855401611e+02 5.4859600830e+02 5.4864697266e+02 5.4871197510e+02 5.4878302002e+02 5.4886102295e+02 5.4893902588e+02 5.4902099609e+02 5.4910699463e+02 5.4919396973e+02 5.4927301025e+02 5.4934197998e+02 5.4939801025e+02 5.4944000244e+02 5.4946301270e+02 5.4949401855e+02 5.4954602051e+02 5.4960198975e+02 5.4965100098e+02 5.4968402100e+02 5.4971398926e+02 5.4974798584e+02 5.4979400635e+02 5.4984002686e+02 5.4988702393e+02 5.4992797852e+02 5.4996697998e+02 5.5000500488e+02 5.5002899170e+02 5.5004302979e+02 5.5007598877e+02 5.5010900879e+02 5.5011499023e+02 5.5012097168e+02 5.5014898682e+02 5.5015502930e+02
5.4808502197e+02 5.4809802246e+02 5.4812701416e+02 5.4817401123e+02 5.4822601318e+02 5.4827301025e+02 5.4832098389e+02 5.4836602783e+02 5.4841101074e+02 5.4846899414e+02 5.4851800537e+02 5.4855700684e+02 5.4860101318e+02 5.4865899658e+02 5.4872302246e+02 5.4879400635e+02 5.4887097168e+02 5.4894799805e+02 5.4902697754e+02 5.4910498047e+02 5.4917901611e+02 5.4924401855e+02 5.4930102539e+02 5.4934497070e+02 5.4937799072e+02 5.4941699219e+02 5.4946997070e+02 5.4952398682e+02 5.4956701660e+02 5.4959899902e+02 5.4963500977e+02 5.4967199707e+02 5.4971697998e+02 5.4976202393e+02 5.4980603027e+02 5.4984497070e+02 5.4988598633e+02 5.4993298340e+02 5.4995501709e+02 5.4996398926e+02 5.4999700928e+02 5.5003198242e+02 5.5004998779e+02 5.5006799316e+02 5.5009399414e+02 5.5010498047e+02
5.4806799316e+02 5.4807501221e+02 5.4810900879e+02 5.4815997314e+02 5.4821301270e+02 5.4825701904e+02 5.4829699707e+02 5.4833502197e+02 5.4837402344e+02 5.4844201660e+02 5.4849499512e+02 5.4853100586e+02 5.4856799316e+02 5.4862298584e+02 5.4867999268e+02 5.4874597168e+02 5.4882000732e+02 5.4889099121e+02 5.4896197510e+02 5.4903302002e+02 5.4909899902e+02 5.4916101074e+02 5.4921899414e+02 5.4926800537e+02 5.4930999756e+02 5.4935797119e+02 5.4940600586e+02 5.4945202637e+02 5.4948797607e+02 5.4952001953e+02 5.4955999756e+02 5.4959802246e+02 5.4964001465e+02 5.4968298340e+02 5.4972601318e+02 5.4976599121e+02 5.4980999756e+02 5.4986499023e+02 5.4988500977e+02 5.4989099121e+02 5.4991601563e+02 5.4994799805e+02 5.4997399902e+02 5.5000097656e+02 5.5002001953e+02 5.5004797363e+02
5.4807000732e+02 5.4808599854e+02 5.4811901855e+02 5.4816601563e+02 5.4821099854e+02 5.4825097656e+02 5.4828997803e+02 5.4832800293e+02 5.4836401367e+02 5.4842797852e+02 5.4848101807e+02 5.4851599121e+02 5.4855499268e+02 5.4860498047e+02 5.4865997314e+02 5.4872198486e+02 5.4878497314e+02 5.4884899902e+02 5.4891497803e+02 5.4898199463e+02 5.4905102539e+02 5.4909802246e+02 5.4915698242e+02 5.4921002197e+02 5.4925897217e+02 5.4929101563e+02 5.4932501221e+02 5.4935998535e+02 5.4940197754e+02 5.4945098877e+02 5.4949401855e+02 5.4952600098e+02 5.4955999756e+02 5.4960302734e+02 5.4964398193e+02 5.4968597412e+02 5.4973699951e+02 5.4978698730e+02 5.4981097412e+02 5.4982598877e+02 5.4985699463e+02 5.4988000488e+02 5.4990399170e+02 5.4993298340e+02 5.4995397949e+02 5.4998699951e+02
5.4808001709e+02 5.4809997559e+02 5.4812597656e+02 5.4816400146e+02 5.4820599365e+02 5.4825201416e+02 5.4829498291e+02 5.4833099365e+02 5.4836297607e+02 5.4842401123e+02 5.4847698975e+02 5.4852301025e+02 5.4857098389e+02 5.4861999512e+02 5.4867102051e+02 5.4872198486e+02 5.4877398682e+02 5.4882897949e+02 5.4889001465e+02 5.4895202637e+02 5.4901702881e+02 5.4906896973e+02 5.4911999512e+02 5.4916699219e+02 5.4921099854e+02 5.4924200439e+02 5.4926397705e+02 5.4929302979e+02 5.4933398438e+02 5.4939599609e+02 5.4943798828e+02 5.4946197510e+02 5.4949401855e+02 5.4953997803e+02 5.4957897949e+02 5.4961401367e+02 5.4965698242e+02 5.4969598389e+02 5.4972497559e+02 5.4975799561e+02 5.4979400635e+02 5.4981799316e+02 5.4983697510e+02 5.4985198975e+02 5.4987097168e+02 5.4992199707e+02
5.4808697510e+02 5.4810797119e+02 5.4813201904e+02 5.4816302490e+02 5.4820300293e+02 5.4824902344e+02 5.4829101563e+02 5.4832702637e+02 5.4836499023e+02 5.4842498779e+02 5.4847900391e+02 5.4852899170e+02 5.4858099365e+02 5.4863598633e+02 5.4868499756e+02 5.4872900391e+02 5.4877301025e+02 5.4882397461e+02 5.4887799072e+02 5.4893402100e+02 5.4899298096e+02 5.4904101563e+02 5.4908300781e+02 5.4912402344e+02 5.4917199707e+02 5.4920599365e+02 5.4922802734e+02 5.4925701904e+02 5.4929602051e+02 5.4934497070e+02 5.4937597656e+02 5.4939697266e+02 5.4943103027e+02 5.4948199463e+02 5.4952001953e+02 5.4955297852e+02 5.4959698486e+02 5.4963201904e+02 5.4966497803e+02 5.4970300293e+02 5.4973297119e+02 5.4975799561e+02 5.4978497314e+02 5.4980102539e+02 5.4980603027e+02 5.4985302734e+02
5.4808898926e+02 5.4811401367e+02 5.4814001465e+02 5.4816998291e+02 5.4820501709e+02 5.4823999023e+02 5.4827801514e+02 5.4831500244e+02 5.4835400391e+02 5.4840502930e+02 5.4845898438e+02 5.4851300049e+02 5.4856896973e+02 5.4863000488e+02 5.4868103027e+02 5.4872497559e+02 5.4877001953e+02 5.4881597900e+02 5.4886199951e+02 5.4891101074e+02 5.4896398926e+02 5.4900701904e+02 5.4904199219e+02 5.4908197021e+02 5.4913500977e+02 5.4917602539e+02 5.4920501709e+02 5.4923400879e+02 5.4926800537e+02 5.4929699707e+02 5.4931799316e+02 5.4934301758e+02 5.4938299561e+02 5.4943200684e+02 5.4946997070e+02 5.4950402832e+02 5.4955102539e+02 5.4958599854e+02 5.4961602783e+02 5.4964801025e+02 5.4966802979e+02 5.4969500732e+02 5.4973297119e+02 5.4975598145e+02 5.4975097656e+02 5.4978497314e+02
5.4808801270e+02 5.4811602783e+02 5.4814599609e+02 5.4818200684e+02 5.4822198486e+02 5.4823797607e+02 5.4827001953e+02 5.4830499268e+02 5.4832897949e+02 5.4836798096e+02 5.4842102051e+02 5.4847998047e+02 5.4853497314e+02 5.4859301758e+02 5.4864501953e+02 5.4869396973e+02 5.4874700928e+02 5.4879400635e+02 5.4883300781e+02 5.4887701416e+02 5.4892999268e+02 5.4896502686e+02 5.4899902344e+02 5.4904302979e+02 5.4909399414e+02 5.4913800049e+02 5.4917700195e+02 5.4921002197e+02 5.4922998047e+02 5.4924798584e+02 5.4927301025e+02 5.4930798340e+02 5.4934100342e+02 5.4938098145e+02 5.4941802979e+02 5.4945300293e+02 5.4949298096e+02 5.4953302002e+02 5.4956402588e+02 5.4958502197e+02 5.4959100342e+02 5.4962597656e+02 5.4966802979e+02 5.4969500732e+02 5.4969396973e+02 5.4971600342e+02
5.4809802246e+02 5.4812200928e+02 5.4815002441e+02 5.4818499756e+02 5.4822302246e+02 5.4824298096e+02 5.4827398682e+02 5.4830603027e+02 5.4832299805e+02 5.4835998535e+02 5.4840399170e+02 5.4845501709e+02 5.4850201416e+02 5.4854998779e+02 5.4859698486e+02 5.4864801025e+02 5.4870300293e+02 5.4875701904e+02 5.4880297852e+02 5.4884698486e+02 5.4889202881e+02 5.4892401123e+02 5.4896502686e+02 5.4901599121e+02 5.4906799316e+02 5.4910498047e+02 5.4914099121e+02 5.4916998291e+02 5.4918597412e+02 5.4921197510e+02 5.4924102783e+02 5.4927502441e+02 5.4930102539e+02 5.4934301758e+02 5.4938000488e+02 5.4940997314e+02 5.4943701172e+02 5.4947198486e+02 5.4950598145e+02 5.4953302002e+02 5.4955297852e+02 5.4958697510e+02 5.4961901855e+02 5.4963397217e+02 5.4964202881e+02 5.4966198730e+02
5.4810601807e+02 5.4813299561e+02 5.4816101074e+02 5.4818902588e+02 5.4821502686e+02 5.4823297119e+02 5.4826599121e+02 5.4829901123e+02 5.4830999756e+02 5.4833801270e+02 5.4837597656e+02 5.4842498779e+02 5.4847497559e+02 5.4851800537e+02 5.4856298828e+02 5.4861602783e+02 5.4867199707e+02 5.4872698975e+02 5.4877197266e+02 5.4881097412e+02 5.4885198975e+02 5.4888500977e+02 5.4892700195e+02 5.4898101807e+02 5.4903302002e+02 5.4907000732e+02 5.4910498047e+02 5.4913500977e+02 5.4914501953e+02 5.4916699219e+02 5.4919299316e+02 5.4922802734e+02 5.4925897217e+02 5.4930499268e+02 5.4934600830e+02 5.4937500000e+02 5.4939599609e+02 5.4942199707e+02 5.4945697021e+02 5.4948297119e+02 5.4950701904e+02 5.4953601074e+02 5.4956597900e+02 5.4958898926e+02 5.4960101318e+02 5.4962097168e+02
5.4809997559e+02 5.4813201904e+02 5.4816302490e+02 5.4818798828e+02 5.4820300293e+02 5.4821801758e+02 5.4825299072e+02 5.4828198242e+02 5.4828399658e+02 5.4830798340e+02 5.4834802246e+02 5.4840301514e+02 5.4845397949e+02 5.4849200439e+02 5.4853601074e+02 5.4859002686e+02 5.4864599609e+02 5.4870202637e+02 5.4874499512e+02 5.4878497314e+02 5.4883697510e+02 5.4886199951e+02 5.4889398193e+02 5.4893902588e+02 5.4898699951e+02 5.4902801514e+02 5.4906701660e+02 5.4910302734e+02 5.4911499023e+02 5.4912701416e+02 5.4915100098e+02 5.4918701172e+02 5.4922497559e+02 5.4926599121e+02 5.4930700684e+02 5.4934002686e+02 5.4935797119e+02 5.4938000488e+02 5.4942297363e+02 5.4945001221e+02 5.4946197510e+02 5.4949401855e+02 5.4953002930e+02 5.4955499268e+02 5.4956701660e+02 5.4958599854e+02
5.4808898926e+02 5.4811102295e+02 5.4814599609e+02 5.4817602539e+02 5.4819897461e+02 5.4821398926e+02 5.4824401855e+02 5.4826599121e+02 5.4826800537e+02 5.4829302979e+02 5.4834301758e+02 5.4839599609e+02 5.4843499756e+02 5.4846697998e+02 5.4850799561e+02 5.4855999756e+02 5.4861999512e+02 5.4868499756e+02 5.4873999023e+02 5.4880102539e+02 5.4887298584e+02 5.4888702393e+02 5.4889202881e+02 5.4891101074e+02 5.4895397949e+02 5.4899298096e+02 5.4902600098e+02 5.4905902100e+02 5.4909002686e+02 5.4911297607e+02 5.4914001465e+02 5.4917401123e+02 5.4920800781e+02 5.4924200439e+02 5.4927600098e+02 5.4930798340e+02 5.4933697510e+02 5.4936297607e+02 5.4940100098e+02 5.4942401123e+02 5.4943902588e+02 5.4947698975e+02 5.4950897217e+02 5.4952697754e+02 5.4953698730e+02 5.4955297852e+02
5.4808001709e+02 5.4811297607e+02 5.4814398193e+02 5.4817199707e+02 5.4819201660e+02 5.4819396973e+02 5.4820800781e+02 5.4822802734e+02 5.4824298096e+02 5.4826800537e+02 5.4830902100e+02 5.4836199951e+02 5.4841699219e+02 5.4846197510e+02 5.4850799561e+02 5.4855999756e+02 5.4862402344e+02 5.4870001221e+02 5.4876300049e+02 5.4883300781e+02 5.4889801025e+02 5.4892401123e+02 5.4892700195e+02 5.4893798828e+02 5.4896697998e+02 5.4900000000e+02 5.4902398682e+02 5.4904797363e+02 5.4908502197e+02 5.4911700439e+02 5.4915100098e+02 5.4918402100e+02 5.4921697998e+02 5.4924700928e+02 5.4927301025e+02 5.4929797363e+02 5.4932098389e+02 5.4934600830e+02 5.4936999512e+02 5.4939001465e+02 5.4940899658e+02 5.4943499756e+02 5.4947100830e+02 5.4950000000e+02 5.4951599121e+02 5.4953100586e+02
5.4806597900e+02 5.4810699463e+02 5.4813299561e+02 5.4815502930e+02 5.4816900635e+02 5.4815997314e+02 5.4816198730e+02 5.4817901611e+02 5.4820599365e+02 5.4823297119e+02 5.4828601074e+02 5.4835900879e+02 5.4843200684e+02 5.4848101807e+02 5.4852001953e+02 5.4856500244e+02 5.4862597656e+02 5.4869299316e+02 5.4874499512e+02 5.4880200195e+02 5.4885699463e+02 5.4889001465e+02 5.4891302490e+02 5.4893798828e+02 5.4897302246e+02 5.4901202393e+02 5.4903698730e+02 5.4905603027e+02 5.4908502197e+02 5.4912402344e+02 5.4916198730e+02 5.4919702148e+02 5.4923101807e+02 5.4925897217e+02 5.4928302002e+02 5.4930603027e+02 5.4932299805e+02 5.4934100342e+02 5.4935900879e+02 5.4937298584e+02 5.4938397217e+02 5.4940002441e+02 5.4943103027e+02 5.4946600342e+02 5.4949798584e+02 5.4952301025e+02
5.4804101563e+02 5.4808099365e+02 5.4810400391e+02 5.4811999512e+02 5.4813201904e+02 5.4812701416e+02 5.4812701416e+02 5.4813897705e+02 5.4816400146e+02 5.4821301270e+02 5.4830200195e+02 5.4839801025e+02 5.4846398926e+02 5.4850201416e+02 5.4853002930e+02 5.4856896973e+02 5.4863098145e+02 5.4868103027e+02 5.4870098877e+02 5.4873297119e+02 5.4877899170e+02 5.4881799316e+02 5.4886199951e+02 5.4890997314e+02 5.4896099854e+02 5.4900402832e+02 5.4903302002e+02 5.4905102539e+02 5.4907800293e+02 5.4912500000e+02 5.4916699219e+02 5.4920300293e+02 5.4923797607e+02 5.4926898193e+02 5.4929602051e+02 5.4932202148e+02 5.4933898926e+02 5.4934497070e+02 5.4935998535e+02 5.4937799072e+02 5.4938702393e+02 5.4940002441e+02 5.4941699219e+02 5.4943902588e+02 5.4947802734e+02 5.4951397705e+02
5.4800000000e+02 5.4803802490e+02 5.4806097412e+02 5.4807501221e+02 5.4808300781e+02 5.4808398438e+02 5.4809301758e+02 5.4810198975e+02 5.4812097168e+02 5.4821899414e+02 5.4834197998e+02 5.4843902588e+02 5.4845697021e+02 5.4848999023e+02 5.4852099609e+02 5.4856896973e+02 5.4865100098e+02 5.4869201660e+02 5.4867401123e+02 5.4867102051e+02 5.4872100830e+02 5.4875897217e+02 5.4881402588e+02 5.4887500000e+02 5.4893597412e+02 5.4897698975e+02 5.4900897217e+02 5.4903198242e+02 5.4907000732e+02 5.4911798096e+02 5.4915802002e+02 5.4919299316e+02 5.4920898438e+02 5.4925701904e+02 5.4930200195e+02 5.4933801270e+02 5.4936499023e+02 5.4935498047e+02 5.4935797119e+02 5.4937701416e+02 5.4938598633e+02 5.4939599609e+02 5.4940197754e+02 5.4941497803e+02 5.4944799805e+02 5.4948699951e+02
5.4797100830e+02 5.4799499512e+02 5.4801800537e+02 5.4803302002e+02 5.4803698730e+02 5.4804498291e+02 5.4806097412e+02 5.4807702637e+02 5.4810601807e+02 5.4821899414e+02 5.4836602783e+02 5.4847698975e+02 5.4849200439e+02 5.4848999023e+02 5.4850598145e+02 5.4855102539e+02 5.4863299561e+02 5.4868103027e+02 5.4865301514e+02 5.4864202881e+02 5.4868902588e+02 5.4873297119e+02 5.4878100586e+02 5.4884497070e+02 5.4891900635e+02 5.4895098877e+02 5.4897900391e+02 5.4900799561e+02 5.4905499268e+02 5.4909802246e+02 5.4913201904e+02 5.4915997314e+02 5.4918200684e+02 5.4922802734e+02 5.4927502441e+02 5.4930401611e+02 5.4931500244e+02 5.4934600830e+02 5.4936901855e+02 5.4937701416e+02 5.4937402344e+02 5.4940100098e+02 5.4941998291e+02 5.4942797852e+02 5.4944201660e+02 5.4946600342e+02
5.4794897461e+02 5.4796697998e+02 5.4799102783e+02 5.4800299072e+02 5.4800000000e+02 5.4800500488e+02 5.4802197266e+02 5.4803802490e+02 5.4808398438e+02 5.4821301270e+02 5.4837402344e+02 5.4849798584e+02 5.4852099609e+02 5.4849798584e+02 5.4849499512e+02 5.4852197266e+02 5.4857202148e+02 5.4860900879e+02 5.4860498047e+02 5.4861602783e+02 5.4866400146e+02 5.4871002197e+02 5.4875201416e+02 5.4881201172e+02 5.4888201904e+02 5.4891802979e+02 5.4895501709e+02 5.4898999023e+02 5.4903302002e+02 5.4906500244e+02 5.4909399414e+02 5.4911999512e+02 5.4914599609e+02 5.4918798828e+02 5.4921997070e+02 5.4923699951e+02 5.4924200439e+02 5.4931097412e+02 5.4935601807e+02 5.4936199951e+02 5.4935601807e+02 5.4940301514e+02 5.4943298340e+02 5.4944201660e+02 5.4945001221e+02 5.4946801758e+02
5.4793402100e+02 5.4795599365e+02 5.4797698975e+02 5.4798199463e+02 5.4796600342e+02 5.4796899414e+02 5.4798999023e+02 5.4800598145e+02 5.4806597900e+02 5.4819598389e+02 5.4834100342e+02 5.4845397949e+02 5.4848498535e+02 5.4846099854e+02 5.4845001221e+02 5.4846197510e+02 5.4848199463e+02 5.4852502441e+02 5.4855798340e+02 5.4859600830e+02 5.4864398193e+02 5.4869201660e+02 5.4873699951e+02 5.4879400635e+02 5.4884802246e+02 5.4888397217e+02 5.4892999268e+02 5.4896899414e+02 5.4900097656e+02 5.4902899170e+02 5.4905603027e+02 5.4908099365e+02 5.4910900879e+02 5.4914202881e+02 5.4916699219e+02 5.4917999268e+02 5.4918298340e+02 5.4925598145e+02 5.4930297852e+02 5.4931201172e+02 5.4932299805e+02 5.4937902832e+02 5.4941400146e+02 5.4942901611e+02 5.4944702148e+02 5.4946801758e+02
