TESTSERVER/3/15.asc
NCOLS 100
NROWS 100
XLLCORNER 7.6497500000e+03
YLLCORNER 2.8920025000e+05
CELLSIZE 5.0000000000e-01
NODATA_VALUE -9.9990000000e+03
[rows 80 to 99 of 100, columns 46 to 91 of 100]
5.4615899658e+02 5.4616302490e+02 5.4619396973e+02 5.4620202637e+02 5.4623602295e+02 5.4628198242e+02 5.4631701660e+02 5.4636499023e+02 5.4641497803e+02 5.4645001221e+02 5.4649200439e+02 5.4652502441e+02 5.4658300781e+02 5.4663000488e+02 5.4665399170e+02 5.4668402100e+02 5.4670800781e+02 5.4673999023e+02 5.4679302979e+02 5.4680700684e+02 5.4683898926e+02 5.4690301514e+02 5.4696099854e+02 5.4704302979e+02 5.4711102295e+02 5.4715399170e+02 5.4719097900e+02 5.4722998047e+02 5.4727197266e+02 5.4733300781e+02 5.4738299561e+02 5.4744500732e+02 5.4749401855e+02 5.4753601074e+02 5.4758801270e+02 5.4763800049e+02 5.4767901611e+02 5.4770800781e+02 5.4772802734e+02 5.4776397705e+02 5.4778900146e+02 5.4783300781e+02 5.4796398926e+02 5.4822399902e+02 5.4835400391e+02 5.4836602783e+02
5.4611602783e+02 5.4612597656e+02 5.4616198730e+02 5.4618103027e+02 5.4622802734e+02 5.4626599121e+02 5.4628302002e+02 5.4632598877e+02 5.4638702393e+02 5.4644799805e+02 5.4648400879e+02 5.4652099609e+02 5.4657000732e+02 5.4661102295e+02 5.4664501953e+02 5.4667999268e+02 5.4669897461e+02 5.4672302246e+02 5.4677099609e+02 5.4680603027e+02 5.4684802246e+02 5.4691101074e+02 5.4696197510e+02 5.4704498291e+02 5.4711401367e+02 5.4715002441e+02 5.4719000244e+02 5.4723199463e+02 5.4728002930e+02 5.4734899902e+02 5.4739599609e+02 5.4745599365e+02 5.4749401855e+02 5.4752502441e+02 5.4758502197e+02 5.4762597656e+02 5.4766400146e+02 5.4769396973e+02 5.4771398926e+02 5.4775402832e+02 5.4778100586e+02 5.4781799316e+02 5.4789801025e+02 5.4808001709e+02 5.4822900391e+02 5.4830999756e+02
5.4610601807e+02 5.4611401367e+02 5.4613500977e+02 5.4615698242e+02 5.4620800781e+02 5.4625402832e+02 5.4627197266e+02 5.4630902100e+02 5.4637402344e+02 5.4644000244e+02 5.4647601318e+02 5.4651397705e+02 5.4656097412e+02 5.4660400391e+02 5.4664099121e+02 5.4667401123e+02 5.4669396973e+02 5.4671899414e+02 5.4676000977e+02 5.4680401611e+02 5.4686199951e+02 5.4692602539e+02 5.4697698975e+02 5.4705902100e+02 5.4711999512e+02 5.4715997314e+02 5.4720001221e+02 5.4722497559e+02 5.4727197266e+02 5.4733502197e+02 5.4738000488e+02 5.4744598389e+02 5.4749102783e+02 5.4751898193e+02 5.4757800293e+02 5.4761901855e+02 5.4765100098e+02 5.4768103027e+02 5.4770300293e+02 5.4774401855e+02 5.4777697754e+02 5.4780603027e+02 5.4785601807e+02 5.4795800781e+02 5.4809197998e+02 5.4822497559e+02
5.4609698486e+02 5.4610699463e+02 5.4612298584e+02 5.4613897705e+02 5.4617498779e+02 5.4622802734e+02 5.4627001953e+02 5.4630798340e+02 5.4635797119e+02 5.4641998291e+02 5.4646997070e+02 5.4650701904e+02 5.4655401611e+02 5.4660101318e+02 5.4664202881e+02 5.4666699219e+02 5.4669097900e+02 5.4671997070e+02 5.4675500488e+02 5.4679302979e+02 5.4685998535e+02 5.4691497803e+02 5.4696801758e+02 5.4704498291e+02 5.4710302734e+02 5.4715899658e+02 5.4720501709e+02 5.4722302246e+02 5.4727502441e+02 5.4732897949e+02 5.4736602783e+02 5.4742199707e+02 5.4747497559e+02 5.4751000977e+02 5.4756298828e+02 5.4760302734e+02 5.4763299561e+02 5.4766802979e+02 5.4769500732e+02 5.4773400879e+02 5.4777099609e+02 5.4779797363e+02 5.4784002686e+02 5.4789398193e+02 5.4799102783e+02 5.4813397217e+02
5.4606597900e+02 5.4608398438e+02 5.4611297607e+02 5.4613201904e+02 5.4616302490e+02 5.4620300293e+02 5.4623999023e+02 5.4628198242e+02 5.4632598877e+02 5.4639801025e+02 5.4647302246e+02 5.4649401855e+02 5.4653802490e+02 5.4659197998e+02 5.4665100098e+02 5.4667199707e+02 5.4669201660e+02 5.4671697998e+02 5.4674798584e+02 5.4680902100e+02 5.4687597656e+02 5.4691802979e+02 5.4695599365e+02 5.4702301025e+02 5.4708697510e+02 5.4715802002e+02 5.4719897461e+02 5.4721600342e+02 5.4726898193e+02 5.4732501221e+02 5.4737097168e+02 5.4740802002e+02 5.4746099854e+02 5.4750799561e+02 5.4755401611e+02 5.4758697510e+02 5.4761999512e+02 5.4766699219e+02 5.4770202637e+02 5.4773602295e+02 5.4776800537e+02 5.4779400635e+02 5.4784002686e+02 5.4787402344e+02 5.4793402100e+02 5.4805297852e+02
5.4602600098e+02 5.4605401611e+02 5.4609802246e+02 5.4612799072e+02 5.4615002441e+02 5.4618701172e+02 5.4622399902e+02 5.4626800537e+02 5.4632202148e+02 5.4638397217e+02 5.4644299316e+02 5.4648199463e+02 5.4652899170e+02 5.4658001709e+02 5.4663201904e+02 5.4665802002e+02 5.4668200684e+02 5.4670501709e+02 5.4672497559e+02 5.4678900146e+02 5.4685601807e+02 5.4690100098e+02 5.4694201660e+02 5.4701397705e+02 5.4708197021e+02 5.4715197754e+02 5.4719500732e+02 5.4721600342e+02 5.4726397705e+02 5.4731298828e+02 5.4735900879e+02 5.4739801025e+02 5.4745697021e+02 5.4751000977e+02 5.4755499268e+02 5.4759100342e+02 5.4762500000e+02 5.4766400146e+02 5.4770098877e+02 5.4773400879e+02 5.4775402832e+02 5.4778002930e+02 5.4782202148e+02 5.4784802246e+02 5.4789898682e+02 5.4799401855e+02
5.4601501465e+02 5.4604498291e+02 5.4607000732e+02 5.4610198975e+02 5.4612701416e+02 5.4617498779e+02 5.4621398926e+02 5.4625701904e+02 5.4631402588e+02 5.4636602783e+02 5.4641900635e+02 5.4647802734e+02 5.4652502441e+02 5.4656298828e+02 5.4660302734e+02 5.4663897705e+02 5.4667102051e+02 5.4669799805e+02 5.4672100830e+02 5.4678002930e+02 5.4684802246e+02 5.4690399170e+02 5.4695202637e+02 5.4702697754e+02 5.4708001709e+02 5.4713201904e+02 5.4717102051e+02 5.4719897461e+02 5.4725299072e+02 5.4730401611e+02 5.4736102295e+02 5.4740399170e+02 5.4745202637e+02 5.4750799561e+02 5.4756298828e+02 5.4759899902e+02 5.4763299561e+02 5.4765502930e+02 5.4768402100e+02 5.4771899414e+02 5.4773901367e+02 5.4777502441e+02 5.4782000732e+02 5.4784600830e+02 5.4789697266e+02 5.4797497559e+02
5.4600402832e+02 5.4603900146e+02 5.4605297852e+02 5.4607702637e+02 5.4610900879e+02 5.4616601563e+02 5.4620300293e+02 5.4624401855e+02 5.4630401611e+02 5.4635998535e+02 5.4641699219e+02 5.4648498535e+02 5.4652502441e+02 5.4654998779e+02 5.4657897949e+02 5.4661999512e+02 5.4665100098e+02 5.4668402100e+02 5.4672399902e+02 5.4678302002e+02 5.4684802246e+02 5.4690997314e+02 5.4697100830e+02 5.4703497314e+02 5.4707000732e+02 5.4711499023e+02 5.4715502930e+02 5.4718902588e+02 5.4725000000e+02 5.4730297852e+02 5.4736499023e+02 5.4740698242e+02 5.4744000244e+02 5.4748797607e+02 5.4755499268e+02 5.4759698486e+02 5.4764001465e+02 5.4765698242e+02 5.4766497803e+02 5.4770599365e+02 5.4773602295e+02 5.4777801514e+02 5.4781298828e+02 5.4784301758e+02 5.4789697266e+02 5.4796301270e+02
5.4597100830e+02 5.4601599121e+02 5.4603802490e+02 5.4606896973e+02 5.4610198975e+02 5.4614001465e+02 5.4617700195e+02 5.4623400879e+02 5.4630297852e+02 5.4636901855e+02 5.4642102051e+02 5.4648498535e+02 5.4651300049e+02 5.4653497314e+02 5.4657501221e+02 5.4661199951e+02 5.4664202881e+02 5.4668103027e+02 5.4673400879e+02 5.4678302002e+02 5.4683801270e+02 5.4690502930e+02 5.4696002197e+02 5.4700799561e+02 5.4703900146e+02 5.4709399414e+02 5.4714898682e+02 5.4719299316e+02 5.4725000000e+02 5.4730200195e+02 5.4736602783e+02 5.4741400146e+02 5.4744799805e+02 5.4747802734e+02 5.4752197266e+02 5.4758599854e+02 5.4763800049e+02 5.4765698242e+02 5.4765002441e+02 5.4769299316e+02 5.4773602295e+02 5.4777001953e+02 5.4777697754e+02 5.4781201172e+02 5.4787200928e+02 5.4792999268e+02
5.4595800781e+02 5.4600000000e+02 5.4602697754e+02 5.4605102539e+02 5.4607800293e+02 5.4610900879e+02 5.4614898682e+02 5.4620098877e+02 5.4627197266e+02 5.4633197021e+02 5.4637500000e+02 5.4643402100e+02 5.4646502686e+02 5.4651098633e+02 5.4657202148e+02 5.4661499023e+02 5.4665502930e+02 5.4669897461e+02 5.4675000000e+02 5.4679699707e+02 5.4685101318e+02 5.4691802979e+02 5.4696600342e+02 5.4699499512e+02 5.4704797363e+02 5.4711901855e+02 5.4716699219e+02 5.4719897461e+02 5.4724700928e+02 5.4730603027e+02 5.4736700439e+02 5.4740802002e+02 5.4744299316e+02 5.4748101807e+02 5.4752001953e+02 5.4755902100e+02 5.4761102295e+02 5.4763598633e+02 5.4763702393e+02 5.4768298340e+02 5.4772698975e+02 5.4775598145e+02 5.4776202393e+02 5.4780700684e+02 5.4786297607e+02 5.4789697266e+02
5.4594201660e+02 5.4598297119e+02 5.4601000977e+02 5.4602600098e+02 5.4604498291e+02 5.4608599854e+02 5.4613500977e+02 5.4619396973e+02 5.4625402832e+02 5.4630102539e+02 5.4634301758e+02 5.4639501953e+02 5.4643597412e+02 5.4649798584e+02 5.4656799316e+02 5.4662500000e+02 5.4667999268e+02 5.4672302246e+02 5.4676501465e+02 5.4681701660e+02 5.4686901855e+02 5.4692999268e+02 5.4698199463e+02 5.4702600098e+02 5.4708099365e+02 5.4713702393e+02 5.4718597412e+02 5.4721502686e+02 5.4725799561e+02 5.4731500244e+02 5.4737097168e+02 5.4740197754e+02 5.4743701172e+02 5.4747900391e+02 5.4751000977e+02 5.4755499268e+02 5.4760498047e+02 5.4763201904e+02 5.4763201904e+02 5.4766497803e+02 5.4771301270e+02 5.4774902344e+02 5.4775500488e+02 5.4781500244e+02 5.4786499023e+02 5.4788897705e+02
5.4592797852e+02 5.4595397949e+02 5.4597497559e+02 5.4600402832e+02 5.4603601074e+02 5.4608599854e+02 5.4612701416e+02 5.4618597412e+02 5.4623999023e+02 5.4628698730e+02 5.4633197021e+02 5.4638897705e+02 5.4644396973e+02 5.4650799561e+02 5.4656097412e+02 5.4663201904e+02 5.4669097900e+02 5.4672698975e+02 5.4677197266e+02 5.4683197021e+02 5.4688800049e+02 5.4694396973e+02 5.4699597168e+02 5.4706097412e+02 5.4710699463e+02 5.4714599609e+02 5.4720300293e+02 5.4723297119e+02 5.4727801514e+02 5.4732800293e+02 5.4737799072e+02 5.4739898682e+02 5.4742901611e+02 5.4746600342e+02 5.4749200439e+02 5.4754302979e+02 5.4758099365e+02 5.4761297607e+02 5.4762597656e+02 5.4764300537e+02 5.4768402100e+02 5.4772802734e+02 5.4774200439e+02 5.4779498291e+02 5.4784600830e+02 5.4788500977e+02
5.4591400146e+02 5.4593701172e+02 5.4596002197e+02 5.4600402832e+02 5.4605102539e+02 5.4609698486e+02 5.4613702393e+02 5.4616802979e+02 5.4622100830e+02 5.4628002930e+02 5.4634197998e+02 5.4639300537e+02 5.4645599365e+02 5.4651098633e+02 5.4655297852e+02 5.4663201904e+02 5.4669598389e+02 5.4674401855e+02 5.4679400635e+02 5.4683697510e+02 5.4690399170e+02 5.4696197510e+02 5.4699499512e+02 5.4706097412e+02 5.4710699463e+02 5.4715899658e+02 5.4723400879e+02 5.4725598145e+02 5.4730102539e+02 5.4734002686e+02 5.4738598633e+02 5.4740698242e+02 5.4743798828e+02 5.4747302246e+02 5.4750000000e+02 5.4754602051e+02 5.4756701660e+02 5.4759698486e+02 5.4762298584e+02 5.4763000488e+02 5.4766699219e+02 5.4771697998e+02 5.4775000000e+02 5.4778002930e+02 5.4782598877e+02 5.4787200928e+02
5.4592297363e+02 5.4597100830e+02 5.4598101807e+02 5.4601202393e+02 5.4605401611e+02 5.4610101318e+02 5.4615502930e+02 5.4618701172e+02 5.4624401855e+02 5.4628302002e+02 5.4634399414e+02 5.4640301514e+02 5.4643499756e+02 5.4648400879e+02 5.4653997803e+02 5.4662902832e+02 5.4668902588e+02 5.4673699951e+02 5.4680102539e+02 5.4683697510e+02 5.4691400146e+02 5.4697900391e+02 5.4701501465e+02 5.4708898926e+02 5.4713800049e+02 5.4718402100e+02 5.4725897217e+02 5.4727697754e+02 5.4730700684e+02 5.4733599854e+02 5.4738299561e+02 5.4741400146e+02 5.4743902588e+02 5.4746697998e+02 5.4748699951e+02 5.4753198242e+02 5.4757299805e+02 5.4760797119e+02 5.4760699463e+02 5.4764099121e+02 5.4769396973e+02 5.4773999023e+02 5.4776098633e+02 5.4778601074e+02 5.4782897949e+02 5.4787402344e+02
5.4592498779e+02 5.4597198486e+02 5.4598199463e+02 5.4601599121e+02 5.4606500244e+02 5.4611602783e+02 5.4616198730e+02 5.4618798828e+02 5.4625299072e+02 5.4629699707e+02 5.4633898926e+02 5.4638702393e+02 5.4641998291e+02 5.4647302246e+02 5.4653198242e+02 5.4660797119e+02 5.4667401123e+02 5.4673797607e+02 5.4681097412e+02 5.4684698486e+02 5.4692401123e+02 5.4698400879e+02 5.4702697754e+02 5.4710400391e+02 5.4715899658e+02 5.4720098877e+02 5.4726098633e+02 5.4727099609e+02 5.4730401611e+02 5.4735302734e+02 5.4739398193e+02 5.4740997314e+02 5.4743597412e+02 5.4747497559e+02 5.4750201416e+02 5.4753900146e+02 5.4756799316e+02 5.4759600830e+02 5.4759100342e+02 5.4764898682e+02 5.4769396973e+02 5.4771801758e+02 5.4774102783e+02 5.4776898193e+02 5.4781500244e+02 5.4786499023e+02
5.4592700195e+02 5.4597698975e+02 5.4599902344e+02 5.4603100586e+02 5.4607598877e+02 5.4612097168e+02 5.4615698242e+02 5.4619201660e+02 5.4625299072e+02 5.4630297852e+02 5.4634698486e+02 5.4638800049e+02 5.4643200684e+02 5.4649102783e+02 5.4654101563e+02 5.4661297607e+02 5.4667797852e+02 5.4674499512e+02 5.4681701660e+02 5.4685601807e+02 5.4693200684e+02 5.4699597168e+02 5.4704101563e+02 5.4710699463e+02 5.4715698242e+02 5.4719897461e+02 5.4724700928e+02 5.4724499512e+02 5.4728198242e+02 5.4734802246e+02 5.4739099121e+02 5.4741699219e+02 5.4744500732e+02 5.4747601318e+02 5.4749401855e+02 5.4753997803e+02 5.4757501221e+02 5.4760198975e+02 5.4758697510e+02 5.4763702393e+02 5.4765899658e+02 5.4766900635e+02 5.4771899414e+02 5.4776599121e+02 5.4782598877e+02 5.4789202881e+02
5.4592901611e+02 5.4598199463e+02 5.4600097656e+02 5.4603601074e+02 5.4605700684e+02 5.4609997559e+02 5.4616699219e+02 5.4620599365e+02 5.4624902344e+02 5.4628302002e+02 5.4632897949e+02 5.4638299561e+02 5.4643597412e+02 5.4650402832e+02 5.4656097412e+02 5.4661798096e+02 5.4667999268e+02 5.4674499512e+02 5.4681500244e+02 5.4686700439e+02 5.4694702148e+02 5.4700799561e+02 5.4703100586e+02 5.4710498047e+02 5.4714300537e+02 5.4718200684e+02 5.4723999023e+02 5.4725500488e+02 5.4728399658e+02 5.4733099365e+02 5.4738702393e+02 5.4740899658e+02 5.4744598389e+02 5.4745202637e+02 5.4745599365e+02 5.4750701904e+02 5.4755297852e+02 5.4757702637e+02 5.4757299805e+02 5.4762200928e+02 5.4765100098e+02 5.4767602539e+02 5.4775299072e+02 5.4778900146e+02 5.4787597656e+02 5.4798699951e+02
5.4591699219e+02 5.4596099854e+02 5.4600201416e+02 5.4604699707e+02 5.4606799316e+02 5.4610400391e+02 5.4617102051e+02 5.4620599365e+02 5.4624499512e+02 5.4627801514e+02 5.4633502197e+02 5.4639300537e+02 5.4644396973e+02 5.4650000000e+02 5.4656298828e+02 5.4662597656e+02 5.4668200684e+02 5.4675097656e+02 5.4681201172e+02 5.4686798096e+02 5.4694500732e+02 5.4698797607e+02 5.4702197266e+02 5.4709002686e+02 5.4713500977e+02 5.4716400146e+02 5.4720599365e+02 5.4724102783e+02 5.4726501465e+02 5.4730297852e+02 5.4734399414e+02 5.4737200928e+02 5.4741900635e+02 5.4743902588e+02 5.4747900391e+02 5.4750299072e+02 5.4753100586e+02 5.4756500244e+02 5.4758801270e+02 5.4762500000e+02 5.4765997314e+02 5.4770202637e+02 5.4774102783e+02 5.4777502441e+02 5.4788897705e+02 5.4803698730e+02
5.4592199707e+02 5.4596301270e+02 5.4601397705e+02 5.4606500244e+02 5.4609197998e+02 5.4611602783e+02 5.4616601563e+02 5.4620898438e+02 5.4625701904e+02 5.4630102539e+02 5.4635400391e+02 5.4640100098e+02 5.4644897461e+02 5.4650500488e+02 5.4657299805e+02 5.4661700439e+02 5.4667102051e+02 5.4674700928e+02 5.4681097412e+02 5.4686499023e+02 5.4692797852e+02 5.4697302246e+02 5.4701202393e+02 5.4706201172e+02 5.4711901855e+02 5.4716900635e+02 5.4720098877e+02 5.4722900391e+02 5.4725799561e+02 5.4729998779e+02 5.4733398438e+02 5.4737097168e+02 5.4740899658e+02 5.4743499756e+02 5.4748699951e+02 5.4750500488e+02 5.4753100586e+02 5.4757000732e+02 5.4759802246e+02 5.4762200928e+02 5.4766302490e+02 5.4771398926e+02 5.4774902344e+02 5.4778802490e+02 5.4787200928e+02 5.4798797607e+02
5.4593902588e+02 5.4598400879e+02 5.4603302002e+02 5.4607501221e+02 5.4609997559e+02 5.4612200928e+02 5.4616302490e+02 5.4620697021e+02 5.4626501465e+02 5.4630902100e+02 5.4634997559e+02 5.4639001465e+02 5.4643798828e+02 5.4650701904e+02 5.4658898926e+02 5.4661199951e+02 5.4666601563e+02 5.4673797607e+02 5.4679797363e+02 5.4685699463e+02 5.4691400146e+02 5.4696099854e+02 5.4699597168e+02 5.4703802490e+02 5.4709497070e+02 5.4715399170e+02 5.4719201660e+02 5.4721197510e+02 5.4724700928e+02 5.4728399658e+02 5.4731402588e+02 5.4736297607e+02 5.4740502930e+02 5.4743402100e+02 5.4746002197e+02 5.4747497559e+02 5.4752001953e+02 5.4756799316e+02 5.4758898926e+02 5.4761901855e+02 5.4766302490e+02 5.4772802734e+02 5.4780700684e+02 5.4784301758e+02 5.4787597656e+02 5.4793200684e+02
