TESTSERVER/3/15.asc
NCOLS 100
NROWS 100
XLLCORNER 7.6497500000e+03
YLLCORNER 2.8920025000e+05
CELLSIZE 5.0000000000e-01
NODATA_VALUE -9.9990000000e+03
[rows 60 to 79 of 100, columns 0 to 45 of 100]
5.4516998291e+02 5.4522100830e+02 5.4527197266e+02 5.4530603027e+02 5.4534600830e+02 5.4538397217e+02 5.4541601563e+02 5.4545599365e+02 5.4552001953e+02 5.4559100342e+02 5.4565600586e+02 5.4571002197e+02 5.4575402832e+02 5.4578302002e+02 5.4583197021e+02 5.4588702393e+02 5.4594598389e+02 5.4600701904e+02 5.4603900146e+02 5.4606500244e+02 5.4608197021e+02 5.4611602783e+02 5.4614801025e+02 5.4617797852e+02 5.4620898438e+02 5.4623699951e+02 5.4624700928e+02 5.4624902344e+02 5.4623797607e+02 5.4626702881e+02 5.4630200195e+02 5.4633697510e+02 5.4637298584e+02 5.4640399170e+02 5.4642602539e+02 5.4646502686e+02 5.4653100586e+02 5.4658300781e+02 5.4662500000e+02 5.4663299561e+02 5.4663500977e+02 5.4666302490e+02 5.4668103027e+02 5.4670800781e+02 5.4672698975e+02 5.4671997070e+02
5.4518597412e+02 5.4525799561e+02 5.4532702637e+02 5.4537402344e+02 5.4539801025e+02 5.4541601563e+02 5.4543798828e+02 5.4547198486e+02 5.4553100586e+02 5.4559997559e+02 5.4565899658e+02 5.4571398926e+02 5.4576300049e+02 5.4581500244e+02 5.4586199951e+02 5.4590502930e+02 5.4595599365e+02 5.4600701904e+02 5.4603698730e+02 5.4606097412e+02 5.4607299805e+02 5.4609301758e+02 5.4611798096e+02 5.4614300537e+02 5.4616497803e+02 5.4618402100e+02 5.4619702148e+02 5.4620501709e+02 5.4621197510e+02 5.4625097656e+02 5.4629199219e+02 5.4632202148e+02 5.4634497070e+02 5.4637799072e+02 5.4640997314e+02 5.4645300293e+02 5.4651098633e+02 5.4655200195e+02 5.4658898926e+02 5.4659997559e+02 5.4660400391e+02 5.4661602783e+02 5.4663201904e+02 5.4666400146e+02 5.4667102051e+02 5.4669396973e+02
5.4520599365e+02 5.4528198242e+02 5.4536499023e+02 5.4541497803e+02 5.4543298340e+02 5.4545202637e+02 5.4547100830e+02 5.4550000000e+02 5.4555499268e+02 5.4561999512e+02 5.4567297363e+02 5.4572399902e+02 5.4577801514e+02 5.4583398438e+02 5.4588098145e+02 5.4592297363e+02 5.4596398926e+02 5.4600299072e+02 5.4603002930e+02 5.4605102539e+02 5.4606201172e+02 5.4607598877e+02 5.4609399414e+02 5.4611199951e+02 5.4612500000e+02 5.4614202881e+02 5.4616198730e+02 5.4617797852e+02 5.4619299316e+02 5.4622900391e+02 5.4626702881e+02 5.4629797363e+02 5.4632098389e+02 5.4635498047e+02 5.4639599609e+02 5.4644097900e+02 5.4648101807e+02 5.4650701904e+02 5.4653497314e+02 5.4655200195e+02 5.4657098389e+02 5.4659100342e+02 5.4661102295e+02 5.4663500977e+02 5.4663702393e+02 5.4668402100e+02
5.4522198486e+02 5.4529699707e+02 5.4538098145e+02 5.4542602539e+02 5.4546002197e+02 5.4549700928e+02 5.4552099609e+02 5.4554901123e+02 5.4559899902e+02 5.4565698242e+02 5.4570202637e+02 5.4574798584e+02 5.4579797363e+02 5.4585302734e+02 5.4589801025e+02 5.4593701172e+02 5.4596899414e+02 5.4599597168e+02 5.4602001953e+02 5.4603802490e+02 5.4605102539e+02 5.4606097412e+02 5.4607202148e+02 5.4608300781e+02 5.4609002686e+02 5.4610797119e+02 5.4613299561e+02 5.4615802002e+02 5.4618298340e+02 5.4621801758e+02 5.4624902344e+02 5.4627899170e+02 5.4630102539e+02 5.4632501221e+02 5.4636102295e+02 5.4640002441e+02 5.4643597412e+02 5.4645800781e+02 5.4648297119e+02 5.4650299072e+02 5.4652197266e+02 5.4655499268e+02 5.4658502197e+02 5.4660400391e+02 5.4660998535e+02 5.4665802002e+02
5.4525201416e+02 5.4532598877e+02 5.4540002441e+02 5.4546197510e+02 5.4552001953e+02 5.4556097412e+02 5.4560198975e+02 5.4563598633e+02 5.4567498779e+02 5.4570697021e+02 5.4574298096e+02 5.4578302002e+02 5.4583197021e+02 5.4587402344e+02 5.4591400146e+02 5.4594897461e+02 5.4597198486e+02 5.4598699951e+02 5.4600402832e+02 5.4602001953e+02 5.4603601074e+02 5.4604498291e+02 5.4604699707e+02 5.4604998779e+02 5.4605297852e+02 5.4608099365e+02 5.4610900879e+02 5.4614202881e+02 5.4617797852e+02 5.4621002197e+02 5.4623901367e+02 5.4626800537e+02 5.4629498291e+02 5.4632501221e+02 5.4634899902e+02 5.4637597656e+02 5.4641601563e+02 5.4644000244e+02 5.4645800781e+02 5.4647698975e+02 5.4648901367e+02 5.4652301025e+02 5.4655999756e+02 5.4657098389e+02 5.4658801270e+02 5.4661401367e+02
5.4529400635e+02 5.4539202881e+02 5.4548797607e+02 5.4557000732e+02 5.4562200928e+02 5.4566302490e+02 5.4569897461e+02 5.4572497559e+02 5.4573699951e+02 5.4575701904e+02 5.4578497314e+02 5.4581597900e+02 5.4585400391e+02 5.4589202881e+02 5.4592401123e+02 5.4595098877e+02 5.4596997070e+02 5.4598101807e+02 5.4599102783e+02 5.4600299072e+02 5.4601800537e+02 5.4602197266e+02 5.4602099609e+02 5.4602197266e+02 5.4603399658e+02 5.4606701660e+02 5.4609802246e+02 5.4613397217e+02 5.4616699219e+02 5.4619396973e+02 5.4622399902e+02 5.4625598145e+02 5.4628002930e+02 5.4632202148e+02 5.4634698486e+02 5.4636401367e+02 5.4639599609e+02 5.4642498779e+02 5.4644598389e+02 5.4646502686e+02 5.4646997070e+02 5.4649200439e+02 5.4653302002e+02 5.4654400635e+02 5.4655700684e+02 5.4659100342e+02
5.4537402344e+02 5.4551300049e+02 5.4562500000e+02 5.4570898438e+02 5.4574102783e+02 5.4575799561e+02 5.4578002930e+02 5.4579400635e+02 5.4579797363e+02 5.4580902100e+02 5.4582702637e+02 5.4584497070e+02 5.4586999512e+02 5.4589697266e+02 5.4592297363e+02 5.4594500732e+02 5.4596301270e+02 5.4596997070e+02 5.4597698975e+02 5.4598699951e+02 5.4600097656e+02 5.4600402832e+02 5.4600500488e+02 5.4600701904e+02 5.4602001953e+02 5.4604901123e+02 5.4608300781e+02 5.4612097168e+02 5.4615197754e+02 5.4617602539e+02 5.4621099854e+02 5.4624298096e+02 5.4626300049e+02 5.4629998779e+02 5.4631298828e+02 5.4631896973e+02 5.4635302734e+02 5.4639599609e+02 5.4641900635e+02 5.4643103027e+02 5.4645001221e+02 5.4647698975e+02 5.4651098633e+02 5.4652899170e+02 5.4653997803e+02 5.4657000732e+02
5.4550598145e+02 5.4566802979e+02 5.4578698730e+02 5.4586199951e+02 5.4585900879e+02 5.4584600830e+02 5.4585302734e+02 5.4585498047e+02 5.4585198975e+02 5.4585699463e+02 5.4586297607e+02 5.4586901855e+02 5.4587701416e+02 5.4589300537e+02 5.4591400146e+02 5.4593298340e+02 5.4595098877e+02 5.4595697021e+02 5.4596301270e+02 5.4597198486e+02 5.4598602295e+02 5.4599200439e+02 5.4599401855e+02 5.4599798584e+02 5.4601000977e+02 5.4603002930e+02 5.4606298828e+02 5.4610198975e+02 5.4613299561e+02 5.4615802002e+02 5.4619396973e+02 5.4622497559e+02 5.4624902344e+02 5.4628002930e+02 5.4628698730e+02 5.4628698730e+02 5.4631896973e+02 5.4636401367e+02 5.4638800049e+02 5.4640502930e+02 5.4644201660e+02 5.4645800781e+02 5.4647497559e+02 5.4650299072e+02 5.4652502441e+02 5.4653900146e+02
5.4568499756e+02 5.4581597900e+02 5.4591302490e+02 5.4596697998e+02 5.4595501709e+02 5.4593402100e+02 5.4592401123e+02 5.4590899658e+02 5.4589898682e+02 5.4590002441e+02 5.4589202881e+02 5.4588201904e+02 5.4586102295e+02 5.4587298584e+02 5.4589202881e+02 5.4591497803e+02 5.4594097900e+02 5.4594201660e+02 5.4594799805e+02 5.4596002197e+02 5.4598101807e+02 5.4598498535e+02 5.4598797607e+02 5.4599401855e+02 5.4601000977e+02 5.4602001953e+02 5.4604901123e+02 5.4609301758e+02 5.4612701416e+02 5.4614898682e+02 5.4617602539e+02 5.4619897461e+02 5.4621899414e+02 5.4625799561e+02 5.4627899170e+02 5.4628802490e+02 5.4630499268e+02 5.4634997559e+02 5.4637500000e+02 5.4639801025e+02 5.4643402100e+02 5.4645800781e+02 5.4646801758e+02 5.4649102783e+02 5.4651000977e+02 5.4652600098e+02
5.4578497314e+02 5.4588098145e+02 5.4595599365e+02 5.4599597168e+02 5.4599902344e+02 5.4599298096e+02 5.4597698975e+02 5.4595300293e+02 5.4593298340e+02 5.4592700195e+02 5.4590899658e+02 5.4589001465e+02 5.4586401367e+02 5.4585998535e+02 5.4587402344e+02 5.4589599609e+02 5.4592102051e+02 5.4592797852e+02 5.4593701172e+02 5.4595300293e+02 5.4596997070e+02 5.4597601318e+02 5.4597998047e+02 5.4598999023e+02 5.4601098633e+02 5.4603997803e+02 5.4606799316e+02 5.4610400391e+02 5.4612500000e+02 5.4614099121e+02 5.4616601563e+02 5.4619097900e+02 5.4621197510e+02 5.4624200439e+02 5.4625000000e+02 5.4626098633e+02 5.4629400635e+02 5.4632501221e+02 5.4635797119e+02 5.4638702393e+02 5.4640399170e+02 5.4641998291e+02 5.4643499756e+02 5.4645697021e+02 5.4648297119e+02 5.4649597168e+02
5.4582897949e+02 5.4590197754e+02 5.4597100830e+02 5.4600701904e+02 5.4600897217e+02 5.4600402832e+02 5.4598999023e+02 5.4596600342e+02 5.4594299316e+02 5.4592999268e+02 5.4590802002e+02 5.4588702393e+02 5.4586602783e+02 5.4585797119e+02 5.4586700439e+02 5.4588299561e+02 5.4590002441e+02 5.4590698242e+02 5.4591900635e+02 5.4593798828e+02 5.4595697021e+02 5.4596600342e+02 5.4597601318e+02 5.4598797607e+02 5.4600897217e+02 5.4604998779e+02 5.4607501221e+02 5.4610400391e+02 5.4613098145e+02 5.4614501953e+02 5.4615997314e+02 5.4617797852e+02 5.4618902588e+02 5.4621502686e+02 5.4622900391e+02 5.4624499512e+02 5.4628302002e+02 5.4630499268e+02 5.4634497070e+02 5.4637799072e+02 5.4639300537e+02 5.4641400146e+02 5.4642199707e+02 5.4642999268e+02 5.4644097900e+02 5.4645697021e+02
5.4580902100e+02 5.4588397217e+02 5.4594702148e+02 5.4598297119e+02 5.4598901367e+02 5.4598699951e+02 5.4597497559e+02 5.4595202637e+02 5.4592901611e+02 5.4590997314e+02 5.4588800049e+02 5.4586999512e+02 5.4585998535e+02 5.4585699463e+02 5.4586199951e+02 5.4587298584e+02 5.4588299561e+02 5.4588897705e+02 5.4590399170e+02 5.4592297363e+02 5.4594201660e+02 5.4595599365e+02 5.4597198486e+02 5.4598699951e+02 5.4600299072e+02 5.4603399658e+02 5.4605902100e+02 5.4609399414e+02 5.4613000488e+02 5.4614898682e+02 5.4615100098e+02 5.4616497803e+02 5.4617401123e+02 5.4620001221e+02 5.4621899414e+02 5.4623400879e+02 5.4626098633e+02 5.4629797363e+02 5.4633300781e+02 5.4636102295e+02 5.4638800049e+02 5.4641101074e+02 5.4640698242e+02 5.4640002441e+02 5.4640802002e+02 5.4642297363e+02
5.4569897461e+02 5.4580499268e+02 5.4586798096e+02 5.4591497803e+02 5.4592401123e+02 5.4593597412e+02 5.4592498779e+02 5.4590399170e+02 5.4587701416e+02 5.4585302734e+02 5.4583599854e+02 5.4583398438e+02 5.4584698486e+02 5.4584802246e+02 5.4584997559e+02 5.4586102295e+02 5.4588098145e+02 5.4588000488e+02 5.4589300537e+02 5.4591198730e+02 5.4592901611e+02 5.4594299316e+02 5.4596697998e+02 5.4598400879e+02 5.4600201416e+02 5.4603399658e+02 5.4606500244e+02 5.4610198975e+02 5.4612402344e+02 5.4613800049e+02 5.4613201904e+02 5.4615197754e+02 5.4618200684e+02 5.4620202637e+02 5.4621398926e+02 5.4622900391e+02 5.4625097656e+02 5.4628997803e+02 5.4631597900e+02 5.4635198975e+02 5.4637902832e+02 5.4638500977e+02 5.4638098145e+02 5.4636401367e+02 5.4636999512e+02 5.4639697266e+02
5.4569702148e+02 5.4575799561e+02 5.4581298828e+02 5.4585498047e+02 5.4588098145e+02 5.4588098145e+02 5.4585998535e+02 5.4583398438e+02 5.4581298828e+02 5.4579797363e+02 5.4580499268e+02 5.4582299805e+02 5.4583502197e+02 5.4583099365e+02 5.4583398438e+02 5.4584802246e+02 5.4587500000e+02 5.4588897705e+02 5.4589801025e+02 5.4591400146e+02 5.4592999268e+02 5.4594201660e+02 5.4597100830e+02 5.4599401855e+02 5.4600201416e+02 5.4602899170e+02 5.4606402588e+02 5.4610198975e+02 5.4612298584e+02 5.4613201904e+02 5.4613000488e+02 5.4615197754e+02 5.4617401123e+02 5.4619500732e+02 5.4620001221e+02 5.4620501709e+02 5.4621801758e+02 5.4625500488e+02 5.4628802490e+02 5.4632501221e+02 5.4632598877e+02 5.4634399414e+02 5.4636102295e+02 5.4636798096e+02 5.4637701416e+02 5.4638299561e+02
5.4570397949e+02 5.4575598145e+02 5.4579998779e+02 5.4583001709e+02 5.4584301758e+02 5.4583502197e+02 5.4580999756e+02 5.4578497314e+02 5.4576898193e+02 5.4578002930e+02 5.4579699707e+02 5.4581597900e+02 5.4582800293e+02 5.4583398438e+02 5.4583898926e+02 5.4584997559e+02 5.4586901855e+02 5.4588897705e+02 5.4590100098e+02 5.4591900635e+02 5.4594201660e+02 5.4595001221e+02 5.4596899414e+02 5.4599102783e+02 5.4600299072e+02 5.4601501465e+02 5.4604699707e+02 5.4608599854e+02 5.4609698486e+02 5.4610699463e+02 5.4611901855e+02 5.4614300537e+02 5.4615802002e+02 5.4618298340e+02 5.4618103027e+02 5.4618499756e+02 5.4621301270e+02 5.4624401855e+02 5.4626300049e+02 5.4629199219e+02 5.4628900146e+02 5.4631402588e+02 5.4633502197e+02 5.4634997559e+02 5.4635198975e+02 5.4634899902e+02
5.4571502686e+02 5.4575897217e+02 5.4579199219e+02 5.4580999756e+02 5.4580902100e+02 5.4579602051e+02 5.4577398682e+02 5.4575402832e+02 5.4575097656e+02 5.4577600098e+02 5.4579199219e+02 5.4580499268e+02 5.4582098389e+02 5.4584197998e+02 5.4585198975e+02 5.4585998535e+02 5.4586901855e+02 5.4588800049e+02 5.4590399170e+02 5.4592602539e+02 5.4595300293e+02 5.4596197510e+02 5.4596997070e+02 5.4598498535e+02 5.4600201416e+02 5.4600897217e+02 5.4603497314e+02 5.4607202148e+02 5.4607702637e+02 5.4609899902e+02 5.4611499023e+02 5.4613800049e+02 5.4615100098e+02 5.4616302490e+02 5.4616699219e+02 5.4619000244e+02 5.4621801758e+02 5.4622601318e+02 5.4623101807e+02 5.4625402832e+02 5.4625097656e+02 5.4628399658e+02 5.4629901123e+02 5.4630401611e+02 5.4631500244e+02 5.4631896973e+02
5.4573699951e+02 5.4575799561e+02 5.4578002930e+02 5.4579101563e+02 5.4576898193e+02 5.4576098633e+02 5.4575701904e+02 5.4574700928e+02 5.4574401855e+02 5.4577801514e+02 5.4578601074e+02 5.4578900146e+02 5.4580999756e+02 5.4583801270e+02 5.4585498047e+02 5.4586999512e+02 5.4589300537e+02 5.4590399170e+02 5.4591802979e+02 5.4593701172e+02 5.4596002197e+02 5.4596997070e+02 5.4597601318e+02 5.4598498535e+02 5.4599200439e+02 5.4601300049e+02 5.4603100586e+02 5.4605297852e+02 5.4604797363e+02 5.4609100342e+02 5.4611102295e+02 5.4613800049e+02 5.4615997314e+02 5.4616497803e+02 5.4617199707e+02 5.4619396973e+02 5.4621697998e+02 5.4621502686e+02 5.4622198486e+02 5.4623400879e+02 5.4625097656e+02 5.4625299072e+02 5.4625701904e+02 5.4626300049e+02 5.4627801514e+02 5.4628997803e+02
5.4573199463e+02 5.4575000000e+02 5.4576397705e+02 5.4577398682e+02 5.4577600098e+02 5.4576397705e+02 5.4574700928e+02 5.4573901367e+02 5.4574902344e+02 5.4577301025e+02 5.4578802490e+02 5.4580102539e+02 5.4582897949e+02 5.4584899902e+02 5.4586700439e+02 5.4588299561e+02 5.4589501953e+02 5.4591101074e+02 5.4593103027e+02 5.4594702148e+02 5.4595800781e+02 5.4596197510e+02 5.4597302246e+02 5.4598901367e+02 5.4599401855e+02 5.4601702881e+02 5.4602398682e+02 5.4604699707e+02 5.4605999756e+02 5.4609100342e+02 5.4609399414e+02 5.4611901855e+02 5.4614099121e+02 5.4616400146e+02 5.4618103027e+02 5.4619201660e+02 5.4620697021e+02 5.4621099854e+02 5.4622302246e+02 5.4622802734e+02 5.4621899414e+02 5.4621697998e+02 5.4621899414e+02 5.4623901367e+02 5.4626702881e+02 5.4626800537e+02
5.4571197510e+02 5.4573101807e+02 5.4574401855e+02 5.4575402832e+02 5.4576501465e+02 5.4574401855e+02 5.4572302246e+02 5.4573297119e+02 5.4575598145e+02 5.4577001953e+02 5.4579302979e+02 5.4581896973e+02 5.4584399414e+02 5.4586102295e+02 5.4587902832e+02 5.4589099121e+02 5.4589001465e+02 5.4590197754e+02 5.4592401123e+02 5.4594598389e+02 5.4595898438e+02 5.4596697998e+02 5.4598297119e+02 5.4599700928e+02 5.4599700928e+02 5.4601599121e+02 5.4601202393e+02 5.4603100586e+02 5.4606298828e+02 5.4609698486e+02 5.4611102295e+02 5.4612902832e+02 5.4613702393e+02 5.4616802979e+02 5.4617602539e+02 5.4617297363e+02 5.4618499756e+02 5.4619201660e+02 5.4619299316e+02 5.4618200684e+02 5.4617199707e+02 5.4617498779e+02 5.4616900635e+02 5.4619097900e+02 5.4622100830e+02 5.4621899414e+02
5.4568402100e+02 5.4570599365e+02 5.4572198486e+02 5.4573199463e+02 5.4572998047e+02 5.4570697021e+02 5.4571099854e+02 5.4573699951e+02 5.4576202393e+02 5.4576800537e+02 5.4579498291e+02 5.4582501221e+02 5.4584497070e+02 5.4585900879e+02 5.4587500000e+02 5.4588702393e+02 5.4589001465e+02 5.4589599609e+02 5.4591802979e+02 5.4594598389e+02 5.4596502686e+02 5.4597399902e+02 5.4598498535e+02 5.4598602295e+02 5.4598400879e+02 5.4600201416e+02 5.4600201416e+02 5.4602398682e+02 5.4606701660e+02 5.4609899902e+02 5.4611102295e+02 5.4612500000e+02 5.4612799072e+02 5.4615600586e+02 5.4615698242e+02 5.4615002441e+02 5.4615197754e+02 5.4615399170e+02 5.4614697266e+02 5.4613299561e+02 5.4611700439e+02 5.4611901855e+02 5.4611401367e+02 5.4614001465e+02 5.4615997314e+02 5.4617498779e+02
