TESTSERVER/3/16.asc
NCOLS 100
NROWS 100
XLLCORNER 7.6497500000e+03
YLLCORNER 2.8915025000e+05
CELLSIZE 5.0000000000e-01
NODATA_VALUE -9.9990000000e+03
[rows 40 to 59 of 100, columns 0 to 45 of 100]
5.4460797119e+02 5.4457897949e+02 5.4459197998e+02 5.4467498779e+02 5.4478601074e+02 5.4488000488e+02 5.4493597412e+02 5.4496899414e+02 5.4499200439e+02 5.4500500488e+02 5.4502001953e+02 5.4503100586e+02 5.4502001953e+02 5.4501702881e+02 5.4502697754e+02 5.4503497314e+02 5.4505102539e+02 5.4507202148e+02 5.4510400391e+02 5.4514501953e+02 5.4516101074e+02 5.4515100098e+02 5.4517297363e+02 5.4517797852e+02 5.4517498779e+02 5.4522900391e+02 5.4525799561e+02 5.4528997803e+02 5.4532800293e+02 5.4538000488e+02 5.4542999268e+02 5.4546502686e+02 5.4550598145e+02 5.4553601074e+02 5.4558898926e+02 5.4565802002e+02 5.4570397949e+02 5.4572198486e+02 5.4573602295e+02 5.4573101807e+02 5.4572399902e+02 5.4570898438e+02 5.4574200439e+02 5.4577099609e+02 5.4580603027e+02 5.4585302734e+02
5.4462902832e+02 5.4461199951e+02 5.4460400391e+02 5.4462298584e+02 5.4465802002e+02 5.4473797607e+02 5.4484100342e+02 5.4492498779e+02 5.4495599365e+02 5.4498901367e+02 5.4499499512e+02 5.4500201416e+02 5.4500897217e+02 5.4500000000e+02 5.4500598145e+02 5.4502099609e+02 5.4506298828e+02 5.4507299805e+02 5.4509997559e+02 5.4512799072e+02 5.4514501953e+02 5.4514697266e+02 5.4517199707e+02 5.4518200684e+02 5.4518103027e+02 5.4520202637e+02 5.4521502686e+02 5.4526300049e+02 5.4531402588e+02 5.4534802246e+02 5.4539599609e+02 5.4544500732e+02 5.4548699951e+02 5.4551599121e+02 5.4556896973e+02 5.4562799072e+02 5.4565100098e+02 5.4566998291e+02 5.4568902588e+02 5.4566900635e+02 5.4568298340e+02 5.4568902588e+02 5.4571899414e+02 5.4574798584e+02 5.4579498291e+02 5.4584899902e+02
5.4463702393e+02 5.4464099121e+02 5.4464202881e+02 5.4462597656e+02 5.4460198975e+02 5.4463201904e+02 5.4472100830e+02 5.4483398438e+02 5.4490399170e+02 5.4495300293e+02 5.4496099854e+02 5.4496997070e+02 5.4498699951e+02 5.4499401855e+02 5.4500799561e+02 5.4502301025e+02 5.4506201172e+02 5.4506597900e+02 5.4509802246e+02 5.4512402344e+02 5.4512799072e+02 5.4513598633e+02 5.4515301514e+02 5.4516400146e+02 5.4516497803e+02 5.4518597412e+02 5.4520397949e+02 5.4525701904e+02 5.4530297852e+02 5.4532501221e+02 5.4536499023e+02 5.4542401123e+02 5.4547100830e+02 5.4550299072e+02 5.4556201172e+02 5.4561297607e+02 5.4563098145e+02 5.4563702393e+02 5.4565002441e+02 5.4564898682e+02 5.4566998291e+02 5.4567797852e+02 5.4571600342e+02 5.4574597168e+02 5.4578997803e+02 5.4583801270e+02
5.4463299561e+02 5.4464501953e+02 5.4465100098e+02 5.4464697266e+02 5.4463000488e+02 5.4462500000e+02 5.4464300537e+02 5.4470098877e+02 5.4479498291e+02 5.4488702393e+02 5.4493597412e+02 5.4496398926e+02 5.4498199463e+02 5.4498797607e+02 5.4500000000e+02 5.4501300049e+02 5.4505798340e+02 5.4505902100e+02 5.4508697510e+02 5.4511102295e+02 5.4510797119e+02 5.4511602783e+02 5.4513800049e+02 5.4516802979e+02 5.4516802979e+02 5.4519500732e+02 5.4522802734e+02 5.4527801514e+02 5.4529901123e+02 5.4531799316e+02 5.4535198975e+02 5.4540899658e+02 5.4545800781e+02 5.4549798584e+02 5.4555999756e+02 5.4560198975e+02 5.4561602783e+02 5.4561700439e+02 5.4562701416e+02 5.4565698242e+02 5.4568103027e+02 5.4568298340e+02 5.4572198486e+02 5.4575299072e+02 5.4579797363e+02 5.4583300781e+02
5.4462298584e+02 5.4465197754e+02 5.4465899658e+02 5.4466802979e+02 5.4467999268e+02 5.4464898682e+02 5.4462200928e+02 5.4462200928e+02 5.4469201660e+02 5.4479699707e+02 5.4487701416e+02 5.4492498779e+02 5.4495800781e+02 5.4496002197e+02 5.4496899414e+02 5.4499298096e+02 5.4504602051e+02 5.4502099609e+02 5.4504699707e+02 5.4507598877e+02 5.4509802246e+02 5.4511999512e+02 5.4513098145e+02 5.4516302490e+02 5.4519097900e+02 5.4518902588e+02 5.4522198486e+02 5.4527502441e+02 5.4528997803e+02 5.4532202148e+02 5.4535900879e+02 5.4540698242e+02 5.4545800781e+02 5.4549200439e+02 5.4554699707e+02 5.4557098389e+02 5.4556597900e+02 5.4559802246e+02 5.4561700439e+02 5.4564599609e+02 5.4567102051e+02 5.4568902588e+02 5.4571997070e+02 5.4576098633e+02 5.4580401611e+02 5.4585302734e+02
5.4462902832e+02 5.4464898682e+02 5.4464501953e+02 5.4464801025e+02 5.4468597412e+02 5.4466802979e+02 5.4463500977e+02 5.4460998535e+02 5.4465301514e+02 5.4472900391e+02 5.4481701660e+02 5.4488000488e+02 5.4489898682e+02 5.4492797852e+02 5.4495202637e+02 5.4497302246e+02 5.4502301025e+02 5.4502801514e+02 5.4505999756e+02 5.4507897949e+02 5.4509301758e+02 5.4510400391e+02 5.4513000488e+02 5.4517102051e+02 5.4518499756e+02 5.4520098877e+02 5.4523199463e+02 5.4527001953e+02 5.4529101563e+02 5.4533300781e+02 5.4536199951e+02 5.4540002441e+02 5.4544799805e+02 5.4549499512e+02 5.4555798340e+02 5.4558300781e+02 5.4558300781e+02 5.4560998535e+02 5.4562597656e+02 5.4563702393e+02 5.4565502930e+02 5.4568402100e+02 5.4571899414e+02 5.4577197266e+02 5.4583099365e+02 5.4591101074e+02
5.4464202881e+02 5.4465301514e+02 5.4465197754e+02 5.4465002441e+02 5.4468402100e+02 5.4468902588e+02 5.4466900635e+02 5.4463201904e+02 5.4464202881e+02 5.4468103027e+02 5.4475402832e+02 5.4482299805e+02 5.4485101318e+02 5.4490301514e+02 5.4493298340e+02 5.4495300293e+02 5.4497998047e+02 5.4499700928e+02 5.4503900146e+02 5.4507501221e+02 5.4509301758e+02 5.4512500000e+02 5.4514501953e+02 5.4518298340e+02 5.4519702148e+02 5.4521002197e+02 5.4523199463e+02 5.4525097656e+02 5.4529602051e+02 5.4535400391e+02 5.4538098145e+02 5.4540698242e+02 5.4544396973e+02 5.4550500488e+02 5.4558599854e+02 5.4563500977e+02 5.4563500977e+02 5.4562799072e+02 5.4563201904e+02 5.4564300537e+02 5.4565502930e+02 5.4566998291e+02 5.4570300293e+02 5.4578900146e+02 5.4589697266e+02 5.4598297119e+02
5.4463000488e+02 5.4464001465e+02 5.4465899658e+02 5.4466601563e+02 5.4468103027e+02 5.4470202637e+02 5.4469000244e+02 5.4464898682e+02 5.4464202881e+02 5.4465502930e+02 5.4469097900e+02 5.4475097656e+02 5.4480401611e+02 5.4486602783e+02 5.4489501953e+02 5.4492901611e+02 5.4496197510e+02 5.4497802734e+02 5.4500299072e+02 5.4505297852e+02 5.4508300781e+02 5.4513598633e+02 5.4514697266e+02 5.4517797852e+02 5.4520300293e+02 5.4519799805e+02 5.4523400879e+02 5.4524597168e+02 5.4529302979e+02 5.4535601807e+02 5.4538000488e+02 5.4540502930e+02 5.4543902588e+02 5.4550000000e+02 5.4559698486e+02 5.4567297363e+02 5.4568597412e+02 5.4564300537e+02 5.4564001465e+02 5.4565899658e+02 5.4566400146e+02 5.4566497803e+02 5.4571002197e+02 5.4582897949e+02 5.4596502686e+02 5.4607000732e+02
5.4463500977e+02 5.4463000488e+02 5.4464801025e+02 5.4467401123e+02 5.4468200684e+02 5.4470397949e+02 5.4470098877e+02 5.4467102051e+02 5.4465399170e+02 5.4466802979e+02 5.4467999268e+02 5.4471899414e+02 5.4477301025e+02 5.4483898926e+02 5.4487200928e+02 5.4489599609e+02 5.4495098877e+02 5.4496997070e+02 5.4499102783e+02 5.4503302002e+02 5.4504901123e+02 5.4510498047e+02 5.4513299561e+02 5.4516998291e+02 5.4520300293e+02 5.4520300293e+02 5.4523400879e+02 5.4525701904e+02 5.4529400635e+02 5.4532702637e+02 5.4534600830e+02 5.4537701416e+02 5.4542401123e+02 5.4548101807e+02 5.4557000732e+02 5.4565600586e+02 5.4568902588e+02 5.4565600586e+02 5.4566497803e+02 5.4568402100e+02 5.4568298340e+02 5.4570098877e+02 5.4578497314e+02 5.4590899658e+02 5.4601702881e+02 5.4613098145e+02
5.4461297607e+02 5.4463500977e+02 5.4464001465e+02 5.4466101074e+02 5.4467102051e+02 5.4467700195e+02 5.4468597412e+02 5.4467700195e+02 5.4464801025e+02 5.4466101074e+02 5.4467498779e+02 5.4471301270e+02 5.4476501465e+02 5.4481298828e+02 5.4486798096e+02 5.4489697266e+02 5.4493200684e+02 5.4495501709e+02 5.4498498535e+02 5.4502099609e+02 5.4503900146e+02 5.4510198975e+02 5.4514697266e+02 5.4517700195e+02 5.4519500732e+02 5.4521997070e+02 5.4524902344e+02 5.4527697754e+02 5.4531201172e+02 5.4534399414e+02 5.4535998535e+02 5.4537799072e+02 5.4541101074e+02 5.4545202637e+02 5.4551800537e+02 5.4559600830e+02 5.4563500977e+02 5.4565301514e+02 5.4567498779e+02 5.4569000244e+02 5.4571801758e+02 5.4579699707e+02 5.4588500977e+02 5.4598999023e+02 5.4607000732e+02 5.4613098145e+02
5.4460797119e+02 5.4463800049e+02 5.4464001465e+02 5.4464501953e+02 5.4465899658e+02 5.4466601563e+02 5.4467498779e+02 5.4467797852e+02 5.4465802002e+02 5.4465301514e+02 5.4466198730e+02 5.4469097900e+02 5.4474700928e+02 5.4478698730e+02 5.4484399414e+02 5.4487597656e+02 5.4490100098e+02 5.4492797852e+02 5.4496899414e+02 5.4500701904e+02 5.4503302002e+02 5.4509301758e+02 5.4513397217e+02 5.4515698242e+02 5.4516400146e+02 5.4519097900e+02 5.4523199463e+02 5.4528100586e+02 5.4532299805e+02 5.4534899902e+02 5.4536499023e+02 5.4538500977e+02 5.4541101074e+02 5.4543103027e+02 5.4548498535e+02 5.4555798340e+02 5.4560198975e+02 5.4564398193e+02 5.4567401123e+02 5.4572399902e+02 5.4581402588e+02 5.4590997314e+02 5.4596697998e+02 5.4604199219e+02 5.4609802246e+02 5.4611199951e+02
5.4460797119e+02 5.4462200928e+02 5.4462799072e+02 5.4464001465e+02 5.4465997314e+02 5.4467297363e+02 5.4467401123e+02 5.4467797852e+02 5.4467999268e+02 5.4465502930e+02 5.4465002441e+02 5.4467297363e+02 5.4472100830e+02 5.4476800537e+02 5.4481799316e+02 5.4484100342e+02 5.4486999512e+02 5.4489599609e+02 5.4494396973e+02 5.4499798584e+02 5.4503302002e+02 5.4508398438e+02 5.4511700439e+02 5.4513702393e+02 5.4514501953e+02 5.4517401123e+02 5.4521197510e+02 5.4526202393e+02 5.4531402588e+02 5.4534301758e+02 5.4537097168e+02 5.4539898682e+02 5.4541601563e+02 5.4542297363e+02 5.4548400879e+02 5.4556298828e+02 5.4560400391e+02 5.4564801025e+02 5.4570397949e+02 5.4579797363e+02 5.4589398193e+02 5.4596099854e+02 5.4599298096e+02 5.4603698730e+02 5.4606597900e+02 5.4607299805e+02
5.4460797119e+02 5.4460101318e+02 5.4462402344e+02 5.4465100098e+02 5.4466400146e+02 5.4467602539e+02 5.4467102051e+02 5.4467297363e+02 5.4469299316e+02 5.4466198730e+02 5.4463500977e+02 5.4466900635e+02 5.4471600342e+02 5.4475000000e+02 5.4479101563e+02 5.4480401611e+02 5.4484399414e+02 5.4490899658e+02 5.4493499756e+02 5.4497302246e+02 5.4501599121e+02 5.4507202148e+02 5.4509802246e+02 5.4511700439e+02 5.4514801025e+02 5.4519897461e+02 5.4521997070e+02 5.4525000000e+02 5.4530401611e+02 5.4534698486e+02 5.4537902832e+02 5.4540002441e+02 5.4539599609e+02 5.4542602539e+02 5.4550500488e+02 5.4557897949e+02 5.4560198975e+02 5.4564501953e+02 5.4573999023e+02 5.4583398438e+02 5.4589697266e+02 5.4595800781e+02 5.4600598145e+02 5.4603497314e+02 5.4604101563e+02 5.4605401611e+02
5.4458697510e+02 5.4460302734e+02 5.4462298584e+02 5.4465197754e+02 5.4465698242e+02 5.4466998291e+02 5.4466998291e+02 5.4467199707e+02 5.4468701172e+02 5.4466497803e+02 5.4463098145e+02 5.4466802979e+02 5.4470697021e+02 5.4471801758e+02 5.4475500488e+02 5.4477801514e+02 5.4482397461e+02 5.4487701416e+02 5.4492199707e+02 5.4496099854e+02 5.4499499512e+02 5.4502801514e+02 5.4504797363e+02 5.4509002686e+02 5.4514202881e+02 5.4519702148e+02 5.4522601318e+02 5.4526000977e+02 5.4531402588e+02 5.4535101318e+02 5.4536798096e+02 5.4537902832e+02 5.4539599609e+02 5.4544201660e+02 5.4550701904e+02 5.4557501221e+02 5.4563201904e+02 5.4570001221e+02 5.4578997803e+02 5.4585797119e+02 5.4594598389e+02 5.4596197510e+02 5.4597302246e+02 5.4599597168e+02 5.4599700928e+02 5.4601898193e+02
5.4455798340e+02 5.4459301758e+02 5.4460498047e+02 5.4464202881e+02 5.4464898682e+02 5.4466400146e+02 5.4466302490e+02 5.4466400146e+02 5.4467797852e+02 5.4466900635e+02 5.4463897705e+02 5.4465100098e+02 5.4466601563e+02 5.4469000244e+02 5.4472998047e+02 5.4475000000e+02 5.4480499268e+02 5.4482397461e+02 5.4487597656e+02 5.4493902588e+02 5.4498400879e+02 5.4500500488e+02 5.4502398682e+02 5.4507397461e+02 5.4513098145e+02 5.4516601563e+02 5.4519897461e+02 5.4524499512e+02 5.4529602051e+02 5.4532897949e+02 5.4535101318e+02 5.4537097168e+02 5.4539202881e+02 5.4543200684e+02 5.4548498535e+02 5.4556597900e+02 5.4567498779e+02 5.4577001953e+02 5.4584802246e+02 5.4589099121e+02 5.4596099854e+02 5.4593499756e+02 5.4593597412e+02 5.4596600342e+02 5.4596697998e+02 5.4598400879e+02
5.4454797363e+02 5.4457397461e+02 5.4456597900e+02 5.4461602783e+02 5.4463800049e+02 5.4465301514e+02 5.4465997314e+02 5.4466198730e+02 5.4466900635e+02 5.4467401123e+02 5.4464501953e+02 5.4463702393e+02 5.4463897705e+02 5.4466601563e+02 5.4469702148e+02 5.4472698975e+02 5.4478198242e+02 5.4478900146e+02 5.4482202148e+02 5.4488800049e+02 5.4494299316e+02 5.4498297119e+02 5.4500897217e+02 5.4504602051e+02 5.4509100342e+02 5.4511798096e+02 5.4515698242e+02 5.4521502686e+02 5.4526501465e+02 5.4529101563e+02 5.4532501221e+02 5.4535998535e+02 5.4538397217e+02 5.4542797852e+02 5.4549102783e+02 5.4557897949e+02 5.4569799805e+02 5.4580499268e+02 5.4588397217e+02 5.4589599609e+02 5.4591400146e+02 5.4590301514e+02 5.4590899658e+02 5.4593499756e+02 5.4594598389e+02 5.4595898438e+02
5.4452099609e+02 5.4454602051e+02 5.4452197266e+02 5.4458300781e+02 5.4463299561e+02 5.4464697266e+02 5.4465197754e+02 5.4464599609e+02 5.4465399170e+02 5.4466400146e+02 5.4463500977e+02 5.4463098145e+02 5.4465002441e+02 5.4467199707e+02 5.4467401123e+02 5.4471099854e+02 5.4477600098e+02 5.4478997803e+02 5.4481298828e+02 5.4485198975e+02 5.4487298584e+02 5.4493499756e+02 5.4497998047e+02 5.4501397705e+02 5.4505999756e+02 5.4507598877e+02 5.4511901855e+02 5.4518499756e+02 5.4523199463e+02 5.4525402832e+02 5.4529101563e+02 5.4533898926e+02 5.4537298584e+02 5.4545300293e+02 5.4553601074e+02 5.4561999512e+02 5.4571997070e+02 5.4582702637e+02 5.4590100098e+02 5.4589202881e+02 5.4588500977e+02 5.4589001465e+02 5.4588897705e+02 5.4589501953e+02 5.4591400146e+02 5.4592498779e+02
5.4451800537e+02 5.4453497314e+02 5.4451501465e+02 5.4457397461e+02 5.4462097168e+02 5.4464099121e+02 5.4464697266e+02 5.4465197754e+02 5.4466198730e+02 5.4465899658e+02 5.4460998535e+02 5.4460498047e+02 5.4463897705e+02 5.4467297363e+02 5.4468701172e+02 5.4469897461e+02 5.4472900391e+02 5.4474298096e+02 5.4476501465e+02 5.4483197021e+02 5.4488397217e+02 5.4490600586e+02 5.4493402100e+02 5.4496502686e+02 5.4501300049e+02 5.4502899170e+02 5.4506896973e+02 5.4514202881e+02 5.4520697021e+02 5.4525201416e+02 5.4528002930e+02 5.4532098389e+02 5.4538098145e+02 5.4548400879e+02 5.4556097412e+02 5.4565997314e+02 5.4578302002e+02 5.4584197998e+02 5.4584899902e+02 5.4584802246e+02 5.4586798096e+02 5.4585302734e+02 5.4585998535e+02 5.4587402344e+02 5.4589398193e+02 5.4590698242e+02
5.4450299072e+02 5.4451000977e+02 5.4450897217e+02 5.4456799316e+02 5.4460101318e+02 5.4462402344e+02 5.4462799072e+02 5.4463098145e+02 5.4463897705e+02 5.4464001465e+02 5.4459802246e+02 5.4459301758e+02 5.4462200928e+02 5.4466101074e+02 5.4469500732e+02 5.4469500732e+02 5.4470202637e+02 5.4472601318e+02 5.4476000977e+02 5.4482000732e+02 5.4484698486e+02 5.4486297607e+02 5.4489599609e+02 5.4493798828e+02 5.4498999023e+02 5.4503002930e+02 5.4506597900e+02 5.4511602783e+02 5.4517297363e+02 5.4523498535e+02 5.4526501465e+02 5.4531402588e+02 5.4542498779e+02 5.4554498291e+02 5.4562097168e+02 5.4571997070e+02 5.4581701660e+02 5.4583300781e+02 5.4581799316e+02 5.4581201172e+02 5.4582299805e+02 5.4582098389e+02 5.4582800293e+02 5.4584100342e+02 5.4587200928e+02 5.4588201904e+02
5.4448999023e+02 5.4448901367e+02 5.4450201416e+02 5.4455297852e+02 5.4458502197e+02 5.4461297607e+02 5.4461199951e+02 5.4459997559e+02 5.4460498047e+02 5.4460400391e+02 5.4458099365e+02 5.4459600830e+02 5.4461401367e+02 5.4463800049e+02 5.4466497803e+02 5.4467401123e+02 5.4469097900e+02 5.4471997070e+02 5.4475598145e+02 5.4479998779e+02 5.4479199219e+02 5.4484698486e+02 5.4488800049e+02 5.4493103027e+02 5.4498101807e+02 5.4502301025e+02 5.4504998779e+02 5.4508697510e+02 5.4514398193e+02 5.4521099854e+02 5.4526000977e+02 5.4532397461e+02 5.4543499756e+02 5.4556402588e+02 5.4567199707e+02 5.4575598145e+02 5.4578802490e+02 5.4579602051e+02 5.4579901123e+02 5.4579797363e+02 5.4579400635e+02 5.4580603027e+02 5.4580700684e+02 5.4581097412e+02 5.4583697510e+02 5.4583599854e+02
