TESTSERVER/3/16.asc
NCOLS 100
NROWS 100
XLLCORNER 7.6497500000e+03
YLLCORNER 2.8915025000e+05
CELLSIZE 5.0000000000e-01
NODATA_VALUE -9.9990000000e+03
[rows 0 to 19 of 100, columns 46 to 91 of 100]
5.4596301270e+02 5.4600299072e+02 5.4603802490e+02 5.4607299805e+02 5.4611102295e+02 5.4615002441e+02 5.4620098877e+02 5.4624298096e+02 5.4628302002e+02 5.4630401611e+02 5.4633599854e+02 5.4637097168e+02 5.4641900635e+02 5.4649102783e+02 5.4656896973e+02 5.4663098145e+02 5.4668298340e+02 5.4673602295e+02 5.4678399658e+02 5.4683502197e+02 5.4689300537e+02 5.4694097900e+02 5.4698999023e+02 5.4703198242e+02 5.4705999756e+02 5.4710900879e+02 5.4717199707e+02 5.4719799805e+02 5.4723699951e+02 5.4725799561e+02 5.4728100586e+02 5.4733300781e+02 5.4739398193e+02 5.4743701172e+02 5.4744897461e+02 5.4746697998e+02 5.4750799561e+02 5.4754498291e+02 5.4757098389e+02 5.4761798096e+02 5.4767401123e+02 5.4776599121e+02 5.4788702393e+02 5.4790502930e+02 5.4790997314e+02 5.4792797852e+02
5.4597302246e+02 5.4599798584e+02 5.4603802490e+02 5.4608099365e+02 5.4612402344e+02 5.4616802979e+02 5.4621197510e+02 5.4624798584e+02 5.4628497314e+02 5.4631201172e+02 5.4635498047e+02 5.4639501953e+02 5.4643798828e+02 5.4648999023e+02 5.4655499268e+02 5.4662597656e+02 5.4668798828e+02 5.4673901367e+02 5.4677697754e+02 5.4681298828e+02 5.4686700439e+02 5.4691601563e+02 5.4696099854e+02 5.4700799561e+02 5.4703601074e+02 5.4708398438e+02 5.4715002441e+02 5.4718902588e+02 5.4722302246e+02 5.4725897217e+02 5.4729797363e+02 5.4734802246e+02 5.4737902832e+02 5.4740301514e+02 5.4742602539e+02 5.4745098877e+02 5.4748797607e+02 5.4753198242e+02 5.4755798340e+02 5.4762701416e+02 5.4770898438e+02 5.4779797363e+02 5.4786999512e+02 5.4787200928e+02 5.4788098145e+02 5.4790502930e+02
5.4598999023e+02 5.4602099609e+02 5.4605297852e+02 5.4609600830e+02 5.4613098145e+02 5.4615899658e+02 5.4620300293e+02 5.4625500488e+02 5.4630200195e+02 5.4633502197e+02 5.4637701416e+02 5.4642498779e+02 5.4647198486e+02 5.4652197266e+02 5.4658300781e+02 5.4665600586e+02 5.4672497559e+02 5.4677001953e+02 5.4679199219e+02 5.4683001709e+02 5.4687097168e+02 5.4690600586e+02 5.4693701172e+02 5.4699700928e+02 5.4703802490e+02 5.4707897949e+02 5.4712200928e+02 5.4716101074e+02 5.4720202637e+02 5.4725701904e+02 5.4729400635e+02 5.4732397461e+02 5.4735498047e+02 5.4738201904e+02 5.4740600586e+02 5.4743902588e+02 5.4747198486e+02 5.4751501465e+02 5.4755603027e+02 5.4764300537e+02 5.4770898438e+02 5.4776397705e+02 5.4780401611e+02 5.4781201172e+02 5.4783898926e+02 5.4786999512e+02
5.4602899170e+02 5.4606799316e+02 5.4608599854e+02 5.4612500000e+02 5.4614898682e+02 5.4616101074e+02 5.4621002197e+02 5.4626898193e+02 5.4632702637e+02 5.4637097168e+02 5.4640399170e+02 5.4646002197e+02 5.4651599121e+02 5.4656799316e+02 5.4662200928e+02 5.4668402100e+02 5.4675201416e+02 5.4679699707e+02 5.4681298828e+02 5.4684497070e+02 5.4687597656e+02 5.4690399170e+02 5.4692401123e+02 5.4697698975e+02 5.4702801514e+02 5.4706701660e+02 5.4709899902e+02 5.4713500977e+02 5.4718597412e+02 5.4725299072e+02 5.4728002930e+02 5.4728698730e+02 5.4732202148e+02 5.4736102295e+02 5.4739202881e+02 5.4742999268e+02 5.4744799805e+02 5.4748602295e+02 5.4756799316e+02 5.4765802002e+02 5.4768200684e+02 5.4771197510e+02 5.4776898193e+02 5.4779101563e+02 5.4782098389e+02 5.4784600830e+02
5.4605401611e+02 5.4609301758e+02 5.4611297607e+02 5.4616497803e+02 5.4618701172e+02 5.4620898438e+02 5.4625799561e+02 5.4630102539e+02 5.4635998535e+02 5.4640899658e+02 5.4644000244e+02 5.4650299072e+02 5.4656500244e+02 5.4661602783e+02 5.4665600586e+02 5.4672100830e+02 5.4677801514e+02 5.4682000732e+02 5.4684497070e+02 5.4685302734e+02 5.4687200928e+02 5.4690100098e+02 5.4692901611e+02 5.4696697998e+02 5.4701800537e+02 5.4705603027e+02 5.4709497070e+02 5.4712902832e+02 5.4717498779e+02 5.4723498535e+02 5.4727001953e+02 5.4727301025e+02 5.4730102539e+02 5.4734100342e+02 5.4736602783e+02 5.4739898682e+02 5.4741302490e+02 5.4746899414e+02 5.4757702637e+02 5.4762597656e+02 5.4764300537e+02 5.4769598389e+02 5.4775598145e+02 5.4777099609e+02 5.4779400635e+02 5.4781298828e+02
5.4606402588e+02 5.4611999512e+02 5.4615802002e+02 5.4619396973e+02 5.4621899414e+02 5.4624902344e+02 5.4629400635e+02 5.4633801270e+02 5.4639501953e+02 5.4645697021e+02 5.4649798584e+02 5.4655401611e+02 5.4660900879e+02 5.4665997314e+02 5.4672198486e+02 5.4678399658e+02 5.4683599854e+02 5.4687200928e+02 5.4689202881e+02 5.4688897705e+02 5.4690502930e+02 5.4694000244e+02 5.4695800781e+02 5.4697601318e+02 5.4702099609e+02 5.4706701660e+02 5.4709997559e+02 5.4713000488e+02 5.4717102051e+02 5.4722100830e+02 5.4724102783e+02 5.4726300049e+02 5.4729302979e+02 5.4731896973e+02 5.4733801270e+02 5.4737298584e+02 5.4742602539e+02 5.4753100586e+02 5.4756701660e+02 5.4755902100e+02 5.4764300537e+02 5.4772802734e+02 5.4774597168e+02 5.4775000000e+02 5.4777099609e+02 5.4778601074e+02
5.4611297607e+02 5.4615600586e+02 5.4619598389e+02 5.4622601318e+02 5.4625097656e+02 5.4628399658e+02 5.4633001709e+02 5.4636999512e+02 5.4642797852e+02 5.4649401855e+02 5.4653802490e+02 5.4658898926e+02 5.4663897705e+02 5.4669201660e+02 5.4676397705e+02 5.4682800293e+02 5.4689202881e+02 5.4693902588e+02 5.4695898438e+02 5.4694396973e+02 5.4693902588e+02 5.4696301270e+02 5.4698999023e+02 5.4701202393e+02 5.4704901123e+02 5.4709802246e+02 5.4712701416e+02 5.4714398193e+02 5.4716699219e+02 5.4719500732e+02 5.4720697021e+02 5.4723498535e+02 5.4725598145e+02 5.4727600098e+02 5.4730902100e+02 5.4736798096e+02 5.4743597412e+02 5.4752301025e+02 5.4755902100e+02 5.4760900879e+02 5.4768402100e+02 5.4771997070e+02 5.4770397949e+02 5.4772399902e+02 5.4774902344e+02 5.4776397705e+02
5.4616900635e+02 5.4620202637e+02 5.4623400879e+02 5.4625402832e+02 5.4627099609e+02 5.4630798340e+02 5.4636401367e+02 5.4639398193e+02 5.4645098877e+02 5.4651501465e+02 5.4655401611e+02 5.4660101318e+02 5.4665301514e+02 5.4671002197e+02 5.4678399658e+02 5.4684899902e+02 5.4692999268e+02 5.4700799561e+02 5.4704901123e+02 5.4703399658e+02 5.4700500488e+02 5.4699902344e+02 5.4701300049e+02 5.4703698730e+02 5.4708001709e+02 5.4714099121e+02 5.4716802979e+02 5.4716497803e+02 5.4716998291e+02 5.4718298340e+02 5.4718103027e+02 5.4720202637e+02 5.4721600342e+02 5.4724798584e+02 5.4733197021e+02 5.4739697266e+02 5.4743298340e+02 5.4749902344e+02 5.4758599854e+02 5.4766802979e+02 5.4768200684e+02 5.4767199707e+02 5.4765997314e+02 5.4769201660e+02 5.4772601318e+02 5.4774298096e+02
5.4624200439e+02 5.4627697754e+02 5.4632800293e+02 5.4631298828e+02 5.4631597900e+02 5.4635101318e+02 5.4637799072e+02 5.4642401123e+02 5.4648297119e+02 5.4654602051e+02 5.4659301758e+02 5.4662298584e+02 5.4666802979e+02 5.4671899414e+02 5.4679101563e+02 5.4685302734e+02 5.4692999268e+02 5.4702697754e+02 5.4712402344e+02 5.4712200928e+02 5.4707800293e+02 5.4703198242e+02 5.4701300049e+02 5.4703802490e+02 5.4710302734e+02 5.4717999268e+02 5.4719799805e+02 5.4715698242e+02 5.4716101074e+02 5.4717700195e+02 5.4718200684e+02 5.4717797852e+02 5.4719897461e+02 5.4727001953e+02 5.4740600586e+02 5.4743798828e+02 5.4746099854e+02 5.4755603027e+02 5.4764202881e+02 5.4763598633e+02 5.4762597656e+02 5.4763397217e+02 5.4764599609e+02 5.4765997314e+02 5.4769897461e+02 5.4771801758e+02
5.4633599854e+02 5.4637097168e+02 5.4639300537e+02 5.4638000488e+02 5.4637597656e+02 5.4640002441e+02 5.4641601563e+02 5.4645898438e+02 5.4651898193e+02 5.4656799316e+02 5.4661102295e+02 5.4664599609e+02 5.4668701172e+02 5.4672302246e+02 5.4678002930e+02 5.4684100342e+02 5.4690997314e+02 5.4699597168e+02 5.4710198975e+02 5.4712200928e+02 5.4706500244e+02 5.4699798584e+02 5.4698297119e+02 5.4703198242e+02 5.4709497070e+02 5.4714898682e+02 5.4715502930e+02 5.4712500000e+02 5.4712902832e+02 5.4713800049e+02 5.4713800049e+02 5.4714801025e+02 5.4722302246e+02 5.4734802246e+02 5.4742901611e+02 5.4747900391e+02 5.4753497314e+02 5.4758697510e+02 5.4760601807e+02 5.4759802246e+02 5.4760498047e+02 5.4762500000e+02 5.4762200928e+02 5.4762097168e+02 5.4765899658e+02 5.4768298340e+02
5.4640899658e+02 5.4645098877e+02 5.4647302246e+02 5.4645501709e+02 5.4642602539e+02 5.4643597412e+02 5.4645599365e+02 5.4649597168e+02 5.4656701660e+02 5.4661602783e+02 5.4663702393e+02 5.4667700195e+02 5.4671801758e+02 5.4674200439e+02 5.4678601074e+02 5.4684301758e+02 5.4690100098e+02 5.4696398926e+02 5.4703900146e+02 5.4705999756e+02 5.4701000977e+02 5.4695697021e+02 5.4695898438e+02 5.4701202393e+02 5.4705603027e+02 5.4708300781e+02 5.4708697510e+02 5.4708001709e+02 5.4709997559e+02 5.4711297607e+02 5.4711499023e+02 5.4714599609e+02 5.4722302246e+02 5.4732397461e+02 5.4739202881e+02 5.4751000977e+02 5.4758197021e+02 5.4759197998e+02 5.4758898926e+02 5.4758502197e+02 5.4759100342e+02 5.4760302734e+02 5.4759301758e+02 5.4759802246e+02 5.4763598633e+02 5.4766101074e+02
5.4645202637e+02 5.4652600098e+02 5.4658801270e+02 5.4656597900e+02 5.4648699951e+02 5.4647601318e+02 5.4650299072e+02 5.4653900146e+02 5.4661102295e+02 5.4666497803e+02 5.4667797852e+02 5.4672497559e+02 5.4675799561e+02 5.4677301025e+02 5.4680499268e+02 5.4684600830e+02 5.4689001465e+02 5.4692999268e+02 5.4696899414e+02 5.4698699951e+02 5.4696197510e+02 5.4694000244e+02 5.4696398926e+02 5.4700500488e+02 5.4702801514e+02 5.4703802490e+02 5.4705401611e+02 5.4705603027e+02 5.4707702637e+02 5.4709301758e+02 5.4711602783e+02 5.4717700195e+02 5.4721301270e+02 5.4727899170e+02 5.4740197754e+02 5.4751501465e+02 5.4755700684e+02 5.4755902100e+02 5.4755902100e+02 5.4756402588e+02 5.4757299805e+02 5.4758502197e+02 5.4757702637e+02 5.4759002686e+02 5.4762402344e+02 5.4764501953e+02
5.4647900391e+02 5.4662500000e+02 5.4677099609e+02 5.4671801758e+02 5.4657397461e+02 5.4651898193e+02 5.4655297852e+02 5.4657800293e+02 5.4662597656e+02 5.4667401123e+02 5.4671301270e+02 5.4676501465e+02 5.4678002930e+02 5.4678698730e+02 5.4681201172e+02 5.4683898926e+02 5.4687200928e+02 5.4690502930e+02 5.4693798828e+02 5.4694201660e+02 5.4693902588e+02 5.4694396973e+02 5.4696899414e+02 5.4699597168e+02 5.4700799561e+02 5.4701599121e+02 5.4704199219e+02 5.4704797363e+02 5.4705102539e+02 5.4707299805e+02 5.4715100098e+02 5.4721502686e+02 5.4724798584e+02 5.4734600830e+02 5.4747698975e+02 5.4749298096e+02 5.4750500488e+02 5.4752697754e+02 5.4752301025e+02 5.4752502441e+02 5.4754199219e+02 5.4754602051e+02 5.4755401611e+02 5.4758300781e+02 5.4760198975e+02 5.4760998535e+02
5.4650299072e+02 5.4667999268e+02 5.4679302979e+02 5.4674597168e+02 5.4661602783e+02 5.4656298828e+02 5.4658599854e+02 5.4660601807e+02 5.4665301514e+02 5.4669396973e+02 5.4672302246e+02 5.4676300049e+02 5.4677899170e+02 5.4678601074e+02 5.4680902100e+02 5.4682702637e+02 5.4685797119e+02 5.4688500977e+02 5.4690600586e+02 5.4691198730e+02 5.4691101074e+02 5.4691900635e+02 5.4694702148e+02 5.4697601318e+02 5.4699102783e+02 5.4700000000e+02 5.4702502441e+02 5.4702899170e+02 5.4703802490e+02 5.4707202148e+02 5.4714801025e+02 5.4722698975e+02 5.4733502197e+02 5.4745501709e+02 5.4747601318e+02 5.4746997070e+02 5.4747900391e+02 5.4749499512e+02 5.4750598145e+02 5.4751397705e+02 5.4752801514e+02 5.4752197266e+02 5.4753997803e+02 5.4755999756e+02 5.4756201172e+02 5.4756298828e+02
5.4647100830e+02 5.4659002686e+02 5.4666400146e+02 5.4663598633e+02 5.4657000732e+02 5.4656097412e+02 5.4659497070e+02 5.4662200928e+02 5.4666699219e+02 5.4669201660e+02 5.4671801758e+02 5.4676202393e+02 5.4678601074e+02 5.4679901123e+02 5.4682000732e+02 5.4683300781e+02 5.4685699463e+02 5.4687500000e+02 5.4688397217e+02 5.4689099121e+02 5.4689099121e+02 5.4689697266e+02 5.4691601563e+02 5.4694000244e+02 5.4695898438e+02 5.4697100830e+02 5.4699499512e+02 5.4700897217e+02 5.4703100586e+02 5.4706201172e+02 5.4712402344e+02 5.4725097656e+02 5.4738098145e+02 5.4745599365e+02 5.4744396973e+02 5.4746197510e+02 5.4746899414e+02 5.4746997070e+02 5.4747601318e+02 5.4749200439e+02 5.4751501465e+02 5.4751599121e+02 5.4752502441e+02 5.4753601074e+02 5.4753497314e+02 5.4753497314e+02
5.4640802002e+02 5.4646502686e+02 5.4652099609e+02 5.4654199219e+02 5.4653900146e+02 5.4656201172e+02 5.4660198975e+02 5.4663299561e+02 5.4667297363e+02 5.4668298340e+02 5.4671002197e+02 5.4676599121e+02 5.4679302979e+02 5.4680297852e+02 5.4681701660e+02 5.4682202148e+02 5.4683898926e+02 5.4685302734e+02 5.4685998535e+02 5.4686901855e+02 5.4686999512e+02 5.4687500000e+02 5.4688598633e+02 5.4690899658e+02 5.4693103027e+02 5.4695202637e+02 5.4697802734e+02 5.4699499512e+02 5.4703002930e+02 5.4708001709e+02 5.4717401123e+02 5.4732202148e+02 5.4739300537e+02 5.4741302490e+02 5.4740698242e+02 5.4742999268e+02 5.4744799805e+02 5.4744897461e+02 5.4744500732e+02 5.4746099854e+02 5.4747900391e+02 5.4748797607e+02 5.4750201416e+02 5.4750897217e+02 5.4750402832e+02 5.4750598145e+02
5.4640100098e+02 5.4644000244e+02 5.4649597168e+02 5.4652899170e+02 5.4654199219e+02 5.4655999756e+02 5.4660302734e+02 5.4663598633e+02 5.4668200684e+02 5.4669500732e+02 5.4670800781e+02 5.4676000977e+02 5.4677899170e+02 5.4677502441e+02 5.4678100586e+02 5.4678497314e+02 5.4679498291e+02 5.4680999756e+02 5.4682800293e+02 5.4683898926e+02 5.4684399414e+02 5.4684899902e+02 5.4686102295e+02 5.4688201904e+02 5.4690399170e+02 5.4694702148e+02 5.4701898193e+02 5.4700799561e+02 5.4704901123e+02 5.4717199707e+02 5.4732397461e+02 5.4736297607e+02 5.4736999512e+02 5.4737597656e+02 5.4737298584e+02 5.4740502930e+02 5.4742199707e+02 5.4742602539e+02 5.4742498779e+02 5.4743402100e+02 5.4742700195e+02 5.4743402100e+02 5.4746997070e+02 5.4748400879e+02 5.4747302246e+02 5.4747698975e+02
5.4640802002e+02 5.4645098877e+02 5.4648602295e+02 5.4649902344e+02 5.4651702881e+02 5.4653802490e+02 5.4658300781e+02 5.4662500000e+02 5.4667700195e+02 5.4668200684e+02 5.4668402100e+02 5.4673999023e+02 5.4677099609e+02 5.4677001953e+02 5.4676300049e+02 5.4676702881e+02 5.4678002930e+02 5.4678399658e+02 5.4679302979e+02 5.4681097412e+02 5.4681201172e+02 5.4681896973e+02 5.4685302734e+02 5.4686999512e+02 5.4689898682e+02 5.4696502686e+02 5.4704199219e+02 5.4707000732e+02 5.4715399170e+02 5.4728302002e+02 5.4732897949e+02 5.4733502197e+02 5.4734497070e+02 5.4734899902e+02 5.4735302734e+02 5.4737200928e+02 5.4739099121e+02 5.4739697266e+02 5.4738598633e+02 5.4739501953e+02 5.4740100098e+02 5.4741497803e+02 5.4743298340e+02 5.4743701172e+02 5.4744702148e+02 5.4746398926e+02
5.4639202881e+02 5.4644598389e+02 5.4648699951e+02 5.4649902344e+02 5.4650799561e+02 5.4652301025e+02 5.4656896973e+02 5.4661700439e+02 5.4666198730e+02 5.4665600586e+02 5.4666699219e+02 5.4670800781e+02 5.4674401855e+02 5.4675299072e+02 5.4673797607e+02 5.4673297119e+02 5.4674499512e+02 5.4674798584e+02 5.4675201416e+02 5.4677801514e+02 5.4678698730e+02 5.4680603027e+02 5.4684802246e+02 5.4688397217e+02 5.4691699219e+02 5.4695697021e+02 5.4700500488e+02 5.4714099121e+02 5.4726599121e+02 5.4731097412e+02 5.4729901123e+02 5.4730700684e+02 5.4731597900e+02 5.4732098389e+02 5.4733502197e+02 5.4734600830e+02 5.4736602783e+02 5.4737597656e+02 5.4736401367e+02 5.4736602783e+02 5.4737799072e+02 5.4739099121e+02 5.4738397217e+02 5.4738897705e+02 5.4741802979e+02 5.4744799805e+02
5.4638897705e+02 5.4645001221e+02 5.4649597168e+02 5.4650799561e+02 5.4651397705e+02 5.4652801514e+02 5.4657299805e+02 5.4661401367e+02 5.4664099121e+02 5.4663201904e+02 5.4665399170e+02 5.4667297363e+02 5.4669299316e+02 5.4670599365e+02 5.4669702148e+02 5.4668499756e+02 5.4669097900e+02 5.4669799805e+02 5.4671600342e+02 5.4674700928e+02 5.4676501465e+02 5.4679901123e+02 5.4684899902e+02 5.4693499756e+02 5.4695202637e+02 5.4696301270e+02 5.4704998779e+02 5.4720697021e+02 5.4727502441e+02 5.4725598145e+02 5.4726397705e+02 5.4727801514e+02 5.4728302002e+02 5.4728997803e+02 5.4731500244e+02 5.4733197021e+02 5.4734301758e+02 5.4734399414e+02 5.4733697510e+02 5.4734399414e+02 5.4735498047e+02 5.4736199951e+02 5.4735302734e+02 5.4736102295e+02 5.4738500977e+02 5.4741400146e+02
