TESTSERVER/3/17.asc
NCOLS 100
NROWS 100
XLLCORNER 7.6497500000e+03
YLLCORNER 2.8910025000e+05
CELLSIZE 5.0000000000e-01
NODATA_VALUE -9.9990000000e+03
[rows 20 to 39 of 100, columns 0 to 45 of 100]
5.4385797119e+02 5.4389801025e+02 5.4391601563e+02 5.4390600586e+02 5.4390100098e+02 5.4387902832e+02 5.4391400146e+02 5.4404400635e+02 5.4421301270e+02 5.4435998535e+02 5.4447802734e+02 5.4457897949e+02 5.4469000244e+02 5.4485699463e+02 5.4502398682e+02 5.4514697266e+02 5.4521997070e+02 5.4526702881e+02 5.4532501221e+02 5.4535601807e+02 5.4533502197e+02 5.4534100342e+02 5.4535101318e+02 5.4536102295e+02 5.4537097168e+02 5.4537500000e+02 5.4538098145e+02 5.4538500977e+02 5.4538397217e+02 5.4538299561e+02 5.4538201904e+02 5.4538201904e+02 5.4538299561e+02 5.4538299561e+02 5.4538397217e+02 5.4538500977e+02 5.4538500977e+02 5.4538897705e+02 5.4539099121e+02 5.4539300537e+02 5.4539398193e+02 5.4539599609e+02 5.4539697266e+02 5.4539801025e+02 5.4539801025e+02 5.4540002441e+02
5.4384899902e+02 5.4386901855e+02 5.4387200928e+02 5.4386499023e+02 5.4386798096e+02 5.4389001465e+02 5.4401202393e+02 5.4419201660e+02 5.4434301758e+02 5.4445800781e+02 5.4458697510e+02 5.4471398926e+02 5.4482098389e+02 5.4495300293e+02 5.4509997559e+02 5.4520697021e+02 5.4525598145e+02 5.4529901123e+02 5.4533599854e+02 5.4535400391e+02 5.4534399414e+02 5.4534600830e+02 5.4535400391e+02 5.4536401367e+02 5.4537200928e+02 5.4537701416e+02 5.4538098145e+02 5.4538500977e+02 5.4538397217e+02 5.4538201904e+02 5.4538299561e+02 5.4538299561e+02 5.4538397217e+02 5.4538397217e+02 5.4538397217e+02 5.4538397217e+02 5.4538598633e+02 5.4538897705e+02 5.4539099121e+02 5.4539202881e+02 5.4539398193e+02 5.4539501953e+02 5.4539599609e+02 5.4539697266e+02 5.4539801025e+02 5.4539898682e+02
5.4382098389e+02 5.4383197021e+02 5.4382397461e+02 5.4383197021e+02 5.4385998535e+02 5.4394299316e+02 5.4410699463e+02 5.4429199219e+02 5.4444000244e+02 5.4455603027e+02 5.4468499756e+02 5.4481298828e+02 5.4492700195e+02 5.4505200195e+02 5.4517199707e+02 5.4524597168e+02 5.4528399658e+02 5.4531500244e+02 5.4533599854e+02 5.4534698486e+02 5.4534600830e+02 5.4534997559e+02 5.4535699463e+02 5.4536401367e+02 5.4537200928e+02 5.4537799072e+02 5.4538201904e+02 5.4538500977e+02 5.4538500977e+02 5.4538397217e+02 5.4538500977e+02 5.4538500977e+02 5.4538500977e+02 5.4538500977e+02 5.4538500977e+02 5.4538598633e+02 5.4538702393e+02 5.4538897705e+02 5.4539099121e+02 5.4539202881e+02 5.4539398193e+02 5.4539501953e+02 5.4539599609e+02 5.4539697266e+02 5.4539801025e+02 5.4539898682e+02
5.4376202393e+02 5.4379602051e+02 5.4380297852e+02 5.4384301758e+02 5.4390399170e+02 5.4404602051e+02 5.4422802734e+02 5.4441101074e+02 5.4454901123e+02 5.4466497803e+02 5.4479302979e+02 5.4491302490e+02 5.4502801514e+02 5.4513800049e+02 5.4522698975e+02 5.4527197266e+02 5.4530999756e+02 5.4533099365e+02 5.4534002686e+02 5.4534497070e+02 5.4534997559e+02 5.4535498047e+02 5.4535900879e+02 5.4536602783e+02 5.4537298584e+02 5.4537902832e+02 5.4538299561e+02 5.4538598633e+02 5.4538702393e+02 5.4538598633e+02 5.4538702393e+02 5.4538702393e+02 5.4538702393e+02 5.4538702393e+02 5.4538800049e+02 5.4538800049e+02 5.4538800049e+02 5.4538897705e+02 5.4539099121e+02 5.4539202881e+02 5.4539300537e+02 5.4539398193e+02 5.4539501953e+02 5.4539599609e+02 5.4539697266e+02 5.4539898682e+02
5.4370898438e+02 5.4376800537e+02 5.4381402588e+02 5.4389697266e+02 5.4401898193e+02 5.4418402100e+02 5.4437298584e+02 5.4453802490e+02 5.4466302490e+02 5.4477398682e+02 5.4489300537e+02 5.4500500488e+02 5.4513201904e+02 5.4522900391e+02 5.4527801514e+02 5.4529901123e+02 5.4533001709e+02 5.4534399414e+02 5.4534997559e+02 5.4535601807e+02 5.4536199951e+02 5.4536297607e+02 5.4536602783e+02 5.4536901855e+02 5.4537500000e+02 5.4538000488e+02 5.4538397217e+02 5.4538598633e+02 5.4538702393e+02 5.4538800049e+02 5.4538897705e+02 5.4538897705e+02 5.4538897705e+02 5.4538897705e+02 5.4538800049e+02 5.4538800049e+02 5.4538800049e+02 5.4539001465e+02 5.4539001465e+02 5.4539099121e+02 5.4539099121e+02 5.4539398193e+02 5.4539501953e+02 5.4539599609e+02 5.4539697266e+02 5.4539898682e+02
5.4368402100e+02 5.4375000000e+02 5.4384197998e+02 5.4398199463e+02 5.4415802002e+02 5.4434997559e+02 5.4453399658e+02 5.4467901611e+02 5.4477697754e+02 5.4488702393e+02 5.4499200439e+02 5.4508300781e+02 5.4516998291e+02 5.4525299072e+02 5.4529498291e+02 5.4531500244e+02 5.4533099365e+02 5.4534399414e+02 5.4535601807e+02 5.4536499023e+02 5.4536999512e+02 5.4537402344e+02 5.4537597656e+02 5.4537701416e+02 5.4538000488e+02 5.4538397217e+02 5.4538500977e+02 5.4538702393e+02 5.4539001465e+02 5.4539099121e+02 5.4539099121e+02 5.4539202881e+02 5.4539099121e+02 5.4538897705e+02 5.4538800049e+02 5.4538702393e+02 5.4538897705e+02 5.4539099121e+02 5.4539001465e+02 5.4538897705e+02 5.4539001465e+02 5.4539300537e+02 5.4539501953e+02 5.4539599609e+02 5.4539697266e+02 5.4539801025e+02
5.4368798828e+02 5.4380603027e+02 5.4393402100e+02 5.4410699463e+02 5.4430297852e+02 5.4449700928e+02 5.4467297363e+02 5.4479901123e+02 5.4487799072e+02 5.4497900391e+02 5.4507202148e+02 5.4514501953e+02 5.4520898438e+02 5.4527099609e+02 5.4530297852e+02 5.4531701660e+02 5.4533197021e+02 5.4535101318e+02 5.4536297607e+02 5.4537200928e+02 5.4537597656e+02 5.4538000488e+02 5.4538299561e+02 5.4538397217e+02 5.4538500977e+02 5.4538702393e+02 5.4538897705e+02 5.4539099121e+02 5.4539202881e+02 5.4539300537e+02 5.4539300537e+02 5.4539300537e+02 5.4539300537e+02 5.4539099121e+02 5.4539001465e+02 5.4538897705e+02 5.4538897705e+02 5.4539099121e+02 5.4539001465e+02 5.4538897705e+02 5.4539001465e+02 5.4539202881e+02 5.4539398193e+02 5.4539501953e+02 5.4539599609e+02 5.4539801025e+02
5.4374902344e+02 5.4391198730e+02 5.4407098389e+02 5.4425500488e+02 5.4443402100e+02 5.4460601807e+02 5.4476599121e+02 5.4488201904e+02 5.4495697021e+02 5.4505102539e+02 5.4513897705e+02 5.4520397949e+02 5.4525598145e+02 5.4528698730e+02 5.4530297852e+02 5.4531500244e+02 5.4534301758e+02 5.4536199951e+02 5.4537200928e+02 5.4537902832e+02 5.4538201904e+02 5.4538500977e+02 5.4538800049e+02 5.4538897705e+02 5.4538897705e+02 5.4539001465e+02 5.4539202881e+02 5.4539398193e+02 5.4539501953e+02 5.4539501953e+02 5.4539501953e+02 5.4539599609e+02 5.4539501953e+02 5.4539300537e+02 5.4539202881e+02 5.4539099121e+02 5.4539001465e+02 5.4539099121e+02 5.4539001465e+02 5.4538897705e+02 5.4538897705e+02 5.4539202881e+02 5.4539300537e+02 5.4539398193e+02 5.4539501953e+02 5.4539697266e+02
5.4388098145e+02 5.4404699707e+02 5.4421099854e+02 5.4438800049e+02 5.4454602051e+02 5.4469598389e+02 5.4483197021e+02 5.4493902588e+02 5.4501501465e+02 5.4509802246e+02 5.4519097900e+02 5.4526098633e+02 5.4530102539e+02 5.4531402588e+02 5.4532397461e+02 5.4534301758e+02 5.4536499023e+02 5.4537597656e+02 5.4538299561e+02 5.4538800049e+02 5.4539202881e+02 5.4538800049e+02 5.4538897705e+02 5.4539099121e+02 5.4539099121e+02 5.4539300537e+02 5.4539501953e+02 5.4539599609e+02 5.4539697266e+02 5.4539697266e+02 5.4539697266e+02 5.4539697266e+02 5.4539697266e+02 5.4539501953e+02 5.4539398193e+02 5.4539202881e+02 5.4539099121e+02 5.4539001465e+02 5.4538897705e+02 5.4538800049e+02 5.4538702393e+02 5.4539099121e+02 5.4539099121e+02 5.4539202881e+02 5.4539300537e+02 5.4539697266e+02
5.4401702881e+02 5.4417999268e+02 5.4432098389e+02 5.4447198486e+02 5.4463000488e+02 5.4476202393e+02 5.4488800049e+02 5.4499298096e+02 5.4507000732e+02 5.4515301514e+02 5.4523498535e+02 5.4529302979e+02 5.4531298828e+02 5.4532800293e+02 5.4534600830e+02 5.4536602783e+02 5.4538201904e+02 5.4538702393e+02 5.4539099121e+02 5.4539501953e+02 5.4539501953e+02 5.4539099121e+02 5.4539001465e+02 5.4539099121e+02 5.4539398193e+02 5.4539599609e+02 5.4539697266e+02 5.4539697266e+02 5.4539898682e+02 5.4539898682e+02 5.4539801025e+02 5.4539801025e+02 5.4539801025e+02 5.4539599609e+02 5.4539501953e+02 5.4539300537e+02 5.4539202881e+02 5.4539001465e+02 5.4538897705e+02 5.4538800049e+02 5.4538800049e+02 5.4539099121e+02 5.4539202881e+02 5.4539202881e+02 5.4539398193e+02 5.4539697266e+02
5.4416497803e+02 5.4428698730e+02 5.4440899658e+02 5.4454302979e+02 5.4469702148e+02 5.4479602051e+02 5.4490502930e+02 5.4500701904e+02 5.4509100342e+02 5.4517602539e+02 5.4525000000e+02 5.4530200195e+02 5.4532098389e+02 5.4534301758e+02 5.4536499023e+02 5.4538397217e+02 5.4539599609e+02 5.4539697266e+02 5.4539801025e+02 5.4539898682e+02 5.4539801025e+02 5.4539501953e+02 5.4539398193e+02 5.4539501953e+02 5.4539697266e+02 5.4539801025e+02 5.4539898682e+02 5.4540002441e+02 5.4540100098e+02 5.4540002441e+02 5.4540002441e+02 5.4539898682e+02 5.4539801025e+02 5.4539697266e+02 5.4539599609e+02 5.4539398193e+02 5.4539300537e+02 5.4539099121e+02 5.4539001465e+02 5.4538897705e+02 5.4538897705e+02 5.4539099121e+02 5.4539202881e+02 5.4539300537e+02 5.4539398193e+02 5.4539697266e+02
5.4425500488e+02 5.4436999512e+02 5.4448999023e+02 5.4460998535e+02 5.4473901367e+02 5.4479797363e+02 5.4488702393e+02 5.4498699951e+02 5.4508502197e+02 5.4517700195e+02 5.4525097656e+02 5.4530499268e+02 5.4533502197e+02 5.4536798096e+02 5.4538897705e+02 5.4540301514e+02 5.4540802002e+02 5.4540502930e+02 5.4540502930e+02 5.4540301514e+02 5.4540100098e+02 5.4539801025e+02 5.4539697266e+02 5.4539801025e+02 5.4540002441e+02 5.4540100098e+02 5.4540100098e+02 5.4540197754e+02 5.4540197754e+02 5.4540100098e+02 5.4540100098e+02 5.4540100098e+02 5.4540002441e+02 5.4539801025e+02 5.4539599609e+02 5.4539501953e+02 5.4539398193e+02 5.4539202881e+02 5.4539099121e+02 5.4539001465e+02 5.4539001465e+02 5.4539202881e+02 5.4539202881e+02 5.4539300537e+02 5.4539398193e+02 5.4539697266e+02
5.4431500244e+02 5.4444500732e+02 5.4458001709e+02 5.4468298340e+02 5.4474798584e+02 5.4479998779e+02 5.4487402344e+02 5.4496801758e+02 5.4505999756e+02 5.4516497803e+02 5.4525701904e+02 5.4532897949e+02 5.4539001465e+02 5.4541101074e+02 5.4542199707e+02 5.4542297363e+02 5.4542401123e+02 5.4541497803e+02 5.4540899658e+02 5.4540502930e+02 5.4540197754e+02 5.4540301514e+02 5.4540197754e+02 5.4540197754e+02 5.4540301514e+02 5.4540301514e+02 5.4540301514e+02 5.4540301514e+02 5.4540197754e+02 5.4540197754e+02 5.4540100098e+02 5.4540100098e+02 5.4539898682e+02 5.4539801025e+02 5.4539697266e+02 5.4539599609e+02 5.4539501953e+02 5.4539300537e+02 5.4539202881e+02 5.4539099121e+02 5.4539001465e+02 5.4539202881e+02 5.4539202881e+02 5.4539300537e+02 5.4539398193e+02 5.4539697266e+02
5.4438702393e+02 5.4451300049e+02 5.4462298584e+02 5.4472302246e+02 5.4478198242e+02 5.4483099365e+02 5.4489599609e+02 5.4498199463e+02 5.4508898926e+02 5.4520202637e+02 5.4530603027e+02 5.4538397217e+02 5.4542297363e+02 5.4544201660e+02 5.4544396973e+02 5.4543597412e+02 5.4542498779e+02 5.4541601563e+02 5.4540997314e+02 5.4540502930e+02 5.4540502930e+02 5.4540698242e+02 5.4540600586e+02 5.4540502930e+02 5.4540502930e+02 5.4540600586e+02 5.4540502930e+02 5.4540502930e+02 5.4540399170e+02 5.4540399170e+02 5.4540197754e+02 5.4540100098e+02 5.4540002441e+02 5.4540002441e+02 5.4539898682e+02 5.4539801025e+02 5.4539599609e+02 5.4539501953e+02 5.4539300537e+02 5.4539202881e+02 5.4539099121e+02 5.4539300537e+02 5.4539300537e+02 5.4539300537e+02 5.4539501953e+02 5.4539801025e+02
5.4444702148e+02 5.4455999756e+02 5.4464099121e+02 5.4472198486e+02 5.4479797363e+02 5.4485900879e+02 5.4492700195e+02 5.4501098633e+02 5.4512200928e+02 5.4524102783e+02 5.4534100342e+02 5.4541302490e+02 5.4543701172e+02 5.4544702148e+02 5.4544702148e+02 5.4543701172e+02 5.4542498779e+02 5.4541601563e+02 5.4541198730e+02 5.4540899658e+02 5.4540899658e+02 5.4540997314e+02 5.4540899658e+02 5.4540802002e+02 5.4540802002e+02 5.4540802002e+02 5.4540802002e+02 5.4540698242e+02 5.4540600586e+02 5.4540502930e+02 5.4540399170e+02 5.4540301514e+02 5.4540197754e+02 5.4540100098e+02 5.4540100098e+02 5.4540002441e+02 5.4539801025e+02 5.4539599609e+02 5.4539398193e+02 5.4539300537e+02 5.4539202881e+02 5.4539300537e+02 5.4539398193e+02 5.4539398193e+02 5.4539599609e+02 5.4539801025e+02
5.4446502686e+02 5.4458898926e+02 5.4465802002e+02 5.4471099854e+02 5.4478900146e+02 5.4487097168e+02 5.4494799805e+02 5.4503698730e+02 5.4514599609e+02 5.4526098633e+02 5.4535498047e+02 5.4541699219e+02 5.4542999268e+02 5.4543798828e+02 5.4543701172e+02 5.4542901611e+02 5.4542102051e+02 5.4541699219e+02 5.4541400146e+02 5.4541198730e+02 5.4541302490e+02 5.4541302490e+02 5.4541198730e+02 5.4541101074e+02 5.4540997314e+02 5.4541101074e+02 5.4540997314e+02 5.4540997314e+02 5.4540899658e+02 5.4540698242e+02 5.4540600586e+02 5.4540502930e+02 5.4540399170e+02 5.4540301514e+02 5.4540197754e+02 5.4540100098e+02 5.4539898682e+02 5.4539697266e+02 5.4539599609e+02 5.4539398193e+02 5.4539300537e+02 5.4539501953e+02 5.4539501953e+02 5.4539501953e+02 5.4539599609e+02 5.4539898682e+02
5.4444097900e+02 5.4458898926e+02 5.4465997314e+02 5.4469598389e+02 5.4475897217e+02 5.4485198975e+02 5.4494201660e+02 5.4503900146e+02 5.4514300537e+02 5.4525799561e+02 5.4534497070e+02 5.4539599609e+02 5.4539697266e+02 5.4540802002e+02 5.4541497803e+02 5.4541802979e+02 5.4541699219e+02 5.4541900635e+02 5.4541998291e+02 5.4541998291e+02 5.4541900635e+02 5.4541601563e+02 5.4541601563e+02 5.4541497803e+02 5.4541497803e+02 5.4541302490e+02 5.4541198730e+02 5.4541101074e+02 5.4540899658e+02 5.4540802002e+02 5.4540698242e+02 5.4540600586e+02 5.4540502930e+02 5.4540399170e+02 5.4540197754e+02 5.4540100098e+02 5.4539801025e+02 5.4539801025e+02 5.4539697266e+02 5.4539501953e+02 5.4539501953e+02 5.4539599609e+02 5.4539599609e+02 5.4539599609e+02 5.4539697266e+02 5.4539898682e+02
5.4439801025e+02 5.4454998779e+02 5.4461999512e+02 5.4465399170e+02 5.4471002197e+02 5.4478802490e+02 5.4488098145e+02 5.4498699951e+02 5.4509997559e+02 5.4520001221e+02 5.4528497314e+02 5.4533898926e+02 5.4537402344e+02 5.4540100098e+02 5.4541302490e+02 5.4541497803e+02 5.4541101074e+02 5.4541900635e+02 5.4542401123e+02 5.4542700195e+02 5.4542199707e+02 5.4541699219e+02 5.4541802979e+02 5.4541802979e+02 5.4541699219e+02 5.4541497803e+02 5.4541400146e+02 5.4541302490e+02 5.4541198730e+02 5.4541101074e+02 5.4540997314e+02 5.4540899658e+02 5.4540698242e+02 5.4540502930e+02 5.4540301514e+02 5.4540100098e+02 5.4540002441e+02 5.4539898682e+02 5.4539697266e+02 5.4539599609e+02 5.4539501953e+02 5.4539697266e+02 5.4539697266e+02 5.4539697266e+02 5.4539697266e+02 5.4540002441e+02
5.4429302979e+02 5.4445300293e+02 5.4453900146e+02 5.4459301758e+02 5.4465600586e+02 5.4473199463e+02 5.4482397461e+02 5.4493103027e+02 5.4503601074e+02 5.4512597656e+02 5.4521002197e+02 5.4527301025e+02 5.4532897949e+02 5.4537298584e+02 5.4539697266e+02 5.4540698242e+02 5.4540698242e+02 5.4541497803e+02 5.4542297363e+02 5.4542797852e+02 5.4542297363e+02 5.4541802979e+02 5.4541900635e+02 5.4541900635e+02 5.4541998291e+02 5.4541802979e+02 5.4541699219e+02 5.4541601563e+02 5.4541497803e+02 5.4541400146e+02 5.4541302490e+02 5.4541101074e+02 5.4540997314e+02 5.4540698242e+02 5.4540502930e+02 5.4540301514e+02 5.4540100098e+02 5.4540002441e+02 5.4539801025e+02 5.4539697266e+02 5.4539599609e+02 5.4539697266e+02 5.4539697266e+02 5.4539697266e+02 5.4539801025e+02 5.4540002441e+02
5.4416699219e+02 5.4434002686e+02 5.4445800781e+02 5.4454199219e+02 5.4460797119e+02 5.4467901611e+02 5.4477301025e+02 5.4487500000e+02 5.4496899414e+02 5.4505200195e+02 5.4513800049e+02 5.4520697021e+02 5.4526898193e+02 5.4531799316e+02 5.4536102295e+02 5.4539300537e+02 5.4540399170e+02 5.4540997314e+02 5.4541699219e+02 5.4542297363e+02 5.4542199707e+02 5.4541900635e+02 5.4541900635e+02 5.4541998291e+02 5.4542102051e+02 5.4542102051e+02 5.4541998291e+02 5.4541900635e+02 5.4541802979e+02 5.4541699219e+02 5.4541601563e+02 5.4541400146e+02 5.4541198730e+02 5.4540899658e+02 5.4540698242e+02 5.4540502930e+02 5.4540301514e+02 5.4540100098e+02 5.4539898682e+02 5.4539697266e+02 5.4539697266e+02 5.4539801025e+02 5.4539801025e+02 5.4539801025e+02 5.4539898682e+02 5.4540100098e+02
