TESTSERVER/3/17.asc
NCOLS 100
NROWS 100
XLLCORNER 7.6497500000e+03
YLLCORNER 2.8910025000e+05
CELLSIZE 5.0000000000e-01
NODATA_VALUE -9.9990000000e+03
[rows 0 to 19 of 100, columns 46 to 91 of 100]
5.4543499756e+02 5.4543701172e+02 5.4543103027e+02 5.4542102051e+02 5.4542102051e+02 5.4541900635e+02 5.4541601563e+02 5.4540802002e+02 5.4540802002e+02 5.4540698242e+02 5.4540698242e+02 5.4541198730e+02 5.4541198730e+02 5.4541302490e+02 5.4541302490e+02 5.4541101074e+02 5.4540100098e+02 5.4538702393e+02 5.4536999512e+02 5.4535498047e+02 5.4535900879e+02 5.4538098145e+02 5.4539599609e+02 5.4539599609e+02 5.4539898682e+02 5.4538299561e+02 5.4540802002e+02 5.4548901367e+02 5.4554699707e+02 5.4556097412e+02 5.4551702881e+02 5.4546697998e+02 5.4547100830e+02 5.4546801758e+02 5.4547302246e+02 5.4550201416e+02 5.4551898193e+02 5.4552801514e+02 5.4554797363e+02 5.4557501221e+02 5.4559497070e+02 5.4561999512e+02 5.4563500977e+02 5.4564398193e+02 5.4565197754e+02 5.4566400146e+02
5.4542401123e+02 5.4542700195e+02 5.4542297363e+02 5.4541802979e+02 5.4541900635e+02 5.4541900635e+02 5.4541497803e+02 5.4540899658e+02 5.4540802002e+02 5.4540698242e+02 5.4540802002e+02 5.4540997314e+02 5.4540899658e+02 5.4540899658e+02 5.4541101074e+02 5.4540899658e+02 5.4540197754e+02 5.4539202881e+02 5.4538299561e+02 5.4537701416e+02 5.4537597656e+02 5.4538500977e+02 5.4539801025e+02 5.4539001465e+02 5.4539697266e+02 5.4541998291e+02 5.4547399902e+02 5.4555700684e+02 5.4557202148e+02 5.4553198242e+02 5.4546697998e+02 5.4545300293e+02 5.4545397949e+02 5.4544702148e+02 5.4546398926e+02 5.4550799561e+02 5.4552600098e+02 5.4552099609e+02 5.4552801514e+02 5.4556597900e+02 5.4558502197e+02 5.4559399414e+02 5.4560900879e+02 5.4562298584e+02 5.4562701416e+02 5.4564099121e+02
5.4541497803e+02 5.4541802979e+02 5.4541699219e+02 5.4541601563e+02 5.4541601563e+02 5.4541699219e+02 5.4541400146e+02 5.4540997314e+02 5.4540899658e+02 5.4540698242e+02 5.4540802002e+02 5.4540899658e+02 5.4540899658e+02 5.4540899658e+02 5.4540997314e+02 5.4540802002e+02 5.4540301514e+02 5.4539599609e+02 5.4539202881e+02 5.4538897705e+02 5.4538500977e+02 5.4538897705e+02 5.4539501953e+02 5.4539202881e+02 5.4542797852e+02 5.4550402832e+02 5.4555499268e+02 5.4558898926e+02 5.4555603027e+02 5.4548297119e+02 5.4543103027e+02 5.4544799805e+02 5.4545098877e+02 5.4544500732e+02 5.4546600342e+02 5.4552001953e+02 5.4553698730e+02 5.4552197266e+02 5.4551501465e+02 5.4553698730e+02 5.4557000732e+02 5.4557897949e+02 5.4558898926e+02 5.4560302734e+02 5.4560900879e+02 5.4562701416e+02
5.4540899658e+02 5.4541101074e+02 5.4541302490e+02 5.4541302490e+02 5.4541400146e+02 5.4541400146e+02 5.4541302490e+02 5.4540997314e+02 5.4540899658e+02 5.4540802002e+02 5.4540802002e+02 5.4540899658e+02 5.4540899658e+02 5.4540899658e+02 5.4540802002e+02 5.4540698242e+02 5.4540399170e+02 5.4539898682e+02 5.4539697266e+02 5.4539300537e+02 5.4538702393e+02 5.4538702393e+02 5.4538800049e+02 5.4540197754e+02 5.4544598389e+02 5.4552697754e+02 5.4556701660e+02 5.4556701660e+02 5.4550897217e+02 5.4543402100e+02 5.4542498779e+02 5.4545001221e+02 5.4546099854e+02 5.4547100830e+02 5.4549102783e+02 5.4553497314e+02 5.4554199219e+02 5.4551800537e+02 5.4551397705e+02 5.4552600098e+02 5.4554901123e+02 5.4555297852e+02 5.4557000732e+02 5.4559600830e+02 5.4560900879e+02 5.4562701416e+02
5.4540502930e+02 5.4540600586e+02 5.4540802002e+02 5.4541101074e+02 5.4541101074e+02 5.4541198730e+02 5.4541302490e+02 5.4541198730e+02 5.4541198730e+02 5.4541101074e+02 5.4541198730e+02 5.4540802002e+02 5.4540698242e+02 5.4540600586e+02 5.4540399170e+02 5.4540399170e+02 5.4540301514e+02 5.4540002441e+02 5.4539202881e+02 5.4538800049e+02 5.4538299561e+02 5.4538299561e+02 5.4538201904e+02 5.4540399170e+02 5.4542999268e+02 5.4546997070e+02 5.4550897217e+02 5.4552801514e+02 5.4550000000e+02 5.4545599365e+02 5.4543597412e+02 5.4544000244e+02 5.4544598389e+02 5.4547100830e+02 5.4552099609e+02 5.4555401611e+02 5.4554602051e+02 5.4551501465e+02 5.4550000000e+02 5.4550799561e+02 5.4552600098e+02 5.4554302979e+02 5.4556201172e+02 5.4558898926e+02 5.4558697510e+02 5.4559997559e+02
5.4540399170e+02 5.4540502930e+02 5.4540600586e+02 5.4540899658e+02 5.4540997314e+02 5.4541101074e+02 5.4541198730e+02 5.4541101074e+02 5.4541198730e+02 5.4541302490e+02 5.4541101074e+02 5.4540698242e+02 5.4540600586e+02 5.4540399170e+02 5.4540399170e+02 5.4540301514e+02 5.4540100098e+02 5.4539898682e+02 5.4539202881e+02 5.4538500977e+02 5.4538397217e+02 5.4538500977e+02 5.4538702393e+02 5.4540002441e+02 5.4541699219e+02 5.4544000244e+02 5.4547601318e+02 5.4551599121e+02 5.4551702881e+02 5.4549102783e+02 5.4546398926e+02 5.4545898438e+02 5.4545599365e+02 5.4546099854e+02 5.4549200439e+02 5.4553302002e+02 5.4552301025e+02 5.4549499512e+02 5.4548797607e+02 5.4550402832e+02 5.4551397705e+02 5.4553302002e+02 5.4556201172e+02 5.4558398438e+02 5.4558898926e+02 5.4560699463e+02
5.4540301514e+02 5.4540399170e+02 5.4540502930e+02 5.4540698242e+02 5.4540899658e+02 5.4540997314e+02 5.4540997314e+02 5.4540997314e+02 5.4541101074e+02 5.4541101074e+02 5.4540997314e+02 5.4540698242e+02 5.4540600586e+02 5.4540399170e+02 5.4540399170e+02 5.4540301514e+02 5.4540100098e+02 5.4539898682e+02 5.4539300537e+02 5.4538598633e+02 5.4538500977e+02 5.4538598633e+02 5.4539202881e+02 5.4539898682e+02 5.4540399170e+02 5.4541400146e+02 5.4544201660e+02 5.4549200439e+02 5.4550799561e+02 5.4550000000e+02 5.4548400879e+02 5.4547998047e+02 5.4546197510e+02 5.4544097900e+02 5.4545397949e+02 5.4549200439e+02 5.4548699951e+02 5.4547198486e+02 5.4547802734e+02 5.4549298096e+02 5.4549798584e+02 5.4551501465e+02 5.4555200195e+02 5.4557202148e+02 5.4558300781e+02 5.4559899902e+02
5.4540197754e+02 5.4540301514e+02 5.4540399170e+02 5.4540502930e+02 5.4540698242e+02 5.4540802002e+02 5.4540899658e+02 5.4540899658e+02 5.4540899658e+02 5.4540997314e+02 5.4540899658e+02 5.4540698242e+02 5.4540600586e+02 5.4540399170e+02 5.4540399170e+02 5.4540301514e+02 5.4540100098e+02 5.4539898682e+02 5.4539398193e+02 5.4538897705e+02 5.4538897705e+02 5.4538897705e+02 5.4539599609e+02 5.4540002441e+02 5.4539599609e+02 5.4539599609e+02 5.4540600586e+02 5.4544897461e+02 5.4547497559e+02 5.4548797607e+02 5.4550097656e+02 5.4550000000e+02 5.4546301270e+02 5.4541601563e+02 5.4542199707e+02 5.4545898438e+02 5.4545697021e+02 5.4545397949e+02 5.4547302246e+02 5.4549597168e+02 5.4550500488e+02 5.4552099609e+02 5.4555297852e+02 5.4556896973e+02 5.4557299805e+02 5.4557897949e+02
5.4540100098e+02 5.4540197754e+02 5.4540100098e+02 5.4540301514e+02 5.4540399170e+02 5.4540502930e+02 5.4540502930e+02 5.4540698242e+02 5.4540802002e+02 5.4540899658e+02 5.4540899658e+02 5.4540802002e+02 5.4540698242e+02 5.4540600586e+02 5.4540600586e+02 5.4540301514e+02 5.4540100098e+02 5.4540002441e+02 5.4539898682e+02 5.4539501953e+02 5.4539501953e+02 5.4539501953e+02 5.4539697266e+02 5.4539898682e+02 5.4539398193e+02 5.4539099121e+02 5.4539099121e+02 5.4540197754e+02 5.4543103027e+02 5.4546398926e+02 5.4550500488e+02 5.4550897217e+02 5.4547900391e+02 5.4544000244e+02 5.4545898438e+02 5.4545300293e+02 5.4544799805e+02 5.4544799805e+02 5.4546197510e+02 5.4549597168e+02 5.4551501465e+02 5.4552801514e+02 5.4552600098e+02 5.4556500244e+02 5.4557299805e+02 5.4557000732e+02
5.4540100098e+02 5.4540100098e+02 5.4540100098e+02 5.4540197754e+02 5.4540197754e+02 5.4540301514e+02 5.4540502930e+02 5.4540698242e+02 5.4540698242e+02 5.4540802002e+02 5.4540802002e+02 5.4540802002e+02 5.4540802002e+02 5.4540899658e+02 5.4540698242e+02 5.4540399170e+02 5.4540301514e+02 5.4540301514e+02 5.4540197754e+02 5.4540100098e+02 5.4540100098e+02 5.4540100098e+02 5.4540197754e+02 5.4540301514e+02 5.4540301514e+02 5.4540301514e+02 5.4540100098e+02 5.4540197754e+02 5.4541400146e+02 5.4543798828e+02 5.4547998047e+02 5.4550097656e+02 5.4549798584e+02 5.4548498535e+02 5.4547802734e+02 5.4546997070e+02 5.4545898438e+02 5.4545501709e+02 5.4545599365e+02 5.4547900391e+02 5.4550500488e+02 5.4552697754e+02 5.4553601074e+02 5.4555700684e+02 5.4557299805e+02 5.4556896973e+02
5.4540100098e+02 5.4540100098e+02 5.4540100098e+02 5.4540197754e+02 5.4540301514e+02 5.4540301514e+02 5.4540502930e+02 5.4540600586e+02 5.4540698242e+02 5.4540802002e+02 5.4540802002e+02 5.4540802002e+02 5.4540899658e+02 5.4540899658e+02 5.4540802002e+02 5.4540600586e+02 5.4540502930e+02 5.4540502930e+02 5.4540399170e+02 5.4540301514e+02 5.4540399170e+02 5.4540399170e+02 5.4540502930e+02 5.4540698242e+02 5.4540899658e+02 5.4541101074e+02 5.4540997314e+02 5.4540100098e+02 5.4540197754e+02 5.4541400146e+02 5.4544799805e+02 5.4548297119e+02 5.4549200439e+02 5.4548797607e+02 5.4548199463e+02 5.4547100830e+02 5.4546002197e+02 5.4545397949e+02 5.4545202637e+02 5.4547399902e+02 5.4549700928e+02 5.4552301025e+02 5.4554602051e+02 5.4555499268e+02 5.4557000732e+02 5.4556597900e+02
5.4540100098e+02 5.4540100098e+02 5.4540197754e+02 5.4540197754e+02 5.4540301514e+02 5.4540301514e+02 5.4540399170e+02 5.4540600586e+02 5.4540600586e+02 5.4540698242e+02 5.4540698242e+02 5.4540802002e+02 5.4540899658e+02 5.4540899658e+02 5.4540899658e+02 5.4540698242e+02 5.4540698242e+02 5.4540698242e+02 5.4540600586e+02 5.4540698242e+02 5.4540698242e+02 5.4540698242e+02 5.4540802002e+02 5.4541101074e+02 5.4541400146e+02 5.4541601563e+02 5.4541601563e+02 5.4540197754e+02 5.4539398193e+02 5.4539599609e+02 5.4541601563e+02 5.4545397949e+02 5.4547100830e+02 5.4547399902e+02 5.4546899414e+02 5.4546002197e+02 5.4545202637e+02 5.4544799805e+02 5.4545202637e+02 5.4547601318e+02 5.4549499512e+02 5.4551898193e+02 5.4554699707e+02 5.4555700684e+02 5.4556896973e+02 5.4556701660e+02
5.4540197754e+02 5.4540197754e+02 5.4540301514e+02 5.4540197754e+02 5.4540301514e+02 5.4540301514e+02 5.4540399170e+02 5.4540502930e+02 5.4540600586e+02 5.4540600586e+02 5.4540698242e+02 5.4540802002e+02 5.4540802002e+02 5.4540899658e+02 5.4540997314e+02 5.4540997314e+02 5.4540997314e+02 5.4540997314e+02 5.4541101074e+02 5.4540899658e+02 5.4540899658e+02 5.4540997314e+02 5.4540997314e+02 5.4541101074e+02 5.4541198730e+02 5.4541302490e+02 5.4541101074e+02 5.4540698242e+02 5.4539697266e+02 5.4539099121e+02 5.4539501953e+02 5.4541497803e+02 5.4542999268e+02 5.4543798828e+02 5.4544299316e+02 5.4544396973e+02 5.4544299316e+02 5.4544000244e+02 5.4543402100e+02 5.4546502686e+02 5.4548797607e+02 5.4551000977e+02 5.4553198242e+02 5.4554498291e+02 5.4556500244e+02 5.4556500244e+02
5.4540197754e+02 5.4540301514e+02 5.4540301514e+02 5.4540197754e+02 5.4540301514e+02 5.4540301514e+02 5.4540399170e+02 5.4540502930e+02 5.4540600586e+02 5.4540698242e+02 5.4540698242e+02 5.4540802002e+02 5.4540899658e+02 5.4541101074e+02 5.4541101074e+02 5.4541101074e+02 5.4541198730e+02 5.4541302490e+02 5.4541198730e+02 5.4541101074e+02 5.4541101074e+02 5.4541101074e+02 5.4541198730e+02 5.4541198730e+02 5.4541101074e+02 5.4540899658e+02 5.4541101074e+02 5.4540802002e+02 5.4540197754e+02 5.4539501953e+02 5.4538800049e+02 5.4539202881e+02 5.4539801025e+02 5.4540802002e+02 5.4542401123e+02 5.4543701172e+02 5.4544396973e+02 5.4544500732e+02 5.4543798828e+02 5.4544598389e+02 5.4546899414e+02 5.4549401855e+02 5.4551702881e+02 5.4554400635e+02 5.4556500244e+02 5.4556097412e+02
5.4540197754e+02 5.4540301514e+02 5.4540301514e+02 5.4540301514e+02 5.4540301514e+02 5.4540301514e+02 5.4540502930e+02 5.4540600586e+02 5.4540698242e+02 5.4540698242e+02 5.4540802002e+02 5.4540899658e+02 5.4540997314e+02 5.4541101074e+02 5.4541198730e+02 5.4541198730e+02 5.4541400146e+02 5.4541497803e+02 5.4541497803e+02 5.4541400146e+02 5.4541400146e+02 5.4541400146e+02 5.4541497803e+02 5.4541497803e+02 5.4541302490e+02 5.4541198730e+02 5.4541101074e+02 5.4540698242e+02 5.4540100098e+02 5.4539398193e+02 5.4538397217e+02 5.4538000488e+02 5.4538299561e+02 5.4539001465e+02 5.4540698242e+02 5.4542999268e+02 5.4544396973e+02 5.4545202637e+02 5.4544799805e+02 5.4544396973e+02 5.4546197510e+02 5.4548901367e+02 5.4551599121e+02 5.4553802490e+02 5.4554699707e+02 5.4554602051e+02
5.4540197754e+02 5.4540197754e+02 5.4540301514e+02 5.4540301514e+02 5.4540399170e+02 5.4540399170e+02 5.4540502930e+02 5.4540600586e+02 5.4540698242e+02 5.4540802002e+02 5.4540899658e+02 5.4540997314e+02 5.4541101074e+02 5.4541198730e+02 5.4541302490e+02 5.4541400146e+02 5.4541497803e+02 5.4541601563e+02 5.4541601563e+02 5.4541601563e+02 5.4541601563e+02 5.4541601563e+02 5.4541802979e+02 5.4541699219e+02 5.4541601563e+02 5.4541497803e+02 5.4541302490e+02 5.4540698242e+02 5.4540197754e+02 5.4539599609e+02 5.4538299561e+02 5.4537298584e+02 5.4537402344e+02 5.4537902832e+02 5.4539202881e+02 5.4541802979e+02 5.4543902588e+02 5.4545098877e+02 5.4545098877e+02 5.4543597412e+02 5.4545599365e+02 5.4548297119e+02 5.4551501465e+02 5.4553002930e+02 5.4553399658e+02 5.4553399658e+02
5.4540197754e+02 5.4540301514e+02 5.4540301514e+02 5.4540399170e+02 5.4540502930e+02 5.4540502930e+02 5.4540600586e+02 5.4540698242e+02 5.4540802002e+02 5.4540899658e+02 5.4540997314e+02 5.4541101074e+02 5.4541198730e+02 5.4541302490e+02 5.4541497803e+02 5.4541601563e+02 5.4541699219e+02 5.4541802979e+02 5.4541900635e+02 5.4541900635e+02 5.4541998291e+02 5.4542102051e+02 5.4542199707e+02 5.4541900635e+02 5.4541900635e+02 5.4541699219e+02 5.4541400146e+02 5.4540802002e+02 5.4540197754e+02 5.4539599609e+02 5.4539099121e+02 5.4537701416e+02 5.4537200928e+02 5.4537097168e+02 5.4536401367e+02 5.4539801025e+02 5.4542797852e+02 5.4544598389e+02 5.4542700195e+02 5.4542401123e+02 5.4544097900e+02 5.4546801758e+02 5.4549102783e+02 5.4550500488e+02 5.4551300049e+02 5.4551501465e+02
5.4540197754e+02 5.4540301514e+02 5.4540301514e+02 5.4540399170e+02 5.4540502930e+02 5.4540600586e+02 5.4540600586e+02 5.4540698242e+02 5.4540802002e+02 5.4540899658e+02 5.4540997314e+02 5.4541101074e+02 5.4541302490e+02 5.4541400146e+02 5.4541497803e+02 5.4541699219e+02 5.4541802979e+02 5.4541900635e+02 5.4541998291e+02 5.4542102051e+02 5.4542297363e+02 5.4542401123e+02 5.4542401123e+02 5.4542102051e+02 5.4541998291e+02 5.4541998291e+02 5.4541699219e+02 5.4540899658e+02 5.4540301514e+02 5.4539801025e+02 5.4539300537e+02 5.4538702393e+02 5.4537902832e+02 5.4537298584e+02 5.4535900879e+02 5.4537402344e+02 5.4540600586e+02 5.4542700195e+02 5.4541400146e+02 5.4541601563e+02 5.4543200684e+02 5.4546398926e+02 5.4548498535e+02 5.4550701904e+02 5.4551702881e+02 5.4551501465e+02
5.4540197754e+02 5.4540301514e+02 5.4540399170e+02 5.4540399170e+02 5.4540502930e+02 5.4540600586e+02 5.4540600586e+02 5.4540698242e+02 5.4540899658e+02 5.4540899658e+02 5.4540997314e+02 5.4541101074e+02 5.4541302490e+02 5.4541400146e+02 5.4541497803e+02 5.4541699219e+02 5.4541802979e+02 5.4541998291e+02 5.4542102051e+02 5.4542297363e+02 5.4542401123e+02 5.4542602539e+02 5.4542602539e+02 5.4542297363e+02 5.4542297363e+02 5.4542297363e+02 5.4541900635e+02 5.4541101074e+02 5.4540502930e+02 5.4540002441e+02 5.4539599609e+02 5.4538897705e+02 5.4538098145e+02 5.4537500000e+02 5.4535699463e+02 5.4535797119e+02 5.4538299561e+02 5.4540399170e+02 5.4540698242e+02 5.4542199707e+02 5.4544000244e+02 5.4546801758e+02 5.4548797607e+02 5.4551397705e+02 5.4552398682e+02 5.4552197266e+02
5.4540100098e+02 5.4540197754e+02 5.4540197754e+02 5.4540301514e+02 5.4540399170e+02 5.4540502930e+02 5.4540600586e+02 5.4540698242e+02 5.4540802002e+02 5.4540899658e+02 5.4540997314e+02 5.4541198730e+02 5.4541302490e+02 5.4541400146e+02 5.4541601563e+02 5.4541802979e+02 5.4541900635e+02 5.4542102051e+02 5.4542297363e+02 5.4542401123e+02 5.4542602539e+02 5.4542797852e+02 5.4542797852e+02 5.4542700195e+02 5.4542602539e+02 5.4542602539e+02 5.4542199707e+02 5.4541302490e+02 5.4540698242e+02 5.4540197754e+02 5.4539697266e+02 5.4539099121e+02 5.4538299561e+02 5.4537701416e+02 5.4535998535e+02 5.4535302734e+02 5.4536999512e+02 5.4538598633e+02 5.4539300537e+02 5.4540997314e+02 5.4543298340e+02 5.4545898438e+02 5.4547399902e+02 5.4549798584e+02 5.4551098633e+02 5.4552502441e+02
