TESTSERVER/3/2.asc
NCOLS 100
NROWS 100
XLLCORNER 7.6497500000e+03
YLLCORNER 2.8985025000e+05
CELLSIZE 5.0000000000e-01
NODATA_VALUE -9.9990000000e+03
[rows 80 to 99 of 100, columns 0 to 45 of 100]
6.4212799072e+02 6.4223901367e+02 6.4231701660e+02 6.4240197754e+02 6.4249902344e+02 6.4260601807e+02 6.4272399902e+02 6.4288598633e+02 6.4305499268e+02 6.4323199463e+02 6.4338201904e+02 6.4356298828e+02 6.4376898193e+02 6.4401898193e+02 6.4435498047e+02 6.4472100830e+02 6.4504498291e+02 6.4530499268e+02 6.4551599121e+02 6.4555401611e+02 6.4556799316e+02 6.4562597656e+02 6.4579400635e+02 6.4600402832e+02 6.4630999756e+02 6.4679400635e+02 6.4744097900e+02 6.4824700928e+02 6.4872900391e+02 6.4896997070e+02 6.4915502930e+02 6.4940100098e+02 6.4956701660e+02 6.4964300537e+02 6.4965301514e+02 6.4963000488e+02 6.4966198730e+02 6.4974597168e+02 6.4980297852e+02 6.4983398438e+02 6.5004998779e+02 6.5013397217e+02 6.4996899414e+02 6.4979797363e+02 6.4963098145e+02 6.4963897705e+02
6.4198797607e+02 6.4207800293e+02 6.4215997314e+02 6.4223901367e+02 6.4232202148e+02 6.4242199707e+02 6.4253601074e+02 6.4269299316e+02 6.4286499023e+02 6.4303198242e+02 6.4317401123e+02 6.4332299805e+02 6.4352197266e+02 6.4378399658e+02 6.4416101074e+02 6.4460302734e+02 6.4498498535e+02 6.4530499268e+02 6.4554901123e+02 6.4558502197e+02 6.4553802490e+02 6.4556097412e+02 6.4570098877e+02 6.4585400391e+02 6.4604901123e+02 6.4643798828e+02 6.4720501709e+02 6.4810797119e+02 6.4868499756e+02 6.4893298340e+02 6.4901702881e+02 6.4925500488e+02 6.4949401855e+02 6.4957800293e+02 6.4955603027e+02 6.4955798340e+02 6.4962902832e+02 6.4973400879e+02 6.4982299805e+02 6.4990301514e+02 6.5007000732e+02 6.5011199951e+02 6.4999700928e+02 6.4987097168e+02 6.4965997314e+02 6.4959399414e+02
6.4188201904e+02 6.4195800781e+02 6.4202697754e+02 6.4210498047e+02 6.4218103027e+02 6.4227301025e+02 6.4237597656e+02 6.4253399658e+02 6.4270800781e+02 6.4286798096e+02 6.4299798584e+02 6.4313098145e+02 6.4332098389e+02 6.4358300781e+02 6.4396301270e+02 6.4441198730e+02 6.4481799316e+02 6.4517199707e+02 6.4548199463e+02 6.4552801514e+02 6.4546600342e+02 6.4548901367e+02 6.4565802002e+02 6.4582598877e+02 6.4598297119e+02 6.4629901123e+02 6.4697900391e+02 6.4783197021e+02 6.4840197754e+02 6.4866998291e+02 6.4878698730e+02 6.4911999512e+02 6.4941900635e+02 6.4952600098e+02 6.4951098633e+02 6.4952398682e+02 6.4959301758e+02 6.4968701172e+02 6.4983599854e+02 6.4999401855e+02 6.5011102295e+02 6.5010998535e+02 6.5007897949e+02 6.5001300049e+02 6.4976397705e+02 6.4961499023e+02
6.4177502441e+02 6.4185101318e+02 6.4190197754e+02 6.4197497559e+02 6.4204998779e+02 6.4213702393e+02 6.4223498535e+02 6.4239801025e+02 6.4257202148e+02 6.4272998047e+02 6.4285101318e+02 6.4296301270e+02 6.4313598633e+02 6.4338800049e+02 6.4372998047e+02 6.4411602783e+02 6.4451397705e+02 6.4488201904e+02 6.4524102783e+02 6.4530499268e+02 6.4528802490e+02 6.4536499023e+02 6.4557501221e+02 6.4580102539e+02 6.4598199463e+02 6.4624200439e+02 6.4673297119e+02 6.4734997559e+02 6.4781799316e+02 6.4810198975e+02 6.4833099365e+02 6.4876098633e+02 6.4909399414e+02 6.4926599121e+02 6.4939202881e+02 6.4952301025e+02 6.4961700439e+02 6.4970800781e+02 6.4987298584e+02 6.5009002686e+02 6.5015997314e+02 6.5011199951e+02 6.5014599609e+02 6.5017797852e+02 6.4995001221e+02 6.4970098877e+02
6.4163098145e+02 6.4171997070e+02 6.4175097656e+02 6.4182397461e+02 6.4190399170e+02 6.4199499512e+02 6.4211700439e+02 6.4227099609e+02 6.4243701172e+02 6.4259899902e+02 6.4273699951e+02 6.4283697510e+02 6.4299700928e+02 6.4320800781e+02 6.4342602539e+02 6.4369500732e+02 6.4403497314e+02 6.4438201904e+02 6.4461700439e+02 6.4483398438e+02 6.4495202637e+02 6.4512200928e+02 6.4532397461e+02 6.4561199951e+02 6.4588702393e+02 6.4615502930e+02 6.4641699219e+02 6.4673498535e+02 6.4703100586e+02 6.4730499268e+02 6.4758001709e+02 6.4809600830e+02 6.4847900391e+02 6.4881896973e+02 6.4919299316e+02 6.4951397705e+02 6.4970898438e+02 6.4980798340e+02 6.4988098145e+02 6.5004199219e+02 6.5009399414e+02 6.5003399658e+02 6.5006701660e+02 6.5011999512e+02 6.5001501465e+02 6.4982501221e+02
6.4144097900e+02 6.4155499268e+02 6.4158502197e+02 6.4164202881e+02 6.4173901367e+02 6.4184997559e+02 6.4197900391e+02 6.4213702393e+02 6.4229797363e+02 6.4246099854e+02 6.4260900879e+02 6.4272802734e+02 6.4287402344e+02 6.4303601074e+02 6.4318597412e+02 6.4335198975e+02 6.4359399414e+02 6.4386999512e+02 6.4414001465e+02 6.4435302734e+02 6.4455200195e+02 6.4477001953e+02 6.4503802490e+02 6.4535797119e+02 6.4571197510e+02 6.4602801514e+02 6.4620501709e+02 6.4632501221e+02 6.4652600098e+02 6.4677398682e+02 6.4708599854e+02 6.4749200439e+02 6.4793499756e+02 6.4840698242e+02 6.4888500977e+02 6.4923498535e+02 6.4958197021e+02 6.4985198975e+02 6.4994000244e+02 6.4992102051e+02 6.4994299316e+02 6.4995800781e+02 6.5001000977e+02 6.5003302002e+02 6.4999902344e+02 6.4992999268e+02
6.4120599365e+02 6.4134497070e+02 6.4139398193e+02 6.4146697998e+02 6.4158300781e+02 6.4170898438e+02 6.4184600830e+02 6.4200402832e+02 6.4216497803e+02 6.4232501221e+02 6.4247198486e+02 6.4258697510e+02 6.4271301270e+02 6.4284997559e+02 6.4297399902e+02 6.4308197021e+02 6.4326599121e+02 6.4349401855e+02 6.4374798584e+02 6.4398999023e+02 6.4422100830e+02 6.4447601318e+02 6.4478399658e+02 6.4515100098e+02 6.4554199219e+02 6.4587298584e+02 6.4603497314e+02 6.4609802246e+02 6.4626098633e+02 6.4649298096e+02 6.4676300049e+02 6.4703198242e+02 6.4742297363e+02 6.4790002441e+02 6.4837902832e+02 6.4864898682e+02 6.4913098145e+02 6.4964001465e+02 6.4993798828e+02 6.4991302490e+02 6.4987902832e+02 6.4988000488e+02 6.4994598389e+02 6.4999798584e+02 6.4997698975e+02 6.4994000244e+02
6.4094000244e+02 6.4110302734e+02 6.4118798828e+02 6.4129199219e+02 6.4142602539e+02 6.4156701660e+02 6.4171301270e+02 6.4186999512e+02 6.4202801514e+02 6.4218103027e+02 6.4232202148e+02 6.4243103027e+02 6.4254199219e+02 6.4265997314e+02 6.4278302002e+02 6.4289099121e+02 6.4304901123e+02 6.4324597168e+02 6.4347399902e+02 6.4371697998e+02 6.4395800781e+02 6.4422802734e+02 6.4455603027e+02 6.4495599365e+02 6.4536499023e+02 6.4569598389e+02 6.4585797119e+02 6.4594000244e+02 6.4610101318e+02 6.4632000732e+02 6.4654797363e+02 6.4672302246e+02 6.4701800537e+02 6.4742901611e+02 6.4787500000e+02 6.4816101074e+02 6.4866802979e+02 6.4923400879e+02 6.4967999268e+02 6.4981402588e+02 6.4980902100e+02 6.4978497314e+02 6.4985302734e+02 6.4998297119e+02 6.4998602295e+02 6.4993402100e+02
6.4065802002e+02 6.4084497070e+02 6.4098101807e+02 6.4113702393e+02 6.4128997803e+02 6.4144201660e+02 6.4159301758e+02 6.4173101807e+02 6.4187799072e+02 6.4201599121e+02 6.4213500977e+02 6.4225299072e+02 6.4235699463e+02 6.4246899414e+02 6.4258001709e+02 6.4273498535e+02 6.4291101074e+02 6.4310900879e+02 6.4333801270e+02 6.4353198242e+02 6.4375598145e+02 6.4401397705e+02 6.4436401367e+02 6.4474200439e+02 6.4511999512e+02 6.4544000244e+02 6.4562799072e+02 6.4574499512e+02 6.4590399170e+02 6.4609301758e+02 6.4629699707e+02 6.4651300049e+02 6.4675598145e+02 6.4706799316e+02 6.4740802002e+02 6.4785198975e+02 6.4834698486e+02 6.4880499268e+02 6.4916302490e+02 6.4946502686e+02 6.4961401367e+02 6.4968200684e+02 6.4974700928e+02 6.4988000488e+02 6.4997497559e+02 6.4998101807e+02
6.4040899658e+02 6.4065802002e+02 6.4081500244e+02 6.4098498535e+02 6.4115899658e+02 6.4131896973e+02 6.4145098877e+02 6.4157897949e+02 6.4171600342e+02 6.4184399414e+02 6.4195697021e+02 6.4205798340e+02 6.4216900635e+02 6.4229400635e+02 6.4242999268e+02 6.4259002686e+02 6.4277600098e+02 6.4297399902e+02 6.4317401123e+02 6.4336401367e+02 6.4356799316e+02 6.4380200195e+02 6.4410797119e+02 6.4445898438e+02 6.4478002930e+02 6.4507397461e+02 6.4529998779e+02 6.4545599365e+02 6.4561700439e+02 6.4578698730e+02 6.4597698975e+02 6.4621502686e+02 6.4650701904e+02 6.4679302979e+02 6.4703100586e+02 6.4736499023e+02 6.4783398438e+02 6.4832202148e+02 6.4874700928e+02 6.4905499268e+02 6.4929699707e+02 6.4947998047e+02 6.4962402344e+02 6.4975402832e+02 6.4988598633e+02 6.4997100830e+02
6.4012902832e+02 6.4042901611e+02 6.4063500977e+02 6.4081298828e+02 6.4100201416e+02 6.4117199707e+02 6.4130200195e+02 6.4142401123e+02 6.4155798340e+02 6.4168298340e+02 6.4178698730e+02 6.4188897705e+02 6.4200500488e+02 6.4213500977e+02 6.4228802490e+02 6.4245397949e+02 6.4263201904e+02 6.4281799316e+02 6.4300799561e+02 6.4319299316e+02 6.4338397217e+02 6.4359802246e+02 6.4386297607e+02 6.4416601563e+02 6.4445697021e+02 6.4473101807e+02 6.4496301270e+02 6.4514398193e+02 6.4531201172e+02 6.4547900391e+02 6.4565502930e+02 6.4592401123e+02 6.4627899170e+02 6.4662097168e+02 6.4685400391e+02 6.4708099365e+02 6.4742602539e+02 6.4783197021e+02 6.4826599121e+02 6.4864599609e+02 6.4902099609e+02 6.4935998535e+02 6.4959399414e+02 6.4969000244e+02 6.4980999756e+02 6.4995599365e+02
6.3982098389e+02 6.4014099121e+02 6.4042297363e+02 6.4063201904e+02 6.4083502197e+02 6.4101202393e+02 6.4114599609e+02 6.4126898193e+02 6.4140197754e+02 6.4152600098e+02 6.4162902832e+02 6.4173297119e+02 6.4185400391e+02 6.4198602295e+02 6.4214300537e+02 6.4230603027e+02 6.4247302246e+02 6.4264898682e+02 6.4283502197e+02 6.4302398682e+02 6.4320800781e+02 6.4340600586e+02 6.4363299561e+02 6.4388897705e+02 6.4415002441e+02 6.4440399170e+02 6.4463702393e+02 6.4483197021e+02 6.4500402832e+02 6.4517199707e+02 6.4534100342e+02 6.4558599854e+02 6.4597900391e+02 6.4642297363e+02 6.4677301025e+02 6.4700598145e+02 6.4724200439e+02 6.4749597168e+02 6.4782800293e+02 6.4828198242e+02 6.4878198242e+02 6.4926501465e+02 6.4959698486e+02 6.4966400146e+02 6.4971899414e+02 6.4985900879e+02
6.3953601074e+02 6.3983001709e+02 6.4013800049e+02 6.4044598389e+02 6.4068298340e+02 6.4086499023e+02 6.4102197266e+02 6.4114099121e+02 6.4126800537e+02 6.4138098145e+02 6.4147100830e+02 6.4158398438e+02 6.4170501709e+02 6.4183599854e+02 6.4198901367e+02 6.4214300537e+02 6.4229400635e+02 6.4245697021e+02 6.4262200928e+02 6.4283898926e+02 6.4303900146e+02 6.4323999023e+02 6.4345599365e+02 6.4364501953e+02 6.4387799072e+02 6.4411297607e+02 6.4433801270e+02 6.4453900146e+02 6.4471997070e+02 6.4489099121e+02 6.4504998779e+02 6.4520800781e+02 6.4557299805e+02 6.4611401367e+02 6.4666400146e+02 6.4698199463e+02 6.4719201660e+02 6.4734899902e+02 6.4757598877e+02 6.4795898438e+02 6.4846801758e+02 6.4898297119e+02 6.4941101074e+02 6.4961700439e+02 6.4960900879e+02 6.4965899658e+02
6.3932501221e+02 6.3951898193e+02 6.3981597900e+02 6.4017102051e+02 6.4047698975e+02 6.4070898438e+02 6.4086499023e+02 6.4102099609e+02 6.4116101074e+02 6.4127398682e+02 6.4134600830e+02 6.4143798828e+02 6.4155499268e+02 6.4167999268e+02 6.4182598877e+02 6.4196600342e+02 6.4210498047e+02 6.4226000977e+02 6.4244201660e+02 6.4264001465e+02 6.4284002686e+02 6.4303997803e+02 6.4322302246e+02 6.4341699219e+02 6.4364099121e+02 6.4386999512e+02 6.4409002686e+02 6.4428497314e+02 6.4445397949e+02 6.4460699463e+02 6.4472601318e+02 6.4480999756e+02 6.4513800049e+02 6.4575201416e+02 6.4651702881e+02 6.4696899414e+02 6.4714001465e+02 6.4721801758e+02 6.4734399414e+02 6.4762097168e+02 6.4798400879e+02 6.4841101074e+02 6.4896502686e+02 6.4943499756e+02 6.4957800293e+02 6.4957098389e+02
6.3921697998e+02 6.3928997803e+02 6.3951501465e+02 6.3986602783e+02 6.4018798828e+02 6.4046197510e+02 6.4066998291e+02 6.4085601807e+02 6.4102398682e+02 6.4115399170e+02 6.4122601318e+02 6.4130200195e+02 6.4141400146e+02 6.4153698730e+02 6.4167297363e+02 6.4180102539e+02 6.4193200684e+02 6.4207897949e+02 6.4226000977e+02 6.4244702148e+02 6.4262902832e+02 6.4281402588e+02 6.4299499512e+02 6.4320397949e+02 6.4342999268e+02 6.4365899658e+02 6.4387701416e+02 6.4406201172e+02 6.4421697998e+02 6.4435198975e+02 6.4445898438e+02 6.4448999023e+02 6.4474597168e+02 6.4533697510e+02 6.4621600342e+02 6.4684100342e+02 6.4706896973e+02 6.4711901855e+02 6.4715002441e+02 6.4729302979e+02 6.4751397705e+02 6.4785797119e+02 6.4842999268e+02 6.4918103027e+02 6.4953399658e+02 6.4954797363e+02
6.3919299316e+02 6.3916101074e+02 6.3927099609e+02 6.3957598877e+02 6.3988201904e+02 6.4017401123e+02 6.4043701172e+02 6.4066802979e+02 6.4086602783e+02 6.4101898193e+02 6.4110101318e+02 6.4116998291e+02 6.4127697754e+02 6.4139398193e+02 6.4152502441e+02 6.4164300537e+02 6.4176300049e+02 6.4190002441e+02 6.4207299805e+02 6.4224798584e+02 6.4241601563e+02 6.4258898926e+02 6.4276397705e+02 6.4298498535e+02 6.4321697998e+02 6.4345300293e+02 6.4367401123e+02 6.4385699463e+02 6.4400299072e+02 6.4412402344e+02 6.4423901367e+02 6.4425701904e+02 6.4440802002e+02 6.4487701416e+02 6.4570800781e+02 6.4648797607e+02 6.4685998535e+02 6.4698101807e+02 6.4698400879e+02 6.4701599121e+02 6.4711102295e+02 6.4736602783e+02 6.4791601563e+02 6.4888397217e+02 6.4945300293e+02 6.4955102539e+02
6.3919598389e+02 6.3911901855e+02 6.3910400391e+02 6.3930297852e+02 6.3957897949e+02 6.3986901855e+02 6.4014801025e+02 6.4045697021e+02 6.4069897461e+02 6.4088000488e+02 6.4101501465e+02 6.4107000732e+02 6.4115698242e+02 6.4125799561e+02 6.4140197754e+02 6.4150402832e+02 6.4159899902e+02 6.4170697021e+02 6.4183398438e+02 6.4203399658e+02 6.4221398926e+02 6.4238598633e+02 6.4253198242e+02 6.4272601318e+02 6.4296197510e+02 6.4321502686e+02 6.4345898438e+02 6.4364801025e+02 6.4379797363e+02 6.4391497803e+02 6.4399700928e+02 6.4405999756e+02 6.4416497803e+02 6.4447100830e+02 6.4499798584e+02 6.4577899170e+02 6.4632299805e+02 6.4664599609e+02 6.4679199219e+02 6.4680603027e+02 6.4685198975e+02 6.4704602051e+02 6.4753802490e+02 6.4837799072e+02 6.4904998779e+02 6.4937500000e+02
6.3920202637e+02 6.3913397217e+02 6.3904498291e+02 6.3909899902e+02 6.3928399658e+02 6.3954101563e+02 6.3984399414e+02 6.4016802979e+02 6.4045898438e+02 6.4070599365e+02 6.4087902832e+02 6.4097198486e+02 6.4103698730e+02 6.4110198975e+02 6.4120397949e+02 6.4130700684e+02 6.4137097168e+02 6.4144702148e+02 6.4158398438e+02 6.4178997803e+02 6.4200402832e+02 6.4219598389e+02 6.4232897949e+02 6.4245397949e+02 6.4264398193e+02 6.4288299561e+02 6.4314300537e+02 6.4335900879e+02 6.4353802490e+02 6.4368298340e+02 6.4379797363e+02 6.4386602783e+02 6.4398797607e+02 6.4421197510e+02 6.4456298828e+02 6.4505401611e+02 6.4552899170e+02 6.4592401123e+02 6.4629797363e+02 6.4654901123e+02 6.4667797852e+02 6.4683197021e+02 6.4704699707e+02 6.4744396973e+02 6.4800201416e+02 6.4872497559e+02
6.3918402100e+02 6.3913299561e+02 6.3904699707e+02 6.3899499512e+02 6.3906097412e+02 6.3925402832e+02 6.3954400635e+02 6.3984802246e+02 6.4014501953e+02 6.4043597412e+02 6.4068298340e+02 6.4081597900e+02 6.4089300537e+02 6.4094598389e+02 6.4101501465e+02 6.4110699463e+02 6.4117602539e+02 6.4125299072e+02 6.4138098145e+02 6.4157501221e+02 6.4177801514e+02 6.4197302246e+02 6.4212298584e+02 6.4221099854e+02 6.4235302734e+02 6.4255902100e+02 6.4281597900e+02 6.4304699707e+02 6.4324798584e+02 6.4342498779e+02 6.4359100342e+02 6.4371197510e+02 6.4383398438e+02 6.4400402832e+02 6.4424401855e+02 6.4453997803e+02 6.4487200928e+02 6.4521997070e+02 6.4573400879e+02 6.4622998047e+02 6.4647399902e+02 6.4664202881e+02 6.4673699951e+02 6.4680700684e+02 6.4722302246e+02 6.4812298584e+02
6.3914697266e+02 6.3910601807e+02 6.3905902100e+02 6.3897198486e+02 6.3893902588e+02 6.3903997803e+02 6.3927899170e+02 6.3955401611e+02 6.3983398438e+02 6.4013500977e+02 6.4044000244e+02 6.4063098145e+02 6.4073699951e+02 6.4079998779e+02 6.4085699463e+02 6.4096502686e+02 6.4106298828e+02 6.4115399170e+02 6.4125500488e+02 6.4139801025e+02 6.4156402588e+02 6.4173699951e+02 6.4190002441e+02 6.4198199463e+02 6.4209197998e+02 6.4226098633e+02 6.4250201416e+02 6.4273297119e+02 6.4294598389e+02 6.4315399170e+02 6.4337298584e+02 6.4356201172e+02 6.4371002197e+02 6.4385900879e+02 6.4404199219e+02 6.4419897461e+02 6.4438598633e+02 6.4464202881e+02 6.4514801025e+02 6.4579602051e+02 6.4617199707e+02 6.4641497803e+02 6.4653900146e+02 6.4649102783e+02 6.4671197510e+02 6.4748400879e+02
