TESTSERVER/3/2.asc
NCOLS 100
NROWS 100
XLLCORNER 7.6497500000e+03
YLLCORNER 2.8985025000e+05
CELLSIZE 5.0000000000e-01
NODATA_VALUE -9.9990000000e+03
[rows 20 to 39 of 100, columns 0 to 45 of 100]
6.4613000488e+02 6.4614099121e+02 6.4613598633e+02 6.4619897461e+02 6.4626202393e+02 6.4628399658e+02 6.4629699707e+02 6.4629400635e+02 6.4631298828e+02 6.4633197021e+02 6.4631298828e+02 6.4634997559e+02 6.4636798096e+02 6.4640197754e+02 6.4640698242e+02 6.4645697021e+02 6.4647802734e+02 6.4651300049e+02 6.4656799316e+02 6.4660900879e+02 6.4663598633e+02 6.4664398193e+02 6.4670800781e+02 6.4676000977e+02 6.4678900146e+02 6.4680401611e+02 6.4682702637e+02 6.4687799072e+02 6.4691601563e+02 6.4697497559e+02 6.4703997803e+02 6.4708398438e+02 6.4715399170e+02 6.4721197510e+02 6.4725500488e+02 6.4733099365e+02 6.4738800049e+02 6.4744201660e+02 6.4748602295e+02 6.4751300049e+02 6.4757202148e+02 6.4762597656e+02 6.4766900635e+02 6.4773498535e+02 6.4779699707e+02 6.4784997559e+02
6.4624200439e+02 6.4623101807e+02 6.4621502686e+02 6.4623101807e+02 6.4627099609e+02 6.4630603027e+02 6.4635900879e+02 6.4637500000e+02 6.4638500977e+02 6.4642901611e+02 6.4644000244e+02 6.4647198486e+02 6.4646502686e+02 6.4649200439e+02 6.4649902344e+02 6.4652197266e+02 6.4656298828e+02 6.4659698486e+02 6.4661602783e+02 6.4664801025e+02 6.4668402100e+02 6.4670397949e+02 6.4676202393e+02 6.4681500244e+02 6.4686401367e+02 6.4688800049e+02 6.4692797852e+02 6.4697998047e+02 6.4700598145e+02 6.4705902100e+02 6.4712298584e+02 6.4718499756e+02 6.4724700928e+02 6.4728497314e+02 6.4731298828e+02 6.4736901855e+02 6.4741998291e+02 6.4748199463e+02 6.4754400635e+02 6.4758300781e+02 6.4760998535e+02 6.4765698242e+02 6.4773101807e+02 6.4780902100e+02 6.4788598633e+02 6.4793499756e+02
6.4639398193e+02 6.4634997559e+02 6.4630603027e+02 6.4627502441e+02 6.4629699707e+02 6.4635101318e+02 6.4643298340e+02 6.4645599365e+02 6.4645001221e+02 6.4648797607e+02 6.4652301025e+02 6.4655798340e+02 6.4655297852e+02 6.4658001709e+02 6.4660400391e+02 6.4660797119e+02 6.4665502930e+02 6.4667797852e+02 6.4666802979e+02 6.4669097900e+02 6.4673602295e+02 6.4676599121e+02 6.4680798340e+02 6.4684399414e+02 6.4689697266e+02 6.4696002197e+02 6.4702197266e+02 6.4707202148e+02 6.4709698486e+02 6.4714599609e+02 6.4719201660e+02 6.4727697754e+02 6.4738201904e+02 6.4741497803e+02 6.4742297363e+02 6.4745300293e+02 6.4747601318e+02 6.4753399658e+02 6.4759497070e+02 6.4763702393e+02 6.4767797852e+02 6.4772100830e+02 6.4777899170e+02 6.4785699463e+02 6.4793902588e+02 6.4800500488e+02
6.4656597900e+02 6.4649102783e+02 6.4640002441e+02 6.4633801270e+02 6.4636700439e+02 6.4644299316e+02 6.4651098633e+02 6.4654699707e+02 6.4654101563e+02 6.4655700684e+02 6.4657000732e+02 6.4660198975e+02 6.4664398193e+02 6.4668597412e+02 6.4667602539e+02 6.4666497803e+02 6.4671197510e+02 6.4671801758e+02 6.4672399902e+02 6.4675097656e+02 6.4678900146e+02 6.4681597900e+02 6.4686199951e+02 6.4691400146e+02 6.4696301270e+02 6.4705297852e+02 6.4711499023e+02 6.4718902588e+02 6.4723498535e+02 6.4727197266e+02 6.4730401611e+02 6.4735198975e+02 6.4746099854e+02 6.4750897217e+02 6.4753302002e+02 6.4757397461e+02 6.4758001709e+02 6.4761297607e+02 6.4765802002e+02 6.4768798828e+02 6.4773797607e+02 6.4777697754e+02 6.4782202148e+02 6.4790100098e+02 6.4798699951e+02 6.4807098389e+02
6.4676300049e+02 6.4669500732e+02 6.4654901123e+02 6.4642700195e+02 6.4647198486e+02 6.4654400635e+02 6.4651397705e+02 6.4654901123e+02 6.4661199951e+02 6.4666802979e+02 6.4665301514e+02 6.4664599609e+02 6.4670300293e+02 6.4676397705e+02 6.4672100830e+02 6.4669799805e+02 6.4672302246e+02 6.4676898193e+02 6.4683599854e+02 6.4684802246e+02 6.4686199951e+02 6.4690002441e+02 6.4694201660e+02 6.4699597168e+02 6.4705999756e+02 6.4717700195e+02 6.4729400635e+02 6.4733001709e+02 6.4735400391e+02 6.4740600586e+02 6.4747198486e+02 6.4746600342e+02 6.4749102783e+02 6.4754998779e+02 6.4762500000e+02 6.4769598389e+02 6.4773498535e+02 6.4774597168e+02 6.4775097656e+02 6.4775701904e+02 6.4779400635e+02 6.4783599854e+02 6.4790802002e+02 6.4797302246e+02 6.4804699707e+02 6.4813201904e+02
6.4675097656e+02 6.4671197510e+02 6.4663299561e+02 6.4653302002e+02 6.4657299805e+02 6.4661798096e+02 6.4659197998e+02 6.4663397217e+02 6.4668103027e+02 6.4673699951e+02 6.4672399902e+02 6.4672302246e+02 6.4675299072e+02 6.4679797363e+02 6.4678497314e+02 6.4680700684e+02 6.4682299805e+02 6.4687298584e+02 6.4692102051e+02 6.4693402100e+02 6.4696002197e+02 6.4701800537e+02 6.4705200195e+02 6.4710400391e+02 6.4718902588e+02 6.4731896973e+02 6.4746899414e+02 6.4755499268e+02 6.4756201172e+02 6.4755902100e+02 6.4758300781e+02 6.4759600830e+02 6.4764501953e+02 6.4769799805e+02 6.4773400879e+02 6.4775201416e+02 6.4779797363e+02 6.4785699463e+02 6.4788598633e+02 6.4786499023e+02 6.4787200928e+02 6.4789398193e+02 6.4796197510e+02 6.4803100586e+02 6.4811199951e+02 6.4820397949e+02
6.4673602295e+02 6.4668499756e+02 6.4670001221e+02 6.4667602539e+02 6.4670599365e+02 6.4674401855e+02 6.4675701904e+02 6.4675701904e+02 6.4670800781e+02 6.4672802734e+02 6.4676098633e+02 6.4676300049e+02 6.4679101563e+02 6.4683599854e+02 6.4683502197e+02 6.4687701416e+02 6.4690197754e+02 6.4693298340e+02 6.4698101807e+02 6.4701501465e+02 6.4705401611e+02 6.4711102295e+02 6.4716601563e+02 6.4723602295e+02 6.4730102539e+02 6.4742199707e+02 6.4761798096e+02 6.4781097412e+02 6.4784399414e+02 6.4780200195e+02 6.4770697021e+02 6.4768701172e+02 6.4779400635e+02 6.4784600830e+02 6.4783898926e+02 6.4788500977e+02 6.4792297363e+02 6.4793597412e+02 6.4796099854e+02 6.4795098877e+02 6.4794799805e+02 6.4795001221e+02 6.4801000977e+02 6.4809002686e+02 6.4819000244e+02 6.4827801514e+02
6.4677502441e+02 6.4678002930e+02 6.4683697510e+02 6.4681799316e+02 6.4683697510e+02 6.4689599609e+02 6.4692297363e+02 6.4685601807e+02 6.4676000977e+02 6.4678399658e+02 6.4683599854e+02 6.4682202148e+02 6.4684197998e+02 6.4687298584e+02 6.4688702393e+02 6.4694799805e+02 6.4698400879e+02 6.4697698975e+02 6.4703198242e+02 6.4708099365e+02 6.4711798096e+02 6.4718103027e+02 6.4724401855e+02 6.4732397461e+02 6.4739398193e+02 6.4751000977e+02 6.4771899414e+02 6.4793597412e+02 6.4803198242e+02 6.4805700684e+02 6.4789898682e+02 6.4783599854e+02 6.4792401123e+02 6.4795697021e+02 6.4793499756e+02 6.4798901367e+02 6.4803497314e+02 6.4802099609e+02 6.4804602051e+02 6.4804602051e+02 6.4805999756e+02 6.4804101563e+02 6.4807501221e+02 6.4814202881e+02 6.4824597168e+02 6.4834100342e+02
6.4682299805e+02 6.4692199707e+02 6.4704498291e+02 6.4696301270e+02 6.4697998047e+02 6.4705499268e+02 6.4702600098e+02 6.4693200684e+02 6.4691400146e+02 6.4699902344e+02 6.4698498535e+02 6.4695697021e+02 6.4694897461e+02 6.4694299316e+02 6.4701000977e+02 6.4710302734e+02 6.4716198730e+02 6.4711602783e+02 6.4712402344e+02 6.4711297607e+02 6.4716998291e+02 6.4725500488e+02 6.4730102539e+02 6.4741497803e+02 6.4755902100e+02 6.4766601563e+02 6.4781799316e+02 6.4798901367e+02 6.4813201904e+02 6.4818103027e+02 6.4808197021e+02 6.4805401611e+02 6.4803802490e+02 6.4802502441e+02 6.4801898193e+02 6.4803802490e+02 6.4805902100e+02 6.4805603027e+02 6.4809399414e+02 6.4811700439e+02 6.4811901855e+02 6.4813299561e+02 6.4815197754e+02 6.4820599365e+02 6.4829302979e+02 6.4838800049e+02
6.4691699219e+02 6.4694299316e+02 6.4705200195e+02 6.4705700684e+02 6.4712402344e+02 6.4715698242e+02 6.4709997559e+02 6.4705700684e+02 6.4708801270e+02 6.4718902588e+02 6.4720300293e+02 6.4716802979e+02 6.4711297607e+02 6.4709399414e+02 6.4716699219e+02 6.4723797607e+02 6.4726800537e+02 6.4725402832e+02 6.4723699951e+02 6.4718499756e+02 6.4724298096e+02 6.4734802246e+02 6.4745397949e+02 6.4760198975e+02 6.4774798584e+02 6.4775897217e+02 6.4786798096e+02 6.4810998535e+02 6.4824798584e+02 6.4827301025e+02 6.4821002197e+02 6.4812597656e+02 6.4808398438e+02 6.4810797119e+02 6.4813000488e+02 6.4814001465e+02 6.4817901611e+02 6.4817498779e+02 6.4817401123e+02 6.4822100830e+02 6.4818499756e+02 6.4821002197e+02 6.4822802734e+02 6.4827398682e+02 6.4837402344e+02 6.4845800781e+02
6.4708099365e+02 6.4704797363e+02 6.4710900879e+02 6.4712298584e+02 6.4724200439e+02 6.4717401123e+02 6.4705999756e+02 6.4714801025e+02 6.4722698975e+02 6.4730297852e+02 6.4735998535e+02 6.4729699707e+02 6.4721197510e+02 6.4721697998e+02 6.4727899170e+02 6.4729101563e+02 6.4727301025e+02 6.4727801514e+02 6.4727301025e+02 6.4727697754e+02 6.4738201904e+02 6.4750897217e+02 6.4762097168e+02 6.4779199219e+02 6.4792401123e+02 6.4787902832e+02 6.4793597412e+02 6.4818103027e+02 6.4830999756e+02 6.4839599609e+02 6.4836798096e+02 6.4823999023e+02 6.4819702148e+02 6.4824298096e+02 6.4827099609e+02 6.4822998047e+02 6.4827697754e+02 6.4828900146e+02 6.4828900146e+02 6.4835101318e+02 6.4827001953e+02 6.4827301025e+02 6.4830401611e+02 6.4834600830e+02 6.4842999268e+02 6.4850500488e+02
6.4726397705e+02 6.4724200439e+02 6.4728698730e+02 6.4723602295e+02 6.4734399414e+02 6.4724597168e+02 6.4711901855e+02 6.4726202393e+02 6.4733099365e+02 6.4737500000e+02 6.4741900635e+02 6.4736700439e+02 6.4735797119e+02 6.4744702148e+02 6.4746899414e+02 6.4736602783e+02 6.4731799316e+02 6.4731298828e+02 6.4730798340e+02 6.4736199951e+02 6.4747399902e+02 6.4760601807e+02 6.4769500732e+02 6.4783001709e+02 6.4796099854e+02 6.4796697998e+02 6.4802502441e+02 6.4819500732e+02 6.4829400635e+02 6.4842602539e+02 6.4851202393e+02 6.4846997070e+02 6.4843402100e+02 6.4842199707e+02 6.4841302490e+02 6.4836499023e+02 6.4840301514e+02 6.4839202881e+02 6.4836199951e+02 6.4837200928e+02 6.4830200195e+02 6.4831500244e+02 6.4836901855e+02 6.4843103027e+02 6.4850097656e+02 6.4855499268e+02
6.4744500732e+02 6.4742498779e+02 6.4741101074e+02 6.4737701416e+02 6.4744598389e+02 6.4741198730e+02 6.4730102539e+02 6.4738000488e+02 6.4739099121e+02 6.4738397217e+02 6.4737402344e+02 6.4739398193e+02 6.4745898438e+02 6.4758099365e+02 6.4756597900e+02 6.4749200439e+02 6.4748199463e+02 6.4744897461e+02 6.4739300537e+02 6.4745697021e+02 6.4751300049e+02 6.4760198975e+02 6.4765997314e+02 6.4776300049e+02 6.4793902588e+02 6.4805902100e+02 6.4814599609e+02 6.4834802246e+02 6.4845397949e+02 6.4853198242e+02 6.4865197754e+02 6.4867999268e+02 6.4862500000e+02 6.4849700928e+02 6.4844500732e+02 6.4849499512e+02 6.4851898193e+02 6.4846801758e+02 6.4842602539e+02 6.4843103027e+02 6.4837701416e+02 6.4840002441e+02 6.4847601318e+02 6.4851702881e+02 6.4859600830e+02 6.4863500977e+02
6.4759197998e+02 6.4754400635e+02 6.4757098389e+02 6.4757098389e+02 6.4757897949e+02 6.4753997803e+02 6.4743200684e+02 6.4740197754e+02 6.4736901855e+02 6.4736199951e+02 6.4740399170e+02 6.4747198486e+02 6.4749597168e+02 6.4756500244e+02 6.4756402588e+02 6.4761102295e+02 6.4757397461e+02 6.4751501465e+02 6.4747100830e+02 6.4753302002e+02 6.4759600830e+02 6.4764599609e+02 6.4767199707e+02 6.4774200439e+02 6.4791101074e+02 6.4809899902e+02 6.4825201416e+02 6.4854101563e+02 6.4863500977e+02 6.4861499023e+02 6.4865100098e+02 6.4876599121e+02 6.4877301025e+02 6.4862402344e+02 6.4856298828e+02 6.4859301758e+02 6.4853900146e+02 6.4845898438e+02 6.4845098877e+02 6.4847100830e+02 6.4843200684e+02 6.4850097656e+02 6.4863500977e+02 6.4864898682e+02 6.4867901611e+02 6.4870001221e+02
6.4764599609e+02 6.4757098389e+02 6.4764398193e+02 6.4774700928e+02 6.4771197510e+02 6.4760198975e+02 6.4748999023e+02 6.4739697266e+02 6.4738598633e+02 6.4745898438e+02 6.4751702881e+02 6.4754498291e+02 6.4754101563e+02 6.4760601807e+02 6.4764202881e+02 6.4769097900e+02 6.4760998535e+02 6.4755603027e+02 6.4756500244e+02 6.4763598633e+02 6.4769201660e+02 6.4772998047e+02 6.4773602295e+02 6.4774102783e+02 6.4785998535e+02 6.4810498047e+02 6.4830999756e+02 6.4857800293e+02 6.4867901611e+02 6.4865502930e+02 6.4860699463e+02 6.4871197510e+02 6.4884399414e+02 6.4879498291e+02 6.4874597168e+02 6.4872399902e+02 6.4862597656e+02 6.4853997803e+02 6.4852301025e+02 6.4852197266e+02 6.4853497314e+02 6.4861901855e+02 6.4869000244e+02 6.4871502686e+02 6.4874700928e+02 6.4876202393e+02
6.4769799805e+02 6.4758599854e+02 6.4760198975e+02 6.4775299072e+02 6.4775402832e+02 6.4763098145e+02 6.4752001953e+02 6.4744500732e+02 6.4750097656e+02 6.4765997314e+02 6.4768103027e+02 6.4762097168e+02 6.4759997559e+02 6.4766699219e+02 6.4771002197e+02 6.4775000000e+02 6.4773999023e+02 6.4769396973e+02 6.4764599609e+02 6.4770300293e+02 6.4774401855e+02 6.4779498291e+02 6.4780700684e+02 6.4778802490e+02 6.4791900635e+02 6.4816998291e+02 6.4833502197e+02 6.4851000977e+02 6.4863500977e+02 6.4867901611e+02 6.4865502930e+02 6.4868701172e+02 6.4883599854e+02 6.4889501953e+02 6.4886999512e+02 6.4878002930e+02 6.4867297363e+02 6.4863397217e+02 6.4860797119e+02 6.4858300781e+02 6.4860101318e+02 6.4866601563e+02 6.4869500732e+02 6.4874798584e+02 6.4880902100e+02 6.4879901123e+02
6.4771997070e+02 6.4766900635e+02 6.4765197754e+02 6.4767999268e+02 6.4770300293e+02 6.4763397217e+02 6.4755700684e+02 6.4755297852e+02 6.4761901855e+02 6.4770599365e+02 6.4766601563e+02 6.4767901611e+02 6.4769097900e+02 6.4773999023e+02 6.4777899170e+02 6.4783099365e+02 6.4788800049e+02 6.4784399414e+02 6.4771600342e+02 6.4767602539e+02 6.4768402100e+02 6.4774902344e+02 6.4777301025e+02 6.4780902100e+02 6.4800799561e+02 6.4826501465e+02 6.4840197754e+02 6.4845300293e+02 6.4865002441e+02 6.4874700928e+02 6.4876800537e+02 6.4874597168e+02 6.4882598877e+02 6.4892297363e+02 6.4885498047e+02 6.4882000732e+02 6.4874902344e+02 6.4872198486e+02 6.4870599365e+02 6.4865399170e+02 6.4861901855e+02 6.4868298340e+02 6.4879400635e+02 6.4883697510e+02 6.4888598633e+02 6.4884497070e+02
6.4768499756e+02 6.4767401123e+02 6.4765802002e+02 6.4764697266e+02 6.4765002441e+02 6.4763800049e+02 6.4758502197e+02 6.4759899902e+02 6.4766802979e+02 6.4770202637e+02 6.4768103027e+02 6.4770397949e+02 6.4772100830e+02 6.4775299072e+02 6.4777398682e+02 6.4783001709e+02 6.4792797852e+02 6.4790997314e+02 6.4779602051e+02 6.4773297119e+02 6.4770001221e+02 6.4772900391e+02 6.4780200195e+02 6.4785302734e+02 6.4793597412e+02 6.4811999512e+02 6.4835797119e+02 6.4847601318e+02 6.4870800781e+02 6.4883398438e+02 6.4891601563e+02 6.4884899902e+02 6.4884698486e+02 6.4896899414e+02 6.4894396973e+02 6.4887902832e+02 6.4881799316e+02 6.4878100586e+02 6.4874298096e+02 6.4871398926e+02 6.4869799805e+02 6.4877099609e+02 6.4886700439e+02 6.4884197998e+02 6.4883599854e+02 6.4883398438e+02
6.4770898438e+02 6.4771197510e+02 6.4769702148e+02 6.4764300537e+02 6.4763800049e+02 6.4765698242e+02 6.4762402344e+02 6.4763397217e+02 6.4765197754e+02 6.4767498779e+02 6.4772198486e+02 6.4774597168e+02 6.4775201416e+02 6.4776702881e+02 6.4777197266e+02 6.4784600830e+02 6.4795501709e+02 6.4794097900e+02 6.4785198975e+02 6.4787597656e+02 6.4789398193e+02 6.4784899902e+02 6.4787597656e+02 6.4794201660e+02 6.4797998047e+02 6.4803997803e+02 6.4821997070e+02 6.4846197510e+02 6.4869799805e+02 6.4880297852e+02 6.4888598633e+02 6.4886199951e+02 6.4887500000e+02 6.4899902344e+02 6.4901800537e+02 6.4896002197e+02 6.4889599609e+02 6.4881701660e+02 6.4878698730e+02 6.4886798096e+02 6.4884197998e+02 6.4882202148e+02 6.4883801270e+02 6.4885900879e+02 6.4885998535e+02 6.4885400391e+02
6.4775000000e+02 6.4777899170e+02 6.4781201172e+02 6.4778601074e+02 6.4777398682e+02 6.4778302002e+02 6.4774902344e+02 6.4775897217e+02 6.4772100830e+02 6.4772802734e+02 6.4779901123e+02 6.4780700684e+02 6.4780200195e+02 6.4780999756e+02 6.4783599854e+02 6.4793902588e+02 6.4801702881e+02 6.4798699951e+02 6.4794396973e+02 6.4803497314e+02 6.4803601074e+02 6.4794702148e+02 6.4796099854e+02 6.4796099854e+02 6.4801599121e+02 6.4806097412e+02 6.4813897705e+02 6.4840997314e+02 6.4867700195e+02 6.4877099609e+02 6.4873699951e+02 6.4874200439e+02 6.4881298828e+02 6.4890600586e+02 6.4899200439e+02 6.4902099609e+02 6.4898400879e+02 6.4889898682e+02 6.4892199707e+02 6.4903198242e+02 6.4895800781e+02 6.4889501953e+02 6.4888098145e+02 6.4891400146e+02 6.4891998291e+02 6.4888702393e+02
