TESTSERVER/3/3.asc
NCOLS 100
NROWS 100
XLLCORNER 7.6497500000e+03
YLLCORNER 2.8980025000e+05
CELLSIZE 5.0000000000e-01
NODATA_VALUE -9.9990000000e+03
[rows 0 to 19 of 100, columns 46 to 91 of 100]
6.4727801514e+02 6.4861602783e+02 6.4950201416e+02 6.4974102783e+02 6.4949200439e+02 6.4950299072e+02 6.4948101807e+02 6.4945599365e+02 6.4943499756e+02 6.4950897217e+02 6.4956298828e+02 6.4957897949e+02 6.4964599609e+02 6.4978497314e+02 6.4971398926e+02 6.4953900146e+02 6.4945697021e+02 6.4952301025e+02 6.4959600830e+02 6.4969000244e+02 6.4976599121e+02 6.4976800537e+02 6.4977197266e+02 6.4978399658e+02 6.4975701904e+02 6.4978900146e+02 6.4980102539e+02 6.4981500244e+02 6.4984899902e+02 6.4982397461e+02 6.4986901855e+02 6.4990197754e+02 6.4987402344e+02 6.4990997314e+02 6.4993298340e+02 6.5000500488e+02 6.5008398438e+02 6.5014202881e+02 6.5017602539e+02 6.5019097900e+02 6.5023199463e+02 6.5023199463e+02 6.5022497559e+02 6.5022198486e+02 6.5024102783e+02 6.5022497559e+02
6.4624798584e+02 6.4716302490e+02 6.4858300781e+02 6.4961102295e+02 6.4961199951e+02 6.4940301514e+02 6.4934301758e+02 6.4934301758e+02 6.4934100342e+02 6.4941302490e+02 6.4949298096e+02 6.4951300049e+02 6.4959301758e+02 6.4979699707e+02 6.4975500488e+02 6.4955401611e+02 6.4942999268e+02 6.4945202637e+02 6.4955401611e+02 6.4968597412e+02 6.4970501709e+02 6.4972399902e+02 6.4978002930e+02 6.4980999756e+02 6.4979602051e+02 6.4983398438e+02 6.4980700684e+02 6.4976397705e+02 6.4978002930e+02 6.4981500244e+02 6.4985101318e+02 6.4984497070e+02 6.4983300781e+02 6.4983801270e+02 6.4984497070e+02 6.4992498779e+02 6.5002197266e+02 6.5010198975e+02 6.5013500977e+02 6.5015698242e+02 6.5019897461e+02 6.5021398926e+02 6.5020300293e+02 6.5019799805e+02 6.5021002197e+02 6.5019500732e+02
6.4588702393e+02 6.4616998291e+02 6.4733599854e+02 6.4887402344e+02 6.4963000488e+02 6.4935998535e+02 6.4920098877e+02 6.4917102051e+02 6.4922302246e+02 6.4931097412e+02 6.4944702148e+02 6.4951202393e+02 6.4953698730e+02 6.4961199951e+02 6.4957598877e+02 6.4945800781e+02 6.4938299561e+02 6.4936602783e+02 6.4943200684e+02 6.4956298828e+02 6.4964599609e+02 6.4972497559e+02 6.4977899170e+02 6.4981402588e+02 6.4987799072e+02 6.4998199463e+02 6.4994097900e+02 6.4983197021e+02 6.4976397705e+02 6.4976599121e+02 6.4983599854e+02 6.4981298828e+02 6.4977801514e+02 6.4976300049e+02 6.4978002930e+02 6.4985498047e+02 6.4997198486e+02 6.5007897949e+02 6.5011401367e+02 6.5013598633e+02 6.5016101074e+02 6.5018200684e+02 6.5017401123e+02 6.5017700195e+02 6.5018902588e+02 6.5017199707e+02
6.4586102295e+02 6.4569396973e+02 6.4628302002e+02 6.4791400146e+02 6.4943701172e+02 6.4928497314e+02 6.4911297607e+02 6.4908502197e+02 6.4916497803e+02 6.4918499756e+02 6.4928802490e+02 6.4936199951e+02 6.4934698486e+02 6.4924700928e+02 6.4922100830e+02 6.4927600098e+02 6.4935400391e+02 6.4931896973e+02 6.4936999512e+02 6.4951098633e+02 6.4966497803e+02 6.4977001953e+02 6.4979901123e+02 6.4984100342e+02 6.4996197510e+02 6.5008697510e+02 6.5008801270e+02 6.4998999023e+02 6.4985699463e+02 6.4974499512e+02 6.4978802490e+02 6.4976397705e+02 6.4970599365e+02 6.4971099854e+02 6.4975097656e+02 6.4983099365e+02 6.4995501709e+02 6.5007501221e+02 6.5009197998e+02 6.5009698486e+02 6.5010998535e+02 6.5012902832e+02 6.5013702393e+02 6.5015100098e+02 6.5014202881e+02 6.5014300537e+02
6.4537902832e+02 6.4553698730e+02 6.4597497559e+02 6.4719897461e+02 6.4841601563e+02 6.4905798340e+02 6.4911297607e+02 6.4912500000e+02 6.4920001221e+02 6.4914898682e+02 6.4907897949e+02 6.4901397705e+02 6.4887402344e+02 6.4883197021e+02 6.4893597412e+02 6.4919201660e+02 6.4945397949e+02 6.4933502197e+02 6.4936798096e+02 6.4949102783e+02 6.4966699219e+02 6.4978698730e+02 6.4981799316e+02 6.4986199951e+02 6.4997302246e+02 6.5000500488e+02 6.5001501465e+02 6.4998999023e+02 6.4990301514e+02 6.4971600342e+02 6.4969097900e+02 6.4969500732e+02 6.4967498779e+02 6.4970501709e+02 6.4974700928e+02 6.4982598877e+02 6.4993597412e+02 6.5003900146e+02 6.5005798340e+02 6.5005999756e+02 6.5008801270e+02 6.5010797119e+02 6.5011700439e+02 6.5012402344e+02 6.5009600830e+02 6.5010601807e+02
6.4509802246e+02 6.4515002441e+02 6.4550701904e+02 6.4615301514e+02 6.4708398438e+02 6.4774700928e+02 6.4803698730e+02 6.4831298828e+02 6.4868298340e+02 6.4885900879e+02 6.4886901855e+02 6.4872802734e+02 6.4856298828e+02 6.4858502197e+02 6.4872998047e+02 6.4897900391e+02 6.4930798340e+02 6.4931298828e+02 6.4928002930e+02 6.4934802246e+02 6.4953302002e+02 6.4975897217e+02 6.4988800049e+02 6.4992498779e+02 6.4993798828e+02 6.4996301270e+02 6.4992901611e+02 6.4984802246e+02 6.4975402832e+02 6.4968103027e+02 6.4970697021e+02 6.4969500732e+02 6.4963500977e+02 6.4967102051e+02 6.4972698975e+02 6.4981799316e+02 6.4989001465e+02 6.4998602295e+02 6.5004699707e+02 6.5005200195e+02 6.5003497314e+02 6.5005603027e+02 6.5007800293e+02 6.5009002686e+02 6.5007299805e+02 6.5007897949e+02
6.4493798828e+02 6.4496600342e+02 6.4510797119e+02 6.4545300293e+02 6.4597497559e+02 6.4634600830e+02 6.4667498779e+02 6.4717199707e+02 6.4789898682e+02 6.4835900879e+02 6.4851898193e+02 6.4843103027e+02 6.4825402832e+02 6.4829400635e+02 6.4844097900e+02 6.4867102051e+02 6.4898602295e+02 6.4902697754e+02 6.4901202393e+02 6.4910101318e+02 6.4930700684e+02 6.4962200928e+02 6.4985601807e+02 6.4992401123e+02 6.4987097168e+02 6.4986901855e+02 6.4982501221e+02 6.4972698975e+02 6.4965698242e+02 6.4972601318e+02 6.4980999756e+02 6.4976300049e+02 6.4965399170e+02 6.4967498779e+02 6.4970800781e+02 6.4979101563e+02 6.4987097168e+02 6.4993597412e+02 6.5000299072e+02 6.5003100586e+02 6.5001501465e+02 6.5003198242e+02 6.5004797363e+02 6.5005999756e+02 6.5004302979e+02 6.5005401611e+02
6.4482397461e+02 6.4495397949e+02 6.4499798584e+02 6.4514697266e+02 6.4539599609e+02 6.4558697510e+02 6.4585198975e+02 6.4633898926e+02 6.4709497070e+02 6.4769097900e+02 6.4797601318e+02 6.4800000000e+02 6.4789398193e+02 6.4794799805e+02 6.4810699463e+02 6.4832397461e+02 6.4855798340e+02 6.4860302734e+02 6.4867297363e+02 6.4883001709e+02 6.4906298828e+02 6.4936999512e+02 6.4964501953e+02 6.4975897217e+02 6.4973297119e+02 6.4971899414e+02 6.4968798828e+02 6.4967498779e+02 6.4972198486e+02 6.4980297852e+02 6.4986102295e+02 6.4980499268e+02 6.4968499756e+02 6.4967199707e+02 6.4967999268e+02 6.4973602295e+02 6.4983599854e+02 6.4987902832e+02 6.4992700195e+02 6.4996697998e+02 6.4997900391e+02 6.4998699951e+02 6.5000000000e+02 6.5002398682e+02 6.5000799561e+02 6.5000799561e+02
6.4454101563e+02 6.4480798340e+02 6.4494500732e+02 6.4509197998e+02 6.4529302979e+02 6.4553802490e+02 6.4580200195e+02 6.4610998535e+02 6.4653302002e+02 6.4697198486e+02 6.4723602295e+02 6.4737799072e+02 6.4743402100e+02 6.4759002686e+02 6.4778601074e+02 6.4800097656e+02 6.4818200684e+02 6.4830603027e+02 6.4848797607e+02 6.4870098877e+02 6.4891998291e+02 6.4913598633e+02 6.4933697510e+02 6.4947998047e+02 6.4955401611e+02 6.4961401367e+02 6.4962799072e+02 6.4968103027e+02 6.4980401611e+02 6.4988702393e+02 6.4986602783e+02 6.4980700684e+02 6.4971099854e+02 6.4967401123e+02 6.4968701172e+02 6.4970397949e+02 6.4978497314e+02 6.4985198975e+02 6.4988299561e+02 6.4990698242e+02 6.4990399170e+02 6.4993103027e+02 6.4995898438e+02 6.4998199463e+02 6.4996301270e+02 6.4996600342e+02
6.4432202148e+02 6.4446997070e+02 6.4471002197e+02 6.4492602539e+02 6.4507397461e+02 6.4539202881e+02 6.4580999756e+02 6.4618701172e+02 6.4638299561e+02 6.4656097412e+02 6.4671997070e+02 6.4685998535e+02 6.4703900146e+02 6.4728198242e+02 6.4752398682e+02 6.4777197266e+02 6.4802801514e+02 6.4824597168e+02 6.4846801758e+02 6.4869097900e+02 6.4889001465e+02 6.4903601074e+02 6.4917498779e+02 6.4933898926e+02 6.4947198486e+02 6.4957702637e+02 6.4961499023e+02 6.4966400146e+02 6.4981298828e+02 6.4989599609e+02 6.4990197754e+02 6.4984100342e+02 6.4970397949e+02 6.4966302490e+02 6.4966302490e+02 6.4965399170e+02 6.4971301270e+02 6.4976898193e+02 6.4981896973e+02 6.4986401367e+02 6.4986499023e+02 6.4986798096e+02 6.4990301514e+02 6.4992797852e+02 6.4992901611e+02 6.4992498779e+02
6.4409002686e+02 6.4426098633e+02 6.4452301025e+02 6.4474102783e+02 6.4485900879e+02 6.4519097900e+02 6.4564801025e+02 6.4607598877e+02 6.4620898438e+02 6.4623602295e+02 6.4636700439e+02 6.4650598145e+02 6.4672302246e+02 6.4701702881e+02 6.4730102539e+02 6.4759002686e+02 6.4788897705e+02 6.4813201904e+02 6.4836297607e+02 6.4860400391e+02 6.4883801270e+02 6.4897900391e+02 6.4909802246e+02 6.4927301025e+02 6.4945300293e+02 6.4955200195e+02 6.4960302734e+02 6.4963500977e+02 6.4976000977e+02 6.4981896973e+02 6.4981896973e+02 6.4977697754e+02 6.4969897461e+02 6.4968103027e+02 6.4964501953e+02 6.4959600830e+02 6.4963702393e+02 6.4970599365e+02 6.4977600098e+02 6.4981799316e+02 6.4981597900e+02 6.4982800293e+02 6.4985699463e+02 6.4987402344e+02 6.4987597656e+02 6.4987500000e+02
6.4385498047e+02 6.4405297852e+02 6.4433300781e+02 6.4455401611e+02 6.4465002441e+02 6.4493402100e+02 6.4536499023e+02 6.4578900146e+02 6.4595397949e+02 6.4596697998e+02 6.4609197998e+02 6.4624200439e+02 6.4647198486e+02 6.4678698730e+02 6.4710699463e+02 6.4743200684e+02 6.4774902344e+02 6.4797399902e+02 6.4819799805e+02 6.4845300293e+02 6.4873400879e+02 6.4889801025e+02 6.4902301025e+02 6.4922497559e+02 6.4943798828e+02 6.4941998291e+02 6.4949102783e+02 6.4954699707e+02 6.4962597656e+02 6.4964202881e+02 6.4962298584e+02 6.4965502930e+02 6.4973797607e+02 6.4981597900e+02 6.4975598145e+02 6.4958502197e+02 6.4956097412e+02 6.4964202881e+02 6.4971099854e+02 6.4975201416e+02 6.4977398682e+02 6.4978601074e+02 6.4980200195e+02 6.4981097412e+02 6.4982299805e+02 6.4984100342e+02
6.4366302490e+02 6.4385302734e+02 6.4412701416e+02 6.4435797119e+02 6.4446899414e+02 6.4464697266e+02 6.4496398926e+02 6.4530902100e+02 6.4553302002e+02 6.4572497559e+02 6.4588897705e+02 6.4606201172e+02 6.4632202148e+02 6.4660998535e+02 6.4693902588e+02 6.4727398682e+02 6.4760699463e+02 6.4779901123e+02 6.4800897217e+02 6.4826501465e+02 6.4855102539e+02 6.4876000977e+02 6.4894897461e+02 6.4920501709e+02 6.4949700928e+02 6.4947497559e+02 6.4943597412e+02 6.4942297363e+02 6.4948101807e+02 6.4953002930e+02 6.4952001953e+02 6.4963397217e+02 6.4978997803e+02 6.4992498779e+02 6.4993298340e+02 6.4971398926e+02 6.4954602051e+02 6.4956298828e+02 6.4961700439e+02 6.4967199707e+02 6.4972998047e+02 6.4973901367e+02 6.4974597168e+02 6.4976397705e+02 6.4980102539e+02 6.4981201172e+02
6.4352600098e+02 6.4372100830e+02 6.4394097900e+02 6.4414099121e+02 6.4425799561e+02 6.4438299561e+02 6.4460101318e+02 6.4485797119e+02 6.4514202881e+02 6.4540997314e+02 6.4563201904e+02 6.4584997559e+02 6.4607897949e+02 6.4638500977e+02 6.4670898438e+02 6.4703802490e+02 6.4738000488e+02 6.4760797119e+02 6.4784002686e+02 6.4810699463e+02 6.4839599609e+02 6.4863000488e+02 6.4888702393e+02 6.4917102051e+02 6.4945800781e+02 6.4950897217e+02 6.4945098877e+02 6.4941101074e+02 6.4941998291e+02 6.4946099854e+02 6.4947802734e+02 6.4962500000e+02 6.4976898193e+02 6.4984997559e+02 6.4984997559e+02 6.4971801758e+02 6.4956097412e+02 6.4951300049e+02 6.4959497070e+02 6.4964599609e+02 6.4968402100e+02 6.4971600342e+02 6.4971801758e+02 6.4972601318e+02 6.4974700928e+02 6.4976300049e+02
6.4334802246e+02 6.4356701660e+02 6.4376300049e+02 6.4393103027e+02 6.4404998779e+02 6.4415301514e+02 6.4431597900e+02 6.4451702881e+02 6.4477099609e+02 6.4504400635e+02 6.4528198242e+02 6.4553198242e+02 6.4578698730e+02 6.4608898926e+02 6.4642199707e+02 6.4675897217e+02 6.4710400391e+02 6.4737701416e+02 6.4764898682e+02 6.4794000244e+02 6.4822998047e+02 6.4847900391e+02 6.4875201416e+02 6.4903100586e+02 6.4927301025e+02 6.4940997314e+02 6.4944000244e+02 6.4941699219e+02 6.4942401123e+02 6.4944598389e+02 6.4938201904e+02 6.4946398926e+02 6.4963702393e+02 6.4968798828e+02 6.4964599609e+02 6.4957000732e+02 6.4948199463e+02 6.4944897461e+02 6.4955999756e+02 6.4961401367e+02 6.4964001465e+02 6.4968200684e+02 6.4968402100e+02 6.4967999268e+02 6.4969396973e+02 6.4972601318e+02
6.4311199951e+02 6.4336499023e+02 6.4356298828e+02 6.4371197510e+02 6.4383502197e+02 6.4393902588e+02 6.4406701660e+02 6.4422399902e+02 6.4442700195e+02 6.4466101074e+02 6.4489398193e+02 6.4515698242e+02 6.4544299316e+02 6.4575701904e+02 6.4609399414e+02 6.4643701172e+02 6.4677502441e+02 6.4709301758e+02 6.4741400146e+02 6.4773602295e+02 6.4803198242e+02 6.4828802490e+02 6.4855798340e+02 6.4881500244e+02 6.4900598145e+02 6.4924700928e+02 6.4941302490e+02 6.4943298340e+02 6.4937799072e+02 6.4936602783e+02 6.4929498291e+02 6.4931298828e+02 6.4945697021e+02 6.4951501465e+02 6.4947302246e+02 6.4941601563e+02 6.4935699463e+02 6.4937402344e+02 6.4948400879e+02 6.4953302002e+02 6.4959600830e+02 6.4964300537e+02 6.4963598633e+02 6.4963598633e+02 6.4965899658e+02 6.4969000244e+02
6.4280499268e+02 6.4312500000e+02 6.4335302734e+02 6.4349700928e+02 6.4362200928e+02 6.4374298096e+02 6.4385302734e+02 6.4397100830e+02 6.4409497070e+02 6.4425799561e+02 6.4446099854e+02 6.4471301270e+02 6.4497802734e+02 6.4535198975e+02 6.4569299316e+02 6.4603900146e+02 6.4635900879e+02 6.4673199463e+02 6.4709002686e+02 6.4744097900e+02 6.4775799561e+02 6.4806701660e+02 6.4834301758e+02 6.4859497070e+02 6.4877502441e+02 6.4900897217e+02 6.4927697754e+02 6.4936499023e+02 6.4939202881e+02 6.4939398193e+02 6.4941900635e+02 6.4937500000e+02 6.4932800293e+02 6.4936199951e+02 6.4934301758e+02 6.4930902100e+02 6.4929400635e+02 6.4934301758e+02 6.4941699219e+02 6.4946899414e+02 6.4951702881e+02 6.4955200195e+02 6.4957098389e+02 6.4960998535e+02 6.4963201904e+02 6.4963000488e+02
6.4266601563e+02 6.4297302246e+02 6.4318499756e+02 6.4329602051e+02 6.4340502930e+02 6.4352697754e+02 6.4362200928e+02 6.4370898438e+02 6.4380603027e+02 6.4393402100e+02 6.4411297607e+02 6.4434197998e+02 6.4463201904e+02 6.4495501709e+02 6.4527600098e+02 6.4561102295e+02 6.4599401855e+02 6.4637902832e+02 6.4674102783e+02 6.4710101318e+02 6.4747698975e+02 6.4782598877e+02 6.4812097168e+02 6.4838800049e+02 6.4862298584e+02 6.4884399414e+02 6.4903399658e+02 6.4916101074e+02 6.4935797119e+02 6.4951800537e+02 6.4955798340e+02 6.4946099854e+02 6.4930798340e+02 6.4927899170e+02 6.4925097656e+02 6.4927099609e+02 6.4932598877e+02 6.4936199951e+02 6.4941900635e+02 6.4945202637e+02 6.4947399902e+02 6.4952600098e+02 6.4955902100e+02 6.4959600830e+02 6.4959002686e+02 6.4960302734e+02
6.4255200195e+02 6.4287402344e+02 6.4302600098e+02 6.4307800293e+02 6.4315698242e+02 6.4328399658e+02 6.4338098145e+02 6.4346600342e+02 6.4355603027e+02 6.4368499756e+02 6.4386700439e+02 6.4409197998e+02 6.4436999512e+02 6.4467102051e+02 6.4496600342e+02 6.4528100586e+02 6.4565899658e+02 6.4605499268e+02 6.4642498779e+02 6.4679498291e+02 6.4718200684e+02 6.4755297852e+02 6.4786901855e+02 6.4815002441e+02 6.4843103027e+02 6.4870397949e+02 6.4886901855e+02 6.4897900391e+02 6.4913702393e+02 6.4923999023e+02 6.4927099609e+02 6.4922497559e+02 6.4918798828e+02 6.4920501709e+02 6.4924102783e+02 6.4929400635e+02 6.4934301758e+02 6.4936700439e+02 6.4941101074e+02 6.4942700195e+02 6.4942901611e+02 6.4949102783e+02 6.4953997803e+02 6.4957000732e+02 6.4956896973e+02 6.4958001709e+02
6.4233697510e+02 6.4267401123e+02 6.4278302002e+02 6.4279302979e+02 6.4287200928e+02 6.4303002930e+02 6.4315002441e+02 6.4325598145e+02 6.4335900879e+02 6.4349902344e+02 6.4369396973e+02 6.4392401123e+02 6.4418402100e+02 6.4445202637e+02 6.4472198486e+02 6.4501202393e+02 6.4536199951e+02 6.4574597168e+02 6.4611700439e+02 6.4649298096e+02 6.4689001465e+02 6.4728002930e+02 6.4760998535e+02 6.4789898682e+02 6.4816198730e+02 6.4847198486e+02 6.4868701172e+02 6.4880700684e+02 6.4892797852e+02 6.4901702881e+02 6.4907397461e+02 6.4908502197e+02 6.4908697510e+02 6.4917700195e+02 6.4928900146e+02 6.4931298828e+02 6.4929901123e+02 6.4931500244e+02 6.4936499023e+02 6.4938500977e+02 6.4938098145e+02 6.4945202637e+02 6.4950201416e+02 6.4953198242e+02 6.4957098389e+02 6.4957098389e+02
