TESTSERVER/3/3.asc
NCOLS 100
NROWS 100
XLLCORNER 7.6497500000e+03
YLLCORNER 2.8980025000e+05
CELLSIZE 5.0000000000e-01
NODATA_VALUE -9.9990000000e+03
[rows 40 to 59 of 100, columns 46 to 91 of 100]
6.3819097900e+02 6.3825598145e+02 6.3836700439e+02 6.3847198486e+02 6.3857702637e+02 6.3869201660e+02 6.3881701660e+02 6.3894598389e+02 6.3908001709e+02 6.3923901367e+02 6.3937799072e+02 6.3951800537e+02 6.3963500977e+02 6.3979101563e+02 6.4001898193e+02 6.4029498291e+02 6.4060900879e+02 6.4091101074e+02 6.4113299561e+02 6.4131298828e+02 6.4143902588e+02 6.4153497314e+02 6.4167797852e+02 6.4182598877e+02 6.4196801758e+02 6.4210699463e+02 6.4227197266e+02 6.4246697998e+02 6.4267401123e+02 6.4295501709e+02 6.4326599121e+02 6.4362799072e+02 6.4405297852e+02 6.4441302490e+02 6.4461901855e+02 6.4538201904e+02 6.4675000000e+02 6.4863397217e+02 6.4920800781e+02 6.4921502686e+02 6.4912902832e+02 6.4922100830e+02 6.4942401123e+02 6.4967999268e+02 6.4982702637e+02 6.4994000244e+02
6.3795202637e+02 6.3803900146e+02 6.3815002441e+02 6.3825500488e+02 6.3835601807e+02 6.3846801758e+02 6.3859100342e+02 6.3871899414e+02 6.3886102295e+02 6.3900701904e+02 6.3914599609e+02 6.3928802490e+02 6.3941198730e+02 6.3956896973e+02 6.3978100586e+02 6.4002697754e+02 6.4031097412e+02 6.4058099365e+02 6.4081097412e+02 6.4101501465e+02 6.4116400146e+02 6.4129400635e+02 6.4145300293e+02 6.4160900879e+02 6.4175799561e+02 6.4188702393e+02 6.4203002930e+02 6.4219702148e+02 6.4240997314e+02 6.4267199707e+02 6.4296398926e+02 6.4330200195e+02 6.4376300049e+02 6.4406201172e+02 6.4426800537e+02 6.4476000977e+02 6.4594799805e+02 6.4767199707e+02 6.4867102051e+02 6.4899798584e+02 6.4895001221e+02 6.4905499268e+02 6.4927502441e+02 6.4955297852e+02 6.4974102783e+02 6.4984301758e+02
6.3768597412e+02 6.3779699707e+02 6.3791400146e+02 6.3802801514e+02 6.3813598633e+02 6.3825097656e+02 6.3837701416e+02 6.3850799561e+02 6.3864898682e+02 6.3878997803e+02 6.3892602539e+02 6.3906597900e+02 6.3919598389e+02 6.3934997559e+02 6.3954302979e+02 6.3976098633e+02 6.4000701904e+02 6.4025701904e+02 6.4047998047e+02 6.4068499756e+02 6.4086102295e+02 6.4102801514e+02 6.4120898438e+02 6.4138702393e+02 6.4155603027e+02 6.4170898438e+02 6.4186700439e+02 6.4203399658e+02 6.4223199463e+02 6.4246600342e+02 6.4272998047e+02 6.4303399658e+02 6.4345599365e+02 6.4375500488e+02 6.4393298340e+02 6.4427301025e+02 6.4524499512e+02 6.4687402344e+02 6.4796301270e+02 6.4854901123e+02 6.4876202393e+02 6.4884802246e+02 6.4902600098e+02 6.4929699707e+02 6.4953399658e+02 6.4969897461e+02
6.3740802002e+02 6.3754101563e+02 6.3767102051e+02 6.3779699707e+02 6.3791900635e+02 6.3804199219e+02 6.3817297363e+02 6.3830700684e+02 6.3844598389e+02 6.3858197021e+02 6.3871502686e+02 6.3885101318e+02 6.3898602295e+02 6.3913897705e+02 6.3931201172e+02 6.3950299072e+02 6.3971002197e+02 6.3993402100e+02 6.4014398193e+02 6.4034802246e+02 6.4054602051e+02 6.4074597168e+02 6.4095098877e+02 6.4115301514e+02 6.4135302734e+02 6.4155700684e+02 6.4175000000e+02 6.4193298340e+02 6.4211700439e+02 6.4231799316e+02 6.4254602051e+02 6.4280700684e+02 6.4315502930e+02 6.4344396973e+02 6.4364898682e+02 6.4392602539e+02 6.4464202881e+02 6.4599597168e+02 6.4713098145e+02 6.4798602295e+02 6.4852301025e+02 6.4862799072e+02 6.4871997070e+02 6.4891601563e+02 6.4914202881e+02 6.4931201172e+02
6.3712402344e+02 6.3727899170e+02 6.3742297363e+02 6.3756097412e+02 6.3771301270e+02 6.3785900879e+02 6.3798901367e+02 6.3811798096e+02 6.3824798584e+02 6.3839099121e+02 6.3852301025e+02 6.3865698242e+02 6.3879498291e+02 6.3893103027e+02 6.3908599854e+02 6.3924902344e+02 6.3943402100e+02 6.3962799072e+02 6.3981500244e+02 6.4001098633e+02 6.4020397949e+02 6.4045697021e+02 6.4069201660e+02 6.4092401123e+02 6.4115502930e+02 6.4139099121e+02 6.4163098145e+02 6.4184997559e+02 6.4204101563e+02 6.4221502686e+02 6.4241601563e+02 6.4263598633e+02 6.4290002441e+02 6.4314300537e+02 6.4337500000e+02 6.4366101074e+02 6.4412799072e+02 6.4504199219e+02 6.4612902832e+02 6.4720098877e+02 6.4805200195e+02 6.4839599609e+02 6.4844396973e+02 6.4853698730e+02 6.4875500488e+02 6.4884698486e+02
6.3685601807e+02 6.3703198242e+02 6.3719897461e+02 6.3735498047e+02 6.3752502441e+02 6.3769000244e+02 6.3782397461e+02 6.3795001221e+02 6.3807702637e+02 6.3821099854e+02 6.3834002686e+02 6.3846899414e+02 6.3859002686e+02 6.3871801758e+02 6.3886700439e+02 6.3902502441e+02 6.3919000244e+02 6.3935302734e+02 6.3953198242e+02 6.3972601318e+02 6.3995098877e+02 6.4021002197e+02 6.4045001221e+02 6.4069000244e+02 6.4093103027e+02 6.4118701172e+02 6.4144097900e+02 6.4168597412e+02 6.4190100098e+02 6.4209301758e+02 6.4228997803e+02 6.4249597168e+02 6.4273400879e+02 6.4295202637e+02 6.4314398193e+02 6.4339697266e+02 6.4374902344e+02 6.4441601563e+02 6.4535601807e+02 6.4639801025e+02 6.4760998535e+02 6.4815802002e+02 6.4826300049e+02 6.4836499023e+02 6.4849298096e+02 6.4861297607e+02
6.3661199951e+02 6.3680902100e+02 6.3699499512e+02 6.3716900635e+02 6.3734002686e+02 6.3750201416e+02 6.3764398193e+02 6.3777801514e+02 6.3790002441e+02 6.3802099609e+02 6.3814398193e+02 6.3826702881e+02 6.3838000488e+02 6.3850097656e+02 6.3864801025e+02 6.3880603027e+02 6.3895800781e+02 6.3910900879e+02 6.3928997803e+02 6.3948498535e+02 6.3971697998e+02 6.3997198486e+02 6.4020599365e+02 6.4044396973e+02 6.4069598389e+02 6.4096801758e+02 6.4123602295e+02 6.4149700928e+02 6.4174102783e+02 6.4195001221e+02 6.4214697266e+02 6.4234301758e+02 6.4257397461e+02 6.4278802490e+02 6.4295202637e+02 6.4315698242e+02 6.4347698975e+02 6.4405603027e+02 6.4491601563e+02 6.4594500732e+02 6.4723699951e+02 6.4787701416e+02 6.4803399658e+02 6.4814599609e+02 6.4820300293e+02 6.4833001709e+02
6.3638598633e+02 6.3659197998e+02 6.3678802490e+02 6.3697399902e+02 6.3714501953e+02 6.3730297852e+02 6.3745202637e+02 6.3759399414e+02 6.3771398926e+02 6.3782098389e+02 6.3793902588e+02 6.3805603027e+02 6.3816302490e+02 6.3827801514e+02 6.3842199707e+02 6.3857897949e+02 6.3873101807e+02 6.3888500977e+02 6.3906799316e+02 6.3926702881e+02 6.3949902344e+02 6.3974102783e+02 6.3996801758e+02 6.4020098877e+02 6.4045300293e+02 6.4073297119e+02 6.4101000977e+02 6.4128497314e+02 6.4155603027e+02 6.4178900146e+02 6.4199102783e+02 6.4218597412e+02 6.4240997314e+02 6.4261999512e+02 6.4276898193e+02 6.4294396973e+02 6.4323101807e+02 6.4373699951e+02 6.4454901123e+02 6.4560498047e+02 6.4697302246e+02 6.4766198730e+02 6.4778900146e+02 6.4783001709e+02 6.4784399414e+02 6.4793902588e+02
6.3616302490e+02 6.3636602783e+02 6.3656298828e+02 6.3675500488e+02 6.3692797852e+02 6.3708398438e+02 6.3724597168e+02 6.3739697266e+02 6.3752899170e+02 6.3761199951e+02 6.3771600342e+02 6.3782098389e+02 6.3790802002e+02 6.3803900146e+02 6.3817999268e+02 6.3833801270e+02 6.3850799561e+02 6.3867498779e+02 6.3886297607e+02 6.3906500244e+02 6.3929199219e+02 6.3951898193e+02 6.3974200439e+02 6.3997100830e+02 6.4021997070e+02 6.4048602295e+02 6.4076300049e+02 6.4104498291e+02 6.4131597900e+02 6.4158801270e+02 6.4181097412e+02 6.4201702881e+02 6.4221801758e+02 6.4242498779e+02 6.4259301758e+02 6.4276702881e+02 6.4292602539e+02 6.4334197998e+02 6.4418200684e+02 6.4534802246e+02 6.4686700439e+02 6.4763800049e+02 6.4770898438e+02 6.4757299805e+02 6.4750000000e+02 6.4754699707e+02
6.3593902588e+02 6.3611602783e+02 6.3628802490e+02 6.3646002197e+02 6.3665399170e+02 6.3684600830e+02 6.3701702881e+02 6.3717297363e+02 6.3729699707e+02 6.3738098145e+02 6.3747802734e+02 6.3757598877e+02 6.3767102051e+02 6.3778302002e+02 6.3792199707e+02 6.3808099365e+02 6.3826300049e+02 6.3845001221e+02 6.3864599609e+02 6.3885400391e+02 6.3907397461e+02 6.3929901123e+02 6.3952398682e+02 6.3975500488e+02 6.3999102783e+02 6.4025000000e+02 6.4051898193e+02 6.4079498291e+02 6.4109301758e+02 6.4137402344e+02 6.4161499023e+02 6.4183398438e+02 6.4203399658e+02 6.4221801758e+02 6.4240100098e+02 6.4258300781e+02 6.4270501709e+02 6.4298999023e+02 6.4369598389e+02 6.4476800537e+02 6.4624798584e+02 6.4734899902e+02 6.4758898926e+02 6.4745599365e+02 6.4730297852e+02 6.4729498291e+02
6.3569097900e+02 6.3584399414e+02 6.3600897217e+02 6.3619097900e+02 6.3640197754e+02 6.3660302734e+02 6.3677600098e+02 6.3693298340e+02 6.3705700684e+02 6.3714599609e+02 6.3724597168e+02 6.3734497070e+02 6.3743499756e+02 6.3753900146e+02 6.3767498779e+02 6.3783197021e+02 6.3801702881e+02 6.3821600342e+02 6.3841900635e+02 6.3863098145e+02 6.3884997559e+02 6.3907098389e+02 6.3929498291e+02 6.3952398682e+02 6.3975701904e+02 6.4001000977e+02 6.4027697754e+02 6.4055102539e+02 6.4085797119e+02 6.4115802002e+02 6.4140899658e+02 6.4163800049e+02 6.4184301758e+02 6.4202099609e+02 6.4219799805e+02 6.4237500000e+02 6.4250402832e+02 6.4265002441e+02 6.4314099121e+02 6.4399597168e+02 6.4536798096e+02 6.4667901611e+02 6.4715802002e+02 6.4720300293e+02 6.4710302734e+02 6.4707299805e+02
6.3553100586e+02 6.3560900879e+02 6.3575097656e+02 6.3594598389e+02 6.3616900635e+02 6.3636199951e+02 6.3653399658e+02 6.3668798828e+02 6.3681402588e+02 6.3691101074e+02 6.3701397705e+02 6.3711499023e+02 6.3720300293e+02 6.3729998779e+02 6.3743200684e+02 6.3758599854e+02 6.3777197266e+02 6.3797900391e+02 6.3818798828e+02 6.3840399170e+02 6.3862097168e+02 6.3883599854e+02 6.3905902100e+02 6.3928698730e+02 6.3951599121e+02 6.3976300049e+02 6.4002600098e+02 6.4029901123e+02 6.4060998535e+02 6.4092297363e+02 6.4118499756e+02 6.4142498779e+02 6.4164300537e+02 6.4182000732e+02 6.4199597168e+02 6.4217297363e+02 6.4233197021e+02 6.4240002441e+02 6.4268902588e+02 6.4331201172e+02 6.4444799805e+02 6.4582702637e+02 6.4657098389e+02 6.4687402344e+02 6.4691101074e+02 6.4688598633e+02
6.3548699951e+02 6.3546301270e+02 6.3554901123e+02 6.3572698975e+02 6.3594897461e+02 6.3613299561e+02 6.3629998779e+02 6.3645001221e+02 6.3657397461e+02 6.3668200684e+02 6.3679498291e+02 6.3690197754e+02 6.3699798584e+02 6.3707800293e+02 6.3720300293e+02 6.3735198975e+02 6.3753802490e+02 6.3774401855e+02 6.3795501709e+02 6.3817297363e+02 6.3839001465e+02 6.3859802246e+02 6.3881597900e+02 6.3903601074e+02 6.3924298096e+02 6.3949700928e+02 6.3975701904e+02 6.4003002930e+02 6.4034002686e+02 6.4065698242e+02 6.4092999268e+02 6.4118499756e+02 6.4141699219e+02 6.4160699463e+02 6.4178601074e+02 6.4196899414e+02 6.4216699219e+02 6.4228198242e+02 6.4246899414e+02 6.4288397217e+02 6.4371197510e+02 6.4489501953e+02 6.4583099365e+02 6.4648400879e+02 6.4682501221e+02 6.4672698975e+02
6.3552502441e+02 6.3542999268e+02 6.3540502930e+02 6.3551501465e+02 6.3573297119e+02 6.3590502930e+02 6.3606201172e+02 6.3620800781e+02 6.3634197998e+02 6.3646899414e+02 6.3659497070e+02 6.3671301270e+02 6.3680200195e+02 6.3688800049e+02 6.3700500488e+02 6.3714599609e+02 6.3731701660e+02 6.3751098633e+02 6.3771002197e+02 6.3791998291e+02 6.3813598633e+02 6.3834600830e+02 6.3855798340e+02 6.3877001953e+02 6.3898400879e+02 6.3922100830e+02 6.3947399902e+02 6.3974401855e+02 6.4005102539e+02 6.4035998535e+02 6.4064001465e+02 6.4090698242e+02 6.4116497803e+02 6.4137799072e+02 6.4157202148e+02 6.4176898193e+02 6.4198602295e+02 6.4213201904e+02 6.4233599854e+02 6.4270300293e+02 6.4332299805e+02 6.4428900146e+02 6.4530102539e+02 6.4617602539e+02 6.4668597412e+02 6.4663500977e+02
6.3556097412e+02 6.3545001221e+02 6.3534600830e+02 6.3535302734e+02 6.3550598145e+02 6.3567401123e+02 6.3582098389e+02 6.3596301270e+02 6.3611102295e+02 6.3625500488e+02 6.3638897705e+02 6.3651300049e+02 6.3660998535e+02 6.3669598389e+02 6.3680999756e+02 6.3694500732e+02 6.3710302734e+02 6.3727801514e+02 6.3746502686e+02 6.3766497803e+02 6.3788000488e+02 6.3809301758e+02 6.3830200195e+02 6.3851202393e+02 6.3872302246e+02 6.3895300293e+02 6.3919799805e+02 6.3946197510e+02 6.3975598145e+02 6.4006201172e+02 6.4034899902e+02 6.4062500000e+02 6.4089697266e+02 6.4113598633e+02 6.4134997559e+02 6.4156402588e+02 6.4179199219e+02 6.4194500732e+02 6.4214001465e+02 6.4247802734e+02 6.4301702881e+02 6.4392901611e+02 6.4496502686e+02 6.4590502930e+02 6.4655102539e+02 6.4662097168e+02
6.3554901123e+02 6.3546899414e+02 6.3535400391e+02 6.3527301025e+02 6.3530401611e+02 6.3545397949e+02 6.3559002686e+02 6.3572601318e+02 6.3588500977e+02 6.3604498291e+02 6.3618499756e+02 6.3631597900e+02 6.3641998291e+02 6.3650701904e+02 6.3661798096e+02 6.3674902344e+02 6.3689398193e+02 6.3704699707e+02 6.3722198486e+02 6.3740997314e+02 6.3762402344e+02 6.3784197998e+02 6.3804797363e+02 6.3825598145e+02 6.3846197510e+02 6.3868298340e+02 6.3892199707e+02 6.3917797852e+02 6.3945898438e+02 6.3975897217e+02 6.4005102539e+02 6.4033502197e+02 6.4061602783e+02 6.4087902832e+02 6.4111602783e+02 6.4134698486e+02 6.4158398438e+02 6.4174700928e+02 6.4193597412e+02 6.4223999023e+02 6.4275201416e+02 6.4361901855e+02 6.4460699463e+02 6.4554602051e+02 6.4631298828e+02 6.4658697510e+02
6.3552801514e+02 6.3547399902e+02 6.3539202881e+02 6.3527398682e+02 6.3519097900e+02 6.3524102783e+02 6.3534899902e+02 6.3549102783e+02 6.3566601563e+02 6.3582702637e+02 6.3597302246e+02 6.3610900879e+02 6.3621502686e+02 6.3631402588e+02 6.3642401123e+02 6.3654699707e+02 6.3668597412e+02 6.3682598877e+02 6.3698297119e+02 6.3715600586e+02 6.3735400391e+02 6.3757598877e+02 6.3777600098e+02 6.3797998047e+02 6.3817199707e+02 6.3840399170e+02 6.3863299561e+02 6.3887799072e+02 6.3912701416e+02 6.3944000244e+02 6.3973297119e+02 6.4002502441e+02 6.4028698730e+02 6.4058197021e+02 6.4085601807e+02 6.4112097168e+02 6.4137597656e+02 6.4158398438e+02 6.4181097412e+02 6.4208599854e+02 6.4245300293e+02 6.4317901611e+02 6.4399401855e+02 6.4484100342e+02 6.4573297119e+02 6.4637701416e+02
6.3550299072e+02 6.3546099854e+02 6.3539898682e+02 6.3529302979e+02 6.3516601563e+02 6.3512402344e+02 6.3514801025e+02 6.3524499512e+02 6.3543701172e+02 6.3560797119e+02 6.3574798584e+02 6.3588098145e+02 6.3600201416e+02 6.3610797119e+02 6.3621502686e+02 6.3632897949e+02 6.3645697021e+02 6.3659301758e+02 6.3674298096e+02 6.3691101074e+02 6.3711297607e+02 6.3731799316e+02 6.3751202393e+02 6.3771197510e+02 6.3792297363e+02 6.3813702393e+02 6.3835797119e+02 6.3859399414e+02 6.3884698486e+02 6.3912200928e+02 6.3941101074e+02 6.3971099854e+02 6.4000897217e+02 6.4030999756e+02 6.4061798096e+02 6.4090698242e+02 6.4116101074e+02 6.4140100098e+02 6.4166497803e+02 6.4194500732e+02 6.4218701172e+02 6.4265802002e+02 6.4328497314e+02 6.4399499512e+02 6.4496099854e+02 6.4572601318e+02
6.3547399902e+02 6.3543701172e+02 6.3539099121e+02 6.3531201172e+02 6.3519702148e+02 6.3511102295e+02 6.3506597900e+02 6.3509002686e+02 6.3524298096e+02 6.3542199707e+02 6.3555603027e+02 6.3568298340e+02 6.3580499268e+02 6.3591302490e+02 6.3601599121e+02 6.3612402344e+02 6.3623999023e+02 6.3637298584e+02 6.3652197266e+02 6.3668701172e+02 6.3688598633e+02 6.3708801270e+02 6.3727801514e+02 6.3747601318e+02 6.3768200684e+02 6.3788702393e+02 6.3810400391e+02 6.3833502197e+02 6.3857299805e+02 6.3883001709e+02 6.3911700439e+02 6.3942199707e+02 6.3974499512e+02 6.4008197021e+02 6.4040301514e+02 6.4069702148e+02 6.4094000244e+02 6.4115399170e+02 6.4139697266e+02 6.4165997314e+02 6.4187298584e+02 6.4220599365e+02 6.4270501709e+02 6.4330200195e+02 6.4409399414e+02 6.4487298584e+02
6.3544000244e+02 6.3539898682e+02 6.3536602783e+02 6.3531597900e+02 6.3523901367e+02 6.3514501953e+02 6.3505200195e+02 6.3501000977e+02 6.3509301758e+02 6.3525500488e+02 6.3538397217e+02 6.3550500488e+02 6.3562298584e+02 6.3572998047e+02 6.3582800293e+02 6.3592797852e+02 6.3603802490e+02 6.3617297363e+02 6.3632000732e+02 6.3648297119e+02 6.3667498779e+02 6.3686901855e+02 6.3705603027e+02 6.3725097656e+02 6.3744897461e+02 6.3764599609e+02 6.3785699463e+02 6.3808300781e+02 6.3830798340e+02 6.3854998779e+02 6.3883398438e+02 6.3914501953e+02 6.3949499512e+02 6.3986297607e+02 6.4019097900e+02 6.4048101807e+02 6.4070599365e+02 6.4088299561e+02 6.4109399414e+02 6.4132598877e+02 6.4151702881e+02 6.4174499512e+02 6.4212799072e+02 6.4261602783e+02 6.4319299316e+02 6.4390600586e+02
