TESTSERVER/3/4.asc
NCOLS 100
NROWS 100
XLLCORNER 7.6497500000e+03
YLLCORNER 2.8975025000e+05
CELLSIZE 5.0000000000e-01
NODATA_VALUE -9.9990000000e+03
[rows 80 to 99 of 100, columns 46 to 91 of 100]
6.2488897705e+02 6.2499597168e+02 6.2512902832e+02 6.2531500244e+02 6.2544201660e+02 6.2538201904e+02 6.2529602051e+02 6.2529199219e+02 6.2532598877e+02 6.2537597656e+02 6.2547802734e+02 6.2556597900e+02 6.2559997559e+02 6.2553900146e+02 6.2543701172e+02 6.2532000732e+02 6.2523797607e+02 6.2523400879e+02 6.2524401855e+02 6.2524298096e+02 6.2520202637e+02 6.2513897705e+02 6.2514300537e+02 6.2518499756e+02 6.2520397949e+02 6.2517700195e+02 6.2513598633e+02 6.2509399414e+02 6.2503302002e+02 6.2496398926e+02 6.2488500977e+02 6.2486401367e+02 6.2493402100e+02 6.2503302002e+02 6.2513702393e+02 6.2525500488e+02 6.2539599609e+02 6.2554101563e+02 6.2568499756e+02 6.2582800293e+02 6.2596899414e+02 6.2609399414e+02 6.2622497559e+02 6.2635699463e+02 6.2649102783e+02 6.2663598633e+02
6.2487902832e+02 6.2511102295e+02 6.2530798340e+02 6.2546197510e+02 6.2548602295e+02 6.2540802002e+02 6.2537097168e+02 6.2545001221e+02 6.2555499268e+02 6.2562902832e+02 6.2572100830e+02 6.2578497314e+02 6.2579400635e+02 6.2575598145e+02 6.2568701172e+02 6.2559802246e+02 6.2552301025e+02 6.2550299072e+02 6.2548901367e+02 6.2547198486e+02 6.2542700195e+02 6.2535400391e+02 6.2536602783e+02 6.2539501953e+02 6.2538397217e+02 6.2530297852e+02 6.2522900391e+02 6.2515997314e+02 6.2509497070e+02 6.2501300049e+02 6.2495202637e+02 6.2495501709e+02 6.2504302979e+02 6.2514202881e+02 6.2524102783e+02 6.2535797119e+02 6.2550598145e+02 6.2565600586e+02 6.2580700684e+02 6.2595800781e+02 6.2610400391e+02 6.2624798584e+02 6.2637701416e+02 6.2650000000e+02 6.2662500000e+02 6.2676202393e+02
6.2480999756e+02 6.2508898926e+02 6.2530401611e+02 6.2542199707e+02 6.2540997314e+02 6.2540600586e+02 6.2548199463e+02 6.2562500000e+02 6.2573901367e+02 6.2579797363e+02 6.2588000488e+02 6.2593597412e+02 6.2593499756e+02 6.2592401123e+02 6.2590899658e+02 6.2587200928e+02 6.2581896973e+02 6.2578802490e+02 6.2576397705e+02 6.2573999023e+02 6.2570501709e+02 6.2568499756e+02 6.2571301270e+02 6.2572399902e+02 6.2566497803e+02 6.2554199219e+02 6.2541802979e+02 6.2529901123e+02 6.2519201660e+02 6.2509497070e+02 6.2502801514e+02 6.2503601074e+02 6.2514300537e+02 6.2525799561e+02 6.2536901855e+02 6.2548999023e+02 6.2562500000e+02 6.2577301025e+02 6.2592700195e+02 6.2608197021e+02 6.2623797607e+02 6.2638702393e+02 6.2651397705e+02 6.2663201904e+02 6.2675097656e+02 6.2688500977e+02
6.2473101807e+02 6.2499700928e+02 6.2519897461e+02 6.2530401611e+02 6.2533801270e+02 6.2543298340e+02 6.2560699463e+02 6.2576397705e+02 6.2582000732e+02 6.2585400391e+02 6.2594201660e+02 6.2601800537e+02 6.2602899170e+02 6.2604400635e+02 6.2608898926e+02 6.2612298584e+02 6.2611499023e+02 6.2608197021e+02 6.2605499268e+02 6.2603302002e+02 6.2602301025e+02 6.2607000732e+02 6.2612200928e+02 6.2611901855e+02 6.2602001953e+02 6.2585699463e+02 6.2568103027e+02 6.2550201416e+02 6.2533801270e+02 6.2521197510e+02 6.2512402344e+02 6.2512200928e+02 6.2523400879e+02 6.2537500000e+02 6.2550598145e+02 6.2563598633e+02 6.2575500488e+02 6.2589501953e+02 6.2604998779e+02 6.2621002197e+02 6.2637298584e+02 6.2652502441e+02 6.2664697266e+02 6.2675598145e+02 6.2687097168e+02 6.2700097656e+02
6.2469299316e+02 6.2498400879e+02 6.2518701172e+02 6.2529302979e+02 6.2537597656e+02 6.2549200439e+02 6.2568597412e+02 6.2581201172e+02 6.2580902100e+02 6.2586700439e+02 6.2597998047e+02 6.2608502197e+02 6.2611297607e+02 6.2613500977e+02 6.2622900391e+02 6.2634497070e+02 6.2643701172e+02 6.2640197754e+02 6.2635998535e+02 6.2633197021e+02 6.2636700439e+02 6.2645501709e+02 6.2652398682e+02 6.2650000000e+02 6.2636999512e+02 6.2619897461e+02 6.2598498535e+02 6.2575000000e+02 6.2551300049e+02 6.2536401367e+02 6.2525402832e+02 6.2522900391e+02 6.2528002930e+02 6.2546801758e+02 6.2564001465e+02 6.2578900146e+02 6.2588598633e+02 6.2601702881e+02 6.2617901611e+02 6.2634600830e+02 6.2651702881e+02 6.2666302490e+02 6.2677801514e+02 6.2687799072e+02 6.2697698975e+02 6.2710797119e+02
6.2468298340e+02 6.2499298096e+02 6.2517797852e+02 6.2525701904e+02 6.2533697510e+02 6.2546197510e+02 6.2564697266e+02 6.2577197266e+02 6.2579901123e+02 6.2589801025e+02 6.2603399658e+02 6.2614501953e+02 6.2617797852e+02 6.2622900391e+02 6.2636999512e+02 6.2655999756e+02 6.2672497559e+02 6.2672698975e+02 6.2661901855e+02 6.2653802490e+02 6.2659698486e+02 6.2676300049e+02 6.2685498047e+02 6.2681799316e+02 6.2670300293e+02 6.2651702881e+02 6.2626501465e+02 6.2597399902e+02 6.2568701172e+02 6.2547900391e+02 6.2533697510e+02 6.2531201172e+02 6.2540100098e+02 6.2557098389e+02 6.2574700928e+02 6.2589300537e+02 6.2599401855e+02 6.2612597656e+02 6.2628802490e+02 6.2646301270e+02 6.2662902832e+02 6.2676501465e+02 6.2687902832e+02 6.2698199463e+02 6.2709100342e+02 6.2721600342e+02
6.2467498779e+02 6.2493298340e+02 6.2509997559e+02 6.2517999268e+02 6.2525897217e+02 6.2535601807e+02 6.2551898193e+02 6.2568200684e+02 6.2579302979e+02 6.2592797852e+02 6.2609600830e+02 6.2623400879e+02 6.2629400635e+02 6.2635699463e+02 6.2649102783e+02 6.2666802979e+02 6.2684600830e+02 6.2683599854e+02 6.2669299316e+02 6.2660601807e+02 6.2670800781e+02 6.2693798828e+02 6.2707000732e+02 6.2707299805e+02 6.2699700928e+02 6.2679998779e+02 6.2651599121e+02 6.2618402100e+02 6.2585101318e+02 6.2556799316e+02 6.2538800049e+02 6.2537298584e+02 6.2550799561e+02 6.2567602539e+02 6.2583898926e+02 6.2597998047e+02 6.2609802246e+02 6.2622497559e+02 6.2638299561e+02 6.2656097412e+02 6.2673498535e+02 6.2685998535e+02 6.2697698975e+02 6.2708898926e+02 6.2720898438e+02 6.2732800293e+02
6.2471197510e+02 6.2488598633e+02 6.2504498291e+02 6.2514599609e+02 6.2521997070e+02 6.2528100586e+02 6.2539599609e+02 6.2558099365e+02 6.2579699707e+02 6.2598400879e+02 6.2619598389e+02 6.2638397217e+02 6.2650000000e+02 6.2655603027e+02 6.2662097168e+02 6.2669897461e+02 6.2679302979e+02 6.2674499512e+02 6.2659899902e+02 6.2654998779e+02 6.2671099854e+02 6.2698400879e+02 6.2716101074e+02 6.2721398926e+02 6.2719201660e+02 6.2698999023e+02 6.2669897461e+02 6.2635699463e+02 6.2600402832e+02 6.2566101074e+02 6.2544799805e+02 6.2543499756e+02 6.2560699463e+02 6.2579199219e+02 6.2594897461e+02 6.2608801270e+02 6.2621099854e+02 6.2632897949e+02 6.2648297119e+02 6.2666699219e+02 6.2685302734e+02 6.2696697998e+02 6.2708099365e+02 6.2720300293e+02 6.2733197021e+02 6.2743798828e+02
6.2477697754e+02 6.2487402344e+02 6.2502697754e+02 6.2516198730e+02 6.2526800537e+02 6.2531402588e+02 6.2538702393e+02 6.2556201172e+02 6.2582800293e+02 6.2607702637e+02 6.2632098389e+02 6.2656500244e+02 6.2678698730e+02 6.2683300781e+02 6.2678497314e+02 6.2670098877e+02 6.2665002441e+02 6.2656298828e+02 6.2644201660e+02 6.2644897461e+02 6.2666900635e+02 6.2696801758e+02 6.2717700195e+02 6.2726898193e+02 6.2724902344e+02 6.2704699707e+02 6.2676702881e+02 6.2645800781e+02 6.2615899658e+02 6.2580401611e+02 6.2558398438e+02 6.2554901123e+02 6.2570397949e+02 6.2592297363e+02 6.2608898926e+02 6.2622399902e+02 6.2633898926e+02 6.2646002197e+02 6.2660699463e+02 6.2679101563e+02 6.2699102783e+02 6.2708502197e+02 6.2718402100e+02 6.2731298828e+02 6.2746002197e+02 6.2755200195e+02
6.2472698975e+02 6.2480603027e+02 6.2498199463e+02 6.2520397949e+02 6.2540698242e+02 6.2541601563e+02 6.2542999268e+02 6.2560900879e+02 6.2589599609e+02 6.2616998291e+02 6.2644097900e+02 6.2672698975e+02 6.2698400879e+02 6.2702398682e+02 6.2689801025e+02 6.2676599121e+02 6.2672497559e+02 6.2665600586e+02 6.2653302002e+02 6.2652099609e+02 6.2672802734e+02 6.2698101807e+02 6.2717199707e+02 6.2724798584e+02 6.2717102051e+02 6.2695501709e+02 6.2670599365e+02 6.2646301270e+02 6.2624102783e+02 6.2593798828e+02 6.2574102783e+02 6.2570202637e+02 6.2584399414e+02 6.2606097412e+02 6.2622198486e+02 6.2634600830e+02 6.2645599365e+02 6.2657897949e+02 6.2671899414e+02 6.2689697266e+02 6.2708599854e+02 6.2715698242e+02 6.2723699951e+02 6.2737902832e+02 6.2753698730e+02 6.2764801025e+02
6.2464697266e+02 6.2475402832e+02 6.2492999268e+02 6.2516198730e+02 6.2537902832e+02 6.2539202881e+02 6.2543103027e+02 6.2564801025e+02 6.2594897461e+02 6.2624902344e+02 6.2655499268e+02 6.2685797119e+02 6.2707598877e+02 6.2707702637e+02 6.2699200439e+02 6.2693902588e+02 6.2697302246e+02 6.2693597412e+02 6.2679101563e+02 6.2670800781e+02 6.2682098389e+02 6.2698400879e+02 6.2711602783e+02 6.2716900635e+02 6.2705200195e+02 6.2682299805e+02 6.2662097168e+02 6.2645001221e+02 6.2628497314e+02 6.2601898193e+02 6.2584698486e+02 6.2582501221e+02 6.2597100830e+02 6.2617797852e+02 6.2632501221e+02 6.2644097900e+02 6.2655798340e+02 6.2669299316e+02 6.2683502197e+02 6.2700201416e+02 6.2717297363e+02 6.2722802734e+02 6.2729101563e+02 6.2741400146e+02 6.2756799316e+02 6.2769500732e+02
6.2459497070e+02 6.2473699951e+02 6.2486999512e+02 6.2502301025e+02 6.2516998291e+02 6.2521600342e+02 6.2534301758e+02 6.2563201904e+02 6.2596301270e+02 6.2627301025e+02 6.2656896973e+02 6.2683398438e+02 6.2700000000e+02 6.2703601074e+02 6.2707800293e+02 6.2715100098e+02 6.2722601318e+02 6.2716497803e+02 6.2697497559e+02 6.2680401611e+02 6.2680603027e+02 6.2688598633e+02 6.2696002197e+02 6.2699200439e+02 6.2687902832e+02 6.2667700195e+02 6.2653497314e+02 6.2642901611e+02 6.2629602051e+02 6.2606097412e+02 6.2592602539e+02 6.2592901611e+02 6.2608398438e+02 6.2627301025e+02 6.2640600586e+02 6.2651898193e+02 6.2664898682e+02 6.2679901123e+02 6.2694000244e+02 6.2708599854e+02 6.2722601318e+02 6.2729302979e+02 6.2735601807e+02 6.2745300293e+02 6.2758300781e+02 6.2770599365e+02
6.2457897949e+02 6.2470202637e+02 6.2476397705e+02 6.2483197021e+02 6.2495202637e+02 6.2504699707e+02 6.2523901367e+02 6.2555700684e+02 6.2589599609e+02 6.2619000244e+02 6.2642999268e+02 6.2662402344e+02 6.2678601074e+02 6.2695098877e+02 6.2712597656e+02 6.2727697754e+02 6.2732800293e+02 6.2720800781e+02 6.2698999023e+02 6.2677001953e+02 6.2664898682e+02 6.2666400146e+02 6.2669799805e+02 6.2671997070e+02 6.2667199707e+02 6.2655700684e+02 6.2648498535e+02 6.2641198730e+02 6.2626000977e+02 6.2608898926e+02 6.2600201416e+02 6.2602697754e+02 6.2618103027e+02 6.2634997559e+02 6.2647497559e+02 6.2659899902e+02 6.2673999023e+02 6.2689099121e+02 6.2702197266e+02 6.2713598633e+02 6.2722399902e+02 6.2734899902e+02 6.2742999268e+02 6.2750000000e+02 6.2760797119e+02 6.2770001221e+02
6.2456201172e+02 6.2463299561e+02 6.2467498779e+02 6.2472998047e+02 6.2483898926e+02 6.2491900635e+02 6.2511401367e+02 6.2544201660e+02 6.2575897217e+02 6.2597497559e+02 6.2616497803e+02 6.2634698486e+02 6.2656402588e+02 6.2684197998e+02 6.2705902100e+02 6.2718798828e+02 6.2722998047e+02 6.2716101074e+02 6.2699298096e+02 6.2679498291e+02 6.2662701416e+02 6.2655499268e+02 6.2650897217e+02 6.2650897217e+02 6.2651702881e+02 6.2648101807e+02 6.2645599365e+02 6.2639501953e+02 6.2626702881e+02 6.2613201904e+02 6.2608502197e+02 6.2613000488e+02 6.2627600098e+02 6.2642602539e+02 6.2655700684e+02 6.2669396973e+02 6.2685198975e+02 6.2698797607e+02 6.2708599854e+02 6.2719097900e+02 6.2730999756e+02 6.2741900635e+02 6.2750000000e+02 6.2755902100e+02 6.2764300537e+02 6.2767602539e+02
6.2453302002e+02 6.2460900879e+02 6.2467297363e+02 6.2473297119e+02 6.2479998779e+02 6.2484698486e+02 6.2499298096e+02 6.2527899170e+02 6.2556402588e+02 6.2568798828e+02 6.2583697510e+02 6.2604498291e+02 6.2630499268e+02 6.2661297607e+02 6.2685601807e+02 6.2700500488e+02 6.2707397461e+02 6.2705902100e+02 6.2695397949e+02 6.2679199219e+02 6.2659802246e+02 6.2645397949e+02 6.2638397217e+02 6.2639001465e+02 6.2640997314e+02 6.2641802979e+02 6.2642498779e+02 6.2638299561e+02 6.2627801514e+02 6.2618499756e+02 6.2617602539e+02 6.2624298096e+02 6.2638098145e+02 6.2651702881e+02 6.2664398193e+02 6.2677697754e+02 6.2693597412e+02 6.2705798340e+02 6.2713800049e+02 6.2724102783e+02 6.2737799072e+02 6.2746697998e+02 6.2753997803e+02 6.2759197998e+02 6.2763201904e+02 6.2762097168e+02
6.2451800537e+02 6.2459301758e+02 6.2467199707e+02 6.2474499512e+02 6.2480200195e+02 6.2484802246e+02 6.2493499756e+02 6.2513897705e+02 6.2537200928e+02 6.2544097900e+02 6.2560601807e+02 6.2589697266e+02 6.2617999268e+02 6.2642602539e+02 6.2664697266e+02 6.2680102539e+02 6.2689599609e+02 6.2690899658e+02 6.2684002686e+02 6.2671697998e+02 6.2653302002e+02 6.2634899902e+02 6.2629199219e+02 6.2632202148e+02 6.2634600830e+02 6.2637298584e+02 6.2639599609e+02 6.2636999512e+02 6.2628997803e+02 6.2624200439e+02 6.2627099609e+02 6.2635900879e+02 6.2648999023e+02 6.2660699463e+02 6.2672302246e+02 6.2684399414e+02 6.2698699951e+02 6.2709997559e+02 6.2717297363e+02 6.2726800537e+02 6.2739099121e+02 6.2745697021e+02 6.2751501465e+02 6.2755700684e+02 6.2758099365e+02 6.2758599854e+02
6.2457598877e+02 6.2462402344e+02 6.2468499756e+02 6.2474499512e+02 6.2480401611e+02 6.2488397217e+02 6.2494702148e+02 6.2506201172e+02 6.2523999023e+02 6.2532702637e+02 6.2551397705e+02 6.2588299561e+02 6.2622399902e+02 6.2636901855e+02 6.2653900146e+02 6.2666101074e+02 6.2675299072e+02 6.2677001953e+02 6.2669702148e+02 6.2659100342e+02 6.2644897461e+02 6.2628802490e+02 6.2624499512e+02 6.2628399658e+02 6.2631097412e+02 6.2634497070e+02 6.2637597656e+02 6.2635699463e+02 6.2629498291e+02 6.2629901123e+02 6.2636901855e+02 6.2647998047e+02 6.2661798096e+02 6.2669500732e+02 6.2678302002e+02 6.2688598633e+02 6.2701800537e+02 6.2711700439e+02 6.2718902588e+02 6.2726800537e+02 6.2736199951e+02 6.2741198730e+02 6.2744702148e+02 6.2747802734e+02 6.2751702881e+02 6.2755499268e+02
6.2461297607e+02 6.2465600586e+02 6.2471398926e+02 6.2476702881e+02 6.2482299805e+02 6.2490301514e+02 6.2496197510e+02 6.2504602051e+02 6.2520397949e+02 6.2527899170e+02 6.2539599609e+02 6.2571997070e+02 6.2608599854e+02 6.2630902100e+02 6.2649902344e+02 6.2657800293e+02 6.2663897705e+02 6.2667901611e+02 6.2658898926e+02 6.2645800781e+02 6.2633398438e+02 6.2621801758e+02 6.2621099854e+02 6.2625897217e+02 6.2626898193e+02 6.2632598877e+02 6.2638702393e+02 6.2637799072e+02 6.2632202148e+02 6.2634600830e+02 6.2643798828e+02 6.2656799316e+02 6.2669500732e+02 6.2678100586e+02 6.2686102295e+02 6.2696197510e+02 6.2709899902e+02 6.2717901611e+02 6.2721301270e+02 6.2726702881e+02 6.2735400391e+02 6.2739300537e+02 6.2741198730e+02 6.2744000244e+02 6.2747998047e+02 6.2752001953e+02
6.2461401367e+02 6.2466900635e+02 6.2473999023e+02 6.2480499268e+02 6.2485400391e+02 6.2491699219e+02 6.2497302246e+02 6.2503802490e+02 6.2514202881e+02 6.2520397949e+02 6.2528100586e+02 6.2553497314e+02 6.2590600586e+02 6.2619500732e+02 6.2640698242e+02 6.2648699951e+02 6.2652502441e+02 6.2654101563e+02 6.2645397949e+02 6.2635797119e+02 6.2628002930e+02 6.2620001221e+02 6.2620098877e+02 6.2624499512e+02 6.2625000000e+02 6.2630200195e+02 6.2636700439e+02 6.2636901855e+02 6.2632299805e+02 6.2635601807e+02 6.2645800781e+02 6.2659600830e+02 6.2672601318e+02 6.2682800293e+02 6.2692401123e+02 6.2703198242e+02 6.2716900635e+02 6.2723101807e+02 6.2723400879e+02 6.2726098633e+02 6.2732000732e+02 6.2735198975e+02 6.2737701416e+02 6.2740899658e+02 6.2744500732e+02 6.2748901367e+02
6.2461999512e+02 6.2469097900e+02 6.2476898193e+02 6.2483898926e+02 6.2488598633e+02 6.2493200684e+02 6.2498297119e+02 6.2503802490e+02 6.2510101318e+02 6.2516802979e+02 6.2523602295e+02 6.2540698242e+02 6.2570800781e+02 6.2598901367e+02 6.2621398926e+02 6.2633599854e+02 6.2637597656e+02 6.2634997559e+02 6.2627398682e+02 6.2622900391e+02 6.2621502686e+02 6.2618499756e+02 6.2620098877e+02 6.2624902344e+02 6.2626501465e+02 6.2627398682e+02 6.2631597900e+02 6.2632702637e+02 6.2630603027e+02 6.2634997559e+02 6.2645599365e+02 6.2659301758e+02 6.2671997070e+02 6.2683099365e+02 6.2693902588e+02 6.2704602051e+02 6.2715301514e+02 6.2717797852e+02 6.2719299316e+02 6.2722802734e+02 6.2727502441e+02 6.2730700684e+02 6.2734100342e+02 6.2737902832e+02 6.2741198730e+02 6.2745800781e+02
