TESTSERVER/3/4.asc
NCOLS 100
NROWS 100
XLLCORNER 7.6497500000e+03
YLLCORNER 2.8975025000e+05
CELLSIZE 5.0000000000e-01
NODATA_VALUE -9.9990000000e+03
[rows 20 to 39 of 100, columns 0 to 45 of 100]
6.3381896973e+02 6.3383001709e+02 6.3379199219e+02 6.3379302979e+02 6.3388201904e+02 6.3405401611e+02 6.3433898926e+02 6.3466101074e+02 6.3491198730e+02 6.3511602783e+02 6.3526000977e+02 6.3536499023e+02 6.3546600342e+02 6.3556597900e+02 6.3567498779e+02 6.3572998047e+02 6.3575500488e+02 6.3574298096e+02 6.3570098877e+02 6.3567999268e+02 6.3563702393e+02 6.3557397461e+02 6.3547100830e+02 6.3546197510e+02 6.3554302979e+02 6.3560400391e+02 6.3558197021e+02 6.3550299072e+02 6.3536901855e+02 6.3523400879e+02 6.3517602539e+02 6.3517199707e+02 6.3510601807e+02 6.3504901123e+02 6.3497399902e+02 6.3484002686e+02 6.3478399658e+02 6.3476800537e+02 6.3473297119e+02 6.3467901611e+02 6.3462200928e+02 6.3459100342e+02 6.3450598145e+02 6.3438397217e+02 6.3426702881e+02 6.3408599854e+02
6.3383502197e+02 6.3385998535e+02 6.3383502197e+02 6.3384399414e+02 6.3391900635e+02 6.3406701660e+02 6.3429901123e+02 6.3460198975e+02 6.3490197754e+02 6.3516101074e+02 6.3536499023e+02 6.3550097656e+02 6.3559100342e+02 6.3567401123e+02 6.3577099609e+02 6.3580200195e+02 6.3577197266e+02 6.3570098877e+02 6.3562597656e+02 6.3556402588e+02 6.3551501465e+02 6.3546002197e+02 6.3536401367e+02 6.3543499756e+02 6.3563598633e+02 6.3578002930e+02 6.3577001953e+02 6.3564001465e+02 6.3544000244e+02 6.3527502441e+02 6.3519500732e+02 6.3514501953e+02 6.3510797119e+02 6.3508801270e+02 6.3497698975e+02 6.3481799316e+02 6.3471600342e+02 6.3467700195e+02 6.3465698242e+02 6.3460601807e+02 6.3454101563e+02 6.3451800537e+02 6.3445501709e+02 6.3433398438e+02 6.3419799805e+02 6.3399298096e+02
6.3383001709e+02 6.3388201904e+02 6.3390802002e+02 6.3395898438e+02 6.3403900146e+02 6.3416699219e+02 6.3432897949e+02 6.3457397461e+02 6.3489099121e+02 6.3519897461e+02 6.3546600342e+02 6.3563500977e+02 6.3571002197e+02 6.3575897217e+02 6.3583697510e+02 6.3585198975e+02 6.3580102539e+02 6.3572601318e+02 6.3566400146e+02 6.3555401611e+02 6.3544702148e+02 6.3539697266e+02 6.3537500000e+02 6.3548297119e+02 6.3564898682e+02 6.3578601074e+02 6.3581500244e+02 6.3571697998e+02 6.3554101563e+02 6.3539501953e+02 6.3528198242e+02 6.3518298340e+02 6.3514898682e+02 6.3511499023e+02 6.3496997070e+02 6.3485400391e+02 6.3474902344e+02 6.3466101074e+02 6.3462799072e+02 6.3460797119e+02 6.3450799561e+02 6.3444396973e+02 6.3439398193e+02 6.3426702881e+02 6.3409399414e+02 6.3383801270e+02
6.3384802246e+02 6.3392999268e+02 6.3400799561e+02 6.3411999512e+02 6.3423199463e+02 6.3435400391e+02 6.3446801758e+02 6.3463098145e+02 6.3491601563e+02 6.3523400879e+02 6.3553698730e+02 6.3571301270e+02 6.3576501465e+02 6.3578100586e+02 6.3584002686e+02 6.3586602783e+02 6.3582598877e+02 6.3576599121e+02 6.3570697021e+02 6.3557202148e+02 6.3544897461e+02 6.3542401123e+02 6.3545898438e+02 6.3555798340e+02 6.3562402344e+02 6.3568402100e+02 6.3569299316e+02 6.3564599609e+02 6.3558599854e+02 6.3550701904e+02 6.3536602783e+02 6.3524902344e+02 6.3517901611e+02 6.3509802246e+02 6.3494897461e+02 6.3484197998e+02 6.3475097656e+02 6.3465197754e+02 6.3460198975e+02 6.3459399414e+02 6.3448602295e+02 6.3438000488e+02 6.3429901123e+02 6.3413598633e+02 6.3391900635e+02 6.3362701416e+02
6.3390197754e+02 6.3401599121e+02 6.3412902832e+02 6.3430200195e+02 6.3448999023e+02 6.3461798096e+02 6.3469299316e+02 6.3479199219e+02 6.3499298096e+02 6.3527899170e+02 6.3558398438e+02 6.3571398926e+02 6.3574798584e+02 6.3574401855e+02 6.3578399658e+02 6.3582501221e+02 6.3578698730e+02 6.3569201660e+02 6.3555999756e+02 6.3549200439e+02 6.3548901367e+02 6.3552197266e+02 6.3552001953e+02 6.3557098389e+02 6.3560797119e+02 6.3561901855e+02 6.3553302002e+02 6.3552801514e+02 6.3557598877e+02 6.3558099365e+02 6.3547900391e+02 6.3535699463e+02 6.3527801514e+02 6.3515502930e+02 6.3496697998e+02 6.3482299805e+02 6.3475897217e+02 6.3471197510e+02 6.3462597656e+02 6.3453997803e+02 6.3443200684e+02 6.3429498291e+02 6.3415002441e+02 6.3395800781e+02 6.3371600342e+02 6.3342999268e+02
6.3389501953e+02 6.3404302979e+02 6.3422100830e+02 6.3445599365e+02 6.3467602539e+02 6.3478002930e+02 6.3472198486e+02 6.3480700684e+02 6.3502398682e+02 6.3526898193e+02 6.3551202393e+02 6.3565802002e+02 6.3570501709e+02 6.3568798828e+02 6.3567498779e+02 6.3565197754e+02 6.3556597900e+02 6.3545202637e+02 6.3538598633e+02 6.3542199707e+02 6.3555603027e+02 6.3564001465e+02 6.3559802246e+02 6.3555297852e+02 6.3552697754e+02 6.3551599121e+02 6.3548498535e+02 6.3556799316e+02 6.3562500000e+02 6.3563800049e+02 6.3558502197e+02 6.3545300293e+02 6.3540502930e+02 6.3530401611e+02 6.3506500244e+02 6.3484301758e+02 6.3475897217e+02 6.3471899414e+02 6.3458801270e+02 6.3446697998e+02 6.3434100342e+02 6.3418499756e+02 6.3399401855e+02 6.3376300049e+02 6.3350201416e+02 6.3321899414e+02
6.3384100342e+02 6.3399200439e+02 6.3421197510e+02 6.3444897461e+02 6.3465399170e+02 6.3476202393e+02 6.3472698975e+02 6.3483898926e+02 6.3503198242e+02 6.3520001221e+02 6.3536999512e+02 6.3551300049e+02 6.3557800293e+02 6.3557098389e+02 6.3551800537e+02 6.3543402100e+02 6.3537097168e+02 6.3535601807e+02 6.3541101074e+02 6.3548699951e+02 6.3562799072e+02 6.3570501709e+02 6.3567797852e+02 6.3557299805e+02 6.3544799805e+02 6.3543298340e+02 6.3550897217e+02 6.3564001465e+02 6.3566900635e+02 6.3564300537e+02 6.3558001709e+02 6.3548199463e+02 6.3546197510e+02 6.3537200928e+02 6.3513702393e+02 6.3486401367e+02 6.3471997070e+02 6.3467199707e+02 6.3454797363e+02 6.3438598633e+02 6.3421697998e+02 6.3403698730e+02 6.3381896973e+02 6.3355102539e+02 6.3327801514e+02 6.3300701904e+02
6.3377899170e+02 6.3390802002e+02 6.3411700439e+02 6.3432000732e+02 6.3451202393e+02 6.3464898682e+02 6.3472698975e+02 6.3489202881e+02 6.3503399658e+02 6.3512597656e+02 6.3521697998e+02 6.3531799316e+02 6.3538598633e+02 6.3540197754e+02 6.3535601807e+02 6.3528601074e+02 6.3530999756e+02 6.3542602539e+02 6.3558001709e+02 6.3560998535e+02 6.3567498779e+02 6.3571301270e+02 6.3570397949e+02 6.3562402344e+02 6.3548999023e+02 6.3545098877e+02 6.3549902344e+02 6.3558898926e+02 6.3557098389e+02 6.3550799561e+02 6.3544097900e+02 6.3542901611e+02 6.3543298340e+02 6.3530297852e+02 6.3508398438e+02 6.3483502197e+02 6.3466101074e+02 6.3457800293e+02 6.3445898438e+02 6.3426300049e+02 6.3408300781e+02 6.3390802002e+02 6.3368200684e+02 6.3338201904e+02 6.3310198975e+02 6.3284002686e+02
6.3374499512e+02 6.3382501221e+02 6.3395300293e+02 6.3413500977e+02 6.3431701660e+02 6.3449700928e+02 6.3466302490e+02 6.3486999512e+02 6.3499798584e+02 6.3505798340e+02 6.3510797119e+02 6.3514697266e+02 6.3519702148e+02 6.3523602295e+02 6.3524798584e+02 6.3523999023e+02 6.3533300781e+02 6.3550097656e+02 6.3565399170e+02 6.3566101074e+02 6.3564001465e+02 6.3565399170e+02 6.3569702148e+02 6.3571002197e+02 6.3565399170e+02 6.3556097412e+02 6.3542498779e+02 6.3537799072e+02 6.3531298828e+02 6.3524798584e+02 6.3525598145e+02 6.3534197998e+02 6.3533398438e+02 6.3515698242e+02 6.3493402100e+02 6.3473101807e+02 6.3459698486e+02 6.3447802734e+02 6.3430902100e+02 6.3416699219e+02 6.3403399658e+02 6.3388000488e+02 6.3363897705e+02 6.3329901123e+02 6.3299597168e+02 6.3271697998e+02
6.3374798584e+02 6.3383599854e+02 6.3395300293e+02 6.3408197021e+02 6.3422698975e+02 6.3438299561e+02 6.3459399414e+02 6.3484197998e+02 6.3496997070e+02 6.3501300049e+02 6.3504302979e+02 6.3507501221e+02 6.3511499023e+02 6.3515802002e+02 6.3518701172e+02 6.3520300293e+02 6.3528198242e+02 6.3540502930e+02 6.3555902100e+02 6.3555200195e+02 6.3547802734e+02 6.3550799561e+02 6.3561602783e+02 6.3570898438e+02 6.3571099854e+02 6.3565502930e+02 6.3546002197e+02 6.3525500488e+02 6.3519598389e+02 6.3521197510e+02 6.3534899902e+02 6.3543597412e+02 6.3529101563e+02 6.3506097412e+02 6.3483398438e+02 6.3460302734e+02 6.3449499512e+02 6.3440197754e+02 6.3427502441e+02 6.3416699219e+02 6.3405798340e+02 6.3389801025e+02 6.3360198975e+02 6.3323297119e+02 6.3290100098e+02 6.3258502197e+02
6.3376501465e+02 6.3388897705e+02 6.3400799561e+02 6.3415399170e+02 6.3427899170e+02 6.3438897705e+02 6.3455499268e+02 6.3479302979e+02 6.3493597412e+02 6.3499798584e+02 6.3503900146e+02 6.3508801270e+02 6.3511798096e+02 6.3512902832e+02 6.3513397217e+02 6.3514501953e+02 6.3519396973e+02 6.3527398682e+02 6.3539202881e+02 6.3535302734e+02 6.3526397705e+02 6.3531701660e+02 6.3546502686e+02 6.3557501221e+02 6.3558599854e+02 6.3550701904e+02 6.3530102539e+02 6.3521899414e+02 6.3531097412e+02 6.3537902832e+02 6.3545202637e+02 6.3548297119e+02 6.3523999023e+02 6.3499700928e+02 6.3478900146e+02 6.3454498291e+02 6.3442797852e+02 6.3434399414e+02 6.3423297119e+02 6.3410900879e+02 6.3399102783e+02 6.3382000732e+02 6.3352001953e+02 6.3313201904e+02 6.3278002930e+02 6.3244396973e+02
6.3376702881e+02 6.3391998291e+02 6.3403900146e+02 6.3420202637e+02 6.3431298828e+02 6.3439398193e+02 6.3450299072e+02 6.3470599365e+02 6.3485900879e+02 6.3494598389e+02 6.3502697754e+02 6.3510302734e+02 6.3512298584e+02 6.3509899902e+02 6.3506799316e+02 6.3506500244e+02 6.3508197021e+02 6.3512200928e+02 6.3519702148e+02 6.3517102051e+02 6.3512500000e+02 6.3520098877e+02 6.3532000732e+02 6.3536700439e+02 6.3534399414e+02 6.3524401855e+02 6.3508300781e+02 6.3516497803e+02 6.3532501221e+02 6.3534197998e+02 6.3531701660e+02 6.3531701660e+02 6.3507800293e+02 6.3487701416e+02 6.3471502686e+02 6.3450598145e+02 6.3437097168e+02 6.3425897217e+02 6.3414501953e+02 6.3399102783e+02 6.3384100342e+02 6.3365502930e+02 6.3338897705e+02 6.3301397705e+02 6.3264599609e+02 6.3229199219e+02
6.3373602295e+02 6.3387500000e+02 6.3399401855e+02 6.3413897705e+02 6.3421997070e+02 6.3430200195e+02 6.3444897461e+02 6.3461297607e+02 6.3476898193e+02 6.3489398193e+02 6.3500201416e+02 6.3505297852e+02 6.3505297852e+02 6.3501397705e+02 6.3497302246e+02 6.3494299316e+02 6.3494299316e+02 6.3496899414e+02 6.3502801514e+02 6.3509997559e+02 6.3516900635e+02 6.3526098633e+02 6.3532800293e+02 6.3530499268e+02 6.3521002197e+02 6.3509399414e+02 6.3505297852e+02 6.3519000244e+02 6.3532098389e+02 6.3524597168e+02 6.3502899170e+02 6.3494000244e+02 6.3482897949e+02 6.3469201660e+02 6.3451898193e+02 6.3441699219e+02 6.3429400635e+02 6.3416198730e+02 6.3403100586e+02 6.3385699463e+02 6.3367297363e+02 6.3346398926e+02 6.3323498535e+02 6.3288000488e+02 6.3249798584e+02 6.3213000488e+02
6.3375097656e+02 6.3382098389e+02 6.3388897705e+02 6.3402801514e+02 6.3404901123e+02 6.3415197754e+02 6.3438800049e+02 6.3458697510e+02 6.3477502441e+02 6.3492102051e+02 6.3497900391e+02 6.3497399902e+02 6.3493402100e+02 6.3486602783e+02 6.3480401611e+02 6.3478100586e+02 6.3480200195e+02 6.3486700439e+02 6.3497302246e+02 6.3508502197e+02 6.3519201660e+02 6.3528100586e+02 6.3537902832e+02 6.3537597656e+02 6.3522100830e+02 6.3512200928e+02 6.3519897461e+02 6.3529699707e+02 6.3537500000e+02 6.3519598389e+02 6.3482397461e+02 6.3466497803e+02 6.3462701416e+02 6.3454602051e+02 6.3442297363e+02 6.3433197021e+02 6.3421301270e+02 6.3406799316e+02 6.3392297363e+02 6.3376202393e+02 6.3359399414e+02 6.3338201904e+02 6.3311499023e+02 6.3274700928e+02 6.3236102295e+02 6.3198602295e+02
6.3347601318e+02 6.3367102051e+02 6.3372100830e+02 6.3388299561e+02 6.3388702393e+02 6.3397802734e+02 6.3429101563e+02 6.3456500244e+02 6.3477099609e+02 6.3489599609e+02 6.3490002441e+02 6.3485797119e+02 6.3478399658e+02 6.3469000244e+02 6.3461999512e+02 6.3462200928e+02 6.3467297363e+02 6.3477697754e+02 6.3491998291e+02 6.3505499268e+02 6.3517199707e+02 6.3525701904e+02 6.3533398438e+02 6.3533398438e+02 6.3523101807e+02 6.3521502686e+02 6.3535601807e+02 6.3542999268e+02 6.3543200684e+02 6.3517199707e+02 6.3478601074e+02 6.3461602783e+02 6.3454302979e+02 6.3442999268e+02 6.3430200195e+02 6.3421099854e+02 6.3407897949e+02 6.3391900635e+02 6.3377600098e+02 6.3363598633e+02 6.3348297119e+02 6.3328100586e+02 6.3298498535e+02 6.3259899902e+02 6.3221600342e+02 6.3184100342e+02
6.3290899658e+02 6.3331701660e+02 6.3347998047e+02 6.3373498535e+02 6.3379602051e+02 6.3387200928e+02 6.3417498779e+02 6.3446099854e+02 6.3464697266e+02 6.3474200439e+02 6.3474597168e+02 6.3469598389e+02 6.3460498047e+02 6.3450500488e+02 6.3444702148e+02 6.3447198486e+02 6.3455102539e+02 6.3469000244e+02 6.3486700439e+02 6.3501898193e+02 6.3513500977e+02 6.3521002197e+02 6.3523602295e+02 6.3523901367e+02 6.3524798584e+02 6.3530102539e+02 6.3540100098e+02 6.3543499756e+02 6.3540100098e+02 6.3517297363e+02 6.3482598877e+02 6.3461700439e+02 6.3448699951e+02 6.3432397461e+02 6.3417199707e+02 6.3406298828e+02 6.3390399170e+02 6.3371899414e+02 6.3356402588e+02 6.3343701172e+02 6.3330297852e+02 6.3312200928e+02 6.3282397461e+02 6.3242797852e+02 6.3205297852e+02 6.3168200684e+02
6.3233099365e+02 6.3289202881e+02 6.3331799316e+02 6.3363598633e+02 6.3381701660e+02 6.3391101074e+02 6.3406201172e+02 6.3426202393e+02 6.3440197754e+02 6.3450000000e+02 6.3454498291e+02 6.3447698975e+02 6.3439099121e+02 6.3431799316e+02 6.3428601074e+02 6.3435101318e+02 6.3445098877e+02 6.3460797119e+02 6.3481896973e+02 6.3499700928e+02 6.3511499023e+02 6.3517102051e+02 6.3517199707e+02 6.3518298340e+02 6.3522399902e+02 6.3526000977e+02 6.3526702881e+02 6.3527197266e+02 6.3521997070e+02 6.3507299805e+02 6.3480603027e+02 6.3453100586e+02 6.3437902832e+02 6.3422198486e+02 6.3407702637e+02 6.3392401123e+02 6.3372399902e+02 6.3348901367e+02 6.3326397705e+02 6.3312298584e+02 6.3301300049e+02 6.3287298584e+02 6.3260998535e+02 6.3223901367e+02 6.3188598633e+02 6.3152600098e+02
6.3207397461e+02 6.3261102295e+02 6.3317797852e+02 6.3352398682e+02 6.3375402832e+02 6.3386602783e+02 6.3390100098e+02 6.3400500488e+02 6.3412097168e+02 6.3420501709e+02 6.3421301270e+02 6.3416400146e+02 6.3413800049e+02 6.3412500000e+02 6.3415502930e+02 6.3424798584e+02 6.3436297607e+02 6.3452398682e+02 6.3475201416e+02 6.3497900391e+02 6.3510699463e+02 6.3515002441e+02 6.3513201904e+02 6.3513897705e+02 6.3516699219e+02 6.3518103027e+02 6.3514398193e+02 6.3510797119e+02 6.3502301025e+02 6.3486700439e+02 6.3462902832e+02 6.3441198730e+02 6.3428100586e+02 6.3416802979e+02 6.3402502441e+02 6.3383697510e+02 6.3356896973e+02 6.3322998047e+02 6.3291101074e+02 6.3273297119e+02 6.3263098145e+02 6.3253997803e+02 6.3234399414e+02 6.3201800537e+02 6.3169702148e+02 6.3135101318e+02
6.3197601318e+02 6.3237701416e+02 6.3293597412e+02 6.3330499268e+02 6.3353900146e+02 6.3365399170e+02 6.3367498779e+02 6.3375799561e+02 6.3385400391e+02 6.3390997314e+02 6.3389001465e+02 6.3388500977e+02 6.3392102051e+02 6.3396801758e+02 6.3403601074e+02 6.3413598633e+02 6.3425897217e+02 6.3442102051e+02 6.3464801025e+02 6.3488098145e+02 6.3501098633e+02 6.3505200195e+02 6.3501800537e+02 6.3504199219e+02 6.3510198975e+02 6.3511901855e+02 6.3505999756e+02 6.3496697998e+02 6.3485900879e+02 6.3468902588e+02 6.3444897461e+02 6.3427502441e+02 6.3416802979e+02 6.3406701660e+02 6.3391998291e+02 6.3373199463e+02 6.3342102051e+02 6.3300701904e+02 6.3260101318e+02 6.3236798096e+02 6.3224298096e+02 6.3216699219e+02 6.3203302002e+02 6.3174597168e+02 6.3144396973e+02 6.3111499023e+02
6.3200799561e+02 6.3227600098e+02 6.3265399170e+02 6.3300701904e+02 6.3321997070e+02 6.3333300781e+02 6.3338500977e+02 6.3348999023e+02 6.3357800293e+02 6.3361700439e+02 6.3359899902e+02 6.3366101074e+02 6.3375299072e+02 6.3384497070e+02 6.3392901611e+02 6.3402099609e+02 6.3414398193e+02 6.3430200195e+02 6.3450897217e+02 6.3471899414e+02 6.3484100342e+02 6.3488098145e+02 6.3484997559e+02 6.3490698242e+02 6.3499200439e+02 6.3499798584e+02 6.3489599609e+02 6.3474700928e+02 6.3462298584e+02 6.3445300293e+02 6.3424597168e+02 6.3410601807e+02 6.3401202393e+02 6.3390002441e+02 6.3374200439e+02 6.3355902100e+02 6.3323999023e+02 6.3280798340e+02 6.3235998535e+02 6.3205603027e+02 6.3188702393e+02 6.3179602051e+02 6.3169702148e+02 6.3144396973e+02 6.3115899658e+02 6.3084497070e+02
