TESTSERVER/3/4.asc
NCOLS 100
NROWS 100
XLLCORNER 7.6497500000e+03
YLLCORNER 2.8975025000e+05
CELLSIZE 5.0000000000e-01
NODATA_VALUE -9.9990000000e+03
[rows 60 to 79 of 100, columns 46 to 91 of 100]
6.2704498291e+02 6.2682098389e+02 6.2672900391e+02 6.2672497559e+02 6.2669500732e+02 6.2657501221e+02 6.2636798096e+02 6.2612799072e+02 6.2588397217e+02 6.2567498779e+02 6.2557598877e+02 6.2554901123e+02 6.2553399658e+02 6.2549102783e+02 6.2547698975e+02 6.2546002197e+02 6.2543597412e+02 6.2540997314e+02 6.2540502930e+02 6.2542297363e+02 6.2545501709e+02 6.2543597412e+02 6.2539001465e+02 6.2531896973e+02 6.2523400879e+02 6.2516802979e+02 6.2510101318e+02 6.2504302979e+02 6.2499597168e+02 6.2496997070e+02 6.2499902344e+02 6.2507000732e+02 6.2517199707e+02 6.2525598145e+02 6.2534698486e+02 6.2544097900e+02 6.2557299805e+02 6.2566699219e+02 6.2576300049e+02 6.2584802246e+02 6.2590997314e+02 6.2599499512e+02 6.2606799316e+02 6.2614202881e+02 6.2621502686e+02 6.2628399658e+02
6.2674597168e+02 6.2652697754e+02 6.2643902588e+02 6.2642498779e+02 6.2640600586e+02 6.2634301758e+02 6.2621197510e+02 6.2599700928e+02 6.2570898438e+02 6.2547900391e+02 6.2541101074e+02 6.2544097900e+02 6.2544598389e+02 6.2538897705e+02 6.2535797119e+02 6.2532202148e+02 6.2527398682e+02 6.2522302246e+02 6.2521002197e+02 6.2521697998e+02 6.2523699951e+02 6.2521398926e+02 6.2516497803e+02 6.2510101318e+02 6.2503198242e+02 6.2497302246e+02 6.2491497803e+02 6.2487500000e+02 6.2486401367e+02 6.2487402344e+02 6.2492797852e+02 6.2501898193e+02 6.2513299561e+02 6.2522998047e+02 6.2532501221e+02 6.2541998291e+02 6.2551000977e+02 6.2559197998e+02 6.2567102051e+02 6.2573999023e+02 6.2578302002e+02 6.2582501221e+02 6.2588897705e+02 6.2595800781e+02 6.2604998779e+02 6.2612701416e+02
6.2649499512e+02 6.2630102539e+02 6.2622100830e+02 6.2620599365e+02 6.2619799805e+02 6.2618298340e+02 6.2606597900e+02 6.2582702637e+02 6.2548199463e+02 6.2524298096e+02 6.2521099854e+02 6.2528002930e+02 6.2532397461e+02 6.2526898193e+02 6.2522698975e+02 6.2517700195e+02 6.2511901855e+02 6.2506500244e+02 6.2503802490e+02 6.2502801514e+02 6.2502197266e+02 6.2498199463e+02 6.2493402100e+02 6.2488598633e+02 6.2484497070e+02 6.2480499268e+02 6.2476599121e+02 6.2474798584e+02 6.2476397705e+02 6.2480102539e+02 6.2487097168e+02 6.2496899414e+02 6.2508197021e+02 6.2517700195e+02 6.2526702881e+02 6.2535498047e+02 6.2542901611e+02 6.2549798584e+02 6.2556799316e+02 6.2562902832e+02 6.2566101074e+02 6.2569000244e+02 6.2574401855e+02 6.2580297852e+02 6.2587902832e+02 6.2591802979e+02
6.2633801270e+02 6.2617297363e+02 6.2608502197e+02 6.2604797363e+02 6.2603802490e+02 6.2602398682e+02 6.2588000488e+02 6.2560302734e+02 6.2523901367e+02 6.2502697754e+02 6.2502502441e+02 6.2511901855e+02 6.2518499756e+02 6.2513897705e+02 6.2509100342e+02 6.2503497314e+02 6.2497998047e+02 6.2493402100e+02 6.2489697266e+02 6.2486700439e+02 6.2483197021e+02 6.2478100586e+02 6.2474200439e+02 6.2471398926e+02 6.2470001221e+02 6.2467901611e+02 6.2465899658e+02 6.2466198730e+02 6.2469702148e+02 6.2475201416e+02 6.2482397461e+02 6.2491601563e+02 6.2501397705e+02 6.2509997559e+02 6.2518402100e+02 6.2526202393e+02 6.2532897949e+02 6.2539599609e+02 6.2546099854e+02 6.2551599121e+02 6.2554602051e+02 6.2557598877e+02 6.2562402344e+02 6.2567602539e+02 6.2572698975e+02 6.2573901367e+02
6.2628198242e+02 6.2611798096e+02 6.2600201416e+02 6.2591302490e+02 6.2583801270e+02 6.2580102539e+02 6.2561798096e+02 6.2532397461e+02 6.2497802734e+02 6.2489300537e+02 6.2491497803e+02 6.2499499512e+02 6.2504901123e+02 6.2500598145e+02 6.2495898438e+02 6.2490600586e+02 6.2487097168e+02 6.2483001709e+02 6.2478698730e+02 6.2473999023e+02 6.2468701172e+02 6.2463897705e+02 6.2461602783e+02 6.2461199951e+02 6.2463000488e+02 6.2460498047e+02 6.2459698486e+02 6.2461199951e+02 6.2466601563e+02 6.2471697998e+02 6.2477697754e+02 6.2484399414e+02 6.2490698242e+02 6.2499200439e+02 6.2506500244e+02 6.2513702393e+02 6.2519897461e+02 6.2527099609e+02 6.2533300781e+02 6.2539099121e+02 6.2543200684e+02 6.2547601318e+02 6.2552600098e+02 6.2558099365e+02 6.2562902832e+02 6.2564501953e+02
6.2626501465e+02 6.2610498047e+02 6.2596099854e+02 6.2580700684e+02 6.2567602539e+02 6.2559002686e+02 6.2537701416e+02 6.2508502197e+02 6.2483300781e+02 6.2479101563e+02 6.2479901123e+02 6.2484002686e+02 6.2486999512e+02 6.2484301758e+02 6.2480999756e+02 6.2477301025e+02 6.2473901367e+02 6.2470898438e+02 6.2467401123e+02 6.2462902832e+02 6.2456500244e+02 6.2452099609e+02 6.2451098633e+02 6.2452398682e+02 6.2454901123e+02 6.2454302979e+02 6.2454302979e+02 6.2456701660e+02 6.2461602783e+02 6.2465802002e+02 6.2470599365e+02 6.2475799561e+02 6.2481402588e+02 6.2487402344e+02 6.2494000244e+02 6.2501202393e+02 6.2507702637e+02 6.2513397217e+02 6.2520300293e+02 6.2527301025e+02 6.2533300781e+02 6.2538000488e+02 6.2544000244e+02 6.2551098633e+02 6.2557897949e+02 6.2562500000e+02
6.2627197266e+02 6.2612597656e+02 6.2595202637e+02 6.2574700928e+02 6.2556701660e+02 6.2544299316e+02 6.2521801758e+02 6.2494897461e+02 6.2475299072e+02 6.2470001221e+02 6.2467700195e+02 6.2468597412e+02 6.2470397949e+02 6.2468902588e+02 6.2466198730e+02 6.2463098145e+02 6.2459698486e+02 6.2456500244e+02 6.2453497314e+02 6.2449798584e+02 6.2444299316e+02 6.2440698242e+02 6.2440899658e+02 6.2443402100e+02 6.2446600342e+02 6.2446997070e+02 6.2447998047e+02 6.2450701904e+02 6.2454901123e+02 6.2457897949e+02 6.2461901855e+02 6.2466400146e+02 6.2471197510e+02 6.2476300049e+02 6.2482397461e+02 6.2489300537e+02 6.2495800781e+02 6.2502398682e+02 6.2510101318e+02 6.2517797852e+02 6.2524700928e+02 6.2530297852e+02 6.2537200928e+02 6.2545300293e+02 6.2553002930e+02 6.2560900879e+02
6.2627001953e+02 6.2613598633e+02 6.2594500732e+02 6.2570898438e+02 6.2548901367e+02 6.2532598877e+02 6.2510198975e+02 6.2487902832e+02 6.2472601318e+02 6.2464398193e+02 6.2459002686e+02 6.2456701660e+02 6.2456201172e+02 6.2454498291e+02 6.2452001953e+02 6.2448901367e+02 6.2444702148e+02 6.2441101074e+02 6.2438800049e+02 6.2436401367e+02 6.2432702637e+02 6.2430603027e+02 6.2431701660e+02 6.2434899902e+02 6.2438397217e+02 6.2439300537e+02 6.2440600586e+02 6.2442901611e+02 6.2446197510e+02 6.2448400879e+02 6.2451702881e+02 6.2455700684e+02 6.2460400391e+02 6.2465100098e+02 6.2470800781e+02 6.2477301025e+02 6.2484600830e+02 6.2492700195e+02 6.2501202393e+02 6.2509698486e+02 6.2517602539e+02 6.2524102783e+02 6.2531896973e+02 6.2540997314e+02 6.2548400879e+02 6.2558697510e+02
6.2626800537e+02 6.2610198975e+02 6.2590399170e+02 6.2566198730e+02 6.2541601563e+02 6.2520599365e+02 6.2500402832e+02 6.2483197021e+02 6.2471301270e+02 6.2461102295e+02 6.2453997803e+02 6.2449298096e+02 6.2446600342e+02 6.2441699219e+02 6.2438098145e+02 6.2434100342e+02 6.2429498291e+02 6.2426202393e+02 6.2424499512e+02 6.2423602295e+02 6.2422497559e+02 6.2421697998e+02 6.2423797607e+02 6.2427600098e+02 6.2431402588e+02 6.2431201172e+02 6.2432098389e+02 6.2433300781e+02 6.2435699463e+02 6.2437902832e+02 6.2440600586e+02 6.2444097900e+02 6.2447497559e+02 6.2452502441e+02 6.2458099365e+02 6.2464697266e+02 6.2472198486e+02 6.2483502197e+02 6.2493298340e+02 6.2503302002e+02 6.2513000488e+02 6.2519897461e+02 6.2528302002e+02 6.2537097168e+02 6.2542401123e+02 6.2556597900e+02
6.2618499756e+02 6.2601599121e+02 6.2581201172e+02 6.2558300781e+02 6.2534997559e+02 6.2514697266e+02 6.2493902588e+02 6.2474200439e+02 6.2456701660e+02 6.2447100830e+02 6.2444201660e+02 6.2441601563e+02 6.2432299805e+02 6.2425897217e+02 6.2422399902e+02 6.2419299316e+02 6.2416998291e+02 6.2415002441e+02 6.2414099121e+02 6.2413897705e+02 6.2414300537e+02 6.2414599609e+02 6.2416497803e+02 6.2419897461e+02 6.2422698975e+02 6.2422900391e+02 6.2423101807e+02 6.2423297119e+02 6.2423699951e+02 6.2425402832e+02 6.2427899170e+02 6.2431597900e+02 6.2434802246e+02 6.2438201904e+02 6.2444500732e+02 6.2452600098e+02 6.2462799072e+02 6.2474298096e+02 6.2485498047e+02 6.2496997070e+02 6.2508001709e+02 6.2516497803e+02 6.2525000000e+02 6.2533502197e+02 6.2540100098e+02 6.2556298828e+02
6.2602398682e+02 6.2584002686e+02 6.2564202881e+02 6.2544396973e+02 6.2525000000e+02 6.2504699707e+02 6.2482501221e+02 6.2460101318e+02 6.2438598633e+02 6.2426501465e+02 6.2425000000e+02 6.2425201416e+02 6.2418499756e+02 6.2413702393e+02 6.2411199951e+02 6.2408697510e+02 6.2406097412e+02 6.2404602051e+02 6.2404199219e+02 6.2404199219e+02 6.2404302979e+02 6.2404101563e+02 6.2405499268e+02 6.2408502197e+02 6.2411700439e+02 6.2412701416e+02 6.2412597656e+02 6.2412097168e+02 6.2411102295e+02 6.2412701416e+02 6.2415600586e+02 6.2419897461e+02 6.2423602295e+02 6.2427301025e+02 6.2434497070e+02 6.2443597412e+02 6.2455603027e+02 6.2468499756e+02 6.2480499268e+02 6.2492797852e+02 6.2505102539e+02 6.2514501953e+02 6.2523602295e+02 6.2532598877e+02 6.2539501953e+02 6.2556201172e+02
6.2581799316e+02 6.2562402344e+02 6.2544097900e+02 6.2527600098e+02 6.2510998535e+02 6.2490502930e+02 6.2469702148e+02 6.2448797607e+02 6.2425799561e+02 6.2408001709e+02 6.2404498291e+02 6.2406799316e+02 6.2407397461e+02 6.2406402588e+02 6.2404602051e+02 6.2401300049e+02 6.2396398926e+02 6.2394299316e+02 6.2393701172e+02 6.2393402100e+02 6.2392401123e+02 6.2391198730e+02 6.2392602539e+02 6.2395300293e+02 6.2398699951e+02 6.2400402832e+02 6.2400598145e+02 6.2399902344e+02 6.2398602295e+02 6.2400799561e+02 6.2404602051e+02 6.2409600830e+02 6.2414599609e+02 6.2419702148e+02 6.2427899170e+02 6.2437799072e+02 6.2451300049e+02 6.2465399170e+02 6.2478198242e+02 6.2491198730e+02 6.2504498291e+02 6.2514599609e+02 6.2524200439e+02 6.2533801270e+02 6.2540899658e+02 6.2557897949e+02
6.2561499023e+02 6.2544097900e+02 6.2528100586e+02 6.2512799072e+02 6.2493597412e+02 6.2473400879e+02 6.2456701660e+02 6.2442199707e+02 6.2425299072e+02 6.2403399658e+02 6.2393597412e+02 6.2394201660e+02 6.2401098633e+02 6.2404199219e+02 6.2402301025e+02 6.2396301270e+02 6.2388397217e+02 6.2383398438e+02 6.2381097412e+02 6.2379699707e+02 6.2376702881e+02 6.2377899170e+02 6.2378997803e+02 6.2380499268e+02 6.2379498291e+02 6.2384399414e+02 6.2385498047e+02 6.2386102295e+02 6.2387701416e+02 6.2391497803e+02 6.2395697021e+02 6.2400402832e+02 6.2405102539e+02 6.2415301514e+02 6.2424798584e+02 6.2436102295e+02 6.2451501465e+02 6.2466497803e+02 6.2479797363e+02 6.2492999268e+02 6.2505297852e+02 6.2516302490e+02 6.2526501465e+02 6.2536700439e+02 6.2542498779e+02 6.2559698486e+02
6.2543499756e+02 6.2529101563e+02 6.2516400146e+02 6.2501501465e+02 6.2481298828e+02 6.2462500000e+02 6.2449700928e+02 6.2441101074e+02 6.2431298828e+02 6.2414398193e+02 6.2402801514e+02 6.2399597168e+02 6.2404199219e+02 6.2405401611e+02 6.2398602295e+02 6.2388098145e+02 6.2378100586e+02 6.2370397949e+02 6.2365997314e+02 6.2364697266e+02 6.2365997314e+02 6.2368200684e+02 6.2369396973e+02 6.2370202637e+02 6.2371197510e+02 6.2372802734e+02 6.2375299072e+02 6.2379797363e+02 6.2387799072e+02 6.2394702148e+02 6.2399200439e+02 6.2403399658e+02 6.2409698486e+02 6.2417999268e+02 6.2427600098e+02 6.2439202881e+02 6.2455499268e+02 6.2471899414e+02 6.2484997559e+02 6.2497601318e+02 6.2509100342e+02 6.2519500732e+02 6.2530401611e+02 6.2541802979e+02 6.2549700928e+02 6.2565002441e+02
6.2522399902e+02 6.2514501953e+02 6.2507702637e+02 6.2497302246e+02 6.2482501221e+02 6.2470300293e+02 6.2461798096e+02 6.2455200195e+02 6.2447900391e+02 6.2436297607e+02 6.2425402832e+02 6.2417901611e+02 6.2413702393e+02 6.2407897949e+02 6.2395397949e+02 6.2381597900e+02 6.2371600342e+02 6.2364099121e+02 6.2360400391e+02 6.2360699463e+02 6.2365197754e+02 6.2369799805e+02 6.2372399902e+02 6.2374401855e+02 6.2375598145e+02 6.2376501465e+02 6.2379998779e+02 6.2386199951e+02 6.2397698975e+02 6.2405902100e+02 6.2410302734e+02 6.2414501953e+02 6.2419897461e+02 6.2426800537e+02 6.2435998535e+02 6.2447302246e+02 6.2462902832e+02 6.2478802490e+02 6.2491699219e+02 6.2504199219e+02 6.2515301514e+02 6.2526000977e+02 6.2537597656e+02 6.2549902344e+02 6.2560400391e+02 6.2576300049e+02
6.2497802734e+02 6.2497698975e+02 6.2500299072e+02 6.2500097656e+02 6.2496697998e+02 6.2493298340e+02 6.2488800049e+02 6.2481201172e+02 6.2471502686e+02 6.2463098145e+02 6.2453198242e+02 6.2442602539e+02 6.2431201172e+02 6.2419201660e+02 6.2402001953e+02 6.2384997559e+02 6.2373999023e+02 6.2369299316e+02 6.2367999268e+02 6.2370800781e+02 6.2377398682e+02 6.2383801270e+02 6.2388397217e+02 6.2391998291e+02 6.2393902588e+02 6.2394799805e+02 6.2398498535e+02 6.2404797363e+02 6.2415997314e+02 6.2422698975e+02 6.2425701904e+02 6.2429101563e+02 6.2433398438e+02 6.2439398193e+02 6.2448400879e+02 6.2459301758e+02 6.2473297119e+02 6.2488000488e+02 6.2500701904e+02 6.2513000488e+02 6.2524102783e+02 6.2535198975e+02 6.2547497559e+02 6.2560601807e+02 6.2574200439e+02 6.2591699219e+02
6.2472900391e+02 6.2485699463e+02 6.2497100830e+02 6.2505902100e+02 6.2508898926e+02 6.2520697021e+02 6.2519396973e+02 6.2508001709e+02 6.2495800781e+02 6.2487298584e+02 6.2476800537e+02 6.2466497803e+02 6.2456701660e+02 6.2442797852e+02 6.2423199463e+02 6.2403399658e+02 6.2389599609e+02 6.2386199951e+02 6.2388800049e+02 6.2395001221e+02 6.2403900146e+02 6.2410101318e+02 6.2416601563e+02 6.2422100830e+02 6.2427099609e+02 6.2427099609e+02 6.2430700684e+02 6.2434997559e+02 6.2439898682e+02 6.2439697266e+02 6.2439697266e+02 6.2442102051e+02 6.2449102783e+02 6.2456701660e+02 6.2465899658e+02 6.2476098633e+02 6.2489300537e+02 6.2500097656e+02 6.2512200928e+02 6.2524200439e+02 6.2536499023e+02 6.2547698975e+02 6.2560601807e+02 6.2574499512e+02 6.2590100098e+02 6.2609197998e+02
6.2467401123e+02 6.2485400391e+02 6.2496099854e+02 6.2503802490e+02 6.2508898926e+02 6.2531097412e+02 6.2535198975e+02 6.2521502686e+02 6.2506298828e+02 6.2497302246e+02 6.2490399170e+02 6.2486798096e+02 6.2483398438e+02 6.2472900391e+02 6.2454797363e+02 6.2435998535e+02 6.2422998047e+02 6.2418298340e+02 6.2420800781e+02 6.2427502441e+02 6.2435198975e+02 6.2442602539e+02 6.2450299072e+02 6.2457598877e+02 6.2460900879e+02 6.2461602783e+02 6.2463500977e+02 6.2464300537e+02 6.2463000488e+02 6.2457501221e+02 6.2452899170e+02 6.2453302002e+02 6.2461199951e+02 6.2471697998e+02 6.2481402588e+02 6.2491699219e+02 6.2502697754e+02 6.2514599609e+02 6.2526800537e+02 6.2539202881e+02 6.2551000977e+02 6.2562902832e+02 6.2576000977e+02 6.2590301514e+02 6.2605798340e+02 6.2624102783e+02
6.2472399902e+02 6.2483300781e+02 6.2489202881e+02 6.2497802734e+02 6.2507000732e+02 6.2524700928e+02 6.2528802490e+02 6.2519097900e+02 6.2507598877e+02 6.2501397705e+02 6.2502899170e+02 6.2508502197e+02 6.2510101318e+02 6.2501898193e+02 6.2486401367e+02 6.2470001221e+02 6.2459600830e+02 6.2456298828e+02 6.2458599854e+02 6.2463800049e+02 6.2467999268e+02 6.2472399902e+02 6.2478997803e+02 6.2486102295e+02 6.2489898682e+02 6.2489599609e+02 6.2489202881e+02 6.2487298584e+02 6.2483502197e+02 6.2474798584e+02 6.2467199707e+02 6.2465399170e+02 6.2472399902e+02 6.2483001709e+02 6.2492999268e+02 6.2503802490e+02 6.2515502930e+02 6.2528198242e+02 6.2540899658e+02 6.2553802490e+02 6.2565899658e+02 6.2577899170e+02 6.2591302490e+02 6.2605499268e+02 6.2621301270e+02 6.2638397217e+02
6.2482702637e+02 6.2488098145e+02 6.2493798828e+02 6.2507000732e+02 6.2520501709e+02 6.2525402832e+02 6.2522998047e+02 6.2517797852e+02 6.2513702393e+02 6.2513201904e+02 6.2521997070e+02 6.2532897949e+02 6.2535900879e+02 6.2528802490e+02 6.2516302490e+02 6.2502398682e+02 6.2494396973e+02 6.2493200684e+02 6.2495202637e+02 6.2497900391e+02 6.2497100830e+02 6.2496600342e+02 6.2500097656e+02 6.2505700684e+02 6.2510400391e+02 6.2509497070e+02 6.2506896973e+02 6.2503100586e+02 6.2498199463e+02 6.2488500977e+02 6.2479302979e+02 6.2476397705e+02 6.2482702637e+02 6.2493402100e+02 6.2503802490e+02 6.2515100098e+02 6.2527899170e+02 6.2541400146e+02 6.2554797363e+02 6.2568298340e+02 6.2580999756e+02 6.2593200684e+02 6.2606597900e+02 6.2620697021e+02 6.2635998535e+02 6.2651599121e+02
