TESTSERVER/3/5.asc
NCOLS 100
NROWS 100
XLLCORNER 7.6497500000e+03
YLLCORNER 2.8970025000e+05
CELLSIZE 5.0000000000e-01
NODATA_VALUE -9.9990000000e+03
[rows 0 to 19 of 100, columns 0 to 45 of 100]
6.2459002686e+02 6.2455297852e+02 6.2446697998e+02 6.2439501953e+02 6.2434698486e+02 6.2432098389e+02 6.2431799316e+02 6.2434399414e+02 6.2435601807e+02 6.2435998535e+02 6.2435198975e+02 6.2431500244e+02 6.2434002686e+02 6.2440197754e+02 6.2443499756e+02 6.2440002441e+02 6.2437597656e+02 6.2441497803e+02 6.2451300049e+02 6.2454901123e+02 6.2454602051e+02 6.2446502686e+02 6.2428802490e+02 6.2410699463e+02 6.2394897461e+02 6.2386102295e+02 6.2383502197e+02 6.2396502686e+02 6.2402398682e+02 6.2393902588e+02 6.2377398682e+02 6.2373498535e+02 6.2371398926e+02 6.2371502686e+02 6.2374200439e+02 6.2385998535e+02 6.2397998047e+02 6.2408697510e+02 6.2425201416e+02 6.2439599609e+02 6.2450201416e+02 6.2453497314e+02 6.2453497314e+02 6.2455200195e+02 6.2458099365e+02 6.2461401367e+02
6.2464398193e+02 6.2461499023e+02 6.2456701660e+02 6.2451702881e+02 6.2447998047e+02 6.2446099854e+02 6.2447100830e+02 6.2450799561e+02 6.2453002930e+02 6.2453497314e+02 6.2451800537e+02 6.2449798584e+02 6.2451202393e+02 6.2453497314e+02 6.2452899170e+02 6.2447802734e+02 6.2444396973e+02 6.2449102783e+02 6.2459698486e+02 6.2465997314e+02 6.2465197754e+02 6.2455499268e+02 6.2440502930e+02 6.2427899170e+02 6.2418798828e+02 6.2411499023e+02 6.2404498291e+02 6.2411999512e+02 6.2420501709e+02 6.2414099121e+02 6.2393499756e+02 6.2386499023e+02 6.2387500000e+02 6.2390899658e+02 6.2393597412e+02 6.2401501465e+02 6.2407702637e+02 6.2416302490e+02 6.2432702637e+02 6.2454400635e+02 6.2471301270e+02 6.2479101563e+02 6.2477899170e+02 6.2474200439e+02 6.2473297119e+02 6.2474401855e+02
6.2478198242e+02 6.2474499512e+02 6.2469598389e+02 6.2465100098e+02 6.2462097168e+02 6.2461102295e+02 6.2463702393e+02 6.2469097900e+02 6.2472198486e+02 6.2472601318e+02 6.2468597412e+02 6.2465197754e+02 6.2464501953e+02 6.2462500000e+02 6.2457397461e+02 6.2451501465e+02 6.2448797607e+02 6.2452099609e+02 6.2460198975e+02 6.2464801025e+02 6.2462597656e+02 6.2454101563e+02 6.2444799805e+02 6.2441900635e+02 6.2439300537e+02 6.2434899902e+02 6.2427001953e+02 6.2426300049e+02 6.2432897949e+02 6.2430700684e+02 6.2412402344e+02 6.2403802490e+02 6.2406597900e+02 6.2412402344e+02 6.2413098145e+02 6.2414001465e+02 6.2415197754e+02 6.2420300293e+02 6.2435400391e+02 6.2460998535e+02 6.2484600830e+02 6.2499499512e+02 6.2502697754e+02 6.2499200439e+02 6.2495098877e+02 6.2492199707e+02
6.2498297119e+02 6.2492700195e+02 6.2485400391e+02 6.2480102539e+02 6.2477398682e+02 6.2477502441e+02 6.2481799316e+02 6.2489300537e+02 6.2492999268e+02 6.2493200684e+02 6.2487500000e+02 6.2481298828e+02 6.2477899170e+02 6.2472802734e+02 6.2465301514e+02 6.2459802246e+02 6.2454400635e+02 6.2451397705e+02 6.2453698730e+02 6.2454101563e+02 6.2450299072e+02 6.2444201660e+02 6.2442199707e+02 6.2448101807e+02 6.2451599121e+02 6.2450598145e+02 6.2443597412e+02 6.2435699463e+02 6.2440100098e+02 6.2442602539e+02 6.2429400635e+02 6.2419097900e+02 6.2421600342e+02 6.2428198242e+02 6.2427398682e+02 6.2423101807e+02 6.2420599365e+02 6.2423101807e+02 6.2435900879e+02 6.2460601807e+02 6.2487500000e+02 6.2508398438e+02 6.2517498779e+02 6.2516497803e+02 6.2509698486e+02 6.2502301025e+02
6.2524798584e+02 6.2516802979e+02 6.2506500244e+02 6.2494396973e+02 6.2490997314e+02 6.2492999268e+02 6.2503198242e+02 6.2514202881e+02 6.2519000244e+02 6.2516998291e+02 6.2509100342e+02 6.2499902344e+02 6.2493200684e+02 6.2486999512e+02 6.2478302002e+02 6.2470397949e+02 6.2459899902e+02 6.2450000000e+02 6.2446600342e+02 6.2443298340e+02 6.2439501953e+02 6.2436999512e+02 6.2440399170e+02 6.2448400879e+02 6.2454498291e+02 6.2455902100e+02 6.2447802734e+02 6.2442602539e+02 6.2446697998e+02 6.2451300049e+02 6.2445800781e+02 6.2429901123e+02 6.2427899170e+02 6.2432202148e+02 6.2432598877e+02 6.2431298828e+02 6.2431201172e+02 6.2434301758e+02 6.2443499756e+02 6.2457098389e+02 6.2480297852e+02 6.2503601074e+02 6.2521502686e+02 6.2523602295e+02 6.2515002441e+02 6.2503802490e+02
6.2552398682e+02 6.2542498779e+02 6.2526800537e+02 6.2510699463e+02 6.2504998779e+02 6.2506701660e+02 6.2517700195e+02 6.2533898926e+02 6.2540399170e+02 6.2535998535e+02 6.2523297119e+02 6.2511199951e+02 6.2504302979e+02 6.2500402832e+02 6.2491302490e+02 6.2478002930e+02 6.2465301514e+02 6.2453698730e+02 6.2446899414e+02 6.2441101074e+02 6.2439001465e+02 6.2440502930e+02 6.2445599365e+02 6.2452801514e+02 6.2457299805e+02 6.2459497070e+02 6.2458398438e+02 6.2456701660e+02 6.2458697510e+02 6.2460101318e+02 6.2456701660e+02 6.2441400146e+02 6.2431896973e+02 6.2432000732e+02 6.2437799072e+02 6.2440899658e+02 6.2443902588e+02 6.2447601318e+02 6.2447198486e+02 6.2453302002e+02 6.2469396973e+02 6.2489398193e+02 6.2510699463e+02 6.2522698975e+02 6.2522998047e+02 6.2515502930e+02
6.2572302246e+02 6.2561499023e+02 6.2545501709e+02 6.2528802490e+02 6.2521502686e+02 6.2521002197e+02 6.2528601074e+02 6.2542199707e+02 6.2549298096e+02 6.2546197510e+02 6.2534600830e+02 6.2521600342e+02 6.2513500977e+02 6.2508001709e+02 6.2499200439e+02 6.2485699463e+02 6.2476202393e+02 6.2468103027e+02 6.2458599854e+02 6.2451000977e+02 6.2450897217e+02 6.2455297852e+02 6.2461102295e+02 6.2464001465e+02 6.2465802002e+02 6.2467901611e+02 6.2472399902e+02 6.2475097656e+02 6.2473400879e+02 6.2469000244e+02 6.2464398193e+02 6.2453002930e+02 6.2442498779e+02 6.2440600586e+02 6.2446697998e+02 6.2449902344e+02 6.2452099609e+02 6.2454302979e+02 6.2452099609e+02 6.2452801514e+02 6.2462799072e+02 6.2477398682e+02 6.2494598389e+02 6.2511401367e+02 6.2521997070e+02 6.2521997070e+02
6.2585302734e+02 6.2575097656e+02 6.2561499023e+02 6.2546099854e+02 6.2537200928e+02 6.2534399414e+02 6.2538000488e+02 6.2547399902e+02 6.2554199219e+02 6.2553900146e+02 6.2547100830e+02 6.2535797119e+02 6.2524597168e+02 6.2514501953e+02 6.2504602051e+02 6.2494702148e+02 6.2491101074e+02 6.2488897705e+02 6.2479602051e+02 6.2472900391e+02 6.2475299072e+02 6.2481701660e+02 6.2485601807e+02 6.2482800293e+02 6.2480499268e+02 6.2480798340e+02 6.2487500000e+02 6.2493103027e+02 6.2487701416e+02 6.2477301025e+02 6.2469097900e+02 6.2463800049e+02 6.2457098389e+02 6.2455902100e+02 6.2459899902e+02 6.2460900879e+02 6.2461901855e+02 6.2462500000e+02 6.2460302734e+02 6.2458697510e+02 6.2463000488e+02 6.2471002197e+02 6.2480499268e+02 6.2494702148e+02 6.2508898926e+02 6.2514202881e+02
6.2591601563e+02 6.2583197021e+02 6.2572998047e+02 6.2562902832e+02 6.2553002930e+02 6.2547900391e+02 6.2549298096e+02 6.2555499268e+02 6.2561102295e+02 6.2563299561e+02 6.2562597656e+02 6.2553497314e+02 6.2539697266e+02 6.2525201416e+02 6.2513598633e+02 6.2508502197e+02 6.2507800293e+02 6.2507397461e+02 6.2504498291e+02 6.2503302002e+02 6.2507598877e+02 6.2513201904e+02 6.2515100098e+02 6.2505401611e+02 6.2499102783e+02 6.2496801758e+02 6.2499700928e+02 6.2503997803e+02 6.2497802734e+02 6.2486102295e+02 6.2474401855e+02 6.2470697021e+02 6.2469500732e+02 6.2471002197e+02 6.2473101807e+02 6.2473199463e+02 6.2473901367e+02 6.2474798584e+02 6.2476501465e+02 6.2473797607e+02 6.2474499512e+02 6.2476202393e+02 6.2479101563e+02 6.2481097412e+02 6.2489202881e+02 6.2495397949e+02
6.2601397705e+02 6.2595098877e+02 6.2585900879e+02 6.2575201416e+02 6.2566101074e+02 6.2562097168e+02 6.2563397217e+02 6.2566497803e+02 6.2570202637e+02 6.2573101807e+02 6.2575000000e+02 6.2567401123e+02 6.2554199219e+02 6.2539801025e+02 6.2527001953e+02 6.2524401855e+02 6.2528100586e+02 6.2531799316e+02 6.2532098389e+02 6.2532397461e+02 6.2533898926e+02 6.2534698486e+02 6.2532299805e+02 6.2525201416e+02 6.2520098877e+02 6.2516900635e+02 6.2515600586e+02 6.2512298584e+02 6.2505798340e+02 6.2497198486e+02 6.2488500977e+02 6.2484197998e+02 6.2481597900e+02 6.2481500244e+02 6.2483197021e+02 6.2483801270e+02 6.2485797119e+02 6.2488800049e+02 6.2490502930e+02 6.2489599609e+02 6.2488702393e+02 6.2486999512e+02 6.2482897949e+02 6.2479602051e+02 6.2482000732e+02 6.2486297607e+02
6.2614599609e+02 6.2609802246e+02 6.2601501465e+02 6.2589898682e+02 6.2581402588e+02 6.2578302002e+02 6.2580798340e+02 6.2582202148e+02 6.2584002686e+02 6.2586401367e+02 6.2588500977e+02 6.2581597900e+02 6.2570501709e+02 6.2558099365e+02 6.2545501709e+02 6.2542999268e+02 6.2549200439e+02 6.2555902100e+02 6.2556500244e+02 6.2553802490e+02 6.2551000977e+02 6.2548297119e+02 6.2546997070e+02 6.2546197510e+02 6.2543597412e+02 6.2539501953e+02 6.2533099365e+02 6.2525000000e+02 6.2517999268e+02 6.2511499023e+02 6.2506097412e+02 6.2501202393e+02 6.2497100830e+02 6.2494702148e+02 6.2494000244e+02 6.2494000244e+02 6.2495501709e+02 6.2498297119e+02 6.2501397705e+02 6.2501800537e+02 6.2499700928e+02 6.2496099854e+02 6.2490600586e+02 6.2484698486e+02 6.2482800293e+02 6.2483398438e+02
6.2629797363e+02 6.2626599121e+02 6.2619799805e+02 6.2608197021e+02 6.2599902344e+02 6.2597100830e+02 6.2600402832e+02 6.2601800537e+02 6.2602099609e+02 6.2603497314e+02 6.2605200195e+02 6.2599200439e+02 6.2590301514e+02 6.2579998779e+02 6.2567401123e+02 6.2562402344e+02 6.2566998291e+02 6.2573199463e+02 6.2573101807e+02 6.2567602539e+02 6.2561999512e+02 6.2558697510e+02 6.2561700439e+02 6.2565899658e+02 6.2564801025e+02 6.2559698486e+02 6.2549902344e+02 6.2539697266e+02 6.2533001709e+02 6.2528698730e+02 6.2525701904e+02 6.2519799805e+02 6.2514300537e+02 6.2509600830e+02 6.2505798340e+02 6.2503601074e+02 6.2503198242e+02 6.2504602051e+02 6.2507501221e+02 6.2508898926e+02 6.2507202148e+02 6.2503399658e+02 6.2499298096e+02 6.2494299316e+02 6.2489599609e+02 6.2486901855e+02
6.2646899414e+02 6.2645098877e+02 6.2641601563e+02 6.2629998779e+02 6.2622100830e+02 6.2618701172e+02 6.2618902588e+02 6.2619000244e+02 6.2618701172e+02 6.2620300293e+02 6.2623901367e+02 6.2618103027e+02 6.2610101318e+02 6.2599798584e+02 6.2586102295e+02 6.2579602051e+02 6.2579602051e+02 6.2581896973e+02 6.2579498291e+02 6.2576202393e+02 6.2571899414e+02 6.2571398926e+02 6.2577099609e+02 6.2582397461e+02 6.2580603027e+02 6.2573498535e+02 6.2562701416e+02 6.2554699707e+02 6.2549401855e+02 6.2546997070e+02 6.2544897461e+02 6.2538000488e+02 6.2531500244e+02 6.2524902344e+02 6.2517498779e+02 6.2511102295e+02 6.2506500244e+02 6.2504498291e+02 6.2502398682e+02 6.2507598877e+02 6.2507598877e+02 6.2506500244e+02 6.2505401611e+02 6.2502801514e+02 6.2498101807e+02 6.2494000244e+02
6.2660601807e+02 6.2659301758e+02 6.2656298828e+02 6.2648498535e+02 6.2641900635e+02 6.2639099121e+02 6.2638201904e+02 6.2635601807e+02 6.2633099365e+02 6.2632202148e+02 6.2633898926e+02 6.2630401611e+02 6.2623498535e+02 6.2612902832e+02 6.2600299072e+02 6.2593200684e+02 6.2590197754e+02 6.2589099121e+02 6.2587402344e+02 6.2584197998e+02 6.2582098389e+02 6.2582800293e+02 6.2586901855e+02 6.2590899658e+02 6.2588299561e+02 6.2581298828e+02 6.2573602295e+02 6.2566998291e+02 6.2562500000e+02 6.2559497070e+02 6.2557098389e+02 6.2551898193e+02 6.2546301270e+02 6.2539898682e+02 6.2531500244e+02 6.2520501709e+02 6.2510699463e+02 6.2503900146e+02 6.2502600098e+02 6.2503601074e+02 6.2504302979e+02 6.2505297852e+02 6.2507202148e+02 6.2506701660e+02 6.2504302979e+02 6.2501202393e+02
6.2667401123e+02 6.2667297363e+02 6.2665997314e+02 6.2659301758e+02 6.2653601074e+02 6.2652197266e+02 6.2653100586e+02 6.2650897217e+02 6.2646502686e+02 6.2642401123e+02 6.2640600586e+02 6.2638500977e+02 6.2635400391e+02 6.2628802490e+02 6.2619097900e+02 6.2611602783e+02 6.2606097412e+02 6.2602398682e+02 6.2599401855e+02 6.2595800781e+02 6.2593103027e+02 6.2592297363e+02 6.2593597412e+02 6.2595800781e+02 6.2593499756e+02 6.2588598633e+02 6.2584698486e+02 6.2579699707e+02 6.2574902344e+02 6.2570501709e+02 6.2566198730e+02 6.2562402344e+02 6.2558398438e+02 6.2553601074e+02 6.2546002197e+02 6.2533801270e+02 6.2521801758e+02 6.2511901855e+02 6.2507598877e+02 6.2507202148e+02 6.2507000732e+02 6.2508001709e+02 6.2510601807e+02 6.2511602783e+02 6.2510900879e+02 6.2508599854e+02
6.2669500732e+02 6.2670599365e+02 6.2670397949e+02 6.2663598633e+02 6.2658398438e+02 6.2658398438e+02 6.2661700439e+02 6.2659997559e+02 6.2654797363e+02 6.2648999023e+02 6.2645001221e+02 6.2646002197e+02 6.2649200439e+02 6.2649102783e+02 6.2643701172e+02 6.2636102295e+02 6.2629101563e+02 6.2623101807e+02 6.2618200684e+02 6.2612500000e+02 6.2607598877e+02 6.2603997803e+02 6.2602301025e+02 6.2602600098e+02 6.2600500488e+02 6.2597698975e+02 6.2596600342e+02 6.2592498779e+02 6.2586901855e+02 6.2580798340e+02 6.2573498535e+02 6.2569897461e+02 6.2567602539e+02 6.2564801025e+02 6.2559497070e+02 6.2549298096e+02 6.2537500000e+02 6.2526397705e+02 6.2519396973e+02 6.2516497803e+02 6.2514501953e+02 6.2513897705e+02 6.2515301514e+02 6.2516601563e+02 6.2516802979e+02 6.2515100098e+02
6.2665698242e+02 6.2667602539e+02 6.2663397217e+02 6.2662597656e+02 6.2659997559e+02 6.2661199951e+02 6.2665301514e+02 6.2663098145e+02 6.2657501221e+02 6.2652398682e+02 6.2650701904e+02 6.2656799316e+02 6.2665698242e+02 6.2671301270e+02 6.2669000244e+02 6.2663397217e+02 6.2656097412e+02 6.2648297119e+02 6.2640698242e+02 6.2632501221e+02 6.2625402832e+02 6.2621002197e+02 6.2618103027e+02 6.2613299561e+02 6.2610302734e+02 6.2608398438e+02 6.2607702637e+02 6.2605102539e+02 6.2598999023e+02 6.2590698242e+02 6.2581201172e+02 6.2575500488e+02 6.2573199463e+02 6.2571997070e+02 6.2569598389e+02 6.2565399170e+02 6.2557897949e+02 6.2548602295e+02 6.2539501953e+02 6.2531402588e+02 6.2526599121e+02 6.2523400879e+02 6.2520599365e+02 6.2520202637e+02 6.2520697021e+02 6.2519000244e+02
6.2662701416e+02 6.2664697266e+02 6.2662500000e+02 6.2658801270e+02 6.2658099365e+02 6.2659600830e+02 6.2663897705e+02 6.2662902832e+02 6.2659497070e+02 6.2657501221e+02 6.2660198975e+02 6.2668298340e+02 6.2676702881e+02 6.2681097412e+02 6.2679498291e+02 6.2676800537e+02 6.2672497559e+02 6.2666699219e+02 6.2659399414e+02 6.2649499512e+02 6.2642700195e+02 6.2639398193e+02 6.2635302734e+02 6.2625097656e+02 6.2617602539e+02 6.2614202881e+02 6.2615502930e+02 6.2615399170e+02 6.2610498047e+02 6.2602600098e+02 6.2593798828e+02 6.2587597656e+02 6.2583300781e+02 6.2580902100e+02 6.2580200195e+02 6.2578698730e+02 6.2574298096e+02 6.2567102051e+02 6.2556500244e+02 6.2546997070e+02 6.2539801025e+02 6.2533300781e+02 6.2526501465e+02 6.2524298096e+02 6.2524200439e+02 6.2522900391e+02
6.2661102295e+02 6.2664398193e+02 6.2662799072e+02 6.2658697510e+02 6.2657800293e+02 6.2659100342e+02 6.2664099121e+02 6.2666101074e+02 6.2665698242e+02 6.2666400146e+02 6.2670599365e+02 6.2677600098e+02 6.2683697510e+02 6.2686102295e+02 6.2685101318e+02 6.2684600830e+02 6.2682702637e+02 6.2679302979e+02 6.2673400879e+02 6.2664697266e+02 6.2659497070e+02 6.2656701660e+02 6.2652001953e+02 6.2637298584e+02 6.2625799561e+02 6.2620397949e+02 6.2622198486e+02 6.2623901367e+02 6.2621099854e+02 6.2615698242e+02 6.2608599854e+02 6.2602398682e+02 6.2597399902e+02 6.2593402100e+02 6.2590899658e+02 6.2589202881e+02 6.2585101318e+02 6.2578900146e+02 6.2570300293e+02 6.2560998535e+02 6.2552099609e+02 6.2543103027e+02 6.2533697510e+02 6.2529602051e+02 6.2528698730e+02 6.2528399658e+02
6.2659497070e+02 6.2664202881e+02 6.2664801025e+02 6.2662097168e+02 6.2660998535e+02 6.2662097168e+02 6.2667401123e+02 6.2672302246e+02 6.2674102783e+02 6.2676397705e+02 6.2680603027e+02 6.2685900879e+02 6.2689202881e+02 6.2689599609e+02 6.2688702393e+02 6.2688897705e+02 6.2688397217e+02 6.2686999512e+02 6.2683300781e+02 6.2677502441e+02 6.2674902344e+02 6.2673602295e+02 6.2668902588e+02 6.2651702881e+02 6.2637500000e+02 6.2629699707e+02 6.2628997803e+02 6.2631597900e+02 6.2631298828e+02 6.2628900146e+02 6.2623999023e+02 6.2618402100e+02 6.2613098145e+02 6.2607501221e+02 6.2601702881e+02 6.2597198486e+02 6.2592401123e+02 6.2586602783e+02 6.2580200195e+02 6.2572399902e+02 6.2563299561e+02 6.2553002930e+02 6.2541497803e+02 6.2534600830e+02 6.2533099365e+02 6.2534802246e+02
