TESTSERVER/3/5.asc
NCOLS 100
NROWS 100
XLLCORNER 7.6497500000e+03
YLLCORNER 2.8970025000e+05
CELLSIZE 5.0000000000e-01
NODATA_VALUE -9.9990000000e+03
[rows 80 to 99 of 100, columns 46 to 91 of 100]
6.2340899658e+02 6.2336999512e+02 6.2337597656e+02 6.2340399170e+02 6.2340301514e+02 6.2339001465e+02 6.2336798096e+02 6.2332702637e+02 6.2327301025e+02 6.2324298096e+02 6.2321398926e+02 6.2316400146e+02 6.2311102295e+02 6.2308697510e+02 6.2305499268e+02 6.2304602051e+02 6.2311700439e+02 6.2360998535e+02 6.2419097900e+02 6.2471899414e+02 6.2513000488e+02 6.2539300537e+02 6.2557702637e+02 6.2571801758e+02 6.2585601807e+02 6.2600299072e+02 6.2615802002e+02 6.2633300781e+02 6.2652197266e+02 6.2665399170e+02 6.2673400879e+02 6.2678601074e+02 6.2684802246e+02 6.2696197510e+02 6.2710101318e+02 6.2725299072e+02 6.2741699219e+02 6.2749700928e+02 6.2757397461e+02 6.2764099121e+02 6.2770098877e+02 6.2779998779e+02 6.2789001465e+02 6.2798498535e+02 6.2810498047e+02 6.2822100830e+02
6.2335400391e+02 6.2332702637e+02 6.2330798340e+02 6.2333697510e+02 6.2335797119e+02 6.2333898926e+02 6.2331799316e+02 6.2327801514e+02 6.2323498535e+02 6.2320098877e+02 6.2316601563e+02 6.2311297607e+02 6.2306701660e+02 6.2303997803e+02 6.2299902344e+02 6.2297497559e+02 6.2298699951e+02 6.2328100586e+02 6.2384399414e+02 6.2445599365e+02 6.2493499756e+02 6.2526702881e+02 6.2546301270e+02 6.2558001709e+02 6.2570001221e+02 6.2586901855e+02 6.2601599121e+02 6.2617199707e+02 6.2636401367e+02 6.2652301025e+02 6.2661700439e+02 6.2668402100e+02 6.2677301025e+02 6.2690301514e+02 6.2704498291e+02 6.2719000244e+02 6.2731701660e+02 6.2739398193e+02 6.2747900391e+02 6.2756201172e+02 6.2762799072e+02 6.2773699951e+02 6.2784100342e+02 6.2794097900e+02 6.2803698730e+02 6.2814697266e+02
6.2328497314e+02 6.2330603027e+02 6.2327697754e+02 6.2327697754e+02 6.2330200195e+02 6.2328497314e+02 6.2327001953e+02 6.2323797607e+02 6.2319799805e+02 6.2315997314e+02 6.2311401367e+02 6.2306097412e+02 6.2302099609e+02 6.2298797607e+02 6.2294299316e+02 6.2290399170e+02 6.2288000488e+02 6.2301898193e+02 6.2348199463e+02 6.2410198975e+02 6.2465698242e+02 6.2505798340e+02 6.2529498291e+02 6.2541998291e+02 6.2553302002e+02 6.2571099854e+02 6.2585101318e+02 6.2599499512e+02 6.2618701172e+02 6.2635797119e+02 6.2647497559e+02 6.2657397461e+02 6.2668798828e+02 6.2681097412e+02 6.2693402100e+02 6.2705499268e+02 6.2716400146e+02 6.2724798584e+02 6.2735101318e+02 6.2745098877e+02 6.2752197266e+02 6.2763598633e+02 6.2774597168e+02 6.2784698486e+02 6.2793499756e+02 6.2803601074e+02
6.2317797852e+02 6.2325299072e+02 6.2324102783e+02 6.2322601318e+02 6.2323699951e+02 6.2322802734e+02 6.2321997070e+02 6.2319000244e+02 6.2314898682e+02 6.2311499023e+02 6.2306896973e+02 6.2301702881e+02 6.2297399902e+02 6.2293902588e+02 6.2289398193e+02 6.2284802246e+02 6.2281298828e+02 6.2284802246e+02 6.2317602539e+02 6.2372198486e+02 6.2429400635e+02 6.2476000977e+02 6.2506799316e+02 6.2524102783e+02 6.2536798096e+02 6.2554199219e+02 6.2568200684e+02 6.2582501221e+02 6.2602001953e+02 6.2619299316e+02 6.2632202148e+02 6.2644299316e+02 6.2655999756e+02 6.2665698242e+02 6.2675000000e+02 6.2684997559e+02 6.2695397949e+02 6.2705102539e+02 6.2717102051e+02 6.2729101563e+02 6.2737597656e+02 6.2749298096e+02 6.2760601807e+02 6.2770697021e+02 6.2780200195e+02 6.2790399170e+02
6.2297998047e+02 6.2314398193e+02 6.2316400146e+02 6.2316699219e+02 6.2316900635e+02 6.2316699219e+02 6.2316900635e+02 6.2314099121e+02 6.2309002686e+02 6.2306500244e+02 6.2302697754e+02 6.2297998047e+02 6.2292901611e+02 6.2288800049e+02 6.2284497070e+02 6.2279498291e+02 6.2275299072e+02 6.2275897217e+02 6.2294598389e+02 6.2336700439e+02 6.2389898682e+02 6.2442498779e+02 6.2482702637e+02 6.2507299805e+02 6.2522302246e+02 6.2537298584e+02 6.2552099609e+02 6.2567401123e+02 6.2585900879e+02 6.2602398682e+02 6.2615100098e+02 6.2627099609e+02 6.2637500000e+02 6.2645202637e+02 6.2652801514e+02 6.2661798096e+02 6.2672100830e+02 6.2683001709e+02 6.2695599365e+02 6.2708502197e+02 6.2719897461e+02 6.2731597900e+02 6.2742401123e+02 6.2752697754e+02 6.2762597656e+02 6.2775598145e+02
6.2272998047e+02 6.2302197266e+02 6.2308502197e+02 6.2309899902e+02 6.2309698486e+02 6.2310900879e+02 6.2311700439e+02 6.2310198975e+02 6.2305798340e+02 6.2302697754e+02 6.2297998047e+02 6.2293402100e+02 6.2288897705e+02 6.2284399414e+02 6.2279998779e+02 6.2274597168e+02 6.2269799805e+02 6.2267401123e+02 6.2275799561e+02 6.2306500244e+02 6.2352502441e+02 6.2405401611e+02 6.2457000732e+02 6.2492700195e+02 6.2511999512e+02 6.2527502441e+02 6.2540899658e+02 6.2554797363e+02 6.2570898438e+02 6.2584899902e+02 6.2596099854e+02 6.2607098389e+02 6.2617602539e+02 6.2625500488e+02 6.2632800293e+02 6.2641601563e+02 6.2652697754e+02 6.2664501953e+02 6.2676202393e+02 6.2688397217e+02 6.2701501465e+02 6.2713201904e+02 6.2724499512e+02 6.2735998535e+02 6.2748999023e+02 6.2762298584e+02
6.2252099609e+02 6.2286499023e+02 6.2301300049e+02 6.2307098389e+02 6.2305499268e+02 6.2305200195e+02 6.2305700684e+02 6.2304998779e+02 6.2301501465e+02 6.2297802734e+02 6.2293402100e+02 6.2288800049e+02 6.2284600830e+02 6.2279901123e+02 6.2275897217e+02 6.2271002197e+02 6.2265997314e+02 6.2261798096e+02 6.2262500000e+02 6.2278698730e+02 6.2311602783e+02 6.2363299561e+02 6.2424102783e+02 6.2473400879e+02 6.2499798584e+02 6.2516400146e+02 6.2529699707e+02 6.2541198730e+02 6.2554797363e+02 6.2567401123e+02 6.2576000977e+02 6.2585699463e+02 6.2597698975e+02 6.2605999756e+02 6.2613500977e+02 6.2622302246e+02 6.2633898926e+02 6.2645397949e+02 6.2656799316e+02 6.2669702148e+02 6.2684802246e+02 6.2697900391e+02 6.2710601807e+02 6.2723699951e+02 6.2737701416e+02 6.2750799561e+02
6.2233300781e+02 6.2261401367e+02 6.2283300781e+02 6.2298699951e+02 6.2300701904e+02 6.2297998047e+02 6.2298199463e+02 6.2298498535e+02 6.2296398926e+02 6.2292401123e+02 6.2288800049e+02 6.2284301758e+02 6.2280200195e+02 6.2275598145e+02 6.2271997070e+02 6.2267297363e+02 6.2261901855e+02 6.2256597900e+02 6.2252600098e+02 6.2257800293e+02 6.2277697754e+02 6.2320202637e+02 6.2381201172e+02 6.2439599609e+02 6.2475701904e+02 6.2498400879e+02 6.2514898682e+02 6.2525000000e+02 6.2535498047e+02 6.2547900391e+02 6.2555200195e+02 6.2564202881e+02 6.2576800537e+02 6.2586602783e+02 6.2595599365e+02 6.2605499268e+02 6.2616998291e+02 6.2626898193e+02 6.2637799072e+02 6.2651898193e+02 6.2669598389e+02 6.2684899902e+02 6.2699499512e+02 6.2714001465e+02 6.2727801514e+02 6.2739898682e+02
6.2211999512e+02 6.2232098389e+02 6.2256402588e+02 6.2281500244e+02 6.2295599365e+02 6.2290899658e+02 6.2290197754e+02 6.2290997314e+02 6.2290899658e+02 6.2287200928e+02 6.2283599854e+02 6.2279199219e+02 6.2275299072e+02 6.2271197510e+02 6.2266998291e+02 6.2261999512e+02 6.2256597900e+02 6.2252099609e+02 6.2246502686e+02 6.2247198486e+02 6.2256500244e+02 6.2280499268e+02 6.2329199219e+02 6.2387200928e+02 6.2433197021e+02 6.2470001221e+02 6.2493902588e+02 6.2504400635e+02 6.2511700439e+02 6.2524902344e+02 6.2533502197e+02 6.2542901611e+02 6.2553601074e+02 6.2566900635e+02 6.2579400635e+02 6.2591802979e+02 6.2603302002e+02 6.2611297607e+02 6.2621801758e+02 6.2635900879e+02 6.2653198242e+02 6.2671197510e+02 6.2687701416e+02 6.2703802490e+02 6.2720800781e+02 6.2731597900e+02
6.2194097900e+02 6.2213897705e+02 6.2235101318e+02 6.2261602783e+02 6.2284802246e+02 6.2286102295e+02 6.2285198975e+02 6.2284399414e+02 6.2284802246e+02 6.2283300781e+02 6.2279998779e+02 6.2275097656e+02 6.2270898438e+02 6.2266998291e+02 6.2262200928e+02 6.2256799316e+02 6.2252099609e+02 6.2247302246e+02 6.2240802002e+02 6.2238201904e+02 6.2241497803e+02 6.2254400635e+02 6.2289099121e+02 6.2338598633e+02 6.2389898682e+02 6.2441198730e+02 6.2472998047e+02 6.2484899902e+02 6.2492700195e+02 6.2503900146e+02 6.2513000488e+02 6.2525500488e+02 6.2538598633e+02 6.2551599121e+02 6.2565301514e+02 6.2578698730e+02 6.2589898682e+02 6.2598297119e+02 6.2608398438e+02 6.2621099854e+02 6.2636199951e+02 6.2653900146e+02 6.2671801758e+02 6.2689599609e+02 6.2707202148e+02 6.2720501709e+02
6.2175299072e+02 6.2198999023e+02 6.2217901611e+02 6.2243200684e+02 6.2269598389e+02 6.2278002930e+02 6.2279998779e+02 6.2278497314e+02 6.2278698730e+02 6.2278002930e+02 6.2275299072e+02 6.2271002197e+02 6.2266699219e+02 6.2263098145e+02 6.2258398438e+02 6.2252899170e+02 6.2248101807e+02 6.2243597412e+02 6.2237701416e+02 6.2233001709e+02 6.2231701660e+02 6.2234002686e+02 6.2254199219e+02 6.2294702148e+02 6.2348498535e+02 6.2408001709e+02 6.2446502686e+02 6.2465197754e+02 6.2478900146e+02 6.2490802002e+02 6.2499798584e+02 6.2512097168e+02 6.2526000977e+02 6.2539001465e+02 6.2552301025e+02 6.2565301514e+02 6.2576501465e+02 6.2585601807e+02 6.2595898438e+02 6.2607598877e+02 6.2621002197e+02 6.2637200928e+02 6.2654101563e+02 6.2671502686e+02 6.2689001465e+02 6.2702099609e+02
6.2153601074e+02 6.2181298828e+02 6.2198199463e+02 6.2220098877e+02 6.2246997070e+02 6.2264001465e+02 6.2271697998e+02 6.2271502686e+02 6.2271801758e+02 6.2271398926e+02 6.2269598389e+02 6.2266497803e+02 6.2261999512e+02 6.2258502197e+02 6.2254400635e+02 6.2249298096e+02 6.2243499756e+02 6.2238897705e+02 6.2234698486e+02 6.2230200195e+02 6.2226800537e+02 6.2221197510e+02 6.2228698730e+02 6.2259197998e+02 6.2309997559e+02 6.2368902588e+02 6.2410797119e+02 6.2438897705e+02 6.2464801025e+02 6.2480999756e+02 6.2490997314e+02 6.2502099609e+02 6.2515002441e+02 6.2527099609e+02 6.2539398193e+02 6.2551300049e+02 6.2562402344e+02 6.2572900391e+02 6.2583697510e+02 6.2595202637e+02 6.2607397461e+02 6.2620800781e+02 6.2634600830e+02 6.2649902344e+02 6.2666198730e+02 6.2679199219e+02
6.2126702881e+02 6.2157598877e+02 6.2173101807e+02 6.2192102051e+02 6.2222399902e+02 6.2246997070e+02 6.2260101318e+02 6.2262701416e+02 6.2264599609e+02 6.2264202881e+02 6.2263299561e+02 6.2261199951e+02 6.2257501221e+02 6.2253198242e+02 6.2249798584e+02 6.2245098877e+02 6.2240100098e+02 6.2234698486e+02 6.2230902100e+02 6.2226599121e+02 6.2222900391e+02 6.2217498779e+02 6.2217901611e+02 6.2235900879e+02 6.2275897217e+02 6.2325299072e+02 6.2367797852e+02 6.2405102539e+02 6.2439398193e+02 6.2466802979e+02 6.2481896973e+02 6.2492999268e+02 6.2502899170e+02 6.2514501953e+02 6.2525299072e+02 6.2536199951e+02 6.2547302246e+02 6.2558801270e+02 6.2570501709e+02 6.2582202148e+02 6.2593597412e+02 6.2604400635e+02 6.2614398193e+02 6.2626202393e+02 6.2640399170e+02 6.2653802490e+02
6.2104901123e+02 6.2129797363e+02 6.2145800781e+02 6.2165301514e+02 6.2198297119e+02 6.2230798340e+02 6.2251300049e+02 6.2257202148e+02 6.2258801270e+02 6.2258599854e+02 6.2257000732e+02 6.2254199219e+02 6.2252197266e+02 6.2249298096e+02 6.2245599365e+02 6.2240197754e+02 6.2235198975e+02 6.2231799316e+02 6.2227502441e+02 6.2221801758e+02 6.2216802979e+02 6.2214001465e+02 6.2211199951e+02 6.2216802979e+02 6.2241900635e+02 6.2282299805e+02 6.2324700928e+02 6.2365002441e+02 6.2403698730e+02 6.2440197754e+02 6.2466497803e+02 6.2482897949e+02 6.2491802979e+02 6.2500897217e+02 6.2510797119e+02 6.2521301270e+02 6.2532299805e+02 6.2543200684e+02 6.2554699707e+02 6.2566302490e+02 6.2577697754e+02 6.2585998535e+02 6.2592498779e+02 6.2601300049e+02 6.2614898682e+02 6.2628900146e+02
6.2090600586e+02 6.2107598877e+02 6.2121600342e+02 6.2140100098e+02 6.2169097900e+02 6.2206402588e+02 6.2237298584e+02 6.2249902344e+02 6.2251599121e+02 6.2252301025e+02 6.2251098633e+02 6.2248199463e+02 6.2246600342e+02 6.2245800781e+02 6.2242102051e+02 6.2236297607e+02 6.2231701660e+02 6.2228601074e+02 6.2223602295e+02 6.2217498779e+02 6.2212097168e+02 6.2210198975e+02 6.2205401611e+02 6.2201300049e+02 6.2211297607e+02 6.2240802002e+02 6.2278302002e+02 6.2320001221e+02 6.2362902832e+02 6.2408697510e+02 6.2444702148e+02 6.2467901611e+02 6.2477899170e+02 6.2485198975e+02 6.2494799805e+02 6.2505102539e+02 6.2516302490e+02 6.2527099609e+02 6.2538201904e+02 6.2549597168e+02 6.2560797119e+02 6.2566699219e+02 6.2571697998e+02 6.2579998779e+02 6.2593701172e+02 6.2606701660e+02
6.2082501221e+02 6.2091802979e+02 6.2102502441e+02 6.2117199707e+02 6.2136901855e+02 6.2172497559e+02 6.2212597656e+02 6.2236199951e+02 6.2242199707e+02 6.2244396973e+02 6.2245697021e+02 6.2244201660e+02 6.2241101074e+02 6.2240301514e+02 6.2237597656e+02 6.2232897949e+02 6.2228497314e+02 6.2224798584e+02 6.2219396973e+02 6.2213800049e+02 6.2208599854e+02 6.2205700684e+02 6.2201098633e+02 6.2192901611e+02 6.2191998291e+02 6.2207098389e+02 6.2235900879e+02 6.2276501465e+02 6.2321997070e+02 6.2373699951e+02 6.2417498779e+02 6.2447497559e+02 6.2460601807e+02 6.2467401123e+02 6.2477197266e+02 6.2487799072e+02 6.2499102783e+02 6.2509399414e+02 6.2520397949e+02 6.2532098389e+02 6.2543597412e+02 6.2548901367e+02 6.2554602051e+02 6.2564099121e+02 6.2577600098e+02 6.2588000488e+02
6.2073602295e+02 6.2077301025e+02 6.2085198975e+02 6.2095898438e+02 6.2107501221e+02 6.2135498047e+02 6.2179101563e+02 6.2216900635e+02 6.2233898926e+02 6.2235998535e+02 6.2238897705e+02 6.2239697266e+02 6.2237902832e+02 6.2234899902e+02 6.2232702637e+02 6.2228900146e+02 6.2224700928e+02 6.2220098877e+02 6.2215197754e+02 6.2210699463e+02 6.2206298828e+02 6.2200701904e+02 6.2196600342e+02 6.2190899658e+02 6.2183398438e+02 6.2181500244e+02 6.2199700928e+02 6.2238000488e+02 6.2286901855e+02 6.2338000488e+02 6.2387200928e+02 6.2422698975e+02 6.2440197754e+02 6.2449298096e+02 6.2458398438e+02 6.2468200684e+02 6.2478802490e+02 6.2489898682e+02 6.2501501465e+02 6.2514099121e+02 6.2524798584e+02 6.2533502197e+02 6.2542401123e+02 6.2553100586e+02 6.2563397217e+02 6.2572497559e+02
6.2057598877e+02 6.2061798096e+02 6.2067498779e+02 6.2077398682e+02 6.2093597412e+02 6.2120501709e+02 6.2160797119e+02 6.2200701904e+02 6.2220599365e+02 6.2224200439e+02 6.2225799561e+02 6.2228997803e+02 6.2230401611e+02 6.2227398682e+02 6.2225799561e+02 6.2223699951e+02 6.2220001221e+02 6.2215197754e+02 6.2210498047e+02 6.2206097412e+02 6.2201000977e+02 6.2196002197e+02 6.2191802979e+02 6.2188598633e+02 6.2181500244e+02 6.2169897461e+02 6.2173999023e+02 6.2202001953e+02 6.2246997070e+02 6.2297198486e+02 6.2349200439e+02 6.2390399170e+02 6.2415002441e+02 6.2430499268e+02 6.2440100098e+02 6.2448400879e+02 6.2458801270e+02 6.2470202637e+02 6.2484100342e+02 6.2498602295e+02 6.2510498047e+02 6.2520397949e+02 6.2530401611e+02 6.2540301514e+02 6.2549597168e+02 6.2557702637e+02
6.2038598633e+02 6.2046502686e+02 6.2051397705e+02 6.2061901855e+02 6.2083197021e+02 6.2109002686e+02 6.2143499756e+02 6.2178698730e+02 6.2198199463e+02 6.2200097656e+02 6.2202600098e+02 6.2213201904e+02 6.2222802734e+02 6.2220098877e+02 6.2218701172e+02 6.2218200684e+02 6.2216400146e+02 6.2211602783e+02 6.2206701660e+02 6.2202398682e+02 6.2196697998e+02 6.2191900635e+02 6.2187597656e+02 6.2184802246e+02 6.2180401611e+02 6.2168103027e+02 6.2161297607e+02 6.2173699951e+02 6.2209100342e+02 6.2256500244e+02 6.2307501221e+02 6.2352899170e+02 6.2385498047e+02 6.2407897949e+02 6.2421801758e+02 6.2431799316e+02 6.2442199707e+02 6.2454101563e+02 6.2469799805e+02 6.2486199951e+02 6.2499700928e+02 6.2509698486e+02 6.2519299316e+02 6.2528198242e+02 6.2536297607e+02 6.2543798828e+02
6.2021600342e+02 6.2032897949e+02 6.2038500977e+02 6.2049499512e+02 6.2070300293e+02 6.2093402100e+02 6.2121997070e+02 6.2151098633e+02 6.2167199707e+02 6.2165997314e+02 6.2171997070e+02 6.2192797852e+02 6.2214001465e+02 6.2214501953e+02 6.2213397217e+02 6.2212597656e+02 6.2212200928e+02 6.2208001709e+02 6.2203399658e+02 6.2199499512e+02 6.2193701172e+02 6.2187902832e+02 6.2183300781e+02 6.2179901123e+02 6.2177197266e+02 6.2170098877e+02 6.2157598877e+02 6.2155700684e+02 6.2176397705e+02 6.2218103027e+02 6.2265600586e+02 6.2312597656e+02 6.2352502441e+02 6.2383599854e+02 6.2404101563e+02 6.2417602539e+02 6.2428997803e+02 6.2440997314e+02 6.2457598877e+02 6.2475897217e+02 6.2491497803e+02 6.2500897217e+02 6.2509698486e+02 6.2517700195e+02 6.2524798584e+02 6.2531701660e+02
