TESTSERVER/3/6.asc
NCOLS 100
NROWS 100
XLLCORNER 7.6497500000e+03
YLLCORNER 2.8965025000e+05
CELLSIZE 5.0000000000e-01
NODATA_VALUE -9.9990000000e+03
[rows 80 to 99 of 100, columns 46 to 91 of 100]
5.9973999023e+02 5.9980401611e+02 5.9997302246e+02 6.0018798828e+02 6.0038000488e+02 6.0054901123e+02 6.0072802734e+02 6.0089398193e+02 6.0104797363e+02 6.0124700928e+02 6.0145098877e+02 6.0164398193e+02 6.0182800293e+02 6.0191497803e+02 6.0200402832e+02 6.0212701416e+02 6.0227099609e+02 6.0246002197e+02 6.0267199707e+02 6.0288897705e+02 6.0307202148e+02 6.0326000977e+02 6.0342102051e+02 6.0360498047e+02 6.0380700684e+02 6.0399200439e+02 6.0415698242e+02 6.0434301758e+02 6.0458197021e+02 6.0485797119e+02 6.0510198975e+02 6.0529797363e+02 6.0545599365e+02 6.0561297607e+02 6.0574700928e+02 6.0586798096e+02 6.0597698975e+02 6.0625201416e+02 6.0645898438e+02 6.0662597656e+02 6.0677899170e+02 6.0694000244e+02 6.0711102295e+02 6.0727600098e+02 6.0742102051e+02 6.0758502197e+02
5.9952301025e+02 5.9961199951e+02 5.9973199463e+02 5.9989599609e+02 6.0008300781e+02 6.0026397705e+02 6.0043499756e+02 6.0060198975e+02 6.0078198242e+02 6.0100598145e+02 6.0122998047e+02 6.0143200684e+02 6.0160498047e+02 6.0170697021e+02 6.0180200195e+02 6.0192401123e+02 6.0207299805e+02 6.0223498535e+02 6.0244000244e+02 6.0264898682e+02 6.0284497070e+02 6.0305102539e+02 6.0324200439e+02 6.0342401123e+02 6.0361602783e+02 6.0380401611e+02 6.0397601318e+02 6.0415502930e+02 6.0436297607e+02 6.0461102295e+02 6.0482299805e+02 6.0500402832e+02 6.0517797852e+02 6.0535198975e+02 6.0545599365e+02 6.0553302002e+02 6.0565899658e+02 6.0592102051e+02 6.0615399170e+02 6.0634100342e+02 6.0651501465e+02 6.0668499756e+02 6.0683300781e+02 6.0696398926e+02 6.0709197998e+02 6.0725598145e+02
5.9931799316e+02 5.9943298340e+02 5.9953802490e+02 5.9965600586e+02 5.9981701660e+02 6.0000598145e+02 6.0018200684e+02 6.0034698486e+02 6.0052197266e+02 6.0074700928e+02 6.0097698975e+02 6.0118499756e+02 6.0135998535e+02 6.0147998047e+02 6.0158898926e+02 6.0171899414e+02 6.0188201904e+02 6.0204302979e+02 6.0222998047e+02 6.0242602539e+02 6.0263098145e+02 6.0286901855e+02 6.0306701660e+02 6.0324200439e+02 6.0342401123e+02 6.0361297607e+02 6.0377899170e+02 6.0394500732e+02 6.0413098145e+02 6.0435198975e+02 6.0454699707e+02 6.0472802734e+02 6.0491900635e+02 6.0510400391e+02 6.0521502686e+02 6.0530200195e+02 6.0544396973e+02 6.0569799805e+02 6.0591699219e+02 6.0608898926e+02 6.0625097656e+02 6.0640997314e+02 6.0654602051e+02 6.0666802979e+02 6.0679699707e+02 6.0696002197e+02
5.9913598633e+02 5.9925701904e+02 5.9936297607e+02 5.9946301270e+02 5.9959899902e+02 5.9979901123e+02 5.9997698975e+02 6.0012500000e+02 6.0027301025e+02 6.0049200439e+02 6.0072198486e+02 6.0093298340e+02 6.0110699463e+02 6.0123901367e+02 6.0136499023e+02 6.0150097656e+02 6.0166699219e+02 6.0183197021e+02 6.0200897217e+02 6.0220397949e+02 6.0241699219e+02 6.0266802979e+02 6.0286700439e+02 6.0302899170e+02 6.0320202637e+02 6.0339001465e+02 6.0355499268e+02 6.0371398926e+02 6.0388397217e+02 6.0408898926e+02 6.0428399658e+02 6.0448199463e+02 6.0469299316e+02 6.0487902832e+02 6.0500097656e+02 6.0510601807e+02 6.0526300049e+02 6.0550299072e+02 6.0569500732e+02 6.0584197998e+02 6.0597100830e+02 6.0610400391e+02 6.0623101807e+02 6.0635699463e+02 6.0649902344e+02 6.0666198730e+02
5.9896398926e+02 5.9908801270e+02 5.9919702148e+02 5.9929797363e+02 5.9941998291e+02 5.9962902832e+02 5.9981097412e+02 5.9993902588e+02 6.0003399658e+02 6.0024200439e+02 6.0046697998e+02 6.0067901611e+02 6.0085101318e+02 6.0100097656e+02 6.0113702393e+02 6.0127197266e+02 6.0142602539e+02 6.0159698486e+02 6.0176898193e+02 6.0196502686e+02 6.0218798828e+02 6.0242602539e+02 6.0262500000e+02 6.0278399658e+02 6.0294097900e+02 6.0312902832e+02 6.0331201172e+02 6.0347900391e+02 6.0362799072e+02 6.0380902100e+02 6.0402001953e+02 6.0424902344e+02 6.0448602295e+02 6.0465100098e+02 6.0477099609e+02 6.0487701416e+02 6.0499700928e+02 6.0519500732e+02 6.0537097168e+02 6.0552001953e+02 6.0564001465e+02 6.0577001953e+02 6.0589599609e+02 6.0602398682e+02 6.0616101074e+02 6.0635101318e+02
5.9880401611e+02 5.9894201660e+02 5.9905200195e+02 5.9914801025e+02 5.9925897217e+02 5.9944097900e+02 5.9963098145e+02 5.9978698730e+02 5.9989898682e+02 6.0006201172e+02 6.0025500488e+02 6.0043597412e+02 6.0059399414e+02 6.0075598145e+02 6.0088897705e+02 6.0101898193e+02 6.0118298340e+02 6.0134002686e+02 6.0149902344e+02 6.0170800781e+02 6.0196301270e+02 6.0219097900e+02 6.0236499023e+02 6.0250598145e+02 6.0264501953e+02 6.0282897949e+02 6.0302899170e+02 6.0322601318e+02 6.0338897705e+02 6.0355401611e+02 6.0376599121e+02 6.0399102783e+02 6.0420397949e+02 6.0435900879e+02 6.0448797607e+02 6.0461199951e+02 6.0472399902e+02 6.0487597656e+02 6.0503100586e+02 6.0517999268e+02 6.0533801270e+02 6.0547601318e+02 6.0558898926e+02 6.0570697021e+02 6.0585797119e+02 6.0604199219e+02
5.9870501709e+02 5.9886102295e+02 5.9896899414e+02 5.9905200195e+02 5.9913702393e+02 5.9927502441e+02 5.9944500732e+02 5.9961199951e+02 5.9975500488e+02 5.9991198730e+02 6.0008398438e+02 6.0023602295e+02 6.0036199951e+02 6.0050402832e+02 6.0062701416e+02 6.0075500488e+02 6.0092602539e+02 6.0108001709e+02 6.0124499512e+02 6.0147100830e+02 6.0173699951e+02 6.0194897461e+02 6.0210101318e+02 6.0222198486e+02 6.0234399414e+02 6.0251501465e+02 6.0270898438e+02 6.0291900635e+02 6.0312097168e+02 6.0330102539e+02 6.0350799561e+02 6.0371697998e+02 6.0390100098e+02 6.0403802490e+02 6.0417102051e+02 6.0430902100e+02 6.0444799805e+02 6.0460601807e+02 6.0475598145e+02 6.0490899658e+02 6.0507897949e+02 6.0521502686e+02 6.0531402588e+02 6.0542401123e+02 6.0558697510e+02 6.0577001953e+02
5.9861102295e+02 5.9877502441e+02 5.9888299561e+02 5.9895800781e+02 5.9903399658e+02 5.9914202881e+02 5.9927899170e+02 5.9942700195e+02 5.9958099365e+02 5.9975000000e+02 5.9991900635e+02 6.0005999756e+02 6.0015997314e+02 6.0027001953e+02 6.0037799072e+02 6.0050299072e+02 6.0067901611e+02 6.0084301758e+02 6.0101501465e+02 6.0123101807e+02 6.0146697998e+02 6.0166601563e+02 6.0181799316e+02 6.0194097900e+02 6.0205798340e+02 6.0221600342e+02 6.0239300537e+02 6.0259399414e+02 6.0281799316e+02 6.0302099609e+02 6.0322698975e+02 6.0342498779e+02 6.0358697510e+02 6.0372100830e+02 6.0386199951e+02 6.0400799561e+02 6.0415600586e+02 6.0430999756e+02 6.0446002197e+02 6.0461901855e+02 6.0479998779e+02 6.0495501709e+02 6.0506201172e+02 6.0517401123e+02 6.0534497070e+02 6.0552001953e+02
5.9845599365e+02 5.9861297607e+02 5.9871997070e+02 5.9880798340e+02 5.9891101074e+02 5.9903002930e+02 5.9913897705e+02 5.9925097656e+02 5.9937097168e+02 5.9953997803e+02 5.9971600342e+02 5.9986401367e+02 5.9995300293e+02 6.0004199219e+02 6.0014300537e+02 6.0027001953e+02 6.0044500732e+02 6.0062597656e+02 6.0078399658e+02 6.0095098877e+02 6.0111798096e+02 6.0132897949e+02 6.0151702881e+02 6.0168103027e+02 6.0182299805e+02 6.0196502686e+02 6.0212200928e+02 6.0229199219e+02 6.0248199463e+02 6.0270800781e+02 6.0291802979e+02 6.0310699463e+02 6.0327502441e+02 6.0343200684e+02 6.0358300781e+02 6.0372399902e+02 6.0384698486e+02 6.0396801758e+02 6.0410302734e+02 6.0425500488e+02 6.0444097900e+02 6.0464599609e+02 6.0479302979e+02 6.0492901611e+02 6.0509698486e+02 6.0525897217e+02
5.9830902100e+02 5.9841302490e+02 5.9849902344e+02 5.9860900879e+02 5.9873999023e+02 5.9886499023e+02 5.9896997070e+02 5.9907897949e+02 5.9919799805e+02 5.9932202148e+02 5.9946197510e+02 5.9958697510e+02 5.9967401123e+02 5.9978100586e+02 5.9991400146e+02 6.0006298828e+02 6.0022900391e+02 6.0038598633e+02 6.0052001953e+02 6.0065899658e+02 6.0081201172e+02 6.0099902344e+02 6.0120697021e+02 6.0140301514e+02 6.0154797363e+02 6.0169201660e+02 6.0184600830e+02 6.0201000977e+02 6.0218298340e+02 6.0240502930e+02 6.0261102295e+02 6.0279797363e+02 6.0296502686e+02 6.0313299561e+02 6.0328399658e+02 6.0342498779e+02 6.0355499268e+02 6.0367700195e+02 6.0379699707e+02 6.0392797852e+02 6.0410198975e+02 6.0428302002e+02 6.0443701172e+02 6.0457897949e+02 6.0475799561e+02 6.0495300293e+02
5.9819396973e+02 5.9826000977e+02 5.9832501221e+02 5.9843402100e+02 5.9856597900e+02 5.9867999268e+02 5.9877301025e+02 5.9888098145e+02 5.9901501465e+02 5.9911401367e+02 5.9920800781e+02 5.9931298828e+02 5.9942700195e+02 5.9955798340e+02 5.9970800781e+02 5.9985900879e+02 6.0000598145e+02 6.0014898682e+02 6.0026800537e+02 6.0038897705e+02 6.0052600098e+02 6.0068798828e+02 6.0087902832e+02 6.0107299805e+02 6.0123199463e+02 6.0138201904e+02 6.0154498291e+02 6.0171002197e+02 6.0187597656e+02 6.0209399414e+02 6.0229498291e+02 6.0248297119e+02 6.0265301514e+02 6.0282000732e+02 6.0297601318e+02 6.0312200928e+02 6.0326098633e+02 6.0339300537e+02 6.0349798584e+02 6.0360101318e+02 6.0374902344e+02 6.0392700195e+02 6.0408599854e+02 6.0423901367e+02 6.0442498779e+02 6.0464398193e+02
5.9811401367e+02 5.9816601563e+02 5.9820599365e+02 5.9828198242e+02 5.9838000488e+02 5.9847497559e+02 5.9855102539e+02 5.9864801025e+02 5.9878698730e+02 5.9888397217e+02 5.9896099854e+02 5.9906701660e+02 5.9921301270e+02 5.9935900879e+02 5.9951000977e+02 5.9965100098e+02 5.9978198242e+02 5.9993200684e+02 6.0004797363e+02 6.0014501953e+02 6.0024902344e+02 6.0038299561e+02 6.0054699707e+02 6.0073400879e+02 6.0090802002e+02 6.0107702637e+02 6.0125299072e+02 6.0141699219e+02 6.0157202148e+02 6.0177697754e+02 6.0197100830e+02 6.0215802002e+02 6.0234497070e+02 6.0252502441e+02 6.0269000244e+02 6.0283898926e+02 6.0298101807e+02 6.0312097168e+02 6.0321301270e+02 6.0328997803e+02 6.0341400146e+02 6.0359399414e+02 6.0376397705e+02 6.0392999268e+02 6.0411602783e+02 6.0435198975e+02
5.9801202393e+02 5.9807202148e+02 5.9809399414e+02 5.9812701416e+02 5.9817901611e+02 5.9826300049e+02 5.9833398438e+02 5.9841699219e+02 5.9853802490e+02 5.9863397217e+02 5.9871899414e+02 5.9883801270e+02 5.9899798584e+02 5.9914697266e+02 5.9929199219e+02 5.9942700195e+02 5.9955102539e+02 5.9969598389e+02 5.9979699707e+02 5.9986602783e+02 5.9995697021e+02 6.0009197998e+02 6.0025299072e+02 6.0043402100e+02 6.0061602783e+02 6.0080603027e+02 6.0099200439e+02 6.0115197754e+02 6.0129199219e+02 6.0146099854e+02 6.0163800049e+02 6.0182702637e+02 6.0203997803e+02 6.0224902344e+02 6.0242797852e+02 6.0258099365e+02 6.0273797607e+02 6.0284997559e+02 6.0294299316e+02 6.0302801514e+02 6.0315002441e+02 6.0330297852e+02 6.0347900391e+02 6.0365197754e+02 6.0382299805e+02 6.0407397461e+02
5.9787902832e+02 5.9794396973e+02 5.9797698975e+02 5.9798999023e+02 5.9798699951e+02 5.9803497314e+02 5.9812799072e+02 5.9825500488e+02 5.9837500000e+02 5.9845202637e+02 5.9852697754e+02 5.9864001465e+02 5.9879797363e+02 5.9892999268e+02 5.9907299805e+02 5.9921899414e+02 5.9934197998e+02 5.9944201660e+02 5.9950598145e+02 5.9954998779e+02 5.9965899658e+02 5.9980499268e+02 5.9999597168e+02 6.0018597412e+02 6.0035302734e+02 6.0053900146e+02 6.0072302246e+02 6.0088299561e+02 6.0101501465e+02 6.0118597412e+02 6.0135797119e+02 6.0153900146e+02 6.0174499512e+02 6.0195800781e+02 6.0214099121e+02 6.0229101563e+02 6.0242797852e+02 6.0254699707e+02 6.0265197754e+02 6.0275701904e+02 6.0288397217e+02 6.0304101563e+02 6.0320599365e+02 6.0336901855e+02 6.0353302002e+02 6.0376898193e+02
5.9774700928e+02 5.9780499268e+02 5.9783697510e+02 5.9783801270e+02 5.9782202148e+02 5.9785699463e+02 5.9793798828e+02 5.9805798340e+02 5.9818499756e+02 5.9826800537e+02 5.9834600830e+02 5.9845300293e+02 5.9858898926e+02 5.9870697021e+02 5.9884698486e+02 5.9900598145e+02 5.9915698242e+02 5.9928100586e+02 5.9936700439e+02 5.9940399170e+02 5.9944799805e+02 5.9955200195e+02 5.9974798584e+02 5.9994500732e+02 6.0009197998e+02 6.0025897217e+02 6.0043402100e+02 6.0059899902e+02 6.0075299072e+02 6.0093499756e+02 6.0110198975e+02 6.0126800537e+02 6.0144598389e+02 6.0165399170e+02 6.0183801270e+02 6.0198999023e+02 6.0212701416e+02 6.0226000977e+02 6.0238299561e+02 6.0250097656e+02 6.0263299561e+02 6.0278900146e+02 6.0295001221e+02 6.0310601807e+02 6.0325799561e+02 6.0346600342e+02
5.9760601807e+02 5.9764501953e+02 5.9765997314e+02 5.9766302490e+02 5.9767700195e+02 5.9772998047e+02 5.9779901123e+02 5.9788800049e+02 5.9799401855e+02 5.9809100342e+02 5.9817901611e+02 5.9827099609e+02 5.9836999512e+02 5.9847399902e+02 5.9860900879e+02 5.9878497314e+02 5.9897601318e+02 5.9917797852e+02 5.9932000732e+02 5.9936102295e+02 5.9932702637e+02 5.9936700439e+02 5.9953802490e+02 5.9971899414e+02 5.9984100342e+02 5.9998498535e+02 6.0015002441e+02 6.0031597900e+02 6.0048797607e+02 6.0067199707e+02 6.0083300781e+02 6.0098999023e+02 6.0115197754e+02 6.0135498047e+02 6.0154101563e+02 6.0169702148e+02 6.0184301758e+02 6.0199200439e+02 6.0212902832e+02 6.0225598145e+02 6.0239001465e+02 6.0253997803e+02 6.0269702148e+02 6.0284997559e+02 6.0299597168e+02 6.0317498779e+02
5.9743701172e+02 5.9745300293e+02 5.9745397949e+02 5.9747302246e+02 5.9752600098e+02 5.9761700439e+02 5.9770300293e+02 5.9777801514e+02 5.9786401367e+02 5.9796502686e+02 5.9806799316e+02 5.9813598633e+02 5.9818402100e+02 5.9826000977e+02 5.9837799072e+02 5.9856201172e+02 5.9879199219e+02 5.9904998779e+02 5.9924499512e+02 5.9931701660e+02 5.9929199219e+02 5.9927697754e+02 5.9939202881e+02 5.9953002930e+02 5.9961602783e+02 5.9972399902e+02 5.9987597656e+02 6.0003698730e+02 6.0019000244e+02 6.0036798096e+02 6.0053601074e+02 6.0070001221e+02 6.0086901855e+02 6.0107702637e+02 6.0126000977e+02 6.0141699219e+02 6.0156799316e+02 6.0172302246e+02 6.0185900879e+02 6.0199102783e+02 6.0213500977e+02 6.0228698730e+02 6.0244000244e+02 6.0259002686e+02 6.0273699951e+02 6.0289599609e+02
5.9720898438e+02 5.9721502686e+02 5.9722802734e+02 5.9728100586e+02 5.9737500000e+02 5.9746899414e+02 5.9756701660e+02 5.9765899658e+02 5.9774597168e+02 5.9785900879e+02 5.9798400879e+02 5.9806298828e+02 5.9809698486e+02 5.9812402344e+02 5.9818701172e+02 5.9833898926e+02 5.9857501221e+02 5.9881701660e+02 5.9900598145e+02 5.9911602783e+02 5.9914501953e+02 5.9916998291e+02 5.9925500488e+02 5.9935302734e+02 5.9940600586e+02 5.9949700928e+02 5.9962200928e+02 5.9975799561e+02 5.9989801025e+02 6.0008300781e+02 6.0027197266e+02 6.0044897461e+02 6.0063098145e+02 6.0081097412e+02 6.0097998047e+02 6.0114398193e+02 6.0129699707e+02 6.0145501709e+02 6.0160101318e+02 6.0173999023e+02 6.0189099121e+02 6.0203802490e+02 6.0218103027e+02 6.0232501221e+02 6.0246398926e+02 6.0261199951e+02
5.9703601074e+02 5.9704602051e+02 5.9707702637e+02 5.9714898682e+02 5.9725097656e+02 5.9733599854e+02 5.9743298340e+02 5.9752600098e+02 5.9760998535e+02 5.9771899414e+02 5.9784197998e+02 5.9792797852e+02 5.9797802734e+02 5.9801098633e+02 5.9805499268e+02 5.9817401123e+02 5.9837097168e+02 5.9855102539e+02 5.9871197510e+02 5.9883398438e+02 5.9890899658e+02 5.9896502686e+02 5.9905200195e+02 5.9914099121e+02 5.9920501709e+02 5.9929199219e+02 5.9939697266e+02 5.9950701904e+02 5.9963299561e+02 5.9984600830e+02 6.0005200195e+02 6.0023498535e+02 6.0040802002e+02 6.0055798340e+02 6.0071697998e+02 6.0088897705e+02 6.0105297852e+02 6.0121697998e+02 6.0136700439e+02 6.0150402832e+02 6.0164697266e+02 6.0178198242e+02 6.0191601563e+02 6.0205297852e+02 6.0219201660e+02 6.0233697510e+02
5.9691802979e+02 5.9695001221e+02 5.9698999023e+02 5.9704998779e+02 5.9712701416e+02 5.9720898438e+02 5.9730200195e+02 5.9739202881e+02 5.9747100830e+02 5.9757299805e+02 5.9767901611e+02 5.9775402832e+02 5.9781402588e+02 5.9787402344e+02 5.9792999268e+02 5.9802197266e+02 5.9816601563e+02 5.9830102539e+02 5.9843200684e+02 5.9855499268e+02 5.9865002441e+02 5.9872399902e+02 5.9882098389e+02 5.9891900635e+02 5.9901000977e+02 5.9910601807e+02 5.9920397949e+02 5.9929797363e+02 5.9941497803e+02 5.9964501953e+02 5.9985400391e+02 6.0003002930e+02 6.0018298340e+02 6.0032501221e+02 6.0048797607e+02 6.0066802979e+02 6.0083398438e+02 6.0099798584e+02 6.0113897705e+02 6.0126202393e+02 6.0139099121e+02 6.0152099609e+02 6.0164801025e+02 6.0178002930e+02 6.0191998291e+02 6.0207501221e+02
