TESTSERVER/3/6.asc
NCOLS 100
NROWS 100
XLLCORNER 7.6497500000e+03
YLLCORNER 2.8965025000e+05
CELLSIZE 5.0000000000e-01
NODATA_VALUE -9.9990000000e+03
[rows 20 to 39 of 100, columns 0 to 45 of 100]
6.0667199707e+02 6.0686798096e+02 6.0703302002e+02 6.0716198730e+02 6.0727899170e+02 6.0734497070e+02 6.0736102295e+02 6.0753997803e+02 6.0775701904e+02 6.0797601318e+02 6.0816998291e+02 6.0834301758e+02 6.0850402832e+02 6.0871099854e+02 6.0899902344e+02 6.0931298828e+02 6.0960900879e+02 6.0986199951e+02 6.1009100342e+02 6.1047900391e+02 6.1060900879e+02 6.1073101807e+02 6.1125701904e+02 6.1170300293e+02 6.1276202393e+02 6.1426098633e+02 6.1577600098e+02 6.1596997070e+02 6.1616998291e+02 6.1625000000e+02 6.1615399170e+02 6.1605401611e+02 6.1597698975e+02 6.1596899414e+02 6.1605401611e+02 6.1615698242e+02 6.1626800537e+02 6.1635302734e+02 6.1642999268e+02 6.1655401611e+02 6.1669097900e+02 6.1685797119e+02 6.1706799316e+02 6.1725897217e+02 6.1737298584e+02 6.1743798828e+02
6.0645800781e+02 6.0664300537e+02 6.0680499268e+02 6.0697100830e+02 6.0711602783e+02 6.0720599365e+02 6.0722698975e+02 6.0734600830e+02 6.0753997803e+02 6.0775402832e+02 6.0793798828e+02 6.0808697510e+02 6.0822100830e+02 6.0840802002e+02 6.0869097900e+02 6.0903002930e+02 6.0934802246e+02 6.0963397217e+02 6.0988800049e+02 6.1013897705e+02 6.1038800049e+02 6.1063098145e+02 6.1082098389e+02 6.1096997070e+02 6.1152197266e+02 6.1271197510e+02 6.1461401367e+02 6.1603997803e+02 6.1600500488e+02 6.1606500244e+02 6.1608300781e+02 6.1597399902e+02 6.1589801025e+02 6.1590802002e+02 6.1601202393e+02 6.1612701416e+02 6.1624401855e+02 6.1633801270e+02 6.1640002441e+02 6.1647302246e+02 6.1657800293e+02 6.1673199463e+02 6.1693402100e+02 6.1712298584e+02 6.1723498535e+02 6.1730102539e+02
6.0626300049e+02 6.0642199707e+02 6.0655700684e+02 6.0671600342e+02 6.0688598633e+02 6.0701898193e+02 6.0709899902e+02 6.0720898438e+02 6.0736602783e+02 6.0754602051e+02 6.0771899414e+02 6.0786401367e+02 6.0799700928e+02 6.0818499756e+02 6.0845501709e+02 6.0876599121e+02 6.0909802246e+02 6.0941497803e+02 6.0968103027e+02 6.0987500000e+02 6.1009399414e+02 6.1035601807e+02 6.1060101318e+02 6.1064599609e+02 6.1079699707e+02 6.1137902832e+02 6.1247601318e+02 6.1525897217e+02 6.1629901123e+02 6.1594897461e+02 6.1588702393e+02 6.1586999512e+02 6.1582202148e+02 6.1584399414e+02 6.1594799805e+02 6.1605401611e+02 6.1617602539e+02 6.1628399658e+02 6.1634301758e+02 6.1637799072e+02 6.1645397949e+02 6.1659600830e+02 6.1679901123e+02 6.1698297119e+02 6.1710900879e+02 6.1720397949e+02
6.0610900879e+02 6.0625701904e+02 6.0636102295e+02 6.0646899414e+02 6.0661102295e+02 6.0675097656e+02 6.0690899658e+02 6.0705603027e+02 6.0718597412e+02 6.0733300781e+02 6.0751000977e+02 6.0767602539e+02 6.0782897949e+02 6.0802600098e+02 6.0827801514e+02 6.0853900146e+02 6.0885498047e+02 6.0919299316e+02 6.0948999023e+02 6.0967199707e+02 6.0984997559e+02 6.1008398438e+02 6.1042999268e+02 6.1063800049e+02 6.1057299805e+02 6.1060601807e+02 6.1084197998e+02 6.1246997070e+02 6.1500799561e+02 6.1601800537e+02 6.1576501465e+02 6.1579901123e+02 6.1578100586e+02 6.1578997803e+02 6.1586700439e+02 6.1594396973e+02 6.1605200195e+02 6.1616198730e+02 6.1622998047e+02 6.1626202393e+02 6.1632800293e+02 6.1646197510e+02 6.1665600586e+02 6.1681896973e+02 6.1695501709e+02 6.1709100342e+02
6.0595501709e+02 6.0611199951e+02 6.0621997070e+02 6.0632897949e+02 6.0641900635e+02 6.0652697754e+02 6.0671502686e+02 6.0687500000e+02 6.0699499512e+02 6.0712597656e+02 6.0731298828e+02 6.0752398682e+02 6.0770202637e+02 6.0789300537e+02 6.0811499023e+02 6.0832098389e+02 6.0861199951e+02 6.0896899414e+02 6.0934100342e+02 6.0952801514e+02 6.0965502930e+02 6.0981402588e+02 6.1006298828e+02 6.1043499756e+02 6.1050402832e+02 6.1045202637e+02 6.1053497314e+02 6.1034100342e+02 6.1190301514e+02 6.1490002441e+02 6.1593499756e+02 6.1567999268e+02 6.1567102051e+02 6.1574102783e+02 6.1581201172e+02 6.1584802246e+02 6.1593701172e+02 6.1601000977e+02 6.1605401611e+02 6.1612701416e+02 6.1621502686e+02 6.1634497070e+02 6.1648699951e+02 6.1659399414e+02 6.1672601318e+02 6.1691497803e+02
6.0570697021e+02 6.0583001709e+02 6.0596398926e+02 6.0611297607e+02 6.0625000000e+02 6.0640399170e+02 6.0655700684e+02 6.0669396973e+02 6.0683398438e+02 6.0697100830e+02 6.0713201904e+02 6.0731201172e+02 6.0748400879e+02 6.0767102051e+02 6.0788500977e+02 6.0809002686e+02 6.0838897705e+02 6.0877398682e+02 6.0921002197e+02 6.0943298340e+02 6.0951599121e+02 6.0957897949e+02 6.0974499512e+02 6.0996600342e+02 6.1011401367e+02 6.1019702148e+02 6.1027899170e+02 6.1013800049e+02 6.1043902588e+02 6.1219201660e+02 6.1522302246e+02 6.1596099854e+02 6.1569299316e+02 6.1562597656e+02 6.1567498779e+02 6.1573400879e+02 6.1581597900e+02 6.1589801025e+02 6.1592700195e+02 6.1599700928e+02 6.1610900879e+02 6.1623602295e+02 6.1633502197e+02 6.1637500000e+02 6.1648699951e+02 6.1669500732e+02
6.0544299316e+02 6.0554302979e+02 6.0566802979e+02 6.0581402588e+02 6.0597100830e+02 6.0615600586e+02 6.0633502197e+02 6.0651599121e+02 6.0670098877e+02 6.0684399414e+02 6.0696697998e+02 6.0709802246e+02 6.0723400879e+02 6.0739099121e+02 6.0759002686e+02 6.0781201172e+02 6.0812402344e+02 6.0852600098e+02 6.0899700928e+02 6.0928302002e+02 6.0936602783e+02 6.0937799072e+02 6.0946697998e+02 6.0964697266e+02 6.0977697754e+02 6.0985998535e+02 6.0995001221e+02 6.1006402588e+02 6.0989898682e+02 6.1028497314e+02 6.1209197998e+02 6.1341101074e+02 6.1479302979e+02 6.1589300537e+02 6.1575097656e+02 6.1580297852e+02 6.1573400879e+02 6.1576702881e+02 6.1580999756e+02 6.1589099121e+02 6.1600799561e+02 6.1613000488e+02 6.1621502686e+02 6.1623297119e+02 6.1630700684e+02 6.1647497559e+02
6.0514501953e+02 6.0524902344e+02 6.0537200928e+02 6.0550799561e+02 6.0566900635e+02 6.0586401367e+02 6.0609100342e+02 6.0636602783e+02 6.0659497070e+02 6.0673101807e+02 6.0681097412e+02 6.0691699219e+02 6.0700897217e+02 6.0710699463e+02 6.0725500488e+02 6.0748498535e+02 6.0779699707e+02 6.0819500732e+02 6.0866802979e+02 6.0902502441e+02 6.0915197754e+02 6.0915997314e+02 6.0921301270e+02 6.0938299561e+02 6.0950799561e+02 6.0959197998e+02 6.0963397217e+02 6.0982800293e+02 6.0986297607e+02 6.0973400879e+02 6.0988800049e+02 6.0988098145e+02 6.1171197510e+02 6.1456597900e+02 6.1560900879e+02 6.1581298828e+02 6.1578698730e+02 6.1571801758e+02 6.1572399902e+02 6.1580603027e+02 6.1591497803e+02 6.1602600098e+02 6.1611297607e+02 6.1613299561e+02 6.1616900635e+02 6.1627301025e+02
6.0486798096e+02 6.0499102783e+02 6.0512097168e+02 6.0527697754e+02 6.0544000244e+02 6.0562799072e+02 6.0591302490e+02 6.0626501465e+02 6.0649902344e+02 6.0659100342e+02 6.0663299561e+02 6.0674902344e+02 6.0683697510e+02 6.0689300537e+02 6.0696801758e+02 6.0713800049e+02 6.0743200684e+02 6.0780902100e+02 6.0825799561e+02 6.0865502930e+02 6.0884301758e+02 6.0888397217e+02 6.0893597412e+02 6.0913201904e+02 6.0929602051e+02 6.0940698242e+02 6.0946600342e+02 6.0950299072e+02 6.0963800049e+02 6.0979498291e+02 6.1001898193e+02 6.1004699707e+02 6.1022601318e+02 6.1103900146e+02 6.1298199463e+02 6.1499298096e+02 6.1578198242e+02 6.1575799561e+02 6.1555401611e+02 6.1569000244e+02 6.1578100586e+02 6.1590100098e+02 6.1604797363e+02 6.1604302979e+02 6.1605200195e+02 6.1609600830e+02
6.0465600586e+02 6.0477001953e+02 6.0489599609e+02 6.0506799316e+02 6.0525299072e+02 6.0546502686e+02 6.0576098633e+02 6.0610900879e+02 6.0629602051e+02 6.0634399414e+02 6.0640502930e+02 6.0657800293e+02 6.0669396973e+02 6.0674902344e+02 6.0679901123e+02 6.0686297607e+02 6.0703198242e+02 6.0734197998e+02 6.0781799316e+02 6.0823400879e+02 6.0843902588e+02 6.0851300049e+02 6.0860302734e+02 6.0881201172e+02 6.0903802490e+02 6.0921697998e+02 6.0929699707e+02 6.0931701660e+02 6.0941497803e+02 6.0958502197e+02 6.0980999756e+02 6.0992901611e+02 6.0990698242e+02 6.1010101318e+02 6.1092999268e+02 6.1310400391e+02 6.1491497803e+02 6.1584698486e+02 6.1589898682e+02 6.1573498535e+02 6.1569000244e+02 6.1569299316e+02 6.1580200195e+02 6.1588897705e+02 6.1589202881e+02 6.1592901611e+02
6.0441900635e+02 6.0453100586e+02 6.0466400146e+02 6.0484002686e+02 6.0505499268e+02 6.0529699707e+02 6.0556896973e+02 6.0585699463e+02 6.0604101563e+02 6.0611102295e+02 6.0617999268e+02 6.0635400391e+02 6.0647900391e+02 6.0655297852e+02 6.0663897705e+02 6.0667999268e+02 6.0675000000e+02 6.0695697021e+02 6.0737597656e+02 6.0777600098e+02 6.0799102783e+02 6.0810998535e+02 6.0824298096e+02 6.0843701172e+02 6.0868200684e+02 6.0891302490e+02 6.0906500244e+02 6.0908300781e+02 6.0916802979e+02 6.0931597900e+02 6.0950701904e+02 6.0978601074e+02 6.0995800781e+02 6.1002600098e+02 6.1010400391e+02 6.1117498779e+02 6.1287097168e+02 6.1455499268e+02 6.1558001709e+02 6.1563397217e+02 6.1566900635e+02 6.1566302490e+02 6.1565197754e+02 6.1572100830e+02 6.1572698975e+02 6.1575201416e+02
6.0418798828e+02 6.0430297852e+02 6.0444396973e+02 6.0462200928e+02 6.0484802246e+02 6.0509301758e+02 6.0532299805e+02 6.0557800293e+02 6.0579498291e+02 6.0590698242e+02 6.0596697998e+02 6.0611297607e+02 6.0623901367e+02 6.0633001709e+02 6.0645898438e+02 6.0654400635e+02 6.0658398438e+02 6.0670800781e+02 6.0700299072e+02 6.0735400391e+02 6.0758001709e+02 6.0773999023e+02 6.0791400146e+02 6.0808197021e+02 6.0830798340e+02 6.0855700684e+02 6.0877197266e+02 6.0883697510e+02 6.0890698242e+02 6.0901300049e+02 6.0916497803e+02 6.0944396973e+02 6.0975097656e+02 6.0997302246e+02 6.0997100830e+02 6.0998400879e+02 6.1074298096e+02 6.1213702393e+02 6.1377801514e+02 6.1441497803e+02 6.1494799805e+02 6.1539501953e+02 6.1554199219e+02 6.1554699707e+02 6.1556597900e+02 6.1559100342e+02
6.0396600342e+02 6.0408599854e+02 6.0423797607e+02 6.0441400146e+02 6.0462097168e+02 6.0483398438e+02 6.0501397705e+02 6.0527398682e+02 6.0552001953e+02 6.0568499756e+02 6.0576898193e+02 6.0589398193e+02 6.0604400635e+02 6.0614801025e+02 6.0625701904e+02 6.0639001465e+02 6.0646002197e+02 6.0655902100e+02 6.0674499512e+02 6.0701599121e+02 6.0725402832e+02 6.0745202637e+02 6.0767498779e+02 6.0781799316e+02 6.0799902344e+02 6.0822601318e+02 6.0847100830e+02 6.0863299561e+02 6.0871899414e+02 6.0880499268e+02 6.0894598389e+02 6.0916699219e+02 6.0941400146e+02 6.0964398193e+02 6.0981896973e+02 6.0993798828e+02 6.1003601074e+02 6.1032299805e+02 6.1063299561e+02 6.1164697266e+02 6.1292602539e+02 6.1450402832e+02 6.1538000488e+02 6.1538800049e+02 6.1536999512e+02 6.1538702393e+02
6.0373602295e+02 6.0386901855e+02 6.0405499268e+02 6.0420599365e+02 6.0436401367e+02 6.0454901123e+02 6.0472698975e+02 6.0495501709e+02 6.0518902588e+02 6.0540802002e+02 6.0557598877e+02 6.0570098877e+02 6.0584698486e+02 6.0597601318e+02 6.0609301758e+02 6.0620001221e+02 6.0628497314e+02 6.0642199707e+02 6.0661700439e+02 6.0681500244e+02 6.0702301025e+02 6.0721600342e+02 6.0741198730e+02 6.0759197998e+02 6.0777899170e+02 6.0796801758e+02 6.0817999268e+02 6.0840002441e+02 6.0851000977e+02 6.0860101318e+02 6.0872698975e+02 6.0895202637e+02 6.0917401123e+02 6.0937200928e+02 6.0958001709e+02 6.0976800537e+02 6.0998999023e+02 6.1022198486e+02 6.1038702393e+02 6.1042602539e+02 6.1134301758e+02 6.1342401123e+02 6.1496099854e+02 6.1530999756e+02 6.1532098389e+02 6.1521002197e+02
6.0352899170e+02 6.0370599365e+02 6.0390802002e+02 6.0403497314e+02 6.0414697266e+02 6.0430401611e+02 6.0447601318e+02 6.0465997314e+02 6.0486102295e+02 6.0509100342e+02 6.0532000732e+02 6.0547998047e+02 6.0560601807e+02 6.0573297119e+02 6.0585900879e+02 6.0597900391e+02 6.0608898926e+02 6.0625500488e+02 6.0650097656e+02 6.0670300293e+02 6.0686499023e+02 6.0702301025e+02 6.0720202637e+02 6.0739501953e+02 6.0758099365e+02 6.0775097656e+02 6.0794000244e+02 6.0816198730e+02 6.0828302002e+02 6.0838500977e+02 6.0850500488e+02 6.0870098877e+02 6.0892102051e+02 6.0914697266e+02 6.0937402344e+02 6.0955603027e+02 6.0978002930e+02 6.1003198242e+02 6.1034802246e+02 6.1047497559e+02 6.1083197021e+02 6.1209399414e+02 6.1362097168e+02 6.1466699219e+02 6.1511901855e+02 6.1511297607e+02
6.0332702637e+02 6.0351300049e+02 6.0372601318e+02 6.0386700439e+02 6.0396197510e+02 6.0409698486e+02 6.0426202393e+02 6.0441900635e+02 6.0458398438e+02 6.0478900146e+02 6.0502001953e+02 6.0521002197e+02 6.0534802246e+02 6.0547497559e+02 6.0560101318e+02 6.0575000000e+02 6.0588702393e+02 6.0606201172e+02 6.0631896973e+02 6.0654400635e+02 6.0669299316e+02 6.0684600830e+02 6.0704302979e+02 6.0724298096e+02 6.0742297363e+02 6.0759600830e+02 6.0778198242e+02 6.0796899414e+02 6.0806896973e+02 6.0816802979e+02 6.0828698730e+02 6.0846099854e+02 6.0866900635e+02 6.0890399170e+02 6.0914801025e+02 6.0934100342e+02 6.0956298828e+02 6.0982397461e+02 6.1013500977e+02 6.1039202881e+02 6.1043298340e+02 6.1064202881e+02 6.1168597412e+02 6.1327001953e+02 6.1424902344e+02 6.1464398193e+02
6.0313702393e+02 6.0327301025e+02 6.0348901367e+02 6.0367602539e+02 6.0377600098e+02 6.0389398193e+02 6.0405200195e+02 6.0423699951e+02 6.0441101074e+02 6.0459802246e+02 6.0481799316e+02 6.0497497559e+02 6.0511499023e+02 6.0526300049e+02 6.0540301514e+02 6.0555798340e+02 6.0571801758e+02 6.0588201904e+02 6.0607202148e+02 6.0631799316e+02 6.0649902344e+02 6.0666802979e+02 6.0686499023e+02 6.0707800293e+02 6.0723901367e+02 6.0741198730e+02 6.0760101318e+02 6.0779199219e+02 6.0787200928e+02 6.0794097900e+02 6.0804901123e+02 6.0824597168e+02 6.0843298340e+02 6.0865301514e+02 6.0893103027e+02 6.0913299561e+02 6.0935699463e+02 6.0962701416e+02 6.0995098877e+02 6.1023901367e+02 6.1035198975e+02 6.1030603027e+02 6.1058697510e+02 6.1172399902e+02 6.1287298584e+02 6.1375299072e+02
6.0300097656e+02 6.0313201904e+02 6.0327600098e+02 6.0342199707e+02 6.0352197266e+02 6.0364801025e+02 6.0379498291e+02 6.0398400879e+02 6.0419702148e+02 6.0441400146e+02 6.0464001465e+02 6.0478802490e+02 6.0490802002e+02 6.0508801270e+02 6.0526300049e+02 6.0541101074e+02 6.0557397461e+02 6.0575201416e+02 6.0594097900e+02 6.0612402344e+02 6.0629797363e+02 6.0646600342e+02 6.0663000488e+02 6.0678302002e+02 6.0691802979e+02 6.0710101318e+02 6.0730700684e+02 6.0747900391e+02 6.0757897949e+02 6.0766802979e+02 6.0779901123e+02 6.0800201416e+02 6.0822900391e+02 6.0846801758e+02 6.0871398926e+02 6.0891998291e+02 6.0915002441e+02 6.0941400146e+02 6.0970800781e+02 6.1000500488e+02 6.1018298340e+02 6.1026898193e+02 6.1032897949e+02 6.1073901367e+02 6.1155499268e+02 6.1264099121e+02
6.0280297852e+02 6.0294702148e+02 6.0304302979e+02 6.0314001465e+02 6.0325000000e+02 6.0340197754e+02 6.0355798340e+02 6.0373199463e+02 6.0394097900e+02 6.0416198730e+02 6.0438000488e+02 6.0452197266e+02 6.0467199707e+02 6.0490502930e+02 6.0512597656e+02 6.0526898193e+02 6.0542999268e+02 6.0561602783e+02 6.0582598877e+02 6.0598602295e+02 6.0614202881e+02 6.0630200195e+02 6.0645501709e+02 6.0658099365e+02 6.0667700195e+02 6.0683502197e+02 6.0703399658e+02 6.0718499756e+02 6.0730902100e+02 6.0742797852e+02 6.0755999756e+02 6.0774499512e+02 6.0798901367e+02 6.0823297119e+02 6.0846502686e+02 6.0867498779e+02 6.0889099121e+02 6.0914202881e+02 6.0942297363e+02 6.0970202637e+02 6.0992401123e+02 6.1006597900e+02 6.1017401123e+02 6.1026599121e+02 6.1060900879e+02 6.1134002686e+02
6.0258398438e+02 6.0272900391e+02 6.0281500244e+02 6.0290698242e+02 6.0303802490e+02 6.0320697021e+02 6.0336401367e+02 6.0351397705e+02 6.0370202637e+02 6.0390899658e+02 6.0411102295e+02 6.0428198242e+02 6.0446899414e+02 6.0471997070e+02 6.0496301270e+02 6.0511999512e+02 6.0528100586e+02 6.0546197510e+02 6.0568103027e+02 6.0584997559e+02 6.0599401855e+02 6.0613897705e+02 6.0628900146e+02 6.0644000244e+02 6.0654699707e+02 6.0668402100e+02 6.0684100342e+02 6.0698297119e+02 6.0713098145e+02 6.0726501465e+02 6.0737500000e+02 6.0754998779e+02 6.0778302002e+02 6.0801098633e+02 6.0823699951e+02 6.0844598389e+02 6.0863500977e+02 6.0886401367e+02 6.0916699219e+02 6.0941497803e+02 6.0963500977e+02 6.0981799316e+02 6.1000402832e+02 6.1016601563e+02 6.1026300049e+02 6.1049200439e+02
