TESTSERVER/3/7.asc
NCOLS 100
NROWS 100
XLLCORNER 7.6497500000e+03
YLLCORNER 2.8960025000e+05
CELLSIZE 5.0000000000e-01
NODATA_VALUE -9.9990000000e+03
[rows 20 to 39 of 100, columns 46 to 91 of 100]
5.9321697998e+02 5.9328302002e+02 5.9339300537e+02 5.9351501465e+02 5.9358801270e+02 5.9364599609e+02 5.9368402100e+02 5.9375201416e+02 5.9382598877e+02 5.9392602539e+02 5.9404302979e+02 5.9414300537e+02 5.9420300293e+02 5.9430200195e+02 5.9442498779e+02 5.9456298828e+02 5.9467901611e+02 5.9478002930e+02 5.9485998535e+02 5.9493701172e+02 5.9501599121e+02 5.9508898926e+02 5.9518798828e+02 5.9530902100e+02 5.9543200684e+02 5.9547399902e+02 5.9554901123e+02 5.9565698242e+02 5.9580499268e+02 5.9590698242e+02 5.9596197510e+02 5.9602099609e+02 5.9610797119e+02 5.9622100830e+02 5.9632598877e+02 5.9641198730e+02 5.9647802734e+02 5.9649102783e+02 5.9652899170e+02 5.9656799316e+02 5.9660302734e+02 5.9663000488e+02 5.9667199707e+02 5.9673199463e+02 5.9679901123e+02 5.9690997314e+02
5.9305200195e+02 5.9314801025e+02 5.9327801514e+02 5.9338000488e+02 5.9341497803e+02 5.9346600342e+02 5.9353198242e+02 5.9360601807e+02 5.9367602539e+02 5.9376702881e+02 5.9385302734e+02 5.9391998291e+02 5.9398199463e+02 5.9405798340e+02 5.9416400146e+02 5.9428497314e+02 5.9441802979e+02 5.9454400635e+02 5.9464398193e+02 5.9472497559e+02 5.9480200195e+02 5.9488201904e+02 5.9498699951e+02 5.9510998535e+02 5.9523297119e+02 5.9530102539e+02 5.9535797119e+02 5.9542602539e+02 5.9553601074e+02 5.9565301514e+02 5.9572601318e+02 5.9579101563e+02 5.9587902832e+02 5.9598602295e+02 5.9609002686e+02 5.9618103027e+02 5.9625701904e+02 5.9629998779e+02 5.9634997559e+02 5.9639801025e+02 5.9644201660e+02 5.9647900391e+02 5.9651800537e+02 5.9656896973e+02 5.9663598633e+02 5.9673199463e+02
5.9291601563e+02 5.9299902344e+02 5.9311102295e+02 5.9319396973e+02 5.9322900391e+02 5.9329400635e+02 5.9337500000e+02 5.9346398926e+02 5.9354998779e+02 5.9363299561e+02 5.9368103027e+02 5.9371697998e+02 5.9378601074e+02 5.9386798096e+02 5.9395800781e+02 5.9405102539e+02 5.9416497803e+02 5.9428802490e+02 5.9439898682e+02 5.9448901367e+02 5.9457202148e+02 5.9465301514e+02 5.9475598145e+02 5.9487200928e+02 5.9498999023e+02 5.9508599854e+02 5.9515197754e+02 5.9521197510e+02 5.9528997803e+02 5.9539801025e+02 5.9548101807e+02 5.9555798340e+02 5.9565197754e+02 5.9576501465e+02 5.9586999512e+02 5.9596002197e+02 5.9604602051e+02 5.9611297607e+02 5.9617401123e+02 5.9622900391e+02 5.9628100586e+02 5.9632598877e+02 5.9636901855e+02 5.9642199707e+02 5.9648901367e+02 5.9657501221e+02
5.9280102539e+02 5.9285498047e+02 5.9294097900e+02 5.9301599121e+02 5.9305499268e+02 5.9312701416e+02 5.9320697021e+02 5.9329400635e+02 5.9340002441e+02 5.9349798584e+02 5.9353997803e+02 5.9355999756e+02 5.9361602783e+02 5.9370001221e+02 5.9377899170e+02 5.9385101318e+02 5.9394097900e+02 5.9405102539e+02 5.9416101074e+02 5.9426098633e+02 5.9435400391e+02 5.9442700195e+02 5.9452301025e+02 5.9463098145e+02 5.9473699951e+02 5.9485302734e+02 5.9494097900e+02 5.9501397705e+02 5.9508599854e+02 5.9518597412e+02 5.9527301025e+02 5.9535400391e+02 5.9545001221e+02 5.9557897949e+02 5.9569000244e+02 5.9577899170e+02 5.9586102295e+02 5.9593902588e+02 5.9601397705e+02 5.9608300781e+02 5.9614898682e+02 5.9619799805e+02 5.9623901367e+02 5.9628399658e+02 5.9634600830e+02 5.9642602539e+02
5.9266601563e+02 5.9269799805e+02 5.9276800537e+02 5.9284301758e+02 5.9289001465e+02 5.9296502686e+02 5.9303497314e+02 5.9311700439e+02 5.9322802734e+02 5.9332501221e+02 5.9339300537e+02 5.9342602539e+02 5.9344897461e+02 5.9353302002e+02 5.9360498047e+02 5.9367102051e+02 5.9374798584e+02 5.9385400391e+02 5.9396301270e+02 5.9407000732e+02 5.9416302490e+02 5.9422497559e+02 5.9431500244e+02 5.9442102051e+02 5.9452600098e+02 5.9463201904e+02 5.9473797607e+02 5.9483398438e+02 5.9493298340e+02 5.9503002930e+02 5.9512097168e+02 5.9520397949e+02 5.9530297852e+02 5.9542602539e+02 5.9554199219e+02 5.9563397217e+02 5.9570898438e+02 5.9579498291e+02 5.9588299561e+02 5.9597198486e+02 5.9606402588e+02 5.9612200928e+02 5.9614599609e+02 5.9615997314e+02 5.9618902588e+02 5.9626800537e+02
5.9253601074e+02 5.9256402588e+02 5.9261499023e+02 5.9267199707e+02 5.9272998047e+02 5.9282501221e+02 5.9290197754e+02 5.9298699951e+02 5.9308197021e+02 5.9316400146e+02 5.9324902344e+02 5.9329901123e+02 5.9331298828e+02 5.9337701416e+02 5.9346002197e+02 5.9354797363e+02 5.9363397217e+02 5.9371801758e+02 5.9380902100e+02 5.9390197754e+02 5.9399401855e+02 5.9407000732e+02 5.9415698242e+02 5.9425402832e+02 5.9435900879e+02 5.9446197510e+02 5.9455603027e+02 5.9465100098e+02 5.9475799561e+02 5.9487597656e+02 5.9498901367e+02 5.9509197998e+02 5.9518103027e+02 5.9528198242e+02 5.9538800049e+02 5.9548901367e+02 5.9558398438e+02 5.9567999268e+02 5.9576501465e+02 5.9584600830e+02 5.9594897461e+02 5.9602600098e+02 5.9604602051e+02 5.9604302979e+02 5.9606097412e+02 5.9611297607e+02
5.9241302490e+02 5.9242498779e+02 5.9249798584e+02 5.9257000732e+02 5.9261798096e+02 5.9270202637e+02 5.9279400635e+02 5.9288598633e+02 5.9296197510e+02 5.9302502441e+02 5.9310900879e+02 5.9318298340e+02 5.9322802734e+02 5.9327301025e+02 5.9333898926e+02 5.9342199707e+02 5.9351300049e+02 5.9359600830e+02 5.9368402100e+02 5.9377301025e+02 5.9386401367e+02 5.9394799805e+02 5.9402697754e+02 5.9411102295e+02 5.9421002197e+02 5.9429998779e+02 5.9438098145e+02 5.9446997070e+02 5.9457897949e+02 5.9470599365e+02 5.9483697510e+02 5.9495599365e+02 5.9504199219e+02 5.9513397217e+02 5.9525201416e+02 5.9538000488e+02 5.9550299072e+02 5.9561297607e+02 5.9569500732e+02 5.9575598145e+02 5.9582702637e+02 5.9588800049e+02 5.9590997314e+02 5.9591900635e+02 5.9594799805e+02 5.9598699951e+02
5.9228399658e+02 5.9231201172e+02 5.9244201660e+02 5.9254797363e+02 5.9258300781e+02 5.9261700439e+02 5.9269598389e+02 5.9279302979e+02 5.9286297607e+02 5.9293402100e+02 5.9302502441e+02 5.9312097168e+02 5.9319799805e+02 5.9320800781e+02 5.9323602295e+02 5.9329498291e+02 5.9338000488e+02 5.9347497559e+02 5.9357897949e+02 5.9367999268e+02 5.9376599121e+02 5.9384301758e+02 5.9391101074e+02 5.9398498535e+02 5.9407702637e+02 5.9415197754e+02 5.9421997070e+02 5.9430297852e+02 5.9440802002e+02 5.9453198242e+02 5.9467102051e+02 5.9479901123e+02 5.9488598633e+02 5.9498297119e+02 5.9512402344e+02 5.9528497314e+02 5.9544500732e+02 5.9557702637e+02 5.9565301514e+02 5.9568402100e+02 5.9570697021e+02 5.9574102783e+02 5.9576800537e+02 5.9579901123e+02 5.9584997559e+02 5.9588397217e+02
5.9219000244e+02 5.9228601074e+02 5.9242602539e+02 5.9253497314e+02 5.9261297607e+02 5.9259301758e+02 5.9261602783e+02 5.9268298340e+02 5.9278198242e+02 5.9291699219e+02 5.9302197266e+02 5.9311901855e+02 5.9320001221e+02 5.9317797852e+02 5.9316601563e+02 5.9319299316e+02 5.9325500488e+02 5.9334600830e+02 5.9346502686e+02 5.9358398438e+02 5.9366998291e+02 5.9373297119e+02 5.9379998779e+02 5.9387298584e+02 5.9395501709e+02 5.9401000977e+02 5.9407098389e+02 5.9415100098e+02 5.9424700928e+02 5.9436199951e+02 5.9449902344e+02 5.9463397217e+02 5.9473699951e+02 5.9483398438e+02 5.9498797607e+02 5.9517401123e+02 5.9538098145e+02 5.9551501465e+02 5.9557598877e+02 5.9558099365e+02 5.9557702637e+02 5.9560198975e+02 5.9563397217e+02 5.9568103027e+02 5.9573498535e+02 5.9577600098e+02
5.9217297363e+02 5.9226397705e+02 5.9236499023e+02 5.9247198486e+02 5.9252099609e+02 5.9254901123e+02 5.9260101318e+02 5.9264398193e+02 5.9273999023e+02 5.9294097900e+02 5.9310998535e+02 5.9320501709e+02 5.9321301270e+02 5.9316802979e+02 5.9313201904e+02 5.9314099121e+02 5.9318402100e+02 5.9324597168e+02 5.9334899902e+02 5.9346398926e+02 5.9355401611e+02 5.9362097168e+02 5.9368402100e+02 5.9375201416e+02 5.9382598877e+02 5.9387298584e+02 5.9393499756e+02 5.9402301025e+02 5.9412701416e+02 5.9422601318e+02 5.9434899902e+02 5.9448199463e+02 5.9460198975e+02 5.9470697021e+02 5.9484301758e+02 5.9501000977e+02 5.9520300293e+02 5.9533099365e+02 5.9536499023e+02 5.9536798096e+02 5.9539501953e+02 5.9546099854e+02 5.9550897217e+02 5.9555102539e+02 5.9560101318e+02 5.9565002441e+02
5.9206896973e+02 5.9213598633e+02 5.9221502686e+02 5.9232202148e+02 5.9237597656e+02 5.9243798828e+02 5.9251397705e+02 5.9257000732e+02 5.9267700195e+02 5.9290002441e+02 5.9314398193e+02 5.9323602295e+02 5.9313500977e+02 5.9308099365e+02 5.9306298828e+02 5.9309100342e+02 5.9314898682e+02 5.9321899414e+02 5.9331402588e+02 5.9340301514e+02 5.9346002197e+02 5.9351501465e+02 5.9357000732e+02 5.9363201904e+02 5.9370300293e+02 5.9375500488e+02 5.9382202148e+02 5.9390899658e+02 5.9401202393e+02 5.9410699463e+02 5.9421697998e+02 5.9434399414e+02 5.9447198486e+02 5.9458300781e+02 5.9470300293e+02 5.9484100342e+02 5.9498999023e+02 5.9508300781e+02 5.9511199951e+02 5.9513397217e+02 5.9519201660e+02 5.9528497314e+02 5.9536102295e+02 5.9542297363e+02 5.9547698975e+02 5.9553100586e+02
5.9196099854e+02 5.9197399902e+02 5.9202899170e+02 5.9211401367e+02 5.9219702148e+02 5.9225402832e+02 5.9232397461e+02 5.9244097900e+02 5.9262200928e+02 5.9278698730e+02 5.9300000000e+02 5.9305603027e+02 5.9293902588e+02 5.9293200684e+02 5.9294702148e+02 5.9300598145e+02 5.9310498047e+02 5.9321502686e+02 5.9331500244e+02 5.9338201904e+02 5.9338702393e+02 5.9341497803e+02 5.9345697021e+02 5.9351397705e+02 5.9359002686e+02 5.9366101074e+02 5.9373602295e+02 5.9381701660e+02 5.9390399170e+02 5.9399200439e+02 5.9409100342e+02 5.9420800781e+02 5.9433398438e+02 5.9445098877e+02 5.9456201172e+02 5.9467297363e+02 5.9477697754e+02 5.9484497070e+02 5.9488201904e+02 5.9492401123e+02 5.9498797607e+02 5.9507800293e+02 5.9518200684e+02 5.9528601074e+02 5.9537200928e+02 5.9543402100e+02
5.9194299316e+02 5.9194500732e+02 5.9198999023e+02 5.9203698730e+02 5.9207702637e+02 5.9210101318e+02 5.9218798828e+02 5.9240197754e+02 5.9260498047e+02 5.9269500732e+02 5.9280603027e+02 5.9282397461e+02 5.9282202148e+02 5.9280902100e+02 5.9282000732e+02 5.9288397217e+02 5.9298199463e+02 5.9313598633e+02 5.9325799561e+02 5.9332202148e+02 5.9330999756e+02 5.9331896973e+02 5.9334497070e+02 5.9339202881e+02 5.9346801758e+02 5.9358300781e+02 5.9366699219e+02 5.9373797607e+02 5.9380603027e+02 5.9387799072e+02 5.9397198486e+02 5.9408300781e+02 5.9420397949e+02 5.9432000732e+02 5.9442999268e+02 5.9451898193e+02 5.9459997559e+02 5.9465698242e+02 5.9470300293e+02 5.9474902344e+02 5.9480200195e+02 5.9487298584e+02 5.9499499512e+02 5.9514099121e+02 5.9528198242e+02 5.9534497070e+02
5.9190899658e+02 5.9196301270e+02 5.9201202393e+02 5.9204901123e+02 5.9212097168e+02 5.9213500977e+02 5.9218902588e+02 5.9237902832e+02 5.9247601318e+02 5.9252502441e+02 5.9267401123e+02 5.9279998779e+02 5.9281701660e+02 5.9277301025e+02 5.9277301025e+02 5.9282598877e+02 5.9288598633e+02 5.9297399902e+02 5.9307702637e+02 5.9314599609e+02 5.9315600586e+02 5.9319097900e+02 5.9322399902e+02 5.9326898193e+02 5.9335797119e+02 5.9346502686e+02 5.9353997803e+02 5.9360998535e+02 5.9369201660e+02 5.9377600098e+02 5.9387500000e+02 5.9398602295e+02 5.9410699463e+02 5.9423901367e+02 5.9434399414e+02 5.9441601563e+02 5.9448199463e+02 5.9454797363e+02 5.9458001709e+02 5.9459600830e+02 5.9463397217e+02 5.9471099854e+02 5.9482702637e+02 5.9496502686e+02 5.9510900879e+02 5.9520501709e+02
5.9187500000e+02 5.9192498779e+02 5.9197198486e+02 5.9206597900e+02 5.9220300293e+02 5.9216802979e+02 5.9219097900e+02 5.9234197998e+02 5.9236297607e+02 5.9237097168e+02 5.9251000977e+02 5.9264898682e+02 5.9267297363e+02 5.9265502930e+02 5.9269000244e+02 5.9275799561e+02 5.9279302979e+02 5.9282000732e+02 5.9287402344e+02 5.9292602539e+02 5.9296600342e+02 5.9303497314e+02 5.9309002686e+02 5.9315197754e+02 5.9325402832e+02 5.9333898926e+02 5.9340197754e+02 5.9346697998e+02 5.9356097412e+02 5.9367401123e+02 5.9377197266e+02 5.9386798096e+02 5.9397900391e+02 5.9412097168e+02 5.9423101807e+02 5.9429998779e+02 5.9436499023e+02 5.9444299316e+02 5.9446801758e+02 5.9446899414e+02 5.9448400879e+02 5.9455798340e+02 5.9466198730e+02 5.9478302002e+02 5.9491699219e+02 5.9503698730e+02
5.9187097168e+02 5.9190197754e+02 5.9196600342e+02 5.9211297607e+02 5.9223199463e+02 5.9214300537e+02 5.9214801025e+02 5.9223999023e+02 5.9220697021e+02 5.9223699951e+02 5.9235601807e+02 5.9244097900e+02 5.9245697021e+02 5.9248199463e+02 5.9254199219e+02 5.9262799072e+02 5.9268200684e+02 5.9267901611e+02 5.9267999268e+02 5.9270397949e+02 5.9277099609e+02 5.9287097168e+02 5.9294598389e+02 5.9302502441e+02 5.9314599609e+02 5.9321801758e+02 5.9326599121e+02 5.9332397461e+02 5.9342401123e+02 5.9355999756e+02 5.9365502930e+02 5.9373297119e+02 5.9382702637e+02 5.9396997070e+02 5.9408599854e+02 5.9415802002e+02 5.9421600342e+02 5.9427398682e+02 5.9429901123e+02 5.9430798340e+02 5.9432397461e+02 5.9440997314e+02 5.9451702881e+02 5.9463702393e+02 5.9476800537e+02 5.9490197754e+02
5.9182800293e+02 5.9189398193e+02 5.9196997070e+02 5.9206896973e+02 5.9209497070e+02 5.9207299805e+02 5.9212200928e+02 5.9213702393e+02 5.9205999756e+02 5.9217297363e+02 5.9227502441e+02 5.9233001709e+02 5.9236297607e+02 5.9235498047e+02 5.9238201904e+02 5.9245697021e+02 5.9255499268e+02 5.9256896973e+02 5.9253698730e+02 5.9253698730e+02 5.9261401367e+02 5.9272399902e+02 5.9280200195e+02 5.9288800049e+02 5.9301898193e+02 5.9309600830e+02 5.9314202881e+02 5.9319799805e+02 5.9328399658e+02 5.9343200684e+02 5.9352899170e+02 5.9359497070e+02 5.9368103027e+02 5.9381896973e+02 5.9393499756e+02 5.9400897217e+02 5.9402697754e+02 5.9403601074e+02 5.9406500244e+02 5.9409997559e+02 5.9412902832e+02 5.9424499512e+02 5.9438897705e+02 5.9454199219e+02 5.9468701172e+02 5.9483398438e+02
5.9181597900e+02 5.9188598633e+02 5.9189801025e+02 5.9190899658e+02 5.9193902588e+02 5.9196899414e+02 5.9206500244e+02 5.9212799072e+02 5.9214898682e+02 5.9219598389e+02 5.9220098877e+02 5.9224200439e+02 5.9228399658e+02 5.9226599121e+02 5.9228698730e+02 5.9234802246e+02 5.9243597412e+02 5.9247601318e+02 5.9247399902e+02 5.9249902344e+02 5.9256402588e+02 5.9264099121e+02 5.9272100830e+02 5.9281298828e+02 5.9292797852e+02 5.9298101807e+02 5.9302001953e+02 5.9308398438e+02 5.9316998291e+02 5.9329699707e+02 5.9340197754e+02 5.9348999023e+02 5.9359698486e+02 5.9370898438e+02 5.9380603027e+02 5.9386401367e+02 5.9388201904e+02 5.9388299561e+02 5.9390802002e+02 5.9393701172e+02 5.9395697021e+02 5.9403302002e+02 5.9417700195e+02 5.9434197998e+02 5.9449597168e+02 5.9467999268e+02
5.9182299805e+02 5.9188000488e+02 5.9187902832e+02 5.9189202881e+02 5.9193798828e+02 5.9194000244e+02 5.9201501465e+02 5.9214202881e+02 5.9227099609e+02 5.9227197266e+02 5.9217700195e+02 5.9217901611e+02 5.9225097656e+02 5.9225000000e+02 5.9228100586e+02 5.9232098389e+02 5.9236798096e+02 5.9242602539e+02 5.9245501709e+02 5.9249401855e+02 5.9253399658e+02 5.9259497070e+02 5.9267602539e+02 5.9274700928e+02 5.9281298828e+02 5.9284600830e+02 5.9289099121e+02 5.9297601318e+02 5.9308599854e+02 5.9320300293e+02 5.9331597900e+02 5.9342199707e+02 5.9354602051e+02 5.9364898682e+02 5.9372601318e+02 5.9376599121e+02 5.9377600098e+02 5.9378302002e+02 5.9380102539e+02 5.9382000732e+02 5.9383099365e+02 5.9387799072e+02 5.9397302246e+02 5.9409698486e+02 5.9423999023e+02 5.9443701172e+02
5.9174902344e+02 5.9181799316e+02 5.9189599609e+02 5.9196099854e+02 5.9199200439e+02 5.9196301270e+02 5.9200402832e+02 5.9214099121e+02 5.9228997803e+02 5.9228698730e+02 5.9219702148e+02 5.9220599365e+02 5.9229699707e+02 5.9229602051e+02 5.9231201172e+02 5.9232702637e+02 5.9234997559e+02 5.9240698242e+02 5.9243298340e+02 5.9245800781e+02 5.9248901367e+02 5.9256701660e+02 5.9264501953e+02 5.9268298340e+02 5.9270501709e+02 5.9274298096e+02 5.9280499268e+02 5.9290698242e+02 5.9303497314e+02 5.9316998291e+02 5.9329998779e+02 5.9341699219e+02 5.9353900146e+02 5.9364300537e+02 5.9370501709e+02 5.9372497559e+02 5.9372399902e+02 5.9372698975e+02 5.9373297119e+02 5.9373699951e+02 5.9373797607e+02 5.9377502441e+02 5.9382098389e+02 5.9389099121e+02 5.9400897217e+02 5.9421801758e+02
