TESTSERVER/3/7.asc
NCOLS 100
NROWS 100
XLLCORNER 7.6497500000e+03
YLLCORNER 2.8960025000e+05
CELLSIZE 5.0000000000e-01
NODATA_VALUE -9.9990000000e+03
[rows 40 to 59 of 100, columns 46 to 91 of 100]
5.9164001465e+02 5.9176898193e+02 5.9195501709e+02 5.9201599121e+02 5.9194897461e+02 5.9198901367e+02 5.9203497314e+02 5.9214202881e+02 5.9223999023e+02 5.9221801758e+02 5.9223602295e+02 5.9228002930e+02 5.9235400391e+02 5.9231701660e+02 5.9229699707e+02 5.9232299805e+02 5.9238598633e+02 5.9241302490e+02 5.9240301514e+02 5.9238702393e+02 5.9242797852e+02 5.9255200195e+02 5.9263800049e+02 5.9265600586e+02 5.9265502930e+02 5.9272601318e+02 5.9280499268e+02 5.9289599609e+02 5.9301000977e+02 5.9317401123e+02 5.9334100342e+02 5.9346697998e+02 5.9356500244e+02 5.9366601563e+02 5.9371697998e+02 5.9372497559e+02 5.9371301270e+02 5.9369897461e+02 5.9367901611e+02 5.9365502930e+02 5.9365802002e+02 5.9369097900e+02 5.9372198486e+02 5.9376599121e+02 5.9384100342e+02 5.9407501221e+02
5.9160601807e+02 5.9170001221e+02 5.9187097168e+02 5.9194702148e+02 5.9192999268e+02 5.9199700928e+02 5.9202697754e+02 5.9211199951e+02 5.9218902588e+02 5.9222399902e+02 5.9226800537e+02 5.9225799561e+02 5.9227398682e+02 5.9230102539e+02 5.9230700684e+02 5.9236401367e+02 5.9241497803e+02 5.9240301514e+02 5.9235998535e+02 5.9233801270e+02 5.9240002441e+02 5.9255200195e+02 5.9267999268e+02 5.9271099854e+02 5.9269500732e+02 5.9280200195e+02 5.9286798096e+02 5.9290600586e+02 5.9300299072e+02 5.9319201660e+02 5.9340002441e+02 5.9354602051e+02 5.9362200928e+02 5.9369799805e+02 5.9373297119e+02 5.9373797607e+02 5.9373101807e+02 5.9371099854e+02 5.9363598633e+02 5.9353399658e+02 5.9348400879e+02 5.9350799561e+02 5.9357202148e+02 5.9366101074e+02 5.9375000000e+02 5.9394000244e+02
5.9157202148e+02 5.9159100342e+02 5.9168597412e+02 5.9178198242e+02 5.9183300781e+02 5.9191601563e+02 5.9196197510e+02 5.9203497314e+02 5.9209899902e+02 5.9214398193e+02 5.9220599365e+02 5.9220501709e+02 5.9220098877e+02 5.9226098633e+02 5.9227301025e+02 5.9231896973e+02 5.9235998535e+02 5.9231799316e+02 5.9229602051e+02 5.9232299805e+02 5.9238299561e+02 5.9252197266e+02 5.9266302490e+02 5.9270800781e+02 5.9271502686e+02 5.9286401367e+02 5.9291101074e+02 5.9291497803e+02 5.9300500488e+02 5.9319000244e+02 5.9340997314e+02 5.9357598877e+02 5.9365502930e+02 5.9371600342e+02 5.9374102783e+02 5.9373797607e+02 5.9371502686e+02 5.9365197754e+02 5.9353198242e+02 5.9340002441e+02 5.9333398438e+02 5.9334698486e+02 5.9340997314e+02 5.9350799561e+02 5.9361602783e+02 5.9376800537e+02
5.9151599121e+02 5.9152099609e+02 5.9156298828e+02 5.9162902832e+02 5.9168499756e+02 5.9177899170e+02 5.9185998535e+02 5.9193103027e+02 5.9197998047e+02 5.9198602295e+02 5.9206500244e+02 5.9211999512e+02 5.9215197754e+02 5.9223602295e+02 5.9223999023e+02 5.9225201416e+02 5.9227899170e+02 5.9223602295e+02 5.9226397705e+02 5.9234997559e+02 5.9238500977e+02 5.9249597168e+02 5.9262200928e+02 5.9265502930e+02 5.9267498779e+02 5.9284600830e+02 5.9289001465e+02 5.9289697266e+02 5.9299798584e+02 5.9315997314e+02 5.9337597656e+02 5.9355401611e+02 5.9364001465e+02 5.9370697021e+02 5.9373400879e+02 5.9371398926e+02 5.9363397217e+02 5.9350097656e+02 5.9337298584e+02 5.9326300049e+02 5.9321899414e+02 5.9322802734e+02 5.9326898193e+02 5.9334997559e+02 5.9346502686e+02 5.9360797119e+02
5.9143499756e+02 5.9147198486e+02 5.9151599121e+02 5.9155999756e+02 5.9160498047e+02 5.9168499756e+02 5.9177502441e+02 5.9184802246e+02 5.9191400146e+02 5.9189398193e+02 5.9196398926e+02 5.9202099609e+02 5.9201202393e+02 5.9215502930e+02 5.9218298340e+02 5.9219396973e+02 5.9224597168e+02 5.9219396973e+02 5.9224499512e+02 5.9235302734e+02 5.9236798096e+02 5.9251300049e+02 5.9259997559e+02 5.9259197998e+02 5.9260998535e+02 5.9274902344e+02 5.9280700684e+02 5.9285498047e+02 5.9296801758e+02 5.9312402344e+02 5.9333898926e+02 5.9353002930e+02 5.9362200928e+02 5.9366802979e+02 5.9368298340e+02 5.9362701416e+02 5.9351702881e+02 5.9337500000e+02 5.9328002930e+02 5.9319299316e+02 5.9311700439e+02 5.9314801025e+02 5.9317797852e+02 5.9323400879e+02 5.9332299805e+02 5.9347601318e+02
5.9138397217e+02 5.9141699219e+02 5.9145800781e+02 5.9149700928e+02 5.9152801514e+02 5.9158099365e+02 5.9166802979e+02 5.9173699951e+02 5.9176898193e+02 5.9181597900e+02 5.9191601563e+02 5.9195397949e+02 5.9192602539e+02 5.9205499268e+02 5.9212902832e+02 5.9218597412e+02 5.9224499512e+02 5.9217297363e+02 5.9219396973e+02 5.9229302979e+02 5.9235998535e+02 5.9247302246e+02 5.9253302002e+02 5.9254302979e+02 5.9258197021e+02 5.9267199707e+02 5.9272802734e+02 5.9280200195e+02 5.9292700195e+02 5.9308099365e+02 5.9328900146e+02 5.9349401855e+02 5.9359600830e+02 5.9362200928e+02 5.9358502197e+02 5.9347601318e+02 5.9338397217e+02 5.9333001709e+02 5.9327197266e+02 5.9318499756e+02 5.9307098389e+02 5.9308398438e+02 5.9311401367e+02 5.9317602539e+02 5.9328002930e+02 5.9342999268e+02
5.9134698486e+02 5.9138397217e+02 5.9142401123e+02 5.9145501709e+02 5.9148199463e+02 5.9152099609e+02 5.9158898926e+02 5.9165502930e+02 5.9167901611e+02 5.9173999023e+02 5.9180999756e+02 5.9184600830e+02 5.9187500000e+02 5.9202697754e+02 5.9212298584e+02 5.9217700195e+02 5.9218798828e+02 5.9213201904e+02 5.9217297363e+02 5.9227197266e+02 5.9234100342e+02 5.9239801025e+02 5.9243798828e+02 5.9246099854e+02 5.9250897217e+02 5.9257897949e+02 5.9264099121e+02 5.9274298096e+02 5.9289300537e+02 5.9301800537e+02 5.9318597412e+02 5.9336102295e+02 5.9347497559e+02 5.9352600098e+02 5.9351599121e+02 5.9341900635e+02 5.9330499268e+02 5.9324200439e+02 5.9320697021e+02 5.9315997314e+02 5.9306298828e+02 5.9305102539e+02 5.9311700439e+02 5.9325402832e+02 5.9338500977e+02 5.9350701904e+02
5.9131298828e+02 5.9135302734e+02 5.9139001465e+02 5.9141601563e+02 5.9144396973e+02 5.9146600342e+02 5.9150000000e+02 5.9156701660e+02 5.9161700439e+02 5.9164001465e+02 5.9165600586e+02 5.9169702148e+02 5.9180603027e+02 5.9197497559e+02 5.9208001709e+02 5.9211401367e+02 5.9207702637e+02 5.9207501221e+02 5.9215399170e+02 5.9224200439e+02 5.9229797363e+02 5.9233898926e+02 5.9237500000e+02 5.9238500977e+02 5.9240301514e+02 5.9245697021e+02 5.9253100586e+02 5.9265997314e+02 5.9283398438e+02 5.9293902588e+02 5.9306097412e+02 5.9319000244e+02 5.9328601074e+02 5.9335198975e+02 5.9341497803e+02 5.9340002441e+02 5.9329101563e+02 5.9316900635e+02 5.9313702393e+02 5.9313897705e+02 5.9310302734e+02 5.9307299805e+02 5.9316900635e+02 5.9338800049e+02 5.9354602051e+02 5.9362500000e+02
5.9127697754e+02 5.9130798340e+02 5.9133898926e+02 5.9136102295e+02 5.9139001465e+02 5.9141802979e+02 5.9144500732e+02 5.9150000000e+02 5.9155297852e+02 5.9156500244e+02 5.9155999756e+02 5.9160198975e+02 5.9170300293e+02 5.9181799316e+02 5.9190802002e+02 5.9194396973e+02 5.9192602539e+02 5.9201300049e+02 5.9210498047e+02 5.9216998291e+02 5.9223101807e+02 5.9235101318e+02 5.9239202881e+02 5.9234997559e+02 5.9228601074e+02 5.9233697510e+02 5.9241198730e+02 5.9254498291e+02 5.9269097900e+02 5.9283898926e+02 5.9296301270e+02 5.9305603027e+02 5.9310699463e+02 5.9309802246e+02 5.9319598389e+02 5.9329998779e+02 5.9332397461e+02 5.9316101074e+02 5.9311602783e+02 5.9312902832e+02 5.9312902832e+02 5.9306896973e+02 5.9317199707e+02 5.9341802979e+02 5.9362597656e+02 5.9370697021e+02
5.9122802734e+02 5.9125598145e+02 5.9129199219e+02 5.9131799316e+02 5.9134399414e+02 5.9137902832e+02 5.9140698242e+02 5.9143701172e+02 5.9147198486e+02 5.9149401855e+02 5.9149700928e+02 5.9152398682e+02 5.9159100342e+02 5.9166302490e+02 5.9173297119e+02 5.9177697754e+02 5.9180902100e+02 5.9191601563e+02 5.9202301025e+02 5.9210400391e+02 5.9218597412e+02 5.9240997314e+02 5.9247698975e+02 5.9236901855e+02 5.9226000977e+02 5.9228302002e+02 5.9233898926e+02 5.9245202637e+02 5.9260601807e+02 5.9277398682e+02 5.9290802002e+02 5.9295098877e+02 5.9294799805e+02 5.9293597412e+02 5.9297399902e+02 5.9303100586e+02 5.9309100342e+02 5.9310900879e+02 5.9311499023e+02 5.9309301758e+02 5.9306201172e+02 5.9305700684e+02 5.9319201660e+02 5.9341601563e+02 5.9362097168e+02 5.9375598145e+02
5.9117102051e+02 5.9118798828e+02 5.9121801758e+02 5.9125097656e+02 5.9128302002e+02 5.9131402588e+02 5.9134600830e+02 5.9137298584e+02 5.9140399170e+02 5.9142602539e+02 5.9143597412e+02 5.9145300293e+02 5.9149401855e+02 5.9155297852e+02 5.9162402344e+02 5.9169000244e+02 5.9173999023e+02 5.9182702637e+02 5.9193902588e+02 5.9203302002e+02 5.9211199951e+02 5.9236297607e+02 5.9248199463e+02 5.9240502930e+02 5.9229199219e+02 5.9229302979e+02 5.9232598877e+02 5.9243597412e+02 5.9260198975e+02 5.9275897217e+02 5.9283502197e+02 5.9281799316e+02 5.9282897949e+02 5.9292498779e+02 5.9291998291e+02 5.9286901855e+02 5.9288598633e+02 5.9300500488e+02 5.9305102539e+02 5.9301800537e+02 5.9299401855e+02 5.9308898926e+02 5.9326300049e+02 5.9346801758e+02 5.9365399170e+02 5.9380902100e+02
5.9111499023e+02 5.9113098145e+02 5.9115002441e+02 5.9117797852e+02 5.9121197510e+02 5.9123602295e+02 5.9127301025e+02 5.9131097412e+02 5.9134802246e+02 5.9137298584e+02 5.9138800049e+02 5.9139599609e+02 5.9141900635e+02 5.9146801758e+02 5.9154498291e+02 5.9163397217e+02 5.9170599365e+02 5.9177197266e+02 5.9187701416e+02 5.9197698975e+02 5.9204302979e+02 5.9222998047e+02 5.9237597656e+02 5.9237200928e+02 5.9229901123e+02 5.9227899170e+02 5.9230297852e+02 5.9242797852e+02 5.9260699463e+02 5.9270501709e+02 5.9271502686e+02 5.9266998291e+02 5.9273999023e+02 5.9295898438e+02 5.9293902588e+02 5.9279699707e+02 5.9275500488e+02 5.9290002441e+02 5.9296099854e+02 5.9295397949e+02 5.9298101807e+02 5.9314898682e+02 5.9333398438e+02 5.9351000977e+02 5.9369000244e+02 5.9385400391e+02
5.9106597900e+02 5.9109899902e+02 5.9111102295e+02 5.9112500000e+02 5.9115698242e+02 5.9117602539e+02 5.9120898438e+02 5.9125299072e+02 5.9128399658e+02 5.9131298828e+02 5.9133502197e+02 5.9134497070e+02 5.9135998535e+02 5.9139898682e+02 5.9146899414e+02 5.9156799316e+02 5.9166802979e+02 5.9173901367e+02 5.9183099365e+02 5.9193798828e+02 5.9204302979e+02 5.9211499023e+02 5.9222900391e+02 5.9227398682e+02 5.9223199463e+02 5.9219897461e+02 5.9221899414e+02 5.9235400391e+02 5.9249798584e+02 5.9257702637e+02 5.9258398438e+02 5.9258197021e+02 5.9270202637e+02 5.9293499756e+02 5.9291497803e+02 5.9275897217e+02 5.9272497559e+02 5.9280200195e+02 5.9286602783e+02 5.9291998291e+02 5.9302301025e+02 5.9321502686e+02 5.9338397217e+02 5.9353399658e+02 5.9372198486e+02 5.9390600586e+02
5.9100500488e+02 5.9103302002e+02 5.9105902100e+02 5.9108398438e+02 5.9110699463e+02 5.9111999512e+02 5.9114398193e+02 5.9118103027e+02 5.9121398926e+02 5.9124902344e+02 5.9128997803e+02 5.9131896973e+02 5.9133300781e+02 5.9136401367e+02 5.9141900635e+02 5.9150000000e+02 5.9158502197e+02 5.9165197754e+02 5.9174798584e+02 5.9185101318e+02 5.9192498779e+02 5.9198199463e+02 5.9209197998e+02 5.9217901611e+02 5.9219500732e+02 5.9219299316e+02 5.9219598389e+02 5.9226702881e+02 5.9235797119e+02 5.9249798584e+02 5.9258599854e+02 5.9263299561e+02 5.9273400879e+02 5.9285699463e+02 5.9282897949e+02 5.9273400879e+02 5.9269299316e+02 5.9273199463e+02 5.9280200195e+02 5.9288702393e+02 5.9299700928e+02 5.9320202637e+02 5.9339801025e+02 5.9355200195e+02 5.9370202637e+02 5.9394500732e+02
5.9095800781e+02 5.9098400879e+02 5.9101098633e+02 5.9103900146e+02 5.9106799316e+02 5.9108697510e+02 5.9110900879e+02 5.9113397217e+02 5.9115997314e+02 5.9119299316e+02 5.9124200439e+02 5.9128497314e+02 5.9130700684e+02 5.9133502197e+02 5.9137597656e+02 5.9143402100e+02 5.9149499512e+02 5.9154699707e+02 5.9164599609e+02 5.9176300049e+02 5.9180999756e+02 5.9183697510e+02 5.9193701172e+02 5.9204699707e+02 5.9211700439e+02 5.9216302490e+02 5.9219000244e+02 5.9222900391e+02 5.9226898193e+02 5.9242498779e+02 5.9254101563e+02 5.9261102295e+02 5.9269396973e+02 5.9276000977e+02 5.9276300049e+02 5.9271002197e+02 5.9264202881e+02 5.9265399170e+02 5.9273602295e+02 5.9283697510e+02 5.9293103027e+02 5.9309698486e+02 5.9328497314e+02 5.9340997314e+02 5.9349499512e+02 5.9369396973e+02
5.9092602539e+02 5.9095001221e+02 5.9096697998e+02 5.9099200439e+02 5.9103002930e+02 5.9105603027e+02 5.9108300781e+02 5.9110699463e+02 5.9112402344e+02 5.9114398193e+02 5.9118798828e+02 5.9123297119e+02 5.9126501465e+02 5.9129901123e+02 5.9132702637e+02 5.9136602783e+02 5.9141400146e+02 5.9144897461e+02 5.9151800537e+02 5.9162200928e+02 5.9168402100e+02 5.9171697998e+02 5.9180401611e+02 5.9191400146e+02 5.9200598145e+02 5.9209002686e+02 5.9216400146e+02 5.9221502686e+02 5.9222900391e+02 5.9233898926e+02 5.9244598389e+02 5.9252001953e+02 5.9258001709e+02 5.9264697266e+02 5.9270098877e+02 5.9267297363e+02 5.9256402588e+02 5.9257202148e+02 5.9266101074e+02 5.9276599121e+02 5.9285498047e+02 5.9298602295e+02 5.9312500000e+02 5.9319598389e+02 5.9321997070e+02 5.9335498047e+02
5.9090899658e+02 5.9092700195e+02 5.9093902588e+02 5.9095501709e+02 5.9098101807e+02 5.9100097656e+02 5.9103198242e+02 5.9106597900e+02 5.9109698486e+02 5.9111499023e+02 5.9115301514e+02 5.9119097900e+02 5.9121697998e+02 5.9124700928e+02 5.9127001953e+02 5.9129901123e+02 5.9134497070e+02 5.9137701416e+02 5.9141302490e+02 5.9148101807e+02 5.9155200195e+02 5.9161602783e+02 5.9169500732e+02 5.9178399658e+02 5.9186297607e+02 5.9195501709e+02 5.9207000732e+02 5.9216101074e+02 5.9219500732e+02 5.9225201416e+02 5.9234802246e+02 5.9242602539e+02 5.9245300293e+02 5.9258099365e+02 5.9266400146e+02 5.9262298584e+02 5.9245697021e+02 5.9251800537e+02 5.9260400391e+02 5.9269396973e+02 5.9280297852e+02 5.9295800781e+02 5.9302301025e+02 5.9303900146e+02 5.9312902832e+02 5.9320001221e+02
5.9090502930e+02 5.9091699219e+02 5.9093103027e+02 5.9094396973e+02 5.9096398926e+02 5.9098199463e+02 5.9100500488e+02 5.9102600098e+02 5.9105798340e+02 5.9107897949e+02 5.9111401367e+02 5.9114599609e+02 5.9116802979e+02 5.9120001221e+02 5.9122900391e+02 5.9125799561e+02 5.9128698730e+02 5.9131097412e+02 5.9134899902e+02 5.9140698242e+02 5.9145898438e+02 5.9150201416e+02 5.9155798340e+02 5.9163000488e+02 5.9170599365e+02 5.9180102539e+02 5.9192401123e+02 5.9202600098e+02 5.9208197021e+02 5.9215698242e+02 5.9227001953e+02 5.9237902832e+02 5.9244000244e+02 5.9256896973e+02 5.9263000488e+02 5.9258001709e+02 5.9246502686e+02 5.9248498535e+02 5.9254302979e+02 5.9260797119e+02 5.9269201660e+02 5.9283599854e+02 5.9288098145e+02 5.9294598389e+02 5.9309301758e+02 5.9314202881e+02
5.9090698242e+02 5.9091302490e+02 5.9092498779e+02 5.9093597412e+02 5.9095098877e+02 5.9096801758e+02 5.9098297119e+02 5.9099102783e+02 5.9101501465e+02 5.9102697754e+02 5.9105798340e+02 5.9109301758e+02 5.9112597656e+02 5.9116497803e+02 5.9119799805e+02 5.9122198486e+02 5.9123699951e+02 5.9125299072e+02 5.9128302002e+02 5.9132897949e+02 5.9137200928e+02 5.9140600586e+02 5.9144500732e+02 5.9149902344e+02 5.9156597900e+02 5.9165301514e+02 5.9176202393e+02 5.9186102295e+02 5.9193597412e+02 5.9201599121e+02 5.9214599609e+02 5.9228900146e+02 5.9239001465e+02 5.9249401855e+02 5.9254302979e+02 5.9251898193e+02 5.9245800781e+02 5.9244897461e+02 5.9247601318e+02 5.9252001953e+02 5.9257202148e+02 5.9264697266e+02 5.9269500732e+02 5.9280499268e+02 5.9299200439e+02 5.9308697510e+02
5.9090002441e+02 5.9090502930e+02 5.9091699219e+02 5.9093200684e+02 5.9094500732e+02 5.9095501709e+02 5.9096997070e+02 5.9097698975e+02 5.9099200439e+02 5.9099597168e+02 5.9101702881e+02 5.9105102539e+02 5.9109197998e+02 5.9113098145e+02 5.9116497803e+02 5.9118902588e+02 5.9120001221e+02 5.9120697021e+02 5.9121997070e+02 5.9125201416e+02 5.9129797363e+02 5.9133801270e+02 5.9137097168e+02 5.9140899658e+02 5.9146099854e+02 5.9153198242e+02 5.9160797119e+02 5.9169097900e+02 5.9177899170e+02 5.9186199951e+02 5.9199798584e+02 5.9215899658e+02 5.9227301025e+02 5.9233898926e+02 5.9238397217e+02 5.9239599609e+02 5.9240997314e+02 5.9240399170e+02 5.9240802002e+02 5.9243499756e+02 5.9247601318e+02 5.9251397705e+02 5.9256097412e+02 5.9267102051e+02 5.9282598877e+02 5.9296099854e+02
