TESTSERVER/3/7.asc
NCOLS 100
NROWS 100
XLLCORNER 7.6497500000e+03
YLLCORNER 2.8960025000e+05
CELLSIZE 5.0000000000e-01
NODATA_VALUE -9.9990000000e+03
[rows 60 to 79 of 100, columns 0 to 45 of 100]
5.9073699951e+02 5.9073199463e+02 5.9073498535e+02 5.9072100830e+02 5.9069097900e+02 5.9066601563e+02 5.9064801025e+02 5.9062402344e+02 5.9061401367e+02 5.9060601807e+02 5.9058801270e+02 5.9058001709e+02 5.9057202148e+02 5.9056701660e+02 5.9057000732e+02 5.9054699707e+02 5.9053900146e+02 5.9054901123e+02 5.9055999756e+02 5.9054199219e+02 5.9054498291e+02 5.9053997803e+02 5.9053900146e+02 5.9053698730e+02 5.9054699707e+02 5.9055603027e+02 5.9056597900e+02 5.9057299805e+02 5.9057501221e+02 5.9059197998e+02 5.9061499023e+02 5.9062200928e+02 5.9062402344e+02 5.9063598633e+02 5.9065100098e+02 5.9065197754e+02 5.9066400146e+02 5.9068701172e+02 5.9070697021e+02 5.9072399902e+02 5.9073901367e+02 5.9076000977e+02 5.9079302979e+02 5.9080999756e+02 5.9082897949e+02 5.9085198975e+02
5.9075500488e+02 5.9074798584e+02 5.9073297119e+02 5.9072802734e+02 5.9071398926e+02 5.9070001221e+02 5.9068298340e+02 5.9064801025e+02 5.9062902832e+02 5.9061999512e+02 5.9060498047e+02 5.9060400391e+02 5.9060101318e+02 5.9059100342e+02 5.9058898926e+02 5.9057098389e+02 5.9056097412e+02 5.9056402588e+02 5.9057202148e+02 5.9055499268e+02 5.9056701660e+02 5.9056097412e+02 5.9055700684e+02 5.9055102539e+02 5.9055297852e+02 5.9056298828e+02 5.9057702637e+02 5.9058801270e+02 5.9058898926e+02 5.9060198975e+02 5.9062402344e+02 5.9063000488e+02 5.9063299561e+02 5.9064398193e+02 5.9065399170e+02 5.9065997314e+02 5.9067102051e+02 5.9069396973e+02 5.9071002197e+02 5.9072198486e+02 5.9072900391e+02 5.9073999023e+02 5.9077301025e+02 5.9079699707e+02 5.9081298828e+02 5.9083801270e+02
5.9077502441e+02 5.9075897217e+02 5.9073602295e+02 5.9072900391e+02 5.9072198486e+02 5.9071398926e+02 5.9069897461e+02 5.9066802979e+02 5.9064801025e+02 5.9063897705e+02 5.9062597656e+02 5.9062402344e+02 5.9062402344e+02 5.9061798096e+02 5.9061798096e+02 5.9059802246e+02 5.9058502197e+02 5.9058502197e+02 5.9058197021e+02 5.9056201172e+02 5.9057397461e+02 5.9057501221e+02 5.9057098389e+02 5.9057098389e+02 5.9057598877e+02 5.9058300781e+02 5.9059100342e+02 5.9060400391e+02 5.9060797119e+02 5.9061401367e+02 5.9063098145e+02 5.9064001465e+02 5.9064300537e+02 5.9065502930e+02 5.9066601563e+02 5.9067700195e+02 5.9068597412e+02 5.9070397949e+02 5.9071301270e+02 5.9071801758e+02 5.9072900391e+02 5.9074499512e+02 5.9077301025e+02 5.9078900146e+02 5.9079901123e+02 5.9082299805e+02
5.9079797363e+02 5.9078302002e+02 5.9075701904e+02 5.9074298096e+02 5.9073297119e+02 5.9071801758e+02 5.9069500732e+02 5.9067700195e+02 5.9067102051e+02 5.9067199707e+02 5.9065997314e+02 5.9065002441e+02 5.9064801025e+02 5.9064501953e+02 5.9064801025e+02 5.9062298584e+02 5.9060797119e+02 5.9060498047e+02 5.9059600830e+02 5.9058599854e+02 5.9059002686e+02 5.9059002686e+02 5.9058300781e+02 5.9058898926e+02 5.9060198975e+02 5.9060797119e+02 5.9060601807e+02 5.9061297607e+02 5.9062097168e+02 5.9062597656e+02 5.9063800049e+02 5.9064697266e+02 5.9065197754e+02 5.9066601563e+02 5.9067901611e+02 5.9069500732e+02 5.9070397949e+02 5.9071697998e+02 5.9072497559e+02 5.9072802734e+02 5.9073498535e+02 5.9075097656e+02 5.9077398682e+02 5.9078302002e+02 5.9079400635e+02 5.9081896973e+02
5.9080499268e+02 5.9079699707e+02 5.9077801514e+02 5.9077099609e+02 5.9075701904e+02 5.9073101807e+02 5.9070300293e+02 5.9069201660e+02 5.9068902588e+02 5.9069097900e+02 5.9068499756e+02 5.9067401123e+02 5.9065899658e+02 5.9064898682e+02 5.9064898682e+02 5.9064001465e+02 5.9063500977e+02 5.9063201904e+02 5.9063000488e+02 5.9062097168e+02 5.9062097168e+02 5.9061401367e+02 5.9060900879e+02 5.9061297607e+02 5.9062298584e+02 5.9062597656e+02 5.9063299561e+02 5.9062799072e+02 5.9062799072e+02 5.9063098145e+02 5.9064398193e+02 5.9065600586e+02 5.9066302490e+02 5.9067401123e+02 5.9067901611e+02 5.9069598389e+02 5.9070800781e+02 5.9072399902e+02 5.9073400879e+02 5.9074298096e+02 5.9075097656e+02 5.9076397705e+02 5.9077801514e+02 5.9078802490e+02 5.9080297852e+02 5.9082202148e+02
5.9079998779e+02 5.9079302979e+02 5.9078100586e+02 5.9078100586e+02 5.9077301025e+02 5.9075701904e+02 5.9073699951e+02 5.9071197510e+02 5.9070098877e+02 5.9068902588e+02 5.9068103027e+02 5.9068499756e+02 5.9068298340e+02 5.9067401123e+02 5.9066400146e+02 5.9064801025e+02 5.9064599609e+02 5.9065002441e+02 5.9064801025e+02 5.9064398193e+02 5.9064001465e+02 5.9063598633e+02 5.9063098145e+02 5.9063500977e+02 5.9063702393e+02 5.9063702393e+02 5.9065002441e+02 5.9064898682e+02 5.9064501953e+02 5.9065100098e+02 5.9066302490e+02 5.9066998291e+02 5.9067401123e+02 5.9068597412e+02 5.9069396973e+02 5.9070202637e+02 5.9070800781e+02 5.9072100830e+02 5.9073199463e+02 5.9074902344e+02 5.9076202393e+02 5.9077398682e+02 5.9078698730e+02 5.9080200195e+02 5.9081701660e+02 5.9083197021e+02
5.9080603027e+02 5.9079797363e+02 5.9078198242e+02 5.9078002930e+02 5.9077398682e+02 5.9076702881e+02 5.9075701904e+02 5.9073602295e+02 5.9072198486e+02 5.9070001221e+02 5.9067901611e+02 5.9067999268e+02 5.9068200684e+02 5.9067797852e+02 5.9067700195e+02 5.9066198730e+02 5.9065502930e+02 5.9066101074e+02 5.9066198730e+02 5.9065997314e+02 5.9065698242e+02 5.9065301514e+02 5.9065002441e+02 5.9065502930e+02 5.9065197754e+02 5.9064898682e+02 5.9066601563e+02 5.9067401123e+02 5.9067199707e+02 5.9067102051e+02 5.9067901611e+02 5.9068798828e+02 5.9069097900e+02 5.9070202637e+02 5.9071099854e+02 5.9071600342e+02 5.9072100830e+02 5.9073199463e+02 5.9073901367e+02 5.9075598145e+02 5.9076898193e+02 5.9078198242e+02 5.9079602051e+02 5.9081201172e+02 5.9082800293e+02 5.9084301758e+02
5.9081500244e+02 5.9080200195e+02 5.9078399658e+02 5.9078100586e+02 5.9077502441e+02 5.9076800537e+02 5.9075799561e+02 5.9075299072e+02 5.9074298096e+02 5.9072100830e+02 5.9069897461e+02 5.9068701172e+02 5.9066998291e+02 5.9065502930e+02 5.9066400146e+02 5.9066699219e+02 5.9066699219e+02 5.9067602539e+02 5.9067901611e+02 5.9067797852e+02 5.9067401123e+02 5.9066998291e+02 5.9066699219e+02 5.9067102051e+02 5.9066900635e+02 5.9066497803e+02 5.9067797852e+02 5.9069097900e+02 5.9069299316e+02 5.9069000244e+02 5.9069097900e+02 5.9070300293e+02 5.9071099854e+02 5.9071697998e+02 5.9072698975e+02 5.9072998047e+02 5.9073297119e+02 5.9074499512e+02 5.9075097656e+02 5.9076397705e+02 5.9077697754e+02 5.9078997803e+02 5.9080499268e+02 5.9082299805e+02 5.9083898926e+02 5.9085400391e+02
5.9082501221e+02 5.9080798340e+02 5.9078997803e+02 5.9078302002e+02 5.9077801514e+02 5.9077099609e+02 5.9076300049e+02 5.9076300049e+02 5.9075402832e+02 5.9073699951e+02 5.9071997070e+02 5.9071899414e+02 5.9069396973e+02 5.9066497803e+02 5.9066198730e+02 5.9066302490e+02 5.9067102051e+02 5.9068298340e+02 5.9069396973e+02 5.9069097900e+02 5.9069000244e+02 5.9068902588e+02 5.9067602539e+02 5.9067602539e+02 5.9068298340e+02 5.9068200684e+02 5.9068298340e+02 5.9069598389e+02 5.9070300293e+02 5.9070800781e+02 5.9071002197e+02 5.9071899414e+02 5.9073602295e+02 5.9074499512e+02 5.9075000000e+02 5.9074902344e+02 5.9074798584e+02 5.9076300049e+02 5.9077398682e+02 5.9077600098e+02 5.9078302002e+02 5.9079602051e+02 5.9080999756e+02 5.9083398438e+02 5.9084997559e+02 5.9086499023e+02
5.9083398438e+02 5.9081201172e+02 5.9079400635e+02 5.9078900146e+02 5.9078198242e+02 5.9077502441e+02 5.9076898193e+02 5.9075897217e+02 5.9075201416e+02 5.9074700928e+02 5.9073901367e+02 5.9072698975e+02 5.9071502686e+02 5.9070098877e+02 5.9069000244e+02 5.9066802979e+02 5.9066802979e+02 5.9067999268e+02 5.9068798828e+02 5.9069299316e+02 5.9070898438e+02 5.9070300293e+02 5.9068701172e+02 5.9069000244e+02 5.9069799805e+02 5.9069396973e+02 5.9068499756e+02 5.9069799805e+02 5.9071301270e+02 5.9072198486e+02 5.9072497559e+02 5.9074200439e+02 5.9075500488e+02 5.9076800537e+02 5.9077197266e+02 5.9077001953e+02 5.9077801514e+02 5.9078997803e+02 5.9079199219e+02 5.9080200195e+02 5.9080297852e+02 5.9081500244e+02 5.9083197021e+02 5.9084002686e+02 5.9085101318e+02 5.9086901855e+02
5.9082897949e+02 5.9081298828e+02 5.9080102539e+02 5.9079400635e+02 5.9078698730e+02 5.9078002930e+02 5.9077099609e+02 5.9075799561e+02 5.9075701904e+02 5.9075897217e+02 5.9074902344e+02 5.9074298096e+02 5.9073797607e+02 5.9071697998e+02 5.9070697021e+02 5.9069000244e+02 5.9068103027e+02 5.9067700195e+02 5.9067199707e+02 5.9068200684e+02 5.9070599365e+02 5.9070800781e+02 5.9071197510e+02 5.9071697998e+02 5.9071997070e+02 5.9071301270e+02 5.9069702148e+02 5.9070697021e+02 5.9072198486e+02 5.9073297119e+02 5.9073797607e+02 5.9075402832e+02 5.9076397705e+02 5.9077502441e+02 5.9078100586e+02 5.9079199219e+02 5.9080297852e+02 5.9080999756e+02 5.9080902100e+02 5.9081896973e+02 5.9081896973e+02 5.9083099365e+02 5.9084802246e+02 5.9084802246e+02 5.9085601807e+02 5.9087097168e+02
5.9082098389e+02 5.9081500244e+02 5.9080798340e+02 5.9079901123e+02 5.9079199219e+02 5.9078497314e+02 5.9077502441e+02 5.9076898193e+02 5.9076702881e+02 5.9076300049e+02 5.9074798584e+02 5.9075201416e+02 5.9074102783e+02 5.9071801758e+02 5.9072601318e+02 5.9071502686e+02 5.9069897461e+02 5.9068701172e+02 5.9068298340e+02 5.9068103027e+02 5.9069396973e+02 5.9071002197e+02 5.9073699951e+02 5.9073797607e+02 5.9074200439e+02 5.9073901367e+02 5.9072100830e+02 5.9072698975e+02 5.9072900391e+02 5.9073297119e+02 5.9074700928e+02 5.9076800537e+02 5.9077697754e+02 5.9078601074e+02 5.9080102539e+02 5.9081500244e+02 5.9082299805e+02 5.9082702637e+02 5.9082897949e+02 5.9083697510e+02 5.9083599854e+02 5.9084399414e+02 5.9086199951e+02 5.9086700439e+02 5.9087298584e+02 5.9087799072e+02
5.9082202148e+02 5.9081402588e+02 5.9080499268e+02 5.9080401611e+02 5.9079498291e+02 5.9078601074e+02 5.9078002930e+02 5.9077801514e+02 5.9077001953e+02 5.9075799561e+02 5.9074499512e+02 5.9074597168e+02 5.9073901367e+02 5.9073498535e+02 5.9074597168e+02 5.9072497559e+02 5.9071398926e+02 5.9071697998e+02 5.9071301270e+02 5.9070599365e+02 5.9070397949e+02 5.9071398926e+02 5.9072497559e+02 5.9073498535e+02 5.9074700928e+02 5.9075799561e+02 5.9075299072e+02 5.9075097656e+02 5.9074798584e+02 5.9074499512e+02 5.9076202393e+02 5.9076898193e+02 5.9078100586e+02 5.9080102539e+02 5.9081500244e+02 5.9082299805e+02 5.9083001709e+02 5.9083697510e+02 5.9084197998e+02 5.9085998535e+02 5.9086700439e+02 5.9086901855e+02 5.9087701416e+02 5.9088702393e+02 5.9089202881e+02 5.9089398193e+02
5.9082000732e+02 5.9080603027e+02 5.9079498291e+02 5.9079602051e+02 5.9078900146e+02 5.9078601074e+02 5.9078497314e+02 5.9078302002e+02 5.9077502441e+02 5.9076800537e+02 5.9075897217e+02 5.9075000000e+02 5.9073999023e+02 5.9074401855e+02 5.9074200439e+02 5.9072802734e+02 5.9072900391e+02 5.9074102783e+02 5.9072802734e+02 5.9071899414e+02 5.9071997070e+02 5.9072601318e+02 5.9071899414e+02 5.9070898438e+02 5.9073498535e+02 5.9075799561e+02 5.9075799561e+02 5.9076300049e+02 5.9076501465e+02 5.9076599121e+02 5.9077600098e+02 5.9077301025e+02 5.9079199219e+02 5.9081201172e+02 5.9082000732e+02 5.9083099365e+02 5.9084301758e+02 5.9085498047e+02 5.9085699463e+02 5.9087097168e+02 5.9088702393e+02 5.9089202881e+02 5.9089501953e+02 5.9090197754e+02 5.9090600586e+02 5.9091101074e+02
5.9079797363e+02 5.9079101563e+02 5.9078601074e+02 5.9078997803e+02 5.9078601074e+02 5.9078198242e+02 5.9077697754e+02 5.9077899170e+02 5.9077398682e+02 5.9076800537e+02 5.9076000977e+02 5.9074902344e+02 5.9073999023e+02 5.9074499512e+02 5.9073699951e+02 5.9073699951e+02 5.9073699951e+02 5.9075097656e+02 5.9074902344e+02 5.9073901367e+02 5.9074499512e+02 5.9075097656e+02 5.9073797607e+02 5.9072998047e+02 5.9074798584e+02 5.9074700928e+02 5.9073901367e+02 5.9075000000e+02 5.9076000977e+02 5.9077099609e+02 5.9078997803e+02 5.9078802490e+02 5.9080102539e+02 5.9081597900e+02 5.9082098389e+02 5.9083001709e+02 5.9084600830e+02 5.9086401367e+02 5.9087200928e+02 5.9088500977e+02 5.9090002441e+02 5.9090997314e+02 5.9091601563e+02 5.9091601563e+02 5.9092102051e+02 5.9092498779e+02
5.9077398682e+02 5.9077301025e+02 5.9077801514e+02 5.9078698730e+02 5.9078100586e+02 5.9076702881e+02 5.9075701904e+02 5.9076000977e+02 5.9075701904e+02 5.9075097656e+02 5.9074401855e+02 5.9073901367e+02 5.9073999023e+02 5.9074700928e+02 5.9073999023e+02 5.9074298096e+02 5.9074102783e+02 5.9075500488e+02 5.9076397705e+02 5.9075402832e+02 5.9075897217e+02 5.9076000977e+02 5.9075799561e+02 5.9075500488e+02 5.9075000000e+02 5.9072802734e+02 5.9072698975e+02 5.9074499512e+02 5.9075402832e+02 5.9076501465e+02 5.9078802490e+02 5.9079901123e+02 5.9080999756e+02 5.9081701660e+02 5.9081799316e+02 5.9082397461e+02 5.9084100342e+02 5.9086297607e+02 5.9087597656e+02 5.9089099121e+02 5.9090197754e+02 5.9091601563e+02 5.9093402100e+02 5.9092999268e+02 5.9093499756e+02 5.9093902588e+02
5.9075701904e+02 5.9076000977e+02 5.9077099609e+02 5.9077001953e+02 5.9076397705e+02 5.9075299072e+02 5.9075299072e+02 5.9074401855e+02 5.9073699951e+02 5.9073400879e+02 5.9073498535e+02 5.9073297119e+02 5.9073797607e+02 5.9074700928e+02 5.9074298096e+02 5.9073602295e+02 5.9073797607e+02 5.9075000000e+02 5.9076300049e+02 5.9075598145e+02 5.9075598145e+02 5.9075799561e+02 5.9076202393e+02 5.9076800537e+02 5.9075598145e+02 5.9073400879e+02 5.9073498535e+02 5.9073602295e+02 5.9073999023e+02 5.9075000000e+02 5.9075897217e+02 5.9079602051e+02 5.9081597900e+02 5.9081896973e+02 5.9082501221e+02 5.9082800293e+02 5.9084301758e+02 5.9085900879e+02 5.9086798096e+02 5.9089001465e+02 5.9090100098e+02 5.9091302490e+02 5.9092901611e+02 5.9094201660e+02 5.9095001221e+02 5.9095697021e+02
5.9072100830e+02 5.9072900391e+02 5.9073797607e+02 5.9073999023e+02 5.9073999023e+02 5.9073999023e+02 5.9073901367e+02 5.9073101807e+02 5.9072198486e+02 5.9071398926e+02 5.9071002197e+02 5.9070898438e+02 5.9070501709e+02 5.9071899414e+02 5.9072802734e+02 5.9071801758e+02 5.9072399902e+02 5.9073199463e+02 5.9073498535e+02 5.9073699951e+02 5.9075000000e+02 5.9075000000e+02 5.9075299072e+02 5.9075897217e+02 5.9076300049e+02 5.9075299072e+02 5.9074798584e+02 5.9074700928e+02 5.9073699951e+02 5.9073400879e+02 5.9074298096e+02 5.9078497314e+02 5.9080798340e+02 5.9082098389e+02 5.9083502197e+02 5.9084002686e+02 5.9085101318e+02 5.9086401367e+02 5.9087097168e+02 5.9088702393e+02 5.9090002441e+02 5.9091400146e+02 5.9092797852e+02 5.9094000244e+02 5.9095001221e+02 5.9096099854e+02
5.9068200684e+02 5.9069097900e+02 5.9070300293e+02 5.9071002197e+02 5.9071002197e+02 5.9070898438e+02 5.9071002197e+02 5.9071197510e+02 5.9070599365e+02 5.9069702148e+02 5.9069201660e+02 5.9068798828e+02 5.9067797852e+02 5.9068701172e+02 5.9069799805e+02 5.9069396973e+02 5.9070800781e+02 5.9072302246e+02 5.9072302246e+02 5.9072698975e+02 5.9073999023e+02 5.9074200439e+02 5.9074597168e+02 5.9075000000e+02 5.9075701904e+02 5.9075598145e+02 5.9076202393e+02 5.9077099609e+02 5.9076202393e+02 5.9075201416e+02 5.9074700928e+02 5.9077197266e+02 5.9078802490e+02 5.9080499268e+02 5.9082800293e+02 5.9085101318e+02 5.9086297607e+02 5.9086602783e+02 5.9086901855e+02 5.9088500977e+02 5.9089801025e+02 5.9091198730e+02 5.9092700195e+02 5.9094000244e+02 5.9095098877e+02 5.9096099854e+02
5.9064398193e+02 5.9065197754e+02 5.9066400146e+02 5.9067498779e+02 5.9067797852e+02 5.9067199707e+02 5.9067297363e+02 5.9068200684e+02 5.9068402100e+02 5.9067999268e+02 5.9067797852e+02 5.9066998291e+02 5.9065899658e+02 5.9066699219e+02 5.9067901611e+02 5.9067498779e+02 5.9068499756e+02 5.9070001221e+02 5.9070697021e+02 5.9071197510e+02 5.9071997070e+02 5.9072497559e+02 5.9073101807e+02 5.9074401855e+02 5.9074798584e+02 5.9074499512e+02 5.9075598145e+02 5.9076702881e+02 5.9077398682e+02 5.9078198242e+02 5.9077099609e+02 5.9076599121e+02 5.9077398682e+02 5.9078802490e+02 5.9080902100e+02 5.9084301758e+02 5.9086102295e+02 5.9086602783e+02 5.9086901855e+02 5.9088201904e+02 5.9089599609e+02 5.9090899658e+02 5.9092700195e+02 5.9094000244e+02 5.9095098877e+02 5.9096197510e+02
