TESTSERVER/3/8.asc
NCOLS 100
NROWS 100
XLLCORNER 7.6497500000e+03
YLLCORNER 2.8955025000e+05
CELLSIZE 5.0000000000e-01
NODATA_VALUE -9.9990000000e+03
[rows 60 to 79 of 100, columns 46 to 91 of 100]
5.8787402344e+02 5.8789801025e+02 5.8792700195e+02 5.8795898438e+02 5.8798498535e+02 5.8801202393e+02 5.8804797363e+02 5.8808697510e+02 5.8811102295e+02 5.8812799072e+02 5.8815997314e+02 5.8819000244e+02 5.8820800781e+02 5.8822900391e+02 5.8825500488e+02 5.8828302002e+02 5.8831402588e+02 5.8834698486e+02 5.8837298584e+02 5.8840100098e+02 5.8841802979e+02 5.8843902588e+02 5.8846899414e+02 5.8849298096e+02 5.8851300049e+02 5.8854199219e+02 5.8858099365e+02 5.8861602783e+02 5.8863397217e+02 5.8865997314e+02 5.8868798828e+02 5.8871697998e+02 5.8874298096e+02 5.8877197266e+02 5.8880999756e+02 5.8884802246e+02 5.8888000488e+02 5.8890301514e+02 5.8892700195e+02 5.8895800781e+02 5.8899798584e+02 5.8902600098e+02 5.8905999756e+02 5.8909197998e+02 5.8912902832e+02 5.8917102051e+02
5.8786102295e+02 5.8789099121e+02 5.8792297363e+02 5.8795697021e+02 5.8798199463e+02 5.8801300049e+02 5.8804797363e+02 5.8807598877e+02 5.8809698486e+02 5.8811798096e+02 5.8815301514e+02 5.8818499756e+02 5.8821002197e+02 5.8823498535e+02 5.8825799561e+02 5.8828002930e+02 5.8831298828e+02 5.8834698486e+02 5.8837500000e+02 5.8840301514e+02 5.8841601563e+02 5.8844201660e+02 5.8847497559e+02 5.8849597168e+02 5.8851501465e+02 5.8854400635e+02 5.8857702637e+02 5.8860400391e+02 5.8862902832e+02 5.8866198730e+02 5.8869097900e+02 5.8871899414e+02 5.8874597168e+02 5.8877697754e+02 5.8880999756e+02 5.8884100342e+02 5.8887298584e+02 5.8890600586e+02 5.8893200684e+02 5.8896002197e+02 5.8899401855e+02 5.8902899170e+02 5.8906298828e+02 5.8909600830e+02 5.8912701416e+02 5.8915600586e+02
5.8786102295e+02 5.8789001465e+02 5.8791802979e+02 5.8794799805e+02 5.8797497559e+02 5.8800701904e+02 5.8804101563e+02 5.8806500244e+02 5.8808697510e+02 5.8811798096e+02 5.8815301514e+02 5.8817901611e+02 5.8820300293e+02 5.8823797607e+02 5.8826501465e+02 5.8828601074e+02 5.8831597900e+02 5.8834802246e+02 5.8837402344e+02 5.8840197754e+02 5.8842102051e+02 5.8844799805e+02 5.8847601318e+02 5.8849597168e+02 5.8851898193e+02 5.8855102539e+02 5.8857598877e+02 5.8859899902e+02 5.8863000488e+02 5.8866497803e+02 5.8869299316e+02 5.8872198486e+02 5.8874597168e+02 5.8877197266e+02 5.8880200195e+02 5.8883099365e+02 5.8886199951e+02 5.8889599609e+02 5.8892602539e+02 5.8896002197e+02 5.8899401855e+02 5.8902600098e+02 5.8905603027e+02 5.8908502197e+02 5.8911999512e+02 5.8914599609e+02
5.8785699463e+02 5.8788800049e+02 5.8791497803e+02 5.8794097900e+02 5.8796801758e+02 5.8800000000e+02 5.8803302002e+02 5.8805700684e+02 5.8808099365e+02 5.8811700439e+02 5.8815197754e+02 5.8817498779e+02 5.8819598389e+02 5.8822900391e+02 5.8826098633e+02 5.8828601074e+02 5.8831597900e+02 5.8834399414e+02 5.8836700439e+02 5.8839801025e+02 5.8842498779e+02 5.8844396973e+02 5.8846697998e+02 5.8849102783e+02 5.8852099609e+02 5.8855499268e+02 5.8857800293e+02 5.8860101318e+02 5.8863800049e+02 5.8866802979e+02 5.8869598389e+02 5.8872399902e+02 5.8875000000e+02 5.8877301025e+02 5.8879998779e+02 5.8882897949e+02 5.8886102295e+02 5.8889202881e+02 5.8892297363e+02 5.8896099854e+02 5.8899597168e+02 5.8902301025e+02 5.8904602051e+02 5.8907501221e+02 5.8911602783e+02 5.8914697266e+02
5.8784002686e+02 5.8787500000e+02 5.8791198730e+02 5.8794299316e+02 5.8796697998e+02 5.8799499512e+02 5.8802801514e+02 5.8805297852e+02 5.8807501221e+02 5.8811297607e+02 5.8815100098e+02 5.8818200684e+02 5.8821398926e+02 5.8822698975e+02 5.8825500488e+02 5.8828802490e+02 5.8831298828e+02 5.8833801270e+02 5.8836199951e+02 5.8839398193e+02 5.8842498779e+02 5.8844598389e+02 5.8846600342e+02 5.8849298096e+02 5.8853002930e+02 5.8856298828e+02 5.8858398438e+02 5.8860699463e+02 5.8864697266e+02 5.8867401123e+02 5.8870202637e+02 5.8872998047e+02 5.8876300049e+02 5.8878497314e+02 5.8880499268e+02 5.8882897949e+02 5.8886798096e+02 5.8890100098e+02 5.8893103027e+02 5.8896197510e+02 5.8898699951e+02 5.8902301025e+02 5.8904498291e+02 5.8907299805e+02 5.8911102295e+02 5.8913897705e+02
5.8783197021e+02 5.8786798096e+02 5.8790698242e+02 5.8794000244e+02 5.8795697021e+02 5.8798498535e+02 5.8802099609e+02 5.8804797363e+02 5.8807299805e+02 5.8811401367e+02 5.8815301514e+02 5.8818402100e+02 5.8820898438e+02 5.8822698975e+02 5.8825799561e+02 5.8828997803e+02 5.8830999756e+02 5.8833898926e+02 5.8836901855e+02 5.8839599609e+02 5.8841998291e+02 5.8844799805e+02 5.8847497559e+02 5.8850500488e+02 5.8853997803e+02 5.8857299805e+02 5.8859100342e+02 5.8861401367e+02 5.8865197754e+02 5.8868103027e+02 5.8870800781e+02 5.8873901367e+02 5.8877099609e+02 5.8879498291e+02 5.8881799316e+02 5.8884197998e+02 5.8887200928e+02 5.8890197754e+02 5.8893103027e+02 5.8896002197e+02 5.8898901367e+02 5.8901800537e+02 5.8904400635e+02 5.8907202148e+02 5.8910101318e+02 5.8912799072e+02
5.8782202148e+02 5.8785797119e+02 5.8789801025e+02 5.8793103027e+02 5.8795098877e+02 5.8798101807e+02 5.8801898193e+02 5.8804901123e+02 5.8807501221e+02 5.8811401367e+02 5.8815100098e+02 5.8817901611e+02 5.8820202637e+02 5.8822497559e+02 5.8825799561e+02 5.8828900146e+02 5.8831201172e+02 5.8834197998e+02 5.8837402344e+02 5.8840002441e+02 5.8841998291e+02 5.8845001221e+02 5.8848400879e+02 5.8851800537e+02 5.8854797363e+02 5.8857800293e+02 5.8859802246e+02 5.8862402344e+02 5.8866198730e+02 5.8868902588e+02 5.8871398926e+02 5.8874102783e+02 5.8877099609e+02 5.8880200195e+02 5.8883001709e+02 5.8885101318e+02 5.8887402344e+02 5.8890600586e+02 5.8893402100e+02 5.8896398926e+02 5.8899102783e+02 5.8901397705e+02 5.8904101563e+02 5.8907202148e+02 5.8909600830e+02 5.8912701416e+02
5.8781298828e+02 5.8784399414e+02 5.8787902832e+02 5.8791400146e+02 5.8794598389e+02 5.8797998047e+02 5.8801702881e+02 5.8804901123e+02 5.8807501221e+02 5.8811102295e+02 5.8814300537e+02 5.8817199707e+02 5.8819799805e+02 5.8822399902e+02 5.8825598145e+02 5.8828900146e+02 5.8831701660e+02 5.8834899902e+02 5.8837902832e+02 5.8840502930e+02 5.8842797852e+02 5.8845202637e+02 5.8848297119e+02 5.8851800537e+02 5.8854400635e+02 5.8857598877e+02 5.8860302734e+02 5.8863397217e+02 5.8867199707e+02 5.8870300293e+02 5.8872601318e+02 5.8874700928e+02 5.8877697754e+02 5.8880999756e+02 5.8883801270e+02 5.8885699463e+02 5.8887902832e+02 5.8890997314e+02 5.8893798828e+02 5.8896697998e+02 5.8899499512e+02 5.8901501465e+02 5.8903698730e+02 5.8906298828e+02 5.8908099365e+02 5.8911700439e+02
5.8780902100e+02 5.8783398438e+02 5.8786901855e+02 5.8790698242e+02 5.8794799805e+02 5.8797802734e+02 5.8801098633e+02 5.8804101563e+02 5.8807598877e+02 5.8810498047e+02 5.8813098145e+02 5.8815997314e+02 5.8819799805e+02 5.8822302246e+02 5.8825201416e+02 5.8828497314e+02 5.8832202148e+02 5.8835699463e+02 5.8838201904e+02 5.8840802002e+02 5.8844000244e+02 5.8846002197e+02 5.8848101807e+02 5.8850897217e+02 5.8853399658e+02 5.8857702637e+02 5.8861102295e+02 5.8864202881e+02 5.8868103027e+02 5.8871600342e+02 5.8874200439e+02 5.8876300049e+02 5.8878997803e+02 5.8882202148e+02 5.8884997559e+02 5.8887500000e+02 5.8889898682e+02 5.8891802979e+02 5.8894396973e+02 5.8897100830e+02 5.8899902344e+02 5.8902301025e+02 5.8904302979e+02 5.8905902100e+02 5.8907501221e+02 5.8910101318e+02
5.8780603027e+02 5.8783697510e+02 5.8786499023e+02 5.8790197754e+02 5.8794201660e+02 5.8797399902e+02 5.8800500488e+02 5.8803002930e+02 5.8806097412e+02 5.8809399414e+02 5.8812097168e+02 5.8815002441e+02 5.8819396973e+02 5.8822497559e+02 5.8825201416e+02 5.8827899170e+02 5.8831201172e+02 5.8834301758e+02 5.8836901855e+02 5.8839801025e+02 5.8843402100e+02 5.8846197510e+02 5.8848699951e+02 5.8851702881e+02 5.8854699707e+02 5.8858197021e+02 5.8861499023e+02 5.8864898682e+02 5.8869201660e+02 5.8872698975e+02 5.8875402832e+02 5.8877899170e+02 5.8880499268e+02 5.8883300781e+02 5.8886102295e+02 5.8888897705e+02 5.8891497803e+02 5.8893701172e+02 5.8896002197e+02 5.8898602295e+02 5.8901202393e+02 5.8902899170e+02 5.8904498291e+02 5.8906701660e+02 5.8908898926e+02 5.8910601807e+02
5.8778698730e+02 5.8782702637e+02 5.8785998535e+02 5.8789398193e+02 5.8792901611e+02 5.8796099854e+02 5.8799102783e+02 5.8801501465e+02 5.8804797363e+02 5.8809100342e+02 5.8812500000e+02 5.8815301514e+02 5.8819000244e+02 5.8822302246e+02 5.8825000000e+02 5.8827697754e+02 5.8830200195e+02 5.8832800293e+02 5.8835900879e+02 5.8839697266e+02 5.8843597412e+02 5.8846801758e+02 5.8849200439e+02 5.8852001953e+02 5.8855200195e+02 5.8858398438e+02 5.8861297607e+02 5.8865002441e+02 5.8869299316e+02 5.8872302246e+02 5.8875500488e+02 5.8878900146e+02 5.8881799316e+02 5.8884497070e+02 5.8887298584e+02 5.8890100098e+02 5.8892797852e+02 5.8895501709e+02 5.8897698975e+02 5.8899902344e+02 5.8902197266e+02 5.8904101563e+02 5.8905603027e+02 5.8907800293e+02 5.8910498047e+02 5.8912200928e+02
5.8778399658e+02 5.8782598877e+02 5.8786297607e+02 5.8789202881e+02 5.8792297363e+02 5.8795300293e+02 5.8798400879e+02 5.8801300049e+02 5.8804602051e+02 5.8809002686e+02 5.8812799072e+02 5.8815600586e+02 5.8818499756e+02 5.8821398926e+02 5.8824298096e+02 5.8827099609e+02 5.8829901123e+02 5.8832397461e+02 5.8835900879e+02 5.8839898682e+02 5.8843701172e+02 5.8847100830e+02 5.8849597168e+02 5.8852502441e+02 5.8855902100e+02 5.8858599854e+02 5.8861297607e+02 5.8864697266e+02 5.8869097900e+02 5.8871502686e+02 5.8874700928e+02 5.8878997803e+02 5.8882897949e+02 5.8885699463e+02 5.8888500977e+02 5.8891198730e+02 5.8893902588e+02 5.8896899414e+02 5.8898901367e+02 5.8900799561e+02 5.8903002930e+02 5.8905798340e+02 5.8907501221e+02 5.8909301758e+02 5.8911499023e+02 5.8913098145e+02
5.8778900146e+02 5.8783001709e+02 5.8786102295e+02 5.8789398193e+02 5.8792102051e+02 5.8795501709e+02 5.8798602295e+02 5.8801800537e+02 5.8804998779e+02 5.8808398438e+02 5.8811901855e+02 5.8815100098e+02 5.8818298340e+02 5.8820697021e+02 5.8823498535e+02 5.8826702881e+02 5.8830499268e+02 5.8833300781e+02 5.8836798096e+02 5.8840399170e+02 5.8843103027e+02 5.8846301270e+02 5.8849499512e+02 5.8853100586e+02 5.8857098389e+02 5.8859497070e+02 5.8862097168e+02 5.8865100098e+02 5.8868499756e+02 5.8871600342e+02 5.8874902344e+02 5.8878997803e+02 5.8882897949e+02 5.8886901855e+02 5.8889801025e+02 5.8892297363e+02 5.8894500732e+02 5.8897698975e+02 5.8900097656e+02 5.8902099609e+02 5.8904400635e+02 5.8907000732e+02 5.8909002686e+02 5.8910400391e+02 5.8911999512e+02 5.8913702393e+02
5.8778802490e+02 5.8782299805e+02 5.8785400391e+02 5.8788702393e+02 5.8791601563e+02 5.8794598389e+02 5.8797998047e+02 5.8801397705e+02 5.8804797363e+02 5.8808197021e+02 5.8811499023e+02 5.8814801025e+02 5.8818200684e+02 5.8821099854e+02 5.8823999023e+02 5.8827600098e+02 5.8831701660e+02 5.8834100342e+02 5.8837097168e+02 5.8840600586e+02 5.8843499756e+02 5.8846600342e+02 5.8849700928e+02 5.8853399658e+02 5.8857000732e+02 5.8859997559e+02 5.8863000488e+02 5.8865502930e+02 5.8868103027e+02 5.8871697998e+02 5.8875402832e+02 5.8879101563e+02 5.8882897949e+02 5.8887097168e+02 5.8890502930e+02 5.8893200684e+02 5.8896697998e+02 5.8900097656e+02 5.8902502441e+02 5.8904498291e+02 5.8906201172e+02 5.8908502197e+02 5.8910498047e+02 5.8911901855e+02 5.8913098145e+02 5.8914697266e+02
5.8778601074e+02 5.8781701660e+02 5.8784899902e+02 5.8788098145e+02 5.8791101074e+02 5.8794299316e+02 5.8797601318e+02 5.8801000977e+02 5.8804498291e+02 5.8807897949e+02 5.8811297607e+02 5.8814599609e+02 5.8817901611e+02 5.8820898438e+02 5.8823999023e+02 5.8827502441e+02 5.8831597900e+02 5.8834301758e+02 5.8837298584e+02 5.8840698242e+02 5.8843597412e+02 5.8846997070e+02 5.8850299072e+02 5.8854101563e+02 5.8858001709e+02 5.8860797119e+02 5.8863500977e+02 5.8865802002e+02 5.8868103027e+02 5.8871600342e+02 5.8875299072e+02 5.8878997803e+02 5.8882598877e+02 5.8886602783e+02 5.8889697266e+02 5.8892797852e+02 5.8897198486e+02 5.8900897217e+02 5.8903302002e+02 5.8905603027e+02 5.8907598877e+02 5.8910198975e+02 5.8911999512e+02 5.8913500977e+02 5.8915100098e+02 5.8916302490e+02
5.8778002930e+02 5.8781097412e+02 5.8784399414e+02 5.8787597656e+02 5.8790600586e+02 5.8793902588e+02 5.8797198486e+02 5.8800598145e+02 5.8804101563e+02 5.8807702637e+02 5.8810998535e+02 5.8814398193e+02 5.8817602539e+02 5.8820599365e+02 5.8823699951e+02 5.8827001953e+02 5.8830401611e+02 5.8833898926e+02 5.8837298584e+02 5.8840502930e+02 5.8843200684e+02 5.8846997070e+02 5.8850500488e+02 5.8854302979e+02 5.8858300781e+02 5.8860900879e+02 5.8863598633e+02 5.8866101074e+02 5.8868103027e+02 5.8871502686e+02 5.8875201416e+02 5.8878802490e+02 5.8882202148e+02 5.8885601807e+02 5.8888702393e+02 5.8892102051e+02 5.8896502686e+02 5.8900299072e+02 5.8903100586e+02 5.8905798340e+02 5.8908300781e+02 5.8911401367e+02 5.8913098145e+02 5.8915002441e+02 5.8917297363e+02 5.8917700195e+02
5.8776702881e+02 5.8780200195e+02 5.8783898926e+02 5.8787298584e+02 5.8790600586e+02 5.8793798828e+02 5.8797100830e+02 5.8800299072e+02 5.8803497314e+02 5.8807202148e+02 5.8810797119e+02 5.8814501953e+02 5.8817797852e+02 5.8820599365e+02 5.8823797607e+02 5.8827001953e+02 5.8830401611e+02 5.8833398438e+02 5.8836999512e+02 5.8839697266e+02 5.8841998291e+02 5.8846697998e+02 5.8850598145e+02 5.8854199219e+02 5.8857598877e+02 5.8860998535e+02 5.8864001465e+02 5.8866101074e+02 5.8867700195e+02 5.8871502686e+02 5.8875402832e+02 5.8879199219e+02 5.8882098389e+02 5.8885198975e+02 5.8889099121e+02 5.8892999268e+02 5.8896600342e+02 5.8899902344e+02 5.8902899170e+02 5.8905798340e+02 5.8908697510e+02 5.8911798096e+02 5.8913897705e+02 5.8916302490e+02 5.8919702148e+02 5.8919201660e+02
5.8777197266e+02 5.8781500244e+02 5.8784899902e+02 5.8787298584e+02 5.8790502930e+02 5.8793798828e+02 5.8797100830e+02 5.8800299072e+02 5.8803698730e+02 5.8807800293e+02 5.8811297607e+02 5.8814300537e+02 5.8816699219e+02 5.8821002197e+02 5.8824298096e+02 5.8826702881e+02 5.8829498291e+02 5.8832800293e+02 5.8836401367e+02 5.8840100098e+02 5.8842999268e+02 5.8846697998e+02 5.8850299072e+02 5.8853601074e+02 5.8856597900e+02 5.8860101318e+02 5.8863598633e+02 5.8866400146e+02 5.8868701172e+02 5.8871697998e+02 5.8875097656e+02 5.8878698730e+02 5.8882098389e+02 5.8885101318e+02 5.8888397217e+02 5.8891699219e+02 5.8895098877e+02 5.8898901367e+02 5.8902697754e+02 5.8906500244e+02 5.8909600830e+02 5.8912701416e+02 5.8914801025e+02 5.8917102051e+02 5.8920501709e+02 5.8921600342e+02
5.8776800537e+02 5.8781701660e+02 5.8784899902e+02 5.8786901855e+02 5.8790301514e+02 5.8793597412e+02 5.8796801758e+02 5.8800097656e+02 5.8803002930e+02 5.8807000732e+02 5.8810900879e+02 5.8813800049e+02 5.8816101074e+02 5.8820898438e+02 5.8824102783e+02 5.8826000977e+02 5.8828997803e+02 5.8832299805e+02 5.8836199951e+02 5.8840899658e+02 5.8843902588e+02 5.8846502686e+02 5.8849499512e+02 5.8852398682e+02 5.8855102539e+02 5.8858801270e+02 5.8862701416e+02 5.8866400146e+02 5.8869598389e+02 5.8872100830e+02 5.8874798584e+02 5.8878100586e+02 5.8882202148e+02 5.8885198975e+02 5.8888098145e+02 5.8890997314e+02 5.8894201660e+02 5.8897900391e+02 5.8902099609e+02 5.8906201172e+02 5.8909802246e+02 5.8913299561e+02 5.8915600586e+02 5.8917602539e+02 5.8920501709e+02 5.8922497559e+02
5.8776300049e+02 5.8780200195e+02 5.8784100342e+02 5.8787097168e+02 5.8790399170e+02 5.8793402100e+02 5.8796697998e+02 5.8799902344e+02 5.8802197266e+02 5.8805798340e+02 5.8809899902e+02 5.8812902832e+02 5.8815899658e+02 5.8820202637e+02 5.8823602295e+02 5.8826202393e+02 5.8829699707e+02 5.8832397461e+02 5.8836199951e+02 5.8840802002e+02 5.8843902588e+02 5.8846197510e+02 5.8848999023e+02 5.8851599121e+02 5.8854302979e+02 5.8858001709e+02 5.8862200928e+02 5.8866198730e+02 5.8869799805e+02 5.8872100830e+02 5.8874597168e+02 5.8878100586e+02 5.8882098389e+02 5.8885400391e+02 5.8888500977e+02 5.8891497803e+02 5.8895001221e+02 5.8898199463e+02 5.8901800537e+02 5.8905499268e+02 5.8909497070e+02 5.8913397217e+02 5.8915899658e+02 5.8917999268e+02 5.8920501709e+02 5.8922399902e+02
