TESTSERVER/3/8.asc
NCOLS 100
NROWS 100
XLLCORNER 7.6497500000e+03
YLLCORNER 2.8955025000e+05
CELLSIZE 5.0000000000e-01
NODATA_VALUE -9.9990000000e+03
[rows 20 to 39 of 100, columns 46 to 91 of 100]
5.8906298828e+02 5.8907098389e+02 5.8906701660e+02 5.8907598877e+02 5.8910198975e+02 5.8911798096e+02 5.8914202881e+02 5.8915197754e+02 5.8915301514e+02 5.8916998291e+02 5.8918103027e+02 5.8918798828e+02 5.8919097900e+02 5.8919897461e+02 5.8920098877e+02 5.8920098877e+02 5.8920599365e+02 5.8922198486e+02 5.8922100830e+02 5.8921398926e+02 5.8921502686e+02 5.8920599365e+02 5.8920501709e+02 5.8921099854e+02 5.8921697998e+02 5.8921301270e+02 5.8922802734e+02 5.8923901367e+02 5.8923400879e+02 5.8925000000e+02 5.8925201416e+02 5.8925097656e+02 5.8925097656e+02 5.8925598145e+02 5.8926898193e+02 5.8928198242e+02 5.8929302979e+02 5.8931201172e+02 5.8932800293e+02 5.8934600830e+02 5.8936700439e+02 5.8939300537e+02 5.8941900635e+02 5.8943597412e+02 5.8945397949e+02 5.8947198486e+02
5.8899700928e+02 5.8900500488e+02 5.8901202393e+02 5.8902301025e+02 5.8904199219e+02 5.8905102539e+02 5.8906701660e+02 5.8907397461e+02 5.8907897949e+02 5.8909899902e+02 5.8911499023e+02 5.8912597656e+02 5.8912500000e+02 5.8913000488e+02 5.8913598633e+02 5.8914001465e+02 5.8914898682e+02 5.8915997314e+02 5.8915899658e+02 5.8915899658e+02 5.8917102051e+02 5.8916998291e+02 5.8916900635e+02 5.8917498779e+02 5.8917797852e+02 5.8917498779e+02 5.8918902588e+02 5.8919799805e+02 5.8919799805e+02 5.8921697998e+02 5.8922302246e+02 5.8922399902e+02 5.8922998047e+02 5.8923602295e+02 5.8923999023e+02 5.8924401855e+02 5.8925799561e+02 5.8928302002e+02 5.8930401611e+02 5.8932800293e+02 5.8935198975e+02 5.8937298584e+02 5.8939697266e+02 5.8942102051e+02 5.8944299316e+02 5.8946600342e+02
5.8893298340e+02 5.8893499756e+02 5.8894598389e+02 5.8896301270e+02 5.8897399902e+02 5.8897998047e+02 5.8899700928e+02 5.8900598145e+02 5.8901397705e+02 5.8903198242e+02 5.8904797363e+02 5.8906500244e+02 5.8906799316e+02 5.8907299805e+02 5.8907897949e+02 5.8908697510e+02 5.8909698486e+02 5.8910900879e+02 5.8911401367e+02 5.8911999512e+02 5.8913397217e+02 5.8913098145e+02 5.8912902832e+02 5.8913397217e+02 5.8913500977e+02 5.8914300537e+02 5.8915502930e+02 5.8915997314e+02 5.8916302490e+02 5.8917901611e+02 5.8918798828e+02 5.8919396973e+02 5.8920397949e+02 5.8921697998e+02 5.8922198486e+02 5.8922698975e+02 5.8923699951e+02 5.8926202393e+02 5.8928198242e+02 5.8930401611e+02 5.8933001709e+02 5.8935400391e+02 5.8937799072e+02 5.8940197754e+02 5.8942700195e+02 5.8945397949e+02
5.8887097168e+02 5.8887500000e+02 5.8888500977e+02 5.8890197754e+02 5.8890600586e+02 5.8891998291e+02 5.8893597412e+02 5.8894097900e+02 5.8895697021e+02 5.8897198486e+02 5.8898101807e+02 5.8899902344e+02 5.8901202393e+02 5.8901800537e+02 5.8902697754e+02 5.8903698730e+02 5.8904602051e+02 5.8905999756e+02 5.8907000732e+02 5.8907897949e+02 5.8909301758e+02 5.8908697510e+02 5.8908801270e+02 5.8909301758e+02 5.8909301758e+02 5.8910998535e+02 5.8912500000e+02 5.8912799072e+02 5.8913000488e+02 5.8914300537e+02 5.8915600586e+02 5.8916497803e+02 5.8917602539e+02 5.8919897461e+02 5.8921099854e+02 5.8921997070e+02 5.8922802734e+02 5.8924798584e+02 5.8926599121e+02 5.8928302002e+02 5.8930700684e+02 5.8933502197e+02 5.8935900879e+02 5.8938299561e+02 5.8940600586e+02 5.8943597412e+02
5.8880102539e+02 5.8881402588e+02 5.8882098389e+02 5.8883197021e+02 5.8884997559e+02 5.8885998535e+02 5.8886901855e+02 5.8887298584e+02 5.8888897705e+02 5.8890997314e+02 5.8891998291e+02 5.8893798828e+02 5.8895300293e+02 5.8896099854e+02 5.8897302246e+02 5.8898699951e+02 5.8899902344e+02 5.8900201416e+02 5.8900701904e+02 5.8901898193e+02 5.8903399658e+02 5.8903997803e+02 5.8904998779e+02 5.8906097412e+02 5.8905603027e+02 5.8907501221e+02 5.8909197998e+02 5.8909997559e+02 5.8910498047e+02 5.8911499023e+02 5.8912902832e+02 5.8914099121e+02 5.8915399170e+02 5.8917999268e+02 5.8919897461e+02 5.8920898438e+02 5.8921099854e+02 5.8923400879e+02 5.8925500488e+02 5.8927001953e+02 5.8928601074e+02 5.8931402588e+02 5.8933898926e+02 5.8936401367e+02 5.8938702393e+02 5.8941497803e+02
5.8874700928e+02 5.8876202393e+02 5.8876202393e+02 5.8877301025e+02 5.8879901123e+02 5.8880902100e+02 5.8881896973e+02 5.8882702637e+02 5.8884100342e+02 5.8885101318e+02 5.8886199951e+02 5.8887799072e+02 5.8889099121e+02 5.8890301514e+02 5.8891699219e+02 5.8893298340e+02 5.8894799805e+02 5.8895202637e+02 5.8896197510e+02 5.8897802734e+02 5.8899798584e+02 5.8899597168e+02 5.8900897217e+02 5.8902600098e+02 5.8902899170e+02 5.8903997803e+02 5.8905603027e+02 5.8906896973e+02 5.8908001709e+02 5.8909100342e+02 5.8910400391e+02 5.8911700439e+02 5.8912902832e+02 5.8914898682e+02 5.8917102051e+02 5.8919000244e+02 5.8918902588e+02 5.8920300293e+02 5.8922198486e+02 5.8923797607e+02 5.8926702881e+02 5.8929400635e+02 5.8932098389e+02 5.8935101318e+02 5.8937902832e+02 5.8940502930e+02
5.8869897461e+02 5.8871801758e+02 5.8871899414e+02 5.8873297119e+02 5.8875000000e+02 5.8876300049e+02 5.8877697754e+02 5.8878399658e+02 5.8879498291e+02 5.8880401611e+02 5.8881701660e+02 5.8883300781e+02 5.8884301758e+02 5.8886297607e+02 5.8887701416e+02 5.8889202881e+02 5.8891101074e+02 5.8891497803e+02 5.8892297363e+02 5.8894000244e+02 5.8896301270e+02 5.8895898438e+02 5.8897100830e+02 5.8898901367e+02 5.8899798584e+02 5.8900701904e+02 5.8902001953e+02 5.8903399658e+02 5.8905401611e+02 5.8906701660e+02 5.8908001709e+02 5.8909301758e+02 5.8910900879e+02 5.8912597656e+02 5.8914202881e+02 5.8916400146e+02 5.8917102051e+02 5.8918597412e+02 5.8920501709e+02 5.8922198486e+02 5.8925097656e+02 5.8927697754e+02 5.8930499268e+02 5.8933398438e+02 5.8936102295e+02 5.8938500977e+02
5.8865301514e+02 5.8867199707e+02 5.8867498779e+02 5.8868902588e+02 5.8869500732e+02 5.8871398926e+02 5.8873297119e+02 5.8874298096e+02 5.8874902344e+02 5.8875701904e+02 5.8877197266e+02 5.8878698730e+02 5.8879901123e+02 5.8882000732e+02 5.8883801270e+02 5.8885998535e+02 5.8888000488e+02 5.8888397217e+02 5.8888598633e+02 5.8890002441e+02 5.8892602539e+02 5.8892901611e+02 5.8893798828e+02 5.8895202637e+02 5.8896502686e+02 5.8897802734e+02 5.8898999023e+02 5.8900500488e+02 5.8902801514e+02 5.8904302979e+02 5.8905603027e+02 5.8906896973e+02 5.8908697510e+02 5.8910498047e+02 5.8911700439e+02 5.8913897705e+02 5.8915502930e+02 5.8917797852e+02 5.8919897461e+02 5.8921697998e+02 5.8924798584e+02 5.8927197266e+02 5.8929302979e+02 5.8931500244e+02 5.8933697510e+02 5.8936102295e+02
5.8860699463e+02 5.8862402344e+02 5.8862799072e+02 5.8864001465e+02 5.8865197754e+02 5.8866198730e+02 5.8868103027e+02 5.8869799805e+02 5.8870898438e+02 5.8871398926e+02 5.8872698975e+02 5.8874102783e+02 5.8875097656e+02 5.8876599121e+02 5.8878698730e+02 5.8881597900e+02 5.8884698486e+02 5.8885198975e+02 5.8885601807e+02 5.8886700439e+02 5.8888000488e+02 5.8890100098e+02 5.8890997314e+02 5.8891802979e+02 5.8893402100e+02 5.8895697021e+02 5.8896997070e+02 5.8898199463e+02 5.8900201416e+02 5.8902197266e+02 5.8903399658e+02 5.8904602051e+02 5.8906402588e+02 5.8908398438e+02 5.8910198975e+02 5.8912097168e+02 5.8914001465e+02 5.8916497803e+02 5.8918200684e+02 5.8920098877e+02 5.8923199463e+02 5.8926300049e+02 5.8928100586e+02 5.8930297852e+02 5.8933099365e+02 5.8935601807e+02
5.8856500244e+02 5.8857800293e+02 5.8858697510e+02 5.8859802246e+02 5.8860699463e+02 5.8861297607e+02 5.8862799072e+02 5.8864501953e+02 5.8866101074e+02 5.8867199707e+02 5.8868798828e+02 5.8870599365e+02 5.8872302246e+02 5.8873699951e+02 5.8875097656e+02 5.8877197266e+02 5.8879400635e+02 5.8880902100e+02 5.8882299805e+02 5.8884002686e+02 5.8886102295e+02 5.8887597656e+02 5.8888397217e+02 5.8889398193e+02 5.8891101074e+02 5.8892901611e+02 5.8894000244e+02 5.8895397949e+02 5.8898199463e+02 5.8900500488e+02 5.8901501465e+02 5.8902697754e+02 5.8904797363e+02 5.8906799316e+02 5.8908801270e+02 5.8910699463e+02 5.8912097168e+02 5.8913702393e+02 5.8915802002e+02 5.8918597412e+02 5.8921398926e+02 5.8923797607e+02 5.8926300049e+02 5.8929302979e+02 5.8932202148e+02 5.8935198975e+02
5.8852099609e+02 5.8853399658e+02 5.8854901123e+02 5.8855798340e+02 5.8856500244e+02 5.8856896973e+02 5.8857702637e+02 5.8859301758e+02 5.8861499023e+02 5.8862597656e+02 5.8864202881e+02 5.8866699219e+02 5.8869299316e+02 5.8870800781e+02 5.8872302246e+02 5.8873901367e+02 5.8875500488e+02 5.8877697754e+02 5.8879199219e+02 5.8880798340e+02 5.8883001709e+02 5.8884802246e+02 5.8886102295e+02 5.8887701416e+02 5.8889801025e+02 5.8890600586e+02 5.8891497803e+02 5.8893298340e+02 5.8896301270e+02 5.8898199463e+02 5.8899401855e+02 5.8901000977e+02 5.8903399658e+02 5.8905603027e+02 5.8907598877e+02 5.8909497070e+02 5.8910998535e+02 5.8912597656e+02 5.8915002441e+02 5.8917999268e+02 5.8920599365e+02 5.8922497559e+02 5.8925201416e+02 5.8928601074e+02 5.8931298828e+02 5.8933898926e+02
5.8848101807e+02 5.8848602295e+02 5.8849298096e+02 5.8850000000e+02 5.8851800537e+02 5.8852801514e+02 5.8853900146e+02 5.8855401611e+02 5.8857000732e+02 5.8857897949e+02 5.8859698486e+02 5.8862701416e+02 5.8865301514e+02 5.8866802979e+02 5.8868902588e+02 5.8871002197e+02 5.8872399902e+02 5.8874700928e+02 5.8876599121e+02 5.8878002930e+02 5.8879797363e+02 5.8881896973e+02 5.8883697510e+02 5.8885797119e+02 5.8888098145e+02 5.8888897705e+02 5.8890100098e+02 5.8891802979e+02 5.8894201660e+02 5.8896002197e+02 5.8897497559e+02 5.8899700928e+02 5.8902197266e+02 5.8904400635e+02 5.8906298828e+02 5.8908300781e+02 5.8910302734e+02 5.8912402344e+02 5.8914599609e+02 5.8917102051e+02 5.8919299316e+02 5.8921002197e+02 5.8924298096e+02 5.8928198242e+02 5.8930902100e+02 5.8933599854e+02
5.8843597412e+02 5.8844299316e+02 5.8844396973e+02 5.8845397949e+02 5.8848101807e+02 5.8848602295e+02 5.8850500488e+02 5.8851599121e+02 5.8852001953e+02 5.8853399658e+02 5.8855902100e+02 5.8858599854e+02 5.8859997559e+02 5.8862200928e+02 5.8865301514e+02 5.8868103027e+02 5.8870098877e+02 5.8871997070e+02 5.8873901367e+02 5.8875500488e+02 5.8877099609e+02 5.8879602051e+02 5.8881201172e+02 5.8882702637e+02 5.8884497070e+02 5.8886798096e+02 5.8888397217e+02 5.8889898682e+02 5.8891601563e+02 5.8894201660e+02 5.8896197510e+02 5.8899102783e+02 5.8902301025e+02 5.8903100586e+02 5.8904998779e+02 5.8907202148e+02 5.8909600830e+02 5.8911798096e+02 5.8913598633e+02 5.8915600586e+02 5.8917999268e+02 5.8919702148e+02 5.8922900391e+02 5.8926702881e+02 5.8929602051e+02 5.8932702637e+02
5.8840399170e+02 5.8840197754e+02 5.8841198730e+02 5.8842498779e+02 5.8844299316e+02 5.8844702148e+02 5.8846502686e+02 5.8847802734e+02 5.8848901367e+02 5.8850299072e+02 5.8852801514e+02 5.8855401611e+02 5.8857098389e+02 5.8858697510e+02 5.8861297607e+02 5.8864099121e+02 5.8866998291e+02 5.8869097900e+02 5.8870800781e+02 5.8872698975e+02 5.8875000000e+02 5.8877301025e+02 5.8879199219e+02 5.8880902100e+02 5.8882397461e+02 5.8884497070e+02 5.8886102295e+02 5.8887500000e+02 5.8889801025e+02 5.8892901611e+02 5.8894598389e+02 5.8896899414e+02 5.8899700928e+02 5.8901000977e+02 5.8903399658e+02 5.8906298828e+02 5.8908599854e+02 5.8911499023e+02 5.8913000488e+02 5.8914300537e+02 5.8917498779e+02 5.8919598389e+02 5.8922497559e+02 5.8925598145e+02 5.8928399658e+02 5.8931597900e+02
5.8836199951e+02 5.8836700439e+02 5.8838702393e+02 5.8840002441e+02 5.8840600586e+02 5.8840899658e+02 5.8842901611e+02 5.8844702148e+02 5.8845898438e+02 5.8847399902e+02 5.8849902344e+02 5.8852697754e+02 5.8854602051e+02 5.8855603027e+02 5.8858099365e+02 5.8860900879e+02 5.8864001465e+02 5.8865899658e+02 5.8867602539e+02 5.8869702148e+02 5.8872302246e+02 5.8874102783e+02 5.8876397705e+02 5.8878900146e+02 5.8880499268e+02 5.8882800293e+02 5.8884899902e+02 5.8886499023e+02 5.8888397217e+02 5.8891198730e+02 5.8892700195e+02 5.8894799805e+02 5.8897198486e+02 5.8898901367e+02 5.8902001953e+02 5.8905297852e+02 5.8907598877e+02 5.8910302734e+02 5.8911499023e+02 5.8912500000e+02 5.8915802002e+02 5.8918597412e+02 5.8921899414e+02 5.8925000000e+02 5.8927697754e+02 5.8930499268e+02
5.8832800293e+02 5.8833801270e+02 5.8835400391e+02 5.8836602783e+02 5.8837701416e+02 5.8838598633e+02 5.8840502930e+02 5.8841900635e+02 5.8842297363e+02 5.8843798828e+02 5.8846502686e+02 5.8849597168e+02 5.8851898193e+02 5.8853100586e+02 5.8855700684e+02 5.8858197021e+02 5.8860998535e+02 5.8863000488e+02 5.8864599609e+02 5.8866802979e+02 5.8869097900e+02 5.8870599365e+02 5.8873199463e+02 5.8876397705e+02 5.8878601074e+02 5.8880999756e+02 5.8883502197e+02 5.8885400391e+02 5.8886901855e+02 5.8889300537e+02 5.8891101074e+02 5.8893701172e+02 5.8896398926e+02 5.8898297119e+02 5.8901501465e+02 5.8904498291e+02 5.8906500244e+02 5.8909002686e+02 5.8910198975e+02 5.8911297607e+02 5.8914099121e+02 5.8917401123e+02 5.8920898438e+02 5.8923999023e+02 5.8926599121e+02 5.8929101563e+02
5.8830700684e+02 5.8831500244e+02 5.8832098389e+02 5.8833001709e+02 5.8835601807e+02 5.8836602783e+02 5.8838000488e+02 5.8839501953e+02 5.8840502930e+02 5.8841101074e+02 5.8843597412e+02 5.8846697998e+02 5.8849798584e+02 5.8851300049e+02 5.8853900146e+02 5.8855603027e+02 5.8857897949e+02 5.8860302734e+02 5.8862402344e+02 5.8864599609e+02 5.8866497803e+02 5.8867999268e+02 5.8870697021e+02 5.8874298096e+02 5.8877398682e+02 5.8879101563e+02 5.8881701660e+02 5.8883697510e+02 5.8885302734e+02 5.8887799072e+02 5.8890399170e+02 5.8893597412e+02 5.8897100830e+02 5.8899102783e+02 5.8902197266e+02 5.8904901123e+02 5.8906201172e+02 5.8908898926e+02 5.8910797119e+02 5.8912200928e+02 5.8914801025e+02 5.8917401123e+02 5.8920202637e+02 5.8922802734e+02 5.8925402832e+02 5.8928198242e+02
5.8827801514e+02 5.8829498291e+02 5.8830401611e+02 5.8830499268e+02 5.8832000732e+02 5.8832897949e+02 5.8834698486e+02 5.8837298584e+02 5.8838702393e+02 5.8839599609e+02 5.8841900635e+02 5.8844097900e+02 5.8846398926e+02 5.8848498535e+02 5.8851800537e+02 5.8854101563e+02 5.8855902100e+02 5.8858197021e+02 5.8860302734e+02 5.8862402344e+02 5.8864697266e+02 5.8866497803e+02 5.8869201660e+02 5.8872497559e+02 5.8875402832e+02 5.8877197266e+02 5.8879602051e+02 5.8881896973e+02 5.8884002686e+02 5.8887097168e+02 5.8889697266e+02 5.8891998291e+02 5.8894799805e+02 5.8897497559e+02 5.8901397705e+02 5.8904498291e+02 5.8905999756e+02 5.8909100342e+02 5.8911401367e+02 5.8913299561e+02 5.8915399170e+02 5.8917602539e+02 5.8920300293e+02 5.8922900391e+02 5.8925299072e+02 5.8928100586e+02
5.8825097656e+02 5.8827001953e+02 5.8828002930e+02 5.8827899170e+02 5.8829498291e+02 5.8830700684e+02 5.8832397461e+02 5.8835101318e+02 5.8836901855e+02 5.8838098145e+02 5.8840301514e+02 5.8842297363e+02 5.8843902588e+02 5.8846197510e+02 5.8849597168e+02 5.8852099609e+02 5.8853900146e+02 5.8856097412e+02 5.8858197021e+02 5.8860400391e+02 5.8862500000e+02 5.8864599609e+02 5.8867401123e+02 5.8870697021e+02 5.8873498535e+02 5.8875402832e+02 5.8878002930e+02 5.8880401611e+02 5.8882800293e+02 5.8885998535e+02 5.8888201904e+02 5.8890100098e+02 5.8892700195e+02 5.8895397949e+02 5.8898901367e+02 5.8901898193e+02 5.8904302979e+02 5.8907897949e+02 5.8910699463e+02 5.8913201904e+02 5.8915502930e+02 5.8917602539e+02 5.8920202637e+02 5.8922900391e+02 5.8925201416e+02 5.8927899170e+02
5.8821398926e+02 5.8822998047e+02 5.8823999023e+02 5.8825402832e+02 5.8828302002e+02 5.8828997803e+02 5.8830102539e+02 5.8832800293e+02 5.8834997559e+02 5.8835797119e+02 5.8837701416e+02 5.8840002441e+02 5.8841998291e+02 5.8844299316e+02 5.8846997070e+02 5.8849200439e+02 5.8851599121e+02 5.8853997803e+02 5.8856201172e+02 5.8858300781e+02 5.8860400391e+02 5.8862701416e+02 5.8865502930e+02 5.8868701172e+02 5.8871502686e+02 5.8873602295e+02 5.8876202393e+02 5.8878900146e+02 5.8881298828e+02 5.8884497070e+02 5.8886999512e+02 5.8889202881e+02 5.8891802979e+02 5.8894201660e+02 5.8897198486e+02 5.8899902344e+02 5.8902697754e+02 5.8906597900e+02 5.8909600830e+02 5.8912097168e+02 5.8914898682e+02 5.8917602539e+02 5.8920202637e+02 5.8922900391e+02 5.8925097656e+02 5.8927801514e+02
