TESTSERVER/1/1.asc
NCOLS 100
NROWS 100
XLLCORNER 7.5497500000e+03
YLLCORNER 2.8990025000e+05
CELLSIZE 5.0000000000e-01
NODATA_VALUE -9.9990000000e+03
[rows 40 to 59 of 100, columns 46 to 91 of 100]
6.4244799805e+02 6.4249298096e+02 6.4251800537e+02 6.4253698730e+02 6.4257202148e+02 6.4261602783e+02 6.4266497803e+02 6.4269799805e+02 6.4271398926e+02 6.4271099854e+02 6.4269000244e+02 6.4268597412e+02 6.4269097900e+02 6.4269000244e+02 6.4274102783e+02 6.4282397461e+02 6.4287701416e+02 6.4286499023e+02 6.4289599609e+02 6.4291601563e+02 6.4293200684e+02 6.4295397949e+02 6.4304797363e+02 6.4318798828e+02 6.4333001709e+02 6.4341302490e+02 6.4344299316e+02 6.4347998047e+02 6.4351501465e+02 6.4351898193e+02 6.4357397461e+02 6.4367797852e+02 6.4379797363e+02 6.4387298584e+02 6.4395001221e+02 6.4401599121e+02 6.4405102539e+02 6.4410302734e+02 6.4413098145e+02 6.4413201904e+02 6.4411297607e+02 6.4407000732e+02 6.4403497314e+02 6.4400701904e+02 6.4400402832e+02 6.4400598145e+02
6.4245001221e+02 6.4247900391e+02 6.4249902344e+02 6.4252197266e+02 6.4256500244e+02 6.4259497070e+02 6.4262200928e+02 6.4265002441e+02 6.4267700195e+02 6.4266802979e+02 6.4265197754e+02 6.4265100098e+02 6.4266998291e+02 6.4269000244e+02 6.4271997070e+02 6.4276397705e+02 6.4280102539e+02 6.4282098389e+02 6.4289001465e+02 6.4293402100e+02 6.4291601563e+02 6.4292297363e+02 6.4295898438e+02 6.4303698730e+02 6.4318402100e+02 6.4327099609e+02 6.4329797363e+02 6.4334197998e+02 6.4338897705e+02 6.4342999268e+02 6.4347100830e+02 6.4352600098e+02 6.4363500977e+02 6.4374700928e+02 6.4385900879e+02 6.4394396973e+02 6.4398699951e+02 6.4403198242e+02 6.4406896973e+02 6.4408599854e+02 6.4407098389e+02 6.4403002930e+02 6.4400000000e+02 6.4397900391e+02 6.4396301270e+02 6.4394897461e+02
6.4245202637e+02 6.4246697998e+02 6.4247900391e+02 6.4250000000e+02 6.4254699707e+02 6.4257098389e+02 6.4259002686e+02 6.4261700439e+02 6.4265600586e+02 6.4265301514e+02 6.4264099121e+02 6.4264898682e+02 6.4267901611e+02 6.4270001221e+02 6.4271697998e+02 6.4273999023e+02 6.4276098633e+02 6.4281298828e+02 6.4290698242e+02 6.4294299316e+02 6.4289599609e+02 6.4289398193e+02 6.4289801025e+02 6.4293200684e+02 6.4302801514e+02 6.4309399414e+02 6.4312902832e+02 6.4319201660e+02 6.4326397705e+02 6.4330499268e+02 6.4333001709e+02 6.4336102295e+02 6.4345300293e+02 6.4357598877e+02 6.4369702148e+02 6.4379602051e+02 6.4385699463e+02 6.4391998291e+02 6.4398199463e+02 6.4402197266e+02 6.4402502441e+02 6.4399499512e+02 6.4396997070e+02 6.4395098877e+02 6.4393402100e+02 6.4391601563e+02
6.4245599365e+02 6.4246502686e+02 6.4247198486e+02 6.4248602295e+02 6.4252001953e+02 6.4254101563e+02 6.4255798340e+02 6.4258398438e+02 6.4262298584e+02 6.4262902832e+02 6.4262701416e+02 6.4264599609e+02 6.4268103027e+02 6.4268298340e+02 6.4268597412e+02 6.4270098877e+02 6.4272198486e+02 6.4276800537e+02 6.4284802246e+02 6.4288098145e+02 6.4285498047e+02 6.4288098145e+02 6.4288897705e+02 6.4289801025e+02 6.4295202637e+02 6.4299597168e+02 6.4303002930e+02 6.4309600830e+02 6.4316400146e+02 6.4321301270e+02 6.4323699951e+02 6.4325799561e+02 6.4330902100e+02 6.4339599609e+02 6.4349700928e+02 6.4359399414e+02 6.4367700195e+02 6.4376702881e+02 6.4385699463e+02 6.4392498779e+02 6.4395800781e+02 6.4394702148e+02 6.4392999268e+02 6.4391601563e+02 6.4391198730e+02 6.4390399170e+02
6.4245397949e+02 6.4246997070e+02 6.4248199463e+02 6.4248999023e+02 6.4250097656e+02 6.4251898193e+02 6.4253100586e+02 6.4254602051e+02 6.4256896973e+02 6.4257202148e+02 6.4257800293e+02 6.4260498047e+02 6.4264599609e+02 6.4265600586e+02 6.4264599609e+02 6.4264599609e+02 6.4267401123e+02 6.4269000244e+02 6.4273797607e+02 6.4278802490e+02 6.4281799316e+02 6.4284802246e+02 6.4286700439e+02 6.4286999512e+02 6.4289398193e+02 6.4292401123e+02 6.4295599365e+02 6.4300500488e+02 6.4305902100e+02 6.4316601563e+02 6.4321697998e+02 6.4322601318e+02 6.4321197510e+02 6.4324700928e+02 6.4330999756e+02 6.4339099121e+02 6.4347399902e+02 6.4359301758e+02 6.4370098877e+02 6.4379400635e+02 6.4384802246e+02 6.4387402344e+02 6.4387500000e+02 6.4387402344e+02 6.4389398193e+02 6.4390899658e+02
6.4247302246e+02 6.4247698975e+02 6.4248498535e+02 6.4248797607e+02 6.4248400879e+02 6.4249597168e+02 6.4251202393e+02 6.4253198242e+02 6.4254797363e+02 6.4253997803e+02 6.4253900146e+02 6.4255798340e+02 6.4258001709e+02 6.4259399414e+02 6.4260198975e+02 6.4261102295e+02 6.4264001465e+02 6.4264398193e+02 6.4269201660e+02 6.4273297119e+02 6.4274700928e+02 6.4279797363e+02 6.4283099365e+02 6.4282897949e+02 6.4283099365e+02 6.4285797119e+02 6.4288000488e+02 6.4291802979e+02 6.4297497559e+02 6.4307897949e+02 6.4315802002e+02 6.4316802979e+02 6.4312298584e+02 6.4313702393e+02 6.4317999268e+02 6.4324902344e+02 6.4334997559e+02 6.4347198486e+02 6.4358398438e+02 6.4368200684e+02 6.4376000977e+02 6.4380499268e+02 6.4382800293e+02 6.4384802246e+02 6.4388098145e+02 6.4390698242e+02
6.4249401855e+02 6.4249298096e+02 6.4248400879e+02 6.4247198486e+02 6.4246600342e+02 6.4248101807e+02 6.4250201416e+02 6.4252502441e+02 6.4253900146e+02 6.4253302002e+02 6.4253399658e+02 6.4254901123e+02 6.4256298828e+02 6.4257897949e+02 6.4259399414e+02 6.4259802246e+02 6.4262500000e+02 6.4264398193e+02 6.4266699219e+02 6.4267297363e+02 6.4268499756e+02 6.4274597168e+02 6.4277197266e+02 6.4276898193e+02 6.4277099609e+02 6.4280798340e+02 6.4282299805e+02 6.4284197998e+02 6.4288598633e+02 6.4295697021e+02 6.4303198242e+02 6.4306799316e+02 6.4305798340e+02 6.4306500244e+02 6.4309899902e+02 6.4315899658e+02 6.4325799561e+02 6.4338397217e+02 6.4350598145e+02 6.4361700439e+02 6.4370202637e+02 6.4375598145e+02 6.4378900146e+02 6.4381298828e+02 6.4384802246e+02 6.4387902832e+02
6.4246502686e+02 6.4248602295e+02 6.4248199463e+02 6.4247198486e+02 6.4246997070e+02 6.4247998047e+02 6.4249798584e+02 6.4251898193e+02 6.4252899170e+02 6.4253497314e+02 6.4254101563e+02 6.4255401611e+02 6.4256597900e+02 6.4258599854e+02 6.4258898926e+02 6.4257800293e+02 6.4260400391e+02 6.4265600586e+02 6.4265997314e+02 6.4263702393e+02 6.4264801025e+02 6.4269598389e+02 6.4271899414e+02 6.4272399902e+02 6.4273400879e+02 6.4278601074e+02 6.4280902100e+02 6.4284197998e+02 6.4286700439e+02 6.4286102295e+02 6.4290100098e+02 6.4296099854e+02 6.4299902344e+02 6.4300500488e+02 6.4303198242e+02 6.4308599854e+02 6.4317700195e+02 6.4329998779e+02 6.4343499756e+02 6.4356402588e+02 6.4366302490e+02 6.4371997070e+02 6.4375097656e+02 6.4376898193e+02 6.4378900146e+02 6.4382397461e+02
6.4236999512e+02 6.4242797852e+02 6.4246502686e+02 6.4249597168e+02 6.4251000977e+02 6.4249298096e+02 6.4250000000e+02 6.4251300049e+02 6.4252197266e+02 6.4253198242e+02 6.4253900146e+02 6.4253997803e+02 6.4252600098e+02 6.4255200195e+02 6.4254602051e+02 6.4253198242e+02 6.4258001709e+02 6.4262799072e+02 6.4263098145e+02 6.4262500000e+02 6.4265002441e+02 6.4266998291e+02 6.4267797852e+02 6.4268402100e+02 6.4270300293e+02 6.4275097656e+02 6.4279998779e+02 6.4288098145e+02 6.4291101074e+02 6.4283599854e+02 6.4282299805e+02 6.4286401367e+02 6.4292297363e+02 6.4292999268e+02 6.4295501709e+02 6.4300299072e+02 6.4306701660e+02 6.4319598389e+02 6.4334802246e+02 6.4350500488e+02 6.4365399170e+02 6.4370501709e+02 6.4372100830e+02 6.4371002197e+02 6.4370501709e+02 6.4375000000e+02
6.4231799316e+02 6.4229901123e+02 6.4231896973e+02 6.4242102051e+02 6.4249499512e+02 6.4250500488e+02 6.4252801514e+02 6.4253802490e+02 6.4252801514e+02 6.4253302002e+02 6.4253100586e+02 6.4252600098e+02 6.4251000977e+02 6.4252001953e+02 6.4252502441e+02 6.4251599121e+02 6.4253100586e+02 6.4256799316e+02 6.4258099365e+02 6.4258599854e+02 6.4259802246e+02 6.4261700439e+02 6.4262200928e+02 6.4261999512e+02 6.4262799072e+02 6.4267901611e+02 6.4272601318e+02 6.4281097412e+02 6.4286901855e+02 6.4284497070e+02 6.4284197998e+02 6.4283398438e+02 6.4284698486e+02 6.4285101318e+02 6.4287500000e+02 6.4292297363e+02 6.4298699951e+02 6.4307702637e+02 6.4322100830e+02 6.4338800049e+02 6.4355297852e+02 6.4365502930e+02 6.4366302490e+02 6.4362799072e+02 6.4362799072e+02 6.4367901611e+02
6.4228399658e+02 6.4219500732e+02 6.4216101074e+02 6.4225299072e+02 6.4236700439e+02 6.4243200684e+02 6.4250299072e+02 6.4254101563e+02 6.4253698730e+02 6.4253698730e+02 6.4252697754e+02 6.4251702881e+02 6.4250500488e+02 6.4251000977e+02 6.4252001953e+02 6.4251800537e+02 6.4251300049e+02 6.4254602051e+02 6.4255902100e+02 6.4255798340e+02 6.4254901123e+02 6.4255102539e+02 6.4254699707e+02 6.4253601074e+02 6.4253698730e+02 6.4259497070e+02 6.4263098145e+02 6.4268200684e+02 6.4278497314e+02 6.4282800293e+02 6.4284997559e+02 6.4282397461e+02 6.4279901123e+02 6.4279797363e+02 6.4281597900e+02 6.4286102295e+02 6.4292102051e+02 6.4298199463e+02 6.4309698486e+02 6.4324700928e+02 6.4340502930e+02 6.4350701904e+02 6.4352697754e+02 6.4351800537e+02 6.4354797363e+02 6.4361401367e+02
6.4213897705e+02 6.4206097412e+02 6.4204199219e+02 6.4209197998e+02 6.4217901611e+02 6.4228002930e+02 6.4237902832e+02 6.4246301270e+02 6.4251702881e+02 6.4253900146e+02 6.4253601074e+02 6.4252398682e+02 6.4251202393e+02 6.4250897217e+02 6.4251599121e+02 6.4252001953e+02 6.4251599121e+02 6.4253698730e+02 6.4254498291e+02 6.4253900146e+02 6.4252600098e+02 6.4252398682e+02 6.4251202393e+02 6.4248901367e+02 6.4247698975e+02 6.4254901123e+02 6.4259100342e+02 6.4262500000e+02 6.4272198486e+02 6.4277398682e+02 6.4280999756e+02 6.4279302979e+02 6.4276702881e+02 6.4276501465e+02 6.4277697754e+02 6.4281298828e+02 6.4286700439e+02 6.4291400146e+02 6.4300000000e+02 6.4312097168e+02 6.4325201416e+02 6.4333697510e+02 6.4337701416e+02 6.4341101074e+02 6.4349200439e+02 6.4356896973e+02
6.4197998047e+02 6.4197399902e+02 6.4198797607e+02 6.4202502441e+02 6.4209899902e+02 6.4214697266e+02 6.4219799805e+02 6.4228399658e+02 6.4241101074e+02 6.4250897217e+02 6.4254199219e+02 6.4253900146e+02 6.4252600098e+02 6.4250598145e+02 6.4250402832e+02 6.4250799561e+02 6.4250701904e+02 6.4251300049e+02 6.4251599121e+02 6.4251800537e+02 6.4252502441e+02 6.4253802490e+02 6.4252502441e+02 6.4248797607e+02 6.4246697998e+02 6.4253002930e+02 6.4257000732e+02 6.4260699463e+02 6.4268103027e+02 6.4271600342e+02 6.4274700928e+02 6.4274798584e+02 6.4273699951e+02 6.4274597168e+02 6.4275500488e+02 6.4277502441e+02 6.4280902100e+02 6.4286602783e+02 6.4293902588e+02 6.4303399658e+02 6.4312200928e+02 6.4318402100e+02 6.4325598145e+02 6.4333801270e+02 6.4345098877e+02 6.4352600098e+02
6.4195202637e+02 6.4198797607e+02 6.4198699951e+02 6.4202600098e+02 6.4206500244e+02 6.4207800293e+02 6.4208398438e+02 6.4212597656e+02 6.4223999023e+02 6.4238702393e+02 6.4248297119e+02 6.4252301025e+02 6.4252398682e+02 6.4250701904e+02 6.4249700928e+02 6.4249298096e+02 6.4249298096e+02 6.4249200439e+02 6.4249298096e+02 6.4250097656e+02 6.4251000977e+02 6.4252801514e+02 6.4253698730e+02 6.4251702881e+02 6.4248797607e+02 6.4252099609e+02 6.4255102539e+02 6.4258300781e+02 6.4263299561e+02 6.4266302490e+02 6.4269799805e+02 6.4272399902e+02 6.4273297119e+02 6.4274200439e+02 6.4275097656e+02 6.4276702881e+02 6.4279400635e+02 6.4282299805e+02 6.4287298584e+02 6.4293902588e+02 6.4300000000e+02 6.4306799316e+02 6.4316198730e+02 6.4325500488e+02 6.4333898926e+02 6.4341900635e+02
6.4191699219e+02 6.4197302246e+02 6.4199298096e+02 6.4203100586e+02 6.4204199219e+02 6.4205798340e+02 6.4205603027e+02 6.4206097412e+02 6.4210302734e+02 6.4222302246e+02 6.4233099365e+02 6.4240399170e+02 6.4244500732e+02 6.4246002197e+02 6.4247601318e+02 6.4249298096e+02 6.4250000000e+02 6.4249700928e+02 6.4249298096e+02 6.4249700928e+02 6.4250299072e+02 6.4251300049e+02 6.4252600098e+02 6.4252099609e+02 6.4250897217e+02 6.4253198242e+02 6.4254498291e+02 6.4255902100e+02 6.4257397461e+02 6.4258801270e+02 6.4262500000e+02 6.4266998291e+02 6.4270397949e+02 6.4271997070e+02 6.4273498535e+02 6.4275402832e+02 6.4278198242e+02 6.4279797363e+02 6.4282397461e+02 6.4285998535e+02 6.4290100098e+02 6.4297302246e+02 6.4306500244e+02 6.4315197754e+02 6.4321099854e+02 6.4327600098e+02
6.4190301514e+02 6.4192700195e+02 6.4195501709e+02 6.4198101807e+02 6.4201000977e+02 6.4205798340e+02 6.4206896973e+02 6.4205200195e+02 6.4202502441e+02 6.4207702637e+02 6.4214501953e+02 6.4221099854e+02 6.4227801514e+02 6.4233001709e+02 6.4239501953e+02 6.4245898438e+02 6.4249499512e+02 6.4250598145e+02 6.4250598145e+02 6.4250500488e+02 6.4250299072e+02 6.4250598145e+02 6.4251300049e+02 6.4251501465e+02 6.4251702881e+02 6.4252801514e+02 6.4252801514e+02 6.4252899170e+02 6.4252001953e+02 6.4251202393e+02 6.4253399658e+02 6.4258001709e+02 6.4263201904e+02 6.4266198730e+02 6.4269201660e+02 6.4272198486e+02 6.4275799561e+02 6.4277899170e+02 6.4279400635e+02 6.4281201172e+02 6.4283001709e+02 6.4288897705e+02 6.4297100830e+02 6.4304602051e+02 6.4309301758e+02 6.4314501953e+02
6.4190802002e+02 6.4190100098e+02 6.4191198730e+02 6.4193298340e+02 6.4198199463e+02 6.4204602051e+02 6.4205999756e+02 6.4203399658e+02 6.4200097656e+02 6.4200201416e+02 6.4202001953e+02 6.4205499268e+02 6.4210699463e+02 6.4217498779e+02 6.4226599121e+02 6.4236401367e+02 6.4244702148e+02 6.4248602295e+02 6.4250201416e+02 6.4250201416e+02 6.4248602295e+02 6.4248297119e+02 6.4249102783e+02 6.4250402832e+02 6.4251898193e+02 6.4251098633e+02 6.4250799561e+02 6.4251202393e+02 6.4251599121e+02 6.4247900391e+02 6.4246997070e+02 6.4248602295e+02 6.4252398682e+02 6.4258398438e+02 6.4263500977e+02 6.4267602539e+02 6.4270599365e+02 6.4274298096e+02 6.4277099609e+02 6.4279400635e+02 6.4280902100e+02 6.4282299805e+02 6.4288500977e+02 6.4295800781e+02 6.4303802490e+02 6.4308599854e+02
6.4189398193e+02 6.4188702393e+02 6.4188000488e+02 6.4190802002e+02 6.4196099854e+02 6.4200500488e+02 6.4201898193e+02 6.4201202393e+02 6.4199902344e+02 6.4200701904e+02 6.4203997803e+02 6.4206402588e+02 6.4205401611e+02 6.4207897949e+02 6.4213397217e+02 6.4222497559e+02 6.4233898926e+02 6.4240899658e+02 6.4244500732e+02 6.4246697998e+02 6.4248699951e+02 6.4249401855e+02 6.4249102783e+02 6.4248901367e+02 6.4249902344e+02 6.4250402832e+02 6.4250701904e+02 6.4251300049e+02 6.4252502441e+02 6.4251599121e+02 6.4248602295e+02 6.4245697021e+02 6.4247302246e+02 6.4252697754e+02 6.4257202148e+02 6.4261297607e+02 6.4264801025e+02 6.4268597412e+02 6.4272998047e+02 6.4276702881e+02 6.4278698730e+02 6.4280200195e+02 6.4283197021e+02 6.4288000488e+02 6.4294799805e+02 6.4304302979e+02
6.4184899902e+02 6.4184600830e+02 6.4184497070e+02 6.4188500977e+02 6.4192700195e+02 6.4195001221e+02 6.4197198486e+02 6.4198797607e+02 6.4199700928e+02 6.4202899170e+02 6.4207598877e+02 6.4208599854e+02 6.4203198242e+02 6.4200701904e+02 6.4202001953e+02 6.4208599854e+02 6.4220098877e+02 6.4229101563e+02 6.4235302734e+02 6.4240301514e+02 6.4245697021e+02 6.4248999023e+02 6.4248797607e+02 6.4247900391e+02 6.4247802734e+02 6.4248602295e+02 6.4249401855e+02 6.4249700928e+02 6.4251098633e+02 6.4253802490e+02 6.4253100586e+02 6.4250299072e+02 6.4248498535e+02 6.4250500488e+02 6.4252899170e+02 6.4255401611e+02 6.4258801270e+02 6.4263500977e+02 6.4268103027e+02 6.4272100830e+02 6.4275500488e+02 6.4277899170e+02 6.4278997803e+02 6.4280902100e+02 6.4285101318e+02 6.4295501709e+02
6.4177099609e+02 6.4180102539e+02 6.4182098389e+02 6.4185900879e+02 6.4188598633e+02 6.4190502930e+02 6.4192797852e+02 6.4195800781e+02 6.4198498535e+02 6.4202502441e+02 6.4207299805e+02 6.4207501221e+02 6.4201202393e+02 6.4196600342e+02 6.4194598389e+02 6.4197601318e+02 6.4206500244e+02 6.4216497803e+02 6.4224401855e+02 6.4231298828e+02 6.4237799072e+02 6.4243402100e+02 6.4246002197e+02 6.4247100830e+02 6.4247497559e+02 6.4247399902e+02 6.4248297119e+02 6.4248498535e+02 6.4249298096e+02 6.4252899170e+02 6.4254400635e+02 6.4253900146e+02 6.4252197266e+02 6.4251702881e+02 6.4251800537e+02 6.4252099609e+02 6.4254400635e+02 6.4258898926e+02 6.4262701416e+02 6.4265899658e+02 6.4269702148e+02 6.4273901367e+02 6.4274597168e+02 6.4275000000e+02 6.4276800537e+02 6.4285498047e+02
