TESTSERVER/1/1.asc
NCOLS 100
NROWS 100
XLLCORNER 7.5497500000e+03
YLLCORNER 2.8990025000e+05
CELLSIZE 5.0000000000e-01
NODATA_VALUE -9.9990000000e+03
[rows 20 to 39 of 100, columns 0 to 45 of 100]
6.4081597900e+02 6.4085198975e+02 6.4088201904e+02 6.4093597412e+02 6.4099597168e+02 6.4106402588e+02 6.4115002441e+02 6.4121002197e+02 6.4125897217e+02 6.4129797363e+02 6.4132598877e+02 6.4135400391e+02 6.4137902832e+02 6.4140002441e+02 6.4141998291e+02 6.4144897461e+02 6.4147302246e+02 6.4149499512e+02 6.4151800537e+02 6.4152502441e+02 6.4155102539e+02 6.4159002686e+02 6.4164501953e+02 6.4172302246e+02 6.4179400635e+02 6.4186199951e+02 6.4191400146e+02 6.4197900391e+02 6.4205902100e+02 6.4211901855e+02 6.4217199707e+02 6.4223999023e+02 6.4229302979e+02 6.4234997559e+02 6.4241900635e+02 6.4250402832e+02 6.4258197021e+02 6.4265698242e+02 6.4273699951e+02 6.4281799316e+02 6.4288800049e+02 6.4294299316e+02 6.4301800537e+02 6.4309497070e+02 6.4316198730e+02 6.4323699951e+02
6.4080700684e+02 6.4082800293e+02 6.4084497070e+02 6.4088897705e+02 6.4095599365e+02 6.4103497314e+02 6.4113098145e+02 6.4120898438e+02 6.4125897217e+02 6.4129699707e+02 6.4133001709e+02 6.4136602783e+02 6.4139697266e+02 6.4142297363e+02 6.4143902588e+02 6.4146099854e+02 6.4148699951e+02 6.4151501465e+02 6.4153997803e+02 6.4156201172e+02 6.4158801270e+02 6.4161901855e+02 6.4165100098e+02 6.4170697021e+02 6.4177801514e+02 6.4185198975e+02 6.4191198730e+02 6.4196899414e+02 6.4204101563e+02 6.4210101318e+02 6.4215997314e+02 6.4222497559e+02 6.4228002930e+02 6.4233697510e+02 6.4239697266e+02 6.4246301270e+02 6.4252899170e+02 6.4260601807e+02 6.4269598389e+02 6.4277001953e+02 6.4282800293e+02 6.4287200928e+02 6.4293402100e+02 6.4299298096e+02 6.4304498291e+02 6.4309100342e+02
6.4075897217e+02 6.4076702881e+02 6.4079302979e+02 6.4085101318e+02 6.4092297363e+02 6.4100500488e+02 6.4110601807e+02 6.4118798828e+02 6.4124298096e+02 6.4128497314e+02 6.4131896973e+02 6.4135601807e+02 6.4139599609e+02 6.4143298340e+02 6.4146002197e+02 6.4148400879e+02 6.4151202393e+02 6.4154101563e+02 6.4156701660e+02 6.4159399414e+02 6.4162097168e+02 6.4164801025e+02 6.4166802979e+02 6.4170202637e+02 6.4176000977e+02 6.4182702637e+02 6.4189398193e+02 6.4195599365e+02 6.4202801514e+02 6.4209698486e+02 6.4215502930e+02 6.4220001221e+02 6.4225799561e+02 6.4233099365e+02 6.4240899658e+02 6.4247601318e+02 6.4252001953e+02 6.4256896973e+02 6.4264898682e+02 6.4271600342e+02 6.4277197266e+02 6.4282000732e+02 6.4286901855e+02 6.4288800049e+02 6.4293902588e+02 6.4300500488e+02
6.4069097900e+02 6.4069097900e+02 6.4073699951e+02 6.4081201172e+02 6.4088897705e+02 6.4097497559e+02 6.4107702637e+02 6.4115899658e+02 6.4121600342e+02 6.4126098633e+02 6.4129302979e+02 6.4132897949e+02 6.4137902832e+02 6.4142999268e+02 6.4147601318e+02 6.4151000977e+02 6.4154199219e+02 6.4157202148e+02 6.4159802246e+02 6.4162701416e+02 6.4165502930e+02 6.4168103027e+02 6.4169598389e+02 6.4171398926e+02 6.4175402832e+02 6.4180700684e+02 6.4186401367e+02 6.4193902588e+02 6.4201702881e+02 6.4209002686e+02 6.4214801025e+02 6.4217700195e+02 6.4223602295e+02 6.4232501221e+02 6.4243200684e+02 6.4251702881e+02 6.4254400635e+02 6.4256597900e+02 6.4262097168e+02 6.4265197754e+02 6.4269396973e+02 6.4275598145e+02 6.4282000732e+02 6.4282501221e+02 6.4286102295e+02 6.4292901611e+02
6.4063702393e+02 6.4065002441e+02 6.4071801758e+02 6.4078399658e+02 6.4085998535e+02 6.4094396973e+02 6.4103601074e+02 6.4112200928e+02 6.4117498779e+02 6.4121600342e+02 6.4123797607e+02 6.4128601074e+02 6.4134197998e+02 6.4140600586e+02 6.4146398926e+02 6.4152502441e+02 6.4156597900e+02 6.4160198975e+02 6.4163000488e+02 6.4165802002e+02 6.4168798828e+02 6.4171697998e+02 6.4174798584e+02 6.4176098633e+02 6.4178601074e+02 6.4181402588e+02 6.4184100342e+02 6.4192199707e+02 6.4200000000e+02 6.4206500244e+02 6.4213201904e+02 6.4215197754e+02 6.4220300293e+02 6.4230102539e+02 6.4242700195e+02 6.4251599121e+02 6.4254699707e+02 6.4257702637e+02 6.4262799072e+02 6.4261700439e+02 6.4264697266e+02 6.4270898438e+02 6.4277197266e+02 6.4279602051e+02 6.4282800293e+02 6.4286999512e+02
6.4061999512e+02 6.4066198730e+02 6.4071197510e+02 6.4077502441e+02 6.4084997559e+02 6.4093103027e+02 6.4102301025e+02 6.4109698486e+02 6.4114099121e+02 6.4117199707e+02 6.4120397949e+02 6.4125598145e+02 6.4131402588e+02 6.4138098145e+02 6.4145800781e+02 6.4152301025e+02 6.4157299805e+02 6.4161401367e+02 6.4164599609e+02 6.4168200684e+02 6.4171801758e+02 6.4175299072e+02 6.4178601074e+02 6.4182202148e+02 6.4185101318e+02 6.4187298584e+02 6.4189202881e+02 6.4193200684e+02 6.4197802734e+02 6.4202502441e+02 6.4208197021e+02 6.4211901855e+02 6.4216900635e+02 6.4224499512e+02 6.4233398438e+02 6.4239898682e+02 6.4243298340e+02 6.4249499512e+02 6.4257299805e+02 6.4259899902e+02 6.4262701416e+02 6.4265997314e+02 6.4273199463e+02 6.4278997803e+02 6.4281597900e+02 6.4284197998e+02
6.4059600830e+02 6.4064898682e+02 6.4070202637e+02 6.4076800537e+02 6.4084698486e+02 6.4092901611e+02 6.4102001953e+02 6.4108898926e+02 6.4112701416e+02 6.4115100098e+02 6.4117797852e+02 6.4123498535e+02 6.4129699707e+02 6.4136798096e+02 6.4145098877e+02 6.4152197266e+02 6.4157501221e+02 6.4161901855e+02 6.4165600586e+02 6.4170098877e+02 6.4174298096e+02 6.4178302002e+02 6.4182098389e+02 6.4185900879e+02 6.4189001465e+02 6.4191497803e+02 6.4193902588e+02 6.4196600342e+02 6.4198999023e+02 6.4202197266e+02 6.4206097412e+02 6.4212500000e+02 6.4217297363e+02 6.4221002197e+02 6.4226098633e+02 6.4231097412e+02 6.4235302734e+02 6.4241900635e+02 6.4249102783e+02 6.4253997803e+02 6.4258197021e+02 6.4261199951e+02 6.4268798828e+02 6.4273101807e+02 6.4274102783e+02 6.4276300049e+02
6.4057000732e+02 6.4062902832e+02 6.4069097900e+02 6.4076800537e+02 6.4084997559e+02 6.4093597412e+02 6.4102801514e+02 6.4109399414e+02 6.4112597656e+02 6.4114501953e+02 6.4116302490e+02 6.4122198486e+02 6.4128601074e+02 6.4135797119e+02 6.4144201660e+02 6.4151501465e+02 6.4157098389e+02 6.4161798096e+02 6.4166198730e+02 6.4171600342e+02 6.4176397705e+02 6.4180999756e+02 6.4185198975e+02 6.4189001465e+02 6.4192297363e+02 6.4194799805e+02 6.4196697998e+02 6.4200097656e+02 6.4203198242e+02 6.4205902100e+02 6.4207202148e+02 6.4212902832e+02 6.4216497803e+02 6.4218798828e+02 6.4223901367e+02 6.4230499268e+02 6.4235302734e+02 6.4240100098e+02 6.4244201660e+02 6.4247100830e+02 6.4252801514e+02 6.4257800293e+02 6.4264898682e+02 6.4266998291e+02 6.4268499756e+02 6.4269598389e+02
6.4055902100e+02 6.4061297607e+02 6.4067901611e+02 6.4076800537e+02 6.4085900879e+02 6.4095300293e+02 6.4106701660e+02 6.4111901855e+02 6.4114599609e+02 6.4115899658e+02 6.4118103027e+02 6.4122100830e+02 6.4128497314e+02 6.4135699463e+02 6.4143597412e+02 6.4150000000e+02 6.4155798340e+02 6.4161401367e+02 6.4167999268e+02 6.4173297119e+02 6.4179199219e+02 6.4184698486e+02 6.4190698242e+02 6.4192602539e+02 6.4195300293e+02 6.4197302246e+02 6.4197900391e+02 6.4200701904e+02 6.4205200195e+02 6.4208898926e+02 6.4211700439e+02 6.4210797119e+02 6.4211999512e+02 6.4216900635e+02 6.4225299072e+02 6.4232501221e+02 6.4236901855e+02 6.4239501953e+02 6.4241699219e+02 6.4243298340e+02 6.4248602295e+02 6.4254498291e+02 6.4258599854e+02 6.4263201904e+02 6.4270397949e+02 6.4272998047e+02
6.4056500244e+02 6.4061297607e+02 6.4068200684e+02 6.4076898193e+02 6.4086401367e+02 6.4096301270e+02 6.4107702637e+02 6.4113897705e+02 6.4116198730e+02 6.4117297363e+02 6.4118597412e+02 6.4122998047e+02 6.4128997803e+02 6.4135797119e+02 6.4142602539e+02 6.4147900391e+02 6.4153802490e+02 6.4159899902e+02 6.4166900635e+02 6.4174102783e+02 6.4180297852e+02 6.4185998535e+02 6.4191802979e+02 6.4196398926e+02 6.4199200439e+02 6.4200897217e+02 6.4201501465e+02 6.4203399658e+02 6.4205603027e+02 6.4209002686e+02 6.4213500977e+02 6.4212298584e+02 6.4213000488e+02 6.4218798828e+02 6.4228100586e+02 6.4231799316e+02 6.4232501221e+02 6.4234899902e+02 6.4237402344e+02 6.4241497803e+02 6.4245397949e+02 6.4249499512e+02 6.4253302002e+02 6.4259100342e+02 6.4266699219e+02 6.4270800781e+02
6.4057299805e+02 6.4062200928e+02 6.4069201660e+02 6.4077801514e+02 6.4086901855e+02 6.4096301270e+02 6.4107397461e+02 6.4113500977e+02 6.4115399170e+02 6.4116400146e+02 6.4117999268e+02 6.4122302246e+02 6.4128198242e+02 6.4134899902e+02 6.4141400146e+02 6.4146801758e+02 6.4152502441e+02 6.4158398438e+02 6.4165502930e+02 6.4172900391e+02 6.4178900146e+02 6.4184399414e+02 6.4190600586e+02 6.4196899414e+02 6.4200897217e+02 6.4203497314e+02 6.4204498291e+02 6.4204699707e+02 6.4205603027e+02 6.4208502197e+02 6.4213702393e+02 6.4213500977e+02 6.4215399170e+02 6.4220098877e+02 6.4227099609e+02 6.4228802490e+02 6.4228399658e+02 6.4231896973e+02 6.4235302734e+02 6.4240100098e+02 6.4242498779e+02 6.4245300293e+02 6.4250000000e+02 6.4254498291e+02 6.4259399414e+02 6.4263702393e+02
6.4059100342e+02 6.4064099121e+02 6.4071002197e+02 6.4079101563e+02 6.4087500000e+02 6.4096099854e+02 6.4105999756e+02 6.4111102295e+02 6.4112500000e+02 6.4113598633e+02 6.4116101074e+02 6.4121197510e+02 6.4127099609e+02 6.4133697510e+02 6.4140399170e+02 6.4146099854e+02 6.4151702881e+02 6.4157299805e+02 6.4164001465e+02 6.4170800781e+02 6.4176397705e+02 6.4181402588e+02 6.4186700439e+02 6.4193902588e+02 6.4199401855e+02 6.4203802490e+02 6.4206201172e+02 6.4205499268e+02 6.4205798340e+02 6.4208599854e+02 6.4213098145e+02 6.4214300537e+02 6.4216802979e+02 6.4219598389e+02 6.4224401855e+02 6.4227099609e+02 6.4228997803e+02 6.4232897949e+02 6.4234802246e+02 6.4238702393e+02 6.4240698242e+02 6.4243597412e+02 6.4248101807e+02 6.4251397705e+02 6.4254699707e+02 6.4257299805e+02
6.4063000488e+02 6.4067901611e+02 6.4074499512e+02 6.4081402588e+02 6.4088500977e+02 6.4095300293e+02 6.4100799561e+02 6.4105499268e+02 6.4106896973e+02 6.4108398438e+02 6.4109899902e+02 6.4117797852e+02 6.4124597168e+02 6.4131701660e+02 6.4138598633e+02 6.4145697021e+02 6.4151300049e+02 6.4156597900e+02 6.4161700439e+02 6.4167498779e+02 6.4172198486e+02 6.4176397705e+02 6.4178399658e+02 6.4186102295e+02 6.4194097900e+02 6.4201300049e+02 6.4206201172e+02 6.4206402588e+02 6.4207000732e+02 6.4209301758e+02 6.4212200928e+02 6.4214300537e+02 6.4217199707e+02 6.4219000244e+02 6.4221899414e+02 6.4226898193e+02 6.4231402588e+02 6.4233898926e+02 6.4230999756e+02 6.4237402344e+02 6.4239300537e+02 6.4241198730e+02 6.4245501709e+02 6.4249200439e+02 6.4253601074e+02 6.4254602051e+02
6.4068298340e+02 6.4072601318e+02 6.4077600098e+02 6.4084100342e+02 6.4090100098e+02 6.4095599365e+02 6.4100897217e+02 6.4103497314e+02 6.4105401611e+02 6.4107702637e+02 6.4111102295e+02 6.4116900635e+02 6.4123400879e+02 6.4130297852e+02 6.4138201904e+02 6.4145599365e+02 6.4151202393e+02 6.4156402588e+02 6.4161499023e+02 6.4166302490e+02 6.4170300293e+02 6.4173901367e+02 6.4175299072e+02 6.4179101563e+02 6.4188000488e+02 6.4197601318e+02 6.4204797363e+02 6.4209100342e+02 6.4210400391e+02 6.4210302734e+02 6.4211700439e+02 6.4213800049e+02 6.4216497803e+02 6.4219702148e+02 6.4223797607e+02 6.4225701904e+02 6.4227600098e+02 6.4228802490e+02 6.4228601074e+02 6.4232800293e+02 6.4234197998e+02 6.4236297607e+02 6.4240399170e+02 6.4245501709e+02 6.4251300049e+02 6.4254602051e+02
6.4072100830e+02 6.4076202393e+02 6.4080700684e+02 6.4086199951e+02 6.4091699219e+02 6.4097100830e+02 6.4101898193e+02 6.4104699707e+02 6.4107598877e+02 6.4110797119e+02 6.4115698242e+02 6.4121600342e+02 6.4127301025e+02 6.4133398438e+02 6.4140301514e+02 6.4147100830e+02 6.4152398682e+02 6.4157299805e+02 6.4162500000e+02 6.4167199707e+02 6.4171002197e+02 6.4174200439e+02 6.4176098633e+02 6.4179400635e+02 6.4187200928e+02 6.4195697021e+02 6.4202099609e+02 6.4206896973e+02 6.4210302734e+02 6.4211401367e+02 6.4212597656e+02 6.4214501953e+02 6.4216400146e+02 6.4219897461e+02 6.4224200439e+02 6.4225701904e+02 6.4227099609e+02 6.4228002930e+02 6.4228802490e+02 6.4231298828e+02 6.4232299805e+02 6.4233898926e+02 6.4236999512e+02 6.4241998291e+02 6.4246600342e+02 6.4249298096e+02
6.4075000000e+02 6.4079101563e+02 6.4083197021e+02 6.4088201904e+02 6.4093298340e+02 6.4098498535e+02 6.4103497314e+02 6.4107397461e+02 6.4111700439e+02 6.4116400146e+02 6.4122601318e+02 6.4128900146e+02 6.4134197998e+02 6.4139501953e+02 6.4144500732e+02 6.4150000000e+02 6.4154699707e+02 6.4159197998e+02 6.4164202881e+02 6.4169000244e+02 6.4172698975e+02 6.4175799561e+02 6.4179101563e+02 6.4182202148e+02 6.4187597656e+02 6.4193402100e+02 6.4196197510e+02 6.4198999023e+02 6.4204602051e+02 6.4209802246e+02 6.4213598633e+02 6.4216101074e+02 6.4217700195e+02 6.4220599365e+02 6.4223199463e+02 6.4225701904e+02 6.4227899170e+02 6.4228198242e+02 6.4228997803e+02 6.4231201172e+02 6.4232897949e+02 6.4234802246e+02 6.4236499023e+02 6.4238800049e+02 6.4242999268e+02 6.4245001221e+02
6.4076202393e+02 6.4080401611e+02 6.4084399414e+02 6.4088897705e+02 6.4093597412e+02 6.4098699951e+02 6.4103497314e+02 6.4110699463e+02 6.4117297363e+02 6.4123999023e+02 6.4132299805e+02 6.4137298584e+02 6.4142498779e+02 6.4146997070e+02 6.4151098633e+02 6.4154101563e+02 6.4157702637e+02 6.4161401367e+02 6.4165698242e+02 6.4170397949e+02 6.4173901367e+02 6.4177197266e+02 6.4180902100e+02 6.4183001709e+02 6.4184997559e+02 6.4186700439e+02 6.4186401367e+02 6.4190899658e+02 6.4196697998e+02 6.4204602051e+02 6.4215698242e+02 6.4218798828e+02 6.4221801758e+02 6.4223101807e+02 6.4223297119e+02 6.4226098633e+02 6.4227301025e+02 6.4227697754e+02 6.4228497314e+02 6.4230603027e+02 6.4232702637e+02 6.4236297607e+02 6.4237701416e+02 6.4236401367e+02 6.4239501953e+02 6.4241699219e+02
6.4076098633e+02 6.4080603027e+02 6.4084997559e+02 6.4088897705e+02 6.4093402100e+02 6.4098602295e+02 6.4105102539e+02 6.4113000488e+02 6.4120501709e+02 6.4127899170e+02 6.4135198975e+02 6.4141101074e+02 6.4145800781e+02 6.4149798584e+02 6.4153399658e+02 6.4156701660e+02 6.4159997559e+02 6.4163299561e+02 6.4167297363e+02 6.4170599365e+02 6.4173297119e+02 6.4175799561e+02 6.4178302002e+02 6.4178900146e+02 6.4178997803e+02 6.4178497314e+02 6.4177600098e+02 6.4180401611e+02 6.4186901855e+02 6.4194897461e+02 6.4205401611e+02 6.4215802002e+02 6.4222302246e+02 6.4224902344e+02 6.4224700928e+02 6.4226202393e+02 6.4225897217e+02 6.4227197266e+02 6.4227899170e+02 6.4229797363e+02 6.4232299805e+02 6.4235302734e+02 6.4236901855e+02 6.4236602783e+02 6.4236700439e+02 6.4236798096e+02
6.4075201416e+02 6.4080102539e+02 6.4084698486e+02 6.4089202881e+02 6.4094299316e+02 6.4099798584e+02 6.4106597900e+02 6.4114599609e+02 6.4121801758e+02 6.4128698730e+02 6.4135302734e+02 6.4140802002e+02 6.4145300293e+02 6.4149200439e+02 6.4153002930e+02 6.4156896973e+02 6.4160699463e+02 6.4164599609e+02 6.4168499756e+02 6.4171002197e+02 6.4172698975e+02 6.4174102783e+02 6.4175500488e+02 6.4175299072e+02 6.4175097656e+02 6.4175299072e+02 6.4175701904e+02 6.4178399658e+02 6.4184399414e+02 6.4190301514e+02 6.4196002197e+02 6.4206597900e+02 6.4216802979e+02 6.4225201416e+02 6.4227099609e+02 6.4226300049e+02 6.4225598145e+02 6.4226898193e+02 6.4226898193e+02 6.4229101563e+02 6.4232501221e+02 6.4234399414e+02 6.4235699463e+02 6.4237402344e+02 6.4238800049e+02 6.4239202881e+02
6.4073199463e+02 6.4078302002e+02 6.4083398438e+02 6.4088897705e+02 6.4094799805e+02 6.4101000977e+02 6.4108001709e+02 6.4115301514e+02 6.4121801758e+02 6.4127899170e+02 6.4133001709e+02 6.4137597656e+02 6.4141900635e+02 6.4146002197e+02 6.4150402832e+02 6.4155401611e+02 6.4160302734e+02 6.4165002441e+02 6.4169299316e+02 6.4171099854e+02 6.4172100830e+02 6.4172399902e+02 6.4172601318e+02 6.4171398926e+02 6.4172497559e+02 6.4175402832e+02 6.4179302979e+02 6.4181402588e+02 6.4186199951e+02 6.4190600586e+02 6.4191998291e+02 6.4195098877e+02 6.4203399658e+02 6.4216998291e+02 6.4225598145e+02 6.4227001953e+02 6.4228399658e+02 6.4229498291e+02 6.4228601074e+02 6.4229199219e+02 6.4231201172e+02 6.4232800293e+02 6.4235601807e+02 6.4237799072e+02 6.4240899658e+02 6.4242401123e+02
