TESTSERVER/1/10.asc
NCOLS 100
NROWS 100
XLLCORNER 7.5497500000e+03
YLLCORNER 2.8945025000e+05
CELLSIZE 5.0000000000e-01
NODATA_VALUE -9.9990000000e+03
[rows 0 to 19 of 100, columns 46 to 91 of 100]
5.6898797607e+02 5.6897698975e+02 5.6897900391e+02 5.6899200439e+02 5.6903002930e+02 5.6906597900e+02 5.6910797119e+02 5.6914099121e+02 5.6917297363e+02 5.6922698975e+02 5.6929498291e+02 5.6936999512e+02 5.6944897461e+02 5.6952899170e+02 5.6961901855e+02 5.6971600342e+02 5.6981402588e+02 5.6989801025e+02 5.6999102783e+02 5.7009100342e+02 5.7020697021e+02 5.7032000732e+02 5.7044097900e+02 5.7056500244e+02 5.7067797852e+02 5.7080200195e+02 5.7092901611e+02 5.7106298828e+02 5.7121301270e+02 5.7137402344e+02 5.7153900146e+02 5.7169897461e+02 5.7184197998e+02 5.7201300049e+02 5.7217102051e+02 5.7231597900e+02 5.7245397949e+02 5.7260900879e+02 5.7278601074e+02 5.7294702148e+02 5.7309802246e+02 5.7327099609e+02 5.7345397949e+02 5.7363897705e+02 5.7382397461e+02 5.7399798584e+02
5.6898400879e+02 5.6897998047e+02 5.6897601318e+02 5.6898400879e+02 5.6900799561e+02 5.6902099609e+02 5.6906799316e+02 5.6911901855e+02 5.6914599609e+02 5.6919396973e+02 5.6925701904e+02 5.6933197021e+02 5.6940399170e+02 5.6948101807e+02 5.6957598877e+02 5.6966497803e+02 5.6975598145e+02 5.6984600830e+02 5.6994299316e+02 5.7004998779e+02 5.7017297363e+02 5.7027502441e+02 5.7037597656e+02 5.7050897217e+02 5.7063800049e+02 5.7074499512e+02 5.7086401367e+02 5.7099499512e+02 5.7113500977e+02 5.7129302979e+02 5.7145800781e+02 5.7162200928e+02 5.7176800537e+02 5.7193499756e+02 5.7209802246e+02 5.7224798584e+02 5.7239697266e+02 5.7253100586e+02 5.7269799805e+02 5.7286901855e+02 5.7301397705e+02 5.7317102051e+02 5.7335601807e+02 5.7353997803e+02 5.7371801758e+02 5.7389501953e+02
5.6896997070e+02 5.6896301270e+02 5.6896099854e+02 5.6896801758e+02 5.6898699951e+02 5.6899902344e+02 5.6903497314e+02 5.6907501221e+02 5.6912097168e+02 5.6917498779e+02 5.6922100830e+02 5.6928002930e+02 5.6935797119e+02 5.6942797852e+02 5.6952398682e+02 5.6961798096e+02 5.6970800781e+02 5.6979797363e+02 5.6989398193e+02 5.6999902344e+02 5.7011297607e+02 5.7022497559e+02 5.7032299805e+02 5.7044201660e+02 5.7056896973e+02 5.7068902588e+02 5.7080200195e+02 5.7092602539e+02 5.7106402588e+02 5.7121697998e+02 5.7138000488e+02 5.7154797363e+02 5.7169598389e+02 5.7185699463e+02 5.7202301025e+02 5.7217102051e+02 5.7232800293e+02 5.7246099854e+02 5.7261901855e+02 5.7279101563e+02 5.7294097900e+02 5.7309399414e+02 5.7327099609e+02 5.7344396973e+02 5.7361700439e+02 5.7380102539e+02
5.6895898438e+02 5.6895001221e+02 5.6894097900e+02 5.6894799805e+02 5.6896600342e+02 5.6898602295e+02 5.6901702881e+02 5.6904302979e+02 5.6909802246e+02 5.6916198730e+02 5.6919897461e+02 5.6925097656e+02 5.6933801270e+02 5.6938800049e+02 5.6946398926e+02 5.6955999756e+02 5.6965899658e+02 5.6974798584e+02 5.6984497070e+02 5.6994500732e+02 5.7005102539e+02 5.7017102051e+02 5.7026898193e+02 5.7038299561e+02 5.7050799561e+02 5.7063500977e+02 5.7074700928e+02 5.7087097168e+02 5.7100500488e+02 5.7115100098e+02 5.7130798340e+02 5.7147399902e+02 5.7162597656e+02 5.7178802490e+02 5.7195300293e+02 5.7209100342e+02 5.7224200439e+02 5.7239202881e+02 5.7255102539e+02 5.7271899414e+02 5.7287200928e+02 5.7302301025e+02 5.7319000244e+02 5.7335198975e+02 5.7353002930e+02 5.7371099854e+02
5.6893298340e+02 5.6895098877e+02 5.6894299316e+02 5.6894396973e+02 5.6895202637e+02 5.6897399902e+02 5.6899401855e+02 5.6901599121e+02 5.6906500244e+02 5.6911999512e+02 5.6915802002e+02 5.6921099854e+02 5.6930999756e+02 5.6935998535e+02 5.6943597412e+02 5.6953002930e+02 5.6962799072e+02 5.6971502686e+02 5.6981201172e+02 5.6990802002e+02 5.7002801514e+02 5.7012799072e+02 5.7022399902e+02 5.7034698486e+02 5.7046899414e+02 5.7058801270e+02 5.7070697021e+02 5.7082702637e+02 5.7094299316e+02 5.7108398438e+02 5.7122998047e+02 5.7138000488e+02 5.7152197266e+02 5.7170697021e+02 5.7188098145e+02 5.7201702881e+02 5.7215899658e+02 5.7231701660e+02 5.7248498535e+02 5.7265002441e+02 5.7280401611e+02 5.7296002197e+02 5.7311401367e+02 5.7327301025e+02 5.7344396973e+02 5.7362402344e+02
5.6894396973e+02 5.6894396973e+02 5.6893701172e+02 5.6893701172e+02 5.6894799805e+02 5.6896997070e+02 5.6898400879e+02 5.6899902344e+02 5.6903698730e+02 5.6908697510e+02 5.6913397217e+02 5.6918402100e+02 5.6925000000e+02 5.6932598877e+02 5.6940997314e+02 5.6948498535e+02 5.6957800293e+02 5.6966802979e+02 5.6976000977e+02 5.6985797119e+02 5.6997198486e+02 5.7007897949e+02 5.7017401123e+02 5.7028997803e+02 5.7040698242e+02 5.7053399658e+02 5.7066302490e+02 5.7077600098e+02 5.7089001465e+02 5.7103399658e+02 5.7117498779e+02 5.7132098389e+02 5.7145800781e+02 5.7162402344e+02 5.7179602051e+02 5.7194500732e+02 5.7209698486e+02 5.7224102783e+02 5.7240301514e+02 5.7256799316e+02 5.7272601318e+02 5.7289099121e+02 5.7304199219e+02 5.7319702148e+02 5.7336401367e+02 5.7352697754e+02
5.6896099854e+02 5.6894097900e+02 5.6894000244e+02 5.6894097900e+02 5.6894201660e+02 5.6895300293e+02 5.6895800781e+02 5.6897497559e+02 5.6901000977e+02 5.6905999756e+02 5.6911102295e+02 5.6916302490e+02 5.6921899414e+02 5.6929998779e+02 5.6938201904e+02 5.6944201660e+02 5.6952398682e+02 5.6962597656e+02 5.6971997070e+02 5.6980999756e+02 5.6991198730e+02 5.7002801514e+02 5.7012097168e+02 5.7023101807e+02 5.7035101318e+02 5.7047601318e+02 5.7060498047e+02 5.7071600342e+02 5.7082702637e+02 5.7097399902e+02 5.7110797119e+02 5.7125097656e+02 5.7139599609e+02 5.7155102539e+02 5.7171801758e+02 5.7187500000e+02 5.7202697754e+02 5.7216900635e+02 5.7232800293e+02 5.7248602295e+02 5.7264801025e+02 5.7281799316e+02 5.7296697998e+02 5.7311297607e+02 5.7327899170e+02 5.7343499756e+02
5.6895501709e+02 5.6893798828e+02 5.6894000244e+02 5.6894201660e+02 5.6894799805e+02 5.6895501709e+02 5.6894299316e+02 5.6895300293e+02 5.6898797607e+02 5.6903497314e+02 5.6908599854e+02 5.6913098145e+02 5.6918597412e+02 5.6925500488e+02 5.6933099365e+02 5.6939599609e+02 5.6947198486e+02 5.6959197998e+02 5.6968902588e+02 5.6977301025e+02 5.6986798096e+02 5.6997802734e+02 5.7007098389e+02 5.7017999268e+02 5.7030200195e+02 5.7041601563e+02 5.7053997803e+02 5.7066101074e+02 5.7077899170e+02 5.7092102051e+02 5.7104400635e+02 5.7117199707e+02 5.7131097412e+02 5.7147302246e+02 5.7164501953e+02 5.7180200195e+02 5.7194897461e+02 5.7210101318e+02 5.7227001953e+02 5.7242901611e+02 5.7258502197e+02 5.7274902344e+02 5.7289898682e+02 5.7304101563e+02 5.7319702148e+02 5.7335101318e+02
5.6892797852e+02 5.6894299316e+02 5.6894000244e+02 5.6892700195e+02 5.6892999268e+02 5.6893298340e+02 5.6894201660e+02 5.6895098877e+02 5.6897100830e+02 5.6901202393e+02 5.6906298828e+02 5.6910601807e+02 5.6916900635e+02 5.6922100830e+02 5.6928198242e+02 5.6936798096e+02 5.6943798828e+02 5.6953802490e+02 5.6963000488e+02 5.6971502686e+02 5.6981896973e+02 5.6991802979e+02 5.7001599121e+02 5.7012597656e+02 5.7023999023e+02 5.7037298584e+02 5.7049298096e+02 5.7061798096e+02 5.7074200439e+02 5.7085699463e+02 5.7097100830e+02 5.7109698486e+02 5.7123400879e+02 5.7140698242e+02 5.7157598877e+02 5.7172302246e+02 5.7186700439e+02 5.7201898193e+02 5.7219396973e+02 5.7235797119e+02 5.7250402832e+02 5.7266497803e+02 5.7282598877e+02 5.7297698975e+02 5.7312298584e+02 5.7328100586e+02
5.6895501709e+02 5.6894396973e+02 5.6892401123e+02 5.6892102051e+02 5.6894396973e+02 5.6893200684e+02 5.6892999268e+02 5.6894396973e+02 5.6896997070e+02 5.6900299072e+02 5.6905102539e+02 5.6909399414e+02 5.6914599609e+02 5.6919500732e+02 5.6924102783e+02 5.6932501221e+02 5.6939697266e+02 5.6948400879e+02 5.6957800293e+02 5.6967297363e+02 5.6977301025e+02 5.6986798096e+02 5.6997998047e+02 5.7009301758e+02 5.7019598389e+02 5.7031500244e+02 5.7043499756e+02 5.7056500244e+02 5.7068597412e+02 5.7079901123e+02 5.7091400146e+02 5.7103997803e+02 5.7118798828e+02 5.7134997559e+02 5.7150799561e+02 5.7164398193e+02 5.7178997803e+02 5.7194500732e+02 5.7211401367e+02 5.7227502441e+02 5.7241998291e+02 5.7258001709e+02 5.7273999023e+02 5.7289697266e+02 5.7304699707e+02 5.7319799805e+02
5.6895898438e+02 5.6895098877e+02 5.6892901611e+02 5.6892401123e+02 5.6894000244e+02 5.6893200684e+02 5.6892401123e+02 5.6893701172e+02 5.6895599365e+02 5.6897900391e+02 5.6902801514e+02 5.6907000732e+02 5.6911999512e+02 5.6918798828e+02 5.6921997070e+02 5.6928997803e+02 5.6937200928e+02 5.6945300293e+02 5.6954302979e+02 5.6964099121e+02 5.6973901367e+02 5.6983197021e+02 5.6994702148e+02 5.7006298828e+02 5.7016198730e+02 5.7026702881e+02 5.7037701416e+02 5.7050701904e+02 5.7063299561e+02 5.7074902344e+02 5.7086798096e+02 5.7098699951e+02 5.7112298584e+02 5.7127398682e+02 5.7143200684e+02 5.7157000732e+02 5.7171502686e+02 5.7188299561e+02 5.7204498291e+02 5.7219500732e+02 5.7234002686e+02 5.7249401855e+02 5.7265502930e+02 5.7282202148e+02 5.7297998047e+02 5.7312500000e+02
5.6894897461e+02 5.6894799805e+02 5.6893597412e+02 5.6892602539e+02 5.6891900635e+02 5.6891998291e+02 5.6892498779e+02 5.6893701172e+02 5.6894799805e+02 5.6896197510e+02 5.6900097656e+02 5.6903802490e+02 5.6908197021e+02 5.6914801025e+02 5.6918499756e+02 5.6925097656e+02 5.6933398438e+02 5.6941497803e+02 5.6949401855e+02 5.6958697510e+02 5.6969598389e+02 5.6978802490e+02 5.6989599609e+02 5.7001300049e+02 5.7011700439e+02 5.7022399902e+02 5.7032098389e+02 5.7044897461e+02 5.7058001709e+02 5.7069299316e+02 5.7081097412e+02 5.7092602539e+02 5.7105200195e+02 5.7120098877e+02 5.7135699463e+02 5.7149499512e+02 5.7163299561e+02 5.7179998779e+02 5.7195300293e+02 5.7210101318e+02 5.7225000000e+02 5.7239697266e+02 5.7256097412e+02 5.7273297119e+02 5.7289599609e+02 5.7304498291e+02
5.6895599365e+02 5.6895397949e+02 5.6894799805e+02 5.6894097900e+02 5.6891101074e+02 5.6892700195e+02 5.6893200684e+02 5.6893298340e+02 5.6892700195e+02 5.6895202637e+02 5.6898400879e+02 5.6902197266e+02 5.6905603027e+02 5.6910302734e+02 5.6915600586e+02 5.6921899414e+02 5.6929101563e+02 5.6936901855e+02 5.6944897461e+02 5.6954498291e+02 5.6965997314e+02 5.6974798584e+02 5.6983697510e+02 5.6994897461e+02 5.7006701660e+02 5.7017797852e+02 5.7026898193e+02 5.7037701416e+02 5.7051098633e+02 5.7062701416e+02 5.7074499512e+02 5.7086798096e+02 5.7097998047e+02 5.7111999512e+02 5.7127398682e+02 5.7142199707e+02 5.7155798340e+02 5.7171002197e+02 5.7186499023e+02 5.7202600098e+02 5.7217498779e+02 5.7232000732e+02 5.7247900391e+02 5.7264099121e+02 5.7279498291e+02 5.7296197510e+02
5.6895898438e+02 5.6895202637e+02 5.6895397949e+02 5.6896697998e+02 5.6893499756e+02 5.6893402100e+02 5.6893701172e+02 5.6893597412e+02 5.6893402100e+02 5.6896398926e+02 5.6898400879e+02 5.6901202393e+02 5.6905999756e+02 5.6909997559e+02 5.6914599609e+02 5.6920898438e+02 5.6927197266e+02 5.6934802246e+02 5.6942297363e+02 5.6950500488e+02 5.6960601807e+02 5.6969799805e+02 5.6979400635e+02 5.6991198730e+02 5.7002398682e+02 5.7012799072e+02 5.7022399902e+02 5.7032501221e+02 5.7045898438e+02 5.7056402588e+02 5.7068298340e+02 5.7080603027e+02 5.7091601563e+02 5.7104302979e+02 5.7119000244e+02 5.7134197998e+02 5.7148498535e+02 5.7163201904e+02 5.7178399658e+02 5.7194396973e+02 5.7209301758e+02 5.7223297119e+02 5.7238098145e+02 5.7254602051e+02 5.7271600342e+02 5.7287701416e+02
5.6895300293e+02 5.6894897461e+02 5.6894201660e+02 5.6894598389e+02 5.6894299316e+02 5.6893298340e+02 5.6893200684e+02 5.6892999268e+02 5.6893103027e+02 5.6895898438e+02 5.6897802734e+02 5.6900299072e+02 5.6905297852e+02 5.6909399414e+02 5.6913800049e+02 5.6919702148e+02 5.6924902344e+02 5.6932397461e+02 5.6939599609e+02 5.6946899414e+02 5.6956097412e+02 5.6964898682e+02 5.6975402832e+02 5.6987701416e+02 5.6998101807e+02 5.7008300781e+02 5.7018200684e+02 5.7027502441e+02 5.7040100098e+02 5.7050598145e+02 5.7062597656e+02 5.7074700928e+02 5.7085998535e+02 5.7097601318e+02 5.7110998535e+02 5.7125299072e+02 5.7140197754e+02 5.7153802490e+02 5.7168798828e+02 5.7185101318e+02 5.7200402832e+02 5.7215100098e+02 5.7229797363e+02 5.7245697021e+02 5.7262701416e+02 5.7278302002e+02
5.6895397949e+02 5.6895098877e+02 5.6894097900e+02 5.6892999268e+02 5.6894897461e+02 5.6892700195e+02 5.6891400146e+02 5.6891900635e+02 5.6892498779e+02 5.6894201660e+02 5.6896801758e+02 5.6899902344e+02 5.6903302002e+02 5.6906597900e+02 5.6911297607e+02 5.6918103027e+02 5.6922802734e+02 5.6929302979e+02 5.6936102295e+02 5.6944201660e+02 5.6953100586e+02 5.6961102295e+02 5.6971899414e+02 5.6983898926e+02 5.6993402100e+02 5.7003900146e+02 5.7013500977e+02 5.7022900391e+02 5.7034899902e+02 5.7046197510e+02 5.7057598877e+02 5.7068597412e+02 5.7079199219e+02 5.7091497803e+02 5.7104797363e+02 5.7117401123e+02 5.7132000732e+02 5.7145001221e+02 5.7159600830e+02 5.7175598145e+02 5.7191101074e+02 5.7206701660e+02 5.7221301270e+02 5.7236401367e+02 5.7252502441e+02 5.7269201660e+02
5.6897900391e+02 5.6896600342e+02 5.6894799805e+02 5.6893103027e+02 5.6894702148e+02 5.6892999268e+02 5.6891400146e+02 5.6891998291e+02 5.6893499756e+02 5.6894097900e+02 5.6896197510e+02 5.6898797607e+02 5.6901501465e+02 5.6905603027e+02 5.6909802246e+02 5.6915502930e+02 5.6920098877e+02 5.6925799561e+02 5.6932299805e+02 5.6940997314e+02 5.6950299072e+02 5.6957202148e+02 5.6967102051e+02 5.6978399658e+02 5.6988397217e+02 5.6999102783e+02 5.7009002686e+02 5.7019201660e+02 5.7029302979e+02 5.7041497803e+02 5.7052801514e+02 5.7063000488e+02 5.7071197510e+02 5.7083697510e+02 5.7097601318e+02 5.7109100342e+02 5.7122497559e+02 5.7136700439e+02 5.7151599121e+02 5.7166998291e+02 5.7182299805e+02 5.7197900391e+02 5.7211798096e+02 5.7226599121e+02 5.7241802979e+02 5.7259698486e+02
5.6898602295e+02 5.6897497559e+02 5.6894396973e+02 5.6892797852e+02 5.6893701172e+02 5.6894000244e+02 5.6893298340e+02 5.6892199707e+02 5.6892297363e+02 5.6893499756e+02 5.6895697021e+02 5.6897497559e+02 5.6899298096e+02 5.6903302002e+02 5.6907397461e+02 5.6913201904e+02 5.6918701172e+02 5.6925299072e+02 5.6931597900e+02 5.6939202881e+02 5.6947302246e+02 5.6954699707e+02 5.6963500977e+02 5.6974102783e+02 5.6984100342e+02 5.6994299316e+02 5.7004101563e+02 5.7014501953e+02 5.7025000000e+02 5.7034600830e+02 5.7045800781e+02 5.7057299805e+02 5.7065802002e+02 5.7077600098e+02 5.7091601563e+02 5.7102099609e+02 5.7115002441e+02 5.7129498291e+02 5.7144598389e+02 5.7159197998e+02 5.7174200439e+02 5.7189099121e+02 5.7203399658e+02 5.7218597412e+02 5.7233197021e+02 5.7250299072e+02
5.6898199463e+02 5.6897698975e+02 5.6894500732e+02 5.6893499756e+02 5.6893798828e+02 5.6894000244e+02 5.6892999268e+02 5.6891497803e+02 5.6891998291e+02 5.6892401123e+02 5.6894897461e+02 5.6897302246e+02 5.6898699951e+02 5.6902502441e+02 5.6906402588e+02 5.6911901855e+02 5.6917102051e+02 5.6923699951e+02 5.6930603027e+02 5.6936999512e+02 5.6943597412e+02 5.6951501465e+02 5.6959997559e+02 5.6970300293e+02 5.6979797363e+02 5.6989300537e+02 5.6998400879e+02 5.7009002686e+02 5.7020501709e+02 5.7029199219e+02 5.7040399170e+02 5.7052301025e+02 5.7061999512e+02 5.7072100830e+02 5.7085198975e+02 5.7095599365e+02 5.7107397461e+02 5.7120800781e+02 5.7135400391e+02 5.7149499512e+02 5.7164898682e+02 5.7179797363e+02 5.7194799805e+02 5.7210601807e+02 5.7225201416e+02 5.7241900635e+02
5.6897601318e+02 5.6897900391e+02 5.6895800781e+02 5.6894201660e+02 5.6893499756e+02 5.6892797852e+02 5.6892797852e+02 5.6892102051e+02 5.6892199707e+02 5.6891699219e+02 5.6893701172e+02 5.6896600342e+02 5.6898297119e+02 5.6901702881e+02 5.6905603027e+02 5.6910797119e+02 5.6916198730e+02 5.6922900391e+02 5.6930102539e+02 5.6935797119e+02 5.6940997314e+02 5.6948498535e+02 5.6956597900e+02 5.6966699219e+02 5.6976098633e+02 5.6985400391e+02 5.6993298340e+02 5.7003698730e+02 5.7015502930e+02 5.7023999023e+02 5.7034600830e+02 5.7046197510e+02 5.7057501221e+02 5.7066699219e+02 5.7078002930e+02 5.7088702393e+02 5.7099798584e+02 5.7112402344e+02 5.7126501465e+02 5.7140100098e+02 5.7154998779e+02 5.7169799805e+02 5.7185302734e+02 5.7201599121e+02 5.7216802979e+02 5.7232897949e+02
