TESTSERVER/1/10.asc
NCOLS 100
NROWS 100
XLLCORNER 7.5497500000e+03
YLLCORNER 2.8945025000e+05
CELLSIZE 5.0000000000e-01
NODATA_VALUE -9.9990000000e+03
[rows 60 to 79 of 100, columns 0 to 45 of 100]
5.6245001221e+02 5.6254498291e+02 5.6263500977e+02 5.6271502686e+02 5.6282397461e+02 5.6294396973e+02 5.6304199219e+02 5.6311999512e+02 5.6321801758e+02 5.6332202148e+02 5.6342498779e+02 5.6351501465e+02 5.6360699463e+02 5.6371899414e+02 5.6381500244e+02 5.6387200928e+02 5.6393597412e+02 5.6402697754e+02 5.6409600830e+02 5.6417199707e+02 5.6424298096e+02 5.6430297852e+02 5.6437200928e+02 5.6440100098e+02 5.6442199707e+02 5.6447900391e+02 5.6454998779e+02 5.6459399414e+02 5.6462902832e+02 5.6465197754e+02 5.6467797852e+02 5.6473797607e+02 5.6479101563e+02 5.6484497070e+02 5.6490002441e+02 5.6495898438e+02 5.6501000977e+02 5.6504101563e+02 5.6511401367e+02 5.6518499756e+02 5.6525000000e+02 5.6531896973e+02 5.6537902832e+02 5.6544097900e+02 5.6549597168e+02 5.6555603027e+02
5.6227899170e+02 5.6237200928e+02 5.6246600342e+02 5.6255603027e+02 5.6265301514e+02 5.6276501465e+02 5.6286297607e+02 5.6295001221e+02 5.6304400635e+02 5.6314001465e+02 5.6324298096e+02 5.6334301758e+02 5.6342401123e+02 5.6352502441e+02 5.6363299561e+02 5.6371899414e+02 5.6378302002e+02 5.6386297607e+02 5.6393298340e+02 5.6401898193e+02 5.6410498047e+02 5.6417199707e+02 5.6421600342e+02 5.6425500488e+02 5.6430603027e+02 5.6437902832e+02 5.6443103027e+02 5.6447497559e+02 5.6451501465e+02 5.6455499268e+02 5.6459301758e+02 5.6464599609e+02 5.6470098877e+02 5.6476000977e+02 5.6481500244e+02 5.6488201904e+02 5.6492297363e+02 5.6495697021e+02 5.6502502441e+02 5.6508197021e+02 5.6515600586e+02 5.6523199463e+02 5.6529498291e+02 5.6536102295e+02 5.6542297363e+02 5.6550000000e+02
5.6212500000e+02 5.6221502686e+02 5.6230902100e+02 5.6241802979e+02 5.6250799561e+02 5.6260198975e+02 5.6268200684e+02 5.6277001953e+02 5.6286700439e+02 5.6296301270e+02 5.6305798340e+02 5.6316198730e+02 5.6324700928e+02 5.6335198975e+02 5.6346002197e+02 5.6354998779e+02 5.6361999512e+02 5.6370800781e+02 5.6378997803e+02 5.6387500000e+02 5.6393902588e+02 5.6400402832e+02 5.6407800293e+02 5.6412902832e+02 5.6419097900e+02 5.6426397705e+02 5.6430999756e+02 5.6436297607e+02 5.6441699219e+02 5.6447601318e+02 5.6452301025e+02 5.6457202148e+02 5.6462402344e+02 5.6468597412e+02 5.6473999023e+02 5.6480499268e+02 5.6484497070e+02 5.6488598633e+02 5.6494897461e+02 5.6501000977e+02 5.6509197998e+02 5.6516900635e+02 5.6522601318e+02 5.6529400635e+02 5.6535601807e+02 5.6543298340e+02
5.6198101807e+02 5.6206402588e+02 5.6214202881e+02 5.6223400879e+02 5.6232501221e+02 5.6241802979e+02 5.6249597168e+02 5.6259100342e+02 5.6269799805e+02 5.6279699707e+02 5.6289099121e+02 5.6299499512e+02 5.6307800293e+02 5.6317797852e+02 5.6326800537e+02 5.6337200928e+02 5.6345898438e+02 5.6355200195e+02 5.6364001465e+02 5.6372399902e+02 5.6378399658e+02 5.6385900879e+02 5.6395001221e+02 5.6401000977e+02 5.6406799316e+02 5.6413299561e+02 5.6419396973e+02 5.6425897217e+02 5.6432098389e+02 5.6439697266e+02 5.6444799805e+02 5.6449102783e+02 5.6455102539e+02 5.6461798096e+02 5.6466101074e+02 5.6471697998e+02 5.6477398682e+02 5.6483502197e+02 5.6489398193e+02 5.6496600342e+02 5.6504498291e+02 5.6511602783e+02 5.6515802002e+02 5.6522100830e+02 5.6529199219e+02 5.6537097168e+02
5.6178997803e+02 5.6187701416e+02 5.6195501709e+02 5.6203900146e+02 5.6214898682e+02 5.6224401855e+02 5.6231597900e+02 5.6242401123e+02 5.6252502441e+02 5.6262902832e+02 5.6273498535e+02 5.6282800293e+02 5.6290002441e+02 5.6299499512e+02 5.6308099365e+02 5.6319299316e+02 5.6329797363e+02 5.6339697266e+02 5.6348901367e+02 5.6357897949e+02 5.6364599609e+02 5.6372497559e+02 5.6380499268e+02 5.6389398193e+02 5.6395501709e+02 5.6401202393e+02 5.6408801270e+02 5.6416699219e+02 5.6422198486e+02 5.6428698730e+02 5.6435302734e+02 5.6440502930e+02 5.6447302246e+02 5.6454302979e+02 5.6458697510e+02 5.6464300537e+02 5.6470599365e+02 5.6477301025e+02 5.6484197998e+02 5.6492297363e+02 5.6500897217e+02 5.6507397461e+02 5.6511401367e+02 5.6516601563e+02 5.6524298096e+02 5.6532397461e+02
5.6161499023e+02 5.6170202637e+02 5.6178900146e+02 5.6187200928e+02 5.6197601318e+02 5.6208001709e+02 5.6216900635e+02 5.6226898193e+02 5.6234899902e+02 5.6244598389e+02 5.6254998779e+02 5.6264599609e+02 5.6273400879e+02 5.6283197021e+02 5.6291699219e+02 5.6302301025e+02 5.6314202881e+02 5.6323498535e+02 5.6331799316e+02 5.6342297363e+02 5.6349499512e+02 5.6358599854e+02 5.6367401123e+02 5.6376098633e+02 5.6383099365e+02 5.6390698242e+02 5.6398699951e+02 5.6406896973e+02 5.6413098145e+02 5.6420300293e+02 5.6427801514e+02 5.6433599854e+02 5.6441601563e+02 5.6448101807e+02 5.6452600098e+02 5.6459399414e+02 5.6465399170e+02 5.6471398926e+02 5.6478601074e+02 5.6486901855e+02 5.6495397949e+02 5.6502197266e+02 5.6507897949e+02 5.6513397217e+02 5.6519702148e+02 5.6527001953e+02
5.6145697021e+02 5.6154302979e+02 5.6162799072e+02 5.6170898438e+02 5.6180603027e+02 5.6190802002e+02 5.6201800537e+02 5.6210900879e+02 5.6219097900e+02 5.6229797363e+02 5.6238702393e+02 5.6248297119e+02 5.6258197021e+02 5.6268103027e+02 5.6277502441e+02 5.6287701416e+02 5.6298101807e+02 5.6306298828e+02 5.6315002441e+02 5.6325598145e+02 5.6334802246e+02 5.6346899414e+02 5.6356500244e+02 5.6364300537e+02 5.6372497559e+02 5.6380401611e+02 5.6387402344e+02 5.6395501709e+02 5.6403198242e+02 5.6411999512e+02 5.6420098877e+02 5.6426397705e+02 5.6435198975e+02 5.6442297363e+02 5.6447100830e+02 5.6453997803e+02 5.6460797119e+02 5.6466802979e+02 5.6473400879e+02 5.6481500244e+02 5.6489898682e+02 5.6497698975e+02 5.6504498291e+02 5.6510101318e+02 5.6515997314e+02 5.6523297119e+02
5.6127197266e+02 5.6135797119e+02 5.6144396973e+02 5.6152899170e+02 5.6163299561e+02 5.6173199463e+02 5.6184197998e+02 5.6193103027e+02 5.6202899170e+02 5.6214300537e+02 5.6222198486e+02 5.6231201172e+02 5.6241101074e+02 5.6251599121e+02 5.6261700439e+02 5.6271197510e+02 5.6280603027e+02 5.6290197754e+02 5.6300701904e+02 5.6311901855e+02 5.6321899414e+02 5.6333398438e+02 5.6342797852e+02 5.6352600098e+02 5.6362500000e+02 5.6369598389e+02 5.6376599121e+02 5.6384600830e+02 5.6392602539e+02 5.6402001953e+02 5.6410302734e+02 5.6417297363e+02 5.6426300049e+02 5.6434100342e+02 5.6440802002e+02 5.6447399902e+02 5.6453997803e+02 5.6460699463e+02 5.6468298340e+02 5.6477197266e+02 5.6485699463e+02 5.6494201660e+02 5.6501300049e+02 5.6506201172e+02 5.6512200928e+02 5.6520001221e+02
5.6108300781e+02 5.6115899658e+02 5.6123602295e+02 5.6133197021e+02 5.6145202637e+02 5.6154498291e+02 5.6162298584e+02 5.6172601318e+02 5.6183398438e+02 5.6194396973e+02 5.6203900146e+02 5.6212799072e+02 5.6222302246e+02 5.6232202148e+02 5.6242700195e+02 5.6254400635e+02 5.6264697266e+02 5.6275299072e+02 5.6285400391e+02 5.6297698975e+02 5.6308801270e+02 5.6318402100e+02 5.6327001953e+02 5.6337597656e+02 5.6348602295e+02 5.6358099365e+02 5.6367700195e+02 5.6376501465e+02 5.6383197021e+02 5.6391400146e+02 5.6399798584e+02 5.6408898926e+02 5.6417999268e+02 5.6425097656e+02 5.6433398438e+02 5.6441302490e+02 5.6448400879e+02 5.6453497314e+02 5.6461901855e+02 5.6471502686e+02 5.6479101563e+02 5.6487402344e+02 5.6494897461e+02 5.6500000000e+02 5.6506500244e+02 5.6514099121e+02
5.6093499756e+02 5.6100500488e+02 5.6108197021e+02 5.6117401123e+02 5.6128399658e+02 5.6136401367e+02 5.6143298340e+02 5.6153302002e+02 5.6162799072e+02 5.6172802734e+02 5.6183599854e+02 5.6194000244e+02 5.6204797363e+02 5.6214697266e+02 5.6224902344e+02 5.6237597656e+02 5.6248297119e+02 5.6258898926e+02 5.6269500732e+02 5.6281896973e+02 5.6292498779e+02 5.6303997803e+02 5.6314501953e+02 5.6324298096e+02 5.6335101318e+02 5.6346899414e+02 5.6357098389e+02 5.6366400146e+02 5.6373199463e+02 5.6380798340e+02 5.6389099121e+02 5.6397900391e+02 5.6408197021e+02 5.6417102051e+02 5.6424298096e+02 5.6432702637e+02 5.6440698242e+02 5.6447497559e+02 5.6455603027e+02 5.6464202881e+02 5.6471697998e+02 5.6481201172e+02 5.6489001465e+02 5.6493597412e+02 5.6499102783e+02 5.6506500244e+02
5.6078198242e+02 5.6084899902e+02 5.6093103027e+02 5.6101702881e+02 5.6111499023e+02 5.6119598389e+02 5.6127398682e+02 5.6137298584e+02 5.6147198486e+02 5.6156597900e+02 5.6165997314e+02 5.6176702881e+02 5.6187799072e+02 5.6198602295e+02 5.6208697510e+02 5.6220300293e+02 5.6231597900e+02 5.6243200684e+02 5.6254797363e+02 5.6267401123e+02 5.6277697754e+02 5.6290301514e+02 5.6302899170e+02 5.6313800049e+02 5.6324700928e+02 5.6336602783e+02 5.6345697021e+02 5.6354199219e+02 5.6361297607e+02 5.6369396973e+02 5.6378198242e+02 5.6386602783e+02 5.6397698975e+02 5.6408697510e+02 5.6415197754e+02 5.6423101807e+02 5.6432098389e+02 5.6439697266e+02 5.6447497559e+02 5.6455999756e+02 5.6463598633e+02 5.6472399902e+02 5.6480700684e+02 5.6486700439e+02 5.6491802979e+02 5.6499102783e+02
5.6064801025e+02 5.6071301270e+02 5.6078497314e+02 5.6086901855e+02 5.6096502686e+02 5.6104498291e+02 5.6113800049e+02 5.6122900391e+02 5.6133099365e+02 5.6142901611e+02 5.6151898193e+02 5.6161999512e+02 5.6171801758e+02 5.6182702637e+02 5.6194097900e+02 5.6205999756e+02 5.6217102051e+02 5.6228497314e+02 5.6240600586e+02 5.6253997803e+02 5.6264697266e+02 5.6277099609e+02 5.6289501953e+02 5.6302001953e+02 5.6313800049e+02 5.6325299072e+02 5.6333502197e+02 5.6341699219e+02 5.6349298096e+02 5.6358898926e+02 5.6369201660e+02 5.6376898193e+02 5.6386102295e+02 5.6396997070e+02 5.6405200195e+02 5.6413397217e+02 5.6422900391e+02 5.6430603027e+02 5.6437799072e+02 5.6446099854e+02 5.6454998779e+02 5.6463397217e+02 5.6473101807e+02 5.6480401611e+02 5.6486199951e+02 5.6493597412e+02
5.6055297852e+02 5.6059997559e+02 5.6063000488e+02 5.6071502686e+02 5.6080999756e+02 5.6089202881e+02 5.6098901367e+02 5.6107501221e+02 5.6117199707e+02 5.6128900146e+02 5.6140100098e+02 5.6149298096e+02 5.6156896973e+02 5.6166998291e+02 5.6178698730e+02 5.6191101074e+02 5.6203302002e+02 5.6214300537e+02 5.6225598145e+02 5.6239599609e+02 5.6251599121e+02 5.6263800049e+02 5.6276898193e+02 5.6288299561e+02 5.6299200439e+02 5.6310400391e+02 5.6319000244e+02 5.6328802490e+02 5.6337200928e+02 5.6347198486e+02 5.6357702637e+02 5.6366699219e+02 5.6374700928e+02 5.6384100342e+02 5.6393597412e+02 5.6401397705e+02 5.6410797119e+02 5.6418701172e+02 5.6427899170e+02 5.6438098145e+02 5.6448602295e+02 5.6458502197e+02 5.6468597412e+02 5.6475299072e+02 5.6480902100e+02 5.6488702393e+02
5.6040997314e+02 5.6046002197e+02 5.6050897217e+02 5.6058398438e+02 5.6066497803e+02 5.6074401855e+02 5.6084698486e+02 5.6094201660e+02 5.6103601074e+02 5.6114697266e+02 5.6126098633e+02 5.6135900879e+02 5.6144000244e+02 5.6154699707e+02 5.6165802002e+02 5.6178198242e+02 5.6191400146e+02 5.6201898193e+02 5.6213500977e+02 5.6227398682e+02 5.6238702393e+02 5.6250701904e+02 5.6262402344e+02 5.6272900391e+02 5.6283801270e+02 5.6295202637e+02 5.6305603027e+02 5.6315997314e+02 5.6325000000e+02 5.6334899902e+02 5.6344897461e+02 5.6354602051e+02 5.6363397217e+02 5.6373400879e+02 5.6382598877e+02 5.6390600586e+02 5.6401300049e+02 5.6410699463e+02 5.6421502686e+02 5.6433898926e+02 5.6443701172e+02 5.6452001953e+02 5.6461999512e+02 5.6469500732e+02 5.6474700928e+02 5.6483001709e+02
5.6027899170e+02 5.6033801270e+02 5.6040698242e+02 5.6047198486e+02 5.6053802490e+02 5.6062500000e+02 5.6071600342e+02 5.6080798340e+02 5.6090502930e+02 5.6101702881e+02 5.6111901855e+02 5.6122302246e+02 5.6131701660e+02 5.6142901611e+02 5.6154199219e+02 5.6166998291e+02 5.6179498291e+02 5.6190197754e+02 5.6202301025e+02 5.6215600586e+02 5.6227899170e+02 5.6241198730e+02 5.6251000977e+02 5.6260302734e+02 5.6271697998e+02 5.6282897949e+02 5.6292999268e+02 5.6302899170e+02 5.6312799072e+02 5.6324200439e+02 5.6334698486e+02 5.6344598389e+02 5.6355102539e+02 5.6365899658e+02 5.6374700928e+02 5.6384100342e+02 5.6395300293e+02 5.6405700684e+02 5.6416802979e+02 5.6429199219e+02 5.6438800049e+02 5.6446997070e+02 5.6455700684e+02 5.6462402344e+02 5.6468200684e+02 5.6476501465e+02
5.6017498779e+02 5.6022198486e+02 5.6029199219e+02 5.6035601807e+02 5.6041900635e+02 5.6050598145e+02 5.6059301758e+02 5.6068200684e+02 5.6078100586e+02 5.6089001465e+02 5.6098199463e+02 5.6108502197e+02 5.6117999268e+02 5.6129602051e+02 5.6142297363e+02 5.6155700684e+02 5.6167199707e+02 5.6178100586e+02 5.6191101074e+02 5.6204101563e+02 5.6217199707e+02 5.6231097412e+02 5.6240899658e+02 5.6250299072e+02 5.6261401367e+02 5.6271502686e+02 5.6281298828e+02 5.6291198730e+02 5.6301898193e+02 5.6315997314e+02 5.6327801514e+02 5.6337701416e+02 5.6349200439e+02 5.6359698486e+02 5.6368200684e+02 5.6379498291e+02 5.6390100098e+02 5.6400598145e+02 5.6411901855e+02 5.6423498535e+02 5.6433398438e+02 5.6441802979e+02 5.6449700928e+02 5.6456500244e+02 5.6464501953e+02 5.6472198486e+02
5.6005999756e+02 5.6009197998e+02 5.6015802002e+02 5.6023999023e+02 5.6031500244e+02 5.6038299561e+02 5.6046600342e+02 5.6055603027e+02 5.6065502930e+02 5.6075598145e+02 5.6085101318e+02 5.6094799805e+02 5.6104901123e+02 5.6118200684e+02 5.6133197021e+02 5.6146197510e+02 5.6156201172e+02 5.6165502930e+02 5.6177899170e+02 5.6193798828e+02 5.6205902100e+02 5.6217700195e+02 5.6229101563e+02 5.6238897705e+02 5.6249401855e+02 5.6260101318e+02 5.6272802734e+02 5.6284399414e+02 5.6294598389e+02 5.6310198975e+02 5.6322497559e+02 5.6329699707e+02 5.6341400146e+02 5.6352001953e+02 5.6360601807e+02 5.6372802734e+02 5.6384802246e+02 5.6395501709e+02 5.6406298828e+02 5.6417901611e+02 5.6428900146e+02 5.6436297607e+02 5.6443597412e+02 5.6452398682e+02 5.6461199951e+02 5.6469396973e+02
5.5998999023e+02 5.6003302002e+02 5.6008398438e+02 5.6015197754e+02 5.6021099854e+02 5.6026898193e+02 5.6035699463e+02 5.6043902588e+02 5.6052801514e+02 5.6062597656e+02 5.6073101807e+02 5.6083197021e+02 5.6093402100e+02 5.6106402588e+02 5.6120001221e+02 5.6132397461e+02 5.6143499756e+02 5.6153698730e+02 5.6165399170e+02 5.6180798340e+02 5.6192999268e+02 5.6204901123e+02 5.6218103027e+02 5.6228497314e+02 5.6240301514e+02 5.6251898193e+02 5.6264398193e+02 5.6278002930e+02 5.6287298584e+02 5.6299700928e+02 5.6311297607e+02 5.6320697021e+02 5.6333398438e+02 5.6343597412e+02 5.6353997803e+02 5.6367199707e+02 5.6380200195e+02 5.6391101074e+02 5.6401098633e+02 5.6411700439e+02 5.6422900391e+02 5.6431097412e+02 5.6438897705e+02 5.6446899414e+02 5.6454797363e+02 5.6464001465e+02
5.5992401123e+02 5.5996301270e+02 5.6001000977e+02 5.6006597900e+02 5.6011700439e+02 5.6017797852e+02 5.6026202393e+02 5.6034802246e+02 5.6042700195e+02 5.6051300049e+02 5.6061102295e+02 5.6070898438e+02 5.6081097412e+02 5.6093798828e+02 5.6107598877e+02 5.6120098877e+02 5.6131402588e+02 5.6141998291e+02 5.6153698730e+02 5.6168402100e+02 5.6180102539e+02 5.6191802979e+02 5.6206097412e+02 5.6216998291e+02 5.6228900146e+02 5.6240997314e+02 5.6253399658e+02 5.6267401123e+02 5.6278198242e+02 5.6289599609e+02 5.6301599121e+02 5.6313000488e+02 5.6326000977e+02 5.6336700439e+02 5.6348101807e+02 5.6361199951e+02 5.6374499512e+02 5.6385699463e+02 5.6395898438e+02 5.6406701660e+02 5.6417602539e+02 5.6427001953e+02 5.6435101318e+02 5.6443298340e+02 5.6451800537e+02 5.6461297607e+02
5.5986102295e+02 5.5989300537e+02 5.5993200684e+02 5.5997698975e+02 5.6002801514e+02 5.6008697510e+02 5.6016101074e+02 5.6023797607e+02 5.6031201172e+02 5.6040698242e+02 5.6051501465e+02 5.6061602783e+02 5.6071002197e+02 5.6082800293e+02 5.6096600342e+02 5.6109600830e+02 5.6120898438e+02 5.6131201172e+02 5.6142797852e+02 5.6156097412e+02 5.6167401123e+02 5.6179797363e+02 5.6194702148e+02 5.6205401611e+02 5.6217199707e+02 5.6230401611e+02 5.6243798828e+02 5.6256799316e+02 5.6268298340e+02 5.6279302979e+02 5.6292297363e+02 5.6304302979e+02 5.6317401123e+02 5.6330401611e+02 5.6342901611e+02 5.6356201172e+02 5.6369299316e+02 5.6380499268e+02 5.6391302490e+02 5.6402398682e+02 5.6412799072e+02 5.6423101807e+02 5.6431896973e+02 5.6440899658e+02 5.6450402832e+02 5.6459899902e+02
