TESTSERVER/1/10.asc
NCOLS 100
NROWS 100
XLLCORNER 7.5497500000e+03
YLLCORNER 2.8945025000e+05
CELLSIZE 5.0000000000e-01
NODATA_VALUE -9.9990000000e+03
[rows 80 to 99 of 100, columns 46 to 91 of 100]
5.6467999268e+02 5.6475598145e+02 5.6484399414e+02 5.6493200684e+02 5.6502099609e+02 5.6510699463e+02 5.6519097900e+02 5.6527301025e+02 5.6534899902e+02 5.6542901611e+02 5.6549700928e+02 5.6560400391e+02 5.6569702148e+02 5.6579199219e+02 5.6586199951e+02 5.6593701172e+02 5.6601397705e+02 5.6609802246e+02 5.6616699219e+02 5.6624499512e+02 5.6635900879e+02 5.6645397949e+02 5.6653802490e+02 5.6665100098e+02 5.6674700928e+02 5.6683099365e+02 5.6693200684e+02 5.6702197266e+02 5.6714001465e+02 5.6725897217e+02 5.6736199951e+02 5.6748498535e+02 5.6762298584e+02 5.6774499512e+02 5.6786798096e+02 5.6798498535e+02 5.6809100342e+02 5.6818701172e+02 5.6828997803e+02 5.6838299561e+02 5.6847802734e+02 5.6855401611e+02 5.6863000488e+02 5.6871899414e+02 5.6881597900e+02 5.6891101074e+02
5.6458197021e+02 5.6474102783e+02 5.6497302246e+02 5.6505999756e+02 5.6513800049e+02 5.6519500732e+02 5.6525201416e+02 5.6529901123e+02 5.6541101074e+02 5.6545501709e+02 5.6549902344e+02 5.6558197021e+02 5.6569299316e+02 5.6579400635e+02 5.6589001465e+02 5.6596301270e+02 5.6603997803e+02 5.6611102295e+02 5.6617901611e+02 5.6626000977e+02 5.6636297607e+02 5.6645300293e+02 5.6654797363e+02 5.6666400146e+02 5.6675201416e+02 5.6684002686e+02 5.6694097900e+02 5.6703497314e+02 5.6714697266e+02 5.6724700928e+02 5.6735198975e+02 5.6748199463e+02 5.6761602783e+02 5.6773602295e+02 5.6785101318e+02 5.6795501709e+02 5.6804101563e+02 5.6813897705e+02 5.6824200439e+02 5.6832897949e+02 5.6841302490e+02 5.6850500488e+02 5.6860498047e+02 5.6868798828e+02 5.6877197266e+02 5.6885101318e+02
5.6473400879e+02 5.6515100098e+02 5.6556097412e+02 5.6567999268e+02 5.6571099854e+02 5.6575097656e+02 5.6573400879e+02 5.6574200439e+02 5.6579498291e+02 5.6578997803e+02 5.6577502441e+02 5.6582702637e+02 5.6590100098e+02 5.6594000244e+02 5.6596997070e+02 5.6600500488e+02 5.6607501221e+02 5.6613800049e+02 5.6619396973e+02 5.6627502441e+02 5.6637701416e+02 5.6647399902e+02 5.6657299805e+02 5.6668103027e+02 5.6677197266e+02 5.6685900879e+02 5.6695098877e+02 5.6704901123e+02 5.6715802002e+02 5.6725701904e+02 5.6736602783e+02 5.6750000000e+02 5.6762200928e+02 5.6772100830e+02 5.6782598877e+02 5.6792901611e+02 5.6800201416e+02 5.6809497070e+02 5.6820202637e+02 5.6828900146e+02 5.6838098145e+02 5.6848199463e+02 5.6858300781e+02 5.6865899658e+02 5.6873199463e+02 5.6880798340e+02
5.6536401367e+02 5.6577099609e+02 5.6601000977e+02 5.6604302979e+02 5.6605200195e+02 5.6607299805e+02 5.6605401611e+02 5.6606298828e+02 5.6608001709e+02 5.6608697510e+02 5.6607598877e+02 5.6611199951e+02 5.6613800049e+02 5.6613201904e+02 5.6609802246e+02 5.6607897949e+02 5.6611199951e+02 5.6616400146e+02 5.6621600342e+02 5.6629699707e+02 5.6639898682e+02 5.6649700928e+02 5.6659301758e+02 5.6669702148e+02 5.6679797363e+02 5.6688800049e+02 5.6697497559e+02 5.6707000732e+02 5.6717401123e+02 5.6727600098e+02 5.6738098145e+02 5.6751000977e+02 5.6762500000e+02 5.6770599365e+02 5.6779901123e+02 5.6790802002e+02 5.6798199463e+02 5.6806597900e+02 5.6818298340e+02 5.6827398682e+02 5.6835900879e+02 5.6843798828e+02 5.6851898193e+02 5.6859600830e+02 5.6867498779e+02 5.6875598145e+02
5.6595397949e+02 5.6595800781e+02 5.6596197510e+02 5.6597198486e+02 5.6600097656e+02 5.6601501465e+02 5.6603399658e+02 5.6604998779e+02 5.6606500244e+02 5.6609399414e+02 5.6612200928e+02 5.6614801025e+02 5.6615502930e+02 5.6617102051e+02 5.6616900635e+02 5.6615301514e+02 5.6615698242e+02 5.6619201660e+02 5.6625500488e+02 5.6633099365e+02 5.6642602539e+02 5.6652001953e+02 5.6660699463e+02 5.6671197510e+02 5.6681799316e+02 5.6691302490e+02 5.6700000000e+02 5.6707800293e+02 5.6717297363e+02 5.6727099609e+02 5.6736199951e+02 5.6747302246e+02 5.6759899902e+02 5.6769201660e+02 5.6778698730e+02 5.6789099121e+02 5.6797399902e+02 5.6805499268e+02 5.6816302490e+02 5.6823602295e+02 5.6830401611e+02 5.6838098145e+02 5.6845202637e+02 5.6853698730e+02 5.6861602783e+02 5.6869396973e+02
5.6591900635e+02 5.6592797852e+02 5.6595898438e+02 5.6598297119e+02 5.6600097656e+02 5.6601300049e+02 5.6601702881e+02 5.6603997803e+02 5.6607000732e+02 5.6609497070e+02 5.6612799072e+02 5.6614697266e+02 5.6616198730e+02 5.6618200684e+02 5.6620898438e+02 5.6622399902e+02 5.6623199463e+02 5.6625097656e+02 5.6628802490e+02 5.6635302734e+02 5.6644897461e+02 5.6653997803e+02 5.6661602783e+02 5.6671600342e+02 5.6682098389e+02 5.6691802979e+02 5.6701300049e+02 5.6708898926e+02 5.6717498779e+02 5.6725799561e+02 5.6734399414e+02 5.6744396973e+02 5.6755499268e+02 5.6766400146e+02 5.6777899170e+02 5.6788000488e+02 5.6795599365e+02 5.6802801514e+02 5.6811102295e+02 5.6817700195e+02 5.6825097656e+02 5.6833398438e+02 5.6840301514e+02 5.6848797607e+02 5.6856597900e+02 5.6865002441e+02
5.6587402344e+02 5.6590899658e+02 5.6593902588e+02 5.6596600342e+02 5.6599102783e+02 5.6601202393e+02 5.6602301025e+02 5.6604498291e+02 5.6607397461e+02 5.6608599854e+02 5.6611901855e+02 5.6615502930e+02 5.6617999268e+02 5.6619799805e+02 5.6622601318e+02 5.6624597168e+02 5.6626202393e+02 5.6629602051e+02 5.6633099365e+02 5.6638397217e+02 5.6646398926e+02 5.6654699707e+02 5.6662597656e+02 5.6672698975e+02 5.6681701660e+02 5.6690698242e+02 5.6699902344e+02 5.6707501221e+02 5.6716101074e+02 5.6723999023e+02 5.6732501221e+02 5.6741998291e+02 5.6752697754e+02 5.6764202881e+02 5.6775000000e+02 5.6783801270e+02 5.6790899658e+02 5.6797802734e+02 5.6804998779e+02 5.6811798096e+02 5.6819598389e+02 5.6828601074e+02 5.6835797119e+02 5.6843798828e+02 5.6851898193e+02 5.6859802246e+02
5.6586700439e+02 5.6589300537e+02 5.6590899658e+02 5.6593402100e+02 5.6597497559e+02 5.6599798584e+02 5.6601702881e+02 5.6603698730e+02 5.6607299805e+02 5.6608502197e+02 5.6611199951e+02 5.6615698242e+02 5.6617797852e+02 5.6619000244e+02 5.6621301270e+02 5.6623400879e+02 5.6626397705e+02 5.6631799316e+02 5.6636798096e+02 5.6641699219e+02 5.6646600342e+02 5.6652801514e+02 5.6660601807e+02 5.6669897461e+02 5.6678100586e+02 5.6686901855e+02 5.6695898438e+02 5.6703802490e+02 5.6713098145e+02 5.6722302246e+02 5.6730999756e+02 5.6739697266e+02 5.6750097656e+02 5.6760498047e+02 5.6769702148e+02 5.6777502441e+02 5.6784197998e+02 5.6791998291e+02 5.6800097656e+02 5.6807299805e+02 5.6814001465e+02 5.6822900391e+02 5.6830902100e+02 5.6839099121e+02 5.6848400879e+02 5.6857598877e+02
5.6583898926e+02 5.6587402344e+02 5.6590100098e+02 5.6593902588e+02 5.6596697998e+02 5.6597802734e+02 5.6600402832e+02 5.6603002930e+02 5.6605700684e+02 5.6607598877e+02 5.6609301758e+02 5.6613098145e+02 5.6615802002e+02 5.6617999268e+02 5.6619500732e+02 5.6622497559e+02 5.6626397705e+02 5.6630902100e+02 5.6636199951e+02 5.6641198730e+02 5.6646301270e+02 5.6651098633e+02 5.6656896973e+02 5.6664398193e+02 5.6673999023e+02 5.6683398438e+02 5.6692498779e+02 5.6702600098e+02 5.6712402344e+02 5.6720300293e+02 5.6728198242e+02 5.6736499023e+02 5.6746002197e+02 5.6755102539e+02 5.6763598633e+02 5.6771197510e+02 5.6778399658e+02 5.6787402344e+02 5.6796502686e+02 5.6802697754e+02 5.6808801270e+02 5.6818597412e+02 5.6829699707e+02 5.6839202881e+02 5.6849597168e+02 5.6860900879e+02
5.6583099365e+02 5.6586401367e+02 5.6588500977e+02 5.6591699219e+02 5.6594897461e+02 5.6597198486e+02 5.6599902344e+02 5.6602001953e+02 5.6604498291e+02 5.6606701660e+02 5.6609301758e+02 5.6611901855e+02 5.6614300537e+02 5.6617700195e+02 5.6620397949e+02 5.6623901367e+02 5.6626501465e+02 5.6630102539e+02 5.6635797119e+02 5.6640502930e+02 5.6646899414e+02 5.6651397705e+02 5.6655401611e+02 5.6661999512e+02 5.6671899414e+02 5.6681298828e+02 5.6690100098e+02 5.6698901367e+02 5.6708099365e+02 5.6716802979e+02 5.6725299072e+02 5.6733197021e+02 5.6741998291e+02 5.6750201416e+02 5.6758801270e+02 5.6766699219e+02 5.6772302246e+02 5.6779699707e+02 5.6790100098e+02 5.6799798584e+02 5.6813000488e+02 5.6825598145e+02 5.6837200928e+02 5.6849200439e+02 5.6860900879e+02 5.6867901611e+02
5.6580999756e+02 5.6584698486e+02 5.6587701416e+02 5.6590197754e+02 5.6593200684e+02 5.6595397949e+02 5.6597900391e+02 5.6601000977e+02 5.6603198242e+02 5.6604901123e+02 5.6608502197e+02 5.6610302734e+02 5.6612799072e+02 5.6616400146e+02 5.6619702148e+02 5.6622399902e+02 5.6624700928e+02 5.6628601074e+02 5.6634002686e+02 5.6638702393e+02 5.6645898438e+02 5.6651000977e+02 5.6655401611e+02 5.6662500000e+02 5.6671398926e+02 5.6679901123e+02 5.6687701416e+02 5.6695599365e+02 5.6704302979e+02 5.6714099121e+02 5.6722698975e+02 5.6729901123e+02 5.6737701416e+02 5.6746099854e+02 5.6755102539e+02 5.6762500000e+02 5.6767700195e+02 5.6779302979e+02 5.6796197510e+02 5.6812097168e+02 5.6830102539e+02 5.6841900635e+02 5.6850701904e+02 5.6866302490e+02 5.6877502441e+02 5.6878100586e+02
5.6578002930e+02 5.6582000732e+02 5.6585699463e+02 5.6587799072e+02 5.6591101074e+02 5.6593200684e+02 5.6595501709e+02 5.6598699951e+02 5.6601702881e+02 5.6603698730e+02 5.6606402588e+02 5.6608001709e+02 5.6611297607e+02 5.6614898682e+02 5.6617700195e+02 5.6619897461e+02 5.6623297119e+02 5.6628302002e+02 5.6634002686e+02 5.6637799072e+02 5.6643499756e+02 5.6649298096e+02 5.6654498291e+02 5.6661297607e+02 5.6668298340e+02 5.6676202393e+02 5.6683599854e+02 5.6691101074e+02 5.6700201416e+02 5.6709802246e+02 5.6718402100e+02 5.6725201416e+02 5.6732800293e+02 5.6742297363e+02 5.6752197266e+02 5.6759600830e+02 5.6768798828e+02 5.6790997314e+02 5.6815301514e+02 5.6830902100e+02 5.6844598389e+02 5.6853900146e+02 5.6865197754e+02 5.6883801270e+02 5.6890002441e+02 5.6891101074e+02
5.6576800537e+02 5.6580102539e+02 5.6582501221e+02 5.6584899902e+02 5.6588299561e+02 5.6590899658e+02 5.6592498779e+02 5.6594702148e+02 5.6597302246e+02 5.6600000000e+02 5.6602398682e+02 5.6604699707e+02 5.6608398438e+02 5.6612097168e+02 5.6613800049e+02 5.6616198730e+02 5.6620599365e+02 5.6625701904e+02 5.6632397461e+02 5.6636401367e+02 5.6640399170e+02 5.6644598389e+02 5.6649700928e+02 5.6656201172e+02 5.6663397217e+02 5.6671301270e+02 5.6677001953e+02 5.6684698486e+02 5.6696002197e+02 5.6704302979e+02 5.6712597656e+02 5.6722198486e+02 5.6730798340e+02 5.6740399170e+02 5.6751898193e+02 5.6760400391e+02 5.6777099609e+02 5.6807702637e+02 5.6834600830e+02 5.6840997314e+02 5.6843902588e+02 5.6853802490e+02 5.6870300293e+02 5.6873101807e+02 5.6865502930e+02 5.6883300781e+02
5.6575598145e+02 5.6577697754e+02 5.6580102539e+02 5.6582897949e+02 5.6585400391e+02 5.6587597656e+02 5.6589398193e+02 5.6591101074e+02 5.6594000244e+02 5.6596899414e+02 5.6600097656e+02 5.6602301025e+02 5.6605401611e+02 5.6608599854e+02 5.6610797119e+02 5.6614099121e+02 5.6617999268e+02 5.6621801758e+02 5.6627502441e+02 5.6631597900e+02 5.6635601807e+02 5.6639001465e+02 5.6643798828e+02 5.6649700928e+02 5.6656799316e+02 5.6665399170e+02 5.6672399902e+02 5.6678997803e+02 5.6688897705e+02 5.6697998047e+02 5.6708099365e+02 5.6718402100e+02 5.6728302002e+02 5.6738299561e+02 5.6748901367e+02 5.6757397461e+02 5.6782501221e+02 5.6823101807e+02 5.6848498535e+02 5.6850402832e+02 5.6849102783e+02 5.6851202393e+02 5.6840502930e+02 5.6812701416e+02 5.6796899414e+02 5.6825402832e+02
5.6571301270e+02 5.6573498535e+02 5.6576397705e+02 5.6579699707e+02 5.6582202148e+02 5.6584002686e+02 5.6586102295e+02 5.6587902832e+02 5.6590899658e+02 5.6594000244e+02 5.6596600342e+02 5.6598797607e+02 5.6602001953e+02 5.6605603027e+02 5.6607800293e+02 5.6609899902e+02 5.6612597656e+02 5.6616302490e+02 5.6622198486e+02 5.6625598145e+02 5.6628601074e+02 5.6632202148e+02 5.6637799072e+02 5.6643499756e+02 5.6650097656e+02 5.6657897949e+02 5.6665802002e+02 5.6674298096e+02 5.6684997559e+02 5.6696099854e+02 5.6707299805e+02 5.6716302490e+02 5.6725402832e+02 5.6734899902e+02 5.6743701172e+02 5.6752502441e+02 5.6782202148e+02 5.6826702881e+02 5.6851202393e+02 5.6849902344e+02 5.6841198730e+02 5.6828198242e+02 5.6800402832e+02 5.6770501709e+02 5.6759497070e+02 5.6773797607e+02
5.6567999268e+02 5.6570202637e+02 5.6572802734e+02 5.6576599121e+02 5.6578997803e+02 5.6579901123e+02 5.6582098389e+02 5.6583898926e+02 5.6586199951e+02 5.6588598633e+02 5.6591400146e+02 5.6595397949e+02 5.6598602295e+02 5.6601300049e+02 5.6603198242e+02 5.6605102539e+02 5.6606597900e+02 5.6609399414e+02 5.6615301514e+02 5.6618701172e+02 5.6622497559e+02 5.6626599121e+02 5.6631402588e+02 5.6637799072e+02 5.6645697021e+02 5.6654101563e+02 5.6663299561e+02 5.6673999023e+02 5.6685601807e+02 5.6696502686e+02 5.6705902100e+02 5.6713299561e+02 5.6721697998e+02 5.6730798340e+02 5.6739202881e+02 5.6748498535e+02 5.6774200439e+02 5.6812799072e+02 5.6833398438e+02 5.6825000000e+02 5.6806402588e+02 5.6786901855e+02 5.6769799805e+02 5.6760101318e+02 5.6760198975e+02 5.6759600830e+02
5.6565802002e+02 5.6567700195e+02 5.6569500732e+02 5.6573602295e+02 5.6576397705e+02 5.6576702881e+02 5.6578399658e+02 5.6580499268e+02 5.6582397461e+02 5.6584399414e+02 5.6587597656e+02 5.6592102051e+02 5.6594799805e+02 5.6596398926e+02 5.6597900391e+02 5.6600299072e+02 5.6601702881e+02 5.6603997803e+02 5.6607800293e+02 5.6611999512e+02 5.6616998291e+02 5.6621002197e+02 5.6625799561e+02 5.6634802246e+02 5.6644299316e+02 5.6653900146e+02 5.6664398193e+02 5.6676000977e+02 5.6687597656e+02 5.6697198486e+02 5.6704302979e+02 5.6710797119e+02 5.6718597412e+02 5.6725897217e+02 5.6733099365e+02 5.6742498779e+02 5.6755603027e+02 5.6780102539e+02 5.6798101807e+02 5.6789898682e+02 5.6770599365e+02 5.6761999512e+02 5.6763000488e+02 5.6762097168e+02 5.6763397217e+02 5.6765802002e+02
5.6562902832e+02 5.6564202881e+02 5.6566400146e+02 5.6570697021e+02 5.6572497559e+02 5.6573199463e+02 5.6574902344e+02 5.6577502441e+02 5.6578900146e+02 5.6580102539e+02 5.6582702637e+02 5.6586199951e+02 5.6590502930e+02 5.6593103027e+02 5.6593200684e+02 5.6594396973e+02 5.6595397949e+02 5.6597399902e+02 5.6601397705e+02 5.6606402588e+02 5.6611199951e+02 5.6614300537e+02 5.6619799805e+02 5.6631500244e+02 5.6644299316e+02 5.6655102539e+02 5.6664898682e+02 5.6678302002e+02 5.6690399170e+02 5.6699499512e+02 5.6705798340e+02 5.6710998535e+02 5.6717297363e+02 5.6723400879e+02 5.6730700684e+02 5.6737500000e+02 5.6740698242e+02 5.6750097656e+02 5.6763598633e+02 5.6764398193e+02 5.6759301758e+02 5.6758697510e+02 5.6761102295e+02 5.6760699463e+02 5.6760601807e+02 5.6761901855e+02
5.6559698486e+02 5.6560400391e+02 5.6562097168e+02 5.6566400146e+02 5.6568597412e+02 5.6569702148e+02 5.6571398926e+02 5.6573999023e+02 5.6574499512e+02 5.6575598145e+02 5.6578302002e+02 5.6581402588e+02 5.6585601807e+02 5.6587902832e+02 5.6587402344e+02 5.6587500000e+02 5.6588201904e+02 5.6590197754e+02 5.6595098877e+02 5.6600500488e+02 5.6602899170e+02 5.6605499268e+02 5.6614501953e+02 5.6629901123e+02 5.6647601318e+02 5.6661499023e+02 5.6672399902e+02 5.6684899902e+02 5.6695697021e+02 5.6704101563e+02 5.6709399414e+02 5.6712902832e+02 5.6717797852e+02 5.6724200439e+02 5.6730499268e+02 5.6733599854e+02 5.6734301758e+02 5.6738897705e+02 5.6746997070e+02 5.6752600098e+02 5.6754602051e+02 5.6755999756e+02 5.6757000732e+02 5.6757000732e+02 5.6758502197e+02 5.6759301758e+02
5.6556402588e+02 5.6557800293e+02 5.6559497070e+02 5.6563201904e+02 5.6564801025e+02 5.6565899658e+02 5.6567700195e+02 5.6570300293e+02 5.6570599365e+02 5.6572497559e+02 5.6574902344e+02 5.6577197266e+02 5.6580499268e+02 5.6582202148e+02 5.6581799316e+02 5.6580499268e+02 5.6581597900e+02 5.6583801270e+02 5.6587701416e+02 5.6591302490e+02 5.6590802002e+02 5.6598901367e+02 5.6619000244e+02 5.6639599609e+02 5.6660302734e+02 5.6678399658e+02 5.6693701172e+02 5.6706597900e+02 5.6713500977e+02 5.6715502930e+02 5.6714801025e+02 5.6715600586e+02 5.6718499756e+02 5.6722698975e+02 5.6726898193e+02 5.6729101563e+02 5.6731201172e+02 5.6736602783e+02 5.6742797852e+02 5.6748999023e+02 5.6752398682e+02 5.6753399658e+02 5.6754400635e+02 5.6754901123e+02 5.6756097412e+02 5.6757202148e+02
