TESTSERVER/1/11.asc
NCOLS 100
NROWS 100
XLLCORNER 7.5497500000e+03
YLLCORNER 2.8940025000e+05
CELLSIZE 5.0000000000e-01
NODATA_VALUE -9.9990000000e+03
[rows 20 to 39 of 100, columns 0 to 45 of 100]
5.5599401855e+02 5.5631799316e+02 5.5696801758e+02 5.5772198486e+02 5.5822802734e+02 5.5823999023e+02 5.5823498535e+02 5.5824200439e+02 5.5828698730e+02 5.5827502441e+02 5.5827197266e+02 5.5827600098e+02 5.5827697754e+02 5.5827899170e+02 5.5828900146e+02 5.5831298828e+02 5.5834497070e+02 5.5843798828e+02 5.5855499268e+02 5.5869201660e+02 5.5884497070e+02 5.5902301025e+02 5.5919396973e+02 5.5937097168e+02 5.5955700684e+02 5.5973699951e+02 5.5991802979e+02 5.6009899902e+02 5.6028002930e+02 5.6045397949e+02 5.6062902832e+02 5.6080102539e+02 5.6096997070e+02 5.6112097168e+02 5.6127801514e+02 5.6143200684e+02 5.6158099365e+02 5.6173400879e+02 5.6188702393e+02 5.6203900146e+02 5.6219000244e+02 5.6233599854e+02 5.6247802734e+02 5.6261700439e+02 5.6275299072e+02 5.6288299561e+02
5.5585797119e+02 5.5597802734e+02 5.5635498047e+02 5.5709002686e+02 5.5787799072e+02 5.5823797607e+02 5.5827398682e+02 5.5820898438e+02 5.5824200439e+02 5.5824597168e+02 5.5824102783e+02 5.5825897217e+02 5.5828002930e+02 5.5828198242e+02 5.5828997803e+02 5.5830102539e+02 5.5830499268e+02 5.5834197998e+02 5.5841601563e+02 5.5852600098e+02 5.5869598389e+02 5.5888201904e+02 5.5905200195e+02 5.5922998047e+02 5.5941900635e+02 5.5960302734e+02 5.5978399658e+02 5.5996502686e+02 5.6014697266e+02 5.6032598877e+02 5.6050097656e+02 5.6067401123e+02 5.6084197998e+02 5.6100097656e+02 5.6115802002e+02 5.6131298828e+02 5.6146197510e+02 5.6161401367e+02 5.6176702881e+02 5.6191998291e+02 5.6207501221e+02 5.6222399902e+02 5.6236700439e+02 5.6250598145e+02 5.6264099121e+02 5.6277197266e+02
5.5573602295e+02 5.5584399414e+02 5.5601702881e+02 5.5644000244e+02 5.5712597656e+02 5.5790100098e+02 5.5825402832e+02 5.5824499512e+02 5.5821697998e+02 5.5823901367e+02 5.5823901367e+02 5.5826000977e+02 5.5827801514e+02 5.5828302002e+02 5.5828497314e+02 5.5828497314e+02 5.5828601074e+02 5.5830102539e+02 5.5834399414e+02 5.5841998291e+02 5.5856201172e+02 5.5874700928e+02 5.5891601563e+02 5.5909197998e+02 5.5928002930e+02 5.5946502686e+02 5.5964697266e+02 5.5982800293e+02 5.6001300049e+02 5.6019299316e+02 5.6036798096e+02 5.6054101563e+02 5.6071099854e+02 5.6087402344e+02 5.6103497314e+02 5.6119201660e+02 5.6134301758e+02 5.6149401855e+02 5.6165002441e+02 5.6180499268e+02 5.6196099854e+02 5.6211102295e+02 5.6225500488e+02 5.6239501953e+02 5.6253100586e+02 5.6266198730e+02
5.5561901855e+02 5.5577197266e+02 5.5589898682e+02 5.5606298828e+02 5.5635601807e+02 5.5715301514e+02 5.5793902588e+02 5.5823999023e+02 5.5822100830e+02 5.5823101807e+02 5.5823699951e+02 5.5825500488e+02 5.5826599121e+02 5.5827697754e+02 5.5827801514e+02 5.5827398682e+02 5.5828302002e+02 5.5828900146e+02 5.5830499268e+02 5.5834802246e+02 5.5844396973e+02 5.5861602783e+02 5.5878100586e+02 5.5895599365e+02 5.5914099121e+02 5.5932702637e+02 5.5950897217e+02 5.5969097900e+02 5.5987597656e+02 5.6005700684e+02 5.6023199463e+02 5.6040502930e+02 5.6057501221e+02 5.6074298096e+02 5.6090802002e+02 5.6106799316e+02 5.6122198486e+02 5.6137597656e+02 5.6153399658e+02 5.6169201660e+02 5.6184802246e+02 5.6199902344e+02 5.6214501953e+02 5.6228601074e+02 5.6242102051e+02 5.6255297852e+02
5.5551397705e+02 5.5565002441e+02 5.5578198242e+02 5.5590502930e+02 5.5604199219e+02 5.5646301270e+02 5.5734600830e+02 5.5802899170e+02 5.5824401855e+02 5.5822198486e+02 5.5821600342e+02 5.5823199463e+02 5.5825598145e+02 5.5826702881e+02 5.5827301025e+02 5.5827301025e+02 5.5828302002e+02 5.5829302979e+02 5.5829699707e+02 5.5831097412e+02 5.5834002686e+02 5.5846899414e+02 5.5862200928e+02 5.5879998779e+02 5.5898999023e+02 5.5917999268e+02 5.5936499023e+02 5.5955102539e+02 5.5973400879e+02 5.5991198730e+02 5.6008801270e+02 5.6026202393e+02 5.6043402100e+02 5.6060400391e+02 5.6077197266e+02 5.6093798828e+02 5.6110302734e+02 5.6126202393e+02 5.6142199707e+02 5.6158001709e+02 5.6173498535e+02 5.6188702393e+02 5.6203302002e+02 5.6217498779e+02 5.6231097412e+02 5.6244299316e+02
5.5536102295e+02 5.5551599121e+02 5.5565399170e+02 5.5578698730e+02 5.5590600586e+02 5.5608502197e+02 5.5662597656e+02 5.5739001465e+02 5.5803997803e+02 5.5822601318e+02 5.5822100830e+02 5.5819897461e+02 5.5822802734e+02 5.5825500488e+02 5.5826800537e+02 5.5827099609e+02 5.5827697754e+02 5.5828497314e+02 5.5829400635e+02 5.5830603027e+02 5.5830999756e+02 5.5836901855e+02 5.5847998047e+02 5.5863598633e+02 5.5883801270e+02 5.5902801514e+02 5.5921197510e+02 5.5940100098e+02 5.5958898926e+02 5.5976300049e+02 5.5993798828e+02 5.6011297607e+02 5.6028900146e+02 5.6046002197e+02 5.6063201904e+02 5.6080603027e+02 5.6097900391e+02 5.6114697266e+02 5.6131298828e+02 5.6147302246e+02 5.6162799072e+02 5.6177502441e+02 5.6192199707e+02 5.6206500244e+02 5.6220501709e+02 5.6233502197e+02
5.5519201660e+02 5.5535699463e+02 5.5551898193e+02 5.5567102051e+02 5.5580999756e+02 5.5592102051e+02 5.5615802002e+02 5.5671197510e+02 5.5753198242e+02 5.5803198242e+02 5.5822497559e+02 5.5820501709e+02 5.5820397949e+02 5.5823498535e+02 5.5825402832e+02 5.5826501465e+02 5.5827001953e+02 5.5827398682e+02 5.5828100586e+02 5.5829400635e+02 5.5829699707e+02 5.5832501221e+02 5.5839898682e+02 5.5851702881e+02 5.5869396973e+02 5.5888702393e+02 5.5906896973e+02 5.5925402832e+02 5.5944500732e+02 5.5962097168e+02 5.5979498291e+02 5.5996899414e+02 5.6014398193e+02 5.6032000732e+02 5.6049700928e+02 5.6067602539e+02 5.6085601807e+02 5.6103198242e+02 5.6120300293e+02 5.6136901855e+02 5.6152398682e+02 5.6166900635e+02 5.6181701660e+02 5.6196099854e+02 5.6210198975e+02 5.6223297119e+02
5.5504901123e+02 5.5521301270e+02 5.5537799072e+02 5.5554199219e+02 5.5569299316e+02 5.5584399414e+02 5.5594299316e+02 5.5622100830e+02 5.5686199951e+02 5.5758502197e+02 5.5810302734e+02 5.5821801758e+02 5.5819201660e+02 5.5820898438e+02 5.5822998047e+02 5.5824902344e+02 5.5826000977e+02 5.5826300049e+02 5.5827099609e+02 5.5828399658e+02 5.5829400635e+02 5.5830499268e+02 5.5834600830e+02 5.5842297363e+02 5.5856201172e+02 5.5875402832e+02 5.5893103027e+02 5.5911297607e+02 5.5930401611e+02 5.5948101807e+02 5.5965301514e+02 5.5982598877e+02 5.6000000000e+02 5.6017999268e+02 5.6036199951e+02 5.6054699707e+02 5.6073498535e+02 5.6091998291e+02 5.6109600830e+02 5.6126702881e+02 5.6142297363e+02 5.6156597900e+02 5.6171398926e+02 5.6185998535e+02 5.6200201416e+02 5.6213500977e+02
5.5494299316e+02 5.5510601807e+02 5.5526000977e+02 5.5541497803e+02 5.5556799316e+02 5.5572198486e+02 5.5583197021e+02 5.5595202637e+02 5.5621301270e+02 5.5685198975e+02 5.5764501953e+02 5.5811297607e+02 5.5821502686e+02 5.5818701172e+02 5.5819299316e+02 5.5822399902e+02 5.5824700928e+02 5.5825402832e+02 5.5826501465e+02 5.5827197266e+02 5.5827801514e+02 5.5829998779e+02 5.5831701660e+02 5.5834100342e+02 5.5838598633e+02 5.5860998535e+02 5.5877899170e+02 5.5896301270e+02 5.5915698242e+02 5.5934002686e+02 5.5951397705e+02 5.5969000244e+02 5.5986700439e+02 5.6003802490e+02 5.6022802734e+02 5.6042297363e+02 5.6063000488e+02 5.6081201172e+02 5.6099401855e+02 5.6116900635e+02 5.6132800293e+02 5.6146600342e+02 5.6160900879e+02 5.6174700928e+02 5.6186901855e+02 5.6202899170e+02
5.5483300781e+02 5.5499798584e+02 5.5515002441e+02 5.5530999756e+02 5.5544299316e+02 5.5557202148e+02 5.5570001221e+02 5.5582501221e+02 5.5595300293e+02 5.5624499512e+02 5.5690399170e+02 5.5764801025e+02 5.5819299316e+02 5.5822399902e+02 5.5817901611e+02 5.5818298340e+02 5.5822497559e+02 5.5825201416e+02 5.5826702881e+02 5.5826702881e+02 5.5827001953e+02 5.5829400635e+02 5.5831896973e+02 5.5833197021e+02 5.5835198975e+02 5.5848602295e+02 5.5863000488e+02 5.5879901123e+02 5.5901300049e+02 5.5920202637e+02 5.5937402344e+02 5.5955200195e+02 5.5972802734e+02 5.5990997314e+02 5.6010699463e+02 5.6030999756e+02 5.6051501465e+02 5.6070697021e+02 5.6089300537e+02 5.6107098389e+02 5.6122497559e+02 5.6135900879e+02 5.6150097656e+02 5.6163598633e+02 5.6177301025e+02 5.6191998291e+02
5.5470098877e+02 5.5486700439e+02 5.5502099609e+02 5.5518499756e+02 5.5531701660e+02 5.5545001221e+02 5.5557702637e+02 5.5569299316e+02 5.5582897949e+02 5.5597100830e+02 5.5627899170e+02 5.5692602539e+02 5.5786798096e+02 5.5819396973e+02 5.5820501709e+02 5.5816699219e+02 5.5820501709e+02 5.5824200439e+02 5.5826098633e+02 5.5826599121e+02 5.5827001953e+02 5.5828601074e+02 5.5830798340e+02 5.5832397461e+02 5.5832800293e+02 5.5840899658e+02 5.5852301025e+02 5.5866802979e+02 5.5887097168e+02 5.5906201172e+02 5.5922802734e+02 5.5940100098e+02 5.5958398438e+02 5.5978100586e+02 5.5998297119e+02 5.6019000244e+02 5.6039898682e+02 5.6059899902e+02 5.6079101563e+02 5.6097399902e+02 5.6112902832e+02 5.6126501465e+02 5.6141198730e+02 5.6155102539e+02 5.6168597412e+02 5.6182598877e+02
5.5454797363e+02 5.5472698975e+02 5.5487298584e+02 5.5502502441e+02 5.5516497803e+02 5.5529998779e+02 5.5543902588e+02 5.5556500244e+02 5.5571197510e+02 5.5586999512e+02 5.5598901367e+02 5.5633697510e+02 5.5718597412e+02 5.5793499756e+02 5.5818902588e+02 5.5818298340e+02 5.5818597412e+02 5.5821600342e+02 5.5823901367e+02 5.5825701904e+02 5.5827099609e+02 5.5827899170e+02 5.5829302979e+02 5.5830798340e+02 5.5830700684e+02 5.5835101318e+02 5.5843499756e+02 5.5855297852e+02 5.5873400879e+02 5.5891601563e+02 5.5907501221e+02 5.5924102783e+02 5.5943200684e+02 5.5964801025e+02 5.5985400391e+02 5.6006402588e+02 5.6028002930e+02 5.6048901367e+02 5.6068701172e+02 5.6087597656e+02 5.6104101563e+02 5.6118597412e+02 5.6133801270e+02 5.6148199463e+02 5.6161102295e+02 5.6173901367e+02
5.5440802002e+02 5.5459197998e+02 5.5472399902e+02 5.5485400391e+02 5.5498498535e+02 5.5512298584e+02 5.5528601074e+02 5.5544000244e+02 5.5556701660e+02 5.5575000000e+02 5.5590899658e+02 5.5606402588e+02 5.5637298584e+02 5.5732299805e+02 5.5798400879e+02 5.5820098877e+02 5.5815802002e+02 5.5819598389e+02 5.5821600342e+02 5.5824597168e+02 5.5826898193e+02 5.5827801514e+02 5.5828302002e+02 5.5828802490e+02 5.5829998779e+02 5.5830902100e+02 5.5834997559e+02 5.5842797852e+02 5.5854602051e+02 5.5872900391e+02 5.5888201904e+02 5.5905902100e+02 5.5930700684e+02 5.5951397705e+02 5.5972601318e+02 5.5993701172e+02 5.6019396973e+02 5.6039398193e+02 5.6057501221e+02 5.6075201416e+02 5.6090301514e+02 5.6111499023e+02 5.6127197266e+02 5.6140997314e+02 5.6152001953e+02 5.6166802979e+02
5.5426599121e+02 5.5443298340e+02 5.5457202148e+02 5.5470697021e+02 5.5484100342e+02 5.5497698975e+02 5.5515100098e+02 5.5532202148e+02 5.5546502686e+02 5.5562500000e+02 5.5578497314e+02 5.5594799805e+02 5.5608801270e+02 5.5648297119e+02 5.5725500488e+02 5.5795501709e+02 5.5819396973e+02 5.5820300293e+02 5.5818298340e+02 5.5820501709e+02 5.5824597168e+02 5.5826898193e+02 5.5827600098e+02 5.5828002930e+02 5.5828601074e+02 5.5829602051e+02 5.5831097412e+02 5.5834997559e+02 5.5843701172e+02 5.5854797363e+02 5.5868499756e+02 5.5887200928e+02 5.5914300537e+02 5.5937402344e+02 5.5959997559e+02 5.5982598877e+02 5.6007098389e+02 5.6028997803e+02 5.6047601318e+02 5.6066400146e+02 5.6086700439e+02 5.6105999756e+02 5.6121197510e+02 5.6133697510e+02 5.6146398926e+02 5.6160101318e+02
5.5411901855e+02 5.5428100586e+02 5.5440301514e+02 5.5453002930e+02 5.5468200684e+02 5.5483898926e+02 5.5501800537e+02 5.5520001221e+02 5.5536199951e+02 5.5552600098e+02 5.5568902588e+02 5.5583197021e+02 5.5598400879e+02 5.5609997559e+02 5.5660400391e+02 5.5739099121e+02 5.5801300049e+02 5.5819598389e+02 5.5819396973e+02 5.5817901611e+02 5.5821697998e+02 5.5824902344e+02 5.5826501465e+02 5.5827502441e+02 5.5827600098e+02 5.5828802490e+02 5.5830102539e+02 5.5832098389e+02 5.5836297607e+02 5.5843499756e+02 5.5853997803e+02 5.5870001221e+02 5.5895697021e+02 5.5919799805e+02 5.5943798828e+02 5.5968200684e+02 5.5992602539e+02 5.6015802002e+02 5.6038897705e+02 5.6062402344e+02 5.6086700439e+02 5.6104797363e+02 5.6119396973e+02 5.6131298828e+02 5.6142797852e+02 5.6153900146e+02
5.5395800781e+02 5.5411602783e+02 5.5423400879e+02 5.5437200928e+02 5.5452899170e+02 5.5469702148e+02 5.5487597656e+02 5.5505798340e+02 5.5524401855e+02 5.5543499756e+02 5.5561297607e+02 5.5574401855e+02 5.5590197754e+02 5.5600000000e+02 5.5618902588e+02 5.5669299316e+02 5.5746899414e+02 5.5801702881e+02 5.5818902588e+02 5.5818499756e+02 5.5819000244e+02 5.5822497559e+02 5.5824798584e+02 5.5826501465e+02 5.5826898193e+02 5.5828601074e+02 5.5829998779e+02 5.5831097412e+02 5.5832598877e+02 5.5836297607e+02 5.5842602539e+02 5.5854199219e+02 5.5875201416e+02 5.5898999023e+02 5.5924499512e+02 5.5951202393e+02 5.5975701904e+02 5.6001800537e+02 5.6030902100e+02 5.6060797119e+02 5.6090502930e+02 5.6107098389e+02 5.6121099854e+02 5.6132202148e+02 5.6141497803e+02 5.6149200439e+02
5.5379199219e+02 5.5394500732e+02 5.5408697510e+02 5.5424401855e+02 5.5438897705e+02 5.5456701660e+02 5.5475598145e+02 5.5492797852e+02 5.5513500977e+02 5.5534197998e+02 5.5553302002e+02 5.5565997314e+02 5.5577502441e+02 5.5593701172e+02 5.5606597900e+02 5.5627301025e+02 5.5673901367e+02 5.5752600098e+02 5.5804998779e+02 5.5817999268e+02 5.5815802002e+02 5.5820001221e+02 5.5822497559e+02 5.5824499512e+02 5.5826898193e+02 5.5828302002e+02 5.5829602051e+02 5.5830603027e+02 5.5831701660e+02 5.5832202148e+02 5.5835198975e+02 5.5841101074e+02 5.5845300293e+02 5.5870300293e+02 5.5902801514e+02 5.5943103027e+02 5.5977801514e+02 5.5986999512e+02 5.6027001953e+02 5.6067297363e+02 5.6109497070e+02 5.6125799561e+02 5.6136499023e+02 5.6140197754e+02 5.6140600586e+02 5.6147497559e+02
5.5364099121e+02 5.5378497314e+02 5.5393200684e+02 5.5409399414e+02 5.5425701904e+02 5.5443701172e+02 5.5463702393e+02 5.5481701660e+02 5.5501599121e+02 5.5523199463e+02 5.5544299316e+02 5.5557897949e+02 5.5569702148e+02 5.5583801270e+02 5.5599200439e+02 5.5609100342e+02 5.5622998047e+02 5.5682897949e+02 5.5763000488e+02 5.5803399658e+02 5.5810998535e+02 5.5816699219e+02 5.5820397949e+02 5.5822399902e+02 5.5824499512e+02 5.5827001953e+02 5.5828002930e+02 5.5828698730e+02 5.5830102539e+02 5.5830902100e+02 5.5834301758e+02 5.5838800049e+02 5.5837200928e+02 5.5833599854e+02 5.5849200439e+02 5.5884997559e+02 5.5926599121e+02 5.5961999512e+02 5.6021600342e+02 5.6085498047e+02 5.6126098633e+02 5.6144396973e+02 5.6156201172e+02 5.6155700684e+02 5.6151098633e+02 5.6155999756e+02
5.5348199463e+02 5.5363299561e+02 5.5377001953e+02 5.5392602539e+02 5.5411499023e+02 5.5430700684e+02 5.5449499512e+02 5.5469201660e+02 5.5490100098e+02 5.5510498047e+02 5.5532897949e+02 5.5548297119e+02 5.5561199951e+02 5.5571997070e+02 5.5585498047e+02 5.5592797852e+02 5.5602801514e+02 5.5657098389e+02 5.5739501953e+02 5.5787902832e+02 5.5802197266e+02 5.5810998535e+02 5.5817700195e+02 5.5821801758e+02 5.5823400879e+02 5.5825598145e+02 5.5827099609e+02 5.5828399658e+02 5.5829699707e+02 5.5829797363e+02 5.5831799316e+02 5.5834899902e+02 5.5836901855e+02 5.5831500244e+02 5.5831298828e+02 5.5846301270e+02 5.5879797363e+02 5.5922497559e+02 5.5991699219e+02 5.6073797607e+02 5.6128002930e+02 5.6144097900e+02 5.6160998535e+02 5.6165002441e+02 5.6160101318e+02 5.6160699463e+02
5.5332098389e+02 5.5346002197e+02 5.5359600830e+02 5.5377099609e+02 5.5396697998e+02 5.5415600586e+02 5.5434399414e+02 5.5455700684e+02 5.5476000977e+02 5.5496002197e+02 5.5519500732e+02 5.5535900879e+02 5.5548999023e+02 5.5557800293e+02 5.5570202637e+02 5.5580902100e+02 5.5606402588e+02 5.5671600342e+02 5.5743902588e+02 5.5780401611e+02 5.5792602539e+02 5.5805297852e+02 5.5813702393e+02 5.5820098877e+02 5.5822601318e+02 5.5823901367e+02 5.5826000977e+02 5.5828002930e+02 5.5829302979e+02 5.5828802490e+02 5.5829602051e+02 5.5831097412e+02 5.5835101318e+02 5.5836901855e+02 5.5833502197e+02 5.5834899902e+02 5.5844201660e+02 5.5872302246e+02 5.5940399170e+02 5.6032299805e+02 5.6109802246e+02 5.6137097168e+02 5.6160900879e+02 5.6171398926e+02 5.6166601563e+02 5.6161102295e+02
