TESTSERVER/1/11.asc
NCOLS 100
NROWS 100
XLLCORNER 7.5497500000e+03
YLLCORNER 2.8940025000e+05
CELLSIZE 5.0000000000e-01
NODATA_VALUE -9.9990000000e+03
[rows 40 to 59 of 100, columns 0 to 45 of 100]
5.5318499756e+02 5.5329699707e+02 5.5343402100e+02 5.5361102295e+02 5.5380297852e+02 5.5399200439e+02 5.5417999268e+02 5.5438397217e+02 5.5459600830e+02 5.5480999756e+02 5.5505499268e+02 5.5522601318e+02 5.5533697510e+02 5.5545501709e+02 5.5560198975e+02 5.5574401855e+02 5.5590997314e+02 5.5654498291e+02 5.5720397949e+02 5.5758398438e+02 5.5774902344e+02 5.5791699219e+02 5.5802600098e+02 5.5812200928e+02 5.5819000244e+02 5.5821801758e+02 5.5823797607e+02 5.5825500488e+02 5.5827001953e+02 5.5827697754e+02 5.5828100586e+02 5.5828900146e+02 5.5829998779e+02 5.5833099365e+02 5.5835699463e+02 5.5836499023e+02 5.5839599609e+02 5.5826098633e+02 5.5864398193e+02 5.5954797363e+02 5.6038299561e+02 5.6142498779e+02 5.6195898438e+02 5.6213500977e+02 5.6210498047e+02 5.6175402832e+02
5.5300701904e+02 5.5315698242e+02 5.5330902100e+02 5.5347302246e+02 5.5365301514e+02 5.5385601807e+02 5.5404101563e+02 5.5422399902e+02 5.5443402100e+02 5.5465502930e+02 5.5487200928e+02 5.5504101563e+02 5.5517999268e+02 5.5533001709e+02 5.5549902344e+02 5.5566198730e+02 5.5574200439e+02 5.5592700195e+02 5.5644799805e+02 5.5710900879e+02 5.5754998779e+02 5.5771997070e+02 5.5789001465e+02 5.5803302002e+02 5.5814599609e+02 5.5820397949e+02 5.5823400879e+02 5.5823999023e+02 5.5824298096e+02 5.5826000977e+02 5.5827600098e+02 5.5828497314e+02 5.5828601074e+02 5.5829901123e+02 5.5832501221e+02 5.5834600830e+02 5.5838201904e+02 5.5836602783e+02 5.5827801514e+02 5.5850799561e+02 5.5903302002e+02 5.6025402832e+02 5.6139501953e+02 5.6236798096e+02 5.6238800049e+02 5.6196697998e+02
5.5286199951e+02 5.5301300049e+02 5.5316101074e+02 5.5332501221e+02 5.5349499512e+02 5.5370898438e+02 5.5389001465e+02 5.5406298828e+02 5.5426300049e+02 5.5447900391e+02 5.5469897461e+02 5.5487902832e+02 5.5503497314e+02 5.5520697021e+02 5.5534600830e+02 5.5546801758e+02 5.5554302979e+02 5.5553802490e+02 5.5586401367e+02 5.5657800293e+02 5.5731201172e+02 5.5758697510e+02 5.5778601074e+02 5.5792297363e+02 5.5804302979e+02 5.5814398193e+02 5.5820697021e+02 5.5822802734e+02 5.5822802734e+02 5.5824401855e+02 5.5826300049e+02 5.5827197266e+02 5.5827197266e+02 5.5828100586e+02 5.5830401611e+02 5.5832501221e+02 5.5834301758e+02 5.5838800049e+02 5.5835198975e+02 5.5833801270e+02 5.5829400635e+02 5.5886401367e+02 5.5987097168e+02 5.6117401123e+02 5.6186401367e+02 5.6167901611e+02
5.5273297119e+02 5.5287701416e+02 5.5302502441e+02 5.5318499756e+02 5.5332098389e+02 5.5351800537e+02 5.5370599365e+02 5.5389001465e+02 5.5408697510e+02 5.5430297852e+02 5.5453900146e+02 5.5473699951e+02 5.5488897705e+02 5.5504400635e+02 5.5514801025e+02 5.5523699951e+02 5.5534301758e+02 5.5538800049e+02 5.5551599121e+02 5.5598602295e+02 5.5675402832e+02 5.5726702881e+02 5.5757202148e+02 5.5773101807e+02 5.5787097168e+02 5.5803002930e+02 5.5814300537e+02 5.5819799805e+02 5.5821301270e+02 5.5821697998e+02 5.5822900391e+02 5.5823999023e+02 5.5825500488e+02 5.5827301025e+02 5.5829498291e+02 5.5831298828e+02 5.5832098389e+02 5.5833801270e+02 5.5836499023e+02 5.5839398193e+02 5.5825701904e+02 5.5821197510e+02 5.5863500977e+02 5.5955499268e+02 5.6063098145e+02 5.6105999756e+02
5.5259997559e+02 5.5273602295e+02 5.5289398193e+02 5.5304998779e+02 5.5317401123e+02 5.5334698486e+02 5.5353497314e+02 5.5372399902e+02 5.5391400146e+02 5.5415002441e+02 5.5439202881e+02 5.5460198975e+02 5.5474298096e+02 5.5483197021e+02 5.5492102051e+02 5.5502001953e+02 5.5513500977e+02 5.5527600098e+02 5.5533197021e+02 5.5549102783e+02 5.5585302734e+02 5.5671099854e+02 5.5725402832e+02 5.5751098633e+02 5.5767297363e+02 5.5790301514e+02 5.5804400635e+02 5.5812097168e+02 5.5818103027e+02 5.5818798828e+02 5.5818597412e+02 5.5820001221e+02 5.5823199463e+02 5.5825897217e+02 5.5828399658e+02 5.5829998779e+02 5.5831701660e+02 5.5831896973e+02 5.5832598877e+02 5.5835498047e+02 5.5836102295e+02 5.5839202881e+02 5.5829998779e+02 5.5838800049e+02 5.5878100586e+02 5.6014501953e+02
5.5246301270e+02 5.5260998535e+02 5.5276202393e+02 5.5291400146e+02 5.5303601074e+02 5.5319000244e+02 5.5336401367e+02 5.5355297852e+02 5.5374700928e+02 5.5400201416e+02 5.5426000977e+02 5.5442999268e+02 5.5452600098e+02 5.5461199951e+02 5.5470898438e+02 5.5482598877e+02 5.5495599365e+02 5.5509399414e+02 5.5518402100e+02 5.5532598877e+02 5.5551098633e+02 5.5601702881e+02 5.5667901611e+02 5.5721697998e+02 5.5752099609e+02 5.5773199463e+02 5.5787298584e+02 5.5799102783e+02 5.5811401367e+02 5.5816497803e+02 5.5818701172e+02 5.5820001221e+02 5.5821502686e+02 5.5823699951e+02 5.5826300049e+02 5.5828900146e+02 5.5831500244e+02 5.5832299805e+02 5.5832702637e+02 5.5833398438e+02 5.5833398438e+02 5.5835101318e+02 5.5837402344e+02 5.5840502930e+02 5.5835101318e+02 5.5879602051e+02
5.5232299805e+02 5.5249200439e+02 5.5263800049e+02 5.5278198242e+02 5.5290698242e+02 5.5305798340e+02 5.5321099854e+02 5.5337701416e+02 5.5355999756e+02 5.5382501221e+02 5.5407299805e+02 5.5420202637e+02 5.5426702881e+02 5.5437799072e+02 5.5452301025e+02 5.5467199707e+02 5.5480798340e+02 5.5493499756e+02 5.5502600098e+02 5.5514898682e+02 5.5525897217e+02 5.5544396973e+02 5.5592297363e+02 5.5660699463e+02 5.5722998047e+02 5.5753399658e+02 5.5771600342e+02 5.5785797119e+02 5.5801800537e+02 5.5810998535e+02 5.5817700195e+02 5.5821502686e+02 5.5821997070e+02 5.5823199463e+02 5.5825201416e+02 5.5828198242e+02 5.5831201172e+02 5.5831500244e+02 5.5830902100e+02 5.5831701660e+02 5.5832098389e+02 5.5833398438e+02 5.5834899902e+02 5.5837200928e+02 5.5832501221e+02 5.5826599121e+02
5.5220001221e+02 5.5238098145e+02 5.5252697754e+02 5.5266601563e+02 5.5280297852e+02 5.5295202637e+02 5.5309100342e+02 5.5323999023e+02 5.5340399170e+02 5.5361901855e+02 5.5381597900e+02 5.5392797852e+02 5.5402099609e+02 5.5417199707e+02 5.5436700439e+02 5.5454302979e+02 5.5467199707e+02 5.5477899170e+02 5.5486199951e+02 5.5496502686e+02 5.5507098389e+02 5.5515698242e+02 5.5536199951e+02 5.5586901855e+02 5.5663397217e+02 5.5720501709e+02 5.5751501465e+02 5.5767901611e+02 5.5784197998e+02 5.5798400879e+02 5.5810601807e+02 5.5818298340e+02 5.5821002197e+02 5.5822698975e+02 5.5824499512e+02 5.5827001953e+02 5.5829199219e+02 5.5828997803e+02 5.5828601074e+02 5.5829998779e+02 5.5830902100e+02 5.5832501221e+02 5.5833099365e+02 5.5834002686e+02 5.5840600586e+02 5.5830401611e+02
5.5204602051e+02 5.5224798584e+02 5.5241400146e+02 5.5257000732e+02 5.5272100830e+02 5.5285699463e+02 5.5301202393e+02 5.5318298340e+02 5.5334802246e+02 5.5343402100e+02 5.5353002930e+02 5.5363897705e+02 5.5376501465e+02 5.5397100830e+02 5.5420001221e+02 5.5439099121e+02 5.5449597168e+02 5.5458001709e+02 5.5465502930e+02 5.5476501465e+02 5.5487701416e+02 5.5500299072e+02 5.5513098145e+02 5.5534002686e+02 5.5570397949e+02 5.5661700439e+02 5.5719598389e+02 5.5743200684e+02 5.5750000000e+02 5.5783697510e+02 5.5799298096e+02 5.5808001709e+02 5.5817401123e+02 5.5821801758e+02 5.5823101807e+02 5.5824200439e+02 5.5826702881e+02 5.5826800537e+02 5.5827600098e+02 5.5829602051e+02 5.5830499268e+02 5.5830999756e+02 5.5831402588e+02 5.5832299805e+02 5.5834399414e+02 5.5838702393e+02
5.5194201660e+02 5.5213598633e+02 5.5229901123e+02 5.5245397949e+02 5.5262298584e+02 5.5276202393e+02 5.5292602539e+02 5.5311602783e+02 5.5329101563e+02 5.5332299805e+02 5.5331500244e+02 5.5339001465e+02 5.5354797363e+02 5.5376000977e+02 5.5400299072e+02 5.5419097900e+02 5.5429602051e+02 5.5438299561e+02 5.5444897461e+02 5.5454199219e+02 5.5465600586e+02 5.5478698730e+02 5.5493597412e+02 5.5512097168e+02 5.5532702637e+02 5.5586901855e+02 5.5660900879e+02 5.5719000244e+02 5.5741497803e+02 5.5766198730e+02 5.5783801270e+02 5.5793701172e+02 5.5807299805e+02 5.5816699219e+02 5.5821301270e+02 5.5823999023e+02 5.5825000000e+02 5.5825201416e+02 5.5826397705e+02 5.5828198242e+02 5.5828802490e+02 5.5830200195e+02 5.5830603027e+02 5.5831201172e+02 5.5833001709e+02 5.5833001709e+02
5.5183099365e+02 5.5202197266e+02 5.5219500732e+02 5.5235198975e+02 5.5252899170e+02 5.5267797852e+02 5.5282800293e+02 5.5298101807e+02 5.5312701416e+02 5.5315600586e+02 5.5313201904e+02 5.5318798828e+02 5.5334899902e+02 5.5356701660e+02 5.5381201172e+02 5.5399401855e+02 5.5410498047e+02 5.5419897461e+02 5.5425500488e+02 5.5432897949e+02 5.5442199707e+02 5.5455798340e+02 5.5471600342e+02 5.5489599609e+02 5.5506097412e+02 5.5528002930e+02 5.5583398438e+02 5.5660302734e+02 5.5711901855e+02 5.5743798828e+02 5.5769201660e+02 5.5782098389e+02 5.5795898438e+02 5.5805200195e+02 5.5813000488e+02 5.5820599365e+02 5.5822998047e+02 5.5823602295e+02 5.5825000000e+02 5.5826098633e+02 5.5826397705e+02 5.5828100586e+02 5.5829498291e+02 5.5830200195e+02 5.5831298828e+02 5.5831298828e+02
5.5168200684e+02 5.5188702393e+02 5.5208502197e+02 5.5224902344e+02 5.5241998291e+02 5.5258898926e+02 5.5271197510e+02 5.5280603027e+02 5.5290600586e+02 5.5297998047e+02 5.5302600098e+02 5.5308898926e+02 5.5321002197e+02 5.5341101074e+02 5.5364099121e+02 5.5381402588e+02 5.5391998291e+02 5.5401098633e+02 5.5407501221e+02 5.5414300537e+02 5.5421502686e+02 5.5433801270e+02 5.5449298096e+02 5.5468103027e+02 5.5487298584e+02 5.5497900391e+02 5.5525097656e+02 5.5582702637e+02 5.5642297363e+02 5.5701898193e+02 5.5746899414e+02 5.5767999268e+02 5.5780999756e+02 5.5790899658e+02 5.5800701904e+02 5.5811499023e+02 5.5817999268e+02 5.5823199463e+02 5.5825299072e+02 5.5824798584e+02 5.5825201416e+02 5.5826702881e+02 5.5827801514e+02 5.5828802490e+02 5.5829901123e+02 5.5829400635e+02
5.5153002930e+02 5.5175201416e+02 5.5196600342e+02 5.5213702393e+02 5.5229400635e+02 5.5244598389e+02 5.5252899170e+02 5.5258898926e+02 5.5268701172e+02 5.5282098389e+02 5.5296301270e+02 5.5305700684e+02 5.5312097168e+02 5.5328002930e+02 5.5347198486e+02 5.5363598633e+02 5.5373999023e+02 5.5382800293e+02 5.5390301514e+02 5.5396801758e+02 5.5402197266e+02 5.5413098145e+02 5.5427899170e+02 5.5447698975e+02 5.5465301514e+02 5.5482501221e+02 5.5500897217e+02 5.5524597168e+02 5.5551800537e+02 5.5630102539e+02 5.5701702881e+02 5.5740899658e+02 5.5753002930e+02 5.5772399902e+02 5.5788500977e+02 5.5801000977e+02 5.5808801270e+02 5.5817102051e+02 5.5823101807e+02 5.5823699951e+02 5.5824298096e+02 5.5825799561e+02 5.5826000977e+02 5.5826397705e+02 5.5828198242e+02 5.5828198242e+02
5.5141302490e+02 5.5162097168e+02 5.5182202148e+02 5.5199902344e+02 5.5214001465e+02 5.5225701904e+02 5.5228198242e+02 5.5229498291e+02 5.5238897705e+02 5.5257800293e+02 5.5280603027e+02 5.5298101807e+02 5.5307000732e+02 5.5317102051e+02 5.5332299805e+02 5.5348101807e+02 5.5358099365e+02 5.5365997314e+02 5.5372497559e+02 5.5378399658e+02 5.5384698486e+02 5.5393902588e+02 5.5407800293e+02 5.5427502441e+02 5.5449298096e+02 5.5468298340e+02 5.5486297607e+02 5.5502697754e+02 5.5516302490e+02 5.5556597900e+02 5.5626702881e+02 5.5696099854e+02 5.5735900879e+02 5.5752001953e+02 5.5768402100e+02 5.5782397461e+02 5.5794396973e+02 5.5805999756e+02 5.5816900635e+02 5.5823101807e+02 5.5824298096e+02 5.5824700928e+02 5.5823999023e+02 5.5823498535e+02 5.5825097656e+02 5.5825201416e+02
5.5128497314e+02 5.5145800781e+02 5.5164599609e+02 5.5183197021e+02 5.5199298096e+02 5.5209497070e+02 5.5208001709e+02 5.5204199219e+02 5.5208502197e+02 5.5228802490e+02 5.5257598877e+02 5.5284100342e+02 5.5299499512e+02 5.5307098389e+02 5.5321002197e+02 5.5336401367e+02 5.5344799805e+02 5.5350500488e+02 5.5354998779e+02 5.5359802246e+02 5.5366601563e+02 5.5375897217e+02 5.5389398193e+02 5.5409698486e+02 5.5433898926e+02 5.5453802490e+02 5.5469702148e+02 5.5482702637e+02 5.5495697021e+02 5.5512902832e+02 5.5555200195e+02 5.5621502686e+02 5.5688500977e+02 5.5724597168e+02 5.5746398926e+02 5.5761199951e+02 5.5776800537e+02 5.5792199707e+02 5.5804797363e+02 5.5815100098e+02 5.5820501709e+02 5.5823498535e+02 5.5823901367e+02 5.5822497559e+02 5.5823101807e+02 5.5823400879e+02
5.5113702393e+02 5.5127301025e+02 5.5144598389e+02 5.5164099121e+02 5.5183300781e+02 5.5193902588e+02 5.5191101074e+02 5.5185498047e+02 5.5184997559e+02 5.5200201416e+02 5.5228497314e+02 5.5259600830e+02 5.5283502197e+02 5.5292999268e+02 5.5307897949e+02 5.5323699951e+02 5.5330902100e+02 5.5334698486e+02 5.5337402344e+02 5.5341699219e+02 5.5348999023e+02 5.5357897949e+02 5.5370898438e+02 5.5390197754e+02 5.5412402344e+02 5.5431201172e+02 5.5449102783e+02 5.5463897705e+02 5.5479797363e+02 5.5493298340e+02 5.5509899902e+02 5.5546997070e+02 5.5604199219e+02 5.5666802979e+02 5.5715399170e+02 5.5743402100e+02 5.5756799316e+02 5.5771600342e+02 5.5785302734e+02 5.5799200439e+02 5.5809600830e+02 5.5817199707e+02 5.5823199463e+02 5.5823901367e+02 5.5821899414e+02 5.5821197510e+02
5.5097900391e+02 5.5110302734e+02 5.5126800537e+02 5.5146002197e+02 5.5166400146e+02 5.5171398926e+02 5.5168402100e+02 5.5167102051e+02 5.5173101807e+02 5.5180603027e+02 5.5200402832e+02 5.5228601074e+02 5.5255902100e+02 5.5273797607e+02 5.5291302490e+02 5.5306896973e+02 5.5314599609e+02 5.5316900635e+02 5.5319598389e+02 5.5324401855e+02 5.5331500244e+02 5.5340600586e+02 5.5353601074e+02 5.5370300293e+02 5.5385498047e+02 5.5407501221e+02 5.5427600098e+02 5.5444897461e+02 5.5460198975e+02 5.5476599121e+02 5.5490197754e+02 5.5505603027e+02 5.5527099609e+02 5.5577197266e+02 5.5650402832e+02 5.5708697510e+02 5.5738897705e+02 5.5745501709e+02 5.5759497070e+02 5.5775897217e+02 5.5794201660e+02 5.5804797363e+02 5.5814898682e+02 5.5821099854e+02 5.5821697998e+02 5.5820800781e+02
5.5080798340e+02 5.5094299316e+02 5.5111199951e+02 5.5128997803e+02 5.5143298340e+02 5.5141998291e+02 5.5134399414e+02 5.5133398438e+02 5.5144799805e+02 5.5162597656e+02 5.5184497070e+02 5.5208697510e+02 5.5233801270e+02 5.5256298828e+02 5.5273797607e+02 5.5288000488e+02 5.5294396973e+02 5.5296600342e+02 5.5301202393e+02 5.5307800293e+02 5.5314398193e+02 5.5323400879e+02 5.5335699463e+02 5.5351397705e+02 5.5365502930e+02 5.5383697510e+02 5.5403100586e+02 5.5420599365e+02 5.5435998535e+02 5.5451599121e+02 5.5466601563e+02 5.5483099365e+02 5.5499902344e+02 5.5518701172e+02 5.5564801025e+02 5.5627697754e+02 5.5684002686e+02 5.5720898438e+02 5.5743499756e+02 5.5755902100e+02 5.5772802734e+02 5.5788000488e+02 5.5798901367e+02 5.5808197021e+02 5.5814599609e+02 5.5818402100e+02
5.5062799072e+02 5.5076300049e+02 5.5093402100e+02 5.5110900879e+02 5.5123699951e+02 5.5122302246e+02 5.5114501953e+02 5.5112500000e+02 5.5121697998e+02 5.5145202637e+02 5.5174700928e+02 5.5198999023e+02 5.5217102051e+02 5.5236199951e+02 5.5251800537e+02 5.5265100098e+02 5.5272302246e+02 5.5276300049e+02 5.5282397461e+02 5.5290197754e+02 5.5297497559e+02 5.5307000732e+02 5.5318597412e+02 5.5333502197e+02 5.5347698975e+02 5.5362298584e+02 5.5379302979e+02 5.5394702148e+02 5.5407897949e+02 5.5425097656e+02 5.5441699219e+02 5.5458801270e+02 5.5479699707e+02 5.5491497803e+02 5.5511102295e+02 5.5549499512e+02 5.5600598145e+02 5.5661901855e+02 5.5711602783e+02 5.5737402344e+02 5.5750500488e+02 5.5767498779e+02 5.5779498291e+02 5.5790502930e+02 5.5800897217e+02 5.5808697510e+02
5.5045697021e+02 5.5058801270e+02 5.5075897217e+02 5.5093499756e+02 5.5106701660e+02 5.5110900879e+02 5.5108300781e+02 5.5107501221e+02 5.5111901855e+02 5.5133697510e+02 5.5164801025e+02 5.5188201904e+02 5.5201202393e+02 5.5215100098e+02 5.5228802490e+02 5.5241802979e+02 5.5250799561e+02 5.5257598877e+02 5.5264398193e+02 5.5272497559e+02 5.5280798340e+02 5.5290502930e+02 5.5301898193e+02 5.5315997314e+02 5.5330700684e+02 5.5344097900e+02 5.5358697510e+02 5.5371398926e+02 5.5381896973e+02 5.5398999023e+02 5.5416802979e+02 5.5434600830e+02 5.5455798340e+02 5.5471197510e+02 5.5484497070e+02 5.5503802490e+02 5.5529998779e+02 5.5581500244e+02 5.5643103027e+02 5.5689801025e+02 5.5715399170e+02 5.5739898682e+02 5.5755999756e+02 5.5768499756e+02 5.5782397461e+02 5.5793902588e+02
