TESTSERVER/1/11.asc
NCOLS 100
NROWS 100
XLLCORNER 7.5497500000e+03
YLLCORNER 2.8940025000e+05
CELLSIZE 5.0000000000e-01
NODATA_VALUE -9.9990000000e+03
[rows 80 to 99 of 100, columns 0 to 45 of 100]
5.4698199463e+02 5.4705499268e+02 5.4715100098e+02 5.4726702881e+02 5.4740197754e+02 5.4751300049e+02 5.4764099121e+02 5.4777001953e+02 5.4786602783e+02 5.4796899414e+02 5.4809197998e+02 5.4821502686e+02 5.4830700684e+02 5.4843798828e+02 5.4857098389e+02 5.4870800781e+02 5.4882800293e+02 5.4892102051e+02 5.4900598145e+02 5.4909698486e+02 5.4918499756e+02 5.4928198242e+02 5.4938800049e+02 5.4947998047e+02 5.4954602051e+02 5.4963800049e+02 5.4974798584e+02 5.4984100342e+02 5.4991400146e+02 5.5003802490e+02 5.5015502930e+02 5.5026800537e+02 5.5037500000e+02 5.5050500488e+02 5.5060498047e+02 5.5068499756e+02 5.5078601074e+02 5.5088897705e+02 5.5098999023e+02 5.5109399414e+02 5.5117999268e+02 5.5126599121e+02 5.5136401367e+02 5.5144201660e+02 5.5152001953e+02 5.5161499023e+02
5.4684100342e+02 5.4692498779e+02 5.4702502441e+02 5.4714300537e+02 5.4727600098e+02 5.4737597656e+02 5.4748101807e+02 5.4760101318e+02 5.4771697998e+02 5.4780603027e+02 5.4793298340e+02 5.4805700684e+02 5.4815002441e+02 5.4827600098e+02 5.4839300537e+02 5.4851202393e+02 5.4863397217e+02 5.4873498535e+02 5.4882202148e+02 5.4891802979e+02 5.4902600098e+02 5.4911602783e+02 5.4920599365e+02 5.4928900146e+02 5.4936602783e+02 5.4945300293e+02 5.4954998779e+02 5.4964001465e+02 5.4972802734e+02 5.4984399414e+02 5.4994598389e+02 5.5004302979e+02 5.5014697266e+02 5.5026397705e+02 5.5036401367e+02 5.5045800781e+02 5.5055499268e+02 5.5065002441e+02 5.5073999023e+02 5.5083599854e+02 5.5092602539e+02 5.5101202393e+02 5.5111798096e+02 5.5120898438e+02 5.5130297852e+02 5.5139001465e+02
5.4671099854e+02 5.4679699707e+02 5.4690100098e+02 5.4701599121e+02 5.4714599609e+02 5.4724102783e+02 5.4734698486e+02 5.4745898438e+02 5.4756500244e+02 5.4765399170e+02 5.4777899170e+02 5.4789599609e+02 5.4799200439e+02 5.4811102295e+02 5.4822399902e+02 5.4834100342e+02 5.4845800781e+02 5.4855999756e+02 5.4865197754e+02 5.4874597168e+02 5.4884899902e+02 5.4893798828e+02 5.4902502441e+02 5.4910400391e+02 5.4918499756e+02 5.4927301025e+02 5.4936798096e+02 5.4945800781e+02 5.4954602051e+02 5.4964898682e+02 5.4973901367e+02 5.4982897949e+02 5.4992797852e+02 5.5002099609e+02 5.5010900879e+02 5.5020501709e+02 5.5030603027e+02 5.5040301514e+02 5.5048999023e+02 5.5058001709e+02 5.5067401123e+02 5.5077197266e+02 5.5087799072e+02 5.5096600342e+02 5.5106597900e+02 5.5116302490e+02
5.4659600830e+02 5.4668798828e+02 5.4678802490e+02 5.4689398193e+02 5.4701202393e+02 5.4710498047e+02 5.4720898438e+02 5.4731201172e+02 5.4740301514e+02 5.4750598145e+02 5.4763098145e+02 5.4774200439e+02 5.4784802246e+02 5.4795800781e+02 5.4806500244e+02 5.4817901611e+02 5.4829602051e+02 5.4839599609e+02 5.4849597168e+02 5.4858398438e+02 5.4866497803e+02 5.4876098633e+02 5.4885601807e+02 5.4893200684e+02 5.4900097656e+02 5.4908099365e+02 5.4917797852e+02 5.4926800537e+02 5.4934301758e+02 5.4943499756e+02 5.4952398682e+02 5.4962500000e+02 5.4972399902e+02 5.4979797363e+02 5.4987597656e+02 5.4996600342e+02 5.5005798340e+02 5.5014898682e+02 5.5023999023e+02 5.5033801270e+02 5.5042498779e+02 5.5053497314e+02 5.5064202881e+02 5.5072100830e+02 5.5081201172e+02 5.5090899658e+02
5.4649597168e+02 5.4658599854e+02 5.4667297363e+02 5.4676202393e+02 5.4686401367e+02 5.4696502686e+02 5.4706896973e+02 5.4717199707e+02 5.4726501465e+02 5.4738397217e+02 5.4750799561e+02 5.4761499023e+02 5.4771002197e+02 5.4781201172e+02 5.4791302490e+02 5.4801800537e+02 5.4812701416e+02 5.4823199463e+02 5.4833300781e+02 5.4842102051e+02 5.4849798584e+02 5.4858300781e+02 5.4868103027e+02 5.4875799561e+02 5.4882598877e+02 5.4890100098e+02 5.4898797607e+02 5.4906500244e+02 5.4912097168e+02 5.4920300293e+02 5.4929602051e+02 5.4941497803e+02 5.4952197266e+02 5.4958197021e+02 5.4965997314e+02 5.4975097656e+02 5.4983502197e+02 5.4991601563e+02 5.5000299072e+02 5.5009802246e+02 5.5016900635e+02 5.5028399658e+02 5.5040002441e+02 5.5048498535e+02 5.5057598877e+02 5.5066101074e+02
5.4641400146e+02 5.4648797607e+02 5.4657000732e+02 5.4665399170e+02 5.4674401855e+02 5.4682702637e+02 5.4692498779e+02 5.4703802490e+02 5.4715002441e+02 5.4725299072e+02 5.4736199951e+02 5.4746899414e+02 5.4756402588e+02 5.4767297363e+02 5.4778601074e+02 5.4788800049e+02 5.4798999023e+02 5.4808197021e+02 5.4817498779e+02 5.4825701904e+02 5.4834197998e+02 5.4840899658e+02 5.4849401855e+02 5.4857702637e+02 5.4864099121e+02 5.4871697998e+02 5.4879400635e+02 5.4886401367e+02 5.4891900635e+02 5.4898602295e+02 5.4907202148e+02 5.4919396973e+02 5.4931500244e+02 5.4939398193e+02 5.4946697998e+02 5.4953601074e+02 5.4961999512e+02 5.4971697998e+02 5.4979602051e+02 5.4987902832e+02 5.4996099854e+02 5.5005200195e+02 5.5015100098e+02 5.5023297119e+02 5.5031701660e+02 5.5041101074e+02
5.4633197021e+02 5.4639697266e+02 5.4647802734e+02 5.4655200195e+02 5.4663201904e+02 5.4671197510e+02 5.4680700684e+02 5.4691302490e+02 5.4702398682e+02 5.4710601807e+02 5.4721301270e+02 5.4732897949e+02 5.4743298340e+02 5.4754400635e+02 5.4766400146e+02 5.4776501465e+02 5.4784802246e+02 5.4792999268e+02 5.4801702881e+02 5.4809802246e+02 5.4817700195e+02 5.4824401855e+02 5.4832702637e+02 5.4840698242e+02 5.4846301270e+02 5.4853100586e+02 5.4860198975e+02 5.4866802979e+02 5.4872998047e+02 5.4880700684e+02 5.4888800049e+02 5.4899102783e+02 5.4910601807e+02 5.4920098877e+02 5.4927301025e+02 5.4933300781e+02 5.4941601563e+02 5.4951702881e+02 5.4959802246e+02 5.4968103027e+02 5.4977001953e+02 5.4984997559e+02 5.4993402100e+02 5.5000500488e+02 5.5007501221e+02 5.5015197754e+02
5.4628497314e+02 5.4633599854e+02 5.4640100098e+02 5.4646398926e+02 5.4654602051e+02 5.4661999512e+02 5.4670300293e+02 5.4679400635e+02 5.4690502930e+02 5.4699597168e+02 5.4710198975e+02 5.4721002197e+02 5.4731500244e+02 5.4741601563e+02 5.4753601074e+02 5.4764300537e+02 5.4772302246e+02 5.4779602051e+02 5.4786602783e+02 5.4794000244e+02 5.4801202393e+02 5.4808398438e+02 5.4815899658e+02 5.4823199463e+02 5.4829199219e+02 5.4834997559e+02 5.4841400146e+02 5.4847802734e+02 5.4853997803e+02 5.4863000488e+02 5.4871099854e+02 5.4879302979e+02 5.4889202881e+02 5.4898699951e+02 5.4906799316e+02 5.4913897705e+02 5.4921899414e+02 5.4930902100e+02 5.4938500977e+02 5.4946697998e+02 5.4957000732e+02 5.4965502930e+02 5.4973101807e+02 5.4979901123e+02 5.4986401367e+02 5.4992297363e+02
5.4627099609e+02 5.4629901123e+02 5.4633099365e+02 5.4638098145e+02 5.4646002197e+02 5.4652398682e+02 5.4660400391e+02 5.4669500732e+02 5.4678698730e+02 5.4688897705e+02 5.4699700928e+02 5.4709802246e+02 5.4719702148e+02 5.4729901123e+02 5.4741198730e+02 5.4751702881e+02 5.4759399414e+02 5.4765997314e+02 5.4772497559e+02 5.4779400635e+02 5.4785302734e+02 5.4792199707e+02 5.4799102783e+02 5.4805102539e+02 5.4810198975e+02 5.4816497803e+02 5.4823699951e+02 5.4829602051e+02 5.4834002686e+02 5.4842999268e+02 5.4851202393e+02 5.4859600830e+02 5.4869396973e+02 5.4877600098e+02 5.4885797119e+02 5.4893402100e+02 5.4900799561e+02 5.4909802246e+02 5.4916900635e+02 5.4924902344e+02 5.4935400391e+02 5.4944396973e+02 5.4950799561e+02 5.4957000732e+02 5.4964398193e+02 5.4971502686e+02
5.4627301025e+02 5.4629699707e+02 5.4631896973e+02 5.4634600830e+02 5.4639398193e+02 5.4644097900e+02 5.4652099609e+02 5.4661297607e+02 5.4668701172e+02 5.4677001953e+02 5.4688800049e+02 5.4698999023e+02 5.4707702637e+02 5.4717797852e+02 5.4728302002e+02 5.4737597656e+02 5.4744598389e+02 5.4751599121e+02 5.4758599854e+02 5.4764599609e+02 5.4769500732e+02 5.4776000977e+02 5.4782702637e+02 5.4788800049e+02 5.4793902588e+02 5.4799200439e+02 5.4806500244e+02 5.4812500000e+02 5.4816998291e+02 5.4824902344e+02 5.4832299805e+02 5.4839697266e+02 5.4849102783e+02 5.4857598877e+02 5.4865802002e+02 5.4873699951e+02 5.4880700684e+02 5.4888897705e+02 5.4896600342e+02 5.4903997803e+02 5.4911798096e+02 5.4920202637e+02 5.4928497314e+02 5.4935198975e+02 5.4941802979e+02 5.4950000000e+02
5.4628497314e+02 5.4631500244e+02 5.4633502197e+02 5.4634698486e+02 5.4637402344e+02 5.4640399170e+02 5.4646002197e+02 5.4652899170e+02 5.4659997559e+02 5.4667797852e+02 5.4678698730e+02 5.4688598633e+02 5.4696801758e+02 5.4706799316e+02 5.4716101074e+02 5.4723797607e+02 5.4730499268e+02 5.4737597656e+02 5.4744097900e+02 5.4749700928e+02 5.4754699707e+02 5.4759997559e+02 5.4767199707e+02 5.4773602295e+02 5.4778302002e+02 5.4783502197e+02 5.4789801025e+02 5.4795098877e+02 5.4800000000e+02 5.4807800293e+02 5.4815100098e+02 5.4821801758e+02 5.4830200195e+02 5.4838000488e+02 5.4846002197e+02 5.4854302979e+02 5.4861401367e+02 5.4868701172e+02 5.4875897217e+02 5.4882800293e+02 5.4891302490e+02 5.4902502441e+02 5.4912701416e+02 5.4918597412e+02 5.4923400879e+02 5.4929699707e+02
5.4629302979e+02 5.4632897949e+02 5.4635198975e+02 5.4636199951e+02 5.4638299561e+02 5.4640197754e+02 5.4642999268e+02 5.4647198486e+02 5.4653302002e+02 5.4659600830e+02 5.4668200684e+02 5.4677301025e+02 5.4685797119e+02 5.4696099854e+02 5.4704699707e+02 5.4711297607e+02 5.4717700195e+02 5.4724200439e+02 5.4729901123e+02 5.4735400391e+02 5.4740899658e+02 5.4744299316e+02 5.4750299072e+02 5.4756896973e+02 5.4762298584e+02 5.4767700195e+02 5.4774298096e+02 5.4779498291e+02 5.4784197998e+02 5.4791302490e+02 5.4798297119e+02 5.4805102539e+02 5.4813299561e+02 5.4820300293e+02 5.4827502441e+02 5.4835498047e+02 5.4843499756e+02 5.4850299072e+02 5.4856896973e+02 5.4864697266e+02 5.4876800537e+02 5.4893103027e+02 5.4906201172e+02 5.4912597656e+02 5.4915600586e+02 5.4917999268e+02
5.4630902100e+02 5.4634497070e+02 5.4637597656e+02 5.4639099121e+02 5.4640399170e+02 5.4641302490e+02 5.4643200684e+02 5.4646002197e+02 5.4649298096e+02 5.4653497314e+02 5.4659802246e+02 5.4667199707e+02 5.4674200439e+02 5.4684399414e+02 5.4692199707e+02 5.4698901367e+02 5.4705700684e+02 5.4712500000e+02 5.4717602539e+02 5.4722198486e+02 5.4726397705e+02 5.4731201172e+02 5.4736199951e+02 5.4741998291e+02 5.4746997070e+02 5.4752801514e+02 5.4759301758e+02 5.4764898682e+02 5.4769799805e+02 5.4776599121e+02 5.4782897949e+02 5.4789599609e+02 5.4796899414e+02 5.4804400635e+02 5.4810302734e+02 5.4817297363e+02 5.4826702881e+02 5.4834497070e+02 5.4842199707e+02 5.4853302002e+02 5.4870098877e+02 5.4889801025e+02 5.4905200195e+02 5.4912799072e+02 5.4915698242e+02 5.4916601563e+02
5.4634002686e+02 5.4636401367e+02 5.4639099121e+02 5.4640997314e+02 5.4643200684e+02 5.4643597412e+02 5.4645098877e+02 5.4647497559e+02 5.4649200439e+02 5.4651300049e+02 5.4655603027e+02 5.4660601807e+02 5.4665600586e+02 5.4673797607e+02 5.4680499268e+02 5.4686798096e+02 5.4692999268e+02 5.4699700928e+02 5.4705102539e+02 5.4709399414e+02 5.4715197754e+02 5.4721502686e+02 5.4725799561e+02 5.4729998779e+02 5.4734301758e+02 5.4740002441e+02 5.4745898438e+02 5.4750799561e+02 5.4756097412e+02 5.4763000488e+02 5.4769396973e+02 5.4776000977e+02 5.4782202148e+02 5.4789300537e+02 5.4796301270e+02 5.4803302002e+02 5.4811499023e+02 5.4818701172e+02 5.4828002930e+02 5.4842797852e+02 5.4864501953e+02 5.4890600586e+02 5.4907397461e+02 5.4912500000e+02 5.4916101074e+02 5.4917901611e+02
5.4636700439e+02 5.4639001465e+02 5.4641198730e+02 5.4643298340e+02 5.4646002197e+02 5.4646600342e+02 5.4648199463e+02 5.4650299072e+02 5.4651202393e+02 5.4652697754e+02 5.4655401611e+02 5.4658398438e+02 5.4661401367e+02 5.4666699219e+02 5.4672198486e+02 5.4677697754e+02 5.4682202148e+02 5.4688000488e+02 5.4693701172e+02 5.4698199463e+02 5.4704602051e+02 5.4709997559e+02 5.4714300537e+02 5.4719799805e+02 5.4724798584e+02 5.4730401611e+02 5.4735699463e+02 5.4740301514e+02 5.4745202637e+02 5.4751397705e+02 5.4757897949e+02 5.4764202881e+02 5.4769396973e+02 5.4775299072e+02 5.4782598877e+02 5.4790002441e+02 5.4797900391e+02 5.4805102539e+02 5.4816198730e+02 5.4833502197e+02 5.4857897949e+02 5.4890899658e+02 5.4910198975e+02 5.4913098145e+02 5.4915399170e+02 5.4918798828e+02
5.4638702393e+02 5.4641601563e+02 5.4644000244e+02 5.4646197510e+02 5.4648602295e+02 5.4649597168e+02 5.4651702881e+02 5.4653399658e+02 5.4653698730e+02 5.4654901123e+02 5.4657202148e+02 5.4659899902e+02 5.4662597656e+02 5.4664801025e+02 5.4667700195e+02 5.4671398926e+02 5.4674298096e+02 5.4679101563e+02 5.4684802246e+02 5.4689697266e+02 5.4695098877e+02 5.4698602295e+02 5.4703802490e+02 5.4711102295e+02 5.4716400146e+02 5.4721002197e+02 5.4726098633e+02 5.4730798340e+02 5.4735900879e+02 5.4742498779e+02 5.4748901367e+02 5.4754302979e+02 5.4759301758e+02 5.4764501953e+02 5.4771002197e+02 5.4777899170e+02 5.4785699463e+02 5.4795501709e+02 5.4808898926e+02 5.4825598145e+02 5.4848101807e+02 5.4883697510e+02 5.4908099365e+02 5.4913897705e+02 5.4914501953e+02 5.4918298340e+02
5.4639202881e+02 5.4643798828e+02 5.4646099854e+02 5.4648199463e+02 5.4650598145e+02 5.4651898193e+02 5.4654699707e+02 5.4656597900e+02 5.4656097412e+02 5.4657000732e+02 5.4659197998e+02 5.4662701416e+02 5.4666198730e+02 5.4667498779e+02 5.4667797852e+02 5.4669000244e+02 5.4670599365e+02 5.4673699951e+02 5.4678002930e+02 5.4682202148e+02 5.4686199951e+02 5.4689697266e+02 5.4695697021e+02 5.4702697754e+02 5.4706298828e+02 5.4711199951e+02 5.4717401123e+02 5.4722900391e+02 5.4728100586e+02 5.4734802246e+02 5.4740301514e+02 5.4744702148e+02 5.4749298096e+02 5.4754998779e+02 5.4761901855e+02 5.4768298340e+02 5.4774499512e+02 5.4786199951e+02 5.4800897217e+02 5.4814697266e+02 5.4833898926e+02 5.4864099121e+02 5.4893298340e+02 5.4910601807e+02 5.4914501953e+02 5.4916497803e+02
5.4638000488e+02 5.4645397949e+02 5.4647900391e+02 5.4649798584e+02 5.4652301025e+02 5.4653601074e+02 5.4656701660e+02 5.4659600830e+02 5.4659997559e+02 5.4660998535e+02 5.4662799072e+02 5.4665197754e+02 5.4667901611e+02 5.4670001221e+02 5.4670397949e+02 5.4670098877e+02 5.4670300293e+02 5.4671899414e+02 5.4673901367e+02 5.4676800537e+02 5.4680499268e+02 5.4683001709e+02 5.4689001465e+02 5.4695898438e+02 5.4699401855e+02 5.4705401611e+02 5.4711901855e+02 5.4716998291e+02 5.4721502686e+02 5.4726501465e+02 5.4730902100e+02 5.4735601807e+02 5.4741198730e+02 5.4746801758e+02 5.4753900146e+02 5.4760101318e+02 5.4764697266e+02 5.4771600342e+02 5.4783398438e+02 5.4798297119e+02 5.4818402100e+02 5.4841900635e+02 5.4870599365e+02 5.4897601318e+02 5.4910797119e+02 5.4914398193e+02
5.4633801270e+02 5.4644799805e+02 5.4648797607e+02 5.4651300049e+02 5.4654302979e+02 5.4654901123e+02 5.4657299805e+02 5.4660699463e+02 5.4662500000e+02 5.4664501953e+02 5.4666699219e+02 5.4668798828e+02 5.4670098877e+02 5.4672302246e+02 5.4673699951e+02 5.4673498535e+02 5.4672998047e+02 5.4673699951e+02 5.4673498535e+02 5.4674499512e+02 5.4677899170e+02 5.4680902100e+02 5.4685998535e+02 5.4691998291e+02 5.4695599365e+02 5.4700799561e+02 5.4706298828e+02 5.4710797119e+02 5.4715197754e+02 5.4719097900e+02 5.4722802734e+02 5.4727899170e+02 5.4734197998e+02 5.4739501953e+02 5.4746099854e+02 5.4752099609e+02 5.4756701660e+02 5.4759997559e+02 5.4767999268e+02 5.4780798340e+02 5.4798602295e+02 5.4816699219e+02 5.4840997314e+02 5.4872497559e+02 5.4900299072e+02 5.4912902832e+02
5.4623999023e+02 5.4641101074e+02 5.4649499512e+02 5.4653900146e+02 5.4657598877e+02 5.4658300781e+02 5.4660101318e+02 5.4663201904e+02 5.4665197754e+02 5.4667700195e+02 5.4670001221e+02 5.4671801758e+02 5.4672698975e+02 5.4674401855e+02 5.4676300049e+02 5.4676599121e+02 5.4676000977e+02 5.4675897217e+02 5.4675097656e+02 5.4675701904e+02 5.4679302979e+02 5.4682897949e+02 5.4686401367e+02 5.4690197754e+02 5.4693402100e+02 5.4697100830e+02 5.4701202393e+02 5.4705499268e+02 5.4709698486e+02 5.4713098145e+02 5.4715997314e+02 5.4720898438e+02 5.4727600098e+02 5.4733697510e+02 5.4739801025e+02 5.4746002197e+02 5.4751599121e+02 5.4754797363e+02 5.4759698486e+02 5.4766400146e+02 5.4777099609e+02 5.4792297363e+02 5.4814202881e+02 5.4846002197e+02 5.4881799316e+02 5.4907000732e+02
