TESTSERVER/1/13.asc
NCOLS 100
NROWS 100
XLLCORNER 7.5497500000e+03
YLLCORNER 2.8930025000e+05
CELLSIZE 5.0000000000e-01
NODATA_VALUE -9.9990000000e+03
[rows 40 to 59 of 100, columns 46 to 91 of 100]
5.4577301025e+02 5.4577801514e+02 5.4577801514e+02 5.4577197266e+02 5.4577801514e+02 5.4578100586e+02 5.4578900146e+02 5.4584802246e+02 5.4593103027e+02 5.4603302002e+02 5.4615399170e+02 5.4631298828e+02 5.4645202637e+02 5.4658898926e+02 5.4672900391e+02 5.4682098389e+02 5.4691101074e+02 5.4698297119e+02 5.4705200195e+02 5.4708001709e+02 5.4711199951e+02 5.4715997314e+02 5.4723199463e+02 5.4731799316e+02 5.4738598633e+02 5.4743499756e+02 5.4745800781e+02 5.4747497559e+02 5.4750299072e+02 5.4751300049e+02 5.4749200439e+02 5.4751898193e+02 5.4756298828e+02 5.4762902832e+02 5.4772100830e+02 5.4781896973e+02 5.4791998291e+02 5.4801202393e+02 5.4806701660e+02 5.4809899902e+02 5.4814898682e+02 5.4820501709e+02 5.4824597168e+02 5.4826098633e+02 5.4826300049e+02 5.4827801514e+02
5.4577099609e+02 5.4577600098e+02 5.4578302002e+02 5.4577899170e+02 5.4578900146e+02 5.4579199219e+02 5.4579699707e+02 5.4582202148e+02 5.4585699463e+02 5.4592901611e+02 5.4607702637e+02 5.4627001953e+02 5.4645098877e+02 5.4661602783e+02 5.4676202393e+02 5.4687097168e+02 5.4694201660e+02 5.4699200439e+02 5.4702801514e+02 5.4705700684e+02 5.4708300781e+02 5.4712298584e+02 5.4719299316e+02 5.4726000977e+02 5.4730798340e+02 5.4734997559e+02 5.4740301514e+02 5.4744000244e+02 5.4747601318e+02 5.4749700928e+02 5.4750897217e+02 5.4757800293e+02 5.4763299561e+02 5.4769897461e+02 5.4776800537e+02 5.4785198975e+02 5.4794097900e+02 5.4802099609e+02 5.4806500244e+02 5.4809399414e+02 5.4814001465e+02 5.4817199707e+02 5.4818103027e+02 5.4820599365e+02 5.4821600342e+02 5.4822900391e+02
5.4577899170e+02 5.4577801514e+02 5.4578198242e+02 5.4578698730e+02 5.4579199219e+02 5.4579199219e+02 5.4580603027e+02 5.4581799316e+02 5.4582299805e+02 5.4586901855e+02 5.4602600098e+02 5.4626397705e+02 5.4647302246e+02 5.4665100098e+02 5.4679998779e+02 5.4689398193e+02 5.4694702148e+02 5.4698297119e+02 5.4701202393e+02 5.4704302979e+02 5.4707098389e+02 5.4710498047e+02 5.4715600586e+02 5.4720202637e+02 5.4726202393e+02 5.4731896973e+02 5.4737097168e+02 5.4741699219e+02 5.4745300293e+02 5.4747497559e+02 5.4751300049e+02 5.4761199951e+02 5.4768499756e+02 5.4776202393e+02 5.4782702637e+02 5.4788897705e+02 5.4794500732e+02 5.4799902344e+02 5.4803900146e+02 5.4807202148e+02 5.4810400391e+02 5.4811901855e+02 5.4811798096e+02 5.4814599609e+02 5.4815997314e+02 5.4817700195e+02
5.4579199219e+02 5.4579498291e+02 5.4579901123e+02 5.4580999756e+02 5.4580999756e+02 5.4580499268e+02 5.4581500244e+02 5.4582202148e+02 5.4580798340e+02 5.4584002686e+02 5.4601800537e+02 5.4630102539e+02 5.4653002930e+02 5.4671301270e+02 5.4684399414e+02 5.4690802002e+02 5.4694201660e+02 5.4696801758e+02 5.4700097656e+02 5.4703698730e+02 5.4706298828e+02 5.4709100342e+02 5.4713098145e+02 5.4718298340e+02 5.4729498291e+02 5.4738598633e+02 5.4738299561e+02 5.4741998291e+02 5.4745800781e+02 5.4748199463e+02 5.4752301025e+02 5.4762200928e+02 5.4770800781e+02 5.4778900146e+02 5.4785198975e+02 5.4789099121e+02 5.4791998291e+02 5.4795898438e+02 5.4799700928e+02 5.4802600098e+02 5.4804498291e+02 5.4805700684e+02 5.4806402588e+02 5.4809002686e+02 5.4810797119e+02 5.4812902832e+02
5.4579901123e+02 5.4581201172e+02 5.4582202148e+02 5.4582800293e+02 5.4582702637e+02 5.4582598877e+02 5.4583099365e+02 5.4582897949e+02 5.4578997803e+02 5.4582299805e+02 5.4607702637e+02 5.4641497803e+02 5.4664801025e+02 5.4681097412e+02 5.4686901855e+02 5.4689202881e+02 5.4691802979e+02 5.4694897461e+02 5.4700500488e+02 5.4704101563e+02 5.4706402588e+02 5.4708502197e+02 5.4710998535e+02 5.4717401123e+02 5.4730603027e+02 5.4741497803e+02 5.4741601563e+02 5.4744299316e+02 5.4749700928e+02 5.4755499268e+02 5.4763598633e+02 5.4771600342e+02 5.4778802490e+02 5.4782299805e+02 5.4783502197e+02 5.4784802246e+02 5.4787902832e+02 5.4792901611e+02 5.4796502686e+02 5.4798400879e+02 5.4799401855e+02 5.4800000000e+02 5.4802398682e+02 5.4804101563e+02 5.4806201172e+02 5.4808599854e+02
5.4581298828e+02 5.4583099365e+02 5.4583300781e+02 5.4583300781e+02 5.4583001709e+02 5.4582702637e+02 5.4581298828e+02 5.4577398682e+02 5.4583801270e+02 5.4615502930e+02 5.4648101807e+02 5.4662298584e+02 5.4674700928e+02 5.4683099365e+02 5.4686297607e+02 5.4687402344e+02 5.4690301514e+02 5.4694897461e+02 5.4701300049e+02 5.4705603027e+02 5.4707897949e+02 5.4709600830e+02 5.4711199951e+02 5.4717199707e+02 5.4726397705e+02 5.4734997559e+02 5.4740100098e+02 5.4745697021e+02 5.4753900146e+02 5.4763897705e+02 5.4774401855e+02 5.4781201172e+02 5.4782501221e+02 5.4780999756e+02 5.4779699707e+02 5.4782397461e+02 5.4785601807e+02 5.4788897705e+02 5.4791400146e+02 5.4793298340e+02 5.4794201660e+02 5.4794897461e+02 5.4797698975e+02 5.4799401855e+02 5.4800402832e+02 5.4802502441e+02
5.4583099365e+02 5.4582299805e+02 5.4580102539e+02 5.4580200195e+02 5.4578802490e+02 5.4578302002e+02 5.4577502441e+02 5.4578601074e+02 5.4606201172e+02 5.4651800537e+02 5.4671099854e+02 5.4671197510e+02 5.4677001953e+02 5.4682598877e+02 5.4686602783e+02 5.4687902832e+02 5.4690600586e+02 5.4694897461e+02 5.4701501465e+02 5.4706097412e+02 5.4708398438e+02 5.4709997559e+02 5.4711700439e+02 5.4716101074e+02 5.4724298096e+02 5.4733398438e+02 5.4740100098e+02 5.4747198486e+02 5.4756799316e+02 5.4767498779e+02 5.4778198242e+02 5.4781597900e+02 5.4778802490e+02 5.4775402832e+02 5.4775897217e+02 5.4780401611e+02 5.4782098389e+02 5.4783398438e+02 5.4784997559e+02 5.4786798096e+02 5.4788702393e+02 5.4790100098e+02 5.4791998291e+02 5.4793798828e+02 5.4794598389e+02 5.4797497559e+02
5.4581402588e+02 5.4578302002e+02 5.4580297852e+02 5.4580700684e+02 5.4581896973e+02 5.4588397217e+02 5.4601300049e+02 5.4615301514e+02 5.4640802002e+02 5.4664001465e+02 5.4667401123e+02 5.4670202637e+02 5.4674200439e+02 5.4680902100e+02 5.4687500000e+02 5.4688702393e+02 5.4691101074e+02 5.4695098877e+02 5.4701000977e+02 5.4705603027e+02 5.4707897949e+02 5.4709802246e+02 5.4711602783e+02 5.4714801025e+02 5.4722802734e+02 5.4733502197e+02 5.4743103027e+02 5.4750701904e+02 5.4759002686e+02 5.4767102051e+02 5.4774700928e+02 5.4774700928e+02 5.4770501709e+02 5.4768200684e+02 5.4771899414e+02 5.4775201416e+02 5.4775897217e+02 5.4777099609e+02 5.4778997803e+02 5.4781201172e+02 5.4783801270e+02 5.4785400391e+02 5.4786102295e+02 5.4788098145e+02 5.4791400146e+02 5.4796697998e+02
5.4580499268e+02 5.4584802246e+02 5.4601702881e+02 5.4615899658e+02 5.4622698975e+02 5.4634002686e+02 5.4655603027e+02 5.4657000732e+02 5.4659002686e+02 5.4659399414e+02 5.4662200928e+02 5.4665502930e+02 5.4670800781e+02 5.4678302002e+02 5.4683599854e+02 5.4688397217e+02 5.4691900635e+02 5.4695800781e+02 5.4700299072e+02 5.4702899170e+02 5.4704901123e+02 5.4706896973e+02 5.4707202148e+02 5.4711798096e+02 5.4721197510e+02 5.4734997559e+02 5.4751202393e+02 5.4757800293e+02 5.4762200928e+02 5.4765197754e+02 5.4766198730e+02 5.4764599609e+02 5.4761999512e+02 5.4762902832e+02 5.4766699219e+02 5.4767901611e+02 5.4769097900e+02 5.4771398926e+02 5.4773602295e+02 5.4776000977e+02 5.4778900146e+02 5.4779901123e+02 5.4779699707e+02 5.4785400391e+02 5.4791900635e+02 5.4798297119e+02
5.4580401611e+02 5.4587298584e+02 5.4615197754e+02 5.4637799072e+02 5.4645800781e+02 5.4648999023e+02 5.4651300049e+02 5.4652197266e+02 5.4654602051e+02 5.4657397461e+02 5.4659802246e+02 5.4663702393e+02 5.4669000244e+02 5.4675097656e+02 5.4681500244e+02 5.4686798096e+02 5.4691400146e+02 5.4695397949e+02 5.4698602295e+02 5.4699902344e+02 5.4701599121e+02 5.4703601074e+02 5.4706500244e+02 5.4711999512e+02 5.4722900391e+02 5.4737298584e+02 5.4753601074e+02 5.4759899902e+02 5.4758197021e+02 5.4756896973e+02 5.4756402588e+02 5.4755999756e+02 5.4755902100e+02 5.4758099365e+02 5.4760998535e+02 5.4762597656e+02 5.4764501953e+02 5.4766601563e+02 5.4768902588e+02 5.4771099854e+02 5.4772399902e+02 5.4773699951e+02 5.4778997803e+02 5.4787298584e+02 5.4793298340e+02 5.4797601318e+02
5.4576702881e+02 5.4585998535e+02 5.4621600342e+02 5.4640997314e+02 5.4645599365e+02 5.4645501709e+02 5.4647198486e+02 5.4650097656e+02 5.4652697754e+02 5.4655499268e+02 5.4657702637e+02 5.4661602783e+02 5.4666802979e+02 5.4672802734e+02 5.4679498291e+02 5.4685302734e+02 5.4689801025e+02 5.4693798828e+02 5.4696997070e+02 5.4698797607e+02 5.4700701904e+02 5.4703100586e+02 5.4706896973e+02 5.4713500977e+02 5.4723901367e+02 5.4736798096e+02 5.4749902344e+02 5.4751397705e+02 5.4747100830e+02 5.4745697021e+02 5.4746997070e+02 5.4748901367e+02 5.4750701904e+02 5.4752899170e+02 5.4754901123e+02 5.4756896973e+02 5.4759100342e+02 5.4761499023e+02 5.4763598633e+02 5.4764898682e+02 5.4766998291e+02 5.4771600342e+02 5.4780603027e+02 5.4789001465e+02 5.4793798828e+02 5.4796301270e+02
5.4576501465e+02 5.4591302490e+02 5.4634997559e+02 5.4645800781e+02 5.4645501709e+02 5.4645202637e+02 5.4647900391e+02 5.4650000000e+02 5.4651800537e+02 5.4653997803e+02 5.4656201172e+02 5.4660198975e+02 5.4665399170e+02 5.4671197510e+02 5.4677801514e+02 5.4683599854e+02 5.4688098145e+02 5.4692102051e+02 5.4695501709e+02 5.4698101807e+02 5.4700402832e+02 5.4703198242e+02 5.4707800293e+02 5.4714697266e+02 5.4723602295e+02 5.4733599854e+02 5.4741497803e+02 5.4739202881e+02 5.4735998535e+02 5.4737097168e+02 5.4740197754e+02 5.4742401123e+02 5.4745001221e+02 5.4747198486e+02 5.4749102783e+02 5.4751098633e+02 5.4753302002e+02 5.4755999756e+02 5.4758300781e+02 5.4759899902e+02 5.4765197754e+02 5.4772302246e+02 5.4780297852e+02 5.4787500000e+02 5.4791497803e+02 5.4793701172e+02
5.4573999023e+02 5.4589501953e+02 5.4629400635e+02 5.4650299072e+02 5.4648400879e+02 5.4646197510e+02 5.4648901367e+02 5.4651202393e+02 5.4651898193e+02 5.4653198242e+02 5.4656597900e+02 5.4659899902e+02 5.4664801025e+02 5.4670300293e+02 5.4676397705e+02 5.4681896973e+02 5.4686401367e+02 5.4690502930e+02 5.4694897461e+02 5.4698400879e+02 5.4701599121e+02 5.4704699707e+02 5.4708197021e+02 5.4714398193e+02 5.4721398926e+02 5.4727502441e+02 5.4728698730e+02 5.4728002930e+02 5.4729199219e+02 5.4732800293e+02 5.4735302734e+02 5.4737402344e+02 5.4740002441e+02 5.4742797852e+02 5.4744598389e+02 5.4746502686e+02 5.4748699951e+02 5.4750701904e+02 5.4753698730e+02 5.4758398438e+02 5.4766998291e+02 5.4774597168e+02 5.4779498291e+02 5.4784197998e+02 5.4788098145e+02 5.4790802002e+02
5.4572601318e+02 5.4580603027e+02 5.4616998291e+02 5.4646899414e+02 5.4649798584e+02 5.4645501709e+02 5.4647802734e+02 5.4649798584e+02 5.4650402832e+02 5.4652001953e+02 5.4655603027e+02 5.4659802246e+02 5.4664398193e+02 5.4669500732e+02 5.4675201416e+02 5.4680603027e+02 5.4685198975e+02 5.4689398193e+02 5.4694097900e+02 5.4698699951e+02 5.4701702881e+02 5.4703997803e+02 5.4706597900e+02 5.4711199951e+02 5.4716101074e+02 5.4719598389e+02 5.4720898438e+02 5.4721997070e+02 5.4724298096e+02 5.4727197266e+02 5.4729797363e+02 5.4731402588e+02 5.4733898926e+02 5.4737200928e+02 5.4739202881e+02 5.4741699219e+02 5.4743200684e+02 5.4743798828e+02 5.4748999023e+02 5.4759600830e+02 5.4769799805e+02 5.4774597168e+02 5.4778198242e+02 5.4782202148e+02 5.4786297607e+02 5.4789697266e+02
5.4573101807e+02 5.4574401855e+02 5.4600402832e+02 5.4637701416e+02 5.4648797607e+02 5.4647802734e+02 5.4648400879e+02 5.4649499512e+02 5.4649102783e+02 5.4650097656e+02 5.4653802490e+02 5.4658099365e+02 5.4662902832e+02 5.4668200684e+02 5.4673901367e+02 5.4679199219e+02 5.4683801270e+02 5.4688000488e+02 5.4692797852e+02 5.4696997070e+02 5.4699298096e+02 5.4700897217e+02 5.4702398682e+02 5.4705297852e+02 5.4709002686e+02 5.4711798096e+02 5.4713897705e+02 5.4716998291e+02 5.4718798828e+02 5.4720898438e+02 5.4724102783e+02 5.4726202393e+02 5.4728198242e+02 5.4730902100e+02 5.4732897949e+02 5.4735797119e+02 5.4738299561e+02 5.4742199707e+02 5.4752099609e+02 5.4762701416e+02 5.4772601318e+02 5.4778198242e+02 5.4779998779e+02 5.4781896973e+02 5.4785101318e+02 5.4789202881e+02
5.4573901367e+02 5.4571301270e+02 5.4585998535e+02 5.4625701904e+02 5.4644201660e+02 5.4648498535e+02 5.4650097656e+02 5.4650799561e+02 5.4648999023e+02 5.4648498535e+02 5.4651300049e+02 5.4655902100e+02 5.4660998535e+02 5.4666601563e+02 5.4672399902e+02 5.4677600098e+02 5.4682000732e+02 5.4686102295e+02 5.4690600586e+02 5.4693798828e+02 5.4695202637e+02 5.4696002197e+02 5.4696197510e+02 5.4698297119e+02 5.4701800537e+02 5.4704901123e+02 5.4707501221e+02 5.4710699463e+02 5.4712597656e+02 5.4715100098e+02 5.4718701172e+02 5.4720898438e+02 5.4722900391e+02 5.4725299072e+02 5.4728399658e+02 5.4733099365e+02 5.4737799072e+02 5.4745800781e+02 5.4759399414e+02 5.4762097168e+02 5.4767901611e+02 5.4777197266e+02 5.4781701660e+02 5.4781896973e+02 5.4784100342e+02 5.4788397217e+02
5.4571899414e+02 5.4571301270e+02 5.4583001709e+02 5.4608697510e+02 5.4632098389e+02 5.4646398926e+02 5.4652899170e+02 5.4652502441e+02 5.4649499512e+02 5.4646997070e+02 5.4648699951e+02 5.4653497314e+02 5.4658300781e+02 5.4663800049e+02 5.4669000244e+02 5.4675000000e+02 5.4679699707e+02 5.4684002686e+02 5.4687500000e+02 5.4689099121e+02 5.4689898682e+02 5.4689599609e+02 5.4689300537e+02 5.4692901611e+02 5.4696197510e+02 5.4698999023e+02 5.4701898193e+02 5.4704699707e+02 5.4707299805e+02 5.4710302734e+02 5.4713299561e+02 5.4715399170e+02 5.4717498779e+02 5.4721301270e+02 5.4727398682e+02 5.4735797119e+02 5.4743597412e+02 5.4751800537e+02 5.4759100342e+02 5.4758599854e+02 5.4760797119e+02 5.4770501709e+02 5.4779400635e+02 5.4780798340e+02 5.4782800293e+02 5.4787701416e+02
5.4570501709e+02 5.4571398926e+02 5.4578198242e+02 5.4594598389e+02 5.4617999268e+02 5.4638800049e+02 5.4649102783e+02 5.4651397705e+02 5.4648901367e+02 5.4645300293e+02 5.4645898438e+02 5.4650402832e+02 5.4655499268e+02 5.4661901855e+02 5.4669500732e+02 5.4675097656e+02 5.4678497314e+02 5.4681097412e+02 5.4683197021e+02 5.4682501221e+02 5.4682702637e+02 5.4683599854e+02 5.4685797119e+02 5.4689398193e+02 5.4692199707e+02 5.4694598389e+02 5.4698101807e+02 5.4699499512e+02 5.4701898193e+02 5.4705499268e+02 5.4707702637e+02 5.4708502197e+02 5.4712902832e+02 5.4721697998e+02 5.4732202148e+02 5.4741302490e+02 5.4746899414e+02 5.4750799561e+02 5.4754101563e+02 5.4756597900e+02 5.4760699463e+02 5.4769598389e+02 5.4779101563e+02 5.4779797363e+02 5.4782598877e+02 5.4787500000e+02
5.4571099854e+02 5.4571398926e+02 5.4574798584e+02 5.4584497070e+02 5.4604797363e+02 5.4627801514e+02 5.4644000244e+02 5.4647998047e+02 5.4646997070e+02 5.4644500732e+02 5.4644201660e+02 5.4648101807e+02 5.4656097412e+02 5.4666198730e+02 5.4672802734e+02 5.4676098633e+02 5.4677197266e+02 5.4677197266e+02 5.4677099609e+02 5.4675097656e+02 5.4675097656e+02 5.4677502441e+02 5.4680999756e+02 5.4684100342e+02 5.4686401367e+02 5.4688897705e+02 5.4692297363e+02 5.4693798828e+02 5.4696197510e+02 5.4698901367e+02 5.4701397705e+02 5.4705297852e+02 5.4714202881e+02 5.4725598145e+02 5.4734600830e+02 5.4738702393e+02 5.4739801025e+02 5.4741900635e+02 5.4747601318e+02 5.4752899170e+02 5.4759698486e+02 5.4770098877e+02 5.4778002930e+02 5.4776800537e+02 5.4780603027e+02 5.4785601807e+02
5.4571002197e+02 5.4571398926e+02 5.4572698975e+02 5.4577099609e+02 5.4593902588e+02 5.4617700195e+02 5.4638299561e+02 5.4642199707e+02 5.4643402100e+02 5.4643701172e+02 5.4644897461e+02 5.4647198486e+02 5.4655603027e+02 5.4666900635e+02 5.4671600342e+02 5.4672497559e+02 5.4672198486e+02 5.4670501709e+02 5.4668402100e+02 5.4667199707e+02 5.4668402100e+02 5.4671398926e+02 5.4674700928e+02 5.4678002930e+02 5.4680902100e+02 5.4683898926e+02 5.4686700439e+02 5.4688397217e+02 5.4691101074e+02 5.4693902588e+02 5.4698297119e+02 5.4708300781e+02 5.4720599365e+02 5.4731201172e+02 5.4737402344e+02 5.4736199951e+02 5.4734301758e+02 5.4736901855e+02 5.4745001221e+02 5.4752301025e+02 5.4761297607e+02 5.4771197510e+02 5.4775000000e+02 5.4772998047e+02 5.4777398682e+02 5.4782598877e+02
