TESTSERVER/1/13.asc
NCOLS 100
NROWS 100
XLLCORNER 7.5497500000e+03
YLLCORNER 2.8930025000e+05
CELLSIZE 5.0000000000e-01
NODATA_VALUE -9.9990000000e+03
[rows 60 to 79 of 100, columns 46 to 91 of 100]
5.4569299316e+02 5.4571002197e+02 5.4571801758e+02 5.4572698975e+02 5.4586199951e+02 5.4609600830e+02 5.4632598877e+02 5.4635601807e+02 5.4637402344e+02 5.4640997314e+02 5.4643298340e+02 5.4644097900e+02 5.4647302246e+02 5.4653997803e+02 5.4659100342e+02 5.4661102295e+02 5.4661602783e+02 5.4659802246e+02 5.4656500244e+02 5.4659802246e+02 5.4663702393e+02 5.4666400146e+02 5.4667999268e+02 5.4672100830e+02 5.4675701904e+02 5.4679400635e+02 5.4682800293e+02 5.4684802246e+02 5.4687902832e+02 5.4693298340e+02 5.4702801514e+02 5.4716699219e+02 5.4727600098e+02 5.4734600830e+02 5.4742297363e+02 5.4740698242e+02 5.4736401367e+02 5.4738000488e+02 5.4746301270e+02 5.4755902100e+02 5.4764898682e+02 5.4770599365e+02 5.4769500732e+02 5.4770898438e+02 5.4774902344e+02 5.4779498291e+02
5.4567901611e+02 5.4570300293e+02 5.4571002197e+02 5.4571697998e+02 5.4581500244e+02 5.4599798584e+02 5.4619897461e+02 5.4628399658e+02 5.4633001709e+02 5.4637902832e+02 5.4639001465e+02 5.4639898682e+02 5.4640802002e+02 5.4643798828e+02 5.4645898438e+02 5.4646002197e+02 5.4646398926e+02 5.4646600342e+02 5.4649499512e+02 5.4654797363e+02 5.4658801270e+02 5.4661700439e+02 5.4663702393e+02 5.4667401123e+02 5.4671301270e+02 5.4674298096e+02 5.4675299072e+02 5.4678601074e+02 5.4685498047e+02 5.4696801758e+02 5.4709997559e+02 5.4723297119e+02 5.4730603027e+02 5.4733599854e+02 5.4737298584e+02 5.4739501953e+02 5.4739099121e+02 5.4740399170e+02 5.4746099854e+02 5.4753601074e+02 5.4759899902e+02 5.4764697266e+02 5.4767401123e+02 5.4769702148e+02 5.4772100830e+02 5.4775500488e+02
5.4566198730e+02 5.4569097900e+02 5.4570800781e+02 5.4572601318e+02 5.4577801514e+02 5.4588000488e+02 5.4600701904e+02 5.4610797119e+02 5.4621997070e+02 5.4632000732e+02 5.4635101318e+02 5.4637097168e+02 5.4638000488e+02 5.4638897705e+02 5.4636602783e+02 5.4634899902e+02 5.4636102295e+02 5.4640399170e+02 5.4645800781e+02 5.4649499512e+02 5.4653100586e+02 5.4656402588e+02 5.4659698486e+02 5.4662902832e+02 5.4665997314e+02 5.4668499756e+02 5.4670501709e+02 5.4678198242e+02 5.4689099121e+02 5.4703497314e+02 5.4716101074e+02 5.4722198486e+02 5.4724200439e+02 5.4725097656e+02 5.4729998779e+02 5.4734100342e+02 5.4736102295e+02 5.4738397217e+02 5.4744097900e+02 5.4752398682e+02 5.4757000732e+02 5.4761199951e+02 5.4766400146e+02 5.4768701172e+02 5.4769396973e+02 5.4772100830e+02
5.4563702393e+02 5.4567102051e+02 5.4569702148e+02 5.4572198486e+02 5.4574401855e+02 5.4578302002e+02 5.4583898926e+02 5.4591101074e+02 5.4603198242e+02 5.4615698242e+02 5.4623199463e+02 5.4626898193e+02 5.4628802490e+02 5.4629199219e+02 5.4627398682e+02 5.4627600098e+02 5.4631896973e+02 5.4637902832e+02 5.4641900635e+02 5.4644500732e+02 5.4647601318e+02 5.4650500488e+02 5.4654602051e+02 5.4657397461e+02 5.4659698486e+02 5.4663598633e+02 5.4671899414e+02 5.4684002686e+02 5.4694598389e+02 5.4706500244e+02 5.4715301514e+02 5.4715600586e+02 5.4715399170e+02 5.4718200684e+02 5.4726098633e+02 5.4729602051e+02 5.4731402588e+02 5.4734600830e+02 5.4743103027e+02 5.4753601074e+02 5.4756298828e+02 5.4758697510e+02 5.4764300537e+02 5.4766198730e+02 5.4765698242e+02 5.4768597412e+02
5.4561297607e+02 5.4564898682e+02 5.4568103027e+02 5.4569897461e+02 5.4571801758e+02 5.4574401855e+02 5.4580401611e+02 5.4583300781e+02 5.4588000488e+02 5.4595501709e+02 5.4604699707e+02 5.4610699463e+02 5.4616101074e+02 5.4620397949e+02 5.4622998047e+02 5.4625402832e+02 5.4629199219e+02 5.4632897949e+02 5.4635601807e+02 5.4639300537e+02 5.4642199707e+02 5.4645898438e+02 5.4650402832e+02 5.4652697754e+02 5.4656799316e+02 5.4666302490e+02 5.4678497314e+02 5.4688800049e+02 5.4696997070e+02 5.4701501465e+02 5.4697998047e+02 5.4703900146e+02 5.4709100342e+02 5.4716802979e+02 5.4726800537e+02 5.4728698730e+02 5.4728399658e+02 5.4731701660e+02 5.4742602539e+02 5.4751397705e+02 5.4752398682e+02 5.4753698730e+02 5.4759197998e+02 5.4760198975e+02 5.4759698486e+02 5.4762200928e+02
5.4559399414e+02 5.4562500000e+02 5.4565899658e+02 5.4567797852e+02 5.4569702148e+02 5.4572698975e+02 5.4577899170e+02 5.4583099365e+02 5.4587200928e+02 5.4593103027e+02 5.4600701904e+02 5.4606298828e+02 5.4611199951e+02 5.4615100098e+02 5.4617602539e+02 5.4621197510e+02 5.4624298096e+02 5.4627600098e+02 5.4631402588e+02 5.4635101318e+02 5.4638397217e+02 5.4642401123e+02 5.4645300293e+02 5.4649401855e+02 5.4657702637e+02 5.4670202637e+02 5.4682299805e+02 5.4692700195e+02 5.4697998047e+02 5.4697399902e+02 5.4693200684e+02 5.4698400879e+02 5.4707299805e+02 5.4715301514e+02 5.4722698975e+02 5.4725000000e+02 5.4725000000e+02 5.4729498291e+02 5.4739300537e+02 5.4745800781e+02 5.4746697998e+02 5.4749200439e+02 5.4755798340e+02 5.4757397461e+02 5.4756402588e+02 5.4756097412e+02
5.4558300781e+02 5.4560797119e+02 5.4563897705e+02 5.4565899658e+02 5.4567901611e+02 5.4570898438e+02 5.4575897217e+02 5.4581701660e+02 5.4587097168e+02 5.4593402100e+02 5.4600000000e+02 5.4604302979e+02 5.4606597900e+02 5.4609002686e+02 5.4612500000e+02 5.4615899658e+02 5.4618798828e+02 5.4622302246e+02 5.4626098633e+02 5.4629797363e+02 5.4632800293e+02 5.4635900879e+02 5.4641601563e+02 5.4651898193e+02 5.4663897705e+02 5.4676800537e+02 5.4688000488e+02 5.4697100830e+02 5.4697900391e+02 5.4694299316e+02 5.4690002441e+02 5.4694299316e+02 5.4703399658e+02 5.4710400391e+02 5.4714099121e+02 5.4717901611e+02 5.4722399902e+02 5.4728997803e+02 5.4737597656e+02 5.4741699219e+02 5.4742102051e+02 5.4746600342e+02 5.4754400635e+02 5.4756097412e+02 5.4754498291e+02 5.4752099609e+02
5.4556896973e+02 5.4558801270e+02 5.4561401367e+02 5.4563800049e+02 5.4566302490e+02 5.4569598389e+02 5.4574200439e+02 5.4579901123e+02 5.4585601807e+02 5.4591497803e+02 5.4596002197e+02 5.4598199463e+02 5.4600299072e+02 5.4603497314e+02 5.4607397461e+02 5.4609899902e+02 5.4612298584e+02 5.4616101074e+02 5.4620697021e+02 5.4622998047e+02 5.4625897217e+02 5.4632702637e+02 5.4645800781e+02 5.4661102295e+02 5.4675201416e+02 5.4685699463e+02 5.4692498779e+02 5.4695501709e+02 5.4692297363e+02 5.4689599609e+02 5.4688702393e+02 5.4691601563e+02 5.4698297119e+02 5.4703198242e+02 5.4705297852e+02 5.4711901855e+02 5.4720599365e+02 5.4728698730e+02 5.4736499023e+02 5.4739202881e+02 5.4738897705e+02 5.4744299316e+02 5.4751397705e+02 5.4751501465e+02 5.4750402832e+02 5.4749102783e+02
5.4554302979e+02 5.4556201172e+02 5.4558300781e+02 5.4561297607e+02 5.4564202881e+02 5.4567901611e+02 5.4572399902e+02 5.4577502441e+02 5.4582299805e+02 5.4586401367e+02 5.4588800049e+02 5.4591699219e+02 5.4594500732e+02 5.4597497559e+02 5.4600897217e+02 5.4603698730e+02 5.4606597900e+02 5.4610900879e+02 5.4615899658e+02 5.4617498779e+02 5.4622900391e+02 5.4635498047e+02 5.4651800537e+02 5.4671997070e+02 5.4686401367e+02 5.4692999268e+02 5.4689697266e+02 5.4683099365e+02 5.4679199219e+02 5.4681799316e+02 5.4687799072e+02 5.4690502930e+02 5.4693798828e+02 5.4697198486e+02 5.4701898193e+02 5.4709399414e+02 5.4719598389e+02 5.4728198242e+02 5.4734997559e+02 5.4736901855e+02 5.4736700439e+02 5.4739001465e+02 5.4742901611e+02 5.4742797852e+02 5.4743902588e+02 5.4746099854e+02
5.4551000977e+02 5.4553399658e+02 5.4555499268e+02 5.4558599854e+02 5.4560498047e+02 5.4564300537e+02 5.4570300293e+02 5.4574798584e+02 5.4577600098e+02 5.4580102539e+02 5.4582598877e+02 5.4585400391e+02 5.4588800049e+02 5.4591601563e+02 5.4594500732e+02 5.4598101807e+02 5.4601800537e+02 5.4605902100e+02 5.4609002686e+02 5.4614599609e+02 5.4629101563e+02 5.4649700928e+02 5.4668200684e+02 5.4683197021e+02 5.4690502930e+02 5.4687200928e+02 5.4675299072e+02 5.4668701172e+02 5.4671899414e+02 5.4679302979e+02 5.4684399414e+02 5.4685900879e+02 5.4688800049e+02 5.4694500732e+02 5.4701599121e+02 5.4707897949e+02 5.4716302490e+02 5.4724401855e+02 5.4730700684e+02 5.4731701660e+02 5.4732000732e+02 5.4732501221e+02 5.4736700439e+02 5.4738702393e+02 5.4740802002e+02 5.4744097900e+02
5.4548199463e+02 5.4551000977e+02 5.4553198242e+02 5.4556500244e+02 5.4558398438e+02 5.4561602783e+02 5.4567401123e+02 5.4570599365e+02 5.4571801758e+02 5.4573498535e+02 5.4576098633e+02 5.4579901123e+02 5.4584002686e+02 5.4587200928e+02 5.4589898682e+02 5.4593103027e+02 5.4595697021e+02 5.4599499512e+02 5.4606402588e+02 5.4622698975e+02 5.4644000244e+02 5.4665100098e+02 5.4681896973e+02 5.4689801025e+02 5.4689801025e+02 5.4679699707e+02 5.4664202881e+02 5.4663500977e+02 5.4670599365e+02 5.4677398682e+02 5.4679400635e+02 5.4681097412e+02 5.4685998535e+02 5.4693798828e+02 5.4701397705e+02 5.4706500244e+02 5.4712701416e+02 5.4719299316e+02 5.4726098633e+02 5.4727001953e+02 5.4728698730e+02 5.4730603027e+02 5.4733099365e+02 5.4734997559e+02 5.4737200928e+02 5.4740301514e+02
5.4545001221e+02 5.4547698975e+02 5.4549499512e+02 5.4553002930e+02 5.4555603027e+02 5.4558697510e+02 5.4562799072e+02 5.4564898682e+02 5.4565502930e+02 5.4567401123e+02 5.4570599365e+02 5.4573999023e+02 5.4577697754e+02 5.4581097412e+02 5.4584197998e+02 5.4586602783e+02 5.4590502930e+02 5.4599597168e+02 5.4616601563e+02 5.4641601563e+02 5.4659399414e+02 5.4669799805e+02 5.4683697510e+02 5.4689300537e+02 5.4686297607e+02 5.4675402832e+02 5.4663000488e+02 5.4665600586e+02 5.4670397949e+02 5.4673400879e+02 5.4675000000e+02 5.4678698730e+02 5.4684899902e+02 5.4693701172e+02 5.4700299072e+02 5.4707098389e+02 5.4713299561e+02 5.4717797852e+02 5.4722900391e+02 5.4723699951e+02 5.4725598145e+02 5.4727001953e+02 5.4727697754e+02 5.4730102539e+02 5.4731500244e+02 5.4733502197e+02
5.4541802979e+02 5.4543701172e+02 5.4545898438e+02 5.4547601318e+02 5.4550799561e+02 5.4554998779e+02 5.4557598877e+02 5.4558599854e+02 5.4559899902e+02 5.4561798096e+02 5.4563702393e+02 5.4568298340e+02 5.4572497559e+02 5.4575201416e+02 5.4576800537e+02 5.4581201172e+02 5.4592999268e+02 5.4611199951e+02 5.4634600830e+02 5.4652899170e+02 5.4660797119e+02 5.4662799072e+02 5.4673602295e+02 5.4681500244e+02 5.4680603027e+02 5.4674902344e+02 5.4670599365e+02 5.4668298340e+02 5.4669598389e+02 5.4670501709e+02 5.4673699951e+02 5.4676501465e+02 5.4681799316e+02 5.4690100098e+02 5.4696301270e+02 5.4704498291e+02 5.4713702393e+02 5.4719396973e+02 5.4722900391e+02 5.4721502686e+02 5.4721801758e+02 5.4720599365e+02 5.4720001221e+02 5.4723999023e+02 5.4724401855e+02 5.4724597168e+02
5.4536499023e+02 5.4538500977e+02 5.4540698242e+02 5.4542999268e+02 5.4544799805e+02 5.4547399902e+02 5.4548699951e+02 5.4550799561e+02 5.4553698730e+02 5.4556402588e+02 5.4558398438e+02 5.4562200928e+02 5.4566198730e+02 5.4568200684e+02 5.4570397949e+02 5.4586499023e+02 5.4609997559e+02 5.4629199219e+02 5.4640100098e+02 5.4644201660e+02 5.4645001221e+02 5.4648400879e+02 5.4660699463e+02 5.4671502686e+02 5.4672900391e+02 5.4668499756e+02 5.4661602783e+02 5.4660498047e+02 5.4665899658e+02 5.4669702148e+02 5.4672198486e+02 5.4675299072e+02 5.4679998779e+02 5.4687200928e+02 5.4694396973e+02 5.4700500488e+02 5.4708697510e+02 5.4714801025e+02 5.4716699219e+02 5.4716198730e+02 5.4716400146e+02 5.4715301514e+02 5.4715002441e+02 5.4717901611e+02 5.4717297363e+02 5.4717401123e+02
5.4529998779e+02 5.4532501221e+02 5.4534698486e+02 5.4537097168e+02 5.4538598633e+02 5.4539898682e+02 5.4541802979e+02 5.4544598389e+02 5.4547601318e+02 5.4550402832e+02 5.4553002930e+02 5.4555902100e+02 5.4558099365e+02 5.4563098145e+02 5.4576000977e+02 5.4601098633e+02 5.4623901367e+02 5.4635198975e+02 5.4633898926e+02 5.4631500244e+02 5.4632299805e+02 5.4636401367e+02 5.4647497559e+02 5.4659600830e+02 5.4662500000e+02 5.4660101318e+02 5.4654998779e+02 5.4654901123e+02 5.4663098145e+02 5.4669500732e+02 5.4670300293e+02 5.4674499512e+02 5.4679699707e+02 5.4684497070e+02 5.4690100098e+02 5.4695800781e+02 5.4702600098e+02 5.4708300781e+02 5.4710797119e+02 5.4712500000e+02 5.4712298584e+02 5.4711499023e+02 5.4712200928e+02 5.4714599609e+02 5.4711999512e+02 5.4710900879e+02
5.4522802734e+02 5.4525402832e+02 5.4527398682e+02 5.4529602051e+02 5.4531402588e+02 5.4532501221e+02 5.4535797119e+02 5.4539398193e+02 5.4542102051e+02 5.4544598389e+02 5.4547399902e+02 5.4548602295e+02 5.4553100586e+02 5.4568298340e+02 5.4592297363e+02 5.4612298584e+02 5.4623101807e+02 5.4625500488e+02 5.4620599365e+02 5.4619897461e+02 5.4625000000e+02 5.4630499268e+02 5.4636999512e+02 5.4646099854e+02 5.4650000000e+02 5.4650799561e+02 5.4651000977e+02 5.4653002930e+02 5.4661199951e+02 5.4668902588e+02 5.4669000244e+02 5.4672100830e+02 5.4677301025e+02 5.4680999756e+02 5.4685797119e+02 5.4691400146e+02 5.4696997070e+02 5.4702600098e+02 5.4706201172e+02 5.4707800293e+02 5.4707501221e+02 5.4707000732e+02 5.4708001709e+02 5.4711999512e+02 5.4708801270e+02 5.4705603027e+02
5.4515802002e+02 5.4518298340e+02 5.4520397949e+02 5.4521697998e+02 5.4524499512e+02 5.4526898193e+02 5.4528698730e+02 5.4533001709e+02 5.4535998535e+02 5.4537701416e+02 5.4538098145e+02 5.4544201660e+02 5.4560198975e+02 5.4584100342e+02 5.4599902344e+02 5.4601898193e+02 5.4603302002e+02 5.4605200195e+02 5.4605902100e+02 5.4608398438e+02 5.4616601563e+02 5.4624700928e+02 5.4628900146e+02 5.4632897949e+02 5.4636297607e+02 5.4640301514e+02 5.4646801758e+02 5.4653900146e+02 5.4658300781e+02 5.4664599609e+02 5.4670098877e+02 5.4668402100e+02 5.4671099854e+02 5.4676397705e+02 5.4685198975e+02 5.4692199707e+02 5.4695001221e+02 5.4698498535e+02 5.4700402832e+02 5.4700897217e+02 5.4701501465e+02 5.4701000977e+02 5.4700897217e+02 5.4707702637e+02 5.4707299805e+02 5.4701898193e+02
5.4507897949e+02 5.4510498047e+02 5.4513000488e+02 5.4515399170e+02 5.4519000244e+02 5.4521697998e+02 5.4523999023e+02 5.4527398682e+02 5.4529199219e+02 5.4530401611e+02 5.4537500000e+02 5.4555999756e+02 5.4575201416e+02 5.4588201904e+02 5.4590100098e+02 5.4585699463e+02 5.4588800049e+02 5.4594702148e+02 5.4599798584e+02 5.4601000977e+02 5.4605297852e+02 5.4610900879e+02 5.4615600586e+02 5.4618902588e+02 5.4623797607e+02 5.4632098389e+02 5.4641900635e+02 5.4648199463e+02 5.4649798584e+02 5.4655297852e+02 5.4662097168e+02 5.4662902832e+02 5.4668402100e+02 5.4675402832e+02 5.4682098389e+02 5.4687597656e+02 5.4689697266e+02 5.4692901611e+02 5.4696398926e+02 5.4697900391e+02 5.4696301270e+02 5.4694799805e+02 5.4695202637e+02 5.4701300049e+02 5.4704302979e+02 5.4700701904e+02
5.4500402832e+02 5.4503399658e+02 5.4506701660e+02 5.4509301758e+02 5.4512097168e+02 5.4514697266e+02 5.4518298340e+02 5.4520001221e+02 5.4522698975e+02 5.4529998779e+02 5.4547698975e+02 5.4570397949e+02 5.4580499268e+02 5.4580297852e+02 5.4576000977e+02 5.4579101563e+02 5.4588000488e+02 5.4596398926e+02 5.4601202393e+02 5.4600598145e+02 5.4601202393e+02 5.4603399658e+02 5.4608697510e+02 5.4612500000e+02 5.4617602539e+02 5.4625299072e+02 5.4632598877e+02 5.4637200928e+02 5.4641802979e+02 5.4649499512e+02 5.4655401611e+02 5.4658801270e+02 5.4665502930e+02 5.4671801758e+02 5.4677099609e+02 5.4683197021e+02 5.4686798096e+02 5.4689697266e+02 5.4692401123e+02 5.4695098877e+02 5.4692498779e+02 5.4690197754e+02 5.4690997314e+02 5.4694201660e+02 5.4696398926e+02 5.4695202637e+02
5.4493298340e+02 5.4497198486e+02 5.4500201416e+02 5.4502197266e+02 5.4504901123e+02 5.4507397461e+02 5.4510797119e+02 5.4515100098e+02 5.4524700928e+02 5.4538702393e+02 5.4559301758e+02 5.4576397705e+02 5.4574902344e+02 5.4566497803e+02 5.4563201904e+02 5.4575598145e+02 5.4588000488e+02 5.4594299316e+02 5.4595800781e+02 5.4595300293e+02 5.4596197510e+02 5.4598297119e+02 5.4602801514e+02 5.4608001709e+02 5.4613598633e+02 5.4619299316e+02 5.4623101807e+02 5.4628002930e+02 5.4635797119e+02 5.4645300293e+02 5.4650201416e+02 5.4654901123e+02 5.4660302734e+02 5.4665698242e+02 5.4671899414e+02 5.4679199219e+02 5.4684399414e+02 5.4686798096e+02 5.4687597656e+02 5.4691198730e+02 5.4690197754e+02 5.4687597656e+02 5.4687200928e+02 5.4688098145e+02 5.4688800049e+02 5.4689801025e+02
