TESTSERVER/1/17.asc
NCOLS 100
NROWS 100
XLLCORNER 7.5497500000e+03
YLLCORNER 2.8910025000e+05
CELLSIZE 5.0000000000e-01
NODATA_VALUE -9.9990000000e+03
[rows 0 to 19 of 100, columns 46 to 91 of 100]
5.4082299805e+02 5.4085699463e+02 5.4084802246e+02 5.4084899902e+02 5.4088702393e+02 5.4094000244e+02 5.4100000000e+02 5.4109399414e+02 5.4120202637e+02 5.4128601074e+02 5.4132598877e+02 5.4140600586e+02 5.4147100830e+02 5.4152197266e+02 5.4159497070e+02 5.4163098145e+02 5.4165899658e+02 5.4166802979e+02 5.4169201660e+02 5.4169702148e+02 5.4171197510e+02 5.4170098877e+02 5.4171997070e+02 5.4173101807e+02 5.4174499512e+02 5.4174401855e+02 5.4173901367e+02 5.4173297119e+02 5.4171099854e+02 5.4169598389e+02 5.4169299316e+02 5.4168402100e+02 5.4167297363e+02 5.4165802002e+02 5.4164801025e+02 5.4163897705e+02 5.4161401367e+02 5.4158898926e+02 5.4158001709e+02 5.4156896973e+02 5.4155297852e+02 5.4155401611e+02 5.4155200195e+02 5.4153100586e+02 5.4150799561e+02 5.4151898193e+02
5.4079101563e+02 5.4081298828e+02 5.4079998779e+02 5.4082098389e+02 5.4087200928e+02 5.4092700195e+02 5.4098699951e+02 5.4108398438e+02 5.4120501709e+02 5.4130297852e+02 5.4132702637e+02 5.4136901855e+02 5.4144000244e+02 5.4150299072e+02 5.4155700684e+02 5.4158697510e+02 5.4162902832e+02 5.4165698242e+02 5.4167797852e+02 5.4169500732e+02 5.4172302246e+02 5.4171801758e+02 5.4172698975e+02 5.4174902344e+02 5.4176702881e+02 5.4177001953e+02 5.4177001953e+02 5.4177197266e+02 5.4174499512e+02 5.4172302246e+02 5.4171899414e+02 5.4170898438e+02 5.4170397949e+02 5.4169396973e+02 5.4167602539e+02 5.4164801025e+02 5.4161602783e+02 5.4159997559e+02 5.4159399414e+02 5.4158001709e+02 5.4156201172e+02 5.4155999756e+02 5.4155401611e+02 5.4153198242e+02 5.4151800537e+02 5.4153302002e+02
5.4069396973e+02 5.4071899414e+02 5.4073797607e+02 5.4078900146e+02 5.4086700439e+02 5.4093402100e+02 5.4098999023e+02 5.4107000732e+02 5.4117700195e+02 5.4127398682e+02 5.4130700684e+02 5.4134002686e+02 5.4141400146e+02 5.4147802734e+02 5.4151501465e+02 5.4155200195e+02 5.4159698486e+02 5.4163702393e+02 5.4165997314e+02 5.4168798828e+02 5.4172302246e+02 5.4171899414e+02 5.4173901367e+02 5.4175500488e+02 5.4176898193e+02 5.4177899170e+02 5.4179400635e+02 5.4180200195e+02 5.4178100586e+02 5.4176501465e+02 5.4176000977e+02 5.4174798584e+02 5.4173797607e+02 5.4172399902e+02 5.4170098877e+02 5.4166400146e+02 5.4162902832e+02 5.4161401367e+02 5.4160198975e+02 5.4158099365e+02 5.4156500244e+02 5.4156298828e+02 5.4155999756e+02 5.4154602051e+02 5.4153002930e+02 5.4153497314e+02
5.4064202881e+02 5.4067797852e+02 5.4072100830e+02 5.4077899170e+02 5.4086102295e+02 5.4092999268e+02 5.4098101807e+02 5.4104699707e+02 5.4112701416e+02 5.4119897461e+02 5.4124597168e+02 5.4130999756e+02 5.4138702393e+02 5.4144097900e+02 5.4147900391e+02 5.4152099609e+02 5.4155999756e+02 5.4159899902e+02 5.4163000488e+02 5.4165100098e+02 5.4168701172e+02 5.4169897461e+02 5.4174102783e+02 5.4173498535e+02 5.4175201416e+02 5.4177801514e+02 5.4181402588e+02 5.4182098389e+02 5.4180798340e+02 5.4180297852e+02 5.4180297852e+02 5.4178497314e+02 5.4176898193e+02 5.4175097656e+02 5.4172198486e+02 5.4168701172e+02 5.4165802002e+02 5.4163598633e+02 5.4160797119e+02 5.4157501221e+02 5.4155297852e+02 5.4154998779e+02 5.4155499268e+02 5.4154302979e+02 5.4151397705e+02 5.4151501465e+02
5.4061297607e+02 5.4067797852e+02 5.4074902344e+02 5.4078198242e+02 5.4084100342e+02 5.4091101074e+02 5.4097698975e+02 5.4103002930e+02 5.4108898926e+02 5.4113500977e+02 5.4119000244e+02 5.4125701904e+02 5.4133197021e+02 5.4139501953e+02 5.4145397949e+02 5.4148498535e+02 5.4152697754e+02 5.4156402588e+02 5.4160302734e+02 5.4162097168e+02 5.4164898682e+02 5.4168103027e+02 5.4173297119e+02 5.4171099854e+02 5.4173498535e+02 5.4177600098e+02 5.4182397461e+02 5.4183398438e+02 5.4183197021e+02 5.4183398438e+02 5.4182702637e+02 5.4181402588e+02 5.4179602051e+02 5.4177600098e+02 5.4173199463e+02 5.4169799805e+02 5.4167797852e+02 5.4164599609e+02 5.4161401367e+02 5.4158197021e+02 5.4155499268e+02 5.4154602051e+02 5.4155499268e+02 5.4154101563e+02 5.4149298096e+02 5.4149102783e+02
5.4059600830e+02 5.4066900635e+02 5.4073199463e+02 5.4077197266e+02 5.4082299805e+02 5.4088800049e+02 5.4095397949e+02 5.4099798584e+02 5.4104302979e+02 5.4109698486e+02 5.4116198730e+02 5.4121002197e+02 5.4126098633e+02 5.4132098389e+02 5.4139898682e+02 5.4141802979e+02 5.4146801758e+02 5.4150598145e+02 5.4153497314e+02 5.4156597900e+02 5.4160601807e+02 5.4164300537e+02 5.4169299316e+02 5.4170599365e+02 5.4173699951e+02 5.4176898193e+02 5.4180200195e+02 5.4182800293e+02 5.4185400391e+02 5.4186102295e+02 5.4185198975e+02 5.4183801270e+02 5.4182501221e+02 5.4180902100e+02 5.4176599121e+02 5.4172802734e+02 5.4170300293e+02 5.4166802979e+02 5.4163500977e+02 5.4160601807e+02 5.4157501221e+02 5.4155798340e+02 5.4154998779e+02 5.4152301025e+02 5.4147802734e+02 5.4147601318e+02
5.4056896973e+02 5.4064599609e+02 5.4070397949e+02 5.4074902344e+02 5.4080297852e+02 5.4085498047e+02 5.4092401123e+02 5.4096398926e+02 5.4099700928e+02 5.4104400635e+02 5.4111297607e+02 5.4116198730e+02 5.4120800781e+02 5.4126898193e+02 5.4134600830e+02 5.4136999512e+02 5.4140698242e+02 5.4142901611e+02 5.4145697021e+02 5.4150097656e+02 5.4154797363e+02 5.4157598877e+02 5.4163299561e+02 5.4167602539e+02 5.4171600342e+02 5.4174401855e+02 5.4178002930e+02 5.4182299805e+02 5.4185797119e+02 5.4186901855e+02 5.4187402344e+02 5.4185998535e+02 5.4184197998e+02 5.4182098389e+02 5.4178198242e+02 5.4175500488e+02 5.4172100830e+02 5.4168402100e+02 5.4164501953e+02 5.4161700439e+02 5.4159002686e+02 5.4156597900e+02 5.4154199219e+02 5.4150598145e+02 5.4147698975e+02 5.4147998047e+02
5.4052899170e+02 5.4060900879e+02 5.4066998291e+02 5.4071899414e+02 5.4078698730e+02 5.4083300781e+02 5.4088702393e+02 5.4092401123e+02 5.4095300293e+02 5.4099200439e+02 5.4105200195e+02 5.4111999512e+02 5.4117401123e+02 5.4122198486e+02 5.4128100586e+02 5.4130700684e+02 5.4133001709e+02 5.4134100342e+02 5.4137500000e+02 5.4142797852e+02 5.4147998047e+02 5.4150299072e+02 5.4157098389e+02 5.4162402344e+02 5.4167401123e+02 5.4171398926e+02 5.4176300049e+02 5.4181597900e+02 5.4184698486e+02 5.4185998535e+02 5.4188000488e+02 5.4186999512e+02 5.4184301758e+02 5.4180297852e+02 5.4177099609e+02 5.4175701904e+02 5.4172198486e+02 5.4168902588e+02 5.4166101074e+02 5.4164001465e+02 5.4160900879e+02 5.4157800293e+02 5.4154302979e+02 5.4150000000e+02 5.4147802734e+02 5.4148699951e+02
5.4046997070e+02 5.4056701660e+02 5.4064697266e+02 5.4068200684e+02 5.4075299072e+02 5.4079101563e+02 5.4080902100e+02 5.4085498047e+02 5.4089099121e+02 5.4092999268e+02 5.4099902344e+02 5.4106201172e+02 5.4111798096e+02 5.4115301514e+02 5.4121301270e+02 5.4122998047e+02 5.4125201416e+02 5.4126599121e+02 5.4129199219e+02 5.4134197998e+02 5.4139398193e+02 5.4143103027e+02 5.4150598145e+02 5.4155798340e+02 5.4161901855e+02 5.4168298340e+02 5.4174401855e+02 5.4178900146e+02 5.4181500244e+02 5.4183398438e+02 5.4187402344e+02 5.4187799072e+02 5.4185101318e+02 5.4180902100e+02 5.4179901123e+02 5.4176898193e+02 5.4174102783e+02 5.4171099854e+02 5.4168701172e+02 5.4165502930e+02 5.4161700439e+02 5.4158697510e+02 5.4155401611e+02 5.4150097656e+02 5.4147198486e+02 5.4147601318e+02
5.4043298340e+02 5.4051397705e+02 5.4059497070e+02 5.4064202881e+02 5.4069799805e+02 5.4072802734e+02 5.4076599121e+02 5.4083099365e+02 5.4086798096e+02 5.4089099121e+02 5.4092999268e+02 5.4099597168e+02 5.4104699707e+02 5.4108898926e+02 5.4115002441e+02 5.4116699219e+02 5.4119799805e+02 5.4121997070e+02 5.4123999023e+02 5.4126898193e+02 5.4130102539e+02 5.4134100342e+02 5.4142401123e+02 5.4148199463e+02 5.4154797363e+02 5.4161798096e+02 5.4168298340e+02 5.4174499512e+02 5.4178601074e+02 5.4181402588e+02 5.4185400391e+02 5.4187200928e+02 5.4184301758e+02 5.4180499268e+02 5.4181402588e+02 5.4177398682e+02 5.4174298096e+02 5.4171697998e+02 5.4169201660e+02 5.4166802979e+02 5.4163000488e+02 5.4159497070e+02 5.4156896973e+02 5.4150701904e+02 5.4146801758e+02 5.4147497559e+02
5.4038897705e+02 5.4046197510e+02 5.4054302979e+02 5.4059698486e+02 5.4065002441e+02 5.4068103027e+02 5.4073901367e+02 5.4080102539e+02 5.4084497070e+02 5.4086901855e+02 5.4088598633e+02 5.4096099854e+02 5.4102001953e+02 5.4106500244e+02 5.4111401367e+02 5.4113397217e+02 5.4116101074e+02 5.4118499756e+02 5.4119799805e+02 5.4121502686e+02 5.4124200439e+02 5.4127697754e+02 5.4135198975e+02 5.4140899658e+02 5.4146301270e+02 5.4152697754e+02 5.4159997559e+02 5.4167901611e+02 5.4174401855e+02 5.4178399658e+02 5.4182501221e+02 5.4186297607e+02 5.4185400391e+02 5.4182299805e+02 5.4182598877e+02 5.4178399658e+02 5.4175201416e+02 5.4172900391e+02 5.4170202637e+02 5.4167901611e+02 5.4164599609e+02 5.4160900879e+02 5.4158300781e+02 5.4152099609e+02 5.4146997070e+02 5.4146600342e+02
5.4034802246e+02 5.4041400146e+02 5.4049102783e+02 5.4055401611e+02 5.4061798096e+02 5.4065502930e+02 5.4069500732e+02 5.4073797607e+02 5.4079101563e+02 5.4082598877e+02 5.4084899902e+02 5.4092199707e+02 5.4098797607e+02 5.4104602051e+02 5.4109100342e+02 5.4110699463e+02 5.4112402344e+02 5.4114398193e+02 5.4115197754e+02 5.4116998291e+02 5.4120202637e+02 5.4123297119e+02 5.4128900146e+02 5.4134301758e+02 5.4138397217e+02 5.4144201660e+02 5.4151397705e+02 5.4159899902e+02 5.4168103027e+02 5.4173999023e+02 5.4179199219e+02 5.4184698486e+02 5.4186602783e+02 5.4184997559e+02 5.4183502197e+02 5.4177801514e+02 5.4174200439e+02 5.4172399902e+02 5.4171398926e+02 5.4169897461e+02 5.4167498779e+02 5.4164001465e+02 5.4159899902e+02 5.4153497314e+02 5.4148297119e+02 5.4146502686e+02
5.4028399658e+02 5.4036700439e+02 5.4044201660e+02 5.4050402832e+02 5.4057800293e+02 5.4063098145e+02 5.4067102051e+02 5.4070697021e+02 5.4075799561e+02 5.4077801514e+02 5.4079101563e+02 5.4088598633e+02 5.4096697998e+02 5.4102398682e+02 5.4106597900e+02 5.4108801270e+02 5.4111199951e+02 5.4112799072e+02 5.4112097168e+02 5.4113098145e+02 5.4116101074e+02 5.4118298340e+02 5.4122198486e+02 5.4126800537e+02 5.4131799316e+02 5.4137799072e+02 5.4144500732e+02 5.4152697754e+02 5.4161901855e+02 5.4170098877e+02 5.4176098633e+02 5.4181799316e+02 5.4184301758e+02 5.4183599854e+02 5.4182702637e+02 5.4179998779e+02 5.4176300049e+02 5.4172601318e+02 5.4172900391e+02 5.4171697998e+02 5.4169799805e+02 5.4166400146e+02 5.4160601807e+02 5.4153497314e+02 5.4149499512e+02 5.4147601318e+02
5.4025201416e+02 5.4032397461e+02 5.4038702393e+02 5.4045898438e+02 5.4053997803e+02 5.4060998535e+02 5.4065698242e+02 5.4069299316e+02 5.4072399902e+02 5.4074102783e+02 5.4077600098e+02 5.4085601807e+02 5.4092297363e+02 5.4099102783e+02 5.4104101563e+02 5.4106201172e+02 5.4108398438e+02 5.4108801270e+02 5.4106701660e+02 5.4108801270e+02 5.4112097168e+02 5.4113897705e+02 5.4117297363e+02 5.4120300293e+02 5.4125500488e+02 5.4132299805e+02 5.4140399170e+02 5.4147698975e+02 5.4155700684e+02 5.4163897705e+02 5.4171801758e+02 5.4178601074e+02 5.4181402588e+02 5.4180700684e+02 5.4180603027e+02 5.4180102539e+02 5.4178997803e+02 5.4174700928e+02 5.4172998047e+02 5.4172399902e+02 5.4170898438e+02 5.4167602539e+02 5.4162097168e+02 5.4155102539e+02 5.4151000977e+02 5.4148699951e+02
5.4021002197e+02 5.4028497314e+02 5.4035198975e+02 5.4042102051e+02 5.4048999023e+02 5.4055700684e+02 5.4061999512e+02 5.4065698242e+02 5.4067602539e+02 5.4069702148e+02 5.4074597168e+02 5.4081097412e+02 5.4088098145e+02 5.4095697021e+02 5.4100402832e+02 5.4103698730e+02 5.4104699707e+02 5.4104101563e+02 5.4104101563e+02 5.4106201172e+02 5.4108197021e+02 5.4108697510e+02 5.4111700439e+02 5.4114599609e+02 5.4120397949e+02 5.4127099609e+02 5.4135101318e+02 5.4142901611e+02 5.4150097656e+02 5.4157397461e+02 5.4166998291e+02 5.4175500488e+02 5.4178900146e+02 5.4178900146e+02 5.4178997803e+02 5.4178802490e+02 5.4178997803e+02 5.4175402832e+02 5.4173199463e+02 5.4171997070e+02 5.4170697021e+02 5.4168200684e+02 5.4163098145e+02 5.4155401611e+02 5.4150897217e+02 5.4148699951e+02
5.4015899658e+02 5.4025598145e+02 5.4036199951e+02 5.4042700195e+02 5.4046301270e+02 5.4050097656e+02 5.4056201172e+02 5.4060699463e+02 5.4063098145e+02 5.4065899658e+02 5.4071301270e+02 5.4078698730e+02 5.4085699463e+02 5.4092602539e+02 5.4096398926e+02 5.4100402832e+02 5.4100701904e+02 5.4100299072e+02 5.4101397705e+02 5.4103100586e+02 5.4103900146e+02 5.4103497314e+02 5.4107098389e+02 5.4110699463e+02 5.4116497803e+02 5.4123400879e+02 5.4130297852e+02 5.4138000488e+02 5.4145001221e+02 5.4151599121e+02 5.4161499023e+02 5.4171099854e+02 5.4175897217e+02 5.4176800537e+02 5.4177600098e+02 5.4177099609e+02 5.4178198242e+02 5.4175897217e+02 5.4174700928e+02 5.4171801758e+02 5.4170001221e+02 5.4167700195e+02 5.4162701416e+02 5.4154199219e+02 5.4150402832e+02 5.4149200439e+02
5.4011602783e+02 5.4022302246e+02 5.4038098145e+02 5.4044799805e+02 5.4044702148e+02 5.4046099854e+02 5.4049798584e+02 5.4055200195e+02 5.4059301758e+02 5.4062799072e+02 5.4066802979e+02 5.4073797607e+02 5.4081500244e+02 5.4088800049e+02 5.4093103027e+02 5.4096099854e+02 5.4097198486e+02 5.4097900391e+02 5.4097802734e+02 5.4098901367e+02 5.4100097656e+02 5.4100201416e+02 5.4102801514e+02 5.4107800293e+02 5.4112701416e+02 5.4119000244e+02 5.4125402832e+02 5.4133099365e+02 5.4140100098e+02 5.4146600342e+02 5.4156701660e+02 5.4165698242e+02 5.4171600342e+02 5.4174102783e+02 5.4174597168e+02 5.4173699951e+02 5.4175897217e+02 5.4175897217e+02 5.4176098633e+02 5.4173297119e+02 5.4170098877e+02 5.4166400146e+02 5.4160498047e+02 5.4153601074e+02 5.4149902344e+02 5.4148699951e+02
5.4008398438e+02 5.4016400146e+02 5.4028399658e+02 5.4038000488e+02 5.4038397217e+02 5.4041699219e+02 5.4047497559e+02 5.4052099609e+02 5.4056402588e+02 5.4059899902e+02 5.4064099121e+02 5.4069000244e+02 5.4076397705e+02 5.4084002686e+02 5.4088702393e+02 5.4091998291e+02 5.4093298340e+02 5.4094000244e+02 5.4094799805e+02 5.4095202637e+02 5.4096197510e+02 5.4096502686e+02 5.4098101807e+02 5.4103198242e+02 5.4107299805e+02 5.4111901855e+02 5.4119097900e+02 5.4128601074e+02 5.4137298584e+02 5.4143902588e+02 5.4152099609e+02 5.4160198975e+02 5.4166400146e+02 5.4169897461e+02 5.4171502686e+02 5.4171600342e+02 5.4173602295e+02 5.4174401855e+02 5.4175000000e+02 5.4172399902e+02 5.4168402100e+02 5.4165197754e+02 5.4161199951e+02 5.4155603027e+02 5.4149798584e+02 5.4148297119e+02
5.4004602051e+02 5.4012402344e+02 5.4022900391e+02 5.4030700684e+02 5.4028698730e+02 5.4031799316e+02 5.4042901611e+02 5.4049499512e+02 5.4055297852e+02 5.4060198975e+02 5.4064801025e+02 5.4066302490e+02 5.4071502686e+02 5.4079302979e+02 5.4084100342e+02 5.4086297607e+02 5.4088397217e+02 5.4090698242e+02 5.4091302490e+02 5.4091198730e+02 5.4092700195e+02 5.4094299316e+02 5.4095202637e+02 5.4099597168e+02 5.4103997803e+02 5.4108300781e+02 5.4114599609e+02 5.4122399902e+02 5.4131402588e+02 5.4138098145e+02 5.4145898438e+02 5.4153900146e+02 5.4159997559e+02 5.4164001465e+02 5.4167297363e+02 5.4170001221e+02 5.4171099854e+02 5.4171099854e+02 5.4170697021e+02 5.4168902588e+02 5.4165698242e+02 5.4163897705e+02 5.4159899902e+02 5.4154400635e+02 5.4148699951e+02 5.4146997070e+02
5.4002398682e+02 5.4009698486e+02 5.4016998291e+02 5.4022698975e+02 5.4023297119e+02 5.4025799561e+02 5.4038201904e+02 5.4047198486e+02 5.4053900146e+02 5.4059600830e+02 5.4064202881e+02 5.4063598633e+02 5.4066497803e+02 5.4073901367e+02 5.4079199219e+02 5.4081097412e+02 5.4083197021e+02 5.4085302734e+02 5.4086401367e+02 5.4087402344e+02 5.4088702393e+02 5.4090899658e+02 5.4092102051e+02 5.4095800781e+02 5.4100897217e+02 5.4105200195e+02 5.4110900879e+02 5.4116998291e+02 5.4125201416e+02 5.4132098389e+02 5.4140100098e+02 5.4147998047e+02 5.4153002930e+02 5.4156896973e+02 5.4159301758e+02 5.4163500977e+02 5.4164697266e+02 5.4164801025e+02 5.4164599609e+02 5.4162298584e+02 5.4160302734e+02 5.4159997559e+02 5.4156597900e+02 5.4151000977e+02 5.4146502686e+02 5.4145599365e+02
