TESTSERVER/1/17.asc
NCOLS 100
NROWS 100
XLLCORNER 7.5497500000e+03
YLLCORNER 2.8910025000e+05
CELLSIZE 5.0000000000e-01
NODATA_VALUE -9.9990000000e+03
[rows 40 to 59 of 100, columns 0 to 45 of 100]
5.3921997070e+02 5.3922601318e+02 5.3921997070e+02 5.3922601318e+02 5.3926000977e+02 5.3930603027e+02 5.3932598877e+02 5.3933502197e+02 5.3934197998e+02 5.3938000488e+02 5.3940899658e+02 5.3942401123e+02 5.3945599365e+02 5.3947601318e+02 5.3950500488e+02 5.3954101563e+02 5.3958099365e+02 5.3960797119e+02 5.3965301514e+02 5.3970001221e+02 5.3975299072e+02 5.3980798340e+02 5.3986499023e+02 5.3989398193e+02 5.3989697266e+02 5.3990002441e+02 5.3989501953e+02 5.3989501953e+02 5.3992401123e+02 5.3990698242e+02 5.3989599609e+02 5.3989001465e+02 5.3988897705e+02 5.3989099121e+02 5.3987097168e+02 5.3984802246e+02 5.3987298584e+02 5.3981201172e+02 5.3980200195e+02 5.3982098389e+02 5.3983197021e+02 5.3984100342e+02 5.3983898926e+02 5.3984399414e+02 5.3985900879e+02 5.3987097168e+02
5.3919201660e+02 5.3920800781e+02 5.3920697021e+02 5.3921502686e+02 5.3924499512e+02 5.3927801514e+02 5.3928997803e+02 5.3930297852e+02 5.3932000732e+02 5.3934899902e+02 5.3936999512e+02 5.3939599609e+02 5.3943902588e+02 5.3946197510e+02 5.3949200439e+02 5.3953302002e+02 5.3958300781e+02 5.3961401367e+02 5.3965600586e+02 5.3970397949e+02 5.3974401855e+02 5.3979302979e+02 5.3984100342e+02 5.3987500000e+02 5.3989697266e+02 5.3991497803e+02 5.3990997314e+02 5.3989697266e+02 5.3989898682e+02 5.3987200928e+02 5.3986199951e+02 5.3986798096e+02 5.3986798096e+02 5.3989202881e+02 5.3990997314e+02 5.3985601807e+02 5.3983300781e+02 5.3982299805e+02 5.3979901123e+02 5.3980401611e+02 5.3982202148e+02 5.3984600830e+02 5.3984698486e+02 5.3984002686e+02 5.3985498047e+02 5.3985101318e+02
5.3915698242e+02 5.3918701172e+02 5.3920098877e+02 5.3921899414e+02 5.3924597168e+02 5.3926202393e+02 5.3926800537e+02 5.3928302002e+02 5.3930700684e+02 5.3933300781e+02 5.3934899902e+02 5.3937799072e+02 5.3942498779e+02 5.3946801758e+02 5.3950000000e+02 5.3952801514e+02 5.3956597900e+02 5.3960302734e+02 5.3965002441e+02 5.3971099854e+02 5.3976202393e+02 5.3979699707e+02 5.3983398438e+02 5.3986602783e+02 5.3989501953e+02 5.3992297363e+02 5.3992498779e+02 5.3990698242e+02 5.3990002441e+02 5.3988702393e+02 5.3988299561e+02 5.3988098145e+02 5.3985900879e+02 5.3987701416e+02 5.3990197754e+02 5.3986199951e+02 5.3981799316e+02 5.3984197998e+02 5.3982000732e+02 5.3980603027e+02 5.3981701660e+02 5.3983300781e+02 5.3983898926e+02 5.3984197998e+02 5.3985400391e+02 5.3984399414e+02
5.3912701416e+02 5.3915899658e+02 5.3918597412e+02 5.3921301270e+02 5.3923297119e+02 5.3923699951e+02 5.3924700928e+02 5.3927001953e+02 5.3929998779e+02 5.3932800293e+02 5.3934899902e+02 5.3938598633e+02 5.3943103027e+02 5.3947302246e+02 5.3950897217e+02 5.3953997803e+02 5.3956500244e+02 5.3959997559e+02 5.3965600586e+02 5.3973901367e+02 5.3980902100e+02 5.3982800293e+02 5.3984197998e+02 5.3986297607e+02 5.3989202881e+02 5.3991802979e+02 5.3992700195e+02 5.3991400146e+02 5.3990502930e+02 5.3990802002e+02 5.3991198730e+02 5.3990100098e+02 5.3987500000e+02 5.3987402344e+02 5.3988800049e+02 5.3988897705e+02 5.3985601807e+02 5.3986297607e+02 5.3984802246e+02 5.3982098389e+02 5.3981500244e+02 5.3982501221e+02 5.3983801270e+02 5.3985601807e+02 5.3985998535e+02 5.3984497070e+02
5.3910998535e+02 5.3912597656e+02 5.3915802002e+02 5.3918200684e+02 5.3918200684e+02 5.3920397949e+02 5.3923400879e+02 5.3926599121e+02 5.3927001953e+02 5.3931500244e+02 5.3936999512e+02 5.3942498779e+02 5.3945697021e+02 5.3947900391e+02 5.3950799561e+02 5.3954998779e+02 5.3958001709e+02 5.3960998535e+02 5.3966998291e+02 5.3976501465e+02 5.3984899902e+02 5.3986499023e+02 5.3986199951e+02 5.3986401367e+02 5.3987902832e+02 5.3989898682e+02 5.3990600586e+02 5.3989898682e+02 5.3989300537e+02 5.3989898682e+02 5.3990600586e+02 5.3989599609e+02 5.3989001465e+02 5.3988000488e+02 5.3988201904e+02 5.3991900635e+02 5.3990100098e+02 5.3983801270e+02 5.3984301758e+02 5.3984301758e+02 5.3982501221e+02 5.3983599854e+02 5.3983898926e+02 5.3984399414e+02 5.3985498047e+02 5.3984497070e+02
5.3908197021e+02 5.3908001709e+02 5.3910302734e+02 5.3912402344e+02 5.3914398193e+02 5.3919000244e+02 5.3922198486e+02 5.3925299072e+02 5.3927801514e+02 5.3933502197e+02 5.3939898682e+02 5.3945697021e+02 5.3948797607e+02 5.3950000000e+02 5.3951098633e+02 5.3953497314e+02 5.3956298828e+02 5.3959802246e+02 5.3965802002e+02 5.3974401855e+02 5.3981701660e+02 5.3985101318e+02 5.3985998535e+02 5.3985900879e+02 5.3987097168e+02 5.3988598633e+02 5.3989099121e+02 5.3988299561e+02 5.3987402344e+02 5.3989202881e+02 5.3990002441e+02 5.3989202881e+02 5.3987902832e+02 5.3986401367e+02 5.3986602783e+02 5.3989501953e+02 5.3989202881e+02 5.3982897949e+02 5.3983898926e+02 5.3984802246e+02 5.3980700684e+02 5.3982397461e+02 5.3983898926e+02 5.3984698486e+02 5.3984997559e+02 5.3984197998e+02
5.3906500244e+02 5.3906201172e+02 5.3908599854e+02 5.3911700439e+02 5.3915100098e+02 5.3917700195e+02 5.3920001221e+02 5.3925897217e+02 5.3931799316e+02 5.3935900879e+02 5.3941900635e+02 5.3948498535e+02 5.3953002930e+02 5.3952001953e+02 5.3951300049e+02 5.3951898193e+02 5.3953997803e+02 5.3958502197e+02 5.3963800049e+02 5.3970098877e+02 5.3976000977e+02 5.3980401611e+02 5.3982000732e+02 5.3982598877e+02 5.3984197998e+02 5.3986700439e+02 5.3988299561e+02 5.3988702393e+02 5.3988299561e+02 5.3990002441e+02 5.3989801025e+02 5.3988299561e+02 5.3987500000e+02 5.3985998535e+02 5.3985900879e+02 5.3986499023e+02 5.3987799072e+02 5.3984301758e+02 5.3983398438e+02 5.3986602783e+02 5.3983197021e+02 5.3982598877e+02 5.3983001709e+02 5.3984301758e+02 5.3985198975e+02 5.3984899902e+02
5.3905798340e+02 5.3907098389e+02 5.3910498047e+02 5.3914099121e+02 5.3916998291e+02 5.3918200684e+02 5.3922100830e+02 5.3930200195e+02 5.3936102295e+02 5.3937500000e+02 5.3941601563e+02 5.3947698975e+02 5.3953002930e+02 5.3952197266e+02 5.3951098633e+02 5.3951300049e+02 5.3953399658e+02 5.3958001709e+02 5.3962200928e+02 5.3966400146e+02 5.3970697021e+02 5.3975000000e+02 5.3977398682e+02 5.3978900146e+02 5.3981201172e+02 5.3984497070e+02 5.3987500000e+02 5.3989099121e+02 5.3989202881e+02 5.3990502930e+02 5.3989599609e+02 5.3988201904e+02 5.3987799072e+02 5.3986199951e+02 5.3986499023e+02 5.3986499023e+02 5.3988201904e+02 5.3986102295e+02 5.3981097412e+02 5.3984802246e+02 5.3986901855e+02 5.3983502197e+02 5.3980798340e+02 5.3981896973e+02 5.3984100342e+02 5.3984197998e+02
5.3907501221e+02 5.3909399414e+02 5.3911798096e+02 5.3913800049e+02 5.3916601563e+02 5.3922601318e+02 5.3928997803e+02 5.3934802246e+02 5.3938500977e+02 5.3938299561e+02 5.3940399170e+02 5.3943902588e+02 5.3946301270e+02 5.3946801758e+02 5.3947302246e+02 5.3948498535e+02 5.3952001953e+02 5.3955999756e+02 5.3959698486e+02 5.3964001465e+02 5.3968499756e+02 5.3971099854e+02 5.3973901367e+02 5.3976898193e+02 5.3980499268e+02 5.3982800293e+02 5.3986199951e+02 5.3988098145e+02 5.3987701416e+02 5.3989801025e+02 5.3990301514e+02 5.3989898682e+02 5.3987799072e+02 5.3986499023e+02 5.3987402344e+02 5.3987799072e+02 5.3988702393e+02 5.3986297607e+02 5.3980798340e+02 5.3981799316e+02 5.3990399170e+02 5.3984698486e+02 5.3981500244e+02 5.3983502197e+02 5.3984698486e+02 5.3984802246e+02
5.3908801270e+02 5.3909600830e+02 5.3910797119e+02 5.3914099121e+02 5.3921099854e+02 5.3928900146e+02 5.3933197021e+02 5.3936199951e+02 5.3937799072e+02 5.3937597656e+02 5.3940100098e+02 5.3942700195e+02 5.3943701172e+02 5.3944396973e+02 5.3946002197e+02 5.3946301270e+02 5.3948297119e+02 5.3951397705e+02 5.3954602051e+02 5.3959100342e+02 5.3963897705e+02 5.3967199707e+02 5.3970599365e+02 5.3975299072e+02 5.3979400635e+02 5.3980902100e+02 5.3984301758e+02 5.3987298584e+02 5.3987799072e+02 5.3988598633e+02 5.3990002441e+02 5.3989501953e+02 5.3987799072e+02 5.3988800049e+02 5.3989099121e+02 5.3988201904e+02 5.3987298584e+02 5.3988000488e+02 5.3985699463e+02 5.3985198975e+02 5.3992498779e+02 5.3988098145e+02 5.3982897949e+02 5.3983502197e+02 5.3985699463e+02 5.3985101318e+02
5.3908898926e+02 5.3909197998e+02 5.3913201904e+02 5.3920202637e+02 5.3928601074e+02 5.3934002686e+02 5.3935699463e+02 5.3936798096e+02 5.3937200928e+02 5.3936999512e+02 5.3939099121e+02 5.3941198730e+02 5.3940802002e+02 5.3941101074e+02 5.3945001221e+02 5.3945501709e+02 5.3944598389e+02 5.3948901367e+02 5.3952001953e+02 5.3955401611e+02 5.3959497070e+02 5.3962298584e+02 5.3965997314e+02 5.3971502686e+02 5.3976501465e+02 5.3978399658e+02 5.3981896973e+02 5.3985101318e+02 5.3986602783e+02 5.3988500977e+02 5.3990698242e+02 5.3991497803e+02 5.3990301514e+02 5.3989300537e+02 5.3987402344e+02 5.3986700439e+02 5.3987701416e+02 5.3990002441e+02 5.3988897705e+02 5.3986499023e+02 5.3990399170e+02 5.3991802979e+02 5.3986999512e+02 5.3983099365e+02 5.3983502197e+02 5.3983398438e+02
5.3909100342e+02 5.3913800049e+02 5.3921801758e+02 5.3929602051e+02 5.3935302734e+02 5.3937597656e+02 5.3937500000e+02 5.3937402344e+02 5.3937097168e+02 5.3936901855e+02 5.3938598633e+02 5.3940399170e+02 5.3939398193e+02 5.3938201904e+02 5.3942602539e+02 5.3943902588e+02 5.3940502930e+02 5.3945697021e+02 5.3948901367e+02 5.3951397705e+02 5.3955200195e+02 5.3958502197e+02 5.3962200928e+02 5.3966802979e+02 5.3971502686e+02 5.3974499512e+02 5.3977899170e+02 5.3980603027e+02 5.3983697510e+02 5.3987597656e+02 5.3989398193e+02 5.3990301514e+02 5.3990197754e+02 5.3988201904e+02 5.3986499023e+02 5.3986798096e+02 5.3988702393e+02 5.3990100098e+02 5.3988397217e+02 5.3983898926e+02 5.3984002686e+02 5.3991699219e+02 5.3991699219e+02 5.3984399414e+02 5.3982000732e+02 5.3982501221e+02
5.3913598633e+02 5.3924798584e+02 5.3933697510e+02 5.3937402344e+02 5.3938201904e+02 5.3939599609e+02 5.3939697266e+02 5.3939501953e+02 5.3937902832e+02 5.3937402344e+02 5.3939001465e+02 5.3940502930e+02 5.3940100098e+02 5.3938397217e+02 5.3940197754e+02 5.3941497803e+02 5.3940002441e+02 5.3942901611e+02 5.3945697021e+02 5.3947698975e+02 5.3950000000e+02 5.3954998779e+02 5.3958801270e+02 5.3961901855e+02 5.3965600586e+02 5.3970300293e+02 5.3973699951e+02 5.3975799561e+02 5.3976702881e+02 5.3977899170e+02 5.3977899170e+02 5.3979699707e+02 5.3983898926e+02 5.3988299561e+02 5.3991400146e+02 5.3990002441e+02 5.3985101318e+02 5.3984802246e+02 5.3983300781e+02 5.3979101563e+02 5.3976098633e+02 5.3985101318e+02 5.3992498779e+02 5.3988500977e+02 5.3983300781e+02 5.3983099365e+02
5.3928100586e+02 5.3936999512e+02 5.3940997314e+02 5.3941699219e+02 5.3941802979e+02 5.3942199707e+02 5.3940997314e+02 5.3939599609e+02 5.3937298584e+02 5.3937200928e+02 5.3938500977e+02 5.3938000488e+02 5.3937500000e+02 5.3938000488e+02 5.3939202881e+02 5.3941302490e+02 5.3941101074e+02 5.3940698242e+02 5.3942999268e+02 5.3946002197e+02 5.3948101807e+02 5.3951800537e+02 5.3954602051e+02 5.3957000732e+02 5.3959698486e+02 5.3964001465e+02 5.3968298340e+02 5.3971398926e+02 5.3971997070e+02 5.3971099854e+02 5.3973498535e+02 5.3978802490e+02 5.3984802246e+02 5.3989599609e+02 5.3990997314e+02 5.3985998535e+02 5.3978399658e+02 5.3977197266e+02 5.3979101563e+02 5.3978601074e+02 5.3976202393e+02 5.3979199219e+02 5.3989202881e+02 5.3993103027e+02 5.3986700439e+02 5.3982702637e+02
5.3939599609e+02 5.3944299316e+02 5.3945001221e+02 5.3945001221e+02 5.3945098877e+02 5.3943701172e+02 5.3940600586e+02 5.3938500977e+02 5.3937298584e+02 5.3937298584e+02 5.3937799072e+02 5.3937500000e+02 5.3936901855e+02 5.3936401367e+02 5.3936901855e+02 5.3938598633e+02 5.3938800049e+02 5.3936901855e+02 5.3939202881e+02 5.3942999268e+02 5.3945001221e+02 5.3947998047e+02 5.3950598145e+02 5.3952899170e+02 5.3955297852e+02 5.3959100342e+02 5.3963598633e+02 5.3967401123e+02 5.3968597412e+02 5.3968200684e+02 5.3970300293e+02 5.3974798584e+02 5.3979901123e+02 5.3982098389e+02 5.3981701660e+02 5.3976800537e+02 5.3971697998e+02 5.3972998047e+02 5.3976800537e+02 5.3977001953e+02 5.3975000000e+02 5.3974597168e+02 5.3983801270e+02 5.3993298340e+02 5.3990301514e+02 5.3984399414e+02
5.3945599365e+02 5.3946099854e+02 5.3946398926e+02 5.3946697998e+02 5.3946899414e+02 5.3944201660e+02 5.3939898682e+02 5.3937200928e+02 5.3936602783e+02 5.3935797119e+02 5.3935797119e+02 5.3936700439e+02 5.3936700439e+02 5.3935101318e+02 5.3934600830e+02 5.3934997559e+02 5.3936499023e+02 5.3936798096e+02 5.3938500977e+02 5.3941101074e+02 5.3941699219e+02 5.3945098877e+02 5.3948297119e+02 5.3951098633e+02 5.3953399658e+02 5.3955902100e+02 5.3959802246e+02 5.3963299561e+02 5.3963702393e+02 5.3963897705e+02 5.3965600586e+02 5.3968402100e+02 5.3971899414e+02 5.3972998047e+02 5.3973297119e+02 5.3971502686e+02 5.3970001221e+02 5.3971899414e+02 5.3974700928e+02 5.3974102783e+02 5.3973400879e+02 5.3972998047e+02 5.3979302979e+02 5.3989398193e+02 5.3991198730e+02 5.3984899902e+02
5.3941699219e+02 5.3946197510e+02 5.3947399902e+02 5.3947100830e+02 5.3946301270e+02 5.3943597412e+02 5.3939398193e+02 5.3936700439e+02 5.3934698486e+02 5.3932800293e+02 5.3932702637e+02 5.3934100342e+02 5.3933898926e+02 5.3933001709e+02 5.3934497070e+02 5.3935302734e+02 5.3936199951e+02 5.3937298584e+02 5.3939099121e+02 5.3940502930e+02 5.3940197754e+02 5.3942602539e+02 5.3947399902e+02 5.3951300049e+02 5.3952301025e+02 5.3953302002e+02 5.3956097412e+02 5.3958300781e+02 5.3956201172e+02 5.3959600830e+02 5.3963201904e+02 5.3966101074e+02 5.3968798828e+02 5.3969299316e+02 5.3972698975e+02 5.3974200439e+02 5.3973101807e+02 5.3971801758e+02 5.3971997070e+02 5.3971600342e+02 5.3971398926e+02 5.3972900391e+02 5.3977197266e+02 5.3985797119e+02 5.3994097900e+02 5.3988598633e+02
5.3934899902e+02 5.3943103027e+02 5.3946502686e+02 5.3947399902e+02 5.3945898438e+02 5.3939501953e+02 5.3935601807e+02 5.3934600830e+02 5.3934100342e+02 5.3932800293e+02 5.3933197021e+02 5.3933502197e+02 5.3931201172e+02 5.3929498291e+02 5.3932397461e+02 5.3934802246e+02 5.3933898926e+02 5.3931799316e+02 5.3933398438e+02 5.3937298584e+02 5.3940698242e+02 5.3941101074e+02 5.3945300293e+02 5.3949499512e+02 5.3950201416e+02 5.3951397705e+02 5.3954901123e+02 5.3957098389e+02 5.3955499268e+02 5.3958398438e+02 5.3961798096e+02 5.3966198730e+02 5.3972302246e+02 5.3974700928e+02 5.3976599121e+02 5.3975500488e+02 5.3974902344e+02 5.3973498535e+02 5.3972802734e+02 5.3971801758e+02 5.3970800781e+02 5.3971502686e+02 5.3976800537e+02 5.3986999512e+02 5.3996697998e+02 5.3991998291e+02
5.3926202393e+02 5.3936102295e+02 5.3941302490e+02 5.3944299316e+02 5.3945202637e+02 5.3939001465e+02 5.3934600830e+02 5.3933001709e+02 5.3933001709e+02 5.3932299805e+02 5.3932501221e+02 5.3931597900e+02 5.3928997803e+02 5.3930798340e+02 5.3935101318e+02 5.3935498047e+02 5.3930700684e+02 5.3925701904e+02 5.3926599121e+02 5.3932598877e+02 5.3939599609e+02 5.3942498779e+02 5.3947100830e+02 5.3950097656e+02 5.3949401855e+02 5.3951202393e+02 5.3954699707e+02 5.3957598877e+02 5.3958001709e+02 5.3959899902e+02 5.3963397217e+02 5.3970098877e+02 5.3981097412e+02 5.3989001465e+02 5.3985198975e+02 5.3977502441e+02 5.3976397705e+02 5.3976202393e+02 5.3973999023e+02 5.3971697998e+02 5.3970300293e+02 5.3969396973e+02 5.3974102783e+02 5.3983898926e+02 5.3992498779e+02 5.3990502930e+02
5.3916198730e+02 5.3925598145e+02 5.3931799316e+02 5.3936602783e+02 5.3941998291e+02 5.3938098145e+02 5.3930798340e+02 5.3925500488e+02 5.3924102783e+02 5.3924597168e+02 5.3927600098e+02 5.3928302002e+02 5.3927301025e+02 5.3934399414e+02 5.3937597656e+02 5.3933398438e+02 5.3926098633e+02 5.3921197510e+02 5.3922399902e+02 5.3928698730e+02 5.3937097168e+02 5.3944000244e+02 5.3949499512e+02 5.3951300049e+02 5.3948901367e+02 5.3950598145e+02 5.3953302002e+02 5.3956896973e+02 5.3960101318e+02 5.3961901855e+02 5.3964599609e+02 5.3971801758e+02 5.3985498047e+02 5.3996899414e+02 5.3990600586e+02 5.3979699707e+02 5.3977600098e+02 5.3975897217e+02 5.3971801758e+02 5.3968902588e+02 5.3968597412e+02 5.3966998291e+02 5.3971197510e+02 5.3979400635e+02 5.3984997559e+02 5.3986401367e+02
