TESTSERVER/1/19.asc
NCOLS 100
NROWS 100
XLLCORNER 7.5497500000e+03
YLLCORNER 2.8900025000e+05
CELLSIZE 5.0000000000e-01
NODATA_VALUE -9.9990000000e+03
[rows 80 to 99 of 100, columns 0 to 45 of 100]
5.3821002197e+02 5.3821197510e+02 5.3821301270e+02 5.3821398926e+02 5.3821502686e+02 5.3821301270e+02 5.3821301270e+02 5.3821301270e+02 5.3821697998e+02 5.3821600342e+02 5.3821899414e+02 5.3822198486e+02 5.3822497559e+02 5.3821899414e+02 5.3821997070e+02 5.3821899414e+02 5.3821600342e+02 5.3820300293e+02 5.3820397949e+02 5.3820800781e+02 5.3821801758e+02 5.3822302246e+02 5.3822900391e+02 5.3823498535e+02 5.3824499512e+02 5.3824102783e+02 5.3823797607e+02 5.3823400879e+02 5.3823101807e+02 5.3822302246e+02 5.3821600342e+02 5.3821002197e+02 5.3819799805e+02 5.3819598389e+02 5.3819396973e+02 5.3819299316e+02 5.3819097900e+02 5.3819396973e+02 5.3819500732e+02 5.3819799805e+02 5.3820098877e+02 5.3820202637e+02 5.3820697021e+02 5.3821099854e+02 5.3821600342e+02 5.3821997070e+02
5.3821301270e+02 5.3821502686e+02 5.3821600342e+02 5.3821697998e+02 5.3821502686e+02 5.3821301270e+02 5.3821502686e+02 5.3821801758e+02 5.3822198486e+02 5.3822698975e+02 5.3823199463e+02 5.3823602295e+02 5.3823199463e+02 5.3822399902e+02 5.3822302246e+02 5.3822302246e+02 5.3822100830e+02 5.3821697998e+02 5.3821899414e+02 5.3822100830e+02 5.3822497559e+02 5.3822998047e+02 5.3823400879e+02 5.3823901367e+02 5.3823999023e+02 5.3823699951e+02 5.3823699951e+02 5.3823602295e+02 5.3823400879e+02 5.3822497559e+02 5.3821502686e+02 5.3820501709e+02 5.3819702148e+02 5.3819299316e+02 5.3818902588e+02 5.3818798828e+02 5.3818798828e+02 5.3818902588e+02 5.3819299316e+02 5.3819799805e+02 5.3820599365e+02 5.3821099854e+02 5.3821502686e+02 5.3821801758e+02 5.3821899414e+02 5.3821997070e+02
5.3821398926e+02 5.3821502686e+02 5.3821502686e+02 5.3821600342e+02 5.3821398926e+02 5.3821197510e+02 5.3821398926e+02 5.3821801758e+02 5.3822601318e+02 5.3823400879e+02 5.3823901367e+02 5.3824102783e+02 5.3823400879e+02 5.3822497559e+02 5.3822302246e+02 5.3822198486e+02 5.3822302246e+02 5.3822399902e+02 5.3822601318e+02 5.3822802734e+02 5.3823101807e+02 5.3823199463e+02 5.3823199463e+02 5.3823199463e+02 5.3823199463e+02 5.3823297119e+02 5.3823602295e+02 5.3823699951e+02 5.3823797607e+02 5.3822802734e+02 5.3821697998e+02 5.3820697021e+02 5.3819702148e+02 5.3819201660e+02 5.3818798828e+02 5.3818597412e+02 5.3818597412e+02 5.3818902588e+02 5.3819299316e+02 5.3819897461e+02 5.3820898438e+02 5.3821600342e+02 5.3821899414e+02 5.3822100830e+02 5.3821899414e+02 5.3821801758e+02
5.3821197510e+02 5.3821197510e+02 5.3821398926e+02 5.3821600342e+02 5.3821398926e+02 5.3821197510e+02 5.3821398926e+02 5.3821697998e+02 5.3822698975e+02 5.3823797607e+02 5.3823999023e+02 5.3824102783e+02 5.3823297119e+02 5.3822302246e+02 5.3821997070e+02 5.3821899414e+02 5.3822302246e+02 5.3822802734e+02 5.3822998047e+02 5.3823101807e+02 5.3823297119e+02 5.3823199463e+02 5.3822698975e+02 5.3822399902e+02 5.3822302246e+02 5.3822802734e+02 5.3823297119e+02 5.3823699951e+02 5.3824102783e+02 5.3823297119e+02 5.3822100830e+02 5.3821002197e+02 5.3819897461e+02 5.3819299316e+02 5.3818902588e+02 5.3818798828e+02 5.3818798828e+02 5.3819097900e+02 5.3819598389e+02 5.3820300293e+02 5.3821197510e+02 5.3821801758e+02 5.3821997070e+02 5.3822100830e+02 5.3821801758e+02 5.3821502686e+02
5.3821197510e+02 5.3821002197e+02 5.3821197510e+02 5.3821398926e+02 5.3821197510e+02 5.3821600342e+02 5.3821899414e+02 5.3822198486e+02 5.3823101807e+02 5.3823498535e+02 5.3823400879e+02 5.3823199463e+02 5.3822100830e+02 5.3821502686e+02 5.3821099854e+02 5.3821002197e+02 5.3821502686e+02 5.3822802734e+02 5.3823199463e+02 5.3823297119e+02 5.3823101807e+02 5.3822497559e+02 5.3821899414e+02 5.3821398926e+02 5.3821197510e+02 5.3821899414e+02 5.3822900391e+02 5.3823699951e+02 5.3823999023e+02 5.3823797607e+02 5.3823101807e+02 5.3822198486e+02 5.3821197510e+02 5.3819799805e+02 5.3819396973e+02 5.3819299316e+02 5.3819500732e+02 5.3819897461e+02 5.3820501709e+02 5.3821099854e+02 5.3821697998e+02 5.3821600342e+02 5.3821600342e+02 5.3821600342e+02 5.3821197510e+02 5.3821099854e+02
5.3820599365e+02 5.3820800781e+02 5.3821099854e+02 5.3821197510e+02 5.3821502686e+02 5.3822100830e+02 5.3822399902e+02 5.3822497559e+02 5.3822399902e+02 5.3822302246e+02 5.3822100830e+02 5.3821697998e+02 5.3821002197e+02 5.3820202637e+02 5.3820001221e+02 5.3820202637e+02 5.3821099854e+02 5.3822302246e+02 5.3822998047e+02 5.3823400879e+02 5.3822698975e+02 5.3821197510e+02 5.3820599365e+02 5.3820397949e+02 5.3820300293e+02 5.3821002197e+02 5.3821997070e+02 5.3823199463e+02 5.3823999023e+02 5.3824401855e+02 5.3824401855e+02 5.3823797607e+02 5.3822100830e+02 5.3820697021e+02 5.3820397949e+02 5.3820202637e+02 5.3820501709e+02 5.3821002197e+02 5.3821398926e+02 5.3821600342e+02 5.3821600342e+02 5.3821398926e+02 5.3821197510e+02 5.3821197510e+02 5.3821002197e+02 5.3821002197e+02
5.3820202637e+02 5.3820599365e+02 5.3821099854e+02 5.3821398926e+02 5.3821801758e+02 5.3822302246e+02 5.3822302246e+02 5.3822100830e+02 5.3821697998e+02 5.3821398926e+02 5.3821002197e+02 5.3820501709e+02 5.3819897461e+02 5.3819396973e+02 5.3819396973e+02 5.3819702148e+02 5.3820800781e+02 5.3822100830e+02 5.3822698975e+02 5.3823101807e+02 5.3822399902e+02 5.3820599365e+02 5.3820001221e+02 5.3819702148e+02 5.3819799805e+02 5.3820599365e+02 5.3821600342e+02 5.3822698975e+02 5.3823999023e+02 5.3824798584e+02 5.3824902344e+02 5.3824499512e+02 5.3822900391e+02 5.3821600342e+02 5.3821197510e+02 5.3821002197e+02 5.3821099854e+02 5.3821398926e+02 5.3821502686e+02 5.3821398926e+02 5.3821197510e+02 5.3821002197e+02 5.3821002197e+02 5.3821002197e+02 5.3820800781e+02 5.3820800781e+02
5.3820001221e+02 5.3820599365e+02 5.3821197510e+02 5.3821697998e+02 5.3822100830e+02 5.3822399902e+02 5.3822198486e+02 5.3821801758e+02 5.3821002197e+02 5.3820501709e+02 5.3820001221e+02 5.3819500732e+02 5.3819000244e+02 5.3818798828e+02 5.3819000244e+02 5.3819396973e+02 5.3820599365e+02 5.3821801758e+02 5.3822399902e+02 5.3822802734e+02 5.3821997070e+02 5.3820300293e+02 5.3819598389e+02 5.3819299316e+02 5.3819598389e+02 5.3820397949e+02 5.3821398926e+02 5.3822399902e+02 5.3823901367e+02 5.3825000000e+02 5.3825097656e+02 5.3824798584e+02 5.3823498535e+02 5.3822399902e+02 5.3821899414e+02 5.3821600342e+02 5.3821600342e+02 5.3821502686e+02 5.3821197510e+02 5.3820898438e+02 5.3820599365e+02 5.3820501709e+02 5.3820599365e+02 5.3820697021e+02 5.3820697021e+02 5.3820599365e+02
5.3820300293e+02 5.3820697021e+02 5.3821301270e+02 5.3821899414e+02 5.3822302246e+02 5.3821997070e+02 5.3821502686e+02 5.3820800781e+02 5.3819897461e+02 5.3819702148e+02 5.3819201660e+02 5.3818701172e+02 5.3817797852e+02 5.3818200684e+02 5.3818798828e+02 5.3819500732e+02 5.3820697021e+02 5.3821600342e+02 5.3822302246e+02 5.3822698975e+02 5.3822100830e+02 5.3820599365e+02 5.3820098877e+02 5.3819598389e+02 5.3819500732e+02 5.3820300293e+02 5.3821301270e+02 5.3822497559e+02 5.3824700928e+02 5.3824902344e+02 5.3824902344e+02 5.3824700928e+02 5.3824798584e+02 5.3823602295e+02 5.3822698975e+02 5.3821697998e+02 5.3820501709e+02 5.3821002197e+02 5.3820501709e+02 5.3820001221e+02 5.3819598389e+02 5.3819702148e+02 5.3820001221e+02 5.3820300293e+02 5.3820300293e+02 5.3820397949e+02
5.3820300293e+02 5.3820599365e+02 5.3821099854e+02 5.3821502686e+02 5.3822100830e+02 5.3821801758e+02 5.3821197510e+02 5.3820697021e+02 5.3820098877e+02 5.3819396973e+02 5.3818902588e+02 5.3818402100e+02 5.3817901611e+02 5.3818103027e+02 5.3818798828e+02 5.3819598389e+02 5.3820501709e+02 5.3821502686e+02 5.3822100830e+02 5.3822302246e+02 5.3821697998e+02 5.3821197510e+02 5.3820800781e+02 5.3820300293e+02 5.3820001221e+02 5.3820697021e+02 5.3821697998e+02 5.3822698975e+02 5.3823999023e+02 5.3824102783e+02 5.3823999023e+02 5.3824102783e+02 5.3824597168e+02 5.3824499512e+02 5.3823699951e+02 5.3822302246e+02 5.3821002197e+02 5.3820697021e+02 5.3820098877e+02 5.3819598389e+02 5.3819201660e+02 5.3819396973e+02 5.3819799805e+02 5.3820098877e+02 5.3820300293e+02 5.3820397949e+02
5.3820397949e+02 5.3820501709e+02 5.3821002197e+02 5.3821502686e+02 5.3822100830e+02 5.3821997070e+02 5.3821600342e+02 5.3821099854e+02 5.3820501709e+02 5.3819598389e+02 5.3819000244e+02 5.3818597412e+02 5.3818298340e+02 5.3818402100e+02 5.3818902588e+02 5.3819500732e+02 5.3820501709e+02 5.3821502686e+02 5.3821997070e+02 5.3821899414e+02 5.3821301270e+02 5.3821099854e+02 5.3820898438e+02 5.3820599365e+02 5.3820501709e+02 5.3821099854e+02 5.3821801758e+02 5.3822399902e+02 5.3822998047e+02 5.3822900391e+02 5.3822900391e+02 5.3823101807e+02 5.3823999023e+02 5.3824499512e+02 5.3823999023e+02 5.3823101807e+02 5.3821697998e+02 5.3820800781e+02 5.3820202637e+02 5.3819702148e+02 5.3819097900e+02 5.3819299316e+02 5.3819799805e+02 5.3820098877e+02 5.3820300293e+02 5.3820397949e+02
5.3820501709e+02 5.3820599365e+02 5.3821099854e+02 5.3821600342e+02 5.3822302246e+02 5.3822302246e+02 5.3821997070e+02 5.3821697998e+02 5.3821099854e+02 5.3820202637e+02 5.3819598389e+02 5.3819201660e+02 5.3819000244e+02 5.3818902588e+02 5.3819201660e+02 5.3819500732e+02 5.3820599365e+02 5.3821801758e+02 5.3821997070e+02 5.3821697998e+02 5.3820898438e+02 5.3821002197e+02 5.3820800781e+02 5.3820697021e+02 5.3820800781e+02 5.3821301270e+02 5.3821502686e+02 5.3821801758e+02 5.3821600342e+02 5.3821398926e+02 5.3821600342e+02 5.3821997070e+02 5.3823199463e+02 5.3824298096e+02 5.3824200439e+02 5.3823699951e+02 5.3822399902e+02 5.3821301270e+02 5.3820697021e+02 5.3820202637e+02 5.3819396973e+02 5.3819396973e+02 5.3819897461e+02 5.3820202637e+02 5.3820202637e+02 5.3820300293e+02
5.3820202637e+02 5.3820697021e+02 5.3821502686e+02 5.3822100830e+02 5.3823101807e+02 5.3822998047e+02 5.3822900391e+02 5.3822698975e+02 5.3822302246e+02 5.3821099854e+02 5.3820501709e+02 5.3820098877e+02 5.3820098877e+02 5.3819897461e+02 5.3819799805e+02 5.3820001221e+02 5.3821398926e+02 5.3822198486e+02 5.3821997070e+02 5.3821398926e+02 5.3820202637e+02 5.3820202637e+02 5.3820300293e+02 5.3820397949e+02 5.3820898438e+02 5.3821502686e+02 5.3821301270e+02 5.3820800781e+02 5.3819500732e+02 5.3819799805e+02 5.3820202637e+02 5.3820898438e+02 5.3822399902e+02 5.3823602295e+02 5.3824102783e+02 5.3824298096e+02 5.3824597168e+02 5.3822900391e+02 5.3821997070e+02 5.3821197510e+02 5.3820397949e+02 5.3820001221e+02 5.3820098877e+02 5.3820202637e+02 5.3819799805e+02 5.3819897461e+02
5.3820898438e+02 5.3821600342e+02 5.3822497559e+02 5.3823199463e+02 5.3823602295e+02 5.3823602295e+02 5.3823498535e+02 5.3823199463e+02 5.3822698975e+02 5.3821697998e+02 5.3821002197e+02 5.3820501709e+02 5.3820300293e+02 5.3820300293e+02 5.3820397949e+02 5.3820697021e+02 5.3821801758e+02 5.3822399902e+02 5.3821801758e+02 5.3820800781e+02 5.3819702148e+02 5.3819799805e+02 5.3820098877e+02 5.3820397949e+02 5.3820898438e+02 5.3821301270e+02 5.3820898438e+02 5.3820202637e+02 5.3819299316e+02 5.3819097900e+02 5.3819500732e+02 5.3820202637e+02 5.3821899414e+02 5.3823498535e+02 5.3824298096e+02 5.3824902344e+02 5.3825097656e+02 5.3824499512e+02 5.3823498535e+02 5.3822399902e+02 5.3821197510e+02 5.3820697021e+02 5.3820202637e+02 5.3819799805e+02 5.3819396973e+02 5.3819500732e+02
5.3821697998e+02 5.3822698975e+02 5.3823400879e+02 5.3823999023e+02 5.3824102783e+02 5.3823999023e+02 5.3823797607e+02 5.3823498535e+02 5.3822900391e+02 5.3821899414e+02 5.3821301270e+02 5.3820697021e+02 5.3820300293e+02 5.3820300293e+02 5.3820501709e+02 5.3820898438e+02 5.3822100830e+02 5.3822399902e+02 5.3821600342e+02 5.3820501709e+02 5.3819201660e+02 5.3819500732e+02 5.3820098877e+02 5.3820599365e+02 5.3820898438e+02 5.3820898438e+02 5.3820599365e+02 5.3820098877e+02 5.3819201660e+02 5.3818902588e+02 5.3819097900e+02 5.3819702148e+02 5.3821398926e+02 5.3823199463e+02 5.3824102783e+02 5.3824700928e+02 5.3825000000e+02 5.3824597168e+02 5.3823901367e+02 5.3822802734e+02 5.3821600342e+02 5.3820800781e+02 5.3820202637e+02 5.3819500732e+02 5.3819097900e+02 5.3819097900e+02
5.3822698975e+02 5.3823602295e+02 5.3824102783e+02 5.3824499512e+02 5.3824499512e+02 5.3824200439e+02 5.3823999023e+02 5.3823699951e+02 5.3822802734e+02 5.3821899414e+02 5.3821301270e+02 5.3820800781e+02 5.3820300293e+02 5.3820202637e+02 5.3820501709e+02 5.3821099854e+02 5.3822302246e+02 5.3822302246e+02 5.3821398926e+02 5.3820202637e+02 5.3818798828e+02 5.3819299316e+02 5.3820098877e+02 5.3820800781e+02 5.3820898438e+02 5.3820599365e+02 5.3820397949e+02 5.3820001221e+02 5.3819299316e+02 5.3819000244e+02 5.3819097900e+02 5.3819500732e+02 5.3820800781e+02 5.3822601318e+02 5.3823498535e+02 5.3824102783e+02 5.3824499512e+02 5.3824298096e+02 5.3823699951e+02 5.3822802734e+02 5.3821697998e+02 5.3820898438e+02 5.3820202637e+02 5.3819500732e+02 5.3819000244e+02 5.3818798828e+02
5.3823297119e+02 5.3823797607e+02 5.3824298096e+02 5.3824700928e+02 5.3824798584e+02 5.3824200439e+02 5.3823901367e+02 5.3823297119e+02 5.3822399902e+02 5.3821697998e+02 5.3821099854e+02 5.3820599365e+02 5.3820202637e+02 5.3820098877e+02 5.3820397949e+02 5.3820800781e+02 5.3821301270e+02 5.3821801758e+02 5.3820697021e+02 5.3819396973e+02 5.3817700195e+02 5.3818798828e+02 5.3819799805e+02 5.3820697021e+02 5.3820501709e+02 5.3820300293e+02 5.3820202637e+02 5.3820001221e+02 5.3819201660e+02 5.3818902588e+02 5.3818902588e+02 5.3819000244e+02 5.3818902588e+02 5.3820898438e+02 5.3821899414e+02 5.3822998047e+02 5.3823602295e+02 5.3823602295e+02 5.3823400879e+02 5.3823101807e+02 5.3822497559e+02 5.3821301270e+02 5.3820800781e+02 5.3820202637e+02 5.3819799805e+02 5.3818798828e+02
5.3823297119e+02 5.3823498535e+02 5.3823901367e+02 5.3824401855e+02 5.3824499512e+02 5.3824102783e+02 5.3823699951e+02 5.3823199463e+02 5.3822198486e+02 5.3821002197e+02 5.3820300293e+02 5.3819799805e+02 5.3819702148e+02 5.3820001221e+02 5.3820300293e+02 5.3820501709e+02 5.3821099854e+02 5.3820898438e+02 5.3819500732e+02 5.3818200684e+02 5.3818103027e+02 5.3819299316e+02 5.3820001221e+02 5.3820501709e+02 5.3820501709e+02 5.3820599365e+02 5.3820697021e+02 5.3820697021e+02 5.3820001221e+02 5.3819500732e+02 5.3819500732e+02 5.3819500732e+02 5.3819396973e+02 5.3819799805e+02 5.3820697021e+02 5.3821801758e+02 5.3822497559e+02 5.3822802734e+02 5.3823199463e+02 5.3823400879e+02 5.3822900391e+02 5.3822302246e+02 5.3821899414e+02 5.3821197510e+02 5.3820300293e+02 5.3819500732e+02
5.3822900391e+02 5.3822900391e+02 5.3823199463e+02 5.3823602295e+02 5.3823901367e+02 5.3823699951e+02 5.3823602295e+02 5.3823199463e+02 5.3822100830e+02 5.3820599365e+02 5.3819897461e+02 5.3819396973e+02 5.3819396973e+02 5.3819897461e+02 5.3820300293e+02 5.3820697021e+02 5.3821002197e+02 5.3820300293e+02 5.3819000244e+02 5.3818103027e+02 5.3818798828e+02 5.3820001221e+02 5.3820300293e+02 5.3820501709e+02 5.3820501709e+02 5.3820898438e+02 5.3821002197e+02 5.3821099854e+02 5.3820697021e+02 5.3820300293e+02 5.3820300293e+02 5.3820202637e+02 5.3819897461e+02 5.3819598389e+02 5.3820202637e+02 5.3821002197e+02 5.3821600342e+02 5.3822198486e+02 5.3822802734e+02 5.3823199463e+02 5.3823199463e+02 5.3822900391e+02 5.3822601318e+02 5.3821801758e+02 5.3820697021e+02 5.3820001221e+02
5.3822100830e+02 5.3821899414e+02 5.3821997070e+02 5.3822399902e+02 5.3822802734e+02 5.3823199463e+02 5.3823297119e+02 5.3823199463e+02 5.3821997070e+02 5.3820300293e+02 5.3819702148e+02 5.3819396973e+02 5.3819396973e+02 5.3820001221e+02 5.3820501709e+02 5.3821099854e+02 5.3821197510e+02 5.3820098877e+02 5.3819000244e+02 5.3818402100e+02 5.3819598389e+02 5.3820599365e+02 5.3820599365e+02 5.3820397949e+02 5.3820397949e+02 5.3821099854e+02 5.3821301270e+02 5.3821502686e+02 5.3821099854e+02 5.3820599365e+02 5.3820599365e+02 5.3820599365e+02 5.3820397949e+02 5.3819702148e+02 5.3819897461e+02 5.3820397949e+02 5.3820697021e+02 5.3821398926e+02 5.3822302246e+02 5.3822900391e+02 5.3823400879e+02 5.3823297119e+02 5.3822900391e+02 5.3822100830e+02 5.3820898438e+02 5.3820202637e+02
