TESTSERVER/1/2.asc
NCOLS 100
NROWS 100
XLLCORNER 7.5497500000e+03
YLLCORNER 2.8985025000e+05
CELLSIZE 5.0000000000e-01
NODATA_VALUE -9.9990000000e+03
[rows 60 to 79 of 100, columns 46 to 91 of 100]
6.1961199951e+02 6.1965002441e+02 6.1973400879e+02 6.1987402344e+02 6.2002301025e+02 6.2019000244e+02 6.2036297607e+02 6.2054400635e+02 6.2072998047e+02 6.2088500977e+02 6.2101898193e+02 6.2115002441e+02 6.2127001953e+02 6.2133801270e+02 6.2147198486e+02 6.2164300537e+02 6.2179498291e+02 6.2186297607e+02 6.2194097900e+02 6.2212402344e+02 6.2237799072e+02 6.2253497314e+02 6.2270599365e+02 6.2289697266e+02 6.2298699951e+02 6.2292401123e+02 6.2300598145e+02 6.2315100098e+02 6.2322698975e+02 6.2334997559e+02 6.2345397949e+02 6.2347998047e+02 6.2352197266e+02 6.2366400146e+02 6.2378100586e+02 6.2393402100e+02 6.2412402344e+02 6.2426098633e+02 6.2440600586e+02 6.2454699707e+02 6.2468902588e+02 6.2485498047e+02 6.2501800537e+02 6.2518701172e+02 6.2535302734e+02 6.2557202148e+02
6.1949401855e+02 6.1953601074e+02 6.1959301758e+02 6.1971697998e+02 6.1986901855e+02 6.2002502441e+02 6.2018597412e+02 6.2036401367e+02 6.2056500244e+02 6.2072802734e+02 6.2084899902e+02 6.2096002197e+02 6.2109997559e+02 6.2119396973e+02 6.2133398438e+02 6.2148797607e+02 6.2160400391e+02 6.2168200684e+02 6.2182598877e+02 6.2207501221e+02 6.2234197998e+02 6.2245098877e+02 6.2255499268e+02 6.2270397949e+02 6.2281799316e+02 6.2279797363e+02 6.2286602783e+02 6.2297998047e+02 6.2303601074e+02 6.2307897949e+02 6.2315399170e+02 6.2321099854e+02 6.2334600830e+02 6.2353100586e+02 6.2366302490e+02 6.2383599854e+02 6.2403100586e+02 6.2416198730e+02 6.2429699707e+02 6.2442602539e+02 6.2455200195e+02 6.2470501709e+02 6.2484497070e+02 6.2500500488e+02 6.2519396973e+02 6.2543200684e+02
6.1933300781e+02 6.1939202881e+02 6.1947198486e+02 6.1960601807e+02 6.1975598145e+02 6.1990100098e+02 6.2003802490e+02 6.2020001221e+02 6.2040600586e+02 6.2057299805e+02 6.2069299316e+02 6.2079797363e+02 6.2092797852e+02 6.2104797363e+02 6.2120202637e+02 6.2134802246e+02 6.2144097900e+02 6.2154400635e+02 6.2173199463e+02 6.2200000000e+02 6.2228002930e+02 6.2244500732e+02 6.2252301025e+02 6.2259197998e+02 6.2266302490e+02 6.2267999268e+02 6.2277099609e+02 6.2285498047e+02 6.2286700439e+02 6.2287902832e+02 6.2293902588e+02 6.2302697754e+02 6.2320001221e+02 6.2340502930e+02 6.2355603027e+02 6.2374597168e+02 6.2394299316e+02 6.2406701660e+02 6.2419299316e+02 6.2431201172e+02 6.2443103027e+02 6.2461297607e+02 6.2474499512e+02 6.2487902832e+02 6.2505499268e+02 6.2528100586e+02
6.1916699219e+02 6.1925402832e+02 6.1936199951e+02 6.1950097656e+02 6.1963397217e+02 6.1977600098e+02 6.1989801025e+02 6.2004699707e+02 6.2025402832e+02 6.2042602539e+02 6.2055200195e+02 6.2066101074e+02 6.2077801514e+02 6.2092401123e+02 6.2108099365e+02 6.2120397949e+02 6.2130102539e+02 6.2142700195e+02 6.2162402344e+02 6.2186499023e+02 6.2212402344e+02 6.2235198975e+02 6.2244000244e+02 6.2247900391e+02 6.2254302979e+02 6.2261999512e+02 6.2273199463e+02 6.2278399658e+02 6.2272802734e+02 6.2272399902e+02 6.2279699707e+02 6.2291900635e+02 6.2308398438e+02 6.2328100586e+02 6.2344897461e+02 6.2365100098e+02 6.2385198975e+02 6.2398297119e+02 6.2409399414e+02 6.2419000244e+02 6.2428900146e+02 6.2448999023e+02 6.2464398193e+02 6.2476397705e+02 6.2490997314e+02 6.2511499023e+02
6.1904302979e+02 6.1913299561e+02 6.1922399902e+02 6.1931799316e+02 6.1943701172e+02 6.1960101318e+02 6.1974200439e+02 6.1990502930e+02 6.2011499023e+02 6.2028997803e+02 6.2042700195e+02 6.2055102539e+02 6.2069702148e+02 6.2085699463e+02 6.2096899414e+02 6.2104101563e+02 6.2113800049e+02 6.2131201172e+02 6.2149200439e+02 6.2166802979e+02 6.2183697510e+02 6.2207397461e+02 6.2218298340e+02 6.2225897217e+02 6.2239599609e+02 6.2260101318e+02 6.2269097900e+02 6.2265301514e+02 6.2256298828e+02 6.2258197021e+02 6.2267700195e+02 6.2282397461e+02 6.2296600342e+02 6.2314898682e+02 6.2335101318e+02 6.2358801270e+02 6.2380499268e+02 6.2391497803e+02 6.2399298096e+02 6.2405499268e+02 6.2413000488e+02 6.2428802490e+02 6.2446697998e+02 6.2460101318e+02 6.2473999023e+02 6.2493798828e+02
6.1886901855e+02 6.1896398926e+02 6.1905401611e+02 6.1912799072e+02 6.1924597168e+02 6.1941900635e+02 6.1958801270e+02 6.1976702881e+02 6.1995898438e+02 6.2013201904e+02 6.2028198242e+02 6.2042901611e+02 6.2058801270e+02 6.2074401855e+02 6.2083697510e+02 6.2090002441e+02 6.2100097656e+02 6.2117498779e+02 6.2135101318e+02 6.2149597168e+02 6.2162597656e+02 6.2177600098e+02 6.2190600586e+02 6.2203302002e+02 6.2220098877e+02 6.2244396973e+02 6.2250402832e+02 6.2241101074e+02 6.2236199951e+02 6.2245098877e+02 6.2257501221e+02 6.2272998047e+02 6.2290600586e+02 6.2303997803e+02 6.2321502686e+02 6.2347302246e+02 6.2372100830e+02 6.2383697510e+02 6.2390100098e+02 6.2394097900e+02 6.2400402832e+02 6.2412298584e+02 6.2426898193e+02 6.2441400146e+02 6.2458099365e+02 6.2477899170e+02
6.1871002197e+02 6.1879901123e+02 6.1890899658e+02 6.1900000000e+02 6.1909301758e+02 6.1925701904e+02 6.1943499756e+02 6.1961700439e+02 6.1979602051e+02 6.1996801758e+02 6.2014202881e+02 6.2031500244e+02 6.2048400879e+02 6.2060998535e+02 6.2068798828e+02 6.2075799561e+02 6.2085797119e+02 6.2102001953e+02 6.2118499756e+02 6.2132202148e+02 6.2144799805e+02 6.2156298828e+02 6.2169396973e+02 6.2183697510e+02 6.2196099854e+02 6.2213598633e+02 6.2219500732e+02 6.2215301514e+02 6.2220800781e+02 6.2235699463e+02 6.2248297119e+02 6.2263000488e+02 6.2282800293e+02 6.2292700195e+02 6.2304302979e+02 6.2324902344e+02 6.2349200439e+02 6.2364599609e+02 6.2373797607e+02 6.2379400635e+02 6.2386199951e+02 6.2395599365e+02 6.2407000732e+02 6.2422198486e+02 6.2442297363e+02 6.2462701416e+02
6.1858099365e+02 6.1865698242e+02 6.1877398682e+02 6.1887902832e+02 6.1895898438e+02 6.1911102295e+02 6.1928900146e+02 6.1946899414e+02 6.1964001465e+02 6.1981298828e+02 6.2000500488e+02 6.2019897461e+02 6.2037500000e+02 6.2048602295e+02 6.2055297852e+02 6.2063702393e+02 6.2074298096e+02 6.2088201904e+02 6.2103100586e+02 6.2116101074e+02 6.2128698730e+02 6.2139300537e+02 6.2153302002e+02 6.2169799805e+02 6.2182000732e+02 6.2191198730e+02 6.2196697998e+02 6.2200299072e+02 6.2213500977e+02 6.2228399658e+02 6.2236901855e+02 6.2247100830e+02 6.2265802002e+02 6.2278198242e+02 6.2288098145e+02 6.2300799561e+02 6.2318103027e+02 6.2336499023e+02 6.2349298096e+02 6.2358300781e+02 6.2366601563e+02 6.2375799561e+02 6.2386798096e+02 6.2401800537e+02 6.2422198486e+02 6.2445397949e+02
6.1849298096e+02 6.1855999756e+02 6.1865002441e+02 6.1874700928e+02 6.1883398438e+02 6.1898602295e+02 6.1916601563e+02 6.1934197998e+02 6.1949401855e+02 6.1965100098e+02 6.1984399414e+02 6.2004302979e+02 6.2021600342e+02 6.2032202148e+02 6.2039501953e+02 6.2051300049e+02 6.2065899658e+02 6.2076300049e+02 6.2088897705e+02 6.2100299072e+02 6.2110101318e+02 6.2121502686e+02 6.2136297607e+02 6.2154699707e+02 6.2169000244e+02 6.2169799805e+02 6.2177099609e+02 6.2191601563e+02 6.2206896973e+02 6.2217199707e+02 6.2221997070e+02 6.2227301025e+02 6.2241601563e+02 6.2261901855e+02 6.2276300049e+02 6.2284997559e+02 6.2292797852e+02 6.2307299805e+02 6.2321600342e+02 6.2333898926e+02 6.2345800781e+02 6.2356402588e+02 6.2369201660e+02 6.2383502197e+02 6.2400598145e+02 6.2425897217e+02
6.1842797852e+02 6.1846600342e+02 6.1854101563e+02 6.1864099121e+02 6.1874798584e+02 6.1889001465e+02 6.1905999756e+02 6.1922399902e+02 6.1935400391e+02 6.1948699951e+02 6.1966699219e+02 6.1985699463e+02 6.2002697754e+02 6.2012500000e+02 6.2020397949e+02 6.2034002686e+02 6.2051397705e+02 6.2064599609e+02 6.2075897217e+02 6.2084997559e+02 6.2095397949e+02 6.2107598877e+02 6.2122302246e+02 6.2137402344e+02 6.2146398926e+02 6.2150799561e+02 6.2164099121e+02 6.2180902100e+02 6.2191802979e+02 6.2200897217e+02 6.2205798340e+02 6.2210797119e+02 6.2222802734e+02 6.2241400146e+02 6.2256597900e+02 6.2267999268e+02 6.2275000000e+02 6.2285797119e+02 6.2298101807e+02 6.2311199951e+02 6.2325598145e+02 6.2339099121e+02 6.2351898193e+02 6.2365698242e+02 6.2382000732e+02 6.2406896973e+02
6.1838000488e+02 6.1842297363e+02 6.1849597168e+02 6.1859497070e+02 6.1869897461e+02 6.1882702637e+02 6.1897698975e+02 6.1912402344e+02 6.1925402832e+02 6.1938201904e+02 6.1953399658e+02 6.1969299316e+02 6.1984301758e+02 6.1993902588e+02 6.2001800537e+02 6.2015399170e+02 6.2033898926e+02 6.2050897217e+02 6.2061700439e+02 6.2069500732e+02 6.2080499268e+02 6.2094598389e+02 6.2109301758e+02 6.2120800781e+02 6.2126800537e+02 6.2138299561e+02 6.2156896973e+02 6.2173101807e+02 6.2178900146e+02 6.2185101318e+02 6.2189599609e+02 6.2194799805e+02 6.2203100586e+02 6.2217401123e+02 6.2231896973e+02 6.2245202637e+02 6.2255902100e+02 6.2265997314e+02 6.2277099609e+02 6.2290100098e+02 6.2305499268e+02 6.2320397949e+02 6.2333898926e+02 6.2348101807e+02 6.2364501953e+02 6.2387597656e+02
6.1837097168e+02 6.1842297363e+02 6.1849798584e+02 6.1859197998e+02 6.1869097900e+02 6.1880297852e+02 6.1893103027e+02 6.1905999756e+02 6.1919500732e+02 6.1932299805e+02 6.1944500732e+02 6.1956597900e+02 6.1969396973e+02 6.1979400635e+02 6.1987097168e+02 6.1998602295e+02 6.2015197754e+02 6.2034497070e+02 6.2047198486e+02 6.2055902100e+02 6.2066802979e+02 6.2080902100e+02 6.2095397949e+02 6.2106298828e+02 6.2114300537e+02 6.2130700684e+02 6.2146301270e+02 6.2158300781e+02 6.2164697266e+02 6.2169097900e+02 6.2172900391e+02 6.2177502441e+02 6.2182897949e+02 6.2193798828e+02 6.2207000732e+02 6.2221197510e+02 6.2235601807e+02 6.2247698975e+02 6.2258197021e+02 6.2270800781e+02 6.2285900879e+02 6.2301702881e+02 6.2317498779e+02 6.2333398438e+02 6.2349597168e+02 6.2369702148e+02
6.1838702393e+02 6.1845599365e+02 6.1853002930e+02 6.1861401367e+02 6.1870697021e+02 6.1880700684e+02 6.1891400146e+02 6.1902600098e+02 6.1915100098e+02 6.1926397705e+02 6.1936297607e+02 6.1945800781e+02 6.1958001709e+02 6.1968902588e+02 6.1976098633e+02 6.1985101318e+02 6.1998101807e+02 6.2012402344e+02 6.2027502441e+02 6.2041497803e+02 6.2052899170e+02 6.2063702393e+02 6.2078900146e+02 6.2093597412e+02 6.2105499268e+02 6.2122198486e+02 6.2132397461e+02 6.2140301514e+02 6.2147198486e+02 6.2153601074e+02 6.2157598877e+02 6.2161700439e+02 6.2167901611e+02 6.2177099609e+02 6.2189099121e+02 6.2202099609e+02 6.2216198730e+02 6.2229797363e+02 6.2241101074e+02 6.2253100586e+02 6.2267498779e+02 6.2284197998e+02 6.2303497314e+02 6.2322497559e+02 6.2339001465e+02 6.2353698730e+02
6.1838201904e+02 6.1846801758e+02 6.1854199219e+02 6.1861798096e+02 6.1870501709e+02 6.1880102539e+02 6.1889099121e+02 6.1897601318e+02 6.1907000732e+02 6.1917700195e+02 6.1928802490e+02 6.1938598633e+02 6.1950201416e+02 6.1960498047e+02 6.1964898682e+02 6.1970697021e+02 6.1979699707e+02 6.1992602539e+02 6.2009802246e+02 6.2027301025e+02 6.2039099121e+02 6.2045300293e+02 6.2063098145e+02 6.2084100342e+02 6.2095898438e+02 6.2106799316e+02 6.2117297363e+02 6.2126800537e+02 6.2131896973e+02 6.2135797119e+02 6.2140997314e+02 6.2148797607e+02 6.2158398438e+02 6.2168701172e+02 6.2179699707e+02 6.2189697266e+02 6.2199200439e+02 6.2210498047e+02 6.2222698975e+02 6.2236199951e+02 6.2251000977e+02 6.2267498779e+02 6.2288201904e+02 6.2309399414e+02 6.2325598145e+02 6.2339300537e+02
6.1835601807e+02 6.1845098877e+02 6.1853002930e+02 6.1860699463e+02 6.1869396973e+02 6.1878601074e+02 6.1886102295e+02 6.1893200684e+02 6.1901599121e+02 6.1913500977e+02 6.1925097656e+02 6.1934002686e+02 6.1941900635e+02 6.1948901367e+02 6.1951501465e+02 6.1955902100e+02 6.1964501953e+02 6.1979602051e+02 6.1998400879e+02 6.2015600586e+02 6.2026000977e+02 6.2032299805e+02 6.2049798584e+02 6.2069799805e+02 6.2081298828e+02 6.2090197754e+02 6.2099597168e+02 6.2111199951e+02 6.2117199707e+02 6.2118402100e+02 6.2124902344e+02 6.2136297607e+02 6.2149902344e+02 6.2162500000e+02 6.2173498535e+02 6.2181298828e+02 6.2186602783e+02 6.2194396973e+02 6.2205999756e+02 6.2220300293e+02 6.2235400391e+02 6.2251397705e+02 6.2270397949e+02 6.2290600586e+02 6.2308599854e+02 6.2325097656e+02
6.1832501221e+02 6.1842602539e+02 6.1851000977e+02 6.1859100342e+02 6.1867797852e+02 6.1876000977e+02 6.1882702637e+02 6.1889202881e+02 6.1897998047e+02 6.1909698486e+02 6.1919897461e+02 6.1926800537e+02 6.1930499268e+02 6.1933197021e+02 6.1936297607e+02 6.1943402100e+02 6.1955297852e+02 6.1971801758e+02 6.1989300537e+02 6.2003399658e+02 6.2011602783e+02 6.2022198486e+02 6.2038000488e+02 6.2052301025e+02 6.2060900879e+02 6.2071197510e+02 6.2079101563e+02 6.2091998291e+02 6.2102600098e+02 6.2103900146e+02 6.2112701416e+02 6.2126702881e+02 6.2141802979e+02 6.2156097412e+02 6.2167700195e+02 6.2174700928e+02 6.2178002930e+02 6.2182501221e+02 6.2192401123e+02 6.2205798340e+02 6.2220501709e+02 6.2236602783e+02 6.2253698730e+02 6.2271997070e+02 6.2291302490e+02 6.2310302734e+02
6.1829302979e+02 6.1840600586e+02 6.1850000000e+02 6.1857897949e+02 6.1864697266e+02 6.1871697998e+02 6.1878100586e+02 6.1885101318e+02 6.1892401123e+02 6.1901599121e+02 6.1909197998e+02 6.1914501953e+02 6.1917999268e+02 6.1919799805e+02 6.1926202393e+02 6.1938299561e+02 6.1950799561e+02 6.1967700195e+02 6.1980401611e+02 6.1988098145e+02 6.1994097900e+02 6.2010198975e+02 6.2025000000e+02 6.2035699463e+02 6.2042199707e+02 6.2054498291e+02 6.2062500000e+02 6.2074298096e+02 6.2086999512e+02 6.2093902588e+02 6.2105401611e+02 6.2121600342e+02 6.2136401367e+02 6.2147497559e+02 6.2159399414e+02 6.2167602539e+02 6.2171398926e+02 6.2173602295e+02 6.2180902100e+02 6.2192700195e+02 6.2206799316e+02 6.2223297119e+02 6.2239697266e+02 6.2257800293e+02 6.2278601074e+02 6.2301098633e+02
6.1826397705e+02 6.1839801025e+02 6.1850799561e+02 6.1858197021e+02 6.1862597656e+02 6.1867102051e+02 6.1872100830e+02 6.1877697754e+02 6.1883599854e+02 6.1890301514e+02 6.1897399902e+02 6.1904199219e+02 6.1910797119e+02 6.1917102051e+02 6.1926397705e+02 6.1938098145e+02 6.1949597168e+02 6.1962402344e+02 6.1970300293e+02 6.1975500488e+02 6.1982897949e+02 6.1996099854e+02 6.2009497070e+02 6.2021002197e+02 6.2027001953e+02 6.2039202881e+02 6.2049798584e+02 6.2064398193e+02 6.2080102539e+02 6.2090997314e+02 6.2101702881e+02 6.2116601563e+02 6.2127697754e+02 6.2137402344e+02 6.2148797607e+02 6.2158197021e+02 6.2162701416e+02 6.2165100098e+02 6.2171002197e+02 6.2181201172e+02 6.2194598389e+02 6.2209497070e+02 6.2225402832e+02 6.2245599365e+02 6.2269396973e+02 6.2294000244e+02
6.1822198486e+02 6.1836602783e+02 6.1849597168e+02 6.1857897949e+02 6.1861297607e+02 6.1863598633e+02 6.1866601563e+02 6.1870800781e+02 6.1875897217e+02 6.1881597900e+02 6.1888897705e+02 6.1896801758e+02 6.1903997803e+02 6.1912200928e+02 6.1923199463e+02 6.1934399414e+02 6.1943798828e+02 6.1953399658e+02 6.1960101318e+02 6.1966198730e+02 6.1972802734e+02 6.1980401611e+02 6.1990301514e+02 6.2001501465e+02 6.2009899902e+02 6.2022802734e+02 6.2037097168e+02 6.2055200195e+02 6.2072198486e+02 6.2084301758e+02 6.2092999268e+02 6.2107000732e+02 6.2118499756e+02 6.2127502441e+02 6.2138299561e+02 6.2147399902e+02 6.2152899170e+02 6.2156402588e+02 6.2161798096e+02 6.2171002197e+02 6.2183502197e+02 6.2197302246e+02 6.2213098145e+02 6.2233898926e+02 6.2258898926e+02 6.2284100342e+02
6.1815997314e+02 6.1832098389e+02 6.1847998047e+02 6.1858197021e+02 6.1860699463e+02 6.1860302734e+02 6.1861401367e+02 6.1864801025e+02 6.1870599365e+02 6.1876300049e+02 6.1883898926e+02 6.1891998291e+02 6.1897802734e+02 6.1905401611e+02 6.1917498779e+02 6.1928302002e+02 6.1934802246e+02 6.1942999268e+02 6.1951599121e+02 6.1959301758e+02 6.1963897705e+02 6.1967602539e+02 6.1974499512e+02 6.1984600830e+02 6.1994598389e+02 6.2007702637e+02 6.2023297119e+02 6.2041497803e+02 6.2057897949e+02 6.2073199463e+02 6.2084698486e+02 6.2099298096e+02 6.2109100342e+02 6.2116601563e+02 6.2127001953e+02 6.2136102295e+02 6.2142102051e+02 6.2146502686e+02 6.2152301025e+02 6.2161499023e+02 6.2173699951e+02 6.2188098145e+02 6.2204602051e+02 6.2224401855e+02 6.2247900391e+02 6.2272601318e+02
