TESTSERVER/1/2.asc
NCOLS 100
NROWS 100
XLLCORNER 7.5497500000e+03
YLLCORNER 2.8985025000e+05
CELLSIZE 5.0000000000e-01
NODATA_VALUE -9.9990000000e+03
[rows 40 to 59 of 100, columns 0 to 45 of 100]
6.1978497314e+02 6.1982299805e+02 6.1983801270e+02 6.1988500977e+02 6.1993200684e+02 6.1999401855e+02 6.2009002686e+02 6.2022900391e+02 6.2034197998e+02 6.2043499756e+02 6.2054901123e+02 6.2071002197e+02 6.2082000732e+02 6.2087902832e+02 6.2091400146e+02 6.2097100830e+02 6.2099798584e+02 6.2101898193e+02 6.2105902100e+02 6.2113000488e+02 6.2119201660e+02 6.2125000000e+02 6.2132702637e+02 6.2140502930e+02 6.2147698975e+02 6.2159301758e+02 6.2172302246e+02 6.2183197021e+02 6.2198498535e+02 6.2213598633e+02 6.2222497559e+02 6.2225000000e+02 6.2223797607e+02 6.2221600342e+02 6.2225299072e+02 6.2232800293e+02 6.2239898682e+02 6.2250000000e+02 6.2264501953e+02 6.2274597168e+02 6.2287097168e+02 6.2295800781e+02 6.2297302246e+02 6.2311499023e+02 6.2325000000e+02 6.2331597900e+02
6.1953002930e+02 6.1961499023e+02 6.1970001221e+02 6.1978900146e+02 6.1984600830e+02 6.1989697266e+02 6.1998297119e+02 6.2008697510e+02 6.2021197510e+02 6.2031896973e+02 6.2042700195e+02 6.2055999756e+02 6.2066400146e+02 6.2072802734e+02 6.2076098633e+02 6.2079302979e+02 6.2081201172e+02 6.2084997559e+02 6.2093902588e+02 6.2111700439e+02 6.2112701416e+02 6.2103698730e+02 6.2104797363e+02 6.2110797119e+02 6.2116900635e+02 6.2131701660e+02 6.2146600342e+02 6.2159600830e+02 6.2178198242e+02 6.2196600342e+02 6.2206597900e+02 6.2209197998e+02 6.2206701660e+02 6.2203698730e+02 6.2209497070e+02 6.2217102051e+02 6.2223797607e+02 6.2231896973e+02 6.2245098877e+02 6.2255401611e+02 6.2266400146e+02 6.2273797607e+02 6.2275701904e+02 6.2286798096e+02 6.2299798584e+02 6.2306701660e+02
6.1931298828e+02 6.1944097900e+02 6.1958502197e+02 6.1971697998e+02 6.1979797363e+02 6.1983502197e+02 6.1990197754e+02 6.1998699951e+02 6.2010101318e+02 6.2020397949e+02 6.2030700684e+02 6.2042999268e+02 6.2052301025e+02 6.2057897949e+02 6.2061700439e+02 6.2063397217e+02 6.2064300537e+02 6.2068402100e+02 6.2078399658e+02 6.2104602051e+02 6.2103198242e+02 6.2083398438e+02 6.2077801514e+02 6.2084497070e+02 6.2092700195e+02 6.2107501221e+02 6.2120001221e+02 6.2132397461e+02 6.2150799561e+02 6.2169201660e+02 6.2181097412e+02 6.2189501953e+02 6.2192700195e+02 6.2192700195e+02 6.2196697998e+02 6.2202502441e+02 6.2209698486e+02 6.2216998291e+02 6.2227301025e+02 6.2235601807e+02 6.2246197510e+02 6.2257702637e+02 6.2264398193e+02 6.2264898682e+02 6.2271099854e+02 6.2279901123e+02
6.1911901855e+02 6.1926599121e+02 6.1946099854e+02 6.1963000488e+02 6.1974401855e+02 6.1978002930e+02 6.1982000732e+02 6.1988702393e+02 6.1997399902e+02 6.2005499268e+02 6.2014501953e+02 6.2027099609e+02 6.2035699463e+02 6.2040301514e+02 6.2042602539e+02 6.2043298340e+02 6.2045697021e+02 6.2050000000e+02 6.2053002930e+02 6.2067999268e+02 6.2068402100e+02 6.2055798340e+02 6.2053399658e+02 6.2060101318e+02 6.2069396973e+02 6.2084002686e+02 6.2094500732e+02 6.2106597900e+02 6.2123101807e+02 6.2138897705e+02 6.2151000977e+02 6.2164599609e+02 6.2175097656e+02 6.2179797363e+02 6.2181597900e+02 6.2187402344e+02 6.2198199463e+02 6.2206500244e+02 6.2212500000e+02 6.2216601563e+02 6.2225201416e+02 6.2240698242e+02 6.2258001709e+02 6.2255200195e+02 6.2253100586e+02 6.2258099365e+02
6.1894799805e+02 6.1909100342e+02 6.1930499268e+02 6.1946197510e+02 6.1957800293e+02 6.1963598633e+02 6.1966998291e+02 6.1972601318e+02 6.1977899170e+02 6.1983197021e+02 6.1988897705e+02 6.2002001953e+02 6.2010900879e+02 6.2016802979e+02 6.2018597412e+02 6.2019598389e+02 6.2027502441e+02 6.2034301758e+02 6.2034197998e+02 6.2030902100e+02 6.2032000732e+02 6.2031097412e+02 6.2030200195e+02 6.2034899902e+02 6.2041302490e+02 6.2053100586e+02 6.2065600586e+02 6.2082202148e+02 6.2098199463e+02 6.2111199951e+02 6.2121301270e+02 6.2132800293e+02 6.2145501709e+02 6.2154901123e+02 6.2159497070e+02 6.2169598389e+02 6.2185797119e+02 6.2198199463e+02 6.2203900146e+02 6.2203399658e+02 6.2204602051e+02 6.2210198975e+02 6.2215600586e+02 6.2226599121e+02 6.2232897949e+02 6.2239501953e+02
6.1880200195e+02 6.1890502930e+02 6.1908099365e+02 6.1924499512e+02 6.1935302734e+02 6.1941802979e+02 6.1945501709e+02 6.1949798584e+02 6.1954101563e+02 6.1958398438e+02 6.1964001465e+02 6.1973101807e+02 6.1982098389e+02 6.1990002441e+02 6.1995800781e+02 6.2003198242e+02 6.2014398193e+02 6.2020202637e+02 6.2016998291e+02 6.2012097168e+02 6.2012500000e+02 6.2013098145e+02 6.2013098145e+02 6.2017999268e+02 6.2020300293e+02 6.2025799561e+02 6.2038098145e+02 6.2055297852e+02 6.2071099854e+02 6.2082598877e+02 6.2090600586e+02 6.2099499512e+02 6.2111700439e+02 6.2123999023e+02 6.2134100342e+02 6.2145202637e+02 6.2160302734e+02 6.2173297119e+02 6.2178698730e+02 6.2180902100e+02 6.2183197021e+02 6.2185900879e+02 6.2186297607e+02 6.2194702148e+02 6.2210101318e+02 6.2219897461e+02
6.1861102295e+02 6.1870001221e+02 6.1887298584e+02 6.1903900146e+02 6.1915100098e+02 6.1921899414e+02 6.1925598145e+02 6.1928698730e+02 6.1931597900e+02 6.1934497070e+02 6.1938500977e+02 6.1946099854e+02 6.1954602051e+02 6.1963598633e+02 6.1972900391e+02 6.1986798096e+02 6.1999700928e+02 6.2002197266e+02 6.1994097900e+02 6.1985601807e+02 6.1987402344e+02 6.1993798828e+02 6.1998797607e+02 6.2003698730e+02 6.2003802490e+02 6.2008599854e+02 6.2020501709e+02 6.2034002686e+02 6.2046801758e+02 6.2056097412e+02 6.2062500000e+02 6.2071301270e+02 6.2083898926e+02 6.2097698975e+02 6.2109600830e+02 6.2118103027e+02 6.2129602051e+02 6.2139898682e+02 6.2145800781e+02 6.2150701904e+02 6.2154797363e+02 6.2158898926e+02 6.2161499023e+02 6.2171099854e+02 6.2186602783e+02 6.2198699951e+02
6.1839801025e+02 6.1848699951e+02 6.1866198730e+02 6.1882702637e+02 6.1894702148e+02 6.1902600098e+02 6.1907501221e+02 6.1909399414e+02 6.1910699463e+02 6.1911499023e+02 6.1914001465e+02 6.1920697021e+02 6.1928497314e+02 6.1937799072e+02 6.1948901367e+02 6.1968200684e+02 6.1983599854e+02 6.1984399414e+02 6.1970898438e+02 6.1958300781e+02 6.1960601807e+02 6.1972100830e+02 6.1983197021e+02 6.1988598633e+02 6.1987597656e+02 6.1992797852e+02 6.2005603027e+02 6.2016198730e+02 6.2024902344e+02 6.2031799316e+02 6.2037701416e+02 6.2046899414e+02 6.2059399414e+02 6.2073699951e+02 6.2086401367e+02 6.2094396973e+02 6.2103198242e+02 6.2110797119e+02 6.2116699219e+02 6.2123400879e+02 6.2128698730e+02 6.2132702637e+02 6.2136700439e+02 6.2147698975e+02 6.2163800049e+02 6.2178802490e+02
6.1823199463e+02 6.1828900146e+02 6.1840600586e+02 6.1859197998e+02 6.1871899414e+02 6.1882098389e+02 6.1889898682e+02 6.1892199707e+02 6.1891699219e+02 6.1890600586e+02 6.1890899658e+02 6.1898101807e+02 6.1905603027e+02 6.1914099121e+02 6.1922399902e+02 6.1945599365e+02 6.1966400146e+02 6.1971002197e+02 6.1954901123e+02 6.1938299561e+02 6.1939398193e+02 6.1953302002e+02 6.1968298340e+02 6.1973400879e+02 6.1973901367e+02 6.1977801514e+02 6.1987200928e+02 6.1999499512e+02 6.2004400635e+02 6.2007800293e+02 6.2014099121e+02 6.2021197510e+02 6.2032000732e+02 6.2045501709e+02 6.2058197021e+02 6.2070800781e+02 6.2080999756e+02 6.2089398193e+02 6.2097399902e+02 6.2102502441e+02 6.2107897949e+02 6.2111401367e+02 6.2114099121e+02 6.2128002930e+02 6.2147198486e+02 6.2161700439e+02
6.1807397461e+02 6.1815899658e+02 6.1823498535e+02 6.1835699463e+02 6.1849102783e+02 6.1861401367e+02 6.1871997070e+02 6.1876599121e+02 6.1875897217e+02 6.1873901367e+02 6.1873498535e+02 6.1878601074e+02 6.1886102295e+02 6.1895202637e+02 6.1902697754e+02 6.1921697998e+02 6.1946002197e+02 6.1957000732e+02 6.1944299316e+02 6.1927301025e+02 6.1926202393e+02 6.1937500000e+02 6.1950000000e+02 6.1958197021e+02 6.1963098145e+02 6.1968701172e+02 6.1972698975e+02 6.1975799561e+02 6.1979602051e+02 6.1984899902e+02 6.1990301514e+02 6.1998901367e+02 6.2010601807e+02 6.2022998047e+02 6.2035797119e+02 6.2047698975e+02 6.2059600830e+02 6.2069702148e+02 6.2077301025e+02 6.2083001709e+02 6.2089697266e+02 6.2093902588e+02 6.2096197510e+02 6.2109698486e+02 6.2129498291e+02 6.2145397949e+02
6.1782897949e+02 6.1792999268e+02 6.1802899170e+02 6.1816198730e+02 6.1831799316e+02 6.1846301270e+02 6.1857000732e+02 6.1861401367e+02 6.1860998535e+02 6.1858697510e+02 6.1857800293e+02 6.1861297607e+02 6.1867999268e+02 6.1877801514e+02 6.1887097168e+02 6.1902398682e+02 6.1924102783e+02 6.1936297607e+02 6.1929602051e+02 6.1919299316e+02 6.1919201660e+02 6.1925799561e+02 6.1931701660e+02 6.1939099121e+02 6.1946301270e+02 6.1953302002e+02 6.1954901123e+02 6.1953198242e+02 6.1957299805e+02 6.1963800049e+02 6.1969000244e+02 6.1980200195e+02 6.1993597412e+02 6.2003900146e+02 6.2014898682e+02 6.2027001953e+02 6.2038702393e+02 6.2050201416e+02 6.2060400391e+02 6.2069201660e+02 6.2077099609e+02 6.2081799316e+02 6.2082800293e+02 6.2091699219e+02 6.2108697510e+02 6.2126599121e+02
6.1759899902e+02 6.1768597412e+02 6.1780700684e+02 6.1797399902e+02 6.1815100098e+02 6.1831799316e+02 6.1841802979e+02 6.1845300293e+02 6.1845697021e+02 6.1843798828e+02 6.1842602539e+02 6.1844000244e+02 6.1849401855e+02 6.1859100342e+02 6.1872100830e+02 6.1884899902e+02 6.1899597168e+02 6.1909497070e+02 6.1907702637e+02 6.1905999756e+02 6.1908502197e+02 6.1911700439e+02 6.1913702393e+02 6.1921398926e+02 6.1928002930e+02 6.1933001709e+02 6.1933502197e+02 6.1935198975e+02 6.1936499023e+02 6.1939001465e+02 6.1945300293e+02 6.1958398438e+02 6.1975500488e+02 6.1986700439e+02 6.1995098877e+02 6.2005700684e+02 6.2015301514e+02 6.2027301025e+02 6.2040997314e+02 6.2052899170e+02 6.2062597656e+02 6.2068597412e+02 6.2071801758e+02 6.2081402588e+02 6.2095202637e+02 6.2110900879e+02
6.1741302490e+02 6.1748602295e+02 6.1759002686e+02 6.1776202393e+02 6.1794299316e+02 6.1811102295e+02 6.1821002197e+02 6.1827099609e+02 6.1829101563e+02 6.1828302002e+02 6.1826702881e+02 6.1826300049e+02 6.1829199219e+02 6.1837799072e+02 6.1852502441e+02 6.1864801025e+02 6.1872601318e+02 6.1878698730e+02 6.1882702637e+02 6.1888598633e+02 6.1890802002e+02 6.1891699219e+02 6.1892401123e+02 6.1902899170e+02 6.1911199951e+02 6.1913500977e+02 6.1912402344e+02 6.1911999512e+02 6.1913800049e+02 6.1916601563e+02 6.1923797607e+02 6.1936602783e+02 6.1957501221e+02 6.1973999023e+02 6.1979101563e+02 6.1985601807e+02 6.1992498779e+02 6.2001702881e+02 6.2011199951e+02 6.2028198242e+02 6.2041900635e+02 6.2049798584e+02 6.2054998779e+02 6.2069000244e+02 6.2083099365e+02 6.2096398926e+02
6.1726000977e+02 6.1736401367e+02 6.1743798828e+02 6.1755200195e+02 6.1769299316e+02 6.1783502197e+02 6.1795300293e+02 6.1804302979e+02 6.1810198975e+02 6.1813098145e+02 6.1813897705e+02 6.1811602783e+02 6.1810797119e+02 6.1815802002e+02 6.1826000977e+02 6.1832702637e+02 6.1840399170e+02 6.1849798584e+02 6.1861999512e+02 6.1871301270e+02 6.1872900391e+02 6.1872698975e+02 6.1874298096e+02 6.1878997803e+02 6.1886901855e+02 6.1891900635e+02 6.1896899414e+02 6.1895098877e+02 6.1894702148e+02 6.1897900391e+02 6.1905102539e+02 6.1913800049e+02 6.1930401611e+02 6.1946398926e+02 6.1952301025e+02 6.1959100342e+02 6.1967102051e+02 6.1975897217e+02 6.1987799072e+02 6.2008099365e+02 6.2025701904e+02 6.2035797119e+02 6.2043902588e+02 6.2053198242e+02 6.2065301514e+02 6.2078900146e+02
6.1715197754e+02 6.1723498535e+02 6.1728399658e+02 6.1736102295e+02 6.1746398926e+02 6.1758001709e+02 6.1770001221e+02 6.1780700684e+02 6.1788800049e+02 6.1794702148e+02 6.1797998047e+02 6.1795202637e+02 6.1792498779e+02 6.1794598389e+02 6.1802697754e+02 6.1808599854e+02 6.1817700195e+02 6.1831298828e+02 6.1848101807e+02 6.1857299805e+02 6.1858502197e+02 6.1858502197e+02 6.1861499023e+02 6.1864697266e+02 6.1868597412e+02 6.1870800781e+02 6.1877099609e+02 6.1877600098e+02 6.1879602051e+02 6.1883099365e+02 6.1889001465e+02 6.1893298340e+02 6.1903198242e+02 6.1914501953e+02 6.1922802734e+02 6.1932397461e+02 6.1941900635e+02 6.1952099609e+02 6.1967401123e+02 6.1989001465e+02 6.2006097412e+02 6.2017102051e+02 6.2026202393e+02 6.2034698486e+02 6.2046197510e+02 6.2058697510e+02
6.1706799316e+02 6.1708801270e+02 6.1713702393e+02 6.1719799805e+02 6.1726800537e+02 6.1735900879e+02 6.1746997070e+02 6.1756402588e+02 6.1764599609e+02 6.1771801758e+02 6.1776702881e+02 6.1775402832e+02 6.1773101807e+02 6.1774298096e+02 6.1782098389e+02 6.1792401123e+02 6.1805499268e+02 6.1822198486e+02 6.1839300537e+02 6.1846801758e+02 6.1848699951e+02 6.1851300049e+02 6.1856701660e+02 6.1859600830e+02 6.1859600830e+02 6.1858001709e+02 6.1859698486e+02 6.1862902832e+02 6.1868798828e+02 6.1872198486e+02 6.1875500488e+02 6.1876501465e+02 6.1881402588e+02 6.1889599609e+02 6.1898797607e+02 6.1908898926e+02 6.1918902588e+02 6.1929498291e+02 6.1945599365e+02 6.1966101074e+02 6.1981597900e+02 6.1992797852e+02 6.2003900146e+02 6.2015100098e+02 6.2026599121e+02 6.2036999512e+02
6.1701800537e+02 6.1698797607e+02 6.1701599121e+02 6.1706402588e+02 6.1711102295e+02 6.1717401123e+02 6.1722802734e+02 6.1730999756e+02 6.1737597656e+02 6.1743701172e+02 6.1748101807e+02 6.1752197266e+02 6.1753198242e+02 6.1755499268e+02 6.1759100342e+02 6.1773901367e+02 6.1793499756e+02 6.1813702393e+02 6.1829101563e+02 6.1833502197e+02 6.1837402344e+02 6.1843103027e+02 6.1846502686e+02 6.1852197266e+02 6.1852801514e+02 6.1851800537e+02 6.1850201416e+02 6.1853997803e+02 6.1858197021e+02 6.1860498047e+02 6.1864300537e+02 6.1866601563e+02 6.1868200684e+02 6.1872399902e+02 6.1880999756e+02 6.1889801025e+02 6.1898297119e+02 6.1907202148e+02 6.1920098877e+02 6.1940802002e+02 6.1955297852e+02 6.1967602539e+02 6.1980999756e+02 6.1993103027e+02 6.2004302979e+02 6.2013702393e+02
6.1691699219e+02 6.1689300537e+02 6.1690399170e+02 6.1693402100e+02 6.1695697021e+02 6.1699102783e+02 6.1703900146e+02 6.1709497070e+02 6.1714599609e+02 6.1719201660e+02 6.1722900391e+02 6.1726098633e+02 6.1731701660e+02 6.1739398193e+02 6.1746398926e+02 6.1757598877e+02 6.1775500488e+02 6.1794396973e+02 6.1805297852e+02 6.1809497070e+02 6.1814501953e+02 6.1820697021e+02 6.1829400635e+02 6.1839801025e+02 6.1842297363e+02 6.1841497803e+02 6.1842999268e+02 6.1845001221e+02 6.1847302246e+02 6.1849298096e+02 6.1854602051e+02 6.1856298828e+02 6.1857598877e+02 6.1858502197e+02 6.1864001465e+02 6.1873797607e+02 6.1881896973e+02 6.1889398193e+02 6.1899700928e+02 6.1915997314e+02 6.1928302002e+02 6.1943103027e+02 6.1958099365e+02 6.1971002197e+02 6.1983599854e+02 6.1992401123e+02
6.1682702637e+02 6.1682397461e+02 6.1684399414e+02 6.1685601807e+02 6.1686297607e+02 6.1688201904e+02 6.1691998291e+02 6.1696099854e+02 6.1699499512e+02 6.1702600098e+02 6.1704302979e+02 6.1706701660e+02 6.1714202881e+02 6.1724902344e+02 6.1734100342e+02 6.1742602539e+02 6.1756298828e+02 6.1770800781e+02 6.1779400635e+02 6.1785101318e+02 6.1790399170e+02 6.1796997070e+02 6.1810900879e+02 6.1833697510e+02 6.1839599609e+02 6.1834802246e+02 6.1833300781e+02 6.1834997559e+02 6.1837902832e+02 6.1840197754e+02 6.1843701172e+02 6.1845697021e+02 6.1847100830e+02 6.1845397949e+02 6.1847497559e+02 6.1857299805e+02 6.1864898682e+02 6.1872601318e+02 6.1883099365e+02 6.1895001221e+02 6.1906201172e+02 6.1922302246e+02 6.1938000488e+02 6.1952301025e+02 6.1965899658e+02 6.1973297119e+02
6.1677899170e+02 6.1678698730e+02 6.1681500244e+02 6.1682800293e+02 6.1682897949e+02 6.1683697510e+02 6.1686499023e+02 6.1689300537e+02 6.1691400146e+02 6.1692999268e+02 6.1693798828e+02 6.1695599365e+02 6.1702197266e+02 6.1711999512e+02 6.1721398926e+02 6.1729602051e+02 6.1740197754e+02 6.1750598145e+02 6.1757598877e+02 6.1764001465e+02 6.1767901611e+02 6.1772998047e+02 6.1788299561e+02 6.1819897461e+02 6.1831097412e+02 6.1827600098e+02 6.1824102783e+02 6.1825598145e+02 6.1830200195e+02 6.1832299805e+02 6.1830603027e+02 6.1830603027e+02 6.1833300781e+02 6.1834002686e+02 6.1835998535e+02 6.1842602539e+02 6.1847900391e+02 6.1855603027e+02 6.1867602539e+02 6.1878802490e+02 6.1889599609e+02 6.1904699707e+02 6.1920800781e+02 6.1936999512e+02 6.1952502441e+02 6.1960998535e+02
