TESTSERVER/1/4.asc
NCOLS 100
NROWS 100
XLLCORNER 7.5497500000e+03
YLLCORNER 2.8975025000e+05
CELLSIZE 5.0000000000e-01
NODATA_VALUE -9.9990000000e+03
[rows 0 to 19 of 100, columns 46 to 91 of 100]
6.2244897461e+02 6.2235998535e+02 6.2225000000e+02 6.2212902832e+02 6.2200201416e+02 6.2185900879e+02 6.2174401855e+02 6.2162701416e+02 6.2151098633e+02 6.2146197510e+02 6.2146197510e+02 6.2148101807e+02 6.2146197510e+02 6.2140502930e+02 6.2130499268e+02 6.2118798828e+02 6.2101501465e+02 6.2096099854e+02 6.2096899414e+02 6.2099700928e+02 6.2099700928e+02 6.2090997314e+02 6.2079498291e+02 6.2064202881e+02 6.2046600342e+02 6.2028100586e+02 6.2009002686e+02 6.1999102783e+02 6.2002001953e+02 6.2009002686e+02 6.2006701660e+02 6.1996600342e+02 6.1982000732e+02 6.1967102051e+02 6.1947802734e+02 6.1932501221e+02 6.1924298096e+02 6.1922900391e+02 6.1921197510e+02 6.1921600342e+02 6.1921801758e+02 6.1919396973e+02 6.1916101074e+02 6.1915100098e+02 6.1917199707e+02 6.1921197510e+02
6.2261199951e+02 6.2254797363e+02 6.2244897461e+02 6.2232397461e+02 6.2219897461e+02 6.2208898926e+02 6.2196899414e+02 6.2182501221e+02 6.2166699219e+02 6.2157299805e+02 6.2153802490e+02 6.2153997803e+02 6.2155297852e+02 6.2150000000e+02 6.2139501953e+02 6.2126300049e+02 6.2110498047e+02 6.2101800537e+02 6.2099902344e+02 6.2099798584e+02 6.2096099854e+02 6.2089501953e+02 6.2078100586e+02 6.2062200928e+02 6.2046801758e+02 6.2031298828e+02 6.2015399170e+02 6.2006597900e+02 6.2009002686e+02 6.2016802979e+02 6.2016101074e+02 6.2006201172e+02 6.1991400146e+02 6.1977801514e+02 6.1961602783e+02 6.1946600342e+02 6.1932397461e+02 6.1923199463e+02 6.1921997070e+02 6.1926898193e+02 6.1930798340e+02 6.1927899170e+02 6.1923901367e+02 6.1921398926e+02 6.1921801758e+02 6.1924499512e+02
6.2275500488e+02 6.2271697998e+02 6.2262597656e+02 6.2249200439e+02 6.2236602783e+02 6.2229101563e+02 6.2217700195e+02 6.2202398682e+02 6.2185998535e+02 6.2175201416e+02 6.2169500732e+02 6.2167602539e+02 6.2167797852e+02 6.2162097168e+02 6.2150701904e+02 6.2135998535e+02 6.2119299316e+02 6.2107202148e+02 6.2101098633e+02 6.2097802734e+02 6.2092102051e+02 6.2087597656e+02 6.2079901123e+02 6.2066601563e+02 6.2051800537e+02 6.2038598633e+02 6.2024298096e+02 6.2015301514e+02 6.2016802979e+02 6.2024102783e+02 6.2024298096e+02 6.2015802002e+02 6.2002197266e+02 6.1989099121e+02 6.1973400879e+02 6.1958099365e+02 6.1941802979e+02 6.1927801514e+02 6.1924902344e+02 6.1932098389e+02 6.1937799072e+02 6.1934497070e+02 6.1930297852e+02 6.1927001953e+02 6.1925799561e+02 6.1927197266e+02
6.2286499023e+02 6.2285498047e+02 6.2276800537e+02 6.2262500000e+02 6.2248901367e+02 6.2244097900e+02 6.2234899902e+02 6.2221697998e+02 6.2207299805e+02 6.2196398926e+02 6.2189501953e+02 6.2185699463e+02 6.2183398438e+02 6.2176000977e+02 6.2163598633e+02 6.2147497559e+02 6.2128802490e+02 6.2114501953e+02 6.2106201172e+02 6.2100701904e+02 6.2093499756e+02 6.2091400146e+02 6.2087298584e+02 6.2077099609e+02 6.2063000488e+02 6.2050500488e+02 6.2037701416e+02 6.2029302979e+02 6.2029400635e+02 6.2033502197e+02 6.2032800293e+02 6.2025799561e+02 6.2014898682e+02 6.2000897217e+02 6.1983398438e+02 6.1967498779e+02 6.1952697754e+02 6.1936297607e+02 6.1929101563e+02 6.1934100342e+02 6.1940197754e+02 6.1938897705e+02 6.1935797119e+02 6.1932098389e+02 6.1929998779e+02 6.1930499268e+02
6.2294702148e+02 6.2295800781e+02 6.2286999512e+02 6.2271398926e+02 6.2255499268e+02 6.2251000977e+02 6.2244897461e+02 6.2236700439e+02 6.2227502441e+02 6.2217498779e+02 6.2209899902e+02 6.2203100586e+02 6.2196002197e+02 6.2190802002e+02 6.2178100586e+02 6.2160900879e+02 6.2140100098e+02 6.2125402832e+02 6.2115997314e+02 6.2109301758e+02 6.2103302002e+02 6.2102301025e+02 6.2099700928e+02 6.2090899658e+02 6.2078399658e+02 6.2065197754e+02 6.2054199219e+02 6.2048199463e+02 6.2049499512e+02 6.2046997070e+02 6.2043597412e+02 6.2037701416e+02 6.2028198242e+02 6.2012200928e+02 6.1992999268e+02 6.1975598145e+02 6.1959698486e+02 6.1943902588e+02 6.1933898926e+02 6.1934698486e+02 6.1939398193e+02 6.1941802979e+02 6.1941101074e+02 6.1937701416e+02 6.1934197998e+02 6.1934802246e+02
6.2296002197e+02 6.2300000000e+02 6.2293798828e+02 6.2280297852e+02 6.2265100098e+02 6.2255999756e+02 6.2249102783e+02 6.2243200684e+02 6.2238397217e+02 6.2232897949e+02 6.2225500488e+02 6.2216400146e+02 6.2208502197e+02 6.2202301025e+02 6.2191101074e+02 6.2176501465e+02 6.2158197021e+02 6.2142700195e+02 6.2130999756e+02 6.2124298096e+02 6.2121002197e+02 6.2121899414e+02 6.2119000244e+02 6.2109698486e+02 6.2097302246e+02 6.2084698486e+02 6.2074597168e+02 6.2070098877e+02 6.2070697021e+02 6.2067797852e+02 6.2061798096e+02 6.2053198242e+02 6.2040698242e+02 6.2021899414e+02 6.2001800537e+02 6.1982202148e+02 6.1964697266e+02 6.1947601318e+02 6.1937097168e+02 6.1935498047e+02 6.1938397217e+02 6.1941998291e+02 6.1944097900e+02 6.1942999268e+02 6.1940802002e+02 6.1940399170e+02
6.2296002197e+02 6.2301202393e+02 6.2297698975e+02 6.2287701416e+02 6.2274597168e+02 6.2263397217e+02 6.2255401611e+02 6.2249700928e+02 6.2246801758e+02 6.2242999268e+02 6.2236798096e+02 6.2228302002e+02 6.2219299316e+02 6.2211798096e+02 6.2201898193e+02 6.2190197754e+02 6.2176000977e+02 6.2161798096e+02 6.2149102783e+02 6.2141802979e+02 6.2139898682e+02 6.2140002441e+02 6.2136199951e+02 6.2126397705e+02 6.2113299561e+02 6.2103198242e+02 6.2096398926e+02 6.2093298340e+02 6.2091802979e+02 6.2087298584e+02 6.2079101563e+02 6.2067901611e+02 6.2053302002e+02 6.2034399414e+02 6.2013598633e+02 6.1993298340e+02 6.1976000977e+02 6.1958398438e+02 6.1945202637e+02 6.1940600586e+02 6.1940399170e+02 6.1941900635e+02 6.1945098877e+02 6.1946600342e+02 6.1946697998e+02 6.1946502686e+02
6.2296099854e+02 6.2301397705e+02 6.2299499512e+02 6.2292602539e+02 6.2282800293e+02 6.2272900391e+02 6.2265002441e+02 6.2258801270e+02 6.2255200195e+02 6.2251202393e+02 6.2246099854e+02 6.2238500977e+02 6.2228900146e+02 6.2220098877e+02 6.2210998535e+02 6.2201702881e+02 6.2190600586e+02 6.2178302002e+02 6.2166302490e+02 6.2158398438e+02 6.2156097412e+02 6.2156201172e+02 6.2152600098e+02 6.2142199707e+02 6.2127697754e+02 6.2120397949e+02 6.2117498779e+02 6.2115997314e+02 6.2111999512e+02 6.2104199219e+02 6.2093798828e+02 6.2080999756e+02 6.2066101074e+02 6.2048498535e+02 6.2028198242e+02 6.2008197021e+02 6.1992401123e+02 6.1974102783e+02 6.1958398438e+02 6.1951300049e+02 6.1948901367e+02 6.1946301270e+02 6.1947302246e+02 6.1949700928e+02 6.1952001953e+02 6.1952099609e+02
6.2301397705e+02 6.2302099609e+02 6.2299499512e+02 6.2294299316e+02 6.2289697266e+02 6.2284497070e+02 6.2278302002e+02 6.2271697998e+02 6.2266302490e+02 6.2260900879e+02 6.2255999756e+02 6.2249298096e+02 6.2240698242e+02 6.2227600098e+02 6.2217401123e+02 6.2209802246e+02 6.2204699707e+02 6.2194500732e+02 6.2183599854e+02 6.2174597168e+02 6.2171801758e+02 6.2175299072e+02 6.2172399902e+02 6.2160302734e+02 6.2143597412e+02 6.2135198975e+02 6.2134100342e+02 6.2134002686e+02 6.2128302002e+02 6.2117901611e+02 6.2105902100e+02 6.2092797852e+02 6.2078399658e+02 6.2061999512e+02 6.2043298340e+02 6.2024499512e+02 6.2005603027e+02 6.1988000488e+02 6.1973602295e+02 6.1965802002e+02 6.1961999512e+02 6.1955401611e+02 6.1951599121e+02 6.1952502441e+02 6.1955499268e+02 6.1955999756e+02
6.2303100586e+02 6.2304101563e+02 6.2301098633e+02 6.2296697998e+02 6.2294396973e+02 6.2293798828e+02 6.2290002441e+02 6.2283599854e+02 6.2275701904e+02 6.2270202637e+02 6.2265502930e+02 6.2260101318e+02 6.2252301025e+02 6.2239801025e+02 6.2228497314e+02 6.2220898438e+02 6.2219097900e+02 6.2213500977e+02 6.2203997803e+02 6.2196099854e+02 6.2193298340e+02 6.2195098877e+02 6.2188299561e+02 6.2173199463e+02 6.2155499268e+02 6.2147900391e+02 6.2147802734e+02 6.2147698975e+02 6.2140899658e+02 6.2129602051e+02 6.2117797852e+02 6.2104498291e+02 6.2089801025e+02 6.2073297119e+02 6.2056402588e+02 6.2039599609e+02 6.2022302246e+02 6.2004901123e+02 6.1992199707e+02 6.1983099365e+02 6.1977099609e+02 6.1967901611e+02 6.1962097168e+02 6.1960699463e+02 6.1959002686e+02 6.1958099365e+02
6.2300402832e+02 6.2302301025e+02 6.2300701904e+02 6.2297698975e+02 6.2296398926e+02 6.2296997070e+02 6.2294799805e+02 6.2289501953e+02 6.2280902100e+02 6.2275598145e+02 6.2272198486e+02 6.2269000244e+02 6.2264099121e+02 6.2254400635e+02 6.2243798828e+02 6.2235400391e+02 6.2232098389e+02 6.2227600098e+02 6.2219396973e+02 6.2212402344e+02 6.2208398438e+02 6.2204998779e+02 6.2194396973e+02 6.2178997803e+02 6.2164300537e+02 6.2158801270e+02 6.2159497070e+02 6.2159497070e+02 6.2151000977e+02 6.2139501953e+02 6.2128302002e+02 6.2115502930e+02 6.2100701904e+02 6.2085400391e+02 6.2070397949e+02 6.2055499268e+02 6.2040301514e+02 6.2025402832e+02 6.2013299561e+02 6.2002600098e+02 6.1991998291e+02 6.1979498291e+02 6.1974597168e+02 6.1973101807e+02 6.1966900635e+02 6.1964501953e+02
6.2293499756e+02 6.2296801758e+02 6.2296697998e+02 6.2295202637e+02 6.2293902588e+02 6.2294000244e+02 6.2292901611e+02 6.2289099121e+02 6.2281597900e+02 6.2277099609e+02 6.2275799561e+02 6.2275500488e+02 6.2274597168e+02 6.2268902588e+02 6.2259997559e+02 6.2251202393e+02 6.2244000244e+02 6.2237200928e+02 6.2229302979e+02 6.2222198486e+02 6.2216900635e+02 6.2208099365e+02 6.2194500732e+02 6.2179998779e+02 6.2169201660e+02 6.2164398193e+02 6.2165197754e+02 6.2165600586e+02 6.2158001709e+02 6.2147601318e+02 6.2137597656e+02 6.2125897217e+02 6.2111700439e+02 6.2097601318e+02 6.2084399414e+02 6.2071398926e+02 6.2059002686e+02 6.2047998047e+02 6.2036700439e+02 6.2024298096e+02 6.2008398438e+02 6.1991998291e+02 6.1986297607e+02 6.1984197998e+02 6.1977801514e+02 6.1975402832e+02
6.2284600830e+02 6.2287701416e+02 6.2288598633e+02 6.2288098145e+02 6.2286700439e+02 6.2286798096e+02 6.2286199951e+02 6.2283599854e+02 6.2277099609e+02 6.2274597168e+02 6.2274798584e+02 6.2277301025e+02 6.2281097412e+02 6.2280798340e+02 6.2274902344e+02 6.2266302490e+02 6.2256298828e+02 6.2245599365e+02 6.2236798096e+02 6.2228601074e+02 6.2222497559e+02 6.2211999512e+02 6.2197802734e+02 6.2184497070e+02 6.2173797607e+02 6.2166998291e+02 6.2164697266e+02 6.2163702393e+02 6.2158300781e+02 6.2153698730e+02 6.2145599365e+02 6.2135498047e+02 6.2121697998e+02 6.2109997559e+02 6.2098797607e+02 6.2087902832e+02 6.2078399658e+02 6.2071002197e+02 6.2060998535e+02 6.2046997070e+02 6.2028900146e+02 6.2011102295e+02 6.2001098633e+02 6.1995397949e+02 6.1989501953e+02 6.1987500000e+02
6.2276397705e+02 6.2278399658e+02 6.2279199219e+02 6.2279302979e+02 6.2280102539e+02 6.2281500244e+02 6.2280603027e+02 6.2277398682e+02 6.2273602295e+02 6.2271398926e+02 6.2271997070e+02 6.2275701904e+02 6.2282897949e+02 6.2286602783e+02 6.2283697510e+02 6.2276202393e+02 6.2265100098e+02 6.2254498291e+02 6.2245501709e+02 6.2236798096e+02 6.2229498291e+02 6.2218597412e+02 6.2206201172e+02 6.2193597412e+02 6.2179797363e+02 6.2171002197e+02 6.2166198730e+02 6.2163598633e+02 6.2163201904e+02 6.2160198975e+02 6.2154199219e+02 6.2145898438e+02 6.2134600830e+02 6.2123602295e+02 6.2113897705e+02 6.2104302979e+02 6.2095001221e+02 6.2089599609e+02 6.2081201172e+02 6.2067700195e+02 6.2048400879e+02 6.2029998779e+02 6.2020501709e+02 6.2015399170e+02 6.2008697510e+02 6.2003198242e+02
6.2269396973e+02 6.2271502686e+02 6.2272497559e+02 6.2273400879e+02 6.2275201416e+02 6.2276397705e+02 6.2275500488e+02 6.2272698975e+02 6.2269702148e+02 6.2268597412e+02 6.2270300293e+02 6.2274902344e+02 6.2282501221e+02 6.2288500977e+02 6.2288098145e+02 6.2282397461e+02 6.2272198486e+02 6.2261901855e+02 6.2253198242e+02 6.2244799805e+02 6.2236798096e+02 6.2226098633e+02 6.2214501953e+02 6.2202502441e+02 6.2187799072e+02 6.2177502441e+02 6.2172698975e+02 6.2170397949e+02 6.2171099854e+02 6.2169500732e+02 6.2165002441e+02 6.2158300781e+02 6.2148297119e+02 6.2138299561e+02 6.2129602051e+02 6.2121002197e+02 6.2112200928e+02 6.2107501221e+02 6.2100000000e+02 6.2086999512e+02 6.2066998291e+02 6.2050201416e+02 6.2042797852e+02 6.2039599609e+02 6.2034002686e+02 6.2026300049e+02
6.2264501953e+02 6.2266497803e+02 6.2267700195e+02 6.2269396973e+02 6.2271801758e+02 6.2272100830e+02 6.2270898438e+02 6.2268499756e+02 6.2266302490e+02 6.2266101074e+02 6.2268798828e+02 6.2273901367e+02 6.2280700684e+02 6.2287298584e+02 6.2289001465e+02 6.2285400391e+02 6.2277398682e+02 6.2268200684e+02 6.2259997559e+02 6.2251898193e+02 6.2243902588e+02 6.2234100342e+02 6.2223602295e+02 6.2212402344e+02 6.2197900391e+02 6.2187597656e+02 6.2183099365e+02 6.2181201172e+02 6.2182000732e+02 6.2180700684e+02 6.2177197266e+02 6.2171502686e+02 6.2162701416e+02 6.2153802490e+02 6.2146002197e+02 6.2138397217e+02 6.2130401611e+02 6.2125598145e+02 6.2117797852e+02 6.2104400635e+02 6.2085101318e+02 6.2071801758e+02 6.2066198730e+02 6.2065002441e+02 6.2061401367e+02 6.2053002930e+02
6.2260900879e+02 6.2261700439e+02 6.2263299561e+02 6.2265502930e+02 6.2267700195e+02 6.2268402100e+02 6.2267602539e+02 6.2266198730e+02 6.2266198730e+02 6.2266400146e+02 6.2269598389e+02 6.2274200439e+02 6.2280999756e+02 6.2285498047e+02 6.2287902832e+02 6.2286499023e+02 6.2279602051e+02 6.2272399902e+02 6.2265399170e+02 6.2258300781e+02 6.2250201416e+02 6.2241198730e+02 6.2232598877e+02 6.2223901367e+02 6.2215399170e+02 6.2203997803e+02 6.2199902344e+02 6.2197198486e+02 6.2198199463e+02 6.2194598389e+02 6.2189501953e+02 6.2183300781e+02 6.2174700928e+02 6.2169500732e+02 6.2163702393e+02 6.2157897949e+02 6.2153002930e+02 6.2143597412e+02 6.2132800293e+02 6.2117999268e+02 6.2100799561e+02 6.2090399170e+02 6.2085302734e+02 6.2084899902e+02 6.2085198975e+02 6.2078698730e+02
6.2253002930e+02 6.2254199219e+02 6.2256402588e+02 6.2258898926e+02 6.2260998535e+02 6.2262799072e+02 6.2264202881e+02 6.2265197754e+02 6.2266497803e+02 6.2268701172e+02 6.2271197510e+02 6.2274499512e+02 6.2279400635e+02 6.2284197998e+02 6.2286401367e+02 6.2285601807e+02 6.2280401611e+02 6.2273797607e+02 6.2268200684e+02 6.2262200928e+02 6.2255200195e+02 6.2247302246e+02 6.2240502930e+02 6.2234301758e+02 6.2227301025e+02 6.2222198486e+02 6.2219097900e+02 6.2215997314e+02 6.2214202881e+02 6.2209399414e+02 6.2201800537e+02 6.2194201660e+02 6.2188500977e+02 6.2186102295e+02 6.2183099365e+02 6.2179199219e+02 6.2172698975e+02 6.2161901855e+02 6.2147698975e+02 6.2130603027e+02 6.2110797119e+02 6.2098797607e+02 6.2094500732e+02 6.2095697021e+02 6.2102197266e+02 6.2101397705e+02
6.2240399170e+02 6.2242797852e+02 6.2246301270e+02 6.2250201416e+02 6.2253399658e+02 6.2256500244e+02 6.2260101318e+02 6.2263397217e+02 6.2266101074e+02 6.2267999268e+02 6.2269897461e+02 6.2272601318e+02 6.2276501465e+02 6.2280798340e+02 6.2283502197e+02 6.2283697510e+02 6.2280401611e+02 6.2275402832e+02 6.2270697021e+02 6.2265600586e+02 6.2259899902e+02 6.2253497314e+02 6.2247900391e+02 6.2242901611e+02 6.2238299561e+02 6.2235797119e+02 6.2233697510e+02 6.2231597900e+02 6.2228900146e+02 6.2221997070e+02 6.2213702393e+02 6.2205999756e+02 6.2201397705e+02 6.2201702881e+02 6.2200598145e+02 6.2197601318e+02 6.2190997314e+02 6.2178802490e+02 6.2163098145e+02 6.2144201660e+02 6.2121801758e+02 6.2108599854e+02 6.2104400635e+02 6.2106701660e+02 6.2115600586e+02 6.2118902588e+02
6.2224102783e+02 6.2228497314e+02 6.2234002686e+02 6.2240002441e+02 6.2245397949e+02 6.2250402832e+02 6.2255798340e+02 6.2260699463e+02 6.2264300537e+02 6.2265301514e+02 6.2266601563e+02 6.2268902588e+02 6.2272198486e+02 6.2276501465e+02 6.2279797363e+02 6.2280999756e+02 6.2280102539e+02 6.2276898193e+02 6.2272998047e+02 6.2268902588e+02 6.2264202881e+02 6.2259197998e+02 6.2254797363e+02 6.2251000977e+02 6.2248199463e+02 6.2247497559e+02 6.2246600342e+02 6.2245098877e+02 6.2241900635e+02 6.2233300781e+02 6.2224597168e+02 6.2216802979e+02 6.2213098145e+02 6.2215802002e+02 6.2216302490e+02 6.2214501953e+02 6.2207598877e+02 6.2194500732e+02 6.2178100586e+02 6.2158398438e+02 6.2135198975e+02 6.2121002197e+02 6.2115698242e+02 6.2117297363e+02 6.2125201416e+02 6.2129699707e+02
