TESTSERVER/1/4.asc
NCOLS 100
NROWS 100
XLLCORNER 7.5497500000e+03
YLLCORNER 2.8975025000e+05
CELLSIZE 5.0000000000e-01
NODATA_VALUE -9.9990000000e+03
[rows 60 to 79 of 100, columns 46 to 91 of 100]
6.1666400146e+02 6.1680999756e+02 6.1691302490e+02 6.1701898193e+02 6.1716400146e+02 6.1734600830e+02 6.1749597168e+02 6.1761499023e+02 6.1769500732e+02 6.1771099854e+02 6.1771997070e+02 6.1776702881e+02 6.1786401367e+02 6.1799902344e+02 6.1828002930e+02 6.1861602783e+02 6.1889202881e+02 6.1903198242e+02 6.1917999268e+02 6.1930902100e+02 6.1943499756e+02 6.1948498535e+02 6.1954101563e+02 6.1965100098e+02 6.1983599854e+02 6.2006201172e+02 6.2027899170e+02 6.2047302246e+02 6.2064398193e+02 6.2077001953e+02 6.2088500977e+02 6.2099902344e+02 6.2112402344e+02 6.2122302246e+02 6.2131201172e+02 6.2140100098e+02 6.2149700928e+02 6.2160998535e+02 6.2175000000e+02 6.2191101074e+02 6.2207501221e+02 6.2222497559e+02 6.2237701416e+02 6.2250799561e+02 6.2259899902e+02 6.2263702393e+02
6.1649102783e+02 6.1665600586e+02 6.1678302002e+02 6.1688897705e+02 6.1699298096e+02 6.1714599609e+02 6.1731597900e+02 6.1748699951e+02 6.1764099121e+02 6.1772998047e+02 6.1774499512e+02 6.1775097656e+02 6.1777600098e+02 6.1781402588e+02 6.1795697021e+02 6.1823400879e+02 6.1857299805e+02 6.1884399414e+02 6.1904797363e+02 6.1918597412e+02 6.1928302002e+02 6.1936602783e+02 6.1943902588e+02 6.1954699707e+02 6.1971398926e+02 6.1992498779e+02 6.2015399170e+02 6.2037799072e+02 6.2054400635e+02 6.2066400146e+02 6.2077398682e+02 6.2086602783e+02 6.2094299316e+02 6.2101397705e+02 6.2109002686e+02 6.2118298340e+02 6.2129602051e+02 6.2141998291e+02 6.2155999756e+02 6.2171801758e+02 6.2188201904e+02 6.2203399658e+02 6.2219897461e+02 6.2233898926e+02 6.2242901611e+02 6.2246002197e+02
6.1628802490e+02 6.1645697021e+02 6.1660601807e+02 6.1673901367e+02 6.1684399414e+02 6.1695501709e+02 6.1711602783e+02 6.1730999756e+02 6.1751397705e+02 6.1767999268e+02 6.1774798584e+02 6.1776702881e+02 6.1777197266e+02 6.1775701904e+02 6.1778802490e+02 6.1792999268e+02 6.1817797852e+02 6.1850402832e+02 6.1879998779e+02 6.1902398682e+02 6.1916302490e+02 6.1927197266e+02 6.1935797119e+02 6.1945697021e+02 6.1958801270e+02 6.1975598145e+02 6.1996197510e+02 6.2018902588e+02 6.2037402344e+02 6.2049902344e+02 6.2061102295e+02 6.2069799805e+02 6.2076397705e+02 6.2082897949e+02 6.2090997314e+02 6.2101000977e+02 6.2113299561e+02 6.2125701904e+02 6.2138897705e+02 6.2153601074e+02 6.2169702148e+02 6.2185302734e+02 6.2201397705e+02 6.2215301514e+02 6.2225201416e+02 6.2229998779e+02
6.1605999756e+02 6.1621502686e+02 6.1637701416e+02 6.1655200195e+02 6.1670599365e+02 6.1679302979e+02 6.1692999268e+02 6.1712298584e+02 6.1734100342e+02 6.1753002930e+02 6.1766900635e+02 6.1775897217e+02 6.1778601074e+02 6.1775598145e+02 6.1774902344e+02 6.1778399658e+02 6.1786999512e+02 6.1811102295e+02 6.1841900635e+02 6.1872497559e+02 6.1895599365e+02 6.1909497070e+02 6.1920697021e+02 6.1932000732e+02 6.1944702148e+02 6.1957299805e+02 6.1974102783e+02 6.1994897461e+02 6.2015002441e+02 6.2029998779e+02 6.2042498779e+02 6.2052301025e+02 6.2059600830e+02 6.2067401123e+02 6.2076800537e+02 6.2088000488e+02 6.2101098633e+02 6.2112799072e+02 6.2124700928e+02 6.2138000488e+02 6.2153100586e+02 6.2168499756e+02 6.2183599854e+02 6.2197100830e+02 6.2207897949e+02 6.2216497803e+02
6.1583300781e+02 6.1596002197e+02 6.1611901855e+02 6.1631896973e+02 6.1653497314e+02 6.1666198730e+02 6.1678399658e+02 6.1696002197e+02 6.1719097900e+02 6.1733001709e+02 6.1750000000e+02 6.1768200684e+02 6.1779901123e+02 6.1775799561e+02 6.1774401855e+02 6.1774200439e+02 6.1775299072e+02 6.1784497070e+02 6.1802398682e+02 6.1829602051e+02 6.1859301758e+02 6.1878698730e+02 6.1895202637e+02 6.1911297607e+02 6.1928497314e+02 6.1939801025e+02 6.1953497314e+02 6.1971398926e+02 6.1990197754e+02 6.2008099365e+02 6.2022900391e+02 6.2034997559e+02 6.2044299316e+02 6.2054101563e+02 6.2065301514e+02 6.2077899170e+02 6.2092700195e+02 6.2102899170e+02 6.2113702393e+02 6.2125799561e+02 6.2139599609e+02 6.2154302979e+02 6.2167901611e+02 6.2180102539e+02 6.2191302490e+02 6.2204199219e+02
6.1557702637e+02 6.1571301270e+02 6.1585900879e+02 6.1605297852e+02 6.1628698730e+02 6.1648199463e+02 6.1664697266e+02 6.1681597900e+02 6.1699902344e+02 6.1713397217e+02 6.1729498291e+02 6.1750402832e+02 6.1767498779e+02 6.1774298096e+02 6.1776098633e+02 6.1775097656e+02 6.1774401855e+02 6.1777197266e+02 6.1781298828e+02 6.1793402100e+02 6.1818902588e+02 6.1842700195e+02 6.1863598633e+02 6.1883001709e+02 6.1903198242e+02 6.1918597412e+02 6.1933801270e+02 6.1951202393e+02 6.1969799805e+02 6.1988000488e+02 6.2004302979e+02 6.2018200684e+02 6.2029602051e+02 6.2040197754e+02 6.2051898193e+02 6.2064697266e+02 6.2078497314e+02 6.2090698242e+02 6.2102502441e+02 6.2115502930e+02 6.2129400635e+02 6.2142999268e+02 6.2155297852e+02 6.2166400146e+02 6.2176800537e+02 6.2189099121e+02
6.1533502197e+02 6.1547198486e+02 6.1561901855e+02 6.1581597900e+02 6.1604901123e+02 6.1628198242e+02 6.1650201416e+02 6.1669097900e+02 6.1682897949e+02 6.1695501709e+02 6.1709301758e+02 6.1728100586e+02 6.1746197510e+02 6.1759497070e+02 6.1769500732e+02 6.1775201416e+02 6.1777600098e+02 6.1777502441e+02 6.1775299072e+02 6.1776397705e+02 6.1790197754e+02 6.1810498047e+02 6.1830700684e+02 6.1851599121e+02 6.1875402832e+02 6.1896502686e+02 6.1914001465e+02 6.1931701660e+02 6.1950799561e+02 6.1969799805e+02 6.1986999512e+02 6.2002001953e+02 6.2014697266e+02 6.2025799561e+02 6.2037402344e+02 6.2049700928e+02 6.2062902832e+02 6.2075598145e+02 6.2088397217e+02 6.2102197266e+02 6.2116699219e+02 6.2130603027e+02 6.2142999268e+02 6.2154199219e+02 6.2164501953e+02 6.2176702881e+02
6.1512799072e+02 6.1526300049e+02 6.1541900635e+02 6.1562298584e+02 6.1584802246e+02 6.1608801270e+02 6.1635302734e+02 6.1658300781e+02 6.1672198486e+02 6.1682897949e+02 6.1692199707e+02 6.1705700684e+02 6.1720697021e+02 6.1734497070e+02 6.1750201416e+02 6.1764801025e+02 6.1775500488e+02 6.1777197266e+02 6.1775201416e+02 6.1772698975e+02 6.1777099609e+02 6.1788000488e+02 6.1802398682e+02 6.1821099854e+02 6.1846997070e+02 6.1873999023e+02 6.1893902588e+02 6.1912902832e+02 6.1934399414e+02 6.1953900146e+02 6.1971502686e+02 6.1986602783e+02 6.1999499512e+02 6.2010797119e+02 6.2022100830e+02 6.2034002686e+02 6.2046600342e+02 6.2059100342e+02 6.2071899414e+02 6.2085699463e+02 6.2100897217e+02 6.2116302490e+02 6.2129998779e+02 6.2142498779e+02 6.2154101563e+02 6.2167401123e+02
6.1496099854e+02 6.1509002686e+02 6.1526397705e+02 6.1547497559e+02 6.1569201660e+02 6.1591400146e+02 6.1619201660e+02 6.1645202637e+02 6.1663098145e+02 6.1670098877e+02 6.1676898193e+02 6.1687402344e+02 6.1700701904e+02 6.1709802246e+02 6.1726397705e+02 6.1745697021e+02 6.1763098145e+02 6.1775500488e+02 6.1776702881e+02 6.1773797607e+02 6.1774298096e+02 6.1776098633e+02 6.1782098389e+02 6.1795599365e+02 6.1819097900e+02 6.1847900391e+02 6.1871801758e+02 6.1894500732e+02 6.1919299316e+02 6.1941198730e+02 6.1958502197e+02 6.1971997070e+02 6.1982897949e+02 6.1995898438e+02 6.2007202148e+02 6.2018298340e+02 6.2030401611e+02 6.2043103027e+02 6.2055499268e+02 6.2068103027e+02 6.2080798340e+02 6.2098602295e+02 6.2114898682e+02 6.2129998779e+02 6.2143103027e+02 6.2157800293e+02
6.1488299561e+02 6.1498699951e+02 6.1513800049e+02 6.1532501221e+02 6.1552899170e+02 6.1574499512e+02 6.1599700928e+02 6.1624499512e+02 6.1642199707e+02 6.1651300049e+02 6.1660302734e+02 6.1670098877e+02 6.1682397461e+02 6.1693402100e+02 6.1711499023e+02 6.1731201172e+02 6.1746899414e+02 6.1766699219e+02 6.1774700928e+02 6.1776300049e+02 6.1778198242e+02 6.1777001953e+02 6.1776898193e+02 6.1782598877e+02 6.1797802734e+02 6.1820300293e+02 6.1845697021e+02 6.1873699951e+02 6.1901098633e+02 6.1925000000e+02 6.1944097900e+02 6.1957098389e+02 6.1966900635e+02 6.1979602051e+02 6.1989898682e+02 6.1999401855e+02 6.2011602783e+02 6.2026397705e+02 6.2038897705e+02 6.2049902344e+02 6.2061901855e+02 6.2080499268e+02 6.2099200439e+02 6.2116601563e+02 6.2131298828e+02 6.2145300293e+02
6.1481201172e+02 6.1488702393e+02 6.1500500488e+02 6.1516198730e+02 6.1534399414e+02 6.1552697754e+02 6.1574902344e+02 6.1598400879e+02 6.1617297363e+02 6.1632397461e+02 6.1643499756e+02 6.1652197266e+02 6.1663702393e+02 6.1675201416e+02 6.1693597412e+02 6.1715802002e+02 6.1733398438e+02 6.1752697754e+02 6.1764398193e+02 6.1771899414e+02 6.1780200195e+02 6.1781201172e+02 6.1779199219e+02 6.1778302002e+02 6.1783197021e+02 6.1796502686e+02 6.1816699219e+02 6.1843298340e+02 6.1872198486e+02 6.1900097656e+02 6.1923199463e+02 6.1939099121e+02 6.1949700928e+02 6.1960900879e+02 6.1970001221e+02 6.1979199219e+02 6.1991400146e+02 6.2005902100e+02 6.2018798828e+02 6.2030700684e+02 6.2043798828e+02 6.2063800049e+02 6.2084100342e+02 6.2102697754e+02 6.2117999268e+02 6.2131298828e+02
6.1474298096e+02 6.1478997803e+02 6.1487597656e+02 6.1500000000e+02 6.1515197754e+02 6.1530200195e+02 6.1549200439e+02 6.1570800781e+02 6.1590899658e+02 6.1609399414e+02 6.1622302246e+02 6.1632299805e+02 6.1645501709e+02 6.1656201172e+02 6.1672198486e+02 6.1695898438e+02 6.1719201660e+02 6.1736901855e+02 6.1747900391e+02 6.1757501221e+02 6.1771398926e+02 6.1778698730e+02 6.1780200195e+02 6.1778497314e+02 6.1777301025e+02 6.1781896973e+02 6.1792901611e+02 6.1811798096e+02 6.1836602783e+02 6.1868200684e+02 6.1896002197e+02 6.1916302490e+02 6.1929400635e+02 6.1940399170e+02 6.1950402832e+02 6.1960998535e+02 6.1972998047e+02 6.1985198975e+02 6.1997900391e+02 6.2011297607e+02 6.2026501465e+02 6.2047497559e+02 6.2068499756e+02 6.2087597656e+02 6.2103100586e+02 6.2116101074e+02
6.1471600342e+02 6.1467901611e+02 6.1473602295e+02 6.1484002686e+02 6.1496502686e+02 6.1511901855e+02 6.1529302979e+02 6.1548297119e+02 6.1567102051e+02 6.1584002686e+02 6.1597900391e+02 6.1611700439e+02 6.1629602051e+02 6.1642297363e+02 6.1653802490e+02 6.1672198486e+02 6.1697601318e+02 6.1718402100e+02 6.1730297852e+02 6.1739099121e+02 6.1751098633e+02 6.1764398193e+02 6.1774102783e+02 6.1778399658e+02 6.1778698730e+02 6.1777099609e+02 6.1779901123e+02 6.1789501953e+02 6.1806701660e+02 6.1832702637e+02 6.1862200928e+02 6.1886999512e+02 6.1905700684e+02 6.1920098877e+02 6.1934197998e+02 6.1946398926e+02 6.1957098389e+02 6.1967401123e+02 6.1978900146e+02 6.1992901611e+02 6.2009802246e+02 6.2030700684e+02 6.2051898193e+02 6.2071197510e+02 6.2085998535e+02 6.2099798584e+02
6.1455603027e+02 6.1456500244e+02 6.1462500000e+02 6.1472998047e+02 6.1485400391e+02 6.1498999023e+02 6.1515002441e+02 6.1531500244e+02 6.1547900391e+02 6.1563598633e+02 6.1576501465e+02 6.1588897705e+02 6.1605902100e+02 6.1624700928e+02 6.1638500977e+02 6.1652899170e+02 6.1674200439e+02 6.1694097900e+02 6.1707299805e+02 6.1719201660e+02 6.1732897949e+02 6.1746801758e+02 6.1760998535e+02 6.1772302246e+02 6.1778198242e+02 6.1778601074e+02 6.1778399658e+02 6.1782299805e+02 6.1792700195e+02 6.1809301758e+02 6.1829101563e+02 6.1850500488e+02 6.1871801758e+02 6.1895202637e+02 6.1917401123e+02 6.1934399414e+02 6.1946301270e+02 6.1955700684e+02 6.1965301514e+02 6.1977899170e+02 6.1995300293e+02 6.2015698242e+02 6.2036999512e+02 6.2056799316e+02 6.2072100830e+02 6.2084399414e+02
6.1437500000e+02 6.1443103027e+02 6.1451397705e+02 6.1462902832e+02 6.1475000000e+02 6.1486999512e+02 6.1500201416e+02 6.1513800049e+02 6.1527301025e+02 6.1541699219e+02 6.1554400635e+02 6.1566400146e+02 6.1580499268e+02 6.1600201416e+02 6.1619000244e+02 6.1635400391e+02 6.1653497314e+02 6.1669799805e+02 6.1681500244e+02 6.1694000244e+02 6.1710302734e+02 6.1725897217e+02 6.1742797852e+02 6.1759100342e+02 6.1773400879e+02 6.1781402588e+02 6.1782598877e+02 6.1783197021e+02 6.1787701416e+02 6.1796197510e+02 6.1807800293e+02 6.1822900391e+02 6.1840698242e+02 6.1865399170e+02 6.1890802002e+02 6.1912402344e+02 6.1929101563e+02 6.1941497803e+02 6.1952502441e+02 6.1965399170e+02 6.1983398438e+02 6.2003802490e+02 6.2024102783e+02 6.2043597412e+02 6.2059802246e+02 6.2072601318e+02
6.1417700195e+02 6.1425299072e+02 6.1435998535e+02 6.1449401855e+02 6.1462597656e+02 6.1474102783e+02 6.1485198975e+02 6.1495898438e+02 6.1506201172e+02 6.1519201660e+02 6.1532397461e+02 6.1545001221e+02 6.1557501221e+02 6.1575201416e+02 6.1596600342e+02 6.1615899658e+02 6.1635601807e+02 6.1651098633e+02 6.1661297607e+02 6.1672302246e+02 6.1688000488e+02 6.1703900146e+02 6.1721197510e+02 6.1739898682e+02 6.1759197998e+02 6.1774200439e+02 6.1781597900e+02 6.1785900879e+02 6.1789599609e+02 6.1793597412e+02 6.1799298096e+02 6.1807702637e+02 6.1817999268e+02 6.1836901855e+02 6.1859600830e+02 6.1882202148e+02 6.1903100586e+02 6.1921398926e+02 6.1937402344e+02 6.1953698730e+02 6.1973101807e+02 6.1992297363e+02 6.2010699463e+02 6.2028601074e+02 6.2045001221e+02 6.2058599854e+02
6.1397302246e+02 6.1404998779e+02 6.1416802979e+02 6.1432000732e+02 6.1449597168e+02 6.1460302734e+02 6.1469299316e+02 6.1478997803e+02 6.1491601563e+02 6.1503002930e+02 6.1516998291e+02 6.1530603027e+02 6.1543298340e+02 6.1558801270e+02 6.1577502441e+02 6.1596600342e+02 6.1617602539e+02 6.1637298584e+02 6.1649102783e+02 6.1659002686e+02 6.1672399902e+02 6.1685699463e+02 6.1701202393e+02 6.1717797852e+02 6.1732800293e+02 6.1749902344e+02 6.1766198730e+02 6.1780999756e+02 6.1791998291e+02 6.1796002197e+02 6.1798602295e+02 6.1801397705e+02 6.1805902100e+02 6.1814501953e+02 6.1829998779e+02 6.1849700928e+02 6.1870898438e+02 6.1895501709e+02 6.1918902588e+02 6.1941198730e+02 6.1962298584e+02 6.1978698730e+02 6.1993798828e+02 6.2009802246e+02 6.2026000977e+02 6.2039898682e+02
6.1376202393e+02 6.1384002686e+02 6.1395697021e+02 6.1412200928e+02 6.1433300781e+02 6.1446099854e+02 6.1453302002e+02 6.1463299561e+02 6.1478900146e+02 6.1496002197e+02 6.1513500977e+02 6.1528100586e+02 6.1539300537e+02 6.1552099609e+02 6.1565502930e+02 6.1579699707e+02 6.1598297119e+02 6.1619702148e+02 6.1634301758e+02 6.1645300293e+02 6.1655999756e+02 6.1669000244e+02 6.1683001709e+02 6.1696301270e+02 6.1707702637e+02 6.1720300293e+02 6.1739801025e+02 6.1761700439e+02 6.1780102539e+02 6.1792901611e+02 6.1800701904e+02 6.1802899170e+02 6.1803198242e+02 6.1805999756e+02 6.1812597656e+02 6.1824298096e+02 6.1840899658e+02 6.1863299561e+02 6.1891497803e+02 6.1922998047e+02 6.1949597168e+02 6.1965301514e+02 6.1979302979e+02 6.1994299316e+02 6.2010101318e+02 6.2022601318e+02
6.1356500244e+02 6.1365502930e+02 6.1377899170e+02 6.1394897461e+02 6.1416400146e+02 6.1431799316e+02 6.1440802002e+02 6.1450701904e+02 6.1466900635e+02 6.1489001465e+02 6.1510302734e+02 6.1526098633e+02 6.1536102295e+02 6.1546099854e+02 6.1555200195e+02 6.1564801025e+02 6.1578002930e+02 6.1597601318e+02 6.1613000488e+02 6.1625402832e+02 6.1637500000e+02 6.1650701904e+02 6.1664202881e+02 6.1676599121e+02 6.1685498047e+02 6.1694097900e+02 6.1713500977e+02 6.1737799072e+02 6.1760302734e+02 6.1780902100e+02 6.1797302246e+02 6.1804998779e+02 6.1804699707e+02 6.1804101563e+02 6.1805102539e+02 6.1809497070e+02 6.1819097900e+02 6.1835101318e+02 6.1859997559e+02 6.1891699219e+02 6.1922601318e+02 6.1944897461e+02 6.1961798096e+02 6.1977001953e+02 6.1991601563e+02 6.2002697754e+02
6.1340502930e+02 6.1351000977e+02 6.1363598633e+02 6.1380102539e+02 6.1400500488e+02 6.1419097900e+02 6.1431896973e+02 6.1442901611e+02 6.1457202148e+02 6.1480200195e+02 6.1502600098e+02 6.1518499756e+02 6.1527001953e+02 6.1533898926e+02 6.1540698242e+02 6.1548400879e+02 6.1557501221e+02 6.1572998047e+02 6.1587500000e+02 6.1601098633e+02 6.1615997314e+02 6.1630902100e+02 6.1644598389e+02 6.1657098389e+02 6.1666101074e+02 6.1673498535e+02 6.1691302490e+02 6.1714398193e+02 6.1735699463e+02 6.1757299805e+02 6.1780102539e+02 6.1797100830e+02 6.1804699707e+02 6.1806402588e+02 6.1806597900e+02 6.1806402588e+02 6.1809600830e+02 6.1817602539e+02 6.1832299805e+02 6.1854101563e+02 6.1882598877e+02 6.1911901855e+02 6.1933697510e+02 6.1951800537e+02 6.1966900635e+02 6.1978100586e+02
