TESTSERVER/1/4.asc
NCOLS 100
NROWS 100
XLLCORNER 7.5497500000e+03
YLLCORNER 2.8975025000e+05
CELLSIZE 5.0000000000e-01
NODATA_VALUE -9.9990000000e+03
[rows 40 to 59 of 100, columns 46 to 91 of 100]
6.1979901123e+02 6.1994598389e+02 6.2009497070e+02 6.2025598145e+02 6.2040698242e+02 6.2052099609e+02 6.2061901855e+02 6.2071801758e+02 6.2082299805e+02 6.2092901611e+02 6.2105902100e+02 6.2120202637e+02 6.2134698486e+02 6.2144897461e+02 6.2157598877e+02 6.2172399902e+02 6.2189599609e+02 6.2211401367e+02 6.2227899170e+02 6.2240399170e+02 6.2243402100e+02 6.2250897217e+02 6.2259997559e+02 6.2269500732e+02 6.2279498291e+02 6.2290600586e+02 6.2300701904e+02 6.2310101318e+02 6.2321899414e+02 6.2330401611e+02 6.2333599854e+02 6.2333502197e+02 6.2329101563e+02 6.2328100586e+02 6.2330499268e+02 6.2335198975e+02 6.2339202881e+02 6.2341900635e+02 6.2345202637e+02 6.2349200439e+02 6.2353198242e+02 6.2348999023e+02 6.2340600586e+02 6.2331201172e+02 6.2326000977e+02 6.2321600342e+02
6.1958599854e+02 6.1974401855e+02 6.1991400146e+02 6.2008599854e+02 6.2023797607e+02 6.2034399414e+02 6.2044201660e+02 6.2054602051e+02 6.2064599609e+02 6.2073498535e+02 6.2085400391e+02 6.2099902344e+02 6.2114898682e+02 6.2126397705e+02 6.2140100098e+02 6.2155798340e+02 6.2175598145e+02 6.2197302246e+02 6.2213201904e+02 6.2225799561e+02 6.2233001709e+02 6.2241198730e+02 6.2251599121e+02 6.2261999512e+02 6.2273602295e+02 6.2286401367e+02 6.2297698975e+02 6.2308398438e+02 6.2320800781e+02 6.2329797363e+02 6.2332000732e+02 6.2330603027e+02 6.2325897217e+02 6.2322399902e+02 6.2323498535e+02 6.2327502441e+02 6.2332397461e+02 6.2335900879e+02 6.2341699219e+02 6.2348999023e+02 6.2355999756e+02 6.2354302979e+02 6.2349401855e+02 6.2342498779e+02 6.2334100342e+02 6.2329602051e+02
6.1935900879e+02 6.1954101563e+02 6.1973699951e+02 6.1992297363e+02 6.2006402588e+02 6.2016497803e+02 6.2027197266e+02 6.2038000488e+02 6.2046301270e+02 6.2053497314e+02 6.2064300537e+02 6.2078497314e+02 6.2094500732e+02 6.2107800293e+02 6.2123400879e+02 6.2141302490e+02 6.2162500000e+02 6.2183099365e+02 6.2199200439e+02 6.2212500000e+02 6.2222302246e+02 6.2232397461e+02 6.2243298340e+02 6.2254302979e+02 6.2266998291e+02 6.2281500244e+02 6.2293798828e+02 6.2305499268e+02 6.2318597412e+02 6.2328100586e+02 6.2330902100e+02 6.2330102539e+02 6.2325799561e+02 6.2321697998e+02 6.2321697998e+02 6.2324700928e+02 6.2329602051e+02 6.2334002686e+02 6.2340502930e+02 6.2348297119e+02 6.2355798340e+02 6.2356298828e+02 6.2353601074e+02 6.2348699951e+02 6.2341101074e+02 6.2336401367e+02
6.1915997314e+02 6.1932397461e+02 6.1953002930e+02 6.1973498535e+02 6.1988397217e+02 6.1999902344e+02 6.2012500000e+02 6.2023797607e+02 6.2029797363e+02 6.2035400391e+02 6.2045001221e+02 6.2058801270e+02 6.2075500488e+02 6.2090899658e+02 6.2108300781e+02 6.2128198242e+02 6.2150402832e+02 6.2169702148e+02 6.2185998535e+02 6.2199902344e+02 6.2211499023e+02 6.2222802734e+02 6.2234301758e+02 6.2245800781e+02 6.2259997559e+02 6.2276098633e+02 6.2289300537e+02 6.2301702881e+02 6.2315600586e+02 6.2326000977e+02 6.2330297852e+02 6.2330999756e+02 6.2328900146e+02 6.2325598145e+02 6.2325097656e+02 6.2327197266e+02 6.2331298828e+02 6.2335101318e+02 6.2340502930e+02 6.2346697998e+02 6.2352801514e+02 6.2355102539e+02 6.2354400635e+02 6.2351702881e+02 6.2346301270e+02 6.2343103027e+02
6.1898297119e+02 6.1911401367e+02 6.1928002930e+02 6.1948699951e+02 6.1967498779e+02 6.1981097412e+02 6.1995697021e+02 6.2008801270e+02 6.2016302490e+02 6.2020300293e+02 6.2028900146e+02 6.2042602539e+02 6.2060998535e+02 6.2076098633e+02 6.2094897461e+02 6.2116998291e+02 6.2140997314e+02 6.2157202148e+02 6.2173101807e+02 6.2188397217e+02 6.2203002930e+02 6.2212200928e+02 6.2223400879e+02 6.2235699463e+02 6.2251501465e+02 6.2270001221e+02 6.2285302734e+02 6.2299700928e+02 6.2314300537e+02 6.2323602295e+02 6.2330700684e+02 6.2334600830e+02 6.2337200928e+02 6.2332098389e+02 6.2331298828e+02 6.2332897949e+02 6.2336297607e+02 6.2339398193e+02 6.2342102051e+02 6.2344799805e+02 6.2348400879e+02 6.2350701904e+02 6.2350799561e+02 6.2350299072e+02 6.2348199463e+02 6.2348901367e+02
6.1871002197e+02 6.1891699219e+02 6.1907397461e+02 6.1924298096e+02 6.1942797852e+02 6.1958398438e+02 6.1973901367e+02 6.1990802002e+02 6.2003802490e+02 6.2009997559e+02 6.2018902588e+02 6.2033099365e+02 6.2049798584e+02 6.2063598633e+02 6.2081298828e+02 6.2103198242e+02 6.2126397705e+02 6.2142999268e+02 6.2159100342e+02 6.2175598145e+02 6.2190197754e+02 6.2200598145e+02 6.2211999512e+02 6.2225598145e+02 6.2243597412e+02 6.2263397217e+02 6.2280999756e+02 6.2296801758e+02 6.2309802246e+02 6.2320898438e+02 6.2330102539e+02 6.2336499023e+02 6.2339801025e+02 6.2336700439e+02 6.2335400391e+02 6.2336999512e+02 6.2340399170e+02 6.2343298340e+02 6.2344799805e+02 6.2345202637e+02 6.2346398926e+02 6.2347302246e+02 6.2347802734e+02 6.2348699951e+02 6.2350799561e+02 6.2353601074e+02
6.1844201660e+02 6.1866400146e+02 6.1884399414e+02 6.1901000977e+02 6.1918902588e+02 6.1936602783e+02 6.1953900146e+02 6.1972302246e+02 6.1987902832e+02 6.1996301270e+02 6.2007000732e+02 6.2021697998e+02 6.2037402344e+02 6.2050799561e+02 6.2067297363e+02 6.2087500000e+02 6.2108599854e+02 6.2125402832e+02 6.2141998291e+02 6.2159301758e+02 6.2175402832e+02 6.2187298584e+02 6.2200000000e+02 6.2214898682e+02 6.2233898926e+02 6.2254797363e+02 6.2273101807e+02 6.2289099121e+02 6.2302697754e+02 6.2314898682e+02 6.2324902344e+02 6.2332397461e+02 6.2339099121e+02 6.2339801025e+02 6.2337097168e+02 6.2337298584e+02 6.2340502930e+02 6.2343298340e+02 6.2345001221e+02 6.2345202637e+02 6.2344396973e+02 6.2345098877e+02 6.2346997070e+02 6.2349298096e+02 6.2353002930e+02 6.2357000732e+02
6.1821002197e+02 6.1839599609e+02 6.1858099365e+02 6.1875701904e+02 6.1895202637e+02 6.1916802979e+02 6.1936700439e+02 6.1955401611e+02 6.1970202637e+02 6.1979901123e+02 6.1992297363e+02 6.2008099365e+02 6.2023797607e+02 6.2036901855e+02 6.2052301025e+02 6.2070098877e+02 6.2088299561e+02 6.2104498291e+02 6.2121398926e+02 6.2140100098e+02 6.2158801270e+02 6.2172100830e+02 6.2186199951e+02 6.2202301025e+02 6.2222302246e+02 6.2243798828e+02 6.2262298584e+02 6.2278497314e+02 6.2292297363e+02 6.2304498291e+02 6.2314300537e+02 6.2322100830e+02 6.2329797363e+02 6.2333197021e+02 6.2330700684e+02 6.2330499268e+02 6.2334802246e+02 6.2338897705e+02 6.2341699219e+02 6.2342797852e+02 6.2341802979e+02 6.2342999268e+02 6.2346301270e+02 6.2350000000e+02 6.2354699707e+02 6.2359197998e+02
6.1796502686e+02 6.1818402100e+02 6.1836401367e+02 6.1853900146e+02 6.1874902344e+02 6.1899499512e+02 6.1920800781e+02 6.1939202881e+02 6.1953399658e+02 6.1964697266e+02 6.1977899170e+02 6.1993499756e+02 6.2008801270e+02 6.2021697998e+02 6.2036401367e+02 6.2052197266e+02 6.2067401123e+02 6.2082800293e+02 6.2099902344e+02 6.2119201660e+02 6.2138897705e+02 6.2155401611e+02 6.2171002197e+02 6.2188397217e+02 6.2209197998e+02 6.2230603027e+02 6.2249401855e+02 6.2265301514e+02 6.2279498291e+02 6.2290698242e+02 6.2297998047e+02 6.2303601074e+02 6.2306701660e+02 6.2313299561e+02 6.2314898682e+02 6.2316998291e+02 6.2322100830e+02 6.2329302979e+02 6.2333801270e+02 6.2336700439e+02 6.2339202881e+02 6.2342602539e+02 6.2346600342e+02 6.2350799561e+02 6.2354901123e+02 6.2360302734e+02
6.1770202637e+02 6.1792498779e+02 6.1813201904e+02 6.1834997559e+02 6.1859497070e+02 6.1881402588e+02 6.1901300049e+02 6.1920397949e+02 6.1938397217e+02 6.1953198242e+02 6.1964501953e+02 6.1975000000e+02 6.1986499023e+02 6.2000897217e+02 6.2016699219e+02 6.2032897949e+02 6.2049499512e+02 6.2065802002e+02 6.2083197021e+02 6.2100897217e+02 6.2118902588e+02 6.2136199951e+02 6.2153399658e+02 6.2172698975e+02 6.2194598389e+02 6.2217199707e+02 6.2236700439e+02 6.2252697754e+02 6.2266699219e+02 6.2277697754e+02 6.2282299805e+02 6.2283898926e+02 6.2286999512e+02 6.2291302490e+02 6.2295300293e+02 6.2299798584e+02 6.2307098389e+02 6.2316900635e+02 6.2323901367e+02 6.2329498291e+02 6.2335498047e+02 6.2341802979e+02 6.2346899414e+02 6.2351300049e+02 6.2355902100e+02 6.2361401367e+02
6.1752801514e+02 6.1768798828e+02 6.1788800049e+02 6.1815002441e+02 6.1844201660e+02 6.1865002441e+02 6.1884802246e+02 6.1904901123e+02 6.1924401855e+02 6.1940802002e+02 6.1950799561e+02 6.1958099365e+02 6.1968103027e+02 6.1984698486e+02 6.2000701904e+02 6.2016699219e+02 6.2033898926e+02 6.2051202393e+02 6.2069299316e+02 6.2086700439e+02 6.2102801514e+02 6.2119201660e+02 6.2136297607e+02 6.2155499268e+02 6.2177502441e+02 6.2200500488e+02 6.2220098877e+02 6.2236499023e+02 6.2250701904e+02 6.2261297607e+02 6.2265802002e+02 6.2266699219e+02 6.2267999268e+02 6.2271301270e+02 6.2276800537e+02 6.2284197998e+02 6.2294299316e+02 6.2305603027e+02 6.2314599609e+02 6.2322497559e+02 6.2330700684e+02 6.2338598633e+02 6.2345300293e+02 6.2351098633e+02 6.2356500244e+02 6.2361700439e+02
6.1746301270e+02 6.1753698730e+02 6.1767602539e+02 6.1792199707e+02 6.1823901367e+02 6.1848199463e+02 6.1871002197e+02 6.1893298340e+02 6.1911798096e+02 6.1926599121e+02 6.1935900879e+02 6.1942700195e+02 6.1953601074e+02 6.1971600342e+02 6.1987200928e+02 6.2003100586e+02 6.2020898438e+02 6.2038500977e+02 6.2057299805e+02 6.2074902344e+02 6.2090698242e+02 6.2105297852e+02 6.2120599365e+02 6.2137701416e+02 6.2157598877e+02 6.2179602051e+02 6.2198797607e+02 6.2215502930e+02 6.2230499268e+02 6.2242102051e+02 6.2248199463e+02 6.2250402832e+02 6.2251300049e+02 6.2254199219e+02 6.2261297607e+02 6.2271600342e+02 6.2284197998e+02 6.2295599365e+02 6.2305700684e+02 6.2315197754e+02 6.2324700928e+02 6.2334100342e+02 6.2342401123e+02 6.2349798584e+02 6.2356201172e+02 6.2361297607e+02
6.1744201660e+02 6.1749200439e+02 6.1755902100e+02 6.1771899414e+02 6.1795098877e+02 6.1824298096e+02 6.1853802490e+02 6.1879901123e+02 6.1898999023e+02 6.1909100342e+02 6.1918103027e+02 6.1926501465e+02 6.1937701416e+02 6.1954699707e+02 6.1969598389e+02 6.1986297607e+02 6.2005603027e+02 6.2025799561e+02 6.2044299316e+02 6.2062597656e+02 6.2080401611e+02 6.2093103027e+02 6.2106097412e+02 6.2120397949e+02 6.2137500000e+02 6.2155798340e+02 6.2174200439e+02 6.2190997314e+02 6.2206701660e+02 6.2221002197e+02 6.2229797363e+02 6.2234600830e+02 6.2238000488e+02 6.2241998291e+02 6.2250299072e+02 6.2262200928e+02 6.2276702881e+02 6.2288500977e+02 6.2298400879e+02 6.2307299805e+02 6.2316802979e+02 6.2328302002e+02 6.2338897705e+02 6.2348602295e+02 6.2357202148e+02 6.2360198975e+02
6.1750201416e+02 6.1751599121e+02 6.1753399658e+02 6.1761499023e+02 6.1776397705e+02 6.1796002197e+02 6.1823901367e+02 6.1854797363e+02 6.1881896973e+02 6.1892297363e+02 6.1899700928e+02 6.1908300781e+02 6.1917999268e+02 6.1932800293e+02 6.1948999023e+02 6.1968298340e+02 6.1990502930e+02 6.2011199951e+02 6.2029400635e+02 6.2045898438e+02 6.2062200928e+02 6.2076397705e+02 6.2090502930e+02 6.2104797363e+02 6.2120202637e+02 6.2136499023e+02 6.2154199219e+02 6.2171002197e+02 6.2186199951e+02 6.2200701904e+02 6.2210498047e+02 6.2217297363e+02 6.2223901367e+02 6.2231896973e+02 6.2242102051e+02 6.2254699707e+02 6.2269799805e+02 6.2282800293e+02 6.2291699219e+02 6.2299102783e+02 6.2308398438e+02 6.2321697998e+02 6.2334399414e+02 6.2346301270e+02 6.2354699707e+02 6.2359802246e+02
6.1752301025e+02 6.1755200195e+02 6.1754998779e+02 6.1757397461e+02 6.1764801025e+02 6.1775000000e+02 6.1794500732e+02 6.1823498535e+02 6.1855700684e+02 6.1871301270e+02 6.1880902100e+02 6.1890600586e+02 6.1902899170e+02 6.1920898438e+02 6.1938000488e+02 6.1957598877e+02 6.1978198242e+02 6.1997100830e+02 6.2014599609e+02 6.2028601074e+02 6.2042102051e+02 6.2057000732e+02 6.2071899414e+02 6.2086798096e+02 6.2102001953e+02 6.2117602539e+02 6.2135699463e+02 6.2153002930e+02 6.2166497803e+02 6.2179699707e+02 6.2190698242e+02 6.2199902344e+02 6.2209600830e+02 6.2220300293e+02 6.2232397461e+02 6.2245898438e+02 6.2260601807e+02 6.2272601318e+02 6.2281097412e+02 6.2288598633e+02 6.2297900391e+02 6.2311401367e+02 6.2325097656e+02 6.2337902832e+02 6.2348199463e+02 6.2355102539e+02
6.1744396973e+02 6.1754199219e+02 6.1757299805e+02 6.1758801270e+02 6.1762097168e+02 6.1766101074e+02 6.1775500488e+02 6.1794897461e+02 6.1823297119e+02 6.1847198486e+02 6.1864300537e+02 6.1877502441e+02 6.1890997314e+02 6.1910101318e+02 6.1925799561e+02 6.1945501709e+02 6.1965997314e+02 6.1983502197e+02 6.2000097656e+02 6.2011602783e+02 6.2021301270e+02 6.2034497070e+02 6.2048797607e+02 6.2063897705e+02 6.2079901123e+02 6.2096002197e+02 6.2115698242e+02 6.2134698486e+02 6.2147802734e+02 6.2160302734e+02 6.2172198486e+02 6.2183300781e+02 6.2194598389e+02 6.2206896973e+02 6.2220098877e+02 6.2234002686e+02 6.2247900391e+02 6.2258502197e+02 6.2267199707e+02 6.2275299072e+02 6.2285101318e+02 6.2298400879e+02 6.2312097168e+02 6.2325299072e+02 6.2336999512e+02 6.2345599365e+02
6.1725897217e+02 6.1743200684e+02 6.1754602051e+02 6.1760498047e+02 6.1762298584e+02 6.1764398193e+02 6.1768298340e+02 6.1777801514e+02 6.1793200684e+02 6.1818402100e+02 6.1842602539e+02 6.1862701416e+02 6.1879901123e+02 6.1893402100e+02 6.1907000732e+02 6.1928100586e+02 6.1952502441e+02 6.1967901611e+02 6.1984698486e+02 6.1995697021e+02 6.2001800537e+02 6.2011199951e+02 6.2022900391e+02 6.2037200928e+02 6.2052398682e+02 6.2070300293e+02 6.2091802979e+02 6.2113201904e+02 6.2130102539e+02 6.2143103027e+02 6.2155798340e+02 6.2167401123e+02 6.2178002930e+02 6.2191497803e+02 6.2205401611e+02 6.2218902588e+02 6.2230401611e+02 6.2240698242e+02 6.2250402832e+02 6.2260797119e+02 6.2274597168e+02 6.2284100342e+02 6.2296002197e+02 6.2308300781e+02 6.2319500732e+02 6.2330798340e+02
6.1705999756e+02 6.1722998047e+02 6.1740997314e+02 6.1755798340e+02 6.1762701416e+02 6.1764300537e+02 6.1766400146e+02 6.1770300293e+02 6.1777001953e+02 6.1790502930e+02 6.1810797119e+02 6.1836602783e+02 6.1863098145e+02 6.1878601074e+02 6.1891900635e+02 6.1911700439e+02 6.1934197998e+02 6.1951300049e+02 6.1967901611e+02 6.1980499268e+02 6.1989001465e+02 6.1995898438e+02 6.2003399658e+02 6.2014501953e+02 6.2030200195e+02 6.2047998047e+02 6.2068103027e+02 6.2090197754e+02 6.2110998535e+02 6.2125598145e+02 6.2138598633e+02 6.2150402832e+02 6.2161499023e+02 6.2175799561e+02 6.2190100098e+02 6.2202697754e+02 6.2212097168e+02 6.2219799805e+02 6.2230297852e+02 6.2244097900e+02 6.2259301758e+02 6.2271502686e+02 6.2282800293e+02 6.2293798828e+02 6.2304101563e+02 6.2313299561e+02
6.1691400146e+02 6.1705401611e+02 6.1722601318e+02 6.1740899658e+02 6.1755700684e+02 6.1762597656e+02 6.1765698242e+02 6.1767199707e+02 6.1769897461e+02 6.1775402832e+02 6.1787200928e+02 6.1808898926e+02 6.1839202881e+02 6.1860797119e+02 6.1877502441e+02 6.1896099854e+02 6.1915399170e+02 6.1935900879e+02 6.1953198242e+02 6.1967901611e+02 6.1979199219e+02 6.1982501221e+02 6.1987097168e+02 6.1996301270e+02 6.2012097168e+02 6.2029602051e+02 6.2048498535e+02 6.2069500732e+02 6.2091497803e+02 6.2106701660e+02 6.2119702148e+02 6.2132098389e+02 6.2144799805e+02 6.2159301758e+02 6.2172802734e+02 6.2184497070e+02 6.2192999268e+02 6.2200201416e+02 6.2211499023e+02 6.2226702881e+02 6.2242901611e+02 6.2256701660e+02 6.2269500732e+02 6.2280798340e+02 6.2289697266e+02 6.2296899414e+02
6.1680499268e+02 6.1692700195e+02 6.1705297852e+02 6.1720898438e+02 6.1739801025e+02 6.1753302002e+02 6.1761798096e+02 6.1766302490e+02 6.1769299316e+02 6.1771002197e+02 6.1775201416e+02 6.1787597656e+02 6.1810400391e+02 6.1833599854e+02 6.1857000732e+02 6.1880700684e+02 6.1898602295e+02 6.1918902588e+02 6.1935900879e+02 6.1950897217e+02 6.1964898682e+02 6.1966900635e+02 6.1970800781e+02 6.1980200195e+02 6.1996899414e+02 6.2016198730e+02 6.2035302734e+02 6.2054998779e+02 6.2075097656e+02 6.2089001465e+02 6.2101397705e+02 6.2114099121e+02 6.2128399658e+02 6.2141900635e+02 6.2153497314e+02 6.2163800049e+02 6.2172198486e+02 6.2181201172e+02 6.2194000244e+02 6.2209899902e+02 6.2225897217e+02 6.2240600586e+02 6.2254699707e+02 6.2266802979e+02 6.2275402832e+02 6.2280401611e+02
