TESTSERVER/1/5.asc
NCOLS 100
NROWS 100
XLLCORNER 7.5497500000e+03
YLLCORNER 2.8970025000e+05
CELLSIZE 5.0000000000e-01
NODATA_VALUE -9.9990000000e+03
[rows 40 to 59 of 100, columns 46 to 91 of 100]
6.0385400391e+02 6.0387097168e+02 6.0400201416e+02 6.0451702881e+02 6.0534997559e+02 6.0588897705e+02 6.0610900879e+02 6.0621502686e+02 6.0632098389e+02 6.0633001709e+02 6.0616699219e+02 6.0610400391e+02 6.0642700195e+02 6.0734899902e+02 6.0760699463e+02 6.0768597412e+02 6.0763299561e+02 6.0785699463e+02 6.0789898682e+02 6.0797998047e+02 6.0799401855e+02 6.0798498535e+02 6.0794897461e+02 6.0785601807e+02 6.0773498535e+02 6.0763702393e+02 6.0767102051e+02 6.0776501465e+02 6.0784899902e+02 6.0789501953e+02 6.0796997070e+02 6.0804901123e+02 6.0810498047e+02 6.0813897705e+02 6.0815802002e+02 6.0817797852e+02 6.0820599365e+02 6.0819799805e+02 6.0819799805e+02 6.0824298096e+02 6.0826300049e+02 6.0838201904e+02 6.0850500488e+02 6.0859899902e+02 6.0862298584e+02 6.0859899902e+02
6.0357501221e+02 6.0358697510e+02 6.0368798828e+02 6.0411602783e+02 6.0486700439e+02 6.0541900635e+02 6.0571099854e+02 6.0586602783e+02 6.0594396973e+02 6.0596997070e+02 6.0567602539e+02 6.0518298340e+02 6.0481402588e+02 6.0530102539e+02 6.0634301758e+02 6.0745697021e+02 6.0774499512e+02 6.0785601807e+02 6.0780297852e+02 6.0786102295e+02 6.0797601318e+02 6.0795599365e+02 6.0790802002e+02 6.0780401611e+02 6.0765301514e+02 6.0754998779e+02 6.0760101318e+02 6.0770397949e+02 6.0779101563e+02 6.0783599854e+02 6.0789099121e+02 6.0795501709e+02 6.0804199219e+02 6.0807202148e+02 6.0807598877e+02 6.0809100342e+02 6.0812200928e+02 6.0811297607e+02 6.0813201904e+02 6.0820202637e+02 6.0824200439e+02 6.0834997559e+02 6.0842498779e+02 6.0846502686e+02 6.0850299072e+02 6.0852001953e+02
6.0331298828e+02 6.0332702637e+02 6.0345300293e+02 6.0380700684e+02 6.0436499023e+02 6.0483697510e+02 6.0518902588e+02 6.0543597412e+02 6.0553002930e+02 6.0554199219e+02 6.0521697998e+02 6.0462402344e+02 6.0404699707e+02 6.0386199951e+02 6.0448400879e+02 6.0574102783e+02 6.0663702393e+02 6.0746197510e+02 6.0773999023e+02 6.0772302246e+02 6.0781298828e+02 6.0788397217e+02 6.0787500000e+02 6.0776898193e+02 6.0762298584e+02 6.0754302979e+02 6.0759197998e+02 6.0767199707e+02 6.0774102783e+02 6.0777001953e+02 6.0780700684e+02 6.0786499023e+02 6.0796301270e+02 6.0798297119e+02 6.0799798584e+02 6.0802099609e+02 6.0804901123e+02 6.0804699707e+02 6.0807800293e+02 6.0815100098e+02 6.0818402100e+02 6.0822998047e+02 6.0828497314e+02 6.0832299805e+02 6.0836700439e+02 6.0840301514e+02
6.0307098389e+02 6.0309600830e+02 6.0328698730e+02 6.0361499023e+02 6.0397497559e+02 6.0433801270e+02 6.0470001221e+02 6.0497302246e+02 6.0503100586e+02 6.0489202881e+02 6.0458398438e+02 6.0418701172e+02 6.0393798828e+02 6.0375598145e+02 6.0369799805e+02 6.0404602051e+02 6.0477301025e+02 6.0644500732e+02 6.0749200439e+02 6.0763598633e+02 6.0758697510e+02 6.0771301270e+02 6.0774499512e+02 6.0766302490e+02 6.0758801270e+02 6.0756500244e+02 6.0761199951e+02 6.0765997314e+02 6.0770098877e+02 6.0772698975e+02 6.0776702881e+02 6.0781896973e+02 6.0788702393e+02 6.0789300537e+02 6.0791400146e+02 6.0794598389e+02 6.0797601318e+02 6.0799798584e+02 6.0801599121e+02 6.0805798340e+02 6.0810400391e+02 6.0812200928e+02 6.0818499756e+02 6.0821997070e+02 6.0823101807e+02 6.0822100830e+02
6.0284802246e+02 6.0291998291e+02 6.0315899658e+02 6.0348999023e+02 6.0378302002e+02 6.0404699707e+02 6.0434100342e+02 6.0450500488e+02 6.0443200684e+02 6.0415802002e+02 6.0393499756e+02 6.0383502197e+02 6.0381298828e+02 6.0391101074e+02 6.0392602539e+02 6.0384301758e+02 6.0401898193e+02 6.0548297119e+02 6.0696002197e+02 6.0751397705e+02 6.0749798584e+02 6.0746899414e+02 6.0747601318e+02 6.0744500732e+02 6.0747601318e+02 6.0755603027e+02 6.0758398438e+02 6.0759698486e+02 6.0762597656e+02 6.0770001221e+02 6.0775897217e+02 6.0780200195e+02 6.0784301758e+02 6.0784600830e+02 6.0785601807e+02 6.0788500977e+02 6.0792700195e+02 6.0794201660e+02 6.0791900635e+02 6.0792797852e+02 6.0802301025e+02 6.0803997803e+02 6.0806097412e+02 6.0803302002e+02 6.0798297119e+02 6.0796197510e+02
6.0266998291e+02 6.0280798340e+02 6.0299597168e+02 6.0327197266e+02 6.0357501221e+02 6.0383502197e+02 6.0401702881e+02 6.0405102539e+02 6.0386401367e+02 6.0365899658e+02 6.0365899658e+02 6.0373400879e+02 6.0376898193e+02 6.0376702881e+02 6.0382800293e+02 6.0389300537e+02 6.0418298340e+02 6.0528497314e+02 6.0636798096e+02 6.0701397705e+02 6.0737597656e+02 6.0735302734e+02 6.0724902344e+02 6.0722497559e+02 6.0730999756e+02 6.0742999268e+02 6.0749298096e+02 6.0754199219e+02 6.0760400391e+02 6.0765197754e+02 6.0768298340e+02 6.0774102783e+02 6.0779901123e+02 6.0782299805e+02 6.0781500244e+02 6.0781500244e+02 6.0782397461e+02 6.0784197998e+02 6.0784100342e+02 6.0783599854e+02 6.0787902832e+02 6.0785601807e+02 6.0781402588e+02 6.0774902344e+02 6.0770898438e+02 6.0769000244e+02
6.0239001465e+02 6.0260699463e+02 6.0278198242e+02 6.0300799561e+02 6.0330499268e+02 6.0354498291e+02 6.0365899658e+02 6.0364801025e+02 6.0350799561e+02 6.0344598389e+02 6.0353497314e+02 6.0364599609e+02 6.0371502686e+02 6.0371697998e+02 6.0376898193e+02 6.0394897461e+02 6.0460900879e+02 6.0562200928e+02 6.0633898926e+02 6.0679498291e+02 6.0720898438e+02 6.0727697754e+02 6.0720800781e+02 6.0718499756e+02 6.0721099854e+02 6.0727099609e+02 6.0735699463e+02 6.0746801758e+02 6.0755798340e+02 6.0758801270e+02 6.0760797119e+02 6.0766601563e+02 6.0771301270e+02 6.0774499512e+02 6.0773498535e+02 6.0771697998e+02 6.0770898438e+02 6.0774798584e+02 6.0778802490e+02 6.0777697754e+02 6.0773999023e+02 6.0769000244e+02 6.0763897705e+02 6.0758801270e+02 6.0755999756e+02 6.0757202148e+02
6.0203100586e+02 6.0226599121e+02 6.0246197510e+02 6.0267999268e+02 6.0294396973e+02 6.0316497803e+02 6.0328497314e+02 6.0329998779e+02 6.0325299072e+02 6.0327697754e+02 6.0337597656e+02 6.0348797607e+02 6.0359600830e+02 6.0367199707e+02 6.0375897217e+02 6.0402801514e+02 6.0489898682e+02 6.0595599365e+02 6.0651898193e+02 6.0678601074e+02 6.0704998779e+02 6.0725500488e+02 6.0727600098e+02 6.0722302246e+02 6.0711901855e+02 6.0708099365e+02 6.0714202881e+02 6.0727099609e+02 6.0739599609e+02 6.0747198486e+02 6.0752301025e+02 6.0757202148e+02 6.0760601807e+02 6.0765002441e+02 6.0764099121e+02 6.0761602783e+02 6.0760302734e+02 6.0764202881e+02 6.0769702148e+02 6.0770001221e+02 6.0763800049e+02 6.0755499268e+02 6.0750799561e+02 6.0749700928e+02 6.0750500488e+02 6.0757000732e+02
6.0170001221e+02 6.0189501953e+02 6.0210498047e+02 6.0234002686e+02 6.0258300781e+02 6.0282397461e+02 6.0297998047e+02 6.0299597168e+02 6.0296899414e+02 6.0305401611e+02 6.0315100098e+02 6.0327801514e+02 6.0340802002e+02 6.0353601074e+02 6.0367999268e+02 6.0397302246e+02 6.0459497070e+02 6.0574401855e+02 6.0640502930e+02 6.0670697021e+02 6.0696697998e+02 6.0719396973e+02 6.0726397705e+02 6.0719201660e+02 6.0710101318e+02 6.0701098633e+02 6.0698901367e+02 6.0701397705e+02 6.0710302734e+02 6.0725897217e+02 6.0737097168e+02 6.0742999268e+02 6.0746002197e+02 6.0749700928e+02 6.0749597168e+02 6.0748699951e+02 6.0750897217e+02 6.0753198242e+02 6.0754901123e+02 6.0754302979e+02 6.0750201416e+02 6.0741802979e+02 6.0738000488e+02 6.0740600586e+02 6.0744500732e+02 6.0752502441e+02
6.0149902344e+02 6.0159100342e+02 6.0173297119e+02 6.0195397949e+02 6.0223297119e+02 6.0247497559e+02 6.0262902832e+02 6.0265899658e+02 6.0268499756e+02 6.0281597900e+02 6.0291802979e+02 6.0305297852e+02 6.0320697021e+02 6.0334497070e+02 6.0352301025e+02 6.0383697510e+02 6.0430798340e+02 6.0525402832e+02 6.0607397461e+02 6.0652899170e+02 6.0676800537e+02 6.0702197266e+02 6.0712799072e+02 6.0708697510e+02 6.0702697754e+02 6.0704998779e+02 6.0695202637e+02 6.0683801270e+02 6.0690600586e+02 6.0702001953e+02 6.0710699463e+02 6.0720300293e+02 6.0727899170e+02 6.0732702637e+02 6.0733398438e+02 6.0732299805e+02 6.0734802246e+02 6.0738000488e+02 6.0740802002e+02 6.0740600586e+02 6.0737597656e+02 6.0731597900e+02 6.0729797363e+02 6.0733099365e+02 6.0733197021e+02 6.0732098389e+02
6.0140002441e+02 6.0145501709e+02 6.0152197266e+02 6.0165698242e+02 6.0187500000e+02 6.0206799316e+02 6.0220202637e+02 6.0228497314e+02 6.0241101074e+02 6.0259100342e+02 6.0270800781e+02 6.0284301758e+02 6.0301702881e+02 6.0314599609e+02 6.0331500244e+02 6.0361499023e+02 6.0396099854e+02 6.0459997559e+02 6.0547198486e+02 6.0610498047e+02 6.0635498047e+02 6.0656500244e+02 6.0675598145e+02 6.0686297607e+02 6.0692797852e+02 6.0704998779e+02 6.0694000244e+02 6.0676202393e+02 6.0677301025e+02 6.0678900146e+02 6.0683398438e+02 6.0695300293e+02 6.0707702637e+02 6.0712500000e+02 6.0710998535e+02 6.0707800293e+02 6.0709600830e+02 6.0717401123e+02 6.0724298096e+02 6.0725000000e+02 6.0721899414e+02 6.0719598389e+02 6.0720300293e+02 6.0723699951e+02 6.0722100830e+02 6.0715399170e+02
6.0137097168e+02 6.0140997314e+02 6.0143902588e+02 6.0150201416e+02 6.0160900879e+02 6.0173999023e+02 6.0187298584e+02 6.0201599121e+02 6.0218798828e+02 6.0236297607e+02 6.0250598145e+02 6.0265698242e+02 6.0283697510e+02 6.0293902588e+02 6.0308697510e+02 6.0336999512e+02 6.0363098145e+02 6.0392401123e+02 6.0467797852e+02 6.0540399170e+02 6.0572399902e+02 6.0586700439e+02 6.0613201904e+02 6.0643402100e+02 6.0669299316e+02 6.0687799072e+02 6.0683697510e+02 6.0673297119e+02 6.0673797607e+02 6.0667102051e+02 6.0667999268e+02 6.0676898193e+02 6.0685302734e+02 6.0685198975e+02 6.0679901123e+02 6.0675598145e+02 6.0678997803e+02 6.0693499756e+02 6.0703997803e+02 6.0704998779e+02 6.0701702881e+02 6.0703302002e+02 6.0705798340e+02 6.0708300781e+02 6.0707299805e+02 6.0700097656e+02
6.0130999756e+02 6.0134100342e+02 6.0137902832e+02 6.0142901611e+02 6.0146899414e+02 6.0155297852e+02 6.0167999268e+02 6.0184399414e+02 6.0199902344e+02 6.0212799072e+02 6.0227801514e+02 6.0243200684e+02 6.0257202148e+02 6.0269000244e+02 6.0284497070e+02 6.0310400391e+02 6.0334100342e+02 6.0344000244e+02 6.0387799072e+02 6.0451098633e+02 6.0496197510e+02 6.0507702637e+02 6.0536999512e+02 6.0580297852e+02 6.0619396973e+02 6.0632702637e+02 6.0639801025e+02 6.0649597168e+02 6.0670800781e+02 6.0670202637e+02 6.0672302246e+02 6.0672698975e+02 6.0664801025e+02 6.0656597900e+02 6.0651202393e+02 6.0650598145e+02 6.0656896973e+02 6.0668200684e+02 6.0676898193e+02 6.0679302979e+02 6.0680200195e+02 6.0686102295e+02 6.0689300537e+02 6.0689898682e+02 6.0689099121e+02 6.0683001709e+02
6.0120202637e+02 6.0124298096e+02 6.0129498291e+02 6.0136401367e+02 6.0140802002e+02 6.0145397949e+02 6.0153302002e+02 6.0165899658e+02 6.0179998779e+02 6.0192199707e+02 6.0204400635e+02 6.0217602539e+02 6.0230102539e+02 6.0242999268e+02 6.0261199951e+02 6.0288500977e+02 6.0310302734e+02 6.0316802979e+02 6.0337500000e+02 6.0375500488e+02 6.0411901855e+02 6.0430200195e+02 6.0458801270e+02 6.0492401123e+02 6.0520001221e+02 6.0544897461e+02 6.0565100098e+02 6.0587097168e+02 6.0618701172e+02 6.0641101074e+02 6.0657299805e+02 6.0660699463e+02 6.0644500732e+02 6.0634301758e+02 6.0629901123e+02 6.0629602051e+02 6.0633801270e+02 6.0643200684e+02 6.0651800537e+02 6.0657000732e+02 6.0660797119e+02 6.0668499756e+02 6.0672198486e+02 6.0672998047e+02 6.0671899414e+02 6.0667602539e+02
6.0108001709e+02 6.0114501953e+02 6.0120202637e+02 6.0127899170e+02 6.0134399414e+02 6.0138800049e+02 6.0143902588e+02 6.0151397705e+02 6.0160998535e+02 6.0172100830e+02 6.0181896973e+02 6.0192901611e+02 6.0204400635e+02 6.0217602539e+02 6.0237200928e+02 6.0262799072e+02 6.0283599854e+02 6.0295202637e+02 6.0310797119e+02 6.0332299805e+02 6.0351898193e+02 6.0369702148e+02 6.0395001221e+02 6.0420202637e+02 6.0439501953e+02 6.0465502930e+02 6.0487500000e+02 6.0508001709e+02 6.0534497070e+02 6.0565502930e+02 6.0595800781e+02 6.0614599609e+02 6.0615301514e+02 6.0614801025e+02 6.0614202881e+02 6.0612597656e+02 6.0612597656e+02 6.0618597412e+02 6.0626599121e+02 6.0634497070e+02 6.0640997314e+02 6.0648101807e+02 6.0651501465e+02 6.0652697754e+02 6.0652899170e+02 6.0653302002e+02
6.0094897461e+02 6.0104199219e+02 6.0111102295e+02 6.0119097900e+02 6.0126800537e+02 6.0132098389e+02 6.0137402344e+02 6.0143298340e+02 6.0149902344e+02 6.0158398438e+02 6.0165802002e+02 6.0173699951e+02 6.0182000732e+02 6.0192797852e+02 6.0212200928e+02 6.0237200928e+02 6.0256701660e+02 6.0273297119e+02 6.0289599609e+02 6.0305700684e+02 6.0317602539e+02 6.0333502197e+02 6.0354602051e+02 6.0374597168e+02 6.0390197754e+02 6.0411499023e+02 6.0428198242e+02 6.0441998291e+02 6.0458197021e+02 6.0485998535e+02 6.0520001221e+02 6.0549401855e+02 6.0571099854e+02 6.0585699463e+02 6.0595800781e+02 6.0599597168e+02 6.0597399902e+02 6.0597802734e+02 6.0602398682e+02 6.0610198975e+02 6.0618298340e+02 6.0625500488e+02 6.0628497314e+02 6.0629699707e+02 6.0630798340e+02 6.0634197998e+02
6.0081201172e+02 6.0091601563e+02 6.0101800537e+02 6.0110699463e+02 6.0118298340e+02 6.0123797607e+02 6.0130999756e+02 6.0138897705e+02 6.0145098877e+02 6.0149700928e+02 6.0154699707e+02 6.0159698486e+02 6.0164898682e+02 6.0171600342e+02 6.0186401367e+02 6.0209600830e+02 6.0231500244e+02 6.0247497559e+02 6.0262402344e+02 6.0276599121e+02 6.0289801025e+02 6.0309002686e+02 6.0328100586e+02 6.0345397949e+02 6.0358502197e+02 6.0379199219e+02 6.0396502686e+02 6.0410699463e+02 6.0429602051e+02 6.0447802734e+02 6.0469500732e+02 6.0491302490e+02 6.0510797119e+02 6.0533398438e+02 6.0554699707e+02 6.0571099854e+02 6.0576800537e+02 6.0574499512e+02 6.0575897217e+02 6.0582897949e+02 6.0594500732e+02 6.0601202393e+02 6.0604901123e+02 6.0606597900e+02 6.0608197021e+02 6.0609698486e+02
6.0068701172e+02 6.0079199219e+02 6.0089697266e+02 6.0099401855e+02 6.0107501221e+02 6.0114898682e+02 6.0123999023e+02 6.0132598877e+02 6.0138000488e+02 6.0141699219e+02 6.0145098877e+02 6.0148602295e+02 6.0152502441e+02 6.0155603027e+02 6.0166998291e+02 6.0185900879e+02 6.0203100586e+02 6.0222399902e+02 6.0240197754e+02 6.0253002930e+02 6.0264099121e+02 6.0281201172e+02 6.0298602295e+02 6.0314501953e+02 6.0330902100e+02 6.0351098633e+02 6.0371002197e+02 6.0389501953e+02 6.0406701660e+02 6.0426098633e+02 6.0441497803e+02 6.0454199219e+02 6.0467102051e+02 6.0484100342e+02 6.0502801514e+02 6.0519799805e+02 6.0533300781e+02 6.0537500000e+02 6.0544598389e+02 6.0553997803e+02 6.0564001465e+02 6.0572601318e+02 6.0578900146e+02 6.0582800293e+02 6.0583697510e+02 6.0584698486e+02
6.0055700684e+02 6.0065802002e+02 6.0076397705e+02 6.0087402344e+02 6.0096697998e+02 6.0104901123e+02 6.0114099121e+02 6.0122698975e+02 6.0129199219e+02 6.0134100342e+02 6.0137298584e+02 6.0140197754e+02 6.0143701172e+02 6.0146398926e+02 6.0153399658e+02 6.0164398193e+02 6.0176800537e+02 6.0197698975e+02 6.0215899658e+02 6.0228497314e+02 6.0239898682e+02 6.0257397461e+02 6.0273602295e+02 6.0289202881e+02 6.0306298828e+02 6.0323297119e+02 6.0342102051e+02 6.0362597656e+02 6.0387402344e+02 6.0410302734e+02 6.0423199463e+02 6.0429101563e+02 6.0432598877e+02 6.0445202637e+02 6.0461700439e+02 6.0478698730e+02 6.0492102051e+02 6.0500299072e+02 6.0512097168e+02 6.0523999023e+02 6.0533801270e+02 6.0541699219e+02 6.0549597168e+02 6.0556500244e+02 6.0560302734e+02 6.0563299561e+02
6.0041302490e+02 6.0051300049e+02 6.0062097168e+02 6.0074298096e+02 6.0085498047e+02 6.0094000244e+02 6.0102600098e+02 6.0110699463e+02 6.0117797852e+02 6.0125097656e+02 6.0129998779e+02 6.0133599854e+02 6.0136901855e+02 6.0139099121e+02 6.0142700195e+02 6.0148602295e+02 6.0156799316e+02 6.0171801758e+02 6.0186499023e+02 6.0200701904e+02 6.0215802002e+02 6.0234002686e+02 6.0249798584e+02 6.0265698242e+02 6.0283898926e+02 6.0298297119e+02 6.0315502930e+02 6.0338397217e+02 6.0372198486e+02 6.0400402832e+02 6.0412402344e+02 6.0412701416e+02 6.0406298828e+02 6.0413897705e+02 6.0428002930e+02 6.0444299316e+02 6.0459002686e+02 6.0469897461e+02 6.0482897949e+02 6.0495800781e+02 6.0505902100e+02 6.0513598633e+02 6.0522900391e+02 6.0531799316e+02 6.0537402344e+02 6.0541400146e+02
