TESTSERVER/1/5.asc
NCOLS 100
NROWS 100
XLLCORNER 7.5497500000e+03
YLLCORNER 2.8970025000e+05
CELLSIZE 5.0000000000e-01
NODATA_VALUE -9.9990000000e+03
[rows 20 to 39 of 100, columns 0 to 45 of 100]
6.0062597656e+02 6.0073199463e+02 6.0082800293e+02 6.0094000244e+02 6.0103601074e+02 6.0115502930e+02 6.0130297852e+02 6.0143902588e+02 6.0158801270e+02 6.0171801758e+02 6.0178997803e+02 6.0190301514e+02 6.0206896973e+02 6.0224597168e+02 6.0237298584e+02 6.0250799561e+02 6.0264898682e+02 6.0277899170e+02 6.0288702393e+02 6.0296697998e+02 6.0307299805e+02 6.0320300293e+02 6.0335101318e+02 6.0349298096e+02 6.0364599609e+02 6.0380499268e+02 6.0396099854e+02 6.0412902832e+02 6.0430401611e+02 6.0451397705e+02 6.0477197266e+02 6.0513201904e+02 6.0526599121e+02 6.0524102783e+02 6.0520397949e+02 6.0526702881e+02 6.0525897217e+02 6.0534600830e+02 6.0558599854e+02 6.0581500244e+02 6.0606701660e+02 6.0631597900e+02 6.0654101563e+02 6.0673901367e+02 6.0691101074e+02 6.0703997803e+02
6.0043499756e+02 6.0053802490e+02 6.0063897705e+02 6.0074902344e+02 6.0084301758e+02 6.0094598389e+02 6.0108599854e+02 6.0120001221e+02 6.0134497070e+02 6.0149700928e+02 6.0161602783e+02 6.0173400879e+02 6.0188598633e+02 6.0203601074e+02 6.0216198730e+02 6.0229901123e+02 6.0243798828e+02 6.0255999756e+02 6.0265197754e+02 6.0273901367e+02 6.0284997559e+02 6.0297998047e+02 6.0313397217e+02 6.0328399658e+02 6.0342602539e+02 6.0356298828e+02 6.0370098877e+02 6.0383697510e+02 6.0396099854e+02 6.0412200928e+02 6.0442797852e+02 6.0486401367e+02 6.0510998535e+02 6.0515002441e+02 6.0511199951e+02 6.0520202637e+02 6.0518499756e+02 6.0520098877e+02 6.0542297363e+02 6.0570300293e+02 6.0595202637e+02 6.0616497803e+02 6.0637701416e+02 6.0661798096e+02 6.0682598877e+02 6.0698199463e+02
6.0025299072e+02 6.0036401367e+02 6.0047698975e+02 6.0058898926e+02 6.0069396973e+02 6.0079602051e+02 6.0092602539e+02 6.0103497314e+02 6.0116497803e+02 6.0131799316e+02 6.0145898438e+02 6.0158697510e+02 6.0172998047e+02 6.0186999512e+02 6.0199401855e+02 6.0212298584e+02 6.0224700928e+02 6.0235101318e+02 6.0243103027e+02 6.0253302002e+02 6.0264801025e+02 6.0277099609e+02 6.0290899658e+02 6.0305798340e+02 6.0319702148e+02 6.0332800293e+02 6.0346099854e+02 6.0360797119e+02 6.0372998047e+02 6.0385797119e+02 6.0409100342e+02 6.0452099609e+02 6.0485198975e+02 6.0498297119e+02 6.0496398926e+02 6.0504998779e+02 6.0507397461e+02 6.0508398438e+02 6.0525598145e+02 6.0557000732e+02 6.0584600830e+02 6.0606201172e+02 6.0626098633e+02 6.0652099609e+02 6.0676202393e+02 6.0694299316e+02
6.0007800293e+02 6.0019396973e+02 6.0033502197e+02 6.0046002197e+02 6.0058801270e+02 6.0070697021e+02 6.0082598877e+02 6.0092901611e+02 6.0103698730e+02 6.0116497803e+02 6.0130200195e+02 6.0144702148e+02 6.0159399414e+02 6.0173797607e+02 6.0186401367e+02 6.0198199463e+02 6.0209399414e+02 6.0217999268e+02 6.0224401855e+02 6.0235198975e+02 6.0246398926e+02 6.0257299805e+02 6.0269097900e+02 6.0284399414e+02 6.0298999023e+02 6.0312402344e+02 6.0325897217e+02 6.0343701172e+02 6.0357897949e+02 6.0369500732e+02 6.0384698486e+02 6.0419702148e+02 6.0455297852e+02 6.0475897217e+02 6.0479199219e+02 6.0484100342e+02 6.0490502930e+02 6.0494396973e+02 6.0508197021e+02 6.0542102051e+02 6.0575701904e+02 6.0602899170e+02 6.0623400879e+02 6.0645098877e+02 6.0669396973e+02 6.0689398193e+02
5.9994000244e+02 6.0003997803e+02 6.0018902588e+02 6.0034802246e+02 6.0050402832e+02 6.0064599609e+02 6.0074902344e+02 6.0084100342e+02 6.0093597412e+02 6.0103900146e+02 6.0115502930e+02 6.0130902100e+02 6.0146600342e+02 6.0161901855e+02 6.0175500488e+02 6.0186199951e+02 6.0197198486e+02 6.0206201172e+02 6.0212298584e+02 6.0219201660e+02 6.0229998779e+02 6.0240100098e+02 6.0249401855e+02 6.0265997314e+02 6.0280902100e+02 6.0294299316e+02 6.0309197998e+02 6.0329498291e+02 6.0346502686e+02 6.0360302734e+02 6.0373101807e+02 6.0396398926e+02 6.0427099609e+02 6.0451300049e+02 6.0463201904e+02 6.0468103027e+02 6.0474401855e+02 6.0481500244e+02 6.0496099854e+02 6.0527502441e+02 6.0566601563e+02 6.0601898193e+02 6.0627502441e+02 6.0640698242e+02 6.0659698486e+02 6.0680499268e+02
5.9979498291e+02 5.9990600586e+02 6.0008300781e+02 6.0027697754e+02 6.0044097900e+02 6.0057098389e+02 6.0065899658e+02 6.0073797607e+02 6.0082800293e+02 6.0092901611e+02 6.0104602051e+02 6.0119299316e+02 6.0135198975e+02 6.0150097656e+02 6.0162402344e+02 6.0172601318e+02 6.0182800293e+02 6.0192102051e+02 6.0199499512e+02 6.0206201172e+02 6.0215399170e+02 6.0225097656e+02 6.0235498047e+02 6.0251202393e+02 6.0264898682e+02 6.0278802490e+02 6.0298797607e+02 6.0319799805e+02 6.0336901855e+02 6.0351501465e+02 6.0364202881e+02 6.0381799316e+02 6.0405200195e+02 6.0428198242e+02 6.0446899414e+02 6.0457598877e+02 6.0463500977e+02 6.0469097900e+02 6.0478802490e+02 6.0505102539e+02 6.0543402100e+02 6.0582397461e+02 6.0613598633e+02 6.0635601807e+02 6.0654302979e+02 6.0671002197e+02
5.9969201660e+02 5.9982501221e+02 5.9998400879e+02 6.0019500732e+02 6.0037500000e+02 6.0050201416e+02 6.0058398438e+02 6.0066198730e+02 6.0074798584e+02 6.0084301758e+02 6.0094897461e+02 6.0109301758e+02 6.0125000000e+02 6.0139300537e+02 6.0151098633e+02 6.0160400391e+02 6.0168701172e+02 6.0176898193e+02 6.0185498047e+02 6.0193200684e+02 6.0201800537e+02 6.0211499023e+02 6.0223498535e+02 6.0238598633e+02 6.0252398682e+02 6.0267999268e+02 6.0289898682e+02 6.0311999512e+02 6.0330401611e+02 6.0345697021e+02 6.0357897949e+02 6.0370697021e+02 6.0388702393e+02 6.0409497070e+02 6.0430798340e+02 6.0445501709e+02 6.0453100586e+02 6.0458001709e+02 6.0463800049e+02 6.0481097412e+02 6.0512097168e+02 6.0548101807e+02 6.0583697510e+02 6.0622900391e+02 6.0652099609e+02 6.0671002197e+02
5.9959698486e+02 5.9973101807e+02 5.9987597656e+02 6.0007098389e+02 6.0025402832e+02 6.0039099121e+02 6.0050097656e+02 6.0059301758e+02 6.0067901611e+02 6.0076098633e+02 6.0085198975e+02 6.0099597168e+02 6.0114599609e+02 6.0128002930e+02 6.0139398193e+02 6.0148297119e+02 6.0155401611e+02 6.0163500977e+02 6.0173101807e+02 6.0182598877e+02 6.0191601563e+02 6.0201202393e+02 6.0213500977e+02 6.0227600098e+02 6.0241998291e+02 6.0259197998e+02 6.0280603027e+02 6.0302502441e+02 6.0322399902e+02 6.0339202881e+02 6.0351501465e+02 6.0361199951e+02 6.0375097656e+02 6.0392797852e+02 6.0413299561e+02 6.0430499268e+02 6.0440502930e+02 6.0446301270e+02 6.0451098633e+02 6.0460699463e+02 6.0481500244e+02 6.0509698486e+02 6.0543798828e+02 6.0597100830e+02 6.0641101074e+02 6.0670800781e+02
5.9949401855e+02 5.9963397217e+02 5.9979901123e+02 5.9994000244e+02 6.0009802246e+02 6.0025500488e+02 6.0040301514e+02 6.0051202393e+02 6.0059899902e+02 6.0067901611e+02 6.0075299072e+02 6.0089501953e+02 6.0103302002e+02 6.0115600586e+02 6.0126702881e+02 6.0134497070e+02 6.0142102051e+02 6.0151501465e+02 6.0162597656e+02 6.0174298096e+02 6.0184002686e+02 6.0194000244e+02 6.0206201172e+02 6.0217498779e+02 6.0232202148e+02 6.0250299072e+02 6.0269897461e+02 6.0291101074e+02 6.0311999512e+02 6.0329901123e+02 6.0341400146e+02 6.0351898193e+02 6.0363598633e+02 6.0377600098e+02 6.0394500732e+02 6.0410900879e+02 6.0423400879e+02 6.0432702637e+02 6.0440698242e+02 6.0446899414e+02 6.0460101318e+02 6.0478997803e+02 6.0503698730e+02 6.0556701660e+02 6.0610101318e+02 6.0654901123e+02
5.9938299561e+02 5.9952801514e+02 5.9967797852e+02 5.9979797363e+02 5.9994500732e+02 6.0011102295e+02 6.0026800537e+02 6.0039697266e+02 6.0050402832e+02 6.0060400391e+02 6.0069897461e+02 6.0079699707e+02 6.0090100098e+02 6.0100402832e+02 6.0110400391e+02 6.0118402100e+02 6.0127301025e+02 6.0139202881e+02 6.0151898193e+02 6.0165600586e+02 6.0177099609e+02 6.0188201904e+02 6.0199902344e+02 6.0210998535e+02 6.0224499512e+02 6.0241302490e+02 6.0259399414e+02 6.0279797363e+02 6.0300799561e+02 6.0318798828e+02 6.0331701660e+02 6.0342401123e+02 6.0354498291e+02 6.0366497803e+02 6.0379602051e+02 6.0393798828e+02 6.0405798340e+02 6.0416497803e+02 6.0425000000e+02 6.0433300781e+02 6.0445397949e+02 6.0461297607e+02 6.0479400635e+02 6.0515100098e+02 6.0565197754e+02 6.0622399902e+02
5.9927899170e+02 5.9942297363e+02 5.9957202148e+02 5.9968701172e+02 5.9982501221e+02 5.9997601318e+02 6.0012402344e+02 6.0026000977e+02 6.0038098145e+02 6.0049499512e+02 6.0059100342e+02 6.0066302490e+02 6.0074298096e+02 6.0082397461e+02 6.0091400146e+02 6.0100799561e+02 6.0111602783e+02 6.0125799561e+02 6.0140301514e+02 6.0155499268e+02 6.0168701172e+02 6.0180499268e+02 6.0192797852e+02 6.0204797363e+02 6.0217498779e+02 6.0231701660e+02 6.0246697998e+02 6.0264501953e+02 6.0283697510e+02 6.0301702881e+02 6.0316302490e+02 6.0328900146e+02 6.0341699219e+02 6.0353802490e+02 6.0365002441e+02 6.0377899170e+02 6.0389501953e+02 6.0399902344e+02 6.0409100342e+02 6.0417999268e+02 6.0429101563e+02 6.0442999268e+02 6.0458502197e+02 6.0478399658e+02 6.0517199707e+02 6.0576800537e+02
5.9916198730e+02 5.9930700684e+02 5.9945800781e+02 5.9959997559e+02 5.9974200439e+02 5.9986199951e+02 5.9998297119e+02 6.0011297607e+02 6.0023602295e+02 6.0034899902e+02 6.0044396973e+02 6.0051800537e+02 6.0058599854e+02 6.0064898682e+02 6.0072698975e+02 6.0083099365e+02 6.0095501709e+02 6.0111499023e+02 6.0127099609e+02 6.0142700195e+02 6.0157202148e+02 6.0170098877e+02 6.0183001709e+02 6.0194897461e+02 6.0205999756e+02 6.0217901611e+02 6.0231298828e+02 6.0246697998e+02 6.0263800049e+02 6.0280603027e+02 6.0296301270e+02 6.0310998535e+02 6.0325500488e+02 6.0338897705e+02 6.0349902344e+02 6.0361798096e+02 6.0372998047e+02 6.0383197021e+02 6.0392797852e+02 6.0402398682e+02 6.0413201904e+02 6.0425799561e+02 6.0440899658e+02 6.0452600098e+02 6.0477197266e+02 6.0527600098e+02
5.9903198242e+02 5.9918597412e+02 5.9934698486e+02 5.9948999023e+02 5.9962902832e+02 5.9973400879e+02 5.9983099365e+02 5.9996697998e+02 6.0009100342e+02 6.0020397949e+02 6.0029400635e+02 6.0037097168e+02 6.0043298340e+02 6.0049102783e+02 6.0055700684e+02 6.0067700195e+02 6.0081701660e+02 6.0097497559e+02 6.0113000488e+02 6.0129400635e+02 6.0144000244e+02 6.0157098389e+02 6.0169500732e+02 6.0181701660e+02 6.0191900635e+02 6.0202398682e+02 6.0215997314e+02 6.0230102539e+02 6.0245397949e+02 6.0260601807e+02 6.0275000000e+02 6.0290197754e+02 6.0306298828e+02 6.0321398926e+02 6.0334497070e+02 6.0344799805e+02 6.0355603027e+02 6.0365997314e+02 6.0376300049e+02 6.0386401367e+02 6.0397399902e+02 6.0409301758e+02 6.0421398926e+02 6.0433398438e+02 6.0448797607e+02 6.0482501221e+02
5.9887402344e+02 5.9903002930e+02 5.9919097900e+02 5.9933898926e+02 5.9948297119e+02 5.9961901855e+02 5.9973498535e+02 5.9983502197e+02 5.9994702148e+02 6.0006597900e+02 6.0016302490e+02 6.0021600342e+02 6.0026800537e+02 6.0034497070e+02 6.0044598389e+02 6.0056500244e+02 6.0069799805e+02 6.0083502197e+02 6.0099298096e+02 6.0115502930e+02 6.0129901123e+02 6.0143597412e+02 6.0156500244e+02 6.0168298340e+02 6.0178399658e+02 6.0188000488e+02 6.0199798584e+02 6.0213702393e+02 6.0228601074e+02 6.0242901611e+02 6.0256701660e+02 6.0272198486e+02 6.0287799072e+02 6.0302697754e+02 6.0315997314e+02 6.0326898193e+02 6.0337799072e+02 6.0348199463e+02 6.0358300781e+02 6.0367797852e+02 6.0378802490e+02 6.0391601563e+02 6.0404797363e+02 6.0416998291e+02 6.0427099609e+02 6.0442901611e+02
5.9870800781e+02 5.9886798096e+02 5.9902697754e+02 5.9916101074e+02 5.9930499268e+02 5.9946099854e+02 5.9960900879e+02 5.9971301270e+02 5.9982000732e+02 5.9992797852e+02 6.0002301025e+02 6.0009399414e+02 6.0016101074e+02 6.0025897217e+02 6.0037902832e+02 6.0049102783e+02 6.0060699463e+02 6.0072497559e+02 6.0086401367e+02 6.0101397705e+02 6.0115502930e+02 6.0129400635e+02 6.0142297363e+02 6.0153802490e+02 6.0164099121e+02 6.0172998047e+02 6.0182397461e+02 6.0195697021e+02 6.0210498047e+02 6.0225097656e+02 6.0239202881e+02 6.0254400635e+02 6.0269299316e+02 6.0283300781e+02 6.0296502686e+02 6.0308697510e+02 6.0320202637e+02 6.0330700684e+02 6.0340301514e+02 6.0349102783e+02 6.0360302734e+02 6.0374401855e+02 6.0389697266e+02 6.0403100586e+02 6.0413500977e+02 6.0422698975e+02
5.9856500244e+02 5.9870098877e+02 5.9885797119e+02 5.9898999023e+02 5.9912298584e+02 5.9927398682e+02 5.9945098877e+02 5.9960198975e+02 5.9971997070e+02 5.9981896973e+02 5.9990698242e+02 5.9999700928e+02 6.0009698486e+02 6.0020697021e+02 6.0031402588e+02 6.0040002441e+02 6.0049902344e+02 6.0061798096e+02 6.0074298096e+02 6.0086602783e+02 6.0100500488e+02 6.0115002441e+02 6.0127600098e+02 6.0138500977e+02 6.0148901367e+02 6.0158001709e+02 6.0166101074e+02 6.0178900146e+02 6.0193499756e+02 6.0207897949e+02 6.0221997070e+02 6.0236901855e+02 6.0250897217e+02 6.0263897705e+02 6.0276599121e+02 6.0289801025e+02 6.0302099609e+02 6.0313098145e+02 6.0322802734e+02 6.0331799316e+02 6.0343402100e+02 6.0358502197e+02 6.0375799561e+02 6.0388500977e+02 6.0400598145e+02 6.0412597656e+02
5.9843902588e+02 5.9854602051e+02 5.9868798828e+02 5.9883898926e+02 5.9896600342e+02 5.9909600830e+02 5.9926098633e+02 5.9946301270e+02 5.9961297607e+02 5.9973602295e+02 5.9984899902e+02 5.9992199707e+02 6.0004797363e+02 6.0017297363e+02 6.0026800537e+02 6.0032299805e+02 6.0039099121e+02 6.0049499512e+02 6.0062500000e+02 6.0073297119e+02 6.0085797119e+02 6.0100000000e+02 6.0112097168e+02 6.0123199463e+02 6.0132702637e+02 6.0141198730e+02 6.0151501465e+02 6.0165197754e+02 6.0178399658e+02 6.0190502930e+02 6.0204199219e+02 6.0219500732e+02 6.0233197021e+02 6.0245697021e+02 6.0257501221e+02 6.0270300293e+02 6.0283300781e+02 6.0295300293e+02 6.0306597900e+02 6.0316497803e+02 6.0328802490e+02 6.0343298340e+02 6.0360101318e+02 6.0375097656e+02 6.0387500000e+02 6.0400897217e+02
5.9831201172e+02 5.9843200684e+02 5.9855902100e+02 5.9869799805e+02 5.9883898926e+02 5.9897601318e+02 5.9912402344e+02 5.9927600098e+02 5.9944598389e+02 5.9960998535e+02 5.9973797607e+02 5.9986199951e+02 6.0000402832e+02 6.0012200928e+02 6.0018902588e+02 6.0022802734e+02 6.0026800537e+02 6.0034100342e+02 6.0046997070e+02 6.0058801270e+02 6.0070898438e+02 6.0084301758e+02 6.0096197510e+02 6.0106896973e+02 6.0116302490e+02 6.0125701904e+02 6.0138397217e+02 6.0153399658e+02 6.0165301514e+02 6.0175000000e+02 6.0187500000e+02 6.0201702881e+02 6.0215197754e+02 6.0228002930e+02 6.0239898682e+02 6.0251898193e+02 6.0264001465e+02 6.0275799561e+02 6.0287701416e+02 6.0299499512e+02 6.0312799072e+02 6.0325799561e+02 6.0340802002e+02 6.0366699219e+02 6.0385998535e+02 6.0391302490e+02
5.9817602539e+02 5.9830297852e+02 5.9841699219e+02 5.9854101563e+02 5.9868402100e+02 5.9882397461e+02 5.9896197510e+02 5.9909002686e+02 5.9925299072e+02 5.9941900635e+02 5.9955700684e+02 5.9971697998e+02 5.9986602783e+02 5.9997497559e+02 6.0004302979e+02 6.0009197998e+02 6.0013598633e+02 6.0020098877e+02 6.0031799316e+02 6.0042901611e+02 6.0054400635e+02 6.0067700195e+02 6.0079498291e+02 6.0090002441e+02 6.0100701904e+02 6.0112500000e+02 6.0125402832e+02 6.0138201904e+02 6.0149401855e+02 6.0159399414e+02 6.0171697998e+02 6.0185302734e+02 6.0198101807e+02 6.0210699463e+02 6.0222900391e+02 6.0234802246e+02 6.0246398926e+02 6.0257897949e+02 6.0269396973e+02 6.0282000732e+02 6.0297802734e+02 6.0313897705e+02 6.0331701660e+02 6.0368200684e+02 6.0392999268e+02 6.0393103027e+02
5.9803802490e+02 5.9816998291e+02 5.9828601074e+02 5.9841101074e+02 5.9853802490e+02 5.9867297363e+02 5.9881402588e+02 5.9893200684e+02 5.9907098389e+02 5.9921801758e+02 5.9935699463e+02 5.9951702881e+02 5.9965197754e+02 5.9975500488e+02 5.9984197998e+02 5.9991601563e+02 5.9997900391e+02 6.0004797363e+02 6.0015997314e+02 6.0027001953e+02 6.0037597656e+02 6.0050000000e+02 6.0060998535e+02 6.0071301270e+02 6.0084698486e+02 6.0099200439e+02 6.0111401367e+02 6.0121600342e+02 6.0132598877e+02 6.0143597412e+02 6.0155700684e+02 6.0168597412e+02 6.0180999756e+02 6.0193701172e+02 6.0206500244e+02 6.0218402100e+02 6.0229797363e+02 6.0240698242e+02 6.0251599121e+02 6.0265997314e+02 6.0285797119e+02 6.0307098389e+02 6.0330102539e+02 6.0366302490e+02 6.0390197754e+02 6.0391302490e+02
