TESTSERVER/1/6.asc
NCOLS 100
NROWS 100
XLLCORNER 7.5497500000e+03
YLLCORNER 2.8965025000e+05
CELLSIZE 5.0000000000e-01
NODATA_VALUE -9.9990000000e+03
[rows 60 to 79 of 100, columns 46 to 91 of 100]
5.9028997803e+02 5.9029602051e+02 5.9030902100e+02 5.9031701660e+02 5.9032501221e+02 5.9032299805e+02 5.9031097412e+02 5.9030200195e+02 5.9030102539e+02 5.9030102539e+02 5.9029602051e+02 5.9029602051e+02 5.9029797363e+02 5.9030401611e+02 5.9031701660e+02 5.9032397461e+02 5.9031799316e+02 5.9035400391e+02 5.9038201904e+02 5.9040197754e+02 5.9042498779e+02 5.9044799805e+02 5.9046301270e+02 5.9048797607e+02 5.9051599121e+02 5.9056701660e+02 5.9061102295e+02 5.9064697266e+02 5.9066802979e+02 5.9068597412e+02 5.9070599365e+02 5.9073498535e+02 5.9076397705e+02 5.9079602051e+02 5.9082397461e+02 5.9085302734e+02 5.9087701416e+02 5.9091998291e+02 5.9095800781e+02 5.9097601318e+02 5.9100097656e+02 5.9102801514e+02 5.9104400635e+02 5.9106500244e+02 5.9110198975e+02 5.9113897705e+02
5.9026501465e+02 5.9027099609e+02 5.9027398682e+02 5.9028002930e+02 5.9029199219e+02 5.9028497314e+02 5.9027398682e+02 5.9027301025e+02 5.9028002930e+02 5.9028399658e+02 5.9027697754e+02 5.9026599121e+02 5.9026898193e+02 5.9026800537e+02 5.9027697754e+02 5.9028497314e+02 5.9028302002e+02 5.9030200195e+02 5.9031298828e+02 5.9032299805e+02 5.9034600830e+02 5.9038000488e+02 5.9039801025e+02 5.9042297363e+02 5.9044799805e+02 5.9048498535e+02 5.9051898193e+02 5.9054797363e+02 5.9057702637e+02 5.9060797119e+02 5.9062799072e+02 5.9065600586e+02 5.9069201660e+02 5.9071502686e+02 5.9073297119e+02 5.9075701904e+02 5.9078900146e+02 5.9082397461e+02 5.9086499023e+02 5.9088098145e+02 5.9089697266e+02 5.9091802979e+02 5.9094500732e+02 5.9097302246e+02 5.9100897217e+02 5.9104101563e+02
5.9025097656e+02 5.9025097656e+02 5.9024798584e+02 5.9024798584e+02 5.9025000000e+02 5.9024597168e+02 5.9024597168e+02 5.9024401855e+02 5.9024401855e+02 5.9026000977e+02 5.9026599121e+02 5.9025897217e+02 5.9025799561e+02 5.9025299072e+02 5.9025201416e+02 5.9025799561e+02 5.9025897217e+02 5.9027197266e+02 5.9027801514e+02 5.9028302002e+02 5.9029498291e+02 5.9032098389e+02 5.9032598877e+02 5.9033898926e+02 5.9036499023e+02 5.9039501953e+02 5.9041998291e+02 5.9044799805e+02 5.9048999023e+02 5.9053601074e+02 5.9055999756e+02 5.9058197021e+02 5.9061499023e+02 5.9063500977e+02 5.9064398193e+02 5.9066400146e+02 5.9070098877e+02 5.9073400879e+02 5.9076702881e+02 5.9078900146e+02 5.9080798340e+02 5.9082299805e+02 5.9085797119e+02 5.9089300537e+02 5.9092797852e+02 5.9095599365e+02
5.9023498535e+02 5.9022497559e+02 5.9021997070e+02 5.9022198486e+02 5.9022198486e+02 5.9021899414e+02 5.9022900391e+02 5.9022100830e+02 5.9021197510e+02 5.9022497559e+02 5.9023699951e+02 5.9024200439e+02 5.9024597168e+02 5.9023999023e+02 5.9023797607e+02 5.9023999023e+02 5.9024401855e+02 5.9026000977e+02 5.9026898193e+02 5.9027197266e+02 5.9026898193e+02 5.9027899170e+02 5.9027301025e+02 5.9027502441e+02 5.9029302979e+02 5.9031097412e+02 5.9033099365e+02 5.9036199951e+02 5.9040899658e+02 5.9046002197e+02 5.9048797607e+02 5.9050500488e+02 5.9052899170e+02 5.9055401611e+02 5.9056701660e+02 5.9058697510e+02 5.9061798096e+02 5.9064398193e+02 5.9066900635e+02 5.9069598389e+02 5.9072302246e+02 5.9074298096e+02 5.9078399658e+02 5.9082397461e+02 5.9085198975e+02 5.9087500000e+02
5.9022100830e+02 5.9020300293e+02 5.9020001221e+02 5.9020202637e+02 5.9020300293e+02 5.9019799805e+02 5.9019799805e+02 5.9019598389e+02 5.9018402100e+02 5.9018597412e+02 5.9019500732e+02 5.9021301270e+02 5.9022998047e+02 5.9023297119e+02 5.9023498535e+02 5.9023498535e+02 5.9024298096e+02 5.9025402832e+02 5.9025701904e+02 5.9026300049e+02 5.9026397705e+02 5.9026501465e+02 5.9025201416e+02 5.9024401855e+02 5.9025500488e+02 5.9026098633e+02 5.9027600098e+02 5.9030297852e+02 5.9033599854e+02 5.9037200928e+02 5.9040600586e+02 5.9042901611e+02 5.9044799805e+02 5.9047601318e+02 5.9049298096e+02 5.9051000977e+02 5.9053497314e+02 5.9057202148e+02 5.9059399414e+02 5.9060998535e+02 5.9063299561e+02 5.9066802979e+02 5.9071398926e+02 5.9075299072e+02 5.9077001953e+02 5.9079302979e+02
5.9021600342e+02 5.9020001221e+02 5.9018701172e+02 5.9017700195e+02 5.9017602539e+02 5.9018298340e+02 5.9018298340e+02 5.9018499756e+02 5.9017297363e+02 5.9017401123e+02 5.9018298340e+02 5.9019201660e+02 5.9019897461e+02 5.9020202637e+02 5.9021398926e+02 5.9022100830e+02 5.9022900391e+02 5.9024798584e+02 5.9025299072e+02 5.9025897217e+02 5.9025097656e+02 5.9025000000e+02 5.9023999023e+02 5.9023199463e+02 5.9022497559e+02 5.9022998047e+02 5.9023699951e+02 5.9025201416e+02 5.9026702881e+02 5.9028302002e+02 5.9031298828e+02 5.9034802246e+02 5.9037298584e+02 5.9040197754e+02 5.9042602539e+02 5.9044097900e+02 5.9046197510e+02 5.9050097656e+02 5.9052502441e+02 5.9053497314e+02 5.9056298828e+02 5.9059301758e+02 5.9063397217e+02 5.9067498779e+02 5.9070202637e+02 5.9072601318e+02
5.9021502686e+02 5.9020300293e+02 5.9018200684e+02 5.9016998291e+02 5.9017901611e+02 5.9017602539e+02 5.9017498779e+02 5.9018298340e+02 5.9017199707e+02 5.9015997314e+02 5.9016400146e+02 5.9017199707e+02 5.9017602539e+02 5.9017498779e+02 5.9018701172e+02 5.9019897461e+02 5.9020397949e+02 5.9022497559e+02 5.9023498535e+02 5.9023797607e+02 5.9022399902e+02 5.9021697998e+02 5.9021301270e+02 5.9020898438e+02 5.9019897461e+02 5.9020800781e+02 5.9020800781e+02 5.9020898438e+02 5.9021002197e+02 5.9022198486e+02 5.9024298096e+02 5.9027502441e+02 5.9030499268e+02 5.9033599854e+02 5.9037402344e+02 5.9039398193e+02 5.9040301514e+02 5.9043200684e+02 5.9045202637e+02 5.9046197510e+02 5.9049798584e+02 5.9052801514e+02 5.9056799316e+02 5.9060797119e+02 5.9063201904e+02 5.9065197754e+02
5.9022998047e+02 5.9022302246e+02 5.9019396973e+02 5.9018103027e+02 5.9019396973e+02 5.9017797852e+02 5.9016998291e+02 5.9018200684e+02 5.9017401123e+02 5.9015698242e+02 5.9015698242e+02 5.9015997314e+02 5.9015802002e+02 5.9015301514e+02 5.9015997314e+02 5.9017199707e+02 5.9017297363e+02 5.9018902588e+02 5.9019897461e+02 5.9020098877e+02 5.9019396973e+02 5.9019500732e+02 5.9019500732e+02 5.9019000244e+02 5.9017999268e+02 5.9019299316e+02 5.9018597412e+02 5.9017401123e+02 5.9016802979e+02 5.9018499756e+02 5.9020300293e+02 5.9022802734e+02 5.9025299072e+02 5.9028302002e+02 5.9032397461e+02 5.9034802246e+02 5.9035900879e+02 5.9038702393e+02 5.9039898682e+02 5.9040698242e+02 5.9044396973e+02 5.9047601318e+02 5.9051501465e+02 5.9055102539e+02 5.9057098389e+02 5.9058898926e+02
5.9024597168e+02 5.9022900391e+02 5.9020800781e+02 5.9020001221e+02 5.9019897461e+02 5.9019201660e+02 5.9018200684e+02 5.9018701172e+02 5.9017602539e+02 5.9016400146e+02 5.9015399170e+02 5.9014501953e+02 5.9013397217e+02 5.9013397217e+02 5.9014099121e+02 5.9015399170e+02 5.9015100098e+02 5.9015899658e+02 5.9016400146e+02 5.9016802979e+02 5.9017297363e+02 5.9018200684e+02 5.9017797852e+02 5.9017199707e+02 5.9016699219e+02 5.9017901611e+02 5.9016802979e+02 5.9015197754e+02 5.9014697266e+02 5.9015899658e+02 5.9017700195e+02 5.9019799805e+02 5.9021899414e+02 5.9024798584e+02 5.9028302002e+02 5.9030102539e+02 5.9030603027e+02 5.9033099365e+02 5.9034301758e+02 5.9035699463e+02 5.9039801025e+02 5.9042700195e+02 5.9046600342e+02 5.9050097656e+02 5.9052398682e+02 5.9054400635e+02
5.9024499512e+02 5.9023498535e+02 5.9022900391e+02 5.9021997070e+02 5.9020300293e+02 5.9019702148e+02 5.9018701172e+02 5.9017199707e+02 5.9015802002e+02 5.9014398193e+02 5.9013598633e+02 5.9012701416e+02 5.9011700439e+02 5.9011602783e+02 5.9011999512e+02 5.9013201904e+02 5.9013500977e+02 5.9014202881e+02 5.9015002441e+02 5.9015197754e+02 5.9014300537e+02 5.9014697266e+02 5.9014099121e+02 5.9014398193e+02 5.9015197754e+02 5.9016101074e+02 5.9015002441e+02 5.9013702393e+02 5.9013702393e+02 5.9014599609e+02 5.9015698242e+02 5.9017498779e+02 5.9020001221e+02 5.9022998047e+02 5.9026098633e+02 5.9027099609e+02 5.9025598145e+02 5.9025598145e+02 5.9027697754e+02 5.9030902100e+02 5.9035998535e+02 5.9037500000e+02 5.9039697266e+02 5.9042797852e+02 5.9046398926e+02 5.9050097656e+02
5.9024102783e+02 5.9023400879e+02 5.9022497559e+02 5.9021398926e+02 5.9020599365e+02 5.9021600342e+02 5.9021197510e+02 5.9017700195e+02 5.9015100098e+02 5.9014001465e+02 5.9013098145e+02 5.9012298584e+02 5.9011102295e+02 5.9010400391e+02 5.9010302734e+02 5.9010900879e+02 5.9012200928e+02 5.9012597656e+02 5.9012902832e+02 5.9012701416e+02 5.9012097168e+02 5.9012097168e+02 5.9011199951e+02 5.9011199951e+02 5.9012597656e+02 5.9014099121e+02 5.9012902832e+02 5.9011499023e+02 5.9011499023e+02 5.9013098145e+02 5.9014599609e+02 5.9016400146e+02 5.9019000244e+02 5.9021502686e+02 5.9023297119e+02 5.9023297119e+02 5.9021997070e+02 5.9020501709e+02 5.9021502686e+02 5.9024700928e+02 5.9030200195e+02 5.9032000732e+02 5.9034197998e+02 5.9037402344e+02 5.9040502930e+02 5.9044500732e+02
5.9024597168e+02 5.9023297119e+02 5.9021398926e+02 5.9019897461e+02 5.9020202637e+02 5.9022302246e+02 5.9022998047e+02 5.9019897461e+02 5.9016998291e+02 5.9015502930e+02 5.9014001465e+02 5.9013000488e+02 5.9011999512e+02 5.9011199951e+02 5.9010302734e+02 5.9009600830e+02 5.9011102295e+02 5.9011499023e+02 5.9011401367e+02 5.9011199951e+02 5.9011297607e+02 5.9010302734e+02 5.9008197021e+02 5.9007299805e+02 5.9008398438e+02 5.9010601807e+02 5.9010198975e+02 5.9009100342e+02 5.9009197998e+02 5.9011401367e+02 5.9013201904e+02 5.9014898682e+02 5.9017999268e+02 5.9020098877e+02 5.9020599365e+02 5.9019598389e+02 5.9018701172e+02 5.9017102051e+02 5.9016802979e+02 5.9018798828e+02 5.9023797607e+02 5.9026300049e+02 5.9028900146e+02 5.9032098389e+02 5.9034497070e+02 5.9037402344e+02
5.9026501465e+02 5.9025299072e+02 5.9023498535e+02 5.9020697021e+02 5.9019799805e+02 5.9021600342e+02 5.9022198486e+02 5.9020697021e+02 5.9019097900e+02 5.9017401123e+02 5.9015698242e+02 5.9014202881e+02 5.9013000488e+02 5.9012500000e+02 5.9011901855e+02 5.9010998535e+02 5.9011401367e+02 5.9010998535e+02 5.9010400391e+02 5.9010198975e+02 5.9009698486e+02 5.9008099365e+02 5.9005102539e+02 5.9004101563e+02 5.9006500244e+02 5.9008502197e+02 5.9008599854e+02 5.9008300781e+02 5.9008697510e+02 5.9010797119e+02 5.9011901855e+02 5.9013201904e+02 5.9016101074e+02 5.9018798828e+02 5.9018798828e+02 5.9017102051e+02 5.9015399170e+02 5.9015600586e+02 5.9015899658e+02 5.9017602539e+02 5.9020599365e+02 5.9021502686e+02 5.9023101807e+02 5.9025299072e+02 5.9028302002e+02 5.9031701660e+02
5.9026898193e+02 5.9026898193e+02 5.9026397705e+02 5.9023999023e+02 5.9022497559e+02 5.9022100830e+02 5.9020898438e+02 5.9019000244e+02 5.9018597412e+02 5.9018902588e+02 5.9017602539e+02 5.9015997314e+02 5.9013897705e+02 5.9011901855e+02 5.9011602783e+02 5.9011499023e+02 5.9011199951e+02 5.9010900879e+02 5.9009899902e+02 5.9009002686e+02 5.9009100342e+02 5.9007598877e+02 5.9004602051e+02 5.9003198242e+02 5.9005297852e+02 5.9006597900e+02 5.9007202148e+02 5.9007702637e+02 5.9008300781e+02 5.9010900879e+02 5.9011102295e+02 5.9011102295e+02 5.9012298584e+02 5.9014300537e+02 5.9014898682e+02 5.9014599609e+02 5.9014501953e+02 5.9015100098e+02 5.9015197754e+02 5.9016101074e+02 5.9018103027e+02 5.9017901611e+02 5.9019000244e+02 5.9021502686e+02 5.9023999023e+02 5.9025701904e+02
5.9025299072e+02 5.9025402832e+02 5.9025897217e+02 5.9025299072e+02 5.9024102783e+02 5.9022399902e+02 5.9020697021e+02 5.9018597412e+02 5.9017401123e+02 5.9017901611e+02 5.9017797852e+02 5.9017102051e+02 5.9015301514e+02 5.9012902832e+02 5.9011401367e+02 5.9010699463e+02 5.9010797119e+02 5.9010998535e+02 5.9010699463e+02 5.9009997559e+02 5.9009197998e+02 5.9007800293e+02 5.9005401611e+02 5.9003497314e+02 5.9004602051e+02 5.9005297852e+02 5.9005902100e+02 5.9006402588e+02 5.9007098389e+02 5.9009802246e+02 5.9010400391e+02 5.9010797119e+02 5.9010797119e+02 5.9010900879e+02 5.9010998535e+02 5.9011499023e+02 5.9012298584e+02 5.9013098145e+02 5.9013397217e+02 5.9014398193e+02 5.9016400146e+02 5.9015698242e+02 5.9016497803e+02 5.9018597412e+02 5.9020697021e+02 5.9021697998e+02
5.9024102783e+02 5.9022998047e+02 5.9022998047e+02 5.9023797607e+02 5.9023400879e+02 5.9022497559e+02 5.9022100830e+02 5.9020001221e+02 5.9017102051e+02 5.9016497803e+02 5.9015997314e+02 5.9015100098e+02 5.9015502930e+02 5.9015502930e+02 5.9014300537e+02 5.9012500000e+02 5.9011700439e+02 5.9011401367e+02 5.9011401367e+02 5.9010998535e+02 5.9009197998e+02 5.9007397461e+02 5.9005700684e+02 5.9004400635e+02 5.9004797363e+02 5.9004998779e+02 5.9004998779e+02 5.9004901123e+02 5.9005499268e+02 5.9007800293e+02 5.9009100342e+02 5.9010400391e+02 5.9010498047e+02 5.9010198975e+02 5.9009997559e+02 5.9009997559e+02 5.9009600830e+02 5.9010601807e+02 5.9011199951e+02 5.9012402344e+02 5.9014801025e+02 5.9014501953e+02 5.9015197754e+02 5.9016802979e+02 5.9018597412e+02 5.9019799805e+02
5.9024298096e+02 5.9023400879e+02 5.9022302246e+02 5.9022100830e+02 5.9021600342e+02 5.9022100830e+02 5.9022998047e+02 5.9022497559e+02 5.9021398926e+02 5.9018103027e+02 5.9015698242e+02 5.9013397217e+02 5.9014501953e+02 5.9016302490e+02 5.9016302490e+02 5.9014501953e+02 5.9013000488e+02 5.9011499023e+02 5.9010601807e+02 5.9009899902e+02 5.9007299805e+02 5.9006896973e+02 5.9006201172e+02 5.9005401611e+02 5.9004901123e+02 5.9004400635e+02 5.9003002930e+02 5.9002502441e+02 5.9004699707e+02 5.9006799316e+02 5.9007501221e+02 5.9007897949e+02 5.9008599854e+02 5.9009197998e+02 5.9009698486e+02 5.9009197998e+02 5.9007800293e+02 5.9008801270e+02 5.9009802246e+02 5.9011102295e+02 5.9012701416e+02 5.9012701416e+02 5.9013897705e+02 5.9015899658e+02 5.9018701172e+02 5.9019000244e+02
5.9023699951e+02 5.9022698975e+02 5.9022100830e+02 5.9021697998e+02 5.9021301270e+02 5.9021197510e+02 5.9021801758e+02 5.9022399902e+02 5.9022497559e+02 5.9020202637e+02 5.9017498779e+02 5.9014801025e+02 5.9013800049e+02 5.9014202881e+02 5.9014398193e+02 5.9013598633e+02 5.9013098145e+02 5.9014099121e+02 5.9013299561e+02 5.9010797119e+02 5.9006799316e+02 5.9006298828e+02 5.9006402588e+02 5.9006402588e+02 5.9006298828e+02 5.9004998779e+02 5.9002001953e+02 5.9000299072e+02 5.9002801514e+02 5.9005401611e+02 5.9006402588e+02 5.9006597900e+02 5.9007098389e+02 5.9007598877e+02 5.9008300781e+02 5.9008697510e+02 5.9008099365e+02 5.9007202148e+02 5.9008197021e+02 5.9010400391e+02 5.9010998535e+02 5.9010101318e+02 5.9011798096e+02 5.9014501953e+02 5.9017102051e+02 5.9018298340e+02
5.9022900391e+02 5.9021899414e+02 5.9021899414e+02 5.9021600342e+02 5.9020898438e+02 5.9020300293e+02 5.9020599365e+02 5.9020001221e+02 5.9019897461e+02 5.9019299316e+02 5.9017901611e+02 5.9016802979e+02 5.9015502930e+02 5.9014099121e+02 5.9013299561e+02 5.9012402344e+02 5.9012902832e+02 5.9014501953e+02 5.9014202881e+02 5.9012097168e+02 5.9008502197e+02 5.9007000732e+02 5.9006097412e+02 5.9005902100e+02 5.9006701660e+02 5.9006201172e+02 5.9003601074e+02 5.9001202393e+02 5.9002600098e+02 5.9004699707e+02 5.9005798340e+02 5.9006896973e+02 5.9007202148e+02 5.9007299805e+02 5.9007598877e+02 5.9007702637e+02 5.9007501221e+02 5.9007098389e+02 5.9007897949e+02 5.9009197998e+02 5.9009600830e+02 5.9008801270e+02 5.9010797119e+02 5.9013000488e+02 5.9015002441e+02 5.9016699219e+02
5.9022698975e+02 5.9022100830e+02 5.9021899414e+02 5.9020898438e+02 5.9019897461e+02 5.9019897461e+02 5.9020898438e+02 5.9019396973e+02 5.9018402100e+02 5.9018200684e+02 5.9017199707e+02 5.9017602539e+02 5.9017199707e+02 5.9014898682e+02 5.9013800049e+02 5.9012597656e+02 5.9012799072e+02 5.9012097168e+02 5.9011499023e+02 5.9010998535e+02 5.9010101318e+02 5.9009197998e+02 5.9007202148e+02 5.9005603027e+02 5.9006201172e+02 5.9006500244e+02 5.9005401611e+02 5.9003497314e+02 5.9003900146e+02 5.9005200195e+02 5.9005700684e+02 5.9007098389e+02 5.9007397461e+02 5.9007202148e+02 5.9007098389e+02 5.9006298828e+02 5.9005499268e+02 5.9006298828e+02 5.9007202148e+02 5.9008300781e+02 5.9009802246e+02 5.9009899902e+02 5.9012097168e+02 5.9013397217e+02 5.9014599609e+02 5.9015802002e+02
