TESTSERVER/1/6.asc
NCOLS 100
NROWS 100
XLLCORNER 7.5497500000e+03
YLLCORNER 2.8965025000e+05
CELLSIZE 5.0000000000e-01
NODATA_VALUE -9.9990000000e+03
[rows 80 to 99 of 100, columns 0 to 45 of 100]
5.9036700439e+02 5.9035900879e+02 5.9035900879e+02 5.9037500000e+02 5.9037200928e+02 5.9036901855e+02 5.9036999512e+02 5.9037500000e+02 5.9035498047e+02 5.9033697510e+02 5.9035400391e+02 5.9035302734e+02 5.9034600830e+02 5.9033697510e+02 5.9033398438e+02 5.9032501221e+02 5.9030499268e+02 5.9030297852e+02 5.9030297852e+02 5.9028497314e+02 5.9028198242e+02 5.9028100586e+02 5.9028100586e+02 5.9027801514e+02 5.9027301025e+02 5.9026898193e+02 5.9027001953e+02 5.9026501465e+02 5.9025897217e+02 5.9026000977e+02 5.9025402832e+02 5.9023199463e+02 5.9025402832e+02 5.9027197266e+02 5.9025299072e+02 5.9026300049e+02 5.9025598145e+02 5.9024499512e+02 5.9023999023e+02 5.9023297119e+02 5.9023101807e+02 5.9023797607e+02 5.9024102783e+02 5.9024700928e+02 5.9023999023e+02 5.9022601318e+02
5.9037200928e+02 5.9037597656e+02 5.9037500000e+02 5.9037902832e+02 5.9036798096e+02 5.9036602783e+02 5.9037597656e+02 5.9039001465e+02 5.9037298584e+02 5.9034997559e+02 5.9035498047e+02 5.9035198975e+02 5.9034802246e+02 5.9033898926e+02 5.9033801270e+02 5.9033898926e+02 5.9032098389e+02 5.9031097412e+02 5.9030902100e+02 5.9029901123e+02 5.9030200195e+02 5.9030102539e+02 5.9029998779e+02 5.9029498291e+02 5.9028198242e+02 5.9027301025e+02 5.9027697754e+02 5.9028100586e+02 5.9027398682e+02 5.9026501465e+02 5.9026397705e+02 5.9025201416e+02 5.9026501465e+02 5.9027197266e+02 5.9025201416e+02 5.9026599121e+02 5.9026098633e+02 5.9024298096e+02 5.9023297119e+02 5.9022302246e+02 5.9022399902e+02 5.9023199463e+02 5.9022998047e+02 5.9022802734e+02 5.9023199463e+02 5.9023199463e+02
5.9038299561e+02 5.9039202881e+02 5.9038000488e+02 5.9038201904e+02 5.9037902832e+02 5.9037298584e+02 5.9037701416e+02 5.9039599609e+02 5.9038598633e+02 5.9036499023e+02 5.9037097168e+02 5.9037298584e+02 5.9036700439e+02 5.9035900879e+02 5.9034698486e+02 5.9034100342e+02 5.9033099365e+02 5.9033197021e+02 5.9033001709e+02 5.9032202148e+02 5.9032397461e+02 5.9031298828e+02 5.9030999756e+02 5.9030499268e+02 5.9029498291e+02 5.9028601074e+02 5.9028302002e+02 5.9028302002e+02 5.9028198242e+02 5.9028100586e+02 5.9027899170e+02 5.9027398682e+02 5.9027502441e+02 5.9026898193e+02 5.9025500488e+02 5.9026098633e+02 5.9025299072e+02 5.9023400879e+02 5.9022998047e+02 5.9022802734e+02 5.9023199463e+02 5.9022698975e+02 5.9021301270e+02 5.9021301270e+02 5.9022302246e+02 5.9023498535e+02
5.9037701416e+02 5.9038201904e+02 5.9036499023e+02 5.9037500000e+02 5.9038800049e+02 5.9038500977e+02 5.9037902832e+02 5.9039300537e+02 5.9038800049e+02 5.9037799072e+02 5.9038897705e+02 5.9038598633e+02 5.9037902832e+02 5.9037200928e+02 5.9034997559e+02 5.9034301758e+02 5.9034100342e+02 5.9034899902e+02 5.9035198975e+02 5.9034600830e+02 5.9034100342e+02 5.9032501221e+02 5.9032501221e+02 5.9031500244e+02 5.9030902100e+02 5.9030603027e+02 5.9029901123e+02 5.9029498291e+02 5.9029199219e+02 5.9029101563e+02 5.9028497314e+02 5.9028002930e+02 5.9027099609e+02 5.9025897217e+02 5.9026000977e+02 5.9025402832e+02 5.9024499512e+02 5.9023101807e+02 5.9022998047e+02 5.9022601318e+02 5.9023498535e+02 5.9023199463e+02 5.9021502686e+02 5.9021600342e+02 5.9022100830e+02 5.9022900391e+02
5.9037597656e+02 5.9037597656e+02 5.9035998535e+02 5.9036999512e+02 5.9038500977e+02 5.9038598633e+02 5.9038397217e+02 5.9039300537e+02 5.9039599609e+02 5.9039501953e+02 5.9039801025e+02 5.9038000488e+02 5.9037597656e+02 5.9037200928e+02 5.9035400391e+02 5.9035699463e+02 5.9035998535e+02 5.9035797119e+02 5.9034600830e+02 5.9035198975e+02 5.9034497070e+02 5.9033099365e+02 5.9032800293e+02 5.9031896973e+02 5.9031799316e+02 5.9032299805e+02 5.9032897949e+02 5.9031896973e+02 5.9030499268e+02 5.9029797363e+02 5.9029901123e+02 5.9028900146e+02 5.9027398682e+02 5.9026202393e+02 5.9027197266e+02 5.9025799561e+02 5.9025299072e+02 5.9023999023e+02 5.9021801758e+02 5.9022601318e+02 5.9023199463e+02 5.9023199463e+02 5.9022302246e+02 5.9022601318e+02 5.9022601318e+02 5.9022100830e+02
5.9036901855e+02 5.9037200928e+02 5.9036297607e+02 5.9037799072e+02 5.9038897705e+02 5.9038598633e+02 5.9038397217e+02 5.9039001465e+02 5.9039001465e+02 5.9038897705e+02 5.9040600586e+02 5.9040698242e+02 5.9040502930e+02 5.9040301514e+02 5.9038397217e+02 5.9037902832e+02 5.9037799072e+02 5.9036798096e+02 5.9035302734e+02 5.9036102295e+02 5.9035302734e+02 5.9034002686e+02 5.9034100342e+02 5.9034002686e+02 5.9034197998e+02 5.9034301758e+02 5.9033697510e+02 5.9032897949e+02 5.9032202148e+02 5.9032299805e+02 5.9030200195e+02 5.9030401611e+02 5.9030200195e+02 5.9028900146e+02 5.9028302002e+02 5.9027099609e+02 5.9025897217e+02 5.9024798584e+02 5.9023199463e+02 5.9024298096e+02 5.9023797607e+02 5.9023199463e+02 5.9022900391e+02 5.9022601318e+02 5.9022802734e+02 5.9023400879e+02
5.9036700439e+02 5.9036901855e+02 5.9035900879e+02 5.9037799072e+02 5.9038702393e+02 5.9038098145e+02 5.9037597656e+02 5.9038598633e+02 5.9038702393e+02 5.9038397217e+02 5.9039898682e+02 5.9040600586e+02 5.9041101074e+02 5.9040899658e+02 5.9040197754e+02 5.9040399170e+02 5.9039697266e+02 5.9038500977e+02 5.9037597656e+02 5.9038000488e+02 5.9036499023e+02 5.9035601807e+02 5.9035498047e+02 5.9035400391e+02 5.9036102295e+02 5.9035699463e+02 5.9034100342e+02 5.9033502197e+02 5.9032702637e+02 5.9032501221e+02 5.9031097412e+02 5.9031597900e+02 5.9031500244e+02 5.9030499268e+02 5.9029199219e+02 5.9028698730e+02 5.9027197266e+02 5.9026098633e+02 5.9025000000e+02 5.9025299072e+02 5.9024798584e+02 5.9023699951e+02 5.9023101807e+02 5.9022302246e+02 5.9022802734e+02 5.9024200439e+02
5.9037597656e+02 5.9037402344e+02 5.9036297607e+02 5.9037799072e+02 5.9038800049e+02 5.9038702393e+02 5.9038098145e+02 5.9038800049e+02 5.9039099121e+02 5.9038598633e+02 5.9039501953e+02 5.9039898682e+02 5.9040600586e+02 5.9040301514e+02 5.9040197754e+02 5.9040997314e+02 5.9040899658e+02 5.9040301514e+02 5.9040100098e+02 5.9039697266e+02 5.9037701416e+02 5.9036700439e+02 5.9036102295e+02 5.9036102295e+02 5.9036901855e+02 5.9035998535e+02 5.9034899902e+02 5.9034997559e+02 5.9034301758e+02 5.9033300781e+02 5.9032501221e+02 5.9032202148e+02 5.9031896973e+02 5.9031402588e+02 5.9030798340e+02 5.9030798340e+02 5.9029101563e+02 5.9027600098e+02 5.9026898193e+02 5.9026000977e+02 5.9025201416e+02 5.9024200439e+02 5.9022998047e+02 5.9021997070e+02 5.9021899414e+02 5.9022802734e+02
5.9037200928e+02 5.9036700439e+02 5.9036499023e+02 5.9036798096e+02 5.9037298584e+02 5.9038500977e+02 5.9039099121e+02 5.9040100098e+02 5.9040100098e+02 5.9039599609e+02 5.9040100098e+02 5.9041699219e+02 5.9042401123e+02 5.9041998291e+02 5.9041601563e+02 5.9041302490e+02 5.9041601563e+02 5.9041400146e+02 5.9041302490e+02 5.9041601563e+02 5.9040600586e+02 5.9039599609e+02 5.9037500000e+02 5.9037200928e+02 5.9037597656e+02 5.9036901855e+02 5.9036102295e+02 5.9036499023e+02 5.9035998535e+02 5.9034600830e+02 5.9032800293e+02 5.9034100342e+02 5.9032702637e+02 5.9031402588e+02 5.9032000732e+02 5.9032202148e+02 5.9030297852e+02 5.9029699707e+02 5.9029797363e+02 5.9027502441e+02 5.9026599121e+02 5.9025701904e+02 5.9024200439e+02 5.9023602295e+02 5.9023297119e+02 5.9022900391e+02
5.9036901855e+02 5.9036999512e+02 5.9038201904e+02 5.9038702393e+02 5.9039099121e+02 5.9039398193e+02 5.9039099121e+02 5.9041101074e+02 5.9040997314e+02 5.9040100098e+02 5.9040802002e+02 5.9042901611e+02 5.9043597412e+02 5.9042700195e+02 5.9042498779e+02 5.9042901611e+02 5.9042297363e+02 5.9041101074e+02 5.9041802979e+02 5.9042498779e+02 5.9041497803e+02 5.9040600586e+02 5.9040100098e+02 5.9040399170e+02 5.9039697266e+02 5.9038702393e+02 5.9038098145e+02 5.9037200928e+02 5.9035601807e+02 5.9034899902e+02 5.9034698486e+02 5.9034698486e+02 5.9033801270e+02 5.9031799316e+02 5.9032000732e+02 5.9032098389e+02 5.9030102539e+02 5.9029302979e+02 5.9029498291e+02 5.9028198242e+02 5.9027502441e+02 5.9026702881e+02 5.9026501465e+02 5.9025701904e+02 5.9024700928e+02 5.9024200439e+02
5.9036901855e+02 5.9036901855e+02 5.9038000488e+02 5.9038702393e+02 5.9039599609e+02 5.9040197754e+02 5.9039501953e+02 5.9040997314e+02 5.9040399170e+02 5.9040301514e+02 5.9041900635e+02 5.9044201660e+02 5.9044396973e+02 5.9043298340e+02 5.9042797852e+02 5.9042999268e+02 5.9043597412e+02 5.9043597412e+02 5.9043597412e+02 5.9043402100e+02 5.9041699219e+02 5.9040301514e+02 5.9041400146e+02 5.9042602539e+02 5.9041699219e+02 5.9041101074e+02 5.9040899658e+02 5.9039801025e+02 5.9037902832e+02 5.9036199951e+02 5.9035498047e+02 5.9034802246e+02 5.9034301758e+02 5.9032800293e+02 5.9032702637e+02 5.9032702637e+02 5.9031298828e+02 5.9030603027e+02 5.9030200195e+02 5.9029699707e+02 5.9028802490e+02 5.9028198242e+02 5.9027899170e+02 5.9026397705e+02 5.9025299072e+02 5.9025000000e+02
5.9036199951e+02 5.9036798096e+02 5.9036999512e+02 5.9037902832e+02 5.9039099121e+02 5.9040197754e+02 5.9040197754e+02 5.9041101074e+02 5.9040600586e+02 5.9040899658e+02 5.9042602539e+02 5.9044000244e+02 5.9043701172e+02 5.9043298340e+02 5.9043402100e+02 5.9042602539e+02 5.9043701172e+02 5.9045098877e+02 5.9044396973e+02 5.9044097900e+02 5.9042401123e+02 5.9040600586e+02 5.9041601563e+02 5.9042498779e+02 5.9042102051e+02 5.9042999268e+02 5.9043298340e+02 5.9042498779e+02 5.9041601563e+02 5.9039697266e+02 5.9038201904e+02 5.9036700439e+02 5.9035101318e+02 5.9033801270e+02 5.9033300781e+02 5.9033099365e+02 5.9032598877e+02 5.9032501221e+02 5.9031799316e+02 5.9030603027e+02 5.9029498291e+02 5.9029199219e+02 5.9028601074e+02 5.9027099609e+02 5.9026397705e+02 5.9026098633e+02
5.9035699463e+02 5.9036602783e+02 5.9035498047e+02 5.9037200928e+02 5.9038598633e+02 5.9039898682e+02 5.9040301514e+02 5.9041802979e+02 5.9042297363e+02 5.9042602539e+02 5.9043402100e+02 5.9042901611e+02 5.9042102051e+02 5.9042700195e+02 5.9044000244e+02 5.9042602539e+02 5.9042797852e+02 5.9044396973e+02 5.9044201660e+02 5.9044500732e+02 5.9043798828e+02 5.9042102051e+02 5.9042297363e+02 5.9041802979e+02 5.9041802979e+02 5.9042602539e+02 5.9043200684e+02 5.9043798828e+02 5.9044000244e+02 5.9042901611e+02 5.9041802979e+02 5.9039202881e+02 5.9037200928e+02 5.9036102295e+02 5.9035400391e+02 5.9033801270e+02 5.9033599854e+02 5.9033398438e+02 5.9032800293e+02 5.9031701660e+02 5.9030499268e+02 5.9030297852e+02 5.9029901123e+02 5.9029498291e+02 5.9029199219e+02 5.9028302002e+02
5.9034600830e+02 5.9035797119e+02 5.9035400391e+02 5.9036297607e+02 5.9037200928e+02 5.9038800049e+02 5.9040399170e+02 5.9042602539e+02 5.9042700195e+02 5.9041497803e+02 5.9042700195e+02 5.9043701172e+02 5.9043499756e+02 5.9043701172e+02 5.9044201660e+02 5.9044897461e+02 5.9044702148e+02 5.9045202637e+02 5.9045098877e+02 5.9045397949e+02 5.9045501709e+02 5.9044598389e+02 5.9044201660e+02 5.9043402100e+02 5.9042901611e+02 5.9042797852e+02 5.9042401123e+02 5.9044897461e+02 5.9045202637e+02 5.9043701172e+02 5.9041900635e+02 5.9041400146e+02 5.9040502930e+02 5.9039300537e+02 5.9037902832e+02 5.9035699463e+02 5.9035101318e+02 5.9034497070e+02 5.9033697510e+02 5.9032897949e+02 5.9031402588e+02 5.9031097412e+02 5.9030999756e+02 5.9031097412e+02 5.9031201172e+02 5.9030297852e+02
5.9032202148e+02 5.9034100342e+02 5.9035302734e+02 5.9035900879e+02 5.9037097168e+02 5.9038800049e+02 5.9039801025e+02 5.9040899658e+02 5.9040899658e+02 5.9040502930e+02 5.9042297363e+02 5.9043902588e+02 5.9044500732e+02 5.9044500732e+02 5.9044097900e+02 5.9045202637e+02 5.9045300293e+02 5.9045599365e+02 5.9045697021e+02 5.9046099854e+02 5.9046697998e+02 5.9045898438e+02 5.9044799805e+02 5.9044097900e+02 5.9044500732e+02 5.9044500732e+02 5.9042999268e+02 5.9044500732e+02 5.9044799805e+02 5.9043597412e+02 5.9042498779e+02 5.9042901611e+02 5.9042199707e+02 5.9041101074e+02 5.9040301514e+02 5.9038598633e+02 5.9037402344e+02 5.9036700439e+02 5.9035998535e+02 5.9034899902e+02 5.9032598877e+02 5.9032800293e+02 5.9033398438e+02 5.9032800293e+02 5.9032397461e+02 5.9031701660e+02
5.9028900146e+02 5.9030798340e+02 5.9032702637e+02 5.9034197998e+02 5.9036102295e+02 5.9037799072e+02 5.9038201904e+02 5.9039202881e+02 5.9039599609e+02 5.9040002441e+02 5.9042401123e+02 5.9043701172e+02 5.9044396973e+02 5.9044799805e+02 5.9044097900e+02 5.9044396973e+02 5.9044897461e+02 5.9045300293e+02 5.9046398926e+02 5.9047100830e+02 5.9047601318e+02 5.9046801758e+02 5.9045501709e+02 5.9045697021e+02 5.9046301270e+02 5.9046502686e+02 5.9044799805e+02 5.9044500732e+02 5.9043902588e+02 5.9043103027e+02 5.9043200684e+02 5.9044702148e+02 5.9043597412e+02 5.9042102051e+02 5.9041998291e+02 5.9040197754e+02 5.9038598633e+02 5.9037902832e+02 5.9037597656e+02 5.9036297607e+02 5.9034600830e+02 5.9034899902e+02 5.9035498047e+02 5.9033697510e+02 5.9032501221e+02 5.9032000732e+02
5.9025598145e+02 5.9027600098e+02 5.9029998779e+02 5.9032098389e+02 5.9034399414e+02 5.9036199951e+02 5.9038000488e+02 5.9039398193e+02 5.9039801025e+02 5.9039599609e+02 5.9040997314e+02 5.9042797852e+02 5.9043103027e+02 5.9044000244e+02 5.9045300293e+02 5.9045697021e+02 5.9045800781e+02 5.9046099854e+02 5.9047198486e+02 5.9049102783e+02 5.9048400879e+02 5.9047302246e+02 5.9046600342e+02 5.9046502686e+02 5.9046600342e+02 5.9046801758e+02 5.9046301270e+02 5.9045800781e+02 5.9044702148e+02 5.9044000244e+02 5.9044897461e+02 5.9045098877e+02 5.9043701172e+02 5.9042401123e+02 5.9042901611e+02 5.9041802979e+02 5.9040502930e+02 5.9039099121e+02 5.9036798096e+02 5.9036700439e+02 5.9036798096e+02 5.9036700439e+02 5.9035998535e+02 5.9034899902e+02 5.9033801270e+02 5.9033099365e+02
5.9023297119e+02 5.9025402832e+02 5.9026800537e+02 5.9028802490e+02 5.9031799316e+02 5.9034197998e+02 5.9036297607e+02 5.9038000488e+02 5.9039099121e+02 5.9040002441e+02 5.9040502930e+02 5.9041497803e+02 5.9041699219e+02 5.9043701172e+02 5.9045898438e+02 5.9045098877e+02 5.9045202637e+02 5.9046301270e+02 5.9047100830e+02 5.9049298096e+02 5.9048297119e+02 5.9047198486e+02 5.9047302246e+02 5.9047399902e+02 5.9046002197e+02 5.9045898438e+02 5.9046398926e+02 5.9046502686e+02 5.9045800781e+02 5.9045501709e+02 5.9046099854e+02 5.9045098877e+02 5.9043701172e+02 5.9042797852e+02 5.9043499756e+02 5.9043902588e+02 5.9043103027e+02 5.9041497803e+02 5.9040002441e+02 5.9039398193e+02 5.9038897705e+02 5.9038598633e+02 5.9038201904e+02 5.9036602783e+02 5.9035998535e+02 5.9035699463e+02
5.9019500732e+02 5.9022302246e+02 5.9024200439e+02 5.9025799561e+02 5.9028802490e+02 5.9031402588e+02 5.9033300781e+02 5.9035699463e+02 5.9037500000e+02 5.9038897705e+02 5.9039300537e+02 5.9040502930e+02 5.9041101074e+02 5.9042901611e+02 5.9045202637e+02 5.9044000244e+02 5.9044702148e+02 5.9046398926e+02 5.9046997070e+02 5.9048101807e+02 5.9047198486e+02 5.9046197510e+02 5.9046801758e+02 5.9047698975e+02 5.9047198486e+02 5.9046801758e+02 5.9046801758e+02 5.9046997070e+02 5.9047302246e+02 5.9046502686e+02 5.9046002197e+02 5.9045202637e+02 5.9044299316e+02 5.9043798828e+02 5.9043701172e+02 5.9044097900e+02 5.9043499756e+02 5.9042999268e+02 5.9043298340e+02 5.9042498779e+02 5.9041699219e+02 5.9040997314e+02 5.9040399170e+02 5.9038598633e+02 5.9037902832e+02 5.9037597656e+02
5.9015399170e+02 5.9018798828e+02 5.9021099854e+02 5.9023498535e+02 5.9026202393e+02 5.9028198242e+02 5.9030102539e+02 5.9032897949e+02 5.9034197998e+02 5.9035699463e+02 5.9037200928e+02 5.9039099121e+02 5.9040502930e+02 5.9041900635e+02 5.9044000244e+02 5.9043798828e+02 5.9044598389e+02 5.9046197510e+02 5.9046997070e+02 5.9047802734e+02 5.9046801758e+02 5.9045898438e+02 5.9046697998e+02 5.9047802734e+02 5.9048498535e+02 5.9048797607e+02 5.9048498535e+02 5.9048101807e+02 5.9048498535e+02 5.9046801758e+02 5.9045501709e+02 5.9044897461e+02 5.9044897461e+02 5.9045098877e+02 5.9044500732e+02 5.9044799805e+02 5.9043597412e+02 5.9042999268e+02 5.9044097900e+02 5.9043597412e+02 5.9042999268e+02 5.9042401123e+02 5.9042199707e+02 5.9040502930e+02 5.9039300537e+02 5.9038500977e+02
