TESTSERVER/1/6.asc
NCOLS 100
NROWS 100
XLLCORNER 7.5497500000e+03
YLLCORNER 2.8965025000e+05
CELLSIZE 5.0000000000e-01
NODATA_VALUE -9.9990000000e+03
[rows 0 to 19 of 100, columns 0 to 45 of 100]
5.9144500732e+02 5.9147497559e+02 5.9153198242e+02 5.9159802246e+02 5.9167797852e+02 5.9175701904e+02 5.9182501221e+02 5.9190899658e+02 5.9199200439e+02 5.9207800293e+02 5.9216302490e+02 5.9225402832e+02 5.9234802246e+02 5.9243200684e+02 5.9249597168e+02 5.9256500244e+02 5.9265301514e+02 5.9273101807e+02 5.9279400635e+02 5.9288800049e+02 5.9298400879e+02 5.9306701660e+02 5.9314801025e+02 5.9323699951e+02 5.9332501221e+02 5.9341302490e+02 5.9349298096e+02 5.9354901123e+02 5.9362799072e+02 5.9370202637e+02 5.9378497314e+02 5.9387597656e+02 5.9393798828e+02 5.9400701904e+02 5.9409997559e+02 5.9417498779e+02 5.9425097656e+02 5.9431799316e+02 5.9440197754e+02 5.9446899414e+02 5.9453100586e+02 5.9459100342e+02 5.9465802002e+02 5.9474102783e+02 5.9482098389e+02 5.9489398193e+02
5.9139300537e+02 5.9143902588e+02 5.9149597168e+02 5.9154901123e+02 5.9161297607e+02 5.9168200684e+02 5.9175000000e+02 5.9182397461e+02 5.9191198730e+02 5.9199798584e+02 5.9208197021e+02 5.9216998291e+02 5.9226300049e+02 5.9234100342e+02 5.9241302490e+02 5.9248901367e+02 5.9256097412e+02 5.9263299561e+02 5.9271398926e+02 5.9280200195e+02 5.9289599609e+02 5.9297601318e+02 5.9305297852e+02 5.9313500977e+02 5.9322100830e+02 5.9330798340e+02 5.9338397217e+02 5.9345098877e+02 5.9353100586e+02 5.9359600830e+02 5.9366802979e+02 5.9375299072e+02 5.9381896973e+02 5.9388098145e+02 5.9397802734e+02 5.9405999756e+02 5.9413397217e+02 5.9420898438e+02 5.9428601074e+02 5.9435797119e+02 5.9442797852e+02 5.9448400879e+02 5.9454101563e+02 5.9461102295e+02 5.9468298340e+02 5.9475701904e+02
5.9134301758e+02 5.9138897705e+02 5.9144000244e+02 5.9149102783e+02 5.9154101563e+02 5.9160601807e+02 5.9168298340e+02 5.9175299072e+02 5.9183697510e+02 5.9191998291e+02 5.9200598145e+02 5.9209497070e+02 5.9217797852e+02 5.9224798584e+02 5.9232098389e+02 5.9239599609e+02 5.9246801758e+02 5.9254797363e+02 5.9263397217e+02 5.9271899414e+02 5.9280603027e+02 5.9288299561e+02 5.9296398926e+02 5.9303601074e+02 5.9311999512e+02 5.9320300293e+02 5.9327801514e+02 5.9334997559e+02 5.9342199707e+02 5.9348199463e+02 5.9355603027e+02 5.9363201904e+02 5.9369897461e+02 5.9376501465e+02 5.9385998535e+02 5.9394201660e+02 5.9401800537e+02 5.9409698486e+02 5.9416699219e+02 5.9423999023e+02 5.9430700684e+02 5.9436700439e+02 5.9443499756e+02 5.9449902344e+02 5.9456201172e+02 5.9463500977e+02
5.9130297852e+02 5.9134802246e+02 5.9138800049e+02 5.9144097900e+02 5.9148797607e+02 5.9154498291e+02 5.9161798096e+02 5.9168499756e+02 5.9176202393e+02 5.9184100342e+02 5.9193499756e+02 5.9201898193e+02 5.9209100342e+02 5.9215899658e+02 5.9223901367e+02 5.9230902100e+02 5.9238500977e+02 5.9247198486e+02 5.9255297852e+02 5.9264001465e+02 5.9272302246e+02 5.9279602051e+02 5.9287500000e+02 5.9294000244e+02 5.9301898193e+02 5.9309698486e+02 5.9317401123e+02 5.9324597168e+02 5.9330999756e+02 5.9336700439e+02 5.9344598389e+02 5.9352301025e+02 5.9359100342e+02 5.9365997314e+02 5.9375000000e+02 5.9383300781e+02 5.9390502930e+02 5.9397698975e+02 5.9405102539e+02 5.9412500000e+02 5.9419000244e+02 5.9425500488e+02 5.9432897949e+02 5.9439300537e+02 5.9445599365e+02 5.9452899170e+02
5.9127600098e+02 5.9131701660e+02 5.9135601807e+02 5.9140698242e+02 5.9145397949e+02 5.9149597168e+02 5.9155700684e+02 5.9162298584e+02 5.9169396973e+02 5.9177197266e+02 5.9186102295e+02 5.9193597412e+02 5.9200201416e+02 5.9207397461e+02 5.9215802002e+02 5.9222900391e+02 5.9230401611e+02 5.9238598633e+02 5.9246398926e+02 5.9255401611e+02 5.9264099121e+02 5.9271301270e+02 5.9278302002e+02 5.9284002686e+02 5.9292102051e+02 5.9299902344e+02 5.9306298828e+02 5.9312402344e+02 5.9319897461e+02 5.9326599121e+02 5.9333697510e+02 5.9341302490e+02 5.9348400879e+02 5.9355700684e+02 5.9364599609e+02 5.9373999023e+02 5.9380902100e+02 5.9386499023e+02 5.9394201660e+02 5.9401702881e+02 5.9407598877e+02 5.9413598633e+02 5.9420697021e+02 5.9428497314e+02 5.9435900879e+02 5.9442700195e+02
5.9121899414e+02 5.9127099609e+02 5.9132202148e+02 5.9135198975e+02 5.9138800049e+02 5.9143499756e+02 5.9149102783e+02 5.9156201172e+02 5.9163299561e+02 5.9170697021e+02 5.9178802490e+02 5.9185998535e+02 5.9193103027e+02 5.9200299072e+02 5.9207897949e+02 5.9214599609e+02 5.9222497559e+02 5.9229699707e+02 5.9236602783e+02 5.9245800781e+02 5.9254699707e+02 5.9261798096e+02 5.9269299316e+02 5.9275000000e+02 5.9282800293e+02 5.9290301514e+02 5.9295898438e+02 5.9301599121e+02 5.9309497070e+02 5.9317199707e+02 5.9324597168e+02 5.9331597900e+02 5.9337402344e+02 5.9344500732e+02 5.9353900146e+02 5.9361999512e+02 5.9370202637e+02 5.9376397705e+02 5.9384497070e+02 5.9392102051e+02 5.9398297119e+02 5.9404199219e+02 5.9412200928e+02 5.9420001221e+02 5.9427099609e+02 5.9432501221e+02
5.9115802002e+02 5.9121301270e+02 5.9126702881e+02 5.9128002930e+02 5.9132098389e+02 5.9137902832e+02 5.9143103027e+02 5.9150897217e+02 5.9157598877e+02 5.9164898682e+02 5.9173400879e+02 5.9179998779e+02 5.9186999512e+02 5.9194097900e+02 5.9201000977e+02 5.9207098389e+02 5.9214398193e+02 5.9220898438e+02 5.9228198242e+02 5.9236700439e+02 5.9244299316e+02 5.9250897217e+02 5.9259600830e+02 5.9266302490e+02 5.9274298096e+02 5.9280999756e+02 5.9285998535e+02 5.9292199707e+02 5.9300201416e+02 5.9307501221e+02 5.9315600586e+02 5.9322900391e+02 5.9327801514e+02 5.9334197998e+02 5.9343103027e+02 5.9349597168e+02 5.9358099365e+02 5.9365899658e+02 5.9374298096e+02 5.9382098389e+02 5.9389398193e+02 5.9396002197e+02 5.9403302002e+02 5.9410400391e+02 5.9416601563e+02 5.9421697998e+02
5.9109802246e+02 5.9114501953e+02 5.9119396973e+02 5.9120397949e+02 5.9125799561e+02 5.9132501221e+02 5.9137701416e+02 5.9145697021e+02 5.9152502441e+02 5.9159997559e+02 5.9168402100e+02 5.9174401855e+02 5.9180999756e+02 5.9188201904e+02 5.9194799805e+02 5.9200500488e+02 5.9207800293e+02 5.9214697266e+02 5.9221899414e+02 5.9228997803e+02 5.9235900879e+02 5.9242199707e+02 5.9250201416e+02 5.9257598877e+02 5.9266198730e+02 5.9272198486e+02 5.9277099609e+02 5.9284002686e+02 5.9292102051e+02 5.9298400879e+02 5.9305902100e+02 5.9313000488e+02 5.9317797852e+02 5.9324298096e+02 5.9332897949e+02 5.9338897705e+02 5.9347601318e+02 5.9355603027e+02 5.9363299561e+02 5.9371197510e+02 5.9379498291e+02 5.9386700439e+02 5.9392602539e+02 5.9399200439e+02 5.9405102539e+02 5.9410498047e+02
5.9104302979e+02 5.9107702637e+02 5.9111102295e+02 5.9114099121e+02 5.9120098877e+02 5.9127001953e+02 5.9133502197e+02 5.9141998291e+02 5.9148797607e+02 5.9155297852e+02 5.9162097168e+02 5.9168298340e+02 5.9174902344e+02 5.9182598877e+02 5.9189898682e+02 5.9194598389e+02 5.9201000977e+02 5.9207897949e+02 5.9215002441e+02 5.9221801758e+02 5.9228601074e+02 5.9234997559e+02 5.9241699219e+02 5.9250299072e+02 5.9259197998e+02 5.9264398193e+02 5.9269396973e+02 5.9276098633e+02 5.9284100342e+02 5.9290698242e+02 5.9297100830e+02 5.9302502441e+02 5.9307501221e+02 5.9314099121e+02 5.9321899414e+02 5.9329998779e+02 5.9338702393e+02 5.9345397949e+02 5.9351202393e+02 5.9359600830e+02 5.9367999268e+02 5.9375097656e+02 5.9381298828e+02 5.9388702393e+02 5.9395202637e+02 5.9400701904e+02
5.9100201416e+02 5.9102899170e+02 5.9106896973e+02 5.9109802246e+02 5.9115600586e+02 5.9122900391e+02 5.9129302979e+02 5.9137402344e+02 5.9143499756e+02 5.9149200439e+02 5.9156597900e+02 5.9162701416e+02 5.9169598389e+02 5.9177197266e+02 5.9184497070e+02 5.9189300537e+02 5.9194500732e+02 5.9199798584e+02 5.9206500244e+02 5.9213897705e+02 5.9219598389e+02 5.9225598145e+02 5.9232800293e+02 5.9239898682e+02 5.9248699951e+02 5.9254602051e+02 5.9259997559e+02 5.9267297363e+02 5.9275598145e+02 5.9282397461e+02 5.9288201904e+02 5.9293701172e+02 5.9299499512e+02 5.9305401611e+02 5.9312097168e+02 5.9320397949e+02 5.9329498291e+02 5.9336297607e+02 5.9342297363e+02 5.9349499512e+02 5.9356896973e+02 5.9363098145e+02 5.9369598389e+02 5.9378198242e+02 5.9385699463e+02 5.9391601563e+02
5.9095898438e+02 5.9098602295e+02 5.9102899170e+02 5.9106201172e+02 5.9111798096e+02 5.9118902588e+02 5.9124700928e+02 5.9131896973e+02 5.9137799072e+02 5.9143597412e+02 5.9151501465e+02 5.9157202148e+02 5.9163702393e+02 5.9170501709e+02 5.9177697754e+02 5.9182897949e+02 5.9188201904e+02 5.9192401123e+02 5.9197601318e+02 5.9203900146e+02 5.9209899902e+02 5.9216699219e+02 5.9224298096e+02 5.9229797363e+02 5.9237402344e+02 5.9244000244e+02 5.9250097656e+02 5.9258398438e+02 5.9266900635e+02 5.9273498535e+02 5.9279400635e+02 5.9284997559e+02 5.9291400146e+02 5.9297497559e+02 5.9303900146e+02 5.9311297607e+02 5.9319598389e+02 5.9326300049e+02 5.9332897949e+02 5.9340399170e+02 5.9347302246e+02 5.9352301025e+02 5.9358197021e+02 5.9366497803e+02 5.9373999023e+02 5.9380603027e+02
5.9091998291e+02 5.9094799805e+02 5.9098602295e+02 5.9102099609e+02 5.9108099365e+02 5.9114697266e+02 5.9119799805e+02 5.9126300049e+02 5.9131896973e+02 5.9137597656e+02 5.9145397949e+02 5.9150402832e+02 5.9156597900e+02 5.9163098145e+02 5.9169000244e+02 5.9174597168e+02 5.9180700684e+02 5.9185198975e+02 5.9189898682e+02 5.9195300293e+02 5.9201202393e+02 5.9207897949e+02 5.9215100098e+02 5.9220800781e+02 5.9227801514e+02 5.9234600830e+02 5.9241497803e+02 5.9250000000e+02 5.9257897949e+02 5.9264202881e+02 5.9270397949e+02 5.9276300049e+02 5.9283197021e+02 5.9289697266e+02 5.9296002197e+02 5.9302600098e+02 5.9310400391e+02 5.9316699219e+02 5.9323199463e+02 5.9330297852e+02 5.9336901855e+02 5.9341900635e+02 5.9347698975e+02 5.9354699707e+02 5.9361700439e+02 5.9368701172e+02
5.9088598633e+02 5.9091699219e+02 5.9094702148e+02 5.9099102783e+02 5.9104797363e+02 5.9110498047e+02 5.9115399170e+02 5.9120300293e+02 5.9125201416e+02 5.9130798340e+02 5.9137500000e+02 5.9142797852e+02 5.9149902344e+02 5.9156896973e+02 5.9161102295e+02 5.9166998291e+02 5.9173400879e+02 5.9178399658e+02 5.9182897949e+02 5.9188800049e+02 5.9193902588e+02 5.9199700928e+02 5.9205499268e+02 5.9212298584e+02 5.9219702148e+02 5.9227001953e+02 5.9234002686e+02 5.9240502930e+02 5.9247698975e+02 5.9254302979e+02 5.9260400391e+02 5.9267199707e+02 5.9274102783e+02 5.9280999756e+02 5.9287902832e+02 5.9293402100e+02 5.9301000977e+02 5.9307702637e+02 5.9313299561e+02 5.9318902588e+02 5.9325598145e+02 5.9330999756e+02 5.9335797119e+02 5.9343298340e+02 5.9350598145e+02 5.9358300781e+02
5.9085101318e+02 5.9089001465e+02 5.9093200684e+02 5.9096697998e+02 5.9100402832e+02 5.9105902100e+02 5.9112402344e+02 5.9117102051e+02 5.9120300293e+02 5.9123901367e+02 5.9131201172e+02 5.9137402344e+02 5.9144598389e+02 5.9151800537e+02 5.9155603027e+02 5.9159997559e+02 5.9165899658e+02 5.9171002197e+02 5.9175201416e+02 5.9181201172e+02 5.9186199951e+02 5.9192199707e+02 5.9198498535e+02 5.9204797363e+02 5.9211602783e+02 5.9217901611e+02 5.9223602295e+02 5.9230499268e+02 5.9237597656e+02 5.9244500732e+02 5.9251898193e+02 5.9259100342e+02 5.9265802002e+02 5.9272302246e+02 5.9279302979e+02 5.9284997559e+02 5.9292199707e+02 5.9298797607e+02 5.9302801514e+02 5.9307800293e+02 5.9313897705e+02 5.9319000244e+02 5.9324401855e+02 5.9333099365e+02 5.9340698242e+02 5.9347900391e+02
5.9081402588e+02 5.9085498047e+02 5.9090197754e+02 5.9094000244e+02 5.9097802734e+02 5.9102600098e+02 5.9109301758e+02 5.9114099121e+02 5.9116802979e+02 5.9119598389e+02 5.9126202393e+02 5.9132000732e+02 5.9139099121e+02 5.9146502686e+02 5.9150701904e+02 5.9154302979e+02 5.9159802246e+02 5.9164398193e+02 5.9168597412e+02 5.9173797607e+02 5.9178399658e+02 5.9184399414e+02 5.9191497803e+02 5.9197497559e+02 5.9203302002e+02 5.9208197021e+02 5.9214099121e+02 5.9221398926e+02 5.9228601074e+02 5.9235498047e+02 5.9243103027e+02 5.9250701904e+02 5.9257397461e+02 5.9263000488e+02 5.9268597412e+02 5.9275000000e+02 5.9282598877e+02 5.9289801025e+02 5.9293402100e+02 5.9298199463e+02 5.9303302002e+02 5.9307702637e+02 5.9313201904e+02 5.9321899414e+02 5.9329302979e+02 5.9336401367e+02
5.9077899170e+02 5.9082202148e+02 5.9086499023e+02 5.9090802002e+02 5.9095800781e+02 5.9100598145e+02 5.9105102539e+02 5.9108898926e+02 5.9112097168e+02 5.9115600586e+02 5.9121801758e+02 5.9126800537e+02 5.9133300781e+02 5.9140301514e+02 5.9145001221e+02 5.9149200439e+02 5.9153802490e+02 5.9157598877e+02 5.9161602783e+02 5.9166101074e+02 5.9170397949e+02 5.9176300049e+02 5.9183801270e+02 5.9189898682e+02 5.9195098877e+02 5.9199597168e+02 5.9206201172e+02 5.9212799072e+02 5.9219598389e+02 5.9226397705e+02 5.9233398438e+02 5.9240502930e+02 5.9246997070e+02 5.9252600098e+02 5.9258599854e+02 5.9264300537e+02 5.9270898438e+02 5.9278302002e+02 5.9284002686e+02 5.9289300537e+02 5.9294201660e+02 5.9298297119e+02 5.9303198242e+02 5.9309698486e+02 5.9316601563e+02 5.9324200439e+02
5.9076000977e+02 5.9080603027e+02 5.9083898926e+02 5.9087402344e+02 5.9092797852e+02 5.9097698975e+02 5.9100402832e+02 5.9103698730e+02 5.9106799316e+02 5.9110601807e+02 5.9116601563e+02 5.9122399902e+02 5.9127801514e+02 5.9133197021e+02 5.9136499023e+02 5.9141101074e+02 5.9145397949e+02 5.9149298096e+02 5.9154498291e+02 5.9158801270e+02 5.9162902832e+02 5.9168103027e+02 5.9175201416e+02 5.9181097412e+02 5.9186700439e+02 5.9191802979e+02 5.9196899414e+02 5.9204101563e+02 5.9210900879e+02 5.9218200684e+02 5.9225402832e+02 5.9231201172e+02 5.9236297607e+02 5.9242102051e+02 5.9249700928e+02 5.9254199219e+02 5.9260400391e+02 5.9267102051e+02 5.9273498535e+02 5.9278698730e+02 5.9283398438e+02 5.9288702393e+02 5.9295599365e+02 5.9300500488e+02 5.9306500244e+02 5.9313500977e+02
5.9073602295e+02 5.9078698730e+02 5.9083099365e+02 5.9086102295e+02 5.9089599609e+02 5.9092199707e+02 5.9094702148e+02 5.9098602295e+02 5.9102197266e+02 5.9106597900e+02 5.9112097168e+02 5.9115899658e+02 5.9120800781e+02 5.9125897217e+02 5.9128399658e+02 5.9133300781e+02 5.9138702393e+02 5.9142700195e+02 5.9147497559e+02 5.9152502441e+02 5.9155999756e+02 5.9160302734e+02 5.9167602539e+02 5.9173400879e+02 5.9178802490e+02 5.9183801270e+02 5.9188201904e+02 5.9195098877e+02 5.9202197266e+02 5.9209002686e+02 5.9215802002e+02 5.9221600342e+02 5.9226800537e+02 5.9232397461e+02 5.9239001465e+02 5.9244201660e+02 5.9250598145e+02 5.9255999756e+02 5.9261401367e+02 5.9266497803e+02 5.9271697998e+02 5.9277398682e+02 5.9284100342e+02 5.9291400146e+02 5.9297900391e+02 5.9303900146e+02
5.9072302246e+02 5.9077502441e+02 5.9081701660e+02 5.9083197021e+02 5.9084997559e+02 5.9087402344e+02 5.9091101074e+02 5.9095098877e+02 5.9098797607e+02 5.9102600098e+02 5.9106402588e+02 5.9109301758e+02 5.9113800049e+02 5.9118597412e+02 5.9121197510e+02 5.9126202393e+02 5.9131201172e+02 5.9134698486e+02 5.9139202881e+02 5.9145001221e+02 5.9149298096e+02 5.9153698730e+02 5.9160302734e+02 5.9165399170e+02 5.9171099854e+02 5.9176599121e+02 5.9181402588e+02 5.9187902832e+02 5.9195098877e+02 5.9201098633e+02 5.9206799316e+02 5.9211401367e+02 5.9216699219e+02 5.9221997070e+02 5.9226702881e+02 5.9232000732e+02 5.9238201904e+02 5.9243499756e+02 5.9248797607e+02 5.9253698730e+02 5.9259197998e+02 5.9265399170e+02 5.9271899414e+02 5.9279302979e+02 5.9285601807e+02 5.9292401123e+02
5.9071301270e+02 5.9076397705e+02 5.9080297852e+02 5.9080603027e+02 5.9081402588e+02 5.9084100342e+02 5.9088897705e+02 5.9092401123e+02 5.9095898438e+02 5.9098901367e+02 5.9101599121e+02 5.9104998779e+02 5.9109100342e+02 5.9113201904e+02 5.9115899658e+02 5.9119299316e+02 5.9122698975e+02 5.9125799561e+02 5.9130499268e+02 5.9136499023e+02 5.9141601563e+02 5.9146801758e+02 5.9153002930e+02 5.9157501221e+02 5.9163397217e+02 5.9169396973e+02 5.9174499512e+02 5.9180798340e+02 5.9188000488e+02 5.9193499756e+02 5.9198699951e+02 5.9202099609e+02 5.9206597900e+02 5.9211499023e+02 5.9215698242e+02 5.9220697021e+02 5.9226800537e+02 5.9232299805e+02 5.9237298584e+02 5.9242700195e+02 5.9248199463e+02 5.9254400635e+02 5.9260601807e+02 5.9268103027e+02 5.9273999023e+02 5.9280999756e+02
