TESTSERVER/1/7.asc
NCOLS 100
NROWS 100
XLLCORNER 7.5497500000e+03
YLLCORNER 2.8960025000e+05
CELLSIZE 5.0000000000e-01
NODATA_VALUE -9.9990000000e+03
[rows 80 to 99 of 100, columns 0 to 45 of 100]
5.8312298584e+02 5.8316998291e+02 5.8320800781e+02 5.8326202393e+02 5.8332000732e+02 5.8336499023e+02 5.8340600586e+02 5.8347698975e+02 5.8353002930e+02 5.8358001709e+02 5.8363800049e+02 5.8371801758e+02 5.8377502441e+02 5.8382800293e+02 5.8389099121e+02 5.8398498535e+02 5.8406500244e+02 5.8414501953e+02 5.8421502686e+02 5.8428302002e+02 5.8434997559e+02 5.8441198730e+02 5.8445599365e+02 5.8453698730e+02 5.8461700439e+02 5.8467498779e+02 5.8471002197e+02 5.8477600098e+02 5.8483502197e+02 5.8488098145e+02 5.8493798828e+02 5.8498297119e+02 5.8503302002e+02 5.8508801270e+02 5.8513598633e+02 5.8519201660e+02 5.8525500488e+02 5.8531402588e+02 5.8535699463e+02 5.8542401123e+02 5.8549401855e+02 5.8555999756e+02 5.8563397217e+02 5.8570501709e+02 5.8578399658e+02 5.8586700439e+02
5.8303802490e+02 5.8307897949e+02 5.8312701416e+02 5.8317700195e+02 5.8323297119e+02 5.8327697754e+02 5.8331701660e+02 5.8337902832e+02 5.8342700195e+02 5.8347900391e+02 5.8352899170e+02 5.8358898926e+02 5.8365100098e+02 5.8371398926e+02 5.8377301025e+02 5.8384698486e+02 5.8392901611e+02 5.8401098633e+02 5.8408197021e+02 5.8415802002e+02 5.8422601318e+02 5.8429998779e+02 5.8437097168e+02 5.8444396973e+02 5.8451800537e+02 5.8457397461e+02 5.8461297607e+02 5.8467797852e+02 5.8473498535e+02 5.8477801514e+02 5.8482098389e+02 5.8486401367e+02 5.8492901611e+02 5.8499499512e+02 5.8503302002e+02 5.8508898926e+02 5.8515100098e+02 5.8519897461e+02 5.8524298096e+02 5.8530999756e+02 5.8537097168e+02 5.8542700195e+02 5.8548699951e+02 5.8555499268e+02 5.8563598633e+02 5.8572497559e+02
5.8294897461e+02 5.8298699951e+02 5.8303997803e+02 5.8308197021e+02 5.8313800049e+02 5.8319201660e+02 5.8323297119e+02 5.8328802490e+02 5.8333197021e+02 5.8338897705e+02 5.8343597412e+02 5.8348400879e+02 5.8354199219e+02 5.8360498047e+02 5.8366302490e+02 5.8373101807e+02 5.8381097412e+02 5.8388702393e+02 5.8395501709e+02 5.8403002930e+02 5.8409600830e+02 5.8417901611e+02 5.8426000977e+02 5.8432299805e+02 5.8439001465e+02 5.8445397949e+02 5.8451202393e+02 5.8457800293e+02 5.8463201904e+02 5.8466998291e+02 5.8470098877e+02 5.8473699951e+02 5.8479797363e+02 5.8486700439e+02 5.8491302490e+02 5.8497497559e+02 5.8503698730e+02 5.8508599854e+02 5.8513702393e+02 5.8519299316e+02 5.8524401855e+02 5.8529998779e+02 5.8535797119e+02 5.8541699219e+02 5.8549401855e+02 5.8557202148e+02
5.8288299561e+02 5.8291900635e+02 5.8296801758e+02 5.8299700928e+02 5.8304602051e+02 5.8310198975e+02 5.8314599609e+02 5.8320599365e+02 5.8324902344e+02 5.8330297852e+02 5.8335400391e+02 5.8340197754e+02 5.8345098877e+02 5.8350201416e+02 5.8356500244e+02 5.8362799072e+02 5.8369500732e+02 5.8376300049e+02 5.8382800293e+02 5.8389398193e+02 5.8395501709e+02 5.8403497314e+02 5.8410699463e+02 5.8417199707e+02 5.8424102783e+02 5.8431097412e+02 5.8438500977e+02 5.8445599365e+02 5.8451397705e+02 5.8455401611e+02 5.8458001709e+02 5.8461999512e+02 5.8467297363e+02 5.8473400879e+02 5.8478601074e+02 5.8484399414e+02 5.8490600586e+02 5.8496398926e+02 5.8501202393e+02 5.8506402588e+02 5.8511901855e+02 5.8518200684e+02 5.8524597168e+02 5.8529602051e+02 5.8536102295e+02 5.8542602539e+02
5.8283300781e+02 5.8286999512e+02 5.8291400146e+02 5.8294702148e+02 5.8298602295e+02 5.8302398682e+02 5.8304901123e+02 5.8311700439e+02 5.8315997314e+02 5.8321197510e+02 5.8326397705e+02 5.8332299805e+02 5.8336798096e+02 5.8341302490e+02 5.8346502686e+02 5.8350897217e+02 5.8357501221e+02 5.8364801025e+02 5.8369799805e+02 5.8374597168e+02 5.8381097412e+02 5.8388598633e+02 5.8394799805e+02 5.8402001953e+02 5.8409399414e+02 5.8416497803e+02 5.8422802734e+02 5.8430499268e+02 5.8437298584e+02 5.8442602539e+02 5.8446301270e+02 5.8451501465e+02 5.8456799316e+02 5.8461999512e+02 5.8466601563e+02 5.8472601318e+02 5.8477398682e+02 5.8482098389e+02 5.8486199951e+02 5.8492797852e+02 5.8499200439e+02 5.8505401611e+02 5.8510797119e+02 5.8516198730e+02 5.8523400879e+02 5.8530798340e+02
5.8276800537e+02 5.8280102539e+02 5.8284100342e+02 5.8288201904e+02 5.8292498779e+02 5.8296197510e+02 5.8298901367e+02 5.8303997803e+02 5.8307501221e+02 5.8312097168e+02 5.8317797852e+02 5.8322698975e+02 5.8327502441e+02 5.8332299805e+02 5.8336901855e+02 5.8340502930e+02 5.8346899414e+02 5.8353601074e+02 5.8357501221e+02 5.8362298584e+02 5.8369000244e+02 5.8375500488e+02 5.8381201172e+02 5.8387902832e+02 5.8395501709e+02 5.8402301025e+02 5.8408398438e+02 5.8416101074e+02 5.8422302246e+02 5.8427600098e+02 5.8433300781e+02 5.8439202881e+02 5.8444598389e+02 5.8449902344e+02 5.8455200195e+02 5.8461700439e+02 5.8465600586e+02 5.8469500732e+02 5.8474200439e+02 5.8480401611e+02 5.8485797119e+02 5.8490899658e+02 5.8497302246e+02 5.8503601074e+02 5.8510498047e+02 5.8517901611e+02
5.8269799805e+02 5.8272698975e+02 5.8276501465e+02 5.8279699707e+02 5.8284197998e+02 5.8288800049e+02 5.8292102051e+02 5.8296899414e+02 5.8300402832e+02 5.8304400635e+02 5.8309600830e+02 5.8314099121e+02 5.8319097900e+02 5.8323797607e+02 5.8327600098e+02 5.8331500244e+02 5.8337701416e+02 5.8343298340e+02 5.8346301270e+02 5.8351898193e+02 5.8358502197e+02 5.8363598633e+02 5.8367999268e+02 5.8374597168e+02 5.8381799316e+02 5.8388500977e+02 5.8394799805e+02 5.8403100586e+02 5.8408801270e+02 5.8414099121e+02 5.8420697021e+02 5.8426098633e+02 5.8431701660e+02 5.8437200928e+02 5.8442901611e+02 5.8449401855e+02 5.8454199219e+02 5.8458898926e+02 5.8463800049e+02 5.8469396973e+02 5.8474401855e+02 5.8479199219e+02 5.8484997559e+02 5.8490600586e+02 5.8496600342e+02 5.8503198242e+02
5.8263800049e+02 5.8266497803e+02 5.8270599365e+02 5.8272497559e+02 5.8276898193e+02 5.8281799316e+02 5.8284698486e+02 5.8289599609e+02 5.8293701172e+02 5.8297601318e+02 5.8302398682e+02 5.8306097412e+02 5.8310302734e+02 5.8314697266e+02 5.8318597412e+02 5.8322399902e+02 5.8328497314e+02 5.8334197998e+02 5.8337500000e+02 5.8341998291e+02 5.8347302246e+02 5.8351702881e+02 5.8356500244e+02 5.8363201904e+02 5.8369897461e+02 5.8376000977e+02 5.8382098389e+02 5.8390399170e+02 5.8395898438e+02 5.8401501465e+02 5.8408197021e+02 5.8413000488e+02 5.8418902588e+02 5.8424798584e+02 5.8430401611e+02 5.8436297607e+02 5.8441900635e+02 5.8447698975e+02 5.8452899170e+02 5.8457800293e+02 5.8463000488e+02 5.8467999268e+02 5.8472802734e+02 5.8477502441e+02 5.8483300781e+02 5.8489202881e+02
5.8259399414e+02 5.8261700439e+02 5.8264898682e+02 5.8266302490e+02 5.8270397949e+02 5.8275299072e+02 5.8277697754e+02 5.8282501221e+02 5.8286602783e+02 5.8290502930e+02 5.8295599365e+02 5.8298101807e+02 5.8301501465e+02 5.8306097412e+02 5.8309997559e+02 5.8313897705e+02 5.8319799805e+02 5.8325701904e+02 5.8329797363e+02 5.8333099365e+02 5.8337597656e+02 5.8342700195e+02 5.8347198486e+02 5.8353198242e+02 5.8359399414e+02 5.8365698242e+02 5.8371899414e+02 5.8378601074e+02 5.8384301758e+02 5.8390197754e+02 5.8397198486e+02 5.8402197266e+02 5.8408801270e+02 5.8414099121e+02 5.8419897461e+02 5.8424798584e+02 5.8430297852e+02 5.8436102295e+02 5.8441900635e+02 5.8445697021e+02 5.8450799561e+02 5.8456097412e+02 5.8460400391e+02 5.8465698242e+02 5.8471099854e+02 5.8476599121e+02
5.8252899170e+02 5.8255798340e+02 5.8258898926e+02 5.8261901855e+02 5.8265698242e+02 5.8269500732e+02 5.8272198486e+02 5.8276800537e+02 5.8279998779e+02 5.8283599854e+02 5.8287701416e+02 5.8289898682e+02 5.8292901611e+02 5.8297399902e+02 5.8301599121e+02 5.8306097412e+02 5.8311199951e+02 5.8315698242e+02 5.8319500732e+02 5.8323901367e+02 5.8328002930e+02 5.8333502197e+02 5.8337902832e+02 5.8343701172e+02 5.8349102783e+02 5.8355499268e+02 5.8361499023e+02 5.8367199707e+02 5.8372399902e+02 5.8378802490e+02 5.8385101318e+02 5.8390399170e+02 5.8397497559e+02 5.8402600098e+02 5.8408197021e+02 5.8413397217e+02 5.8418798828e+02 5.8424798584e+02 5.8430401611e+02 5.8434802246e+02 5.8439599609e+02 5.8445001221e+02 5.8449798584e+02 5.8454498291e+02 5.8459197998e+02 5.8464501953e+02
5.8245898438e+02 5.8249102783e+02 5.8252899170e+02 5.8256201172e+02 5.8258697510e+02 5.8261602783e+02 5.8265399170e+02 5.8270001221e+02 5.8272900391e+02 5.8276098633e+02 5.8280200195e+02 5.8283300781e+02 5.8286499023e+02 5.8290600586e+02 5.8294299316e+02 5.8297802734e+02 5.8301599121e+02 5.8305401611e+02 5.8309002686e+02 5.8313000488e+02 5.8316998291e+02 5.8323699951e+02 5.8328302002e+02 5.8333697510e+02 5.8339202881e+02 5.8345501709e+02 5.8350799561e+02 5.8356701660e+02 5.8362200928e+02 5.8368103027e+02 5.8373602295e+02 5.8378997803e+02 5.8386297607e+02 5.8391802979e+02 5.8397302246e+02 5.8402502441e+02 5.8407897949e+02 5.8413800049e+02 5.8418597412e+02 5.8423901367e+02 5.8428497314e+02 5.8433801270e+02 5.8438800049e+02 5.8443402100e+02 5.8448199463e+02 5.8453198242e+02
5.8240197754e+02 5.8243103027e+02 5.8246997070e+02 5.8249902344e+02 5.8251702881e+02 5.8254498291e+02 5.8258502197e+02 5.8262500000e+02 5.8265197754e+02 5.8268701172e+02 5.8273297119e+02 5.8276599121e+02 5.8280102539e+02 5.8284399414e+02 5.8287298584e+02 5.8289501953e+02 5.8293402100e+02 5.8297601318e+02 5.8301098633e+02 5.8303900146e+02 5.8307098389e+02 5.8314202881e+02 5.8319500732e+02 5.8324499512e+02 5.8330401611e+02 5.8336401367e+02 5.8340899658e+02 5.8347302246e+02 5.8352899170e+02 5.8358197021e+02 5.8363702393e+02 5.8369000244e+02 5.8376397705e+02 5.8382299805e+02 5.8387597656e+02 5.8392401123e+02 5.8397497559e+02 5.8403198242e+02 5.8407800293e+02 5.8413201904e+02 5.8417797852e+02 5.8423101807e+02 5.8428002930e+02 5.8432501221e+02 5.8437097168e+02 5.8441900635e+02
5.8235400391e+02 5.8238000488e+02 5.8241101074e+02 5.8244097900e+02 5.8246398926e+02 5.8249597168e+02 5.8253399658e+02 5.8256500244e+02 5.8258697510e+02 5.8262402344e+02 5.8266998291e+02 5.8270800781e+02 5.8273797607e+02 5.8277502441e+02 5.8280102539e+02 5.8282897949e+02 5.8287500000e+02 5.8291802979e+02 5.8294097900e+02 5.8297698975e+02 5.8300897217e+02 5.8305798340e+02 5.8309997559e+02 5.8315100098e+02 5.8321301270e+02 5.8327197266e+02 5.8332800293e+02 5.8338201904e+02 5.8343499756e+02 5.8348797607e+02 5.8354901123e+02 5.8359002686e+02 5.8365600586e+02 5.8371600342e+02 5.8377398682e+02 5.8382397461e+02 5.8387500000e+02 5.8393103027e+02 5.8398297119e+02 5.8403002930e+02 5.8407202148e+02 5.8412298584e+02 5.8417901611e+02 5.8421997070e+02 5.8426202393e+02 5.8430401611e+02
5.8228900146e+02 5.8232299805e+02 5.8235198975e+02 5.8237402344e+02 5.8240502930e+02 5.8243902588e+02 5.8247198486e+02 5.8250897217e+02 5.8253100586e+02 5.8255798340e+02 5.8260601807e+02 5.8264801025e+02 5.8267102051e+02 5.8270501709e+02 5.8273999023e+02 5.8276800537e+02 5.8281201172e+02 5.8285302734e+02 5.8286901855e+02 5.8290502930e+02 5.8294396973e+02 5.8299700928e+02 5.8302801514e+02 5.8306597900e+02 5.8311499023e+02 5.8316497803e+02 5.8320800781e+02 5.8327801514e+02 5.8333599854e+02 5.8338397217e+02 5.8344299316e+02 5.8348797607e+02 5.8354797363e+02 5.8360498047e+02 5.8367498779e+02 5.8373498535e+02 5.8378198242e+02 5.8382702637e+02 5.8387799072e+02 5.8393298340e+02 5.8396899414e+02 5.8401501465e+02 5.8407000732e+02 5.8411499023e+02 5.8416198730e+02 5.8420202637e+02
5.8222302246e+02 5.8226202393e+02 5.8228900146e+02 5.8231298828e+02 5.8234698486e+02 5.8238000488e+02 5.8241198730e+02 5.8244598389e+02 5.8246997070e+02 5.8250097656e+02 5.8255200195e+02 5.8258599854e+02 5.8260302734e+02 5.8263299561e+02 5.8266601563e+02 5.8269299316e+02 5.8273498535e+02 5.8277801514e+02 5.8280200195e+02 5.8283502197e+02 5.8286700439e+02 5.8291699219e+02 5.8295800781e+02 5.8300097656e+02 5.8304797363e+02 5.8309301758e+02 5.8310797119e+02 5.8317700195e+02 5.8324200439e+02 5.8329199219e+02 5.8334899902e+02 5.8339599609e+02 5.8344897461e+02 5.8350097656e+02 5.8356896973e+02 5.8363299561e+02 5.8368701172e+02 5.8373901367e+02 5.8378302002e+02 5.8383599854e+02 5.8388000488e+02 5.8392498779e+02 5.8396398926e+02 5.8400500488e+02 5.8405700684e+02 5.8409600830e+02
5.8214501953e+02 5.8218499756e+02 5.8221502686e+02 5.8224597168e+02 5.8228698730e+02 5.8232299805e+02 5.8236102295e+02 5.8239202881e+02 5.8241601563e+02 5.8245098877e+02 5.8249700928e+02 5.8252001953e+02 5.8253802490e+02 5.8257098389e+02 5.8260302734e+02 5.8262097168e+02 5.8265502930e+02 5.8270001221e+02 5.8273901367e+02 5.8278002930e+02 5.8280401611e+02 5.8283898926e+02 5.8288299561e+02 5.8292700195e+02 5.8297399902e+02 5.8302301025e+02 5.8303802490e+02 5.8309600830e+02 5.8315100098e+02 5.8320098877e+02 5.8325799561e+02 5.8331097412e+02 5.8336199951e+02 5.8340600586e+02 5.8345898438e+02 5.8351098633e+02 5.8357000732e+02 5.8363397217e+02 5.8368200684e+02 5.8373498535e+02 5.8378698730e+02 5.8383599854e+02 5.8386798096e+02 5.8390399170e+02 5.8395098877e+02 5.8399597168e+02
5.8206500244e+02 5.8210498047e+02 5.8213000488e+02 5.8216101074e+02 5.8220697021e+02 5.8225299072e+02 5.8228601074e+02 5.8233300781e+02 5.8235998535e+02 5.8239001465e+02 5.8242999268e+02 5.8245300293e+02 5.8247399902e+02 5.8251098633e+02 5.8255102539e+02 5.8257299805e+02 5.8260900879e+02 5.8264697266e+02 5.8267401123e+02 5.8270800781e+02 5.8273602295e+02 5.8276800537e+02 5.8280499268e+02 5.8285302734e+02 5.8288897705e+02 5.8293298340e+02 5.8297302246e+02 5.8302001953e+02 5.8306701660e+02 5.8311297607e+02 5.8316302490e+02 5.8322802734e+02 5.8328698730e+02 5.8332897949e+02 5.8336798096e+02 5.8341400146e+02 5.8346502686e+02 5.8352301025e+02 5.8357202148e+02 5.8362799072e+02 5.8368103027e+02 5.8373901367e+02 5.8379199219e+02 5.8382501221e+02 5.8386297607e+02 5.8390399170e+02
5.8197998047e+02 5.8201501465e+02 5.8203997803e+02 5.8208697510e+02 5.8213299561e+02 5.8217602539e+02 5.8220800781e+02 5.8225299072e+02 5.8228399658e+02 5.8231701660e+02 5.8236901855e+02 5.8239697266e+02 5.8241302490e+02 5.8243798828e+02 5.8247399902e+02 5.8250598145e+02 5.8255297852e+02 5.8259100342e+02 5.8261199951e+02 5.8264001465e+02 5.8266302490e+02 5.8270300293e+02 5.8273199463e+02 5.8277502441e+02 5.8281597900e+02 5.8286297607e+02 5.8290197754e+02 5.8295300293e+02 5.8300598145e+02 5.8305401611e+02 5.8309497070e+02 5.8313800049e+02 5.8318902588e+02 5.8324298096e+02 5.8329602051e+02 5.8333001709e+02 5.8337298584e+02 5.8342498779e+02 5.8347302246e+02 5.8352001953e+02 5.8357098389e+02 5.8362799072e+02 5.8368103027e+02 5.8372601318e+02 5.8376800537e+02 5.8380603027e+02
5.8189202881e+02 5.8192999268e+02 5.8195397949e+02 5.8200000000e+02 5.8205102539e+02 5.8209997559e+02 5.8214099121e+02 5.8218499756e+02 5.8221801758e+02 5.8225201416e+02 5.8229901123e+02 5.8233502197e+02 5.8235998535e+02 5.8238397217e+02 5.8240997314e+02 5.8244799805e+02 5.8249401855e+02 5.8252899170e+02 5.8255200195e+02 5.8258599854e+02 5.8260699463e+02 5.8264599609e+02 5.8267297363e+02 5.8270202637e+02 5.8274298096e+02 5.8279302979e+02 5.8283099365e+02 5.8288397217e+02 5.8293200684e+02 5.8297302246e+02 5.8301501465e+02 5.8305902100e+02 5.8310699463e+02 5.8315899658e+02 5.8321997070e+02 5.8325201416e+02 5.8329400635e+02 5.8334399414e+02 5.8338598633e+02 5.8342602539e+02 5.8347302246e+02 5.8352398682e+02 5.8357098389e+02 5.8361798096e+02 5.8366101074e+02 5.8370300293e+02
5.8178698730e+02 5.8183001709e+02 5.8186297607e+02 5.8190502930e+02 5.8195898438e+02 5.8201800537e+02 5.8207202148e+02 5.8211401367e+02 5.8215301514e+02 5.8219299316e+02 5.8223101807e+02 5.8227197266e+02 5.8230499268e+02 5.8233001709e+02 5.8235601807e+02 5.8240100098e+02 5.8243701172e+02 5.8246301270e+02 5.8248498535e+02 5.8252099609e+02 5.8254797363e+02 5.8259100342e+02 5.8261999512e+02 5.8264300537e+02 5.8267901611e+02 5.8272100830e+02 5.8275201416e+02 5.8280499268e+02 5.8284997559e+02 5.8288702393e+02 5.8293701172e+02 5.8299200439e+02 5.8303698730e+02 5.8308398438e+02 5.8314697266e+02 5.8317999268e+02 5.8321801758e+02 5.8326300049e+02 5.8330297852e+02 5.8334197998e+02 5.8339099121e+02 5.8344000244e+02 5.8347900391e+02 5.8351501465e+02 5.8355700684e+02 5.8360198975e+02
