TESTSERVER/1/8.asc
NCOLS 100
NROWS 100
XLLCORNER 7.5497500000e+03
YLLCORNER 2.8955025000e+05
CELLSIZE 5.0000000000e-01
NODATA_VALUE -9.9990000000e+03
[rows 80 to 99 of 100, columns 0 to 45 of 100]
5.7197802734e+02 5.7209100342e+02 5.7227301025e+02 5.7236700439e+02 5.7245001221e+02 5.7253100586e+02 5.7260601807e+02 5.7271600342e+02 5.7279901123e+02 5.7288098145e+02 5.7296801758e+02 5.7301300049e+02 5.7305902100e+02 5.7309600830e+02 5.7312500000e+02 5.7314697266e+02 5.7314599609e+02 5.7312701416e+02 5.7308599854e+02 5.7300897217e+02 5.7304498291e+02 5.7312500000e+02 5.7327801514e+02 5.7341101074e+02 5.7361700439e+02 5.7379400635e+02 5.7391302490e+02 5.7398498535e+02 5.7404602051e+02 5.7411297607e+02 5.7419000244e+02 5.7431896973e+02 5.7446398926e+02 5.7461297607e+02 5.7475000000e+02 5.7491998291e+02 5.7505798340e+02 5.7515802002e+02 5.7521099854e+02 5.7526202393e+02 5.7531097412e+02 5.7536199951e+02 5.7542199707e+02 5.7548699951e+02 5.7555999756e+02 5.7563702393e+02
5.7207897949e+02 5.7215802002e+02 5.7224499512e+02 5.7232000732e+02 5.7238897705e+02 5.7245202637e+02 5.7253002930e+02 5.7262402344e+02 5.7270202637e+02 5.7278302002e+02 5.7286499023e+02 5.7291802979e+02 5.7296502686e+02 5.7300402832e+02 5.7302600098e+02 5.7302697754e+02 5.7302801514e+02 5.7302301025e+02 5.7295202637e+02 5.7289599609e+02 5.7292999268e+02 5.7299798584e+02 5.7311199951e+02 5.7326898193e+02 5.7341802979e+02 5.7356402588e+02 5.7371002197e+02 5.7383697510e+02 5.7391198730e+02 5.7397497559e+02 5.7404797363e+02 5.7414202881e+02 5.7425799561e+02 5.7437597656e+02 5.7452197266e+02 5.7473498535e+02 5.7489599609e+02 5.7501599121e+02 5.7508898926e+02 5.7515502930e+02 5.7522302246e+02 5.7528698730e+02 5.7535699463e+02 5.7542999268e+02 5.7549401855e+02 5.7556402588e+02
5.7207000732e+02 5.7214099121e+02 5.7221099854e+02 5.7227398682e+02 5.7233697510e+02 5.7239599609e+02 5.7245599365e+02 5.7253100586e+02 5.7260400391e+02 5.7268103027e+02 5.7276397705e+02 5.7282800293e+02 5.7287799072e+02 5.7291998291e+02 5.7293701172e+02 5.7292901611e+02 5.7292901611e+02 5.7291998291e+02 5.7285198975e+02 5.7279498291e+02 5.7282202148e+02 5.7288098145e+02 5.7299200439e+02 5.7313098145e+02 5.7325799561e+02 5.7338397217e+02 5.7353698730e+02 5.7368298340e+02 5.7376202393e+02 5.7382897949e+02 5.7391302490e+02 5.7400201416e+02 5.7409399414e+02 5.7418798828e+02 5.7431701660e+02 5.7452899170e+02 5.7470098877e+02 5.7483599854e+02 5.7493298340e+02 5.7502301025e+02 5.7510900879e+02 5.7518902588e+02 5.7526898193e+02 5.7534899902e+02 5.7541699219e+02 5.7548498535e+02
5.7204998779e+02 5.7211199951e+02 5.7216998291e+02 5.7222601318e+02 5.7228399658e+02 5.7233801270e+02 5.7238598633e+02 5.7244500732e+02 5.7251300049e+02 5.7258502197e+02 5.7266802979e+02 5.7273999023e+02 5.7279400635e+02 5.7283898926e+02 5.7285797119e+02 5.7284899902e+02 5.7284802246e+02 5.7283898926e+02 5.7278100586e+02 5.7273400879e+02 5.7275701904e+02 5.7280999756e+02 5.7291497803e+02 5.7303601074e+02 5.7314099121e+02 5.7324700928e+02 5.7339300537e+02 5.7353802490e+02 5.7360998535e+02 5.7367199707e+02 5.7372900391e+02 5.7379602051e+02 5.7389300537e+02 5.7400097656e+02 5.7413201904e+02 5.7431896973e+02 5.7448797607e+02 5.7463098145e+02 5.7475000000e+02 5.7486700439e+02 5.7497399902e+02 5.7507202148e+02 5.7515899658e+02 5.7524499512e+02 5.7531896973e+02 5.7539099121e+02
5.7201098633e+02 5.7206298828e+02 5.7211798096e+02 5.7217498779e+02 5.7222497559e+02 5.7227301025e+02 5.7230902100e+02 5.7236499023e+02 5.7242602539e+02 5.7249102783e+02 5.7257202148e+02 5.7265399170e+02 5.7271301270e+02 5.7276501465e+02 5.7279901123e+02 5.7279199219e+02 5.7279998779e+02 5.7279998779e+02 5.7280200195e+02 5.7275000000e+02 5.7277899170e+02 5.7282702637e+02 5.7294702148e+02 5.7301202393e+02 5.7309600830e+02 5.7317700195e+02 5.7333197021e+02 5.7342401123e+02 5.7346899414e+02 5.7350402832e+02 5.7349401855e+02 5.7351202393e+02 5.7362902832e+02 5.7377502441e+02 5.7392297363e+02 5.7410797119e+02 5.7427099609e+02 5.7441497803e+02 5.7453802490e+02 5.7468200684e+02 5.7480902100e+02 5.7492700195e+02 5.7503399658e+02 5.7513500977e+02 5.7520800781e+02 5.7528002930e+02
5.7196997070e+02 5.7201501465e+02 5.7206201172e+02 5.7210601807e+02 5.7215100098e+02 5.7219702148e+02 5.7224401855e+02 5.7229901123e+02 5.7235797119e+02 5.7242102051e+02 5.7249597168e+02 5.7256701660e+02 5.7262500000e+02 5.7267999268e+02 5.7271899414e+02 5.7273400879e+02 5.7275201416e+02 5.7276397705e+02 5.7275402832e+02 5.7276300049e+02 5.7280102539e+02 5.7284802246e+02 5.7291302490e+02 5.7299597168e+02 5.7306597900e+02 5.7312902832e+02 5.7322302246e+02 5.7330200195e+02 5.7332702637e+02 5.7334301758e+02 5.7331500244e+02 5.7333898926e+02 5.7343298340e+02 5.7355798340e+02 5.7370001221e+02 5.7387799072e+02 5.7404602051e+02 5.7420001221e+02 5.7434399414e+02 5.7449597168e+02 5.7464501953e+02 5.7478302002e+02 5.7491400146e+02 5.7502502441e+02 5.7509600830e+02 5.7516802979e+02
5.7192797852e+02 5.7196801758e+02 5.7200402832e+02 5.7204101563e+02 5.7208502197e+02 5.7213201904e+02 5.7218103027e+02 5.7223602295e+02 5.7229498291e+02 5.7235699463e+02 5.7242498779e+02 5.7248699951e+02 5.7254400635e+02 5.7259600830e+02 5.7264099121e+02 5.7266699219e+02 5.7268798828e+02 5.7270300293e+02 5.7270397949e+02 5.7272497559e+02 5.7276397705e+02 5.7281298828e+02 5.7287701416e+02 5.7294702148e+02 5.7300598145e+02 5.7305902100e+02 5.7312200928e+02 5.7316998291e+02 5.7318798828e+02 5.7319799805e+02 5.7316302490e+02 5.7317199707e+02 5.7325402832e+02 5.7336901855e+02 5.7350701904e+02 5.7367199707e+02 5.7383697510e+02 5.7399798584e+02 5.7415997314e+02 5.7433599854e+02 5.7450598145e+02 5.7465997314e+02 5.7479797363e+02 5.7491302490e+02 5.7499298096e+02 5.7507000732e+02
5.7188500977e+02 5.7191900635e+02 5.7194598389e+02 5.7197802734e+02 5.7202301025e+02 5.7207000732e+02 5.7212097168e+02 5.7217602539e+02 5.7223297119e+02 5.7229400635e+02 5.7235699463e+02 5.7241198730e+02 5.7246697998e+02 5.7251702881e+02 5.7256597900e+02 5.7260101318e+02 5.7262597656e+02 5.7264398193e+02 5.7265301514e+02 5.7268103027e+02 5.7272198486e+02 5.7277301025e+02 5.7283599854e+02 5.7289501953e+02 5.7294598389e+02 5.7298901367e+02 5.7302801514e+02 5.7305200195e+02 5.7306298828e+02 5.7306799316e+02 5.7303497314e+02 5.7303900146e+02 5.7311102295e+02 5.7321502686e+02 5.7334600830e+02 5.7349499512e+02 5.7365197754e+02 5.7381500244e+02 5.7399401855e+02 5.7419396973e+02 5.7438098145e+02 5.7454699707e+02 5.7468798828e+02 5.7480603027e+02 5.7489801025e+02 5.7498498535e+02
5.7183300781e+02 5.7186499023e+02 5.7188897705e+02 5.7191699219e+02 5.7195898438e+02 5.7200701904e+02 5.7206298828e+02 5.7211602783e+02 5.7216998291e+02 5.7222497559e+02 5.7227502441e+02 5.7234197998e+02 5.7239398193e+02 5.7244299316e+02 5.7249298096e+02 5.7253198242e+02 5.7256097412e+02 5.7258697510e+02 5.7260797119e+02 5.7263702393e+02 5.7267901611e+02 5.7272601318e+02 5.7278198242e+02 5.7284002686e+02 5.7288000488e+02 5.7291497803e+02 5.7293798828e+02 5.7294396973e+02 5.7294897461e+02 5.7295098877e+02 5.7293597412e+02 5.7294299316e+02 5.7300799561e+02 5.7310302734e+02 5.7323901367e+02 5.7334600830e+02 5.7348602295e+02 5.7365100098e+02 5.7384899902e+02 5.7407299805e+02 5.7427398682e+02 5.7444598389e+02 5.7458502197e+02 5.7470599365e+02 5.7480700684e+02 5.7490600586e+02
5.7179101563e+02 5.7181799316e+02 5.7183801270e+02 5.7185797119e+02 5.7188897705e+02 5.7193298340e+02 5.7199700928e+02 5.7205798340e+02 5.7211102295e+02 5.7216101074e+02 5.7221600342e+02 5.7227600098e+02 5.7232598877e+02 5.7237500000e+02 5.7242297363e+02 5.7245898438e+02 5.7249102783e+02 5.7252099609e+02 5.7254901123e+02 5.7258599854e+02 5.7262402344e+02 5.7266302490e+02 5.7271197510e+02 5.7275897217e+02 5.7279101563e+02 5.7281701660e+02 5.7283898926e+02 5.7284399414e+02 5.7284802246e+02 5.7284899902e+02 5.7283502197e+02 5.7284899902e+02 5.7290698242e+02 5.7299298096e+02 5.7308502197e+02 5.7317797852e+02 5.7333801270e+02 5.7353802490e+02 5.7375799561e+02 5.7397497559e+02 5.7418103027e+02 5.7435101318e+02 5.7448400879e+02 5.7461798096e+02 5.7472497559e+02 5.7482598877e+02
5.7177001953e+02 5.7179302979e+02 5.7180200195e+02 5.7180798340e+02 5.7183300781e+02 5.7187200928e+02 5.7193902588e+02 5.7200598145e+02 5.7205902100e+02 5.7210998535e+02 5.7216302490e+02 5.7221801758e+02 5.7226501465e+02 5.7231201172e+02 5.7235797119e+02 5.7239501953e+02 5.7242901611e+02 5.7246002197e+02 5.7249200439e+02 5.7253002930e+02 5.7256402588e+02 5.7259899902e+02 5.7263897705e+02 5.7267401123e+02 5.7269897461e+02 5.7271899414e+02 5.7273400879e+02 5.7273699951e+02 5.7273901367e+02 5.7273699951e+02 5.7272497559e+02 5.7273901367e+02 5.7278802490e+02 5.7286297607e+02 5.7293902588e+02 5.7304998779e+02 5.7324298096e+02 5.7347497559e+02 5.7371197510e+02 5.7391497803e+02 5.7411199951e+02 5.7427301025e+02 5.7439599609e+02 5.7453002930e+02 5.7464300537e+02 5.7473999023e+02
5.7175500488e+02 5.7177301025e+02 5.7177502441e+02 5.7177197266e+02 5.7179101563e+02 5.7182501221e+02 5.7189001465e+02 5.7196099854e+02 5.7201501465e+02 5.7206597900e+02 5.7211798096e+02 5.7216601563e+02 5.7221099854e+02 5.7225500488e+02 5.7229901123e+02 5.7233697510e+02 5.7237200928e+02 5.7240399170e+02 5.7243798828e+02 5.7247302246e+02 5.7250402832e+02 5.7253497314e+02 5.7256500244e+02 5.7258801270e+02 5.7260601807e+02 5.7261999512e+02 5.7262597656e+02 5.7262597656e+02 5.7262402344e+02 5.7261999512e+02 5.7260797119e+02 5.7261999512e+02 5.7266101074e+02 5.7272698975e+02 5.7280499268e+02 5.7296002197e+02 5.7319000244e+02 5.7344897461e+02 5.7369702148e+02 5.7388598633e+02 5.7406500244e+02 5.7421002197e+02 5.7432202148e+02 5.7444299316e+02 5.7455401611e+02 5.7464898682e+02
5.7174102783e+02 5.7174597168e+02 5.7174798584e+02 5.7174700928e+02 5.7175799561e+02 5.7178497314e+02 5.7184301758e+02 5.7192498779e+02 5.7197998047e+02 5.7203100586e+02 5.7208099365e+02 5.7212298584e+02 5.7216400146e+02 5.7220397949e+02 5.7224298096e+02 5.7228601074e+02 5.7232098389e+02 5.7235302734e+02 5.7238500977e+02 5.7241497803e+02 5.7243798828e+02 5.7245800781e+02 5.7247100830e+02 5.7249401855e+02 5.7249902344e+02 5.7249902344e+02 5.7247802734e+02 5.7249597168e+02 5.7249102783e+02 5.7248498535e+02 5.7242498779e+02 5.7242901611e+02 5.7247302246e+02 5.7256402588e+02 5.7270599365e+02 5.7290997314e+02 5.7317199707e+02 5.7344000244e+02 5.7366998291e+02 5.7385797119e+02 5.7402099609e+02 5.7414300537e+02 5.7423498535e+02 5.7434497070e+02 5.7445697021e+02 5.7455297852e+02
5.7171697998e+02 5.7171398926e+02 5.7172802734e+02 5.7173297119e+02 5.7174798584e+02 5.7177600098e+02 5.7183599854e+02 5.7190399170e+02 5.7195501709e+02 5.7200402832e+02 5.7205297852e+02 5.7209399414e+02 5.7213201904e+02 5.7216699219e+02 5.7220501709e+02 5.7224401855e+02 5.7227600098e+02 5.7230499268e+02 5.7233398438e+02 5.7235797119e+02 5.7237500000e+02 5.7238598633e+02 5.7239801025e+02 5.7240301514e+02 5.7239898682e+02 5.7239202881e+02 5.7238000488e+02 5.7236499023e+02 5.7234997559e+02 5.7233697510e+02 5.7227099609e+02 5.7218902588e+02 5.7222900391e+02 5.7234497070e+02 5.7255297852e+02 5.7286102295e+02 5.7314697266e+02 5.7339898682e+02 5.7360101318e+02 5.7380297852e+02 5.7395898438e+02 5.7405603027e+02 5.7414001465e+02 5.7424902344e+02 5.7436102295e+02 5.7445202637e+02
5.7169299316e+02 5.7169702148e+02 5.7171997070e+02 5.7173498535e+02 5.7175598145e+02 5.7178601074e+02 5.7183599854e+02 5.7189001465e+02 5.7193597412e+02 5.7198199463e+02 5.7202801514e+02 5.7206799316e+02 5.7210302734e+02 5.7213598633e+02 5.7216998291e+02 5.7220300293e+02 5.7223199463e+02 5.7225701904e+02 5.7228302002e+02 5.7230401611e+02 5.7231701660e+02 5.7232501221e+02 5.7232897949e+02 5.7232702637e+02 5.7232202148e+02 5.7231298828e+02 5.7229302979e+02 5.7226098633e+02 5.7223797607e+02 5.7221502686e+02 5.7213598633e+02 5.7203802490e+02 5.7206298828e+02 5.7216497803e+02 5.7238000488e+02 5.7275097656e+02 5.7307897949e+02 5.7335198975e+02 5.7353399658e+02 5.7369396973e+02 5.7383697510e+02 5.7394500732e+02 5.7405102539e+02 5.7416601563e+02 5.7426599121e+02 5.7435302734e+02
5.7166998291e+02 5.7168499756e+02 5.7171997070e+02 5.7174597168e+02 5.7177099609e+02 5.7180102539e+02 5.7184002686e+02 5.7188299561e+02 5.7192498779e+02 5.7196502686e+02 5.7200799561e+02 5.7204400635e+02 5.7207702637e+02 5.7210699463e+02 5.7213598633e+02 5.7216497803e+02 5.7218902588e+02 5.7221197510e+02 5.7223297119e+02 5.7225000000e+02 5.7226000977e+02 5.7226501465e+02 5.7226397705e+02 5.7225701904e+02 5.7225000000e+02 5.7224102783e+02 5.7221600342e+02 5.7217401123e+02 5.7214202881e+02 5.7210900879e+02 5.7202801514e+02 5.7192700195e+02 5.7193597412e+02 5.7202001953e+02 5.7218597412e+02 5.7253698730e+02 5.7291198730e+02 5.7324298096e+02 5.7346697998e+02 5.7358697510e+02 5.7371398926e+02 5.7383697510e+02 5.7396398926e+02 5.7407897949e+02 5.7417498779e+02 5.7426599121e+02
5.7163702393e+02 5.7166699219e+02 5.7172497559e+02 5.7176800537e+02 5.7179998779e+02 5.7182800293e+02 5.7185998535e+02 5.7188897705e+02 5.7192199707e+02 5.7195501709e+02 5.7198999023e+02 5.7202398682e+02 5.7205102539e+02 5.7207702637e+02 5.7209997559e+02 5.7212500000e+02 5.7214501953e+02 5.7216101074e+02 5.7217498779e+02 5.7219201660e+02 5.7219799805e+02 5.7220001221e+02 5.7219598389e+02 5.7219396973e+02 5.7218597412e+02 5.7217401123e+02 5.7215802002e+02 5.7211700439e+02 5.7207702637e+02 5.7203399658e+02 5.7198602295e+02 5.7188201904e+02 5.7185601807e+02 5.7188500977e+02 5.7194598389e+02 5.7225201416e+02 5.7263800049e+02 5.7305798340e+02 5.7338702393e+02 5.7351599121e+02 5.7362402344e+02 5.7374902344e+02 5.7388000488e+02 5.7397900391e+02 5.7408099365e+02 5.7418200684e+02
5.7160900879e+02 5.7166302490e+02 5.7173797607e+02 5.7179101563e+02 5.7182897949e+02 5.7185601807e+02 5.7187097168e+02 5.7189599609e+02 5.7192199707e+02 5.7194799805e+02 5.7197802734e+02 5.7200598145e+02 5.7202899170e+02 5.7205102539e+02 5.7207098389e+02 5.7208801270e+02 5.7210400391e+02 5.7211798096e+02 5.7213098145e+02 5.7213800049e+02 5.7214099121e+02 5.7214202881e+02 5.7214501953e+02 5.7214202881e+02 5.7213299561e+02 5.7211901855e+02 5.7210101318e+02 5.7207202148e+02 5.7203601074e+02 5.7199700928e+02 5.7193701172e+02 5.7186199951e+02 5.7182800293e+02 5.7183398438e+02 5.7188897705e+02 5.7207202148e+02 5.7245501709e+02 5.7293597412e+02 5.7329998779e+02 5.7346002197e+02 5.7355200195e+02 5.7366900635e+02 5.7379602051e+02 5.7389697266e+02 5.7399700928e+02 5.7409600830e+02
5.7159698486e+02 5.7166900635e+02 5.7175299072e+02 5.7180603027e+02 5.7184301758e+02 5.7186798096e+02 5.7187799072e+02 5.7189599609e+02 5.7191900635e+02 5.7194201660e+02 5.7196600342e+02 5.7198797607e+02 5.7200799561e+02 5.7202697754e+02 5.7204302979e+02 5.7205700684e+02 5.7207000732e+02 5.7208197021e+02 5.7209100342e+02 5.7209301758e+02 5.7209497070e+02 5.7209600830e+02 5.7209698486e+02 5.7209399414e+02 5.7208502197e+02 5.7207202148e+02 5.7205102539e+02 5.7202197266e+02 5.7199102783e+02 5.7195697021e+02 5.7190399170e+02 5.7186199951e+02 5.7186499023e+02 5.7190399170e+02 5.7193701172e+02 5.7209497070e+02 5.7252899170e+02 5.7300402832e+02 5.7328497314e+02 5.7340002441e+02 5.7348101807e+02 5.7359301758e+02 5.7371398926e+02 5.7381402588e+02 5.7391400146e+02 5.7401300049e+02
5.7159997559e+02 5.7168902588e+02 5.7177398682e+02 5.7182098389e+02 5.7185400391e+02 5.7187500000e+02 5.7188201904e+02 5.7189501953e+02 5.7191497803e+02 5.7193402100e+02 5.7195300293e+02 5.7196997070e+02 5.7198699951e+02 5.7200299072e+02 5.7201599121e+02 5.7202801514e+02 5.7203997803e+02 5.7204998779e+02 5.7205499268e+02 5.7205401611e+02 5.7205603027e+02 5.7205499268e+02 5.7205603027e+02 5.7205200195e+02 5.7204302979e+02 5.7203002930e+02 5.7200897217e+02 5.7198297119e+02 5.7195697021e+02 5.7192797852e+02 5.7188897705e+02 5.7190802002e+02 5.7196997070e+02 5.7206097412e+02 5.7214099121e+02 5.7233898926e+02 5.7273901367e+02 5.7309802246e+02 5.7323999023e+02 5.7331201172e+02 5.7340399170e+02 5.7352502441e+02 5.7363702393e+02 5.7373199463e+02 5.7383099365e+02 5.7393103027e+02
