TESTSERVER/1/8.asc
NCOLS 100
NROWS 100
XLLCORNER 7.5497500000e+03
YLLCORNER 2.8955025000e+05
CELLSIZE 5.0000000000e-01
NODATA_VALUE -9.9990000000e+03
[rows 20 to 39 of 100, columns 46 to 91 of 100]
5.8191900635e+02 5.8196600342e+02 5.8201202393e+02 5.8205200195e+02 5.8208599854e+02 5.8211999512e+02 5.8215698242e+02 5.8219702148e+02 5.8223297119e+02 5.8226800537e+02 5.8229699707e+02 5.8233197021e+02 5.8237500000e+02 5.8240899658e+02 5.8244598389e+02 5.8248199463e+02 5.8252197266e+02 5.8255499268e+02 5.8257897949e+02 5.8259997559e+02 5.8263201904e+02 5.8267297363e+02 5.8270397949e+02 5.8273101807e+02 5.8275299072e+02 5.8278900146e+02 5.8282299805e+02 5.8284802246e+02 5.8288201904e+02 5.8292901611e+02 5.8296600342e+02 5.8299902344e+02 5.8303198242e+02 5.8307202148e+02 5.8311901855e+02 5.8316101074e+02 5.8319702148e+02 5.8323797607e+02 5.8326599121e+02 5.8331402588e+02 5.8337200928e+02 5.8341802979e+02 5.8346099854e+02 5.8349499512e+02 5.8353198242e+02 5.8356201172e+02
5.8184802246e+02 5.8188702393e+02 5.8193499756e+02 5.8198101807e+02 5.8201599121e+02 5.8205297852e+02 5.8209497070e+02 5.8214001465e+02 5.8217901611e+02 5.8222198486e+02 5.8225897217e+02 5.8228802490e+02 5.8231597900e+02 5.8235498047e+02 5.8239099121e+02 5.8241998291e+02 5.8245202637e+02 5.8249401855e+02 5.8252600098e+02 5.8254602051e+02 5.8258599854e+02 5.8262402344e+02 5.8266302490e+02 5.8269702148e+02 5.8271697998e+02 5.8275598145e+02 5.8278802490e+02 5.8281402588e+02 5.8284301758e+02 5.8287597656e+02 5.8290399170e+02 5.8293701172e+02 5.8297698975e+02 5.8301501465e+02 5.8304901123e+02 5.8308697510e+02 5.8313201904e+02 5.8317199707e+02 5.8320001221e+02 5.8324401855e+02 5.8328698730e+02 5.8333197021e+02 5.8338000488e+02 5.8341998291e+02 5.8345898438e+02 5.8350201416e+02
5.8178399658e+02 5.8182202148e+02 5.8187500000e+02 5.8191699219e+02 5.8194598389e+02 5.8198699951e+02 5.8202801514e+02 5.8207000732e+02 5.8211102295e+02 5.8215502930e+02 5.8220300293e+02 5.8223999023e+02 5.8226300049e+02 5.8230297852e+02 5.8234100342e+02 5.8236999512e+02 5.8239697266e+02 5.8244299316e+02 5.8248101807e+02 5.8250897217e+02 5.8254498291e+02 5.8257202148e+02 5.8261401367e+02 5.8265002441e+02 5.8267297363e+02 5.8272302246e+02 5.8276300049e+02 5.8279302979e+02 5.8281201172e+02 5.8284197998e+02 5.8286798096e+02 5.8289801025e+02 5.8293597412e+02 5.8297100830e+02 5.8299499512e+02 5.8302301025e+02 5.8307098389e+02 5.8310900879e+02 5.8314099121e+02 5.8318298340e+02 5.8322399902e+02 5.8326599121e+02 5.8331201172e+02 5.8335198975e+02 5.8339599609e+02 5.8344201660e+02
5.8171899414e+02 5.8176397705e+02 5.8181201172e+02 5.8184997559e+02 5.8188702393e+02 5.8192797852e+02 5.8196099854e+02 5.8200097656e+02 5.8204498291e+02 5.8207501221e+02 5.8212402344e+02 5.8217297363e+02 5.8221099854e+02 5.8224798584e+02 5.8228997803e+02 5.8233197021e+02 5.8236602783e+02 5.8240399170e+02 5.8244000244e+02 5.8247302246e+02 5.8250402832e+02 5.8252301025e+02 5.8256298828e+02 5.8260400391e+02 5.8263299561e+02 5.8267700195e+02 5.8271899414e+02 5.8275097656e+02 5.8277197266e+02 5.8280999756e+02 5.8283898926e+02 5.8286798096e+02 5.8290100098e+02 5.8293298340e+02 5.8296002197e+02 5.8299102783e+02 5.8303100586e+02 5.8306298828e+02 5.8309301758e+02 5.8313397217e+02 5.8317199707e+02 5.8320898438e+02 5.8325299072e+02 5.8329602051e+02 5.8333898926e+02 5.8337902832e+02
5.8164898682e+02 5.8169702148e+02 5.8173699951e+02 5.8177801514e+02 5.8183001709e+02 5.8187097168e+02 5.8190502930e+02 5.8194598389e+02 5.8198797607e+02 5.8201202393e+02 5.8205798340e+02 5.8211199951e+02 5.8216601563e+02 5.8219897461e+02 5.8223699951e+02 5.8228601074e+02 5.8233300781e+02 5.8236798096e+02 5.8239398193e+02 5.8242102051e+02 5.8245599365e+02 5.8248297119e+02 5.8251501465e+02 5.8255902100e+02 5.8260498047e+02 5.8263500977e+02 5.8267602539e+02 5.8271600342e+02 5.8273797607e+02 5.8276702881e+02 5.8279602051e+02 5.8282702637e+02 5.8285699463e+02 5.8289697266e+02 5.8292797852e+02 5.8296301270e+02 5.8299102783e+02 5.8302697754e+02 5.8305798340e+02 5.8309197998e+02 5.8312200928e+02 5.8316101074e+02 5.8320501709e+02 5.8324798584e+02 5.8328802490e+02 5.8332501221e+02
5.8156799316e+02 5.8162097168e+02 5.8166302490e+02 5.8170397949e+02 5.8174597168e+02 5.8178997803e+02 5.8183001709e+02 5.8188201904e+02 5.8193200684e+02 5.8196002197e+02 5.8200201416e+02 5.8205200195e+02 5.8210302734e+02 5.8213598633e+02 5.8217199707e+02 5.8221398926e+02 5.8225500488e+02 5.8230499268e+02 5.8234698486e+02 5.8237799072e+02 5.8240899658e+02 5.8244500732e+02 5.8247900391e+02 5.8251501465e+02 5.8255999756e+02 5.8259399414e+02 5.8263702393e+02 5.8267999268e+02 5.8270599365e+02 5.8273297119e+02 5.8276202393e+02 5.8279199219e+02 5.8282098389e+02 5.8285101318e+02 5.8288500977e+02 5.8292297363e+02 5.8295202637e+02 5.8298498535e+02 5.8302502441e+02 5.8306201172e+02 5.8309497070e+02 5.8312200928e+02 5.8316198730e+02 5.8320397949e+02 5.8324401855e+02 5.8328302002e+02
5.8148199463e+02 5.8153302002e+02 5.8157897949e+02 5.8162402344e+02 5.8166900635e+02 5.8171600342e+02 5.8175299072e+02 5.8180401611e+02 5.8185900879e+02 5.8189599609e+02 5.8193902588e+02 5.8198999023e+02 5.8203802490e+02 5.8208300781e+02 5.8213000488e+02 5.8216900635e+02 5.8219799805e+02 5.8224298096e+02 5.8229498291e+02 5.8233599854e+02 5.8236499023e+02 5.8240802002e+02 5.8244500732e+02 5.8247900391e+02 5.8251397705e+02 5.8255499268e+02 5.8259899902e+02 5.8263598633e+02 5.8266699219e+02 5.8270001221e+02 5.8272900391e+02 5.8275799561e+02 5.8278601074e+02 5.8281097412e+02 5.8284497070e+02 5.8288201904e+02 5.8291802979e+02 5.8295599365e+02 5.8299200439e+02 5.8303399658e+02 5.8307202148e+02 5.8309197998e+02 5.8312597656e+02 5.8316497803e+02 5.8320300293e+02 5.8323901367e+02
5.8140197754e+02 5.8145098877e+02 5.8150000000e+02 5.8154901123e+02 5.8159399414e+02 5.8164202881e+02 5.8167797852e+02 5.8172698975e+02 5.8177697754e+02 5.8182000732e+02 5.8186999512e+02 5.8192498779e+02 5.8196997070e+02 5.8201898193e+02 5.8207598877e+02 5.8212500000e+02 5.8215502930e+02 5.8218798828e+02 5.8223901367e+02 5.8228497314e+02 5.8231701660e+02 5.8235998535e+02 5.8240502930e+02 5.8244097900e+02 5.8247198486e+02 5.8252001953e+02 5.8256701660e+02 5.8260198975e+02 5.8263500977e+02 5.8266699219e+02 5.8269598389e+02 5.8272497559e+02 5.8275097656e+02 5.8277197266e+02 5.8280401611e+02 5.8283898926e+02 5.8288098145e+02 5.8292102051e+02 5.8295800781e+02 5.8300299072e+02 5.8303601074e+02 5.8305902100e+02 5.8309301758e+02 5.8312902832e+02 5.8316699219e+02 5.8319897461e+02
5.8131597900e+02 5.8137097168e+02 5.8142401123e+02 5.8147698975e+02 5.8151599121e+02 5.8155700684e+02 5.8159997559e+02 5.8165301514e+02 5.8169598389e+02 5.8173901367e+02 5.8179498291e+02 5.8185400391e+02 5.8190100098e+02 5.8194000244e+02 5.8199700928e+02 5.8205603027e+02 5.8210699463e+02 5.8214001465e+02 5.8218402100e+02 5.8223199463e+02 5.8227197266e+02 5.8231201172e+02 5.8236102295e+02 5.8240197754e+02 5.8244201660e+02 5.8247900391e+02 5.8252502441e+02 5.8256597900e+02 5.8260699463e+02 5.8263702393e+02 5.8266400146e+02 5.8269299316e+02 5.8272302246e+02 5.8274700928e+02 5.8277197266e+02 5.8280200195e+02 5.8285400391e+02 5.8288397217e+02 5.8291699219e+02 5.8296099854e+02 5.8298699951e+02 5.8302001953e+02 5.8305999756e+02 5.8309399414e+02 5.8313000488e+02 5.8317401123e+02
5.8122601318e+02 5.8126098633e+02 5.8131201172e+02 5.8137402344e+02 5.8141601563e+02 5.8145697021e+02 5.8150402832e+02 5.8156500244e+02 5.8161700439e+02 5.8166497803e+02 5.8171801758e+02 5.8177398682e+02 5.8183099365e+02 5.8188098145e+02 5.8193402100e+02 5.8198101807e+02 5.8203198242e+02 5.8208099365e+02 5.8213201904e+02 5.8217901611e+02 5.8222100830e+02 5.8226300049e+02 5.8230499268e+02 5.8234399414e+02 5.8239001465e+02 5.8243200684e+02 5.8247399902e+02 5.8251098633e+02 5.8255499268e+02 5.8259997559e+02 5.8262799072e+02 5.8266198730e+02 5.8269396973e+02 5.8273400879e+02 5.8276098633e+02 5.8278601074e+02 5.8282702637e+02 5.8285900879e+02 5.8289001465e+02 5.8292901611e+02 5.8295300293e+02 5.8298498535e+02 5.8302301025e+02 5.8305603027e+02 5.8309802246e+02 5.8314300537e+02
5.8119702148e+02 5.8121899414e+02 5.8125201416e+02 5.8129602051e+02 5.8133001709e+02 5.8136297607e+02 5.8140698242e+02 5.8146197510e+02 5.8150799561e+02 5.8156500244e+02 5.8162200928e+02 5.8167797852e+02 5.8173901367e+02 5.8179901123e+02 5.8185400391e+02 5.8190502930e+02 5.8195397949e+02 5.8201000977e+02 5.8207000732e+02 5.8212097168e+02 5.8216998291e+02 5.8221502686e+02 5.8225201416e+02 5.8229400635e+02 5.8234100342e+02 5.8238299561e+02 5.8242700195e+02 5.8246697998e+02 5.8251000977e+02 5.8255200195e+02 5.8258398438e+02 5.8262298584e+02 5.8265502930e+02 5.8270001221e+02 5.8273498535e+02 5.8276300049e+02 5.8280102539e+02 5.8283801270e+02 5.8286401367e+02 5.8290100098e+02 5.8292700195e+02 5.8295300293e+02 5.8298297119e+02 5.8301800537e+02 5.8306896973e+02 5.8310998535e+02
5.8117901611e+02 5.8122198486e+02 5.8125299072e+02 5.8128198242e+02 5.8130902100e+02 5.8133898926e+02 5.8137597656e+02 5.8141400146e+02 5.8143298340e+02 5.8147100830e+02 5.8151898193e+02 5.8156896973e+02 5.8162799072e+02 5.8168103027e+02 5.8173797607e+02 5.8179400635e+02 5.8185400391e+02 5.8191497803e+02 5.8198297119e+02 5.8204400635e+02 5.8210302734e+02 5.8215100098e+02 5.8219097900e+02 5.8223699951e+02 5.8228497314e+02 5.8232598877e+02 5.8237200928e+02 5.8241998291e+02 5.8246801758e+02 5.8250799561e+02 5.8254302979e+02 5.8258099365e+02 5.8260998535e+02 5.8265399170e+02 5.8269097900e+02 5.8272399902e+02 5.8276800537e+02 5.8280700684e+02 5.8283502197e+02 5.8287402344e+02 5.8290301514e+02 5.8292999268e+02 5.8295501709e+02 5.8298699951e+02 5.8304101563e+02 5.8307397461e+02
5.8108697510e+02 5.8114801025e+02 5.8118902588e+02 5.8122601318e+02 5.8128100586e+02 5.8132800293e+02 5.8136401367e+02 5.8140197754e+02 5.8143902588e+02 5.8146197510e+02 5.8149597168e+02 5.8153198242e+02 5.8156799316e+02 5.8159899902e+02 5.8163598633e+02 5.8166998291e+02 5.8169702148e+02 5.8177197266e+02 5.8183801270e+02 5.8191302490e+02 5.8198999023e+02 5.8206298828e+02 5.8211798096e+02 5.8216400146e+02 5.8222100830e+02 5.8225897217e+02 5.8230297852e+02 5.8235198975e+02 5.8240600586e+02 5.8245098877e+02 5.8249798584e+02 5.8254199219e+02 5.8256097412e+02 5.8261199951e+02 5.8265100098e+02 5.8268402100e+02 5.8272497559e+02 5.8276702881e+02 5.8280499268e+02 5.8284600830e+02 5.8287597656e+02 5.8290698242e+02 5.8294000244e+02 5.8297198486e+02 5.8302301025e+02 5.8303698730e+02
5.8106402588e+02 5.8109997559e+02 5.8111999512e+02 5.8113897705e+02 5.8119598389e+02 5.8124499512e+02 5.8128497314e+02 5.8133099365e+02 5.8137597656e+02 5.8143103027e+02 5.8147698975e+02 5.8151898193e+02 5.8155499268e+02 5.8158801270e+02 5.8161901855e+02 5.8164001465e+02 5.8165698242e+02 5.8168902588e+02 5.8171801758e+02 5.8176501465e+02 5.8183898926e+02 5.8189001465e+02 5.8195202637e+02 5.8202001953e+02 5.8210400391e+02 5.8215301514e+02 5.8221197510e+02 5.8227600098e+02 5.8233099365e+02 5.8237902832e+02 5.8243499756e+02 5.8249401855e+02 5.8252801514e+02 5.8256799316e+02 5.8260198975e+02 5.8264001465e+02 5.8269000244e+02 5.8272802734e+02 5.8276898193e+02 5.8281097412e+02 5.8283197021e+02 5.8286798096e+02 5.8290997314e+02 5.8294799805e+02 5.8299200439e+02 5.8301599121e+02
5.8103002930e+02 5.8108398438e+02 5.8111297607e+02 5.8113098145e+02 5.8116400146e+02 5.8120300293e+02 5.8123602295e+02 5.8127197266e+02 5.8130700684e+02 5.8136199951e+02 5.8140802002e+02 5.8145599365e+02 5.8150701904e+02 5.8153802490e+02 5.8157397461e+02 5.8161102295e+02 5.8164300537e+02 5.8168798828e+02 5.8171997070e+02 5.8175897217e+02 5.8180603027e+02 5.8182598877e+02 5.8186199951e+02 5.8190802002e+02 5.8197302246e+02 5.8201501465e+02 5.8208197021e+02 5.8215502930e+02 5.8222100830e+02 5.8228399658e+02 5.8234802246e+02 5.8242102051e+02 5.8246801758e+02 5.8251098633e+02 5.8254602051e+02 5.8257897949e+02 5.8263098145e+02 5.8267498779e+02 5.8272100830e+02 5.8276202393e+02 5.8278100586e+02 5.8282202148e+02 5.8286499023e+02 5.8290301514e+02 5.8294500732e+02 5.8298400879e+02
5.8089398193e+02 5.8097198486e+02 5.8103100586e+02 5.8106799316e+02 5.8109997559e+02 5.8115100098e+02 5.8119799805e+02 5.8125097656e+02 5.8129199219e+02 5.8134997559e+02 5.8138299561e+02 5.8142102051e+02 5.8146997070e+02 5.8148498535e+02 5.8151702881e+02 5.8156201172e+02 5.8160900879e+02 5.8165899658e+02 5.8170697021e+02 5.8175500488e+02 5.8180297852e+02 5.8184899902e+02 5.8189001465e+02 5.8191497803e+02 5.8192901611e+02 5.8195800781e+02 5.8200799561e+02 5.8205999756e+02 5.8211401367e+02 5.8216601563e+02 5.8222302246e+02 5.8229498291e+02 5.8236499023e+02 5.8242901611e+02 5.8247302246e+02 5.8250799561e+02 5.8255200195e+02 5.8260101318e+02 5.8265502930e+02 5.8270202637e+02 5.8272497559e+02 5.8277001953e+02 5.8281500244e+02 5.8285498047e+02 5.8289898682e+02 5.8293902588e+02
5.8070697021e+02 5.8077801514e+02 5.8084802246e+02 5.8089599609e+02 5.8093402100e+02 5.8099798584e+02 5.8106896973e+02 5.8115997314e+02 5.8123797607e+02 5.8131201172e+02 5.8135900879e+02 5.8140301514e+02 5.8145697021e+02 5.8148498535e+02 5.8152099609e+02 5.8155499268e+02 5.8159698486e+02 5.8161499023e+02 5.8164898682e+02 5.8168597412e+02 5.8172601318e+02 5.8179302979e+02 5.8186602783e+02 5.8191998291e+02 5.8195098877e+02 5.8199401855e+02 5.8203002930e+02 5.8205603027e+02 5.8209399414e+02 5.8211102295e+02 5.8214202881e+02 5.8218597412e+02 5.8223602295e+02 5.8229998779e+02 5.8235101318e+02 5.8241101074e+02 5.8247302246e+02 5.8251702881e+02 5.8257501221e+02 5.8263500977e+02 5.8267700195e+02 5.8271398926e+02 5.8276397705e+02 5.8281298828e+02 5.8286602783e+02 5.8290100098e+02
5.8056201172e+02 5.8061297607e+02 5.8067401123e+02 5.8072601318e+02 5.8077197266e+02 5.8082598877e+02 5.8088299561e+02 5.8096697998e+02 5.8106298828e+02 5.8115100098e+02 5.8122497559e+02 5.8129199219e+02 5.8135198975e+02 5.8141802979e+02 5.8148101807e+02 5.8152899170e+02 5.8157000732e+02 5.8160400391e+02 5.8164501953e+02 5.8168597412e+02 5.8171997070e+02 5.8175799561e+02 5.8182397461e+02 5.8188299561e+02 5.8193402100e+02 5.8198297119e+02 5.8201599121e+02 5.8204400635e+02 5.8208697510e+02 5.8211798096e+02 5.8214801025e+02 5.8218200684e+02 5.8221502686e+02 5.8224102783e+02 5.8227197266e+02 5.8232202148e+02 5.8238000488e+02 5.8243103027e+02 5.8248999023e+02 5.8255798340e+02 5.8261102295e+02 5.8266497803e+02 5.8271801758e+02 5.8276599121e+02 5.8281597900e+02 5.8285400391e+02
5.8044702148e+02 5.8049401855e+02 5.8054699707e+02 5.8060101318e+02 5.8065002441e+02 5.8069702148e+02 5.8073901367e+02 5.8079498291e+02 5.8087500000e+02 5.8094500732e+02 5.8101702881e+02 5.8109197998e+02 5.8116900635e+02 5.8124700928e+02 5.8132598877e+02 5.8139099121e+02 5.8144299316e+02 5.8149401855e+02 5.8156701660e+02 5.8164099121e+02 5.8170300293e+02 5.8176397705e+02 5.8182702637e+02 5.8188098145e+02 5.8192401123e+02 5.8196301270e+02 5.8198901367e+02 5.8201202393e+02 5.8205401611e+02 5.8208599854e+02 5.8212200928e+02 5.8216400146e+02 5.8220599365e+02 5.8223901367e+02 5.8226599121e+02 5.8229998779e+02 5.8233300781e+02 5.8237200928e+02 5.8242498779e+02 5.8248999023e+02 5.8254602051e+02 5.8259997559e+02 5.8265100098e+02 5.8270098877e+02 5.8275000000e+02 5.8279101563e+02
5.8036499023e+02 5.8040600586e+02 5.8045098877e+02 5.8050097656e+02 5.8055297852e+02 5.8061199951e+02 5.8065997314e+02 5.8070098877e+02 5.8075299072e+02 5.8080200195e+02 5.8085400391e+02 5.8092102051e+02 5.8099499512e+02 5.8106402588e+02 5.8114001465e+02 5.8120697021e+02 5.8126702881e+02 5.8132202148e+02 5.8140399170e+02 5.8148797607e+02 5.8156799316e+02 5.8165301514e+02 5.8173498535e+02 5.8180499268e+02 5.8186199951e+02 5.8191802979e+02 5.8196502686e+02 5.8199798584e+02 5.8202697754e+02 5.8204998779e+02 5.8208197021e+02 5.8212298584e+02 5.8216802979e+02 5.8220800781e+02 5.8224597168e+02 5.8228399658e+02 5.8231597900e+02 5.8235797119e+02 5.8240698242e+02 5.8246099854e+02 5.8250500488e+02 5.8254998779e+02 5.8259802246e+02 5.8264599609e+02 5.8268902588e+02 5.8273199463e+02
