TESTSERVER/1/9.asc
NCOLS 100
NROWS 100
XLLCORNER 7.5497500000e+03
YLLCORNER 2.8950025000e+05
CELLSIZE 5.0000000000e-01
NODATA_VALUE -9.9990000000e+03
[rows 60 to 79 of 100, columns 0 to 45 of 100]
5.6950000000e+02 5.6953497314e+02 5.6957202148e+02 5.6959497070e+02 5.6963500977e+02 5.6968499756e+02 5.6973901367e+02 5.6976599121e+02 5.6978698730e+02 5.6980902100e+02 5.6982202148e+02 5.6981402588e+02 5.6980102539e+02 5.6978802490e+02 5.6976202393e+02 5.6973101807e+02 5.6970501709e+02 5.6970098877e+02 5.6968103027e+02 5.6965399170e+02 5.6962902832e+02 5.6961999512e+02 5.6959698486e+02 5.6958502197e+02 5.6958398438e+02 5.6956500244e+02 5.6953198242e+02 5.6956896973e+02 5.6957098389e+02 5.6956701660e+02 5.6958099365e+02 5.6960601807e+02 5.6961297607e+02 5.6961700439e+02 5.6965100098e+02 5.6966400146e+02 5.6968597412e+02 5.6971398926e+02 5.6975000000e+02 5.6980297852e+02 5.6985797119e+02 5.6990997314e+02 5.6997802734e+02 5.7003399658e+02 5.7008398438e+02 5.7013299561e+02
5.6944000244e+02 5.6948498535e+02 5.6953399658e+02 5.6955902100e+02 5.6960302734e+02 5.6965301514e+02 5.6969897461e+02 5.6972998047e+02 5.6975299072e+02 5.6977398682e+02 5.6978900146e+02 5.6979498291e+02 5.6978802490e+02 5.6977197266e+02 5.6973602295e+02 5.6970599365e+02 5.6968200684e+02 5.6967999268e+02 5.6966198730e+02 5.6963299561e+02 5.6960498047e+02 5.6959301758e+02 5.6956896973e+02 5.6954699707e+02 5.6954302979e+02 5.6952398682e+02 5.6950799561e+02 5.6954400635e+02 5.6954602051e+02 5.6954901123e+02 5.6956097412e+02 5.6958099365e+02 5.6958001709e+02 5.6957800293e+02 5.6960900879e+02 5.6963598633e+02 5.6965301514e+02 5.6966900635e+02 5.6970501709e+02 5.6976098633e+02 5.6980603027e+02 5.6985699463e+02 5.6991900635e+02 5.6997601318e+02 5.7003002930e+02 5.7008398438e+02
5.6939202881e+02 5.6944201660e+02 5.6949298096e+02 5.6952600098e+02 5.6957702637e+02 5.6961999512e+02 5.6965802002e+02 5.6970098877e+02 5.6971997070e+02 5.6974298096e+02 5.6976202393e+02 5.6976800537e+02 5.6976397705e+02 5.6974700928e+02 5.6970898438e+02 5.6969299316e+02 5.6966998291e+02 5.6965502930e+02 5.6963800049e+02 5.6963299561e+02 5.6960302734e+02 5.6957299805e+02 5.6954998779e+02 5.6953900146e+02 5.6953198242e+02 5.6950897217e+02 5.6949499512e+02 5.6950701904e+02 5.6951000977e+02 5.6952001953e+02 5.6952600098e+02 5.6953802490e+02 5.6955401611e+02 5.6955902100e+02 5.6956298828e+02 5.6958599854e+02 5.6961901855e+02 5.6963397217e+02 5.6964898682e+02 5.6970202637e+02 5.6974700928e+02 5.6980297852e+02 5.6986102295e+02 5.6991497803e+02 5.6997302246e+02 5.7003997803e+02
5.6936798096e+02 5.6941699219e+02 5.6946899414e+02 5.6950000000e+02 5.6954602051e+02 5.6958898926e+02 5.6962298584e+02 5.6967498779e+02 5.6969299316e+02 5.6971398926e+02 5.6973901367e+02 5.6974298096e+02 5.6974401855e+02 5.6972698975e+02 5.6969000244e+02 5.6967797852e+02 5.6965698242e+02 5.6963000488e+02 5.6960900879e+02 5.6961798096e+02 5.6959301758e+02 5.6955700684e+02 5.6953002930e+02 5.6952301025e+02 5.6951501465e+02 5.6948999023e+02 5.6947399902e+02 5.6946801758e+02 5.6947497559e+02 5.6949298096e+02 5.6949102783e+02 5.6949200439e+02 5.6951098633e+02 5.6952301025e+02 5.6951800537e+02 5.6953198242e+02 5.6958001709e+02 5.6960498047e+02 5.6960900879e+02 5.6965698242e+02 5.6970501709e+02 5.6976202393e+02 5.6981597900e+02 5.6987200928e+02 5.6991998291e+02 5.6998498535e+02
5.6934100342e+02 5.6938800049e+02 5.6944799805e+02 5.6946997070e+02 5.6950201416e+02 5.6954901123e+02 5.6959197998e+02 5.6964898682e+02 5.6967297363e+02 5.6969000244e+02 5.6970001221e+02 5.6971697998e+02 5.6972100830e+02 5.6971600342e+02 5.6969299316e+02 5.6965899658e+02 5.6963000488e+02 5.6961297607e+02 5.6960601807e+02 5.6958697510e+02 5.6956298828e+02 5.6953399658e+02 5.6950500488e+02 5.6949200439e+02 5.6949700928e+02 5.6948400879e+02 5.6943701172e+02 5.6944097900e+02 5.6944299316e+02 5.6945397949e+02 5.6945501709e+02 5.6945898438e+02 5.6947302246e+02 5.6948400879e+02 5.6949499512e+02 5.6950097656e+02 5.6954602051e+02 5.6957702637e+02 5.6958801270e+02 5.6961999512e+02 5.6966900635e+02 5.6972198486e+02 5.6976898193e+02 5.6982702637e+02 5.6986901855e+02 5.6992901611e+02
5.6930499268e+02 5.6935699463e+02 5.6940600586e+02 5.6944201660e+02 5.6947900391e+02 5.6952502441e+02 5.6956896973e+02 5.6962097168e+02 5.6963800049e+02 5.6965197754e+02 5.6967102051e+02 5.6969299316e+02 5.6969299316e+02 5.6969702148e+02 5.6966998291e+02 5.6963000488e+02 5.6960198975e+02 5.6959002686e+02 5.6957397461e+02 5.6955798340e+02 5.6954797363e+02 5.6953198242e+02 5.6951397705e+02 5.6948699951e+02 5.6947802734e+02 5.6946600342e+02 5.6942498779e+02 5.6942901611e+02 5.6942199707e+02 5.6941497803e+02 5.6942498779e+02 5.6943499756e+02 5.6943499756e+02 5.6944396973e+02 5.6946502686e+02 5.6947399902e+02 5.6950500488e+02 5.6953900146e+02 5.6955999756e+02 5.6959899902e+02 5.6963598633e+02 5.6966601563e+02 5.6972100830e+02 5.6977801514e+02 5.6981097412e+02 5.6986602783e+02
5.6927197266e+02 5.6932000732e+02 5.6936798096e+02 5.6941497803e+02 5.6945800781e+02 5.6950500488e+02 5.6954400635e+02 5.6958502197e+02 5.6960400391e+02 5.6962097168e+02 5.6964099121e+02 5.6966198730e+02 5.6966497803e+02 5.6966998291e+02 5.6965100098e+02 5.6960998535e+02 5.6958898926e+02 5.6958001709e+02 5.6956201172e+02 5.6953900146e+02 5.6953198242e+02 5.6952001953e+02 5.6950299072e+02 5.6948602295e+02 5.6946697998e+02 5.6945001221e+02 5.6942700195e+02 5.6941302490e+02 5.6939801025e+02 5.6939398193e+02 5.6939898682e+02 5.6940997314e+02 5.6940997314e+02 5.6941302490e+02 5.6942797852e+02 5.6944702148e+02 5.6947198486e+02 5.6950201416e+02 5.6952301025e+02 5.6957202148e+02 5.6960699463e+02 5.6962402344e+02 5.6967199707e+02 5.6973297119e+02 5.6976501465e+02 5.6981896973e+02
5.6924401855e+02 5.6929101563e+02 5.6932702637e+02 5.6937500000e+02 5.6942498779e+02 5.6947302246e+02 5.6950799561e+02 5.6955200195e+02 5.6958197021e+02 5.6960198975e+02 5.6961700439e+02 5.6964398193e+02 5.6965399170e+02 5.6965802002e+02 5.6965002441e+02 5.6962097168e+02 5.6958801270e+02 5.6957397461e+02 5.6956298828e+02 5.6953002930e+02 5.6952099609e+02 5.6951202393e+02 5.6948797607e+02 5.6947802734e+02 5.6945697021e+02 5.6943103027e+02 5.6941497803e+02 5.6940600586e+02 5.6939099121e+02 5.6938800049e+02 5.6937500000e+02 5.6937701416e+02 5.6938299561e+02 5.6938299561e+02 5.6938598633e+02 5.6941302490e+02 5.6944702148e+02 5.6947497559e+02 5.6949200439e+02 5.6953497314e+02 5.6957299805e+02 5.6959698486e+02 5.6963201904e+02 5.6968298340e+02 5.6972497559e+02 5.6978399658e+02
5.6918200684e+02 5.6924798584e+02 5.6929602051e+02 5.6933599854e+02 5.6938702393e+02 5.6942901611e+02 5.6944897461e+02 5.6951501465e+02 5.6955902100e+02 5.6958898926e+02 5.6959301758e+02 5.6962097168e+02 5.6963598633e+02 5.6964300537e+02 5.6964398193e+02 5.6962097168e+02 5.6957897949e+02 5.6955798340e+02 5.6955798340e+02 5.6951501465e+02 5.6949401855e+02 5.6948901367e+02 5.6946502686e+02 5.6945098877e+02 5.6944799805e+02 5.6943701172e+02 5.6940899658e+02 5.6939501953e+02 5.6937701416e+02 5.6935400391e+02 5.6933300781e+02 5.6933898926e+02 5.6935900879e+02 5.6936999512e+02 5.6935797119e+02 5.6937799072e+02 5.6941400146e+02 5.6944201660e+02 5.6945098877e+02 5.6948999023e+02 5.6953997803e+02 5.6957897949e+02 5.6960198975e+02 5.6964697266e+02 5.6969598389e+02 5.6976098633e+02
5.6912902832e+02 5.6919897461e+02 5.6927001953e+02 5.6930603027e+02 5.6935198975e+02 5.6939398193e+02 5.6942700195e+02 5.6947900391e+02 5.6951599121e+02 5.6955102539e+02 5.6956799316e+02 5.6959197998e+02 5.6960998535e+02 5.6961499023e+02 5.6960900879e+02 5.6959197998e+02 5.6956597900e+02 5.6953997803e+02 5.6954199219e+02 5.6951397705e+02 5.6947100830e+02 5.6946301270e+02 5.6946002197e+02 5.6944299316e+02 5.6942999268e+02 5.6941400146e+02 5.6938897705e+02 5.6938299561e+02 5.6935601807e+02 5.6933599854e+02 5.6932702637e+02 5.6932000732e+02 5.6932800293e+02 5.6933697510e+02 5.6933099365e+02 5.6934698486e+02 5.6937597656e+02 5.6940502930e+02 5.6942498779e+02 5.6946398926e+02 5.6951501465e+02 5.6954602051e+02 5.6957501221e+02 5.6961901855e+02 5.6966101074e+02 5.6971899414e+02
5.6912402344e+02 5.6916400146e+02 5.6922497559e+02 5.6927600098e+02 5.6932800293e+02 5.6936700439e+02 5.6940997314e+02 5.6944396973e+02 5.6947601318e+02 5.6951800537e+02 5.6954797363e+02 5.6956597900e+02 5.6957800293e+02 5.6958502197e+02 5.6959301758e+02 5.6958502197e+02 5.6956701660e+02 5.6954400635e+02 5.6953100586e+02 5.6949902344e+02 5.6946801758e+02 5.6946197510e+02 5.6945300293e+02 5.6942797852e+02 5.6940997314e+02 5.6939001465e+02 5.6937298584e+02 5.6937701416e+02 5.6935101318e+02 5.6933197021e+02 5.6932098389e+02 5.6931201172e+02 5.6930297852e+02 5.6930499268e+02 5.6930999756e+02 5.6932800293e+02 5.6933898926e+02 5.6936199951e+02 5.6939001465e+02 5.6943200684e+02 5.6947698975e+02 5.6950201416e+02 5.6953802490e+02 5.6958697510e+02 5.6962298584e+02 5.6967199707e+02
5.6915899658e+02 5.6916900635e+02 5.6920098877e+02 5.6925201416e+02 5.6930999756e+02 5.6935101318e+02 5.6939801025e+02 5.6942901611e+02 5.6946502686e+02 5.6950201416e+02 5.6951702881e+02 5.6953802490e+02 5.6955401611e+02 5.6956597900e+02 5.6958300781e+02 5.6958197021e+02 5.6956500244e+02 5.6954400635e+02 5.6952398682e+02 5.6948400879e+02 5.6946697998e+02 5.6946197510e+02 5.6943298340e+02 5.6940997314e+02 5.6939697266e+02 5.6937500000e+02 5.6936401367e+02 5.6935101318e+02 5.6932800293e+02 5.6931500244e+02 5.6929901123e+02 5.6930102539e+02 5.6928302002e+02 5.6927197266e+02 5.6928802490e+02 5.6930700684e+02 5.6930999756e+02 5.6933099365e+02 5.6935101318e+02 5.6938800049e+02 5.6942700195e+02 5.6945001221e+02 5.6949401855e+02 5.6954797363e+02 5.6958398438e+02 5.6963000488e+02
5.6922497559e+02 5.6920300293e+02 5.6920001221e+02 5.6924597168e+02 5.6929699707e+02 5.6934197998e+02 5.6938201904e+02 5.6940899658e+02 5.6944799805e+02 5.6948498535e+02 5.6949597168e+02 5.6952502441e+02 5.6954901123e+02 5.6956701660e+02 5.6957000732e+02 5.6957397461e+02 5.6954699707e+02 5.6952099609e+02 5.6951098633e+02 5.6947399902e+02 5.6946099854e+02 5.6945001221e+02 5.6940600586e+02 5.6940399170e+02 5.6939300537e+02 5.6936401367e+02 5.6935400391e+02 5.6933599854e+02 5.6930999756e+02 5.6930200195e+02 5.6928002930e+02 5.6928399658e+02 5.6927001953e+02 5.6925000000e+02 5.6925701904e+02 5.6927398682e+02 5.6928601074e+02 5.6930700684e+02 5.6932800293e+02 5.6934802246e+02 5.6937701416e+02 5.6940600586e+02 5.6946099854e+02 5.6951300049e+02 5.6955499268e+02 5.6959802246e+02
5.6926599121e+02 5.6926599121e+02 5.6924597168e+02 5.6926599121e+02 5.6929498291e+02 5.6933197021e+02 5.6937500000e+02 5.6940802002e+02 5.6942498779e+02 5.6946002197e+02 5.6949200439e+02 5.6951202393e+02 5.6952697754e+02 5.6954602051e+02 5.6955999756e+02 5.6957000732e+02 5.6954699707e+02 5.6951397705e+02 5.6948602295e+02 5.6945898438e+02 5.6944299316e+02 5.6943103027e+02 5.6940197754e+02 5.6938702393e+02 5.6938299561e+02 5.6935900879e+02 5.6934497070e+02 5.6934197998e+02 5.6931402588e+02 5.6929901123e+02 5.6926800537e+02 5.6927099609e+02 5.6926898193e+02 5.6923901367e+02 5.6923199463e+02 5.6924902344e+02 5.6926202393e+02 5.6927899170e+02 5.6930902100e+02 5.6933300781e+02 5.6935601807e+02 5.6938598633e+02 5.6943103027e+02 5.6947802734e+02 5.6952502441e+02 5.6957098389e+02
5.6923101807e+02 5.6930603027e+02 5.6929699707e+02 5.6931097412e+02 5.6932800293e+02 5.6933898926e+02 5.6935900879e+02 5.6939501953e+02 5.6941699219e+02 5.6944799805e+02 5.6947900391e+02 5.6949798584e+02 5.6951300049e+02 5.6953399658e+02 5.6955401611e+02 5.6956298828e+02 5.6955401611e+02 5.6953198242e+02 5.6947100830e+02 5.6943597412e+02 5.6942498779e+02 5.6941601563e+02 5.6940002441e+02 5.6937097168e+02 5.6936401367e+02 5.6934497070e+02 5.6932598877e+02 5.6932897949e+02 5.6930700684e+02 5.6929101563e+02 5.6926300049e+02 5.6926397705e+02 5.6925097656e+02 5.6921997070e+02 5.6921997070e+02 5.6923400879e+02 5.6923999023e+02 5.6925701904e+02 5.6928399658e+02 5.6931298828e+02 5.6933599854e+02 5.6935900879e+02 5.6939697266e+02 5.6944799805e+02 5.6949401855e+02 5.6953997803e+02
5.6916101074e+02 5.6931097412e+02 5.6933300781e+02 5.6936199951e+02 5.6937799072e+02 5.6936499023e+02 5.6935601807e+02 5.6937200928e+02 5.6939801025e+02 5.6942797852e+02 5.6945501709e+02 5.6948101807e+02 5.6950299072e+02 5.6952398682e+02 5.6953900146e+02 5.6954901123e+02 5.6954797363e+02 5.6953198242e+02 5.6947399902e+02 5.6944201660e+02 5.6942102051e+02 5.6940698242e+02 5.6940002441e+02 5.6936602783e+02 5.6934399414e+02 5.6932501221e+02 5.6931500244e+02 5.6931097412e+02 5.6929699707e+02 5.6928100586e+02 5.6925097656e+02 5.6924298096e+02 5.6922399902e+02 5.6920898438e+02 5.6921099854e+02 5.6921600342e+02 5.6922302246e+02 5.6924499512e+02 5.6926702881e+02 5.6929400635e+02 5.6931799316e+02 5.6934002686e+02 5.6936999512e+02 5.6941802979e+02 5.6946398926e+02 5.6951000977e+02
5.6902197266e+02 5.6923901367e+02 5.6934600830e+02 5.6938702393e+02 5.6940802002e+02 5.6939300537e+02 5.6937799072e+02 5.6935797119e+02 5.6937097168e+02 5.6940502930e+02 5.6944201660e+02 5.6945800781e+02 5.6948199463e+02 5.6950701904e+02 5.6952697754e+02 5.6954602051e+02 5.6955102539e+02 5.6953399658e+02 5.6950201416e+02 5.6946197510e+02 5.6941302490e+02 5.6939801025e+02 5.6939599609e+02 5.6936499023e+02 5.6932800293e+02 5.6930102539e+02 5.6930200195e+02 5.6929101563e+02 5.6928302002e+02 5.6927001953e+02 5.6924401855e+02 5.6923297119e+02 5.6920898438e+02 5.6919799805e+02 5.6919097900e+02 5.6920001221e+02 5.6921002197e+02 5.6922198486e+02 5.6924597168e+02 5.6928601074e+02 5.6930401611e+02 5.6931701660e+02 5.6934802246e+02 5.6938598633e+02 5.6943402100e+02 5.6948199463e+02
5.6884497070e+02 5.6907000732e+02 5.6925897217e+02 5.6936901855e+02 5.6940997314e+02 5.6940997314e+02 5.6939099121e+02 5.6935498047e+02 5.6936199951e+02 5.6939697266e+02 5.6942498779e+02 5.6944299316e+02 5.6946697998e+02 5.6948901367e+02 5.6950598145e+02 5.6952697754e+02 5.6953900146e+02 5.6951501465e+02 5.6949401855e+02 5.6947100830e+02 5.6942199707e+02 5.6939801025e+02 5.6937500000e+02 5.6935302734e+02 5.6933300781e+02 5.6931298828e+02 5.6930499268e+02 5.6929101563e+02 5.6927398682e+02 5.6925897217e+02 5.6922497559e+02 5.6922698975e+02 5.6920898438e+02 5.6918200684e+02 5.6917102051e+02 5.6917401123e+02 5.6918597412e+02 5.6919702148e+02 5.6921801758e+02 5.6925598145e+02 5.6927801514e+02 5.6929400635e+02 5.6932299805e+02 5.6934997559e+02 5.6939801025e+02 5.6945098877e+02
5.6875500488e+02 5.6896997070e+02 5.6918597412e+02 5.6934698486e+02 5.6941400146e+02 5.6943798828e+02 5.6942401123e+02 5.6937298584e+02 5.6937200928e+02 5.6939599609e+02 5.6941302490e+02 5.6943798828e+02 5.6945898438e+02 5.6948101807e+02 5.6949902344e+02 5.6951300049e+02 5.6952197266e+02 5.6951202393e+02 5.6950799561e+02 5.6948999023e+02 5.6945098877e+02 5.6941400146e+02 5.6936999512e+02 5.6933801270e+02 5.6932702637e+02 5.6931201172e+02 5.6928601074e+02 5.6927301025e+02 5.6926599121e+02 5.6925799561e+02 5.6921600342e+02 5.6921301270e+02 5.6919799805e+02 5.6917102051e+02 5.6916101074e+02 5.6916302490e+02 5.6916198730e+02 5.6916302490e+02 5.6918402100e+02 5.6922302246e+02 5.6924902344e+02 5.6927197266e+02 5.6930603027e+02 5.6932598877e+02 5.6937500000e+02 5.6943200684e+02
5.6870800781e+02 5.6890899658e+02 5.6913098145e+02 5.6932501221e+02 5.6941900635e+02 5.6946997070e+02 5.6948101807e+02 5.6942498779e+02 5.6939099121e+02 5.6938201904e+02 5.6939599609e+02 5.6942297363e+02 5.6944000244e+02 5.6946002197e+02 5.6948797607e+02 5.6951000977e+02 5.6951000977e+02 5.6950500488e+02 5.6951397705e+02 5.6950201416e+02 5.6946600342e+02 5.6942901611e+02 5.6938598633e+02 5.6933300781e+02 5.6930902100e+02 5.6929101563e+02 5.6927301025e+02 5.6926000977e+02 5.6925097656e+02 5.6924597168e+02 5.6921301270e+02 5.6919097900e+02 5.6917199707e+02 5.6915698242e+02 5.6914501953e+02 5.6914801025e+02 5.6914501953e+02 5.6914001465e+02 5.6915502930e+02 5.6918798828e+02 5.6921997070e+02 5.6924597168e+02 5.6928601074e+02 5.6930200195e+02 5.6934399414e+02 5.6940100098e+02
