TESTSERVER/1/9.asc
NCOLS 100
NROWS 100
XLLCORNER 7.5497500000e+03
YLLCORNER 2.8950025000e+05
CELLSIZE 5.0000000000e-01
NODATA_VALUE -9.9990000000e+03
[rows 0 to 19 of 100, columns 0 to 45 of 100]
5.7161700439e+02 5.7172399902e+02 5.7180603027e+02 5.7184002686e+02 5.7186401367e+02 5.7187500000e+02 5.7188098145e+02 5.7189398193e+02 5.7190600586e+02 5.7191900635e+02 5.7192901611e+02 5.7195098877e+02 5.7196301270e+02 5.7197497559e+02 5.7198699951e+02 5.7200097656e+02 5.7201000977e+02 5.7201898193e+02 5.7202301025e+02 5.7202398682e+02 5.7202301025e+02 5.7202099609e+02 5.7201800537e+02 5.7201397705e+02 5.7200402832e+02 5.7199102783e+02 5.7196697998e+02 5.7193798828e+02 5.7191302490e+02 5.7189697266e+02 5.7187500000e+02 5.7198199463e+02 5.7213201904e+02 5.7229901123e+02 5.7247802734e+02 5.7267700195e+02 5.7290502930e+02 5.7307800293e+02 5.7315197754e+02 5.7323199463e+02 5.7334002686e+02 5.7345697021e+02 5.7355798340e+02 5.7365197754e+02 5.7375000000e+02 5.7384399414e+02
5.7162597656e+02 5.7176000977e+02 5.7183898926e+02 5.7186499023e+02 5.7187902832e+02 5.7188000488e+02 5.7187902832e+02 5.7188702393e+02 5.7189599609e+02 5.7190399170e+02 5.7191699219e+02 5.7192901611e+02 5.7193902588e+02 5.7195098877e+02 5.7196600342e+02 5.7197900391e+02 5.7198797607e+02 5.7199499512e+02 5.7200097656e+02 5.7200097656e+02 5.7200000000e+02 5.7199700928e+02 5.7199200439e+02 5.7198297119e+02 5.7197399902e+02 5.7196301270e+02 5.7193499756e+02 5.7189099121e+02 5.7187402344e+02 5.7187799072e+02 5.7190100098e+02 5.7202001953e+02 5.7219598389e+02 5.7240399170e+02 5.7259802246e+02 5.7275299072e+02 5.7288702393e+02 5.7301599121e+02 5.7309399414e+02 5.7317797852e+02 5.7328198242e+02 5.7339001465e+02 5.7348797607e+02 5.7358001709e+02 5.7367498779e+02 5.7376202393e+02
5.7165100098e+02 5.7178802490e+02 5.7185498047e+02 5.7187402344e+02 5.7188299561e+02 5.7188098145e+02 5.7187500000e+02 5.7188098145e+02 5.7188897705e+02 5.7189697266e+02 5.7190502930e+02 5.7191198730e+02 5.7192102051e+02 5.7193298340e+02 5.7194799805e+02 5.7196099854e+02 5.7196899414e+02 5.7197497559e+02 5.7197998047e+02 5.7197900391e+02 5.7197802734e+02 5.7197497559e+02 5.7196899414e+02 5.7195898438e+02 5.7195098877e+02 5.7194000244e+02 5.7191198730e+02 5.7187298584e+02 5.7186602783e+02 5.7188299561e+02 5.7192999268e+02 5.7206701660e+02 5.7223400879e+02 5.7242797852e+02 5.7261401367e+02 5.7273400879e+02 5.7284497070e+02 5.7296398926e+02 5.7304101563e+02 5.7312298584e+02 5.7321899414e+02 5.7332000732e+02 5.7341400146e+02 5.7350799561e+02 5.7359802246e+02 5.7367700195e+02
5.7169396973e+02 5.7179998779e+02 5.7184997559e+02 5.7186999512e+02 5.7187597656e+02 5.7187402344e+02 5.7186901855e+02 5.7187402344e+02 5.7188201904e+02 5.7189001465e+02 5.7189398193e+02 5.7189697266e+02 5.7190600586e+02 5.7191699219e+02 5.7193200684e+02 5.7194299316e+02 5.7195098877e+02 5.7195697021e+02 5.7196099854e+02 5.7196099854e+02 5.7195898438e+02 5.7195599365e+02 5.7194897461e+02 5.7194000244e+02 5.7193200684e+02 5.7192199707e+02 5.7189501953e+02 5.7186499023e+02 5.7186901855e+02 5.7189801025e+02 5.7196099854e+02 5.7211499023e+02 5.7227001953e+02 5.7242999268e+02 5.7258898926e+02 5.7270202637e+02 5.7280700684e+02 5.7291699219e+02 5.7298999023e+02 5.7307299805e+02 5.7316601563e+02 5.7326397705e+02 5.7334997559e+02 5.7343902588e+02 5.7352001953e+02 5.7359100342e+02
5.7174102783e+02 5.7178900146e+02 5.7181500244e+02 5.7184600830e+02 5.7185601807e+02 5.7185900879e+02 5.7186499023e+02 5.7187097168e+02 5.7187799072e+02 5.7188500977e+02 5.7189001465e+02 5.7189001465e+02 5.7189599609e+02 5.7190502930e+02 5.7191699219e+02 5.7192901611e+02 5.7193597412e+02 5.7194299316e+02 5.7194799805e+02 5.7194396973e+02 5.7194201660e+02 5.7193798828e+02 5.7193200684e+02 5.7192602539e+02 5.7191900635e+02 5.7191101074e+02 5.7189099121e+02 5.7186499023e+02 5.7187701416e+02 5.7191900635e+02 5.7200097656e+02 5.7214697266e+02 5.7229101563e+02 5.7242999268e+02 5.7257501221e+02 5.7267498779e+02 5.7277001953e+02 5.7286901855e+02 5.7294299316e+02 5.7302398682e+02 5.7312097168e+02 5.7321899414e+02 5.7329302979e+02 5.7337298584e+02 5.7344799805e+02 5.7351599121e+02
5.7175097656e+02 5.7176000977e+02 5.7177502441e+02 5.7180499268e+02 5.7182299805e+02 5.7183599854e+02 5.7184899902e+02 5.7186199951e+02 5.7187298584e+02 5.7188000488e+02 5.7188201904e+02 5.7188201904e+02 5.7188702393e+02 5.7189501953e+02 5.7190600586e+02 5.7191900635e+02 5.7192498779e+02 5.7192999268e+02 5.7193200684e+02 5.7192901611e+02 5.7192700195e+02 5.7192297363e+02 5.7191802979e+02 5.7191302490e+02 5.7190600586e+02 5.7189801025e+02 5.7187799072e+02 5.7186199951e+02 5.7188800049e+02 5.7194598389e+02 5.7203100586e+02 5.7214898682e+02 5.7227502441e+02 5.7241400146e+02 5.7255603027e+02 5.7264801025e+02 5.7273199463e+02 5.7282098389e+02 5.7289202881e+02 5.7297302246e+02 5.7306201172e+02 5.7315301514e+02 5.7322399902e+02 5.7330999756e+02 5.7339599609e+02 5.7346002197e+02
5.7173901367e+02 5.7175201416e+02 5.7176397705e+02 5.7178302002e+02 5.7179498291e+02 5.7180499268e+02 5.7182098389e+02 5.7183801270e+02 5.7185198975e+02 5.7186499023e+02 5.7187097168e+02 5.7187200928e+02 5.7187902832e+02 5.7188800049e+02 5.7189801025e+02 5.7190802002e+02 5.7191302490e+02 5.7191601563e+02 5.7191699219e+02 5.7191601563e+02 5.7191497803e+02 5.7191198730e+02 5.7190698242e+02 5.7190100098e+02 5.7189398193e+02 5.7188800049e+02 5.7186901855e+02 5.7186700439e+02 5.7190600586e+02 5.7197399902e+02 5.7205999756e+02 5.7215698242e+02 5.7226599121e+02 5.7238800049e+02 5.7251599121e+02 5.7260797119e+02 5.7269000244e+02 5.7278100586e+02 5.7285198975e+02 5.7292797852e+02 5.7300897217e+02 5.7309698486e+02 5.7317297363e+02 5.7326300049e+02 5.7334100342e+02 5.7339599609e+02
5.7171899414e+02 5.7175500488e+02 5.7176800537e+02 5.7177398682e+02 5.7177697754e+02 5.7177801514e+02 5.7178698730e+02 5.7180102539e+02 5.7181701660e+02 5.7183502197e+02 5.7185198975e+02 5.7185900879e+02 5.7186999512e+02 5.7188098145e+02 5.7189001465e+02 5.7189697266e+02 5.7190100098e+02 5.7190399170e+02 5.7190399170e+02 5.7190399170e+02 5.7190502930e+02 5.7190399170e+02 5.7189898682e+02 5.7189300537e+02 5.7188598633e+02 5.7188098145e+02 5.7186700439e+02 5.7187902832e+02 5.7192700195e+02 5.7200000000e+02 5.7208502197e+02 5.7217199707e+02 5.7227001953e+02 5.7237200928e+02 5.7247100830e+02 5.7255700684e+02 5.7264202881e+02 5.7273602295e+02 5.7281097412e+02 5.7288500977e+02 5.7296899414e+02 5.7305902100e+02 5.7313201904e+02 5.7321899414e+02 5.7329302979e+02 5.7334899902e+02
5.7169598389e+02 5.7174700928e+02 5.7175897217e+02 5.7175701904e+02 5.7176000977e+02 5.7176000977e+02 5.7175097656e+02 5.7175201416e+02 5.7176702881e+02 5.7179101563e+02 5.7182000732e+02 5.7184197998e+02 5.7185601807e+02 5.7187200928e+02 5.7188897705e+02 5.7189099121e+02 5.7189001465e+02 5.7188702393e+02 5.7188897705e+02 5.7189801025e+02 5.7190100098e+02 5.7190100098e+02 5.7189599609e+02 5.7188500977e+02 5.7187799072e+02 5.7187298584e+02 5.7187298584e+02 5.7189801025e+02 5.7194799805e+02 5.7201702881e+02 5.7209899902e+02 5.7216998291e+02 5.7226000977e+02 5.7235198975e+02 5.7242901611e+02 5.7251599121e+02 5.7260900879e+02 5.7270202637e+02 5.7277099609e+02 5.7284399414e+02 5.7293200684e+02 5.7302502441e+02 5.7309600830e+02 5.7316601563e+02 5.7323199463e+02 5.7329101563e+02
5.7164001465e+02 5.7168902588e+02 5.7170300293e+02 5.7170202637e+02 5.7171502686e+02 5.7172998047e+02 5.7173199463e+02 5.7173901367e+02 5.7175598145e+02 5.7177502441e+02 5.7178698730e+02 5.7179602051e+02 5.7182000732e+02 5.7185900879e+02 5.7189398193e+02 5.7189801025e+02 5.7189099121e+02 5.7188201904e+02 5.7188598633e+02 5.7189898682e+02 5.7190301514e+02 5.7190100098e+02 5.7189099121e+02 5.7187799072e+02 5.7187097168e+02 5.7186999512e+02 5.7187701416e+02 5.7191900635e+02 5.7197198486e+02 5.7203198242e+02 5.7209997559e+02 5.7215997314e+02 5.7223602295e+02 5.7231298828e+02 5.7239099121e+02 5.7248101807e+02 5.7257598877e+02 5.7266998291e+02 5.7273999023e+02 5.7281402588e+02 5.7289501953e+02 5.7298101807e+02 5.7306097412e+02 5.7312402344e+02 5.7319500732e+02 5.7325299072e+02
5.7154797363e+02 5.7159197998e+02 5.7163000488e+02 5.7164300537e+02 5.7166601563e+02 5.7170001221e+02 5.7172998047e+02 5.7174798584e+02 5.7175897217e+02 5.7176300049e+02 5.7175799561e+02 5.7175799561e+02 5.7178601074e+02 5.7183801270e+02 5.7188500977e+02 5.7189001465e+02 5.7188397217e+02 5.7187701416e+02 5.7188000488e+02 5.7189300537e+02 5.7190002441e+02 5.7189801025e+02 5.7188702393e+02 5.7187402344e+02 5.7186901855e+02 5.7187298584e+02 5.7188800049e+02 5.7193597412e+02 5.7198797607e+02 5.7203900146e+02 5.7209197998e+02 5.7215301514e+02 5.7222399902e+02 5.7229602051e+02 5.7237402344e+02 5.7245300293e+02 5.7253900146e+02 5.7263397217e+02 5.7271002197e+02 5.7278198242e+02 5.7286199951e+02 5.7294299316e+02 5.7301800537e+02 5.7308001709e+02 5.7315399170e+02 5.7320800781e+02
5.7145800781e+02 5.7149902344e+02 5.7156298828e+02 5.7158300781e+02 5.7161102295e+02 5.7165899658e+02 5.7171997070e+02 5.7174401855e+02 5.7174401855e+02 5.7173297119e+02 5.7172302246e+02 5.7172399902e+02 5.7175000000e+02 5.7179901123e+02 5.7184802246e+02 5.7185797119e+02 5.7185601807e+02 5.7185601807e+02 5.7186401367e+02 5.7188201904e+02 5.7189300537e+02 5.7189398193e+02 5.7188299561e+02 5.7187200928e+02 5.7186999512e+02 5.7187701416e+02 5.7189501953e+02 5.7193298340e+02 5.7197601318e+02 5.7202099609e+02 5.7206896973e+02 5.7213897705e+02 5.7221398926e+02 5.7228601074e+02 5.7236602783e+02 5.7244000244e+02 5.7252197266e+02 5.7261401367e+02 5.7268798828e+02 5.7275701904e+02 5.7283599854e+02 5.7290802002e+02 5.7297198486e+02 5.7303002930e+02 5.7309197998e+02 5.7314099121e+02
5.7138500977e+02 5.7142199707e+02 5.7149102783e+02 5.7152197266e+02 5.7154602051e+02 5.7159100342e+02 5.7165100098e+02 5.7169799805e+02 5.7169598389e+02 5.7168200684e+02 5.7167999268e+02 5.7169097900e+02 5.7170800781e+02 5.7173602295e+02 5.7177099609e+02 5.7179498291e+02 5.7180297852e+02 5.7181500244e+02 5.7183502197e+02 5.7186102295e+02 5.7187799072e+02 5.7188500977e+02 5.7188598633e+02 5.7186901855e+02 5.7186499023e+02 5.7187500000e+02 5.7190399170e+02 5.7191900635e+02 5.7194598389e+02 5.7198999023e+02 5.7204998779e+02 5.7212902832e+02 5.7220397949e+02 5.7228002930e+02 5.7235699463e+02 5.7243200684e+02 5.7250799561e+02 5.7258197021e+02 5.7265997314e+02 5.7273400879e+02 5.7280700684e+02 5.7286700439e+02 5.7291998291e+02 5.7299700928e+02 5.7305102539e+02 5.7309802246e+02
5.7132397461e+02 5.7135400391e+02 5.7140698242e+02 5.7145300293e+02 5.7148498535e+02 5.7151702881e+02 5.7155297852e+02 5.7159497070e+02 5.7161499023e+02 5.7162500000e+02 5.7163702393e+02 5.7166198730e+02 5.7168103027e+02 5.7169799805e+02 5.7172497559e+02 5.7174401855e+02 5.7176300049e+02 5.7178302002e+02 5.7180999756e+02 5.7183300781e+02 5.7184698486e+02 5.7185498047e+02 5.7186602783e+02 5.7187097168e+02 5.7186901855e+02 5.7187298584e+02 5.7189001465e+02 5.7190399170e+02 5.7192901611e+02 5.7197900391e+02 5.7204602051e+02 5.7212902832e+02 5.7220098877e+02 5.7228100586e+02 5.7235498047e+02 5.7242602539e+02 5.7248797607e+02 5.7255102539e+02 5.7262902832e+02 5.7271002197e+02 5.7277899170e+02 5.7283001709e+02 5.7287799072e+02 5.7295599365e+02 5.7302001953e+02 5.7307299805e+02
5.7124499512e+02 5.7127899170e+02 5.7132598877e+02 5.7137597656e+02 5.7141198730e+02 5.7143798828e+02 5.7146398926e+02 5.7149798584e+02 5.7152398682e+02 5.7154797363e+02 5.7157598877e+02 5.7161401367e+02 5.7164501953e+02 5.7167102051e+02 5.7169500732e+02 5.7171600342e+02 5.7173602295e+02 5.7175598145e+02 5.7178100586e+02 5.7179699707e+02 5.7180401611e+02 5.7181097412e+02 5.7183599854e+02 5.7187402344e+02 5.7188702393e+02 5.7188897705e+02 5.7189599609e+02 5.7190899658e+02 5.7193200684e+02 5.7197698975e+02 5.7204400635e+02 5.7212799072e+02 5.7219097900e+02 5.7226000977e+02 5.7233398438e+02 5.7239898682e+02 5.7245300293e+02 5.7252197266e+02 5.7259600830e+02 5.7267297363e+02 5.7273699951e+02 5.7278601074e+02 5.7284197998e+02 5.7291302490e+02 5.7296899414e+02 5.7302600098e+02
5.7116101074e+02 5.7120202637e+02 5.7124798584e+02 5.7129400635e+02 5.7133300781e+02 5.7136401367e+02 5.7139697266e+02 5.7142297363e+02 5.7144500732e+02 5.7147399902e+02 5.7151000977e+02 5.7155200195e+02 5.7159100342e+02 5.7162799072e+02 5.7166601563e+02 5.7169500732e+02 5.7171697998e+02 5.7173199463e+02 5.7175097656e+02 5.7176098633e+02 5.7176397705e+02 5.7177502441e+02 5.7181298828e+02 5.7186700439e+02 5.7189001465e+02 5.7189099121e+02 5.7189697266e+02 5.7190399170e+02 5.7191699219e+02 5.7195501709e+02 5.7202899170e+02 5.7211602783e+02 5.7217297363e+02 5.7222601318e+02 5.7229199219e+02 5.7234899902e+02 5.7240600586e+02 5.7248999023e+02 5.7255999756e+02 5.7262097168e+02 5.7268200684e+02 5.7273699951e+02 5.7280499268e+02 5.7288299561e+02 5.7293597412e+02 5.7299597168e+02
5.7108502197e+02 5.7112597656e+02 5.7116802979e+02 5.7120599365e+02 5.7123999023e+02 5.7127697754e+02 5.7132501221e+02 5.7136199951e+02 5.7138702393e+02 5.7142102051e+02 5.7147100830e+02 5.7149798584e+02 5.7152197266e+02 5.7155999756e+02 5.7163000488e+02 5.7167102051e+02 5.7169702148e+02 5.7170898438e+02 5.7171997070e+02 5.7173602295e+02 5.7174401855e+02 5.7176300049e+02 5.7181097412e+02 5.7185302734e+02 5.7186102295e+02 5.7186102295e+02 5.7186700439e+02 5.7186901855e+02 5.7187902832e+02 5.7192401123e+02 5.7199597168e+02 5.7206402588e+02 5.7213201904e+02 5.7219396973e+02 5.7225097656e+02 5.7231402588e+02 5.7236901855e+02 5.7244598389e+02 5.7251800537e+02 5.7257501221e+02 5.7263500977e+02 5.7270300293e+02 5.7276599121e+02 5.7284399414e+02 5.7291101074e+02 5.7297802734e+02
5.7100500488e+02 5.7104101563e+02 5.7108001709e+02 5.7111102295e+02 5.7114697266e+02 5.7118798828e+02 5.7123498535e+02 5.7128802490e+02 5.7132897949e+02 5.7136297607e+02 5.7140399170e+02 5.7144000244e+02 5.7145898438e+02 5.7148901367e+02 5.7155999756e+02 5.7160998535e+02 5.7164501953e+02 5.7166998291e+02 5.7168402100e+02 5.7170098877e+02 5.7170898438e+02 5.7173400879e+02 5.7179498291e+02 5.7181402588e+02 5.7181799316e+02 5.7183300781e+02 5.7183599854e+02 5.7184301758e+02 5.7185400391e+02 5.7189300537e+02 5.7194201660e+02 5.7200500488e+02 5.7208197021e+02 5.7214300537e+02 5.7219201660e+02 5.7226599121e+02 5.7233300781e+02 5.7240100098e+02 5.7246002197e+02 5.7251898193e+02 5.7257800293e+02 5.7265502930e+02 5.7272399902e+02 5.7280603027e+02 5.7287402344e+02 5.7294500732e+02
5.7093798828e+02 5.7096697998e+02 5.7101202393e+02 5.7104302979e+02 5.7107598877e+02 5.7111401367e+02 5.7114898682e+02 5.7120697021e+02 5.7125701904e+02 5.7128802490e+02 5.7132202148e+02 5.7136999512e+02 5.7140502930e+02 5.7144396973e+02 5.7149798584e+02 5.7153698730e+02 5.7157501221e+02 5.7160797119e+02 5.7162500000e+02 5.7165399170e+02 5.7167700195e+02 5.7170202637e+02 5.7173699951e+02 5.7175598145e+02 5.7177801514e+02 5.7179797363e+02 5.7179302979e+02 5.7180999756e+02 5.7182299805e+02 5.7185601807e+02 5.7190002441e+02 5.7196099854e+02 5.7202801514e+02 5.7207897949e+02 5.7212597656e+02 5.7220599365e+02 5.7227899170e+02 5.7234002686e+02 5.7238800049e+02 5.7244299316e+02 5.7250500488e+02 5.7258001709e+02 5.7265997314e+02 5.7275402832e+02 5.7282800293e+02 5.7289697266e+02
5.7088897705e+02 5.7090997314e+02 5.7095098877e+02 5.7098602295e+02 5.7101599121e+02 5.7105200195e+02 5.7108898926e+02 5.7114300537e+02 5.7119201660e+02 5.7122198486e+02 5.7125201416e+02 5.7129901123e+02 5.7134301758e+02 5.7139099121e+02 5.7143499756e+02 5.7147497559e+02 5.7151397705e+02 5.7154199219e+02 5.7155102539e+02 5.7158801270e+02 5.7163000488e+02 5.7165899658e+02 5.7166497803e+02 5.7168499756e+02 5.7171197510e+02 5.7173400879e+02 5.7173901367e+02 5.7175897217e+02 5.7178002930e+02 5.7182299805e+02 5.7186901855e+02 5.7191998291e+02 5.7196801758e+02 5.7200897217e+02 5.7206896973e+02 5.7214300537e+02 5.7220599365e+02 5.7226300049e+02 5.7231298828e+02 5.7237500000e+02 5.7244702148e+02 5.7251300049e+02 5.7258197021e+02 5.7267700195e+02 5.7275500488e+02 5.7283099365e+02
