TESTSERVER/2/0.asc
NCOLS 100
NROWS 100
XLLCORNER 7.5997500000e+03
YLLCORNER 2.8995025000e+05
CELLSIZE 5.0000000000e-01
NODATA_VALUE -9.9990000000e+03
[rows 60 to 79 of 100, columns 46 to 91 of 100]
6.4669702148e+02 6.4672302246e+02 6.4673199463e+02 6.4674401855e+02 6.4678002930e+02 6.4679400635e+02 6.4681201172e+02 6.4684802246e+02 6.4688000488e+02 6.4689300537e+02 6.4690899658e+02 6.4694000244e+02 6.4695098877e+02 6.4698199463e+02 6.4702801514e+02 6.4707299805e+02 6.4709600830e+02 6.4712200928e+02 6.4717199707e+02 6.4720697021e+02 6.4725201416e+02 6.4730798340e+02 6.4733300781e+02 6.4736700439e+02 6.4740100098e+02 6.4743402100e+02 6.4748400879e+02 6.4753601074e+02 6.4755798340e+02 6.4762902832e+02 6.4769799805e+02 6.4772601318e+02 6.4776898193e+02 6.4783898926e+02 6.4792498779e+02 6.4799798584e+02 6.4803802490e+02 6.4810302734e+02 6.4818402100e+02 6.4827899170e+02 6.4835498047e+02 6.4844500732e+02 6.4853802490e+02 6.4861901855e+02 6.4874200439e+02 6.4882897949e+02
6.4665502930e+02 6.4668298340e+02 6.4670202637e+02 6.4672399902e+02 6.4674597168e+02 6.4676098633e+02 6.4678497314e+02 6.4680700684e+02 6.4684197998e+02 6.4684301758e+02 6.4685302734e+02 6.4688098145e+02 6.4691699219e+02 6.4694500732e+02 6.4697698975e+02 6.4701898193e+02 6.4704797363e+02 6.4707299805e+02 6.4711199951e+02 6.4714501953e+02 6.4718298340e+02 6.4721197510e+02 6.4724798584e+02 6.4729602051e+02 6.4733300781e+02 6.4737298584e+02 6.4743798828e+02 6.4750598145e+02 6.4749798584e+02 6.4756097412e+02 6.4762902832e+02 6.4765399170e+02 6.4770202637e+02 6.4776202393e+02 6.4783502197e+02 6.4792602539e+02 6.4796801758e+02 6.4802398682e+02 6.4810198975e+02 6.4819702148e+02 6.4827398682e+02 6.4838800049e+02 6.4847998047e+02 6.4854699707e+02 6.4864001465e+02 6.4870300293e+02
6.4662200928e+02 6.4664099121e+02 6.4665600586e+02 6.4667102051e+02 6.4669299316e+02 6.4671301270e+02 6.4675000000e+02 6.4677197266e+02 6.4680902100e+02 6.4681597900e+02 6.4683398438e+02 6.4685198975e+02 6.4687597656e+02 6.4689398193e+02 6.4692401123e+02 6.4696697998e+02 6.4700201416e+02 6.4704797363e+02 6.4707800293e+02 6.4710198975e+02 6.4713000488e+02 6.4715100098e+02 6.4719897461e+02 6.4725201416e+02 6.4728601074e+02 6.4731597900e+02 6.4735498047e+02 6.4741497803e+02 6.4741900635e+02 6.4748699951e+02 6.4756298828e+02 6.4760198975e+02 6.4764801025e+02 6.4770800781e+02 6.4775500488e+02 6.4783801270e+02 6.4789501953e+02 6.4795397949e+02 6.4802600098e+02 6.4811297607e+02 6.4818103027e+02 6.4828100586e+02 6.4837701416e+02 6.4844000244e+02 6.4853601074e+02 6.4860699463e+02
6.4658398438e+02 6.4659997559e+02 6.4660601807e+02 6.4661499023e+02 6.4665100098e+02 6.4665502930e+02 6.4670300293e+02 6.4673297119e+02 6.4675799561e+02 6.4677502441e+02 6.4678802490e+02 6.4681298828e+02 6.4682397461e+02 6.4683398438e+02 6.4687200928e+02 6.4691900635e+02 6.4694799805e+02 6.4700000000e+02 6.4703497314e+02 6.4706701660e+02 6.4710101318e+02 6.4711499023e+02 6.4716699219e+02 6.4721899414e+02 6.4725000000e+02 6.4726599121e+02 6.4728900146e+02 6.4734497070e+02 6.4737597656e+02 6.4742199707e+02 6.4749102783e+02 6.4754199219e+02 6.4758599854e+02 6.4765502930e+02 6.4769500732e+02 6.4776202393e+02 6.4782397461e+02 6.4788500977e+02 6.4795599365e+02 6.4804101563e+02 6.4809802246e+02 6.4817297363e+02 6.4826300049e+02 6.4834197998e+02 6.4846697998e+02 6.4854901123e+02
6.4657501221e+02 6.4656896973e+02 6.4657202148e+02 6.4659399414e+02 6.4661999512e+02 6.4661798096e+02 6.4665301514e+02 6.4668200684e+02 6.4670697021e+02 6.4673199463e+02 6.4673199463e+02 6.4675402832e+02 6.4679699707e+02 6.4680603027e+02 6.4684399414e+02 6.4687597656e+02 6.4689099121e+02 6.4693402100e+02 6.4697399902e+02 6.4701000977e+02 6.4705603027e+02 6.4707000732e+02 6.4710198975e+02 6.4714001465e+02 6.4717602539e+02 6.4720397949e+02 6.4724102783e+02 6.4730999756e+02 6.4736199951e+02 6.4738000488e+02 6.4741900635e+02 6.4746997070e+02 6.4751800537e+02 6.4757598877e+02 6.4763201904e+02 6.4769598389e+02 6.4777600098e+02 6.4782897949e+02 6.4787298584e+02 6.4795098877e+02 6.4801898193e+02 6.4812701416e+02 6.4820800781e+02 6.4827398682e+02 6.4836700439e+02 6.4846502686e+02
6.4651898193e+02 6.4652502441e+02 6.4652801514e+02 6.4654699707e+02 6.4657501221e+02 6.4658197021e+02 6.4661700439e+02 6.4664202881e+02 6.4666497803e+02 6.4669396973e+02 6.4670697021e+02 6.4672497559e+02 6.4676000977e+02 6.4678100586e+02 6.4680603027e+02 6.4682897949e+02 6.4684802246e+02 6.4688201904e+02 6.4692700195e+02 6.4695098877e+02 6.4699298096e+02 6.4702398682e+02 6.4705700684e+02 6.4708697510e+02 6.4711999512e+02 6.4715502930e+02 6.4719097900e+02 6.4724798584e+02 6.4729699707e+02 6.4732501221e+02 6.4736401367e+02 6.4741601563e+02 6.4746197510e+02 6.4751898193e+02 6.4756500244e+02 6.4763299561e+02 6.4772100830e+02 6.4776702881e+02 6.4781597900e+02 6.4789398193e+02 6.4794299316e+02 6.4805603027e+02 6.4814697266e+02 6.4820202637e+02 6.4826702881e+02 6.4835601807e+02
6.4645697021e+02 6.4647802734e+02 6.4649102783e+02 6.4650701904e+02 6.4653802490e+02 6.4654199219e+02 6.4656896973e+02 6.4659100342e+02 6.4661401367e+02 6.4664697266e+02 6.4667297363e+02 6.4669396973e+02 6.4671600342e+02 6.4674499512e+02 6.4676397705e+02 6.4678802490e+02 6.4680902100e+02 6.4683099365e+02 6.4687902832e+02 6.4690399170e+02 6.4694097900e+02 6.4697100830e+02 6.4702197266e+02 6.4704901123e+02 6.4708099365e+02 6.4711297607e+02 6.4714300537e+02 6.4720697021e+02 6.4724102783e+02 6.4726800537e+02 6.4730603027e+02 6.4736499023e+02 6.4742401123e+02 6.4748199463e+02 6.4751202393e+02 6.4756201172e+02 6.4763201904e+02 6.4768298340e+02 6.4774700928e+02 6.4782897949e+02 6.4787298584e+02 6.4796801758e+02 6.4806799316e+02 6.4812597656e+02 6.4819897461e+02 6.4828900146e+02
6.4641302490e+02 6.4644097900e+02 6.4645599365e+02 6.4646801758e+02 6.4650598145e+02 6.4650000000e+02 6.4652502441e+02 6.4654699707e+02 6.4656298828e+02 6.4660101318e+02 6.4662902832e+02 6.4664898682e+02 6.4666601563e+02 6.4669702148e+02 6.4672198486e+02 6.4675097656e+02 6.4676599121e+02 6.4679302979e+02 6.4684997559e+02 6.4687701416e+02 6.4690100098e+02 6.4691802979e+02 6.4696398926e+02 6.4699298096e+02 6.4703002930e+02 6.4706097412e+02 6.4708300781e+02 6.4715002441e+02 6.4719000244e+02 6.4722399902e+02 6.4725799561e+02 6.4731298828e+02 6.4737097168e+02 6.4740997314e+02 6.4744500732e+02 6.4749902344e+02 6.4755102539e+02 6.4759802246e+02 6.4767700195e+02 6.4777502441e+02 6.4782299805e+02 6.4789801025e+02 6.4799902344e+02 6.4805798340e+02 6.4813397217e+02 6.4823400879e+02
6.4636901855e+02 6.4639801025e+02 6.4641497803e+02 6.4642199707e+02 6.4644500732e+02 6.4644500732e+02 6.4646899414e+02 6.4649902344e+02 6.4654199219e+02 6.4656298828e+02 6.4657897949e+02 6.4658898926e+02 6.4662200928e+02 6.4665997314e+02 6.4669000244e+02 6.4671600342e+02 6.4673199463e+02 6.4675598145e+02 6.4679199219e+02 6.4682397461e+02 6.4684497070e+02 6.4686102295e+02 6.4689697266e+02 6.4693402100e+02 6.4697802734e+02 6.4702001953e+02 6.4704101563e+02 6.4708502197e+02 6.4713098145e+02 6.4717102051e+02 6.4720898438e+02 6.4725299072e+02 6.4730401611e+02 6.4734301758e+02 6.4738897705e+02 6.4744702148e+02 6.4749298096e+02 6.4754101563e+02 6.4761602783e+02 6.4770898438e+02 6.4773999023e+02 6.4782299805e+02 6.4791699219e+02 6.4798797607e+02 6.4808001709e+02 6.4817102051e+02
6.4631097412e+02 6.4633898926e+02 6.4636999512e+02 6.4637597656e+02 6.4640002441e+02 6.4641497803e+02 6.4642999268e+02 6.4644500732e+02 6.4647900391e+02 6.4649597168e+02 6.4653002930e+02 6.4654901123e+02 6.4658502197e+02 6.4660699463e+02 6.4662200928e+02 6.4665502930e+02 6.4667700195e+02 6.4670098877e+02 6.4673297119e+02 6.4677398682e+02 6.4679998779e+02 6.4682098389e+02 6.4685699463e+02 6.4687701416e+02 6.4692999268e+02 6.4697497559e+02 6.4700500488e+02 6.4703900146e+02 6.4707098389e+02 6.4710900879e+02 6.4715502930e+02 6.4719598389e+02 6.4723699951e+02 6.4728497314e+02 6.4732202148e+02 6.4738800049e+02 6.4744299316e+02 6.4748901367e+02 6.4754602051e+02 6.4762097168e+02 6.4767199707e+02 6.4775897217e+02 6.4785699463e+02 6.4792602539e+02 6.4800402832e+02 6.4809301758e+02
6.4625097656e+02 6.4629699707e+02 6.4632000732e+02 6.4632299805e+02 6.4634600830e+02 6.4635998535e+02 6.4638397217e+02 6.4640698242e+02 6.4643298340e+02 6.4644799805e+02 6.4647802734e+02 6.4650701904e+02 6.4654199219e+02 6.4655999756e+02 6.4658197021e+02 6.4661700439e+02 6.4663702393e+02 6.4666198730e+02 6.4669500732e+02 6.4673999023e+02 6.4676599121e+02 6.4677600098e+02 6.4681799316e+02 6.4682202148e+02 6.4685797119e+02 6.4690399170e+02 6.4694201660e+02 6.4698699951e+02 6.4702398682e+02 6.4705798340e+02 6.4710198975e+02 6.4713800049e+02 6.4717901611e+02 6.4724597168e+02 6.4727697754e+02 6.4733398438e+02 6.4739898682e+02 6.4742401123e+02 6.4747900391e+02 6.4755999756e+02 6.4762597656e+02 6.4769396973e+02 6.4779602051e+02 6.4786798096e+02 6.4792297363e+02 6.4801599121e+02
6.4617401123e+02 6.4621301270e+02 6.4623999023e+02 6.4625897217e+02 6.4628900146e+02 6.4630499268e+02 6.4633801270e+02 6.4636798096e+02 6.4638500977e+02 6.4639599609e+02 6.4642199707e+02 6.4645397949e+02 6.4648498535e+02 6.4650897217e+02 6.4653601074e+02 6.4656896973e+02 6.4659301758e+02 6.4662097168e+02 6.4665899658e+02 6.4670397949e+02 6.4672998047e+02 6.4672497559e+02 6.4676800537e+02 6.4678399658e+02 6.4680798340e+02 6.4684100342e+02 6.4688500977e+02 6.4694702148e+02 6.4698400879e+02 6.4702502441e+02 6.4706500244e+02 6.4709399414e+02 6.4712597656e+02 6.4719702148e+02 6.4723400879e+02 6.4728802490e+02 6.4736102295e+02 6.4738098145e+02 6.4743597412e+02 6.4751202393e+02 6.4757000732e+02 6.4762402344e+02 6.4771899414e+02 6.4778698730e+02 6.4784997559e+02 6.4795697021e+02
6.4613299561e+02 6.4613299561e+02 6.4616601563e+02 6.4619500732e+02 6.4620697021e+02 6.4624298096e+02 6.4626702881e+02 6.4628900146e+02 6.4631298828e+02 6.4634497070e+02 6.4636102295e+02 6.4638299561e+02 6.4642297363e+02 6.4644598389e+02 6.4647198486e+02 6.4650701904e+02 6.4653802490e+02 6.4657202148e+02 6.4660101318e+02 6.4663000488e+02 6.4665399170e+02 6.4669598389e+02 6.4672399902e+02 6.4674798584e+02 6.4678302002e+02 6.4679998779e+02 6.4683001709e+02 6.4690002441e+02 6.4694097900e+02 6.4697698975e+02 6.4701898193e+02 6.4705603027e+02 6.4708398438e+02 6.4713397217e+02 6.4718798828e+02 6.4723602295e+02 6.4728802490e+02 6.4732702637e+02 6.4737402344e+02 6.4743597412e+02 6.4748199463e+02 6.4755902100e+02 6.4765600586e+02 6.4772998047e+02 6.4780200195e+02 6.4786798096e+02
6.4604498291e+02 6.4607702637e+02 6.4609997559e+02 6.4612402344e+02 6.4615301514e+02 6.4617498779e+02 6.4620001221e+02 6.4622802734e+02 6.4627502441e+02 6.4631201172e+02 6.4632202148e+02 6.4632598877e+02 6.4637097168e+02 6.4639599609e+02 6.4641998291e+02 6.4645397949e+02 6.4648297119e+02 6.4653100586e+02 6.4657000732e+02 6.4659197998e+02 6.4661199951e+02 6.4663702393e+02 6.4666601563e+02 6.4669702148e+02 6.4673602295e+02 6.4677099609e+02 6.4678497314e+02 6.4682501221e+02 6.4686798096e+02 6.4693499756e+02 6.4696899414e+02 6.4699798584e+02 6.4702801514e+02 6.4707897949e+02 6.4713897705e+02 6.4718200684e+02 6.4721899414e+02 6.4727801514e+02 6.4732397461e+02 6.4737200928e+02 6.4741601563e+02 6.4749401855e+02 6.4758599854e+02 6.4766802979e+02 6.4774401855e+02 6.4782098389e+02
6.4596398926e+02 6.4601702881e+02 6.4603997803e+02 6.4605297852e+02 6.4609997559e+02 6.4611901855e+02 6.4614300537e+02 6.4617199707e+02 6.4621398926e+02 6.4624700928e+02 6.4626501465e+02 6.4628002930e+02 6.4632800293e+02 6.4636199951e+02 6.4638000488e+02 6.4641198730e+02 6.4644201660e+02 6.4648101807e+02 6.4652099609e+02 6.4655401611e+02 6.4657000732e+02 6.4658898926e+02 6.4662402344e+02 6.4665600586e+02 6.4669396973e+02 6.4672802734e+02 6.4675897217e+02 6.4679699707e+02 6.4681298828e+02 6.4686602783e+02 6.4690698242e+02 6.4694000244e+02 6.4697802734e+02 6.4703601074e+02 6.4708001709e+02 6.4713299561e+02 6.4715502930e+02 6.4721801758e+02 6.4726202393e+02 6.4730902100e+02 6.4737402344e+02 6.4743499756e+02 6.4750402832e+02 6.4758502197e+02 6.4766802979e+02 6.4774499512e+02
6.4590100098e+02 6.4593902588e+02 6.4596600342e+02 6.4598297119e+02 6.4602600098e+02 6.4603900146e+02 6.4605102539e+02 6.4608300781e+02 6.4612200928e+02 6.4616198730e+02 6.4618798828e+02 6.4623400879e+02 6.4627697754e+02 6.4630297852e+02 6.4632000732e+02 6.4635601807e+02 6.4639202881e+02 6.4641497803e+02 6.4645202637e+02 6.4648999023e+02 6.4650500488e+02 6.4653100586e+02 6.4657501221e+02 6.4660302734e+02 6.4663800049e+02 6.4666302490e+02 6.4671502686e+02 6.4677001953e+02 6.4677001953e+02 6.4680401611e+02 6.4684301758e+02 6.4688201904e+02 6.4692700195e+02 6.4698199463e+02 6.4702801514e+02 6.4709698486e+02 6.4712902832e+02 6.4715600586e+02 6.4719598389e+02 6.4727600098e+02 6.4737402344e+02 6.4739300537e+02 6.4742498779e+02 6.4751000977e+02 6.4760400391e+02 6.4767498779e+02
6.4582598877e+02 6.4586499023e+02 6.4589099121e+02 6.4592401123e+02 6.4595599365e+02 6.4597497559e+02 6.4598901367e+02 6.4602801514e+02 6.4604797363e+02 6.4607702637e+02 6.4611199951e+02 6.4616497803e+02 6.4620898438e+02 6.4622698975e+02 6.4625701904e+02 6.4631201172e+02 6.4634802246e+02 6.4637500000e+02 6.4640698242e+02 6.4642797852e+02 6.4645098877e+02 6.4648297119e+02 6.4653198242e+02 6.4655603027e+02 6.4659197998e+02 6.4663702393e+02 6.4667901611e+02 6.4671002197e+02 6.4673999023e+02 6.4678698730e+02 6.4681500244e+02 6.4685101318e+02 6.4691998291e+02 6.4694500732e+02 6.4699700928e+02 6.4704199219e+02 6.4706799316e+02 6.4709899902e+02 6.4714501953e+02 6.4722399902e+02 6.4730200195e+02 6.4732702637e+02 6.4738397217e+02 6.4746801758e+02 6.4752197266e+02 6.4761102295e+02
6.4576300049e+02 6.4578698730e+02 6.4581402588e+02 6.4583398438e+02 6.4587402344e+02 6.4589398193e+02 6.4592199707e+02 6.4596099854e+02 6.4598199463e+02 6.4600000000e+02 6.4603497314e+02 6.4609197998e+02 6.4615698242e+02 6.4617102051e+02 6.4620397949e+02 6.4625897217e+02 6.4628997803e+02 6.4631500244e+02 6.4634802246e+02 6.4638897705e+02 6.4642401123e+02 6.4644097900e+02 6.4649798584e+02 6.4651000977e+02 6.4653399658e+02 6.4657897949e+02 6.4662799072e+02 6.4665802002e+02 6.4669000244e+02 6.4673999023e+02 6.4677502441e+02 6.4678497314e+02 6.4683300781e+02 6.4688500977e+02 6.4692999268e+02 6.4696600342e+02 6.4701397705e+02 6.4707000732e+02 6.4712097168e+02 6.4715997314e+02 6.4720001221e+02 6.4725201416e+02 6.4733502197e+02 6.4740301514e+02 6.4745599365e+02 6.4752301025e+02
6.4569299316e+02 6.4570697021e+02 6.4574499512e+02 6.4577001953e+02 6.4581896973e+02 6.4582299805e+02 6.4584997559e+02 6.4588397217e+02 6.4591998291e+02 6.4594598389e+02 6.4597399902e+02 6.4602099609e+02 6.4607800293e+02 6.4609698486e+02 6.4613299561e+02 6.4617901611e+02 6.4622698975e+02 6.4626098633e+02 6.4629101563e+02 6.4633599854e+02 6.4636798096e+02 6.4639300537e+02 6.4646099854e+02 6.4647802734e+02 6.4649200439e+02 6.4653198242e+02 6.4657000732e+02 6.4660699463e+02 6.4664599609e+02 6.4669299316e+02 6.4673901367e+02 6.4675402832e+02 6.4677600098e+02 6.4683502197e+02 6.4687097168e+02 6.4691998291e+02 6.4697802734e+02 6.4702301025e+02 6.4708599854e+02 6.4711999512e+02 6.4715997314e+02 6.4721002197e+02 6.4727502441e+02 6.4732501221e+02 6.4739001465e+02 6.4744598389e+02
6.4561999512e+02 6.4563500977e+02 6.4568200684e+02 6.4570898438e+02 6.4575500488e+02 6.4575701904e+02 6.4578698730e+02 6.4582202148e+02 6.4584899902e+02 6.4588397217e+02 6.4591900635e+02 6.4596099854e+02 6.4600500488e+02 6.4603198242e+02 6.4606701660e+02 6.4611199951e+02 6.4617102051e+02 6.4619897461e+02 6.4622497559e+02 6.4626898193e+02 6.4630102539e+02 6.4631701660e+02 6.4638397217e+02 6.4640502930e+02 6.4643103027e+02 6.4647698975e+02 6.4650799561e+02 6.4655200195e+02 6.4660601807e+02 6.4664501953e+02 6.4669598389e+02 6.4672900391e+02 6.4674102783e+02 6.4678698730e+02 6.4683898926e+02 6.4689599609e+02 6.4692602539e+02 6.4696197510e+02 6.4703002930e+02 6.4707397461e+02 6.4711901855e+02 6.4715600586e+02 6.4721002197e+02 6.4725701904e+02 6.4734399414e+02 6.4741302490e+02
