TESTSERVER/2/0.asc
NCOLS 100
NROWS 100
XLLCORNER 7.5997500000e+03
YLLCORNER 2.8995025000e+05
CELLSIZE 5.0000000000e-01
NODATA_VALUE -9.9990000000e+03
[rows 80 to 99 of 100, columns 0 to 45 of 100]
6.4326898193e+02 6.4329400635e+02 6.4331896973e+02 6.4335198975e+02 6.4339099121e+02 6.4343499756e+02 6.4346697998e+02 6.4349902344e+02 6.4356097412e+02 6.4359802246e+02 6.4362200928e+02 6.4367199707e+02 6.4373199463e+02 6.4379901123e+02 6.4383398438e+02 6.4388702393e+02 6.4393298340e+02 6.4397497559e+02 6.4402502441e+02 6.4408398438e+02 6.4413702393e+02 6.4419598389e+02 6.4424597168e+02 6.4431896973e+02 6.4436798096e+02 6.4442401123e+02 6.4450000000e+02 6.4454101563e+02 6.4461798096e+02 6.4470001221e+02 6.4476300049e+02 6.4483398438e+02 6.4488897705e+02 6.4494000244e+02 6.4501098633e+02 6.4506799316e+02 6.4510797119e+02 6.4516497803e+02 6.4520898438e+02 6.4527502441e+02 6.4533801270e+02 6.4539099121e+02 6.4541699219e+02 6.4547497559e+02 6.4550500488e+02 6.4552301025e+02
6.4323999023e+02 6.4327001953e+02 6.4329602051e+02 6.4332702637e+02 6.4336199951e+02 6.4340100098e+02 6.4344097900e+02 6.4347100830e+02 6.4352301025e+02 6.4356298828e+02 6.4359600830e+02 6.4364599609e+02 6.4371197510e+02 6.4377197266e+02 6.4380297852e+02 6.4385198975e+02 6.4389599609e+02 6.4393701172e+02 6.4398101807e+02 6.4404699707e+02 6.4410400391e+02 6.4415197754e+02 6.4420001221e+02 6.4427398682e+02 6.4431701660e+02 6.4438397217e+02 6.4446398926e+02 6.4449102783e+02 6.4454101563e+02 6.4460900879e+02 6.4467999268e+02 6.4474102783e+02 6.4480499268e+02 6.4486401367e+02 6.4492797852e+02 6.4497497559e+02 6.4502600098e+02 6.4508801270e+02 6.4513299561e+02 6.4518103027e+02 6.4524700928e+02 6.4530297852e+02 6.4533099365e+02 6.4538000488e+02 6.4542199707e+02 6.4545098877e+02
6.4321502686e+02 6.4323400879e+02 6.4326702881e+02 6.4330902100e+02 6.4333697510e+02 6.4336199951e+02 6.4339801025e+02 6.4345300293e+02 6.4348101807e+02 6.4351300049e+02 6.4355401611e+02 6.4361602783e+02 6.4369097900e+02 6.4374102783e+02 6.4376397705e+02 6.4381402588e+02 6.4384802246e+02 6.4389300537e+02 6.4393597412e+02 6.4399499512e+02 6.4404602051e+02 6.4410797119e+02 6.4415600586e+02 6.4421301270e+02 6.4424700928e+02 6.4432501221e+02 6.4439398193e+02 6.4444000244e+02 6.4447998047e+02 6.4453698730e+02 6.4460101318e+02 6.4466400146e+02 6.4473199463e+02 6.4478497314e+02 6.4483801270e+02 6.4489398193e+02 6.4495800781e+02 6.4501397705e+02 6.4506402588e+02 6.4511401367e+02 6.4517602539e+02 6.4522900391e+02 6.4525299072e+02 6.4528900146e+02 6.4534399414e+02 6.4538897705e+02
6.4319702148e+02 6.4320898438e+02 6.4323797607e+02 6.4327697754e+02 6.4330297852e+02 6.4332501221e+02 6.4336102295e+02 6.4342999268e+02 6.4345599365e+02 6.4347998047e+02 6.4350799561e+02 6.4356896973e+02 6.4364300537e+02 6.4368597412e+02 6.4371502686e+02 6.4376397705e+02 6.4379699707e+02 6.4385302734e+02 6.4388897705e+02 6.4393902588e+02 6.4398199463e+02 6.4406097412e+02 6.4410797119e+02 6.4415399170e+02 6.4418701172e+02 6.4426501465e+02 6.4431298828e+02 6.4437402344e+02 6.4442700195e+02 6.4449102783e+02 6.4453997803e+02 6.4460601807e+02 6.4466400146e+02 6.4470800781e+02 6.4475799561e+02 6.4481402588e+02 6.4487799072e+02 6.4492700195e+02 6.4498699951e+02 6.4502899170e+02 6.4508502197e+02 6.4513500977e+02 6.4516601563e+02 6.4521600342e+02 6.4528302002e+02 6.4531500244e+02
6.4317602539e+02 6.4320202637e+02 6.4321899414e+02 6.4323498535e+02 6.4326898193e+02 6.4330999756e+02 6.4336999512e+02 6.4340600586e+02 6.4342199707e+02 6.4344799805e+02 6.4347399902e+02 6.4353302002e+02 6.4359301758e+02 6.4363897705e+02 6.4367901611e+02 6.4372198486e+02 6.4376202393e+02 6.4382501221e+02 6.4384698486e+02 6.4390502930e+02 6.4393902588e+02 6.4399902344e+02 6.4404498291e+02 6.4409497070e+02 6.4414202881e+02 6.4422601318e+02 6.4427398682e+02 6.4431097412e+02 6.4437799072e+02 6.4444396973e+02 6.4447100830e+02 6.4454602051e+02 6.4459698486e+02 6.4465301514e+02 6.4472497559e+02 6.4475897217e+02 6.4481298828e+02 6.4485998535e+02 6.4491101074e+02 6.4492797852e+02 6.4497698975e+02 6.4503002930e+02 6.4507202148e+02 6.4512402344e+02 6.4518402100e+02 6.4520599365e+02
6.4315802002e+02 6.4317797852e+02 6.4320397949e+02 6.4321002197e+02 6.4323498535e+02 6.4327001953e+02 6.4331500244e+02 6.4335198975e+02 6.4337701416e+02 6.4341699219e+02 6.4344897461e+02 6.4350299072e+02 6.4355499268e+02 6.4359997559e+02 6.4363598633e+02 6.4367999268e+02 6.4371398926e+02 6.4376397705e+02 6.4379998779e+02 6.4385101318e+02 6.4388598633e+02 6.4393701172e+02 6.4398199463e+02 6.4403997803e+02 6.4406500244e+02 6.4413397217e+02 6.4419799805e+02 6.4425097656e+02 6.4431201172e+02 6.4437597656e+02 6.4441802979e+02 6.4447100830e+02 6.4452600098e+02 6.4458697510e+02 6.4463397217e+02 6.4467102051e+02 6.4472497559e+02 6.4477099609e+02 6.4481701660e+02 6.4484899902e+02 6.4489599609e+02 6.4494799805e+02 6.4497998047e+02 6.4503601074e+02 6.4508697510e+02 6.4512298584e+02
6.4313800049e+02 6.4313800049e+02 6.4315802002e+02 6.4317797852e+02 6.4321002197e+02 6.4323602295e+02 6.4328698730e+02 6.4332299805e+02 6.4334802246e+02 6.4339202881e+02 6.4341601563e+02 6.4346801758e+02 6.4352600098e+02 6.4356298828e+02 6.4359002686e+02 6.4363800049e+02 6.4366998291e+02 6.4371600342e+02 6.4375500488e+02 6.4380499268e+02 6.4385400391e+02 6.4390100098e+02 6.4393597412e+02 6.4399798584e+02 6.4402398682e+02 6.4407800293e+02 6.4413098145e+02 6.4418200684e+02 6.4423901367e+02 6.4430200195e+02 6.4435998535e+02 6.4440100098e+02 6.4444799805e+02 6.4450201416e+02 6.4454400635e+02 6.4458502197e+02 6.4463299561e+02 6.4468200684e+02 6.4472198486e+02 6.4477197266e+02 6.4481896973e+02 6.4486700439e+02 6.4490100098e+02 6.4496502686e+02 6.4501702881e+02 6.4505499268e+02
6.4312298584e+02 6.4313299561e+02 6.4314099121e+02 6.4317199707e+02 6.4320800781e+02 6.4322198486e+02 6.4326702881e+02 6.4330798340e+02 6.4332897949e+02 6.4335601807e+02 6.4337597656e+02 6.4343298340e+02 6.4348797607e+02 6.4352398682e+02 6.4355700684e+02 6.4359100342e+02 6.4361798096e+02 6.4366601563e+02 6.4370898438e+02 6.4375701904e+02 6.4380102539e+02 6.4384600830e+02 6.4389300537e+02 6.4394897461e+02 6.4397601318e+02 6.4402398682e+02 6.4407501221e+02 6.4412298584e+02 6.4417700195e+02 6.4422998047e+02 6.4428698730e+02 6.4433197021e+02 6.4436602783e+02 6.4442401123e+02 6.4447100830e+02 6.4451702881e+02 6.4456402588e+02 6.4460400391e+02 6.4463598633e+02 6.4469299316e+02 6.4474499512e+02 6.4479998779e+02 6.4483398438e+02 6.4489099121e+02 6.4494299316e+02 6.4497802734e+02
6.4311602783e+02 6.4313897705e+02 6.4315002441e+02 6.4316601563e+02 6.4318902588e+02 6.4321398926e+02 6.4324401855e+02 6.4328002930e+02 6.4331402588e+02 6.4332800293e+02 6.4335601807e+02 6.4340802002e+02 6.4345898438e+02 6.4350598145e+02 6.4354302979e+02 6.4355902100e+02 6.4357897949e+02 6.4361700439e+02 6.4366400146e+02 6.4371398926e+02 6.4375701904e+02 6.4379797363e+02 6.4384600830e+02 6.4389300537e+02 6.4392401123e+02 6.4397497559e+02 6.4402197266e+02 6.4406402588e+02 6.4411102295e+02 6.4416400146e+02 6.4422497559e+02 6.4426800537e+02 6.4430499268e+02 6.4435498047e+02 6.4439099121e+02 6.4444396973e+02 6.4449200439e+02 6.4452801514e+02 6.4455999756e+02 6.4458801270e+02 6.4464398193e+02 6.4471197510e+02 6.4475097656e+02 6.4479101563e+02 6.4483898926e+02 6.4487200928e+02
6.4311602783e+02 6.4313299561e+02 6.4314599609e+02 6.4315997314e+02 6.4319000244e+02 6.4322698975e+02 6.4324200439e+02 6.4326098633e+02 6.4328497314e+02 6.4331799316e+02 6.4333398438e+02 6.4337200928e+02 6.4341699219e+02 6.4346197510e+02 6.4349499512e+02 6.4353399658e+02 6.4357299805e+02 6.4359698486e+02 6.4362097168e+02 6.4367297363e+02 6.4372698975e+02 6.4377600098e+02 6.4380700684e+02 6.4384399414e+02 6.4387701416e+02 6.4393298340e+02 6.4396502686e+02 6.4400799561e+02 6.4405902100e+02 6.4410900879e+02 6.4415698242e+02 6.4420098877e+02 6.4424902344e+02 6.4429998779e+02 6.4434002686e+02 6.4436999512e+02 6.4440802002e+02 6.4446099854e+02 6.4449200439e+02 6.4451702881e+02 6.4456500244e+02 6.4463397217e+02 6.4469396973e+02 6.4472100830e+02 6.4476000977e+02 6.4479199219e+02
6.4311102295e+02 6.4313000488e+02 6.4315002441e+02 6.4316101074e+02 6.4320202637e+02 6.4323101807e+02 6.4322998047e+02 6.4326202393e+02 6.4328997803e+02 6.4330798340e+02 6.4331402588e+02 6.4334600830e+02 6.4338702393e+02 6.4342199707e+02 6.4345697021e+02 6.4350598145e+02 6.4353997803e+02 6.4356701660e+02 6.4358898926e+02 6.4363897705e+02 6.4367401123e+02 6.4371697998e+02 6.4375201416e+02 6.4379400635e+02 6.4383300781e+02 6.4388598633e+02 6.4391900635e+02 6.4395800781e+02 6.4400097656e+02 6.4405102539e+02 6.4410101318e+02 6.4413897705e+02 6.4418103027e+02 6.4423199463e+02 6.4427502441e+02 6.4430499268e+02 6.4434997559e+02 6.4440997314e+02 6.4444299316e+02 6.4447100830e+02 6.4451098633e+02 6.4455798340e+02 6.4461700439e+02 6.4465502930e+02 6.4468902588e+02 6.4472100830e+02
6.4311199951e+02 6.4313598633e+02 6.4315899658e+02 6.4317401123e+02 6.4321301270e+02 6.4323101807e+02 6.4322601318e+02 6.4325701904e+02 6.4327899170e+02 6.4329199219e+02 6.4331201172e+02 6.4334301758e+02 6.4337597656e+02 6.4339599609e+02 6.4342602539e+02 6.4346197510e+02 6.4348199463e+02 6.4352301025e+02 6.4356500244e+02 6.4361102295e+02 6.4363000488e+02 6.4367102051e+02 6.4371301270e+02 6.4374298096e+02 6.4377697754e+02 6.4382800293e+02 6.4387298584e+02 6.4391998291e+02 6.4395098877e+02 6.4399902344e+02 6.4406201172e+02 6.4408898926e+02 6.4412200928e+02 6.4416601563e+02 6.4420599365e+02 6.4424499512e+02 6.4428997803e+02 6.4434600830e+02 6.4439398193e+02 6.4442999268e+02 6.4446301270e+02 6.4449102783e+02 6.4452197266e+02 6.4456799316e+02 6.4460797119e+02 6.4464801025e+02
6.4313299561e+02 6.4314801025e+02 6.4314697266e+02 6.4317498779e+02 6.4320501709e+02 6.4321899414e+02 6.4324902344e+02 6.4325897217e+02 6.4325097656e+02 6.4326599121e+02 6.4328198242e+02 6.4332598877e+02 6.4335998535e+02 6.4336700439e+02 6.4340100098e+02 6.4344000244e+02 6.4345599365e+02 6.4349102783e+02 6.4352600098e+02 6.4357000732e+02 6.4361700439e+02 6.4365802002e+02 6.4368402100e+02 6.4371197510e+02 6.4373901367e+02 6.4378399658e+02 6.4382800293e+02 6.4387298584e+02 6.4391101074e+02 6.4396697998e+02 6.4403198242e+02 6.4404199219e+02 6.4407702637e+02 6.4412097168e+02 6.4415301514e+02 6.4418200684e+02 6.4422198486e+02 6.4426800537e+02 6.4433197021e+02 6.4436602783e+02 6.4440997314e+02 6.4444598389e+02 6.4446002197e+02 6.4449798584e+02 6.4453198242e+02 6.4456597900e+02
6.4314697266e+02 6.4314697266e+02 6.4315502930e+02 6.4316497803e+02 6.4319097900e+02 6.4321997070e+02 6.4323797607e+02 6.4325897217e+02 6.4327197266e+02 6.4327801514e+02 6.4328399658e+02 6.4330200195e+02 6.4333599854e+02 6.4336199951e+02 6.4339099121e+02 6.4341900635e+02 6.4343298340e+02 6.4347497559e+02 6.4350598145e+02 6.4353198242e+02 6.4358099365e+02 6.4362701416e+02 6.4367102051e+02 6.4368402100e+02 6.4369799805e+02 6.4374298096e+02 6.4378698730e+02 6.4383001709e+02 6.4388000488e+02 6.4392199707e+02 6.4395898438e+02 6.4399401855e+02 6.4403900146e+02 6.4408099365e+02 6.4411700439e+02 6.4414801025e+02 6.4417797852e+02 6.4421899414e+02 6.4427099609e+02 6.4430700684e+02 6.4435498047e+02 6.4439398193e+02 6.4441998291e+02 6.4446301270e+02 6.4448602295e+02 6.4450500488e+02
6.4315100098e+02 6.4314398193e+02 6.4316802979e+02 6.4318103027e+02 6.4319396973e+02 6.4320599365e+02 6.4321997070e+02 6.4326300049e+02 6.4328002930e+02 6.4328198242e+02 6.4328698730e+02 6.4330102539e+02 6.4333099365e+02 6.4335900879e+02 6.4337097168e+02 6.4339398193e+02 6.4341400146e+02 6.4345501709e+02 6.4347900391e+02 6.4350598145e+02 6.4354602051e+02 6.4358502197e+02 6.4362799072e+02 6.4364801025e+02 6.4367297363e+02 6.4372497559e+02 6.4376300049e+02 6.4379302979e+02 6.4383898926e+02 6.4387799072e+02 6.4391497803e+02 6.4395300293e+02 6.4399798584e+02 6.4404602051e+02 6.4407702637e+02 6.4410797119e+02 6.4414300537e+02 6.4418200684e+02 6.4421997070e+02 6.4426599121e+02 6.4430798340e+02 6.4433697510e+02 6.4438299561e+02 6.4442602539e+02 6.4444598389e+02 6.4445697021e+02
6.4313800049e+02 6.4313299561e+02 6.4316699219e+02 6.4320397949e+02 6.4320697021e+02 6.4320599365e+02 6.4322198486e+02 6.4326397705e+02 6.4328399658e+02 6.4328900146e+02 6.4327899170e+02 6.4329998779e+02 6.4332000732e+02 6.4334600830e+02 6.4335797119e+02 6.4337402344e+02 6.4339801025e+02 6.4343200684e+02 6.4345001221e+02 6.4348797607e+02 6.4351898193e+02 6.4354797363e+02 6.4359100342e+02 6.4362500000e+02 6.4364801025e+02 6.4370098877e+02 6.4373999023e+02 6.4376300049e+02 6.4379797363e+02 6.4383599854e+02 6.4388098145e+02 6.4391900635e+02 6.4396002197e+02 6.4400701904e+02 6.4403302002e+02 6.4407098389e+02 6.4411499023e+02 6.4414501953e+02 6.4416601563e+02 6.4421502686e+02 6.4425701904e+02 6.4428100586e+02 6.4432000732e+02 6.4436199951e+02 6.4438897705e+02 6.4439898682e+02
6.4312799072e+02 6.4315100098e+02 6.4314898682e+02 6.4318798828e+02 6.4320397949e+02 6.4321502686e+02 6.4322900391e+02 6.4325402832e+02 6.4328399658e+02 6.4329602051e+02 6.4328900146e+02 6.4330999756e+02 6.4332299805e+02 6.4333898926e+02 6.4334100342e+02 6.4335101318e+02 6.4337799072e+02 6.4340600586e+02 6.4342199707e+02 6.4347198486e+02 6.4350500488e+02 6.4352899170e+02 6.4356298828e+02 6.4359197998e+02 6.4360400391e+02 6.4364099121e+02 6.4367700195e+02 6.4371398926e+02 6.4374401855e+02 6.4377697754e+02 6.4382501221e+02 6.4386999512e+02 6.4391400146e+02 6.4395397949e+02 6.4399102783e+02 6.4402197266e+02 6.4405798340e+02 6.4408300781e+02 6.4409997559e+02 6.4413598633e+02 6.4419799805e+02 6.4423999023e+02 6.4425701904e+02 6.4430401611e+02 6.4434698486e+02 6.4436199951e+02
6.4305902100e+02 6.4308502197e+02 6.4314202881e+02 6.4316302490e+02 6.4317401123e+02 6.4319799805e+02 6.4323901367e+02 6.4325701904e+02 6.4327301025e+02 6.4328900146e+02 6.4330102539e+02 6.4332897949e+02 6.4334301758e+02 6.4334399414e+02 6.4334197998e+02 6.4336297607e+02 6.4338299561e+02 6.4340997314e+02 6.4341802979e+02 6.4344702148e+02 6.4346801758e+02 6.4351000977e+02 6.4355999756e+02 6.4356402588e+02 6.4358898926e+02 6.4363000488e+02 6.4365997314e+02 6.4368298340e+02 6.4371197510e+02 6.4375500488e+02 6.4380798340e+02 6.4383502197e+02 6.4388000488e+02 6.4393798828e+02 6.4397399902e+02 6.4399700928e+02 6.4402801514e+02 6.4405798340e+02 6.4408197021e+02 6.4411999512e+02 6.4417102051e+02 6.4420800781e+02 6.4422497559e+02 6.4427697754e+02 6.4431500244e+02 6.4432501221e+02
6.4311798096e+02 6.4303302002e+02 6.4306896973e+02 6.4314202881e+02 6.4317797852e+02 6.4319702148e+02 6.4323297119e+02 6.4325799561e+02 6.4327801514e+02 6.4329901123e+02 6.4330902100e+02 6.4332702637e+02 6.4334197998e+02 6.4335302734e+02 6.4336700439e+02 6.4338897705e+02 6.4339001465e+02 6.4341198730e+02 6.4342498779e+02 6.4344299316e+02 6.4345098877e+02 6.4348297119e+02 6.4352301025e+02 6.4353100586e+02 6.4356500244e+02 6.4360797119e+02 6.4365100098e+02 6.4368298340e+02 6.4370898438e+02 6.4373602295e+02 6.4377801514e+02 6.4380999756e+02 6.4384600830e+02 6.4390100098e+02 6.4393798828e+02 6.4396398926e+02 6.4399200439e+02 6.4403002930e+02 6.4406097412e+02 6.4409497070e+02 6.4412500000e+02 6.4415502930e+02 6.4417797852e+02 6.4422802734e+02 6.4425598145e+02 6.4427197266e+02
6.4328198242e+02 6.4317199707e+02 6.4307702637e+02 6.4309399414e+02 6.4313800049e+02 6.4317700195e+02 6.4319799805e+02 6.4323297119e+02 6.4327301025e+02 6.4330297852e+02 6.4331896973e+02 6.4333697510e+02 6.4334802246e+02 6.4336401367e+02 6.4337701416e+02 6.4339801025e+02 6.4339801025e+02 6.4342401123e+02 6.4344201660e+02 6.4345397949e+02 6.4346197510e+02 6.4347998047e+02 6.4349798584e+02 6.4350799561e+02 6.4353302002e+02 6.4357501221e+02 6.4362402344e+02 6.4365301514e+02 6.4368499756e+02 6.4370697021e+02 6.4373101807e+02 6.4376501465e+02 6.4379998779e+02 6.4384399414e+02 6.4387701416e+02 6.4391101074e+02 6.4394201660e+02 6.4398297119e+02 6.4401898193e+02 6.4404998779e+02 6.4407702637e+02 6.4411102295e+02 6.4413098145e+02 6.4417901611e+02 6.4420599365e+02 6.4422698975e+02
