TESTSERVER/2/0.asc
NCOLS 100
NROWS 100
XLLCORNER 7.5997500000e+03
YLLCORNER 2.8995025000e+05
CELLSIZE 5.0000000000e-01
NODATA_VALUE -9.9990000000e+03
[rows 40 to 59 of 100, columns 46 to 91 of 100]
6.4764898682e+02 6.4768103027e+02 6.4773400879e+02 6.4776599121e+02 6.4778698730e+02 6.4784100342e+02 6.4788397217e+02 6.4793298340e+02 6.4796301270e+02 6.4803497314e+02 6.4812097168e+02 6.4817700195e+02 6.4820697021e+02 6.4823999023e+02 6.4829101563e+02 6.4834600830e+02 6.4839001465e+02 6.4846002197e+02 6.4849902344e+02 6.4855102539e+02 6.4860101318e+02 6.4862701416e+02 6.4868103027e+02 6.4873999023e+02 6.4878399658e+02 6.4883197021e+02 6.4888598633e+02 6.4895501709e+02 6.4900598145e+02 6.4905700684e+02 6.4909399414e+02 6.4914898682e+02 6.4923797607e+02 6.4927600098e+02 6.4933898926e+02 6.4940600586e+02 6.4949102783e+02 6.4953698730e+02 6.4959002686e+02 6.4966601563e+02 6.4975000000e+02 6.4984399414e+02 6.4990698242e+02 6.4997900391e+02 6.5008801270e+02 6.5015301514e+02
6.4760797119e+02 6.4761700439e+02 6.4767401123e+02 6.4771301270e+02 6.4774298096e+02 6.4780102539e+02 6.4782299805e+02 6.4786798096e+02 6.4790698242e+02 6.4794799805e+02 6.4801098633e+02 6.4805401611e+02 6.4809899902e+02 6.4814300537e+02 6.4819897461e+02 6.4825701904e+02 6.4830102539e+02 6.4837298584e+02 6.4841101074e+02 6.4847302246e+02 6.4850500488e+02 6.4853497314e+02 6.4859100342e+02 6.4864801025e+02 6.4869702148e+02 6.4874597168e+02 6.4879302979e+02 6.4886901855e+02 6.4894598389e+02 6.4900701904e+02 6.4904901123e+02 6.4909899902e+02 6.4916802979e+02 6.4922802734e+02 6.4929199219e+02 6.4935198975e+02 6.4940899658e+02 6.4947100830e+02 6.4954797363e+02 6.4961499023e+02 6.4967297363e+02 6.4977600098e+02 6.4985601807e+02 6.4993298340e+02 6.5002697754e+02 6.5011798096e+02
6.4755603027e+02 6.4757800293e+02 6.4763000488e+02 6.4765100098e+02 6.4769097900e+02 6.4774499512e+02 6.4775000000e+02 6.4779901123e+02 6.4786199951e+02 6.4789300537e+02 6.4792498779e+02 6.4796301270e+02 6.4802001953e+02 6.4806298828e+02 6.4811499023e+02 6.4816198730e+02 6.4821801758e+02 6.4828002930e+02 6.4831799316e+02 6.4838201904e+02 6.4841699219e+02 6.4845697021e+02 6.4851098633e+02 6.4856896973e+02 6.4863000488e+02 6.4868597412e+02 6.4873699951e+02 6.4880798340e+02 6.4887200928e+02 6.4890899658e+02 6.4897601318e+02 6.4903399658e+02 6.4908898926e+02 6.4915100098e+02 6.4922900391e+02 6.4929400635e+02 6.4935498047e+02 6.4943298340e+02 6.4950598145e+02 6.4957000732e+02 6.4962402344e+02 6.4971197510e+02 6.4979901123e+02 6.4987902832e+02 6.4996301270e+02 6.5005401611e+02
6.4749597168e+02 6.4751501465e+02 6.4756896973e+02 6.4759600830e+02 6.4763800049e+02 6.4765802002e+02 6.4767297363e+02 6.4772698975e+02 6.4778698730e+02 6.4783398438e+02 6.4786700439e+02 6.4790698242e+02 6.4795800781e+02 6.4799401855e+02 6.4803900146e+02 6.4807800293e+02 6.4814099121e+02 6.4820599365e+02 6.4825000000e+02 6.4831298828e+02 6.4834497070e+02 6.4839599609e+02 6.4845501709e+02 6.4850799561e+02 6.4855499268e+02 6.4861199951e+02 6.4867797852e+02 6.4874200439e+02 6.4879797363e+02 6.4884399414e+02 6.4891198730e+02 6.4897302246e+02 6.4904602051e+02 6.4909100342e+02 6.4916101074e+02 6.4922698975e+02 6.4928900146e+02 6.4936999512e+02 6.4944396973e+02 6.4951397705e+02 6.4957000732e+02 6.4964599609e+02 6.4973199463e+02 6.4981799316e+02 6.4990197754e+02 6.4998199463e+02
6.4744396973e+02 6.4747497559e+02 6.4751599121e+02 6.4755401611e+02 6.4760998535e+02 6.4761700439e+02 6.4764697266e+02 6.4767901611e+02 6.4771099854e+02 6.4775500488e+02 6.4779901123e+02 6.4784301758e+02 6.4787799072e+02 6.4792102051e+02 6.4796801758e+02 6.4801000977e+02 6.4804699707e+02 6.4812500000e+02 6.4818103027e+02 6.4824499512e+02 6.4828802490e+02 6.4832501221e+02 6.4837799072e+02 6.4843298340e+02 6.4847802734e+02 6.4853399658e+02 6.4860601807e+02 6.4867199707e+02 6.4871899414e+02 6.4879498291e+02 6.4885998535e+02 6.4891802979e+02 6.4897302246e+02 6.4903601074e+02 6.4909698486e+02 6.4916699219e+02 6.4922601318e+02 6.4930102539e+02 6.4938299561e+02 6.4946197510e+02 6.4953302002e+02 6.4959600830e+02 6.4965899658e+02 6.4974200439e+02 6.4983898926e+02 6.4991802979e+02
6.4741302490e+02 6.4743597412e+02 6.4745898438e+02 6.4748101807e+02 6.4752801514e+02 6.4755603027e+02 6.4759197998e+02 6.4761901855e+02 6.4765002441e+02 6.4769799805e+02 6.4773999023e+02 6.4777099609e+02 6.4781097412e+02 6.4784497070e+02 6.4789099121e+02 6.4794396973e+02 6.4798101807e+02 6.4803601074e+02 6.4809399414e+02 6.4816302490e+02 6.4820599365e+02 6.4825000000e+02 6.4830700684e+02 6.4835998535e+02 6.4840600586e+02 6.4846997070e+02 6.4854400635e+02 6.4862701416e+02 6.4866101074e+02 6.4872802734e+02 6.4878802490e+02 6.4885797119e+02 6.4890802002e+02 6.4898101807e+02 6.4905401611e+02 6.4912298584e+02 6.4917999268e+02 6.4923602295e+02 6.4932598877e+02 6.4941302490e+02 6.4948297119e+02 6.4954699707e+02 6.4961401367e+02 6.4970001221e+02 6.4978302002e+02 6.4985498047e+02
6.4737298584e+02 6.4738598633e+02 6.4741900635e+02 6.4745098877e+02 6.4747998047e+02 6.4749499512e+02 6.4754101563e+02 6.4757501221e+02 6.4760302734e+02 6.4766101074e+02 6.4770202637e+02 6.4771997070e+02 6.4775598145e+02 6.4778302002e+02 6.4782202148e+02 6.4787097168e+02 6.4791497803e+02 6.4797198486e+02 6.4802697754e+02 6.4808398438e+02 6.4811199951e+02 6.4816198730e+02 6.4822698975e+02 6.4828698730e+02 6.4833697510e+02 6.4839202881e+02 6.4846197510e+02 6.4854901123e+02 6.4859002686e+02 6.4865002441e+02 6.4870599365e+02 6.4877801514e+02 6.4883197021e+02 6.4891198730e+02 6.4898699951e+02 6.4905297852e+02 6.4912902832e+02 6.4916998291e+02 6.4926397705e+02 6.4934698486e+02 6.4940802002e+02 6.4949102783e+02 6.4957000732e+02 6.4964898682e+02 6.4971899414e+02 6.4980200195e+02
6.4729901123e+02 6.4731896973e+02 6.4736499023e+02 6.4739099121e+02 6.4742498779e+02 6.4745202637e+02 6.4749102783e+02 6.4752301025e+02 6.4754199219e+02 6.4758801270e+02 6.4763098145e+02 6.4765802002e+02 6.4769201660e+02 6.4772302246e+02 6.4776702881e+02 6.4780798340e+02 6.4784997559e+02 6.4790399170e+02 6.4795098877e+02 6.4801000977e+02 6.4805401611e+02 6.4808300781e+02 6.4813702393e+02 6.4821099854e+02 6.4826599121e+02 6.4831097412e+02 6.4838000488e+02 6.4846197510e+02 6.4851501465e+02 6.4858197021e+02 6.4864898682e+02 6.4871997070e+02 6.4877001953e+02 6.4885400391e+02 6.4892102051e+02 6.4898199463e+02 6.4905902100e+02 6.4911102295e+02 6.4920697021e+02 6.4928399658e+02 6.4934002686e+02 6.4942999268e+02 6.4950097656e+02 6.4958502197e+02 6.4966198730e+02 6.4972198486e+02
6.4725201416e+02 6.4726898193e+02 6.4731298828e+02 6.4732501221e+02 6.4736401367e+02 6.4739099121e+02 6.4741699219e+02 6.4745898438e+02 6.4750000000e+02 6.4752398682e+02 6.4755700684e+02 6.4758697510e+02 6.4763299561e+02 6.4765301514e+02 6.4770202637e+02 6.4773901367e+02 6.4776300049e+02 6.4782397461e+02 6.4787902832e+02 6.4794000244e+02 6.4801800537e+02 6.4801202393e+02 6.4804699707e+02 6.4811700439e+02 6.4817700195e+02 6.4823297119e+02 6.4829699707e+02 6.4837902832e+02 6.4843597412e+02 6.4850402832e+02 6.4858099365e+02 6.4864398193e+02 6.4869799805e+02 6.4877197266e+02 6.4884002686e+02 6.4890997314e+02 6.4897601318e+02 6.4906097412e+02 6.4915600586e+02 6.4922100830e+02 6.4929901123e+02 6.4938800049e+02 6.4945098877e+02 6.4952600098e+02 6.4961499023e+02 6.4966497803e+02
6.4721301270e+02 6.4722998047e+02 6.4726501465e+02 6.4727899170e+02 6.4729797363e+02 6.4731701660e+02 6.4736401367e+02 6.4740100098e+02 6.4744000244e+02 6.4747302246e+02 6.4750097656e+02 6.4753002930e+02 6.4757702637e+02 6.4759698486e+02 6.4763000488e+02 6.4766497803e+02 6.4769702148e+02 6.4774798584e+02 6.4781298828e+02 6.4785900879e+02 6.4790399170e+02 6.4793499756e+02 6.4798101807e+02 6.4803601074e+02 6.4809002686e+02 6.4815002441e+02 6.4821301270e+02 6.4829699707e+02 6.4835101318e+02 6.4842297363e+02 6.4849798584e+02 6.4855902100e+02 6.4863098145e+02 6.4871600342e+02 6.4878698730e+02 6.4884997559e+02 6.4891699219e+02 6.4899902344e+02 6.4908300781e+02 6.4913897705e+02 6.4920800781e+02 6.4929699707e+02 6.4938800049e+02 6.4947302246e+02 6.4953497314e+02 6.4961602783e+02
6.4714099121e+02 6.4716400146e+02 6.4719299316e+02 6.4722302246e+02 6.4725598145e+02 6.4727899170e+02 6.4730499268e+02 6.4733099365e+02 6.4737402344e+02 6.4740802002e+02 6.4744000244e+02 6.4747497559e+02 6.4751800537e+02 6.4755102539e+02 6.4757501221e+02 6.4761401367e+02 6.4766302490e+02 6.4769097900e+02 6.4773400879e+02 6.4778601074e+02 6.4783001709e+02 6.4786297607e+02 6.4790698242e+02 6.4796697998e+02 6.4801000977e+02 6.4807702637e+02 6.4814300537e+02 6.4820397949e+02 6.4826800537e+02 6.4834899902e+02 6.4841198730e+02 6.4846398926e+02 6.4854199219e+02 6.4863500977e+02 6.4870397949e+02 6.4877899170e+02 6.4885302734e+02 6.4894299316e+02 6.4902001953e+02 6.4908599854e+02 6.4915899658e+02 6.4923797607e+02 6.4933099365e+02 6.4943103027e+02 6.4948498535e+02 6.4957501221e+02
6.4707702637e+02 6.4710302734e+02 6.4713000488e+02 6.4715600586e+02 6.4717901611e+02 6.4721502686e+02 6.4724298096e+02 6.4728002930e+02 6.4731201172e+02 6.4733898926e+02 6.4737597656e+02 6.4741497803e+02 6.4745599365e+02 6.4748699951e+02 6.4751898193e+02 6.4755798340e+02 6.4759197998e+02 6.4762902832e+02 6.4766900635e+02 6.4771697998e+02 6.4776599121e+02 6.4779199219e+02 6.4784197998e+02 6.4791699219e+02 6.4794702148e+02 6.4802697754e+02 6.4810101318e+02 6.4814398193e+02 6.4819598389e+02 6.4825897217e+02 6.4832501221e+02 6.4838299561e+02 6.4845898438e+02 6.4854901123e+02 6.4861700439e+02 6.4870800781e+02 6.4878399658e+02 6.4886798096e+02 6.4894500732e+02 6.4901898193e+02 6.4910400391e+02 6.4919598389e+02 6.4927398682e+02 6.4936199951e+02 6.4943103027e+02 6.4952801514e+02
6.4702099609e+02 6.4705401611e+02 6.4709802246e+02 6.4713000488e+02 6.4714099121e+02 6.4717602539e+02 6.4720001221e+02 6.4723297119e+02 6.4726000977e+02 6.4729101563e+02 6.4733398438e+02 6.4736297607e+02 6.4739801025e+02 6.4741699219e+02 6.4744897461e+02 6.4748297119e+02 6.4751202393e+02 6.4755102539e+02 6.4760998535e+02 6.4765802002e+02 6.4768798828e+02 6.4773101807e+02 6.4779400635e+02 6.4785498047e+02 6.4786401367e+02 6.4792700195e+02 6.4799102783e+02 6.4804998779e+02 6.4811401367e+02 6.4818701172e+02 6.4825500488e+02 6.4832702637e+02 6.4839398193e+02 6.4847198486e+02 6.4854901123e+02 6.4864001465e+02 6.4870098877e+02 6.4877502441e+02 6.4885198975e+02 6.4892901611e+02 6.4901898193e+02 6.4913000488e+02 6.4920202637e+02 6.4928698730e+02 6.4938000488e+02 6.4947302246e+02
6.4697302246e+02 6.4699298096e+02 6.4703399658e+02 6.4706597900e+02 6.4710198975e+02 6.4712097168e+02 6.4714300537e+02 6.4717199707e+02 6.4719299316e+02 6.4722497559e+02 6.4726397705e+02 6.4729400635e+02 6.4733300781e+02 6.4737097168e+02 6.4741198730e+02 6.4744000244e+02 6.4746002197e+02 6.4749298096e+02 6.4753698730e+02 6.4758898926e+02 6.4763800049e+02 6.4768103027e+02 6.4771801758e+02 6.4777099609e+02 6.4780798340e+02 6.4784497070e+02 6.4789599609e+02 6.4796801758e+02 6.4804101563e+02 6.4809802246e+02 6.4817102051e+02 6.4824597168e+02 6.4830902100e+02 6.4838397217e+02 6.4846502686e+02 6.4854998779e+02 6.4861798096e+02 6.4868499756e+02 6.4877801514e+02 6.4887298584e+02 6.4895001221e+02 6.4905499268e+02 6.4912799072e+02 6.4922698975e+02 6.4932299805e+02 6.4940002441e+02
6.4693200684e+02 6.4693597412e+02 6.4697601318e+02 6.4700402832e+02 6.4703698730e+02 6.4704199219e+02 6.4708197021e+02 6.4711901855e+02 6.4713201904e+02 6.4716198730e+02 6.4720397949e+02 6.4723901367e+02 6.4726202393e+02 6.4729998779e+02 6.4734997559e+02 6.4739099121e+02 6.4740997314e+02 6.4745397949e+02 6.4749597168e+02 6.4753900146e+02 6.4758697510e+02 6.4762902832e+02 6.4766601563e+02 6.4770898438e+02 6.4775097656e+02 6.4779797363e+02 6.4783898926e+02 6.4790502930e+02 6.4796502686e+02 6.4800897217e+02 6.4809197998e+02 6.4814898682e+02 6.4822100830e+02 6.4830102539e+02 6.4837500000e+02 6.4844897461e+02 6.4852099609e+02 6.4858502197e+02 6.4869396973e+02 6.4880200195e+02 6.4887097168e+02 6.4898400879e+02 6.4906201172e+02 6.4917401123e+02 6.4926501465e+02 6.4932397461e+02
6.4690301514e+02 6.4690399170e+02 6.4694500732e+02 6.4696997070e+02 6.4698297119e+02 6.4699597168e+02 6.4703198242e+02 6.4706097412e+02 6.4708099365e+02 6.4710498047e+02 6.4714697266e+02 6.4718902588e+02 6.4720501709e+02 6.4723699951e+02 6.4727301025e+02 6.4732000732e+02 6.4735302734e+02 6.4741302490e+02 6.4745599365e+02 6.4749102783e+02 6.4752899170e+02 6.4756097412e+02 6.4760198975e+02 6.4765002441e+02 6.4768499756e+02 6.4772601318e+02 6.4777099609e+02 6.4784399414e+02 6.4790399170e+02 6.4795397949e+02 6.4803997803e+02 6.4808898926e+02 6.4816198730e+02 6.4824401855e+02 6.4830798340e+02 6.4839300537e+02 6.4846502686e+02 6.4851800537e+02 6.4861199951e+02 6.4870898438e+02 6.4878497314e+02 6.4890802002e+02 6.4897601318e+02 6.4908197021e+02 6.4918402100e+02 6.4925201416e+02
6.4686999512e+02 6.4687701416e+02 6.4690301514e+02 6.4693103027e+02 6.4693902588e+02 6.4696997070e+02 6.4698297119e+02 6.4700299072e+02 6.4704602051e+02 6.4706298828e+02 6.4709301758e+02 6.4712298584e+02 6.4713897705e+02 6.4718798828e+02 6.4722399902e+02 6.4726098633e+02 6.4728497314e+02 6.4736199951e+02 6.4739202881e+02 6.4741998291e+02 6.4746600342e+02 6.4750897217e+02 6.4754901123e+02 6.4760101318e+02 6.4764202881e+02 6.4766101074e+02 6.4769702148e+02 6.4776702881e+02 6.4783398438e+02 6.4788201904e+02 6.4796099854e+02 6.4802600098e+02 6.4808398438e+02 6.4816802979e+02 6.4822601318e+02 6.4831298828e+02 6.4837500000e+02 6.4845098877e+02 6.4853497314e+02 6.4861798096e+02 6.4870001221e+02 6.4882098389e+02 6.4889501953e+02 6.4899102783e+02 6.4909301758e+02 6.4917901611e+02
6.4681799316e+02 6.4683801270e+02 6.4685601807e+02 6.4687701416e+02 6.4688897705e+02 6.4690802002e+02 6.4693499756e+02 6.4695800781e+02 6.4698498535e+02 6.4700897217e+02 6.4704199219e+02 6.4707299805e+02 6.4709698486e+02 6.4714001465e+02 6.4716699219e+02 6.4720800781e+02 6.4723400879e+02 6.4729602051e+02 6.4733300781e+02 6.4736401367e+02 6.4742199707e+02 6.4744702148e+02 6.4748297119e+02 6.4754101563e+02 6.4759301758e+02 6.4762597656e+02 6.4767797852e+02 6.4772497559e+02 6.4776202393e+02 6.4781597900e+02 6.4788800049e+02 6.4794702148e+02 6.4801202393e+02 6.4807702637e+02 6.4813598633e+02 6.4820697021e+02 6.4828399658e+02 6.4836602783e+02 6.4844097900e+02 6.4853302002e+02 6.4863000488e+02 6.4872802734e+02 6.4881201172e+02 6.4892199707e+02 6.4902600098e+02 6.4909100342e+02
6.4678302002e+02 6.4680902100e+02 6.4683300781e+02 6.4683898926e+02 6.4684600830e+02 6.4686499023e+02 6.4689501953e+02 6.4692602539e+02 6.4693597412e+02 6.4696997070e+02 6.4700402832e+02 6.4703497314e+02 6.4706298828e+02 6.4709301758e+02 6.4712298584e+02 6.4716101074e+02 6.4718200684e+02 6.4722802734e+02 6.4727899170e+02 6.4731201172e+02 6.4735797119e+02 6.4739599609e+02 6.4744299316e+02 6.4750299072e+02 6.4753900146e+02 6.4756701660e+02 6.4762200928e+02 6.4767199707e+02 6.4770599365e+02 6.4775598145e+02 6.4782000732e+02 6.4786901855e+02 6.4793701172e+02 6.4800799561e+02 6.4808099365e+02 6.4815899658e+02 6.4823297119e+02 6.4830200195e+02 6.4835998535e+02 6.4844799805e+02 6.4854199219e+02 6.4864300537e+02 6.4873797607e+02 6.4882501221e+02 6.4892199707e+02 6.4899597168e+02
6.4673199463e+02 6.4676202393e+02 6.4679302979e+02 6.4680102539e+02 6.4681896973e+02 6.4683599854e+02 6.4685198975e+02 6.4688702393e+02 6.4690197754e+02 6.4693298340e+02 6.4696502686e+02 6.4699798584e+02 6.4702099609e+02 6.4704498291e+02 6.4708197021e+02 6.4711798096e+02 6.4713800049e+02 6.4718597412e+02 6.4724700928e+02 6.4727398682e+02 6.4730499268e+02 6.4734802246e+02 6.4739202881e+02 6.4743902588e+02 6.4747100830e+02 6.4750000000e+02 6.4753698730e+02 6.4758300781e+02 6.4762902832e+02 6.4769299316e+02 6.4776501465e+02 6.4780700684e+02 6.4785400391e+02 6.4791699219e+02 6.4799700928e+02 6.4808197021e+02 6.4815100098e+02 6.4821697998e+02 6.4827398682e+02 6.4835699463e+02 6.4842999268e+02 6.4853302002e+02 6.4863201904e+02 6.4869799805e+02 6.4879699707e+02 6.4890100098e+02
