TESTSERVER/2/1.asc
NCOLS 100
NROWS 100
XLLCORNER 7.5997500000e+03
YLLCORNER 2.8990025000e+05
CELLSIZE 5.0000000000e-01
NODATA_VALUE -9.9990000000e+03
[rows 80 to 99 of 100, columns 0 to 45 of 100]
6.4273297119e+02 6.4280700684e+02 6.4283599854e+02 6.4284002686e+02 6.4285498047e+02 6.4288800049e+02 6.4293402100e+02 6.4296099854e+02 6.4298199463e+02 6.4299902344e+02 6.4302301025e+02 6.4306402588e+02 6.4311602783e+02 6.4318200684e+02 6.4327001953e+02 6.4337799072e+02 6.4345300293e+02 6.4347100830e+02 6.4344897461e+02 6.4344097900e+02 6.4339801025e+02 6.4333502197e+02 6.4329400635e+02 6.4341302490e+02 6.4356500244e+02 6.4371801758e+02 6.4383197021e+02 6.4394897461e+02 6.4407397461e+02 6.4418298340e+02 6.4425299072e+02 6.4425598145e+02 6.4424597168e+02 6.4428198242e+02 6.4435998535e+02 6.4439501953e+02 6.4444897461e+02 6.4448199463e+02 6.4450402832e+02 6.4449298096e+02 6.4448498535e+02 6.4447998047e+02 6.4451098633e+02 6.4458197021e+02 6.4467797852e+02 6.4475402832e+02
6.4255999756e+02 6.4267700195e+02 6.4273699951e+02 6.4278802490e+02 6.4283300781e+02 6.4288000488e+02 6.4293402100e+02 6.4297998047e+02 6.4300897217e+02 6.4302301025e+02 6.4303198242e+02 6.4305798340e+02 6.4309802246e+02 6.4314697266e+02 6.4319396973e+02 6.4324798584e+02 6.4330700684e+02 6.4335498047e+02 6.4340002441e+02 6.4340100098e+02 6.4334100342e+02 6.4326599121e+02 6.4327001953e+02 6.4340698242e+02 6.4358898926e+02 6.4376397705e+02 6.4387298584e+02 6.4396099854e+02 6.4403698730e+02 6.4409600830e+02 6.4416302490e+02 6.4420202637e+02 6.4420898438e+02 6.4422998047e+02 6.4424298096e+02 6.4424902344e+02 6.4433001709e+02 6.4442199707e+02 6.4447802734e+02 6.4449700928e+02 6.4448901367e+02 6.4448699951e+02 6.4450598145e+02 6.4454998779e+02 6.4460900879e+02 6.4465802002e+02
6.4230999756e+02 6.4244897461e+02 6.4253900146e+02 6.4262902832e+02 6.4271600342e+02 6.4280200195e+02 6.4288500977e+02 6.4296398926e+02 6.4302099609e+02 6.4304998779e+02 6.4305499268e+02 6.4307000732e+02 6.4309698486e+02 6.4312902832e+02 6.4316400146e+02 6.4319500732e+02 6.4324401855e+02 6.4330798340e+02 6.4337597656e+02 6.4340399170e+02 6.4338299561e+02 6.4334002686e+02 6.4334197998e+02 6.4345001221e+02 6.4362097168e+02 6.4379302979e+02 6.4390197754e+02 6.4397900391e+02 6.4402801514e+02 6.4405297852e+02 6.4409600830e+02 6.4416998291e+02 6.4420397949e+02 6.4422601318e+02 6.4420202637e+02 6.4422100830e+02 6.4430297852e+02 6.4438500977e+02 6.4441400146e+02 6.4442498779e+02 6.4442401123e+02 6.4443298340e+02 6.4445599365e+02 6.4449200439e+02 6.4453900146e+02 6.4457501221e+02
6.4203302002e+02 6.4216699219e+02 6.4227301025e+02 6.4238702393e+02 6.4251098633e+02 6.4264099121e+02 6.4276800537e+02 6.4289599609e+02 6.4300000000e+02 6.4306402588e+02 6.4307800293e+02 6.4309197998e+02 6.4311499023e+02 6.4313702393e+02 6.4316400146e+02 6.4319702148e+02 6.4324298096e+02 6.4330102539e+02 6.4335302734e+02 6.4341699219e+02 6.4345098877e+02 6.4344500732e+02 6.4342999268e+02 6.4349200439e+02 6.4362701416e+02 6.4377398682e+02 6.4388000488e+02 6.4397302246e+02 6.4402697754e+02 6.4404400635e+02 6.4405700684e+02 6.4411700439e+02 6.4417102051e+02 6.4421899414e+02 6.4421002197e+02 6.4423797607e+02 6.4429602051e+02 6.4433502197e+02 6.4432598877e+02 6.4432598877e+02 6.4432897949e+02 6.4434399414e+02 6.4438000488e+02 6.4442498779e+02 6.4446997070e+02 6.4450402832e+02
6.4179797363e+02 6.4190600586e+02 6.4200299072e+02 6.4213000488e+02 6.4227099609e+02 6.4242797852e+02 6.4258898926e+02 6.4278399658e+02 6.4294396973e+02 6.4304797363e+02 6.4309600830e+02 6.4311297607e+02 6.4313000488e+02 6.4314599609e+02 6.4316101074e+02 6.4320697021e+02 6.4325598145e+02 6.4329101563e+02 6.4330798340e+02 6.4338598633e+02 6.4345001221e+02 6.4347698975e+02 6.4347100830e+02 6.4350097656e+02 6.4358001709e+02 6.4368597412e+02 6.4378802490e+02 6.4390899658e+02 6.4399798584e+02 6.4403900146e+02 6.4403997803e+02 6.4403802490e+02 6.4406701660e+02 6.4412597656e+02 6.4416497803e+02 6.4420599365e+02 6.4423400879e+02 6.4424499512e+02 6.4424798584e+02 6.4424499512e+02 6.4424700928e+02 6.4426000977e+02 6.4430200195e+02 6.4436199951e+02 6.4441198730e+02 6.4445898438e+02
6.4163000488e+02 6.4172601318e+02 6.4182397461e+02 6.4193597412e+02 6.4206799316e+02 6.4222497559e+02 6.4241601563e+02 6.4264697266e+02 6.4284100342e+02 6.4298602295e+02 6.4307800293e+02 6.4313299561e+02 6.4316101074e+02 6.4317901611e+02 6.4319702148e+02 6.4324200439e+02 6.4328399658e+02 6.4331097412e+02 6.4331201172e+02 6.4335302734e+02 6.4340698242e+02 6.4344396973e+02 6.4346099854e+02 6.4348400879e+02 6.4352301025e+02 6.4358898926e+02 6.4368902588e+02 6.4381402588e+02 6.4390997314e+02 6.4396301270e+02 6.4396002197e+02 6.4394097900e+02 6.4395202637e+02 6.4399401855e+02 6.4404797363e+02 6.4409100342e+02 6.4414099121e+02 6.4418200684e+02 6.4420202637e+02 6.4420599365e+02 6.4421301270e+02 6.4422601318e+02 6.4426202393e+02 6.4431402588e+02 6.4436602783e+02 6.4442199707e+02
6.4151599121e+02 6.4159997559e+02 6.4169396973e+02 6.4179797363e+02 6.4191400146e+02 6.4205798340e+02 6.4224597168e+02 6.4246899414e+02 6.4267102051e+02 6.4284497070e+02 6.4298602295e+02 6.4309002686e+02 6.4316400146e+02 6.4321301270e+02 6.4323602295e+02 6.4326300049e+02 6.4328900146e+02 6.4330999756e+02 6.4333001709e+02 6.4335998535e+02 6.4340002441e+02 6.4343298340e+02 6.4345202637e+02 6.4346899414e+02 6.4349200439e+02 6.4353302002e+02 6.4361199951e+02 6.4372302246e+02 6.4380999756e+02 6.4386602783e+02 6.4386700439e+02 6.4384100342e+02 6.4384497070e+02 6.4388000488e+02 6.4393798828e+02 6.4400598145e+02 6.4407702637e+02 6.4414001465e+02 6.4417401123e+02 6.4417901611e+02 6.4419097900e+02 6.4420697021e+02 6.4423699951e+02 6.4428399658e+02 6.4433898926e+02 6.4439801025e+02
6.4144799805e+02 6.4151898193e+02 6.4161102295e+02 6.4171899414e+02 6.4181896973e+02 6.4193597412e+02 6.4208898926e+02 6.4227301025e+02 6.4245898438e+02 6.4264099121e+02 6.4281597900e+02 6.4297100830e+02 6.4309997559e+02 6.4319500732e+02 6.4324902344e+02 6.4328497314e+02 6.4330603027e+02 6.4332098389e+02 6.4335198975e+02 6.4337902832e+02 6.4340399170e+02 6.4342999268e+02 6.4345001221e+02 6.4346899414e+02 6.4348602295e+02 6.4351202393e+02 6.4356701660e+02 6.4364801025e+02 6.4371899414e+02 6.4377197266e+02 6.4378399658e+02 6.4376501465e+02 6.4376599121e+02 6.4379302979e+02 6.4385400391e+02 6.4394201660e+02 6.4402899170e+02 6.4410900879e+02 6.4415100098e+02 6.4416101074e+02 6.4417797852e+02 6.4419500732e+02 6.4422302246e+02 6.4426800537e+02 6.4432397461e+02 6.4438500977e+02
6.4141497803e+02 6.4147698975e+02 6.4155297852e+02 6.4167999268e+02 6.4177502441e+02 6.4185699463e+02 6.4195397949e+02 6.4208398438e+02 6.4223901367e+02 6.4241101074e+02 6.4257598877e+02 6.4279101563e+02 6.4297601318e+02 6.4310900879e+02 6.4320501709e+02 6.4328198242e+02 6.4333697510e+02 6.4335900879e+02 6.4337799072e+02 6.4339001465e+02 6.4340399170e+02 6.4342602539e+02 6.4345202637e+02 6.4347198486e+02 6.4348797607e+02 6.4350897217e+02 6.4354797363e+02 6.4360198975e+02 6.4365600586e+02 6.4370300293e+02 6.4373199463e+02 6.4372497559e+02 6.4372698975e+02 6.4374700928e+02 6.4379699707e+02 6.4389001465e+02 6.4397601318e+02 6.4405902100e+02 6.4412200928e+02 6.4415600586e+02 6.4417401123e+02 6.4418298340e+02 6.4419201660e+02 6.4426000977e+02 6.4432098389e+02 6.4438702393e+02
6.4139501953e+02 6.4145001221e+02 6.4150299072e+02 6.4161700439e+02 6.4170800781e+02 6.4177899170e+02 6.4185498047e+02 6.4197998047e+02 6.4211602783e+02 6.4224700928e+02 6.4237701416e+02 6.4259399414e+02 6.4279199219e+02 6.4289202881e+02 6.4297698975e+02 6.4311401367e+02 6.4328698730e+02 6.4339300537e+02 6.4341302490e+02 6.4341400146e+02 6.4341699219e+02 6.4344201660e+02 6.4346502686e+02 6.4346997070e+02 6.4348999023e+02 6.4352001953e+02 6.4355798340e+02 6.4359197998e+02 6.4363299561e+02 6.4367297363e+02 6.4370098877e+02 6.4370501709e+02 6.4371899414e+02 6.4374700928e+02 6.4379498291e+02 6.4385498047e+02 6.4391802979e+02 6.4398602295e+02 6.4406701660e+02 6.4412799072e+02 6.4415301514e+02 6.4416400146e+02 6.4417999268e+02 6.4424401855e+02 6.4431597900e+02 6.4438897705e+02
6.4137402344e+02 6.4141699219e+02 6.4145397949e+02 6.4154498291e+02 6.4165100098e+02 6.4176397705e+02 6.4187402344e+02 6.4197998047e+02 6.4205798340e+02 6.4212200928e+02 6.4220898438e+02 6.4239801025e+02 6.4257702637e+02 6.4263098145e+02 6.4266998291e+02 6.4284002686e+02 6.4312402344e+02 6.4333300781e+02 6.4341101074e+02 6.4344598389e+02 6.4346197510e+02 6.4348498535e+02 6.4350000000e+02 6.4350097656e+02 6.4352001953e+02 6.4354998779e+02 6.4357897949e+02 6.4360601807e+02 6.4363897705e+02 6.4366699219e+02 6.4368798828e+02 6.4369897461e+02 6.4371997070e+02 6.4375201416e+02 6.4379602051e+02 6.4383502197e+02 6.4388000488e+02 6.4393298340e+02 6.4400701904e+02 6.4407598877e+02 6.4411401367e+02 6.4414099121e+02 6.4416699219e+02 6.4422900391e+02 6.4430297852e+02 6.4437701416e+02
6.4133697510e+02 6.4137298584e+02 6.4139001465e+02 6.4146697998e+02 6.4161199951e+02 6.4179699707e+02 6.4196197510e+02 6.4202801514e+02 6.4202099609e+02 6.4201599121e+02 6.4208599854e+02 6.4226202393e+02 6.4244299316e+02 6.4248199463e+02 6.4247998047e+02 6.4266302490e+02 6.4297698975e+02 6.4324597168e+02 6.4340899658e+02 6.4349298096e+02 6.4352801514e+02 6.4354302979e+02 6.4354602051e+02 6.4354602051e+02 6.4355798340e+02 6.4357598877e+02 6.4359600830e+02 6.4362701416e+02 6.4365698242e+02 6.4367797852e+02 6.4368902588e+02 6.4369702148e+02 6.4371899414e+02 6.4375097656e+02 6.4379602051e+02 6.4382299805e+02 6.4385302734e+02 6.4389202881e+02 6.4395397949e+02 6.4402197266e+02 6.4407202148e+02 6.4411102295e+02 6.4415002441e+02 6.4421301270e+02 6.4428497314e+02 6.4435797119e+02
6.4127301025e+02 6.4130798340e+02 6.4130999756e+02 6.4138397217e+02 6.4153100586e+02 6.4171697998e+02 6.4188201904e+02 6.4195898438e+02 6.4192901611e+02 6.4191802979e+02 6.4199597168e+02 6.4213800049e+02 6.4233300781e+02 6.4241900635e+02 6.4245599365e+02 6.4266198730e+02 6.4292901611e+02 6.4321697998e+02 6.4346997070e+02 6.4359002686e+02 6.4360797119e+02 6.4358801270e+02 6.4358697510e+02 6.4357397461e+02 6.4357397461e+02 6.4358502197e+02 6.4360699463e+02 6.4364202881e+02 6.4367102051e+02 6.4369299316e+02 6.4370599365e+02 6.4370202637e+02 6.4371600342e+02 6.4374798584e+02 6.4379602051e+02 6.4383099365e+02 6.4384899902e+02 6.4387200928e+02 6.4393200684e+02 6.4397900391e+02 6.4402801514e+02 6.4407501221e+02 6.4413000488e+02 6.4419000244e+02 6.4426300049e+02 6.4433599854e+02
6.4117901611e+02 6.4120898438e+02 6.4121002197e+02 6.4125598145e+02 6.4136297607e+02 6.4150598145e+02 6.4165301514e+02 6.4174200439e+02 6.4178002930e+02 6.4185302734e+02 6.4195300293e+02 6.4202600098e+02 6.4218499756e+02 6.4228198242e+02 6.4240997314e+02 6.4269500732e+02 6.4295202637e+02 6.4326300049e+02 6.4350000000e+02 6.4364599609e+02 6.4367102051e+02 6.4361199951e+02 6.4356597900e+02 6.4354602051e+02 6.4353100586e+02 6.4357000732e+02 6.4361798096e+02 6.4365899658e+02 6.4368298340e+02 6.4369396973e+02 6.4370599365e+02 6.4371197510e+02 6.4372302246e+02 6.4374902344e+02 6.4379998779e+02 6.4383801270e+02 6.4384698486e+02 6.4385601807e+02 6.4390002441e+02 6.4394097900e+02 6.4397698975e+02 6.4402301025e+02 6.4408502197e+02 6.4414599609e+02 6.4421899414e+02 6.4428997803e+02
6.4109600830e+02 6.4111102295e+02 6.4109997559e+02 6.4110601807e+02 6.4117797852e+02 6.4129998779e+02 6.4145001221e+02 6.4156896973e+02 6.4166998291e+02 6.4180902100e+02 6.4191699219e+02 6.4201501465e+02 6.4213397217e+02 6.4216400146e+02 6.4234399414e+02 6.4266198730e+02 6.4290002441e+02 6.4319396973e+02 6.4338299561e+02 6.4354400635e+02 6.4361999512e+02 6.4357299805e+02 6.4352301025e+02 6.4349401855e+02 6.4343902588e+02 6.4344799805e+02 6.4350500488e+02 6.4360699463e+02 6.4367401123e+02 6.4370001221e+02 6.4371801758e+02 6.4373400879e+02 6.4374798584e+02 6.4376300049e+02 6.4379302979e+02 6.4382702637e+02 6.4384497070e+02 6.4385998535e+02 6.4389001465e+02 6.4391802979e+02 6.4394500732e+02 6.4398297119e+02 6.4404101563e+02 6.4410198975e+02 6.4416900635e+02 6.4423199463e+02
6.4102398682e+02 6.4101800537e+02 6.4098602295e+02 6.4095501709e+02 6.4100402832e+02 6.4111798096e+02 6.4128399658e+02 6.4144201660e+02 6.4158001709e+02 6.4172998047e+02 6.4182501221e+02 6.4196801758e+02 6.4202502441e+02 6.4202801514e+02 6.4225799561e+02 6.4254302979e+02 6.4276501465e+02 6.4298699951e+02 6.4312500000e+02 6.4331298828e+02 6.4341601563e+02 6.4342901611e+02 6.4344500732e+02 6.4343200684e+02 6.4331597900e+02 6.4325299072e+02 6.4330902100e+02 6.4350598145e+02 6.4365197754e+02 6.4372302246e+02 6.4375000000e+02 6.4377600098e+02 6.4379699707e+02 6.4380401611e+02 6.4380297852e+02 6.4383001709e+02 6.4385302734e+02 6.4387298584e+02 6.4390197754e+02 6.4392102051e+02 6.4394201660e+02 6.4397100830e+02 6.4401501465e+02 6.4407299805e+02 6.4413598633e+02 6.4419799805e+02
6.4096002197e+02 6.4092602539e+02 6.4084197998e+02 6.4079699707e+02 6.4085198975e+02 6.4098699951e+02 6.4116699219e+02 6.4134002686e+02 6.4150097656e+02 6.4164099121e+02 6.4170898438e+02 6.4186999512e+02 6.4186901855e+02 6.4184399414e+02 6.4205499268e+02 6.4231799316e+02 6.4253601074e+02 6.4269702148e+02 6.4280999756e+02 6.4299597168e+02 6.4309399414e+02 6.4315600586e+02 6.4326501465e+02 6.4330200195e+02 6.4316400146e+02 6.4310797119e+02 6.4321002197e+02 6.4341699219e+02 6.4361602783e+02 6.4373199463e+02 6.4377801514e+02 6.4382299805e+02 6.4385797119e+02 6.4386499023e+02 6.4385797119e+02 6.4385198975e+02 6.4385498047e+02 6.4387298584e+02 6.4390301514e+02 6.4393499756e+02 6.4395800781e+02 6.4398400879e+02 6.4401702881e+02 6.4406799316e+02 6.4413000488e+02 6.4419097900e+02
6.4087200928e+02 6.4082897949e+02 6.4075402832e+02 6.4069799805e+02 6.4078900146e+02 6.4095001221e+02 6.4113098145e+02 6.4127099609e+02 6.4141601563e+02 6.4155700684e+02 6.4160699463e+02 6.4174200439e+02 6.4171197510e+02 6.4166302490e+02 6.4192297363e+02 6.4216998291e+02 6.4234698486e+02 6.4246997070e+02 6.4251300049e+02 6.4261700439e+02 6.4273199463e+02 6.4283599854e+02 6.4307299805e+02 6.4326300049e+02 6.4311499023e+02 6.4309899902e+02 6.4329797363e+02 6.4339801025e+02 6.4353302002e+02 6.4365399170e+02 6.4374298096e+02 6.4380700684e+02 6.4385998535e+02 6.4387799072e+02 6.4387298584e+02 6.4387597656e+02 6.4388201904e+02 6.4389801025e+02 6.4390600586e+02 6.4393597412e+02 6.4395697021e+02 6.4397998047e+02 6.4401800537e+02 6.4407702637e+02 6.4413598633e+02 6.4419097900e+02
6.4077801514e+02 6.4073999023e+02 6.4069500732e+02 6.4070098877e+02 6.4081799316e+02 6.4096502686e+02 6.4110101318e+02 6.4119702148e+02 6.4131500244e+02 6.4143200684e+02 6.4145898438e+02 6.4151501465e+02 6.4145300293e+02 6.4146301270e+02 6.4180902100e+02 6.4208898926e+02 6.4224200439e+02 6.4232098389e+02 6.4230401611e+02 6.4235601807e+02 6.4248199463e+02 6.4261901855e+02 6.4287298584e+02 6.4314697266e+02 6.4312597656e+02 6.4316601563e+02 6.4331701660e+02 6.4338702393e+02 6.4353497314e+02 6.4367297363e+02 6.4371600342e+02 6.4374499512e+02 6.4379101563e+02 6.4382098389e+02 6.4383697510e+02 6.4386199951e+02 6.4388702393e+02 6.4391302490e+02 6.4391998291e+02 6.4394299316e+02 6.4395599365e+02 6.4397100830e+02 6.4401300049e+02 6.4407897949e+02 6.4413897705e+02 6.4419799805e+02
6.4069201660e+02 6.4066900635e+02 6.4066802979e+02 6.4074102783e+02 6.4086901855e+02 6.4097900391e+02 6.4104699707e+02 6.4110601807e+02 6.4119000244e+02 6.4126800537e+02 6.4126599121e+02 6.4125598145e+02 6.4125598145e+02 6.4141601563e+02 6.4177398682e+02 6.4202001953e+02 6.4219201660e+02 6.4226300049e+02 6.4219598389e+02 6.4221197510e+02 6.4234002686e+02 6.4251000977e+02 6.4276702881e+02 6.4309600830e+02 6.4323199463e+02 6.4330200195e+02 6.4333197021e+02 6.4338201904e+02 6.4353399658e+02 6.4366601563e+02 6.4366198730e+02 6.4366198730e+02 6.4369799805e+02 6.4373999023e+02 6.4378399658e+02 6.4381896973e+02 6.4383801270e+02 6.4387298584e+02 6.4390301514e+02 6.4394097900e+02 6.4396697998e+02 6.4398602295e+02 6.4402301025e+02 6.4409002686e+02 6.4414599609e+02 6.4421197510e+02
