TESTSERVER/2/1.asc
NCOLS 100
NROWS 100
XLLCORNER 7.5997500000e+03
YLLCORNER 2.8990025000e+05
CELLSIZE 5.0000000000e-01
NODATA_VALUE -9.9990000000e+03
[rows 20 to 39 of 100, columns 46 to 91 of 100]
6.4397900391e+02 6.4398602295e+02 6.4401202393e+02 6.4404400635e+02 6.4402398682e+02 6.4404302979e+02 6.4407800293e+02 6.4410302734e+02 6.4411297607e+02 6.4413500977e+02 6.4412799072e+02 6.4415197754e+02 6.4419201660e+02 6.4419097900e+02 6.4419000244e+02 6.4421099854e+02 6.4423297119e+02 6.4425201416e+02 6.4426898193e+02 6.4428497314e+02 6.4429199219e+02 6.4432897949e+02 6.4435198975e+02 6.4440399170e+02 6.4446899414e+02 6.4445098877e+02 6.4446899414e+02 6.4451599121e+02 6.4454797363e+02 6.4457299805e+02 6.4460797119e+02 6.4461401367e+02 6.4461499023e+02 6.4466302490e+02 6.4471899414e+02 6.4476501465e+02 6.4481799316e+02 6.4486700439e+02 6.4489801025e+02 6.4492797852e+02 6.4492999268e+02 6.4484802246e+02 6.4506701660e+02 6.4527697754e+02 6.4528302002e+02 6.4531097412e+02
6.4400402832e+02 6.4402301025e+02 6.4403601074e+02 6.4405499268e+02 6.4404797363e+02 6.4405200195e+02 6.4407098389e+02 6.4409100342e+02 6.4409497070e+02 6.4413299561e+02 6.4414099121e+02 6.4415997314e+02 6.4417999268e+02 6.4418200684e+02 6.4418798828e+02 6.4422100830e+02 6.4424700928e+02 6.4424902344e+02 6.4428002930e+02 6.4431402588e+02 6.4431402588e+02 6.4434002686e+02 6.4438397217e+02 6.4441699219e+02 6.4442999268e+02 6.4444396973e+02 6.4447302246e+02 6.4450598145e+02 6.4453997803e+02 6.4456597900e+02 6.4459002686e+02 6.4460797119e+02 6.4460998535e+02 6.4465002441e+02 6.4470098877e+02 6.4474597168e+02 6.4479797363e+02 6.4484497070e+02 6.4490399170e+02 6.4493701172e+02 6.4496502686e+02 6.4484600830e+02 6.4484698486e+02 6.4510198975e+02 6.4525299072e+02 6.4530297852e+02
6.4402301025e+02 6.4403900146e+02 6.4403900146e+02 6.4404998779e+02 6.4405902100e+02 6.4405700684e+02 6.4408398438e+02 6.4409899902e+02 6.4411499023e+02 6.4414099121e+02 6.4415399170e+02 6.4417797852e+02 6.4419097900e+02 6.4419396973e+02 6.4419799805e+02 6.4422998047e+02 6.4426599121e+02 6.4425500488e+02 6.4428497314e+02 6.4433099365e+02 6.4433502197e+02 6.4432897949e+02 6.4438299561e+02 6.4440698242e+02 6.4440802002e+02 6.4444500732e+02 6.4447198486e+02 6.4448901367e+02 6.4451702881e+02 6.4453997803e+02 6.4457702637e+02 6.4460101318e+02 6.4461999512e+02 6.4466497803e+02 6.4470001221e+02 6.4473400879e+02 6.4478997803e+02 6.4481298828e+02 6.4488800049e+02 6.4495697021e+02 6.4500097656e+02 6.4496099854e+02 6.4488201904e+02 6.4495202637e+02 6.4513800049e+02 6.4530603027e+02
6.4404699707e+02 6.4404302979e+02 6.4404400635e+02 6.4406097412e+02 6.4407702637e+02 6.4408001709e+02 6.4409399414e+02 6.4410198975e+02 6.4413500977e+02 6.4413800049e+02 6.4415301514e+02 6.4417102051e+02 6.4419799805e+02 6.4420001221e+02 6.4420300293e+02 6.4422497559e+02 6.4426000977e+02 6.4425701904e+02 6.4428302002e+02 6.4431799316e+02 6.4433197021e+02 6.4432299805e+02 6.4436798096e+02 6.4439801025e+02 6.4441998291e+02 6.4445202637e+02 6.4447698975e+02 6.4449798584e+02 6.4451300049e+02 6.4453698730e+02 6.4458502197e+02 6.4460797119e+02 6.4463702393e+02 6.4468597412e+02 6.4471099854e+02 6.4473901367e+02 6.4480999756e+02 6.4481799316e+02 6.4487799072e+02 6.4495800781e+02 6.4499102783e+02 6.4500500488e+02 6.4497802734e+02 6.4491998291e+02 6.4500799561e+02 6.4523999023e+02
6.4410400391e+02 6.4407800293e+02 6.4406896973e+02 6.4408801270e+02 6.4411602783e+02 6.4411901855e+02 6.4412597656e+02 6.4413598633e+02 6.4412500000e+02 6.4416699219e+02 6.4418298340e+02 6.4418701172e+02 6.4419396973e+02 6.4420098877e+02 6.4420098877e+02 6.4422802734e+02 6.4427697754e+02 6.4427502441e+02 6.4428601074e+02 6.4430902100e+02 6.4434698486e+02 6.4434802246e+02 6.4436700439e+02 6.4439300537e+02 6.4440899658e+02 6.4445397949e+02 6.4447497559e+02 6.4450201416e+02 6.4452600098e+02 6.4454199219e+02 6.4457800293e+02 6.4460498047e+02 6.4462799072e+02 6.4468402100e+02 6.4471600342e+02 6.4475000000e+02 6.4482397461e+02 6.4483300781e+02 6.4488397217e+02 6.4494299316e+02 6.4496997070e+02 6.4501800537e+02 6.4503601074e+02 6.4500402832e+02 6.4497698975e+02 6.4506799316e+02
6.4412298584e+02 6.4410601807e+02 6.4409600830e+02 6.4410699463e+02 6.4412097168e+02 6.4413702393e+02 6.4415100098e+02 6.4414398193e+02 6.4413897705e+02 6.4416900635e+02 6.4417602539e+02 6.4420599365e+02 6.4421502686e+02 6.4422601318e+02 6.4421600342e+02 6.4422900391e+02 6.4427099609e+02 6.4427600098e+02 6.4429699707e+02 6.4432299805e+02 6.4434002686e+02 6.4434997559e+02 6.4437298584e+02 6.4441802979e+02 6.4442498779e+02 6.4446002197e+02 6.4447497559e+02 6.4450598145e+02 6.4452099609e+02 6.4454602051e+02 6.4457501221e+02 6.4461401367e+02 6.4463000488e+02 6.4467297363e+02 6.4471301270e+02 6.4475897217e+02 6.4482501221e+02 6.4484600830e+02 6.4489501953e+02 6.4493402100e+02 6.4495898438e+02 6.4500897217e+02 6.4504602051e+02 6.4504101563e+02 6.4499597168e+02 6.4494897461e+02
6.4413702393e+02 6.4412902832e+02 6.4411700439e+02 6.4413397217e+02 6.4415698242e+02 6.4416198730e+02 6.4417199707e+02 6.4417199707e+02 6.4415802002e+02 6.4419299316e+02 6.4419097900e+02 6.4421002197e+02 6.4421697998e+02 6.4421697998e+02 6.4422900391e+02 6.4425000000e+02 6.4427197266e+02 6.4428002930e+02 6.4432501221e+02 6.4435601807e+02 6.4434698486e+02 6.4435900879e+02 6.4438397217e+02 6.4442102051e+02 6.4443103027e+02 6.4445001221e+02 6.4447497559e+02 6.4452301025e+02 6.4452398682e+02 6.4454998779e+02 6.4458099365e+02 6.4461999512e+02 6.4464398193e+02 6.4467901611e+02 6.4471899414e+02 6.4476898193e+02 6.4482501221e+02 6.4484100342e+02 6.4489202881e+02 6.4494000244e+02 6.4495898438e+02 6.4499798584e+02 6.4504998779e+02 6.4506701660e+02 6.4505401611e+02 6.4501202393e+02
6.4415997314e+02 6.4416302490e+02 6.4414398193e+02 6.4414898682e+02 6.4416699219e+02 6.4416699219e+02 6.4418499756e+02 6.4421002197e+02 6.4418701172e+02 6.4421997070e+02 6.4422399902e+02 6.4424700928e+02 6.4425201416e+02 6.4424902344e+02 6.4425201416e+02 6.4426000977e+02 6.4428601074e+02 6.4429302979e+02 6.4433502197e+02 6.4435101318e+02 6.4435699463e+02 6.4438598633e+02 6.4441302490e+02 6.4443597412e+02 6.4444201660e+02 6.4447900391e+02 6.4450299072e+02 6.4453601074e+02 6.4454998779e+02 6.4459002686e+02 6.4460699463e+02 6.4462200928e+02 6.4465100098e+02 6.4469201660e+02 6.4473699951e+02 6.4478601074e+02 6.4483398438e+02 6.4485400391e+02 6.4491900635e+02 6.4496600342e+02 6.4496398926e+02 6.4500000000e+02 6.4505200195e+02 6.4507000732e+02 6.4506799316e+02 6.4507501221e+02
6.4415802002e+02 6.4416802979e+02 6.4417102051e+02 6.4417498779e+02 6.4419097900e+02 6.4418200684e+02 6.4418200684e+02 6.4421197510e+02 6.4421197510e+02 6.4425500488e+02 6.4426397705e+02 6.4428698730e+02 6.4429498291e+02 6.4428997803e+02 6.4428601074e+02 6.4428997803e+02 6.4430902100e+02 6.4432397461e+02 6.4434698486e+02 6.4436401367e+02 6.4440197754e+02 6.4439501953e+02 6.4442401123e+02 6.4445098877e+02 6.4445397949e+02 6.4449597168e+02 6.4452398682e+02 6.4455798340e+02 6.4458300781e+02 6.4462402344e+02 6.4464599609e+02 6.4465502930e+02 6.4468597412e+02 6.4471502686e+02 6.4474902344e+02 6.4478900146e+02 6.4483300781e+02 6.4487298584e+02 6.4493701172e+02 6.4497698975e+02 6.4498199463e+02 6.4501000977e+02 6.4505499268e+02 6.4507000732e+02 6.4507800293e+02 6.4509399414e+02
6.4417797852e+02 6.4417199707e+02 6.4417401123e+02 6.4419702148e+02 6.4421099854e+02 6.4421002197e+02 6.4420599365e+02 6.4422399902e+02 6.4424298096e+02 6.4428997803e+02 6.4430200195e+02 6.4431298828e+02 6.4431402588e+02 6.4433300781e+02 6.4434002686e+02 6.4433502197e+02 6.4435601807e+02 6.4435699463e+02 6.4437597656e+02 6.4439898682e+02 6.4442199707e+02 6.4442498779e+02 6.4445098877e+02 6.4448699951e+02 6.4451702881e+02 6.4455700684e+02 6.4456799316e+02 6.4460198975e+02 6.4462799072e+02 6.4465502930e+02 6.4468902588e+02 6.4470501709e+02 6.4471997070e+02 6.4474102783e+02 6.4477697754e+02 6.4482299805e+02 6.4485797119e+02 6.4487298584e+02 6.4492401123e+02 6.4498297119e+02 6.4500701904e+02 6.4501898193e+02 6.4505999756e+02 6.4508001709e+02 6.4509301758e+02 6.4511700439e+02
6.4420098877e+02 6.4420599365e+02 6.4421301270e+02 6.4423101807e+02 6.4421801758e+02 6.4422198486e+02 6.4423901367e+02 6.4425897217e+02 6.4428601074e+02 6.4434100342e+02 6.4435601807e+02 6.4436798096e+02 6.4437097168e+02 6.4439501953e+02 6.4439202881e+02 6.4438000488e+02 6.4440899658e+02 6.4440997314e+02 6.4442498779e+02 6.4444299316e+02 6.4444702148e+02 6.4446301270e+02 6.4449200439e+02 6.4452001953e+02 6.4455102539e+02 6.4461102295e+02 6.4461798096e+02 6.4464001465e+02 6.4467297363e+02 6.4469396973e+02 6.4472100830e+02 6.4473901367e+02 6.4475402832e+02 6.4476599121e+02 6.4478997803e+02 6.4482598877e+02 6.4485198975e+02 6.4485900879e+02 6.4490399170e+02 6.4497399902e+02 6.4501000977e+02 6.4501397705e+02 6.4505102539e+02 6.4508001709e+02 6.4509997559e+02 6.4513000488e+02
6.4420300293e+02 6.4422198486e+02 6.4422998047e+02 6.4424298096e+02 6.4423498535e+02 6.4423498535e+02 6.4426098633e+02 6.4429302979e+02 6.4432202148e+02 6.4437902832e+02 6.4440802002e+02 6.4442199707e+02 6.4443402100e+02 6.4444897461e+02 6.4443402100e+02 6.4442199707e+02 6.4445202637e+02 6.4446697998e+02 6.4447998047e+02 6.4448699951e+02 6.4449798584e+02 6.4452001953e+02 6.4455999756e+02 6.4459301758e+02 6.4460198975e+02 6.4464398193e+02 6.4465301514e+02 6.4468200684e+02 6.4472698975e+02 6.4475402832e+02 6.4476800537e+02 6.4477697754e+02 6.4480603027e+02 6.4481701660e+02 6.4481500244e+02 6.4482800293e+02 6.4485302734e+02 6.4485498047e+02 6.4489898682e+02 6.4496197510e+02 6.4500701904e+02 6.4500402832e+02 6.4503802490e+02 6.4507800293e+02 6.4510198975e+02 6.4512298584e+02
6.4419299316e+02 6.4421197510e+02 6.4423498535e+02 6.4425299072e+02 6.4425097656e+02 6.4427001953e+02 6.4429498291e+02 6.4432897949e+02 6.4436199951e+02 6.4441900635e+02 6.4445501709e+02 6.4446697998e+02 6.4447399902e+02 6.4447900391e+02 6.4446801758e+02 6.4446997070e+02 6.4449298096e+02 6.4450299072e+02 6.4451599121e+02 6.4452801514e+02 6.4454602051e+02 6.4456500244e+02 6.4459600830e+02 6.4462799072e+02 6.4466900635e+02 6.4467297363e+02 6.4468499756e+02 6.4471697998e+02 6.4476501465e+02 6.4478997803e+02 6.4481500244e+02 6.4481896973e+02 6.4485900879e+02 6.4485601807e+02 6.4483398438e+02 6.4483599854e+02 6.4486901855e+02 6.4487402344e+02 6.4492602539e+02 6.4496697998e+02 6.4499499512e+02 6.4500701904e+02 6.4504101563e+02 6.4508697510e+02 6.4511401367e+02 6.4514001465e+02
6.4422198486e+02 6.4422198486e+02 6.4423199463e+02 6.4426000977e+02 6.4428100586e+02 6.4431402588e+02 6.4434600830e+02 6.4436798096e+02 6.4440997314e+02 6.4446301270e+02 6.4448699951e+02 6.4449798584e+02 6.4450799561e+02 6.4451800537e+02 6.4450299072e+02 6.4450799561e+02 6.4453997803e+02 6.4455499268e+02 6.4457000732e+02 6.4456799316e+02 6.4459399414e+02 6.4463500977e+02 6.4465698242e+02 6.4468200684e+02 6.4470898438e+02 6.4471197510e+02 6.4474200439e+02 6.4478002930e+02 6.4479901123e+02 6.4482000732e+02 6.4484197998e+02 6.4484997559e+02 6.4487500000e+02 6.4488500977e+02 6.4487402344e+02 6.4487402344e+02 6.4489898682e+02 6.4490600586e+02 6.4493200684e+02 6.4495800781e+02 6.4499200439e+02 6.4500701904e+02 6.4504602051e+02 6.4508398438e+02 6.4510198975e+02 6.4515002441e+02
6.4424102783e+02 6.4424401855e+02 6.4424798584e+02 6.4428399658e+02 6.4432000732e+02 6.4434899902e+02 6.4438201904e+02 6.4440997314e+02 6.4443298340e+02 6.4447302246e+02 6.4448797607e+02 6.4450598145e+02 6.4453198242e+02 6.4454901123e+02 6.4453997803e+02 6.4454699707e+02 6.4458197021e+02 6.4461199951e+02 6.4462298584e+02 6.4463000488e+02 6.4466198730e+02 6.4469799805e+02 6.4470397949e+02 6.4472802734e+02 6.4475402832e+02 6.4475299072e+02 6.4478302002e+02 6.4482397461e+02 6.4484497070e+02 6.4487701416e+02 6.4489300537e+02 6.4490197754e+02 6.4491497803e+02 6.4493597412e+02 6.4493499756e+02 6.4493902588e+02 6.4493902588e+02 6.4495202637e+02 6.4496502686e+02 6.4497399902e+02 6.4500500488e+02 6.4501800537e+02 6.4505297852e+02 6.4508099365e+02 6.4510699463e+02 6.4514898682e+02
6.4425897217e+02 6.4426702881e+02 6.4427197266e+02 6.4429901123e+02 6.4433001709e+02 6.4435601807e+02 6.4438500977e+02 6.4442401123e+02 6.4444396973e+02 6.4449401855e+02 6.4451300049e+02 6.4452398682e+02 6.4455102539e+02 6.4457397461e+02 6.4457098389e+02 6.4458502197e+02 6.4461297607e+02 6.4463800049e+02 6.4465399170e+02 6.4466699219e+02 6.4469000244e+02 6.4472497559e+02 6.4474902344e+02 6.4477197266e+02 6.4479199219e+02 6.4479602051e+02 6.4482299805e+02 6.4485699463e+02 6.4488397217e+02 6.4493298340e+02 6.4495599365e+02 6.4495300293e+02 6.4495300293e+02 6.4496301270e+02 6.4497198486e+02 6.4497998047e+02 6.4497497559e+02 6.4498498535e+02 6.4501202393e+02 6.4503497314e+02 6.4504998779e+02 6.4505297852e+02 6.4508300781e+02 6.4510198975e+02 6.4511297607e+02 6.4515100098e+02
6.4429797363e+02 6.4429498291e+02 6.4430297852e+02 6.4431896973e+02 6.4434600830e+02 6.4438000488e+02 6.4440600586e+02 6.4443798828e+02 6.4446099854e+02 6.4451000977e+02 6.4453399658e+02 6.4454998779e+02 6.4456597900e+02 6.4459399414e+02 6.4460101318e+02 6.4462500000e+02 6.4464398193e+02 6.4466900635e+02 6.4469702148e+02 6.4470697021e+02 6.4472302246e+02 6.4475201416e+02 6.4478698730e+02 6.4480603027e+02 6.4482000732e+02 6.4482397461e+02 6.4484698486e+02 6.4488500977e+02 6.4491900635e+02 6.4495098877e+02 6.4496197510e+02 6.4496301270e+02 6.4498797607e+02 6.4498400879e+02 6.4499798584e+02 6.4501800537e+02 6.4502099609e+02 6.4501800537e+02 6.4504998779e+02 6.4507501221e+02 6.4508599854e+02 6.4509600830e+02 6.4512799072e+02 6.4514398193e+02 6.4514202881e+02 6.4516400146e+02
6.4434600830e+02 6.4433099365e+02 6.4433502197e+02 6.4434899902e+02 6.4436199951e+02 6.4437902832e+02 6.4440997314e+02 6.4446301270e+02 6.4448602295e+02 6.4452502441e+02 6.4453900146e+02 6.4456597900e+02 6.4457397461e+02 6.4458599854e+02 6.4459197998e+02 6.4462200928e+02 6.4465698242e+02 6.4468701172e+02 6.4471398926e+02 6.4473199463e+02 6.4475799561e+02 6.4478802490e+02 6.4481402588e+02 6.4484301758e+02 6.4485900879e+02 6.4487298584e+02 6.4489099121e+02 6.4492401123e+02 6.4496002197e+02 6.4499700928e+02 6.4500799561e+02 6.4500000000e+02 6.4502301025e+02 6.4502197266e+02 6.4504699707e+02 6.4507598877e+02 6.4507202148e+02 6.4507598877e+02 6.4511297607e+02 6.4512200928e+02 6.4515002441e+02 6.4514202881e+02 6.4514501953e+02 6.4515802002e+02 6.4517199707e+02 6.4519500732e+02
6.4441198730e+02 6.4439501953e+02 6.4438299561e+02 6.4438000488e+02 6.4437200928e+02 6.4439001465e+02 6.4442199707e+02 6.4448400879e+02 6.4450799561e+02 6.4454602051e+02 6.4455499268e+02 6.4457702637e+02 6.4458599854e+02 6.4459802246e+02 6.4460699463e+02 6.4463800049e+02 6.4467999268e+02 6.4470098877e+02 6.4472900391e+02 6.4475097656e+02 6.4477600098e+02 6.4482702637e+02 6.4485302734e+02 6.4486999512e+02 6.4487799072e+02 6.4491601563e+02 6.4494500732e+02 6.4496801758e+02 6.4500201416e+02 6.4503100586e+02 6.4504797363e+02 6.4504901123e+02 6.4506799316e+02 6.4506896973e+02 6.4508300781e+02 6.4511798096e+02 6.4512799072e+02 6.4511700439e+02 6.4513000488e+02 6.4514300537e+02 6.4517602539e+02 6.4516699219e+02 6.4517498779e+02 6.4520001221e+02 6.4521002197e+02 6.4522802734e+02
6.4447100830e+02 6.4446197510e+02 6.4444396973e+02 6.4443701172e+02 6.4441998291e+02 6.4443103027e+02 6.4444299316e+02 6.4448797607e+02 6.4451000977e+02 6.4456500244e+02 6.4458099365e+02 6.4459899902e+02 6.4461102295e+02 6.4463201904e+02 6.4463897705e+02 6.4466302490e+02 6.4470697021e+02 6.4472601318e+02 6.4475799561e+02 6.4478399658e+02 6.4480297852e+02 6.4484997559e+02 6.4488000488e+02 6.4489697266e+02 6.4489099121e+02 6.4493701172e+02 6.4497302246e+02 6.4500402832e+02 6.4504699707e+02 6.4505798340e+02 6.4507299805e+02 6.4509100342e+02 6.4510699463e+02 6.4512200928e+02 6.4513098145e+02 6.4517297363e+02 6.4517297363e+02 6.4514599609e+02 6.4515301514e+02 6.4516900635e+02 6.4518798828e+02 6.4519000244e+02 6.4521301270e+02 6.4523400879e+02 6.4523699951e+02 6.4524700928e+02
