TESTSERVER/2/10.asc
NCOLS 100
NROWS 100
XLLCORNER 7.5997500000e+03
YLLCORNER 2.8945025000e+05
CELLSIZE 5.0000000000e-01
NODATA_VALUE -9.9990000000e+03
[rows 0 to 19 of 100, columns 46 to 91 of 100]
5.8198297119e+02 5.8208599854e+02 5.8217797852e+02 5.8226898193e+02 5.8237597656e+02 5.8245300293e+02 5.8251599121e+02 5.8258898926e+02 5.8268701172e+02 5.8275799561e+02 5.8284399414e+02 5.8292498779e+02 5.8297998047e+02 5.8304199219e+02 5.8309301758e+02 5.8314300537e+02 5.8318798828e+02 5.8323602295e+02 5.8328302002e+02 5.8333697510e+02 5.8341198730e+02 5.8349798584e+02 5.8357897949e+02 5.8364398193e+02 5.8368902588e+02 5.8377001953e+02 5.8384497070e+02 5.8391302490e+02 5.8396801758e+02 5.8403497314e+02 5.8410900879e+02 5.8419500732e+02 5.8428100586e+02 5.8435998535e+02 5.8441900635e+02 5.8446600342e+02 5.8453002930e+02 5.8458697510e+02 5.8464898682e+02 5.8469799805e+02 5.8472698975e+02 5.8476202393e+02 5.8480297852e+02 5.8484600830e+02 5.8489501953e+02 5.8480999756e+02
5.8194299316e+02 5.8203601074e+02 5.8212701416e+02 5.8221899414e+02 5.8231701660e+02 5.8240197754e+02 5.8247198486e+02 5.8255499268e+02 5.8264599609e+02 5.8272497559e+02 5.8282299805e+02 5.8290197754e+02 5.8295697021e+02 5.8303002930e+02 5.8309197998e+02 5.8313397217e+02 5.8316900635e+02 5.8322497559e+02 5.8328698730e+02 5.8335101318e+02 5.8342297363e+02 5.8348999023e+02 5.8355700684e+02 5.8362298584e+02 5.8368200684e+02 5.8375598145e+02 5.8381701660e+02 5.8388098145e+02 5.8394299316e+02 5.8401702881e+02 5.8410400391e+02 5.8418298340e+02 5.8426000977e+02 5.8433099365e+02 5.8438702393e+02 5.8444201660e+02 5.8451599121e+02 5.8456701660e+02 5.8461102295e+02 5.8465197754e+02 5.8467901611e+02 5.8473602295e+02 5.8477899170e+02 5.8475897217e+02 5.8468200684e+02 5.8456799316e+02
5.8190899658e+02 5.8199401855e+02 5.8208099365e+02 5.8217700195e+02 5.8227398682e+02 5.8235998535e+02 5.8243798828e+02 5.8251599121e+02 5.8259100342e+02 5.8267901611e+02 5.8278997803e+02 5.8288299561e+02 5.8295697021e+02 5.8303802490e+02 5.8310302734e+02 5.8314501953e+02 5.8317700195e+02 5.8322698975e+02 5.8329400635e+02 5.8336602783e+02 5.8343798828e+02 5.8347698975e+02 5.8353002930e+02 5.8360198975e+02 5.8367199707e+02 5.8372998047e+02 5.8378997803e+02 5.8385699463e+02 5.8393103027e+02 5.8400701904e+02 5.8409600830e+02 5.8416802979e+02 5.8423498535e+02 5.8430499268e+02 5.8436700439e+02 5.8442102051e+02 5.8447302246e+02 5.8450701904e+02 5.8455603027e+02 5.8460601807e+02 5.8462500000e+02 5.8463897705e+02 5.8458898926e+02 5.8441699219e+02 5.8423797607e+02 5.8418103027e+02
5.8184802246e+02 5.8193499756e+02 5.8203497314e+02 5.8213500977e+02 5.8223498535e+02 5.8230700684e+02 5.8238201904e+02 5.8246301270e+02 5.8254302979e+02 5.8264099121e+02 5.8276202393e+02 5.8286700439e+02 5.8295898438e+02 5.8303399658e+02 5.8309100342e+02 5.8314001465e+02 5.8317901611e+02 5.8322698975e+02 5.8328997803e+02 5.8335400391e+02 5.8341601563e+02 5.8345202637e+02 5.8350598145e+02 5.8357501221e+02 5.8364202881e+02 5.8370300293e+02 5.8378601074e+02 5.8386401367e+02 5.8393103027e+02 5.8400000000e+02 5.8408197021e+02 5.8414501953e+02 5.8420599365e+02 5.8428100586e+02 5.8433898926e+02 5.8438598633e+02 5.8441802979e+02 5.8445001221e+02 5.8450598145e+02 5.8453601074e+02 5.8448400879e+02 5.8439099121e+02 5.8425500488e+02 5.8397100830e+02 5.8364300537e+02 5.8344396973e+02
5.8177899170e+02 5.8188098145e+02 5.8198901367e+02 5.8208502197e+02 5.8218298340e+02 5.8224102783e+02 5.8230401611e+02 5.8239398193e+02 5.8249401855e+02 5.8260400391e+02 5.8273101807e+02 5.8284497070e+02 5.8295300293e+02 5.8302600098e+02 5.8308197021e+02 5.8313500977e+02 5.8317498779e+02 5.8322399902e+02 5.8327899170e+02 5.8332202148e+02 5.8335498047e+02 5.8342700195e+02 5.8349298096e+02 5.8354302979e+02 5.8360198975e+02 5.8367797852e+02 5.8377398682e+02 5.8386199951e+02 5.8393103027e+02 5.8399700928e+02 5.8406799316e+02 5.8412799072e+02 5.8418902588e+02 5.8425500488e+02 5.8429602051e+02 5.8433502197e+02 5.8438397217e+02 5.8442199707e+02 5.8445001221e+02 5.8440600586e+02 5.8425500488e+02 5.8406799316e+02 5.8397698975e+02 5.8374401855e+02 5.8308099365e+02 5.8255603027e+02
5.8173199463e+02 5.8182897949e+02 5.8193200684e+02 5.8202697754e+02 5.8210797119e+02 5.8215997314e+02 5.8223297119e+02 5.8232598877e+02 5.8241900635e+02 5.8257202148e+02 5.8273400879e+02 5.8285198975e+02 5.8293103027e+02 5.8299902344e+02 5.8305297852e+02 5.8310498047e+02 5.8314898682e+02 5.8319299316e+02 5.8323797607e+02 5.8328900146e+02 5.8335302734e+02 5.8341802979e+02 5.8346801758e+02 5.8350897217e+02 5.8358599854e+02 5.8367102051e+02 5.8375598145e+02 5.8382800293e+02 5.8389501953e+02 5.8396697998e+02 5.8403399658e+02 5.8409997559e+02 5.8416400146e+02 5.8421099854e+02 5.8426098633e+02 5.8432202148e+02 5.8434899902e+02 5.8434802246e+02 5.8430700684e+02 5.8419299316e+02 5.8401000977e+02 5.8392498779e+02 5.8378601074e+02 5.8326800537e+02 5.8238598633e+02 5.8201300049e+02
5.8170599365e+02 5.8178198242e+02 5.8187500000e+02 5.8196697998e+02 5.8203900146e+02 5.8210198975e+02 5.8217401123e+02 5.8227099609e+02 5.8237597656e+02 5.8253198242e+02 5.8270098877e+02 5.8282000732e+02 5.8288598633e+02 5.8295397949e+02 5.8301501465e+02 5.8307299805e+02 5.8310900879e+02 5.8315100098e+02 5.8320501709e+02 5.8326202393e+02 5.8332598877e+02 5.8337298584e+02 5.8342602539e+02 5.8348400879e+02 5.8357202148e+02 5.8364398193e+02 5.8371301270e+02 5.8378399658e+02 5.8385699463e+02 5.8393402100e+02 5.8399700928e+02 5.8406097412e+02 5.8412402344e+02 5.8416497803e+02 5.8421099854e+02 5.8424902344e+02 5.8422100830e+02 5.8413098145e+02 5.8401300049e+02 5.8390100098e+02 5.8380200195e+02 5.8364398193e+02 5.8313397217e+02 5.8234399414e+02 5.8178002930e+02 5.8182299805e+02
5.8166802979e+02 5.8173901367e+02 5.8182501221e+02 5.8190600586e+02 5.8196899414e+02 5.8203900146e+02 5.8210797119e+02 5.8221002197e+02 5.8233801270e+02 5.8248297119e+02 5.8263598633e+02 5.8275402832e+02 5.8282598877e+02 5.8290002441e+02 5.8296899414e+02 5.8303497314e+02 5.8307000732e+02 5.8311798096e+02 5.8317999268e+02 5.8322998047e+02 5.8328002930e+02 5.8332397461e+02 5.8339398193e+02 5.8347100830e+02 5.8354797363e+02 5.8359997559e+02 5.8365600586e+02 5.8373199463e+02 5.8381597900e+02 5.8390197754e+02 5.8396801758e+02 5.8402697754e+02 5.8407397461e+02 5.8409100342e+02 5.8410101318e+02 5.8407897949e+02 5.8398400879e+02 5.8383502197e+02 5.8367999268e+02 5.8349597168e+02 5.8324401855e+02 5.8270800781e+02 5.8203802490e+02 5.8159399414e+02 5.8160198975e+02 5.8176300049e+02
5.8160601807e+02 5.8169000244e+02 5.8177801514e+02 5.8184802246e+02 5.8189898682e+02 5.8196899414e+02 5.8204199219e+02 5.8214599609e+02 5.8228302002e+02 5.8243200684e+02 5.8256402588e+02 5.8267797852e+02 5.8277502441e+02 5.8284497070e+02 5.8291198730e+02 5.8297497559e+02 5.8302099609e+02 5.8307098389e+02 5.8313397217e+02 5.8318402100e+02 5.8322302246e+02 5.8328802490e+02 5.8336700439e+02 5.8344000244e+02 5.8350402832e+02 5.8357000732e+02 5.8363201904e+02 5.8369598389e+02 5.8376300049e+02 5.8384698486e+02 5.8392297363e+02 5.8398101807e+02 5.8400097656e+02 5.8398199463e+02 5.8394598389e+02 5.8385198975e+02 5.8362597656e+02 5.8354400635e+02 5.8340698242e+02 5.8291998291e+02 5.8215301514e+02 5.8167602539e+02 5.8137902832e+02 5.8143200684e+02 5.8158502197e+02 5.8168200684e+02
5.8155401611e+02 5.8165100098e+02 5.8172399902e+02 5.8176702881e+02 5.8182397461e+02 5.8191198730e+02 5.8199902344e+02 5.8210797119e+02 5.8224597168e+02 5.8240002441e+02 5.8252197266e+02 5.8262500000e+02 5.8271697998e+02 5.8279699707e+02 5.8286901855e+02 5.8292797852e+02 5.8297399902e+02 5.8302301025e+02 5.8308801270e+02 5.8315002441e+02 5.8320599365e+02 5.8326397705e+02 5.8333099365e+02 5.8339398193e+02 5.8346600342e+02 5.8353802490e+02 5.8360302734e+02 5.8366802979e+02 5.8372399902e+02 5.8379400635e+02 5.8386499023e+02 5.8390301514e+02 5.8389599609e+02 5.8381597900e+02 5.8366998291e+02 5.8350598145e+02 5.8336602783e+02 5.8308898926e+02 5.8261499023e+02 5.8189697266e+02 5.8133697510e+02 5.8121899414e+02 5.8127600098e+02 5.8140100098e+02 5.8149902344e+02 5.8158099365e+02
5.8150897217e+02 5.8159301758e+02 5.8164599609e+02 5.8168103027e+02 5.8176000977e+02 5.8187200928e+02 5.8197900391e+02 5.8209698486e+02 5.8222998047e+02 5.8237298584e+02 5.8248999023e+02 5.8257501221e+02 5.8264898682e+02 5.8273999023e+02 5.8282299805e+02 5.8288598633e+02 5.8293798828e+02 5.8298498535e+02 5.8304797363e+02 5.8311901855e+02 5.8318298340e+02 5.8323400879e+02 5.8329901123e+02 5.8335900879e+02 5.8342700195e+02 5.8349499512e+02 5.8355603027e+02 5.8362902832e+02 5.8369201660e+02 5.8375299072e+02 5.8379998779e+02 5.8379400635e+02 5.8373602295e+02 5.8357397461e+02 5.8338598633e+02 5.8320098877e+02 5.8297698975e+02 5.8219598389e+02 5.8150701904e+02 5.8107702637e+02 5.8100799561e+02 5.8112298584e+02 5.8123797607e+02 5.8132800293e+02 5.8140197754e+02 5.8146697998e+02
5.8145697021e+02 5.8152197266e+02 5.8156701660e+02 5.8161999512e+02 5.8172601318e+02 5.8185302734e+02 5.8197601318e+02 5.8210400391e+02 5.8222399902e+02 5.8234301758e+02 5.8244598389e+02 5.8252197266e+02 5.8259399414e+02 5.8268298340e+02 5.8275500488e+02 5.8281701660e+02 5.8288598633e+02 5.8293701172e+02 5.8300299072e+02 5.8307800293e+02 5.8314501953e+02 5.8320202637e+02 5.8326702881e+02 5.8332000732e+02 5.8338299561e+02 5.8346002197e+02 5.8352197266e+02 5.8359100342e+02 5.8364398193e+02 5.8369799805e+02 5.8368902588e+02 5.8359399414e+02 5.8346197510e+02 5.8327600098e+02 5.8305902100e+02 5.8264898682e+02 5.8202801514e+02 5.8118798828e+02 5.8082702637e+02 5.8084197998e+02 5.8097601318e+02 5.8106896973e+02 5.8115002441e+02 5.8122100830e+02 5.8130499268e+02 5.8139398193e+02
5.8140197754e+02 5.8144299316e+02 5.8149902344e+02 5.8159197998e+02 5.8171502686e+02 5.8183898926e+02 5.8196197510e+02 5.8208398438e+02 5.8220098877e+02 5.8230200195e+02 5.8240100098e+02 5.8247698975e+02 5.8254602051e+02 5.8261901855e+02 5.8267797852e+02 5.8274298096e+02 5.8281896973e+02 5.8289202881e+02 5.8295898438e+02 5.8302801514e+02 5.8310101318e+02 5.8317797852e+02 5.8324298096e+02 5.8328900146e+02 5.8335198975e+02 5.8342901611e+02 5.8348101807e+02 5.8352301025e+02 5.8354998779e+02 5.8357098389e+02 5.8347399902e+02 5.8328100586e+02 5.8308099365e+02 5.8297900391e+02 5.8255297852e+02 5.8173297119e+02 5.8086401367e+02 5.8064300537e+02 5.8070300293e+02 5.8082397461e+02 5.8087500000e+02 5.8097601318e+02 5.8105499268e+02 5.8112902832e+02 5.8119097900e+02 5.8135198975e+02
5.8130200195e+02 5.8136102295e+02 5.8144201660e+02 5.8155297852e+02 5.8167700195e+02 5.8180700684e+02 5.8192602539e+02 5.8203900146e+02 5.8216198730e+02 5.8227099609e+02 5.8235302734e+02 5.8242199707e+02 5.8248901367e+02 5.8255102539e+02 5.8261798096e+02 5.8270300293e+02 5.8278997803e+02 5.8286602783e+02 5.8292498779e+02 5.8299298096e+02 5.8307702637e+02 5.8314697266e+02 5.8321197510e+02 5.8325701904e+02 5.8329901123e+02 5.8336602783e+02 5.8342602539e+02 5.8345599365e+02 5.8341998291e+02 5.8330102539e+02 5.8310198975e+02 5.8293402100e+02 5.8277001953e+02 5.8236199951e+02 5.8150299072e+02 5.8075598145e+02 5.8050000000e+02 5.8054498291e+02 5.8064300537e+02 5.8073498535e+02 5.8080902100e+02 5.8089202881e+02 5.8096301270e+02 5.8107000732e+02 5.8121301270e+02 5.8125598145e+02
5.8119598389e+02 5.8125799561e+02 5.8138201904e+02 5.8151898193e+02 5.8164697266e+02 5.8177697754e+02 5.8189202881e+02 5.8201501465e+02 5.8213598633e+02 5.8222601318e+02 5.8229901123e+02 5.8236901855e+02 5.8243902588e+02 5.8250598145e+02 5.8257598877e+02 5.8266302490e+02 5.8275500488e+02 5.8284197998e+02 5.8290002441e+02 5.8296099854e+02 5.8304101563e+02 5.8309899902e+02 5.8315502930e+02 5.8320098877e+02 5.8324200439e+02 5.8329901123e+02 5.8334100342e+02 5.8330700684e+02 5.8315002441e+02 5.8297399902e+02 5.8281298828e+02 5.8253601074e+02 5.8193597412e+02 5.8123498535e+02 5.8058197021e+02 5.8031402588e+02 5.8039099121e+02 5.8046099854e+02 5.8057299805e+02 5.8066699219e+02 5.8073199463e+02 5.8082000732e+02 5.8093597412e+02 5.8104199219e+02 5.8103399658e+02 5.8073199463e+02
5.8113397217e+02 5.8119702148e+02 5.8133801270e+02 5.8148199463e+02 5.8160699463e+02 5.8173699951e+02 5.8185400391e+02 5.8197900391e+02 5.8208801270e+02 5.8216497803e+02 5.8224200439e+02 5.8232202148e+02 5.8239697266e+02 5.8247100830e+02 5.8254101563e+02 5.8262298584e+02 5.8271002197e+02 5.8279998779e+02 5.8286199951e+02 5.8291302490e+02 5.8297802734e+02 5.8304101563e+02 5.8308898926e+02 5.8312500000e+02 5.8316198730e+02 5.8318597412e+02 5.8313897705e+02 5.8299597168e+02 5.8278399658e+02 5.8266998291e+02 5.8234002686e+02 5.8165802002e+02 5.8080297852e+02 5.8035101318e+02 5.8021899414e+02 5.8029699707e+02 5.8037097168e+02 5.8039501953e+02 5.8047302246e+02 5.8057098389e+02 5.8064801025e+02 5.8076501465e+02 5.8082501221e+02 5.8073699951e+02 5.8058300781e+02 5.8009600830e+02
5.8109899902e+02 5.8117999268e+02 5.8131097412e+02 5.8144000244e+02 5.8155902100e+02 5.8169097900e+02 5.8181201172e+02 5.8192102051e+02 5.8200500488e+02 5.8208697510e+02 5.8217401123e+02 5.8226000977e+02 5.8234600830e+02 5.8242700195e+02 5.8249401855e+02 5.8257098389e+02 5.8266601563e+02 5.8274200439e+02 5.8280499268e+02 5.8285699463e+02 5.8290600586e+02 5.8297399902e+02 5.8301800537e+02 5.8303100586e+02 5.8304199219e+02 5.8293103027e+02 5.8276300049e+02 5.8257000732e+02 5.8258099365e+02 5.8222302246e+02 5.8141802979e+02 5.8059197998e+02 5.8023297119e+02 5.8018200684e+02 5.8024597168e+02 5.8029998779e+02 5.8031701660e+02 5.8034802246e+02 5.8037597656e+02 5.8045898438e+02 5.8059698486e+02 5.8070397949e+02 5.8056298828e+02 5.8037200928e+02 5.8040600586e+02 5.8012298584e+02
5.8104998779e+02 5.8116101074e+02 5.8129101563e+02 5.8141802979e+02 5.8155798340e+02 5.8168798828e+02 5.8178497314e+02 5.8184802246e+02 5.8190899658e+02 5.8200598145e+02 5.8209997559e+02 5.8217797852e+02 5.8226599121e+02 5.8236102295e+02 5.8243798828e+02 5.8250897217e+02 5.8258898926e+02 5.8266601563e+02 5.8272698975e+02 5.8278198242e+02 5.8283099365e+02 5.8288598633e+02 5.8291998291e+02 5.8289300537e+02 5.8277899170e+02 5.8261700439e+02 5.8240600586e+02 5.8208300781e+02 5.8179901123e+02 5.8108398438e+02 5.8036297607e+02 5.8006597900e+02 5.8009899902e+02 5.8014697266e+02 5.8020300293e+02 5.8024700928e+02 5.8026098633e+02 5.8030297852e+02 5.8033898926e+02 5.8034802246e+02 5.8040197754e+02 5.8055102539e+02 5.8043902588e+02 5.8030999756e+02 5.8034301758e+02 5.8019097900e+02
5.8099200439e+02 5.8111798096e+02 5.8125402832e+02 5.8138598633e+02 5.8152697754e+02 5.8162597656e+02 5.8170202637e+02 5.8175897217e+02 5.8183300781e+02 5.8193402100e+02 5.8201599121e+02 5.8208898926e+02 5.8218597412e+02 5.8228399658e+02 5.8237701416e+02 5.8244897461e+02 5.8251202393e+02 5.8259002686e+02 5.8265600586e+02 5.8271502686e+02 5.8275000000e+02 5.8275402832e+02 5.8272601318e+02 5.8260900879e+02 5.8241699219e+02 5.8237298584e+02 5.8205200195e+02 5.8137097168e+02 5.8077398682e+02 5.8021600342e+02 5.7993298340e+02 5.7998901367e+02 5.8007702637e+02 5.8010797119e+02 5.8016198730e+02 5.8019500732e+02 5.8020501709e+02 5.8025000000e+02 5.8027899170e+02 5.8020599365e+02 5.8009100342e+02 5.8015502930e+02 5.8017498779e+02 5.8014202881e+02 5.8018499756e+02 5.8009997559e+02
5.8096398926e+02 5.8108898926e+02 5.8122302246e+02 5.8134899902e+02 5.8147100830e+02 5.8155499268e+02 5.8162902832e+02 5.8170001221e+02 5.8178002930e+02 5.8186297607e+02 5.8193200684e+02 5.8201397705e+02 5.8211798096e+02 5.8221697998e+02 5.8231097412e+02 5.8238201904e+02 5.8243798828e+02 5.8252398682e+02 5.8259899902e+02 5.8263897705e+02 5.8261199951e+02 5.8252801514e+02 5.8242901611e+02 5.8226000977e+02 5.8205297852e+02 5.8189202881e+02 5.8132897949e+02 5.8048699951e+02 5.7999499512e+02 5.7988098145e+02 5.7990899658e+02 5.8001202393e+02 5.8004101563e+02 5.8007598877e+02 5.8011499023e+02 5.8014202881e+02 5.8015997314e+02 5.8017498779e+02 5.8014202881e+02 5.8005401611e+02 5.7994702148e+02 5.7994702148e+02 5.8000299072e+02 5.8004498291e+02 5.8009301758e+02 5.8000701904e+02
