TESTSERVER/2/10.asc
NCOLS 100
NROWS 100
XLLCORNER 7.5997500000e+03
YLLCORNER 2.8945025000e+05
CELLSIZE 5.0000000000e-01
NODATA_VALUE -9.9990000000e+03
[rows 60 to 79 of 100, columns 46 to 91 of 100]
5.7693103027e+02 5.7721697998e+02 5.7750201416e+02 5.7778900146e+02 5.7810797119e+02 5.7836798096e+02 5.7864099121e+02 5.7894000244e+02 5.7917498779e+02 5.7942102051e+02 5.7968298340e+02 5.7987799072e+02 5.8000701904e+02 5.8005499268e+02 5.8006298828e+02 5.8007299805e+02 5.8009997559e+02 5.8014001465e+02 5.8016198730e+02 5.8017700195e+02 5.8020599365e+02 5.8023101807e+02 5.8025402832e+02 5.8026000977e+02 5.8025402832e+02 5.8026300049e+02 5.8026800537e+02 5.8027197266e+02 5.8027197266e+02 5.8026000977e+02 5.8026202393e+02 5.8024902344e+02 5.8021301270e+02 5.8022302246e+02 5.8022198486e+02 5.8021600342e+02 5.8020300293e+02 5.8022698975e+02 5.8026202393e+02 5.8025701904e+02 5.8026702881e+02 5.8030902100e+02 5.8020501709e+02 5.8044097900e+02 5.8145697021e+02 5.8278198242e+02
5.7706402588e+02 5.7736297607e+02 5.7764898682e+02 5.7792498779e+02 5.7822601318e+02 5.7851397705e+02 5.7878497314e+02 5.7906701660e+02 5.7927001953e+02 5.7951098633e+02 5.7975598145e+02 5.7991802979e+02 5.8001300049e+02 5.8004901123e+02 5.8005902100e+02 5.8006896973e+02 5.8009997559e+02 5.8012500000e+02 5.8014501953e+02 5.8016998291e+02 5.8021002197e+02 5.8024200439e+02 5.8026397705e+02 5.8026300049e+02 5.8025897217e+02 5.8026800537e+02 5.8027301025e+02 5.8026501465e+02 5.8025701904e+02 5.8026000977e+02 5.8026300049e+02 5.8025598145e+02 5.8022900391e+02 5.8022900391e+02 5.8022100830e+02 5.8021301270e+02 5.8020599365e+02 5.8021002197e+02 5.8026202393e+02 5.8027301025e+02 5.8026501465e+02 5.8028802490e+02 5.8026898193e+02 5.8017700195e+02 5.8106597900e+02 5.8329901123e+02
5.7722998047e+02 5.7753198242e+02 5.7781298828e+02 5.7809100342e+02 5.7836602783e+02 5.7864001465e+02 5.7888397217e+02 5.7914501953e+02 5.7937200928e+02 5.7960797119e+02 5.7981298828e+02 5.7994097900e+02 5.8000097656e+02 5.8003900146e+02 5.8005999756e+02 5.8007397461e+02 5.8010797119e+02 5.8013201904e+02 5.8015600586e+02 5.8017401123e+02 5.8020599365e+02 5.8024597168e+02 5.8026599121e+02 5.8026000977e+02 5.8026501465e+02 5.8026202393e+02 5.8026000977e+02 5.8025402832e+02 5.8025201416e+02 5.8025598145e+02 5.8026501465e+02 5.8026098633e+02 5.8023901367e+02 5.8023797607e+02 5.8022998047e+02 5.8022302246e+02 5.8021997070e+02 5.8020098877e+02 5.8024200439e+02 5.8026501465e+02 5.8025701904e+02 5.8027197266e+02 5.8028802490e+02 5.8009497070e+02 5.8064398193e+02 5.8328002930e+02
5.7738800049e+02 5.7767700195e+02 5.7793200684e+02 5.7820898438e+02 5.7849401855e+02 5.7876098633e+02 5.7897998047e+02 5.7922497559e+02 5.7947399902e+02 5.7967700195e+02 5.7984802246e+02 5.7995697021e+02 5.7999401855e+02 5.8003497314e+02 5.8006201172e+02 5.8007800293e+02 5.8011102295e+02 5.8013397217e+02 5.8016101074e+02 5.8017901611e+02 5.8020397949e+02 5.8024499512e+02 5.8026000977e+02 5.8025299072e+02 5.8026202393e+02 5.8025500488e+02 5.8025402832e+02 5.8025500488e+02 5.8025201416e+02 5.8025097656e+02 5.8025897217e+02 5.8026000977e+02 5.8024102783e+02 5.8023498535e+02 5.8023297119e+02 5.8023199463e+02 5.8023400879e+02 5.8021197510e+02 5.8023199463e+02 5.8025000000e+02 5.8025799561e+02 5.8026300049e+02 5.8030297852e+02 5.8023400879e+02 5.8025799561e+02 5.8230999756e+02
5.7748101807e+02 5.7777398682e+02 5.7802801514e+02 5.7831097412e+02 5.7859399414e+02 5.7886499023e+02 5.7909399414e+02 5.7931896973e+02 5.7953802490e+02 5.7970697021e+02 5.7986700439e+02 5.7996502686e+02 5.7999700928e+02 5.8004199219e+02 5.8006097412e+02 5.8007202148e+02 5.8009002686e+02 5.8011199951e+02 5.8014599609e+02 5.8019000244e+02 5.8021801758e+02 5.8024401855e+02 5.8024902344e+02 5.8023999023e+02 5.8024798584e+02 5.8025201416e+02 5.8025799561e+02 5.8026098633e+02 5.8025097656e+02 5.8024499512e+02 5.8025000000e+02 5.8025201416e+02 5.8023901367e+02 5.8022998047e+02 5.8022698975e+02 5.8022900391e+02 5.8022399902e+02 5.8021099854e+02 5.8022900391e+02 5.8024798584e+02 5.8026800537e+02 5.8026397705e+02 5.8028302002e+02 5.8022601318e+02 5.8017901611e+02 5.8186798096e+02
5.7757800293e+02 5.7785101318e+02 5.7811199951e+02 5.7840802002e+02 5.7866998291e+02 5.7891900635e+02 5.7914099121e+02 5.7936901855e+02 5.7957397461e+02 5.7973699951e+02 5.7987097168e+02 5.7995300293e+02 5.7999597168e+02 5.8004498291e+02 5.8007098389e+02 5.8008099365e+02 5.8008898926e+02 5.8010198975e+02 5.8012799072e+02 5.8017498779e+02 5.8020800781e+02 5.8022601318e+02 5.8022900391e+02 5.8023199463e+02 5.8024298096e+02 5.8025402832e+02 5.8025500488e+02 5.8023999023e+02 5.8023400879e+02 5.8023797607e+02 5.8024401855e+02 5.8024401855e+02 5.8023101807e+02 5.8022998047e+02 5.8022802734e+02 5.8022601318e+02 5.8020397949e+02 5.8019598389e+02 5.8023999023e+02 5.8025897217e+02 5.8026702881e+02 5.8028802490e+02 5.8023699951e+02 5.8011999512e+02 5.8064398193e+02 5.8247802734e+02
5.7764801025e+02 5.7792498779e+02 5.7818902588e+02 5.7846801758e+02 5.7870300293e+02 5.7893597412e+02 5.7916400146e+02 5.7940197754e+02 5.7960400391e+02 5.7975799561e+02 5.7986401367e+02 5.7993798828e+02 5.8000000000e+02 5.8004797363e+02 5.8007897949e+02 5.8009002686e+02 5.8009899902e+02 5.8010797119e+02 5.8011999512e+02 5.8015399170e+02 5.8018597412e+02 5.8019799805e+02 5.8019897461e+02 5.8021002197e+02 5.8023101807e+02 5.8024298096e+02 5.8024597168e+02 5.8022998047e+02 5.8023498535e+02 5.8024200439e+02 5.8024200439e+02 5.8024102783e+02 5.8022900391e+02 5.8022497559e+02 5.8022601318e+02 5.8022497559e+02 5.8020098877e+02 5.8022198486e+02 5.8025402832e+02 5.8025598145e+02 5.8026800537e+02 5.8028997803e+02 5.8020800781e+02 5.8062200928e+02 5.8206201172e+02 5.8319897461e+02
5.7769799805e+02 5.7797497559e+02 5.7824499512e+02 5.7850000000e+02 5.7871301270e+02 5.7892999268e+02 5.7916302490e+02 5.7941101074e+02 5.7960400391e+02 5.7974401855e+02 5.7984497070e+02 5.7992297363e+02 5.7999499512e+02 5.8003601074e+02 5.8006701660e+02 5.8008398438e+02 5.8009997559e+02 5.8011499023e+02 5.8012402344e+02 5.8014501953e+02 5.8017102051e+02 5.8018402100e+02 5.8018902588e+02 5.8020397949e+02 5.8022497559e+02 5.8022497559e+02 5.8022900391e+02 5.8022399902e+02 5.8022900391e+02 5.8023797607e+02 5.8023901367e+02 5.8023498535e+02 5.8022998047e+02 5.8023101807e+02 5.8023199463e+02 5.8021398926e+02 5.8017901611e+02 5.8023699951e+02 5.8025598145e+02 5.8024798584e+02 5.8026898193e+02 5.8026300049e+02 5.8020397949e+02 5.8119299316e+02 5.8305499268e+02 5.8333898926e+02
5.7778100586e+02 5.7800598145e+02 5.7825598145e+02 5.7850701904e+02 5.7871997070e+02 5.7894201660e+02 5.7916699219e+02 5.7939300537e+02 5.7957202148e+02 5.7969299316e+02 5.7980499268e+02 5.7990301514e+02 5.7997198486e+02 5.8000500488e+02 5.8003601074e+02 5.8005798340e+02 5.8007800293e+02 5.8009698486e+02 5.8012298584e+02 5.8015002441e+02 5.8017602539e+02 5.8018701172e+02 5.8019299316e+02 5.8020800781e+02 5.8022497559e+02 5.8022100830e+02 5.8022198486e+02 5.8022302246e+02 5.8023101807e+02 5.8022497559e+02 5.8022998047e+02 5.8022399902e+02 5.8021697998e+02 5.8022302246e+02 5.8022601318e+02 5.8019201660e+02 5.8017401123e+02 5.8023901367e+02 5.8025500488e+02 5.8025500488e+02 5.8029302979e+02 5.8022497559e+02 5.8034600830e+02 5.8153399658e+02 5.8320501709e+02 5.8321502686e+02
5.7787701416e+02 5.7807800293e+02 5.7828302002e+02 5.7850799561e+02 5.7871697998e+02 5.7891998291e+02 5.7912200928e+02 5.7932098389e+02 5.7949200439e+02 5.7963201904e+02 5.7975402832e+02 5.7985998535e+02 5.7992797852e+02 5.7997497559e+02 5.8001202393e+02 5.8003900146e+02 5.8007098389e+02 5.8008398438e+02 5.8011199951e+02 5.8015502930e+02 5.8017700195e+02 5.8018798828e+02 5.8019799805e+02 5.8020501709e+02 5.8021099854e+02 5.8021899414e+02 5.8022601318e+02 5.8021697998e+02 5.8021801758e+02 5.8021099854e+02 5.8021997070e+02 5.8022198486e+02 5.8021600342e+02 5.8021197510e+02 5.8020800781e+02 5.8020599365e+02 5.8022497559e+02 5.8024200439e+02 5.8025097656e+02 5.8027197266e+02 5.8028900146e+02 5.8026501465e+02 5.8092602539e+02 5.8217102051e+02 5.8303802490e+02 5.8316302490e+02
5.7791802979e+02 5.7811798096e+02 5.7828900146e+02 5.7848699951e+02 5.7867297363e+02 5.7885498047e+02 5.7903900146e+02 5.7922399902e+02 5.7940600586e+02 5.7955700684e+02 5.7967901611e+02 5.7978802490e+02 5.7986700439e+02 5.7992700195e+02 5.7997900391e+02 5.8001702881e+02 5.8005999756e+02 5.8007202148e+02 5.8009698486e+02 5.8014300537e+02 5.8016497803e+02 5.8017498779e+02 5.8018298340e+02 5.8018402100e+02 5.8019799805e+02 5.8021801758e+02 5.8022698975e+02 5.8021301270e+02 5.8021301270e+02 5.8021801758e+02 5.8022399902e+02 5.8022100830e+02 5.8021301270e+02 5.8020599365e+02 5.8020697021e+02 5.8022399902e+02 5.8023999023e+02 5.8023400879e+02 5.8023999023e+02 5.8026702881e+02 5.8031201172e+02 5.8020898438e+02 5.8075402832e+02 5.8185797119e+02 5.8228302002e+02 5.8261999512e+02
5.7787597656e+02 5.7810498047e+02 5.7824798584e+02 5.7841101074e+02 5.7858300781e+02 5.7875701904e+02 5.7893499756e+02 5.7912500000e+02 5.7932202148e+02 5.7946899414e+02 5.7959197998e+02 5.7971398926e+02 5.7980999756e+02 5.7988000488e+02 5.7994201660e+02 5.7998901367e+02 5.8002801514e+02 5.8004602051e+02 5.8007397461e+02 5.8011700439e+02 5.8014801025e+02 5.8015802002e+02 5.8016802979e+02 5.8017199707e+02 5.8019702148e+02 5.8022302246e+02 5.8022998047e+02 5.8021301270e+02 5.8021697998e+02 5.8022802734e+02 5.8023297119e+02 5.8023101807e+02 5.8022601318e+02 5.8023797607e+02 5.8024102783e+02 5.8023999023e+02 5.8023400879e+02 5.8023297119e+02 5.8024102783e+02 5.8026397705e+02 5.8031701660e+02 5.8014398193e+02 5.8047900391e+02 5.8157598877e+02 5.8186297607e+02 5.8213897705e+02
5.7780999756e+02 5.7807299805e+02 5.7819201660e+02 5.7834698486e+02 5.7852099609e+02 5.7866497803e+02 5.7882800293e+02 5.7900598145e+02 5.7921099854e+02 5.7936499023e+02 5.7950299072e+02 5.7963598633e+02 5.7975000000e+02 5.7983398438e+02 5.7989599609e+02 5.7994897461e+02 5.7999798584e+02 5.8002197266e+02 5.8004302979e+02 5.8008801270e+02 5.8013201904e+02 5.8014801025e+02 5.8016101074e+02 5.8017401123e+02 5.8019897461e+02 5.8022100830e+02 5.8022198486e+02 5.8021099854e+02 5.8020697021e+02 5.8021899414e+02 5.8023297119e+02 5.8026202393e+02 5.8027001953e+02 5.8023901367e+02 5.8025897217e+02 5.8026599121e+02 5.8023797607e+02 5.8023602295e+02 5.8023901367e+02 5.8026098633e+02 5.8026898193e+02 5.8029498291e+02 5.8093701172e+02 5.8186602783e+02 5.8205297852e+02 5.8224401855e+02
5.7769897461e+02 5.7793402100e+02 5.7807702637e+02 5.7822601318e+02 5.7838800049e+02 5.7854901123e+02 5.7870697021e+02 5.7889300537e+02 5.7910400391e+02 5.7926599121e+02 5.7941601563e+02 5.7955401611e+02 5.7967401123e+02 5.7977099609e+02 5.7984802246e+02 5.7991302490e+02 5.7996099854e+02 5.7998999023e+02 5.8002301025e+02 5.8007702637e+02 5.8011401367e+02 5.8013702393e+02 5.8016198730e+02 5.8017797852e+02 5.8020397949e+02 5.8021502686e+02 5.8021099854e+02 5.8020800781e+02 5.8020599365e+02 5.8022198486e+02 5.8022198486e+02 5.8023297119e+02 5.8026098633e+02 5.8025402832e+02 5.8028302002e+02 5.8030297852e+02 5.8026098633e+02 5.8025000000e+02 5.8026898193e+02 5.8029998779e+02 5.8024902344e+02 5.8050799561e+02 5.8146697998e+02 5.8197998047e+02 5.8200500488e+02 5.8224298096e+02
5.7755798340e+02 5.7777001953e+02 5.7792602539e+02 5.7807397461e+02 5.7825000000e+02 5.7844396973e+02 5.7861700439e+02 5.7880297852e+02 5.7900701904e+02 5.7915997314e+02 5.7931097412e+02 5.7946697998e+02 5.7960198975e+02 5.7971502686e+02 5.7980297852e+02 5.7987799072e+02 5.7993798828e+02 5.7996697998e+02 5.8000201416e+02 5.8005401611e+02 5.8009301758e+02 5.8013098145e+02 5.8017297363e+02 5.8018701172e+02 5.8020300293e+02 5.8021301270e+02 5.8021600342e+02 5.8021600342e+02 5.8021899414e+02 5.8022100830e+02 5.8017700195e+02 5.8014001465e+02 5.8020202637e+02 5.8025097656e+02 5.8028198242e+02 5.8029302979e+02 5.8028302002e+02 5.8028100586e+02 5.8028497314e+02 5.8023901367e+02 5.8015600586e+02 5.8070202637e+02 5.8179797363e+02 5.8206097412e+02 5.8211199951e+02 5.8231701660e+02
5.7740698242e+02 5.7757598877e+02 5.7774499512e+02 5.7793902588e+02 5.7812597656e+02 5.7831597900e+02 5.7850000000e+02 5.7869799805e+02 5.7890100098e+02 5.7905401611e+02 5.7921197510e+02 5.7938500977e+02 5.7953399658e+02 5.7965899658e+02 5.7975299072e+02 5.7983898926e+02 5.7991998291e+02 5.7995202637e+02 5.7997802734e+02 5.8002600098e+02 5.8007800293e+02 5.8013000488e+02 5.8017498779e+02 5.8018298340e+02 5.8019201660e+02 5.8020300293e+02 5.8020300293e+02 5.8019897461e+02 5.8020697021e+02 5.8017901611e+02 5.8015399170e+02 5.8016400146e+02 5.8021099854e+02 5.8025402832e+02 5.8027600098e+02 5.8027398682e+02 5.8026098633e+02 5.8022601318e+02 5.8022100830e+02 5.8024597168e+02 5.8061199951e+02 5.8140301514e+02 5.8211700439e+02 5.8217199707e+02 5.8227398682e+02 5.8242102051e+02
5.7727099609e+02 5.7743200684e+02 5.7763201904e+02 5.7787500000e+02 5.7801702881e+02 5.7813299561e+02 5.7830603027e+02 5.7853698730e+02 5.7876098633e+02 5.7894897461e+02 5.7913500977e+02 5.7931097412e+02 5.7945300293e+02 5.7957397461e+02 5.7968298340e+02 5.7979498291e+02 5.7989099121e+02 5.7993103027e+02 5.7995898438e+02 5.8001000977e+02 5.8007299805e+02 5.8012701416e+02 5.8016198730e+02 5.8017199707e+02 5.8018298340e+02 5.8019000244e+02 5.8018597412e+02 5.8018298340e+02 5.8018902588e+02 5.8017199707e+02 5.8020599365e+02 5.8028399658e+02 5.8026098633e+02 5.8021801758e+02 5.8024298096e+02 5.8027502441e+02 5.8022998047e+02 5.8044000244e+02 5.8083801270e+02 5.8130297852e+02 5.8185797119e+02 5.8200299072e+02 5.8206201172e+02 5.8216900635e+02 5.8230902100e+02 5.8245001221e+02
5.7720599365e+02 5.7737597656e+02 5.7754699707e+02 5.7773999023e+02 5.7787902832e+02 5.7799200439e+02 5.7816601563e+02 5.7838800049e+02 5.7859997559e+02 5.7881298828e+02 5.7903399658e+02 5.7923797607e+02 5.7940600586e+02 5.7953601074e+02 5.7964599609e+02 5.7974401855e+02 5.7983801270e+02 5.7989697266e+02 5.7994598389e+02 5.8000000000e+02 5.8005297852e+02 5.8010101318e+02 5.8014697266e+02 5.8016900635e+02 5.8018597412e+02 5.8019598389e+02 5.8020300293e+02 5.8021099854e+02 5.8023297119e+02 5.8024401855e+02 5.8019299316e+02 5.8022399902e+02 5.8023498535e+02 5.8023999023e+02 5.8032000732e+02 5.8069000244e+02 5.8094097900e+02 5.8134399414e+02 5.8174298096e+02 5.8190600586e+02 5.8194396973e+02 5.8198199463e+02 5.8210198975e+02 5.8222497559e+02 5.8235101318e+02 5.8247998047e+02
5.7712902832e+02 5.7731597900e+02 5.7746197510e+02 5.7761199951e+02 5.7777099609e+02 5.7790100098e+02 5.7806597900e+02 5.7826300049e+02 5.7846099854e+02 5.7869097900e+02 5.7893701172e+02 5.7916699219e+02 5.7936297607e+02 5.7951000977e+02 5.7961901855e+02 5.7970300293e+02 5.7979498291e+02 5.7986999512e+02 5.7993798828e+02 5.7999597168e+02 5.8004998779e+02 5.8009997559e+02 5.8014801025e+02 5.8018103027e+02 5.8021002197e+02 5.8022698975e+02 5.8024401855e+02 5.8025500488e+02 5.8022198486e+02 5.8015997314e+02 5.8004302979e+02 5.8018103027e+02 5.8051800537e+02 5.8087200928e+02 5.8095599365e+02 5.8128302002e+02 5.8150701904e+02 5.8166802979e+02 5.8180499268e+02 5.8185498047e+02 5.8190502930e+02 5.8203100586e+02 5.8215899658e+02 5.8226800537e+02 5.8238299561e+02 5.8249401855e+02
5.7704998779e+02 5.7724499512e+02 5.7738598633e+02 5.7753399658e+02 5.7770501709e+02 5.7783697510e+02 5.7800201416e+02 5.7818701172e+02 5.7837500000e+02 5.7860302734e+02 5.7885498047e+02 5.7909600830e+02 5.7930999756e+02 5.7947900391e+02 5.7960198975e+02 5.7968200684e+02 5.7976800537e+02 5.7984301758e+02 5.7991900635e+02 5.7998901367e+02 5.8005902100e+02 5.8011602783e+02 5.8016302490e+02 5.8021002197e+02 5.8025598145e+02 5.8028302002e+02 5.8030297852e+02 5.8029699707e+02 5.8022601318e+02 5.8030297852e+02 5.8045202637e+02 5.8071697998e+02 5.8103399658e+02 5.8135498047e+02 5.8138800049e+02 5.8145898438e+02 5.8155499268e+02 5.8164599609e+02 5.8176501465e+02 5.8188702393e+02 5.8196899414e+02 5.8206896973e+02 5.8217199707e+02 5.8226702881e+02 5.8238000488e+02 5.8248699951e+02
