TESTSERVER/2/10.asc
NCOLS 100
NROWS 100
XLLCORNER 7.5997500000e+03
YLLCORNER 2.8945025000e+05
CELLSIZE 5.0000000000e-01
NODATA_VALUE -9.9990000000e+03
[rows 40 to 59 of 100, columns 46 to 91 of 100]
5.7778302002e+02 5.7757800293e+02 5.7709899902e+02 5.7680700684e+02 5.7678002930e+02 5.7680499268e+02 5.7686401367e+02 5.7695202637e+02 5.7706201172e+02 5.7714898682e+02 5.7723999023e+02 5.7733300781e+02 5.7742297363e+02 5.7752301025e+02 5.7774597168e+02 5.7807598877e+02 5.7837402344e+02 5.7860400391e+02 5.7886901855e+02 5.7915997314e+02 5.7946002197e+02 5.7975500488e+02 5.8000299072e+02 5.8014300537e+02 5.8016900635e+02 5.8016101074e+02 5.8014202881e+02 5.8017602539e+02 5.8020202637e+02 5.8019598389e+02 5.8020001221e+02 5.8018701172e+02 5.8017498779e+02 5.8016101074e+02 5.8020202637e+02 5.8039398193e+02 5.8083300781e+02 5.8130499268e+02 5.8176702881e+02 5.8223699951e+02 5.8275402832e+02 5.8329901123e+02 5.8362701416e+02 5.8381799316e+02 5.8383502197e+02 5.8388299561e+02
5.7702398682e+02 5.7683697510e+02 5.7665502930e+02 5.7659497070e+02 5.7664001465e+02 5.7671099854e+02 5.7679699707e+02 5.7689898682e+02 5.7700000000e+02 5.7709197998e+02 5.7717999268e+02 5.7725897217e+02 5.7739001465e+02 5.7762097168e+02 5.7791699219e+02 5.7819897461e+02 5.7847302246e+02 5.7874798584e+02 5.7903497314e+02 5.7934399414e+02 5.7966900635e+02 5.7996600342e+02 5.8013397217e+02 5.8015002441e+02 5.8011401367e+02 5.8015997314e+02 5.8017901611e+02 5.8021398926e+02 5.8021899414e+02 5.8021697998e+02 5.8021899414e+02 5.8020397949e+02 5.8020397949e+02 5.8020300293e+02 5.8027197266e+02 5.8053399658e+02 5.8105102539e+02 5.8158801270e+02 5.8210498047e+02 5.8260900879e+02 5.8315197754e+02 5.8360101318e+02 5.8380999756e+02 5.8388397217e+02 5.8384802246e+02 5.8382202148e+02
5.7653198242e+02 5.7648297119e+02 5.7645300293e+02 5.7648199463e+02 5.7655102539e+02 5.7664898682e+02 5.7674298096e+02 5.7684301758e+02 5.7694097900e+02 5.7702502441e+02 5.7711401367e+02 5.7725000000e+02 5.7750299072e+02 5.7779101563e+02 5.7808197021e+02 5.7833300781e+02 5.7860900879e+02 5.7892102051e+02 5.7921600342e+02 5.7952001953e+02 5.7983502197e+02 5.8010900879e+02 5.8023797607e+02 5.8021301270e+02 5.8013500977e+02 5.8019000244e+02 5.8021301270e+02 5.8022998047e+02 5.8023297119e+02 5.8024700928e+02 5.8024200439e+02 5.8022601318e+02 5.8023999023e+02 5.8024902344e+02 5.8033599854e+02 5.8063598633e+02 5.8116400146e+02 5.8168298340e+02 5.8225701904e+02 5.8283898926e+02 5.8340100098e+02 5.8371099854e+02 5.8383001709e+02 5.8383300781e+02 5.8381402588e+02 5.8381298828e+02
5.7627301025e+02 5.7627899170e+02 5.7631799316e+02 5.7639099121e+02 5.7648797607e+02 5.7659899902e+02 5.7668798828e+02 5.7678198242e+02 5.7687200928e+02 5.7697601318e+02 5.7715600586e+02 5.7739001465e+02 5.7769000244e+02 5.7794897461e+02 5.7822802734e+02 5.7849700928e+02 5.7879199219e+02 5.7911297607e+02 5.7940899658e+02 5.7969500732e+02 5.7996502686e+02 5.8016101074e+02 5.8028302002e+02 5.8030200195e+02 5.8022601318e+02 5.8023199463e+02 5.8023297119e+02 5.8023400879e+02 5.8023797607e+02 5.8025701904e+02 5.8025500488e+02 5.8024298096e+02 5.8026202393e+02 5.8027001953e+02 5.8033502197e+02 5.8061401367e+02 5.8110797119e+02 5.8160998535e+02 5.8224902344e+02 5.8293499756e+02 5.8357598877e+02 5.8376098633e+02 5.8381298828e+02 5.8379400635e+02 5.8381097412e+02 5.8381701660e+02
5.7609197998e+02 5.7614099121e+02 5.7622802734e+02 5.7633197021e+02 5.7641998291e+02 5.7653698730e+02 5.7661901855e+02 5.7669897461e+02 5.7680401611e+02 5.7702099609e+02 5.7732897949e+02 5.7759100342e+02 5.7781402588e+02 5.7808001709e+02 5.7837902832e+02 5.7867498779e+02 5.7896899414e+02 5.7926702881e+02 5.7956799316e+02 5.7985699463e+02 5.8008801270e+02 5.8016900635e+02 5.8026397705e+02 5.8033801270e+02 5.8029699707e+02 5.8023297119e+02 5.8023400879e+02 5.8024102783e+02 5.8024902344e+02 5.8026098633e+02 5.8026300049e+02 5.8025799561e+02 5.8025897217e+02 5.8026702881e+02 5.8029901123e+02 5.8049102783e+02 5.8084997559e+02 5.8140600586e+02 5.8215802002e+02 5.8297998047e+02 5.8370800781e+02 5.8382501221e+02 5.8382897949e+02 5.8381701660e+02 5.8382098389e+02 5.8381799316e+02
5.7597302246e+02 5.7608398438e+02 5.7617602539e+02 5.7627099609e+02 5.7637200928e+02 5.7646099854e+02 5.7653100586e+02 5.7663897705e+02 5.7686499023e+02 5.7717401123e+02 5.7744396973e+02 5.7766497803e+02 5.7789697266e+02 5.7822601318e+02 5.7855297852e+02 5.7884197998e+02 5.7912799072e+02 5.7942999268e+02 5.7974200439e+02 5.8002197266e+02 5.8019702148e+02 5.8022698975e+02 5.8022998047e+02 5.8026800537e+02 5.8027197266e+02 5.8024499512e+02 5.8025701904e+02 5.8024902344e+02 5.8024298096e+02 5.8025500488e+02 5.8026098633e+02 5.8026800537e+02 5.8028302002e+02 5.8029199219e+02 5.8027697754e+02 5.8034197998e+02 5.8058599854e+02 5.8098901367e+02 5.8179400635e+02 5.8284399414e+02 5.8382202148e+02 5.8382501221e+02 5.8380200195e+02 5.8380102539e+02 5.8381402588e+02 5.8380999756e+02
5.7590698242e+02 5.7602600098e+02 5.7611798096e+02 5.7620300293e+02 5.7630297852e+02 5.7638702393e+02 5.7652697754e+02 5.7673498535e+02 5.7702398682e+02 5.7729602051e+02 5.7752697754e+02 5.7776501465e+02 5.7805200195e+02 5.7840502930e+02 5.7871899414e+02 5.7899102783e+02 5.7929797363e+02 5.7962701416e+02 5.7991198730e+02 5.8011700439e+02 5.8022698975e+02 5.8023901367e+02 5.8017797852e+02 5.8017199707e+02 5.8020697021e+02 5.8021997070e+02 5.8024499512e+02 5.8024597168e+02 5.8024401855e+02 5.8025500488e+02 5.8025897217e+02 5.8026702881e+02 5.8029101563e+02 5.8029797363e+02 5.8025000000e+02 5.8023999023e+02 5.8035699463e+02 5.8050201416e+02 5.8123699951e+02 5.8248400879e+02 5.8383697510e+02 5.8380200195e+02 5.8379797363e+02 5.8381201172e+02 5.8383599854e+02 5.8382202148e+02
5.7584997559e+02 5.7596002197e+02 5.7605499268e+02 5.7614697266e+02 5.7623199463e+02 5.7636102295e+02 5.7661901855e+02 5.7690502930e+02 5.7716601563e+02 5.7738702393e+02 5.7765301514e+02 5.7795397949e+02 5.7827899170e+02 5.7859497070e+02 5.7887402344e+02 5.7914099121e+02 5.7946697998e+02 5.7979998779e+02 5.8003100586e+02 5.8013800049e+02 5.8017602539e+02 5.8020001221e+02 5.8013299561e+02 5.8010601807e+02 5.8014099121e+02 5.8017498779e+02 5.8020300293e+02 5.8022601318e+02 5.8024902344e+02 5.8026397705e+02 5.8026702881e+02 5.8027600098e+02 5.8028802490e+02 5.8030102539e+02 5.8025201416e+02 5.8020397949e+02 5.8023797607e+02 5.8011499023e+02 5.8067901611e+02 5.8200299072e+02 5.8374499512e+02 5.8379498291e+02 5.8380603027e+02 5.8382397461e+02 5.8384802246e+02 5.8382501221e+02
5.7578002930e+02 5.7590002441e+02 5.7599902344e+02 5.7608697510e+02 5.7618902588e+02 5.7646002197e+02 5.7675799561e+02 5.7700201416e+02 5.7721801758e+02 5.7749401855e+02 5.7783001709e+02 5.7817401123e+02 5.7846099854e+02 5.7874499512e+02 5.7900799561e+02 5.7929101563e+02 5.7960797119e+02 5.7991601563e+02 5.8010498047e+02 5.8016198730e+02 5.8016802979e+02 5.8015802002e+02 5.8009002686e+02 5.8003399658e+02 5.8007800293e+02 5.8015997314e+02 5.8016802979e+02 5.8020501709e+02 5.8025598145e+02 5.8026898193e+02 5.8027502441e+02 5.8028100586e+02 5.8027099609e+02 5.8027899170e+02 5.8026800537e+02 5.8025701904e+02 5.8032202148e+02 5.8010998535e+02 5.8022100830e+02 5.8130999756e+02 5.8346398926e+02 5.8385101318e+02 5.8378997803e+02 5.8380999756e+02 5.8381701660e+02 5.8380700684e+02
5.7573101807e+02 5.7582598877e+02 5.7590899658e+02 5.7606097412e+02 5.7631097412e+02 5.7664801025e+02 5.7690197754e+02 5.7711700439e+02 5.7736199951e+02 5.7767700195e+02 5.7802099609e+02 5.7833398438e+02 5.7862799072e+02 5.7886700439e+02 5.7912097168e+02 5.7943902588e+02 5.7977001953e+02 5.8002301025e+02 5.8015002441e+02 5.8019396973e+02 5.8020098877e+02 5.8016302490e+02 5.8011199951e+02 5.8008099365e+02 5.8012200928e+02 5.8017401123e+02 5.8018103027e+02 5.8021099854e+02 5.8023699951e+02 5.8026202393e+02 5.8027801514e+02 5.8026800537e+02 5.8026300049e+02 5.8026202393e+02 5.8025897217e+02 5.8025897217e+02 5.8027197266e+02 5.8028698730e+02 5.8017602539e+02 5.8064501953e+02 5.8244396973e+02 5.8382397461e+02 5.8381500244e+02 5.8379699707e+02 5.8384002686e+02 5.8381799316e+02
5.7566101074e+02 5.7574597168e+02 5.7590399170e+02 5.7619396973e+02 5.7649200439e+02 5.7675000000e+02 5.7699102783e+02 5.7726300049e+02 5.7755102539e+02 5.7786102295e+02 5.7819201660e+02 5.7850000000e+02 5.7881097412e+02 5.7904101563e+02 5.7929400635e+02 5.7960601807e+02 5.7991302490e+02 5.8010699463e+02 5.8018902588e+02 5.8022399902e+02 5.8022100830e+02 5.8017199707e+02 5.8016101074e+02 5.8016601563e+02 5.8018200684e+02 5.8019000244e+02 5.8019097900e+02 5.8020202637e+02 5.8020202637e+02 5.8023199463e+02 5.8026202393e+02 5.8025598145e+02 5.8026202393e+02 5.8025201416e+02 5.8025097656e+02 5.8025598145e+02 5.8025201416e+02 5.8030200195e+02 5.8024597168e+02 5.8024102783e+02 5.8165997314e+02 5.8393902588e+02 5.8389300537e+02 5.8370501709e+02 5.8381597900e+02 5.8382202148e+02
5.7559802246e+02 5.7576397705e+02 5.7603997803e+02 5.7635998535e+02 5.7663000488e+02 5.7685601807e+02 5.7711297607e+02 5.7743798828e+02 5.7774597168e+02 5.7804602051e+02 5.7836199951e+02 5.7866699219e+02 5.7898101807e+02 5.7924902344e+02 5.7951800537e+02 5.7978802490e+02 5.8002301025e+02 5.8015600586e+02 5.8020098877e+02 5.8022601318e+02 5.8022698975e+02 5.8017901611e+02 5.8017401123e+02 5.8017602539e+02 5.8018298340e+02 5.8018402100e+02 5.8019396973e+02 5.8021301270e+02 5.8020001221e+02 5.8021002197e+02 5.8023297119e+02 5.8023999023e+02 5.8025701904e+02 5.8024902344e+02 5.8025000000e+02 5.8025897217e+02 5.8025000000e+02 5.8030401611e+02 5.8027398682e+02 5.8010498047e+02 5.8164398193e+02 5.8387200928e+02 5.8397998047e+02 5.8388000488e+02 5.8384497070e+02 5.8381896973e+02
5.7565502930e+02 5.7596197510e+02 5.7621697998e+02 5.7648602295e+02 5.7675799561e+02 5.7702197266e+02 5.7730200195e+02 5.7761602783e+02 5.7789398193e+02 5.7821099854e+02 5.7851898193e+02 5.7881201172e+02 5.7913201904e+02 5.7940600586e+02 5.7967700195e+02 5.7991998291e+02 5.8011401367e+02 5.8018298340e+02 5.8019396973e+02 5.8020001221e+02 5.8022399902e+02 5.8021899414e+02 5.8020202637e+02 5.8017901611e+02 5.8018402100e+02 5.8021899414e+02 5.8023797607e+02 5.8024902344e+02 5.8023999023e+02 5.8023400879e+02 5.8023999023e+02 5.8021899414e+02 5.8018402100e+02 5.8022698975e+02 5.8024102783e+02 5.8024298096e+02 5.8025201416e+02 5.8029602051e+02 5.8023699951e+02 5.8018298340e+02 5.8101098633e+02 5.8206597900e+02 5.8313800049e+02 5.8384899902e+02 5.8382598877e+02 5.8383001709e+02
5.7579998779e+02 5.7606701660e+02 5.7630297852e+02 5.7664599609e+02 5.7696099854e+02 5.7720098877e+02 5.7745001221e+02 5.7773498535e+02 5.7803100586e+02 5.7837298584e+02 5.7868200684e+02 5.7896697998e+02 5.7928198242e+02 5.7957501221e+02 5.7984100342e+02 5.8004199219e+02 5.8016101074e+02 5.8020599365e+02 5.8021398926e+02 5.8020800781e+02 5.8021002197e+02 5.8022601318e+02 5.8023199463e+02 5.8022100830e+02 5.8021801758e+02 5.8022198486e+02 5.8023297119e+02 5.8024499512e+02 5.8024298096e+02 5.8023699951e+02 5.8024102783e+02 5.8023199463e+02 5.8022100830e+02 5.8022998047e+02 5.8022497559e+02 5.8024200439e+02 5.8024700928e+02 5.8028002930e+02 5.8024798584e+02 5.8022998047e+02 5.8039001465e+02 5.8068701172e+02 5.8298999023e+02 5.8400097656e+02 5.8379498291e+02 5.8382897949e+02
5.7596301270e+02 5.7620098877e+02 5.7645300293e+02 5.7680297852e+02 5.7711798096e+02 5.7737597656e+02 5.7764202881e+02 5.7792999268e+02 5.7821899414e+02 5.7854602051e+02 5.7883502197e+02 5.7911901855e+02 5.7945397949e+02 5.7976202393e+02 5.8000500488e+02 5.8013800049e+02 5.8017901611e+02 5.8020599365e+02 5.8021697998e+02 5.8022302246e+02 5.8021899414e+02 5.8022698975e+02 5.8022198486e+02 5.8020800781e+02 5.8021801758e+02 5.8022601318e+02 5.8023602295e+02 5.8023999023e+02 5.8023901367e+02 5.8024597168e+02 5.8024902344e+02 5.8023602295e+02 5.8023199463e+02 5.8022198486e+02 5.8021197510e+02 5.8023699951e+02 5.8024200439e+02 5.8026300049e+02 5.8028497314e+02 5.8023101807e+02 5.8017401123e+02 5.8074200439e+02 5.8309197998e+02 5.8405401611e+02 5.8385198975e+02 5.8383099365e+02
5.7610601807e+02 5.7638702393e+02 5.7665502930e+02 5.7696398926e+02 5.7727099609e+02 5.7756701660e+02 5.7785400391e+02 5.7814001465e+02 5.7841400146e+02 5.7870202637e+02 5.7897802734e+02 5.7928302002e+02 5.7962597656e+02 5.7990197754e+02 5.8008697510e+02 5.8015899658e+02 5.8017602539e+02 5.8020001221e+02 5.8021801758e+02 5.8022698975e+02 5.8022302246e+02 5.8022497559e+02 5.8020800781e+02 5.8019702148e+02 5.8021502686e+02 5.8022802734e+02 5.8024298096e+02 5.8024597168e+02 5.8024499512e+02 5.8025201416e+02 5.8025299072e+02 5.8023297119e+02 5.8022601318e+02 5.8022601318e+02 5.8020098877e+02 5.8021301270e+02 5.8024902344e+02 5.8026702881e+02 5.8030102539e+02 5.8030999756e+02 5.8027801514e+02 5.8057702637e+02 5.8188800049e+02 5.8319097900e+02 5.8386700439e+02 5.8383502197e+02
5.7623999023e+02 5.7655700684e+02 5.7684497070e+02 5.7712799072e+02 5.7744097900e+02 5.7775897217e+02 5.7803399658e+02 5.7829498291e+02 5.7855999756e+02 5.7883398438e+02 5.7912298584e+02 5.7944897461e+02 5.7975402832e+02 5.7996502686e+02 5.8009899902e+02 5.8014599609e+02 5.8017401123e+02 5.8019799805e+02 5.8020697021e+02 5.8021197510e+02 5.8021502686e+02 5.8022198486e+02 5.8021899414e+02 5.8022198486e+02 5.8023400879e+02 5.8023999023e+02 5.8024798584e+02 5.8024499512e+02 5.8024700928e+02 5.8025402832e+02 5.8024798584e+02 5.8023400879e+02 5.8022198486e+02 5.8023400879e+02 5.8020001221e+02 5.8019000244e+02 5.8025201416e+02 5.8025500488e+02 5.8025598145e+02 5.8028100586e+02 5.8031402588e+02 5.8018200684e+02 5.8058599854e+02 5.8235101318e+02 5.8385998535e+02 5.8381597900e+02
5.7642297363e+02 5.7673797607e+02 5.7702801514e+02 5.7732702637e+02 5.7762799072e+02 5.7792602539e+02 5.7818902588e+02 5.7845202637e+02 5.7872601318e+02 5.7901098633e+02 5.7928399658e+02 5.7956799316e+02 5.7983697510e+02 5.8001501465e+02 5.8010400391e+02 5.8011901855e+02 5.8014001465e+02 5.8016998291e+02 5.8018103027e+02 5.8019702148e+02 5.8021899414e+02 5.8023797607e+02 5.8024298096e+02 5.8023999023e+02 5.8023901367e+02 5.8025500488e+02 5.8025799561e+02 5.8025500488e+02 5.8025897217e+02 5.8025897217e+02 5.8024597168e+02 5.8023797607e+02 5.8021899414e+02 5.8022802734e+02 5.8021801758e+02 5.8020300293e+02 5.8025402832e+02 5.8025799561e+02 5.8024597168e+02 5.8027099609e+02 5.8029699707e+02 5.8003198242e+02 5.7998999023e+02 5.8215698242e+02 5.8404101563e+02 5.8383300781e+02
5.7660797119e+02 5.7690899658e+02 5.7720397949e+02 5.7752099609e+02 5.7779101563e+02 5.7807397461e+02 5.7836499023e+02 5.7864300537e+02 5.7890399170e+02 5.7917797852e+02 5.7942401123e+02 5.7966601563e+02 5.7990600586e+02 5.8003698730e+02 5.8008697510e+02 5.8009997559e+02 5.8011602783e+02 5.8014202881e+02 5.8015997314e+02 5.8017901611e+02 5.8021502686e+02 5.8024401855e+02 5.8025701904e+02 5.8025897217e+02 5.8025701904e+02 5.8026599121e+02 5.8026599121e+02 5.8026800537e+02 5.8027099609e+02 5.8026300049e+02 5.8024700928e+02 5.8023498535e+02 5.8022399902e+02 5.8022497559e+02 5.8021899414e+02 5.8019799805e+02 5.8021398926e+02 5.8025299072e+02 5.8025500488e+02 5.8026300049e+02 5.8033898926e+02 5.8017700195e+02 5.8015197754e+02 5.8228198242e+02 5.8376000977e+02 5.8391802979e+02
5.7676702881e+02 5.7705798340e+02 5.7735900879e+02 5.7767999268e+02 5.7795001221e+02 5.7821899414e+02 5.7852099609e+02 5.7880798340e+02 5.7905200195e+02 5.7931402588e+02 5.7955902100e+02 5.7977801514e+02 5.7996697998e+02 5.8004901123e+02 5.8007397461e+02 5.8009197998e+02 5.8010101318e+02 5.8012701416e+02 5.8015698242e+02 5.8017797852e+02 5.8021002197e+02 5.8023699951e+02 5.8025201416e+02 5.8026300049e+02 5.8026300049e+02 5.8026501465e+02 5.8026599121e+02 5.8026898193e+02 5.8027197266e+02 5.8026599121e+02 5.8026000977e+02 5.8024102783e+02 5.8022497559e+02 5.8021997070e+02 5.8021697998e+02 5.8020098877e+02 5.8018103027e+02 5.8023999023e+02 5.8026098633e+02 5.8025097656e+02 5.8026800537e+02 5.8022399902e+02 5.8013299561e+02 5.8132702637e+02 5.8236401367e+02 5.8355999756e+02
