TESTSERVER/2/11.asc
NCOLS 100
NROWS 100
XLLCORNER 7.5997500000e+03
YLLCORNER 2.8940025000e+05
CELLSIZE 5.0000000000e-01
NODATA_VALUE -9.9990000000e+03
[rows 0 to 19 of 100, columns 0 to 45 of 100]
5.6974902344e+02 5.6992297363e+02 5.6993499756e+02 5.6998999023e+02 5.7006896973e+02 5.7015399170e+02 5.7024200439e+02 5.7032800293e+02 5.7041998291e+02 5.7050701904e+02 5.7063800049e+02 5.7078100586e+02 5.7089697266e+02 5.7095697021e+02 5.7119500732e+02 5.7152899170e+02 5.7166998291e+02 5.7154199219e+02 5.7156402588e+02 5.7163397217e+02 5.7167102051e+02 5.7169598389e+02 5.7173297119e+02 5.7178100586e+02 5.7180401611e+02 5.7189300537e+02 5.7205798340e+02 5.7225201416e+02 5.7244201660e+02 5.7260198975e+02 5.7277001953e+02 5.7294201660e+02 5.7311901855e+02 5.7328198242e+02 5.7344299316e+02 5.7359997559e+02 5.7375402832e+02 5.7388500977e+02 5.7401000977e+02 5.7412500000e+02 5.7423400879e+02 5.7433300781e+02 5.7442700195e+02 5.7451599121e+02 5.7459399414e+02 5.7467999268e+02
5.6942602539e+02 5.7006201172e+02 5.7003802490e+02 5.7002301025e+02 5.7009600830e+02 5.7016497803e+02 5.7025799561e+02 5.7036999512e+02 5.7046997070e+02 5.7058001709e+02 5.7068701172e+02 5.7079901123e+02 5.7093597412e+02 5.7103100586e+02 5.7117602539e+02 5.7144598389e+02 5.7165502930e+02 5.7160198975e+02 5.7159002686e+02 5.7165100098e+02 5.7168701172e+02 5.7171301270e+02 5.7175000000e+02 5.7179901123e+02 5.7182598877e+02 5.7192797852e+02 5.7208502197e+02 5.7226599121e+02 5.7243701172e+02 5.7258599854e+02 5.7274798584e+02 5.7291198730e+02 5.7307702637e+02 5.7323699951e+02 5.7339398193e+02 5.7354699707e+02 5.7369598389e+02 5.7383001709e+02 5.7395697021e+02 5.7407397461e+02 5.7417901611e+02 5.7427398682e+02 5.7436700439e+02 5.7445501709e+02 5.7453900146e+02 5.7461798096e+02
5.6861297607e+02 5.6974200439e+02 5.7005798340e+02 5.7006402588e+02 5.7012402344e+02 5.7016601563e+02 5.7025299072e+02 5.7035900879e+02 5.7045599365e+02 5.7060498047e+02 5.7071197510e+02 5.7078002930e+02 5.7089599609e+02 5.7101599121e+02 5.7116400146e+02 5.7140502930e+02 5.7164202881e+02 5.7167199707e+02 5.7161999512e+02 5.7165399170e+02 5.7169897461e+02 5.7172399902e+02 5.7175402832e+02 5.7179797363e+02 5.7184100342e+02 5.7194897461e+02 5.7209600830e+02 5.7226501465e+02 5.7242297363e+02 5.7256402588e+02 5.7271899414e+02 5.7287597656e+02 5.7303497314e+02 5.7319000244e+02 5.7334399414e+02 5.7349499512e+02 5.7364300537e+02 5.7377600098e+02 5.7390399170e+02 5.7402197266e+02 5.7412799072e+02 5.7422302246e+02 5.7431597900e+02 5.7440399170e+02 5.7448797607e+02 5.7456799316e+02
5.6785699463e+02 5.6883697510e+02 5.6964801025e+02 5.6998297119e+02 5.7010699463e+02 5.7021002197e+02 5.7031097412e+02 5.7040100098e+02 5.7046997070e+02 5.7063201904e+02 5.7074200439e+02 5.7077600098e+02 5.7085601807e+02 5.7100598145e+02 5.7118902588e+02 5.7141699219e+02 5.7162597656e+02 5.7172601318e+02 5.7166101074e+02 5.7165600586e+02 5.7170001221e+02 5.7173101807e+02 5.7176098633e+02 5.7179998779e+02 5.7185400391e+02 5.7196502686e+02 5.7209997559e+02 5.7225500488e+02 5.7240197754e+02 5.7253698730e+02 5.7268499756e+02 5.7283697510e+02 5.7299102783e+02 5.7314099121e+02 5.7329302979e+02 5.7344299316e+02 5.7359100342e+02 5.7372601318e+02 5.7385498047e+02 5.7397497559e+02 5.7408099365e+02 5.7417602539e+02 5.7427099609e+02 5.7435900879e+02 5.7444299316e+02 5.7452398682e+02
5.6769000244e+02 5.6783801270e+02 5.6881896973e+02 5.6975500488e+02 5.7004797363e+02 5.7024200439e+02 5.7034698486e+02 5.7044702148e+02 5.7053900146e+02 5.7066198730e+02 5.7075799561e+02 5.7078601074e+02 5.7084002686e+02 5.7098901367e+02 5.7119201660e+02 5.7141900635e+02 5.7157501221e+02 5.7170697021e+02 5.7169799805e+02 5.7167199707e+02 5.7169500732e+02 5.7174700928e+02 5.7178399658e+02 5.7182000732e+02 5.7187799072e+02 5.7198199463e+02 5.7210699463e+02 5.7224102783e+02 5.7237200928e+02 5.7249700928e+02 5.7263800049e+02 5.7278399658e+02 5.7293103027e+02 5.7309002686e+02 5.7324102783e+02 5.7339202881e+02 5.7354199219e+02 5.7367700195e+02 5.7380499268e+02 5.7392602539e+02 5.7403198242e+02 5.7413299561e+02 5.7422802734e+02 5.7431701660e+02 5.7439801025e+02 5.7448297119e+02
5.6768798828e+02 5.6759600830e+02 5.6813500977e+02 5.6918298340e+02 5.7000500488e+02 5.7042700195e+02 5.7040301514e+02 5.7036499023e+02 5.7048400879e+02 5.7061700439e+02 5.7076000977e+02 5.7088397217e+02 5.7091400146e+02 5.7103802490e+02 5.7119702148e+02 5.7137200928e+02 5.7149902344e+02 5.7163897705e+02 5.7173400879e+02 5.7175598145e+02 5.7172302246e+02 5.7176300049e+02 5.7180700684e+02 5.7184100342e+02 5.7189398193e+02 5.7199499512e+02 5.7210198975e+02 5.7221600342e+02 5.7232299805e+02 5.7243402100e+02 5.7257000732e+02 5.7271502686e+02 5.7287298584e+02 5.7303002930e+02 5.7318402100e+02 5.7333697510e+02 5.7348602295e+02 5.7361901855e+02 5.7374902344e+02 5.7387097168e+02 5.7398498535e+02 5.7408801270e+02 5.7418701172e+02 5.7427899170e+02 5.7436401367e+02 5.7444799805e+02
5.6767700195e+02 5.6762701416e+02 5.6769799805e+02 5.6818902588e+02 5.6925201416e+02 5.7025500488e+02 5.7047100830e+02 5.7037200928e+02 5.7041802979e+02 5.7055401611e+02 5.7071502686e+02 5.7088500977e+02 5.7094299316e+02 5.7112597656e+02 5.7131799316e+02 5.7142797852e+02 5.7147100830e+02 5.7158197021e+02 5.7173101807e+02 5.7182098389e+02 5.7176702881e+02 5.7176702881e+02 5.7180999756e+02 5.7184997559e+02 5.7189697266e+02 5.7198101807e+02 5.7206597900e+02 5.7215600586e+02 5.7225500488e+02 5.7237200928e+02 5.7250598145e+02 5.7265197754e+02 5.7281500244e+02 5.7297601318e+02 5.7313201904e+02 5.7328601074e+02 5.7343701172e+02 5.7357202148e+02 5.7370300293e+02 5.7382800293e+02 5.7394598389e+02 5.7405297852e+02 5.7415399170e+02 5.7424902344e+02 5.7433801270e+02 5.7441998291e+02
5.6764300537e+02 5.6769396973e+02 5.6766601563e+02 5.6765197754e+02 5.6815997314e+02 5.6929699707e+02 5.7004602051e+02 5.7028698730e+02 5.7033099365e+02 5.7047601318e+02 5.7060998535e+02 5.7076599121e+02 5.7087597656e+02 5.7098699951e+02 5.7118902588e+02 5.7132800293e+02 5.7143200684e+02 5.7155102539e+02 5.7168298340e+02 5.7180200195e+02 5.7180200195e+02 5.7176800537e+02 5.7180401611e+02 5.7185101318e+02 5.7189001465e+02 5.7195501709e+02 5.7201501465e+02 5.7208099365e+02 5.7217498779e+02 5.7230603027e+02 5.7243902588e+02 5.7258697510e+02 5.7275897217e+02 5.7292700195e+02 5.7308599854e+02 5.7324200439e+02 5.7339501953e+02 5.7353497314e+02 5.7366900635e+02 5.7379602051e+02 5.7391802979e+02 5.7402899170e+02 5.7413397217e+02 5.7423199463e+02 5.7432202148e+02 5.7440197754e+02
5.6762097168e+02 5.6765802002e+02 5.6770800781e+02 5.6768798828e+02 5.6771099854e+02 5.6806799316e+02 5.6906896973e+02 5.6997900391e+02 5.7022497559e+02 5.7036297607e+02 5.7053002930e+02 5.7076300049e+02 5.7098498535e+02 5.7089599609e+02 5.7097198486e+02 5.7114697266e+02 5.7140301514e+02 5.7157897949e+02 5.7167102051e+02 5.7177697754e+02 5.7186297607e+02 5.7180603027e+02 5.7181097412e+02 5.7186401367e+02 5.7188299561e+02 5.7192401123e+02 5.7196600342e+02 5.7200897217e+02 5.7205700684e+02 5.7219799805e+02 5.7233001709e+02 5.7248699951e+02 5.7268200684e+02 5.7289099121e+02 5.7304998779e+02 5.7320300293e+02 5.7334399414e+02 5.7350402832e+02 5.7364001465e+02 5.7376898193e+02 5.7388000488e+02 5.7401000977e+02 5.7411999512e+02 5.7422100830e+02 5.7430798340e+02 5.7439300537e+02
5.6761199951e+02 5.6762701416e+02 5.6766101074e+02 5.6768902588e+02 5.6768902588e+02 5.6771697998e+02 5.6841400146e+02 5.6954602051e+02 5.7009802246e+02 5.7021600342e+02 5.7038201904e+02 5.7068402100e+02 5.7092901611e+02 5.7094299316e+02 5.7097802734e+02 5.7114398193e+02 5.7138098145e+02 5.7158398438e+02 5.7169396973e+02 5.7176202393e+02 5.7187597656e+02 5.7188702393e+02 5.7182397461e+02 5.7185601807e+02 5.7189801025e+02 5.7191601563e+02 5.7193902588e+02 5.7196899414e+02 5.7201098633e+02 5.7210699463e+02 5.7223999023e+02 5.7240899658e+02 5.7264697266e+02 5.7286999512e+02 5.7303900146e+02 5.7319799805e+02 5.7334497070e+02 5.7349200439e+02 5.7363201904e+02 5.7376300049e+02 5.7388598633e+02 5.7400799561e+02 5.7411798096e+02 5.7421801758e+02 5.7431402588e+02 5.7440197754e+02
5.6760900879e+02 5.6761401367e+02 5.6765100098e+02 5.6768402100e+02 5.6770098877e+02 5.6762701416e+02 5.6787298584e+02 5.6871899414e+02 5.6966900635e+02 5.7008898926e+02 5.7025500488e+02 5.7050299072e+02 5.7074798584e+02 5.7087200928e+02 5.7096697998e+02 5.7113098145e+02 5.7130603027e+02 5.7152899170e+02 5.7170898438e+02 5.7177899170e+02 5.7185198975e+02 5.7191601563e+02 5.7186499023e+02 5.7186102295e+02 5.7190997314e+02 5.7192700195e+02 5.7194598389e+02 5.7197100830e+02 5.7199902344e+02 5.7208801270e+02 5.7222198486e+02 5.7239599609e+02 5.7262902832e+02 5.7285498047e+02 5.7303802490e+02 5.7321002197e+02 5.7336199951e+02 5.7350701904e+02 5.7365002441e+02 5.7378302002e+02 5.7390997314e+02 5.7402899170e+02 5.7413598633e+02 5.7423199463e+02 5.7432897949e+02 5.7441601563e+02
5.6761199951e+02 5.6761102295e+02 5.6764001465e+02 5.6767498779e+02 5.6770001221e+02 5.6766998291e+02 5.6761199951e+02 5.6794598389e+02 5.6886102295e+02 5.6972601318e+02 5.7005902100e+02 5.7032897949e+02 5.7059600830e+02 5.7077502441e+02 5.7092700195e+02 5.7109802246e+02 5.7122100830e+02 5.7139898682e+02 5.7163800049e+02 5.7176098633e+02 5.7180902100e+02 5.7190100098e+02 5.7192199707e+02 5.7190100098e+02 5.7191900635e+02 5.7194299316e+02 5.7196502686e+02 5.7198999023e+02 5.7200701904e+02 5.7209100342e+02 5.7222497559e+02 5.7240197754e+02 5.7262298584e+02 5.7284899902e+02 5.7304699707e+02 5.7323297119e+02 5.7339697266e+02 5.7354302979e+02 5.7368798828e+02 5.7382397461e+02 5.7395300293e+02 5.7406597900e+02 5.7416998291e+02 5.7426300049e+02 5.7435400391e+02 5.7443402100e+02
5.6761999512e+02 5.6762402344e+02 5.6764202881e+02 5.6766699219e+02 5.6768902588e+02 5.6772998047e+02 5.6771301270e+02 5.6769500732e+02 5.6785101318e+02 5.6869799805e+02 5.6944000244e+02 5.7008197021e+02 5.7069598389e+02 5.7084600830e+02 5.7091497803e+02 5.7102099609e+02 5.7119299316e+02 5.7130297852e+02 5.7154199219e+02 5.7173901367e+02 5.7181896973e+02 5.7186999512e+02 5.7194598389e+02 5.7195001221e+02 5.7192401123e+02 5.7195898438e+02 5.7198199463e+02 5.7200299072e+02 5.7202099609e+02 5.7210101318e+02 5.7223797607e+02 5.7242401123e+02 5.7265399170e+02 5.7283801270e+02 5.7304998779e+02 5.7325500488e+02 5.7343200684e+02 5.7360400391e+02 5.7375500488e+02 5.7388598633e+02 5.7399700928e+02 5.7412597656e+02 5.7422802734e+02 5.7431701660e+02 5.7439300537e+02 5.7445697021e+02
5.6764099121e+02 5.6764801025e+02 5.6764898682e+02 5.6765997314e+02 5.6768103027e+02 5.6770697021e+02 5.6773498535e+02 5.6775799561e+02 5.6772497559e+02 5.6790002441e+02 5.6843597412e+02 5.6926898193e+02 5.7032299805e+02 5.7086199951e+02 5.7098797607e+02 5.7099597168e+02 5.7108801270e+02 5.7120501709e+02 5.7146502686e+02 5.7172198486e+02 5.7182202148e+02 5.7186499023e+02 5.7194299316e+02 5.7198297119e+02 5.7196398926e+02 5.7197698975e+02 5.7200500488e+02 5.7201898193e+02 5.7203302002e+02 5.7210601807e+02 5.7221899414e+02 5.7239599609e+02 5.7262200928e+02 5.7282702637e+02 5.7305902100e+02 5.7329199219e+02 5.7352099609e+02 5.7371197510e+02 5.7386499023e+02 5.7398999023e+02 5.7409399414e+02 5.7420898438e+02 5.7429998779e+02 5.7437500000e+02 5.7443402100e+02 5.7448602295e+02
5.6765899658e+02 5.6765899658e+02 5.6765997314e+02 5.6767297363e+02 5.6768499756e+02 5.6771301270e+02 5.6773901367e+02 5.6775201416e+02 5.6775000000e+02 5.6768499756e+02 5.6783300781e+02 5.6836700439e+02 5.6944702148e+02 5.7040997314e+02 5.7089202881e+02 5.7103497314e+02 5.7108801270e+02 5.7118298340e+02 5.7142102051e+02 5.7168402100e+02 5.7181201172e+02 5.7187902832e+02 5.7194299316e+02 5.7198901367e+02 5.7200897217e+02 5.7199401855e+02 5.7200799561e+02 5.7203100586e+02 5.7204302979e+02 5.7209301758e+02 5.7217700195e+02 5.7233398438e+02 5.7257702637e+02 5.7282702637e+02 5.7308898926e+02 5.7335400391e+02 5.7363000488e+02 5.7383398438e+02 5.7398602295e+02 5.7410797119e+02 5.7420397949e+02 5.7429797363e+02 5.7437298584e+02 5.7443200684e+02 5.7447601318e+02 5.7451202393e+02
5.6766497803e+02 5.6767602539e+02 5.6767797852e+02 5.6768597412e+02 5.6769598389e+02 5.6771697998e+02 5.6772998047e+02 5.6774298096e+02 5.6778802490e+02 5.6777697754e+02 5.6773199463e+02 5.6784399414e+02 5.6847198486e+02 5.6968701172e+02 5.7059301758e+02 5.7100000000e+02 5.7111700439e+02 5.7121002197e+02 5.7139099121e+02 5.7162500000e+02 5.7177899170e+02 5.7187402344e+02 5.7191198730e+02 5.7194097900e+02 5.7201202393e+02 5.7203601074e+02 5.7202697754e+02 5.7204199219e+02 5.7204602051e+02 5.7206701660e+02 5.7212200928e+02 5.7225897217e+02 5.7252697754e+02 5.7283502197e+02 5.7313299561e+02 5.7343701172e+02 5.7376202393e+02 5.7397698975e+02 5.7412597656e+02 5.7424401855e+02 5.7432702637e+02 5.7439801025e+02 5.7445800781e+02 5.7450000000e+02 5.7452099609e+02 5.7453399658e+02
5.6767199707e+02 5.6767102051e+02 5.6768499756e+02 5.6770599365e+02 5.6771899414e+02 5.6772497559e+02 5.6772601318e+02 5.6773999023e+02 5.6776300049e+02 5.6782299805e+02 5.6785101318e+02 5.6780603027e+02 5.6790301514e+02 5.6911700439e+02 5.7030200195e+02 5.7090002441e+02 5.7104699707e+02 5.7118798828e+02 5.7134802246e+02 5.7157202148e+02 5.7178399658e+02 5.7184197998e+02 5.7186297607e+02 5.7188702393e+02 5.7197900391e+02 5.7206201172e+02 5.7206097412e+02 5.7204901123e+02 5.7203997803e+02 5.7203997803e+02 5.7206298828e+02 5.7215600586e+02 5.7234600830e+02 5.7282897949e+02 5.7321899414e+02 5.7362200928e+02 5.7411798096e+02 5.7422198486e+02 5.7436401367e+02 5.7445098877e+02 5.7451599121e+02 5.7453698730e+02 5.7456799316e+02 5.7457098389e+02 5.7453497314e+02 5.7454998779e+02
5.6767999268e+02 5.6767999268e+02 5.6769500732e+02 5.6771899414e+02 5.6771502686e+02 5.6771600342e+02 5.6772302246e+02 5.6773999023e+02 5.6775201416e+02 5.6778601074e+02 5.6784497070e+02 5.6781701660e+02 5.6789398193e+02 5.6908300781e+02 5.7025299072e+02 5.7074200439e+02 5.7086602783e+02 5.7109399414e+02 5.7129302979e+02 5.7153002930e+02 5.7174499512e+02 5.7180999756e+02 5.7182501221e+02 5.7185400391e+02 5.7195501709e+02 5.7206799316e+02 5.7206896973e+02 5.7201599121e+02 5.7198699951e+02 5.7198999023e+02 5.7199298096e+02 5.7204699707e+02 5.7227502441e+02 5.7278900146e+02 5.7327600098e+02 5.7377600098e+02 5.7428198242e+02 5.7453198242e+02 5.7466601563e+02 5.7471697998e+02 5.7468798828e+02 5.7469702148e+02 5.7470697021e+02 5.7468103027e+02 5.7461999512e+02 5.7458300781e+02
5.6768499756e+02 5.6768402100e+02 5.6769702148e+02 5.6771899414e+02 5.6770800781e+02 5.6771600342e+02 5.6772802734e+02 5.6774499512e+02 5.6774902344e+02 5.6779400635e+02 5.6780499268e+02 5.6775598145e+02 5.6803698730e+02 5.6928100586e+02 5.7032299805e+02 5.7066101074e+02 5.7071801758e+02 5.7096801758e+02 5.7116302490e+02 5.7138000488e+02 5.7162701416e+02 5.7173797607e+02 5.7179602051e+02 5.7184301758e+02 5.7193499756e+02 5.7204302979e+02 5.7202398682e+02 5.7195098877e+02 5.7193701172e+02 5.7195898438e+02 5.7196502686e+02 5.7201501465e+02 5.7222998047e+02 5.7277899170e+02 5.7330499268e+02 5.7383398438e+02 5.7439398193e+02 5.7467797852e+02 5.7480700684e+02 5.7485302734e+02 5.7481402588e+02 5.7480798340e+02 5.7481201172e+02 5.7478198242e+02 5.7470397949e+02 5.7462701416e+02
5.6768499756e+02 5.6767602539e+02 5.6768597412e+02 5.6770599365e+02 5.6770697021e+02 5.6772302246e+02 5.6773498535e+02 5.6774798584e+02 5.6775299072e+02 5.6777197266e+02 5.6772100830e+02 5.6776202393e+02 5.6835797119e+02 5.6946899414e+02 5.7025000000e+02 5.7044702148e+02 5.7051300049e+02 5.7078698730e+02 5.7096600342e+02 5.7115002441e+02 5.7141101074e+02 5.7159600830e+02 5.7173901367e+02 5.7183801270e+02 5.7190802002e+02 5.7198999023e+02 5.7198199463e+02 5.7193402100e+02 5.7194396973e+02 5.7197698975e+02 5.7198797607e+02 5.7203900146e+02 5.7221398926e+02 5.7276000977e+02 5.7331298828e+02 5.7385900879e+02 5.7443402100e+02 5.7471801758e+02 5.7484301758e+02 5.7489099121e+02 5.7488201904e+02 5.7489202881e+02 5.7489300537e+02 5.7486401367e+02 5.7478399658e+02 5.7467498779e+02
