TESTSERVER/2/11.asc
NCOLS 100
NROWS 100
XLLCORNER 7.5997500000e+03
YLLCORNER 2.8940025000e+05
CELLSIZE 5.0000000000e-01
NODATA_VALUE -9.9990000000e+03
[rows 40 to 59 of 100, columns 0 to 45 of 100]
5.6579101563e+02 5.6634399414e+02 5.6695001221e+02 5.6706097412e+02 5.6677697754e+02 5.6679998779e+02 5.6686602783e+02 5.6688598633e+02 5.6680902100e+02 5.6684197998e+02 5.6686602783e+02 5.6677502441e+02 5.6661700439e+02 5.6660998535e+02 5.6666601563e+02 5.6676000977e+02 5.6684899902e+02 5.6700799561e+02 5.6710699463e+02 5.6716101074e+02 5.6725000000e+02 5.6736901855e+02 5.6752197266e+02 5.6760302734e+02 5.6765600586e+02 5.6781402588e+02 5.6797302246e+02 5.6806799316e+02 5.6808197021e+02 5.6811700439e+02 5.6821197510e+02 5.6834802246e+02 5.6854602051e+02 5.6875500488e+02 5.6889398193e+02 5.6900799561e+02 5.6911901855e+02 5.6926702881e+02 5.6941400146e+02 5.6954699707e+02 5.6965997314e+02 5.6972198486e+02 5.6979901123e+02 5.6988598633e+02 5.6999200439e+02 5.7002600098e+02
5.6547302246e+02 5.6557501221e+02 5.6577697754e+02 5.6597198486e+02 5.6618200684e+02 5.6641497803e+02 5.6657299805e+02 5.6663397217e+02 5.6655401611e+02 5.6652001953e+02 5.6654302979e+02 5.6648797607e+02 5.6638897705e+02 5.6639001465e+02 5.6646398926e+02 5.6656597900e+02 5.6660998535e+02 5.6672100830e+02 5.6681097412e+02 5.6688702393e+02 5.6700500488e+02 5.6712298584e+02 5.6729498291e+02 5.6740399170e+02 5.6748101807e+02 5.6757598877e+02 5.6769201660e+02 5.6781799316e+02 5.6788598633e+02 5.6788299561e+02 5.6797601318e+02 5.6813299561e+02 5.6833099365e+02 5.6851702881e+02 5.6865600586e+02 5.6875799561e+02 5.6886401367e+02 5.6900701904e+02 5.6915802002e+02 5.6930200195e+02 5.6941802979e+02 5.6949499512e+02 5.6955700684e+02 5.6961297607e+02 5.6967498779e+02 5.6970001221e+02
5.6521697998e+02 5.6531298828e+02 5.6543798828e+02 5.6557598877e+02 5.6575299072e+02 5.6596301270e+02 5.6610797119e+02 5.6617797852e+02 5.6615301514e+02 5.6609497070e+02 5.6609899902e+02 5.6611700439e+02 5.6614001465e+02 5.6615899658e+02 5.6619897461e+02 5.6627600098e+02 5.6632800293e+02 5.6639300537e+02 5.6649798584e+02 5.6662298584e+02 5.6676800537e+02 5.6688299561e+02 5.6704302979e+02 5.6719396973e+02 5.6733197021e+02 5.6736401367e+02 5.6741900635e+02 5.6752398682e+02 5.6757098389e+02 5.6758398438e+02 5.6773901367e+02 5.6789697266e+02 5.6806402588e+02 5.6825799561e+02 5.6839898682e+02 5.6849700928e+02 5.6859698486e+02 5.6873999023e+02 5.6889501953e+02 5.6904998779e+02 5.6917901611e+02 5.6926898193e+02 5.6933300781e+02 5.6938000488e+02 5.6944097900e+02 5.6948797607e+02
5.6492401123e+02 5.6505603027e+02 5.6521801758e+02 5.6532501221e+02 5.6541302490e+02 5.6552801514e+02 5.6561102295e+02 5.6565100098e+02 5.6566601563e+02 5.6568103027e+02 5.6572998047e+02 5.6579998779e+02 5.6586700439e+02 5.6589599609e+02 5.6592102051e+02 5.6598699951e+02 5.6606701660e+02 5.6612701416e+02 5.6625402832e+02 5.6641802979e+02 5.6655297852e+02 5.6665502930e+02 5.6679498291e+02 5.6695397949e+02 5.6711798096e+02 5.6716900635e+02 5.6716699219e+02 5.6718103027e+02 5.6718402100e+02 5.6731201172e+02 5.6758898926e+02 5.6770800781e+02 5.6777398682e+02 5.6798901367e+02 5.6813598633e+02 5.6823199463e+02 5.6831597900e+02 5.6845202637e+02 5.6860900879e+02 5.6877301025e+02 5.6891198730e+02 5.6901599121e+02 5.6909497070e+02 5.6915502930e+02 5.6922900391e+02 5.6926397705e+02
5.6467297363e+02 5.6475402832e+02 5.6487902832e+02 5.6498602295e+02 5.6509497070e+02 5.6518200684e+02 5.6526397705e+02 5.6530798340e+02 5.6532800293e+02 5.6535797119e+02 5.6542901611e+02 5.6548797607e+02 5.6556402588e+02 5.6562402344e+02 5.6565698242e+02 5.6572399902e+02 5.6580603027e+02 5.6589099121e+02 5.6604400635e+02 5.6621997070e+02 5.6634802246e+02 5.6644702148e+02 5.6656799316e+02 5.6668298340e+02 5.6675799561e+02 5.6690698242e+02 5.6692700195e+02 5.6691101074e+02 5.6695397949e+02 5.6726397705e+02 5.6765100098e+02 5.6770898438e+02 5.6759497070e+02 5.6772399902e+02 5.6788397217e+02 5.6799499512e+02 5.6802899170e+02 5.6811999512e+02 5.6827899170e+02 5.6845800781e+02 5.6858502197e+02 5.6873101807e+02 5.6884899902e+02 5.6891198730e+02 5.6895800781e+02 5.6895599365e+02
5.6446099854e+02 5.6451000977e+02 5.6459100342e+02 5.6467602539e+02 5.6476702881e+02 5.6487200928e+02 5.6498699951e+02 5.6506500244e+02 5.6507702637e+02 5.6511499023e+02 5.6516900635e+02 5.6520800781e+02 5.6531701660e+02 5.6539398193e+02 5.6543103027e+02 5.6551202393e+02 5.6559399414e+02 5.6568298340e+02 5.6585601807e+02 5.6599200439e+02 5.6610900879e+02 5.6621697998e+02 5.6635900879e+02 5.6647497559e+02 5.6652697754e+02 5.6664099121e+02 5.6667901611e+02 5.6670599365e+02 5.6678802490e+02 5.6702099609e+02 5.6728198242e+02 5.6736700439e+02 5.6734002686e+02 5.6743298340e+02 5.6760699463e+02 5.6777197266e+02 5.6785900879e+02 5.6793597412e+02 5.6806500244e+02 5.6819598389e+02 5.6829101563e+02 5.6847198486e+02 5.6864001465e+02 5.6872399902e+02 5.6875097656e+02 5.6870001221e+02
5.6424798584e+02 5.6427001953e+02 5.6432598877e+02 5.6439501953e+02 5.6448797607e+02 5.6458599854e+02 5.6468103027e+02 5.6475000000e+02 5.6476397705e+02 5.6484197998e+02 5.6493200684e+02 5.6499902344e+02 5.6511901855e+02 5.6518402100e+02 5.6522198486e+02 5.6531298828e+02 5.6540197754e+02 5.6549597168e+02 5.6566198730e+02 5.6579797363e+02 5.6593298340e+02 5.6603601074e+02 5.6611901855e+02 5.6620800781e+02 5.6628198242e+02 5.6634600830e+02 5.6636700439e+02 5.6646398926e+02 5.6663299561e+02 5.6665002441e+02 5.6669097900e+02 5.6681896973e+02 5.6700500488e+02 5.6713397217e+02 5.6730102539e+02 5.6747601318e+02 5.6761102295e+02 5.6770800781e+02 5.6782098389e+02 5.6792297363e+02 5.6801000977e+02 5.6815600586e+02 5.6830603027e+02 5.6842700195e+02 5.6852600098e+02 5.6850201416e+02
5.6400000000e+02 5.6402197266e+02 5.6407299805e+02 5.6413702393e+02 5.6422698975e+02 5.6429602051e+02 5.6435601807e+02 5.6441302490e+02 5.6446301270e+02 5.6458197021e+02 5.6470098877e+02 5.6480999756e+02 5.6494799805e+02 5.6499798584e+02 5.6503601074e+02 5.6513500977e+02 5.6522802734e+02 5.6532800293e+02 5.6547198486e+02 5.6559899902e+02 5.6575299072e+02 5.6588000488e+02 5.6591302490e+02 5.6596697998e+02 5.6605102539e+02 5.6606896973e+02 5.6608898926e+02 5.6622100830e+02 5.6645001221e+02 5.6650201416e+02 5.6649200439e+02 5.6658300781e+02 5.6675201416e+02 5.6688299561e+02 5.6702697754e+02 5.6716900635e+02 5.6730297852e+02 5.6740997314e+02 5.6749798584e+02 5.6757702637e+02 5.6767498779e+02 5.6778997803e+02 5.6792700195e+02 5.6807598877e+02 5.6823699951e+02 5.6827502441e+02
5.6375201416e+02 5.6379998779e+02 5.6385400391e+02 5.6391101074e+02 5.6399499512e+02 5.6403601074e+02 5.6409002686e+02 5.6416497803e+02 5.6427398682e+02 5.6440600586e+02 5.6451202393e+02 5.6460900879e+02 5.6470098877e+02 5.6478497314e+02 5.6486297607e+02 5.6497100830e+02 5.6504101563e+02 5.6514202881e+02 5.6527697754e+02 5.6539001465e+02 5.6547802734e+02 5.6561700439e+02 5.6567498779e+02 5.6571502686e+02 5.6576098633e+02 5.6581597900e+02 5.6588397217e+02 5.6596801758e+02 5.6605700684e+02 5.6625000000e+02 5.6632800293e+02 5.6636901855e+02 5.6644897461e+02 5.6661999512e+02 5.6675299072e+02 5.6686798096e+02 5.6701300049e+02 5.6718402100e+02 5.6721899414e+02 5.6722601318e+02 5.6732501221e+02 5.6744598389e+02 5.6760198975e+02 5.6776300049e+02 5.6787097168e+02 5.6796697998e+02
5.6349200439e+02 5.6356701660e+02 5.6362902832e+02 5.6368298340e+02 5.6375500488e+02 5.6382702637e+02 5.6391998291e+02 5.6401000977e+02 5.6410998535e+02 5.6426300049e+02 5.6440997314e+02 5.6450402832e+02 5.6455499268e+02 5.6460699463e+02 5.6468103027e+02 5.6475500488e+02 5.6481402588e+02 5.6491601563e+02 5.6503900146e+02 5.6514898682e+02 5.6522497559e+02 5.6536700439e+02 5.6542999268e+02 5.6544000244e+02 5.6548498535e+02 5.6555401611e+02 5.6567401123e+02 5.6577600098e+02 5.6583197021e+02 5.6597302246e+02 5.6607098389e+02 5.6612500000e+02 5.6621600342e+02 5.6635302734e+02 5.6648498535e+02 5.6661798096e+02 5.6678497314e+02 5.6693798828e+02 5.6694396973e+02 5.6694500732e+02 5.6708502197e+02 5.6719299316e+02 5.6729602051e+02 5.6747100830e+02 5.6760601807e+02 5.6766998291e+02
5.6321002197e+02 5.6329302979e+02 5.6338702393e+02 5.6345397949e+02 5.6352600098e+02 5.6362200928e+02 5.6374401855e+02 5.6385699463e+02 5.6396502686e+02 5.6410699463e+02 5.6427899170e+02 5.6437200928e+02 5.6440698242e+02 5.6443902588e+02 5.6448999023e+02 5.6456298828e+02 5.6461199951e+02 5.6468200684e+02 5.6477697754e+02 5.6489697266e+02 5.6500097656e+02 5.6511999512e+02 5.6517901611e+02 5.6520001221e+02 5.6523901367e+02 5.6526800537e+02 5.6536297607e+02 5.6548400879e+02 5.6559802246e+02 5.6575097656e+02 5.6588098145e+02 5.6595397949e+02 5.6603198242e+02 5.6617401123e+02 5.6627197266e+02 5.6637701416e+02 5.6652899170e+02 5.6664501953e+02 5.6667199707e+02 5.6672302246e+02 5.6687200928e+02 5.6695697021e+02 5.6701800537e+02 5.6715399170e+02 5.6727197266e+02 5.6731799316e+02
5.6297100830e+02 5.6307702637e+02 5.6318499756e+02 5.6325402832e+02 5.6333502197e+02 5.6342999268e+02 5.6355902100e+02 5.6369702148e+02 5.6384002686e+02 5.6399499512e+02 5.6412097168e+02 5.6414202881e+02 5.6417700195e+02 5.6422802734e+02 5.6427600098e+02 5.6435498047e+02 5.6440002441e+02 5.6443298340e+02 5.6450299072e+02 5.6464099121e+02 5.6477899170e+02 5.6486901855e+02 5.6492401123e+02 5.6495898438e+02 5.6500799561e+02 5.6502600098e+02 5.6508197021e+02 5.6520397949e+02 5.6536199951e+02 5.6553198242e+02 5.6569897461e+02 5.6580102539e+02 5.6586499023e+02 5.6600402832e+02 5.6606201172e+02 5.6611999512e+02 5.6625701904e+02 5.6637200928e+02 5.6642401123e+02 5.6650598145e+02 5.6663598633e+02 5.6671002197e+02 5.6676898193e+02 5.6686499023e+02 5.6693902588e+02 5.6703601074e+02
5.6278100586e+02 5.6290301514e+02 5.6300598145e+02 5.6308599854e+02 5.6319598389e+02 5.6328399658e+02 5.6340899658e+02 5.6355200195e+02 5.6367999268e+02 5.6388897705e+02 5.6394000244e+02 5.6386602783e+02 5.6387402344e+02 5.6396997070e+02 5.6406500244e+02 5.6414501953e+02 5.6416101074e+02 5.6420697021e+02 5.6426599121e+02 5.6438397217e+02 5.6448699951e+02 5.6457202148e+02 5.6466802979e+02 5.6473400879e+02 5.6479797363e+02 5.6485198975e+02 5.6489501953e+02 5.6498797607e+02 5.6514300537e+02 5.6529699707e+02 5.6545898438e+02 5.6558398438e+02 5.6563299561e+02 5.6575701904e+02 5.6580102539e+02 5.6583398438e+02 5.6594702148e+02 5.6608599854e+02 5.6613897705e+02 5.6619897461e+02 5.6629901123e+02 5.6640802002e+02 5.6653601074e+02 5.6666198730e+02 5.6672998047e+02 5.6687402344e+02
5.6256500244e+02 5.6269702148e+02 5.6279302979e+02 5.6289202881e+02 5.6304199219e+02 5.6314801025e+02 5.6326202393e+02 5.6337902832e+02 5.6347802734e+02 5.6364898682e+02 5.6369799805e+02 5.6365502930e+02 5.6366802979e+02 5.6372497559e+02 5.6386102295e+02 5.6398400879e+02 5.6398297119e+02 5.6399401855e+02 5.6405401611e+02 5.6415802002e+02 5.6425000000e+02 5.6434600830e+02 5.6446801758e+02 5.6453997803e+02 5.6458300781e+02 5.6462597656e+02 5.6467102051e+02 5.6478497314e+02 5.6495599365e+02 5.6507397461e+02 5.6520397949e+02 5.6530603027e+02 5.6535498047e+02 5.6544598389e+02 5.6554400635e+02 5.6561901855e+02 5.6572802734e+02 5.6582000732e+02 5.6589599609e+02 5.6597100830e+02 5.6607897949e+02 5.6618701172e+02 5.6630603027e+02 5.6641101074e+02 5.6644500732e+02 5.6657202148e+02
5.6237902832e+02 5.6249200439e+02 5.6258398438e+02 5.6268298340e+02 5.6284399414e+02 5.6295098877e+02 5.6303997803e+02 5.6314801025e+02 5.6327197266e+02 5.6335498047e+02 5.6340197754e+02 5.6345098877e+02 5.6349597168e+02 5.6352301025e+02 5.6362097168e+02 5.6374200439e+02 5.6375799561e+02 5.6377099609e+02 5.6383197021e+02 5.6391900635e+02 5.6399700928e+02 5.6412402344e+02 5.6426702881e+02 5.6431402588e+02 5.6432202148e+02 5.6436499023e+02 5.6444097900e+02 5.6458599854e+02 5.6475897217e+02 5.6486401367e+02 5.6497302246e+02 5.6505200195e+02 5.6508300781e+02 5.6514898682e+02 5.6527001953e+02 5.6536401367e+02 5.6547802734e+02 5.6559899902e+02 5.6573400879e+02 5.6583001709e+02 5.6589501953e+02 5.6595898438e+02 5.6603399658e+02 5.6611102295e+02 5.6615197754e+02 5.6624597168e+02
5.6224798584e+02 5.6231597900e+02 5.6239898682e+02 5.6248498535e+02 5.6262200928e+02 5.6271801758e+02 5.6279498291e+02 5.6291601563e+02 5.6308300781e+02 5.6309899902e+02 5.6310900879e+02 5.6317901611e+02 5.6323498535e+02 5.6325402832e+02 5.6330499268e+02 5.6339300537e+02 5.6345098877e+02 5.6350402832e+02 5.6358898926e+02 5.6367498779e+02 5.6373901367e+02 5.6385797119e+02 5.6401098633e+02 5.6407598877e+02 5.6410198975e+02 5.6415802002e+02 5.6426300049e+02 5.6440197754e+02 5.6452502441e+02 5.6462597656e+02 5.6472302246e+02 5.6478698730e+02 5.6481201172e+02 5.6485797119e+02 5.6495501709e+02 5.6504602051e+02 5.6518499756e+02 5.6537097168e+02 5.6558099365e+02 5.6567999268e+02 5.6569299316e+02 5.6575500488e+02 5.6582000732e+02 5.6587402344e+02 5.6590899658e+02 5.6597900391e+02
5.6212701416e+02 5.6215997314e+02 5.6221899414e+02 5.6229302979e+02 5.6240197754e+02 5.6249499512e+02 5.6260101318e+02 5.6274798584e+02 5.6289599609e+02 5.6294097900e+02 5.6292999268e+02 5.6293798828e+02 5.6296502686e+02 5.6297601318e+02 5.6301501465e+02 5.6308898926e+02 5.6316699219e+02 5.6325201416e+02 5.6335797119e+02 5.6345300293e+02 5.6351501465e+02 5.6360601807e+02 5.6374700928e+02 5.6385101318e+02 5.6390802002e+02 5.6395501709e+02 5.6408898926e+02 5.6426202393e+02 5.6432702637e+02 5.6437200928e+02 5.6446502686e+02 5.6454602051e+02 5.6459802246e+02 5.6465899658e+02 5.6472302246e+02 5.6482202148e+02 5.6497802734e+02 5.6514697266e+02 5.6537500000e+02 5.6548797607e+02 5.6548498535e+02 5.6557702637e+02 5.6561102295e+02 5.6559399414e+02 5.6560797119e+02 5.6571502686e+02
5.6191198730e+02 5.6202301025e+02 5.6209497070e+02 5.6213098145e+02 5.6219799805e+02 5.6230200195e+02 5.6239398193e+02 5.6248297119e+02 5.6257598877e+02 5.6268402100e+02 5.6273901367e+02 5.6271997070e+02 5.6270098877e+02 5.6273498535e+02 5.6280603027e+02 5.6289300537e+02 5.6297698975e+02 5.6305603027e+02 5.6313800049e+02 5.6322399902e+02 5.6330999756e+02 5.6341400146e+02 5.6354199219e+02 5.6364398193e+02 5.6369299316e+02 5.6370800781e+02 5.6383300781e+02 5.6406402588e+02 5.6414801025e+02 5.6417498779e+02 5.6426300049e+02 5.6434497070e+02 5.6438201904e+02 5.6447399902e+02 5.6452099609e+02 5.6458502197e+02 5.6472100830e+02 5.6484698486e+02 5.6497900391e+02 5.6508398438e+02 5.6514697266e+02 5.6526800537e+02 5.6530902100e+02 5.6528698730e+02 5.6532800293e+02 5.6543103027e+02
5.6166400146e+02 5.6182800293e+02 5.6195697021e+02 5.6199700928e+02 5.6203198242e+02 5.6211297607e+02 5.6214398193e+02 5.6217297363e+02 5.6225299072e+02 5.6237402344e+02 5.6245501709e+02 5.6245898438e+02 5.6245697021e+02 5.6251599121e+02 5.6259899902e+02 5.6269396973e+02 5.6278698730e+02 5.6288000488e+02 5.6295300293e+02 5.6301501465e+02 5.6309100342e+02 5.6318103027e+02 5.6330401611e+02 5.6340301514e+02 5.6346997070e+02 5.6349597168e+02 5.6359899902e+02 5.6377301025e+02 5.6386700439e+02 5.6393499756e+02 5.6402301025e+02 5.6408898926e+02 5.6412402344e+02 5.6422998047e+02 5.6427398682e+02 5.6430700684e+02 5.6442999268e+02 5.6454699707e+02 5.6465197754e+02 5.6475299072e+02 5.6479998779e+02 5.6488000488e+02 5.6497100830e+02 5.6501599121e+02 5.6506597900e+02 5.6517602539e+02
5.6134600830e+02 5.6152600098e+02 5.6173297119e+02 5.6185400391e+02 5.6190197754e+02 5.6191601563e+02 5.6187500000e+02 5.6187500000e+02 5.6198199463e+02 5.6209997559e+02 5.6217999268e+02 5.6221099854e+02 5.6225402832e+02 5.6231298828e+02 5.6237799072e+02 5.6246697998e+02 5.6256799316e+02 5.6268103027e+02 5.6276397705e+02 5.6281201172e+02 5.6286999512e+02 5.6296398926e+02 5.6307897949e+02 5.6316802979e+02 5.6324499512e+02 5.6328900146e+02 5.6335699463e+02 5.6346002197e+02 5.6356500244e+02 5.6367700195e+02 5.6377197266e+02 5.6384002686e+02 5.6389898682e+02 5.6403900146e+02 5.6409301758e+02 5.6410498047e+02 5.6418499756e+02 5.6426501465e+02 5.6436401367e+02 5.6447698975e+02 5.6448101807e+02 5.6448199463e+02 5.6462500000e+02 5.6475402832e+02 5.6481201172e+02 5.6492700195e+02
