TESTSERVER/2/12.asc
NCOLS 100
NROWS 100
XLLCORNER 7.5997500000e+03
YLLCORNER 2.8935025000e+05
CELLSIZE 5.0000000000e-01
NODATA_VALUE -9.9990000000e+03
[rows 40 to 59 of 100, columns 46 to 91 of 100]
5.5162597656e+02 5.5162799072e+02 5.5163098145e+02 5.5163598633e+02 5.5164099121e+02 5.5164501953e+02 5.5165100098e+02 5.5164001465e+02 5.5163299561e+02 5.5167797852e+02 5.5179901123e+02 5.5199798584e+02 5.5219097900e+02 5.5239202881e+02 5.5257299805e+02 5.5272100830e+02 5.5287799072e+02 5.5302398682e+02 5.5316198730e+02 5.5325500488e+02 5.5335302734e+02 5.5343597412e+02 5.5350201416e+02 5.5359100342e+02 5.5364898682e+02 5.5370397949e+02 5.5378302002e+02 5.5385101318e+02 5.5390802002e+02 5.5396697998e+02 5.5404699707e+02 5.5410998535e+02 5.5418200684e+02 5.5426599121e+02 5.5434899902e+02 5.5442297363e+02 5.5450701904e+02 5.5457501221e+02 5.5462902832e+02 5.5471099854e+02 5.5484802246e+02 5.5497802734e+02 5.5505999756e+02 5.5510699463e+02 5.5512500000e+02 5.5515802002e+02
5.5163000488e+02 5.5163098145e+02 5.5163098145e+02 5.5163397217e+02 5.5163800049e+02 5.5164202881e+02 5.5165197754e+02 5.5163598633e+02 5.5163098145e+02 5.5167901611e+02 5.5179797363e+02 5.5198901367e+02 5.5218200684e+02 5.5238299561e+02 5.5257299805e+02 5.5273498535e+02 5.5288897705e+02 5.5303100586e+02 5.5316302490e+02 5.5326098633e+02 5.5334997559e+02 5.5342602539e+02 5.5349700928e+02 5.5358502197e+02 5.5364697266e+02 5.5370599365e+02 5.5377899170e+02 5.5384802246e+02 5.5390301514e+02 5.5395697021e+02 5.5402301025e+02 5.5410699463e+02 5.5417901611e+02 5.5424200439e+02 5.5430902100e+02 5.5438500977e+02 5.5446899414e+02 5.5454400635e+02 5.5461199951e+02 5.5470599365e+02 5.5486297607e+02 5.5502197266e+02 5.5512799072e+02 5.5512200928e+02 5.5510797119e+02 5.5513000488e+02
5.5163201904e+02 5.5163299561e+02 5.5163098145e+02 5.5163299561e+02 5.5163500977e+02 5.5163800049e+02 5.5164801025e+02 5.5163598633e+02 5.5164300537e+02 5.5170599365e+02 5.5183398438e+02 5.5201397705e+02 5.5220697021e+02 5.5239898682e+02 5.5257897949e+02 5.5274700928e+02 5.5290197754e+02 5.5304400635e+02 5.5315802002e+02 5.5325598145e+02 5.5334399414e+02 5.5341601563e+02 5.5349102783e+02 5.5357501221e+02 5.5364599609e+02 5.5371502686e+02 5.5378002930e+02 5.5383898926e+02 5.5389398193e+02 5.5395397949e+02 5.5401000977e+02 5.5409997559e+02 5.5417602539e+02 5.5423297119e+02 5.5430700684e+02 5.5438098145e+02 5.5444702148e+02 5.5452697754e+02 5.5461798096e+02 5.5473699951e+02 5.5490399170e+02 5.5507397461e+02 5.5519000244e+02 5.5514099121e+02 5.5510302734e+02 5.5511297607e+02
5.5163397217e+02 5.5163500977e+02 5.5163201904e+02 5.5163098145e+02 5.5163098145e+02 5.5163299561e+02 5.5163702393e+02 5.5163397217e+02 5.5166497803e+02 5.5175402832e+02 5.5189599609e+02 5.5206402588e+02 5.5225402832e+02 5.5243597412e+02 5.5260699463e+02 5.5277197266e+02 5.5292102051e+02 5.5306201172e+02 5.5316601563e+02 5.5326501465e+02 5.5335101318e+02 5.5342199707e+02 5.5349499512e+02 5.5357397461e+02 5.5365002441e+02 5.5372302246e+02 5.5378601074e+02 5.5383502197e+02 5.5389202881e+02 5.5396197510e+02 5.5402001953e+02 5.5409399414e+02 5.5416699219e+02 5.5423199463e+02 5.5432202148e+02 5.5438299561e+02 5.5445501709e+02 5.5458099365e+02 5.5469702148e+02 5.5483697510e+02 5.5499401855e+02 5.5512500000e+02 5.5518103027e+02 5.5510900879e+02 5.5507000732e+02 5.5508300781e+02
5.5164001465e+02 5.5163897705e+02 5.5163598633e+02 5.5163299561e+02 5.5162902832e+02 5.5162597656e+02 5.5162298584e+02 5.5163098145e+02 5.5169396973e+02 5.5182000732e+02 5.5198602295e+02 5.5214599609e+02 5.5232000732e+02 5.5248901367e+02 5.5265502930e+02 5.5281402588e+02 5.5295397949e+02 5.5309100342e+02 5.5319396973e+02 5.5328302002e+02 5.5335302734e+02 5.5342602539e+02 5.5350897217e+02 5.5358599854e+02 5.5365997314e+02 5.5372399902e+02 5.5378802490e+02 5.5383697510e+02 5.5389202881e+02 5.5396197510e+02 5.5402001953e+02 5.5409002686e+02 5.5415698242e+02 5.5422900391e+02 5.5431402588e+02 5.5439202881e+02 5.5453100586e+02 5.5471197510e+02 5.5478802490e+02 5.5491802979e+02 5.5507202148e+02 5.5513598633e+02 5.5509100342e+02 5.5503497314e+02 5.5502099609e+02 5.5504699707e+02
5.5164697266e+02 5.5164300537e+02 5.5163500977e+02 5.5162799072e+02 5.5161700439e+02 5.5161199951e+02 5.5161901855e+02 5.5166497803e+02 5.5177600098e+02 5.5193701172e+02 5.5209802246e+02 5.5224597168e+02 5.5240197754e+02 5.5255401611e+02 5.5271099854e+02 5.5286401367e+02 5.5299902344e+02 5.5312200928e+02 5.5321697998e+02 5.5329302979e+02 5.5335900879e+02 5.5343798828e+02 5.5352099609e+02 5.5359899902e+02 5.5366699219e+02 5.5372198486e+02 5.5379400635e+02 5.5385400391e+02 5.5390399170e+02 5.5396398926e+02 5.5401800537e+02 5.5408898926e+02 5.5417102051e+02 5.5426300049e+02 5.5436102295e+02 5.5450402832e+02 5.5469097900e+02 5.5483398438e+02 5.5487402344e+02 5.5499298096e+02 5.5509802246e+02 5.5508398438e+02 5.5501300049e+02 5.5497802734e+02 5.5498901367e+02 5.5502301025e+02
5.5164501953e+02 5.5163897705e+02 5.5162799072e+02 5.5161297607e+02 5.5160498047e+02 5.5161602783e+02 5.5164599609e+02 5.5174102783e+02 5.5188598633e+02 5.5205200195e+02 5.5220898438e+02 5.5234899902e+02 5.5249102783e+02 5.5263201904e+02 5.5278302002e+02 5.5292102051e+02 5.5304498291e+02 5.5315802002e+02 5.5324700928e+02 5.5332098389e+02 5.5338897705e+02 5.5346502686e+02 5.5353601074e+02 5.5360998535e+02 5.5367102051e+02 5.5372399902e+02 5.5379498291e+02 5.5385498047e+02 5.5390301514e+02 5.5396600342e+02 5.5402801514e+02 5.5410198975e+02 5.5419799805e+02 5.5430999756e+02 5.5442199707e+02 5.5459899902e+02 5.5477502441e+02 5.5486102295e+02 5.5490301514e+02 5.5503997803e+02 5.5506597900e+02 5.5499700928e+02 5.5494299316e+02 5.5494097900e+02 5.5497100830e+02 5.5499499512e+02
5.5163800049e+02 5.5163299561e+02 5.5161901855e+02 5.5160101318e+02 5.5160797119e+02 5.5164898682e+02 5.5172198486e+02 5.5185400391e+02 5.5200897217e+02 5.5216802979e+02 5.5231298828e+02 5.5244598389e+02 5.5258502197e+02 5.5271997070e+02 5.5286401367e+02 5.5298699951e+02 5.5309301758e+02 5.5319097900e+02 5.5327801514e+02 5.5335101318e+02 5.5342102051e+02 5.5349102783e+02 5.5355499268e+02 5.5361901855e+02 5.5367498779e+02 5.5372900391e+02 5.5378399658e+02 5.5384301758e+02 5.5390002441e+02 5.5397302246e+02 5.5403900146e+02 5.5411297607e+02 5.5421899414e+02 5.5434698486e+02 5.5446301270e+02 5.5461798096e+02 5.5473901367e+02 5.5477001953e+02 5.5481402588e+02 5.5495202637e+02 5.5495098877e+02 5.5489398193e+02 5.5489001465e+02 5.5491400146e+02 5.5494299316e+02 5.5495300293e+02
5.5163098145e+02 5.5162402344e+02 5.5161401367e+02 5.5159698486e+02 5.5162902832e+02 5.5171301270e+02 5.5184497070e+02 5.5198297119e+02 5.5212902832e+02 5.5228198242e+02 5.5241400146e+02 5.5254302979e+02 5.5267999268e+02 5.5280401611e+02 5.5292102051e+02 5.5304199219e+02 5.5314398193e+02 5.5322900391e+02 5.5329998779e+02 5.5337500000e+02 5.5344201660e+02 5.5350500488e+02 5.5355902100e+02 5.5362097168e+02 5.5367999268e+02 5.5373297119e+02 5.5377197266e+02 5.5383197021e+02 5.5390502930e+02 5.5398602295e+02 5.5405102539e+02 5.5410998535e+02 5.5421997070e+02 5.5436401367e+02 5.5450201416e+02 5.5462200928e+02 5.5470202637e+02 5.5471899414e+02 5.5477801514e+02 5.5484002686e+02 5.5484100342e+02 5.5482397461e+02 5.5484698486e+02 5.5487097168e+02 5.5488598633e+02 5.5488897705e+02
5.5162097168e+02 5.5160101318e+02 5.5158398438e+02 5.5162097168e+02 5.5171002197e+02 5.5182897949e+02 5.5195898438e+02 5.5210101318e+02 5.5223901367e+02 5.5238299561e+02 5.5250701904e+02 5.5264300537e+02 5.5277502441e+02 5.5288598633e+02 5.5298901367e+02 5.5309399414e+02 5.5318200684e+02 5.5326300049e+02 5.5332800293e+02 5.5339898682e+02 5.5345898438e+02 5.5351397705e+02 5.5357000732e+02 5.5363500977e+02 5.5368902588e+02 5.5373602295e+02 5.5378698730e+02 5.5384399414e+02 5.5390997314e+02 5.5398101807e+02 5.5404302979e+02 5.5409698486e+02 5.5421398926e+02 5.5437597656e+02 5.5453497314e+02 5.5467602539e+02 5.5476702881e+02 5.5477697754e+02 5.5477899170e+02 5.5478802490e+02 5.5477600098e+02 5.5478601074e+02 5.5481097412e+02 5.5482800293e+02 5.5484100342e+02 5.5484301758e+02
5.5160998535e+02 5.5159497070e+02 5.5160101318e+02 5.5169799805e+02 5.5182000732e+02 5.5194799805e+02 5.5207598877e+02 5.5221600342e+02 5.5234698486e+02 5.5247198486e+02 5.5259002686e+02 5.5271899414e+02 5.5284002686e+02 5.5294598389e+02 5.5304797363e+02 5.5314398193e+02 5.5322198486e+02 5.5329699707e+02 5.5335900879e+02 5.5342102051e+02 5.5347497559e+02 5.5353002930e+02 5.5359002686e+02 5.5364697266e+02 5.5369799805e+02 5.5374700928e+02 5.5379998779e+02 5.5385400391e+02 5.5391400146e+02 5.5397900391e+02 5.5404101563e+02 5.5410699463e+02 5.5423101807e+02 5.5439898682e+02 5.5457000732e+02 5.5470202637e+02 5.5477398682e+02 5.5476202393e+02 5.5472900391e+02 5.5473400879e+02 5.5473901367e+02 5.5475299072e+02 5.5475897217e+02 5.5477600098e+02 5.5479302979e+02 5.5479602051e+02
5.5161102295e+02 5.5162500000e+02 5.5167999268e+02 5.5180798340e+02 5.5193701172e+02 5.5206597900e+02 5.5218798828e+02 5.5232202148e+02 5.5245098877e+02 5.5256896973e+02 5.5267700195e+02 5.5278698730e+02 5.5289697266e+02 5.5300201416e+02 5.5310101318e+02 5.5318902588e+02 5.5326098633e+02 5.5332897949e+02 5.5338598633e+02 5.5344299316e+02 5.5349102783e+02 5.5354101563e+02 5.5360101318e+02 5.5366101074e+02 5.5371398926e+02 5.5376202393e+02 5.5380603027e+02 5.5386102295e+02 5.5392199707e+02 5.5398999023e+02 5.5406500244e+02 5.5415899658e+02 5.5428698730e+02 5.5444201660e+02 5.5458898926e+02 5.5466699219e+02 5.5469897461e+02 5.5467797852e+02 5.5466302490e+02 5.5468597412e+02 5.5469702148e+02 5.5470397949e+02 5.5470202637e+02 5.5471899414e+02 5.5473602295e+02 5.5474499512e+02
5.5162500000e+02 5.5169396973e+02 5.5179699707e+02 5.5192297363e+02 5.5205603027e+02 5.5218902588e+02 5.5230200195e+02 5.5240802002e+02 5.5253802490e+02 5.5266302490e+02 5.5276397705e+02 5.5286401367e+02 5.5296099854e+02 5.5305700684e+02 5.5313800049e+02 5.5321398926e+02 5.5328198242e+02 5.5334002686e+02 5.5339801025e+02 5.5345397949e+02 5.5350799561e+02 5.5356201172e+02 5.5361999512e+02 5.5367700195e+02 5.5372601318e+02 5.5376599121e+02 5.5380798340e+02 5.5385998535e+02 5.5392102051e+02 5.5400500488e+02 5.5410900879e+02 5.5423199463e+02 5.5436999512e+02 5.5450299072e+02 5.5460797119e+02 5.5461700439e+02 5.5460699463e+02 5.5459899902e+02 5.5462500000e+02 5.5463098145e+02 5.5463800049e+02 5.5465600586e+02 5.5466497803e+02 5.5466998291e+02 5.5467901611e+02 5.5468798828e+02
5.5168298340e+02 5.5178802490e+02 5.5189599609e+02 5.5201800537e+02 5.5215399170e+02 5.5228399658e+02 5.5238299561e+02 5.5248400879e+02 5.5260900879e+02 5.5273400879e+02 5.5283197021e+02 5.5292797852e+02 5.5301202393e+02 5.5308801270e+02 5.5315100098e+02 5.5322900391e+02 5.5329400635e+02 5.5334899902e+02 5.5340997314e+02 5.5346801758e+02 5.5352099609e+02 5.5358099365e+02 5.5364300537e+02 5.5368902588e+02 5.5372497559e+02 5.5376800537e+02 5.5381298828e+02 5.5385302734e+02 5.5392102051e+02 5.5403399658e+02 5.5417297363e+02 5.5430499268e+02 5.5444396973e+02 5.5454400635e+02 5.5457598877e+02 5.5456597900e+02 5.5455297852e+02 5.5455700684e+02 5.5456896973e+02 5.5457800293e+02 5.5458801270e+02 5.5460302734e+02 5.5461199951e+02 5.5462097168e+02 5.5462402344e+02 5.5463397217e+02
5.5177801514e+02 5.5188702393e+02 5.5199401855e+02 5.5211102295e+02 5.5224102783e+02 5.5236401367e+02 5.5245800781e+02 5.5255401611e+02 5.5267401123e+02 5.5279602051e+02 5.5288397217e+02 5.5296801758e+02 5.5303698730e+02 5.5310101318e+02 5.5315698242e+02 5.5322601318e+02 5.5328399658e+02 5.5334301758e+02 5.5341699219e+02 5.5348101807e+02 5.5353497314e+02 5.5359399414e+02 5.5365399170e+02 5.5370300293e+02 5.5373699951e+02 5.5377600098e+02 5.5382397461e+02 5.5387097168e+02 5.5396398926e+02 5.5409802246e+02 5.5424499512e+02 5.5436901855e+02 5.5446398926e+02 5.5450598145e+02 5.5448901367e+02 5.5447998047e+02 5.5448699951e+02 5.5450299072e+02 5.5451300049e+02 5.5452801514e+02 5.5453497314e+02 5.5454302979e+02 5.5455999756e+02 5.5456500244e+02 5.5457800293e+02 5.5462799072e+02
5.5187799072e+02 5.5198602295e+02 5.5209197998e+02 5.5220397949e+02 5.5232397461e+02 5.5243798828e+02 5.5252398682e+02 5.5261102295e+02 5.5271801758e+02 5.5282501221e+02 5.5290301514e+02 5.5297497559e+02 5.5303198242e+02 5.5309399414e+02 5.5315997314e+02 5.5321899414e+02 5.5327398682e+02 5.5334197998e+02 5.5342901611e+02 5.5349298096e+02 5.5354498291e+02 5.5360198975e+02 5.5365899658e+02 5.5372198486e+02 5.5376702881e+02 5.5380999756e+02 5.5386901855e+02 5.5393798828e+02 5.5404901123e+02 5.5417999268e+02 5.5430700684e+02 5.5439300537e+02 5.5442797852e+02 5.5442401123e+02 5.5440502930e+02 5.5441699219e+02 5.5443402100e+02 5.5445001221e+02 5.5445898438e+02 5.5447198486e+02 5.5447698975e+02 5.5448699951e+02 5.5451202393e+02 5.5452398682e+02 5.5458099365e+02 5.5467999268e+02
5.5196398926e+02 5.5206402588e+02 5.5216900635e+02 5.5228900146e+02 5.5240002441e+02 5.5250299072e+02 5.5258398438e+02 5.5266497803e+02 5.5275598145e+02 5.5283801270e+02 5.5290100098e+02 5.5296600342e+02 5.5302001953e+02 5.5308197021e+02 5.5315698242e+02 5.5321899414e+02 5.5327801514e+02 5.5334899902e+02 5.5342199707e+02 5.5349401855e+02 5.5354400635e+02 5.5360101318e+02 5.5366198730e+02 5.5373699951e+02 5.5378900146e+02 5.5384100342e+02 5.5393798828e+02 5.5405297852e+02 5.5416900635e+02 5.5428002930e+02 5.5434899902e+02 5.5436602783e+02 5.5435101318e+02 5.5434197998e+02 5.5436199951e+02 5.5437402344e+02 5.5438800049e+02 5.5439398193e+02 5.5439099121e+02 5.5441497803e+02 5.5443597412e+02 5.5445397949e+02 5.5446099854e+02 5.5452001953e+02 5.5460900879e+02 5.5469598389e+02
5.5202502441e+02 5.5212902832e+02 5.5223400879e+02 5.5234497070e+02 5.5245098877e+02 5.5254498291e+02 5.5261297607e+02 5.5268701172e+02 5.5276300049e+02 5.5283697510e+02 5.5290698242e+02 5.5296997070e+02 5.5302600098e+02 5.5308300781e+02 5.5314599609e+02 5.5321997070e+02 5.5328900146e+02 5.5336102295e+02 5.5343200684e+02 5.5350897217e+02 5.5357702637e+02 5.5364300537e+02 5.5370397949e+02 5.5375402832e+02 5.5379199219e+02 5.5385699463e+02 5.5398797607e+02 5.5407800293e+02 5.5416802979e+02 5.5426599121e+02 5.5428002930e+02 5.5426397705e+02 5.5426599121e+02 5.5428399658e+02 5.5431402588e+02 5.5432501221e+02 5.5433300781e+02 5.5433300781e+02 5.5434399414e+02 5.5436798096e+02 5.5439202881e+02 5.5442401123e+02 5.5446801758e+02 5.5453900146e+02 5.5459600830e+02 5.5464599609e+02
5.5210198975e+02 5.5220397949e+02 5.5230401611e+02 5.5240301514e+02 5.5249700928e+02 5.5257800293e+02 5.5263299561e+02 5.5269799805e+02 5.5276501465e+02 5.5283599854e+02 5.5291302490e+02 5.5297399902e+02 5.5302801514e+02 5.5308099365e+02 5.5314398193e+02 5.5323999023e+02 5.5331500244e+02 5.5338500977e+02 5.5346002197e+02 5.5354101563e+02 5.5360998535e+02 5.5367401123e+02 5.5372698975e+02 5.5376501465e+02 5.5381896973e+02 5.5390698242e+02 5.5403302002e+02 5.5408898926e+02 5.5413500977e+02 5.5419000244e+02 5.5419000244e+02 5.5419201660e+02 5.5420697021e+02 5.5422100830e+02 5.5424102783e+02 5.5427001953e+02 5.5428399658e+02 5.5428399658e+02 5.5430200195e+02 5.5432299805e+02 5.5436199951e+02 5.5442602539e+02 5.5449700928e+02 5.5454602051e+02 5.5457098389e+02 5.5460101318e+02
5.5216601563e+02 5.5226501465e+02 5.5236602783e+02 5.5245001221e+02 5.5253198242e+02 5.5260198975e+02 5.5265100098e+02 5.5270697021e+02 5.5276501465e+02 5.5282897949e+02 5.5290399170e+02 5.5296002197e+02 5.5301300049e+02 5.5307000732e+02 5.5313800049e+02 5.5324700928e+02 5.5332598877e+02 5.5339300537e+02 5.5347302246e+02 5.5355499268e+02 5.5361798096e+02 5.5367498779e+02 5.5371801758e+02 5.5376702881e+02 5.5385302734e+02 5.5396002197e+02 5.5407501221e+02 5.5411102295e+02 5.5410601807e+02 5.5411901855e+02 5.5412597656e+02 5.5414099121e+02 5.5415600586e+02 5.5416601563e+02 5.5417797852e+02 5.5420800781e+02 5.5422802734e+02 5.5423901367e+02 5.5426300049e+02 5.5429797363e+02 5.5436199951e+02 5.5445300293e+02 5.5452899170e+02 5.5454797363e+02 5.5454699707e+02 5.5455999756e+02
