TESTSERVER/2/12.asc
NCOLS 100
NROWS 100
XLLCORNER 7.5997500000e+03
YLLCORNER 2.8935025000e+05
CELLSIZE 5.0000000000e-01
NODATA_VALUE -9.9990000000e+03
[rows 0 to 19 of 100, columns 46 to 91 of 100]
5.5572302246e+02 5.5575097656e+02 5.5582098389e+02 5.5587200928e+02 5.5591802979e+02 5.5597302246e+02 5.5603900146e+02 5.5604199219e+02 5.5603198242e+02 5.5600701904e+02 5.5599298096e+02 5.5597601318e+02 5.5596398926e+02 5.5594598389e+02 5.5592602539e+02 5.5588702393e+02 5.5586700439e+02 5.5585400391e+02 5.5583898926e+02 5.5582098389e+02 5.5580401611e+02 5.5579101563e+02 5.5577502441e+02 5.5576800537e+02 5.5577600098e+02 5.5578399658e+02 5.5576397705e+02 5.5575201416e+02 5.5571997070e+02 5.5571697998e+02 5.5572998047e+02 5.5573101807e+02 5.5571899414e+02 5.5570202637e+02 5.5578100586e+02 5.5572302246e+02 5.5588702393e+02 5.5638500977e+02 5.5647998047e+02 5.5685101318e+02 5.5721099854e+02 5.5750701904e+02 5.5798797607e+02 5.5859497070e+02 5.5872900391e+02 5.5844396973e+02
5.5554400635e+02 5.5558898926e+02 5.5563598633e+02 5.5567498779e+02 5.5570397949e+02 5.5577697754e+02 5.5586297607e+02 5.5588897705e+02 5.5593402100e+02 5.5595501709e+02 5.5596600342e+02 5.5597601318e+02 5.5595397949e+02 5.5591101074e+02 5.5587701416e+02 5.5584997559e+02 5.5583398438e+02 5.5581597900e+02 5.5579797363e+02 5.5578698730e+02 5.5577697754e+02 5.5576800537e+02 5.5576098633e+02 5.5575598145e+02 5.5575598145e+02 5.5574597168e+02 5.5573901367e+02 5.5572998047e+02 5.5572302246e+02 5.5572100830e+02 5.5570898438e+02 5.5569897461e+02 5.5570001221e+02 5.5569500732e+02 5.5571002197e+02 5.5572399902e+02 5.5566400146e+02 5.5579199219e+02 5.5579302979e+02 5.5619702148e+02 5.5652398682e+02 5.5634802246e+02 5.5677801514e+02 5.5765698242e+02 5.5823999023e+02 5.5813000488e+02
5.5495501709e+02 5.5519702148e+02 5.5534698486e+02 5.5543499756e+02 5.5549700928e+02 5.5559100342e+02 5.5567700195e+02 5.5572497559e+02 5.5579901123e+02 5.5583300781e+02 5.5587200928e+02 5.5591198730e+02 5.5590301514e+02 5.5587298584e+02 5.5584802246e+02 5.5582299805e+02 5.5580401611e+02 5.5579199219e+02 5.5578399658e+02 5.5577398682e+02 5.5575799561e+02 5.5574798584e+02 5.5574597168e+02 5.5573400879e+02 5.5572698975e+02 5.5571899414e+02 5.5571502686e+02 5.5570397949e+02 5.5569702148e+02 5.5569500732e+02 5.5568701172e+02 5.5568103027e+02 5.5568701172e+02 5.5568298340e+02 5.5567700195e+02 5.5572601318e+02 5.5569396973e+02 5.5570001221e+02 5.5565698242e+02 5.5579602051e+02 5.5596801758e+02 5.5579699707e+02 5.5596899414e+02 5.5664300537e+02 5.5719299316e+02 5.5721801758e+02
5.5407397461e+02 5.5440997314e+02 5.5473400879e+02 5.5498199463e+02 5.5513299561e+02 5.5528302002e+02 5.5540899658e+02 5.5549902344e+02 5.5559997559e+02 5.5564300537e+02 5.5568798828e+02 5.5574102783e+02 5.5576599121e+02 5.5579101563e+02 5.5581201172e+02 5.5579998779e+02 5.5578399658e+02 5.5577600098e+02 5.5577001953e+02 5.5575598145e+02 5.5573797607e+02 5.5572497559e+02 5.5571997070e+02 5.5570898438e+02 5.5570202637e+02 5.5570001221e+02 5.5569396973e+02 5.5568200684e+02 5.5567297363e+02 5.5566497803e+02 5.5565802002e+02 5.5565600586e+02 5.5567102051e+02 5.5568103027e+02 5.5567498779e+02 5.5569598389e+02 5.5568103027e+02 5.5568499756e+02 5.5569097900e+02 5.5567297363e+02 5.5572100830e+02 5.5566802979e+02 5.5567401123e+02 5.5592297363e+02 5.5626501465e+02 5.5641497803e+02
5.5351300049e+02 5.5360498047e+02 5.5375000000e+02 5.5414697266e+02 5.5440301514e+02 5.5466101074e+02 5.5493597412e+02 5.5515100098e+02 5.5528802490e+02 5.5535699463e+02 5.5547302246e+02 5.5557202148e+02 5.5562799072e+02 5.5567797852e+02 5.5572601318e+02 5.5576397705e+02 5.5577001953e+02 5.5576000977e+02 5.5573297119e+02 5.5572302246e+02 5.5571899414e+02 5.5571899414e+02 5.5571697998e+02 5.5569897461e+02 5.5568200684e+02 5.5567199707e+02 5.5565997314e+02 5.5567102051e+02 5.5566302490e+02 5.5564398193e+02 5.5563397217e+02 5.5562500000e+02 5.5563897705e+02 5.5565600586e+02 5.5567700195e+02 5.5568402100e+02 5.5566699219e+02 5.5566400146e+02 5.5567901611e+02 5.5568298340e+02 5.5569598389e+02 5.5570397949e+02 5.5569097900e+02 5.5566900635e+02 5.5587701416e+02 5.5626702881e+02
5.5335699463e+02 5.5341900635e+02 5.5346502686e+02 5.5355999756e+02 5.5369201660e+02 5.5389398193e+02 5.5421997070e+02 5.5453601074e+02 5.5481597900e+02 5.5503302002e+02 5.5527801514e+02 5.5542797852e+02 5.5555102539e+02 5.5564697266e+02 5.5570800781e+02 5.5572198486e+02 5.5572998047e+02 5.5573297119e+02 5.5571002197e+02 5.5570202637e+02 5.5570098877e+02 5.5570001221e+02 5.5570001221e+02 5.5569097900e+02 5.5567297363e+02 5.5564801025e+02 5.5562402344e+02 5.5564697266e+02 5.5564599609e+02 5.5563201904e+02 5.5562597656e+02 5.5561499023e+02 5.5562097168e+02 5.5562298584e+02 5.5562500000e+02 5.5564697266e+02 5.5565301514e+02 5.5565802002e+02 5.5565698242e+02 5.5565399170e+02 5.5566101074e+02 5.5567199707e+02 5.5571002197e+02 5.5560699463e+02 5.5563800049e+02 5.5605297852e+02
5.5324401855e+02 5.5328698730e+02 5.5334301758e+02 5.5342797852e+02 5.5353100586e+02 5.5371002197e+02 5.5394799805e+02 5.5421099854e+02 5.5453997803e+02 5.5484802246e+02 5.5515301514e+02 5.5532098389e+02 5.5549102783e+02 5.5561499023e+02 5.5568499756e+02 5.5570001221e+02 5.5570397949e+02 5.5570300293e+02 5.5568200684e+02 5.5567901611e+02 5.5567797852e+02 5.5567700195e+02 5.5567797852e+02 5.5567102051e+02 5.5566400146e+02 5.5564501953e+02 5.5561499023e+02 5.5563000488e+02 5.5562597656e+02 5.5561499023e+02 5.5561199951e+02 5.5560498047e+02 5.5560998535e+02 5.5560601807e+02 5.5559802246e+02 5.5561297607e+02 5.5562097168e+02 5.5562902832e+02 5.5563000488e+02 5.5563201904e+02 5.5564398193e+02 5.5565600586e+02 5.5569000244e+02 5.5565899658e+02 5.5577801514e+02 5.5623901367e+02
5.5324902344e+02 5.5326000977e+02 5.5328802490e+02 5.5335601807e+02 5.5345898438e+02 5.5366198730e+02 5.5392901611e+02 5.5422601318e+02 5.5455902100e+02 5.5485797119e+02 5.5512597656e+02 5.5530401611e+02 5.5548602295e+02 5.5559399414e+02 5.5565301514e+02 5.5567901611e+02 5.5568499756e+02 5.5567999268e+02 5.5566101074e+02 5.5565600586e+02 5.5565502930e+02 5.5565399170e+02 5.5565698242e+02 5.5565399170e+02 5.5565197754e+02 5.5563800049e+02 5.5561602783e+02 5.5562799072e+02 5.5562097168e+02 5.5560601807e+02 5.5559399414e+02 5.5559301758e+02 5.5559301758e+02 5.5558697510e+02 5.5558599854e+02 5.5559301758e+02 5.5558898926e+02 5.5559600830e+02 5.5560498047e+02 5.5561700439e+02 5.5563098145e+02 5.5564300537e+02 5.5564697266e+02 5.5560797119e+02 5.5577502441e+02 5.5625598145e+02
5.5328198242e+02 5.5329901123e+02 5.5329699707e+02 5.5331500244e+02 5.5337200928e+02 5.5356097412e+02 5.5388598633e+02 5.5428601074e+02 5.5463201904e+02 5.5489501953e+02 5.5510699463e+02 5.5528698730e+02 5.5546997070e+02 5.5557000732e+02 5.5563201904e+02 5.5565100098e+02 5.5564898682e+02 5.5564599609e+02 5.5564300537e+02 5.5563098145e+02 5.5562902832e+02 5.5563299561e+02 5.5563800049e+02 5.5563299561e+02 5.5563201904e+02 5.5562500000e+02 5.5562200928e+02 5.5561199951e+02 5.5560797119e+02 5.5560198975e+02 5.5558697510e+02 5.5557800293e+02 5.5557501221e+02 5.5555499268e+02 5.5555902100e+02 5.5558300781e+02 5.5557598877e+02 5.5557598877e+02 5.5559100342e+02 5.5558801270e+02 5.5560302734e+02 5.5562298584e+02 5.5563702393e+02 5.5560198975e+02 5.5576702881e+02 5.5622802734e+02
5.5332000732e+02 5.5331701660e+02 5.5330798340e+02 5.5333502197e+02 5.5335498047e+02 5.5352398682e+02 5.5391400146e+02 5.5433502197e+02 5.5464099121e+02 5.5485302734e+02 5.5504498291e+02 5.5526300049e+02 5.5546997070e+02 5.5555603027e+02 5.5560601807e+02 5.5561401367e+02 5.5561901855e+02 5.5563397217e+02 5.5563098145e+02 5.5561999512e+02 5.5561102295e+02 5.5560797119e+02 5.5561297607e+02 5.5561297607e+02 5.5560900879e+02 5.5560498047e+02 5.5560302734e+02 5.5559899902e+02 5.5558801270e+02 5.5558398438e+02 5.5557598877e+02 5.5557202148e+02 5.5556896973e+02 5.5554302979e+02 5.5553698730e+02 5.5556201172e+02 5.5555798340e+02 5.5556298828e+02 5.5557000732e+02 5.5556701660e+02 5.5558801270e+02 5.5560797119e+02 5.5562597656e+02 5.5560498047e+02 5.5571502686e+02 5.5613098145e+02
5.5334301758e+02 5.5336102295e+02 5.5334100342e+02 5.5336999512e+02 5.5339398193e+02 5.5356500244e+02 5.5394201660e+02 5.5432897949e+02 5.5459698486e+02 5.5478302002e+02 5.5499597168e+02 5.5525000000e+02 5.5547198486e+02 5.5554998779e+02 5.5558398438e+02 5.5559399414e+02 5.5560198975e+02 5.5561798096e+02 5.5561102295e+02 5.5560498047e+02 5.5559997559e+02 5.5559100342e+02 5.5559301758e+02 5.5559301758e+02 5.5558898926e+02 5.5558599854e+02 5.5558398438e+02 5.5558898926e+02 5.5557098389e+02 5.5555700684e+02 5.5555401611e+02 5.5556097412e+02 5.5555902100e+02 5.5554498291e+02 5.5553802490e+02 5.5554699707e+02 5.5554101563e+02 5.5554302979e+02 5.5554498291e+02 5.5555401611e+02 5.5557897949e+02 5.5559497070e+02 5.5560797119e+02 5.5560900879e+02 5.5560797119e+02 5.5578601074e+02
5.5313800049e+02 5.5332000732e+02 5.5334698486e+02 5.5339501953e+02 5.5345300293e+02 5.5362200928e+02 5.5391101074e+02 5.5420800781e+02 5.5447302246e+02 5.5469702148e+02 5.5496899414e+02 5.5526000977e+02 5.5548999023e+02 5.5555401611e+02 5.5556402588e+02 5.5557897949e+02 5.5558398438e+02 5.5559100342e+02 5.5558801270e+02 5.5558502197e+02 5.5558398438e+02 5.5557800293e+02 5.5557598877e+02 5.5557501221e+02 5.5557098389e+02 5.5556701660e+02 5.5556597900e+02 5.5556500244e+02 5.5554901123e+02 5.5554199219e+02 5.5554302979e+02 5.5554901123e+02 5.5554101563e+02 5.5553497314e+02 5.5553900146e+02 5.5554302979e+02 5.5553100586e+02 5.5552600098e+02 5.5552697754e+02 5.5553601074e+02 5.5556201172e+02 5.5557800293e+02 5.5558300781e+02 5.5560699463e+02 5.5559002686e+02 5.5559399414e+02
5.5275000000e+02 5.5300897217e+02 5.5313800049e+02 5.5326098633e+02 5.5339599609e+02 5.5359802246e+02 5.5384497070e+02 5.5409002686e+02 5.5437298584e+02 5.5464801025e+02 5.5494097900e+02 5.5526202393e+02 5.5549798584e+02 5.5556402588e+02 5.5554602051e+02 5.5555297852e+02 5.5555798340e+02 5.5556799316e+02 5.5557202148e+02 5.5556402588e+02 5.5556799316e+02 5.5557397461e+02 5.5557202148e+02 5.5556097412e+02 5.5555603027e+02 5.5554998779e+02 5.5554101563e+02 5.5553497314e+02 5.5553198242e+02 5.5553198242e+02 5.5552697754e+02 5.5552899170e+02 5.5552301025e+02 5.5552197266e+02 5.5552801514e+02 5.5553399658e+02 5.5553002930e+02 5.5552600098e+02 5.5552697754e+02 5.5552099609e+02 5.5553601074e+02 5.5555798340e+02 5.5556597900e+02 5.5558697510e+02 5.5561401367e+02 5.5562097168e+02
5.5254699707e+02 5.5267401123e+02 5.5279797363e+02 5.5297601318e+02 5.5318902588e+02 5.5344897461e+02 5.5370599365e+02 5.5397998047e+02 5.5432702637e+02 5.5463897705e+02 5.5494799805e+02 5.5526800537e+02 5.5548797607e+02 5.5555297852e+02 5.5553900146e+02 5.5554199219e+02 5.5553601074e+02 5.5554699707e+02 5.5554699707e+02 5.5554302979e+02 5.5555200195e+02 5.5556298828e+02 5.5555999756e+02 5.5555102539e+02 5.5554400635e+02 5.5553802490e+02 5.5553002930e+02 5.5552502441e+02 5.5552197266e+02 5.5552001953e+02 5.5551702881e+02 5.5551599121e+02 5.5551501465e+02 5.5551501465e+02 5.5551702881e+02 5.5552301025e+02 5.5552301025e+02 5.5552001953e+02 5.5552301025e+02 5.5551898193e+02 5.5552801514e+02 5.5554498291e+02 5.5554901123e+02 5.5556500244e+02 5.5557702637e+02 5.5559399414e+02
5.5252197266e+02 5.5258697510e+02 5.5265502930e+02 5.5281201172e+02 5.5302899170e+02 5.5329602051e+02 5.5355999756e+02 5.5390002441e+02 5.5427899170e+02 5.5460400391e+02 5.5492901611e+02 5.5524798584e+02 5.5546502686e+02 5.5553399658e+02 5.5553399658e+02 5.5554400635e+02 5.5553698730e+02 5.5554302979e+02 5.5553900146e+02 5.5552697754e+02 5.5553198242e+02 5.5554400635e+02 5.5554302979e+02 5.5553698730e+02 5.5553002930e+02 5.5552301025e+02 5.5551702881e+02 5.5551501465e+02 5.5551202393e+02 5.5551000977e+02 5.5550598145e+02 5.5550500488e+02 5.5550500488e+02 5.5550402832e+02 5.5550500488e+02 5.5551300049e+02 5.5551098633e+02 5.5550799561e+02 5.5551000977e+02 5.5551300049e+02 5.5552099609e+02 5.5552801514e+02 5.5553302002e+02 5.5554797363e+02 5.5556500244e+02 5.5558697510e+02
5.5248699951e+02 5.5255700684e+02 5.5263201904e+02 5.5275299072e+02 5.5293597412e+02 5.5317498779e+02 5.5344500732e+02 5.5385797119e+02 5.5422802734e+02 5.5452600098e+02 5.5485400391e+02 5.5517297363e+02 5.5540100098e+02 5.5550097656e+02 5.5552099609e+02 5.5553399658e+02 5.5553601074e+02 5.5554498291e+02 5.5553997803e+02 5.5552398682e+02 5.5551800537e+02 5.5552301025e+02 5.5552697754e+02 5.5552301025e+02 5.5551599121e+02 5.5550897217e+02 5.5550500488e+02 5.5550500488e+02 5.5550201416e+02 5.5549902344e+02 5.5549597168e+02 5.5549499512e+02 5.5549401855e+02 5.5549401855e+02 5.5549298096e+02 5.5550000000e+02 5.5549798584e+02 5.5550097656e+02 5.5549902344e+02 5.5549401855e+02 5.5549499512e+02 5.5549401855e+02 5.5550799561e+02 5.5553198242e+02 5.5555102539e+02 5.5556799316e+02
5.5236199951e+02 5.5243902588e+02 5.5253302002e+02 5.5268597412e+02 5.5284197998e+02 5.5305700684e+02 5.5334899902e+02 5.5375799561e+02 5.5411602783e+02 5.5442199707e+02 5.5476000977e+02 5.5502600098e+02 5.5527099609e+02 5.5543200684e+02 5.5550402832e+02 5.5549597168e+02 5.5550799561e+02 5.5552899170e+02 5.5553698730e+02 5.5552899170e+02 5.5551000977e+02 5.5549798584e+02 5.5549597168e+02 5.5550598145e+02 5.5550201416e+02 5.5549597168e+02 5.5549700928e+02 5.5549798584e+02 5.5549200439e+02 5.5548797607e+02 5.5549298096e+02 5.5548498535e+02 5.5548297119e+02 5.5548297119e+02 5.5547497559e+02 5.5547802734e+02 5.5547802734e+02 5.5548498535e+02 5.5549597168e+02 5.5550000000e+02 5.5548797607e+02 5.5547302246e+02 5.5547497559e+02 5.5552001953e+02 5.5553802490e+02 5.5554199219e+02
5.5232000732e+02 5.5239599609e+02 5.5247900391e+02 5.5258300781e+02 5.5271197510e+02 5.5291198730e+02 5.5319299316e+02 5.5359100342e+02 5.5396600342e+02 5.5427801514e+02 5.5454199219e+02 5.5478399658e+02 5.5505102539e+02 5.5526501465e+02 5.5539501953e+02 5.5544500732e+02 5.5549200439e+02 5.5551599121e+02 5.5551300049e+02 5.5550897217e+02 5.5550299072e+02 5.5549700928e+02 5.5549401855e+02 5.5549499512e+02 5.5549200439e+02 5.5548797607e+02 5.5548602295e+02 5.5549200439e+02 5.5548602295e+02 5.5547802734e+02 5.5547497559e+02 5.5546697998e+02 5.5546697998e+02 5.5546600342e+02 5.5545599365e+02 5.5545898438e+02 5.5546600342e+02 5.5547399902e+02 5.5547802734e+02 5.5549499512e+02 5.5550402832e+02 5.5549902344e+02 5.5548400879e+02 5.5549298096e+02 5.5551098633e+02 5.5553497314e+02
5.5229199219e+02 5.5237701416e+02 5.5246099854e+02 5.5253399658e+02 5.5262298584e+02 5.5276898193e+02 5.5297698975e+02 5.5329101563e+02 5.5364300537e+02 5.5395800781e+02 5.5421997070e+02 5.5448999023e+02 5.5476898193e+02 5.5499401855e+02 5.5516601563e+02 5.5529400635e+02 5.5542401123e+02 5.5550799561e+02 5.5551000977e+02 5.5549200439e+02 5.5548797607e+02 5.5548901367e+02 5.5549597168e+02 5.5549298096e+02 5.5548999023e+02 5.5548498535e+02 5.5547998047e+02 5.5548400879e+02 5.5548199463e+02 5.5547198486e+02 5.5546697998e+02 5.5545501709e+02 5.5545697021e+02 5.5546697998e+02 5.5545397949e+02 5.5544299316e+02 5.5545202637e+02 5.5546502686e+02 5.5545898438e+02 5.5546600342e+02 5.5548797607e+02 5.5552001953e+02 5.5553802490e+02 5.5550897217e+02 5.5548699951e+02 5.5551202393e+02
5.5225201416e+02 5.5234600830e+02 5.5243597412e+02 5.5250201416e+02 5.5257000732e+02 5.5267401123e+02 5.5281298828e+02 5.5302099609e+02 5.5331298828e+02 5.5361700439e+02 5.5388598633e+02 5.5416101074e+02 5.5443103027e+02 5.5464599609e+02 5.5483898926e+02 5.5500598145e+02 5.5519598389e+02 5.5536700439e+02 5.5544201660e+02 5.5546301270e+02 5.5547198486e+02 5.5547497559e+02 5.5548797607e+02 5.5549200439e+02 5.5549401855e+02 5.5548901367e+02 5.5548199463e+02 5.5548797607e+02 5.5548297119e+02 5.5547100830e+02 5.5546398926e+02 5.5545098877e+02 5.5545098877e+02 5.5546801758e+02 5.5546502686e+02 5.5544500732e+02 5.5544299316e+02 5.5545300293e+02 5.5545001221e+02 5.5544702148e+02 5.5545898438e+02 5.5550201416e+02 5.5555902100e+02 5.5553698730e+02 5.5549597168e+02 5.5550201416e+02
