TESTSERVER/2/12.asc
NCOLS 100
NROWS 100
XLLCORNER 7.5997500000e+03
YLLCORNER 2.8935025000e+05
CELLSIZE 5.0000000000e-01
NODATA_VALUE -9.9990000000e+03
[rows 80 to 99 of 100, columns 46 to 91 of 100]
5.5207598877e+02 5.5218499756e+02 5.5233300781e+02 5.5244799805e+02 5.5250897217e+02 5.5252197266e+02 5.5251898193e+02 5.5253802490e+02 5.5255999756e+02 5.5258898926e+02 5.5260797119e+02 5.5263702393e+02 5.5265698242e+02 5.5266198730e+02 5.5269299316e+02 5.5271801758e+02 5.5275500488e+02 5.5281298828e+02 5.5285498047e+02 5.5290600586e+02 5.5295202637e+02 5.5299200439e+02 5.5303302002e+02 5.5306402588e+02 5.5308197021e+02 5.5309100342e+02 5.5310302734e+02 5.5310998535e+02 5.5311700439e+02 5.5313299561e+02 5.5316601563e+02 5.5328198242e+02 5.5332000732e+02 5.5340997314e+02 5.5360101318e+02 5.5382800293e+02 5.5399401855e+02 5.5411798096e+02 5.5420202637e+02 5.5424200439e+02 5.5424102783e+02 5.5414202881e+02 5.5402600098e+02 5.5370898438e+02 5.5323901367e+02 5.5284899902e+02
5.5212597656e+02 5.5221502686e+02 5.5231201172e+02 5.5239202881e+02 5.5244201660e+02 5.5246697998e+02 5.5247998047e+02 5.5249499512e+02 5.5250897217e+02 5.5253002930e+02 5.5255499268e+02 5.5258197021e+02 5.5259600830e+02 5.5259997559e+02 5.5263299561e+02 5.5268701172e+02 5.5278802490e+02 5.5289001465e+02 5.5292797852e+02 5.5293298340e+02 5.5295697021e+02 5.5297998047e+02 5.5300701904e+02 5.5302801514e+02 5.5304901123e+02 5.5306896973e+02 5.5308197021e+02 5.5309301758e+02 5.5310302734e+02 5.5311401367e+02 5.5312298584e+02 5.5320098877e+02 5.5325897217e+02 5.5335699463e+02 5.5351599121e+02 5.5367602539e+02 5.5384002686e+02 5.5398101807e+02 5.5406201172e+02 5.5415802002e+02 5.5417999268e+02 5.5405102539e+02 5.5379998779e+02 5.5325799561e+02 5.5280401611e+02 5.5265100098e+02
5.5215100098e+02 5.5220397949e+02 5.5226599121e+02 5.5232598877e+02 5.5237200928e+02 5.5240399170e+02 5.5242199707e+02 5.5244000244e+02 5.5246301270e+02 5.5247998047e+02 5.5249700928e+02 5.5251702881e+02 5.5253302002e+02 5.5255200195e+02 5.5261297607e+02 5.5273602295e+02 5.5290502930e+02 5.5303997803e+02 5.5306701660e+02 5.5304901123e+02 5.5303497314e+02 5.5301397705e+02 5.5301098633e+02 5.5300897217e+02 5.5302502441e+02 5.5305297852e+02 5.5307000732e+02 5.5308300781e+02 5.5308502197e+02 5.5309600830e+02 5.5309698486e+02 5.5311401367e+02 5.5315100098e+02 5.5324102783e+02 5.5339697266e+02 5.5354101563e+02 5.5367602539e+02 5.5378002930e+02 5.5382299805e+02 5.5391802979e+02 5.5394097900e+02 5.5379302979e+02 5.5346301270e+02 5.5299798584e+02 5.5273199463e+02 5.5271899414e+02
5.5215997314e+02 5.5219201660e+02 5.5223901367e+02 5.5228497314e+02 5.5231701660e+02 5.5234399414e+02 5.5235998535e+02 5.5238098145e+02 5.5240899658e+02 5.5242797852e+02 5.5244299316e+02 5.5245397949e+02 5.5247900391e+02 5.5253100586e+02 5.5265002441e+02 5.5281896973e+02 5.5298901367e+02 5.5311199951e+02 5.5314898682e+02 5.5314202881e+02 5.5311798096e+02 5.5308599854e+02 5.5307800293e+02 5.5304797363e+02 5.5303302002e+02 5.5304998779e+02 5.5307098389e+02 5.5308300781e+02 5.5307702637e+02 5.5308197021e+02 5.5309002686e+02 5.5307897949e+02 5.5308502197e+02 5.5314398193e+02 5.5327301025e+02 5.5340399170e+02 5.5350000000e+02 5.5354302979e+02 5.5347900391e+02 5.5341497803e+02 5.5336499023e+02 5.5323602295e+02 5.5300500488e+02 5.5280902100e+02 5.5275299072e+02 5.5277899170e+02
5.5214001465e+02 5.5217797852e+02 5.5222802734e+02 5.5225000000e+02 5.5226397705e+02 5.5228698730e+02 5.5230798340e+02 5.5233001709e+02 5.5234899902e+02 5.5236901855e+02 5.5238897705e+02 5.5241497803e+02 5.5247601318e+02 5.5258697510e+02 5.5272900391e+02 5.5288098145e+02 5.5298699951e+02 5.5305499268e+02 5.5309899902e+02 5.5311499023e+02 5.5310699463e+02 5.5312597656e+02 5.5317999268e+02 5.5312298584e+02 5.5306201172e+02 5.5305297852e+02 5.5308099365e+02 5.5309600830e+02 5.5308697510e+02 5.5308197021e+02 5.5309100342e+02 5.5309698486e+02 5.5309197998e+02 5.5311102295e+02 5.5315399170e+02 5.5323999023e+02 5.5330499268e+02 5.5329699707e+02 5.5315802002e+02 5.5300500488e+02 5.5290899658e+02 5.5285498047e+02 5.5284600830e+02 5.5279797363e+02 5.5280297852e+02 5.5279199219e+02
5.5210498047e+02 5.5214697266e+02 5.5217401123e+02 5.5218798828e+02 5.5220501709e+02 5.5223101807e+02 5.5223797607e+02 5.5226898193e+02 5.5229699707e+02 5.5230798340e+02 5.5232000732e+02 5.5240600586e+02 5.5255401611e+02 5.5272497559e+02 5.5285198975e+02 5.5292602539e+02 5.5297302246e+02 5.5300799561e+02 5.5303399658e+02 5.5303497314e+02 5.5304199219e+02 5.5308898926e+02 5.5316802979e+02 5.5315899658e+02 5.5310101318e+02 5.5307501221e+02 5.5307202148e+02 5.5308898926e+02 5.5309399414e+02 5.5309497070e+02 5.5309399414e+02 5.5310498047e+02 5.5310198975e+02 5.5309600830e+02 5.5308697510e+02 5.5309600830e+02 5.5311297607e+02 5.5309002686e+02 5.5301898193e+02 5.5296697998e+02 5.5292901611e+02 5.5290600586e+02 5.5287298584e+02 5.5283300781e+02 5.5281701660e+02 5.5280798340e+02
5.5206701660e+02 5.5208398438e+02 5.5209698486e+02 5.5212701416e+02 5.5215399170e+02 5.5218298340e+02 5.5218798828e+02 5.5221600342e+02 5.5223699951e+02 5.5225201416e+02 5.5230902100e+02 5.5248101807e+02 5.5270202637e+02 5.5288702393e+02 5.5297601318e+02 5.5298699951e+02 5.5298602295e+02 5.5299700928e+02 5.5301300049e+02 5.5301202393e+02 5.5301300049e+02 5.5303900146e+02 5.5309301758e+02 5.5312298584e+02 5.5310699463e+02 5.5309802246e+02 5.5308502197e+02 5.5308502197e+02 5.5308898926e+02 5.5309399414e+02 5.5309100342e+02 5.5309197998e+02 5.5309600830e+02 5.5309197998e+02 5.5307299805e+02 5.5306402588e+02 5.5305297852e+02 5.5302801514e+02 5.5300097656e+02 5.5299298096e+02 5.5295800781e+02 5.5292700195e+02 5.5289898682e+02 5.5286499023e+02 5.5284399414e+02 5.5282800293e+02
5.5201098633e+02 5.5202301025e+02 5.5203302002e+02 5.5207202148e+02 5.5209802246e+02 5.5212200928e+02 5.5214099121e+02 5.5216101074e+02 5.5218798828e+02 5.5225097656e+02 5.5239099121e+02 5.5262402344e+02 5.5286297607e+02 5.5301300049e+02 5.5304797363e+02 5.5302001953e+02 5.5298999023e+02 5.5298901367e+02 5.5300598145e+02 5.5300000000e+02 5.5299798584e+02 5.5301098633e+02 5.5303497314e+02 5.5305902100e+02 5.5306597900e+02 5.5308001709e+02 5.5308898926e+02 5.5308502197e+02 5.5308502197e+02 5.5308898926e+02 5.5309002686e+02 5.5308599854e+02 5.5309002686e+02 5.5308697510e+02 5.5308001709e+02 5.5307501221e+02 5.5306298828e+02 5.5304901123e+02 5.5303302002e+02 5.5301098633e+02 5.5296899414e+02 5.5293701172e+02 5.5291802979e+02 5.5289599609e+02 5.5286901855e+02 5.5284600830e+02
5.5194702148e+02 5.5197601318e+02 5.5199298096e+02 5.5201898193e+02 5.5203900146e+02 5.5204699707e+02 5.5205499268e+02 5.5210400391e+02 5.5219000244e+02 5.5234197998e+02 5.5256298828e+02 5.5279998779e+02 5.5298999023e+02 5.5306799316e+02 5.5305102539e+02 5.5300799561e+02 5.5296801758e+02 5.5296301270e+02 5.5298602295e+02 5.5298498535e+02 5.5299200439e+02 5.5301202393e+02 5.5304498291e+02 5.5303997803e+02 5.5303302002e+02 5.5304699707e+02 5.5307800293e+02 5.5307800293e+02 5.5308001709e+02 5.5308300781e+02 5.5308502197e+02 5.5308502197e+02 5.5308300781e+02 5.5308300781e+02 5.5309497070e+02 5.5307702637e+02 5.5306201172e+02 5.5305603027e+02 5.5305401611e+02 5.5302197266e+02 5.5298901367e+02 5.5296099854e+02 5.5293597412e+02 5.5292297363e+02 5.5289202881e+02 5.5287200928e+02
5.5190301514e+02 5.5192498779e+02 5.5193402100e+02 5.5196301270e+02 5.5198797607e+02 5.5199597168e+02 5.5202697754e+02 5.5213500977e+02 5.5231402588e+02 5.5252801514e+02 5.5272302246e+02 5.5293200684e+02 5.5303802490e+02 5.5303900146e+02 5.5299902344e+02 5.5298797607e+02 5.5296899414e+02 5.5296600342e+02 5.5298498535e+02 5.5300000000e+02 5.5301098633e+02 5.5301599121e+02 5.5303601074e+02 5.5304901123e+02 5.5305798340e+02 5.5307397461e+02 5.5309497070e+02 5.5308801270e+02 5.5308001709e+02 5.5307897949e+02 5.5308099365e+02 5.5307897949e+02 5.5307702637e+02 5.5307897949e+02 5.5308697510e+02 5.5308001709e+02 5.5306402588e+02 5.5305798340e+02 5.5305902100e+02 5.5302697754e+02 5.5300598145e+02 5.5298602295e+02 5.5295501709e+02 5.5294201660e+02 5.5291998291e+02 5.5290100098e+02
5.5183300781e+02 5.5186401367e+02 5.5188598633e+02 5.5190100098e+02 5.5192102051e+02 5.5196502686e+02 5.5204199219e+02 5.5218798828e+02 5.5243597412e+02 5.5269799805e+02 5.5284399414e+02 5.5295397949e+02 5.5299798584e+02 5.5296899414e+02 5.5293798828e+02 5.5295800781e+02 5.5296600342e+02 5.5297601318e+02 5.5299102783e+02 5.5301202393e+02 5.5301599121e+02 5.5300299072e+02 5.5301800537e+02 5.5304400635e+02 5.5306402588e+02 5.5308099365e+02 5.5309497070e+02 5.5308398438e+02 5.5308300781e+02 5.5308502197e+02 5.5308001709e+02 5.5308001709e+02 5.5308099365e+02 5.5308099365e+02 5.5308300781e+02 5.5308099365e+02 5.5306701660e+02 5.5305499268e+02 5.5305798340e+02 5.5303698730e+02 5.5302301025e+02 5.5300897217e+02 5.5298101807e+02 5.5296398926e+02 5.5294702148e+02 5.5292901611e+02
5.5177398682e+02 5.5181097412e+02 5.5183001709e+02 5.5183697510e+02 5.5188500977e+02 5.5197601318e+02 5.5203698730e+02 5.5214099121e+02 5.5241101074e+02 5.5273101807e+02 5.5289697266e+02 5.5293499756e+02 5.5295300293e+02 5.5293200684e+02 5.5291601563e+02 5.5293902588e+02 5.5295697021e+02 5.5297302246e+02 5.5298297119e+02 5.5300799561e+02 5.5301300049e+02 5.5300097656e+02 5.5302197266e+02 5.5304602051e+02 5.5305902100e+02 5.5307202148e+02 5.5308599854e+02 5.5307202148e+02 5.5307897949e+02 5.5308502197e+02 5.5307702637e+02 5.5307000732e+02 5.5307501221e+02 5.5307897949e+02 5.5307501221e+02 5.5306896973e+02 5.5306097412e+02 5.5305200195e+02 5.5305102539e+02 5.5304797363e+02 5.5303698730e+02 5.5302398682e+02 5.5300500488e+02 5.5298901367e+02 5.5297497559e+02 5.5296099854e+02
5.5172900391e+02 5.5175097656e+02 5.5176300049e+02 5.5181500244e+02 5.5190502930e+02 5.5198297119e+02 5.5198602295e+02 5.5195697021e+02 5.5218200684e+02 5.5259100342e+02 5.5293597412e+02 5.5292401123e+02 5.5294000244e+02 5.5294097900e+02 5.5294299316e+02 5.5293902588e+02 5.5295300293e+02 5.5296899414e+02 5.5297900391e+02 5.5298498535e+02 5.5299902344e+02 5.5300897217e+02 5.5302801514e+02 5.5303802490e+02 5.5304498291e+02 5.5305401611e+02 5.5306896973e+02 5.5305999756e+02 5.5306701660e+02 5.5307897949e+02 5.5307800293e+02 5.5307000732e+02 5.5307397461e+02 5.5307800293e+02 5.5307397461e+02 5.5304998779e+02 5.5305297852e+02 5.5305499268e+02 5.5304699707e+02 5.5305401611e+02 5.5303997803e+02 5.5302697754e+02 5.5301300049e+02 5.5300299072e+02 5.5299200439e+02 5.5298498535e+02
5.5165600586e+02 5.5168103027e+02 5.5174200439e+02 5.5184997559e+02 5.5192999268e+02 5.5194702148e+02 5.5191802979e+02 5.5189898682e+02 5.5199298096e+02 5.5236700439e+02 5.5284802246e+02 5.5296398926e+02 5.5297698975e+02 5.5292797852e+02 5.5292297363e+02 5.5294598389e+02 5.5296398926e+02 5.5298199463e+02 5.5298999023e+02 5.5299102783e+02 5.5300000000e+02 5.5301202393e+02 5.5302899170e+02 5.5303002930e+02 5.5304498291e+02 5.5304602051e+02 5.5305798340e+02 5.5306298828e+02 5.5305902100e+02 5.5305798340e+02 5.5306097412e+02 5.5306896973e+02 5.5307000732e+02 5.5307299805e+02 5.5307299805e+02 5.5305798340e+02 5.5305798340e+02 5.5306402588e+02 5.5306201172e+02 5.5304998779e+02 5.5303100586e+02 5.5302197266e+02 5.5302197266e+02 5.5302502441e+02 5.5300500488e+02 5.5299700928e+02
5.5160900879e+02 5.5167602539e+02 5.5174798584e+02 5.5181799316e+02 5.5186199951e+02 5.5185998535e+02 5.5185101318e+02 5.5192102051e+02 5.5197698975e+02 5.5216497803e+02 5.5252398682e+02 5.5283001709e+02 5.5297698975e+02 5.5295098877e+02 5.5291198730e+02 5.5293402100e+02 5.5295001221e+02 5.5296801758e+02 5.5297900391e+02 5.5298999023e+02 5.5300402832e+02 5.5301702881e+02 5.5303698730e+02 5.5302801514e+02 5.5303399658e+02 5.5303698730e+02 5.5304797363e+02 5.5305401611e+02 5.5304998779e+02 5.5304901123e+02 5.5304998779e+02 5.5306402588e+02 5.5305700684e+02 5.5305200195e+02 5.5305999756e+02 5.5305999756e+02 5.5305798340e+02 5.5306097412e+02 5.5306500244e+02 5.5305200195e+02 5.5304302979e+02 5.5303497314e+02 5.5302600098e+02 5.5303198242e+02 5.5302099609e+02 5.5301501465e+02
5.5162298584e+02 5.5171600342e+02 5.5173797607e+02 5.5171697998e+02 5.5172399902e+02 5.5174597168e+02 5.5179302979e+02 5.5192102051e+02 5.5201702881e+02 5.5208502197e+02 5.5217498779e+02 5.5250000000e+02 5.5282202148e+02 5.5295397949e+02 5.5293902588e+02 5.5293902588e+02 5.5295397949e+02 5.5297399902e+02 5.5298999023e+02 5.5300598145e+02 5.5301501465e+02 5.5301397705e+02 5.5302801514e+02 5.5302697754e+02 5.5302502441e+02 5.5302600098e+02 5.5303802490e+02 5.5304101563e+02 5.5304699707e+02 5.5305200195e+02 5.5305200195e+02 5.5306500244e+02 5.5305297852e+02 5.5304699707e+02 5.5305603027e+02 5.5305700684e+02 5.5305200195e+02 5.5304699707e+02 5.5305200195e+02 5.5304699707e+02 5.5305102539e+02 5.5304901123e+02 5.5302899170e+02 5.5302697754e+02 5.5302502441e+02 5.5302600098e+02
5.5164202881e+02 5.5167498779e+02 5.5164801025e+02 5.5159997559e+02 5.5159301758e+02 5.5166198730e+02 5.5177099609e+02 5.5188098145e+02 5.5200897217e+02 5.5209600830e+02 5.5211102295e+02 5.5221301270e+02 5.5251599121e+02 5.5282598877e+02 5.5301501465e+02 5.5300897217e+02 5.5301702881e+02 5.5303698730e+02 5.5307897949e+02 5.5307702637e+02 5.5305499268e+02 5.5302001953e+02 5.5301000977e+02 5.5303100586e+02 5.5303100586e+02 5.5302600098e+02 5.5304199219e+02 5.5303997803e+02 5.5304400635e+02 5.5304998779e+02 5.5305798340e+02 5.5306896973e+02 5.5305999756e+02 5.5305603027e+02 5.5305902100e+02 5.5305499268e+02 5.5304602051e+02 5.5303601074e+02 5.5304101563e+02 5.5304699707e+02 5.5304998779e+02 5.5304797363e+02 5.5303601074e+02 5.5303497314e+02 5.5303100586e+02 5.5303399658e+02
5.5158801270e+02 5.5155499268e+02 5.5152801514e+02 5.5151800537e+02 5.5155999756e+02 5.5163897705e+02 5.5172497559e+02 5.5184497070e+02 5.5199700928e+02 5.5212597656e+02 5.5212597656e+02 5.5213098145e+02 5.5227600098e+02 5.5255401611e+02 5.5287500000e+02 5.5305200195e+02 5.5310302734e+02 5.5311798096e+02 5.5315802002e+02 5.5315399170e+02 5.5308898926e+02 5.5303100586e+02 5.5300897217e+02 5.5301501465e+02 5.5300701904e+02 5.5300402832e+02 5.5303497314e+02 5.5303802490e+02 5.5304302979e+02 5.5304498291e+02 5.5305603027e+02 5.5306896973e+02 5.5305999756e+02 5.5304901123e+02 5.5305603027e+02 5.5304302979e+02 5.5303302002e+02 5.5302801514e+02 5.5303900146e+02 5.5304400635e+02 5.5304498291e+02 5.5304302979e+02 5.5303698730e+02 5.5303198242e+02 5.5302899170e+02 5.5303302002e+02
5.5150201416e+02 5.5145001221e+02 5.5144000244e+02 5.5149700928e+02 5.5157800293e+02 5.5163500977e+02 5.5167999268e+02 5.5182800293e+02 5.5200201416e+02 5.5211999512e+02 5.5213897705e+02 5.5212799072e+02 5.5215399170e+02 5.5230700684e+02 5.5264398193e+02 5.5299499512e+02 5.5314300537e+02 5.5318701172e+02 5.5321899414e+02 5.5319500732e+02 5.5310601807e+02 5.5304199219e+02 5.5301599121e+02 5.5301098633e+02 5.5301098633e+02 5.5301300049e+02 5.5303002930e+02 5.5303601074e+02 5.5304699707e+02 5.5304699707e+02 5.5304901123e+02 5.5306097412e+02 5.5305798340e+02 5.5305297852e+02 5.5306298828e+02 5.5304602051e+02 5.5303399658e+02 5.5303399658e+02 5.5303302002e+02 5.5302899170e+02 5.5303002930e+02 5.5303198242e+02 5.5303302002e+02 5.5302801514e+02 5.5302502441e+02 5.5302502441e+02
5.5145001221e+02 5.5141601563e+02 5.5142401123e+02 5.5152600098e+02 5.5162799072e+02 5.5165502930e+02 5.5167797852e+02 5.5190399170e+02 5.5209197998e+02 5.5215002441e+02 5.5216497803e+02 5.5219201660e+02 5.5215600586e+02 5.5216900635e+02 5.5238702393e+02 5.5280297852e+02 5.5304901123e+02 5.5316802979e+02 5.5321301270e+02 5.5317102051e+02 5.5309600830e+02 5.5304602051e+02 5.5302001953e+02 5.5300500488e+02 5.5301300049e+02 5.5302099609e+02 5.5302197266e+02 5.5302600098e+02 5.5304199219e+02 5.5304302979e+02 5.5304602051e+02 5.5305102539e+02 5.5304998779e+02 5.5305401611e+02 5.5306097412e+02 5.5305603027e+02 5.5304498291e+02 5.5304302979e+02 5.5302502441e+02 5.5301000977e+02 5.5301098633e+02 5.5302197266e+02 5.5303698730e+02 5.5304998779e+02 5.5306097412e+02 5.5305700684e+02
