TESTSERVER/2/13.asc
NCOLS 100
NROWS 100
XLLCORNER 7.5997500000e+03
YLLCORNER 2.8930025000e+05
CELLSIZE 5.0000000000e-01
NODATA_VALUE -9.9990000000e+03
[rows 40 to 59 of 100, columns 46 to 91 of 100]
5.4958502197e+02 5.4964898682e+02 5.4980499268e+02 5.4996801758e+02 5.5011499023e+02 5.5022497559e+02 5.5033898926e+02 5.5041497803e+02 5.5048101807e+02 5.5055999756e+02 5.5061102295e+02 5.5063397217e+02 5.5070397949e+02 5.5079302979e+02 5.5084002686e+02 5.5087298584e+02 5.5091400146e+02 5.5095098877e+02 5.5097698975e+02 5.5101300049e+02 5.5105700684e+02 5.5109698486e+02 5.5113201904e+02 5.5115399170e+02 5.5119201660e+02 5.5124798584e+02 5.5131701660e+02 5.5132098389e+02 5.5139300537e+02 5.5148400879e+02 5.5153698730e+02 5.5159802246e+02 5.5159002686e+02 5.5153900146e+02 5.5149401855e+02 5.5143298340e+02 5.5141302490e+02 5.5140997314e+02 5.5139898682e+02 5.5144598389e+02 5.5143402100e+02 5.5146697998e+02 5.5157202148e+02 5.5162097168e+02 5.5173400879e+02 5.5183697510e+02
5.4981402588e+02 5.4986901855e+02 5.4999298096e+02 5.5012799072e+02 5.5025500488e+02 5.5033697510e+02 5.5040197754e+02 5.5046502686e+02 5.5051702881e+02 5.5055999756e+02 5.5059002686e+02 5.5065197754e+02 5.5074298096e+02 5.5082098389e+02 5.5085302734e+02 5.5091699219e+02 5.5094702148e+02 5.5095599365e+02 5.5098199463e+02 5.5102697754e+02 5.5108300781e+02 5.5113702393e+02 5.5118701172e+02 5.5119000244e+02 5.5119299316e+02 5.5120898438e+02 5.5125598145e+02 5.5127301025e+02 5.5132397461e+02 5.5140399170e+02 5.5144500732e+02 5.5149200439e+02 5.5151702881e+02 5.5150299072e+02 5.5144799805e+02 5.5134002686e+02 5.5133197021e+02 5.5135900879e+02 5.5136999512e+02 5.5140698242e+02 5.5141601563e+02 5.5142999268e+02 5.5148797607e+02 5.5152801514e+02 5.5157098389e+02 5.5164801025e+02
5.4997399902e+02 5.5000299072e+02 5.5007598877e+02 5.5018402100e+02 5.5029602051e+02 5.5037298584e+02 5.5042999268e+02 5.5050201416e+02 5.5054400635e+02 5.5055499268e+02 5.5058398438e+02 5.5064300537e+02 5.5071197510e+02 5.5078100586e+02 5.5082397461e+02 5.5086297607e+02 5.5089300537e+02 5.5092401123e+02 5.5099102783e+02 5.5104498291e+02 5.5109301758e+02 5.5114599609e+02 5.5118298340e+02 5.5115002441e+02 5.5112799072e+02 5.5112799072e+02 5.5116802979e+02 5.5123602295e+02 5.5130102539e+02 5.5135198975e+02 5.5135498047e+02 5.5134301758e+02 5.5134802246e+02 5.5137097168e+02 5.5137799072e+02 5.5133599854e+02 5.5133502197e+02 5.5135601807e+02 5.5136499023e+02 5.5139099121e+02 5.5140899658e+02 5.5139599609e+02 5.5140802002e+02 5.5145098877e+02 5.5150201416e+02 5.5156500244e+02
5.5001300049e+02 5.5003997803e+02 5.5009899902e+02 5.5019702148e+02 5.5029400635e+02 5.5036199951e+02 5.5041699219e+02 5.5048297119e+02 5.5052899170e+02 5.5055297852e+02 5.5061102295e+02 5.5065399170e+02 5.5069396973e+02 5.5075701904e+02 5.5081402588e+02 5.5081799316e+02 5.5085302734e+02 5.5092498779e+02 5.5101300049e+02 5.5105401611e+02 5.5110699463e+02 5.5115899658e+02 5.5115301514e+02 5.5110198975e+02 5.5106896973e+02 5.5108001709e+02 5.5112597656e+02 5.5118499756e+02 5.5123699951e+02 5.5126397705e+02 5.5125598145e+02 5.5122698975e+02 5.5120501709e+02 5.5121997070e+02 5.5125500488e+02 5.5127697754e+02 5.5129302979e+02 5.5131201172e+02 5.5133398438e+02 5.5136401367e+02 5.5139001465e+02 5.5139099121e+02 5.5141497803e+02 5.5147100830e+02 5.5154797363e+02 5.5159600830e+02
5.5000000000e+02 5.5002502441e+02 5.5007800293e+02 5.5016998291e+02 5.5025701904e+02 5.5033697510e+02 5.5041302490e+02 5.5044299316e+02 5.5049902344e+02 5.5057098389e+02 5.5063897705e+02 5.5065899658e+02 5.5069299316e+02 5.5074200439e+02 5.5077502441e+02 5.5079302979e+02 5.5085198975e+02 5.5095098877e+02 5.5106597900e+02 5.5107202148e+02 5.5109301758e+02 5.5110498047e+02 5.5105902100e+02 5.5105700684e+02 5.5104602051e+02 5.5108300781e+02 5.5109802246e+02 5.5113000488e+02 5.5115802002e+02 5.5117498779e+02 5.5116900635e+02 5.5118798828e+02 5.5117102051e+02 5.5115100098e+02 5.5114801025e+02 5.5117901611e+02 5.5120697021e+02 5.5123797607e+02 5.5128198242e+02 5.5133398438e+02 5.5136999512e+02 5.5139501953e+02 5.5142297363e+02 5.5149298096e+02 5.5157501221e+02 5.5161602783e+02
5.4999298096e+02 5.5002398682e+02 5.5009002686e+02 5.5015399170e+02 5.5021997070e+02 5.5029602051e+02 5.5037597656e+02 5.5039501953e+02 5.5045697021e+02 5.5054699707e+02 5.5061102295e+02 5.5064398193e+02 5.5068402100e+02 5.5073101807e+02 5.5076501465e+02 5.5080200195e+02 5.5084997559e+02 5.5090301514e+02 5.5099200439e+02 5.5102099609e+02 5.5104199219e+02 5.5106896973e+02 5.5106500244e+02 5.5108300781e+02 5.5108001709e+02 5.5111199951e+02 5.5108197021e+02 5.5107897949e+02 5.5110900879e+02 5.5113702393e+02 5.5113299561e+02 5.5114398193e+02 5.5113299561e+02 5.5110998535e+02 5.5109497070e+02 5.5110198975e+02 5.5115899658e+02 5.5122900391e+02 5.5126300049e+02 5.5131201172e+02 5.5136499023e+02 5.5139501953e+02 5.5141601563e+02 5.5146502686e+02 5.5154302979e+02 5.5163702393e+02
5.5000598145e+02 5.5005499268e+02 5.5011999512e+02 5.5015997314e+02 5.5020599365e+02 5.5026300049e+02 5.5032299805e+02 5.5036199951e+02 5.5043798828e+02 5.5051098633e+02 5.5055902100e+02 5.5060302734e+02 5.5064099121e+02 5.5068499756e+02 5.5072900391e+02 5.5077697754e+02 5.5081896973e+02 5.5086102295e+02 5.5094299316e+02 5.5098699951e+02 5.5103399658e+02 5.5108502197e+02 5.5110198975e+02 5.5109197998e+02 5.5104998779e+02 5.5107800293e+02 5.5105603027e+02 5.5103997803e+02 5.5107202148e+02 5.5111901855e+02 5.5113397217e+02 5.5111602783e+02 5.5108697510e+02 5.5107702637e+02 5.5108599854e+02 5.5107702637e+02 5.5112298584e+02 5.5119702148e+02 5.5125097656e+02 5.5129998779e+02 5.5134899902e+02 5.5138702393e+02 5.5141802979e+02 5.5146502686e+02 5.5153601074e+02 5.5166699219e+02
5.4997698975e+02 5.5004400635e+02 5.5013598633e+02 5.5017901611e+02 5.5022100830e+02 5.5026397705e+02 5.5029199219e+02 5.5035101318e+02 5.5043298340e+02 5.5048297119e+02 5.5051501465e+02 5.5055102539e+02 5.5058001709e+02 5.5063098145e+02 5.5068798828e+02 5.5073297119e+02 5.5076397705e+02 5.5082098389e+02 5.5092498779e+02 5.5099102783e+02 5.5103100586e+02 5.5104699707e+02 5.5104602051e+02 5.5099798584e+02 5.5092999268e+02 5.5098498535e+02 5.5102697754e+02 5.5101800537e+02 5.5104699707e+02 5.5109600830e+02 5.5111999512e+02 5.5108801270e+02 5.5104998779e+02 5.5104998779e+02 5.5108502197e+02 5.5108099365e+02 5.5109698486e+02 5.5114697266e+02 5.5121301270e+02 5.5125598145e+02 5.5131097412e+02 5.5135198975e+02 5.5137597656e+02 5.5141802979e+02 5.5148101807e+02 5.5161297607e+02
5.4997399902e+02 5.5004101563e+02 5.5013000488e+02 5.5017901611e+02 5.5022601318e+02 5.5026800537e+02 5.5028100586e+02 5.5032501221e+02 5.5039001465e+02 5.5043298340e+02 5.5047198486e+02 5.5050201416e+02 5.5055102539e+02 5.5061602783e+02 5.5065197754e+02 5.5067602539e+02 5.5071899414e+02 5.5080102539e+02 5.5089300537e+02 5.5101000977e+02 5.5103002930e+02 5.5097601318e+02 5.5090600586e+02 5.5086901855e+02 5.5083398438e+02 5.5090997314e+02 5.5102001953e+02 5.5101397705e+02 5.5102099609e+02 5.5104400635e+02 5.5105401611e+02 5.5105999756e+02 5.5104101563e+02 5.5103302002e+02 5.5104797363e+02 5.5106500244e+02 5.5106701660e+02 5.5110699463e+02 5.5116900635e+02 5.5121398926e+02 5.5126599121e+02 5.5129302979e+02 5.5129901123e+02 5.5130499268e+02 5.5136798096e+02 5.5150500488e+02
5.4998602295e+02 5.5005297852e+02 5.5011999512e+02 5.5016601563e+02 5.5020098877e+02 5.5023797607e+02 5.5025402832e+02 5.5031701660e+02 5.5038598633e+02 5.5042199707e+02 5.5042297363e+02 5.5044598389e+02 5.5050799561e+02 5.5057202148e+02 5.5058099365e+02 5.5059301758e+02 5.5066699219e+02 5.5075000000e+02 5.5080102539e+02 5.5090301514e+02 5.5094396973e+02 5.5089898682e+02 5.5082702637e+02 5.5084399414e+02 5.5087701416e+02 5.5094799805e+02 5.5103100586e+02 5.5099902344e+02 5.5098699951e+02 5.5100799561e+02 5.5103198242e+02 5.5106701660e+02 5.5105999756e+02 5.5103802490e+02 5.5103802490e+02 5.5105902100e+02 5.5106097412e+02 5.5109899902e+02 5.5114898682e+02 5.5116601563e+02 5.5119299316e+02 5.5122698975e+02 5.5124700928e+02 5.5124499512e+02 5.5127899170e+02 5.5139898682e+02
5.4996899414e+02 5.5002099609e+02 5.5007598877e+02 5.5013500977e+02 5.5015802002e+02 5.5018798828e+02 5.5022399902e+02 5.5028302002e+02 5.5033197021e+02 5.5036499023e+02 5.5037799072e+02 5.5039202881e+02 5.5042498779e+02 5.5046697998e+02 5.5050299072e+02 5.5056799316e+02 5.5062402344e+02 5.5066497803e+02 5.5070098877e+02 5.5075598145e+02 5.5079199219e+02 5.5079901123e+02 5.5080999756e+02 5.5087500000e+02 5.5092498779e+02 5.5097198486e+02 5.5102301025e+02 5.5099499512e+02 5.5097399902e+02 5.5098797607e+02 5.5100701904e+02 5.5103698730e+02 5.5104602051e+02 5.5104998779e+02 5.5106298828e+02 5.5107299805e+02 5.5107397461e+02 5.5110498047e+02 5.5114001465e+02 5.5113000488e+02 5.5115002441e+02 5.5119201660e+02 5.5121697998e+02 5.5120898438e+02 5.5122302246e+02 5.5128497314e+02
5.4995397949e+02 5.4999200439e+02 5.5003900146e+02 5.5009301758e+02 5.5012701416e+02 5.5016302490e+02 5.5021697998e+02 5.5024798584e+02 5.5026702881e+02 5.5030700684e+02 5.5035797119e+02 5.5036700439e+02 5.5036999512e+02 5.5039599609e+02 5.5045800781e+02 5.5055200195e+02 5.5058697510e+02 5.5060900879e+02 5.5065100098e+02 5.5067797852e+02 5.5069201660e+02 5.5073199463e+02 5.5081701660e+02 5.5089099121e+02 5.5090698242e+02 5.5092102051e+02 5.5096997070e+02 5.5097302246e+02 5.5095697021e+02 5.5096197510e+02 5.5098297119e+02 5.5100701904e+02 5.5102001953e+02 5.5104101563e+02 5.5106896973e+02 5.5106597900e+02 5.5106500244e+02 5.5109100342e+02 5.5112902832e+02 5.5110998535e+02 5.5111901855e+02 5.5114801025e+02 5.5117401123e+02 5.5117297363e+02 5.5119702148e+02 5.5122698975e+02
5.4991900635e+02 5.4997802734e+02 5.5004901123e+02 5.5006097412e+02 5.5010900879e+02 5.5015802002e+02 5.5019702148e+02 5.5022399902e+02 5.5024401855e+02 5.5029400635e+02 5.5034497070e+02 5.5036700439e+02 5.5035498047e+02 5.5036602783e+02 5.5042700195e+02 5.5049200439e+02 5.5052801514e+02 5.5054199219e+02 5.5057800293e+02 5.5061999512e+02 5.5063201904e+02 5.5067297363e+02 5.5077801514e+02 5.5087097168e+02 5.5086901855e+02 5.5086297607e+02 5.5090002441e+02 5.5093200684e+02 5.5093798828e+02 5.5094500732e+02 5.5096997070e+02 5.5101098633e+02 5.5100897217e+02 5.5100897217e+02 5.5102398682e+02 5.5104199219e+02 5.5103900146e+02 5.5105200195e+02 5.5108398438e+02 5.5108197021e+02 5.5109802246e+02 5.5111999512e+02 5.5114001465e+02 5.5111999512e+02 5.5113500977e+02 5.5117498779e+02
5.4988299561e+02 5.4994299316e+02 5.5001599121e+02 5.5002197266e+02 5.5005798340e+02 5.5011199951e+02 5.5016699219e+02 5.5019000244e+02 5.5024102783e+02 5.5029901123e+02 5.5031402588e+02 5.5034698486e+02 5.5035101318e+02 5.5035699463e+02 5.5039398193e+02 5.5042602539e+02 5.5045898438e+02 5.5046600342e+02 5.5049200439e+02 5.5052697754e+02 5.5057098389e+02 5.5064202881e+02 5.5077398682e+02 5.5087500000e+02 5.5087500000e+02 5.5085699463e+02 5.5086499023e+02 5.5088800049e+02 5.5091400146e+02 5.5092901611e+02 5.5092797852e+02 5.5096002197e+02 5.5096502686e+02 5.5097900391e+02 5.5099902344e+02 5.5102398682e+02 5.5101098633e+02 5.5100598145e+02 5.5102697754e+02 5.5104400635e+02 5.5107897949e+02 5.5109899902e+02 5.5110101318e+02 5.5110998535e+02 5.5113000488e+02 5.5115600586e+02
5.4985998535e+02 5.4992999268e+02 5.5000598145e+02 5.5001397705e+02 5.5002502441e+02 5.5007000732e+02 5.5013598633e+02 5.5017199707e+02 5.5023101807e+02 5.5028002930e+02 5.5028497314e+02 5.5030700684e+02 5.5030499268e+02 5.5030700684e+02 5.5033398438e+02 5.5035302734e+02 5.5038800049e+02 5.5040399170e+02 5.5041302490e+02 5.5044201660e+02 5.5052398682e+02 5.5063098145e+02 5.5073797607e+02 5.5083001709e+02 5.5085101318e+02 5.5084698486e+02 5.5083801270e+02 5.5084197998e+02 5.5086700439e+02 5.5088598633e+02 5.5087597656e+02 5.5090197754e+02 5.5091998291e+02 5.5094702148e+02 5.5098101807e+02 5.5100598145e+02 5.5098699951e+02 5.5098101807e+02 5.5099200439e+02 5.5100500488e+02 5.5103497314e+02 5.5105603027e+02 5.5107397461e+02 5.5111297607e+02 5.5111901855e+02 5.5111999512e+02
5.4985101318e+02 5.4991601563e+02 5.4997802734e+02 5.5000897217e+02 5.5002301025e+02 5.5005200195e+02 5.5011700439e+02 5.5017700195e+02 5.5020800781e+02 5.5022399902e+02 5.5022601318e+02 5.5023297119e+02 5.5024102783e+02 5.5025897217e+02 5.5029302979e+02 5.5030700684e+02 5.5033398438e+02 5.5035101318e+02 5.5034997559e+02 5.5038702393e+02 5.5048999023e+02 5.5059899902e+02 5.5066198730e+02 5.5074902344e+02 5.5080499268e+02 5.5082598877e+02 5.5081201172e+02 5.5080700684e+02 5.5082501221e+02 5.5084600830e+02 5.5084899902e+02 5.5087701416e+02 5.5089898682e+02 5.5091998291e+02 5.5094500732e+02 5.5095800781e+02 5.5094897461e+02 5.5095501709e+02 5.5095800781e+02 5.5096002197e+02 5.5099298096e+02 5.5102301025e+02 5.5106097412e+02 5.5111602783e+02 5.5109301758e+02 5.5107501221e+02
5.4984600830e+02 5.4989001465e+02 5.4993200684e+02 5.4997900391e+02 5.5003601074e+02 5.5007299805e+02 5.5009899902e+02 5.5014398193e+02 5.5015301514e+02 5.5015899658e+02 5.5015802002e+02 5.5016400146e+02 5.5020697021e+02 5.5024902344e+02 5.5029400635e+02 5.5029998779e+02 5.5030499268e+02 5.5031799316e+02 5.5032598877e+02 5.5036499023e+02 5.5044201660e+02 5.5052697754e+02 5.5058801270e+02 5.5065600586e+02 5.5072497559e+02 5.5076397705e+02 5.5075299072e+02 5.5075701904e+02 5.5078100586e+02 5.5080297852e+02 5.5083502197e+02 5.5087402344e+02 5.5088299561e+02 5.5089599609e+02 5.5091302490e+02 5.5089898682e+02 5.5089801025e+02 5.5090301514e+02 5.5090698242e+02 5.5092102051e+02 5.5097100830e+02 5.5101202393e+02 5.5102697754e+02 5.5107000732e+02 5.5107800293e+02 5.5107202148e+02
5.4984698486e+02 5.4987597656e+02 5.4991497803e+02 5.4995397949e+02 5.5001397705e+02 5.5004602051e+02 5.5004101563e+02 5.5007202148e+02 5.5009997559e+02 5.5012701416e+02 5.5012902832e+02 5.5013299561e+02 5.5016601563e+02 5.5019000244e+02 5.5023699951e+02 5.5025000000e+02 5.5023901367e+02 5.5026501465e+02 5.5030603027e+02 5.5033502197e+02 5.5038098145e+02 5.5046197510e+02 5.5055297852e+02 5.5059100342e+02 5.5061999512e+02 5.5066601563e+02 5.5069799805e+02 5.5073999023e+02 5.5077197266e+02 5.5077600098e+02 5.5079699707e+02 5.5083801270e+02 5.5084899902e+02 5.5086199951e+02 5.5085900879e+02 5.5085302734e+02 5.5084497070e+02 5.5083398438e+02 5.5088201904e+02 5.5092602539e+02 5.5097497559e+02 5.5102001953e+02 5.5102600098e+02 5.5103698730e+02 5.5105499268e+02 5.5107598877e+02
5.4985601807e+02 5.4986700439e+02 5.4991497803e+02 5.4994702148e+02 5.4998901367e+02 5.5000402832e+02 5.4998699951e+02 5.5001300049e+02 5.5004797363e+02 5.5007702637e+02 5.5009002686e+02 5.5009497070e+02 5.5008697510e+02 5.5008300781e+02 5.5015399170e+02 5.5017797852e+02 5.5016900635e+02 5.5021197510e+02 5.5028198242e+02 5.5030999756e+02 5.5032800293e+02 5.5038500977e+02 5.5048498535e+02 5.5050299072e+02 5.5052197266e+02 5.5057800293e+02 5.5063800049e+02 5.5071997070e+02 5.5076397705e+02 5.5075701904e+02 5.5076098633e+02 5.5081298828e+02 5.5082501221e+02 5.5083398438e+02 5.5083599854e+02 5.5084899902e+02 5.5084100342e+02 5.5081701660e+02 5.5086499023e+02 5.5091998291e+02 5.5096002197e+02 5.5100897217e+02 5.5103997803e+02 5.5102197266e+02 5.5102197266e+02 5.5105999756e+02
5.4985900879e+02 5.4986102295e+02 5.4991198730e+02 5.4994500732e+02 5.4997198486e+02 5.4997998047e+02 5.4996997070e+02 5.4998400879e+02 5.5001098633e+02 5.5003698730e+02 5.5004498291e+02 5.5005102539e+02 5.5003002930e+02 5.5001202393e+02 5.5008099365e+02 5.5012298584e+02 5.5013800049e+02 5.5018499756e+02 5.5023602295e+02 5.5026300049e+02 5.5028302002e+02 5.5032299805e+02 5.5039599609e+02 5.5042102051e+02 5.5045300293e+02 5.5052099609e+02 5.5058697510e+02 5.5066497803e+02 5.5071002197e+02 5.5071099854e+02 5.5072198486e+02 5.5077301025e+02 5.5078601074e+02 5.5080798340e+02 5.5083898926e+02 5.5086700439e+02 5.5087097168e+02 5.5084399414e+02 5.5085498047e+02 5.5088098145e+02 5.5090997314e+02 5.5097198486e+02 5.5103802490e+02 5.5101300049e+02 5.5100299072e+02 5.5103198242e+02
