TESTSERVER/2/13.asc
NCOLS 100
NROWS 100
XLLCORNER 7.5997500000e+03
YLLCORNER 2.8930025000e+05
CELLSIZE 5.0000000000e-01
NODATA_VALUE -9.9990000000e+03
[rows 20 to 39 of 100, columns 46 to 91 of 100]
5.4943597412e+02 5.4943402100e+02 5.4944702148e+02 5.4943701172e+02 5.4942199707e+02 5.4940301514e+02 5.4937597656e+02 5.4928302002e+02 5.4924298096e+02 5.4923199463e+02 5.4925097656e+02 5.4942199707e+02 5.4965399170e+02 5.5000598145e+02 5.5042199707e+02 5.5089300537e+02 5.5114202881e+02 5.5124700928e+02 5.5129498291e+02 5.5133697510e+02 5.5141101074e+02 5.5148297119e+02 5.5150500488e+02 5.5152001953e+02 5.5160302734e+02 5.5171502686e+02 5.5182397461e+02 5.5189300537e+02 5.5191101074e+02 5.5189202881e+02 5.5184600830e+02 5.5176800537e+02 5.5196997070e+02 5.5238598633e+02 5.5281597900e+02 5.5289898682e+02 5.5287500000e+02 5.5286401367e+02 5.5289300537e+02 5.5290600586e+02 5.5292498779e+02 5.5292901611e+02 5.5294799805e+02 5.5295697021e+02 5.5295800781e+02 5.5295898438e+02
5.4945300293e+02 5.4944396973e+02 5.4943402100e+02 5.4942797852e+02 5.4941601563e+02 5.4940002441e+02 5.4937097168e+02 5.4933099365e+02 5.4930297852e+02 5.4928198242e+02 5.4923699951e+02 5.4933001709e+02 5.4956597900e+02 5.4988397217e+02 5.5023901367e+02 5.5060302734e+02 5.5089001465e+02 5.5107397461e+02 5.5119201660e+02 5.5124597168e+02 5.5132598877e+02 5.5141900635e+02 5.5144500732e+02 5.5152099609e+02 5.5165698242e+02 5.5177301025e+02 5.5182299805e+02 5.5185601807e+02 5.5190399170e+02 5.5192797852e+02 5.5188598633e+02 5.5178900146e+02 5.5181201172e+02 5.5201702881e+02 5.5240002441e+02 5.5278399658e+02 5.5288702393e+02 5.5285998535e+02 5.5287701416e+02 5.5289801025e+02 5.5292401123e+02 5.5292797852e+02 5.5292901611e+02 5.5293798828e+02 5.5294799805e+02 5.5295800781e+02
5.4944598389e+02 5.4943798828e+02 5.4942498779e+02 5.4941998291e+02 5.4940997314e+02 5.4939599609e+02 5.4937200928e+02 5.4934002686e+02 5.4931597900e+02 5.4929901123e+02 5.4925201416e+02 5.4930102539e+02 5.4949298096e+02 5.4976599121e+02 5.5008300781e+02 5.5039599609e+02 5.5069000244e+02 5.5093200684e+02 5.5110797119e+02 5.5116302490e+02 5.5124102783e+02 5.5133099365e+02 5.5135400391e+02 5.5144897461e+02 5.5160302734e+02 5.5173297119e+02 5.5178302002e+02 5.5178698730e+02 5.5182299805e+02 5.5185400391e+02 5.5187597656e+02 5.5181500244e+02 5.5176202393e+02 5.5180902100e+02 5.5200500488e+02 5.5252697754e+02 5.5283599854e+02 5.5287200928e+02 5.5285797119e+02 5.5287701416e+02 5.5290698242e+02 5.5291998291e+02 5.5291699219e+02 5.5292297363e+02 5.5293298340e+02 5.5294000244e+02
5.4944299316e+02 5.4943597412e+02 5.4942102051e+02 5.4941601563e+02 5.4940802002e+02 5.4939801025e+02 5.4937902832e+02 5.4935302734e+02 5.4933398438e+02 5.4932098389e+02 5.4928497314e+02 5.4930798340e+02 5.4945001221e+02 5.4966601563e+02 5.4993298340e+02 5.5023199463e+02 5.5054199219e+02 5.5082800293e+02 5.5104302979e+02 5.5111999512e+02 5.5119396973e+02 5.5126501465e+02 5.5127099609e+02 5.5133300781e+02 5.5145800781e+02 5.5158502197e+02 5.5166802979e+02 5.5166998291e+02 5.5169000244e+02 5.5171899414e+02 5.5176702881e+02 5.5177801514e+02 5.5175598145e+02 5.5173699951e+02 5.5177197266e+02 5.5218298340e+02 5.5264898682e+02 5.5285900879e+02 5.5284600830e+02 5.5285797119e+02 5.5289202881e+02 5.5291101074e+02 5.5290698242e+02 5.5290600586e+02 5.5291900635e+02 5.5292498779e+02
5.4944598389e+02 5.4944000244e+02 5.4942999268e+02 5.4941699219e+02 5.4940997314e+02 5.4940197754e+02 5.4938897705e+02 5.4937097168e+02 5.4935699463e+02 5.4935198975e+02 5.4936798096e+02 5.4936798096e+02 5.4945300293e+02 5.4958099365e+02 5.4971997070e+02 5.5005401611e+02 5.5040899658e+02 5.5073602295e+02 5.5098101807e+02 5.5111999512e+02 5.5119097900e+02 5.5123297119e+02 5.5128399658e+02 5.5127398682e+02 5.5133502197e+02 5.5143103027e+02 5.5151300049e+02 5.5154101563e+02 5.5155499268e+02 5.5156402588e+02 5.5154101563e+02 5.5161901855e+02 5.5169500732e+02 5.5173498535e+02 5.5173400879e+02 5.5179199219e+02 5.5228497314e+02 5.5275000000e+02 5.5285302734e+02 5.5285400391e+02 5.5287500000e+02 5.5289501953e+02 5.5289898682e+02 5.5288299561e+02 5.5289697266e+02 5.5290997314e+02
5.4944396973e+02 5.4944097900e+02 5.4942999268e+02 5.4941998291e+02 5.4941198730e+02 5.4940399170e+02 5.4939599609e+02 5.4938201904e+02 5.4936999512e+02 5.4936798096e+02 5.4936602783e+02 5.4938800049e+02 5.4945697021e+02 5.4955200195e+02 5.4963500977e+02 5.4990002441e+02 5.5028601074e+02 5.5062597656e+02 5.5087902832e+02 5.5115197754e+02 5.5123797607e+02 5.5124700928e+02 5.5130902100e+02 5.5132202148e+02 5.5134698486e+02 5.5139300537e+02 5.5141302490e+02 5.5143402100e+02 5.5145501709e+02 5.5146600342e+02 5.5145697021e+02 5.5149298096e+02 5.5158398438e+02 5.5169799805e+02 5.5179101563e+02 5.5165899658e+02 5.5190600586e+02 5.5241802979e+02 5.5275000000e+02 5.5286700439e+02 5.5287298584e+02 5.5285699463e+02 5.5287902832e+02 5.5287799072e+02 5.5288299561e+02 5.5289501953e+02
5.4944201660e+02 5.4944000244e+02 5.4943103027e+02 5.4942401123e+02 5.4941699219e+02 5.4940997314e+02 5.4940100098e+02 5.4938500977e+02 5.4937200928e+02 5.4936798096e+02 5.4935797119e+02 5.4936901855e+02 5.4943402100e+02 5.4952600098e+02 5.4958197021e+02 5.4982098389e+02 5.5019396973e+02 5.5052301025e+02 5.5079699707e+02 5.5117102051e+02 5.5130902100e+02 5.5130999756e+02 5.5131701660e+02 5.5132800293e+02 5.5134002686e+02 5.5136297607e+02 5.5136700439e+02 5.5138000488e+02 5.5141497803e+02 5.5144799805e+02 5.5146600342e+02 5.5149597168e+02 5.5153900146e+02 5.5161297607e+02 5.5171899414e+02 5.5161602783e+02 5.5168499756e+02 5.5200897217e+02 5.5240301514e+02 5.5276501465e+02 5.5289202881e+02 5.5285797119e+02 5.5285998535e+02 5.5286798096e+02 5.5287097168e+02 5.5288299561e+02
5.4944299316e+02 5.4944097900e+02 5.4943402100e+02 5.4942901611e+02 5.4942401123e+02 5.4941699219e+02 5.4940600586e+02 5.4938500977e+02 5.4936999512e+02 5.4936297607e+02 5.4934497070e+02 5.4934997559e+02 5.4941198730e+02 5.4950299072e+02 5.4958599854e+02 5.4984997559e+02 5.5019097900e+02 5.5049401855e+02 5.5075402832e+02 5.5112200928e+02 5.5129901123e+02 5.5130700684e+02 5.5126702881e+02 5.5127197266e+02 5.5128802490e+02 5.5131500244e+02 5.5134002686e+02 5.5135699463e+02 5.5140197754e+02 5.5144897461e+02 5.5148297119e+02 5.5149597168e+02 5.5148797607e+02 5.5150000000e+02 5.5155200195e+02 5.5159399414e+02 5.5161297607e+02 5.5169000244e+02 5.5194702148e+02 5.5245001221e+02 5.5276300049e+02 5.5285699463e+02 5.5287902832e+02 5.5286901855e+02 5.5286401367e+02 5.5288397217e+02
5.4944598389e+02 5.4944799805e+02 5.4945098877e+02 5.4943798828e+02 5.4943298340e+02 5.4942602539e+02 5.4940698242e+02 5.4936798096e+02 5.4933599854e+02 5.4931298828e+02 5.4924102783e+02 5.4927899170e+02 5.4934899902e+02 5.4947698975e+02 5.4970202637e+02 5.4998602295e+02 5.5028900146e+02 5.5057299805e+02 5.5081402588e+02 5.5112298584e+02 5.5127697754e+02 5.5126599121e+02 5.5119702148e+02 5.5120397949e+02 5.5123999023e+02 5.5127197266e+02 5.5131201172e+02 5.5134100342e+02 5.5137298584e+02 5.5140698242e+02 5.5139501953e+02 5.5139898682e+02 5.5139099121e+02 5.5139697266e+02 5.5142498779e+02 5.5154302979e+02 5.5158502197e+02 5.5156896973e+02 5.5169396973e+02 5.5195202637e+02 5.5232897949e+02 5.5268499756e+02 5.5291998291e+02 5.5286401367e+02 5.5287097168e+02 5.5292102051e+02
5.4944500732e+02 5.4945098877e+02 5.4946099854e+02 5.4946197510e+02 5.4945898438e+02 5.4945098877e+02 5.4940997314e+02 5.4933599854e+02 5.4930102539e+02 5.4928601074e+02 5.4925598145e+02 5.4927301025e+02 5.4941497803e+02 5.4962902832e+02 5.4989801025e+02 5.5014501953e+02 5.5038598633e+02 5.5065600586e+02 5.5089697266e+02 5.5111199951e+02 5.5119000244e+02 5.5120202637e+02 5.5119799805e+02 5.5120697021e+02 5.5124499512e+02 5.5127502441e+02 5.5132800293e+02 5.5137902832e+02 5.5139099121e+02 5.5139501953e+02 5.5139801025e+02 5.5139202881e+02 5.5137298584e+02 5.5137500000e+02 5.5139801025e+02 5.5150000000e+02 5.5154901123e+02 5.5154699707e+02 5.5160198975e+02 5.5172399902e+02 5.5196002197e+02 5.5232000732e+02 5.5275799561e+02 5.5287200928e+02 5.5286901855e+02 5.5288897705e+02
5.4944201660e+02 5.4945001221e+02 5.4946899414e+02 5.4948101807e+02 5.4947998047e+02 5.4947399902e+02 5.4941497803e+02 5.4933300781e+02 5.4931896973e+02 5.4933001709e+02 5.4933099365e+02 5.4941101074e+02 5.4960400391e+02 5.4984002686e+02 5.5008502197e+02 5.5029101563e+02 5.5051098633e+02 5.5075598145e+02 5.5095599365e+02 5.5104199219e+02 5.5107397461e+02 5.5114501953e+02 5.5121899414e+02 5.5123297119e+02 5.5128100586e+02 5.5130200195e+02 5.5132702637e+02 5.5142102051e+02 5.5148101807e+02 5.5151000977e+02 5.5150000000e+02 5.5144500732e+02 5.5137097168e+02 5.5134497070e+02 5.5135699463e+02 5.5140899658e+02 5.5147100830e+02 5.5150402832e+02 5.5157598877e+02 5.5170397949e+02 5.5182897949e+02 5.5203698730e+02 5.5246801758e+02 5.5280297852e+02 5.5288702393e+02 5.5289501953e+02
5.4944000244e+02 5.4945001221e+02 5.4947497559e+02 5.4949298096e+02 5.4949401855e+02 5.4948901367e+02 5.4942297363e+02 5.4934997559e+02 5.4935998535e+02 5.4940197754e+02 5.4946899414e+02 5.4961901855e+02 5.4982397461e+02 5.5004797363e+02 5.5026098633e+02 5.5046002197e+02 5.5065197754e+02 5.5083697510e+02 5.5097998047e+02 5.5101202393e+02 5.5101300049e+02 5.5109100342e+02 5.5117999268e+02 5.5121801758e+02 5.5131799316e+02 5.5134997559e+02 5.5131097412e+02 5.5141900635e+02 5.5153601074e+02 5.5159802246e+02 5.5156402588e+02 5.5144702148e+02 5.5134100342e+02 5.5130999756e+02 5.5132202148e+02 5.5134197998e+02 5.5141601563e+02 5.5148101807e+02 5.5155700684e+02 5.5171997070e+02 5.5179101563e+02 5.5184100342e+02 5.5211901855e+02 5.5256201172e+02 5.5278997803e+02 5.5286798096e+02
5.4943902588e+02 5.4945599365e+02 5.4948901367e+02 5.4948999023e+02 5.4948797607e+02 5.4947900391e+02 5.4944897461e+02 5.4938000488e+02 5.4940301514e+02 5.4950097656e+02 5.4969702148e+02 5.4986700439e+02 5.5002899170e+02 5.5021801758e+02 5.5045397949e+02 5.5063299561e+02 5.5075799561e+02 5.5085198975e+02 5.5093798828e+02 5.5100799561e+02 5.5099200439e+02 5.5100799561e+02 5.5106500244e+02 5.5113397217e+02 5.5128002930e+02 5.5134600830e+02 5.5129901123e+02 5.5136297607e+02 5.5146002197e+02 5.5151300049e+02 5.5149597168e+02 5.5139599609e+02 5.5131402588e+02 5.5129699707e+02 5.5131097412e+02 5.5134197998e+02 5.5142700195e+02 5.5149102783e+02 5.5152502441e+02 5.5164099121e+02 5.5171899414e+02 5.5173999023e+02 5.5184698486e+02 5.5214202881e+02 5.5252301025e+02 5.5280700684e+02
5.4942498779e+02 5.4943902588e+02 5.4946099854e+02 5.4946002197e+02 5.4946002197e+02 5.4946099854e+02 5.4945501709e+02 5.4939898682e+02 5.4946002197e+02 5.4964099121e+02 5.4989697266e+02 5.5008599854e+02 5.5020098877e+02 5.5037298584e+02 5.5058300781e+02 5.5069097900e+02 5.5077502441e+02 5.5087097168e+02 5.5095001221e+02 5.5098199463e+02 5.5096600342e+02 5.5098101807e+02 5.5106701660e+02 5.5111999512e+02 5.5122100830e+02 5.5129699707e+02 5.5132299805e+02 5.5134197998e+02 5.5133502197e+02 5.5134399414e+02 5.5138800049e+02 5.5134197998e+02 5.5129901123e+02 5.5128698730e+02 5.5128802490e+02 5.5132000732e+02 5.5142901611e+02 5.5149499512e+02 5.5149700928e+02 5.5154302979e+02 5.5162597656e+02 5.5169500732e+02 5.5178302002e+02 5.5186901855e+02 5.5219897461e+02 5.5264599609e+02
5.4940600586e+02 5.4940997314e+02 5.4941900635e+02 5.4942102051e+02 5.4943597412e+02 5.4945898438e+02 5.4947601318e+02 5.4947399902e+02 5.4959100342e+02 5.4980297852e+02 5.5007202148e+02 5.5027301025e+02 5.5039398193e+02 5.5052697754e+02 5.5065002441e+02 5.5070397949e+02 5.5077398682e+02 5.5086102295e+02 5.5092498779e+02 5.5092602539e+02 5.5092999268e+02 5.5096997070e+02 5.5106597900e+02 5.5111102295e+02 5.5117199707e+02 5.5125000000e+02 5.5134002686e+02 5.5135699463e+02 5.5130401611e+02 5.5126800537e+02 5.5129602051e+02 5.5127600098e+02 5.5125701904e+02 5.5125799561e+02 5.5126702881e+02 5.5131896973e+02 5.5144799805e+02 5.5153601074e+02 5.5153497314e+02 5.5151501465e+02 5.5157897949e+02 5.5167999268e+02 5.5176702881e+02 5.5179101563e+02 5.5194897461e+02 5.5230102539e+02
5.4938800049e+02 5.4937902832e+02 5.4936999512e+02 5.4937597656e+02 5.4940997314e+02 5.4946197510e+02 5.4952600098e+02 5.4961297607e+02 5.4978100586e+02 5.4999700928e+02 5.5021899414e+02 5.5040002441e+02 5.5052001953e+02 5.5060998535e+02 5.5066400146e+02 5.5070898438e+02 5.5077801514e+02 5.5083898926e+02 5.5088000488e+02 5.5090002441e+02 5.5094201660e+02 5.5099401855e+02 5.5105499268e+02 5.5110198975e+02 5.5115100098e+02 5.5121502686e+02 5.5131201172e+02 5.5137402344e+02 5.5133599854e+02 5.5128002930e+02 5.5126300049e+02 5.5124102783e+02 5.5122900391e+02 5.5123797607e+02 5.5126202393e+02 5.5133599854e+02 5.5147100830e+02 5.5157098389e+02 5.5157098389e+02 5.5150500488e+02 5.5155700684e+02 5.5167401123e+02 5.5174298096e+02 5.5178997803e+02 5.5184002686e+02 5.5197998047e+02
5.4935101318e+02 5.4932702637e+02 5.4930102539e+02 5.4931298828e+02 5.4935900879e+02 5.4946002197e+02 5.4964099121e+02 5.4980902100e+02 5.5002502441e+02 5.5021801758e+02 5.5035998535e+02 5.5047100830e+02 5.5056402588e+02 5.5063299561e+02 5.5067797852e+02 5.5069702148e+02 5.5077697754e+02 5.5085797119e+02 5.5090399170e+02 5.5095001221e+02 5.5100000000e+02 5.5103802490e+02 5.5107397461e+02 5.5112799072e+02 5.5118402100e+02 5.5122399902e+02 5.5126898193e+02 5.5135302734e+02 5.5137097168e+02 5.5133502197e+02 5.5129699707e+02 5.5126800537e+02 5.5125000000e+02 5.5125500488e+02 5.5125402832e+02 5.5133300781e+02 5.5145800781e+02 5.5156201172e+02 5.5157598877e+02 5.5151898193e+02 5.5157000732e+02 5.5167199707e+02 5.5172399902e+02 5.5178497314e+02 5.5184197998e+02 5.5186401367e+02
5.4928698730e+02 5.4927697754e+02 5.4929498291e+02 5.4934497070e+02 5.4945001221e+02 5.4961798096e+02 5.4982098389e+02 5.5001800537e+02 5.5024798584e+02 5.5040600586e+02 5.5049200439e+02 5.5054699707e+02 5.5060302734e+02 5.5064898682e+02 5.5069396973e+02 5.5073297119e+02 5.5080499268e+02 5.5087402344e+02 5.5090899658e+02 5.5096099854e+02 5.5100701904e+02 5.5104602051e+02 5.5109197998e+02 5.5115502930e+02 5.5123602295e+02 5.5126702881e+02 5.5127502441e+02 5.5131799316e+02 5.5136901855e+02 5.5139001465e+02 5.5141198730e+02 5.5138598633e+02 5.5135601807e+02 5.5133300781e+02 5.5128302002e+02 5.5132202148e+02 5.5142498779e+02 5.5150897217e+02 5.5150701904e+02 5.5151000977e+02 5.5159997559e+02 5.5169396973e+02 5.5173498535e+02 5.5178698730e+02 5.5185601807e+02 5.5189001465e+02
5.4931896973e+02 5.4933398438e+02 5.4939398193e+02 5.4952600098e+02 5.4968701172e+02 5.4986999512e+02 5.5005401611e+02 5.5022601318e+02 5.5039300537e+02 5.5050097656e+02 5.5054901123e+02 5.5057000732e+02 5.5061602783e+02 5.5067401123e+02 5.5072601318e+02 5.5078302002e+02 5.5085998535e+02 5.5089898682e+02 5.5092498779e+02 5.5098602295e+02 5.5101898193e+02 5.5105200195e+02 5.5111798096e+02 5.5119000244e+02 5.5126202393e+02 5.5127801514e+02 5.5127301025e+02 5.5131402588e+02 5.5139801025e+02 5.5146697998e+02 5.5152801514e+02 5.5151300049e+02 5.5147698975e+02 5.5143298340e+02 5.5135400391e+02 5.5134301758e+02 5.5139501953e+02 5.5144799805e+02 5.5145800781e+02 5.5150000000e+02 5.5157501221e+02 5.5164202881e+02 5.5169799805e+02 5.5178100586e+02 5.5189300537e+02 5.5196002197e+02
5.4942797852e+02 5.4947100830e+02 5.4957397461e+02 5.4975097656e+02 5.4991998291e+02 5.5008099365e+02 5.5023101807e+02 5.5035302734e+02 5.5045599365e+02 5.5053802490e+02 5.5057501221e+02 5.5058398438e+02 5.5065002441e+02 5.5073699951e+02 5.5078601074e+02 5.5083001709e+02 5.5090002441e+02 5.5093298340e+02 5.5096002197e+02 5.5100701904e+02 5.5102899170e+02 5.5106097412e+02 5.5111999512e+02 5.5117498779e+02 5.5122900391e+02 5.5126202393e+02 5.5128698730e+02 5.5134002686e+02 5.5144396973e+02 5.5153198242e+02 5.5158697510e+02 5.5159100342e+02 5.5155200195e+02 5.5149902344e+02 5.5144299316e+02 5.5140802002e+02 5.5140600586e+02 5.5142297363e+02 5.5143701172e+02 5.5147198486e+02 5.5149499512e+02 5.5153497314e+02 5.5161499023e+02 5.5171801758e+02 5.5187097168e+02 5.5197802734e+02
