TESTSERVER/2/14.asc
NCOLS 100
NROWS 100
XLLCORNER 7.5997500000e+03
YLLCORNER 2.8925025000e+05
CELLSIZE 5.0000000000e-01
NODATA_VALUE -9.9990000000e+03
[rows 80 to 99 of 100, columns 46 to 91 of 100]
5.4740698242e+02 5.4744598389e+02 5.4747900391e+02 5.4752099609e+02 5.4753997803e+02 5.4755798340e+02 5.4756597900e+02 5.4757702637e+02 5.4760101318e+02 5.4762799072e+02 5.4764300537e+02 5.4766699219e+02 5.4769598389e+02 5.4772399902e+02 5.4773797607e+02 5.4775500488e+02 5.4776898193e+02 5.4776599121e+02 5.4773498535e+02 5.4769396973e+02 5.4765399170e+02 5.4762298584e+02 5.4760198975e+02 5.4756402588e+02 5.4753900146e+02 5.4754302979e+02 5.4757202148e+02 5.4757897949e+02 5.4760797119e+02 5.4764501953e+02 5.4767498779e+02 5.4769000244e+02 5.4769299316e+02 5.4769201660e+02 5.4770599365e+02 5.4774102783e+02 5.4776098633e+02 5.4777697754e+02 5.4779101563e+02 5.4783099365e+02 5.4784997559e+02 5.4785198975e+02 5.4787298584e+02 5.4787402344e+02 5.4788299561e+02 5.4789501953e+02
5.4738299561e+02 5.4742498779e+02 5.4747302246e+02 5.4750299072e+02 5.4751898193e+02 5.4753802490e+02 5.4756402588e+02 5.4758697510e+02 5.4761700439e+02 5.4764501953e+02 5.4767102051e+02 5.4768798828e+02 5.4771002197e+02 5.4773101807e+02 5.4773297119e+02 5.4772198486e+02 5.4770397949e+02 5.4766900635e+02 5.4761602783e+02 5.4755200195e+02 5.4749798584e+02 5.4746002197e+02 5.4743798828e+02 5.4741400146e+02 5.4739202881e+02 5.4738702393e+02 5.4739697266e+02 5.4739001465e+02 5.4741601563e+02 5.4745898438e+02 5.4751300049e+02 5.4756298828e+02 5.4760498047e+02 5.4763800049e+02 5.4766900635e+02 5.4770800781e+02 5.4772998047e+02 5.4774902344e+02 5.4777099609e+02 5.4781701660e+02 5.4784600830e+02 5.4785699463e+02 5.4786602783e+02 5.4787097168e+02 5.4788299561e+02 5.4789801025e+02
5.4738299561e+02 5.4742700195e+02 5.4747100830e+02 5.4749798584e+02 5.4751599121e+02 5.4753497314e+02 5.4756896973e+02 5.4760498047e+02 5.4764099121e+02 5.4767199707e+02 5.4770202637e+02 5.4771099854e+02 5.4771801758e+02 5.4772198486e+02 5.4771197510e+02 5.4767797852e+02 5.4761901855e+02 5.4754797363e+02 5.4746801758e+02 5.4738299561e+02 5.4731402588e+02 5.4726702881e+02 5.4723699951e+02 5.4721301270e+02 5.4720001221e+02 5.4720300293e+02 5.4722698975e+02 5.4722698975e+02 5.4726098633e+02 5.4731597900e+02 5.4738897705e+02 5.4746697998e+02 5.4753900146e+02 5.4759698486e+02 5.4764001465e+02 5.4768402100e+02 5.4771801758e+02 5.4774200439e+02 5.4775701904e+02 5.4779901123e+02 5.4782702637e+02 5.4783898926e+02 5.4784899902e+02 5.4785498047e+02 5.4786901855e+02 5.4788397217e+02
5.4739001465e+02 5.4743597412e+02 5.4747698975e+02 5.4750402832e+02 5.4752197266e+02 5.4753997803e+02 5.4757702637e+02 5.4762200928e+02 5.4766198730e+02 5.4769396973e+02 5.4771899414e+02 5.4770898438e+02 5.4769598389e+02 5.4767797852e+02 5.4765197754e+02 5.4758502197e+02 5.4748699951e+02 5.4738299561e+02 5.4728302002e+02 5.4717999268e+02 5.4710101318e+02 5.4704998779e+02 5.4702001953e+02 5.4700897217e+02 5.4702502441e+02 5.4705999756e+02 5.4711102295e+02 5.4713098145e+02 5.4717602539e+02 5.4724298096e+02 5.4732098389e+02 5.4740698242e+02 5.4749597168e+02 5.4756799316e+02 5.4761401367e+02 5.4766198730e+02 5.4770599365e+02 5.4773498535e+02 5.4774499512e+02 5.4776898193e+02 5.4778997803e+02 5.4780401611e+02 5.4782098389e+02 5.4783197021e+02 5.4784802246e+02 5.4786401367e+02
5.4741198730e+02 5.4746002197e+02 5.4749798584e+02 5.4751599121e+02 5.4753900146e+02 5.4755999756e+02 5.4759399414e+02 5.4762701416e+02 5.4766699219e+02 5.4769799805e+02 5.4769396973e+02 5.4764801025e+02 5.4762298584e+02 5.4760101318e+02 5.4756701660e+02 5.4742102051e+02 5.4727600098e+02 5.4714801025e+02 5.4704400635e+02 5.4694598389e+02 5.4686700439e+02 5.4682800293e+02 5.4684002686e+02 5.4686798096e+02 5.4692297363e+02 5.4699200439e+02 5.4707397461e+02 5.4710601807e+02 5.4715997314e+02 5.4723101807e+02 5.4731701660e+02 5.4738500977e+02 5.4746697998e+02 5.4753802490e+02 5.4758697510e+02 5.4764001465e+02 5.4768798828e+02 5.4771801758e+02 5.4772998047e+02 5.4774200439e+02 5.4775500488e+02 5.4777197266e+02 5.4779101563e+02 5.4780297852e+02 5.4782000732e+02 5.4783502197e+02
5.4744500732e+02 5.4748498535e+02 5.4750799561e+02 5.4753100586e+02 5.4756298828e+02 5.4759399414e+02 5.4761102295e+02 5.4763897705e+02 5.4766998291e+02 5.4768200684e+02 5.4765502930e+02 5.4758599854e+02 5.4753399658e+02 5.4747302246e+02 5.4735797119e+02 5.4715698242e+02 5.4697698975e+02 5.4684802246e+02 5.4676501465e+02 5.4669897461e+02 5.4668798828e+02 5.4672100830e+02 5.4678002930e+02 5.4682299805e+02 5.4687298584e+02 5.4694097900e+02 5.4703100586e+02 5.4709301758e+02 5.4715502930e+02 5.4722100830e+02 5.4728997803e+02 5.4735797119e+02 5.4742901611e+02 5.4749902344e+02 5.4756500244e+02 5.4762902832e+02 5.4767797852e+02 5.4770800781e+02 5.4771697998e+02 5.4772497559e+02 5.4773797607e+02 5.4775500488e+02 5.4777502441e+02 5.4778900146e+02 5.4780401611e+02 5.4781896973e+02
5.4744000244e+02 5.4747497559e+02 5.4749798584e+02 5.4752899170e+02 5.4756201172e+02 5.4759197998e+02 5.4760998535e+02 5.4763299561e+02 5.4764202881e+02 5.4762500000e+02 5.4758300781e+02 5.4750897217e+02 5.4739599609e+02 5.4725000000e+02 5.4703997803e+02 5.4680401611e+02 5.4664801025e+02 5.4656597900e+02 5.4653802490e+02 5.4653100586e+02 5.4657702637e+02 5.4665100098e+02 5.4672601318e+02 5.4677801514e+02 5.4683898926e+02 5.4690997314e+02 5.4699298096e+02 5.4706799316e+02 5.4714001465e+02 5.4720800781e+02 5.4726898193e+02 5.4733001709e+02 5.4739898682e+02 5.4747198486e+02 5.4754797363e+02 5.4762097168e+02 5.4767297363e+02 5.4770397949e+02 5.4770898438e+02 5.4771398926e+02 5.4772601318e+02 5.4774298096e+02 5.4776098633e+02 5.4777502441e+02 5.4779199219e+02 5.4780798340e+02
5.4739898682e+02 5.4742700195e+02 5.4745501709e+02 5.4749597168e+02 5.4752600098e+02 5.4755200195e+02 5.4757397461e+02 5.4758697510e+02 5.4756500244e+02 5.4751098633e+02 5.4745501709e+02 5.4734997559e+02 5.4714501953e+02 5.4689801025e+02 5.4662200928e+02 5.4642498779e+02 5.4634399414e+02 5.4634600830e+02 5.4638897705e+02 5.4642797852e+02 5.4650299072e+02 5.4659100342e+02 5.4666497803e+02 5.4673699951e+02 5.4681201172e+02 5.4688201904e+02 5.4694799805e+02 5.4702600098e+02 5.4710998535e+02 5.4718701172e+02 5.4725299072e+02 5.4730999756e+02 5.4737799072e+02 5.4745300293e+02 5.4753698730e+02 5.4761499023e+02 5.4766699219e+02 5.4769702148e+02 5.4770001221e+02 5.4770599365e+02 5.4771899414e+02 5.4773400879e+02 5.4774902344e+02 5.4776300049e+02 5.4778198242e+02 5.4780102539e+02
5.4732299805e+02 5.4734802246e+02 5.4738702393e+02 5.4740899658e+02 5.4744500732e+02 5.4747998047e+02 5.4752099609e+02 5.4750500488e+02 5.4746502686e+02 5.4737701416e+02 5.4734497070e+02 5.4704699707e+02 5.4669799805e+02 5.4637597656e+02 5.4613598633e+02 5.4610400391e+02 5.4613702393e+02 5.4622198486e+02 5.4629901123e+02 5.4635601807e+02 5.4643499756e+02 5.4651702881e+02 5.4660900879e+02 5.4669299316e+02 5.4676800537e+02 5.4683197021e+02 5.4685998535e+02 5.4696398926e+02 5.4706500244e+02 5.4715802002e+02 5.4724102783e+02 5.4730603027e+02 5.4737500000e+02 5.4744799805e+02 5.4753002930e+02 5.4759899902e+02 5.4764801025e+02 5.4767999268e+02 5.4769000244e+02 5.4769702148e+02 5.4771398926e+02 5.4772998047e+02 5.4774499512e+02 5.4775799561e+02 5.4777697754e+02 5.4779602051e+02
5.4721301270e+02 5.4723199463e+02 5.4724401855e+02 5.4728497314e+02 5.4734802246e+02 5.4739300537e+02 5.4741400146e+02 5.4736901855e+02 5.4721197510e+02 5.4697802734e+02 5.4667999268e+02 5.4634399414e+02 5.4609600830e+02 5.4595697021e+02 5.4593402100e+02 5.4599700928e+02 5.4607397461e+02 5.4615899658e+02 5.4623797607e+02 5.4630603027e+02 5.4637799072e+02 5.4646002197e+02 5.4653997803e+02 5.4661102295e+02 5.4668200684e+02 5.4674700928e+02 5.4682598877e+02 5.4695599365e+02 5.4705999756e+02 5.4715502930e+02 5.4725201416e+02 5.4732598877e+02 5.4739001465e+02 5.4745397949e+02 5.4752301025e+02 5.4757897949e+02 5.4762200928e+02 5.4765698242e+02 5.4767401123e+02 5.4768701172e+02 5.4770697021e+02 5.4772399902e+02 5.4773797607e+02 5.4775598145e+02 5.4777398682e+02 5.4779199219e+02
5.4693499756e+02 5.4696600342e+02 5.4701898193e+02 5.4708898926e+02 5.4714099121e+02 5.4715502930e+02 5.4715997314e+02 5.4699700928e+02 5.4667797852e+02 5.4633599854e+02 5.4600701904e+02 5.4580700684e+02 5.4575299072e+02 5.4578601074e+02 5.4585998535e+02 5.4594000244e+02 5.4602301025e+02 5.4609802246e+02 5.4616302490e+02 5.4621301270e+02 5.4628198242e+02 5.4637701416e+02 5.4648498535e+02 5.4658197021e+02 5.4667498779e+02 5.4676000977e+02 5.4686901855e+02 5.4700701904e+02 5.4710101318e+02 5.4718597412e+02 5.4727697754e+02 5.4734497070e+02 5.4740100098e+02 5.4745800781e+02 5.4751800537e+02 5.4756799316e+02 5.4760699463e+02 5.4764001465e+02 5.4765997314e+02 5.4767797852e+02 5.4769799805e+02 5.4771600342e+02 5.4773199463e+02 5.4774902344e+02 5.4776800537e+02 5.4778601074e+02
5.4654101563e+02 5.4660498047e+02 5.4672998047e+02 5.4680499268e+02 5.4680902100e+02 5.4676000977e+02 5.4670001221e+02 5.4641802979e+02 5.4604101563e+02 5.4574298096e+02 5.4558398438e+02 5.4557397461e+02 5.4565197754e+02 5.4576397705e+02 5.4583697510e+02 5.4590100098e+02 5.4597399902e+02 5.4603399658e+02 5.4607397461e+02 5.4609899902e+02 5.4617602539e+02 5.4629699707e+02 5.4646697998e+02 5.4662799072e+02 5.4676202393e+02 5.4687500000e+02 5.4698999023e+02 5.4710400391e+02 5.4717901611e+02 5.4724401855e+02 5.4731201172e+02 5.4736700439e+02 5.4741400146e+02 5.4746301270e+02 5.4751501465e+02 5.4755999756e+02 5.4759600830e+02 5.4762402344e+02 5.4764697266e+02 5.4766998291e+02 5.4769097900e+02 5.4770898438e+02 5.4772601318e+02 5.4774298096e+02 5.4776202393e+02 5.4778002930e+02
5.4618499756e+02 5.4628497314e+02 5.4644500732e+02 5.4644598389e+02 5.4634802246e+02 5.4619396973e+02 5.4597998047e+02 5.4573999023e+02 5.4551098633e+02 5.4542199707e+02 5.4549102783e+02 5.4555200195e+02 5.4563702393e+02 5.4571997070e+02 5.4578997803e+02 5.4585198975e+02 5.4590502930e+02 5.4594598389e+02 5.4593597412e+02 5.4601800537e+02 5.4613000488e+02 5.4628802490e+02 5.4653802490e+02 5.4674902344e+02 5.4692602539e+02 5.4707299805e+02 5.4719396973e+02 5.4724798584e+02 5.4730102539e+02 5.4734002686e+02 5.4738299561e+02 5.4739001465e+02 5.4742297363e+02 5.4745898438e+02 5.4750000000e+02 5.4755401611e+02 5.4758599854e+02 5.4761297607e+02 5.4763598633e+02 5.4765698242e+02 5.4767999268e+02 5.4770300293e+02 5.4772399902e+02 5.4773797607e+02 5.4775598145e+02 5.4777301025e+02
5.4579797363e+02 5.4581799316e+02 5.4587097168e+02 5.4579400635e+02 5.4564801025e+02 5.4549401855e+02 5.4534301758e+02 5.4525897217e+02 5.4528100586e+02 5.4534497070e+02 5.4541802979e+02 5.4549597168e+02 5.4557800293e+02 5.4565997314e+02 5.4572802734e+02 5.4578698730e+02 5.4584997559e+02 5.4590899658e+02 5.4596997070e+02 5.4608801270e+02 5.4621801758e+02 5.4637902832e+02 5.4662200928e+02 5.4685101318e+02 5.4701898193e+02 5.4716198730e+02 5.4726800537e+02 5.4732800293e+02 5.4737902832e+02 5.4741101074e+02 5.4740698242e+02 5.4740802002e+02 5.4743597412e+02 5.4746697998e+02 5.4750799561e+02 5.4754797363e+02 5.4757800293e+02 5.4760498047e+02 5.4762500000e+02 5.4764300537e+02 5.4766699219e+02 5.4769201660e+02 5.4771600342e+02 5.4773400879e+02 5.4775299072e+02 5.4777099609e+02
5.4532202148e+02 5.4526702881e+02 5.4524597168e+02 5.4515301514e+02 5.4508801270e+02 5.4504797363e+02 5.4503802490e+02 5.4511199951e+02 5.4522497559e+02 5.4532397461e+02 5.4537799072e+02 5.4545397949e+02 5.4553698730e+02 5.4560998535e+02 5.4565899658e+02 5.4572998047e+02 5.4582299805e+02 5.4591802979e+02 5.4603100586e+02 5.4616101074e+02 5.4628900146e+02 5.4644799805e+02 5.4669201660e+02 5.4691802979e+02 5.4707702637e+02 5.4721398926e+02 5.4731097412e+02 5.4736401367e+02 5.4740802002e+02 5.4743402100e+02 5.4742102051e+02 5.4741900635e+02 5.4744799805e+02 5.4747998047e+02 5.4751501465e+02 5.4754602051e+02 5.4757299805e+02 5.4759698486e+02 5.4761499023e+02 5.4763299561e+02 5.4765698242e+02 5.4768200684e+02 5.4770697021e+02 5.4772998047e+02 5.4775000000e+02 5.4776898193e+02
5.4491198730e+02 5.4481402588e+02 5.4478399658e+02 5.4477502441e+02 5.4482702637e+02 5.4490502930e+02 5.4498602295e+02 5.4509899902e+02 5.4520599365e+02 5.4528698730e+02 5.4533197021e+02 5.4540802002e+02 5.4548199463e+02 5.4553997803e+02 5.4559301758e+02 5.4571002197e+02 5.4584002686e+02 5.4597698975e+02 5.4612200928e+02 5.4624499512e+02 5.4636700439e+02 5.4651702881e+02 5.4674700928e+02 5.4695501709e+02 5.4710400391e+02 5.4723199463e+02 5.4732397461e+02 5.4737402344e+02 5.4741497803e+02 5.4743701172e+02 5.4742297363e+02 5.4742602539e+02 5.4745599365e+02 5.4748901367e+02 5.4752099609e+02 5.4754602051e+02 5.4757000732e+02 5.4759197998e+02 5.4760699463e+02 5.4762500000e+02 5.4764801025e+02 5.4767199707e+02 5.4769897461e+02 5.4772497559e+02 5.4774700928e+02 5.4776702881e+02
5.4467199707e+02 5.4459002686e+02 5.4464202881e+02 5.4470800781e+02 5.4480902100e+02 5.4491101074e+02 5.4497198486e+02 5.4503601074e+02 5.4511798096e+02 5.4520098877e+02 5.4528100586e+02 5.4533801270e+02 5.4539099121e+02 5.4545001221e+02 5.4558398438e+02 5.4578399658e+02 5.4595800781e+02 5.4612200928e+02 5.4628497314e+02 5.4636297607e+02 5.4646801758e+02 5.4658099365e+02 5.4672900391e+02 5.4695001221e+02 5.4708599854e+02 5.4721502686e+02 5.4732897949e+02 5.4735699463e+02 5.4739398193e+02 5.4741900635e+02 5.4741900635e+02 5.4743298340e+02 5.4746997070e+02 5.4750799561e+02 5.4754998779e+02 5.4755499268e+02 5.4757299805e+02 5.4758801270e+02 5.4759899902e+02 5.4762097168e+02 5.4764300537e+02 5.4766802979e+02 5.4770098877e+02 5.4772198486e+02 5.4774499512e+02 5.4776800537e+02
5.4460198975e+02 5.4455700684e+02 5.4459600830e+02 5.4467797852e+02 5.4476501465e+02 5.4484997559e+02 5.4492498779e+02 5.4498297119e+02 5.4504998779e+02 5.4513299561e+02 5.4520898438e+02 5.4525402832e+02 5.4531201172e+02 5.4540698242e+02 5.4563000488e+02 5.4591998291e+02 5.4610302734e+02 5.4625500488e+02 5.4638800049e+02 5.4649499512e+02 5.4658197021e+02 5.4665899658e+02 5.4676000977e+02 5.4690197754e+02 5.4702001953e+02 5.4714001465e+02 5.4725000000e+02 5.4728698730e+02 5.4732897949e+02 5.4736700439e+02 5.4739599609e+02 5.4743597412e+02 5.4748101807e+02 5.4752301025e+02 5.4755401611e+02 5.4756799316e+02 5.4758502197e+02 5.4759600830e+02 5.4760198975e+02 5.4761901855e+02 5.4764001465e+02 5.4766601563e+02 5.4769500732e+02 5.4771899414e+02 5.4774200439e+02 5.4776501465e+02
5.4454602051e+02 5.4451702881e+02 5.4454797363e+02 5.4461602783e+02 5.4470098877e+02 5.4478802490e+02 5.4487500000e+02 5.4494201660e+02 5.4500201416e+02 5.4507598877e+02 5.4511901855e+02 5.4516802979e+02 5.4526599121e+02 5.4541400146e+02 5.4572100830e+02 5.4604400635e+02 5.4622802734e+02 5.4637298584e+02 5.4649597168e+02 5.4659301758e+02 5.4666699219e+02 5.4673101807e+02 5.4679101563e+02 5.4688201904e+02 5.4697998047e+02 5.4708197021e+02 5.4717999268e+02 5.4722998047e+02 5.4727899170e+02 5.4732501221e+02 5.4737298584e+02 5.4742797852e+02 5.4747497559e+02 5.4751702881e+02 5.4754998779e+02 5.4756799316e+02 5.4758502197e+02 5.4759698486e+02 5.4759997559e+02 5.4761102295e+02 5.4763201904e+02 5.4765600586e+02 5.4768499756e+02 5.4770898438e+02 5.4773199463e+02 5.4775500488e+02
5.4448101807e+02 5.4446398926e+02 5.4449298096e+02 5.4454998779e+02 5.4462402344e+02 5.4471002197e+02 5.4481298828e+02 5.4488397217e+02 5.4494396973e+02 5.4501000977e+02 5.4502301025e+02 5.4511297607e+02 5.4527600098e+02 5.4549597168e+02 5.4587200928e+02 5.4620202637e+02 5.4638201904e+02 5.4651800537e+02 5.4661199951e+02 5.4668200684e+02 5.4674102783e+02 5.4679101563e+02 5.4682000732e+02 5.4687402344e+02 5.4695098877e+02 5.4703399658e+02 5.4711999512e+02 5.4718200684e+02 5.4723797607e+02 5.4728997803e+02 5.4734997559e+02 5.4741302490e+02 5.4746002197e+02 5.4750299072e+02 5.4753900146e+02 5.4755902100e+02 5.4757800293e+02 5.4759002686e+02 5.4759100342e+02 5.4759899902e+02 5.4761798096e+02 5.4764202881e+02 5.4766998291e+02 5.4769500732e+02 5.4771801758e+02 5.4774102783e+02
