TESTSERVER/2/14.asc
NCOLS 100
NROWS 100
XLLCORNER 7.5997500000e+03
YLLCORNER 2.8925025000e+05
CELLSIZE 5.0000000000e-01
NODATA_VALUE -9.9990000000e+03
[rows 0 to 19 of 100, columns 46 to 91 of 100]
5.4838897705e+02 5.4833697510e+02 5.4828302002e+02 5.4826000977e+02 5.4825299072e+02 5.4827197266e+02 5.4829998779e+02 5.4833898926e+02 5.4836700439e+02 5.4841699219e+02 5.4853802490e+02 5.4866302490e+02 5.4875402832e+02 5.4874200439e+02 5.4868103027e+02 5.4875000000e+02 5.4880798340e+02 5.4885101318e+02 5.4890502930e+02 5.4898199463e+02 5.4903002930e+02 5.4907202148e+02 5.4910998535e+02 5.4910797119e+02 5.4913098145e+02 5.4921801758e+02 5.4933898926e+02 5.4941802979e+02 5.4947802734e+02 5.4958599854e+02 5.4972698975e+02 5.4977099609e+02 5.4979302979e+02 5.4982897949e+02 5.4990502930e+02 5.5002197266e+02 5.5009802246e+02 5.5013397217e+02 5.5011401367e+02 5.5000897217e+02 5.4997100830e+02 5.4998498535e+02 5.5009100342e+02 5.5012597656e+02 5.5015899658e+02 5.5017700195e+02
5.4828002930e+02 5.4823901367e+02 5.4821002197e+02 5.4821502686e+02 5.4823901367e+02 5.4827099609e+02 5.4830999756e+02 5.4833801270e+02 5.4837500000e+02 5.4843597412e+02 5.4853100586e+02 5.4857598877e+02 5.4861102295e+02 5.4862902832e+02 5.4864202881e+02 5.4873999023e+02 5.4880798340e+02 5.4885900879e+02 5.4891998291e+02 5.4898901367e+02 5.4906799316e+02 5.4915502930e+02 5.4921899414e+02 5.4917797852e+02 5.4916998291e+02 5.4923400879e+02 5.4933398438e+02 5.4938800049e+02 5.4946002197e+02 5.4954498291e+02 5.4964099121e+02 5.4969299316e+02 5.4973999023e+02 5.4979901123e+02 5.4988397217e+02 5.4997601318e+02 5.5006097412e+02 5.5011401367e+02 5.5009802246e+02 5.5001300049e+02 5.4996899414e+02 5.5000598145e+02 5.5011401367e+02 5.5019000244e+02 5.5022198486e+02 5.5022100830e+02
5.4817401123e+02 5.4815197754e+02 5.4815600586e+02 5.4819799805e+02 5.4824298096e+02 5.4827899170e+02 5.4831799316e+02 5.4834100342e+02 5.4839300537e+02 5.4845397949e+02 5.4851300049e+02 5.4851397705e+02 5.4852099609e+02 5.4856097412e+02 5.4863000488e+02 5.4874499512e+02 5.4883001709e+02 5.4889202881e+02 5.4896899414e+02 5.4901800537e+02 5.4908099365e+02 5.4918298340e+02 5.4925701904e+02 5.4921502686e+02 5.4919897461e+02 5.4922698975e+02 5.4927697754e+02 5.4934802246e+02 5.4943402100e+02 5.4948297119e+02 5.4954602051e+02 5.4962902832e+02 5.4970501709e+02 5.4979199219e+02 5.4987500000e+02 5.4993798828e+02 5.5001800537e+02 5.5007702637e+02 5.5007800293e+02 5.5000598145e+02 5.4996301270e+02 5.4999401855e+02 5.5010302734e+02 5.5020001221e+02 5.5024499512e+02 5.5025000000e+02
5.4814599609e+02 5.4813299561e+02 5.4814099121e+02 5.4819799805e+02 5.4825701904e+02 5.4829498291e+02 5.4832897949e+02 5.4836798096e+02 5.4843103027e+02 5.4848199463e+02 5.4850897217e+02 5.4851098633e+02 5.4850897217e+02 5.4854901123e+02 5.4863897705e+02 5.4875799561e+02 5.4884802246e+02 5.4890698242e+02 5.4899200439e+02 5.4904302979e+02 5.4908599854e+02 5.4917901611e+02 5.4925000000e+02 5.4925000000e+02 5.4923400879e+02 5.4921997070e+02 5.4923297119e+02 5.4932000732e+02 5.4939300537e+02 5.4941900635e+02 5.4949401855e+02 5.4959399414e+02 5.4968298340e+02 5.4978802490e+02 5.4987097168e+02 5.4991198730e+02 5.4998498535e+02 5.5005200195e+02 5.5007000732e+02 5.5001000977e+02 5.4996197510e+02 5.4997601318e+02 5.5006201172e+02 5.5015301514e+02 5.5021002197e+02 5.5022900391e+02
5.4816900635e+02 5.4817297363e+02 5.4818103027e+02 5.4818402100e+02 5.4824200439e+02 5.4830200195e+02 5.4835498047e+02 5.4842199707e+02 5.4849499512e+02 5.4852899170e+02 5.4852301025e+02 5.4852001953e+02 5.4850701904e+02 5.4854199219e+02 5.4862200928e+02 5.4875000000e+02 5.4883197021e+02 5.4887902832e+02 5.4894500732e+02 5.4901397705e+02 5.4907598877e+02 5.4917797852e+02 5.4925097656e+02 5.4926202393e+02 5.4926501465e+02 5.4925799561e+02 5.4927197266e+02 5.4932299805e+02 5.4937298584e+02 5.4941900635e+02 5.4951501465e+02 5.4958300781e+02 5.4966497803e+02 5.4977398682e+02 5.4986999512e+02 5.4989898682e+02 5.4996502686e+02 5.5004101563e+02 5.5012402344e+02 5.5005102539e+02 5.4997497559e+02 5.4995898438e+02 5.5001300049e+02 5.5008001709e+02 5.5014099121e+02 5.5016998291e+02
5.4812902832e+02 5.4816998291e+02 5.4817297363e+02 5.4815301514e+02 5.4818798828e+02 5.4826098633e+02 5.4834497070e+02 5.4844396973e+02 5.4853100586e+02 5.4855102539e+02 5.4850500488e+02 5.4847100830e+02 5.4846502686e+02 5.4851898193e+02 5.4862597656e+02 5.4875799561e+02 5.4883300781e+02 5.4886499023e+02 5.4890698242e+02 5.4896801758e+02 5.4903302002e+02 5.4915698242e+02 5.4925402832e+02 5.4927899170e+02 5.4929998779e+02 5.4932098389e+02 5.4933898926e+02 5.4936401367e+02 5.4939300537e+02 5.4942102051e+02 5.4949902344e+02 5.4956298828e+02 5.4964801025e+02 5.4976501465e+02 5.4987200928e+02 5.4988500977e+02 5.4993499756e+02 5.5000897217e+02 5.5004998779e+02 5.5000799561e+02 5.4995599365e+02 5.4994000244e+02 5.4996899414e+02 5.5002502441e+02 5.5008197021e+02 5.5010998535e+02
5.4809100342e+02 5.4814398193e+02 5.4816497803e+02 5.4815197754e+02 5.4816998291e+02 5.4823101807e+02 5.4832000732e+02 5.4842401123e+02 5.4850500488e+02 5.4851000977e+02 5.4844598389e+02 5.4840399170e+02 5.4842901611e+02 5.4852301025e+02 5.4865502930e+02 5.4877801514e+02 5.4884899902e+02 5.4888000488e+02 5.4890997314e+02 5.4896301270e+02 5.4901098633e+02 5.4910998535e+02 5.4922601318e+02 5.4930200195e+02 5.4935900879e+02 5.4941601563e+02 5.4945501709e+02 5.4949298096e+02 5.4951800537e+02 5.4951800537e+02 5.4955999756e+02 5.4962701416e+02 5.4970800781e+02 5.4980798340e+02 5.4988201904e+02 5.4987799072e+02 5.4991302490e+02 5.4997198486e+02 5.4999102783e+02 5.4997100830e+02 5.4995001221e+02 5.4993701172e+02 5.4993402100e+02 5.4998498535e+02 5.5004400635e+02 5.5007098389e+02
5.4807702637e+02 5.4813000488e+02 5.4818298340e+02 5.4818701172e+02 5.4817999268e+02 5.4820599365e+02 5.4828497314e+02 5.4838500977e+02 5.4845098877e+02 5.4844201660e+02 5.4837597656e+02 5.4835198975e+02 5.4841497803e+02 5.4853997803e+02 5.4867498779e+02 5.4878497314e+02 5.4885998535e+02 5.4890997314e+02 5.4894201660e+02 5.4898797607e+02 5.4902001953e+02 5.4908197021e+02 5.4919097900e+02 5.4929797363e+02 5.4939099121e+02 5.4948901367e+02 5.4955902100e+02 5.4964501953e+02 5.4969000244e+02 5.4967401123e+02 5.4966900635e+02 5.4971997070e+02 5.4978399658e+02 5.4984100342e+02 5.4986102295e+02 5.4985900879e+02 5.4989697266e+02 5.4995001221e+02 5.4996801758e+02 5.4995501709e+02 5.4994299316e+02 5.4993701172e+02 5.4991802979e+02 5.4996301270e+02 5.5002502441e+02 5.5005401611e+02
5.4810400391e+02 5.4816101074e+02 5.4825097656e+02 5.4823602295e+02 5.4819396973e+02 5.4818298340e+02 5.4825097656e+02 5.4835302734e+02 5.4840197754e+02 5.4839001465e+02 5.4834002686e+02 5.4834002686e+02 5.4843701172e+02 5.4856799316e+02 5.4868701172e+02 5.4876599121e+02 5.4884802246e+02 5.4892498779e+02 5.4897302246e+02 5.4900500488e+02 5.4903399658e+02 5.4908197021e+02 5.4916198730e+02 5.4925201416e+02 5.4936297607e+02 5.4949902344e+02 5.4959802246e+02 5.4965698242e+02 5.4971899414e+02 5.4974102783e+02 5.4973901367e+02 5.4977001953e+02 5.4980700684e+02 5.4981500244e+02 5.4978497314e+02 5.4981201172e+02 5.4986700439e+02 5.4992901611e+02 5.4996002197e+02 5.4993402100e+02 5.4992797852e+02 5.4994299316e+02 5.4993200684e+02 5.4994396973e+02 5.5000299072e+02 5.5003900146e+02
5.4815502930e+02 5.4820501709e+02 5.4826800537e+02 5.4823602295e+02 5.4818402100e+02 5.4817999268e+02 5.4824798584e+02 5.4832299805e+02 5.4836199951e+02 5.4836297607e+02 5.4833502197e+02 5.4835400391e+02 5.4846197510e+02 5.4858801270e+02 5.4867401123e+02 5.4873199463e+02 5.4881500244e+02 5.4890600586e+02 5.4896301270e+02 5.4899700928e+02 5.4902502441e+02 5.4906896973e+02 5.4913897705e+02 5.4921899414e+02 5.4931896973e+02 5.4945001221e+02 5.4956201172e+02 5.4961700439e+02 5.4965698242e+02 5.4969299316e+02 5.4971398926e+02 5.4975299072e+02 5.4978399658e+02 5.4976898193e+02 5.4972399902e+02 5.4973498535e+02 5.4979199219e+02 5.4986901855e+02 5.4993298340e+02 5.4993200684e+02 5.4992901611e+02 5.4996502686e+02 5.4995501709e+02 5.4992401123e+02 5.4996997070e+02 5.5001898193e+02
5.4815100098e+02 5.4819500732e+02 5.4823602295e+02 5.4820300293e+02 5.4815899658e+02 5.4816400146e+02 5.4822998047e+02 5.4827600098e+02 5.4830999756e+02 5.4832800293e+02 5.4833001709e+02 5.4837500000e+02 5.4848699951e+02 5.4859399414e+02 5.4864801025e+02 5.4867797852e+02 5.4875299072e+02 5.4885699463e+02 5.4895001221e+02 5.4899700928e+02 5.4903698730e+02 5.4907800293e+02 5.4912500000e+02 5.4919201660e+02 5.4927099609e+02 5.4937097168e+02 5.4948297119e+02 5.4956701660e+02 5.4959497070e+02 5.4961199951e+02 5.4965698242e+02 5.4971997070e+02 5.4974700928e+02 5.4972497559e+02 5.4968298340e+02 5.4969500732e+02 5.4974902344e+02 5.4982098389e+02 5.4989300537e+02 5.4992199707e+02 5.4993298340e+02 5.4997497559e+02 5.4997802734e+02 5.4994500732e+02 5.4996502686e+02 5.4999401855e+02
5.4809600830e+02 5.4813098145e+02 5.4815100098e+02 5.4813702393e+02 5.4811401367e+02 5.4813299561e+02 5.4819396973e+02 5.4822302246e+02 5.4826000977e+02 5.4829699707e+02 5.4832501221e+02 5.4838500977e+02 5.4849200439e+02 5.4858099365e+02 5.4862500000e+02 5.4864501953e+02 5.4871301270e+02 5.4883197021e+02 5.4897198486e+02 5.4902600098e+02 5.4906896973e+02 5.4910101318e+02 5.4911401367e+02 5.4916802979e+02 5.4924798584e+02 5.4932897949e+02 5.4941400146e+02 5.4951898193e+02 5.4955700684e+02 5.4957800293e+02 5.4962097168e+02 5.4967401123e+02 5.4968798828e+02 5.4966900635e+02 5.4965502930e+02 5.4968103027e+02 5.4973101807e+02 5.4979199219e+02 5.4985198975e+02 5.4989501953e+02 5.4992297363e+02 5.4996697998e+02 5.4999200439e+02 5.4997698975e+02 5.4996801758e+02 5.4995898438e+02
5.4802099609e+02 5.4803302002e+02 5.4801501465e+02 5.4803997803e+02 5.4804901123e+02 5.4808398438e+02 5.4814001465e+02 5.4817700195e+02 5.4822601318e+02 5.4828002930e+02 5.4832800293e+02 5.4839697266e+02 5.4848400879e+02 5.4855603027e+02 5.4860198975e+02 5.4865301514e+02 5.4874298096e+02 5.4888702393e+02 5.4903802490e+02 5.4909497070e+02 5.4911401367e+02 5.4912200928e+02 5.4911798096e+02 5.4915997314e+02 5.4925701904e+02 5.4934002686e+02 5.4937799072e+02 5.4944097900e+02 5.4950201416e+02 5.4956500244e+02 5.4961199951e+02 5.4962298584e+02 5.4961297607e+02 5.4959899902e+02 5.4962097168e+02 5.4966900635e+02 5.4971997070e+02 5.4977697754e+02 5.4984301758e+02 5.4987799072e+02 5.4990502930e+02 5.4993902588e+02 5.4998297119e+02 5.4999798584e+02 5.4996502686e+02 5.4992797852e+02
5.4798199463e+02 5.4798901367e+02 5.4796301270e+02 5.4798400879e+02 5.4799200439e+02 5.4801800537e+02 5.4807397461e+02 5.4812799072e+02 5.4819897461e+02 5.4827001953e+02 5.4834100342e+02 5.4842797852e+02 5.4851098633e+02 5.4858197021e+02 5.4863598633e+02 5.4868499756e+02 5.4878100586e+02 5.4892199707e+02 5.4905200195e+02 5.4910302734e+02 5.4909497070e+02 5.4909997559e+02 5.4913098145e+02 5.4919799805e+02 5.4927099609e+02 5.4932501221e+02 5.4933502197e+02 5.4936700439e+02 5.4942797852e+02 5.4949499512e+02 5.4953302002e+02 5.4955902100e+02 5.4955102539e+02 5.4954797363e+02 5.4957800293e+02 5.4962902832e+02 5.4969799805e+02 5.4977502441e+02 5.4985101318e+02 5.4988800049e+02 5.4991101074e+02 5.4993499756e+02 5.4996899414e+02 5.4999298096e+02 5.4995800781e+02 5.4991198730e+02
5.4794201660e+02 5.4795001221e+02 5.4793200684e+02 5.4796301270e+02 5.4796197510e+02 5.4797302246e+02 5.4803302002e+02 5.4811102295e+02 5.4819799805e+02 5.4828100586e+02 5.4836199951e+02 5.4844799805e+02 5.4853100586e+02 5.4860198975e+02 5.4865802002e+02 5.4869396973e+02 5.4876202393e+02 5.4886999512e+02 5.4897601318e+02 5.4900598145e+02 5.4898797607e+02 5.4901702881e+02 5.4910400391e+02 5.4919500732e+02 5.4926599121e+02 5.4931597900e+02 5.4931799316e+02 5.4933398438e+02 5.4938897705e+02 5.4944201660e+02 5.4947100830e+02 5.4950701904e+02 5.4951098633e+02 5.4951599121e+02 5.4954901123e+02 5.4960198975e+02 5.4968200684e+02 5.4977197266e+02 5.4984802246e+02 5.4988000488e+02 5.4990197754e+02 5.4992700195e+02 5.4995501709e+02 5.4997900391e+02 5.4995898438e+02 5.4991601563e+02
5.4787701416e+02 5.4789501953e+02 5.4790997314e+02 5.4796002197e+02 5.4796197510e+02 5.4797198486e+02 5.4803698730e+02 5.4812402344e+02 5.4821600342e+02 5.4830297852e+02 5.4838000488e+02 5.4845697021e+02 5.4853302002e+02 5.4859997559e+02 5.4865502930e+02 5.4868597412e+02 5.4872802734e+02 5.4879199219e+02 5.4886199951e+02 5.4889697266e+02 5.4891802979e+02 5.4899597168e+02 5.4911499023e+02 5.4919000244e+02 5.4924499512e+02 5.4929302979e+02 5.4929699707e+02 5.4930102539e+02 5.4934197998e+02 5.4938299561e+02 5.4943200684e+02 5.4948602295e+02 5.4950201416e+02 5.4951000977e+02 5.4953997803e+02 5.4959100342e+02 5.4966699219e+02 5.4975097656e+02 5.4981500244e+02 5.4983898926e+02 5.4986401367e+02 5.4989898682e+02 5.4994201660e+02 5.4997399902e+02 5.4997198486e+02 5.4993499756e+02
5.4781500244e+02 5.4784802246e+02 5.4790802002e+02 5.4795202637e+02 5.4797399902e+02 5.4799902344e+02 5.4805902100e+02 5.4813098145e+02 5.4821801758e+02 5.4830999756e+02 5.4840301514e+02 5.4846197510e+02 5.4852197266e+02 5.4857397461e+02 5.4860797119e+02 5.4867297363e+02 5.4872100830e+02 5.4875897217e+02 5.4879998779e+02 5.4884698486e+02 5.4893103027e+02 5.4905999756e+02 5.4917901611e+02 5.4921997070e+02 5.4923498535e+02 5.4925500488e+02 5.4926800537e+02 5.4928399658e+02 5.4931597900e+02 5.4935101318e+02 5.4940698242e+02 5.4949499512e+02 5.4952801514e+02 5.4953100586e+02 5.4954498291e+02 5.4959899902e+02 5.4965600586e+02 5.4971600342e+02 5.4975897217e+02 5.4978497314e+02 5.4981701660e+02 5.4986602783e+02 5.4993402100e+02 5.4997998047e+02 5.4999298096e+02 5.4996697998e+02
5.4781298828e+02 5.4785400391e+02 5.4792498779e+02 5.4799200439e+02 5.4802197266e+02 5.4803302002e+02 5.4806500244e+02 5.4812799072e+02 5.4820800781e+02 5.4830297852e+02 5.4839501953e+02 5.4846002197e+02 5.4851397705e+02 5.4856298828e+02 5.4861901855e+02 5.4868499756e+02 5.4873101807e+02 5.4876000977e+02 5.4878100586e+02 5.4882397461e+02 5.4891900635e+02 5.4904797363e+02 5.4915802002e+02 5.4922698975e+02 5.4924499512e+02 5.4924298096e+02 5.4926202393e+02 5.4927398682e+02 5.4931597900e+02 5.4934899902e+02 5.4937902832e+02 5.4949298096e+02 5.4955603027e+02 5.4956500244e+02 5.4955999756e+02 5.4959497070e+02 5.4964501953e+02 5.4970001221e+02 5.4974401855e+02 5.4977899170e+02 5.4981799316e+02 5.4986297607e+02 5.4992297363e+02 5.4996697998e+02 5.4999902344e+02 5.5000097656e+02
5.4783697510e+02 5.4788800049e+02 5.4796002197e+02 5.4803497314e+02 5.4806597900e+02 5.4807000732e+02 5.4809100342e+02 5.4814898682e+02 5.4821197510e+02 5.4828900146e+02 5.4837597656e+02 5.4844897461e+02 5.4851098633e+02 5.4857098389e+02 5.4864202881e+02 5.4871502686e+02 5.4875799561e+02 5.4877801514e+02 5.4878802490e+02 5.4880499268e+02 5.4887597656e+02 5.4898602295e+02 5.4909802246e+02 5.4921002197e+02 5.4925701904e+02 5.4926800537e+02 5.4928802490e+02 5.4926000977e+02 5.4929101563e+02 5.4935101318e+02 5.4939099121e+02 5.4950201416e+02 5.4956402588e+02 5.4956597900e+02 5.4954302979e+02 5.4956402588e+02 5.4961297607e+02 5.4967297363e+02 5.4972802734e+02 5.4978601074e+02 5.4984197998e+02 5.4988702393e+02 5.4992199707e+02 5.4995599365e+02 5.5000201416e+02 5.5002600098e+02
5.4787298584e+02 5.4793902588e+02 5.4803399658e+02 5.4810198975e+02 5.4810699463e+02 5.4810400391e+02 5.4813000488e+02 5.4818701172e+02 5.4823901367e+02 5.4829797363e+02 5.4837500000e+02 5.4845397949e+02 5.4852301025e+02 5.4859100342e+02 5.4866900635e+02 5.4874401855e+02 5.4878399658e+02 5.4879901123e+02 5.4880499268e+02 5.4879101563e+02 5.4883099365e+02 5.4893499756e+02 5.4906097412e+02 5.4920300293e+02 5.4928399658e+02 5.4930798340e+02 5.4931298828e+02 5.4923297119e+02 5.4923699951e+02 5.4932397461e+02 5.4940502930e+02 5.4948901367e+02 5.4952801514e+02 5.4951501465e+02 5.4948602295e+02 5.4951898193e+02 5.4957897949e+02 5.4964697266e+02 5.4971002197e+02 5.4978601074e+02 5.4985998535e+02 5.4990997314e+02 5.4992602539e+02 5.4994598389e+02 5.4999597168e+02 5.5003198242e+02
