TESTSERVER/2/15.asc
NCOLS 100
NROWS 100
XLLCORNER 7.5997500000e+03
YLLCORNER 2.8920025000e+05
CELLSIZE 5.0000000000e-01
NODATA_VALUE -9.9990000000e+03
[rows 40 to 59 of 100, columns 0 to 45 of 100]
5.4273297119e+02 5.4286798096e+02 5.4294097900e+02 5.4291198730e+02 5.4283599854e+02 5.4280102539e+02 5.4279998779e+02 5.4284100342e+02 5.4288500977e+02 5.4290100098e+02 5.4289599609e+02 5.4288800049e+02 5.4290600586e+02 5.4294201660e+02 5.4299902344e+02 5.4304302979e+02 5.4307299805e+02 5.4310198975e+02 5.4313800049e+02 5.4317297363e+02 5.4321197510e+02 5.4323498535e+02 5.4326000977e+02 5.4329101563e+02 5.4332702637e+02 5.4333502197e+02 5.4334399414e+02 5.4335998535e+02 5.4338299561e+02 5.4338500977e+02 5.4340301514e+02 5.4341900635e+02 5.4342999268e+02 5.4343298340e+02 5.4345599365e+02 5.4348101807e+02 5.4345599365e+02 5.4348297119e+02 5.4349700928e+02 5.4350598145e+02 5.4351702881e+02 5.4354998779e+02 5.4357897949e+02 5.4363702393e+02 5.4374200439e+02 5.4394500732e+02
5.4279602051e+02 5.4293499756e+02 5.4295501709e+02 5.4287402344e+02 5.4277801514e+02 5.4277801514e+02 5.4278698730e+02 5.4280700684e+02 5.4283300781e+02 5.4285699463e+02 5.4286199951e+02 5.4285699463e+02 5.4288897705e+02 5.4293798828e+02 5.4298297119e+02 5.4302301025e+02 5.4305902100e+02 5.4309600830e+02 5.4312701416e+02 5.4315899658e+02 5.4318798828e+02 5.4321197510e+02 5.4324401855e+02 5.4328002930e+02 5.4330603027e+02 5.4330798340e+02 5.4331201172e+02 5.4332000732e+02 5.4333398438e+02 5.4332897949e+02 5.4335400391e+02 5.4337097168e+02 5.4338800049e+02 5.4340600586e+02 5.4343798828e+02 5.4346398926e+02 5.4344799805e+02 5.4347802734e+02 5.4349102783e+02 5.4348901367e+02 5.4350201416e+02 5.4353497314e+02 5.4354901123e+02 5.4355798340e+02 5.4360498047e+02 5.4372198486e+02
5.4280499268e+02 5.4293499756e+02 5.4294201660e+02 5.4284698486e+02 5.4274401855e+02 5.4275402832e+02 5.4276098633e+02 5.4277600098e+02 5.4279797363e+02 5.4281799316e+02 5.4282800293e+02 5.4283001709e+02 5.4286499023e+02 5.4290997314e+02 5.4294299316e+02 5.4298999023e+02 5.4302899170e+02 5.4306701660e+02 5.4309399414e+02 5.4312597656e+02 5.4315600586e+02 5.4318200684e+02 5.4321600342e+02 5.4325598145e+02 5.4328601074e+02 5.4328698730e+02 5.4329101563e+02 5.4329602051e+02 5.4329901123e+02 5.4329699707e+02 5.4333300781e+02 5.4335498047e+02 5.4336798096e+02 5.4338800049e+02 5.4341198730e+02 5.4343200684e+02 5.4343402100e+02 5.4347198486e+02 5.4347998047e+02 5.4347900391e+02 5.4349401855e+02 5.4351898193e+02 5.4352801514e+02 5.4352801514e+02 5.4354901123e+02 5.4358697510e+02
5.4272497559e+02 5.4283801270e+02 5.4285400391e+02 5.4278802490e+02 5.4271600342e+02 5.4272998047e+02 5.4273498535e+02 5.4275097656e+02 5.4277600098e+02 5.4278802490e+02 5.4280297852e+02 5.4281896973e+02 5.4285400391e+02 5.4289099121e+02 5.4292297363e+02 5.4296801758e+02 5.4300000000e+02 5.4303497314e+02 5.4306597900e+02 5.4310101318e+02 5.4312097168e+02 5.4314501953e+02 5.4318103027e+02 5.4322900391e+02 5.4327001953e+02 5.4327398682e+02 5.4327502441e+02 5.4328002930e+02 5.4328198242e+02 5.4328900146e+02 5.4332098389e+02 5.4333801270e+02 5.4335900879e+02 5.4337500000e+02 5.4339001465e+02 5.4341198730e+02 5.4342797852e+02 5.4346398926e+02 5.4346398926e+02 5.4346801758e+02 5.4348101807e+02 5.4349798584e+02 5.4350701904e+02 5.4350701904e+02 5.4353601074e+02 5.4356500244e+02
5.4258197021e+02 5.4265698242e+02 5.4268597412e+02 5.4268597412e+02 5.4268701172e+02 5.4269897461e+02 5.4270898438e+02 5.4272601318e+02 5.4274902344e+02 5.4275598145e+02 5.4277398682e+02 5.4279998779e+02 5.4282702637e+02 5.4286102295e+02 5.4290002441e+02 5.4294097900e+02 5.4297302246e+02 5.4300598145e+02 5.4304498291e+02 5.4308197021e+02 5.4309698486e+02 5.4310998535e+02 5.4314501953e+02 5.4319799805e+02 5.4323797607e+02 5.4325000000e+02 5.4325000000e+02 5.4325500488e+02 5.4326397705e+02 5.4327301025e+02 5.4328698730e+02 5.4330499268e+02 5.4334002686e+02 5.4334100342e+02 5.4335601807e+02 5.4339001465e+02 5.4340997314e+02 5.4343798828e+02 5.4344299316e+02 5.4344799805e+02 5.4345001221e+02 5.4347900391e+02 5.4349298096e+02 5.4349499512e+02 5.4351300049e+02 5.4353302002e+02
5.4253497314e+02 5.4254498291e+02 5.4257000732e+02 5.4260601807e+02 5.4265301514e+02 5.4267700195e+02 5.4268402100e+02 5.4270098877e+02 5.4272698975e+02 5.4273498535e+02 5.4275500488e+02 5.4277899170e+02 5.4280297852e+02 5.4283697510e+02 5.4288098145e+02 5.4292297363e+02 5.4295397949e+02 5.4299597168e+02 5.4303601074e+02 5.4306701660e+02 5.4307202148e+02 5.4308099365e+02 5.4310900879e+02 5.4315600586e+02 5.4319097900e+02 5.4321197510e+02 5.4322698975e+02 5.4324499512e+02 5.4325701904e+02 5.4325201416e+02 5.4326397705e+02 5.4328002930e+02 5.4330499268e+02 5.4332299805e+02 5.4333898926e+02 5.4336700439e+02 5.4338397217e+02 5.4340399170e+02 5.4341302490e+02 5.4341900635e+02 5.4342199707e+02 5.4345397949e+02 5.4347302246e+02 5.4348101807e+02 5.4349597168e+02 5.4351000977e+02
5.4250598145e+02 5.4249700928e+02 5.4251898193e+02 5.4257098389e+02 5.4264599609e+02 5.4267797852e+02 5.4267797852e+02 5.4269201660e+02 5.4272198486e+02 5.4273101807e+02 5.4274902344e+02 5.4276098633e+02 5.4277697754e+02 5.4281402588e+02 5.4286700439e+02 5.4291400146e+02 5.4293701172e+02 5.4297302246e+02 5.4300897217e+02 5.4303399658e+02 5.4303601074e+02 5.4305798340e+02 5.4308502197e+02 5.4311102295e+02 5.4314501953e+02 5.4318200684e+02 5.4321697998e+02 5.4324102783e+02 5.4325097656e+02 5.4323999023e+02 5.4324401855e+02 5.4325201416e+02 5.4326501465e+02 5.4328100586e+02 5.4331097412e+02 5.4334301758e+02 5.4335601807e+02 5.4337701416e+02 5.4338299561e+02 5.4339202881e+02 5.4340197754e+02 5.4343200684e+02 5.4345397949e+02 5.4346600342e+02 5.4347698975e+02 5.4348797607e+02
5.4250299072e+02 5.4248699951e+02 5.4250701904e+02 5.4257098389e+02 5.4266400146e+02 5.4269799805e+02 5.4268200684e+02 5.4268402100e+02 5.4271600342e+02 5.4272497559e+02 5.4274102783e+02 5.4274798584e+02 5.4276202393e+02 5.4279498291e+02 5.4284698486e+02 5.4289898682e+02 5.4292199707e+02 5.4295098877e+02 5.4297198486e+02 5.4298602295e+02 5.4299298096e+02 5.4303399658e+02 5.4306597900e+02 5.4308697510e+02 5.4312701416e+02 5.4316601563e+02 5.4320098877e+02 5.4321899414e+02 5.4323101807e+02 5.4322198486e+02 5.4321600342e+02 5.4322497559e+02 5.4324499512e+02 5.4324298096e+02 5.4326800537e+02 5.4329797363e+02 5.4330902100e+02 5.4333898926e+02 5.4334698486e+02 5.4335900879e+02 5.4337500000e+02 5.4341198730e+02 5.4343798828e+02 5.4345501709e+02 5.4346801758e+02 5.4347601318e+02
5.4252502441e+02 5.4249200439e+02 5.4249798584e+02 5.4255902100e+02 5.4268402100e+02 5.4273199463e+02 5.4269000244e+02 5.4266900635e+02 5.4269396973e+02 5.4270898438e+02 5.4272497559e+02 5.4273101807e+02 5.4274902344e+02 5.4278497314e+02 5.4282098389e+02 5.4286199951e+02 5.4288598633e+02 5.4292797852e+02 5.4295001221e+02 5.4295800781e+02 5.4297399902e+02 5.4301800537e+02 5.4305603027e+02 5.4308197021e+02 5.4310998535e+02 5.4315802002e+02 5.4318298340e+02 5.4319201660e+02 5.4320300293e+02 5.4320599365e+02 5.4319897461e+02 5.4321099854e+02 5.4323498535e+02 5.4323101807e+02 5.4324200439e+02 5.4326702881e+02 5.4328399658e+02 5.4331201172e+02 5.4331201172e+02 5.4332800293e+02 5.4334997559e+02 5.4339501953e+02 5.4343298340e+02 5.4345599365e+02 5.4347100830e+02 5.4348498535e+02
5.4253802490e+02 5.4250299072e+02 5.4246301270e+02 5.4248400879e+02 5.4260998535e+02 5.4269396973e+02 5.4267999268e+02 5.4266601563e+02 5.4269097900e+02 5.4270898438e+02 5.4272100830e+02 5.4271997070e+02 5.4273797607e+02 5.4276800537e+02 5.4279998779e+02 5.4284698486e+02 5.4288098145e+02 5.4291802979e+02 5.4294201660e+02 5.4295501709e+02 5.4296697998e+02 5.4300097656e+02 5.4303399658e+02 5.4306896973e+02 5.4309997559e+02 5.4313397217e+02 5.4315899658e+02 5.4317199707e+02 5.4317498779e+02 5.4317700195e+02 5.4318298340e+02 5.4319598389e+02 5.4321899414e+02 5.4319799805e+02 5.4320098877e+02 5.4323101807e+02 5.4325201416e+02 5.4327301025e+02 5.4327899170e+02 5.4329101563e+02 5.4332000732e+02 5.4335400391e+02 5.4340197754e+02 5.4344500732e+02 5.4347100830e+02 5.4349102783e+02
5.4256597900e+02 5.4253002930e+02 5.4246697998e+02 5.4246301270e+02 5.4256896973e+02 5.4266497803e+02 5.4266497803e+02 5.4265301514e+02 5.4268298340e+02 5.4270599365e+02 5.4272100830e+02 5.4272198486e+02 5.4273699951e+02 5.4275201416e+02 5.4278100586e+02 5.4284002686e+02 5.4288800049e+02 5.4291302490e+02 5.4292797852e+02 5.4294396973e+02 5.4296301270e+02 5.4298901367e+02 5.4301397705e+02 5.4305297852e+02 5.4308801270e+02 5.4310998535e+02 5.4313397217e+02 5.4315197754e+02 5.4315802002e+02 5.4316302490e+02 5.4317401123e+02 5.4317901611e+02 5.4319897461e+02 5.4318597412e+02 5.4319000244e+02 5.4321099854e+02 5.4323400879e+02 5.4325701904e+02 5.4326800537e+02 5.4327697754e+02 5.4331597900e+02 5.4333898926e+02 5.4338500977e+02 5.4343103027e+02 5.4345501709e+02 5.4346899414e+02
5.4257397461e+02 5.4255499268e+02 5.4249200439e+02 5.4248297119e+02 5.4259997559e+02 5.4269201660e+02 5.4266302490e+02 5.4264099121e+02 5.4268103027e+02 5.4270300293e+02 5.4271502686e+02 5.4271398926e+02 5.4273901367e+02 5.4275201416e+02 5.4277600098e+02 5.4283001709e+02 5.4287597656e+02 5.4289501953e+02 5.4291497803e+02 5.4293701172e+02 5.4295397949e+02 5.4297900391e+02 5.4299298096e+02 5.4302600098e+02 5.4306402588e+02 5.4308697510e+02 5.4311499023e+02 5.4313201904e+02 5.4314001465e+02 5.4315100098e+02 5.4315600586e+02 5.4315197754e+02 5.4316802979e+02 5.4317297363e+02 5.4319299316e+02 5.4321301270e+02 5.4322998047e+02 5.4325097656e+02 5.4326599121e+02 5.4328802490e+02 5.4333099365e+02 5.4334600830e+02 5.4338397217e+02 5.4341802979e+02 5.4344097900e+02 5.4345599365e+02
5.4256201172e+02 5.4255798340e+02 5.4250500488e+02 5.4250097656e+02 5.4263500977e+02 5.4271502686e+02 5.4265399170e+02 5.4263500977e+02 5.4267401123e+02 5.4269299316e+02 5.4269702148e+02 5.4270300293e+02 5.4273101807e+02 5.4275799561e+02 5.4278497314e+02 5.4282299805e+02 5.4285601807e+02 5.4288000488e+02 5.4292102051e+02 5.4295800781e+02 5.4296697998e+02 5.4298797607e+02 5.4298999023e+02 5.4301300049e+02 5.4305700684e+02 5.4308001709e+02 5.4310302734e+02 5.4311199951e+02 5.4312298584e+02 5.4312500000e+02 5.4313000488e+02 5.4312500000e+02 5.4314398193e+02 5.4315502930e+02 5.4318200684e+02 5.4321099854e+02 5.4322198486e+02 5.4324700928e+02 5.4328002930e+02 5.4330297852e+02 5.4331402588e+02 5.4335198975e+02 5.4338397217e+02 5.4340802002e+02 5.4343597412e+02 5.4345202637e+02
5.4257299805e+02 5.4256097412e+02 5.4251098633e+02 5.4251599121e+02 5.4264001465e+02 5.4265997314e+02 5.4263299561e+02 5.4264697266e+02 5.4266802979e+02 5.4268402100e+02 5.4268798828e+02 5.4269097900e+02 5.4271899414e+02 5.4275500488e+02 5.4278601074e+02 5.4281597900e+02 5.4286499023e+02 5.4288598633e+02 5.4292297363e+02 5.4296002197e+02 5.4296197510e+02 5.4297998047e+02 5.4298101807e+02 5.4300201416e+02 5.4304199219e+02 5.4306799316e+02 5.4309002686e+02 5.4309301758e+02 5.4310699463e+02 5.4310400391e+02 5.4311798096e+02 5.4311901855e+02 5.4313598633e+02 5.4314300537e+02 5.4317297363e+02 5.4319799805e+02 5.4320697021e+02 5.4324401855e+02 5.4327697754e+02 5.4330401611e+02 5.4331298828e+02 5.4335101318e+02 5.4338500977e+02 5.4340301514e+02 5.4342797852e+02 5.4344702148e+02
5.4257299805e+02 5.4253198242e+02 5.4251599121e+02 5.4258099365e+02 5.4268701172e+02 5.4265698242e+02 5.4264099121e+02 5.4265502930e+02 5.4265899658e+02 5.4267700195e+02 5.4269598389e+02 5.4270397949e+02 5.4271801758e+02 5.4275201416e+02 5.4278698730e+02 5.4281201172e+02 5.4285302734e+02 5.4289001465e+02 5.4292498779e+02 5.4295098877e+02 5.4295001221e+02 5.4296997070e+02 5.4297497559e+02 5.4299597168e+02 5.4303497314e+02 5.4304901123e+02 5.4306500244e+02 5.4306597900e+02 5.4307897949e+02 5.4307702637e+02 5.4309899902e+02 5.4310998535e+02 5.4312701416e+02 5.4313397217e+02 5.4316101074e+02 5.4318402100e+02 5.4320202637e+02 5.4324798584e+02 5.4327099609e+02 5.4329400635e+02 5.4330999756e+02 5.4334100342e+02 5.4337597656e+02 5.4340002441e+02 5.4342797852e+02 5.4344702148e+02
5.4255297852e+02 5.4249200439e+02 5.4253002930e+02 5.4263598633e+02 5.4268597412e+02 5.4264898682e+02 5.4264801025e+02 5.4266101074e+02 5.4266802979e+02 5.4268597412e+02 5.4271002197e+02 5.4271899414e+02 5.4272900391e+02 5.4276300049e+02 5.4280200195e+02 5.4281799316e+02 5.4283801270e+02 5.4288702393e+02 5.4292401123e+02 5.4294799805e+02 5.4295300293e+02 5.4296801758e+02 5.4297601318e+02 5.4299700928e+02 5.4303601074e+02 5.4304302979e+02 5.4304699707e+02 5.4304797363e+02 5.4306597900e+02 5.4306597900e+02 5.4308801270e+02 5.4310198975e+02 5.4312500000e+02 5.4313098145e+02 5.4315002441e+02 5.4317401123e+02 5.4319799805e+02 5.4324597168e+02 5.4326898193e+02 5.4329498291e+02 5.4330798340e+02 5.4333099365e+02 5.4336102295e+02 5.4339099121e+02 5.4342999268e+02 5.4345098877e+02
5.4254302979e+02 5.4252197266e+02 5.4258898926e+02 5.4267498779e+02 5.4265600586e+02 5.4265301514e+02 5.4265100098e+02 5.4265997314e+02 5.4269097900e+02 5.4270098877e+02 5.4271502686e+02 5.4271899414e+02 5.4273101807e+02 5.4276000977e+02 5.4279699707e+02 5.4282202148e+02 5.4284399414e+02 5.4287799072e+02 5.4291900635e+02 5.4294598389e+02 5.4295300293e+02 5.4297698975e+02 5.4299401855e+02 5.4300299072e+02 5.4302099609e+02 5.4303601074e+02 5.4302801514e+02 5.4303198242e+02 5.4306701660e+02 5.4306597900e+02 5.4307501221e+02 5.4309197998e+02 5.4311798096e+02 5.4311499023e+02 5.4313702393e+02 5.4317602539e+02 5.4321301270e+02 5.4323602295e+02 5.4326599121e+02 5.4330297852e+02 5.4332000732e+02 5.4334197998e+02 5.4336401367e+02 5.4339501953e+02 5.4342999268e+02 5.4345697021e+02
5.4267901611e+02 5.4264001465e+02 5.4262298584e+02 5.4265301514e+02 5.4265002441e+02 5.4265301514e+02 5.4265399170e+02 5.4266699219e+02 5.4269500732e+02 5.4271697998e+02 5.4273797607e+02 5.4274798584e+02 5.4276397705e+02 5.4277600098e+02 5.4278900146e+02 5.4280499268e+02 5.4283001709e+02 5.4286499023e+02 5.4290899658e+02 5.4293298340e+02 5.4294897461e+02 5.4298101807e+02 5.4299700928e+02 5.4300299072e+02 5.4301898193e+02 5.4303601074e+02 5.4303002930e+02 5.4303497314e+02 5.4306799316e+02 5.4305297852e+02 5.4306298828e+02 5.4308599854e+02 5.4310699463e+02 5.4311499023e+02 5.4315502930e+02 5.4318701172e+02 5.4321398926e+02 5.4324798584e+02 5.4326599121e+02 5.4329400635e+02 5.4333599854e+02 5.4337597656e+02 5.4339501953e+02 5.4341400146e+02 5.4344396973e+02 5.4346899414e+02
5.4269500732e+02 5.4265301514e+02 5.4261999512e+02 5.4262298584e+02 5.4262799072e+02 5.4264202881e+02 5.4265899658e+02 5.4267401123e+02 5.4269097900e+02 5.4271002197e+02 5.4273498535e+02 5.4275500488e+02 5.4277697754e+02 5.4279199219e+02 5.4279602051e+02 5.4279998779e+02 5.4282702637e+02 5.4285900879e+02 5.4290600586e+02 5.4293597412e+02 5.4294897461e+02 5.4298101807e+02 5.4299700928e+02 5.4300299072e+02 5.4301202393e+02 5.4302600098e+02 5.4302801514e+02 5.4302899170e+02 5.4305603027e+02 5.4304797363e+02 5.4305798340e+02 5.4308001709e+02 5.4310699463e+02 5.4312500000e+02 5.4316998291e+02 5.4320202637e+02 5.4320898438e+02 5.4324597168e+02 5.4326800537e+02 5.4329699707e+02 5.4334698486e+02 5.4339001465e+02 5.4341302490e+02 5.4343200684e+02 5.4346197510e+02 5.4348400879e+02
5.4259497070e+02 5.4258898926e+02 5.4259497070e+02 5.4260498047e+02 5.4260900879e+02 5.4263397217e+02 5.4265698242e+02 5.4267700195e+02 5.4269299316e+02 5.4270202637e+02 5.4272399902e+02 5.4274499512e+02 5.4276501465e+02 5.4278900146e+02 5.4280401611e+02 5.4281298828e+02 5.4284100342e+02 5.4285797119e+02 5.4288500977e+02 5.4291900635e+02 5.4294702148e+02 5.4297497559e+02 5.4298797607e+02 5.4299401855e+02 5.4299902344e+02 5.4301501465e+02 5.4302398682e+02 5.4302899170e+02 5.4304699707e+02 5.4304699707e+02 5.4306402588e+02 5.4308300781e+02 5.4311700439e+02 5.4312200928e+02 5.4315698242e+02 5.4319500732e+02 5.4320501709e+02 5.4325299072e+02 5.4329302979e+02 5.4332299805e+02 5.4335400391e+02 5.4339300537e+02 5.4341998291e+02 5.4343902588e+02 5.4346997070e+02 5.4348797607e+02
