TESTSERVER/2/15.asc
NCOLS 100
NROWS 100
XLLCORNER 7.5997500000e+03
YLLCORNER 2.8920025000e+05
CELLSIZE 5.0000000000e-01
NODATA_VALUE -9.9990000000e+03
[rows 0 to 19 of 100, columns 46 to 91 of 100]
5.4438598633e+02 5.4438702393e+02 5.4442999268e+02 5.4449700928e+02 5.4455603027e+02 5.4463500977e+02 5.4475897217e+02 5.4481896973e+02 5.4485699463e+02 5.4489697266e+02 5.4497100830e+02 5.4519097900e+02 5.4546801758e+02 5.4578302002e+02 5.4624902344e+02 5.4644396973e+02 5.4660998535e+02 5.4671398926e+02 5.4678002930e+02 5.4677197266e+02 5.4679302979e+02 5.4681500244e+02 5.4683197021e+02 5.4688397217e+02 5.4693597412e+02 5.4699499512e+02 5.4706799316e+02 5.4714398193e+02 5.4720501709e+02 5.4726599121e+02 5.4733502197e+02 5.4738800049e+02 5.4743902588e+02 5.4748602295e+02 5.4752899170e+02 5.4754302979e+02 5.4756298828e+02 5.4757800293e+02 5.4758398438e+02 5.4758502197e+02 5.4760198975e+02 5.4762298584e+02 5.4765002441e+02 5.4767700195e+02 5.4770098877e+02 5.4772399902e+02
5.4430102539e+02 5.4433001709e+02 5.4437298584e+02 5.4444097900e+02 5.4449700928e+02 5.4456298828e+02 5.4465997314e+02 5.4471997070e+02 5.4475299072e+02 5.4480902100e+02 5.4502197266e+02 5.4539202881e+02 5.4571899414e+02 5.4606402588e+02 5.4644396973e+02 5.4669299316e+02 5.4683801270e+02 5.4690997314e+02 5.4689898682e+02 5.4685900879e+02 5.4684698486e+02 5.4684698486e+02 5.4686602783e+02 5.4690600586e+02 5.4694396973e+02 5.4698999023e+02 5.4705200195e+02 5.4711401367e+02 5.4717199707e+02 5.4723199463e+02 5.4729400635e+02 5.4734698486e+02 5.4739697266e+02 5.4744500732e+02 5.4748400879e+02 5.4750500488e+02 5.4752600098e+02 5.4754302979e+02 5.4754998779e+02 5.4755999756e+02 5.4757702637e+02 5.4759600830e+02 5.4761999512e+02 5.4764599609e+02 5.4767102051e+02 5.4769500732e+02
5.4424298096e+02 5.4427899170e+02 5.4431201172e+02 5.4435998535e+02 5.4441302490e+02 5.4447802734e+02 5.4455603027e+02 5.4464801025e+02 5.4473297119e+02 5.4484002686e+02 5.4513000488e+02 5.4553900146e+02 5.4587701416e+02 5.4623199463e+02 5.4661602783e+02 5.4684997559e+02 5.4698199463e+02 5.4703900146e+02 5.4698901367e+02 5.4691601563e+02 5.4689599609e+02 5.4688702393e+02 5.4688702393e+02 5.4690899658e+02 5.4694097900e+02 5.4698101807e+02 5.4703002930e+02 5.4708197021e+02 5.4713500977e+02 5.4719000244e+02 5.4725000000e+02 5.4730297852e+02 5.4734997559e+02 5.4739501953e+02 5.4743402100e+02 5.4746002197e+02 5.4748297119e+02 5.4750201416e+02 5.4751202393e+02 5.4752502441e+02 5.4754400635e+02 5.4756298828e+02 5.4758599854e+02 5.4761102295e+02 5.4763500977e+02 5.4765997314e+02
5.4420001221e+02 5.4423199463e+02 5.4425701904e+02 5.4429199219e+02 5.4433398438e+02 5.4439099121e+02 5.4447198486e+02 5.4466900635e+02 5.4484197998e+02 5.4500799561e+02 5.4530102539e+02 5.4568798828e+02 5.4602600098e+02 5.4638299561e+02 5.4675201416e+02 5.4695898438e+02 5.4707897949e+02 5.4712298584e+02 5.4704498291e+02 5.4694897461e+02 5.4692102051e+02 5.4690502930e+02 5.4689300537e+02 5.4690399170e+02 5.4692901611e+02 5.4696301270e+02 5.4700299072e+02 5.4704797363e+02 5.4709497070e+02 5.4714599609e+02 5.4720202637e+02 5.4725299072e+02 5.4729797363e+02 5.4734100342e+02 5.4738098145e+02 5.4740997314e+02 5.4743597412e+02 5.4745599365e+02 5.4746997070e+02 5.4748602295e+02 5.4750598145e+02 5.4752697754e+02 5.4754901123e+02 5.4757202148e+02 5.4759698486e+02 5.4762200928e+02
5.4415197754e+02 5.4417901611e+02 5.4421697998e+02 5.4425000000e+02 5.4426501465e+02 5.4428100586e+02 5.4441802979e+02 5.4476599121e+02 5.4506597900e+02 5.4531799316e+02 5.4561901855e+02 5.4587200928e+02 5.4616900635e+02 5.4646600342e+02 5.4678997803e+02 5.4703900146e+02 5.4713500977e+02 5.4716802979e+02 5.4707397461e+02 5.4695397949e+02 5.4691998291e+02 5.4689398193e+02 5.4687701416e+02 5.4689099121e+02 5.4690600586e+02 5.4692901611e+02 5.4696600342e+02 5.4701501465e+02 5.4705499268e+02 5.4709698486e+02 5.4714398193e+02 5.4719702148e+02 5.4723797607e+02 5.4727801514e+02 5.4731097412e+02 5.4735198975e+02 5.4738299561e+02 5.4740997314e+02 5.4742700195e+02 5.4743902588e+02 5.4746002197e+02 5.4748101807e+02 5.4749798584e+02 5.4752801514e+02 5.4755401611e+02 5.4758099365e+02
5.4410302734e+02 5.4411499023e+02 5.4414398193e+02 5.4418902588e+02 5.4420098877e+02 5.4421600342e+02 5.4445599365e+02 5.4483898926e+02 5.4517102051e+02 5.4546197510e+02 5.4572998047e+02 5.4601898193e+02 5.4627301025e+02 5.4650701904e+02 5.4678601074e+02 5.4698400879e+02 5.4706298828e+02 5.4709197998e+02 5.4701397705e+02 5.4692498779e+02 5.4689599609e+02 5.4686798096e+02 5.4685101318e+02 5.4686199951e+02 5.4687402344e+02 5.4689501953e+02 5.4693402100e+02 5.4697900391e+02 5.4701501465e+02 5.4705297852e+02 5.4709497070e+02 5.4713897705e+02 5.4717797852e+02 5.4721801758e+02 5.4725598145e+02 5.4729101563e+02 5.4732501221e+02 5.4735699463e+02 5.4737701416e+02 5.4739099121e+02 5.4741302490e+02 5.4743499756e+02 5.4745599365e+02 5.4748199463e+02 5.4750897217e+02 5.4753802490e+02
5.4406298828e+02 5.4405401611e+02 5.4406896973e+02 5.4410797119e+02 5.4413000488e+02 5.4416998291e+02 5.4445001221e+02 5.4487902832e+02 5.4521801758e+02 5.4551800537e+02 5.4578997803e+02 5.4607000732e+02 5.4631799316e+02 5.4654400635e+02 5.4676702881e+02 5.4691198730e+02 5.4698699951e+02 5.4701098633e+02 5.4695202637e+02 5.4688800049e+02 5.4686199951e+02 5.4683697510e+02 5.4681701660e+02 5.4682299805e+02 5.4683697510e+02 5.4686102295e+02 5.4689697266e+02 5.4693701172e+02 5.4697198486e+02 5.4700799561e+02 5.4704602051e+02 5.4708502197e+02 5.4712402344e+02 5.4716400146e+02 5.4720202637e+02 5.4723797607e+02 5.4727197266e+02 5.4730297852e+02 5.4732702637e+02 5.4734600830e+02 5.4736999512e+02 5.4739300537e+02 5.4741400146e+02 5.4744000244e+02 5.4746697998e+02 5.4749700928e+02
5.4403497314e+02 5.4401898193e+02 5.4402899170e+02 5.4404602051e+02 5.4406201172e+02 5.4410900879e+02 5.4439801025e+02 5.4486798096e+02 5.4521002197e+02 5.4551599121e+02 5.4579797363e+02 5.4607702637e+02 5.4632202148e+02 5.4654498291e+02 5.4673498535e+02 5.4684497070e+02 5.4691497803e+02 5.4693701172e+02 5.4688702393e+02 5.4683898926e+02 5.4681701660e+02 5.4679498291e+02 5.4677301025e+02 5.4677697754e+02 5.4679400635e+02 5.4682000732e+02 5.4685498047e+02 5.4689099121e+02 5.4692498779e+02 5.4696099854e+02 5.4699499512e+02 5.4703302002e+02 5.4707098389e+02 5.4710998535e+02 5.4715002441e+02 5.4718597412e+02 5.4721997070e+02 5.4725201416e+02 5.4727899170e+02 5.4730200195e+02 5.4732598877e+02 5.4734997559e+02 5.4737200928e+02 5.4739801025e+02 5.4742602539e+02 5.4745599365e+02
5.4401202393e+02 5.4401098633e+02 5.4401898193e+02 5.4400701904e+02 5.4401202393e+02 5.4407098389e+02 5.4432800293e+02 5.4478497314e+02 5.4513201904e+02 5.4546697998e+02 5.4576000977e+02 5.4601000977e+02 5.4626501465e+02 5.4649902344e+02 5.4668597412e+02 5.4678399658e+02 5.4685302734e+02 5.4687701416e+02 5.4684399414e+02 5.4677398682e+02 5.4674902344e+02 5.4672698975e+02 5.4670501709e+02 5.4672601318e+02 5.4674499512e+02 5.4677099609e+02 5.4680700684e+02 5.4684399414e+02 5.4688000488e+02 5.4691699219e+02 5.4695397949e+02 5.4697998047e+02 5.4701898193e+02 5.4705902100e+02 5.4710498047e+02 5.4713897705e+02 5.4717199707e+02 5.4720300293e+02 5.4722998047e+02 5.4725500488e+02 5.4728100586e+02 5.4730499268e+02 5.4732598877e+02 5.4735302734e+02 5.4738299561e+02 5.4741400146e+02
5.4398602295e+02 5.4399401855e+02 5.4401000977e+02 5.4398498535e+02 5.4400000000e+02 5.4408599854e+02 5.4432800293e+02 5.4470501709e+02 5.4502600098e+02 5.4535498047e+02 5.4566900635e+02 5.4592602539e+02 5.4618200684e+02 5.4641601563e+02 5.4661798096e+02 5.4672302246e+02 5.4679199219e+02 5.4681896973e+02 5.4677197266e+02 5.4670300293e+02 5.4667797852e+02 5.4665802002e+02 5.4665197754e+02 5.4666900635e+02 5.4668701172e+02 5.4671301270e+02 5.4674902344e+02 5.4678698730e+02 5.4682397461e+02 5.4686297607e+02 5.4689697266e+02 5.4692901611e+02 5.4696997070e+02 5.4701098633e+02 5.4705499268e+02 5.4709197998e+02 5.4712597656e+02 5.4715802002e+02 5.4718402100e+02 5.4720800781e+02 5.4723498535e+02 5.4726202393e+02 5.4728497314e+02 5.4731097412e+02 5.4734197998e+02 5.4737597656e+02
5.4396002197e+02 5.4397900391e+02 5.4400598145e+02 5.4398999023e+02 5.4401800537e+02 5.4411499023e+02 5.4435302734e+02 5.4467999268e+02 5.4496697998e+02 5.4526397705e+02 5.4558697510e+02 5.4586999512e+02 5.4611602783e+02 5.4634197998e+02 5.4653997803e+02 5.4664599609e+02 5.4671301270e+02 5.4673901367e+02 5.4669097900e+02 5.4663000488e+02 5.4661297607e+02 5.4659997559e+02 5.4659399414e+02 5.4660601807e+02 5.4662500000e+02 5.4665100098e+02 5.4668597412e+02 5.4672399902e+02 5.4676098633e+02 5.4679901123e+02 5.4683697510e+02 5.4687500000e+02 5.4691601563e+02 5.4695898438e+02 5.4700299072e+02 5.4704101563e+02 5.4707702637e+02 5.4710998535e+02 5.4713800049e+02 5.4716400146e+02 5.4719201660e+02 5.4722100830e+02 5.4724597168e+02 5.4727502441e+02 5.4730798340e+02 5.4734301758e+02
5.4394897461e+02 5.4397698975e+02 5.4400897217e+02 5.4401098633e+02 5.4405902100e+02 5.4417498779e+02 5.4440399170e+02 5.4467901611e+02 5.4493298340e+02 5.4519897461e+02 5.4551397705e+02 5.4580603027e+02 5.4604199219e+02 5.4625897217e+02 5.4644897461e+02 5.4655499268e+02 5.4662097168e+02 5.4664501953e+02 5.4659899902e+02 5.4654998779e+02 5.4653997803e+02 5.4653399658e+02 5.4653002930e+02 5.4653900146e+02 5.4655902100e+02 5.4658502197e+02 5.4661999512e+02 5.4665698242e+02 5.4669396973e+02 5.4673199463e+02 5.4677301025e+02 5.4681597900e+02 5.4685900879e+02 5.4690399170e+02 5.4694897461e+02 5.4698797607e+02 5.4702697754e+02 5.4706298828e+02 5.4709197998e+02 5.4712097168e+02 5.4715197754e+02 5.4718200684e+02 5.4721002197e+02 5.4724298096e+02 5.4727801514e+02 5.4731597900e+02
5.4395599365e+02 5.4398699951e+02 5.4402697754e+02 5.4406298828e+02 5.4414398193e+02 5.4426599121e+02 5.4448999023e+02 5.4473999023e+02 5.4495397949e+02 5.4517102051e+02 5.4543103027e+02 5.4571801758e+02 5.4593200684e+02 5.4613299561e+02 5.4631097412e+02 5.4644097900e+02 5.4650598145e+02 5.4653802490e+02 5.4651000977e+02 5.4646301270e+02 5.4646301270e+02 5.4646502686e+02 5.4646801758e+02 5.4647497559e+02 5.4649298096e+02 5.4651702881e+02 5.4654901123e+02 5.4658599854e+02 5.4662200928e+02 5.4666101074e+02 5.4670300293e+02 5.4675000000e+02 5.4679699707e+02 5.4684399414e+02 5.4689001465e+02 5.4693298340e+02 5.4697601318e+02 5.4701800537e+02 5.4705603027e+02 5.4708099365e+02 5.4711499023e+02 5.4714898682e+02 5.4718200684e+02 5.4721502686e+02 5.4725299072e+02 5.4729101563e+02
5.4395800781e+02 5.4399499512e+02 5.4405200195e+02 5.4413500977e+02 5.4423699951e+02 5.4436199951e+02 5.4455499268e+02 5.4480200195e+02 5.4499298096e+02 5.4517602539e+02 5.4539202881e+02 5.4562200928e+02 5.4580999756e+02 5.4598999023e+02 5.4617297363e+02 5.4628100586e+02 5.4634698486e+02 5.4638897705e+02 5.4638201904e+02 5.4636199951e+02 5.4637097168e+02 5.4637799072e+02 5.4638598633e+02 5.4640502930e+02 5.4642401123e+02 5.4644702148e+02 5.4647497559e+02 5.4651000977e+02 5.4654797363e+02 5.4659002686e+02 5.4663500977e+02 5.4668103027e+02 5.4672900391e+02 5.4677899170e+02 5.4682897949e+02 5.4687500000e+02 5.4692199707e+02 5.4696997070e+02 5.4701098633e+02 5.4704498291e+02 5.4708398438e+02 5.4712298584e+02 5.4715997314e+02 5.4719799805e+02 5.4723797607e+02 5.4727801514e+02
5.4395599365e+02 5.4399700928e+02 5.4406896973e+02 5.4417199707e+02 5.4428997803e+02 5.4443103027e+02 5.4461102295e+02 5.4481799316e+02 5.4499700928e+02 5.4516802979e+02 5.4535198975e+02 5.4554498291e+02 5.4571600342e+02 5.4588098145e+02 5.4604101563e+02 5.4614001465e+02 5.4620697021e+02 5.4625000000e+02 5.4625799561e+02 5.4625799561e+02 5.4627301025e+02 5.4628601074e+02 5.4630102539e+02 5.4632299805e+02 5.4634497070e+02 5.4637097168e+02 5.4639801025e+02 5.4643499756e+02 5.4647497559e+02 5.4651898193e+02 5.4656701660e+02 5.4661401367e+02 5.4666400146e+02 5.4671502686e+02 5.4676702881e+02 5.4681701660e+02 5.4686798096e+02 5.4691900635e+02 5.4696600342e+02 5.4700897217e+02 5.4705297852e+02 5.4709698486e+02 5.4714001465e+02 5.4718200684e+02 5.4722497559e+02 5.4726599121e+02
5.4395501709e+02 5.4399798584e+02 5.4407897949e+02 5.4419702148e+02 5.4432800293e+02 5.4448199463e+02 5.4465399170e+02 5.4482800293e+02 5.4499499512e+02 5.4515399170e+02 5.4530902100e+02 5.4546997070e+02 5.4562597656e+02 5.4577502441e+02 5.4591699219e+02 5.4601000977e+02 5.4607800293e+02 5.4612298584e+02 5.4613897705e+02 5.4615301514e+02 5.4617401123e+02 5.4619299316e+02 5.4621197510e+02 5.4623699951e+02 5.4626202393e+02 5.4628900146e+02 5.4631896973e+02 5.4635797119e+02 5.4640197754e+02 5.4644799805e+02 5.4649902344e+02 5.4654797363e+02 5.4659802246e+02 5.4665100098e+02 5.4670599365e+02 5.4676000977e+02 5.4681500244e+02 5.4686798096e+02 5.4692199707e+02 5.4697302246e+02 5.4702301025e+02 5.4707299805e+02 5.4712097168e+02 5.4716699219e+02 5.4721197510e+02 5.4725598145e+02
5.4395501709e+02 5.4400201416e+02 5.4409002686e+02 5.4421002197e+02 5.4434698486e+02 5.4450402832e+02 5.4468298340e+02 5.4484197998e+02 5.4498498535e+02 5.4511798096e+02 5.4524200439e+02 5.4539697266e+02 5.4553002930e+02 5.4565997314e+02 5.4578698730e+02 5.4588800049e+02 5.4595300293e+02 5.4599902344e+02 5.4601800537e+02 5.4604400635e+02 5.4607202148e+02 5.4609899902e+02 5.4611901855e+02 5.4614300537e+02 5.4617199707e+02 5.4620501709e+02 5.4624102783e+02 5.4628100586e+02 5.4632897949e+02 5.4637902832e+02 5.4642999268e+02 5.4647998047e+02 5.4653302002e+02 5.4658697510e+02 5.4664099121e+02 5.4670001221e+02 5.4675897217e+02 5.4681896973e+02 5.4688098145e+02 5.4693902588e+02 5.4699798584e+02 5.4705603027e+02 5.4711499023e+02 5.4715600586e+02 5.4720501709e+02 5.4725097656e+02
5.4395800781e+02 5.4401501465e+02 5.4411499023e+02 5.4423498535e+02 5.4436401367e+02 5.4451098633e+02 5.4468701172e+02 5.4484100342e+02 5.4496801758e+02 5.4508300781e+02 5.4520599365e+02 5.4534002686e+02 5.4545800781e+02 5.4557598877e+02 5.4569799805e+02 5.4578100586e+02 5.4584100342e+02 5.4588598633e+02 5.4591198730e+02 5.4593597412e+02 5.4596600342e+02 5.4599499512e+02 5.4601702881e+02 5.4604199219e+02 5.4607501221e+02 5.4611401367e+02 5.4615399170e+02 5.4620098877e+02 5.4625299072e+02 5.4630700684e+02 5.4635998535e+02 5.4641302490e+02 5.4646899414e+02 5.4652502441e+02 5.4658001709e+02 5.4663897705e+02 5.4670300293e+02 5.4676898193e+02 5.4683697510e+02 5.4690301514e+02 5.4696899414e+02 5.4703399658e+02 5.4709301758e+02 5.4714398193e+02 5.4719598389e+02 5.4724401855e+02
5.4396899414e+02 5.4403399658e+02 5.4413500977e+02 5.4424700928e+02 5.4437298584e+02 5.4451599121e+02 5.4467999268e+02 5.4482202148e+02 5.4494396973e+02 5.4505700684e+02 5.4516497803e+02 5.4528198242e+02 5.4539300537e+02 5.4550201416e+02 5.4560900879e+02 5.4568298340e+02 5.4573999023e+02 5.4578399658e+02 5.4580999756e+02 5.4583398438e+02 5.4586401367e+02 5.4589300537e+02 5.4591802979e+02 5.4594702148e+02 5.4598199463e+02 5.4602197266e+02 5.4606799316e+02 5.4612097168e+02 5.4617602539e+02 5.4623297119e+02 5.4628997803e+02 5.4634698486e+02 5.4640502930e+02 5.4646301270e+02 5.4652099609e+02 5.4658398438e+02 5.4665100098e+02 5.4672100830e+02 5.4679498291e+02 5.4686700439e+02 5.4693701172e+02 5.4700500488e+02 5.4707098389e+02 5.4712799072e+02 5.4718402100e+02 5.4723498535e+02
5.4397802734e+02 5.4404602051e+02 5.4414099121e+02 5.4424700928e+02 5.4436798096e+02 5.4450701904e+02 5.4466101074e+02 5.4479302979e+02 5.4491198730e+02 5.4502001953e+02 5.4511700439e+02 5.4521899414e+02 5.4532202148e+02 5.4542401123e+02 5.4552001953e+02 5.4558697510e+02 5.4564300537e+02 5.4568499756e+02 5.4571002197e+02 5.4573602295e+02 5.4576501465e+02 5.4579400635e+02 5.4582098389e+02 5.4585400391e+02 5.4589099121e+02 5.4593298340e+02 5.4598400879e+02 5.4604302979e+02 5.4609997559e+02 5.4615997314e+02 5.4622100830e+02 5.4628198242e+02 5.4634100342e+02 5.4640197754e+02 5.4646197510e+02 5.4653100586e+02 5.4660198975e+02 5.4667498779e+02 5.4675402832e+02 5.4683197021e+02 5.4690502930e+02 5.4697698975e+02 5.4704901123e+02 5.4711297607e+02 5.4717102051e+02 5.4722497559e+02
