TESTSERVER/2/18.asc
NCOLS 100
NROWS 100
XLLCORNER 7.5997500000e+03
YLLCORNER 2.8905025000e+05
CELLSIZE 5.0000000000e-01
NODATA_VALUE -9.9990000000e+03
[rows 40 to 59 of 100, columns 0 to 45 of 100]
5.4000701904e+02 5.4001599121e+02 5.4003002930e+02 5.4004101563e+02 5.4006402588e+02 5.4007299805e+02 5.4008398438e+02 5.4009698486e+02 5.4010101318e+02 5.4013397217e+02 5.4015002441e+02 5.4017102051e+02 5.4026397705e+02 5.4050201416e+02 5.4074102783e+02 5.4090698242e+02 5.4095098877e+02 5.4096801758e+02 5.4101599121e+02 5.4106896973e+02 5.4112402344e+02 5.4116101074e+02 5.4116302490e+02 5.4115600586e+02 5.4118200684e+02 5.4120898438e+02 5.4123199463e+02 5.4125598145e+02 5.4127197266e+02 5.4128698730e+02 5.4129901123e+02 5.4132897949e+02 5.4137701416e+02 5.4141101074e+02 5.4145001221e+02 5.4148602295e+02 5.4150799561e+02 5.4150799561e+02 5.4150598145e+02 5.4150299072e+02 5.4149401855e+02 5.4147100830e+02 5.4147302246e+02 5.4150097656e+02 5.4150402832e+02 5.4151098633e+02
5.4000799561e+02 5.4001300049e+02 5.4001898193e+02 5.4003002930e+02 5.4004602051e+02 5.4006298828e+02 5.4008099365e+02 5.4008697510e+02 5.4008801270e+02 5.4012097168e+02 5.4013201904e+02 5.4014801025e+02 5.4020098877e+02 5.4035101318e+02 5.4058197021e+02 5.4079901123e+02 5.4089801025e+02 5.4094897461e+02 5.4100500488e+02 5.4104998779e+02 5.4109698486e+02 5.4113702393e+02 5.4114697266e+02 5.4113500977e+02 5.4114398193e+02 5.4117797852e+02 5.4120898438e+02 5.4123199463e+02 5.4124102783e+02 5.4124102783e+02 5.4123999023e+02 5.4127697754e+02 5.4134997559e+02 5.4138800049e+02 5.4142700195e+02 5.4145898438e+02 5.4148297119e+02 5.4149298096e+02 5.4149700928e+02 5.4149902344e+02 5.4149700928e+02 5.4147497559e+02 5.4146997070e+02 5.4148199463e+02 5.4148297119e+02 5.4151599121e+02
5.4000402832e+02 5.4000402832e+02 5.4000500488e+02 5.4001898193e+02 5.4003399658e+02 5.4005401611e+02 5.4007397461e+02 5.4007800293e+02 5.4007299805e+02 5.4010302734e+02 5.4012200928e+02 5.4013598633e+02 5.4016101074e+02 5.4023901367e+02 5.4043200684e+02 5.4065899658e+02 5.4082098389e+02 5.4090997314e+02 5.4098101807e+02 5.4103302002e+02 5.4107702637e+02 5.4112500000e+02 5.4114300537e+02 5.4113000488e+02 5.4112799072e+02 5.4115698242e+02 5.4118200684e+02 5.4120001221e+02 5.4121197510e+02 5.4120697021e+02 5.4120397949e+02 5.4124902344e+02 5.4133300781e+02 5.4136700439e+02 5.4140002441e+02 5.4142797852e+02 5.4144897461e+02 5.4146502686e+02 5.4147601318e+02 5.4148602295e+02 5.4149499512e+02 5.4147601318e+02 5.4146502686e+02 5.4147399902e+02 5.4148498535e+02 5.4150000000e+02
5.4000000000e+02 5.4000097656e+02 5.4000402832e+02 5.4001898193e+02 5.4003002930e+02 5.4004400635e+02 5.4006402588e+02 5.4007098389e+02 5.4006597900e+02 5.4008697510e+02 5.4010900879e+02 5.4012500000e+02 5.4014202881e+02 5.4018298340e+02 5.4032501221e+02 5.4052899170e+02 5.4071398926e+02 5.4083599854e+02 5.4093103027e+02 5.4100097656e+02 5.4105700684e+02 5.4110998535e+02 5.4113299561e+02 5.4112500000e+02 5.4112597656e+02 5.4114801025e+02 5.4115802002e+02 5.4117297363e+02 5.4119702148e+02 5.4121002197e+02 5.4121899414e+02 5.4126098633e+02 5.4132098389e+02 5.4134197998e+02 5.4136499023e+02 5.4138500977e+02 5.4140197754e+02 5.4142199707e+02 5.4143902588e+02 5.4145501709e+02 5.4147601318e+02 5.4146600342e+02 5.4145898438e+02 5.4146801758e+02 5.4146398926e+02 5.4142102051e+02
5.3999401855e+02 5.4000097656e+02 5.4000598145e+02 5.4001397705e+02 5.4001300049e+02 5.4002697754e+02 5.4004797363e+02 5.4006298828e+02 5.4006896973e+02 5.4008398438e+02 5.4009997559e+02 5.4011199951e+02 5.4012500000e+02 5.4014599609e+02 5.4022900391e+02 5.4038800049e+02 5.4056597900e+02 5.4070800781e+02 5.4084301758e+02 5.4095098877e+02 5.4102301025e+02 5.4107800293e+02 5.4110400391e+02 5.4111297607e+02 5.4113500977e+02 5.4114398193e+02 5.4115399170e+02 5.4116998291e+02 5.4118701172e+02 5.4122497559e+02 5.4125500488e+02 5.4128302002e+02 5.4130200195e+02 5.4130401611e+02 5.4131201172e+02 5.4132299805e+02 5.4133001709e+02 5.4135699463e+02 5.4138000488e+02 5.4140698242e+02 5.4144598389e+02 5.4145697021e+02 5.4145599365e+02 5.4143298340e+02 5.4134899902e+02 5.4127001953e+02
5.3999298096e+02 5.3999902344e+02 5.4000097656e+02 5.4000402832e+02 5.4000299072e+02 5.4001000977e+02 5.4003497314e+02 5.4005499268e+02 5.4006799316e+02 5.4008197021e+02 5.4008801270e+02 5.4009600830e+02 5.4011700439e+02 5.4012200928e+02 5.4015002441e+02 5.4024499512e+02 5.4040600586e+02 5.4057202148e+02 5.4075500488e+02 5.4090899658e+02 5.4101397705e+02 5.4107299805e+02 5.4109497070e+02 5.4110198975e+02 5.4111798096e+02 5.4113897705e+02 5.4116198730e+02 5.4118402100e+02 5.4119299316e+02 5.4121099854e+02 5.4122698975e+02 5.4124499512e+02 5.4126397705e+02 5.4125897217e+02 5.4125701904e+02 5.4126202393e+02 5.4127301025e+02 5.4128997803e+02 5.4131201172e+02 5.4133898926e+02 5.4137799072e+02 5.4140802002e+02 5.4138598633e+02 5.4131799316e+02 5.4122802734e+02 5.4115002441e+02
5.3999298096e+02 5.3999597168e+02 5.3999902344e+02 5.4000097656e+02 5.4000000000e+02 5.4000299072e+02 5.4002801514e+02 5.4004998779e+02 5.4006597900e+02 5.4007501221e+02 5.4007598877e+02 5.4008398438e+02 5.4011102295e+02 5.4011297607e+02 5.4011700439e+02 5.4016400146e+02 5.4027899170e+02 5.4046697998e+02 5.4068298340e+02 5.4087701416e+02 5.4101300049e+02 5.4107897949e+02 5.4109497070e+02 5.4109301758e+02 5.4109698486e+02 5.4112597656e+02 5.4116101074e+02 5.4119201660e+02 5.4120001221e+02 5.4120001221e+02 5.4120001221e+02 5.4121002197e+02 5.4122998047e+02 5.4121801758e+02 5.4121099854e+02 5.4121099854e+02 5.4121801758e+02 5.4122900391e+02 5.4124200439e+02 5.4126098633e+02 5.4129400635e+02 5.4131201172e+02 5.4127197266e+02 5.4119097900e+02 5.4110400391e+02 5.4103802490e+02
5.3999200439e+02 5.3999298096e+02 5.3999597168e+02 5.3999902344e+02 5.4000097656e+02 5.4000299072e+02 5.4002197266e+02 5.4004101563e+02 5.4005200195e+02 5.4006701660e+02 5.4006896973e+02 5.4007397461e+02 5.4009698486e+02 5.4010699463e+02 5.4010900879e+02 5.4013000488e+02 5.4019201660e+02 5.4037701416e+02 5.4060900879e+02 5.4082800293e+02 5.4098797607e+02 5.4106201172e+02 5.4108099365e+02 5.4107800293e+02 5.4107202148e+02 5.4110400391e+02 5.4115399170e+02 5.4119097900e+02 5.4119500732e+02 5.4118499756e+02 5.4117498779e+02 5.4118103027e+02 5.4119702148e+02 5.4117901611e+02 5.4116802979e+02 5.4116400146e+02 5.4116601563e+02 5.4116699219e+02 5.4116998291e+02 5.4117901611e+02 5.4119500732e+02 5.4118402100e+02 5.4113500977e+02 5.4106402588e+02 5.4099597168e+02 5.4094799805e+02
5.3999700928e+02 5.3999200439e+02 5.3999499512e+02 5.3999798584e+02 5.4000201416e+02 5.4000402832e+02 5.4001599121e+02 5.4002502441e+02 5.4003399658e+02 5.4005603027e+02 5.4006896973e+02 5.4008001709e+02 5.4009497070e+02 5.4009600830e+02 5.4010699463e+02 5.4011499023e+02 5.4012799072e+02 5.4027502441e+02 5.4050000000e+02 5.4072900391e+02 5.4088598633e+02 5.4097100830e+02 5.4101898193e+02 5.4104199219e+02 5.4104602051e+02 5.4107702637e+02 5.4113201904e+02 5.4116998291e+02 5.4117700195e+02 5.4116101074e+02 5.4114697266e+02 5.4114801025e+02 5.4115997314e+02 5.4114202881e+02 5.4113000488e+02 5.4112597656e+02 5.4112902832e+02 5.4111798096e+02 5.4110998535e+02 5.4109997559e+02 5.4108300781e+02 5.4105700684e+02 5.4101300049e+02 5.4096301270e+02 5.4092297363e+02 5.4089099121e+02
5.3998498535e+02 5.3998699951e+02 5.3999298096e+02 5.3999401855e+02 5.3999597168e+02 5.4000402832e+02 5.4001300049e+02 5.4002301025e+02 5.4003601074e+02 5.4004302979e+02 5.4005297852e+02 5.4007800293e+02 5.4008398438e+02 5.4008001709e+02 5.4009497070e+02 5.4010601807e+02 5.4010198975e+02 5.4017901611e+02 5.4035101318e+02 5.4055700684e+02 5.4071197510e+02 5.4081402588e+02 5.4091699219e+02 5.4098498535e+02 5.4100500488e+02 5.4103698730e+02 5.4109197998e+02 5.4113397217e+02 5.4114501953e+02 5.4112298584e+02 5.4109698486e+02 5.4109600830e+02 5.4112298584e+02 5.4111102295e+02 5.4110601807e+02 5.4110498047e+02 5.4109301758e+02 5.4107397461e+02 5.4105499268e+02 5.4102801514e+02 5.4099798584e+02 5.4097100830e+02 5.4093402100e+02 5.4089398193e+02 5.4086901855e+02 5.4085998535e+02
5.3997601318e+02 5.3997998047e+02 5.3998999023e+02 5.3999200439e+02 5.3999102783e+02 5.4000097656e+02 5.4000799561e+02 5.4001800537e+02 5.4003100586e+02 5.4004199219e+02 5.4004901123e+02 5.4006799316e+02 5.4007501221e+02 5.4007397461e+02 5.4008502197e+02 5.4009399414e+02 5.4009301758e+02 5.4011999512e+02 5.4022601318e+02 5.4038000488e+02 5.4052801514e+02 5.4067901611e+02 5.4082598877e+02 5.4093103027e+02 5.4097601318e+02 5.4100799561e+02 5.4105499268e+02 5.4109301758e+02 5.4111102295e+02 5.4109802246e+02 5.4106896973e+02 5.4105700684e+02 5.4108001709e+02 5.4107897949e+02 5.4107098389e+02 5.4106201172e+02 5.4104199219e+02 5.4101000977e+02 5.4098101807e+02 5.4094897461e+02 5.4091400146e+02 5.4088897705e+02 5.4086199951e+02 5.4083801270e+02 5.4082598877e+02 5.4083398438e+02
5.3997998047e+02 5.3997802734e+02 5.3998797607e+02 5.3999401855e+02 5.3998498535e+02 5.3999401855e+02 5.4000402832e+02 5.4001000977e+02 5.4001599121e+02 5.4004101563e+02 5.4005297852e+02 5.4006500244e+02 5.4007000732e+02 5.4006799316e+02 5.4007501221e+02 5.4008502197e+02 5.4009600830e+02 5.4009698486e+02 5.4014300537e+02 5.4023797607e+02 5.4036401367e+02 5.4055700684e+02 5.4073699951e+02 5.4087200928e+02 5.4095001221e+02 5.4098797607e+02 5.4102001953e+02 5.4104602051e+02 5.4106799316e+02 5.4107501221e+02 5.4105902100e+02 5.4104101563e+02 5.4104699707e+02 5.4104400635e+02 5.4102502441e+02 5.4100097656e+02 5.4096997070e+02 5.4093298340e+02 5.4089898682e+02 5.4086499023e+02 5.4083099365e+02 5.4080999756e+02 5.4080200195e+02 5.4079901123e+02 5.4079901123e+02 5.4081201172e+02
5.3999902344e+02 5.3997900391e+02 5.3997497559e+02 5.3998400879e+02 5.3998797607e+02 5.3999200439e+02 5.4000500488e+02 5.4001098633e+02 5.4001098633e+02 5.4003002930e+02 5.4004400635e+02 5.4005297852e+02 5.4005902100e+02 5.4005700684e+02 5.4006597900e+02 5.4007897949e+02 5.4008898926e+02 5.4009100342e+02 5.4010198975e+02 5.4014697266e+02 5.4023101807e+02 5.4044598389e+02 5.4065197754e+02 5.4081201172e+02 5.4090002441e+02 5.4094598389e+02 5.4097698975e+02 5.4099700928e+02 5.4102001953e+02 5.4103302002e+02 5.4102697754e+02 5.4102502441e+02 5.4103497314e+02 5.4101800537e+02 5.4097100830e+02 5.4091699219e+02 5.4086297607e+02 5.4083801270e+02 5.4080798340e+02 5.4078198242e+02 5.4075500488e+02 5.4074499512e+02 5.4075598145e+02 5.4077301025e+02 5.4078198242e+02 5.4081201172e+02
5.4002301025e+02 5.3998901367e+02 5.3996997070e+02 5.3997497559e+02 5.3998999023e+02 5.4000000000e+02 5.4000500488e+02 5.4000500488e+02 5.4000701904e+02 5.4002001953e+02 5.4003601074e+02 5.4005297852e+02 5.4006402588e+02 5.4006402588e+02 5.4007202148e+02 5.4007897949e+02 5.4008300781e+02 5.4008898926e+02 5.4009002686e+02 5.4010498047e+02 5.4015698242e+02 5.4033502197e+02 5.4054302979e+02 5.4072198486e+02 5.4081298828e+02 5.4086602783e+02 5.4091601563e+02 5.4094897461e+02 5.4096099854e+02 5.4095501709e+02 5.4098400879e+02 5.4104901123e+02 5.4104901123e+02 5.4095098877e+02 5.4084301758e+02 5.4077801514e+02 5.4075598145e+02 5.4074298096e+02 5.4072399902e+02 5.4070501709e+02 5.4069897461e+02 5.4070599365e+02 5.4073602295e+02 5.4076898193e+02 5.4077301025e+02 5.4077398682e+02
5.4004797363e+02 5.4001898193e+02 5.3997698975e+02 5.3996002197e+02 5.3997497559e+02 5.3999499512e+02 5.4000201416e+02 5.4000299072e+02 5.4000701904e+02 5.4001800537e+02 5.4002899170e+02 5.4004400635e+02 5.4005297852e+02 5.4005902100e+02 5.4007299805e+02 5.4008001709e+02 5.4007598877e+02 5.4008697510e+02 5.4009100342e+02 5.4009301758e+02 5.4010797119e+02 5.4023602295e+02 5.4041601563e+02 5.4059399414e+02 5.4070599365e+02 5.4078002930e+02 5.4084600830e+02 5.4089697266e+02 5.4092297363e+02 5.4094396973e+02 5.4100299072e+02 5.4104998779e+02 5.4093902588e+02 5.4078497314e+02 5.4069897461e+02 5.4067797852e+02 5.4068402100e+02 5.4067199707e+02 5.4065002441e+02 5.4063598633e+02 5.4065002441e+02 5.4067999268e+02 5.4072100830e+02 5.4074200439e+02 5.4071099854e+02 5.4063500977e+02
5.4004998779e+02 5.4005499268e+02 5.4000402832e+02 5.3995898438e+02 5.3996398926e+02 5.3998901367e+02 5.4000097656e+02 5.4000799561e+02 5.4000000000e+02 5.4000402832e+02 5.4001098633e+02 5.4002600098e+02 5.4003601074e+02 5.4004998779e+02 5.4007098389e+02 5.4007800293e+02 5.4006500244e+02 5.4007598877e+02 5.4009002686e+02 5.4009301758e+02 5.4008599854e+02 5.4015399170e+02 5.4029101563e+02 5.4045202637e+02 5.4058398438e+02 5.4067700195e+02 5.4075598145e+02 5.4082202148e+02 5.4089099121e+02 5.4093798828e+02 5.4093499756e+02 5.4086798096e+02 5.4071197510e+02 5.4061798096e+02 5.4059399414e+02 5.4061102295e+02 5.4061901855e+02 5.4060302734e+02 5.4059301758e+02 5.4059698486e+02 5.4062500000e+02 5.4067199707e+02 5.4070001221e+02 5.4067401123e+02 5.4059100342e+02 5.4047302246e+02
5.4000598145e+02 5.4005499268e+02 5.4003802490e+02 5.3999298096e+02 5.3996600342e+02 5.3997802734e+02 5.3998901367e+02 5.3999902344e+02 5.3997998047e+02 5.3999200439e+02 5.4000701904e+02 5.4002001953e+02 5.4002600098e+02 5.4003601074e+02 5.4005999756e+02 5.4007000732e+02 5.4006298828e+02 5.4007000732e+02 5.4008300781e+02 5.4009100342e+02 5.4009100342e+02 5.4009600830e+02 5.4017700195e+02 5.4030999756e+02 5.4044396973e+02 5.4053900146e+02 5.4062500000e+02 5.4069897461e+02 5.4074700928e+02 5.4079498291e+02 5.4070800781e+02 5.4059600830e+02 5.4053900146e+02 5.4052600098e+02 5.4053002930e+02 5.4053997803e+02 5.4053698730e+02 5.4053997803e+02 5.4055200195e+02 5.4057702637e+02 5.4060699463e+02 5.4063897705e+02 5.4062799072e+02 5.4055401611e+02 5.4044897461e+02 5.4034698486e+02
5.3998498535e+02 5.4002099609e+02 5.4003698730e+02 5.4002001953e+02 5.3997802734e+02 5.3997100830e+02 5.3998498535e+02 5.4000097656e+02 5.3998797607e+02 5.3999499512e+02 5.4000701904e+02 5.4000897217e+02 5.4000598145e+02 5.4001501465e+02 5.4004199219e+02 5.4006097412e+02 5.4005999756e+02 5.4006896973e+02 5.4007702637e+02 5.4008398438e+02 5.4008898926e+02 5.4008599854e+02 5.4012298584e+02 5.4021002197e+02 5.4032397461e+02 5.4040197754e+02 5.4048101807e+02 5.4054199219e+02 5.4057897949e+02 5.4056097412e+02 5.4050097656e+02 5.4044299316e+02 5.4042999268e+02 5.4045001221e+02 5.4046301270e+02 5.4047198486e+02 5.4047900391e+02 5.4049700928e+02 5.4052398682e+02 5.4055603027e+02 5.4058197021e+02 5.4056597900e+02 5.4050000000e+02 5.4040899658e+02 5.4032800293e+02 5.4025402832e+02
5.3996899414e+02 5.3998797607e+02 5.4001202393e+02 5.4001800537e+02 5.3999700928e+02 5.3998297119e+02 5.3998498535e+02 5.3999902344e+02 5.3999401855e+02 5.3999798584e+02 5.4000402832e+02 5.4000701904e+02 5.4001098633e+02 5.4001702881e+02 5.4003399658e+02 5.4005499268e+02 5.4006097412e+02 5.4006597900e+02 5.4007397461e+02 5.4008099365e+02 5.4008697510e+02 5.4008502197e+02 5.4009802246e+02 5.4014202881e+02 5.4022198486e+02 5.4029998779e+02 5.4036700439e+02 5.4041198730e+02 5.4043298340e+02 5.4040301514e+02 5.4036798096e+02 5.4035302734e+02 5.4036499023e+02 5.4039001465e+02 5.4040600586e+02 5.4041998291e+02 5.4044201660e+02 5.4046997070e+02 5.4049298096e+02 5.4050897217e+02 5.4050897217e+02 5.4046398926e+02 5.4037799072e+02 5.4029400635e+02 5.4022998047e+02 5.4017199707e+02
5.3995697021e+02 5.3995202637e+02 5.3997198486e+02 5.3999798584e+02 5.4001000977e+02 5.3999798584e+02 5.3998400879e+02 5.3998400879e+02 5.3998797607e+02 5.3999401855e+02 5.3999798584e+02 5.4000500488e+02 5.4001800537e+02 5.4002502441e+02 5.4003002930e+02 5.4004400635e+02 5.4005798340e+02 5.4006298828e+02 5.4007000732e+02 5.4007800293e+02 5.4008300781e+02 5.4008599854e+02 5.4009002686e+02 5.4010797119e+02 5.4015197754e+02 5.4021801758e+02 5.4027197266e+02 5.4030297852e+02 5.4031201172e+02 5.4028997803e+02 5.4028399658e+02 5.4029998779e+02 5.4032000732e+02 5.4034899902e+02 5.4036602783e+02 5.4038098145e+02 5.4041400146e+02 5.4044299316e+02 5.4044500732e+02 5.4042498779e+02 5.4039801025e+02 5.4034899902e+02 5.4028002930e+02 5.4021899414e+02 5.4015997314e+02 5.4011297607e+02
