TESTSERVER/2/18.asc
NCOLS 100
NROWS 100
XLLCORNER 7.5997500000e+03
YLLCORNER 2.8905025000e+05
CELLSIZE 5.0000000000e-01
NODATA_VALUE -9.9990000000e+03
[rows 40 to 59 of 100, columns 46 to 91 of 100]
5.4154302979e+02 5.4154998779e+02 5.4147698975e+02 5.4143402100e+02 5.4139300537e+02 5.4136102295e+02 5.4133001709e+02 5.4131298828e+02 5.4130200195e+02 5.4129797363e+02 5.4130297852e+02 5.4129699707e+02 5.4132098389e+02 5.4136401367e+02 5.4140698242e+02 5.4143701172e+02 5.4149298096e+02 5.4153497314e+02 5.4153100586e+02 5.4133001709e+02 5.4120501709e+02 5.4100402832e+02 5.4056597900e+02 5.4028198242e+02 5.4015997314e+02 5.4020001221e+02 5.4022302246e+02 5.4021697998e+02 5.4021197510e+02 5.4020202637e+02 5.4019500732e+02 5.4018798828e+02 5.4040502930e+02 5.4073901367e+02 5.4086102295e+02 5.4093499756e+02 5.4098199463e+02 5.4103002930e+02 5.4109997559e+02 5.4117999268e+02 5.4125598145e+02 5.4133001709e+02 5.4140002441e+02 5.4146197510e+02 5.4153198242e+02 5.4161102295e+02
5.4152197266e+02 5.4146398926e+02 5.4136499023e+02 5.4132202148e+02 5.4128802490e+02 5.4126098633e+02 5.4123797607e+02 5.4123199463e+02 5.4122698975e+02 5.4123199463e+02 5.4124200439e+02 5.4127502441e+02 5.4131201172e+02 5.4132800293e+02 5.4134698486e+02 5.4129101563e+02 5.4122399902e+02 5.4125598145e+02 5.4127600098e+02 5.4113702393e+02 5.4104699707e+02 5.4074401855e+02 5.4021301270e+02 5.4017797852e+02 5.4022302246e+02 5.4023400879e+02 5.4021697998e+02 5.4022601318e+02 5.4021301270e+02 5.4018103027e+02 5.4019201660e+02 5.4033099365e+02 5.4061602783e+02 5.4081701660e+02 5.4081896973e+02 5.4085900879e+02 5.4091601563e+02 5.4096502686e+02 5.4103002930e+02 5.4110998535e+02 5.4118597412e+02 5.4125299072e+02 5.4132098389e+02 5.4138299561e+02 5.4146002197e+02 5.4154998779e+02
5.4144702148e+02 5.4134997559e+02 5.4125897217e+02 5.4122198486e+02 5.4118597412e+02 5.4116101074e+02 5.4114801025e+02 5.4114801025e+02 5.4115698242e+02 5.4117901611e+02 5.4121899414e+02 5.4129998779e+02 5.4132202148e+02 5.4124499512e+02 5.4113800049e+02 5.4099700928e+02 5.4088000488e+02 5.4090399170e+02 5.4090698242e+02 5.4070898438e+02 5.4053100586e+02 5.4032702637e+02 5.4015698242e+02 5.4021197510e+02 5.4023602295e+02 5.4022198486e+02 5.4022100830e+02 5.4022399902e+02 5.4019201660e+02 5.4020300293e+02 5.4032299805e+02 5.4052502441e+02 5.4070098877e+02 5.4075799561e+02 5.4076098633e+02 5.4081201172e+02 5.4085198975e+02 5.4089599609e+02 5.4096899414e+02 5.4104101563e+02 5.4110601807e+02 5.4117102051e+02 5.4124597168e+02 5.4131500244e+02 5.4139898682e+02 5.4149298096e+02
5.4132501221e+02 5.4122998047e+02 5.4116699219e+02 5.4112298584e+02 5.4109002686e+02 5.4108001709e+02 5.4107897949e+02 5.4109197998e+02 5.4112597656e+02 5.4117797852e+02 5.4126599121e+02 5.4129998779e+02 5.4125402832e+02 5.4109899902e+02 5.4086499023e+02 5.4066400146e+02 5.4053900146e+02 5.4055297852e+02 5.4053302002e+02 5.4032598877e+02 5.4019299316e+02 5.4016101074e+02 5.4021502686e+02 5.4022399902e+02 5.4022198486e+02 5.4021997070e+02 5.4022802734e+02 5.4020397949e+02 5.4020300293e+02 5.4032000732e+02 5.4051800537e+02 5.4064898682e+02 5.4070397949e+02 5.4070800781e+02 5.4073498535e+02 5.4077899170e+02 5.4081201172e+02 5.4085498047e+02 5.4092401123e+02 5.4097601318e+02 5.4102697754e+02 5.4109002686e+02 5.4117401123e+02 5.4125598145e+02 5.4134197998e+02 5.4142401123e+02
5.4119097900e+02 5.4113201904e+02 5.4108599854e+02 5.4104602051e+02 5.4102697754e+02 5.4103399658e+02 5.4103497314e+02 5.4109600830e+02 5.4118200684e+02 5.4126501465e+02 5.4134997559e+02 5.4118701172e+02 5.4105200195e+02 5.4091699219e+02 5.4070098877e+02 5.4039801025e+02 5.4025000000e+02 5.4023797607e+02 5.4024200439e+02 5.4020001221e+02 5.4019799805e+02 5.4021697998e+02 5.4021301270e+02 5.4022100830e+02 5.4023498535e+02 5.4023199463e+02 5.4020800781e+02 5.4020202637e+02 5.4029302979e+02 5.4047601318e+02 5.4059997559e+02 5.4065002441e+02 5.4067498779e+02 5.4068701172e+02 5.4070397949e+02 5.4074798584e+02 5.4078497314e+02 5.4082702637e+02 5.4088098145e+02 5.4092102051e+02 5.4096801758e+02 5.4103100586e+02 5.4110302734e+02 5.4118298340e+02 5.4127301025e+02 5.4134698486e+02
5.4107702637e+02 5.4102697754e+02 5.4101098633e+02 5.4099499512e+02 5.4098498535e+02 5.4100000000e+02 5.4103698730e+02 5.4116601563e+02 5.4127301025e+02 5.4126898193e+02 5.4120300293e+02 5.4104797363e+02 5.4087597656e+02 5.4068298340e+02 5.4045501709e+02 5.4023400879e+02 5.4014001465e+02 5.4015899658e+02 5.4020098877e+02 5.4020397949e+02 5.4020300293e+02 5.4020898438e+02 5.4021600342e+02 5.4023297119e+02 5.4022399902e+02 5.4019897461e+02 5.4021301270e+02 5.4030102539e+02 5.4044500732e+02 5.4058001709e+02 5.4063500977e+02 5.4066497803e+02 5.4067901611e+02 5.4068597412e+02 5.4070300293e+02 5.4073498535e+02 5.4076202393e+02 5.4079199219e+02 5.4083697510e+02 5.4088500977e+02 5.4093499756e+02 5.4098199463e+02 5.4103900146e+02 5.4110302734e+02 5.4118200684e+02 5.4125897217e+02
5.4097998047e+02 5.4094598389e+02 5.4095202637e+02 5.4095397949e+02 5.4097100830e+02 5.4102600098e+02 5.4109600830e+02 5.4119897461e+02 5.4123901367e+02 5.4113500977e+02 5.4096600342e+02 5.4085699463e+02 5.4069201660e+02 5.4046697998e+02 5.4024700928e+02 5.4015698242e+02 5.4015899658e+02 5.4019500732e+02 5.4020697021e+02 5.4021197510e+02 5.4021398926e+02 5.4021301270e+02 5.4021502686e+02 5.4022497559e+02 5.4020800781e+02 5.4022399902e+02 5.4032702637e+02 5.4044897461e+02 5.4055401611e+02 5.4061901855e+02 5.4064501953e+02 5.4066900635e+02 5.4067999268e+02 5.4069000244e+02 5.4070697021e+02 5.4073101807e+02 5.4075000000e+02 5.4076898193e+02 5.4080499268e+02 5.4085400391e+02 5.4090002441e+02 5.4093701172e+02 5.4098498535e+02 5.4103601074e+02 5.4110400391e+02 5.4118200684e+02
5.4091802979e+02 5.4090698242e+02 5.4091699219e+02 5.4093701172e+02 5.4098602295e+02 5.4106701660e+02 5.4109802246e+02 5.4107299805e+02 5.4104797363e+02 5.4092700195e+02 5.4075097656e+02 5.4068597412e+02 5.4054901123e+02 5.4033697510e+02 5.4016900635e+02 5.4016400146e+02 5.4019897461e+02 5.4021697998e+02 5.4020599365e+02 5.4021197510e+02 5.4021997070e+02 5.4021502686e+02 5.4020599365e+02 5.4021099854e+02 5.4024401855e+02 5.4034301758e+02 5.4048602295e+02 5.4055999756e+02 5.4059899902e+02 5.4062402344e+02 5.4065399170e+02 5.4067102051e+02 5.4068499756e+02 5.4069500732e+02 5.4070501709e+02 5.4072399902e+02 5.4074102783e+02 5.4075897217e+02 5.4078698730e+02 5.4081799316e+02 5.4086102295e+02 5.4089898682e+02 5.4094201660e+02 5.4098797607e+02 5.4104901123e+02 5.4112402344e+02
5.4087597656e+02 5.4087799072e+02 5.4089697266e+02 5.4091601563e+02 5.4093902588e+02 5.4097601318e+02 5.4094097900e+02 5.4082000732e+02 5.4078698730e+02 5.4074597168e+02 5.4064898682e+02 5.4057897949e+02 5.4044799805e+02 5.4027398682e+02 5.4019097900e+02 5.4019799805e+02 5.4020300293e+02 5.4020098877e+02 5.4020202637e+02 5.4021502686e+02 5.4022198486e+02 5.4020800781e+02 5.4019097900e+02 5.4024200439e+02 5.4035699463e+02 5.4049597168e+02 5.4058801270e+02 5.4061102295e+02 5.4061700439e+02 5.4063800049e+02 5.4067401123e+02 5.4068597412e+02 5.4069097900e+02 5.4069500732e+02 5.4070397949e+02 5.4071600342e+02 5.4072998047e+02 5.4075000000e+02 5.4077301025e+02 5.4078900146e+02 5.4082800293e+02 5.4086602783e+02 5.4090502930e+02 5.4094702148e+02 5.4100097656e+02 5.4106896973e+02
5.4086102295e+02 5.4087500000e+02 5.4089099121e+02 5.4085998535e+02 5.4085601807e+02 5.4086798096e+02 5.4075500488e+02 5.4061999512e+02 5.4057800293e+02 5.4055499268e+02 5.4048498535e+02 5.4040301514e+02 5.4029498291e+02 5.4019897461e+02 5.4018701172e+02 5.4019897461e+02 5.4020098877e+02 5.4020300293e+02 5.4021099854e+02 5.4021997070e+02 5.4020800781e+02 5.4020397949e+02 5.4025201416e+02 5.4036798096e+02 5.4049102783e+02 5.4058099365e+02 5.4062097168e+02 5.4063397217e+02 5.4063800049e+02 5.4065399170e+02 5.4068298340e+02 5.4069396973e+02 5.4070098877e+02 5.4070300293e+02 5.4070697021e+02 5.4071997070e+02 5.4072698975e+02 5.4073297119e+02 5.4075000000e+02 5.4077600098e+02 5.4080499268e+02 5.4082598877e+02 5.4086499023e+02 5.4090197754e+02 5.4095397949e+02 5.4101501465e+02
5.4085198975e+02 5.4086499023e+02 5.4084100342e+02 5.4075201416e+02 5.4076702881e+02 5.4081896973e+02 5.4069201660e+02 5.4055999756e+02 5.4046099854e+02 5.4034197998e+02 5.4025201416e+02 5.4022100830e+02 5.4018902588e+02 5.4017102051e+02 5.4019598389e+02 5.4020001221e+02 5.4020300293e+02 5.4020501709e+02 5.4021002197e+02 5.4020300293e+02 5.4020501709e+02 5.4026702881e+02 5.4039300537e+02 5.4051300049e+02 5.4058599854e+02 5.4062200928e+02 5.4064300537e+02 5.4065502930e+02 5.4065197754e+02 5.4066400146e+02 5.4068902588e+02 5.4069598389e+02 5.4069799805e+02 5.4069897461e+02 5.4070300293e+02 5.4071301270e+02 5.4072100830e+02 5.4072100830e+02 5.4072900391e+02 5.4075201416e+02 5.4077899170e+02 5.4079400635e+02 5.4083197021e+02 5.4086798096e+02 5.4091400146e+02 5.4096899414e+02
5.4083197021e+02 5.4080798340e+02 5.4072399902e+02 5.4061199951e+02 5.4065899658e+02 5.4075701904e+02 5.4066802979e+02 5.4050897217e+02 5.4036297607e+02 5.4020599365e+02 5.4013201904e+02 5.4015197754e+02 5.4017199707e+02 5.4018798828e+02 5.4020501709e+02 5.4020202637e+02 5.4020397949e+02 5.4020697021e+02 5.4020202637e+02 5.4021002197e+02 5.4027197266e+02 5.4039398193e+02 5.4052697754e+02 5.4059497070e+02 5.4061700439e+02 5.4062902832e+02 5.4065100098e+02 5.4066400146e+02 5.4066601563e+02 5.4067700195e+02 5.4069299316e+02 5.4069396973e+02 5.4069598389e+02 5.4069799805e+02 5.4070300293e+02 5.4070397949e+02 5.4071502686e+02 5.4072198486e+02 5.4072900391e+02 5.4073901367e+02 5.4076397705e+02 5.4078399658e+02 5.4081896973e+02 5.4085797119e+02 5.4089398193e+02 5.4093701172e+02
5.4082598877e+02 5.4074298096e+02 5.4058099365e+02 5.4050598145e+02 5.4057897949e+02 5.4067297363e+02 5.4058599854e+02 5.4033697510e+02 5.4019097900e+02 5.4015802002e+02 5.4018298340e+02 5.4018597412e+02 5.4019598389e+02 5.4019799805e+02 5.4020001221e+02 5.4021197510e+02 5.4020898438e+02 5.4020300293e+02 5.4020098877e+02 5.4029797363e+02 5.4040997314e+02 5.4049700928e+02 5.4054199219e+02 5.4059002686e+02 5.4060699463e+02 5.4062097168e+02 5.4063897705e+02 5.4066302490e+02 5.4067901611e+02 5.4068701172e+02 5.4068798828e+02 5.4069299316e+02 5.4070098877e+02 5.4070501709e+02 5.4070397949e+02 5.4070098877e+02 5.4071099854e+02 5.4072698975e+02 5.4074401855e+02 5.4075299072e+02 5.4077099609e+02 5.4079101563e+02 5.4080999756e+02 5.4085198975e+02 5.4088201904e+02 5.4091302490e+02
5.4074298096e+02 5.4063397217e+02 5.4046997070e+02 5.4038201904e+02 5.4046197510e+02 5.4054498291e+02 5.4044097900e+02 5.4026898193e+02 5.4016198730e+02 5.4017602539e+02 5.4019299316e+02 5.4019000244e+02 5.4019500732e+02 5.4020001221e+02 5.4020898438e+02 5.4020300293e+02 5.4018298340e+02 5.4021099854e+02 5.4030297852e+02 5.4044299316e+02 5.4051501465e+02 5.4053002930e+02 5.4054998779e+02 5.4059899902e+02 5.4061901855e+02 5.4063098145e+02 5.4065002441e+02 5.4066302490e+02 5.4067901611e+02 5.4069201660e+02 5.4069897461e+02 5.4070098877e+02 5.4070697021e+02 5.4071197510e+02 5.4071502686e+02 5.4071997070e+02 5.4072497559e+02 5.4072900391e+02 5.4074700928e+02 5.4075799561e+02 5.4076800537e+02 5.4078399658e+02 5.4080603027e+02 5.4084197998e+02 5.4087097168e+02 5.4090100098e+02
5.4054998779e+02 5.4045697021e+02 5.4035302734e+02 5.4025500488e+02 5.4028002930e+02 5.4032397461e+02 5.4026202393e+02 5.4019500732e+02 5.4016699219e+02 5.4018902588e+02 5.4019299316e+02 5.4019299316e+02 5.4019799805e+02 5.4020300293e+02 5.4020800781e+02 5.4019396973e+02 5.4021197510e+02 5.4030603027e+02 5.4043200684e+02 5.4050598145e+02 5.4052697754e+02 5.4053802490e+02 5.4057598877e+02 5.4061297607e+02 5.4062200928e+02 5.4063397217e+02 5.4065698242e+02 5.4067102051e+02 5.4068499756e+02 5.4069702148e+02 5.4070599365e+02 5.4070898438e+02 5.4071398926e+02 5.4071997070e+02 5.4072497559e+02 5.4073400879e+02 5.4073901367e+02 5.4073498535e+02 5.4074902344e+02 5.4075201416e+02 5.4075299072e+02 5.4076702881e+02 5.4079602051e+02 5.4083001709e+02 5.4086102295e+02 5.4088702393e+02
5.4036999512e+02 5.4029797363e+02 5.4024401855e+02 5.4015399170e+02 5.4013702393e+02 5.4016101074e+02 5.4015997314e+02 5.4016601563e+02 5.4017797852e+02 5.4018902588e+02 5.4019000244e+02 5.4019702148e+02 5.4020202637e+02 5.4020697021e+02 5.4020397949e+02 5.4022497559e+02 5.4030102539e+02 5.4041198730e+02 5.4049401855e+02 5.4051501465e+02 5.4052697754e+02 5.4054998779e+02 5.4058398438e+02 5.4061602783e+02 5.4063098145e+02 5.4064501953e+02 5.4066302490e+02 5.4068103027e+02 5.4069598389e+02 5.4070300293e+02 5.4071099854e+02 5.4071600342e+02 5.4072198486e+02 5.4072698975e+02 5.4073400879e+02 5.4073699951e+02 5.4074102783e+02 5.4073699951e+02 5.4074499512e+02 5.4074298096e+02 5.4073999023e+02 5.4075299072e+02 5.4078100586e+02 5.4081597900e+02 5.4085101318e+02 5.4087597656e+02
5.4026397705e+02 5.4020397949e+02 5.4015802002e+02 5.4009698486e+02 5.4009399414e+02 5.4013897705e+02 5.4017999268e+02 5.4017700195e+02 5.4018103027e+02 5.4018701172e+02 5.4019598389e+02 5.4020001221e+02 5.4020098877e+02 5.4020202637e+02 5.4020202637e+02 5.4030102539e+02 5.4039898682e+02 5.4045300293e+02 5.4047100830e+02 5.4050402832e+02 5.4053302002e+02 5.4055499268e+02 5.4057098389e+02 5.4061602783e+02 5.4064202881e+02 5.4065802002e+02 5.4067602539e+02 5.4069097900e+02 5.4070300293e+02 5.4070800781e+02 5.4071099854e+02 5.4071697998e+02 5.4072601318e+02 5.4073498535e+02 5.4074102783e+02 5.4073901367e+02 5.4074401855e+02 5.4074401855e+02 5.4074401855e+02 5.4074102783e+02 5.4074200439e+02 5.4075201416e+02 5.4076501465e+02 5.4080200195e+02 5.4083398438e+02 5.4085400391e+02
5.4018798828e+02 5.4014202881e+02 5.4012200928e+02 5.4011901855e+02 5.4014398193e+02 5.4017602539e+02 5.4019702148e+02 5.4018597412e+02 5.4018298340e+02 5.4019299316e+02 5.4019897461e+02 5.4018902588e+02 5.4019201660e+02 5.4022302246e+02 5.4028997803e+02 5.4039001465e+02 5.4044500732e+02 5.4045697021e+02 5.4047698975e+02 5.4050500488e+02 5.4053100586e+02 5.4055700684e+02 5.4057598877e+02 5.4061499023e+02 5.4063299561e+02 5.4065002441e+02 5.4067901611e+02 5.4070001221e+02 5.4070697021e+02 5.4071697998e+02 5.4072198486e+02 5.4070898438e+02 5.4071600342e+02 5.4072900391e+02 5.4072900391e+02 5.4073602295e+02 5.4074597168e+02 5.4074798584e+02 5.4075000000e+02 5.4074902344e+02 5.4075701904e+02 5.4076501465e+02 5.4076501465e+02 5.4078399658e+02 5.4080999756e+02 5.4083697510e+02
5.4013000488e+02 5.4011798096e+02 5.4013299561e+02 5.4015698242e+02 5.4017602539e+02 5.4018298340e+02 5.4018798828e+02 5.4019000244e+02 5.4019000244e+02 5.4018902588e+02 5.4018597412e+02 5.4019201660e+02 5.4023297119e+02 5.4030102539e+02 5.4038702393e+02 5.4044299316e+02 5.4046502686e+02 5.4046997070e+02 5.4048999023e+02 5.4051800537e+02 5.4054400635e+02 5.4056701660e+02 5.4057897949e+02 5.4060699463e+02 5.4062500000e+02 5.4064599609e+02 5.4067401123e+02 5.4069897461e+02 5.4070501709e+02 5.4071301270e+02 5.4071801758e+02 5.4070397949e+02 5.4071398926e+02 5.4072698975e+02 5.4072497559e+02 5.4073602295e+02 5.4074499512e+02 5.4074700928e+02 5.4075799561e+02 5.4076098633e+02 5.4076898193e+02 5.4077398682e+02 5.4077398682e+02 5.4078100586e+02 5.4079901123e+02 5.4081701660e+02
5.4010400391e+02 5.4013000488e+02 5.4016497803e+02 5.4017700195e+02 5.4017700195e+02 5.4017102051e+02 5.4017797852e+02 5.4019500732e+02 5.4019201660e+02 5.4018298340e+02 5.4019000244e+02 5.4024298096e+02 5.4031500244e+02 5.4038299561e+02 5.4043402100e+02 5.4045800781e+02 5.4047302246e+02 5.4048297119e+02 5.4049499512e+02 5.4051898193e+02 5.4055200195e+02 5.4058001709e+02 5.4058300781e+02 5.4059899902e+02 5.4061999512e+02 5.4064300537e+02 5.4066601563e+02 5.4069500732e+02 5.4070001221e+02 5.4070397949e+02 5.4071301270e+02 5.4070898438e+02 5.4071997070e+02 5.4073199463e+02 5.4072998047e+02 5.4073999023e+02 5.4075097656e+02 5.4075402832e+02 5.4076702881e+02 5.4077197266e+02 5.4077301025e+02 5.4077197266e+02 5.4078002930e+02 5.4078302002e+02 5.4079101563e+02 5.4080102539e+02
