TESTSERVER/2/2.asc
NCOLS 100
NROWS 100
XLLCORNER 7.5997500000e+03
YLLCORNER 2.8985025000e+05
CELLSIZE 5.0000000000e-01
NODATA_VALUE -9.9990000000e+03
[rows 0 to 19 of 100, columns 46 to 91 of 100]
6.4429699707e+02 6.4435101318e+02 6.4440002441e+02 6.4445898438e+02 6.4450598145e+02 6.4453900146e+02 6.4456097412e+02 6.4457098389e+02 6.4456799316e+02 6.4451702881e+02 6.4452099609e+02 6.4449499512e+02 6.4450000000e+02 6.4450598145e+02 6.4446398926e+02 6.4442297363e+02 6.4442797852e+02 6.4439398193e+02 6.4444897461e+02 6.4459997559e+02 6.4472802734e+02 6.4481500244e+02 6.4486102295e+02 6.4489801025e+02 6.4490997314e+02 6.4496197510e+02 6.4498101807e+02 6.4500598145e+02 6.4503900146e+02 6.4504101563e+02 6.4506799316e+02 6.4509301758e+02 6.4511999512e+02 6.4514300537e+02 6.4515100098e+02 6.4517401123e+02 6.4521997070e+02 6.4520697021e+02 6.4520898438e+02 6.4524597168e+02 6.4528100586e+02 6.4528302002e+02 6.4531500244e+02 6.4533300781e+02 6.4534899902e+02 6.4536602783e+02
6.4428100586e+02 6.4433099365e+02 6.4437701416e+02 6.4444000244e+02 6.4447998047e+02 6.4451202393e+02 6.4452301025e+02 6.4451098633e+02 6.4450500488e+02 6.4448498535e+02 6.4448999023e+02 6.4445898438e+02 6.4444000244e+02 6.4445397949e+02 6.4441802979e+02 6.4436901855e+02 6.4434497070e+02 6.4434399414e+02 6.4450000000e+02 6.4469897461e+02 6.4479901123e+02 6.4485699463e+02 6.4488702393e+02 6.4491101074e+02 6.4493402100e+02 6.4497601318e+02 6.4498901367e+02 6.4500500488e+02 6.4504602051e+02 6.4505499268e+02 6.4505102539e+02 6.4506201172e+02 6.4511700439e+02 6.4515301514e+02 6.4516699219e+02 6.4518200684e+02 6.4519396973e+02 6.4521600342e+02 6.4523101807e+02 6.4524499512e+02 6.4526898193e+02 6.4529101563e+02 6.4530999756e+02 6.4533001709e+02 6.4535198975e+02 6.4536901855e+02
6.4427197266e+02 6.4432000732e+02 6.4438500977e+02 6.4444201660e+02 6.4445202637e+02 6.4448297119e+02 6.4449700928e+02 6.4449499512e+02 6.4446997070e+02 6.4444702148e+02 6.4444000244e+02 6.4440100098e+02 6.4438000488e+02 6.4438598633e+02 6.4436700439e+02 6.4430999756e+02 6.4424200439e+02 6.4432800293e+02 6.4456402588e+02 6.4475402832e+02 6.4484997559e+02 6.4492498779e+02 6.4501000977e+02 6.4503698730e+02 6.4502099609e+02 6.4498602295e+02 6.4500000000e+02 6.4501000977e+02 6.4505499268e+02 6.4507299805e+02 6.4507098389e+02 6.4507702637e+02 6.4511700439e+02 6.4514501953e+02 6.4516400146e+02 6.4518798828e+02 6.4521301270e+02 6.4524499512e+02 6.4526599121e+02 6.4526599121e+02 6.4527600098e+02 6.4530200195e+02 6.4531597900e+02 6.4533697510e+02 6.4536700439e+02 6.4539202881e+02
6.4425201416e+02 6.4431201172e+02 6.4438299561e+02 6.4441998291e+02 6.4441198730e+02 6.4443597412e+02 6.4445599365e+02 6.4446697998e+02 6.4442401123e+02 6.4440100098e+02 6.4438897705e+02 6.4435498047e+02 6.4435198975e+02 6.4434399414e+02 6.4430798340e+02 6.4424798584e+02 6.4420098877e+02 6.4442297363e+02 6.4468298340e+02 6.4477801514e+02 6.4485400391e+02 6.4494097900e+02 6.4513598633e+02 6.4526098633e+02 6.4524102783e+02 6.4506597900e+02 6.4503198242e+02 6.4503198242e+02 6.4506701660e+02 6.4509100342e+02 6.4511499023e+02 6.4511401367e+02 6.4511199951e+02 6.4513598633e+02 6.4515502930e+02 6.4519500732e+02 6.4524298096e+02 6.4527001953e+02 6.4528802490e+02 6.4528698730e+02 6.4530200195e+02 6.4532897949e+02 6.4535198975e+02 6.4537200928e+02 6.4539001465e+02 6.4540197754e+02
6.4423400879e+02 6.4429602051e+02 6.4435900879e+02 6.4438098145e+02 6.4438800049e+02 6.4439398193e+02 6.4440399170e+02 6.4441802979e+02 6.4439398193e+02 6.4435498047e+02 6.4432702637e+02 6.4430603027e+02 6.4430902100e+02 6.4429199219e+02 6.4425201416e+02 6.4420898438e+02 6.4422698975e+02 6.4453399658e+02 6.4476702881e+02 6.4481298828e+02 6.4485498047e+02 6.4490399170e+02 6.4510400391e+02 6.4527301025e+02 6.4529101563e+02 6.4527801514e+02 6.4516400146e+02 6.4509399414e+02 6.4508898926e+02 6.4510797119e+02 6.4513299561e+02 6.4513299561e+02 6.4513702393e+02 6.4516998291e+02 6.4517102051e+02 6.4518902588e+02 6.4522497559e+02 6.4526702881e+02 6.4529101563e+02 6.4530902100e+02 6.4535198975e+02 6.4535998535e+02 6.4538098145e+02 6.4540399170e+02 6.4541900635e+02 6.4542602539e+02
6.4420898438e+02 6.4426202393e+02 6.4432702637e+02 6.4435101318e+02 6.4434997559e+02 6.4434997559e+02 6.4433599854e+02 6.4434899902e+02 6.4432800293e+02 6.4429699707e+02 6.4429699707e+02 6.4428198242e+02 6.4425701904e+02 6.4423498535e+02 6.4417999268e+02 6.4415399170e+02 6.4423901367e+02 6.4451501465e+02 6.4471801758e+02 6.4486999512e+02 6.4494097900e+02 6.4493200684e+02 6.4500701904e+02 6.4512402344e+02 6.4518701172e+02 6.4533801270e+02 6.4538299561e+02 6.4523999023e+02 6.4513702393e+02 6.4514398193e+02 6.4513500977e+02 6.4512902832e+02 6.4515600586e+02 6.4518499756e+02 6.4519000244e+02 6.4521502686e+02 6.4524200439e+02 6.4527197266e+02 6.4528399658e+02 6.4531597900e+02 6.4534197998e+02 6.4537298584e+02 6.4539300537e+02 6.4541900635e+02 6.4545397949e+02 6.4546899414e+02
6.4420300293e+02 6.4421398926e+02 6.4427600098e+02 6.4432501221e+02 6.4431896973e+02 6.4430902100e+02 6.4429998779e+02 6.4431896973e+02 6.4427899170e+02 6.4423797607e+02 6.4424902344e+02 6.4423999023e+02 6.4422998047e+02 6.4420001221e+02 6.4411999512e+02 6.4409997559e+02 6.4423901367e+02 6.4450097656e+02 6.4465002441e+02 6.4481402588e+02 6.4501000977e+02 6.4511199951e+02 6.4509899902e+02 6.4508599854e+02 6.4517700195e+02 6.4546197510e+02 6.4554699707e+02 6.4534301758e+02 6.4522802734e+02 6.4520098877e+02 6.4517102051e+02 6.4514801025e+02 6.4517498779e+02 6.4520599365e+02 6.4518902588e+02 6.4521002197e+02 6.4524798584e+02 6.4528302002e+02 6.4530700684e+02 6.4535198975e+02 6.4537402344e+02 6.4540600586e+02 6.4542498779e+02 6.4544500732e+02 6.4547802734e+02 6.4549597168e+02
6.4418597412e+02 6.4419799805e+02 6.4424102783e+02 6.4427398682e+02 6.4426702881e+02 6.4425799561e+02 6.4426501465e+02 6.4428198242e+02 6.4424700928e+02 6.4419897461e+02 6.4420501709e+02 6.4418298340e+02 6.4418200684e+02 6.4414202881e+02 6.4404699707e+02 6.4405102539e+02 6.4424798584e+02 6.4450097656e+02 6.4460101318e+02 6.4475500488e+02 6.4504199219e+02 6.4530902100e+02 6.4537097168e+02 6.4529101563e+02 6.4532897949e+02 6.4553198242e+02 6.4551702881e+02 6.4534698486e+02 6.4527301025e+02 6.4523101807e+02 6.4521197510e+02 6.4517700195e+02 6.4516699219e+02 6.4521697998e+02 6.4520202637e+02 6.4520501709e+02 6.4523999023e+02 6.4528802490e+02 6.4532501221e+02 6.4538299561e+02 6.4539697266e+02 6.4541998291e+02 6.4544396973e+02 6.4546099854e+02 6.4549401855e+02 6.4550402832e+02
6.4414501953e+02 6.4417602539e+02 6.4422100830e+02 6.4425897217e+02 6.4423498535e+02 6.4422900391e+02 6.4422998047e+02 6.4422497559e+02 6.4418902588e+02 6.4415600586e+02 6.4414801025e+02 6.4411999512e+02 6.4411199951e+02 6.4408001709e+02 6.4399902344e+02 6.4403399658e+02 6.4430200195e+02 6.4452001953e+02 6.4460400391e+02 6.4478002930e+02 6.4511102295e+02 6.4527502441e+02 6.4541802979e+02 6.4544500732e+02 6.4547198486e+02 6.4547399902e+02 6.4539099121e+02 6.4533801270e+02 6.4530700684e+02 6.4525402832e+02 6.4523400879e+02 6.4521197510e+02 6.4517901611e+02 6.4521502686e+02 6.4523199463e+02 6.4524499512e+02 6.4526300049e+02 6.4530401611e+02 6.4531896973e+02 6.4537500000e+02 6.4541302490e+02 6.4544897461e+02 6.4548400879e+02 6.4548699951e+02 6.4552099609e+02 6.4551300049e+02
6.4408599854e+02 6.4415197754e+02 6.4418298340e+02 6.4421099854e+02 6.4418701172e+02 6.4419396973e+02 6.4420397949e+02 6.4418499756e+02 6.4413800049e+02 6.4412902832e+02 6.4411602783e+02 6.4409100342e+02 6.4408001709e+02 6.4403198242e+02 6.4396002197e+02 6.4400299072e+02 6.4428601074e+02 6.4454498291e+02 6.4464099121e+02 6.4478900146e+02 6.4514697266e+02 6.4523999023e+02 6.4533898926e+02 6.4542498779e+02 6.4550299072e+02 6.4559197998e+02 6.4553002930e+02 6.4542797852e+02 6.4534399414e+02 6.4526599121e+02 6.4523297119e+02 6.4522198486e+02 6.4517401123e+02 6.4518499756e+02 6.4519799805e+02 6.4524499512e+02 6.4529302979e+02 6.4533001709e+02 6.4533697510e+02 6.4540100098e+02 6.4544897461e+02 6.4549401855e+02 6.4553399658e+02 6.4555401611e+02 6.4555700684e+02 6.4555902100e+02
6.4403900146e+02 6.4410699463e+02 6.4414898682e+02 6.4415002441e+02 6.4414099121e+02 6.4414801025e+02 6.4415399170e+02 6.4415301514e+02 6.4410302734e+02 6.4410101318e+02 6.4407397461e+02 6.4404498291e+02 6.4402099609e+02 6.4395898438e+02 6.4392602539e+02 6.4401800537e+02 6.4433099365e+02 6.4459497070e+02 6.4473297119e+02 6.4486798096e+02 6.4513800049e+02 6.4530700684e+02 6.4540301514e+02 6.4547302246e+02 6.4555902100e+02 6.4568701172e+02 6.4564202881e+02 6.4554699707e+02 6.4545697021e+02 6.4536901855e+02 6.4531701660e+02 6.4532299805e+02 6.4527398682e+02 6.4524298096e+02 6.4521997070e+02 6.4526000977e+02 6.4531799316e+02 6.4536901855e+02 6.4538800049e+02 6.4544598389e+02 6.4547302246e+02 6.4551599121e+02 6.4554699707e+02 6.4556896973e+02 6.4558398438e+02 6.4559899902e+02
6.4402899170e+02 6.4408398438e+02 6.4412799072e+02 6.4410498047e+02 6.4409399414e+02 6.4410198975e+02 6.4409698486e+02 6.4410601807e+02 6.4407299805e+02 6.4405102539e+02 6.4402001953e+02 6.4398199463e+02 6.4395800781e+02 6.4391900635e+02 6.4389801025e+02 6.4402001953e+02 6.4436401367e+02 6.4456298828e+02 6.4473199463e+02 6.4489501953e+02 6.4509899902e+02 6.4538201904e+02 6.4550799561e+02 6.4553198242e+02 6.4560699463e+02 6.4569598389e+02 6.4567602539e+02 6.4568798828e+02 6.4567797852e+02 6.4561602783e+02 6.4550897217e+02 6.4545397949e+02 6.4539599609e+02 6.4534802246e+02 6.4529498291e+02 6.4529797363e+02 6.4534997559e+02 6.4540997314e+02 6.4544000244e+02 6.4549102783e+02 6.4550402832e+02 6.4554199219e+02 6.4557800293e+02 6.4559497070e+02 6.4562799072e+02 6.4563500977e+02
6.4402600098e+02 6.4407000732e+02 6.4409802246e+02 6.4406097412e+02 6.4406097412e+02 6.4405603027e+02 6.4403997803e+02 6.4404797363e+02 6.4405297852e+02 6.4399597168e+02 6.4397601318e+02 6.4393499756e+02 6.4389898682e+02 6.4388702393e+02 6.4384802246e+02 6.4399102783e+02 6.4431201172e+02 6.4449499512e+02 6.4467102051e+02 6.4488897705e+02 6.4510601807e+02 6.4540899658e+02 6.4561798096e+02 6.4565002441e+02 6.4566497803e+02 6.4563897705e+02 6.4566302490e+02 6.4576599121e+02 6.4579602051e+02 6.4577301025e+02 6.4568798828e+02 6.4561798096e+02 6.4553698730e+02 6.4547998047e+02 6.4542797852e+02 6.4539599609e+02 6.4538598633e+02 6.4548400879e+02 6.4551898193e+02 6.4555102539e+02 6.4557501221e+02 6.4559997559e+02 6.4562701416e+02 6.4564001465e+02 6.4567401123e+02 6.4564697266e+02
6.4389099121e+02 6.4398199463e+02 6.4403198242e+02 6.4401397705e+02 6.4400097656e+02 6.4403002930e+02 6.4402697754e+02 6.4402197266e+02 6.4398699951e+02 6.4394201660e+02 6.4391998291e+02 6.4387799072e+02 6.4389697266e+02 6.4384497070e+02 6.4378497314e+02 6.4396801758e+02 6.4434399414e+02 6.4453399658e+02 6.4465100098e+02 6.4484899902e+02 6.4507800293e+02 6.4535900879e+02 6.4561999512e+02 6.4570501709e+02 6.4567297363e+02 6.4560101318e+02 6.4559301758e+02 6.4574499512e+02 6.4585101318e+02 6.4584399414e+02 6.4581597900e+02 6.4580798340e+02 6.4571002197e+02 6.4565100098e+02 6.4559399414e+02 6.4548498535e+02 6.4539501953e+02 6.4548498535e+02 6.4554998779e+02 6.4559899902e+02 6.4561102295e+02 6.4561901855e+02 6.4563098145e+02 6.4564300537e+02 6.4568499756e+02 6.4566497803e+02
6.4381896973e+02 6.4392498779e+02 6.4397601318e+02 6.4398400879e+02 6.4397601318e+02 6.4398699951e+02 6.4397802734e+02 6.4396801758e+02 6.4393798828e+02 6.4390899658e+02 6.4386901855e+02 6.4382598877e+02 6.4388397217e+02 6.4382202148e+02 6.4377600098e+02 6.4400701904e+02 6.4444097900e+02 6.4462200928e+02 6.4466400146e+02 6.4477697754e+02 6.4493200684e+02 6.4506097412e+02 6.4525598145e+02 6.4536901855e+02 6.4539300537e+02 6.4544000244e+02 6.4548400879e+02 6.4560101318e+02 6.4579797363e+02 6.4589099121e+02 6.4592999268e+02 6.4592498779e+02 6.4589202881e+02 6.4589300537e+02 6.4583197021e+02 6.4568798828e+02 6.4554602051e+02 6.4553100586e+02 6.4555798340e+02 6.4561901855e+02 6.4563000488e+02 6.4563201904e+02 6.4563702393e+02 6.4564599609e+02 6.4569897461e+02 6.4569000244e+02
6.4378601074e+02 6.4388702393e+02 6.4392602539e+02 6.4394000244e+02 6.4393798828e+02 6.4393298340e+02 6.4391400146e+02 6.4390301514e+02 6.4389801025e+02 6.4388098145e+02 6.4382800293e+02 6.4379498291e+02 6.4385498047e+02 6.4379400635e+02 6.4377899170e+02 6.4403399658e+02 6.4445800781e+02 6.4464202881e+02 6.4464300537e+02 6.4468103027e+02 6.4476800537e+02 6.4478802490e+02 6.4488098145e+02 6.4499798584e+02 6.4508001709e+02 6.4521899414e+02 6.4541497803e+02 6.4548400879e+02 6.4564202881e+02 6.4583099365e+02 6.4598400879e+02 6.4603100586e+02 6.4605700684e+02 6.4609399414e+02 6.4606402588e+02 6.4596899414e+02 6.4585302734e+02 6.4573602295e+02 6.4565002441e+02 6.4563897705e+02 6.4561999512e+02 6.4561602783e+02 6.4563201904e+02 6.4564202881e+02 6.4568798828e+02 6.4570800781e+02
6.4374902344e+02 6.4386199951e+02 6.4390600586e+02 6.4391198730e+02 6.4393499756e+02 6.4389001465e+02 6.4388000488e+02 6.4387298584e+02 6.4386499023e+02 6.4383398438e+02 6.4377398682e+02 6.4373498535e+02 6.4378497314e+02 6.4375500488e+02 6.4375897217e+02 6.4395898438e+02 6.4429797363e+02 6.4454199219e+02 6.4459301758e+02 6.4461401367e+02 6.4464099121e+02 6.4466400146e+02 6.4476800537e+02 6.4494299316e+02 6.4507501221e+02 6.4514202881e+02 6.4541497803e+02 6.4561602783e+02 6.4579602051e+02 6.4590197754e+02 6.4596801758e+02 6.4605700684e+02 6.4615802002e+02 6.4619897461e+02 6.4622198486e+02 6.4620001221e+02 6.4610400391e+02 6.4596398926e+02 6.4581201172e+02 6.4569396973e+02 6.4562097168e+02 6.4560101318e+02 6.4561499023e+02 6.4563299561e+02 6.4565997314e+02 6.4570098877e+02
6.4369201660e+02 6.4381402588e+02 6.4384997559e+02 6.4386199951e+02 6.4386102295e+02 6.4384301758e+02 6.4385198975e+02 6.4382501221e+02 6.4380297852e+02 6.4375799561e+02 6.4372198486e+02 6.4370397949e+02 6.4376501465e+02 6.4373699951e+02 6.4375201416e+02 6.4393402100e+02 6.4424798584e+02 6.4448901367e+02 6.4458197021e+02 6.4464599609e+02 6.4466802979e+02 6.4470202637e+02 6.4473297119e+02 6.4486602783e+02 6.4502801514e+02 6.4501800537e+02 6.4516601563e+02 6.4549597168e+02 6.4588000488e+02 6.4607202148e+02 6.4600598145e+02 6.4598400879e+02 6.4611798096e+02 6.4622497559e+02 6.4627197266e+02 6.4625701904e+02 6.4617102051e+02 6.4605200195e+02 6.4595001221e+02 6.4585699463e+02 6.4576397705e+02 6.4571398926e+02 6.4569702148e+02 6.4570001221e+02 6.4570898438e+02 6.4574700928e+02
6.4360198975e+02 6.4377099609e+02 6.4381298828e+02 6.4381896973e+02 6.4382702637e+02 6.4381201172e+02 6.4381402588e+02 6.4378497314e+02 6.4376300049e+02 6.4371600342e+02 6.4367901611e+02 6.4366400146e+02 6.4370501709e+02 6.4367797852e+02 6.4370397949e+02 6.4391400146e+02 6.4422802734e+02 6.4442297363e+02 6.4452502441e+02 6.4461901855e+02 6.4464398193e+02 6.4469000244e+02 6.4468499756e+02 6.4474499512e+02 6.4493701172e+02 6.4497900391e+02 6.4495599365e+02 6.4515600586e+02 6.4558801270e+02 6.4589398193e+02 6.4597302246e+02 6.4599798584e+02 6.4608599854e+02 6.4616900635e+02 6.4623901367e+02 6.4625201416e+02 6.4619299316e+02 6.4612097168e+02 6.4606701660e+02 6.4601098633e+02 6.4593499756e+02 6.4587902832e+02 6.4584802246e+02 6.4582598877e+02 6.4580902100e+02 6.4581402588e+02
6.4348999023e+02 6.4373498535e+02 6.4380603027e+02 6.4378997803e+02 6.4379302979e+02 6.4378302002e+02 6.4377600098e+02 6.4374401855e+02 6.4373199463e+02 6.4369799805e+02 6.4363397217e+02 6.4359600830e+02 6.4362701416e+02 6.4358099365e+02 6.4358697510e+02 6.4380798340e+02 6.4416699219e+02 6.4434399414e+02 6.4443499756e+02 6.4453497314e+02 6.4459399414e+02 6.4462402344e+02 6.4463000488e+02 6.4465002441e+02 6.4481597900e+02 6.4500201416e+02 6.4492498779e+02 6.4499499512e+02 6.4536999512e+02 6.4571801758e+02 6.4590600586e+02 6.4593798828e+02 6.4595898438e+02 6.4604602051e+02 6.4613800049e+02 6.4619000244e+02 6.4617901611e+02 6.4616601563e+02 6.4616802979e+02 6.4616101074e+02 6.4611901855e+02 6.4607501221e+02 6.4603698730e+02 6.4599798584e+02 6.4595397949e+02 6.4591400146e+02
