TESTSERVER/2/2.asc
NCOLS 100
NROWS 100
XLLCORNER 7.5997500000e+03
YLLCORNER 2.8985025000e+05
CELLSIZE 5.0000000000e-01
NODATA_VALUE -9.9990000000e+03
[rows 20 to 39 of 100, columns 0 to 45 of 100]
6.3562097168e+02 6.3572802734e+02 6.3580603027e+02 6.3592999268e+02 6.3608099365e+02 6.3624902344e+02 6.3645397949e+02 6.3672998047e+02 6.3700299072e+02 6.3723999023e+02 6.3739001465e+02 6.3752899170e+02 6.3776300049e+02 6.3796899414e+02 6.3814300537e+02 6.3840100098e+02 6.3878997803e+02 6.3928399658e+02 6.3964801025e+02 6.3972198486e+02 6.3983001709e+02 6.3990197754e+02 6.3992102051e+02 6.3984802246e+02 6.3980999756e+02 6.3983697510e+02 6.3990100098e+02 6.3999401855e+02 6.4007702637e+02 6.4020300293e+02 6.4041900635e+02 6.4043701172e+02 6.4051300049e+02 6.4065600586e+02 6.4085400391e+02 6.4085601807e+02 6.4090899658e+02 6.4118103027e+02 6.4148498535e+02 6.4161102295e+02 6.4186901855e+02 6.4218200684e+02 6.4243798828e+02 6.4264898682e+02 6.4286199951e+02 6.4309301758e+02
6.3535797119e+02 6.3547100830e+02 6.3557299805e+02 6.3569097900e+02 6.3585400391e+02 6.3604797363e+02 6.3626098633e+02 6.3654498291e+02 6.3684802246e+02 6.3710699463e+02 6.3727099609e+02 6.3736798096e+02 6.3751098633e+02 6.3770300293e+02 6.3793902588e+02 6.3812597656e+02 6.3841998291e+02 6.3901000977e+02 6.3958801270e+02 6.3969500732e+02 6.3971801758e+02 6.3973999023e+02 6.3978698730e+02 6.3970697021e+02 6.3964398193e+02 6.3967797852e+02 6.3973699951e+02 6.3980499268e+02 6.3987701416e+02 6.4001702881e+02 6.4022998047e+02 6.4035302734e+02 6.4050000000e+02 6.4061401367e+02 6.4071301270e+02 6.4068298340e+02 6.4070898438e+02 6.4100402832e+02 6.4132202148e+02 6.4139300537e+02 6.4162097168e+02 6.4192901611e+02 6.4220001221e+02 6.4244500732e+02 6.4264099121e+02 6.4287097168e+02
6.3512200928e+02 6.3524798584e+02 6.3537701416e+02 6.3550402832e+02 6.3567102051e+02 6.3586602783e+02 6.3606201172e+02 6.3630700684e+02 6.3659301758e+02 6.3686798096e+02 6.3708898926e+02 6.3723498535e+02 6.3736499023e+02 6.3753002930e+02 6.3774798584e+02 6.3787500000e+02 6.3807800293e+02 6.3858300781e+02 6.3927099609e+02 6.3951397705e+02 6.3952398682e+02 6.3949798584e+02 6.3954797363e+02 6.3952697754e+02 6.3948101807e+02 6.3951000977e+02 6.3960101318e+02 6.3966802979e+02 6.3971301270e+02 6.3984600830e+02 6.4006298828e+02 6.4030999756e+02 6.4052600098e+02 6.4059399414e+02 6.4057897949e+02 6.4064501953e+02 6.4066101074e+02 6.4080902100e+02 6.4101702881e+02 6.4110699463e+02 6.4129699707e+02 6.4157897949e+02 6.4184197998e+02 6.4209802246e+02 6.4236102295e+02 6.4260900879e+02
6.3487402344e+02 6.3501501465e+02 6.3517498779e+02 6.3533197021e+02 6.3549597168e+02 6.3567297363e+02 6.3584002686e+02 6.3602301025e+02 6.3626800537e+02 6.3653802490e+02 6.3680200195e+02 6.3702301025e+02 6.3718103027e+02 6.3734802246e+02 6.3756402588e+02 6.3778302002e+02 6.3795599365e+02 6.3823400879e+02 6.3879199219e+02 6.3919299316e+02 6.3929101563e+02 6.3928100586e+02 6.3931701660e+02 6.3934600830e+02 6.3934497070e+02 6.3938000488e+02 6.3948400879e+02 6.3959399414e+02 6.3965301514e+02 6.3974401855e+02 6.3992602539e+02 6.4024700928e+02 6.4047998047e+02 6.4050000000e+02 6.4040600586e+02 6.4056896973e+02 6.4064202881e+02 6.4067498779e+02 6.4074298096e+02 6.4089501953e+02 6.4104302979e+02 6.4126300049e+02 6.4150500488e+02 6.4174902344e+02 6.4206097412e+02 6.4235400391e+02
6.3457598877e+02 6.3472802734e+02 6.3490301514e+02 6.3511297607e+02 6.3528997803e+02 6.3545300293e+02 6.3560498047e+02 6.3576599121e+02 6.3596899414e+02 6.3620800781e+02 6.3647302246e+02 6.3673699951e+02 6.3694396973e+02 6.3717102051e+02 6.3753198242e+02 6.3793298340e+02 6.3814398193e+02 6.3822601318e+02 6.3843597412e+02 6.3886901855e+02 6.3905297852e+02 6.3911700439e+02 6.3915002441e+02 6.3919201660e+02 6.3923498535e+02 6.3928198242e+02 6.3935498047e+02 6.3947998047e+02 6.3961798096e+02 6.3973101807e+02 6.3985699463e+02 6.4010498047e+02 6.4027301025e+02 6.4028997803e+02 6.4027099609e+02 6.4036798096e+02 6.4049597168e+02 6.4055297852e+02 6.4054498291e+02 6.4071301270e+02 6.4088897705e+02 6.4107299805e+02 6.4125402832e+02 6.4149401855e+02 6.4182202148e+02 6.4219000244e+02
6.3422399902e+02 6.3438098145e+02 6.3459600830e+02 6.3483197021e+02 6.3503601074e+02 6.3521899414e+02 6.3537799072e+02 6.3553198242e+02 6.3570697021e+02 6.3591198730e+02 6.3618499756e+02 6.3644097900e+02 6.3667199707e+02 6.3695300293e+02 6.3733697510e+02 6.3783197021e+02 6.3814300537e+02 6.3831500244e+02 6.3844396973e+02 6.3873297119e+02 6.3886401367e+02 6.3894702148e+02 6.3903198242e+02 6.3908502197e+02 6.3914099121e+02 6.3918701172e+02 6.3925799561e+02 6.3935198975e+02 6.3949902344e+02 6.3963800049e+02 6.3976300049e+02 6.3994299316e+02 6.4006298828e+02 6.4011297607e+02 6.4016497803e+02 6.4027600098e+02 6.4032397461e+02 6.4035998535e+02 6.4044201660e+02 6.4060400391e+02 6.4081097412e+02 6.4102001953e+02 6.4117901611e+02 6.4139898682e+02 6.4171502686e+02 6.4209002686e+02
6.3389697266e+02 6.3408197021e+02 6.3432598877e+02 6.3457098389e+02 6.3478302002e+02 6.3497698975e+02 6.3514300537e+02 6.3527697754e+02 6.3542797852e+02 6.3560998535e+02 6.3586798096e+02 6.3611297607e+02 6.3635101318e+02 6.3664898682e+02 6.3702801514e+02 6.3750097656e+02 6.3784301758e+02 6.3807299805e+02 6.3826000977e+02 6.3855499268e+02 6.3869897461e+02 6.3880297852e+02 6.3891601563e+02 6.3898901367e+02 6.3906701660e+02 6.3912402344e+02 6.3922302246e+02 6.3934698486e+02 6.3947601318e+02 6.3958197021e+02 6.3968597412e+02 6.3980798340e+02 6.3989898682e+02 6.3996697998e+02 6.4005102539e+02 6.4013702393e+02 6.4015197754e+02 6.4019799805e+02 6.4031201172e+02 6.4043701172e+02 6.4065399170e+02 6.4089898682e+02 6.4107397461e+02 6.4129602051e+02 6.4155102539e+02 6.4185998535e+02
6.3361199951e+02 6.3384100342e+02 6.3410498047e+02 6.3433197021e+02 6.3453399658e+02 6.3472198486e+02 6.3488598633e+02 6.3500402832e+02 6.3513098145e+02 6.3528997803e+02 6.3551898193e+02 6.3574298096e+02 6.3598797607e+02 6.3630499268e+02 6.3668298340e+02 6.3708197021e+02 6.3739398193e+02 6.3763500977e+02 6.3786901855e+02 6.3821002197e+02 6.3843103027e+02 6.3858398438e+02 6.3873101807e+02 6.3885699463e+02 6.3896301270e+02 6.3904400635e+02 6.3918902588e+02 6.3936102295e+02 6.3946801758e+02 6.3952899170e+02 6.3959997559e+02 6.3967901611e+02 6.3974902344e+02 6.3982897949e+02 6.3992901611e+02 6.4000897217e+02 6.4005200195e+02 6.4013397217e+02 6.4024401855e+02 6.4031799316e+02 6.4048602295e+02 6.4071801758e+02 6.4093798828e+02 6.4116302490e+02 6.4137902832e+02 6.4168798828e+02
6.3338397217e+02 6.3367401123e+02 6.3396301270e+02 6.3409997559e+02 6.3427099609e+02 6.3444396973e+02 6.3460601807e+02 6.3470599365e+02 6.3480999756e+02 6.3494500732e+02 6.3510400391e+02 6.3534197998e+02 6.3562500000e+02 6.3597698975e+02 6.3642102051e+02 6.3677197266e+02 6.3702301025e+02 6.3722302246e+02 6.3743499756e+02 6.3777197266e+02 6.3807000732e+02 6.3829998779e+02 6.3852099609e+02 6.3869799805e+02 6.3883898926e+02 6.3896002197e+02 6.3912902832e+02 6.3928399658e+02 6.3938702393e+02 6.3944500732e+02 6.3950000000e+02 6.3953002930e+02 6.3959197998e+02 6.3969000244e+02 6.3981597900e+02 6.3990997314e+02 6.3998797607e+02 6.4007397461e+02 6.4015002441e+02 6.4022998047e+02 6.4033300781e+02 6.4051501465e+02 6.4080297852e+02 6.4102899170e+02 6.4136901855e+02 6.4190600586e+02
6.3318298340e+02 6.3348297119e+02 6.3370001221e+02 6.3382299805e+02 6.3398797607e+02 6.3417199707e+02 6.3433801270e+02 6.3442199707e+02 6.3450598145e+02 6.3461602783e+02 6.3476898193e+02 6.3499499512e+02 6.3530999756e+02 6.3569000244e+02 6.3614898682e+02 6.3656500244e+02 6.3685998535e+02 6.3709698486e+02 6.3734399414e+02 6.3761401367e+02 6.3786499023e+02 6.3805902100e+02 6.3824200439e+02 6.3849499512e+02 6.3865502930e+02 6.3879101563e+02 6.3904699707e+02 6.3922198486e+02 6.3931799316e+02 6.3935101318e+02 6.3935302734e+02 6.3936901855e+02 6.3944598389e+02 6.3956402588e+02 6.3969702148e+02 6.3979498291e+02 6.3989801025e+02 6.4001202393e+02 6.4014099121e+02 6.4021099854e+02 6.4027801514e+02 6.4042401123e+02 6.4065997314e+02 6.4091699219e+02 6.4145300293e+02 6.4215100098e+02
6.3294799805e+02 6.3320098877e+02 6.3337902832e+02 6.3351397705e+02 6.3369000244e+02 6.3389001465e+02 6.3406701660e+02 6.3414801025e+02 6.3422497559e+02 6.3432897949e+02 6.3446801758e+02 6.3469000244e+02 6.3500500488e+02 6.3538800049e+02 6.3587200928e+02 6.3635400391e+02 6.3671197510e+02 6.3701000977e+02 6.3731298828e+02 6.3759301758e+02 6.3775598145e+02 6.3788702393e+02 6.3805700684e+02 6.3828698730e+02 6.3844097900e+02 6.3861102295e+02 6.3890197754e+02 6.3906500244e+02 6.3916101074e+02 6.3918200684e+02 6.3916101074e+02 6.3919702148e+02 6.3929602051e+02 6.3942999268e+02 6.3957397461e+02 6.3969000244e+02 6.3980603027e+02 6.3996002197e+02 6.4013702393e+02 6.4022100830e+02 6.4028802490e+02 6.4040100098e+02 6.4058001709e+02 6.4088000488e+02 6.4143701172e+02 6.4206701660e+02
6.3271600342e+02 6.3291101074e+02 6.3306896973e+02 6.3321697998e+02 6.3339801025e+02 6.3360198975e+02 6.3378100586e+02 6.3387402344e+02 6.3396002197e+02 6.3406799316e+02 6.3419897461e+02 6.3441302490e+02 6.3472302246e+02 6.3509698486e+02 6.3555999756e+02 6.3605798340e+02 6.3646899414e+02 6.3682501221e+02 6.3715600586e+02 6.3742102051e+02 6.3757000732e+02 6.3772100830e+02 6.3791601563e+02 6.3808801270e+02 6.3826098633e+02 6.3846502686e+02 6.3867297363e+02 6.3881402588e+02 6.3892297363e+02 6.3896502686e+02 6.3896002197e+02 6.3902398682e+02 6.3914801025e+02 6.3929901123e+02 6.3945501709e+02 6.3959002686e+02 6.3971002197e+02 6.3988299561e+02 6.4006201172e+02 6.4018499756e+02 6.4029602051e+02 6.4042199707e+02 6.4058697510e+02 6.4089398193e+02 6.4139398193e+02 6.4192498779e+02
6.3250299072e+02 6.3266497803e+02 6.3282098389e+02 6.3297399902e+02 6.3315100098e+02 6.3333001709e+02 6.3348400879e+02 6.3358502197e+02 6.3368103027e+02 6.3380499268e+02 6.3396697998e+02 6.3417401123e+02 6.3446301270e+02 6.3480902100e+02 6.3520898438e+02 6.3567401123e+02 6.3610699463e+02 6.3649798584e+02 6.3687402344e+02 6.3715899658e+02 6.3730999756e+02 6.3748199463e+02 6.3765197754e+02 6.3785900879e+02 6.3812500000e+02 6.3831701660e+02 6.3844500732e+02 6.3858001709e+02 6.3870397949e+02 6.3877899170e+02 6.3882299805e+02 6.3888299561e+02 6.3900598145e+02 6.3916900635e+02 6.3935198975e+02 6.3951898193e+02 6.3966699219e+02 6.3983502197e+02 6.3999700928e+02 6.4015502930e+02 6.4031201172e+02 6.4045599365e+02 6.4058502197e+02 6.4086102295e+02 6.4135302734e+02 6.4185601807e+02
6.3227899170e+02 6.3245300293e+02 6.3260302734e+02 6.3278601074e+02 6.3296801758e+02 6.3309600830e+02 6.3318298340e+02 6.3328100586e+02 6.3338598633e+02 6.3352899170e+02 6.3372100830e+02 6.3394000244e+02 6.3421099854e+02 6.3453302002e+02 6.3491302490e+02 6.3532702637e+02 6.3573199463e+02 6.3611199951e+02 6.3651300049e+02 6.3687298584e+02 6.3701300049e+02 6.3713098145e+02 6.3729199219e+02 6.3753399658e+02 6.3787402344e+02 6.3807000732e+02 6.3821899414e+02 6.3840600586e+02 6.3854602051e+02 6.3863800049e+02 6.3869201660e+02 6.3876300049e+02 6.3888702393e+02 6.3908197021e+02 6.3933398438e+02 6.3954498291e+02 6.3967797852e+02 6.3980102539e+02 6.3992102051e+02 6.4010302734e+02 6.4028399658e+02 6.4044702148e+02 6.4060797119e+02 6.4087500000e+02 6.4130902100e+02 6.4174597168e+02
6.3200799561e+02 6.3218701172e+02 6.3233001709e+02 6.3252502441e+02 6.3270697021e+02 6.3281799316e+02 6.3288800049e+02 6.3299700928e+02 6.3311602783e+02 6.3327301025e+02 6.3348797607e+02 6.3371899414e+02 6.3398498535e+02 6.3429400635e+02 6.3464202881e+02 6.3500500488e+02 6.3538098145e+02 6.3575097656e+02 6.3608697510e+02 6.3642102051e+02 6.3668701172e+02 6.3692401123e+02 6.3714300537e+02 6.3732202148e+02 6.3763000488e+02 6.3783502197e+02 6.3798797607e+02 6.3820202637e+02 6.3837597656e+02 6.3850000000e+02 6.3857501221e+02 6.3865899658e+02 6.3880603027e+02 6.3902398682e+02 6.3932397461e+02 6.3957202148e+02 6.3966601563e+02 6.3975598145e+02 6.3985601807e+02 6.4002398682e+02 6.4021997070e+02 6.4041198730e+02 6.4059301758e+02 6.4083502197e+02 6.4129602051e+02 6.4174200439e+02
6.3166699219e+02 6.3182299805e+02 6.3198999023e+02 6.3217199707e+02 6.3234899902e+02 6.3249298096e+02 6.3261199951e+02 6.3273400879e+02 6.3286798096e+02 6.3303802490e+02 6.3327301025e+02 6.3351702881e+02 6.3378100586e+02 6.3407598877e+02 6.3438598633e+02 6.3469097900e+02 6.3504302979e+02 6.3541101074e+02 6.3576202393e+02 6.3602099609e+02 6.3633599854e+02 6.3670098877e+02 6.3706201172e+02 6.3716198730e+02 6.3736999512e+02 6.3755499268e+02 6.3771600342e+02 6.3796502686e+02 6.3817199707e+02 6.3832897949e+02 6.3843499756e+02 6.3855200195e+02 6.3871801758e+02 6.3894500732e+02 6.3924102783e+02 6.3947698975e+02 6.3956799316e+02 6.3968103027e+02 6.3981201172e+02 6.3996301270e+02 6.4015197754e+02 6.4033801270e+02 6.4048400879e+02 6.4067999268e+02 6.4133398438e+02 6.4188800049e+02
6.3135900879e+02 6.3150201416e+02 6.3170098877e+02 6.3180102539e+02 6.3195800781e+02 6.3215997314e+02 6.3236700439e+02 6.3250402832e+02 6.3264599609e+02 6.3282098389e+02 6.3307000732e+02 6.3336499023e+02 6.3363702393e+02 6.3390100098e+02 6.3413299561e+02 6.3437097168e+02 6.3468701172e+02 6.3510998535e+02 6.3582098389e+02 6.3589801025e+02 6.3598199463e+02 6.3626098633e+02 6.3664697266e+02 6.3695001221e+02 6.3709802246e+02 6.3722302246e+02 6.3744598389e+02 6.3771801758e+02 6.3793103027e+02 6.3809301758e+02 6.3823101807e+02 6.3841198730e+02 6.3860498047e+02 6.3881799316e+02 6.3903601074e+02 6.3930700684e+02 6.3947399902e+02 6.3962200928e+02 6.3974902344e+02 6.3991101074e+02 6.4008898926e+02 6.4024401855e+02 6.4034497070e+02 6.4058898926e+02 6.4128002930e+02 6.4188500977e+02
6.3121502686e+02 6.3140698242e+02 6.3157000732e+02 6.3158801270e+02 6.3169396973e+02 6.3190997314e+02 6.3214501953e+02 6.3229101563e+02 6.3242797852e+02 6.3260601807e+02 6.3287402344e+02 6.3320001221e+02 6.3348199463e+02 6.3372698975e+02 6.3392700195e+02 6.3406701660e+02 6.3431701660e+02 6.3480902100e+02 6.3566198730e+02 6.3595397949e+02 6.3577899170e+02 6.3579199219e+02 6.3615698242e+02 6.3652197266e+02 6.3678900146e+02 6.3697302246e+02 6.3718499756e+02 6.3745001221e+02 6.3763897705e+02 6.3778302002e+02 6.3796697998e+02 6.3821301270e+02 6.3846801758e+02 6.3871099854e+02 6.3892999268e+02 6.3915997314e+02 6.3934399414e+02 6.3949298096e+02 6.3964099121e+02 6.3982800293e+02 6.4002001953e+02 6.4018499756e+02 6.4029602051e+02 6.4046398926e+02 6.4098400879e+02 6.4163897705e+02
6.3099597168e+02 6.3118402100e+02 6.3135400391e+02 6.3140802002e+02 6.3152099609e+02 6.3172100830e+02 6.3193402100e+02 6.3207299805e+02 6.3221002197e+02 6.3239398193e+02 6.3267102051e+02 6.3299499512e+02 6.3327301025e+02 6.3352001953e+02 6.3373199463e+02 6.3385400391e+02 6.3406896973e+02 6.3451702881e+02 6.3533697510e+02 6.3608099365e+02 6.3589599609e+02 6.3565502930e+02 6.3585302734e+02 6.3615399170e+02 6.3644598389e+02 6.3665997314e+02 6.3685998535e+02 6.3711602783e+02 6.3731896973e+02 6.3748797607e+02 6.3772100830e+02 6.3803198242e+02 6.3833502197e+02 6.3860998535e+02 6.3883502197e+02 6.3902801514e+02 6.3919500732e+02 6.3934497070e+02 6.3951000977e+02 6.3972497559e+02 6.3994799805e+02 6.4014398193e+02 6.4030401611e+02 6.4047100830e+02 6.4084497070e+02 6.4137402344e+02
6.3080200195e+02 6.3094897461e+02 6.3109997559e+02 6.3123602295e+02 6.3138800049e+02 6.3158099365e+02 6.3176098633e+02 6.3188800049e+02 6.3202099609e+02 6.3219598389e+02 6.3246600342e+02 6.3278497314e+02 6.3305999756e+02 6.3330902100e+02 6.3353900146e+02 6.3370300293e+02 6.3388800049e+02 6.3422302246e+02 6.3476000977e+02 6.3569299316e+02 6.3576702881e+02 6.3555999756e+02 6.3570397949e+02 6.3592797852e+02 6.3615997314e+02 6.3635302734e+02 6.3656402588e+02 6.3683697510e+02 6.3706701660e+02 6.3727001953e+02 6.3753698730e+02 6.3788299561e+02 6.3821197510e+02 6.3850299072e+02 6.3872802734e+02 6.3890002441e+02 6.3905297852e+02 6.3920098877e+02 6.3936798096e+02 6.3959497070e+02 6.3984899902e+02 6.4008398438e+02 6.4027398682e+02 6.4046600342e+02 6.4084100342e+02 6.4128002930e+02
