TESTSERVER/2/3.asc
NCOLS 100
NROWS 100
XLLCORNER 7.5997500000e+03
YLLCORNER 2.8980025000e+05
CELLSIZE 5.0000000000e-01
NODATA_VALUE -9.9990000000e+03
[rows 60 to 79 of 100, columns 46 to 91 of 100]
6.3137701416e+02 6.3163098145e+02 6.3195202637e+02 6.3222698975e+02 6.3240899658e+02 6.3252600098e+02 6.3269201660e+02 6.3292401123e+02 6.3320501709e+02 6.3330902100e+02 6.3346600342e+02 6.3369201660e+02 6.3389001465e+02 6.3414300537e+02 6.3445098877e+02 6.3474700928e+02 6.3497399902e+02 6.3509002686e+02 6.3524298096e+02 6.3535900879e+02 6.3540301514e+02 6.3551000977e+02 6.3572601318e+02 6.3594799805e+02 6.3605999756e+02 6.3603497314e+02 6.3596301270e+02 6.3581097412e+02 6.3560900879e+02 6.3548498535e+02 6.3535302734e+02 6.3519598389e+02 6.3497802734e+02 6.3463201904e+02 6.3447601318e+02 6.3443902588e+02 6.3445001221e+02 6.3452600098e+02 6.3449200439e+02 6.3438500977e+02 6.3437701416e+02 6.3445001221e+02 6.3448400879e+02 6.3443499756e+02 6.3436102295e+02 6.3435302734e+02
6.3112500000e+02 6.3139398193e+02 6.3175201416e+02 6.3207000732e+02 6.3226098633e+02 6.3239300537e+02 6.3253302002e+02 6.3276898193e+02 6.3313000488e+02 6.3325000000e+02 6.3338800049e+02 6.3361700439e+02 6.3384698486e+02 6.3412402344e+02 6.3436700439e+02 6.3458197021e+02 6.3477801514e+02 6.3493798828e+02 6.3508898926e+02 6.3519598389e+02 6.3524700928e+02 6.3533099365e+02 6.3553497314e+02 6.3579400635e+02 6.3596301270e+02 6.3595599365e+02 6.3590600586e+02 6.3580200195e+02 6.3570800781e+02 6.3565600586e+02 6.3550897217e+02 6.3529797363e+02 6.3508398438e+02 6.3476702881e+02 6.3456097412e+02 6.3446002197e+02 6.3439697266e+02 6.3451599121e+02 6.3457202148e+02 6.3444097900e+02 6.3438500977e+02 6.3448400879e+02 6.3456896973e+02 6.3452001953e+02 6.3442297363e+02 6.3439501953e+02
6.3084600830e+02 6.3110498047e+02 6.3146197510e+02 6.3181298828e+02 6.3205999756e+02 6.3223602295e+02 6.3239300537e+02 6.3262097168e+02 6.3299102783e+02 6.3315802002e+02 6.3327502441e+02 6.3346600342e+02 6.3374597168e+02 6.3407299805e+02 6.3428698730e+02 6.3444201660e+02 6.3459301758e+02 6.3475897217e+02 6.3491998291e+02 6.3504699707e+02 6.3512200928e+02 6.3516802979e+02 6.3534600830e+02 6.3560302734e+02 6.3580603027e+02 6.3583599854e+02 6.3582299805e+02 6.3578399658e+02 6.3574200439e+02 6.3569097900e+02 6.3554797363e+02 6.3533599854e+02 6.3514001465e+02 6.3490502930e+02 6.3469897461e+02 6.3455700684e+02 6.3445300293e+02 6.3452197266e+02 6.3458398438e+02 6.3449700928e+02 6.3441900635e+02 6.3447698975e+02 6.3456402588e+02 6.3453100586e+02 6.3444201660e+02 6.3440698242e+02
6.3060400391e+02 6.3082397461e+02 6.3113897705e+02 6.3149298096e+02 6.3181097412e+02 6.3208300781e+02 6.3228497314e+02 6.3249700928e+02 6.3283898926e+02 6.3309197998e+02 6.3321301270e+02 6.3334600830e+02 6.3360797119e+02 6.3393597412e+02 6.3415002441e+02 6.3430200195e+02 6.3443798828e+02 6.3459899902e+02 6.3477001953e+02 6.3491900635e+02 6.3503302002e+02 6.3506201172e+02 6.3519500732e+02 6.3540100098e+02 6.3556597900e+02 6.3561602783e+02 6.3565997314e+02 6.3569201660e+02 6.3569396973e+02 6.3563098145e+02 6.3552600098e+02 6.3538299561e+02 6.3523602295e+02 6.3502398682e+02 6.3480999756e+02 6.3464599609e+02 6.3453997803e+02 6.3455401611e+02 6.3459698486e+02 6.3459301758e+02 6.3452301025e+02 6.3449499512e+02 6.3453002930e+02 6.3448699951e+02 6.3442498779e+02 6.3440502930e+02
6.3034497070e+02 6.3059100342e+02 6.3084399414e+02 6.3115600586e+02 6.3150201416e+02 6.3190399170e+02 6.3218200684e+02 6.3239202881e+02 6.3260797119e+02 6.3295898438e+02 6.3317797852e+02 6.3333697510e+02 6.3354998779e+02 6.3377502441e+02 6.3399401855e+02 6.3418499756e+02 6.3434997559e+02 6.3449200439e+02 6.3465301514e+02 6.3481799316e+02 6.3496801758e+02 6.3502801514e+02 6.3511401367e+02 6.3522198486e+02 6.3530102539e+02 6.3537597656e+02 6.3547198486e+02 6.3557598877e+02 6.3565802002e+02 6.3559197998e+02 6.3551501465e+02 6.3545001221e+02 6.3539300537e+02 6.3519598389e+02 6.3495300293e+02 6.3473498535e+02 6.3459600830e+02 6.3461401367e+02 6.3463702393e+02 6.3463201904e+02 6.3456896973e+02 6.3454699707e+02 6.3454699707e+02 6.3451501465e+02 6.3447497559e+02 6.3442700195e+02
6.3009802246e+02 6.3034197998e+02 6.3061102295e+02 6.3092102051e+02 6.3128497314e+02 6.3168499756e+02 6.3203198242e+02 6.3231097412e+02 6.3253100586e+02 6.3278601074e+02 6.3303497314e+02 6.3326202393e+02 6.3346697998e+02 6.3366998291e+02 6.3392401123e+02 6.3416101074e+02 6.3433599854e+02 6.3445898438e+02 6.3459399414e+02 6.3476898193e+02 6.3495501709e+02 6.3502398682e+02 6.3507897949e+02 6.3513702393e+02 6.3521197510e+02 6.3526800537e+02 6.3534698486e+02 6.3546899414e+02 6.3561102295e+02 6.3559100342e+02 6.3555798340e+02 6.3554797363e+02 6.3551501465e+02 6.3535198975e+02 6.3509600830e+02 6.3484002686e+02 6.3467498779e+02 6.3467999268e+02 6.3469500732e+02 6.3466601563e+02 6.3461798096e+02 6.3461102295e+02 6.3464801025e+02 6.3469000244e+02 6.3465301514e+02 6.3454699707e+02
6.2989099121e+02 6.3016900635e+02 6.3048400879e+02 6.3082000732e+02 6.3116497803e+02 6.3153100586e+02 6.3188897705e+02 6.3219702148e+02 6.3244299316e+02 6.3267401123e+02 6.3291900635e+02 6.3315100098e+02 6.3337097168e+02 6.3360198975e+02 6.3388500977e+02 6.3413702393e+02 6.3430902100e+02 6.3441302490e+02 6.3453302002e+02 6.3471502686e+02 6.3492700195e+02 6.3499902344e+02 6.3504998779e+02 6.3509899902e+02 6.3515802002e+02 6.3521002197e+02 6.3528497314e+02 6.3540301514e+02 6.3553002930e+02 6.3554199219e+02 6.3558398438e+02 6.3563500977e+02 6.3562200928e+02 6.3552600098e+02 6.3530499268e+02 6.3503100586e+02 6.3482000732e+02 6.3479699707e+02 6.3477197266e+02 6.3472198486e+02 6.3469598389e+02 6.3469201660e+02 6.3474401855e+02 6.3480297852e+02 6.3476800537e+02 6.3464501953e+02
6.2971600342e+02 6.3003802490e+02 6.3040197754e+02 6.3077398682e+02 6.3112402344e+02 6.3146600342e+02 6.3180499268e+02 6.3210400391e+02 6.3235302734e+02 6.3262597656e+02 6.3289501953e+02 6.3309600830e+02 6.3327197266e+02 6.3351800537e+02 6.3381896973e+02 6.3406701660e+02 6.3423297119e+02 6.3433599854e+02 6.3444598389e+02 6.3462500000e+02 6.3485699463e+02 6.3495697021e+02 6.3502502441e+02 6.3508697510e+02 6.3514398193e+02 6.3520898438e+02 6.3527697754e+02 6.3536602783e+02 6.3544299316e+02 6.3546899414e+02 6.3556402588e+02 6.3565301514e+02 6.3565399170e+02 6.3561999512e+02 6.3548101807e+02 6.3524298096e+02 6.3500201416e+02 6.3490197754e+02 6.3481097412e+02 6.3476300049e+02 6.3477502441e+02 6.3478198242e+02 6.3481799316e+02 6.3484002686e+02 6.3480200195e+02 6.3469897461e+02
6.2954797363e+02 6.2992297363e+02 6.3031097412e+02 6.3070300293e+02 6.3106701660e+02 6.3144396973e+02 6.3176202393e+02 6.3204199219e+02 6.3231097412e+02 6.3264001465e+02 6.3291601563e+02 6.3307800293e+02 6.3320202637e+02 6.3345001221e+02 6.3377197266e+02 6.3399401855e+02 6.3410101318e+02 6.3423297119e+02 6.3434301758e+02 6.3448400879e+02 6.3466198730e+02 6.3487200928e+02 6.3498602295e+02 6.3508001709e+02 6.3516998291e+02 6.3522601318e+02 6.3527899170e+02 6.3533599854e+02 6.3538897705e+02 6.3544299316e+02 6.3553900146e+02 6.3561798096e+02 6.3561297607e+02 6.3555798340e+02 6.3551098633e+02 6.3539300537e+02 6.3521398926e+02 6.3502001953e+02 6.3484497070e+02 6.3478497314e+02 6.3482202148e+02 6.3486901855e+02 6.3491900635e+02 6.3491302490e+02 6.3483898926e+02 6.3474200439e+02
6.2932299805e+02 6.2977398682e+02 6.3021997070e+02 6.3064001465e+02 6.3103601074e+02 6.3139801025e+02 6.3170697021e+02 6.3198901367e+02 6.3227801514e+02 6.3267498779e+02 6.3295202637e+02 6.3307299805e+02 6.3315899658e+02 6.3334301758e+02 6.3361401367e+02 6.3381298828e+02 6.3394702148e+02 6.3409497070e+02 6.3421301270e+02 6.3433398438e+02 6.3451397705e+02 6.3473699951e+02 6.3490100098e+02 6.3502899170e+02 6.3512799072e+02 6.3519702148e+02 6.3524798584e+02 6.3530200195e+02 6.3535998535e+02 6.3541198730e+02 6.3547998047e+02 6.3554901123e+02 6.3558801270e+02 6.3558398438e+02 6.3559100342e+02 6.3556298828e+02 6.3547399902e+02 6.3528497314e+02 6.3503900146e+02 6.3489202881e+02 6.3490301514e+02 6.3491497803e+02 6.3496002197e+02 6.3497698975e+02 6.3492401123e+02 6.3484100342e+02
6.2923498535e+02 6.2978997803e+02 6.3030297852e+02 6.3072998047e+02 6.3109698486e+02 6.3142700195e+02 6.3170397949e+02 6.3195898438e+02 6.3221398926e+02 6.3258599854e+02 6.3286798096e+02 6.3299902344e+02 6.3308898926e+02 6.3322100830e+02 6.3340100098e+02 6.3358898926e+02 6.3378997803e+02 6.3395202637e+02 6.3407397461e+02 6.3419702148e+02 6.3437200928e+02 6.3461199951e+02 6.3480798340e+02 6.3496600342e+02 6.3507397461e+02 6.3514599609e+02 6.3520501709e+02 6.3526300049e+02 6.3532800293e+02 6.3538897705e+02 6.3544201660e+02 6.3550299072e+02 6.3557299805e+02 6.3561602783e+02 6.3567797852e+02 6.3572100830e+02 6.3571002197e+02 6.3559497070e+02 6.3533197021e+02 6.3509100342e+02 6.3500799561e+02 6.3494897461e+02 6.3495898438e+02 6.3499902344e+02 6.3500500488e+02 6.3497900391e+02
6.2925701904e+02 6.2996600342e+02 6.3054699707e+02 6.3096002197e+02 6.3124200439e+02 6.3152301025e+02 6.3176397705e+02 6.3197900391e+02 6.3218402100e+02 6.3244000244e+02 6.3267999268e+02 6.3285302734e+02 6.3301000977e+02 6.3316601563e+02 6.3328198242e+02 6.3343103027e+02 6.3364697266e+02 6.3380902100e+02 6.3393499756e+02 6.3406201172e+02 6.3423901367e+02 6.3449298096e+02 6.3471099854e+02 6.3488702393e+02 6.3500201416e+02 6.3508099365e+02 6.3515002441e+02 6.3521398926e+02 6.3528198242e+02 6.3536700439e+02 6.3544201660e+02 6.3551599121e+02 6.3558898926e+02 6.3565997314e+02 6.3575000000e+02 6.3581701660e+02 6.3583197021e+02 6.3575701904e+02 6.3552197266e+02 6.3527001953e+02 6.3515600586e+02 6.3505297852e+02 6.3502001953e+02 6.3505603027e+02 6.3509802246e+02 6.3514001465e+02
6.2929498291e+02 6.3008099365e+02 6.3075799561e+02 6.3120898438e+02 6.3142602539e+02 6.3161798096e+02 6.3184497070e+02 6.3205102539e+02 6.3221899414e+02 6.3238098145e+02 6.3255297852e+02 6.3274102783e+02 6.3291699219e+02 6.3309002686e+02 6.3319097900e+02 6.3332702637e+02 6.3351898193e+02 6.3366998291e+02 6.3380499268e+02 6.3394396973e+02 6.3415997314e+02 6.3437701416e+02 6.3459197998e+02 6.3477001953e+02 6.3490002441e+02 6.3500299072e+02 6.3508502197e+02 6.3515899658e+02 6.3522601318e+02 6.3534100342e+02 6.3546502686e+02 6.3555200195e+02 6.3561102295e+02 6.3571002197e+02 6.3580102539e+02 6.3583898926e+02 6.3582501221e+02 6.3577197266e+02 6.3562200928e+02 6.3547698975e+02 6.3539697266e+02 6.3522399902e+02 6.3517700195e+02 6.3520501709e+02 6.3522698975e+02 6.3528698730e+02
6.2902697754e+02 6.2990100098e+02 6.3075799561e+02 6.3136798096e+02 6.3159600830e+02 6.3172998047e+02 6.3192498779e+02 6.3211798096e+02 6.3225799561e+02 6.3240502930e+02 6.3254400635e+02 6.3272900391e+02 6.3289801025e+02 6.3299401855e+02 6.3309399414e+02 6.3326098633e+02 6.3343499756e+02 6.3358197021e+02 6.3370300293e+02 6.3383197021e+02 6.3402001953e+02 6.3423797607e+02 6.3443499756e+02 6.3461199951e+02 6.3477001953e+02 6.3489801025e+02 6.3499700928e+02 6.3507598877e+02 6.3516998291e+02 6.3541998291e+02 6.3559997559e+02 6.3561499023e+02 6.3559997559e+02 6.3570202637e+02 6.3578002930e+02 6.3581500244e+02 6.3582501221e+02 6.3582000732e+02 6.3573400879e+02 6.3564697266e+02 6.3560198975e+02 6.3545098877e+02 6.3542602539e+02 6.3547497559e+02 6.3545202637e+02 6.3543701172e+02
6.2867700195e+02 6.2961999512e+02 6.3067498779e+02 6.3145397949e+02 6.3176800537e+02 6.3187902832e+02 6.3198199463e+02 6.3211798096e+02 6.3228002930e+02 6.3242901611e+02 6.3253698730e+02 6.3271600342e+02 6.3289801025e+02 6.3296002197e+02 6.3303198242e+02 6.3318103027e+02 6.3332702637e+02 6.3344897461e+02 6.3354998779e+02 6.3366497803e+02 6.3384399414e+02 6.3405200195e+02 6.3424597168e+02 6.3443597412e+02 6.3461999512e+02 6.3478497314e+02 6.3490997314e+02 6.3499902344e+02 6.3506597900e+02 6.3536199951e+02 6.3562402344e+02 6.3565197754e+02 6.3559301758e+02 6.3566601563e+02 6.3573498535e+02 6.3578601074e+02 6.3582000732e+02 6.3584002686e+02 6.3580798340e+02 6.3578601074e+02 6.3581298828e+02 6.3572802734e+02 6.3571502686e+02 6.3576300049e+02 6.3568902588e+02 6.3560699463e+02
6.2837597656e+02 6.2943701172e+02 6.3063299561e+02 6.3151000977e+02 6.3190399170e+02 6.3199298096e+02 6.3199798584e+02 6.3208697510e+02 6.3228497314e+02 6.3235302734e+02 6.3238299561e+02 6.3252099609e+02 6.3275598145e+02 6.3285998535e+02 6.3292999268e+02 6.3306201172e+02 6.3317901611e+02 6.3327301025e+02 6.3336499023e+02 6.3347601318e+02 6.3364501953e+02 6.3384100342e+02 6.3403900146e+02 6.3424700928e+02 6.3445697021e+02 6.3465802002e+02 6.3481799316e+02 6.3492700195e+02 6.3495098877e+02 6.3518298340e+02 6.3550402832e+02 6.3560601807e+02 6.3556201172e+02 6.3562200928e+02 6.3569702148e+02 6.3577600098e+02 6.3584698486e+02 6.3586401367e+02 6.3584899902e+02 6.3585601807e+02 6.3592102051e+02 6.3586798096e+02 6.3583697510e+02 6.3587097168e+02 6.3583300781e+02 6.3574798584e+02
6.2833502197e+02 6.2969396973e+02 6.3085998535e+02 6.3161999512e+02 6.3197698975e+02 6.3203802490e+02 6.3200201416e+02 6.3210302734e+02 6.3241601563e+02 6.3234899902e+02 6.3223797607e+02 6.3227301025e+02 6.3246899414e+02 6.3261999512e+02 6.3273602295e+02 6.3287298584e+02 6.3298400879e+02 6.3306799316e+02 6.3315197754e+02 6.3327197266e+02 6.3343200684e+02 6.3362500000e+02 6.3382202148e+02 6.3403900146e+02 6.3425500488e+02 6.3452697754e+02 6.3473797607e+02 6.3486798096e+02 6.3491101074e+02 6.3499401855e+02 6.3525799561e+02 6.3545098877e+02 6.3548400879e+02 6.3557098389e+02 6.3567102051e+02 6.3579998779e+02 6.3596099854e+02 6.3596502686e+02 6.3591998291e+02 6.3588702393e+02 6.3588397217e+02 6.3589300537e+02 6.3584899902e+02 6.3586401367e+02 6.3589599609e+02 6.3584802246e+02
6.2872497559e+02 6.3038500977e+02 6.3131701660e+02 6.3172399902e+02 6.3190698242e+02 6.3196398926e+02 6.3194598389e+02 6.3201202393e+02 6.3225299072e+02 6.3232702637e+02 6.3223199463e+02 6.3218499756e+02 6.3226898193e+02 6.3237597656e+02 6.3250201416e+02 6.3262298584e+02 6.3274401855e+02 6.3287902832e+02 6.3298297119e+02 6.3310998535e+02 6.3328302002e+02 6.3344897461e+02 6.3363299561e+02 6.3383599854e+02 6.3407098389e+02 6.3436199951e+02 6.3461401367e+02 6.3477899170e+02 6.3485101318e+02 6.3488201904e+02 6.3504498291e+02 6.3523498535e+02 6.3535998535e+02 6.3548199463e+02 6.3557800293e+02 6.3575701904e+02 6.3605700684e+02 6.3614697266e+02 6.3608398438e+02 6.3600299072e+02 6.3595001221e+02 6.3598101807e+02 6.3597302246e+02 6.3601300049e+02 6.3602502441e+02 6.3597601318e+02
6.2957800293e+02 6.3116601563e+02 6.3174798584e+02 6.3182598877e+02 6.3186798096e+02 6.3193103027e+02 6.3190002441e+02 6.3188299561e+02 6.3198101807e+02 6.3215600586e+02 6.3220098877e+02 6.3217199707e+02 6.3217102051e+02 6.3222302246e+02 6.3232598877e+02 6.3243298340e+02 6.3255603027e+02 6.3271099854e+02 6.3285498047e+02 6.3299200439e+02 6.3313098145e+02 6.3328399658e+02 6.3347198486e+02 6.3367797852e+02 6.3389801025e+02 6.3415600586e+02 6.3441101074e+02 6.3460601807e+02 6.3473699951e+02 6.3480603027e+02 6.3492102051e+02 6.3506597900e+02 6.3524298096e+02 6.3540899658e+02 6.3548999023e+02 6.3563397217e+02 6.3593701172e+02 6.3610900879e+02 6.3611700439e+02 6.3607800293e+02 6.3602801514e+02 6.3601702881e+02 6.3599902344e+02 6.3601702881e+02 6.3603601074e+02 6.3603601074e+02
6.3045501709e+02 6.3166101074e+02 6.3195202637e+02 6.3186901855e+02 6.3188397217e+02 6.3197302246e+02 6.3193298340e+02 6.3186499023e+02 6.3188500977e+02 6.3201397705e+02 6.3214300537e+02 6.3222802734e+02 6.3219396973e+02 6.3217797852e+02 6.3221600342e+02 6.3231201172e+02 6.3243103027e+02 6.3253698730e+02 6.3268701172e+02 6.3283599854e+02 6.3295697021e+02 6.3311999512e+02 6.3331701660e+02 6.3353198242e+02 6.3375402832e+02 6.3397802734e+02 6.3420898438e+02 6.3441198730e+02 6.3458898926e+02 6.3473297119e+02 6.3484002686e+02 6.3494799805e+02 6.3513800049e+02 6.3536999512e+02 6.3546801758e+02 6.3555499268e+02 6.3573297119e+02 6.3589398193e+02 6.3598101807e+02 6.3602801514e+02 6.3603997803e+02 6.3603497314e+02 6.3603002930e+02 6.3601397705e+02 6.3599401855e+02 6.3601898193e+02
