TESTSERVER/2/3.asc
NCOLS 100
NROWS 100
XLLCORNER 7.5997500000e+03
YLLCORNER 2.8980025000e+05
CELLSIZE 5.0000000000e-01
NODATA_VALUE -9.9990000000e+03
[rows 0 to 19 of 100, columns 0 to 45 of 100]
6.2358300781e+02 6.2367901611e+02 6.2373400879e+02 6.2376702881e+02 6.2386297607e+02 6.2399798584e+02 6.2413098145e+02 6.2426397705e+02 6.2444000244e+02 6.2464202881e+02 6.2482702637e+02 6.2499102783e+02 6.2515698242e+02 6.2533197021e+02 6.2552099609e+02 6.2571600342e+02 6.2590399170e+02 6.2608898926e+02 6.2630700684e+02 6.2650598145e+02 6.2671301270e+02 6.2693200684e+02 6.2715301514e+02 6.2735601807e+02 6.2750598145e+02 6.2763299561e+02 6.2778900146e+02 6.2797802734e+02 6.2819299316e+02 6.2841198730e+02 6.2862298584e+02 6.2881097412e+02 6.2902197266e+02 6.2923498535e+02 6.2943103027e+02 6.2967498779e+02 6.2989501953e+02 6.3008502197e+02 6.3025500488e+02 6.3041497803e+02 6.3062200928e+02 6.3086798096e+02 6.3109100342e+02 6.3128100586e+02 6.3153002930e+02 6.3180200195e+02
6.2355102539e+02 6.2363702393e+02 6.2369097900e+02 6.2372497559e+02 6.2382702637e+02 6.2396899414e+02 6.2409301758e+02 6.2421502686e+02 6.2436401367e+02 6.2454199219e+02 6.2472399902e+02 6.2490100098e+02 6.2508001709e+02 6.2526898193e+02 6.2547198486e+02 6.2568298340e+02 6.2588800049e+02 6.2606201172e+02 6.2621899414e+02 6.2638098145e+02 6.2659100342e+02 6.2684399414e+02 6.2707501221e+02 6.2725402832e+02 6.2739001465e+02 6.2751501465e+02 6.2767199707e+02 6.2788500977e+02 6.2812200928e+02 6.2835699463e+02 6.2856597900e+02 6.2875097656e+02 6.2895098877e+02 6.2916699219e+02 6.2938897705e+02 6.2959100342e+02 6.2981701660e+02 6.3003302002e+02 6.3022998047e+02 6.3036999512e+02 6.3053100586e+02 6.3074597168e+02 6.3097698975e+02 6.3120098877e+02 6.3143103027e+02 6.3166699219e+02
6.2344097900e+02 6.2353198242e+02 6.2361798096e+02 6.2368103027e+02 6.2378002930e+02 6.2391101074e+02 6.2402899170e+02 6.2415802002e+02 6.2430999756e+02 6.2449102783e+02 6.2467797852e+02 6.2485601807e+02 6.2503900146e+02 6.2523400879e+02 6.2544396973e+02 6.2566802979e+02 6.2587701416e+02 6.2604302979e+02 6.2618798828e+02 6.2634497070e+02 6.2654699707e+02 6.2679797363e+02 6.2703302002e+02 6.2715997314e+02 6.2724597168e+02 6.2733801270e+02 6.2749499512e+02 6.2771801758e+02 6.2797302246e+02 6.2823101807e+02 6.2846801758e+02 6.2867999268e+02 6.2889801025e+02 6.2914300537e+02 6.2941601563e+02 6.2963397217e+02 6.2984100342e+02 6.3003997803e+02 6.3024298096e+02 6.3039099121e+02 6.3053198242e+02 6.3071899414e+02 6.3092700195e+02 6.3115002441e+02 6.3136102295e+02 6.3156701660e+02
6.2331896973e+02 6.2342901611e+02 6.2354101563e+02 6.2363299561e+02 6.2372900391e+02 6.2384600830e+02 6.2396899414e+02 6.2411901855e+02 6.2428997803e+02 6.2448901367e+02 6.2469500732e+02 6.2488098145e+02 6.2506402588e+02 6.2525799561e+02 6.2546697998e+02 6.2566998291e+02 6.2585498047e+02 6.2601501465e+02 6.2619299316e+02 6.2638098145e+02 6.2658801270e+02 6.2681402588e+02 6.2700201416e+02 6.2707098389e+02 6.2712701416e+02 6.2721099854e+02 6.2736999512e+02 6.2758697510e+02 6.2783898926e+02 6.2810498047e+02 6.2836602783e+02 6.2861401367e+02 6.2884698486e+02 6.2910101318e+02 6.2940698242e+02 6.2967999268e+02 6.2988702393e+02 6.3006597900e+02 6.3025598145e+02 6.3039898682e+02 6.3053002930e+02 6.3070599365e+02 6.3090399170e+02 6.3111602783e+02 6.3132598877e+02 6.3152600098e+02
6.2324798584e+02 6.2336199951e+02 6.2345697021e+02 6.2358001709e+02 6.2368902588e+02 6.2381500244e+02 6.2395300293e+02 6.2410797119e+02 6.2428399658e+02 6.2448797607e+02 6.2472497559e+02 6.2493103027e+02 6.2512402344e+02 6.2532702637e+02 6.2554400635e+02 6.2571301270e+02 6.2585699463e+02 6.2601000977e+02 6.2620300293e+02 6.2643200684e+02 6.2665997314e+02 6.2684802246e+02 6.2693499756e+02 6.2695599365e+02 6.2704998779e+02 6.2719598389e+02 6.2739001465e+02 6.2759301758e+02 6.2782397461e+02 6.2805999756e+02 6.2827398682e+02 6.2854498291e+02 6.2879498291e+02 6.2902899170e+02 6.2925201416e+02 6.2958099365e+02 6.2982598877e+02 6.3001599121e+02 6.3019500732e+02 6.3034997559e+02 6.3048101807e+02 6.3065002441e+02 6.3085101318e+02 6.3107800293e+02 6.3130902100e+02 6.3152001953e+02
6.2322302246e+02 6.2329998779e+02 6.2340002441e+02 6.2353601074e+02 6.2366802979e+02 6.2379602051e+02 6.2391998291e+02 6.2412597656e+02 6.2432202148e+02 6.2451397705e+02 6.2474499512e+02 6.2499401855e+02 6.2521600342e+02 6.2542602539e+02 6.2560998535e+02 6.2573400879e+02 6.2584899902e+02 6.2598901367e+02 6.2616198730e+02 6.2635699463e+02 6.2653497314e+02 6.2667401123e+02 6.2677398682e+02 6.2690399170e+02 6.2708697510e+02 6.2729199219e+02 6.2754797363e+02 6.2779901123e+02 6.2797698975e+02 6.2810900879e+02 6.2825701904e+02 6.2848797607e+02 6.2874902344e+02 6.2898901367e+02 6.2920202637e+02 6.2948199463e+02 6.2972601318e+02 6.2991101074e+02 6.3006896973e+02 6.3025799561e+02 6.3044097900e+02 6.3061199951e+02 6.3081298828e+02 6.3103900146e+02 6.3127502441e+02 6.3148797607e+02
6.2313098145e+02 6.2321301270e+02 6.2334197998e+02 6.2348199463e+02 6.2362799072e+02 6.2376000977e+02 6.2392498779e+02 6.2422399902e+02 6.2445501709e+02 6.2462402344e+02 6.2479998779e+02 6.2506597900e+02 6.2531896973e+02 6.2553399658e+02 6.2566802979e+02 6.2573297119e+02 6.2580603027e+02 6.2591601563e+02 6.2605297852e+02 6.2617999268e+02 6.2631799316e+02 6.2646997070e+02 6.2667199707e+02 6.2695397949e+02 6.2723199463e+02 6.2746600342e+02 6.2773297119e+02 6.2800897217e+02 6.2814801025e+02 6.2820397949e+02 6.2828198242e+02 6.2846697998e+02 6.2870300293e+02 6.2894396973e+02 6.2916998291e+02 6.2942199707e+02 6.2964501953e+02 6.2981799316e+02 6.2995300293e+02 6.3017999268e+02 6.3042602539e+02 6.3062097168e+02 6.3080297852e+02 6.3100500488e+02 6.3124597168e+02 6.3147802734e+02
6.2300201416e+02 6.2313201904e+02 6.2328997803e+02 6.2340600586e+02 6.2355902100e+02 6.2372497559e+02 6.2396997070e+02 6.2434497070e+02 6.2460400391e+02 6.2474401855e+02 6.2485498047e+02 6.2510400391e+02 6.2535998535e+02 6.2556799316e+02 6.2565399170e+02 6.2567797852e+02 6.2572497559e+02 6.2581597900e+02 6.2592401123e+02 6.2605499268e+02 6.2622601318e+02 6.2642498779e+02 6.2667602539e+02 6.2704302979e+02 6.2738397217e+02 6.2762200928e+02 6.2785699463e+02 6.2813800049e+02 6.2827301025e+02 6.2830499268e+02 6.2834600830e+02 6.2847601318e+02 6.2866101074e+02 6.2888000488e+02 6.2911999512e+02 6.2935797119e+02 6.2957501221e+02 6.2975598145e+02 6.2988201904e+02 6.3011700439e+02 6.3040997314e+02 6.3063500977e+02 6.3080603027e+02 6.3098101807e+02 6.3123400879e+02 6.3149298096e+02
6.2293902588e+02 6.2311102295e+02 6.2326000977e+02 6.2332897949e+02 6.2346997070e+02 6.2369500732e+02 6.2401702881e+02 6.2441601563e+02 6.2467401123e+02 6.2478601074e+02 6.2485797119e+02 6.2506201172e+02 6.2529101563e+02 6.2547802734e+02 6.2555902100e+02 6.2556298828e+02 6.2561401367e+02 6.2571398926e+02 6.2584197998e+02 6.2604498291e+02 6.2625000000e+02 6.2643402100e+02 6.2661499023e+02 6.2700299072e+02 6.2738201904e+02 6.2766302490e+02 6.2786901855e+02 6.2812902832e+02 6.2829602051e+02 6.2837701416e+02 6.2844097900e+02 6.2852398682e+02 6.2864398193e+02 6.2881799316e+02 6.2903997803e+02 6.2928002930e+02 6.2951898193e+02 6.2974298096e+02 6.2991101074e+02 6.3010498047e+02 6.3037701416e+02 6.3061401367e+02 6.3079602051e+02 6.3094500732e+02 6.3117700195e+02 6.3143103027e+02
6.2287097168e+02 6.2305999756e+02 6.2320300293e+02 6.2330102539e+02 6.2344897461e+02 6.2366900635e+02 6.2398101807e+02 6.2437402344e+02 6.2459698486e+02 6.2469000244e+02 6.2479302979e+02 6.2498602295e+02 6.2517498779e+02 6.2532299805e+02 6.2539501953e+02 6.2542401123e+02 6.2552197266e+02 6.2567901611e+02 6.2585601807e+02 6.2609100342e+02 6.2627502441e+02 6.2640698242e+02 6.2656597900e+02 6.2686602783e+02 6.2722302246e+02 6.2753900146e+02 6.2778302002e+02 6.2805102539e+02 6.2825799561e+02 6.2840301514e+02 6.2852600098e+02 6.2859497070e+02 6.2867297363e+02 6.2880499268e+02 6.2899798584e+02 6.2920800781e+02 6.2945001221e+02 6.2970001221e+02 6.2990002441e+02 6.3011602783e+02 6.3035601807e+02 6.3058300781e+02 6.3075500488e+02 6.3088500977e+02 6.3106597900e+02 6.3127502441e+02
6.2281597900e+02 6.2301702881e+02 6.2318597412e+02 6.2335302734e+02 6.2350598145e+02 6.2367102051e+02 6.2392297363e+02 6.2427502441e+02 6.2447302246e+02 6.2457501221e+02 6.2468597412e+02 6.2485101318e+02 6.2501800537e+02 6.2515197754e+02 6.2521997070e+02 6.2531402588e+02 6.2550500488e+02 6.2572399902e+02 6.2589599609e+02 6.2609698486e+02 6.2626000977e+02 6.2637701416e+02 6.2652099609e+02 6.2680603027e+02 6.2716699219e+02 6.2749200439e+02 6.2776000977e+02 6.2802899170e+02 6.2824902344e+02 6.2843298340e+02 6.2862097168e+02 6.2872802734e+02 6.2879302979e+02 6.2888000488e+02 6.2901599121e+02 6.2919201660e+02 6.2940698242e+02 6.2964398193e+02 6.2986401367e+02 6.3008099365e+02 6.3030700684e+02 6.3052899170e+02 6.3072698975e+02 6.3089801025e+02 6.3105200195e+02 6.3120697021e+02
6.2278399658e+02 6.2300500488e+02 6.2320800781e+02 6.2343701172e+02 6.2358197021e+02 6.2368701172e+02 6.2386401367e+02 6.2414202881e+02 6.2430700684e+02 6.2441900635e+02 6.2454101563e+02 6.2468298340e+02 6.2484802246e+02 6.2499499512e+02 6.2509698486e+02 6.2526098633e+02 6.2550701904e+02 6.2574798584e+02 6.2590997314e+02 6.2606896973e+02 6.2618902588e+02 6.2629498291e+02 6.2647100830e+02 6.2687500000e+02 6.2728002930e+02 6.2759802246e+02 6.2783599854e+02 6.2808001709e+02 6.2828399658e+02 6.2847698975e+02 6.2870599365e+02 6.2887799072e+02 6.2896899414e+02 6.2904302979e+02 6.2913201904e+02 6.2927697754e+02 6.2944201660e+02 6.2961499023e+02 6.2981298828e+02 6.3001599121e+02 6.3021697998e+02 6.3043103027e+02 6.3065600586e+02 6.3087799072e+02 6.3103698730e+02 6.3116302490e+02
6.2271899414e+02 6.2296697998e+02 6.2322601318e+02 6.2346697998e+02 6.2359600830e+02 6.2368298340e+02 6.2380999756e+02 6.2396801758e+02 6.2408697510e+02 6.2421002197e+02 6.2435400391e+02 6.2451300049e+02 6.2469500732e+02 6.2488201904e+02 6.2505798340e+02 6.2524902344e+02 6.2547601318e+02 6.2567901611e+02 6.2585101318e+02 6.2599200439e+02 6.2604699707e+02 6.2613800049e+02 6.2645898438e+02 6.2708801270e+02 6.2753802490e+02 6.2779797363e+02 6.2797198486e+02 6.2817797852e+02 6.2835101318e+02 6.2852899170e+02 6.2873602295e+02 6.2895800781e+02 6.2910198975e+02 6.2922100830e+02 6.2936102295e+02 6.2947698975e+02 6.2956597900e+02 6.2963800049e+02 6.2975897217e+02 6.2994500732e+02 6.3010498047e+02 6.3029101563e+02 6.3050701904e+02 6.3074200439e+02 6.3090399170e+02 6.3103802490e+02
6.2269201660e+02 6.2291900635e+02 6.2318597412e+02 6.2341497803e+02 6.2353497314e+02 6.2361102295e+02 6.2368701172e+02 6.2378100586e+02 6.2385900879e+02 6.2399102783e+02 6.2419000244e+02 6.2437799072e+02 6.2458502197e+02 6.2479699707e+02 6.2499902344e+02 6.2521899414e+02 6.2542102051e+02 6.2558398438e+02 6.2571801758e+02 6.2582299805e+02 6.2587500000e+02 6.2607598877e+02 6.2661999512e+02 6.2737298584e+02 6.2783099365e+02 6.2802801514e+02 6.2814898682e+02 6.2830902100e+02 6.2845697021e+02 6.2861297607e+02 6.2878900146e+02 6.2899298096e+02 6.2918499756e+02 6.2936999512e+02 6.2956201172e+02 6.2966802979e+02 6.2971099854e+02 6.2974102783e+02 6.2981298828e+02 6.2992901611e+02 6.3003997803e+02 6.3017401123e+02 6.3035400391e+02 6.3054498291e+02 6.3070397949e+02 6.3085601807e+02
6.2268597412e+02 6.2287097168e+02 6.2307299805e+02 6.2325598145e+02 6.2336999512e+02 6.2344500732e+02 6.2351702881e+02 6.2360900879e+02 6.2372802734e+02 6.2391900635e+02 6.2415100098e+02 6.2434197998e+02 6.2455200195e+02 6.2476202393e+02 6.2494702148e+02 6.2515002441e+02 6.2533898926e+02 6.2548602295e+02 6.2559802246e+02 6.2567999268e+02 6.2580200195e+02 6.2616900635e+02 6.2689001465e+02 6.2762298584e+02 6.2801898193e+02 6.2819201660e+02 6.2829901123e+02 6.2842297363e+02 6.2855200195e+02 6.2868798828e+02 6.2883697510e+02 6.2903198242e+02 6.2924700928e+02 6.2946600342e+02 6.2968200684e+02 6.2979101563e+02 6.2984497070e+02 6.2987799072e+02 6.2993298340e+02 6.3002398682e+02 6.3010797119e+02 6.3020397949e+02 6.3032299805e+02 6.3046899414e+02 6.3061102295e+02 6.3074401855e+02
6.2264202881e+02 6.2279400635e+02 6.2293499756e+02 6.2307598877e+02 6.2320202637e+02 6.2332202148e+02 6.2343798828e+02 6.2357702637e+02 6.2375701904e+02 6.2398699951e+02 6.2420098877e+02 6.2437402344e+02 6.2457000732e+02 6.2475598145e+02 6.2490502930e+02 6.2507098389e+02 6.2524597168e+02 6.2539398193e+02 6.2551501465e+02 6.2559698486e+02 6.2580902100e+02 6.2631896973e+02 6.2711999512e+02 6.2774798584e+02 6.2804498291e+02 6.2820202637e+02 6.2835699463e+02 6.2847998047e+02 6.2860601807e+02 6.2873999023e+02 6.2888397217e+02 6.2906500244e+02 6.2928100586e+02 6.2950598145e+02 6.2971697998e+02 6.2985998535e+02 6.2996697998e+02 6.3003900146e+02 6.3009497070e+02 6.3019396973e+02 6.3029302979e+02 6.3038500977e+02 6.3047601318e+02 6.3062200928e+02 6.3075000000e+02 6.3083898926e+02
6.2260498047e+02 6.2272698975e+02 6.2284997559e+02 6.2299700928e+02 6.2318298340e+02 6.2338500977e+02 6.2356799316e+02 6.2368597412e+02 6.2386602783e+02 6.2407202148e+02 6.2426000977e+02 6.2440899658e+02 6.2457800293e+02 6.2473999023e+02 6.2487500000e+02 6.2501300049e+02 6.2517999268e+02 6.2534100342e+02 6.2546801758e+02 6.2559997559e+02 6.2592297363e+02 6.2648797607e+02 6.2728002930e+02 6.2769000244e+02 6.2791998291e+02 6.2809399414e+02 6.2828900146e+02 6.2847302246e+02 6.2861700439e+02 6.2876300049e+02 6.2891900635e+02 6.2910900879e+02 6.2930401611e+02 6.2950000000e+02 6.2967102051e+02 6.2990502930e+02 6.3008300781e+02 6.3019396973e+02 6.3023199463e+02 6.3035900879e+02 6.3052398682e+02 6.3064898682e+02 6.3069299316e+02 6.3092901611e+02 6.3108300781e+02 6.3113897705e+02
6.2257800293e+02 6.2266998291e+02 6.2279498291e+02 6.2297998047e+02 6.2320202637e+02 6.2343798828e+02 6.2362799072e+02 6.2375000000e+02 6.2390502930e+02 6.2408300781e+02 6.2423901367e+02 6.2439099121e+02 6.2456402588e+02 6.2473498535e+02 6.2488598633e+02 6.2503997803e+02 6.2521502686e+02 6.2538098145e+02 6.2552099609e+02 6.2572399902e+02 6.2607800293e+02 6.2656701660e+02 6.2712500000e+02 6.2748797607e+02 6.2776702881e+02 6.2799401855e+02 6.2821099854e+02 6.2843200684e+02 6.2861700439e+02 6.2879602051e+02 6.2897698975e+02 6.2917102051e+02 6.2935998535e+02 6.2953900146e+02 6.2970300293e+02 6.2991400146e+02 6.3010400391e+02 6.3024102783e+02 6.3033300781e+02 6.3050299072e+02 6.3078399658e+02 6.3102502441e+02 6.3112799072e+02 6.3127301025e+02 6.3141101074e+02 6.3145898438e+02
6.2254199219e+02 6.2264202881e+02 6.2276599121e+02 6.2294201660e+02 6.2314202881e+02 6.2336499023e+02 6.2357000732e+02 6.2372900391e+02 6.2389398193e+02 6.2404699707e+02 6.2419000244e+02 6.2436700439e+02 6.2455603027e+02 6.2474200439e+02 6.2490899658e+02 6.2507000732e+02 6.2524200439e+02 6.2540600586e+02 6.2555499268e+02 6.2579602051e+02 6.2613098145e+02 6.2653399658e+02 6.2694396973e+02 6.2730798340e+02 6.2764202881e+02 6.2792297363e+02 6.2816198730e+02 6.2839099121e+02 6.2860699463e+02 6.2882098389e+02 6.2903198242e+02 6.2923602295e+02 6.2943298340e+02 6.2961199951e+02 6.2975402832e+02 6.2991998291e+02 6.3011602783e+02 6.3030297852e+02 6.3047698975e+02 6.3070501709e+02 6.3103601074e+02 6.3134497070e+02 6.3154400635e+02 6.3167700195e+02 6.3177301025e+02 6.3179199219e+02
6.2250201416e+02 6.2261798096e+02 6.2275097656e+02 6.2291101074e+02 6.2307598877e+02 6.2326501465e+02 6.2347698975e+02 6.2368902588e+02 6.2386901855e+02 6.2400299072e+02 6.2413500977e+02 6.2433398438e+02 6.2453900146e+02 6.2473699951e+02 6.2490997314e+02 6.2506896973e+02 6.2523101807e+02 6.2539599609e+02 6.2556701660e+02 6.2584399414e+02 6.2616198730e+02 6.2650000000e+02 6.2684100342e+02 6.2723199463e+02 6.2760601807e+02 6.2792297363e+02 6.2815698242e+02 6.2836798096e+02 6.2860400391e+02 6.2884698486e+02 6.2908599854e+02 6.2931201172e+02 6.2952301025e+02 6.2971099854e+02 6.2985498047e+02 6.3001000977e+02 6.3021899414e+02 6.3045001221e+02 6.3068902588e+02 6.3092901611e+02 6.3123901367e+02 6.3154302979e+02 6.3177301025e+02 6.3192102051e+02 6.3203601074e+02 6.3207202148e+02
