TESTSERVER/2/3.asc
NCOLS 100
NROWS 100
XLLCORNER 7.5997500000e+03
YLLCORNER 2.8980025000e+05
CELLSIZE 5.0000000000e-01
NODATA_VALUE -9.9990000000e+03
[rows 40 to 59 of 100, columns 46 to 91 of 100]
6.3529797363e+02 6.3541601563e+02 6.3532897949e+02 6.3528698730e+02 6.3533197021e+02 6.3549499512e+02 6.3562701416e+02 6.3544897461e+02 6.3501501465e+02 6.3469799805e+02 6.3463800049e+02 6.3461401367e+02 6.3451300049e+02 6.3429901123e+02 6.3406402588e+02 6.3386297607e+02 6.3365698242e+02 6.3366302490e+02 6.3371600342e+02 6.3377301025e+02 6.3381402588e+02 6.3380999756e+02 6.3375299072e+02 6.3370599365e+02 6.3368103027e+02 6.3368499756e+02 6.3371398926e+02 6.3376000977e+02 6.3383898926e+02 6.3391699219e+02 6.3396899414e+02 6.3404101563e+02 6.3418402100e+02 6.3437597656e+02 6.3451898193e+02 6.3464300537e+02 6.3474798584e+02 6.3483001709e+02 6.3491101074e+02 6.3501300049e+02 6.3513598633e+02 6.3530499268e+02 6.3551800537e+02 6.3569500732e+02 6.3583300781e+02 6.3595800781e+02
6.3527301025e+02 6.3540301514e+02 6.3537799072e+02 6.3533697510e+02 6.3532299805e+02 6.3549700928e+02 6.3566601563e+02 6.3554602051e+02 6.3519799805e+02 6.3476800537e+02 6.3466900635e+02 6.3464599609e+02 6.3456500244e+02 6.3448101807e+02 6.3436499023e+02 6.3415100098e+02 6.3384899902e+02 6.3374298096e+02 6.3379901123e+02 6.3381500244e+02 6.3380200195e+02 6.3377697754e+02 6.3375897217e+02 6.3375402832e+02 6.3375500488e+02 6.3374102783e+02 6.3375500488e+02 6.3378198242e+02 6.3382702637e+02 6.3386901855e+02 6.3389300537e+02 6.3394799805e+02 6.3408697510e+02 6.3425097656e+02 6.3437597656e+02 6.3448901367e+02 6.3460198975e+02 6.3469702148e+02 6.3479302979e+02 6.3489801025e+02 6.3501300049e+02 6.3516998291e+02 6.3537799072e+02 6.3554602051e+02 6.3569097900e+02 6.3584600830e+02
6.3523199463e+02 6.3536901855e+02 6.3537701416e+02 6.3533197021e+02 6.3532702637e+02 6.3549298096e+02 6.3560998535e+02 6.3552001953e+02 6.3531500244e+02 6.3498297119e+02 6.3484197998e+02 6.3476000977e+02 6.3470098877e+02 6.3466900635e+02 6.3462701416e+02 6.3452197266e+02 6.3422198486e+02 6.3386700439e+02 6.3383502197e+02 6.3380401611e+02 6.3376800537e+02 6.3374102783e+02 6.3376000977e+02 6.3379199219e+02 6.3380401611e+02 6.3378802490e+02 6.3379400635e+02 6.3380603027e+02 6.3383197021e+02 6.3385198975e+02 6.3385699463e+02 6.3390100098e+02 6.3402099609e+02 6.3415502930e+02 6.3426000977e+02 6.3435797119e+02 6.3447198486e+02 6.3459100342e+02 6.3470001221e+02 6.3480401611e+02 6.3490301514e+02 6.3503997803e+02 6.3522497559e+02 6.3539398193e+02 6.3555700684e+02 6.3572698975e+02
6.3519702148e+02 6.3531597900e+02 6.3534698486e+02 6.3531097412e+02 6.3534802246e+02 6.3550701904e+02 6.3555499268e+02 6.3548498535e+02 6.3538702393e+02 6.3523602295e+02 6.3514001465e+02 6.3496398926e+02 6.3482000732e+02 6.3477899170e+02 6.3475799561e+02 6.3468402100e+02 6.3441998291e+02 6.3393701172e+02 6.3382897949e+02 6.3378601074e+02 6.3375701904e+02 6.3372497559e+02 6.3377197266e+02 6.3381896973e+02 6.3382098389e+02 6.3382501221e+02 6.3383697510e+02 6.3384197998e+02 6.3385498047e+02 6.3386199951e+02 6.3385302734e+02 6.3388500977e+02 6.3398400879e+02 6.3408697510e+02 6.3416900635e+02 6.3424798584e+02 6.3435797119e+02 6.3449102783e+02 6.3460797119e+02 6.3471002197e+02 6.3480700684e+02 6.3494598389e+02 6.3509802246e+02 6.3525000000e+02 6.3540802002e+02 6.3558300781e+02
6.3514599609e+02 6.3526702881e+02 6.3534698486e+02 6.3536499023e+02 6.3540002441e+02 6.3550299072e+02 6.3552697754e+02 6.3549298096e+02 6.3540802002e+02 6.3535198975e+02 6.3535998535e+02 6.3522900391e+02 6.3501098633e+02 6.3488299561e+02 6.3495098877e+02 6.3488299561e+02 6.3466802979e+02 6.3408099365e+02 6.3387298584e+02 6.3386798096e+02 6.3381402588e+02 6.3372802734e+02 6.3375799561e+02 6.3380200195e+02 6.3382299805e+02 6.3387097168e+02 6.3390197754e+02 6.3389697266e+02 6.3387500000e+02 6.3387701416e+02 6.3386798096e+02 6.3388598633e+02 6.3394396973e+02 6.3403198242e+02 6.3409301758e+02 6.3416302490e+02 6.3426098633e+02 6.3438800049e+02 6.3449298096e+02 6.3458898926e+02 6.3471002197e+02 6.3487402344e+02 6.3499200439e+02 6.3509802246e+02 6.3523101807e+02 6.3541497803e+02
6.3513201904e+02 6.3520098877e+02 6.3531896973e+02 6.3542797852e+02 6.3547698975e+02 6.3551800537e+02 6.3551800537e+02 6.3552502441e+02 6.3554498291e+02 6.3554302979e+02 6.3556201172e+02 6.3552697754e+02 6.3541699219e+02 6.3510198975e+02 6.3507098389e+02 6.3510601807e+02 6.3503900146e+02 6.3453399658e+02 6.3408898926e+02 6.3392999268e+02 6.3390399170e+02 6.3379901123e+02 6.3375402832e+02 6.3375500488e+02 6.3380902100e+02 6.3389202881e+02 6.3395397949e+02 6.3396002197e+02 6.3390997314e+02 6.3387500000e+02 6.3388098145e+02 6.3390301514e+02 6.3393499756e+02 6.3397698975e+02 6.3403002930e+02 6.3410198975e+02 6.3420001221e+02 6.3431298828e+02 6.3439099121e+02 6.3446801758e+02 6.3460101318e+02 6.3475000000e+02 6.3486401367e+02 6.3497998047e+02 6.3513897705e+02 6.3531298828e+02
6.3507800293e+02 6.3511297607e+02 6.3526898193e+02 6.3543298340e+02 6.3552398682e+02 6.3558197021e+02 6.3556097412e+02 6.3555401611e+02 6.3559899902e+02 6.3564599609e+02 6.3568402100e+02 6.3565802002e+02 6.3562402344e+02 6.3536297607e+02 6.3526501465e+02 6.3525799561e+02 6.3523999023e+02 6.3501300049e+02 6.3458398438e+02 6.3419500732e+02 6.3404699707e+02 6.3392700195e+02 6.3383398438e+02 6.3379797363e+02 6.3383898926e+02 6.3393902588e+02 6.3403497314e+02 6.3406402588e+02 6.3400500488e+02 6.3395599365e+02 6.3395202637e+02 6.3396099854e+02 6.3395800781e+02 6.3396801758e+02 6.3400598145e+02 6.3406799316e+02 6.3415899658e+02 6.3425402832e+02 6.3431799316e+02 6.3438201904e+02 6.3449298096e+02 6.3460797119e+02 6.3471600342e+02 6.3483801270e+02 6.3499798584e+02 6.3517999268e+02
6.3489501953e+02 6.3494702148e+02 6.3516802979e+02 6.3539001465e+02 6.3551501465e+02 6.3564202881e+02 6.3565698242e+02 6.3565997314e+02 6.3568298340e+02 6.3572601318e+02 6.3580401611e+02 6.3577801514e+02 6.3570001221e+02 6.3553002930e+02 6.3544097900e+02 6.3541900635e+02 6.3536297607e+02 6.3524200439e+02 6.3501800537e+02 6.3460400391e+02 6.3425799561e+02 6.3407098389e+02 6.3393402100e+02 6.3388000488e+02 6.3390301514e+02 6.3402398682e+02 6.3414099121e+02 6.3418200684e+02 6.3411901855e+02 6.3406597900e+02 6.3404101563e+02 6.3402697754e+02 6.3400097656e+02 6.3399102783e+02 6.3401000977e+02 6.3405401611e+02 6.3413201904e+02 6.3421002197e+02 6.3426098633e+02 6.3431097412e+02 6.3440399170e+02 6.3449798584e+02 6.3458001709e+02 6.3466497803e+02 6.3478302002e+02 6.3497198486e+02
6.3459698486e+02 6.3472900391e+02 6.3503997803e+02 6.3532702637e+02 6.3548297119e+02 6.3563800049e+02 6.3571197510e+02 6.3580200195e+02 6.3591601563e+02 6.3586999512e+02 6.3592999268e+02 6.3589202881e+02 6.3574902344e+02 6.3563098145e+02 6.3555902100e+02 6.3557598877e+02 6.3554797363e+02 6.3537799072e+02 6.3525701904e+02 6.3500097656e+02 6.3459197998e+02 6.3427301025e+02 6.3405200195e+02 6.3395599365e+02 6.3394799805e+02 6.3406799316e+02 6.3418597412e+02 6.3421502686e+02 6.3416699219e+02 6.3414697266e+02 6.3410797119e+02 6.3407000732e+02 6.3403698730e+02 6.3403802490e+02 6.3403997803e+02 6.3406201172e+02 6.3411297607e+02 6.3418103027e+02 6.3422100830e+02 6.3426202393e+02 6.3435101318e+02 6.3444500732e+02 6.3448999023e+02 6.3451202393e+02 6.3452899170e+02 6.3472802734e+02
6.3429602051e+02 6.3450402832e+02 6.3486901855e+02 6.3520300293e+02 6.3542297363e+02 6.3565399170e+02 6.3570800781e+02 6.3575598145e+02 6.3588800049e+02 6.3592401123e+02 6.3599798584e+02 6.3598999023e+02 6.3584002686e+02 6.3578698730e+02 6.3572802734e+02 6.3568902588e+02 6.3565502930e+02 6.3558502197e+02 6.3546600342e+02 6.3523999023e+02 6.3495501709e+02 6.3464099121e+02 6.3435101318e+02 6.3413598633e+02 6.3403900146e+02 6.3408697510e+02 6.3416601563e+02 6.3417797852e+02 6.3416302490e+02 6.3416699219e+02 6.3415899658e+02 6.3414001465e+02 6.3412500000e+02 6.3410498047e+02 6.3407897949e+02 6.3407202148e+02 6.3409698486e+02 6.3415002441e+02 6.3418902588e+02 6.3422497559e+02 6.3429797363e+02 6.3437902832e+02 6.3442602539e+02 6.3443798828e+02 6.3443701172e+02 6.3457501221e+02
6.3405999756e+02 6.3420599365e+02 6.3449597168e+02 6.3480499268e+02 6.3510900879e+02 6.3553399658e+02 6.3570202637e+02 6.3576202393e+02 6.3590698242e+02 6.3596099854e+02 6.3603497314e+02 6.3603399658e+02 6.3590802002e+02 6.3590698242e+02 6.3587902832e+02 6.3579602051e+02 6.3570800781e+02 6.3569897461e+02 6.3563800049e+02 6.3548101807e+02 6.3532000732e+02 6.3504699707e+02 6.3478002930e+02 6.3451202393e+02 6.3424700928e+02 6.3416601563e+02 6.3418499756e+02 6.3421099854e+02 6.3422302246e+02 6.3422302246e+02 6.3423498535e+02 6.3423498535e+02 6.3422601318e+02 6.3418597412e+02 6.3413098145e+02 6.3409698486e+02 6.3410101318e+02 6.3413098145e+02 6.3415997314e+02 6.3419000244e+02 6.3424597168e+02 6.3431896973e+02 6.3436798096e+02 6.3438897705e+02 6.3441900635e+02 6.3453302002e+02
6.3387500000e+02 6.3395898438e+02 6.3413800049e+02 6.3434600830e+02 6.3460101318e+02 6.3511297607e+02 6.3545300293e+02 6.3560302734e+02 6.3584002686e+02 6.3601300049e+02 6.3607800293e+02 6.3602899170e+02 6.3592102051e+02 6.3594201660e+02 6.3594000244e+02 6.3589001465e+02 6.3580798340e+02 6.3582702637e+02 6.3584002686e+02 6.3575598145e+02 6.3563598633e+02 6.3537597656e+02 6.3514697266e+02 6.3489202881e+02 6.3456097412e+02 6.3431597900e+02 6.3423498535e+02 6.3427301025e+02 6.3432000732e+02 6.3431701660e+02 6.3433001709e+02 6.3433099365e+02 6.3431097412e+02 6.3425402832e+02 6.3418103027e+02 6.3413000488e+02 6.3412200928e+02 6.3414300537e+02 6.3416302490e+02 6.3417797852e+02 6.3420697021e+02 6.3427502441e+02 6.3432098389e+02 6.3435699463e+02 6.3442297363e+02 6.3450701904e+02
6.3367199707e+02 6.3380102539e+02 6.3395202637e+02 6.3409497070e+02 6.3423797607e+02 6.3456896973e+02 6.3496801758e+02 6.3525299072e+02 6.3550097656e+02 6.3585400391e+02 6.3604302979e+02 6.3600500488e+02 6.3590301514e+02 6.3587799072e+02 6.3588397217e+02 6.3592797852e+02 6.3595898438e+02 6.3600701904e+02 6.3605902100e+02 6.3600500488e+02 6.3590502930e+02 6.3573101807e+02 6.3550299072e+02 6.3523297119e+02 6.3492999268e+02 6.3454998779e+02 6.3434802246e+02 6.3435302734e+02 6.3441497803e+02 6.3441699219e+02 6.3442401123e+02 6.3441302490e+02 6.3436199951e+02 6.3429400635e+02 6.3421899414e+02 6.3416497803e+02 6.3413500977e+02 6.3416302490e+02 6.3419702148e+02 6.3420098877e+02 6.3420697021e+02 6.3423999023e+02 6.3426000977e+02 6.3427398682e+02 6.3434600830e+02 6.3443298340e+02
6.3345202637e+02 6.3362500000e+02 6.3377600098e+02 6.3389898682e+02 6.3398400879e+02 6.3421600342e+02 6.3456097412e+02 6.3489398193e+02 6.3513800049e+02 6.3544897461e+02 6.3570300293e+02 6.3577301025e+02 6.3580902100e+02 6.3583599854e+02 6.3580999756e+02 6.3596197510e+02 6.3615100098e+02 6.3621002197e+02 6.3622601318e+02 6.3619396973e+02 6.3620599365e+02 6.3620501709e+02 6.3603601074e+02 6.3573297119e+02 6.3533801270e+02 6.3493200684e+02 6.3465997314e+02 6.3451000977e+02 6.3449597168e+02 6.3450500488e+02 6.3450500488e+02 6.3448199463e+02 6.3442602539e+02 6.3435400391e+02 6.3427197266e+02 6.3419299316e+02 6.3414001465e+02 6.3416998291e+02 6.3422100830e+02 6.3421697998e+02 6.3418902588e+02 6.3420300293e+02 6.3422698975e+02 6.3424700928e+02 6.3432800293e+02 6.3438800049e+02
6.3326202393e+02 6.3350201416e+02 6.3365600586e+02 6.3373199463e+02 6.3376599121e+02 6.3388598633e+02 6.3413201904e+02 6.3442999268e+02 6.3468798828e+02 6.3495697021e+02 6.3522302246e+02 6.3537500000e+02 6.3555700684e+02 6.3574798584e+02 6.3575799561e+02 6.3591699219e+02 6.3615600586e+02 6.3623101807e+02 6.3625897217e+02 6.3629400635e+02 6.3637402344e+02 6.3643402100e+02 6.3631402588e+02 6.3603002930e+02 6.3567297363e+02 6.3541400146e+02 6.3516400146e+02 6.3481799316e+02 6.3459997559e+02 6.3458599854e+02 6.3457202148e+02 6.3453497314e+02 6.3447802734e+02 6.3442401123e+02 6.3434997559e+02 6.3425097656e+02 6.3414801025e+02 6.3414801025e+02 6.3417901611e+02 6.3416601563e+02 6.3415502930e+02 6.3417999268e+02 6.3420202637e+02 6.3422802734e+02 6.3429302979e+02 6.3434899902e+02
6.3307299805e+02 6.3339501953e+02 6.3355798340e+02 6.3358697510e+02 6.3356500244e+02 6.3357702637e+02 6.3370001221e+02 6.3392797852e+02 6.3418798828e+02 6.3453802490e+02 6.3489202881e+02 6.3509399414e+02 6.3525201416e+02 6.3549401855e+02 6.3554602051e+02 6.3563897705e+02 6.3582897949e+02 6.3599499512e+02 6.3612597656e+02 6.3624200439e+02 6.3631896973e+02 6.3633197021e+02 6.3625402832e+02 6.3603900146e+02 6.3577600098e+02 6.3561499023e+02 6.3543597412e+02 6.3502301025e+02 6.3468798828e+02 6.3466601563e+02 6.3463702393e+02 6.3457800293e+02 6.3450701904e+02 6.3446899414e+02 6.3442700195e+02 6.3433599854e+02 6.3420501709e+02 6.3416198730e+02 6.3416900635e+02 6.3415899658e+02 6.3415100098e+02 6.3416198730e+02 6.3418103027e+02 6.3421899414e+02 6.3427099609e+02 6.3432397461e+02
6.3281799316e+02 6.3318298340e+02 6.3335998535e+02 6.3336901855e+02 6.3333001709e+02 6.3331298828e+02 6.3335400391e+02 6.3350402832e+02 6.3376202393e+02 6.3426000977e+02 6.3472601318e+02 6.3496398926e+02 6.3505499268e+02 6.3517901611e+02 6.3528900146e+02 6.3538299561e+02 6.3553100586e+02 6.3569500732e+02 6.3588800049e+02 6.3605700684e+02 6.3615301514e+02 6.3615002441e+02 6.3614202881e+02 6.3603399658e+02 6.3584497070e+02 6.3564599609e+02 6.3544897461e+02 6.3510400391e+02 6.3480798340e+02 6.3473699951e+02 6.3470098877e+02 6.3462799072e+02 6.3449200439e+02 6.3446801758e+02 6.3446301270e+02 6.3442102051e+02 6.3432702637e+02 6.3419500732e+02 6.3420098877e+02 6.3422399902e+02 6.3418902588e+02 6.3416699219e+02 6.3417700195e+02 6.3422497559e+02 6.3428198242e+02 6.3434802246e+02
6.3239099121e+02 6.3272998047e+02 6.3292498779e+02 6.3297601318e+02 6.3300598145e+02 6.3307702637e+02 6.3313800049e+02 6.3324798584e+02 6.3344500732e+02 6.3384802246e+02 6.3426898193e+02 6.3457000732e+02 6.3473699951e+02 6.3490197754e+02 6.3507397461e+02 6.3521301270e+02 6.3532800293e+02 6.3546600342e+02 6.3563897705e+02 6.3580798340e+02 6.3590899658e+02 6.3598999023e+02 6.3611401367e+02 6.3612902832e+02 6.3597900391e+02 6.3575799561e+02 6.3555102539e+02 6.3528997803e+02 6.3500598145e+02 6.3481201172e+02 6.3471697998e+02 6.3464202881e+02 6.3450799561e+02 6.3445202637e+02 6.3444799805e+02 6.3444598389e+02 6.3440802002e+02 6.3426300049e+02 6.3422802734e+02 6.3426397705e+02 6.3426098633e+02 6.3421600342e+02 6.3420898438e+02 6.3424902344e+02 6.3429400635e+02 6.3434399414e+02
6.3193902588e+02 6.3223797607e+02 6.3246997070e+02 6.3260699463e+02 6.3271697998e+02 6.3284698486e+02 6.3296099854e+02 6.3308898926e+02 6.3324401855e+02 6.3346099854e+02 6.3375701904e+02 6.3407397461e+02 6.3436700439e+02 6.3460498047e+02 6.3484802246e+02 6.3504797363e+02 6.3516400146e+02 6.3528399658e+02 6.3546801758e+02 6.3563897705e+02 6.3571301270e+02 6.3583001709e+02 6.3605297852e+02 6.3617401123e+02 6.3608801270e+02 6.3592102051e+02 6.3576702881e+02 6.3555700684e+02 6.3527697754e+02 6.3499700928e+02 6.3484002686e+02 6.3472998047e+02 6.3458099365e+02 6.3448297119e+02 6.3445202637e+02 6.3444299316e+02 6.3442102051e+02 6.3432598877e+02 6.3426599121e+02 6.3428997803e+02 6.3431896973e+02 6.3429998779e+02 6.3428900146e+02 6.3429797363e+02 6.3431402588e+02 6.3432397461e+02
6.3157098389e+02 6.3185302734e+02 6.3213500977e+02 6.3235498047e+02 6.3251702881e+02 6.3266497803e+02 6.3283099365e+02 6.3301300049e+02 6.3319201660e+02 6.3330603027e+02 6.3348901367e+02 6.3376397705e+02 6.3406201172e+02 6.3433801270e+02 6.3463702393e+02 6.3489599609e+02 6.3504901123e+02 6.3516802979e+02 6.3535302734e+02 6.3551098633e+02 6.3555700684e+02 6.3566900635e+02 6.3591900635e+02 6.3610302734e+02 6.3610302734e+02 6.3602502441e+02 6.3593402100e+02 6.3576898193e+02 6.3551702881e+02 6.3524700928e+02 6.3507800293e+02 6.3493798828e+02 6.3474401855e+02 6.3455200195e+02 6.3446002197e+02 6.3442700195e+02 6.3441302490e+02 6.3442700195e+02 6.3437701416e+02 6.3434399414e+02 6.3435699463e+02 6.3439001465e+02 6.3440002441e+02 6.3438201904e+02 6.3436700439e+02 6.3434497070e+02
