TESTSERVER/2/4.asc
NCOLS 100
NROWS 100
XLLCORNER 7.5997500000e+03
YLLCORNER 2.8975025000e+05
CELLSIZE 5.0000000000e-01
NODATA_VALUE -9.9990000000e+03
[rows 0 to 19 of 100, columns 46 to 91 of 100]
6.2370300293e+02 6.2397302246e+02 6.2418798828e+02 6.2434698486e+02 6.2445898438e+02 6.2488098145e+02 6.2692297363e+02 6.2835198975e+02 6.2850097656e+02 6.2970697021e+02 6.3003802490e+02 6.3019000244e+02 6.3043798828e+02 6.3039599609e+02 6.3040997314e+02 6.3039599609e+02 6.3036798096e+02 6.3033898926e+02 6.3029199219e+02 6.3029400635e+02 6.3039300537e+02 6.3055297852e+02 6.3069799805e+02 6.3084301758e+02 6.3100402832e+02 6.3124499512e+02 6.3152801514e+02 6.3176898193e+02 6.3191802979e+02 6.3211102295e+02 6.3231201172e+02 6.3249798584e+02 6.3268798828e+02 6.3288299561e+02 6.3310699463e+02 6.3334301758e+02 6.3355297852e+02 6.3366802979e+02 6.3388897705e+02 6.3419097900e+02 6.3450701904e+02 6.3473602295e+02 6.3495202637e+02 6.3514599609e+02 6.3525402832e+02 6.3529901123e+02
6.2349597168e+02 6.2377502441e+02 6.2397302246e+02 6.2409301758e+02 6.2429901123e+02 6.2427899170e+02 6.2567199707e+02 6.2791601563e+02 6.2859197998e+02 6.2924401855e+02 6.2963897705e+02 6.2991101074e+02 6.3023498535e+02 6.3032000732e+02 6.3032897949e+02 6.3019799805e+02 6.3005603027e+02 6.3001800537e+02 6.3000598145e+02 6.3004101563e+02 6.3016400146e+02 6.3031799316e+02 6.3046697998e+02 6.3063299561e+02 6.3084301758e+02 6.3109698486e+02 6.3137097168e+02 6.3161199951e+02 6.3179302979e+02 6.3197998047e+02 6.3218402100e+02 6.3240502930e+02 6.3262200928e+02 6.3279797363e+02 6.3302801514e+02 6.3327801514e+02 6.3345800781e+02 6.3355297852e+02 6.3372198486e+02 6.3397900391e+02 6.3433300781e+02 6.3466802979e+02 6.3489697266e+02 6.3501898193e+02 6.3506701660e+02 6.3514697266e+02
6.2330603027e+02 6.2358599854e+02 6.2378302002e+02 6.2391101074e+02 6.2413098145e+02 6.2417102051e+02 6.2467199707e+02 6.2716198730e+02 6.2847302246e+02 6.2870300293e+02 6.2925000000e+02 6.2981402588e+02 6.3015502930e+02 6.3005102539e+02 6.3001000977e+02 6.2993103027e+02 6.2971197510e+02 6.2967498779e+02 6.2975000000e+02 6.2984100342e+02 6.2995397949e+02 6.3010101318e+02 6.3025299072e+02 6.3044000244e+02 6.3068103027e+02 6.3093298340e+02 6.3119299316e+02 6.3143499756e+02 6.3163897705e+02 6.3183099365e+02 6.3205401611e+02 6.3231701660e+02 6.3257098389e+02 6.3271600342e+02 6.3291302490e+02 6.3314300537e+02 6.3332598877e+02 6.3343701172e+02 6.3357800293e+02 6.3378198242e+02 6.3409600830e+02 6.3448199463e+02 6.3474298096e+02 6.3486499023e+02 6.3489697266e+02 6.3497399902e+02
6.2313598633e+02 6.2337200928e+02 6.2356597900e+02 6.2372900391e+02 6.2391900635e+02 6.2407897949e+02 6.2400598145e+02 6.2584399414e+02 6.2763201904e+02 6.2776397705e+02 6.2835498047e+02 6.2900402832e+02 6.2940301514e+02 6.2896600342e+02 6.2887200928e+02 6.2907800293e+02 6.2911700439e+02 6.2919000244e+02 6.2947497559e+02 6.2970697021e+02 6.2978399658e+02 6.2986401367e+02 6.3001000977e+02 6.3021398926e+02 6.3048602295e+02 6.3075000000e+02 6.3100701904e+02 6.3125201416e+02 6.3147198486e+02 6.3168200684e+02 6.3193597412e+02 6.3223797607e+02 6.3252301025e+02 6.3263702393e+02 6.3278302002e+02 6.3297698975e+02 6.3317199707e+02 6.3331896973e+02 6.3344598389e+02 6.3359698486e+02 6.3382800293e+02 6.3419299316e+02 6.3447497559e+02 6.3462799072e+02 6.3469500732e+02 6.3474499512e+02
6.2301702881e+02 6.2320397949e+02 6.2335498047e+02 6.2352600098e+02 6.2373101807e+02 6.2396697998e+02 6.2404498291e+02 6.2446600342e+02 6.2513201904e+02 6.2624798584e+02 6.2679699707e+02 6.2725097656e+02 6.2772601318e+02 6.2736901855e+02 6.2734899902e+02 6.2774499512e+02 6.2813897705e+02 6.2863201904e+02 6.2919201660e+02 6.2958502197e+02 6.2961199951e+02 6.2961499023e+02 6.2973199463e+02 6.2994702148e+02 6.3027001953e+02 6.3053601074e+02 6.3080401611e+02 6.3106298828e+02 6.3131402588e+02 6.3154101563e+02 6.3183300781e+02 6.3215997314e+02 6.3246099854e+02 6.3256500244e+02 6.3267102051e+02 6.3282598877e+02 6.3301800537e+02 6.3320202637e+02 6.3333599854e+02 6.3344396973e+02 6.3357000732e+02 6.3386901855e+02 6.3413800049e+02 6.3433099365e+02 6.3445397949e+02 6.3452899170e+02
6.2287402344e+02 6.2310400391e+02 6.2326501465e+02 6.2342700195e+02 6.2361999512e+02 6.2383300781e+02 6.2407598877e+02 6.2437500000e+02 6.2466802979e+02 6.2527697754e+02 6.2584997559e+02 6.2628302002e+02 6.2664501953e+02 6.2670098877e+02 6.2681896973e+02 6.2705902100e+02 6.2748101807e+02 6.2822900391e+02 6.2900201416e+02 6.2941601563e+02 6.2933099365e+02 6.2925598145e+02 6.2933502197e+02 6.2957800293e+02 6.2994396973e+02 6.3028497314e+02 6.3059197998e+02 6.3086700439e+02 6.3113397217e+02 6.3141198730e+02 6.3175598145e+02 6.3210198975e+02 6.3235998535e+02 6.3242700195e+02 6.3252697754e+02 6.3269201660e+02 6.3289001465e+02 6.3306402588e+02 6.3319500732e+02 6.3329199219e+02 6.3341302490e+02 6.3361700439e+02 6.3383099365e+02 6.3403900146e+02 6.3422900391e+02 6.3436199951e+02
6.2267999268e+02 6.2285699463e+02 6.2303100586e+02 6.2327197266e+02 6.2354998779e+02 6.2377697754e+02 6.2401702881e+02 6.2431500244e+02 6.2457702637e+02 6.2502398682e+02 6.2550799561e+02 6.2589202881e+02 6.2615502930e+02 6.2640002441e+02 6.2658801270e+02 6.2678100586e+02 6.2709698486e+02 6.2785797119e+02 6.2867602539e+02 6.2906402588e+02 6.2888500977e+02 6.2877001953e+02 6.2889001465e+02 6.2921301270e+02 6.2966497803e+02 6.3007598877e+02 6.3040899658e+02 6.3067901611e+02 6.3093200684e+02 6.3126800537e+02 6.3166101074e+02 6.3200897217e+02 6.3221997070e+02 6.3225701904e+02 6.3235400391e+02 6.3253198242e+02 6.3273498535e+02 6.3290997314e+02 6.3306298828e+02 6.3319500732e+02 6.3334698486e+02 6.3349798584e+02 6.3365197754e+02 6.3384600830e+02 6.3405700684e+02 6.3420001221e+02
6.2251000977e+02 6.2261297607e+02 6.2276800537e+02 6.2307702637e+02 6.2346099854e+02 6.2371301270e+02 6.2393597412e+02 6.2420397949e+02 6.2454400635e+02 6.2492297363e+02 6.2528302002e+02 6.2560900879e+02 6.2584399414e+02 6.2609698486e+02 6.2627600098e+02 6.2647601318e+02 6.2674499512e+02 6.2735900879e+02 6.2808599854e+02 6.2844000244e+02 6.2831597900e+02 6.2828302002e+02 6.2851599121e+02 6.2895599365e+02 6.2948797607e+02 6.2992901611e+02 6.3026098633e+02 6.3050500488e+02 6.3072497559e+02 6.3109997559e+02 6.3151000977e+02 6.3183599854e+02 6.3201599121e+02 6.3208197021e+02 6.3219897461e+02 6.3238299561e+02 6.3257202148e+02 6.3276098633e+02 6.3295697021e+02 6.3314898682e+02 6.3334997559e+02 6.3346697998e+02 6.3356799316e+02 6.3372998047e+02 6.3394396973e+02 6.3409197998e+02
6.2235400391e+02 6.2249401855e+02 6.2269201660e+02 6.2299298096e+02 6.2334100342e+02 6.2360101318e+02 6.2383599854e+02 6.2409497070e+02 6.2441302490e+02 6.2474499512e+02 6.2504901123e+02 6.2532800293e+02 6.2556097412e+02 6.2569000244e+02 6.2582397461e+02 6.2601202393e+02 6.2618298340e+02 6.2666998291e+02 6.2720599365e+02 6.2760101318e+02 6.2774700928e+02 6.2790802002e+02 6.2831799316e+02 6.2887799072e+02 6.2946002197e+02 6.2983502197e+02 6.3014202881e+02 6.3036297607e+02 6.3054498291e+02 6.3090899658e+02 6.3130499268e+02 6.3158398438e+02 6.3171997070e+02 6.3187500000e+02 6.3204498291e+02 6.3224401855e+02 6.3243499756e+02 6.3263897705e+02 6.3285400391e+02 6.3308801270e+02 6.3334802246e+02 6.3344799805e+02 6.3349798584e+02 6.3362097168e+02 6.3386798096e+02 6.3403302002e+02
6.2223498535e+02 6.2240600586e+02 6.2259197998e+02 6.2285302734e+02 6.2316400146e+02 6.2344702148e+02 6.2370599365e+02 6.2397198486e+02 6.2428698730e+02 6.2462799072e+02 6.2493103027e+02 6.2515997314e+02 6.2533300781e+02 6.2544702148e+02 6.2555603027e+02 6.2570800781e+02 6.2592602539e+02 6.2624298096e+02 6.2660797119e+02 6.2696398926e+02 6.2727001953e+02 6.2758502197e+02 6.2812298584e+02 6.2875897217e+02 6.2933300781e+02 6.2968798828e+02 6.2999200439e+02 6.3024401855e+02 6.3044897461e+02 6.3075500488e+02 6.3111199951e+02 6.3136700439e+02 6.3150598145e+02 6.3166400146e+02 6.3184197998e+02 6.3206097412e+02 6.3226599121e+02 6.3248999023e+02 6.3271002197e+02 6.3296002197e+02 6.3323797607e+02 6.3337902832e+02 6.3344097900e+02 6.3350799561e+02 6.3367102051e+02 6.3387402344e+02
6.2202099609e+02 6.2221997070e+02 6.2241302490e+02 6.2267102051e+02 6.2298602295e+02 6.2329998779e+02 6.2358001709e+02 6.2384997559e+02 6.2416101074e+02 6.2452001953e+02 6.2480603027e+02 6.2499200439e+02 6.2512500000e+02 6.2525402832e+02 6.2538598633e+02 6.2555798340e+02 6.2576702881e+02 6.2600701904e+02 6.2630200195e+02 6.2660498047e+02 6.2691198730e+02 6.2731597900e+02 6.2791802979e+02 6.2857897949e+02 6.2913299561e+02 6.2948797607e+02 6.2983197021e+02 6.3014099121e+02 6.3037799072e+02 6.3061602783e+02 6.3092102051e+02 6.3118701172e+02 6.3137597656e+02 6.3151397705e+02 6.3165997314e+02 6.3186199951e+02 6.3208300781e+02 6.3231799316e+02 6.3256201172e+02 6.3283099365e+02 6.3309802246e+02 6.3328302002e+02 6.3342401123e+02 6.3348602295e+02 6.3353198242e+02 6.3368902588e+02
6.2176800537e+02 6.2199700928e+02 6.2221997070e+02 6.2249298096e+02 6.2281799316e+02 6.2314697266e+02 6.2343798828e+02 6.2370300293e+02 6.2398901367e+02 6.2435302734e+02 6.2463098145e+02 6.2480102539e+02 6.2492797852e+02 6.2509002686e+02 6.2525402832e+02 6.2544097900e+02 6.2565301514e+02 6.2589300537e+02 6.2615002441e+02 6.2640802002e+02 6.2667999268e+02 6.2711499023e+02 6.2772601318e+02 6.2836102295e+02 6.2885498047e+02 6.2922601318e+02 6.2963397217e+02 6.3001397705e+02 6.3030297852e+02 6.3049902344e+02 6.3075897217e+02 6.3103802490e+02 6.3129199219e+02 6.3141900635e+02 6.3152600098e+02 6.3169201660e+02 6.3190899658e+02 6.3216497803e+02 6.3242602539e+02 6.3268701172e+02 6.3290100098e+02 6.3312701416e+02 6.3335998535e+02 6.3347399902e+02 6.3348901367e+02 6.3357501221e+02
6.2161199951e+02 6.2183599854e+02 6.2209002686e+02 6.2236798096e+02 6.2265899658e+02 6.2296301270e+02 6.2325201416e+02 6.2351098633e+02 6.2373797607e+02 6.2407397461e+02 6.2435797119e+02 6.2456896973e+02 6.2474298096e+02 6.2493798828e+02 6.2512200928e+02 6.2530297852e+02 6.2546697998e+02 6.2577398682e+02 6.2603497314e+02 6.2626702881e+02 6.2652899170e+02 6.2697698975e+02 6.2752801514e+02 6.2809997559e+02 6.2858197021e+02 6.2894799805e+02 6.2939599609e+02 6.2982397461e+02 6.3018402100e+02 6.3042700195e+02 6.3065502930e+02 6.3090802002e+02 6.3116601563e+02 6.3132000732e+02 6.3142102051e+02 6.3156298828e+02 6.3176300049e+02 6.3201599121e+02 6.3227502441e+02 6.3253002930e+02 6.3270898438e+02 6.3294000244e+02 6.3320800781e+02 6.3338299561e+02 6.3345397949e+02 6.3351800537e+02
6.2156500244e+02 6.2174401855e+02 6.2197497559e+02 6.2224298096e+02 6.2250799561e+02 6.2275598145e+02 6.2305297852e+02 6.2334197998e+02 6.2357702637e+02 6.2384100342e+02 6.2410400391e+02 6.2433697510e+02 6.2453900146e+02 6.2477697754e+02 6.2500598145e+02 6.2521301270e+02 6.2538000488e+02 6.2562799072e+02 6.2588000488e+02 6.2611798096e+02 6.2639697266e+02 6.2681701660e+02 6.2729998779e+02 6.2782897949e+02 6.2835302734e+02 6.2877197266e+02 6.2918200684e+02 6.2957098389e+02 6.2994897461e+02 6.3027899170e+02 6.3053100586e+02 6.3076599121e+02 6.3101000977e+02 6.3118701172e+02 6.3128601074e+02 6.3142700195e+02 6.3165002441e+02 6.3185400391e+02 6.3212500000e+02 6.3245300293e+02 6.3260302734e+02 6.3280999756e+02 6.3307800293e+02 6.3327697754e+02 6.3336700439e+02 6.3344396973e+02
6.2155401611e+02 6.2167999268e+02 6.2187799072e+02 6.2213500977e+02 6.2236999512e+02 6.2259497070e+02 6.2293499756e+02 6.2327502441e+02 6.2350598145e+02 6.2369396973e+02 6.2390899658e+02 6.2413702393e+02 6.2437402344e+02 6.2462597656e+02 6.2487298584e+02 6.2511999512e+02 6.2530297852e+02 6.2551098633e+02 6.2574597168e+02 6.2598498535e+02 6.2626800537e+02 6.2664599609e+02 6.2707897949e+02 6.2756298828e+02 6.2808398438e+02 6.2855401611e+02 6.2899401855e+02 6.2940502930e+02 6.2976202393e+02 6.3009100342e+02 6.3038397217e+02 6.3065399170e+02 6.3092297363e+02 6.3112200928e+02 6.3120001221e+02 6.3131701660e+02 6.3154699707e+02 6.3175097656e+02 6.3203997803e+02 6.3239001465e+02 6.3253900146e+02 6.3274200439e+02 6.3298297119e+02 6.3317297363e+02 6.3328399658e+02 6.3336999512e+02
6.2150201416e+02 6.2160400391e+02 6.2177099609e+02 6.2201397705e+02 6.2223199463e+02 6.2247900391e+02 6.2288299561e+02 6.2327697754e+02 6.2347998047e+02 6.2358898926e+02 6.2376501465e+02 6.2399298096e+02 6.2425598145e+02 6.2445697021e+02 6.2466601563e+02 6.2494299316e+02 6.2519000244e+02 6.2541601563e+02 6.2565600586e+02 6.2589099121e+02 6.2615698242e+02 6.2649798584e+02 6.2688397217e+02 6.2732202148e+02 6.2779302979e+02 6.2828997803e+02 6.2880499268e+02 6.2929101563e+02 6.2966497803e+02 6.2995697021e+02 6.3027697754e+02 6.3058099365e+02 6.3086999512e+02 6.3107397461e+02 6.3113897705e+02 6.3122601318e+02 6.3143597412e+02 6.3166302490e+02 6.3193902588e+02 6.3226300049e+02 6.3248498535e+02 6.3275097656e+02 6.3297399902e+02 6.3314501953e+02 6.3328100586e+02 6.3334197998e+02
6.2129901123e+02 6.2146801758e+02 6.2163598633e+02 6.2185998535e+02 6.2207299805e+02 6.2235302734e+02 6.2280102539e+02 6.2321398926e+02 6.2340502930e+02 6.2347198486e+02 6.2364202881e+02 6.2389300537e+02 6.2419201660e+02 6.2440600586e+02 6.2456597900e+02 6.2479998779e+02 6.2506298828e+02 6.2532897949e+02 6.2560699463e+02 6.2584997559e+02 6.2608197021e+02 6.2637902832e+02 6.2672399902e+02 6.2711499023e+02 6.2749298096e+02 6.2796301270e+02 6.2857098389e+02 6.2917999268e+02 6.2962799072e+02 6.2990899658e+02 6.3021197510e+02 6.3050897217e+02 6.3078900146e+02 6.3097302246e+02 6.3106402588e+02 6.3114300537e+02 6.3130603027e+02 6.3155798340e+02 6.3184600830e+02 6.3215399170e+02 6.3245599365e+02 6.3278198242e+02 6.3303002930e+02 6.3320202637e+02 6.3334100342e+02 6.3333502197e+02
6.2116601563e+02 6.2135900879e+02 6.2152899170e+02 6.2172100830e+02 6.2194396973e+02 6.2219598389e+02 6.2258502197e+02 6.2295800781e+02 6.2315197754e+02 6.2328100586e+02 6.2350799561e+02 6.2378997803e+02 6.2409100342e+02 6.2436401367e+02 6.2452398682e+02 6.2469598389e+02 6.2489898682e+02 6.2516400146e+02 6.2548699951e+02 6.2579199219e+02 6.2603997803e+02 6.2630603027e+02 6.2662402344e+02 6.2698400879e+02 6.2733398438e+02 6.2773297119e+02 6.2837701416e+02 6.2906097412e+02 6.2951202393e+02 6.2976501465e+02 6.3002899170e+02 6.3032299805e+02 6.3065600586e+02 6.3090002441e+02 6.3100500488e+02 6.3106201172e+02 6.3118701172e+02 6.3144598389e+02 6.3175799561e+02 6.3210198975e+02 6.3246697998e+02 6.3281298828e+02 6.3303100586e+02 6.3314501953e+02 6.3322601318e+02 6.3323699951e+02
6.2109497070e+02 6.2131201172e+02 6.2146801758e+02 6.2162200928e+02 6.2181701660e+02 6.2204400635e+02 6.2236798096e+02 6.2270300293e+02 6.2293701172e+02 6.2313500977e+02 6.2338098145e+02 6.2365197754e+02 6.2391497803e+02 6.2415997314e+02 6.2432800293e+02 6.2450000000e+02 6.2471801758e+02 6.2499102783e+02 6.2532299805e+02 6.2565600586e+02 6.2595697021e+02 6.2625402832e+02 6.2658599854e+02 6.2694000244e+02 6.2727697754e+02 6.2765301514e+02 6.2827001953e+02 6.2893499756e+02 6.2935198975e+02 6.2955902100e+02 6.2978497314e+02 6.3005798340e+02 6.3041400146e+02 6.3072497559e+02 6.3087701416e+02 6.3094396973e+02 6.3104602051e+02 6.3130200195e+02 6.3163299561e+02 6.3205999756e+02 6.3251202393e+02 6.3284698486e+02 6.3302301025e+02 6.3307897949e+02 6.3311602783e+02 6.3313098145e+02
6.2107501221e+02 6.2130102539e+02 6.2143298340e+02 6.2153900146e+02 6.2169598389e+02 6.2191998291e+02 6.2219396973e+02 6.2248901367e+02 6.2274902344e+02 6.2298901367e+02 6.2323797607e+02 6.2348602295e+02 6.2372198486e+02 6.2393402100e+02 6.2410198975e+02 6.2429998779e+02 6.2457202148e+02 6.2486499023e+02 6.2516601563e+02 6.2547100830e+02 6.2581500244e+02 6.2618597412e+02 6.2655798340e+02 6.2692999268e+02 6.2727801514e+02 6.2761297607e+02 6.2814099121e+02 6.2872698975e+02 6.2911102295e+02 6.2933898926e+02 6.2956201172e+02 6.2980603027e+02 6.3011102295e+02 6.3044897461e+02 6.3066802979e+02 6.3077301025e+02 6.3086901855e+02 6.3107501221e+02 6.3139398193e+02 6.3187799072e+02 6.3238098145e+02 6.3272198486e+02 6.3291601563e+02 6.3299597168e+02 6.3305902100e+02 6.3306298828e+02
