TESTSERVER/2/4.asc
NCOLS 100
NROWS 100
XLLCORNER 7.5997500000e+03
YLLCORNER 2.8975025000e+05
CELLSIZE 5.0000000000e-01
NODATA_VALUE -9.9990000000e+03
[rows 60 to 79 of 100, columns 0 to 45 of 100]
6.2375201416e+02 6.2379101563e+02 6.2383599854e+02 6.2390600586e+02 6.2393701172e+02 6.2391900635e+02 6.2388201904e+02 6.2387597656e+02 6.2389398193e+02 6.2395300293e+02 6.2408697510e+02 6.2423699951e+02 6.2424200439e+02 6.2417401123e+02 6.2414801025e+02 6.2407800293e+02 6.2404901123e+02 6.2408599854e+02 6.2413098145e+02 6.2419702148e+02 6.2428997803e+02 6.2437500000e+02 6.2439398193e+02 6.2434997559e+02 6.2433197021e+02 6.2434997559e+02 6.2439697266e+02 6.2439801025e+02 6.2436999512e+02 6.2432501221e+02 6.2427099609e+02 6.2420800781e+02 6.2415502930e+02 6.2412902832e+02 6.2412597656e+02 6.2410498047e+02 6.2405297852e+02 6.2399401855e+02 6.2395800781e+02 6.2396899414e+02 6.2398901367e+02 6.2397198486e+02 6.2388702393e+02 6.2370800781e+02 6.2354602051e+02 6.2341400146e+02
6.2360400391e+02 6.2363397217e+02 6.2366699219e+02 6.2374401855e+02 6.2379901123e+02 6.2381701660e+02 6.2380102539e+02 6.2381597900e+02 6.2384301758e+02 6.2391497803e+02 6.2405999756e+02 6.2420202637e+02 6.2426098633e+02 6.2426599121e+02 6.2423999023e+02 6.2415002441e+02 6.2410498047e+02 6.2412597656e+02 6.2415399170e+02 6.2416998291e+02 6.2423199463e+02 6.2431201172e+02 6.2435498047e+02 6.2436297607e+02 6.2439300537e+02 6.2442901611e+02 6.2447399902e+02 6.2449401855e+02 6.2446502686e+02 6.2441302490e+02 6.2436602783e+02 6.2430401611e+02 6.2424902344e+02 6.2422900391e+02 6.2424102783e+02 6.2425299072e+02 6.2422399902e+02 6.2418103027e+02 6.2414898682e+02 6.2413598633e+02 6.2412799072e+02 6.2410302734e+02 6.2404602051e+02 6.2390100098e+02 6.2375299072e+02 6.2363201904e+02
6.2344201660e+02 6.2347998047e+02 6.2350500488e+02 6.2356597900e+02 6.2362597656e+02 6.2366998291e+02 6.2369598389e+02 6.2374499512e+02 6.2380499268e+02 6.2390399170e+02 6.2405102539e+02 6.2414697266e+02 6.2421301270e+02 6.2425897217e+02 6.2427001953e+02 6.2422998047e+02 6.2419396973e+02 6.2418701172e+02 6.2417700195e+02 6.2416900635e+02 6.2421502686e+02 6.2428198242e+02 6.2433599854e+02 6.2441198730e+02 6.2446899414e+02 6.2448400879e+02 6.2449401855e+02 6.2452001953e+02 6.2451501465e+02 6.2448999023e+02 6.2445697021e+02 6.2437799072e+02 6.2432000732e+02 6.2430499268e+02 6.2432702637e+02 6.2435400391e+02 6.2435302734e+02 6.2433599854e+02 6.2432202148e+02 6.2429699707e+02 6.2427197266e+02 6.2425598145e+02 6.2423101807e+02 6.2413000488e+02 6.2402001953e+02 6.2390502930e+02
6.2330499268e+02 6.2336700439e+02 6.2338897705e+02 6.2341900635e+02 6.2346398926e+02 6.2352099609e+02 6.2358398438e+02 6.2367797852e+02 6.2378302002e+02 6.2391497803e+02 6.2405499268e+02 6.2409698486e+02 6.2413397217e+02 6.2417401123e+02 6.2420599365e+02 6.2424700928e+02 6.2425799561e+02 6.2425500488e+02 6.2422198486e+02 6.2420397949e+02 6.2423797607e+02 6.2428802490e+02 6.2433801270e+02 6.2443902588e+02 6.2449902344e+02 6.2449798584e+02 6.2450097656e+02 6.2454602051e+02 6.2456799316e+02 6.2456597900e+02 6.2453802490e+02 6.2446398926e+02 6.2441497803e+02 6.2440899658e+02 6.2442700195e+02 6.2445001221e+02 6.2445800781e+02 6.2445501709e+02 6.2445501709e+02 6.2442297363e+02 6.2438702393e+02 6.2438098145e+02 6.2439398193e+02 6.2435400391e+02 6.2428997803e+02 6.2418298340e+02
6.2319097900e+02 6.2327600098e+02 6.2332299805e+02 6.2332800293e+02 6.2335302734e+02 6.2340100098e+02 6.2347497559e+02 6.2361297607e+02 6.2375598145e+02 6.2390301514e+02 6.2402001953e+02 6.2406402588e+02 6.2407897949e+02 6.2407897949e+02 6.2408197021e+02 6.2415502930e+02 6.2421697998e+02 6.2427301025e+02 6.2428399658e+02 6.2426702881e+02 6.2428900146e+02 6.2431500244e+02 6.2434600830e+02 6.2440100098e+02 6.2445098877e+02 6.2448199463e+02 6.2452197266e+02 6.2458502197e+02 6.2461700439e+02 6.2461798096e+02 6.2458099365e+02 6.2454498291e+02 6.2452697754e+02 6.2453698730e+02 6.2455700684e+02 6.2456402588e+02 6.2456500244e+02 6.2455999756e+02 6.2454797363e+02 6.2450097656e+02 6.2445300293e+02 6.2444097900e+02 6.2445300293e+02 6.2448999023e+02 6.2449102783e+02 6.2441601563e+02
6.2304797363e+02 6.2311602783e+02 6.2318798828e+02 6.2322900391e+02 6.2327801514e+02 6.2334997559e+02 6.2345098877e+02 6.2357702637e+02 6.2371697998e+02 6.2387298584e+02 6.2399798584e+02 6.2406298828e+02 6.2408001709e+02 6.2406097412e+02 6.2405999756e+02 6.2410302734e+02 6.2415802002e+02 6.2430798340e+02 6.2440301514e+02 6.2437097168e+02 6.2438000488e+02 6.2435797119e+02 6.2434002686e+02 6.2438598633e+02 6.2443902588e+02 6.2449700928e+02 6.2453802490e+02 6.2459997559e+02 6.2462902832e+02 6.2463000488e+02 6.2461102295e+02 6.2459002686e+02 6.2459997559e+02 6.2462701416e+02 6.2464599609e+02 6.2464599609e+02 6.2464697266e+02 6.2464300537e+02 6.2462402344e+02 6.2455999756e+02 6.2448999023e+02 6.2446099854e+02 6.2447198486e+02 6.2451702881e+02 6.2455102539e+02 6.2450799561e+02
6.2291302490e+02 6.2296099854e+02 6.2303100586e+02 6.2310400391e+02 6.2318701172e+02 6.2330297852e+02 6.2343798828e+02 6.2354199219e+02 6.2367602539e+02 6.2384802246e+02 6.2398797607e+02 6.2405999756e+02 6.2407202148e+02 6.2404797363e+02 6.2404498291e+02 6.2407000732e+02 6.2412402344e+02 6.2432702637e+02 6.2449902344e+02 6.2453198242e+02 6.2455603027e+02 6.2449200439e+02 6.2441101074e+02 6.2440502930e+02 6.2442297363e+02 6.2447601318e+02 6.2453698730e+02 6.2461401367e+02 6.2464501953e+02 6.2464501953e+02 6.2462799072e+02 6.2461999512e+02 6.2465502930e+02 6.2470001221e+02 6.2471502686e+02 6.2471002197e+02 6.2471301270e+02 6.2471398926e+02 6.2470001221e+02 6.2462902832e+02 6.2454797363e+02 6.2450402832e+02 6.2449902344e+02 6.2452600098e+02 6.2456298828e+02 6.2453900146e+02
6.2278601074e+02 6.2282000732e+02 6.2287902832e+02 6.2296502686e+02 6.2307000732e+02 6.2322302246e+02 6.2339599609e+02 6.2349200439e+02 6.2361901855e+02 6.2379699707e+02 6.2394201660e+02 6.2401702881e+02 6.2404400635e+02 6.2403601074e+02 6.2404302979e+02 6.2405700684e+02 6.2410498047e+02 6.2429901123e+02 6.2450500488e+02 6.2465399170e+02 6.2470697021e+02 6.2462402344e+02 6.2451300049e+02 6.2444702148e+02 6.2441601563e+02 6.2445001221e+02 6.2452600098e+02 6.2461901855e+02 6.2465698242e+02 6.2465698242e+02 6.2464202881e+02 6.2465100098e+02 6.2471099854e+02 6.2476800537e+02 6.2477600098e+02 6.2476599121e+02 6.2477398682e+02 6.2478198242e+02 6.2477899170e+02 6.2471899414e+02 6.2463897705e+02 6.2458099365e+02 6.2455200195e+02 6.2454699707e+02 6.2456097412e+02 6.2453497314e+02
6.2266302490e+02 6.2270202637e+02 6.2275701904e+02 6.2283300781e+02 6.2292797852e+02 6.2308502197e+02 6.2328997803e+02 6.2340002441e+02 6.2352899170e+02 6.2369201660e+02 6.2382702637e+02 6.2393701172e+02 6.2400500488e+02 6.2403002930e+02 6.2404400635e+02 6.2404797363e+02 6.2410198975e+02 6.2425097656e+02 6.2445501709e+02 6.2465802002e+02 6.2470300293e+02 6.2462799072e+02 6.2453900146e+02 6.2444897461e+02 6.2441900635e+02 6.2445501709e+02 6.2451397705e+02 6.2459197998e+02 6.2463500977e+02 6.2464599609e+02 6.2464099121e+02 6.2469201660e+02 6.2477099609e+02 6.2483197021e+02 6.2483898926e+02 6.2481896973e+02 6.2482598877e+02 6.2483697510e+02 6.2483697510e+02 6.2480700684e+02 6.2474499512e+02 6.2467700195e+02 6.2460498047e+02 6.2456896973e+02 6.2455401611e+02 6.2452301025e+02
6.2253399658e+02 6.2257501221e+02 6.2262597656e+02 6.2270397949e+02 6.2279699707e+02 6.2294097900e+02 6.2314099121e+02 6.2327801514e+02 6.2340399170e+02 6.2354602051e+02 6.2369897461e+02 6.2384497070e+02 6.2393103027e+02 6.2396301270e+02 6.2399902344e+02 6.2402398682e+02 6.2408502197e+02 6.2419500732e+02 6.2434698486e+02 6.2452001953e+02 6.2457000732e+02 6.2458398438e+02 6.2455603027e+02 6.2444299316e+02 6.2441802979e+02 6.2446301270e+02 6.2450402832e+02 6.2454699707e+02 6.2458898926e+02 6.2461901855e+02 6.2464501953e+02 6.2472900391e+02 6.2482598877e+02 6.2488098145e+02 6.2487097168e+02 6.2485101318e+02 6.2485601807e+02 6.2486798096e+02 6.2487200928e+02 6.2485998535e+02 6.2482702637e+02 6.2477502441e+02 6.2470202637e+02 6.2464099121e+02 6.2461199951e+02 6.2457202148e+02
6.2241601563e+02 6.2245501709e+02 6.2251702881e+02 6.2261901855e+02 6.2272698975e+02 6.2285498047e+02 6.2301300049e+02 6.2315399170e+02 6.2327502441e+02 6.2339697266e+02 6.2353900146e+02 6.2368798828e+02 6.2378997803e+02 6.2384899902e+02 6.2390997314e+02 6.2395202637e+02 6.2402301025e+02 6.2410900879e+02 6.2418499756e+02 6.2429302979e+02 6.2440502930e+02 6.2452197266e+02 6.2453900146e+02 6.2445800781e+02 6.2446899414e+02 6.2452600098e+02 6.2454302979e+02 6.2455603027e+02 6.2457299805e+02 6.2459698486e+02 6.2463500977e+02 6.2474798584e+02 6.2486602783e+02 6.2491998291e+02 6.2489001465e+02 6.2486700439e+02 6.2487500000e+02 6.2489099121e+02 6.2489001465e+02 6.2488702393e+02 6.2488201904e+02 6.2485498047e+02 6.2479602051e+02 6.2472900391e+02 6.2468902588e+02 6.2464202881e+02
6.2231597900e+02 6.2235900879e+02 6.2242901611e+02 6.2255499268e+02 6.2267297363e+02 6.2278302002e+02 6.2290399170e+02 6.2302600098e+02 6.2312902832e+02 6.2322497559e+02 6.2335101318e+02 6.2349499512e+02 6.2360998535e+02 6.2369000244e+02 6.2375897217e+02 6.2380700684e+02 6.2390899658e+02 6.2403302002e+02 6.2409002686e+02 6.2413702393e+02 6.2425097656e+02 6.2437902832e+02 6.2444000244e+02 6.2448101807e+02 6.2456097412e+02 6.2462701416e+02 6.2460797119e+02 6.2457598877e+02 6.2455499268e+02 6.2455999756e+02 6.2460699463e+02 6.2474902344e+02 6.2488299561e+02 6.2493597412e+02 6.2489398193e+02 6.2487500000e+02 6.2489001465e+02 6.2491302490e+02 6.2490197754e+02 6.2489202881e+02 6.2490698242e+02 6.2490899658e+02 6.2487500000e+02 6.2481701660e+02 6.2477899170e+02 6.2472900391e+02
6.2222399902e+02 6.2227801514e+02 6.2233300781e+02 6.2245397949e+02 6.2257501221e+02 6.2268701172e+02 6.2280499268e+02 6.2290301514e+02 6.2297497559e+02 6.2304901123e+02 6.2316400146e+02 6.2332000732e+02 6.2343701172e+02 6.2350000000e+02 6.2353698730e+02 6.2360302734e+02 6.2372601318e+02 6.2391998291e+02 6.2406298828e+02 6.2408697510e+02 6.2416900635e+02 6.2427398682e+02 6.2438500977e+02 6.2448297119e+02 6.2458502197e+02 6.2463702393e+02 6.2459600830e+02 6.2454199219e+02 6.2449499512e+02 6.2449597168e+02 6.2454797363e+02 6.2471099854e+02 6.2485699463e+02 6.2490600586e+02 6.2487298584e+02 6.2488000488e+02 6.2490802002e+02 6.2494000244e+02 6.2493902588e+02 6.2490698242e+02 6.2491998291e+02 6.2494396973e+02 6.2495501709e+02 6.2491699219e+02 6.2487500000e+02 6.2482000732e+02
6.2210601807e+02 6.2217797852e+02 6.2222198486e+02 6.2230297852e+02 6.2241802979e+02 6.2255200195e+02 6.2269201660e+02 6.2279498291e+02 6.2285601807e+02 6.2290600586e+02 6.2298199463e+02 6.2309802246e+02 6.2320501709e+02 6.2327502441e+02 6.2335601807e+02 6.2344000244e+02 6.2353497314e+02 6.2368200684e+02 6.2384100342e+02 6.2395697021e+02 6.2405999756e+02 6.2416400146e+02 6.2428497314e+02 6.2441302490e+02 6.2451202393e+02 6.2454602051e+02 6.2449902344e+02 6.2444702148e+02 6.2440502930e+02 6.2442797852e+02 6.2450897217e+02 6.2463702393e+02 6.2475500488e+02 6.2482202148e+02 6.2486102295e+02 6.2488201904e+02 6.2492199707e+02 6.2497198486e+02 6.2497698975e+02 6.2494500732e+02 6.2494897461e+02 6.2497900391e+02 6.2500402832e+02 6.2498699951e+02 6.2494500732e+02 6.2487902832e+02
6.2193200684e+02 6.2202398682e+02 6.2208599854e+02 6.2215399170e+02 6.2226501465e+02 6.2239898682e+02 6.2254199219e+02 6.2264300537e+02 6.2270697021e+02 6.2274902344e+02 6.2279400635e+02 6.2287402344e+02 6.2297802734e+02 6.2307702637e+02 6.2318200684e+02 6.2327197266e+02 6.2335699463e+02 6.2346502686e+02 6.2360400391e+02 6.2375201416e+02 6.2389001465e+02 6.2400799561e+02 6.2411499023e+02 6.2425500488e+02 6.2437402344e+02 6.2443402100e+02 6.2440502930e+02 6.2438098145e+02 6.2434698486e+02 6.2436499023e+02 6.2446301270e+02 6.2457202148e+02 6.2466400146e+02 6.2475000000e+02 6.2483099365e+02 6.2486102295e+02 6.2491699219e+02 6.2498400879e+02 6.2500598145e+02 6.2498400879e+02 6.2499401855e+02 6.2503399658e+02 6.2506799316e+02 6.2504901123e+02 6.2500097656e+02 6.2493402100e+02
6.2170501709e+02 6.2181500244e+02 6.2190698242e+02 6.2199700928e+02 6.2210900879e+02 6.2222900391e+02 6.2234899902e+02 6.2243902588e+02 6.2251000977e+02 6.2255603027e+02 6.2259100342e+02 6.2265899658e+02 6.2276599121e+02 6.2288299561e+02 6.2299902344e+02 6.2309399414e+02 6.2317401123e+02 6.2325897217e+02 6.2338098145e+02 6.2351300049e+02 6.2366900635e+02 6.2381597900e+02 6.2392999268e+02 6.2406799316e+02 6.2419097900e+02 6.2426501465e+02 6.2428100586e+02 6.2430902100e+02 6.2428900146e+02 6.2429302979e+02 6.2439001465e+02 6.2449902344e+02 6.2457897949e+02 6.2466101074e+02 6.2474798584e+02 6.2480401611e+02 6.2488299561e+02 6.2496997070e+02 6.2501599121e+02 6.2501501465e+02 6.2503997803e+02 6.2509497070e+02 6.2514898682e+02 6.2512799072e+02 6.2506500244e+02 6.2500000000e+02
6.2145202637e+02 6.2156298828e+02 6.2167999268e+02 6.2180902100e+02 6.2193200684e+02 6.2203900146e+02 6.2213598633e+02 6.2223101807e+02 6.2229699707e+02 6.2233801270e+02 6.2237902832e+02 6.2245898438e+02 6.2255798340e+02 6.2267297363e+02 6.2280200195e+02 6.2290899658e+02 6.2299401855e+02 6.2307299805e+02 6.2317797852e+02 6.2326300049e+02 6.2340399170e+02 6.2358099365e+02 6.2375799561e+02 6.2391699219e+02 6.2401300049e+02 6.2405297852e+02 6.2409399414e+02 6.2414501953e+02 6.2416198730e+02 6.2419097900e+02 6.2427301025e+02 6.2438897705e+02 6.2447497559e+02 6.2454302979e+02 6.2462402344e+02 6.2472302246e+02 6.2482397461e+02 6.2491900635e+02 6.2497100830e+02 6.2501000977e+02 6.2505499268e+02 6.2512500000e+02 6.2519299316e+02 6.2518298340e+02 6.2511700439e+02 6.2506097412e+02
6.2120898438e+02 6.2131402588e+02 6.2144702148e+02 6.2159600830e+02 6.2172302246e+02 6.2182598877e+02 6.2192102051e+02 6.2202301025e+02 6.2209301758e+02 6.2214300537e+02 6.2220098877e+02 6.2228601074e+02 6.2238299561e+02 6.2250201416e+02 6.2263000488e+02 6.2272497559e+02 6.2280700684e+02 6.2289202881e+02 6.2297998047e+02 6.2305603027e+02 6.2318701172e+02 6.2334802246e+02 6.2350500488e+02 6.2369000244e+02 6.2382501221e+02 6.2387298584e+02 6.2390301514e+02 6.2393902588e+02 6.2397601318e+02 6.2404302979e+02 6.2412597656e+02 6.2424597168e+02 6.2436199951e+02 6.2444299316e+02 6.2453198242e+02 6.2464898682e+02 6.2475701904e+02 6.2484802246e+02 6.2490997314e+02 6.2495599365e+02 6.2501098633e+02 6.2508099365e+02 6.2514202881e+02 6.2514001465e+02 6.2509899902e+02 6.2507598877e+02
6.2097601318e+02 6.2109002686e+02 6.2122601318e+02 6.2137298584e+02 6.2149902344e+02 6.2159802246e+02 6.2168499756e+02 6.2178198242e+02 6.2186499023e+02 6.2193902588e+02 6.2202600098e+02 6.2212597656e+02 6.2221899414e+02 6.2232397461e+02 6.2244000244e+02 6.2252502441e+02 6.2260998535e+02 6.2270300293e+02 6.2278900146e+02 6.2287298584e+02 6.2300201416e+02 6.2314300537e+02 6.2325799561e+02 6.2340002441e+02 6.2354699707e+02 6.2361901855e+02 6.2365698242e+02 6.2371502686e+02 6.2380603027e+02 6.2392602539e+02 6.2401397705e+02 6.2409899902e+02 6.2421801758e+02 6.2432299805e+02 6.2442199707e+02 6.2454797363e+02 6.2466601563e+02 6.2476898193e+02 6.2484600830e+02 6.2491101074e+02 6.2497601318e+02 6.2504302979e+02 6.2508898926e+02 6.2508197021e+02 6.2506402588e+02 6.2507800293e+02
6.2071697998e+02 6.2084399414e+02 6.2098901367e+02 6.2112500000e+02 6.2124597168e+02 6.2134399414e+02 6.2142700195e+02 6.2152001953e+02 6.2162402344e+02 6.2172998047e+02 6.2184497070e+02 6.2195501709e+02 6.2204498291e+02 6.2213299561e+02 6.2222900391e+02 6.2230999756e+02 6.2240100098e+02 6.2251000977e+02 6.2260900879e+02 6.2271301270e+02 6.2284002686e+02 6.2295599365e+02 6.2304199219e+02 6.2311401367e+02 6.2321801758e+02 6.2329302979e+02 6.2336401367e+02 6.2347399902e+02 6.2363098145e+02 6.2381500244e+02 6.2392498779e+02 6.2397802734e+02 6.2407800293e+02 6.2417797852e+02 6.2427502441e+02 6.2441198730e+02 6.2454302979e+02 6.2466900635e+02 6.2477600098e+02 6.2487200928e+02 6.2495800781e+02 6.2502600098e+02 6.2506500244e+02 6.2506896973e+02 6.2504400635e+02 6.2503698730e+02
