TESTSERVER/2/5.asc
NCOLS 100
NROWS 100
XLLCORNER 7.5997500000e+03
YLLCORNER 2.8970025000e+05
CELLSIZE 5.0000000000e-01
NODATA_VALUE -9.9990000000e+03
[rows 60 to 79 of 100, columns 0 to 45 of 100]
6.0537799072e+02 6.0537597656e+02 6.0537799072e+02 6.0540899658e+02 6.0548498535e+02 6.0557000732e+02 6.0564202881e+02 6.0574200439e+02 6.0585101318e+02 6.0596697998e+02 6.0608697510e+02 6.0618103027e+02 6.0627697754e+02 6.0636999512e+02 6.0645800781e+02 6.0655297852e+02 6.0662500000e+02 6.0667199707e+02 6.0669799805e+02 6.0684002686e+02 6.0698101807e+02 6.0713000488e+02 6.0725598145e+02 6.0730200195e+02 6.0735699463e+02 6.0747100830e+02 6.0759100342e+02 6.0761999512e+02 6.0767199707e+02 6.0775000000e+02 6.0785302734e+02 6.0803002930e+02 6.0819299316e+02 6.0836798096e+02 6.0856201172e+02 6.0873699951e+02 6.0886798096e+02 6.0900701904e+02 6.0916802979e+02 6.0933300781e+02 6.0948101807e+02 6.0961499023e+02 6.0970697021e+02 6.0980297852e+02 6.0996197510e+02 6.1013098145e+02
6.0521197510e+02 6.0522601318e+02 6.0524499512e+02 6.0529901123e+02 6.0538299561e+02 6.0544396973e+02 6.0548602295e+02 6.0561798096e+02 6.0574401855e+02 6.0582800293e+02 6.0591699219e+02 6.0602001953e+02 6.0613299561e+02 6.0624798584e+02 6.0633801270e+02 6.0642602539e+02 6.0650701904e+02 6.0654400635e+02 6.0654302979e+02 6.0662500000e+02 6.0677001953e+02 6.0694000244e+02 6.0709301758e+02 6.0718200684e+02 6.0725598145e+02 6.0735302734e+02 6.0746697998e+02 6.0751300049e+02 6.0756097412e+02 6.0763702393e+02 6.0775500488e+02 6.0791802979e+02 6.0805798340e+02 6.0820599365e+02 6.0840197754e+02 6.0857800293e+02 6.0873999023e+02 6.0889398193e+02 6.0903900146e+02 6.0919201660e+02 6.0930798340e+02 6.0943298340e+02 6.0957800293e+02 6.0967199707e+02 6.0981402588e+02 6.1000000000e+02
6.0505499268e+02 6.0509100342e+02 6.0511999512e+02 6.0517498779e+02 6.0524401855e+02 6.0528802490e+02 6.0534002686e+02 6.0550000000e+02 6.0562402344e+02 6.0569000244e+02 6.0575402832e+02 6.0585699463e+02 6.0598498535e+02 6.0611700439e+02 6.0620202637e+02 6.0626202393e+02 6.0632702637e+02 6.0636798096e+02 6.0638098145e+02 6.0646301270e+02 6.0660601807e+02 6.0677398682e+02 6.0693402100e+02 6.0705902100e+02 6.0715600586e+02 6.0724700928e+02 6.0734802246e+02 6.0740301514e+02 6.0746398926e+02 6.0756097412e+02 6.0768103027e+02 6.0780902100e+02 6.0793902588e+02 6.0808599854e+02 6.0827197266e+02 6.0841900635e+02 6.0857598877e+02 6.0874499512e+02 6.0889202881e+02 6.0903802490e+02 6.0915002441e+02 6.0927001953e+02 6.0942297363e+02 6.0952697754e+02 6.0964898682e+02 6.0979901123e+02
6.0492999268e+02 6.0496301270e+02 6.0498901367e+02 6.0504699707e+02 6.0509899902e+02 6.0513702393e+02 6.0521002197e+02 6.0536297607e+02 6.0547802734e+02 6.0553601074e+02 6.0558801270e+02 6.0568103027e+02 6.0581298828e+02 6.0594396973e+02 6.0602301025e+02 6.0606201172e+02 6.0610900879e+02 6.0615197754e+02 6.0620397949e+02 6.0632202148e+02 6.0646600342e+02 6.0662097168e+02 6.0677899170e+02 6.0695300293e+02 6.0708300781e+02 6.0717498779e+02 6.0726202393e+02 6.0731097412e+02 6.0737298584e+02 6.0747497559e+02 6.0758801270e+02 6.0767102051e+02 6.0778997803e+02 6.0794396973e+02 6.0813201904e+02 6.0826300049e+02 6.0839801025e+02 6.0856298828e+02 6.0871697998e+02 6.0885900879e+02 6.0899298096e+02 6.0911700439e+02 6.0924700928e+02 6.0937701416e+02 6.0948999023e+02 6.0959899902e+02
6.0479302979e+02 6.0480401611e+02 6.0482299805e+02 6.0490899658e+02 6.0496502686e+02 6.0500598145e+02 6.0509301758e+02 6.0519598389e+02 6.0528100586e+02 6.0534497070e+02 6.0540399170e+02 6.0550299072e+02 6.0563598633e+02 6.0576000977e+02 6.0583099365e+02 6.0585900879e+02 6.0590502930e+02 6.0595397949e+02 6.0603002930e+02 6.0619702148e+02 6.0634399414e+02 6.0647900391e+02 6.0662402344e+02 6.0685198975e+02 6.0701202393e+02 6.0710900879e+02 6.0718798828e+02 6.0724102783e+02 6.0728900146e+02 6.0736798096e+02 6.0746099854e+02 6.0751397705e+02 6.0760900879e+02 6.0774401855e+02 6.0790802002e+02 6.0808197021e+02 6.0823199463e+02 6.0840600586e+02 6.0856298828e+02 6.0867901611e+02 6.0883099365e+02 6.0896502686e+02 6.0907000732e+02 6.0920098877e+02 6.0930999756e+02 6.0941198730e+02
6.0459399414e+02 6.0462402344e+02 6.0466302490e+02 6.0473199463e+02 6.0481298828e+02 6.0489697266e+02 6.0498400879e+02 6.0503997803e+02 6.0510198975e+02 6.0517401123e+02 6.0525097656e+02 6.0533398438e+02 6.0544897461e+02 6.0558099365e+02 6.0566302490e+02 6.0567602539e+02 6.0572198486e+02 6.0580102539e+02 6.0590600586e+02 6.0605798340e+02 6.0619500732e+02 6.0632501221e+02 6.0647601318e+02 6.0670202637e+02 6.0686602783e+02 6.0697601318e+02 6.0706701660e+02 6.0712298584e+02 6.0716699219e+02 6.0723602295e+02 6.0734497070e+02 6.0741302490e+02 6.0746697998e+02 6.0756799316e+02 6.0772497559e+02 6.0790600586e+02 6.0808099365e+02 6.0825701904e+02 6.0839599609e+02 6.0850500488e+02 6.0864599609e+02 6.0878002930e+02 6.0888800049e+02 6.0900299072e+02 6.0913299561e+02 6.0927697754e+02
6.0440002441e+02 6.0445202637e+02 6.0451702881e+02 6.0456298828e+02 6.0464599609e+02 6.0475097656e+02 6.0484997559e+02 6.0489202881e+02 6.0494299316e+02 6.0501501465e+02 6.0509698486e+02 6.0516198730e+02 6.0525701904e+02 6.0538702393e+02 6.0549401855e+02 6.0553997803e+02 6.0557098389e+02 6.0563702393e+02 6.0575201416e+02 6.0588897705e+02 6.0602197266e+02 6.0615802002e+02 6.0631201172e+02 6.0650097656e+02 6.0665399170e+02 6.0677502441e+02 6.0688500977e+02 6.0695397949e+02 6.0701300049e+02 6.0708697510e+02 6.0719201660e+02 6.0727197266e+02 6.0732897949e+02 6.0742999268e+02 6.0757202148e+02 6.0773602295e+02 6.0789099121e+02 6.0802899170e+02 6.0815802002e+02 6.0828497314e+02 6.0841400146e+02 6.0854101563e+02 6.0866198730e+02 6.0877197266e+02 6.0890197754e+02 6.0905200195e+02
6.0422601318e+02 6.0428698730e+02 6.0436401367e+02 6.0439801025e+02 6.0446899414e+02 6.0456799316e+02 6.0468298340e+02 6.0473498535e+02 6.0478100586e+02 6.0484802246e+02 6.0492401123e+02 6.0497399902e+02 6.0506097412e+02 6.0519299316e+02 6.0530700684e+02 6.0538299561e+02 6.0540600586e+02 6.0545397949e+02 6.0557397461e+02 6.0570898438e+02 6.0584497070e+02 6.0599200439e+02 6.0615502930e+02 6.0630902100e+02 6.0643597412e+02 6.0655401611e+02 6.0668499756e+02 6.0678900146e+02 6.0687200928e+02 6.0694702148e+02 6.0702197266e+02 6.0709600830e+02 6.0718200684e+02 6.0729699707e+02 6.0742797852e+02 6.0756298828e+02 6.0769799805e+02 6.0780902100e+02 6.0791601563e+02 6.0805798340e+02 6.0817700195e+02 6.0829699707e+02 6.0841802979e+02 6.0852099609e+02 6.0864898682e+02 6.0879101563e+02
6.0408697510e+02 6.0412200928e+02 6.0418597412e+02 6.0424499512e+02 6.0432098389e+02 6.0440802002e+02 6.0450097656e+02 6.0456701660e+02 6.0461700439e+02 6.0467401123e+02 6.0471997070e+02 6.0476800537e+02 6.0485797119e+02 6.0498602295e+02 6.0510601807e+02 6.0521197510e+02 6.0525897217e+02 6.0530297852e+02 6.0540100098e+02 6.0553399658e+02 6.0567901611e+02 6.0584301758e+02 6.0603497314e+02 6.0616101074e+02 6.0625299072e+02 6.0635198975e+02 6.0647601318e+02 6.0661999512e+02 6.0672198486e+02 6.0679998779e+02 6.0686401367e+02 6.0691998291e+02 6.0701501465e+02 6.0713098145e+02 6.0724401855e+02 6.0737701416e+02 6.0752600098e+02 6.0765100098e+02 6.0774298096e+02 6.0784600830e+02 6.0795397949e+02 6.0807299805e+02 6.0817901611e+02 6.0829400635e+02 6.0844299316e+02 6.0860699463e+02
6.0391198730e+02 6.0394598389e+02 6.0400500488e+02 6.0407501221e+02 6.0414898682e+02 6.0422998047e+02 6.0430297852e+02 6.0437597656e+02 6.0444500732e+02 6.0451000977e+02 6.0456298828e+02 6.0461297607e+02 6.0470001221e+02 6.0481597900e+02 6.0492700195e+02 6.0501098633e+02 6.0509197998e+02 6.0516900635e+02 6.0525402832e+02 6.0536297607e+02 6.0550201416e+02 6.0567901611e+02 6.0588098145e+02 6.0601202393e+02 6.0609997559e+02 6.0619897461e+02 6.0628900146e+02 6.0640698242e+02 6.0653100586e+02 6.0664697266e+02 6.0672998047e+02 6.0676397705e+02 6.0682800293e+02 6.0692999268e+02 6.0703100586e+02 6.0715698242e+02 6.0731799316e+02 6.0746002197e+02 6.0756097412e+02 6.0766699219e+02 6.0774902344e+02 6.0784600830e+02 6.0796398926e+02 6.0809002686e+02 6.0822100830e+02 6.0836199951e+02
6.0371197510e+02 6.0377398682e+02 6.0383697510e+02 6.0389898682e+02 6.0396398926e+02 6.0403601074e+02 6.0411901855e+02 6.0419799805e+02 6.0427099609e+02 6.0434497070e+02 6.0440899658e+02 6.0446301270e+02 6.0455200195e+02 6.0466699219e+02 6.0477502441e+02 6.0484997559e+02 6.0494201660e+02 6.0503698730e+02 6.0513000488e+02 6.0521502686e+02 6.0533001709e+02 6.0548999023e+02 6.0568597412e+02 6.0581298828e+02 6.0591198730e+02 6.0603002930e+02 6.0611602783e+02 6.0621197510e+02 6.0634002686e+02 6.0646801758e+02 6.0655200195e+02 6.0657897949e+02 6.0661499023e+02 6.0669097900e+02 6.0679400635e+02 6.0691998291e+02 6.0707299805e+02 6.0721099854e+02 6.0731896973e+02 6.0744897461e+02 6.0756097412e+02 6.0765301514e+02 6.0774700928e+02 6.0786999512e+02 6.0797900391e+02 6.0809100342e+02
6.0351800537e+02 6.0359899902e+02 6.0367797852e+02 6.0374298096e+02 6.0381298828e+02 6.0389599609e+02 6.0398101807e+02 6.0403802490e+02 6.0410699463e+02 6.0418402100e+02 6.0425402832e+02 6.0431298828e+02 6.0440399170e+02 6.0452099609e+02 6.0463598633e+02 6.0469500732e+02 6.0478601074e+02 6.0489599609e+02 6.0501000977e+02 6.0507702637e+02 6.0516101074e+02 6.0528698730e+02 6.0546099854e+02 6.0558398438e+02 6.0568499756e+02 6.0580499268e+02 6.0590802002e+02 6.0601599121e+02 6.0613000488e+02 6.0623999023e+02 6.0630999756e+02 6.0634197998e+02 6.0638000488e+02 6.0644897461e+02 6.0654998779e+02 6.0668103027e+02 6.0682000732e+02 6.0693902588e+02 6.0704901123e+02 6.0719299316e+02 6.0733398438e+02 6.0742602539e+02 6.0749700928e+02 6.0762200928e+02 6.0773498535e+02 6.0784399414e+02
6.0332202148e+02 6.0340802002e+02 6.0351898193e+02 6.0360198975e+02 6.0370098877e+02 6.0381298828e+02 6.0385699463e+02 6.0389099121e+02 6.0395599365e+02 6.0402697754e+02 6.0410302734e+02 6.0416900635e+02 6.0425799561e+02 6.0436199951e+02 6.0444598389e+02 6.0452801514e+02 6.0460998535e+02 6.0472100830e+02 6.0484197998e+02 6.0492797852e+02 6.0499401855e+02 6.0508502197e+02 6.0521997070e+02 6.0535998535e+02 6.0545202637e+02 6.0553698730e+02 6.0565899658e+02 6.0580499268e+02 6.0591302490e+02 6.0599499512e+02 6.0604498291e+02 6.0609002686e+02 6.0615698242e+02 6.0624298096e+02 6.0632098389e+02 6.0645098877e+02 6.0659698486e+02 6.0671398926e+02 6.0681500244e+02 6.0693499756e+02 6.0705999756e+02 6.0716198730e+02 6.0724298096e+02 6.0735601807e+02 6.0748999023e+02 6.0761499023e+02
6.0314801025e+02 6.0322302246e+02 6.0333300781e+02 6.0344897461e+02 6.0358801270e+02 6.0369598389e+02 6.0370599365e+02 6.0375598145e+02 6.0381896973e+02 6.0388098145e+02 6.0394299316e+02 6.0402099609e+02 6.0411297607e+02 6.0420697021e+02 6.0428601074e+02 6.0435400391e+02 6.0443402100e+02 6.0452899170e+02 6.0464099121e+02 6.0472698975e+02 6.0479302979e+02 6.0487402344e+02 6.0498999023e+02 6.0512500000e+02 6.0521997070e+02 6.0530603027e+02 6.0544897461e+02 6.0559301758e+02 6.0571301270e+02 6.0581201172e+02 6.0588598633e+02 6.0590899658e+02 6.0596899414e+02 6.0607000732e+02 6.0615997314e+02 6.0623797607e+02 6.0638299561e+02 6.0652801514e+02 6.0661297607e+02 6.0669299316e+02 6.0678997803e+02 6.0690301514e+02 6.0699700928e+02 6.0710101318e+02 6.0724102783e+02 6.0739099121e+02
6.0299597168e+02 6.0305700684e+02 6.0314501953e+02 6.0327301025e+02 6.0342102051e+02 6.0350598145e+02 6.0352502441e+02 6.0359899902e+02 6.0365899658e+02 6.0371398926e+02 6.0376501465e+02 6.0384002686e+02 6.0393499756e+02 6.0403100586e+02 6.0411401367e+02 6.0417498779e+02 6.0424499512e+02 6.0432800293e+02 6.0442199707e+02 6.0449798584e+02 6.0456201172e+02 6.0463897705e+02 6.0475598145e+02 6.0490197754e+02 6.0501202393e+02 6.0511901855e+02 6.0527801514e+02 6.0542401123e+02 6.0555102539e+02 6.0566101074e+02 6.0574700928e+02 6.0576898193e+02 6.0580603027e+02 6.0588800049e+02 6.0598999023e+02 6.0606201172e+02 6.0619097900e+02 6.0634197998e+02 6.0642102051e+02 6.0646600342e+02 6.0654400635e+02 6.0665899658e+02 6.0676702881e+02 6.0688098145e+02 6.0701599121e+02 6.0716601563e+02
6.0278997803e+02 6.0287298584e+02 6.0295800781e+02 6.0307397461e+02 6.0319702148e+02 6.0327001953e+02 6.0333599854e+02 6.0341900635e+02 6.0347601318e+02 6.0352801514e+02 6.0357397461e+02 6.0364599609e+02 6.0374298096e+02 6.0384301758e+02 6.0393798828e+02 6.0399902344e+02 6.0405798340e+02 6.0412902832e+02 6.0420800781e+02 6.0428002930e+02 6.0434399414e+02 6.0442199707e+02 6.0454797363e+02 6.0470898438e+02 6.0482800293e+02 6.0494201660e+02 6.0509899902e+02 6.0525299072e+02 6.0538800049e+02 6.0550299072e+02 6.0559399414e+02 6.0563702393e+02 6.0567700195e+02 6.0574102783e+02 6.0583398438e+02 6.0591497803e+02 6.0602600098e+02 6.0616400146e+02 6.0624902344e+02 6.0627197266e+02 6.0632897949e+02 6.0643402100e+02 6.0655999756e+02 6.0671801758e+02 6.0684399414e+02 6.0696899414e+02
6.0255401611e+02 6.0268798828e+02 6.0279498291e+02 6.0288397217e+02 6.0297497559e+02 6.0306402588e+02 6.0316601563e+02 6.0322698975e+02 6.0327502441e+02 6.0331799316e+02 6.0335699463e+02 6.0345300293e+02 6.0354901123e+02 6.0366497803e+02 6.0378198242e+02 6.0383502197e+02 6.0388397217e+02 6.0394097900e+02 6.0401898193e+02 6.0409899902e+02 6.0416802979e+02 6.0425299072e+02 6.0438201904e+02 6.0453198242e+02 6.0464001465e+02 6.0473797607e+02 6.0486700439e+02 6.0504302979e+02 6.0519500732e+02 6.0532098389e+02 6.0541497803e+02 6.0549200439e+02 6.0557098389e+02 6.0565600586e+02 6.0574499512e+02 6.0581298828e+02 6.0590899658e+02 6.0602099609e+02 6.0610601807e+02 6.0613702393e+02 6.0618200684e+02 6.0625799561e+02 6.0637200928e+02 6.0654400635e+02 6.0667401123e+02 6.0681097412e+02
6.0231402588e+02 6.0246600342e+02 6.0259399414e+02 6.0272302246e+02 6.0283099365e+02 6.0291998291e+02 6.0297998047e+02 6.0305200195e+02 6.0312701416e+02 6.0319396973e+02 6.0324700928e+02 6.0331097412e+02 6.0339599609e+02 6.0351202393e+02 6.0361297607e+02 6.0367102051e+02 6.0372100830e+02 6.0378601074e+02 6.0386901855e+02 6.0394500732e+02 6.0402197266e+02 6.0411102295e+02 6.0423400879e+02 6.0435601807e+02 6.0444897461e+02 6.0453997803e+02 6.0465698242e+02 6.0483001709e+02 6.0500299072e+02 6.0515197754e+02 6.0525402832e+02 6.0533197021e+02 6.0544299316e+02 6.0555102539e+02 6.0563299561e+02 6.0570098877e+02 6.0578900146e+02 6.0587701416e+02 6.0595202637e+02 6.0600500488e+02 6.0603997803e+02 6.0610699463e+02 6.0622100830e+02 6.0635900879e+02 6.0649200439e+02 6.0667102051e+02
6.0213000488e+02 6.0224401855e+02 6.0235498047e+02 6.0250000000e+02 6.0263598633e+02 6.0274401855e+02 6.0281597900e+02 6.0291198730e+02 6.0302001953e+02 6.0311602783e+02 6.0317700195e+02 6.0322497559e+02 6.0328802490e+02 6.0337402344e+02 6.0344396973e+02 6.0350097656e+02 6.0356298828e+02 6.0364398193e+02 6.0374102783e+02 6.0382897949e+02 6.0391699219e+02 6.0400799561e+02 6.0410998535e+02 6.0420001221e+02 6.0429400635e+02 6.0440100098e+02 6.0452600098e+02 6.0469799805e+02 6.0487500000e+02 6.0503100586e+02 6.0513800049e+02 6.0520697021e+02 6.0530902100e+02 6.0541699219e+02 6.0550701904e+02 6.0559002686e+02 6.0567700195e+02 6.0574700928e+02 6.0580102539e+02 6.0584600830e+02 6.0587799072e+02 6.0595397949e+02 6.0608001709e+02 6.0620300293e+02 6.0632299805e+02 6.0648699951e+02
6.0203002930e+02 6.0207800293e+02 6.0213702393e+02 6.0224902344e+02 6.0238598633e+02 6.0254602051e+02 6.0269598389e+02 6.0279998779e+02 6.0291497803e+02 6.0302301025e+02 6.0309399414e+02 6.0313299561e+02 6.0317401123e+02 6.0322998047e+02 6.0327398682e+02 6.0333300781e+02 6.0341302490e+02 6.0351397705e+02 6.0362402344e+02 6.0372698975e+02 6.0382598877e+02 6.0392297363e+02 6.0401300049e+02 6.0409399414e+02 6.0419500732e+02 6.0431799316e+02 6.0446002197e+02 6.0462500000e+02 6.0479302979e+02 6.0493902588e+02 6.0504901123e+02 6.0509497070e+02 6.0516699219e+02 6.0526501465e+02 6.0537200928e+02 6.0547601318e+02 6.0556500244e+02 6.0562799072e+02 6.0568701172e+02 6.0574200439e+02 6.0577801514e+02 6.0584497070e+02 6.0595501709e+02 6.0608502197e+02 6.0620300293e+02 6.0634197998e+02
