TESTSERVER/2/5.asc
NCOLS 100
NROWS 100
XLLCORNER 7.5997500000e+03
YLLCORNER 2.8970025000e+05
CELLSIZE 5.0000000000e-01
NODATA_VALUE -9.9990000000e+03
[rows 20 to 39 of 100, columns 0 to 45 of 100]
6.1223297119e+02 6.1231701660e+02 6.1243103027e+02 6.1256097412e+02 6.1268402100e+02 6.1276202393e+02 6.1281500244e+02 6.1284197998e+02 6.1292700195e+02 6.1305200195e+02 6.1317602539e+02 6.1330499268e+02 6.1345697021e+02 6.1359997559e+02 6.1373797607e+02 6.1392999268e+02 6.1417102051e+02 6.1436297607e+02 6.1449798584e+02 6.1468597412e+02 6.1486102295e+02 6.1501800537e+02 6.1519097900e+02 6.1537500000e+02 6.1559301758e+02 6.1578802490e+02 6.1591802979e+02 6.1603497314e+02 6.1622601318e+02 6.1642498779e+02 6.1658502197e+02 6.1671301270e+02 6.1686102295e+02 6.1699298096e+02 6.1713702393e+02 6.1731500244e+02 6.1744799805e+02 6.1758300781e+02 6.1770898438e+02 6.1782299805e+02 6.1784997559e+02 6.1784997559e+02 6.1785400391e+02 6.1789898682e+02 6.1795800781e+02 6.1802001953e+02
6.1204498291e+02 6.1215802002e+02 6.1228002930e+02 6.1241601563e+02 6.1253399658e+02 6.1262402344e+02 6.1269299316e+02 6.1275598145e+02 6.1283697510e+02 6.1294500732e+02 6.1304998779e+02 6.1315802002e+02 6.1328698730e+02 6.1341601563e+02 6.1356298828e+02 6.1372399902e+02 6.1395098877e+02 6.1417901611e+02 6.1437097168e+02 6.1460998535e+02 6.1479998779e+02 6.1495898438e+02 6.1511401367e+02 6.1524401855e+02 6.1541198730e+02 6.1559600830e+02 6.1573602295e+02 6.1584698486e+02 6.1602001953e+02 6.1622399902e+02 6.1640899658e+02 6.1655102539e+02 6.1672302246e+02 6.1684301758e+02 6.1695800781e+02 6.1712701416e+02 6.1726098633e+02 6.1740399170e+02 6.1758001709e+02 6.1772399902e+02 6.1781402588e+02 6.1786602783e+02 6.1788098145e+02 6.1789001465e+02 6.1791497803e+02 6.1795300293e+02
6.1184600830e+02 6.1196997070e+02 6.1210900879e+02 6.1224902344e+02 6.1236700439e+02 6.1246002197e+02 6.1253802490e+02 6.1262402344e+02 6.1271301270e+02 6.1280700684e+02 6.1289501953e+02 6.1300500488e+02 6.1312500000e+02 6.1325402832e+02 6.1341699219e+02 6.1355499268e+02 6.1375897217e+02 6.1401202393e+02 6.1423699951e+02 6.1449102783e+02 6.1467700195e+02 6.1480700684e+02 6.1493200684e+02 6.1505700684e+02 6.1522900391e+02 6.1541699219e+02 6.1554998779e+02 6.1563800049e+02 6.1578198242e+02 6.1597900391e+02 6.1619500732e+02 6.1638201904e+02 6.1660998535e+02 6.1676397705e+02 6.1684899902e+02 6.1699597168e+02 6.1714398193e+02 6.1727801514e+02 6.1741802979e+02 6.1753997803e+02 6.1766900635e+02 6.1778497314e+02 6.1786401367e+02 6.1789599609e+02 6.1791302490e+02 6.1791802979e+02
6.1165100098e+02 6.1177301025e+02 6.1192102051e+02 6.1206896973e+02 6.1218402100e+02 6.1227600098e+02 6.1235699463e+02 6.1246002197e+02 6.1256201172e+02 6.1265002441e+02 6.1271997070e+02 6.1283300781e+02 6.1296899414e+02 6.1313897705e+02 6.1334698486e+02 6.1348699951e+02 6.1364697266e+02 6.1387902832e+02 6.1409698486e+02 6.1432397461e+02 6.1449700928e+02 6.1459399414e+02 6.1466900635e+02 6.1480499268e+02 6.1499401855e+02 6.1519000244e+02 6.1532800293e+02 6.1540997314e+02 6.1552801514e+02 6.1571099854e+02 6.1596002197e+02 6.1620202637e+02 6.1646099854e+02 6.1664801025e+02 6.1675000000e+02 6.1688098145e+02 6.1703302002e+02 6.1716101074e+02 6.1726397705e+02 6.1736602783e+02 6.1750201416e+02 6.1763000488e+02 6.1774200439e+02 6.1784698486e+02 6.1791198730e+02 6.1792199707e+02
6.1148797607e+02 6.1159600830e+02 6.1172802734e+02 6.1187402344e+02 6.1199102783e+02 6.1208502197e+02 6.1215502930e+02 6.1227600098e+02 6.1239599609e+02 6.1249200439e+02 6.1256201172e+02 6.1265698242e+02 6.1280297852e+02 6.1301702881e+02 6.1327197266e+02 6.1341699219e+02 6.1353900146e+02 6.1373498535e+02 6.1395599365e+02 6.1413702393e+02 6.1430700684e+02 6.1440197754e+02 6.1442901611e+02 6.1454302979e+02 6.1471197510e+02 6.1490002441e+02 6.1507800293e+02 6.1517498779e+02 6.1527899170e+02 6.1544299316e+02 6.1568798828e+02 6.1600201416e+02 6.1624499512e+02 6.1642199707e+02 6.1659100342e+02 6.1673199463e+02 6.1686700439e+02 6.1698498535e+02 6.1707299805e+02 6.1717401123e+02 6.1731298828e+02 6.1743798828e+02 6.1754498291e+02 6.1770001221e+02 6.1780603027e+02 6.1785699463e+02
6.1135900879e+02 6.1146398926e+02 6.1157397461e+02 6.1169299316e+02 6.1180902100e+02 6.1191198730e+02 6.1198101807e+02 6.1209100342e+02 6.1222900391e+02 6.1233502197e+02 6.1241101074e+02 6.1247698975e+02 6.1260302734e+02 6.1280798340e+02 6.1303900146e+02 6.1318701172e+02 6.1331597900e+02 6.1351800537e+02 6.1375897217e+02 6.1391998291e+02 6.1407501221e+02 6.1419598389e+02 6.1424700928e+02 6.1431097412e+02 6.1442498779e+02 6.1458300781e+02 6.1478100586e+02 6.1492602539e+02 6.1505603027e+02 6.1521197510e+02 6.1542999268e+02 6.1572302246e+02 6.1597601318e+02 6.1618402100e+02 6.1641601563e+02 6.1657598877e+02 6.1668597412e+02 6.1676501465e+02 6.1681896973e+02 6.1689898682e+02 6.1704602051e+02 6.1721301270e+02 6.1734899902e+02 6.1748797607e+02 6.1757000732e+02 6.1766101074e+02
6.1123901367e+02 6.1135498047e+02 6.1144299316e+02 6.1153399658e+02 6.1163800049e+02 6.1174102783e+02 6.1182598877e+02 6.1193701172e+02 6.1208398438e+02 6.1219299316e+02 6.1224597168e+02 6.1232098389e+02 6.1244799805e+02 6.1263598633e+02 6.1283398438e+02 6.1298297119e+02 6.1311901855e+02 6.1329302979e+02 6.1350201416e+02 6.1364599609e+02 6.1378997803e+02 6.1395300293e+02 6.1405297852e+02 6.1409600830e+02 6.1418103027e+02 6.1430102539e+02 6.1446301270e+02 6.1463000488e+02 6.1480700684e+02 6.1498297119e+02 6.1517602539e+02 6.1543597412e+02 6.1569201660e+02 6.1593200684e+02 6.1618298340e+02 6.1637701416e+02 6.1649798584e+02 6.1655902100e+02 6.1659100342e+02 6.1665600586e+02 6.1679901123e+02 6.1697802734e+02 6.1712097168e+02 6.1726000977e+02 6.1735101318e+02 6.1745202637e+02
6.1110601807e+02 6.1123400879e+02 6.1131298828e+02 6.1138098145e+02 6.1147302246e+02 6.1157397461e+02 6.1167199707e+02 6.1179602051e+02 6.1194799805e+02 6.1205700684e+02 6.1208398438e+02 6.1217498779e+02 6.1230297852e+02 6.1246398926e+02 6.1265100098e+02 6.1282299805e+02 6.1296600342e+02 6.1309600830e+02 6.1323297119e+02 6.1335601807e+02 6.1349499512e+02 6.1368103027e+02 6.1379998779e+02 6.1385302734e+02 6.1395300293e+02 6.1405798340e+02 6.1416400146e+02 6.1431402588e+02 6.1452099609e+02 6.1473297119e+02 6.1492999268e+02 6.1515600586e+02 6.1539001465e+02 6.1563098145e+02 6.1588397217e+02 6.1610601807e+02 6.1626800537e+02 6.1635900879e+02 6.1639001465e+02 6.1643499756e+02 6.1655102539e+02 6.1670697021e+02 6.1683398438e+02 6.1701702881e+02 6.1716497803e+02 6.1728198242e+02
6.1093701172e+02 6.1106896973e+02 6.1116302490e+02 6.1121997070e+02 6.1130200195e+02 6.1140802002e+02 6.1152099609e+02 6.1163702393e+02 6.1177801514e+02 6.1188897705e+02 6.1193499756e+02 6.1204498291e+02 6.1218701172e+02 6.1233502197e+02 6.1248602295e+02 6.1267401123e+02 6.1283001709e+02 6.1294097900e+02 6.1302697754e+02 6.1310601807e+02 6.1320001221e+02 6.1333099365e+02 6.1343902588e+02 6.1357202148e+02 6.1371997070e+02 6.1384197998e+02 6.1393902588e+02 6.1404699707e+02 6.1422698975e+02 6.1445098877e+02 6.1467901611e+02 6.1488598633e+02 6.1510699463e+02 6.1533300781e+02 6.1553698730e+02 6.1573498535e+02 6.1595098877e+02 6.1612902832e+02 6.1621801758e+02 6.1627001953e+02 6.1637402344e+02 6.1649798584e+02 6.1660998535e+02 6.1677801514e+02 6.1697497559e+02 6.1712902832e+02
6.1071997070e+02 6.1084600830e+02 6.1094299316e+02 6.1102600098e+02 6.1113598633e+02 6.1126000977e+02 6.1137298584e+02 6.1148999023e+02 6.1159698486e+02 6.1170202637e+02 6.1178900146e+02 6.1191802979e+02 6.1208197021e+02 6.1223901367e+02 6.1236901855e+02 6.1252099609e+02 6.1265698242e+02 6.1276501465e+02 6.1284497070e+02 6.1292797852e+02 6.1303802490e+02 6.1315502930e+02 6.1322601318e+02 6.1333197021e+02 6.1346899414e+02 6.1359301758e+02 6.1371600342e+02 6.1383599854e+02 6.1400201416e+02 6.1422302246e+02 6.1444702148e+02 6.1462701416e+02 6.1484802246e+02 6.1507800293e+02 6.1524102783e+02 6.1538397217e+02 6.1562200928e+02 6.1586602783e+02 6.1600799561e+02 6.1607000732e+02 6.1618597412e+02 6.1634301758e+02 6.1649200439e+02 6.1662701416e+02 6.1682598877e+02 6.1703002930e+02
6.1053302002e+02 6.1064898682e+02 6.1074902344e+02 6.1086102295e+02 6.1098602295e+02 6.1110101318e+02 6.1119500732e+02 6.1132702637e+02 6.1143298340e+02 6.1152099609e+02 6.1163098145e+02 6.1179302979e+02 6.1196301270e+02 6.1210400391e+02 6.1223797607e+02 6.1235998535e+02 6.1246502686e+02 6.1256500244e+02 6.1264801025e+02 6.1274499512e+02 6.1289001465e+02 6.1302697754e+02 6.1306500244e+02 6.1312402344e+02 6.1322900391e+02 6.1335900879e+02 6.1351202393e+02 6.1363000488e+02 6.1378698730e+02 6.1399700928e+02 6.1420397949e+02 6.1438500977e+02 6.1460400391e+02 6.1483898926e+02 6.1502502441e+02 6.1513598633e+02 6.1532397461e+02 6.1555902100e+02 6.1574902344e+02 6.1583300781e+02 6.1592401123e+02 6.1606097412e+02 6.1625402832e+02 6.1646002197e+02 6.1667602539e+02 6.1688201904e+02
6.1037402344e+02 6.1048101807e+02 6.1057598877e+02 6.1070202637e+02 6.1083001709e+02 6.1093402100e+02 6.1101898193e+02 6.1116998291e+02 6.1129199219e+02 6.1137298584e+02 6.1146697998e+02 6.1163299561e+02 6.1179602051e+02 6.1193597412e+02 6.1208697510e+02 6.1217498779e+02 6.1224798584e+02 6.1234002686e+02 6.1245800781e+02 6.1255798340e+02 6.1269598389e+02 6.1283801270e+02 6.1290301514e+02 6.1295501709e+02 6.1303900146e+02 6.1316601563e+02 6.1333197021e+02 6.1343402100e+02 6.1356097412e+02 6.1374200439e+02 6.1393200684e+02 6.1413201904e+02 6.1434802246e+02 6.1458197021e+02 6.1481201172e+02 6.1493103027e+02 6.1507397461e+02 6.1526202393e+02 6.1545800781e+02 6.1559997559e+02 6.1566400146e+02 6.1574499512e+02 6.1593200684e+02 6.1621697998e+02 6.1645202637e+02 6.1664801025e+02
6.1020898438e+02 6.1030499268e+02 6.1038500977e+02 6.1051702881e+02 6.1064599609e+02 6.1075402832e+02 6.1084997559e+02 6.1098602295e+02 6.1111102295e+02 6.1121099854e+02 6.1131799316e+02 6.1146301270e+02 6.1160400391e+02 6.1174798584e+02 6.1189202881e+02 6.1198699951e+02 6.1206298828e+02 6.1216497803e+02 6.1230499268e+02 6.1239801025e+02 6.1248999023e+02 6.1259301758e+02 6.1268200684e+02 6.1277899170e+02 6.1287097168e+02 6.1298101807e+02 6.1311199951e+02 6.1323498535e+02 6.1335400391e+02 6.1351098633e+02 6.1367999268e+02 6.1386798096e+02 6.1405700684e+02 6.1425402832e+02 6.1449499512e+02 6.1465301514e+02 6.1482501221e+02 6.1500402832e+02 6.1514300537e+02 6.1531799316e+02 6.1542602539e+02 6.1551098633e+02 6.1566998291e+02 6.1590698242e+02 6.1616900635e+02 6.1640197754e+02
6.0999700928e+02 6.1009002686e+02 6.1017498779e+02 6.1030999756e+02 6.1045697021e+02 6.1057397461e+02 6.1067602539e+02 6.1080902100e+02 6.1092901611e+02 6.1103802490e+02 6.1117199707e+02 6.1132800293e+02 6.1144799805e+02 6.1156701660e+02 6.1168597412e+02 6.1179797363e+02 6.1189801025e+02 6.1199298096e+02 6.1210498047e+02 6.1219702148e+02 6.1229302979e+02 6.1239501953e+02 6.1248699951e+02 6.1256500244e+02 6.1264300537e+02 6.1272698975e+02 6.1284197998e+02 6.1298699951e+02 6.1313201904e+02 6.1330200195e+02 6.1347698975e+02 6.1368200684e+02 6.1387097168e+02 6.1403601074e+02 6.1422900391e+02 6.1437402344e+02 6.1454699707e+02 6.1473999023e+02 6.1487597656e+02 6.1502502441e+02 6.1516302490e+02 6.1528802490e+02 6.1544201660e+02 6.1563500977e+02 6.1590301514e+02 6.1616601563e+02
6.0975000000e+02 6.0985498047e+02 6.0996398926e+02 6.1012902832e+02 6.1028601074e+02 6.1039099121e+02 6.1047698975e+02 6.1061297607e+02 6.1075000000e+02 6.1087799072e+02 6.1101202393e+02 6.1118499756e+02 6.1130499268e+02 6.1139300537e+02 6.1147698975e+02 6.1159197998e+02 6.1170001221e+02 6.1178802490e+02 6.1188299561e+02 6.1198199463e+02 6.1208502197e+02 6.1218103027e+02 6.1225201416e+02 6.1232000732e+02 6.1241400146e+02 6.1250799561e+02 6.1260302734e+02 6.1272601318e+02 6.1287097168e+02 6.1305200195e+02 6.1324401855e+02 6.1343902588e+02 6.1362402344e+02 6.1377600098e+02 6.1393298340e+02 6.1409002686e+02 6.1425799561e+02 6.1444799805e+02 6.1460101318e+02 6.1474597168e+02 6.1492199707e+02 6.1508197021e+02 6.1522399902e+02 6.1537097168e+02 6.1558300781e+02 6.1580999756e+02
6.0950799561e+02 6.0963299561e+02 6.0977697754e+02 6.0998199463e+02 6.1013598633e+02 6.1021301270e+02 6.1027398682e+02 6.1040997314e+02 6.1056500244e+02 6.1071197510e+02 6.1083099365e+02 6.1098797607e+02 6.1111401367e+02 6.1119799805e+02 6.1126397705e+02 6.1138000488e+02 6.1149102783e+02 6.1157702637e+02 6.1166400146e+02 6.1176898193e+02 6.1187402344e+02 6.1195300293e+02 6.1199499512e+02 6.1206201172e+02 6.1216998291e+02 6.1228497314e+02 6.1237902832e+02 6.1246997070e+02 6.1260998535e+02 6.1279498291e+02 6.1298297119e+02 6.1313098145e+02 6.1330297852e+02 6.1347698975e+02 6.1365997314e+02 6.1381799316e+02 6.1396697998e+02 6.1414898682e+02 6.1433001709e+02 6.1449298096e+02 6.1470501709e+02 6.1488800049e+02 6.1500201416e+02 6.1510699463e+02 6.1528302002e+02 6.1547100830e+02
6.0930102539e+02 6.0944598389e+02 6.0963098145e+02 6.0983398438e+02 6.0997497559e+02 6.1004699707e+02 6.1011199951e+02 6.1022100830e+02 6.1036102295e+02 6.1051300049e+02 6.1064898682e+02 6.1075500488e+02 6.1087597656e+02 6.1098199463e+02 6.1106500244e+02 6.1117297363e+02 6.1127502441e+02 6.1136102295e+02 6.1146099854e+02 6.1157299805e+02 6.1167199707e+02 6.1173199463e+02 6.1177502441e+02 6.1181500244e+02 6.1189697266e+02 6.1200799561e+02 6.1212799072e+02 6.1221301270e+02 6.1233801270e+02 6.1250701904e+02 6.1269299316e+02 6.1284100342e+02 6.1299597168e+02 6.1319396973e+02 6.1342901611e+02 6.1359399414e+02 6.1371099854e+02 6.1386798096e+02 6.1407397461e+02 6.1425097656e+02 6.1444598389e+02 6.1461401367e+02 6.1475799561e+02 6.1487500000e+02 6.1503601074e+02 6.1522399902e+02
6.0912200928e+02 6.0926599121e+02 6.0943200684e+02 6.0961199951e+02 6.0975500488e+02 6.0986199951e+02 6.0995300293e+02 6.1003900146e+02 6.1014898682e+02 6.1029400635e+02 6.1043597412e+02 6.1055102539e+02 6.1065399170e+02 6.1075097656e+02 6.1084997559e+02 6.1095898438e+02 6.1105102539e+02 6.1113800049e+02 6.1124902344e+02 6.1138098145e+02 6.1147497559e+02 6.1153497314e+02 6.1158801270e+02 6.1163299561e+02 6.1170001221e+02 6.1178002930e+02 6.1189300537e+02 6.1198400879e+02 6.1209399414e+02 6.1225897217e+02 6.1246398926e+02 6.1261401367e+02 6.1274102783e+02 6.1291699219e+02 6.1316198730e+02 6.1338800049e+02 6.1352502441e+02 6.1365002441e+02 6.1379797363e+02 6.1399902344e+02 6.1420397949e+02 6.1433502197e+02 6.1447802734e+02 6.1460400391e+02 6.1472497559e+02 6.1491198730e+02
6.0896697998e+02 6.0909698486e+02 6.0924700928e+02 6.0940502930e+02 6.0954699707e+02 6.0966900635e+02 6.0978497314e+02 6.0987298584e+02 6.0996197510e+02 6.1009002686e+02 6.1023101807e+02 6.1035601807e+02 6.1044299316e+02 6.1053302002e+02 6.1064398193e+02 6.1074700928e+02 6.1083898926e+02 6.1093200684e+02 6.1104302979e+02 6.1116198730e+02 6.1123101807e+02 6.1127697754e+02 6.1134197998e+02 6.1143298340e+02 6.1153302002e+02 6.1160101318e+02 6.1166900635e+02 6.1175097656e+02 6.1186798096e+02 6.1204199219e+02 6.1224200439e+02 6.1238598633e+02 6.1250402832e+02 6.1266998291e+02 6.1289801025e+02 6.1313897705e+02 6.1330999756e+02 6.1344000244e+02 6.1354901123e+02 6.1372198486e+02 6.1390502930e+02 6.1405102539e+02 6.1422802734e+02 6.1436297607e+02 6.1446600342e+02 6.1462597656e+02
6.0881799316e+02 6.0893200684e+02 6.0907397461e+02 6.0921899414e+02 6.0934698486e+02 6.0946502686e+02 6.0958001709e+02 6.0968402100e+02 6.0977600098e+02 6.0989202881e+02 6.1001898193e+02 6.1013800049e+02 6.1023101807e+02 6.1033197021e+02 6.1044799805e+02 6.1053802490e+02 6.1063000488e+02 6.1072698975e+02 6.1083001709e+02 6.1092102051e+02 6.1095898438e+02 6.1098101807e+02 6.1104199219e+02 6.1117102051e+02 6.1131097412e+02 6.1139202881e+02 6.1144201660e+02 6.1152001953e+02 6.1164898682e+02 6.1183001709e+02 6.1201000977e+02 6.1214398193e+02 6.1226501465e+02 6.1243200684e+02 6.1264697266e+02 6.1286297607e+02 6.1305102539e+02 6.1320800781e+02 6.1332800293e+02 6.1347802734e+02 6.1359301758e+02 6.1371899414e+02 6.1393103027e+02 6.1412500000e+02 6.1426300049e+02 6.1440600586e+02
