TESTSERVER/2/5.asc
NCOLS 100
NROWS 100
XLLCORNER 7.5997500000e+03
YLLCORNER 2.8970025000e+05
CELLSIZE 5.0000000000e-01
NODATA_VALUE -9.9990000000e+03
[rows 40 to 59 of 100, columns 0 to 45 of 100]
6.0867102051e+02 6.0876599121e+02 6.0886499023e+02 6.0901702881e+02 6.0913897705e+02 6.0924298096e+02 6.0932598877e+02 6.0945098877e+02 6.0957000732e+02 6.0969000244e+02 6.0979998779e+02 6.0989202881e+02 6.1000402832e+02 6.1012902832e+02 6.1025097656e+02 6.1034197998e+02 6.1043103027e+02 6.1051898193e+02 6.1062097168e+02 6.1070098877e+02 6.1072900391e+02 6.1073999023e+02 6.1078399658e+02 6.1089501953e+02 6.1103802490e+02 6.1115399170e+02 6.1123797607e+02 6.1133099365e+02 6.1147802734e+02 6.1165600586e+02 6.1181402588e+02 6.1192602539e+02 6.1205102539e+02 6.1221899414e+02 6.1243200684e+02 6.1263800049e+02 6.1281500244e+02 6.1298602295e+02 6.1312097168e+02 6.1324597168e+02 6.1329602051e+02 6.1334600830e+02 6.1349597168e+02 6.1380700684e+02 6.1403997803e+02 6.1419799805e+02
6.0850701904e+02 6.0858599854e+02 6.0866900635e+02 6.0879400635e+02 6.0892797852e+02 6.0904699707e+02 6.0914501953e+02 6.0925799561e+02 6.0936798096e+02 6.0948199463e+02 6.0959497070e+02 6.0967401123e+02 6.0979101563e+02 6.0991900635e+02 6.1002899170e+02 6.1012402344e+02 6.1020898438e+02 6.1028601074e+02 6.1037500000e+02 6.1043902588e+02 6.1047497559e+02 6.1052899170e+02 6.1060302734e+02 6.1069396973e+02 6.1082000732e+02 6.1094799805e+02 6.1105200195e+02 6.1117797852e+02 6.1132702637e+02 6.1148199463e+02 6.1161700439e+02 6.1172802734e+02 6.1185498047e+02 6.1200897217e+02 6.1220501709e+02 6.1242797852e+02 6.1260699463e+02 6.1280200195e+02 6.1298699951e+02 6.1308599854e+02 6.1307299805e+02 6.1307397461e+02 6.1317901611e+02 6.1340600586e+02 6.1371899414e+02 6.1394598389e+02
6.0832598877e+02 6.0839801025e+02 6.0848199463e+02 6.0859802246e+02 6.0872698975e+02 6.0885498047e+02 6.0896801758e+02 6.0906597900e+02 6.0915899658e+02 6.0926300049e+02 6.0937500000e+02 6.0944799805e+02 6.0956402588e+02 6.0969598389e+02 6.0980499268e+02 6.0989898682e+02 6.0997998047e+02 6.1004797363e+02 6.1010900879e+02 6.1014202881e+02 6.1019201660e+02 6.1027697754e+02 6.1039898682e+02 6.1054498291e+02 6.1068597412e+02 6.1079901123e+02 6.1089501953e+02 6.1103997803e+02 6.1118103027e+02 6.1130297852e+02 6.1141802979e+02 6.1154199219e+02 6.1168902588e+02 6.1184301758e+02 6.1199401855e+02 6.1219201660e+02 6.1238201904e+02 6.1259600830e+02 6.1280999756e+02 6.1293902588e+02 6.1292999268e+02 6.1291900635e+02 6.1300097656e+02 6.1318902588e+02 6.1350701904e+02 6.1374401855e+02
6.0815002441e+02 6.0822601318e+02 6.0832000732e+02 6.0842700195e+02 6.0854699707e+02 6.0866998291e+02 6.0878601074e+02 6.0887097168e+02 6.0895501709e+02 6.0904602051e+02 6.0914599609e+02 6.0921398926e+02 6.0933300781e+02 6.0947601318e+02 6.0958801270e+02 6.0967901611e+02 6.0975598145e+02 6.0981402588e+02 6.0985302734e+02 6.0987097168e+02 6.0993200684e+02 6.1002697754e+02 6.1015197754e+02 6.1034698486e+02 6.1052697754e+02 6.1065997314e+02 6.1076397705e+02 6.1092102051e+02 6.1106201172e+02 6.1116198730e+02 6.1125598145e+02 6.1138000488e+02 6.1153399658e+02 6.1169500732e+02 6.1182299805e+02 6.1196398926e+02 6.1213897705e+02 6.1233898926e+02 6.1254302979e+02 6.1273602295e+02 6.1280902100e+02 6.1284301758e+02 6.1293798828e+02 6.1311999512e+02 6.1337701416e+02 6.1357800293e+02
6.0798101807e+02 6.0806799316e+02 6.0816900635e+02 6.0827502441e+02 6.0839300537e+02 6.0850897217e+02 6.0860400391e+02 6.0869000244e+02 6.0877899170e+02 6.0885302734e+02 6.0891998291e+02 6.0898498535e+02 6.0910302734e+02 6.0925201416e+02 6.0936901855e+02 6.0945501709e+02 6.0953302002e+02 6.0959100342e+02 6.0962799072e+02 6.0965600586e+02 6.0972399902e+02 6.0981597900e+02 6.0992700195e+02 6.1011297607e+02 6.1030999756e+02 6.1047998047e+02 6.1062902832e+02 6.1076397705e+02 6.1090899658e+02 6.1102001953e+02 6.1111798096e+02 6.1121997070e+02 6.1135198975e+02 6.1151501465e+02 6.1168298340e+02 6.1179602051e+02 6.1193597412e+02 6.1210900879e+02 6.1229101563e+02 6.1248297119e+02 6.1264398193e+02 6.1275402832e+02 6.1286700439e+02 6.1302398682e+02 6.1321002197e+02 6.1338800049e+02
6.0779498291e+02 6.0787097168e+02 6.0796301270e+02 6.0808898926e+02 6.0823101807e+02 6.0835900879e+02 6.0845697021e+02 6.0854797363e+02 6.0864099121e+02 6.0870800781e+02 6.0876000977e+02 6.0881701660e+02 6.0890997314e+02 6.0903601074e+02 6.0914398193e+02 6.0921502686e+02 6.0929400635e+02 6.0936602783e+02 6.0941900635e+02 6.0946197510e+02 6.0953399658e+02 6.0962500000e+02 6.0975500488e+02 6.0995599365e+02 6.1012298584e+02 6.1028399658e+02 6.1044201660e+02 6.1054797363e+02 6.1068298340e+02 6.1081298828e+02 6.1094097900e+02 6.1107299805e+02 6.1119201660e+02 6.1132702637e+02 6.1148101807e+02 6.1160400391e+02 6.1174401855e+02 6.1193701172e+02 6.1212799072e+02 6.1232598877e+02 6.1250701904e+02 6.1263098145e+02 6.1273901367e+02 6.1286901855e+02 6.1302600098e+02 6.1320001221e+02
6.0761901855e+02 6.0767602539e+02 6.0774798584e+02 6.0787701416e+02 6.0803302002e+02 6.0817901611e+02 6.0829400635e+02 6.0840002441e+02 6.0849798584e+02 6.0856799316e+02 6.0862097168e+02 6.0868298340e+02 6.0874798584e+02 6.0884399414e+02 6.0894201660e+02 6.0900701904e+02 6.0908099365e+02 6.0915502930e+02 6.0922601318e+02 6.0931500244e+02 6.0940802002e+02 6.0949401855e+02 6.0960601807e+02 6.0979199219e+02 6.0993701172e+02 6.1008697510e+02 6.1025799561e+02 6.1036999512e+02 6.1048699951e+02 6.1060900879e+02 6.1074700928e+02 6.1090899658e+02 6.1102697754e+02 6.1112701416e+02 6.1124798584e+02 6.1140301514e+02 6.1155999756e+02 6.1175799561e+02 6.1194201660e+02 6.1213000488e+02 6.1231500244e+02 6.1245397949e+02 6.1257299805e+02 6.1267602539e+02 6.1282299805e+02 6.1300402832e+02
6.0745098877e+02 6.0749102783e+02 6.0753997803e+02 6.0765698242e+02 6.0781097412e+02 6.0796697998e+02 6.0809997559e+02 6.0822198486e+02 6.0832098389e+02 6.0838598633e+02 6.0843798828e+02 6.0850299072e+02 6.0855902100e+02 6.0864801025e+02 6.0876098633e+02 6.0883001709e+02 6.0889801025e+02 6.0897100830e+02 6.0904602051e+02 6.0916900635e+02 6.0929101563e+02 6.0937902832e+02 6.0946801758e+02 6.0963598633e+02 6.0976397705e+02 6.0989099121e+02 6.1005902100e+02 6.1018798828e+02 6.1028698730e+02 6.1039501953e+02 6.1053698730e+02 6.1070501709e+02 6.1082098389e+02 6.1090502930e+02 6.1101800537e+02 6.1120098877e+02 6.1136901855e+02 6.1157598877e+02 6.1176599121e+02 6.1192700195e+02 6.1209698486e+02 6.1224597168e+02 6.1238098145e+02 6.1248699951e+02 6.1262500000e+02 6.1278997803e+02
6.0727801514e+02 6.0730297852e+02 6.0734301758e+02 6.0744500732e+02 6.0758300781e+02 6.0773999023e+02 6.0789898682e+02 6.0803399658e+02 6.0812402344e+02 6.0816900635e+02 6.0821600342e+02 6.0830902100e+02 6.0838000488e+02 6.0847302246e+02 6.0860498047e+02 6.0867297363e+02 6.0873699951e+02 6.0880200195e+02 6.0888201904e+02 6.0901397705e+02 6.0914898682e+02 6.0925701904e+02 6.0933898926e+02 6.0947698975e+02 6.0961102295e+02 6.0972399902e+02 6.0984497070e+02 6.0997100830e+02 6.1006402588e+02 6.1017700195e+02 6.1034301758e+02 6.1046600342e+02 6.1057702637e+02 6.1068298340e+02 6.1080603027e+02 6.1096801758e+02 6.1114001465e+02 6.1137298584e+02 6.1162097168e+02 6.1174499512e+02 6.1188598633e+02 6.1203399658e+02 6.1216802979e+02 6.1230902100e+02 6.1245697021e+02 6.1259600830e+02
6.0709002686e+02 6.0711499023e+02 6.0716101074e+02 6.0724102783e+02 6.0735998535e+02 6.0751501465e+02 6.0769702148e+02 6.0785797119e+02 6.0794097900e+02 6.0797399902e+02 6.0802697754e+02 6.0814697266e+02 6.0822698975e+02 6.0829498291e+02 6.0843402100e+02 6.0851702881e+02 6.0857501221e+02 6.0863098145e+02 6.0871301270e+02 6.0883697510e+02 6.0897601318e+02 6.0909802246e+02 6.0918499756e+02 6.0928802490e+02 6.0944097900e+02 6.0958398438e+02 6.0969799805e+02 6.0979101563e+02 6.0986999512e+02 6.0996899414e+02 6.1012402344e+02 6.1027099609e+02 6.1038897705e+02 6.1049499512e+02 6.1060699463e+02 6.1076501465e+02 6.1094396973e+02 6.1115502930e+02 6.1136999512e+02 6.1152197266e+02 6.1167102051e+02 6.1183801270e+02 6.1199102783e+02 6.1211999512e+02 6.1228997803e+02 6.1242401123e+02
6.0692602539e+02 6.0695501709e+02 6.0700598145e+02 6.0706896973e+02 6.0716601563e+02 6.0730798340e+02 6.0749401855e+02 6.0765899658e+02 6.0774298096e+02 6.0778997803e+02 6.0785601807e+02 6.0797698975e+02 6.0806799316e+02 6.0814001465e+02 6.0827301025e+02 6.0835400391e+02 6.0841802979e+02 6.0847100830e+02 6.0854901123e+02 6.0867999268e+02 6.0882598877e+02 6.0895001221e+02 6.0903100586e+02 6.0911499023e+02 6.0926702881e+02 6.0943298340e+02 6.0956097412e+02 6.0964001465e+02 6.0970300293e+02 6.0978302002e+02 6.0990600586e+02 6.1007397461e+02 6.1021600342e+02 6.1032702637e+02 6.1043103027e+02 6.1057299805e+02 6.1076202393e+02 6.1096600342e+02 6.1114202881e+02 6.1130401611e+02 6.1145800781e+02 6.1162500000e+02 6.1178302002e+02 6.1189001465e+02 6.1205902100e+02 6.1220599365e+02
6.0676501465e+02 6.0679901123e+02 6.0685601807e+02 6.0690997314e+02 6.0699102783e+02 6.0712298584e+02 6.0729797363e+02 6.0743499756e+02 6.0752301025e+02 6.0759399414e+02 6.0768103027e+02 6.0779699707e+02 6.0788098145e+02 6.0795001221e+02 6.0809399414e+02 6.0819000244e+02 6.0827301025e+02 6.0833300781e+02 6.0840002441e+02 6.0853399658e+02 6.0868298340e+02 6.0880297852e+02 6.0887597656e+02 6.0895202637e+02 6.0908898926e+02 6.0924499512e+02 6.0936798096e+02 6.0945202637e+02 6.0952502441e+02 6.0960900879e+02 6.0971398926e+02 6.0987597656e+02 6.1003601074e+02 6.1016699219e+02 6.1027801514e+02 6.1039898682e+02 6.1057000732e+02 6.1076800537e+02 6.1092999268e+02 6.1109600830e+02 6.1124102783e+02 6.1138201904e+02 6.1152899170e+02 6.1164202881e+02 6.1181500244e+02 6.1196301270e+02
6.0659002686e+02 6.0663000488e+02 6.0670001221e+02 6.0674200439e+02 6.0682397461e+02 6.0695599365e+02 6.0710101318e+02 6.0721398926e+02 6.0729302979e+02 6.0737701416e+02 6.0746997070e+02 6.0759899902e+02 6.0766998291e+02 6.0773101807e+02 6.0789202881e+02 6.0803198242e+02 6.0814501953e+02 6.0821997070e+02 6.0827502441e+02 6.0838299561e+02 6.0852600098e+02 6.0863897705e+02 6.0869799805e+02 6.0877502441e+02 6.0888299561e+02 6.0899401855e+02 6.0908599854e+02 6.0918902588e+02 6.0929998779e+02 6.0941802979e+02 6.0953399658e+02 6.0966101074e+02 6.0980603027e+02 6.0995202637e+02 6.1009899902e+02 6.1023498535e+02 6.1036602783e+02 6.1053198242e+02 6.1071301270e+02 6.1088098145e+02 6.1099798584e+02 6.1110797119e+02 6.1126000977e+02 6.1137799072e+02 6.1154498291e+02 6.1168701172e+02
6.0641802979e+02 6.0645098877e+02 6.0648400879e+02 6.0651702881e+02 6.0661602783e+02 6.0675897217e+02 6.0690002441e+02 6.0702502441e+02 6.0711401367e+02 6.0720098877e+02 6.0731201172e+02 6.0741802979e+02 6.0745898438e+02 6.0751098633e+02 6.0766198730e+02 6.0783697510e+02 6.0798797607e+02 6.0809002686e+02 6.0815698242e+02 6.0825000000e+02 6.0836602783e+02 6.0845697021e+02 6.0849499512e+02 6.0856701660e+02 6.0865399170e+02 6.0874700928e+02 6.0886401367e+02 6.0898602295e+02 6.0909698486e+02 6.0921301270e+02 6.0933801270e+02 6.0946502686e+02 6.0959399414e+02 6.0973400879e+02 6.0990100098e+02 6.1005401611e+02 6.1017401123e+02 6.1031298828e+02 6.1048101807e+02 6.1065997314e+02 6.1078399658e+02 6.1088299561e+02 6.1102697754e+02 6.1115002441e+02 6.1127502441e+02 6.1140100098e+02
6.0623999023e+02 6.0625598145e+02 6.0625402832e+02 6.0630603027e+02 6.0642498779e+02 6.0656597900e+02 6.0668298340e+02 6.0682702637e+02 6.0694299316e+02 6.0704101563e+02 6.0713098145e+02 6.0720001221e+02 6.0724700928e+02 6.0730902100e+02 6.0742999268e+02 6.0761999512e+02 6.0778900146e+02 6.0791302490e+02 6.0801000977e+02 6.0810699463e+02 6.0820300293e+02 6.0826702881e+02 6.0828198242e+02 6.0833697510e+02 6.0841198730e+02 6.0851202393e+02 6.0865698242e+02 6.0879699707e+02 6.0890997314e+02 6.0902502441e+02 6.0915399170e+02 6.0927301025e+02 6.0938800049e+02 6.0951800537e+02 6.0967797852e+02 6.0983300781e+02 6.0998901367e+02 6.1015197754e+02 6.1028399658e+02 6.1040802002e+02 6.1053399658e+02 6.1065600586e+02 6.1079602051e+02 6.1091302490e+02 6.1101300049e+02 6.1110699463e+02
6.0607702637e+02 6.0607800293e+02 6.0606402588e+02 6.0613000488e+02 6.0625000000e+02 6.0638800049e+02 6.0648999023e+02 6.0662097168e+02 6.0674597168e+02 6.0684802246e+02 6.0691699219e+02 6.0697100830e+02 6.0704998779e+02 6.0712200928e+02 6.0719702148e+02 6.0738598633e+02 6.0756097412e+02 6.0769396973e+02 6.0780499268e+02 6.0790698242e+02 6.0800000000e+02 6.0806500244e+02 6.0808398438e+02 6.0810699463e+02 6.0816601563e+02 6.0826800537e+02 6.0842199707e+02 6.0856701660e+02 6.0868200684e+02 6.0880700684e+02 6.0896197510e+02 6.0907299805e+02 6.0917797852e+02 6.0930297852e+02 6.0945599365e+02 6.0960797119e+02 6.0978997803e+02 6.0999102783e+02 6.1011901855e+02 6.1020501709e+02 6.1031896973e+02 6.1044897461e+02 6.1058001709e+02 6.1069201660e+02 6.1079797363e+02 6.1089398193e+02
6.0593597412e+02 6.0593902588e+02 6.0593200684e+02 6.0597399902e+02 6.0607501221e+02 6.0621002197e+02 6.0631896973e+02 6.0641900635e+02 6.0653698730e+02 6.0664801025e+02 6.0672998047e+02 6.0678601074e+02 6.0688598633e+02 6.0696600342e+02 6.0701300049e+02 6.0718701172e+02 6.0736297607e+02 6.0749401855e+02 6.0759301758e+02 6.0766802979e+02 6.0777301025e+02 6.0787799072e+02 6.0794299316e+02 6.0792199707e+02 6.0795898438e+02 6.0804302979e+02 6.0816198730e+02 6.0829901123e+02 6.0841900635e+02 6.0856799316e+02 6.0875500488e+02 6.0888299561e+02 6.0898901367e+02 6.0911297607e+02 6.0927099609e+02 6.0943402100e+02 6.0959698486e+02 6.0976501465e+02 6.0988897705e+02 6.1002502441e+02 6.1015100098e+02 6.1026202393e+02 6.1035797119e+02 6.1045001221e+02 6.1058197021e+02 6.1072698975e+02
6.0576702881e+02 6.0582000732e+02 6.0583197021e+02 6.0581597900e+02 6.0589300537e+02 6.0601501465e+02 6.0610998535e+02 6.0619299316e+02 6.0630401611e+02 6.0644702148e+02 6.0657897949e+02 6.0662500000e+02 6.0671197510e+02 6.0679901123e+02 6.0686999512e+02 6.0701300049e+02 6.0716497803e+02 6.0729199219e+02 6.0738897705e+02 6.0746801758e+02 6.0757202148e+02 6.0768798828e+02 6.0777502441e+02 6.0777600098e+02 6.0780902100e+02 6.0789001465e+02 6.0798999023e+02 6.0809197998e+02 6.0820098877e+02 6.0833502197e+02 6.0850598145e+02 6.0866802979e+02 6.0879998779e+02 6.0893402100e+02 6.0909197998e+02 6.0925701904e+02 6.0945397949e+02 6.0962298584e+02 6.0969097900e+02 6.0980499268e+02 6.0993902588e+02 6.1004797363e+02 6.1014001465e+02 6.1025097656e+02 6.1038800049e+02 6.1053698730e+02
6.0562200928e+02 6.0569396973e+02 6.0572698975e+02 6.0569000244e+02 6.0574102783e+02 6.0584100342e+02 6.0593597412e+02 6.0601202393e+02 6.0609997559e+02 6.0622998047e+02 6.0638702393e+02 6.0647601318e+02 6.0656701660e+02 6.0664801025e+02 6.0673297119e+02 6.0683599854e+02 6.0695300293e+02 6.0706597900e+02 6.0718298340e+02 6.0729101563e+02 6.0739501953e+02 6.0749700928e+02 6.0757501221e+02 6.0759301758e+02 6.0763201904e+02 6.0771301270e+02 6.0780999756e+02 6.0789801025e+02 6.0798999023e+02 6.0810302734e+02 6.0825299072e+02 6.0841998291e+02 6.0857800293e+02 6.0873400879e+02 6.0890197754e+02 6.0903802490e+02 6.0923101807e+02 6.0942297363e+02 6.0950701904e+02 6.0960900879e+02 6.0973999023e+02 6.0985699463e+02 6.0995599365e+02 6.1008898926e+02 6.1022497559e+02 6.1034600830e+02
6.0550201416e+02 6.0554602051e+02 6.0556896973e+02 6.0554901123e+02 6.0559899902e+02 6.0569201660e+02 6.0579101563e+02 6.0587597656e+02 6.0596002197e+02 6.0607397461e+02 6.0621801758e+02 6.0633599854e+02 6.0643902588e+02 6.0652099609e+02 6.0660198975e+02 6.0667498779e+02 6.0675799561e+02 6.0684698486e+02 6.0696301270e+02 6.0709100342e+02 6.0720898438e+02 6.0731500244e+02 6.0740197754e+02 6.0742199707e+02 6.0746002197e+02 6.0755401611e+02 6.0766101074e+02 6.0773498535e+02 6.0780499268e+02 6.0789801025e+02 6.0803601074e+02 6.0819702148e+02 6.0836499023e+02 6.0854101563e+02 6.0873602295e+02 6.0887597656e+02 6.0900897217e+02 6.0917999268e+02 6.0933001709e+02 6.0945898438e+02 6.0959802246e+02 6.0972601318e+02 6.0981402588e+02 6.0992797852e+02 6.1007702637e+02 6.1021099854e+02
