TESTSERVER/2/6.asc
NCOLS 100
NROWS 100
XLLCORNER 7.5997500000e+03
YLLCORNER 2.8965025000e+05
CELLSIZE 5.0000000000e-01
NODATA_VALUE -9.9990000000e+03
[rows 20 to 39 of 100, columns 0 to 45 of 100]
5.9734301758e+02 5.9742797852e+02 5.9753100586e+02 5.9761901855e+02 5.9772399902e+02 5.9783099365e+02 5.9793499756e+02 5.9801098633e+02 5.9809899902e+02 5.9818597412e+02 5.9826898193e+02 5.9834899902e+02 5.9842602539e+02 5.9850897217e+02 5.9859600830e+02 5.9865997314e+02 5.9873400879e+02 5.9880603027e+02 5.9887701416e+02 5.9896801758e+02 5.9905200195e+02 5.9913500977e+02 5.9921197510e+02 5.9930102539e+02 5.9939099121e+02 5.9946301270e+02 5.9953002930e+02 5.9960699463e+02 5.9968103027e+02 5.9973797607e+02 5.9980200195e+02 5.9987799072e+02 5.9994897461e+02 6.0001397705e+02 6.0006799316e+02 6.0012200928e+02 6.0019000244e+02 6.0025299072e+02 6.0032501221e+02 6.0038500977e+02 6.0045397949e+02 6.0052197266e+02 6.0058300781e+02 6.0066497803e+02 6.0075299072e+02 6.0085498047e+02
5.9720599365e+02 5.9728802490e+02 5.9738201904e+02 5.9746398926e+02 5.9755700684e+02 5.9765997314e+02 5.9776098633e+02 5.9784100342e+02 5.9794396973e+02 5.9804101563e+02 5.9812097168e+02 5.9820098877e+02 5.9827099609e+02 5.9836102295e+02 5.9844396973e+02 5.9851300049e+02 5.9859399414e+02 5.9866802979e+02 5.9873699951e+02 5.9882897949e+02 5.9891802979e+02 5.9900598145e+02 5.9908099365e+02 5.9916497803e+02 5.9926098633e+02 5.9934197998e+02 5.9941802979e+02 5.9949902344e+02 5.9956896973e+02 5.9962701416e+02 5.9968902588e+02 5.9975598145e+02 5.9982299805e+02 5.9989599609e+02 5.9995501709e+02 6.0001800537e+02 6.0008898926e+02 6.0014501953e+02 6.0020800781e+02 6.0026300049e+02 6.0032800293e+02 6.0040698242e+02 6.0047601318e+02 6.0054602051e+02 6.0061102295e+02 6.0069396973e+02
5.9707897949e+02 5.9715301514e+02 5.9723901367e+02 5.9732501221e+02 5.9741497803e+02 5.9750500488e+02 5.9760198975e+02 5.9768200684e+02 5.9777600098e+02 5.9787097168e+02 5.9796997070e+02 5.9805902100e+02 5.9812902832e+02 5.9821398926e+02 5.9829199219e+02 5.9836401367e+02 5.9844598389e+02 5.9853100586e+02 5.9860302734e+02 5.9869097900e+02 5.9877697754e+02 5.9886297607e+02 5.9894598389e+02 5.9902697754e+02 5.9911199951e+02 5.9919598389e+02 5.9928698730e+02 5.9936999512e+02 5.9944201660e+02 5.9950402832e+02 5.9957299805e+02 5.9963897705e+02 5.9970001221e+02 5.9976800537e+02 5.9983300781e+02 5.9990600586e+02 5.9997601318e+02 6.0003002930e+02 6.0009698486e+02 6.0015399170e+02 6.0021398926e+02 6.0029400635e+02 6.0036297607e+02 6.0042199707e+02 6.0048797607e+02 6.0056500244e+02
5.9694702148e+02 5.9702099609e+02 5.9710400391e+02 5.9719201660e+02 5.9727899170e+02 5.9736102295e+02 5.9745397949e+02 5.9753198242e+02 5.9761499023e+02 5.9770697021e+02 5.9780999756e+02 5.9790301514e+02 5.9797998047e+02 5.9806402588e+02 5.9813598633e+02 5.9821502686e+02 5.9829400635e+02 5.9838598633e+02 5.9846197510e+02 5.9854302979e+02 5.9863598633e+02 5.9872100830e+02 5.9879797363e+02 5.9888299561e+02 5.9896697998e+02 5.9904602051e+02 5.9913397217e+02 5.9921997070e+02 5.9930102539e+02 5.9937200928e+02 5.9944500732e+02 5.9951000977e+02 5.9957000732e+02 5.9963702393e+02 5.9970300293e+02 5.9978100586e+02 5.9985400391e+02 5.9991302490e+02 5.9998297119e+02 6.0004797363e+02 6.0010900879e+02 6.0017901611e+02 6.0024298096e+02 6.0030603027e+02 6.0037298584e+02 6.0044201660e+02
5.9681097412e+02 5.9689099121e+02 5.9697302246e+02 5.9705200195e+02 5.9713598633e+02 5.9721697998e+02 5.9730200195e+02 5.9739398193e+02 5.9748101807e+02 5.9756500244e+02 5.9764898682e+02 5.9772698975e+02 5.9781298828e+02 5.9790698242e+02 5.9800097656e+02 5.9806298828e+02 5.9813098145e+02 5.9822100830e+02 5.9831298828e+02 5.9838800049e+02 5.9848901367e+02 5.9857598877e+02 5.9864398193e+02 5.9873498535e+02 5.9882897949e+02 5.9890600586e+02 5.9897698975e+02 5.9905798340e+02 5.9915399170e+02 5.9923901367e+02 5.9930700684e+02 5.9936499023e+02 5.9942999268e+02 5.9950000000e+02 5.9956097412e+02 5.9964501953e+02 5.9973297119e+02 5.9980700684e+02 5.9986999512e+02 5.9993402100e+02 6.0000299072e+02 6.0006799316e+02 6.0013201904e+02 6.0019702148e+02 6.0026202393e+02 6.0032098389e+02
5.9668200684e+02 5.9676098633e+02 5.9684197998e+02 5.9692297363e+02 5.9699700928e+02 5.9706701660e+02 5.9714898682e+02 5.9724499512e+02 5.9733099365e+02 5.9740899658e+02 5.9749902344e+02 5.9758197021e+02 5.9765698242e+02 5.9773901367e+02 5.9782098389e+02 5.9788702393e+02 5.9796099854e+02 5.9804699707e+02 5.9813201904e+02 5.9822497559e+02 5.9832702637e+02 5.9841497803e+02 5.9848999023e+02 5.9858300781e+02 5.9866900635e+02 5.9875201416e+02 5.9883502197e+02 5.9892102051e+02 5.9900500488e+02 5.9907800293e+02 5.9915002441e+02 5.9921502686e+02 5.9928698730e+02 5.9936401367e+02 5.9942797852e+02 5.9951300049e+02 5.9959997559e+02 5.9967999268e+02 5.9975097656e+02 5.9980902100e+02 5.9988299561e+02 5.9995898438e+02 6.0002801514e+02 6.0008300781e+02 6.0015002441e+02 6.0021002197e+02
5.9654302979e+02 5.9662597656e+02 5.9670898438e+02 5.9678399658e+02 5.9685601807e+02 5.9693298340e+02 5.9701800537e+02 5.9709899902e+02 5.9718103027e+02 5.9726000977e+02 5.9735198975e+02 5.9744201660e+02 5.9751800537e+02 5.9759100342e+02 5.9765698242e+02 5.9772100830e+02 5.9779998779e+02 5.9788201904e+02 5.9795599365e+02 5.9804602051e+02 5.9814398193e+02 5.9823498535e+02 5.9832299805e+02 5.9841998291e+02 5.9850598145e+02 5.9858398438e+02 5.9867498779e+02 5.9876702881e+02 5.9884399414e+02 5.9891699219e+02 5.9900000000e+02 5.9906799316e+02 5.9914099121e+02 5.9921697998e+02 5.9928497314e+02 5.9937402344e+02 5.9945397949e+02 5.9953002930e+02 5.9960699463e+02 5.9966601563e+02 5.9974499512e+02 5.9983197021e+02 5.9990997314e+02 5.9996398926e+02 6.0003997803e+02 6.0011102295e+02
5.9640002441e+02 5.9649102783e+02 5.9657501221e+02 5.9663702393e+02 5.9671197510e+02 5.9679699707e+02 5.9688702393e+02 5.9696398926e+02 5.9704901123e+02 5.9713500977e+02 5.9721197510e+02 5.9729699707e+02 5.9736901855e+02 5.9744201660e+02 5.9751397705e+02 5.9758599854e+02 5.9766101074e+02 5.9773999023e+02 5.9780902100e+02 5.9788201904e+02 5.9797399902e+02 5.9806298828e+02 5.9815100098e+02 5.9825799561e+02 5.9834899902e+02 5.9842401123e+02 5.9850897217e+02 5.9859802246e+02 5.9868103027e+02 5.9876702881e+02 5.9885101318e+02 5.9891400146e+02 5.9899401855e+02 5.9907299805e+02 5.9913299561e+02 5.9921398926e+02 5.9929602051e+02 5.9938201904e+02 5.9945501709e+02 5.9952600098e+02 5.9960601807e+02 5.9968499756e+02 5.9976800537e+02 5.9983599854e+02 5.9991802979e+02 5.9999401855e+02
5.9625799561e+02 5.9634997559e+02 5.9643200684e+02 5.9649902344e+02 5.9657202148e+02 5.9664801025e+02 5.9672497559e+02 5.9681500244e+02 5.9689898682e+02 5.9698400879e+02 5.9704699707e+02 5.9713397217e+02 5.9720397949e+02 5.9728002930e+02 5.9736901855e+02 5.9745697021e+02 5.9752600098e+02 5.9759600830e+02 5.9766900635e+02 5.9774102783e+02 5.9782397461e+02 5.9790197754e+02 5.9796801758e+02 5.9806896973e+02 5.9816802979e+02 5.9825598145e+02 5.9834698486e+02 5.9842401123e+02 5.9851300049e+02 5.9860198975e+02 5.9868798828e+02 5.9876000977e+02 5.9884698486e+02 5.9892999268e+02 5.9899298096e+02 5.9905401611e+02 5.9912902832e+02 5.9922399902e+02 5.9931201172e+02 5.9938500977e+02 5.9946398926e+02 5.9953302002e+02 5.9961602783e+02 5.9970501709e+02 5.9978100586e+02 5.9984802246e+02
5.9611102295e+02 5.9619799805e+02 5.9627600098e+02 5.9635498047e+02 5.9643499756e+02 5.9650799561e+02 5.9659497070e+02 5.9667102051e+02 5.9674401855e+02 5.9681896973e+02 5.9689099121e+02 5.9697497559e+02 5.9705297852e+02 5.9713201904e+02 5.9721997070e+02 5.9730401611e+02 5.9737701416e+02 5.9745300293e+02 5.9753302002e+02 5.9759802246e+02 5.9767199707e+02 5.9774700928e+02 5.9781701660e+02 5.9791198730e+02 5.9800799561e+02 5.9808898926e+02 5.9817700195e+02 5.9826300049e+02 5.9835101318e+02 5.9842901611e+02 5.9851800537e+02 5.9860601807e+02 5.9868597412e+02 5.9876501465e+02 5.9884301758e+02 5.9891400146e+02 5.9898297119e+02 5.9906500244e+02 5.9915301514e+02 5.9922497559e+02 5.9930999756e+02 5.9939099121e+02 5.9946398926e+02 5.9955999756e+02 5.9964599609e+02 5.9970697021e+02
5.9595501709e+02 5.9604498291e+02 5.9612701416e+02 5.9621099854e+02 5.9629400635e+02 5.9637097168e+02 5.9646899414e+02 5.9654199219e+02 5.9660998535e+02 5.9667199707e+02 5.9674200439e+02 5.9682800293e+02 5.9691198730e+02 5.9699401855e+02 5.9707598877e+02 5.9715399170e+02 5.9723199463e+02 5.9730999756e+02 5.9738598633e+02 5.9745397949e+02 5.9753302002e+02 5.9760400391e+02 5.9767102051e+02 5.9776800537e+02 5.9785601807e+02 5.9792797852e+02 5.9801300049e+02 5.9810498047e+02 5.9819201660e+02 5.9826599121e+02 5.9835101318e+02 5.9844201660e+02 5.9852502441e+02 5.9860101318e+02 5.9868200684e+02 5.9876702881e+02 5.9884100342e+02 5.9890997314e+02 5.9898999023e+02 5.9906799316e+02 5.9915100098e+02 5.9923699951e+02 5.9930499268e+02 5.9939599609e+02 5.9949401855e+02 5.9956402588e+02
5.9580700684e+02 5.9590197754e+02 5.9599700928e+02 5.9607702637e+02 5.9615399170e+02 5.9622900391e+02 5.9632501221e+02 5.9640002441e+02 5.9647698975e+02 5.9654400635e+02 5.9660198975e+02 5.9667901611e+02 5.9676000977e+02 5.9684497070e+02 5.9692901611e+02 5.9701000977e+02 5.9709197998e+02 5.9716302490e+02 5.9722601318e+02 5.9730499268e+02 5.9739099121e+02 5.9745800781e+02 5.9752001953e+02 5.9761700439e+02 5.9770202637e+02 5.9777600098e+02 5.9785699463e+02 5.9793597412e+02 5.9802301025e+02 5.9810498047e+02 5.9819000244e+02 5.9827697754e+02 5.9835900879e+02 5.9843798828e+02 5.9851898193e+02 5.9860797119e+02 5.9868597412e+02 5.9875598145e+02 5.9883599854e+02 5.9892199707e+02 5.9899401855e+02 5.9907299805e+02 5.9915600586e+02 5.9923199463e+02 5.9931597900e+02 5.9939898682e+02
5.9566400146e+02 5.9575201416e+02 5.9583398438e+02 5.9593200684e+02 5.9600500488e+02 5.9608300781e+02 5.9616400146e+02 5.9623297119e+02 5.9631500244e+02 5.9639202881e+02 5.9645800781e+02 5.9654302979e+02 5.9662597656e+02 5.9670599365e+02 5.9678198242e+02 5.9685302734e+02 5.9692999268e+02 5.9701098633e+02 5.9708502197e+02 5.9716101074e+02 5.9723797607e+02 5.9730297852e+02 5.9737200928e+02 5.9745599365e+02 5.9754302979e+02 5.9762500000e+02 5.9769702148e+02 5.9777001953e+02 5.9785601807e+02 5.9794201660e+02 5.9803198242e+02 5.9811999512e+02 5.9819201660e+02 5.9826898193e+02 5.9835900879e+02 5.9844500732e+02 5.9852600098e+02 5.9860900879e+02 5.9868499756e+02 5.9876397705e+02 5.9883697510e+02 5.9891198730e+02 5.9900701904e+02 5.9908001709e+02 5.9913897705e+02 5.9922497559e+02
5.9550897217e+02 5.9559600830e+02 5.9567901611e+02 5.9576702881e+02 5.9584399414e+02 5.9593499756e+02 5.9602697754e+02 5.9609600830e+02 5.9617199707e+02 5.9624499512e+02 5.9631799316e+02 5.9640698242e+02 5.9649401855e+02 5.9657202148e+02 5.9663397217e+02 5.9670098877e+02 5.9677398682e+02 5.9685498047e+02 5.9693798828e+02 5.9700701904e+02 5.9707397461e+02 5.9714801025e+02 5.9722100830e+02 5.9729901123e+02 5.9738201904e+02 5.9746502686e+02 5.9753802490e+02 5.9760797119e+02 5.9769396973e+02 5.9778302002e+02 5.9786901855e+02 5.9794396973e+02 5.9801000977e+02 5.9809100342e+02 5.9818597412e+02 5.9827398682e+02 5.9835400391e+02 5.9844201660e+02 5.9851702881e+02 5.9860302734e+02 5.9868298340e+02 5.9875201416e+02 5.9882501221e+02 5.9891802979e+02 5.9898297119e+02 5.9904998779e+02
5.9535900879e+02 5.9545001221e+02 5.9553601074e+02 5.9561700439e+02 5.9568701172e+02 5.9577697754e+02 5.9587097168e+02 5.9595001221e+02 5.9602899170e+02 5.9610198975e+02 5.9617401123e+02 5.9625799561e+02 5.9634301758e+02 5.9641802979e+02 5.9648699951e+02 5.9656597900e+02 5.9662799072e+02 5.9669396973e+02 5.9677801514e+02 5.9684197998e+02 5.9691302490e+02 5.9699200439e+02 5.9706298828e+02 5.9714501953e+02 5.9723199463e+02 5.9731799316e+02 5.9738702393e+02 5.9745697021e+02 5.9754101563e+02 5.9762500000e+02 5.9770800781e+02 5.9778601074e+02 5.9785699463e+02 5.9793499756e+02 5.9802301025e+02 5.9810302734e+02 5.9817498779e+02 5.9826599121e+02 5.9835302734e+02 5.9843499756e+02 5.9851202393e+02 5.9859197998e+02 5.9866302490e+02 5.9873999023e+02 5.9881500244e+02 5.9887902832e+02
5.9520397949e+02 5.9529101563e+02 5.9538098145e+02 5.9546899414e+02 5.9554199219e+02 5.9562597656e+02 5.9570697021e+02 5.9579797363e+02 5.9588800049e+02 5.9596801758e+02 5.9603601074e+02 5.9611499023e+02 5.9619201660e+02 5.9625598145e+02 5.9632202148e+02 5.9640698242e+02 5.9648297119e+02 5.9655603027e+02 5.9662402344e+02 5.9668597412e+02 5.9676300049e+02 5.9683898926e+02 5.9690502930e+02 5.9699200439e+02 5.9707897949e+02 5.9716699219e+02 5.9723699951e+02 5.9730798340e+02 5.9738800049e+02 5.9746301270e+02 5.9753900146e+02 5.9762500000e+02 5.9770300293e+02 5.9777398682e+02 5.9786102295e+02 5.9794396973e+02 5.9801397705e+02 5.9810302734e+02 5.9818798828e+02 5.9826098633e+02 5.9833502197e+02 5.9842297363e+02 5.9850299072e+02 5.9855297852e+02 5.9862902832e+02 5.9870397949e+02
5.9503900146e+02 5.9512799072e+02 5.9522198486e+02 5.9531597900e+02 5.9539501953e+02 5.9547399902e+02 5.9555297852e+02 5.9563397217e+02 5.9572802734e+02 5.9581298828e+02 5.9589001465e+02 5.9596899414e+02 5.9604302979e+02 5.9610900879e+02 5.9617102051e+02 5.9623400879e+02 5.9631402588e+02 5.9640502930e+02 5.9647302246e+02 5.9653497314e+02 5.9662200928e+02 5.9669396973e+02 5.9674597168e+02 5.9683300781e+02 5.9691198730e+02 5.9699298096e+02 5.9707299805e+02 5.9714801025e+02 5.9722302246e+02 5.9729302979e+02 5.9736700439e+02 5.9745501709e+02 5.9753698730e+02 5.9760699463e+02 5.9768701172e+02 5.9777600098e+02 5.9785699463e+02 5.9793902588e+02 5.9799298096e+02 5.9808197021e+02 5.9816198730e+02 5.9824200439e+02 5.9831402588e+02 5.9837200928e+02 5.9845001221e+02 5.9853198242e+02
5.9487799072e+02 5.9496502686e+02 5.9506597900e+02 5.9513897705e+02 5.9521002197e+02 5.9530297852e+02 5.9539599609e+02 5.9547100830e+02 5.9556597900e+02 5.9565899658e+02 5.9573602295e+02 5.9582000732e+02 5.9589001465e+02 5.9595697021e+02 5.9602502441e+02 5.9609899902e+02 5.9616699219e+02 5.9624597168e+02 5.9632000732e+02 5.9639501953e+02 5.9647698975e+02 5.9654998779e+02 5.9660302734e+02 5.9667297363e+02 5.9674200439e+02 5.9681597900e+02 5.9689300537e+02 5.9697100830e+02 5.9705499268e+02 5.9712500000e+02 5.9719201660e+02 5.9727001953e+02 5.9736199951e+02 5.9744396973e+02 5.9751397705e+02 5.9758697510e+02 5.9766802979e+02 5.9776000977e+02 5.9782800293e+02 5.9790502930e+02 5.9798699951e+02 5.9806500244e+02 5.9813598633e+02 5.9819702148e+02 5.9826898193e+02 5.9834899902e+02
5.9472198486e+02 5.9481097412e+02 5.9490802002e+02 5.9497601318e+02 5.9504400635e+02 5.9513500977e+02 5.9523400879e+02 5.9530798340e+02 5.9539300537e+02 5.9549298096e+02 5.9557800293e+02 5.9566101074e+02 5.9573297119e+02 5.9580798340e+02 5.9587701416e+02 5.9595098877e+02 5.9601599121e+02 5.9608300781e+02 5.9614697266e+02 5.9622900391e+02 5.9630999756e+02 5.9638500977e+02 5.9645202637e+02 5.9651702881e+02 5.9658502197e+02 5.9665502930e+02 5.9672198486e+02 5.9680102539e+02 5.9688897705e+02 5.9696099854e+02 5.9703100586e+02 5.9710900879e+02 5.9718597412e+02 5.9726000977e+02 5.9733300781e+02 5.9740600586e+02 5.9748602295e+02 5.9758502197e+02 5.9765301514e+02 5.9771099854e+02 5.9778997803e+02 5.9786798096e+02 5.9794396973e+02 5.9801599121e+02 5.9808502197e+02 5.9816101074e+02
5.9455297852e+02 5.9464398193e+02 5.9473101807e+02 5.9481201172e+02 5.9488800049e+02 5.9497100830e+02 5.9506799316e+02 5.9514501953e+02 5.9521997070e+02 5.9532202148e+02 5.9541802979e+02 5.9550000000e+02 5.9557598877e+02 5.9565802002e+02 5.9572698975e+02 5.9579498291e+02 5.9586199951e+02 5.9592999268e+02 5.9598101807e+02 5.9605401611e+02 5.9613201904e+02 5.9621099854e+02 5.9629199219e+02 5.9635498047e+02 5.9642999268e+02 5.9650402832e+02 5.9656201172e+02 5.9664099121e+02 5.9672399902e+02 5.9678997803e+02 5.9685998535e+02 5.9695202637e+02 5.9702301025e+02 5.9708502197e+02 5.9716400146e+02 5.9722802734e+02 5.9729602051e+02 5.9739300537e+02 5.9746600342e+02 5.9752301025e+02 5.9760101318e+02 5.9767700195e+02 5.9775097656e+02 5.9783599854e+02 5.9791400146e+02 5.9798999023e+02
