TESTSERVER/2/6.asc
NCOLS 100
NROWS 100
XLLCORNER 7.5997500000e+03
YLLCORNER 2.8965025000e+05
CELLSIZE 5.0000000000e-01
NODATA_VALUE -9.9990000000e+03
[rows 80 to 99 of 100, columns 46 to 91 of 100]
5.9119201660e+02 5.9122601318e+02 5.9126501465e+02 5.9129101563e+02 5.9131799316e+02 5.9135998535e+02 5.9138702393e+02 5.9142199707e+02 5.9146301270e+02 5.9149597168e+02 5.9152801514e+02 5.9155297852e+02 5.9156701660e+02 5.9159100342e+02 5.9163000488e+02 5.9169598389e+02 5.9179199219e+02 5.9189001465e+02 5.9197497559e+02 5.9206402588e+02 5.9215002441e+02 5.9225201416e+02 5.9236199951e+02 5.9246398926e+02 5.9256097412e+02 5.9265502930e+02 5.9275402832e+02 5.9285302734e+02 5.9296697998e+02 5.9306799316e+02 5.9316497803e+02 5.9325299072e+02 5.9334100342e+02 5.9345397949e+02 5.9355798340e+02 5.9367498779e+02 5.9379797363e+02 5.9395501709e+02 5.9409399414e+02 5.9421301270e+02 5.9433197021e+02 5.9446600342e+02 5.9457098389e+02 5.9461798096e+02 5.9460302734e+02 5.9458001709e+02
5.9115100098e+02 5.9118597412e+02 5.9121398926e+02 5.9122900391e+02 5.9125799561e+02 5.9129602051e+02 5.9131500244e+02 5.9133898926e+02 5.9136999512e+02 5.9141101074e+02 5.9144799805e+02 5.9147100830e+02 5.9146099854e+02 5.9145300293e+02 5.9148101807e+02 5.9153100586e+02 5.9161999512e+02 5.9174102783e+02 5.9184197998e+02 5.9192901611e+02 5.9202001953e+02 5.9211999512e+02 5.9222802734e+02 5.9232702637e+02 5.9241101074e+02 5.9250701904e+02 5.9260797119e+02 5.9271099854e+02 5.9282098389e+02 5.9291900635e+02 5.9301300049e+02 5.9310302734e+02 5.9319897461e+02 5.9332299805e+02 5.9342700195e+02 5.9353997803e+02 5.9365899658e+02 5.9379302979e+02 5.9391998291e+02 5.9403601074e+02 5.9415899658e+02 5.9429400635e+02 5.9442901611e+02 5.9451202393e+02 5.9453698730e+02 5.9453802490e+02
5.9110601807e+02 5.9113201904e+02 5.9115997314e+02 5.9117102051e+02 5.9119396973e+02 5.9123999023e+02 5.9126300049e+02 5.9127899170e+02 5.9129602051e+02 5.9133099365e+02 5.9136602783e+02 5.9138299561e+02 5.9135900879e+02 5.9133001709e+02 5.9134802246e+02 5.9140197754e+02 5.9150799561e+02 5.9164202881e+02 5.9173400879e+02 5.9180401611e+02 5.9189300537e+02 5.9200000000e+02 5.9209997559e+02 5.9218701172e+02 5.9226098633e+02 5.9235400391e+02 5.9245697021e+02 5.9255499268e+02 5.9265100098e+02 5.9275000000e+02 5.9285101318e+02 5.9295098877e+02 5.9305798340e+02 5.9318902588e+02 5.9329498291e+02 5.9340502930e+02 5.9350799561e+02 5.9361700439e+02 5.9373101807e+02 5.9384899902e+02 5.9398297119e+02 5.9412799072e+02 5.9428900146e+02 5.9440802002e+02 5.9447198486e+02 5.9449597168e+02
5.9106298828e+02 5.9108001709e+02 5.9110302734e+02 5.9111401367e+02 5.9113098145e+02 5.9118798828e+02 5.9121899414e+02 5.9123199463e+02 5.9123699951e+02 5.9126300049e+02 5.9129302979e+02 5.9130902100e+02 5.9129400635e+02 5.9127697754e+02 5.9130297852e+02 5.9136798096e+02 5.9146600342e+02 5.9157598877e+02 5.9165100098e+02 5.9170800781e+02 5.9178497314e+02 5.9188299561e+02 5.9197302246e+02 5.9205102539e+02 5.9211602783e+02 5.9220202637e+02 5.9230102539e+02 5.9239001465e+02 5.9247900391e+02 5.9259197998e+02 5.9270397949e+02 5.9280798340e+02 5.9291497803e+02 5.9304602051e+02 5.9315301514e+02 5.9326202393e+02 5.9335797119e+02 5.9345599365e+02 5.9355902100e+02 5.9367401123e+02 5.9381500244e+02 5.9396697998e+02 5.9414300537e+02 5.9429101563e+02 5.9438702393e+02 5.9443103027e+02
5.9100500488e+02 5.9102600098e+02 5.9104498291e+02 5.9106097412e+02 5.9108001709e+02 5.9113397217e+02 5.9116497803e+02 5.9118200684e+02 5.9119799805e+02 5.9121398926e+02 5.9123498535e+02 5.9124298096e+02 5.9123999023e+02 5.9125000000e+02 5.9128900146e+02 5.9135699463e+02 5.9143402100e+02 5.9150897217e+02 5.9157897949e+02 5.9164300537e+02 5.9170599365e+02 5.9177099609e+02 5.9185198975e+02 5.9192999268e+02 5.9198699951e+02 5.9207202148e+02 5.9216497803e+02 5.9224499512e+02 5.9233502197e+02 5.9245202637e+02 5.9256799316e+02 5.9267199707e+02 5.9276599121e+02 5.9288800049e+02 5.9300402832e+02 5.9311499023e+02 5.9322399902e+02 5.9332800293e+02 5.9342102051e+02 5.9352801514e+02 5.9366601563e+02 5.9380798340e+02 5.9397998047e+02 5.9414099121e+02 5.9426397705e+02 5.9431896973e+02
5.9096002197e+02 5.9098297119e+02 5.9100000000e+02 5.9101800537e+02 5.9103198242e+02 5.9107202148e+02 5.9109899902e+02 5.9111602783e+02 5.9113201904e+02 5.9115899658e+02 5.9117901611e+02 5.9118902588e+02 5.9119396973e+02 5.9122100830e+02 5.9125598145e+02 5.9130297852e+02 5.9138098145e+02 5.9145599365e+02 5.9152197266e+02 5.9158801270e+02 5.9164697266e+02 5.9169201660e+02 5.9174499512e+02 5.9180798340e+02 5.9186901855e+02 5.9195397949e+02 5.9203302002e+02 5.9210198975e+02 5.9219598389e+02 5.9230200195e+02 5.9240997314e+02 5.9251599121e+02 5.9262597656e+02 5.9277001953e+02 5.9288299561e+02 5.9297900391e+02 5.9309100342e+02 5.9320898438e+02 5.9329699707e+02 5.9339697266e+02 5.9352502441e+02 5.9365502930e+02 5.9380603027e+02 5.9395599365e+02 5.9409497070e+02 5.9417602539e+02
5.9091900635e+02 5.9094500732e+02 5.9096099854e+02 5.9097399902e+02 5.9098602295e+02 5.9100897217e+02 5.9103100586e+02 5.9104998779e+02 5.9106298828e+02 5.9108898926e+02 5.9111199951e+02 5.9112701416e+02 5.9114300537e+02 5.9117498779e+02 5.9121002197e+02 5.9124499512e+02 5.9131201172e+02 5.9139202881e+02 5.9146398926e+02 5.9152801514e+02 5.9158001709e+02 5.9161602783e+02 5.9165502930e+02 5.9170800781e+02 5.9176702881e+02 5.9183300781e+02 5.9189300537e+02 5.9196099854e+02 5.9207098389e+02 5.9216601563e+02 5.9226397705e+02 5.9237402344e+02 5.9249700928e+02 5.9263800049e+02 5.9274700928e+02 5.9283300781e+02 5.9292999268e+02 5.9305297852e+02 5.9315301514e+02 5.9325500488e+02 5.9337701416e+02 5.9350799561e+02 5.9365301514e+02 5.9379901123e+02 5.9393902588e+02 5.9404302979e+02
5.9087298584e+02 5.9090997314e+02 5.9092901611e+02 5.9093701172e+02 5.9094598389e+02 5.9096301270e+02 5.9098602295e+02 5.9100897217e+02 5.9102899170e+02 5.9105102539e+02 5.9106500244e+02 5.9107800293e+02 5.9109301758e+02 5.9111602783e+02 5.9115002441e+02 5.9118499756e+02 5.9124200439e+02 5.9131896973e+02 5.9140301514e+02 5.9146997070e+02 5.9151202393e+02 5.9154901123e+02 5.9158001709e+02 5.9161602783e+02 5.9167401123e+02 5.9173400879e+02 5.9178198242e+02 5.9184197998e+02 5.9195397949e+02 5.9204199219e+02 5.9213702393e+02 5.9224798584e+02 5.9236602783e+02 5.9247698975e+02 5.9258801270e+02 5.9268103027e+02 5.9276702881e+02 5.9288598633e+02 5.9300000000e+02 5.9311499023e+02 5.9322998047e+02 5.9335797119e+02 5.9350097656e+02 5.9364801025e+02 5.9379101563e+02 5.9391198730e+02
5.9081896973e+02 5.9085101318e+02 5.9087799072e+02 5.9089501953e+02 5.9091101074e+02 5.9093701172e+02 5.9096502686e+02 5.9099102783e+02 5.9101599121e+02 5.9103698730e+02 5.9104199219e+02 5.9105200195e+02 5.9106097412e+02 5.9106402588e+02 5.9109197998e+02 5.9113500977e+02 5.9119396973e+02 5.9125598145e+02 5.9133898926e+02 5.9141497803e+02 5.9145898438e+02 5.9149597168e+02 5.9152001953e+02 5.9153997803e+02 5.9159100342e+02 5.9166302490e+02 5.9171197510e+02 5.9176098633e+02 5.9184002686e+02 5.9191601563e+02 5.9200701904e+02 5.9211297607e+02 5.9220397949e+02 5.9231701660e+02 5.9244000244e+02 5.9254699707e+02 5.9263800049e+02 5.9274200439e+02 5.9284802246e+02 5.9297100830e+02 5.9309997559e+02 5.9321398926e+02 5.9334698486e+02 5.9349401855e+02 5.9364300537e+02 5.9377899170e+02
5.9075897217e+02 5.9078997803e+02 5.9083001709e+02 5.9085797119e+02 5.9088702393e+02 5.9092199707e+02 5.9095800781e+02 5.9098797607e+02 5.9101000977e+02 5.9103198242e+02 5.9103601074e+02 5.9103601074e+02 5.9103601074e+02 5.9104199219e+02 5.9107098389e+02 5.9111297607e+02 5.9116101074e+02 5.9119396973e+02 5.9125897217e+02 5.9134301758e+02 5.9139801025e+02 5.9143402100e+02 5.9147399902e+02 5.9150402832e+02 5.9154400635e+02 5.9159600830e+02 5.9164099121e+02 5.9169097900e+02 5.9175402832e+02 5.9181402588e+02 5.9189001465e+02 5.9198101807e+02 5.9206597900e+02 5.9218103027e+02 5.9230999756e+02 5.9241302490e+02 5.9250097656e+02 5.9259301758e+02 5.9268200684e+02 5.9280297852e+02 5.9295202637e+02 5.9309301758e+02 5.9321002197e+02 5.9334301758e+02 5.9348699951e+02 5.9363098145e+02
5.9073199463e+02 5.9076501465e+02 5.9079400635e+02 5.9082098389e+02 5.9085400391e+02 5.9089599609e+02 5.9093200684e+02 5.9096899414e+02 5.9099700928e+02 5.9102099609e+02 5.9102502441e+02 5.9101898193e+02 5.9101397705e+02 5.9102899170e+02 5.9106799316e+02 5.9110797119e+02 5.9114300537e+02 5.9117297363e+02 5.9122698975e+02 5.9129699707e+02 5.9134600830e+02 5.9138500977e+02 5.9143499756e+02 5.9146697998e+02 5.9149798584e+02 5.9153198242e+02 5.9156597900e+02 5.9161102295e+02 5.9166900635e+02 5.9172998047e+02 5.9179699707e+02 5.9187799072e+02 5.9195800781e+02 5.9206402588e+02 5.9217999268e+02 5.9227001953e+02 5.9234100342e+02 5.9242999268e+02 5.9253802490e+02 5.9267199707e+02 5.9281201172e+02 5.9294799805e+02 5.9305902100e+02 5.9317700195e+02 5.9331298828e+02 5.9346801758e+02
5.9072198486e+02 5.9075598145e+02 5.9077197266e+02 5.9078802490e+02 5.9080902100e+02 5.9084802246e+02 5.9088702393e+02 5.9093402100e+02 5.9097497559e+02 5.9100598145e+02 5.9101898193e+02 5.9101702881e+02 5.9100701904e+02 5.9101898193e+02 5.9105999756e+02 5.9110498047e+02 5.9114099121e+02 5.9117297363e+02 5.9121899414e+02 5.9127398682e+02 5.9130499268e+02 5.9134802246e+02 5.9139801025e+02 5.9142602539e+02 5.9144598389e+02 5.9147198486e+02 5.9149798584e+02 5.9153497314e+02 5.9158599854e+02 5.9164898682e+02 5.9171502686e+02 5.9179302979e+02 5.9187298584e+02 5.9196099854e+02 5.9205798340e+02 5.9213800049e+02 5.9220697021e+02 5.9230798340e+02 5.9243103027e+02 5.9256097412e+02 5.9267401123e+02 5.9278802490e+02 5.9290100098e+02 5.9301599121e+02 5.9313702393e+02 5.9328997803e+02
5.9071997070e+02 5.9074499512e+02 5.9075897217e+02 5.9077301025e+02 5.9078802490e+02 5.9080401611e+02 5.9084399414e+02 5.9089001465e+02 5.9092797852e+02 5.9097497559e+02 5.9101000977e+02 5.9102801514e+02 5.9102801514e+02 5.9103198242e+02 5.9105297852e+02 5.9108898926e+02 5.9113299561e+02 5.9115399170e+02 5.9120001221e+02 5.9124298096e+02 5.9125701904e+02 5.9130102539e+02 5.9134197998e+02 5.9136602783e+02 5.9138598633e+02 5.9141998291e+02 5.9144396973e+02 5.9146997070e+02 5.9151702881e+02 5.9156500244e+02 5.9163598633e+02 5.9171600342e+02 5.9179101563e+02 5.9186901855e+02 5.9195098877e+02 5.9203002930e+02 5.9211401367e+02 5.9222497559e+02 5.9233398438e+02 5.9243103027e+02 5.9252099609e+02 5.9262500000e+02 5.9274499512e+02 5.9286297607e+02 5.9297198486e+02 5.9310198975e+02
5.9071502686e+02 5.9073101807e+02 5.9074700928e+02 5.9076000977e+02 5.9076397705e+02 5.9079101563e+02 5.9082501221e+02 5.9085302734e+02 5.9088397217e+02 5.9093200684e+02 5.9097497559e+02 5.9100897217e+02 5.9102099609e+02 5.9103802490e+02 5.9105603027e+02 5.9107501221e+02 5.9110498047e+02 5.9112200928e+02 5.9117401123e+02 5.9121997070e+02 5.9123297119e+02 5.9127697754e+02 5.9130499268e+02 5.9131701660e+02 5.9134002686e+02 5.9136999512e+02 5.9139001465e+02 5.9141601563e+02 5.9145898438e+02 5.9149597168e+02 5.9155700684e+02 5.9163397217e+02 5.9170898438e+02 5.9177697754e+02 5.9184497070e+02 5.9191900635e+02 5.9202099609e+02 5.9212097168e+02 5.9221600342e+02 5.9230200195e+02 5.9239001465e+02 5.9249200439e+02 5.9261401367e+02 5.9271697998e+02 5.9280999756e+02 5.9292498779e+02
5.9071002197e+02 5.9071697998e+02 5.9072900391e+02 5.9073901367e+02 5.9075598145e+02 5.9079400635e+02 5.9082702637e+02 5.9085198975e+02 5.9087200928e+02 5.9090197754e+02 5.9093200684e+02 5.9097302246e+02 5.9100299072e+02 5.9102600098e+02 5.9104699707e+02 5.9106500244e+02 5.9108300781e+02 5.9109002686e+02 5.9112799072e+02 5.9117102051e+02 5.9119500732e+02 5.9122998047e+02 5.9125799561e+02 5.9127697754e+02 5.9129797363e+02 5.9131402588e+02 5.9133697510e+02 5.9137097168e+02 5.9140502930e+02 5.9143402100e+02 5.9148699951e+02 5.9155798340e+02 5.9163000488e+02 5.9170001221e+02 5.9176800537e+02 5.9183801270e+02 5.9192498779e+02 5.9200598145e+02 5.9208502197e+02 5.9216699219e+02 5.9225402832e+02 5.9234997559e+02 5.9246801758e+02 5.9256799316e+02 5.9265997314e+02 5.9277502441e+02
5.9072198486e+02 5.9072698975e+02 5.9073199463e+02 5.9073498535e+02 5.9075598145e+02 5.9079998779e+02 5.9083197021e+02 5.9086199951e+02 5.9088500977e+02 5.9089202881e+02 5.9091302490e+02 5.9094799805e+02 5.9097900391e+02 5.9100598145e+02 5.9102801514e+02 5.9105297852e+02 5.9107098389e+02 5.9107397461e+02 5.9109399414e+02 5.9112500000e+02 5.9114801025e+02 5.9117498779e+02 5.9120800781e+02 5.9123602295e+02 5.9126098633e+02 5.9127502441e+02 5.9129998779e+02 5.9133197021e+02 5.9135198975e+02 5.9137799072e+02 5.9142797852e+02 5.9149401855e+02 5.9155902100e+02 5.9163098145e+02 5.9170800781e+02 5.9177600098e+02 5.9183502197e+02 5.9190600586e+02 5.9197601318e+02 5.9205102539e+02 5.9213201904e+02 5.9221997070e+02 5.9233197021e+02 5.9243200684e+02 5.9252600098e+02 5.9264801025e+02
5.9071398926e+02 5.9072302246e+02 5.9073297119e+02 5.9073901367e+02 5.9075598145e+02 5.9080401611e+02 5.9082299805e+02 5.9084497070e+02 5.9088299561e+02 5.9089599609e+02 5.9091900635e+02 5.9094299316e+02 5.9095501709e+02 5.9098297119e+02 5.9100598145e+02 5.9103002930e+02 5.9105102539e+02 5.9106201172e+02 5.9107897949e+02 5.9109899902e+02 5.9111199951e+02 5.9114697266e+02 5.9117797852e+02 5.9120001221e+02 5.9122399902e+02 5.9125201416e+02 5.9127502441e+02 5.9129699707e+02 5.9131597900e+02 5.9133300781e+02 5.9137701416e+02 5.9144000244e+02 5.9150799561e+02 5.9157098389e+02 5.9164202881e+02 5.9170697021e+02 5.9175097656e+02 5.9181500244e+02 5.9189300537e+02 5.9196899414e+02 5.9203399658e+02 5.9212097168e+02 5.9222900391e+02 5.9232800293e+02 5.9240899658e+02 5.9253802490e+02
5.9069799805e+02 5.9070599365e+02 5.9071197510e+02 5.9072998047e+02 5.9075701904e+02 5.9079901123e+02 5.9082202148e+02 5.9083502197e+02 5.9085998535e+02 5.9088702393e+02 5.9091400146e+02 5.9094000244e+02 5.9095098877e+02 5.9097399902e+02 5.9099499512e+02 5.9101800537e+02 5.9103802490e+02 5.9103997803e+02 5.9105499268e+02 5.9108001709e+02 5.9109197998e+02 5.9111602783e+02 5.9114599609e+02 5.9116998291e+02 5.9119500732e+02 5.9121697998e+02 5.9124200439e+02 5.9127001953e+02 5.9128802490e+02 5.9129797363e+02 5.9134100342e+02 5.9140100098e+02 5.9146301270e+02 5.9151800537e+02 5.9155798340e+02 5.9160699463e+02 5.9167102051e+02 5.9172198486e+02 5.9179699707e+02 5.9188000488e+02 5.9193402100e+02 5.9200897217e+02 5.9211602783e+02 5.9222302246e+02 5.9230798340e+02 5.9242401123e+02
5.9066900635e+02 5.9067401123e+02 5.9068701172e+02 5.9070800781e+02 5.9072998047e+02 5.9077600098e+02 5.9080902100e+02 5.9082501221e+02 5.9084100342e+02 5.9087298584e+02 5.9090197754e+02 5.9092498779e+02 5.9094000244e+02 5.9096398926e+02 5.9098602295e+02 5.9100897217e+02 5.9102502441e+02 5.9102697754e+02 5.9104498291e+02 5.9107098389e+02 5.9108599854e+02 5.9109997559e+02 5.9112597656e+02 5.9114697266e+02 5.9116601563e+02 5.9119000244e+02 5.9121997070e+02 5.9124798584e+02 5.9126501465e+02 5.9127801514e+02 5.9131799316e+02 5.9136102295e+02 5.9140802002e+02 5.9146099854e+02 5.9148901367e+02 5.9153100586e+02 5.9159600830e+02 5.9164599609e+02 5.9171502686e+02 5.9179199219e+02 5.9184399414e+02 5.9191802979e+02 5.9202301025e+02 5.9212298584e+02 5.9220397949e+02 5.9231500244e+02
5.9062298584e+02 5.9063299561e+02 5.9064898682e+02 5.9066302490e+02 5.9067797852e+02 5.9073498535e+02 5.9077899170e+02 5.9080401611e+02 5.9082897949e+02 5.9085998535e+02 5.9088397217e+02 5.9090899658e+02 5.9092700195e+02 5.9095397949e+02 5.9097601318e+02 5.9099902344e+02 5.9101501465e+02 5.9102197266e+02 5.9104199219e+02 5.9106500244e+02 5.9108001709e+02 5.9109497070e+02 5.9111798096e+02 5.9113500977e+02 5.9115100098e+02 5.9117999268e+02 5.9120501709e+02 5.9122900391e+02 5.9124700928e+02 5.9126800537e+02 5.9130102539e+02 5.9132598877e+02 5.9135998535e+02 5.9140698242e+02 5.9144000244e+02 5.9147900391e+02 5.9153100586e+02 5.9159197998e+02 5.9165698242e+02 5.9172198486e+02 5.9177502441e+02 5.9185498047e+02 5.9194897461e+02 5.9203100586e+02 5.9209997559e+02 5.9221301270e+02
