TESTSERVER/2/6.asc
NCOLS 100
NROWS 100
XLLCORNER 7.5997500000e+03
YLLCORNER 2.8965025000e+05
CELLSIZE 5.0000000000e-01
NODATA_VALUE -9.9990000000e+03
[rows 60 to 79 of 100, columns 46 to 91 of 100]
5.9437597656e+02 5.9444396973e+02 5.9451098633e+02 5.9457000732e+02 5.9464001465e+02 5.9470300293e+02 5.9476599121e+02 5.9483099365e+02 5.9488397217e+02 5.9493499756e+02 5.9498199463e+02 5.9501898193e+02 5.9506896973e+02 5.9516101074e+02 5.9522198486e+02 5.9528997803e+02 5.9539501953e+02 5.9549200439e+02 5.9557098389e+02 5.9566802979e+02 5.9580200195e+02 5.9590301514e+02 5.9601098633e+02 5.9613299561e+02 5.9625201416e+02 5.9640698242e+02 5.9659997559e+02 5.9678399658e+02 5.9688897705e+02 5.9681701660e+02 5.9676397705e+02 5.9672601318e+02 5.9669799805e+02 5.9665600586e+02 5.9665100098e+02 5.9674798584e+02 5.9696099854e+02 5.9731402588e+02 5.9755499268e+02 5.9764001465e+02 5.9765100098e+02 5.9771997070e+02 5.9775500488e+02 5.9781201172e+02 5.9791302490e+02 5.9806701660e+02
5.9415600586e+02 5.9424499512e+02 5.9432702637e+02 5.9439697266e+02 5.9446398926e+02 5.9453997803e+02 5.9461602783e+02 5.9468798828e+02 5.9473297119e+02 5.9478399658e+02 5.9482800293e+02 5.9486499023e+02 5.9491601563e+02 5.9498699951e+02 5.9504797363e+02 5.9511999512e+02 5.9521002197e+02 5.9529199219e+02 5.9535797119e+02 5.9544897461e+02 5.9556896973e+02 5.9567401123e+02 5.9579498291e+02 5.9590301514e+02 5.9599597168e+02 5.9614300537e+02 5.9634497070e+02 5.9657598877e+02 5.9672998047e+02 5.9671801758e+02 5.9667498779e+02 5.9662402344e+02 5.9659497070e+02 5.9655499268e+02 5.9653601074e+02 5.9658300781e+02 5.9670202637e+02 5.9693402100e+02 5.9721099854e+02 5.9743298340e+02 5.9753698730e+02 5.9759100342e+02 5.9762097168e+02 5.9765802002e+02 5.9773498535e+02 5.9788897705e+02
5.9393402100e+02 5.9402301025e+02 5.9411401367e+02 5.9420697021e+02 5.9428302002e+02 5.9437200928e+02 5.9445697021e+02 5.9453198242e+02 5.9457702637e+02 5.9462902832e+02 5.9467498779e+02 5.9471697998e+02 5.9477502441e+02 5.9483697510e+02 5.9489099121e+02 5.9495397949e+02 5.9502899170e+02 5.9510198975e+02 5.9516601563e+02 5.9524200439e+02 5.9534002686e+02 5.9545098877e+02 5.9558197021e+02 5.9568902588e+02 5.9577301025e+02 5.9589599609e+02 5.9608099365e+02 5.9631701660e+02 5.9649700928e+02 5.9655603027e+02 5.9656201172e+02 5.9653002930e+02 5.9649798584e+02 5.9646002197e+02 5.9642199707e+02 5.9642498779e+02 5.9647399902e+02 5.9661199951e+02 5.9690301514e+02 5.9723101807e+02 5.9744702148e+02 5.9748999023e+02 5.9751202393e+02 5.9753399658e+02 5.9758502197e+02 5.9770599365e+02
5.9373400879e+02 5.9381500244e+02 5.9390100098e+02 5.9400299072e+02 5.9409600830e+02 5.9418902588e+02 5.9427801514e+02 5.9436499023e+02 5.9442297363e+02 5.9447802734e+02 5.9453497314e+02 5.9458099365e+02 5.9463299561e+02 5.9469598389e+02 5.9474700928e+02 5.9480603027e+02 5.9487701416e+02 5.9494201660e+02 5.9501098633e+02 5.9508099365e+02 5.9515002441e+02 5.9524902344e+02 5.9537402344e+02 5.9548498535e+02 5.9557800293e+02 5.9568200684e+02 5.9583001709e+02 5.9602197266e+02 5.9618701172e+02 5.9632000732e+02 5.9639801025e+02 5.9641302490e+02 5.9639202881e+02 5.9635998535e+02 5.9632202148e+02 5.9630499268e+02 5.9632098389e+02 5.9638201904e+02 5.9663201904e+02 5.9699499512e+02 5.9730700684e+02 5.9738800049e+02 5.9742498779e+02 5.9744799805e+02 5.9748199463e+02 5.9755200195e+02
5.9353399658e+02 5.9362701416e+02 5.9369799805e+02 5.9377398682e+02 5.9388800049e+02 5.9399902344e+02 5.9408697510e+02 5.9418798828e+02 5.9427600098e+02 5.9433099365e+02 5.9440197754e+02 5.9445697021e+02 5.9450097656e+02 5.9455401611e+02 5.9460998535e+02 5.9467602539e+02 5.9474597168e+02 5.9479498291e+02 5.9485498047e+02 5.9492199707e+02 5.9498498535e+02 5.9507598877e+02 5.9518701172e+02 5.9529699707e+02 5.9539898682e+02 5.9549102783e+02 5.9559600830e+02 5.9572302246e+02 5.9584497070e+02 5.9603100586e+02 5.9618597412e+02 5.9626702881e+02 5.9627600098e+02 5.9625799561e+02 5.9623699951e+02 5.9622497559e+02 5.9621301270e+02 5.9621197510e+02 5.9635198975e+02 5.9664599609e+02 5.9700097656e+02 5.9722698975e+02 5.9730999756e+02 5.9734899902e+02 5.9739599609e+02 5.9744897461e+02
5.9333898926e+02 5.9342199707e+02 5.9350201416e+02 5.9358099365e+02 5.9368298340e+02 5.9380401611e+02 5.9389300537e+02 5.9398400879e+02 5.9407598877e+02 5.9415997314e+02 5.9423699951e+02 5.9429699707e+02 5.9434802246e+02 5.9440399170e+02 5.9446099854e+02 5.9452398682e+02 5.9458599854e+02 5.9463897705e+02 5.9469299316e+02 5.9475897217e+02 5.9483801270e+02 5.9492401123e+02 5.9502197266e+02 5.9511602783e+02 5.9521997070e+02 5.9529998779e+02 5.9538800049e+02 5.9550598145e+02 5.9561297607e+02 5.9576202393e+02 5.9592999268e+02 5.9606201172e+02 5.9612298584e+02 5.9613500977e+02 5.9612500000e+02 5.9611499023e+02 5.9610498047e+02 5.9605499268e+02 5.9609301758e+02 5.9627899170e+02 5.9664099121e+02 5.9697900391e+02 5.9715399170e+02 5.9722497559e+02 5.9728698730e+02 5.9734997559e+02
5.9314898682e+02 5.9322497559e+02 5.9330999756e+02 5.9339001465e+02 5.9347100830e+02 5.9358898926e+02 5.9369201660e+02 5.9377502441e+02 5.9385198975e+02 5.9396801758e+02 5.9405798340e+02 5.9412701416e+02 5.9418902588e+02 5.9425500488e+02 5.9431799316e+02 5.9438000488e+02 5.9444299316e+02 5.9450402832e+02 5.9455401611e+02 5.9461199951e+02 5.9468902588e+02 5.9477301025e+02 5.9486901855e+02 5.9495599365e+02 5.9504498291e+02 5.9511901855e+02 5.9520397949e+02 5.9530297852e+02 5.9538397217e+02 5.9550201416e+02 5.9566601563e+02 5.9582702637e+02 5.9593902588e+02 5.9598699951e+02 5.9600097656e+02 5.9599798584e+02 5.9599401855e+02 5.9594702148e+02 5.9593103027e+02 5.9602398682e+02 5.9629797363e+02 5.9668298340e+02 5.9694396973e+02 5.9707000732e+02 5.9715301514e+02 5.9723297119e+02
5.9295697021e+02 5.9303002930e+02 5.9311700439e+02 5.9319500732e+02 5.9325799561e+02 5.9335797119e+02 5.9347497559e+02 5.9356097412e+02 5.9361999512e+02 5.9375201416e+02 5.9385400391e+02 5.9392901611e+02 5.9400299072e+02 5.9408197021e+02 5.9415502930e+02 5.9422198486e+02 5.9429498291e+02 5.9436297607e+02 5.9441400146e+02 5.9446899414e+02 5.9453900146e+02 5.9462097168e+02 5.9472302246e+02 5.9481201172e+02 5.9487701416e+02 5.9494299316e+02 5.9502301025e+02 5.9510101318e+02 5.9516699219e+02 5.9527001953e+02 5.9541400146e+02 5.9557000732e+02 5.9571301270e+02 5.9581500244e+02 5.9586700439e+02 5.9587500000e+02 5.9586499023e+02 5.9584698486e+02 5.9581799316e+02 5.9583801270e+02 5.9599499512e+02 5.9636798096e+02 5.9669097900e+02 5.9687597656e+02 5.9699102783e+02 5.9709399414e+02
5.9275598145e+02 5.9283300781e+02 5.9291497803e+02 5.9299401855e+02 5.9305700684e+02 5.9313201904e+02 5.9325402832e+02 5.9336798096e+02 5.9343701172e+02 5.9353302002e+02 5.9363201904e+02 5.9371502686e+02 5.9379302979e+02 5.9388299561e+02 5.9396301270e+02 5.9403497314e+02 5.9412097168e+02 5.9419201660e+02 5.9425299072e+02 5.9432098389e+02 5.9439099121e+02 5.9446600342e+02 5.9455902100e+02 5.9464300537e+02 5.9470300293e+02 5.9476702881e+02 5.9484100342e+02 5.9490997314e+02 5.9497198486e+02 5.9507202148e+02 5.9518701172e+02 5.9530297852e+02 5.9543597412e+02 5.9563098145e+02 5.9572998047e+02 5.9574597168e+02 5.9571899414e+02 5.9574298096e+02 5.9573797607e+02 5.9572497559e+02 5.9577801514e+02 5.9608801270e+02 5.9641998291e+02 5.9666699219e+02 5.9682397461e+02 5.9693103027e+02
5.9254602051e+02 5.9261901855e+02 5.9270001221e+02 5.9279901123e+02 5.9287200928e+02 5.9294097900e+02 5.9303802490e+02 5.9315802002e+02 5.9323602295e+02 5.9331201172e+02 5.9341400146e+02 5.9351202393e+02 5.9358502197e+02 5.9367102051e+02 5.9375799561e+02 5.9383898926e+02 5.9393402100e+02 5.9401800537e+02 5.9407598877e+02 5.9414501953e+02 5.9421697998e+02 5.9430200195e+02 5.9439697266e+02 5.9447100830e+02 5.9453100586e+02 5.9459997559e+02 5.9466699219e+02 5.9473199463e+02 5.9479699707e+02 5.9488702393e+02 5.9498101807e+02 5.9507897949e+02 5.9520397949e+02 5.9541699219e+02 5.9557397461e+02 5.9563201904e+02 5.9562200928e+02 5.9562701416e+02 5.9561700439e+02 5.9560699463e+02 5.9564001465e+02 5.9585302734e+02 5.9611798096e+02 5.9639300537e+02 5.9660900879e+02 5.9676000977e+02
5.9237200928e+02 5.9241998291e+02 5.9248699951e+02 5.9258197021e+02 5.9266400146e+02 5.9275097656e+02 5.9283898926e+02 5.9294097900e+02 5.9301898193e+02 5.9310498047e+02 5.9319799805e+02 5.9328399658e+02 5.9335797119e+02 5.9344097900e+02 5.9352899170e+02 5.9361901855e+02 5.9372497559e+02 5.9381896973e+02 5.9387701416e+02 5.9394598389e+02 5.9403302002e+02 5.9412298584e+02 5.9421801758e+02 5.9429699707e+02 5.9435797119e+02 5.9441998291e+02 5.9448699951e+02 5.9456500244e+02 5.9463800049e+02 5.9471801758e+02 5.9480297852e+02 5.9489202881e+02 5.9499298096e+02 5.9518798828e+02 5.9537200928e+02 5.9548400879e+02 5.9550897217e+02 5.9550598145e+02 5.9549499512e+02 5.9549597168e+02 5.9552502441e+02 5.9561999512e+02 5.9581701660e+02 5.9608801270e+02 5.9637799072e+02 5.9659997559e+02
5.9220098877e+02 5.9225799561e+02 5.9231799316e+02 5.9238702393e+02 5.9245300293e+02 5.9254302979e+02 5.9263702393e+02 5.9272601318e+02 5.9279699707e+02 5.9289599609e+02 5.9297998047e+02 5.9305700684e+02 5.9313800049e+02 5.9322900391e+02 5.9330902100e+02 5.9338897705e+02 5.9349102783e+02 5.9359197998e+02 5.9365899658e+02 5.9373602295e+02 5.9383001709e+02 5.9392999268e+02 5.9403002930e+02 5.9411602783e+02 5.9418597412e+02 5.9425000000e+02 5.9432000732e+02 5.9440600586e+02 5.9448498535e+02 5.9455798340e+02 5.9464099121e+02 5.9473101807e+02 5.9481597900e+02 5.9497198486e+02 5.9515002441e+02 5.9529302979e+02 5.9537097168e+02 5.9539001465e+02 5.9539898682e+02 5.9540899658e+02 5.9541998291e+02 5.9541699219e+02 5.9554699707e+02 5.9580200195e+02 5.9614501953e+02 5.9644201660e+02
5.9199401855e+02 5.9207598877e+02 5.9215002441e+02 5.9221600342e+02 5.9226898193e+02 5.9233197021e+02 5.9242498779e+02 5.9251800537e+02 5.9258398438e+02 5.9268499756e+02 5.9277801514e+02 5.9285797119e+02 5.9293103027e+02 5.9302197266e+02 5.9310699463e+02 5.9317999268e+02 5.9326397705e+02 5.9336102295e+02 5.9343499756e+02 5.9351202393e+02 5.9359802246e+02 5.9372601318e+02 5.9384997559e+02 5.9394000244e+02 5.9401599121e+02 5.9408801270e+02 5.9416497803e+02 5.9424798584e+02 5.9433599854e+02 5.9439599609e+02 5.9447198486e+02 5.9456597900e+02 5.9466998291e+02 5.9479302979e+02 5.9492999268e+02 5.9507202148e+02 5.9522698975e+02 5.9529998779e+02 5.9532800293e+02 5.9532501221e+02 5.9530297852e+02 5.9526397705e+02 5.9533898926e+02 5.9555102539e+02 5.9588098145e+02 5.9624700928e+02
5.9185797119e+02 5.9191900635e+02 5.9198498535e+02 5.9204302979e+02 5.9209600830e+02 5.9214801025e+02 5.9222100830e+02 5.9230700684e+02 5.9239398193e+02 5.9248797607e+02 5.9257098389e+02 5.9265002441e+02 5.9271899414e+02 5.9280603027e+02 5.9289599609e+02 5.9297998047e+02 5.9305603027e+02 5.9314099121e+02 5.9321398926e+02 5.9328399658e+02 5.9336901855e+02 5.9349298096e+02 5.9361700439e+02 5.9372100830e+02 5.9382098389e+02 5.9391302490e+02 5.9398901367e+02 5.9406701660e+02 5.9415997314e+02 5.9423797607e+02 5.9431597900e+02 5.9440197754e+02 5.9450201416e+02 5.9463500977e+02 5.9475000000e+02 5.9486602783e+02 5.9502502441e+02 5.9515399170e+02 5.9519799805e+02 5.9519097900e+02 5.9518499756e+02 5.9517901611e+02 5.9520697021e+02 5.9533599854e+02 5.9561297607e+02 5.9598297119e+02
5.9174102783e+02 5.9179101563e+02 5.9184600830e+02 5.9189801025e+02 5.9194201660e+02 5.9199401855e+02 5.9205700684e+02 5.9213397217e+02 5.9222198486e+02 5.9229797363e+02 5.9236297607e+02 5.9244201660e+02 5.9252301025e+02 5.9260400391e+02 5.9269000244e+02 5.9276800537e+02 5.9283898926e+02 5.9292498779e+02 5.9300402832e+02 5.9308300781e+02 5.9316802979e+02 5.9327001953e+02 5.9338702393e+02 5.9350201416e+02 5.9361102295e+02 5.9371398926e+02 5.9380297852e+02 5.9388702393e+02 5.9398699951e+02 5.9408001709e+02 5.9415997314e+02 5.9423199463e+02 5.9431402588e+02 5.9444702148e+02 5.9456701660e+02 5.9468499756e+02 5.9483001709e+02 5.9498699951e+02 5.9507501221e+02 5.9509600830e+02 5.9510302734e+02 5.9510900879e+02 5.9510302734e+02 5.9515600586e+02 5.9534100342e+02 5.9567297363e+02
5.9161700439e+02 5.9165197754e+02 5.9169201660e+02 5.9174200439e+02 5.9179199219e+02 5.9185400391e+02 5.9192102051e+02 5.9199401855e+02 5.9205902100e+02 5.9211700439e+02 5.9217401123e+02 5.9224499512e+02 5.9231799316e+02 5.9240399170e+02 5.9249298096e+02 5.9256896973e+02 5.9263500977e+02 5.9272399902e+02 5.9280499268e+02 5.9289202881e+02 5.9298797607e+02 5.9307702637e+02 5.9317797852e+02 5.9328399658e+02 5.9338598633e+02 5.9349499512e+02 5.9361499023e+02 5.9371502686e+02 5.9380902100e+02 5.9390899658e+02 5.9399597168e+02 5.9407098389e+02 5.9414202881e+02 5.9426000977e+02 5.9438098145e+02 5.9451000977e+02 5.9465100098e+02 5.9482000732e+02 5.9495300293e+02 5.9501397705e+02 5.9503302002e+02 5.9504901123e+02 5.9502398682e+02 5.9501702881e+02 5.9511199951e+02 5.9537701416e+02
5.9149597168e+02 5.9152398682e+02 5.9156201172e+02 5.9161199951e+02 5.9166497803e+02 5.9172998047e+02 5.9179302979e+02 5.9185797119e+02 5.9190399170e+02 5.9194097900e+02 5.9199298096e+02 5.9204998779e+02 5.9211700439e+02 5.9218902588e+02 5.9228302002e+02 5.9237298584e+02 5.9245098877e+02 5.9255102539e+02 5.9262701416e+02 5.9270300293e+02 5.9278802490e+02 5.9288598633e+02 5.9296398926e+02 5.9305603027e+02 5.9316601563e+02 5.9328698730e+02 5.9342700195e+02 5.9354498291e+02 5.9362701416e+02 5.9371197510e+02 5.9381097412e+02 5.9390802002e+02 5.9399902344e+02 5.9409899902e+02 5.9420898438e+02 5.9434497070e+02 5.9449401855e+02 5.9465197754e+02 5.9480902100e+02 5.9491198730e+02 5.9496099854e+02 5.9497998047e+02 5.9496398926e+02 5.9494299316e+02 5.9497698975e+02 5.9515399170e+02
5.9140197754e+02 5.9143798828e+02 5.9147497559e+02 5.9151501465e+02 5.9156597900e+02 5.9162902832e+02 5.9168402100e+02 5.9173699951e+02 5.9177600098e+02 5.9181298828e+02 5.9185699463e+02 5.9190100098e+02 5.9195397949e+02 5.9199902344e+02 5.9208599854e+02 5.9218499756e+02 5.9227398682e+02 5.9237902832e+02 5.9245501709e+02 5.9253198242e+02 5.9261700439e+02 5.9271899414e+02 5.9279699707e+02 5.9288098145e+02 5.9299597168e+02 5.9309802246e+02 5.9321801758e+02 5.9333599854e+02 5.9343597412e+02 5.9352600098e+02 5.9363098145e+02 5.9373400879e+02 5.9383502197e+02 5.9395300293e+02 5.9405401611e+02 5.9418103027e+02 5.9432598877e+02 5.9448901367e+02 5.9464501953e+02 5.9477801514e+02 5.9486602783e+02 5.9490600586e+02 5.9490899658e+02 5.9489501953e+02 5.9488098145e+02 5.9496398926e+02
5.9131097412e+02 5.9135699463e+02 5.9139398193e+02 5.9143200684e+02 5.9147601318e+02 5.9152398682e+02 5.9157098389e+02 5.9161602783e+02 5.9165399170e+02 5.9169598389e+02 5.9173498535e+02 5.9176800537e+02 5.9179901123e+02 5.9184497070e+02 5.9192401123e+02 5.9201501465e+02 5.9210797119e+02 5.9220300293e+02 5.9227899170e+02 5.9235998535e+02 5.9245202637e+02 5.9256402588e+02 5.9265197754e+02 5.9273797607e+02 5.9284197998e+02 5.9293902588e+02 5.9304699707e+02 5.9316101074e+02 5.9327001953e+02 5.9336401367e+02 5.9346997070e+02 5.9357202148e+02 5.9367102051e+02 5.9378802490e+02 5.9388897705e+02 5.9400598145e+02 5.9414697266e+02 5.9430700684e+02 5.9445800781e+02 5.9460400391e+02 5.9472302246e+02 5.9479602051e+02 5.9482702637e+02 5.9482098389e+02 5.9478997803e+02 5.9478900146e+02
5.9124102783e+02 5.9128198242e+02 5.9131500244e+02 5.9134997559e+02 5.9139202881e+02 5.9142999268e+02 5.9146997070e+02 5.9151202393e+02 5.9154998779e+02 5.9158599854e+02 5.9162200928e+02 5.9164697266e+02 5.9166497803e+02 5.9171197510e+02 5.9176898193e+02 5.9184802246e+02 5.9195300293e+02 5.9204699707e+02 5.9212200928e+02 5.9220800781e+02 5.9229901123e+02 5.9240899658e+02 5.9250799561e+02 5.9259899902e+02 5.9269897461e+02 5.9279901123e+02 5.9290399170e+02 5.9301000977e+02 5.9311499023e+02 5.9321398926e+02 5.9331799316e+02 5.9341400146e+02 5.9350799561e+02 5.9361499023e+02 5.9372198486e+02 5.9384197998e+02 5.9397601318e+02 5.9412902832e+02 5.9427001953e+02 5.9440802002e+02 5.9453601074e+02 5.9464001465e+02 5.9470898438e+02 5.9472698975e+02 5.9469897461e+02 5.9465399170e+02
