TESTSERVER/2/7.asc
NCOLS 100
NROWS 100
XLLCORNER 7.5997500000e+03
YLLCORNER 2.8960025000e+05
CELLSIZE 5.0000000000e-01
NODATA_VALUE -9.9990000000e+03
[rows 60 to 79 of 100, columns 46 to 91 of 100]
5.9009497070e+02 5.9013000488e+02 5.9016497803e+02 5.9019799805e+02 5.9024798584e+02 5.9030902100e+02 5.9036199951e+02 5.9040802002e+02 5.9045599365e+02 5.9050000000e+02 5.9054400635e+02 5.9058898926e+02 5.9063500977e+02 5.9065997314e+02 5.9070501709e+02 5.9074798584e+02 5.9077301025e+02 5.9079498291e+02 5.9081402588e+02 5.9082800293e+02 5.9084399414e+02 5.9084399414e+02 5.9084100342e+02 5.9085498047e+02 5.9088201904e+02 5.9088598633e+02 5.9088702393e+02 5.9088702393e+02 5.9088598633e+02 5.9090698242e+02 5.9091998291e+02 5.9092199707e+02 5.9092700195e+02 5.9094201660e+02 5.9094201660e+02 5.9093798828e+02 5.9093402100e+02 5.9093200684e+02 5.9092901611e+02 5.9092401123e+02 5.9090698242e+02 5.9089599609e+02 5.9088000488e+02 5.9086798096e+02 5.9085797119e+02 5.9084301758e+02
5.9000402832e+02 5.9003302002e+02 5.9006597900e+02 5.9010601807e+02 5.9016198730e+02 5.9021600342e+02 5.9026702881e+02 5.9031701660e+02 5.9036798096e+02 5.9041998291e+02 5.9046997070e+02 5.9051202393e+02 5.9055700684e+02 5.9059399414e+02 5.9064599609e+02 5.9069500732e+02 5.9072998047e+02 5.9076300049e+02 5.9079199219e+02 5.9081402588e+02 5.9083300781e+02 5.9084399414e+02 5.9084002686e+02 5.9084100342e+02 5.9085998535e+02 5.9087597656e+02 5.9088598633e+02 5.9089099121e+02 5.9089202881e+02 5.9090197754e+02 5.9090899658e+02 5.9090997314e+02 5.9091497803e+02 5.9093298340e+02 5.9093597412e+02 5.9093298340e+02 5.9093298340e+02 5.9093298340e+02 5.9093200684e+02 5.9092700195e+02 5.9091601563e+02 5.9090997314e+02 5.9089398193e+02 5.9088397217e+02 5.9087200928e+02 5.9085498047e+02
5.8991497803e+02 5.8993902588e+02 5.8996697998e+02 5.9000299072e+02 5.9005401611e+02 5.9010601807e+02 5.9015802002e+02 5.9021600342e+02 5.9027099609e+02 5.9032501221e+02 5.9037597656e+02 5.9042297363e+02 5.9047900391e+02 5.9052697754e+02 5.9058001709e+02 5.9063098145e+02 5.9067700195e+02 5.9071398926e+02 5.9075000000e+02 5.9078100586e+02 5.9080102539e+02 5.9082098389e+02 5.9083502197e+02 5.9084399414e+02 5.9085400391e+02 5.9085998535e+02 5.9087298584e+02 5.9088397217e+02 5.9088897705e+02 5.9089001465e+02 5.9089398193e+02 5.9089898682e+02 5.9090698242e+02 5.9092401123e+02 5.9092700195e+02 5.9092700195e+02 5.9092700195e+02 5.9092901611e+02 5.9093597412e+02 5.9093402100e+02 5.9092102051e+02 5.9091802979e+02 5.9090502930e+02 5.9089599609e+02 5.9088500977e+02 5.9087298584e+02
5.8980700684e+02 5.8983398438e+02 5.8986602783e+02 5.8989398193e+02 5.8994396973e+02 5.8999798584e+02 5.9005102539e+02 5.9011499023e+02 5.9016900635e+02 5.9021301270e+02 5.9025897217e+02 5.9031500244e+02 5.9038299561e+02 5.9044201660e+02 5.9049798584e+02 5.9055200195e+02 5.9060498047e+02 5.9064697266e+02 5.9069097900e+02 5.9072900391e+02 5.9075500488e+02 5.9077697754e+02 5.9080902100e+02 5.9083801270e+02 5.9085498047e+02 5.9084600830e+02 5.9085900879e+02 5.9087597656e+02 5.9088201904e+02 5.9087902832e+02 5.9088598633e+02 5.9089697266e+02 5.9090197754e+02 5.9091101074e+02 5.9090997314e+02 5.9091400146e+02 5.9091998291e+02 5.9091802979e+02 5.9092797852e+02 5.9092901611e+02 5.9092102051e+02 5.9092102051e+02 5.9090698242e+02 5.9089898682e+02 5.9089001465e+02 5.9088800049e+02
5.8969598389e+02 5.8973297119e+02 5.8977502441e+02 5.8980700684e+02 5.8985998535e+02 5.8989898682e+02 5.8995001221e+02 5.9001300049e+02 5.9005902100e+02 5.9010400391e+02 5.9015600586e+02 5.9021600342e+02 5.9026800537e+02 5.9033001709e+02 5.9039202881e+02 5.9044799805e+02 5.9050097656e+02 5.9055200195e+02 5.9060498047e+02 5.9064898682e+02 5.9069000244e+02 5.9072497559e+02 5.9076397705e+02 5.9079998779e+02 5.9082501221e+02 5.9083898926e+02 5.9084802246e+02 5.9086999512e+02 5.9087799072e+02 5.9088098145e+02 5.9088299561e+02 5.9088598633e+02 5.9089300537e+02 5.9089501953e+02 5.9089501953e+02 5.9090399170e+02 5.9092797852e+02 5.9091998291e+02 5.9091998291e+02 5.9091900635e+02 5.9091601563e+02 5.9091802979e+02 5.9091198730e+02 5.9090502930e+02 5.9089001465e+02 5.9089300537e+02
5.8959197998e+02 5.8963000488e+02 5.8966198730e+02 5.8970202637e+02 5.8976000977e+02 5.8981097412e+02 5.8985198975e+02 5.8989801025e+02 5.8994598389e+02 5.8999401855e+02 5.9005499268e+02 5.9012097168e+02 5.9017498779e+02 5.9022601318e+02 5.9028302002e+02 5.9033398438e+02 5.9038897705e+02 5.9044702148e+02 5.9050799561e+02 5.9055902100e+02 5.9060498047e+02 5.9065802002e+02 5.9070898438e+02 5.9074298096e+02 5.9076599121e+02 5.9079498291e+02 5.9082000732e+02 5.9084497070e+02 5.9086102295e+02 5.9087902832e+02 5.9088000488e+02 5.9088000488e+02 5.9088598633e+02 5.9088897705e+02 5.9089099121e+02 5.9089697266e+02 5.9091497803e+02 5.9091302490e+02 5.9092102051e+02 5.9092401123e+02 5.9091699219e+02 5.9091497803e+02 5.9090997314e+02 5.9090600586e+02 5.9089801025e+02 5.9089801025e+02
5.8948400879e+02 5.8951800537e+02 5.8955798340e+02 5.8959997559e+02 5.8964398193e+02 5.8969897461e+02 5.8974499512e+02 5.8979498291e+02 5.8984698486e+02 5.8988702393e+02 5.8994097900e+02 5.9000201416e+02 5.9006201172e+02 5.9011199951e+02 5.9017102051e+02 5.9022399902e+02 5.9027899170e+02 5.9033099365e+02 5.9039001465e+02 5.9045098877e+02 5.9051397705e+02 5.9056896973e+02 5.9061798096e+02 5.9066601563e+02 5.9070202637e+02 5.9073297119e+02 5.9076702881e+02 5.9079302979e+02 5.9082000732e+02 5.9085400391e+02 5.9086499023e+02 5.9086798096e+02 5.9087097168e+02 5.9087597656e+02 5.9088598633e+02 5.9089398193e+02 5.9090100098e+02 5.9089398193e+02 5.9090600586e+02 5.9090997314e+02 5.9090802002e+02 5.9090600586e+02 5.9090197754e+02 5.9089898682e+02 5.9089697266e+02 5.9090399170e+02
5.8938000488e+02 5.8941101074e+02 5.8946197510e+02 5.8951000977e+02 5.8954699707e+02 5.8958197021e+02 5.8963397217e+02 5.8969702148e+02 5.8974902344e+02 5.8979498291e+02 5.8985198975e+02 5.8990502930e+02 5.8995001221e+02 5.8999700928e+02 5.9005700684e+02 5.9011499023e+02 5.9016601563e+02 5.9021099854e+02 5.9026702881e+02 5.9033599854e+02 5.9041198730e+02 5.9046301270e+02 5.9051000977e+02 5.9057299805e+02 5.9062402344e+02 5.9065600586e+02 5.9069598389e+02 5.9072698975e+02 5.9076000977e+02 5.9079699707e+02 5.9082000732e+02 5.9083300781e+02 5.9084002686e+02 5.9084899902e+02 5.9086798096e+02 5.9088201904e+02 5.9088500977e+02 5.9087701416e+02 5.9088897705e+02 5.9088702393e+02 5.9089001465e+02 5.9089099121e+02 5.9088800049e+02 5.9088500977e+02 5.9088098145e+02 5.9089398193e+02
5.8928399658e+02 5.8932501221e+02 5.8937200928e+02 5.8940997314e+02 5.8944799805e+02 5.8949200439e+02 5.8954199219e+02 5.8959497070e+02 5.8963800049e+02 5.8969201660e+02 5.8974902344e+02 5.8980200195e+02 5.8983801270e+02 5.8988800049e+02 5.8994396973e+02 5.8999401855e+02 5.9004101563e+02 5.9009600830e+02 5.9015899658e+02 5.9022802734e+02 5.9029699707e+02 5.9035198975e+02 5.9040002441e+02 5.9046301270e+02 5.9052001953e+02 5.9056500244e+02 5.9061102295e+02 5.9065301514e+02 5.9069097900e+02 5.9071801758e+02 5.9074499512e+02 5.9077197266e+02 5.9079901123e+02 5.9081298828e+02 5.9082598877e+02 5.9084301758e+02 5.9085498047e+02 5.9086602783e+02 5.9086999512e+02 5.9086401367e+02 5.9087298584e+02 5.9087597656e+02 5.9087097168e+02 5.9086199951e+02 5.9085101318e+02 5.9086999512e+02
5.8917602539e+02 5.8921099854e+02 5.8926098633e+02 5.8930700684e+02 5.8934600830e+02 5.8939898682e+02 5.8944500732e+02 5.8949499512e+02 5.8954901123e+02 5.8959100342e+02 5.8964599609e+02 5.8970599365e+02 5.8974298096e+02 5.8978698730e+02 5.8984399414e+02 5.8989599609e+02 5.8994000244e+02 5.8998699951e+02 5.9004998779e+02 5.9011297607e+02 5.9017199707e+02 5.9023699951e+02 5.9029199219e+02 5.9035400391e+02 5.9040997314e+02 5.9046002197e+02 5.9051000977e+02 5.9055798340e+02 5.9060198975e+02 5.9063500977e+02 5.9067102051e+02 5.9070697021e+02 5.9073699951e+02 5.9075598145e+02 5.9076702881e+02 5.9078399658e+02 5.9081201172e+02 5.9083300781e+02 5.9084301758e+02 5.9084497070e+02 5.9084698486e+02 5.9085498047e+02 5.9085900879e+02 5.9086102295e+02 5.9084802246e+02 5.9085601807e+02
5.8908801270e+02 5.8912402344e+02 5.8917199707e+02 5.8921801758e+02 5.8925799561e+02 5.8931500244e+02 5.8935601807e+02 5.8940698242e+02 5.8947100830e+02 5.8950701904e+02 5.8955798340e+02 5.8961401367e+02 5.8964599609e+02 5.8969201660e+02 5.8975201416e+02 5.8980499268e+02 5.8984497070e+02 5.8988201904e+02 5.8993902588e+02 5.8999597168e+02 5.9004797363e+02 5.9011401367e+02 5.9017498779e+02 5.9024102783e+02 5.9030200195e+02 5.9034497070e+02 5.9039501953e+02 5.9045001221e+02 5.9050097656e+02 5.9054400635e+02 5.9058801270e+02 5.9063299561e+02 5.9066601563e+02 5.9069097900e+02 5.9071398926e+02 5.9073199463e+02 5.9075598145e+02 5.9077801514e+02 5.9079901123e+02 5.9080902100e+02 5.9081298828e+02 5.9082800293e+02 5.9084002686e+02 5.9084997559e+02 5.9083697510e+02 5.9084100342e+02
5.8899200439e+02 5.8903100586e+02 5.8907702637e+02 5.8912500000e+02 5.8917700195e+02 5.8923602295e+02 5.8928002930e+02 5.8933001709e+02 5.8938897705e+02 5.8942498779e+02 5.8947302246e+02 5.8952600098e+02 5.8955700684e+02 5.8960400391e+02 5.8965698242e+02 5.8970599365e+02 5.8975000000e+02 5.8978601074e+02 5.8984197998e+02 5.8989599609e+02 5.8994598389e+02 5.9000402832e+02 5.9006298828e+02 5.9013201904e+02 5.9019702148e+02 5.9023797607e+02 5.9028802490e+02 5.9034399414e+02 5.9039697266e+02 5.9044799805e+02 5.9049700928e+02 5.9054498291e+02 5.9058300781e+02 5.9061700439e+02 5.9065100098e+02 5.9067199707e+02 5.9069201660e+02 5.9071600342e+02 5.9074798584e+02 5.9076599121e+02 5.9077697754e+02 5.9079797363e+02 5.9080999756e+02 5.9082000732e+02 5.9081500244e+02 5.9081896973e+02
5.8887799072e+02 5.8891699219e+02 5.8896899414e+02 5.8902502441e+02 5.8907501221e+02 5.8913397217e+02 5.8918402100e+02 5.8923297119e+02 5.8927899170e+02 5.8933697510e+02 5.8938897705e+02 5.8943701172e+02 5.8947198486e+02 5.8951599121e+02 5.8956298828e+02 5.8961199951e+02 5.8966699219e+02 5.8971002197e+02 5.8977001953e+02 5.8982501221e+02 5.8987500000e+02 5.8991601563e+02 5.8996301270e+02 5.9002398682e+02 5.9009698486e+02 5.9013598633e+02 5.9019299316e+02 5.9024798584e+02 5.9029602051e+02 5.9034802246e+02 5.9039599609e+02 5.9044500732e+02 5.9048999023e+02 5.9053100586e+02 5.9056701660e+02 5.9059301758e+02 5.9062799072e+02 5.9064697266e+02 5.9067797852e+02 5.9071002197e+02 5.9072998047e+02 5.9074401855e+02 5.9075598145e+02 5.9077301025e+02 5.9077697754e+02 5.9078698730e+02
5.8878198242e+02 5.8881597900e+02 5.8886401367e+02 5.8891998291e+02 5.8897497559e+02 5.8902899170e+02 5.8908502197e+02 5.8914300537e+02 5.8919396973e+02 5.8925201416e+02 5.8930700684e+02 5.8935699463e+02 5.8939697266e+02 5.8944299316e+02 5.8949902344e+02 5.8954998779e+02 5.8958502197e+02 5.8962097168e+02 5.8967498779e+02 5.8973101807e+02 5.8978698730e+02 5.8983099365e+02 5.8987597656e+02 5.8993200684e+02 5.9000097656e+02 5.9004797363e+02 5.9010101318e+02 5.9015399170e+02 5.9020098877e+02 5.9024902344e+02 5.9029901123e+02 5.9035101318e+02 5.9039801025e+02 5.9044097900e+02 5.9047802734e+02 5.9050897217e+02 5.9055200195e+02 5.9057501221e+02 5.9060797119e+02 5.9064300537e+02 5.9066802979e+02 5.9069097900e+02 5.9070697021e+02 5.9072601318e+02 5.9073297119e+02 5.9076202393e+02
5.8869299316e+02 5.8872601318e+02 5.8876898193e+02 5.8882397461e+02 5.8888098145e+02 5.8893298340e+02 5.8898297119e+02 5.8904400635e+02 5.8910302734e+02 5.8915802002e+02 5.8921099854e+02 5.8926202393e+02 5.8930902100e+02 5.8935699463e+02 5.8941998291e+02 5.8947302246e+02 5.8950402832e+02 5.8954101563e+02 5.8959301758e+02 5.8964599609e+02 5.8970001221e+02 5.8974902344e+02 5.8979699707e+02 5.8985101318e+02 5.8991198730e+02 5.8996197510e+02 5.9001397705e+02 5.9006896973e+02 5.9011297607e+02 5.9015399170e+02 5.9019799805e+02 5.9024902344e+02 5.9029901123e+02 5.9034997559e+02 5.9039501953e+02 5.9042999268e+02 5.9047198486e+02 5.9050299072e+02 5.9054400635e+02 5.9058001709e+02 5.9060900879e+02 5.9064001465e+02 5.9065899658e+02 5.9067999268e+02 5.9069799805e+02 5.9073498535e+02
5.8857598877e+02 5.8861798096e+02 5.8866802979e+02 5.8872100830e+02 5.8877899170e+02 5.8883898926e+02 5.8888201904e+02 5.8893200684e+02 5.8899200439e+02 5.8905499268e+02 5.8910900879e+02 5.8915502930e+02 5.8920898438e+02 5.8926098633e+02 5.8932598877e+02 5.8938397217e+02 5.8942602539e+02 5.8947100830e+02 5.8952099609e+02 5.8956896973e+02 5.8961798096e+02 5.8967199707e+02 5.8972100830e+02 5.8977001953e+02 5.8982598877e+02 5.8988000488e+02 5.8992901611e+02 5.8998498535e+02 5.9003698730e+02 5.9008099365e+02 5.9011901855e+02 5.9015899658e+02 5.9020397949e+02 5.9025598145e+02 5.9030401611e+02 5.9034399414e+02 5.9038500977e+02 5.9042498779e+02 5.9047198486e+02 5.9051098633e+02 5.9054101563e+02 5.9057800293e+02 5.9059899902e+02 5.9062500000e+02 5.9065399170e+02 5.9069299316e+02
5.8843103027e+02 5.8849401855e+02 5.8855700684e+02 5.8860900879e+02 5.8865899658e+02 5.8873797607e+02 5.8878997803e+02 5.8883300781e+02 5.8888800049e+02 5.8895599365e+02 5.8901000977e+02 5.8905499268e+02 5.8910900879e+02 5.8917297363e+02 5.8923498535e+02 5.8929302979e+02 5.8934802246e+02 5.8938800049e+02 5.8943200684e+02 5.8947998047e+02 5.8954101563e+02 5.8959301758e+02 5.8964099121e+02 5.8968902588e+02 5.8975799561e+02 5.8981701660e+02 5.8985101318e+02 5.8989501953e+02 5.8995202637e+02 5.9001202393e+02 5.9005700684e+02 5.9008502197e+02 5.9011798096e+02 5.9016198730e+02 5.9021197510e+02 5.9026300049e+02 5.9031597900e+02 5.9035797119e+02 5.9040197754e+02 5.9043701172e+02 5.9046801758e+02 5.9050598145e+02 5.9053302002e+02 5.9056201172e+02 5.9059301758e+02 5.9063201904e+02
5.8833300781e+02 5.8838500977e+02 5.8843798828e+02 5.8848498535e+02 5.8854101563e+02 5.8862097168e+02 5.8867602539e+02 5.8872198486e+02 5.8878497314e+02 5.8884899902e+02 5.8890600586e+02 5.8896002197e+02 5.8901898193e+02 5.8907501221e+02 5.8913201904e+02 5.8919097900e+02 5.8924597168e+02 5.8929302979e+02 5.8934399414e+02 5.8939501953e+02 5.8945397949e+02 5.8950201416e+02 5.8955200195e+02 5.8960601807e+02 5.8966699219e+02 5.8972601318e+02 5.8976898193e+02 5.8981597900e+02 5.8986499023e+02 5.8991900635e+02 5.8997198486e+02 5.9000897217e+02 5.9005200195e+02 5.9010498047e+02 5.9015197754e+02 5.9018701172e+02 5.9023101807e+02 5.9028302002e+02 5.9032702637e+02 5.9036199951e+02 5.9040600586e+02 5.9043798828e+02 5.9046197510e+02 5.9049499512e+02 5.9053302002e+02 5.9057501221e+02
5.8824298096e+02 5.8827398682e+02 5.8831298828e+02 5.8836700439e+02 5.8842797852e+02 5.8850097656e+02 5.8854797363e+02 5.8859399414e+02 5.8866699219e+02 5.8873400879e+02 5.8879797363e+02 5.8885601807e+02 5.8891601563e+02 5.8897302246e+02 5.8903302002e+02 5.8909600830e+02 5.8915502930e+02 5.8920800781e+02 5.8926202393e+02 5.8931402588e+02 5.8936602783e+02 5.8941198730e+02 5.8946502686e+02 5.8952301025e+02 5.8957800293e+02 5.8963201904e+02 5.8968499756e+02 5.8974200439e+02 5.8979302979e+02 5.8984997559e+02 5.8990002441e+02 5.8993798828e+02 5.8998199463e+02 5.9003601074e+02 5.9008099365e+02 5.9010797119e+02 5.9014501953e+02 5.9020202637e+02 5.9024401855e+02 5.9028497314e+02 5.9034497070e+02 5.9038000488e+02 5.9040002441e+02 5.9043200684e+02 5.9047198486e+02 5.9051599121e+02
5.8814599609e+02 5.8816101074e+02 5.8819396973e+02 5.8824798584e+02 5.8830297852e+02 5.8836602783e+02 5.8841101074e+02 5.8846301270e+02 5.8854199219e+02 5.8861602783e+02 5.8868200684e+02 5.8874200439e+02 5.8880102539e+02 5.8886102295e+02 5.8892797852e+02 5.8899401855e+02 5.8905102539e+02 5.8910498047e+02 5.8916101074e+02 5.8921398926e+02 5.8926898193e+02 5.8931402588e+02 5.8936102295e+02 5.8942498779e+02 5.8948999023e+02 5.8954101563e+02 5.8959301758e+02 5.8965197754e+02 5.8971398926e+02 5.8977502441e+02 5.8982202148e+02 5.8985699463e+02 5.8990301514e+02 5.8995300293e+02 5.9000402832e+02 5.9003900146e+02 5.9007397461e+02 5.9013000488e+02 5.9016998291e+02 5.9021197510e+02 5.9027197266e+02 5.9031298828e+02 5.9033697510e+02 5.9037097168e+02 5.9040698242e+02 5.9044799805e+02
