TESTSERVER/2/7.asc
NCOLS 100
NROWS 100
XLLCORNER 7.5997500000e+03
YLLCORNER 2.8960025000e+05
CELLSIZE 5.0000000000e-01
NODATA_VALUE -9.9990000000e+03
[rows 20 to 39 of 100, columns 46 to 91 of 100]
5.9086102295e+02 5.9086199951e+02 5.9085198975e+02 5.9084197998e+02 5.9083599854e+02 5.9083502197e+02 5.9084600830e+02 5.9086401367e+02 5.9087701416e+02 5.9089202881e+02 5.9090502930e+02 5.9091802979e+02 5.9092102051e+02 5.9091101074e+02 5.9090502930e+02 5.9090301514e+02 5.9090600586e+02 5.9090997314e+02 5.9090899658e+02 5.9089898682e+02 5.9087200928e+02 5.9085900879e+02 5.9085601807e+02 5.9086499023e+02 5.9088897705e+02 5.9089501953e+02 5.9092199707e+02 5.9095202637e+02 5.9097998047e+02 5.9100402832e+02 5.9103002930e+02 5.9104797363e+02 5.9107098389e+02 5.9106799316e+02 5.9106402588e+02 5.9105700684e+02 5.9105200195e+02 5.9105102539e+02 5.9104699707e+02 5.9106201172e+02 5.9106799316e+02 5.9108300781e+02 5.9109698486e+02 5.9110797119e+02 5.9111602783e+02 5.9112097168e+02
5.9084997559e+02 5.9086199951e+02 5.9086102295e+02 5.9084600830e+02 5.9082501221e+02 5.9082897949e+02 5.9084997559e+02 5.9087097168e+02 5.9088000488e+02 5.9089398193e+02 5.9090399170e+02 5.9091101074e+02 5.9091900635e+02 5.9090997314e+02 5.9090698242e+02 5.9090502930e+02 5.9090802002e+02 5.9090997314e+02 5.9091900635e+02 5.9091400146e+02 5.9089697266e+02 5.9088299561e+02 5.9087402344e+02 5.9086999512e+02 5.9088299561e+02 5.9089599609e+02 5.9092901611e+02 5.9095501709e+02 5.9098498535e+02 5.9102001953e+02 5.9104797363e+02 5.9106201172e+02 5.9107098389e+02 5.9106097412e+02 5.9105499268e+02 5.9104797363e+02 5.9104302979e+02 5.9103601074e+02 5.9103302002e+02 5.9104797363e+02 5.9106500244e+02 5.9108801270e+02 5.9109997559e+02 5.9110601807e+02 5.9111700439e+02 5.9112597656e+02
5.9085400391e+02 5.9086199951e+02 5.9085797119e+02 5.9084197998e+02 5.9082299805e+02 5.9083001709e+02 5.9084997559e+02 5.9087298584e+02 5.9089099121e+02 5.9090502930e+02 5.9091601563e+02 5.9091998291e+02 5.9091998291e+02 5.9091601563e+02 5.9091802979e+02 5.9091601563e+02 5.9091302490e+02 5.9090997314e+02 5.9092102051e+02 5.9091998291e+02 5.9090997314e+02 5.9090301514e+02 5.9089801025e+02 5.9089099121e+02 5.9089697266e+02 5.9090301514e+02 5.9093103027e+02 5.9095202637e+02 5.9098199463e+02 5.9102398682e+02 5.9104901123e+02 5.9105798340e+02 5.9105700684e+02 5.9104199219e+02 5.9103198242e+02 5.9102398682e+02 5.9102001953e+02 5.9102099609e+02 5.9102600098e+02 5.9104199219e+02 5.9105902100e+02 5.9107897949e+02 5.9108898926e+02 5.9109997559e+02 5.9111901855e+02 5.9112500000e+02
5.9086199951e+02 5.9087200928e+02 5.9086297607e+02 5.9084802246e+02 5.9083801270e+02 5.9084002686e+02 5.9084899902e+02 5.9087500000e+02 5.9090100098e+02 5.9091101074e+02 5.9091900635e+02 5.9092498779e+02 5.9092700195e+02 5.9092102051e+02 5.9092401123e+02 5.9092401123e+02 5.9092297363e+02 5.9091601563e+02 5.9092498779e+02 5.9092700195e+02 5.9092102051e+02 5.9090997314e+02 5.9090399170e+02 5.9090197754e+02 5.9090899658e+02 5.9090600586e+02 5.9092700195e+02 5.9094500732e+02 5.9098199463e+02 5.9103100586e+02 5.9104998779e+02 5.9105401611e+02 5.9104498291e+02 5.9102301025e+02 5.9101300049e+02 5.9100598145e+02 5.9100299072e+02 5.9101202393e+02 5.9102600098e+02 5.9104199219e+02 5.9104797363e+02 5.9105999756e+02 5.9107098389e+02 5.9109301758e+02 5.9111700439e+02 5.9111297607e+02
5.9087298584e+02 5.9088201904e+02 5.9086602783e+02 5.9085302734e+02 5.9085302734e+02 5.9085498047e+02 5.9086798096e+02 5.9089001465e+02 5.9091400146e+02 5.9091900635e+02 5.9092498779e+02 5.9093200684e+02 5.9095202637e+02 5.9094097900e+02 5.9093402100e+02 5.9093902588e+02 5.9095202637e+02 5.9094299316e+02 5.9094299316e+02 5.9094396973e+02 5.9095001221e+02 5.9092797852e+02 5.9091400146e+02 5.9091198730e+02 5.9090698242e+02 5.9090600586e+02 5.9092199707e+02 5.9094500732e+02 5.9098602295e+02 5.9103002930e+02 5.9104699707e+02 5.9104901123e+02 5.9104602051e+02 5.9102502441e+02 5.9102001953e+02 5.9101599121e+02 5.9101202393e+02 5.9101702881e+02 5.9103002930e+02 5.9103997803e+02 5.9104199219e+02 5.9105200195e+02 5.9106097412e+02 5.9107897949e+02 5.9109802246e+02 5.9109899902e+02
5.9087597656e+02 5.9088000488e+02 5.9085998535e+02 5.9085900879e+02 5.9087500000e+02 5.9088201904e+02 5.9089001465e+02 5.9090301514e+02 5.9091699219e+02 5.9091699219e+02 5.9092401123e+02 5.9093298340e+02 5.9095599365e+02 5.9096801758e+02 5.9097198486e+02 5.9097198486e+02 5.9097100830e+02 5.9097100830e+02 5.9097100830e+02 5.9096600342e+02 5.9095898438e+02 5.9093902588e+02 5.9092199707e+02 5.9091101074e+02 5.9090399170e+02 5.9090502930e+02 5.9091998291e+02 5.9094598389e+02 5.9098602295e+02 5.9102001953e+02 5.9103698730e+02 5.9103601074e+02 5.9104101563e+02 5.9103198242e+02 5.9103100586e+02 5.9102197266e+02 5.9101202393e+02 5.9100500488e+02 5.9100701904e+02 5.9102001953e+02 5.9104302979e+02 5.9105499268e+02 5.9105102539e+02 5.9105499268e+02 5.9106097412e+02 5.9106402588e+02
5.9086901855e+02 5.9086798096e+02 5.9086199951e+02 5.9087799072e+02 5.9089898682e+02 5.9091601563e+02 5.9091699219e+02 5.9091699219e+02 5.9092498779e+02 5.9093200684e+02 5.9094396973e+02 5.9095599365e+02 5.9097198486e+02 5.9099798584e+02 5.9100500488e+02 5.9099499512e+02 5.9098297119e+02 5.9098400879e+02 5.9099499512e+02 5.9099298096e+02 5.9097399902e+02 5.9096002197e+02 5.9094500732e+02 5.9092498779e+02 5.9091101074e+02 5.9091400146e+02 5.9093103027e+02 5.9095397949e+02 5.9098699951e+02 5.9101599121e+02 5.9103198242e+02 5.9102600098e+02 5.9102600098e+02 5.9102099609e+02 5.9101599121e+02 5.9100201416e+02 5.9099700928e+02 5.9098901367e+02 5.9098699951e+02 5.9100299072e+02 5.9102899170e+02 5.9103198242e+02 5.9102001953e+02 5.9101599121e+02 5.9101397705e+02 5.9101000977e+02
5.9086901855e+02 5.9087097168e+02 5.9087701416e+02 5.9089501953e+02 5.9091601563e+02 5.9093701172e+02 5.9093798828e+02 5.9093298340e+02 5.9093499756e+02 5.9094500732e+02 5.9096697998e+02 5.9098297119e+02 5.9099798584e+02 5.9101702881e+02 5.9101702881e+02 5.9100598145e+02 5.9099401855e+02 5.9099499512e+02 5.9101202393e+02 5.9101702881e+02 5.9099597168e+02 5.9098297119e+02 5.9097100830e+02 5.9094598389e+02 5.9092700195e+02 5.9093103027e+02 5.9094897461e+02 5.9096697998e+02 5.9098797607e+02 5.9100598145e+02 5.9101898193e+02 5.9101397705e+02 5.9100897217e+02 5.9099902344e+02 5.9099298096e+02 5.9098199463e+02 5.9098101807e+02 5.9097399902e+02 5.9096801758e+02 5.9097802734e+02 5.9098901367e+02 5.9099200439e+02 5.9098101807e+02 5.9097698975e+02 5.9097399902e+02 5.9096197510e+02
5.9086798096e+02 5.9087597656e+02 5.9088299561e+02 5.9089801025e+02 5.9092797852e+02 5.9094897461e+02 5.9095898438e+02 5.9095800781e+02 5.9095898438e+02 5.9096398926e+02 5.9098602295e+02 5.9101000977e+02 5.9103198242e+02 5.9102197266e+02 5.9102001953e+02 5.9101501465e+02 5.9100598145e+02 5.9100897217e+02 5.9101397705e+02 5.9102001953e+02 5.9102099609e+02 5.9099700928e+02 5.9098101807e+02 5.9096002197e+02 5.9094897461e+02 5.9094799805e+02 5.9096197510e+02 5.9097900391e+02 5.9099597168e+02 5.9099798584e+02 5.9100201416e+02 5.9100097656e+02 5.9100201416e+02 5.9098400879e+02 5.9097497559e+02 5.9096697998e+02 5.9096301270e+02 5.9095599365e+02 5.9094000244e+02 5.9093298340e+02 5.9093298340e+02 5.9094799805e+02 5.9094598389e+02 5.9094299316e+02 5.9094097900e+02 5.9092797852e+02
5.9085198975e+02 5.9087902832e+02 5.9088598633e+02 5.9089099121e+02 5.9092297363e+02 5.9095300293e+02 5.9097302246e+02 5.9098101807e+02 5.9098699951e+02 5.9100097656e+02 5.9101202393e+02 5.9102600098e+02 5.9103497314e+02 5.9103399658e+02 5.9103802490e+02 5.9102801514e+02 5.9102001953e+02 5.9101599121e+02 5.9101702881e+02 5.9102301025e+02 5.9102899170e+02 5.9101202393e+02 5.9099401855e+02 5.9097100830e+02 5.9095800781e+02 5.9096197510e+02 5.9097900391e+02 5.9100097656e+02 5.9102502441e+02 5.9100299072e+02 5.9098199463e+02 5.9097802734e+02 5.9098602295e+02 5.9097302246e+02 5.9096301270e+02 5.9095300293e+02 5.9094702148e+02 5.9094097900e+02 5.9092297363e+02 5.9091302490e+02 5.9090502930e+02 5.9090502930e+02 5.9090197754e+02 5.9089898682e+02 5.9089501953e+02 5.9089001465e+02
5.9084997559e+02 5.9088598633e+02 5.9090100098e+02 5.9090399170e+02 5.9092401123e+02 5.9095599365e+02 5.9097900391e+02 5.9099200439e+02 5.9100598145e+02 5.9102502441e+02 5.9103601074e+02 5.9103900146e+02 5.9102899170e+02 5.9103002930e+02 5.9103802490e+02 5.9103198242e+02 5.9102600098e+02 5.9102099609e+02 5.9102899170e+02 5.9103302002e+02 5.9103100586e+02 5.9102001953e+02 5.9100897217e+02 5.9098901367e+02 5.9097802734e+02 5.9098901367e+02 5.9101300049e+02 5.9102899170e+02 5.9103900146e+02 5.9100799561e+02 5.9097100830e+02 5.9095397949e+02 5.9096197510e+02 5.9095697021e+02 5.9094598389e+02 5.9093597412e+02 5.9093499756e+02 5.9092297363e+02 5.9091101074e+02 5.9090899658e+02 5.9089202881e+02 5.9087799072e+02 5.9086199951e+02 5.9085302734e+02 5.9084997559e+02 5.9084802246e+02
5.9086999512e+02 5.9088897705e+02 5.9090100098e+02 5.9091601563e+02 5.9093597412e+02 5.9096502686e+02 5.9098400879e+02 5.9099499512e+02 5.9101300049e+02 5.9103497314e+02 5.9105102539e+02 5.9104998779e+02 5.9103698730e+02 5.9104199219e+02 5.9104797363e+02 5.9104302979e+02 5.9102899170e+02 5.9102398682e+02 5.9103900146e+02 5.9104302979e+02 5.9102899170e+02 5.9102398682e+02 5.9102001953e+02 5.9100598145e+02 5.9100598145e+02 5.9101397705e+02 5.9103601074e+02 5.9104302979e+02 5.9103802490e+02 5.9101702881e+02 5.9098602295e+02 5.9095202637e+02 5.9094396973e+02 5.9094299316e+02 5.9092999268e+02 5.9091998291e+02 5.9092498779e+02 5.9090899658e+02 5.9089697266e+02 5.9089801025e+02 5.9088201904e+02 5.9085900879e+02 5.9082800293e+02 5.9080902100e+02 5.9080499268e+02 5.9080200195e+02
5.9090197754e+02 5.9089801025e+02 5.9090002441e+02 5.9092401123e+02 5.9095098877e+02 5.9096697998e+02 5.9098297119e+02 5.9099298096e+02 5.9102502441e+02 5.9104199219e+02 5.9104797363e+02 5.9104699707e+02 5.9103997803e+02 5.9104498291e+02 5.9105499268e+02 5.9105401611e+02 5.9104602051e+02 5.9103302002e+02 5.9104998779e+02 5.9105499268e+02 5.9103601074e+02 5.9103997803e+02 5.9103497314e+02 5.9102398682e+02 5.9102099609e+02 5.9101702881e+02 5.9102697754e+02 5.9103698730e+02 5.9103002930e+02 5.9102001953e+02 5.9100000000e+02 5.9096502686e+02 5.9094500732e+02 5.9094097900e+02 5.9092999268e+02 5.9091998291e+02 5.9092102051e+02 5.9090600586e+02 5.9089398193e+02 5.9088800049e+02 5.9086798096e+02 5.9083197021e+02 5.9079302979e+02 5.9077301025e+02 5.9076702881e+02 5.9075299072e+02
5.9090698242e+02 5.9090698242e+02 5.9090502930e+02 5.9091400146e+02 5.9093298340e+02 5.9097302246e+02 5.9098999023e+02 5.9098999023e+02 5.9102001953e+02 5.9103698730e+02 5.9104302979e+02 5.9105401611e+02 5.9105603027e+02 5.9104797363e+02 5.9104797363e+02 5.9104400635e+02 5.9104602051e+02 5.9104699707e+02 5.9105700684e+02 5.9106298828e+02 5.9105603027e+02 5.9105297852e+02 5.9104602051e+02 5.9103100586e+02 5.9101397705e+02 5.9100799561e+02 5.9101599121e+02 5.9101800537e+02 5.9101397705e+02 5.9101501465e+02 5.9100201416e+02 5.9097302246e+02 5.9094897461e+02 5.9093701172e+02 5.9092401123e+02 5.9090698242e+02 5.9089898682e+02 5.9088098145e+02 5.9087597656e+02 5.9087500000e+02 5.9085198975e+02 5.9080902100e+02 5.9076397705e+02 5.9074401855e+02 5.9073699951e+02 5.9072998047e+02
5.9089398193e+02 5.9089501953e+02 5.9090899658e+02 5.9092700195e+02 5.9094201660e+02 5.9097900391e+02 5.9100201416e+02 5.9100402832e+02 5.9101501465e+02 5.9103100586e+02 5.9104199219e+02 5.9106097412e+02 5.9106597900e+02 5.9105798340e+02 5.9106201172e+02 5.9105700684e+02 5.9105200195e+02 5.9105798340e+02 5.9106597900e+02 5.9107202148e+02 5.9107800293e+02 5.9107397461e+02 5.9106298828e+02 5.9104400635e+02 5.9102197266e+02 5.9101800537e+02 5.9102600098e+02 5.9102600098e+02 5.9101599121e+02 5.9101000977e+02 5.9100097656e+02 5.9098602295e+02 5.9096697998e+02 5.9093798828e+02 5.9091699219e+02 5.9089697266e+02 5.9088500977e+02 5.9087298584e+02 5.9086499023e+02 5.9085900879e+02 5.9083599854e+02 5.9079901123e+02 5.9076098633e+02 5.9074499512e+02 5.9073101807e+02 5.9071899414e+02
5.9088598633e+02 5.9090002441e+02 5.9092498779e+02 5.9094702148e+02 5.9096002197e+02 5.9098101807e+02 5.9100299072e+02 5.9101702881e+02 5.9102801514e+02 5.9104101563e+02 5.9104602051e+02 5.9105999756e+02 5.9106097412e+02 5.9105603027e+02 5.9107299805e+02 5.9107800293e+02 5.9107598877e+02 5.9108001709e+02 5.9108599854e+02 5.9108197021e+02 5.9108099365e+02 5.9107800293e+02 5.9106298828e+02 5.9103997803e+02 5.9102301025e+02 5.9102398682e+02 5.9103497314e+02 5.9104302979e+02 5.9103698730e+02 5.9101898193e+02 5.9101000977e+02 5.9100402832e+02 5.9098699951e+02 5.9094897461e+02 5.9092102051e+02 5.9089599609e+02 5.9088201904e+02 5.9086499023e+02 5.9085198975e+02 5.9084301758e+02 5.9082098389e+02 5.9078997803e+02 5.9076300049e+02 5.9075500488e+02 5.9073999023e+02 5.9071997070e+02
5.9091101074e+02 5.9091900635e+02 5.9093499756e+02 5.9095300293e+02 5.9097497559e+02 5.9098699951e+02 5.9099401855e+02 5.9101300049e+02 5.9104101563e+02 5.9105902100e+02 5.9105603027e+02 5.9105297852e+02 5.9105499268e+02 5.9105999756e+02 5.9107897949e+02 5.9109197998e+02 5.9109698486e+02 5.9109997559e+02 5.9109997559e+02 5.9108502197e+02 5.9106896973e+02 5.9106799316e+02 5.9105603027e+02 5.9103497314e+02 5.9102099609e+02 5.9102801514e+02 5.9103497314e+02 5.9104199219e+02 5.9104998779e+02 5.9103100586e+02 5.9101702881e+02 5.9100897217e+02 5.9098999023e+02 5.9096801758e+02 5.9093798828e+02 5.9090899658e+02 5.9089398193e+02 5.9085699463e+02 5.9083898926e+02 5.9083300781e+02 5.9081097412e+02 5.9078497314e+02 5.9076098633e+02 5.9075000000e+02 5.9074597168e+02 5.9072802734e+02
5.9092199707e+02 5.9093298340e+02 5.9094299316e+02 5.9095800781e+02 5.9098101807e+02 5.9098901367e+02 5.9098602295e+02 5.9099902344e+02 5.9102099609e+02 5.9104797363e+02 5.9106201172e+02 5.9106799316e+02 5.9107000732e+02 5.9107800293e+02 5.9109002686e+02 5.9109497070e+02 5.9109899902e+02 5.9109698486e+02 5.9109197998e+02 5.9107501221e+02 5.9105499268e+02 5.9106701660e+02 5.9106701660e+02 5.9104400635e+02 5.9103100586e+02 5.9104199219e+02 5.9104699707e+02 5.9103997803e+02 5.9103997803e+02 5.9102801514e+02 5.9101501465e+02 5.9100402832e+02 5.9099298096e+02 5.9096600342e+02 5.9093597412e+02 5.9091302490e+02 5.9090997314e+02 5.9087402344e+02 5.9085699463e+02 5.9084399414e+02 5.9081298828e+02 5.9078802490e+02 5.9075897217e+02 5.9073901367e+02 5.9072802734e+02 5.9071502686e+02
5.9093798828e+02 5.9094897461e+02 5.9096099854e+02 5.9096697998e+02 5.9097802734e+02 5.9098498535e+02 5.9098901367e+02 5.9100097656e+02 5.9101397705e+02 5.9103302002e+02 5.9105798340e+02 5.9107800293e+02 5.9108502197e+02 5.9108099365e+02 5.9107897949e+02 5.9108197021e+02 5.9108502197e+02 5.9107800293e+02 5.9107702637e+02 5.9107501221e+02 5.9107098389e+02 5.9108197021e+02 5.9108300781e+02 5.9106298828e+02 5.9105798340e+02 5.9106701660e+02 5.9106799316e+02 5.9105700684e+02 5.9104602051e+02 5.9103100586e+02 5.9101702881e+02 5.9100500488e+02 5.9099102783e+02 5.9095898438e+02 5.9093597412e+02 5.9092297363e+02 5.9091699219e+02 5.9089099121e+02 5.9087902832e+02 5.9085900879e+02 5.9082299805e+02 5.9078802490e+02 5.9075000000e+02 5.9072497559e+02 5.9069897461e+02 5.9068200684e+02
5.9095202637e+02 5.9096899414e+02 5.9098498535e+02 5.9098699951e+02 5.9098999023e+02 5.9098999023e+02 5.9099597168e+02 5.9100897217e+02 5.9102197266e+02 5.9103198242e+02 5.9105401611e+02 5.9107501221e+02 5.9108099365e+02 5.9107299805e+02 5.9107000732e+02 5.9107202148e+02 5.9106799316e+02 5.9106201172e+02 5.9106402588e+02 5.9108099365e+02 5.9109698486e+02 5.9110601807e+02 5.9110601807e+02 5.9109497070e+02 5.9109997559e+02 5.9110601807e+02 5.9110198975e+02 5.9108398438e+02 5.9105902100e+02 5.9103698730e+02 5.9102099609e+02 5.9100097656e+02 5.9097998047e+02 5.9094598389e+02 5.9092901611e+02 5.9092602539e+02 5.9091400146e+02 5.9089099121e+02 5.9088299561e+02 5.9086401367e+02 5.9083300781e+02 5.9078997803e+02 5.9074597168e+02 5.9071502686e+02 5.9067700195e+02 5.9064501953e+02
