TESTSERVER/2/7.asc
NCOLS 100
NROWS 100
XLLCORNER 7.5997500000e+03
YLLCORNER 2.8960025000e+05
CELLSIZE 5.0000000000e-01
NODATA_VALUE -9.9990000000e+03
[rows 80 to 99 of 100, columns 0 to 45 of 100]
5.8683300781e+02 5.8684698486e+02 5.8686901855e+02 5.8686700439e+02 5.8687799072e+02 5.8688897705e+02 5.8688201904e+02 5.8688500977e+02 5.8688897705e+02 5.8689001465e+02 5.8690399170e+02 5.8691998291e+02 5.8692901611e+02 5.8693200684e+02 5.8694500732e+02 5.8695300293e+02 5.8696398926e+02 5.8697802734e+02 5.8698602295e+02 5.8701599121e+02 5.8704199219e+02 5.8706896973e+02 5.8709497070e+02 5.8713098145e+02 5.8717999268e+02 5.8723101807e+02 5.8728198242e+02 5.8734197998e+02 5.8739001465e+02 5.8744097900e+02 5.8749597168e+02 5.8753698730e+02 5.8758099365e+02 5.8761999512e+02 5.8765502930e+02 5.8768200684e+02 5.8770501709e+02 5.8772900391e+02 5.8776300049e+02 5.8778997803e+02 5.8780401611e+02 5.8783197021e+02 5.8786401367e+02 5.8790802002e+02 5.8795697021e+02 5.8800097656e+02
5.8671502686e+02 5.8673699951e+02 5.8675097656e+02 5.8675897217e+02 5.8678198242e+02 5.8679101563e+02 5.8678198242e+02 5.8679302979e+02 5.8679400635e+02 5.8678497314e+02 5.8679302979e+02 5.8679797363e+02 5.8680200195e+02 5.8682397461e+02 5.8684399414e+02 5.8685998535e+02 5.8686999512e+02 5.8688500977e+02 5.8690502930e+02 5.8693200684e+02 5.8694799805e+02 5.8696099854e+02 5.8698400879e+02 5.8702899170e+02 5.8707800293e+02 5.8713702393e+02 5.8720202637e+02 5.8726000977e+02 5.8729602051e+02 5.8733300781e+02 5.8740802002e+02 5.8745300293e+02 5.8749597168e+02 5.8753698730e+02 5.8757800293e+02 5.8760101318e+02 5.8761499023e+02 5.8764001465e+02 5.8766900635e+02 5.8769897461e+02 5.8771301270e+02 5.8774499512e+02 5.8778100586e+02 5.8782397461e+02 5.8786297607e+02 5.8789300537e+02
5.8658599854e+02 5.8660797119e+02 5.8662402344e+02 5.8663098145e+02 5.8665698242e+02 5.8667401123e+02 5.8667401123e+02 5.8669799805e+02 5.8670599365e+02 5.8670098877e+02 5.8669396973e+02 5.8669097900e+02 5.8669799805e+02 5.8671697998e+02 5.8672900391e+02 5.8675000000e+02 5.8676397705e+02 5.8678802490e+02 5.8681201172e+02 5.8683502197e+02 5.8686700439e+02 5.8689202881e+02 5.8690399170e+02 5.8694000244e+02 5.8697900391e+02 5.8703198242e+02 5.8709197998e+02 5.8715997314e+02 5.8721002197e+02 5.8724200439e+02 5.8731500244e+02 5.8737402344e+02 5.8742297363e+02 5.8746600342e+02 5.8750598145e+02 5.8752899170e+02 5.8753698730e+02 5.8755499268e+02 5.8757501221e+02 5.8760498047e+02 5.8762799072e+02 5.8765802002e+02 5.8768298340e+02 5.8772802734e+02 5.8776702881e+02 5.8779699707e+02
5.8648199463e+02 5.8649798584e+02 5.8651397705e+02 5.8652099609e+02 5.8654101563e+02 5.8655902100e+02 5.8656597900e+02 5.8659197998e+02 5.8659698486e+02 5.8659899902e+02 5.8660198975e+02 5.8660699463e+02 5.8662097168e+02 5.8662701416e+02 5.8662701416e+02 5.8664697266e+02 5.8666601563e+02 5.8669500732e+02 5.8671600342e+02 5.8672998047e+02 5.8677502441e+02 5.8681896973e+02 5.8683099365e+02 5.8686297607e+02 5.8689599609e+02 5.8693499756e+02 5.8698400879e+02 5.8704498291e+02 5.8710699463e+02 5.8715301514e+02 5.8722100830e+02 5.8729199219e+02 5.8734197998e+02 5.8738098145e+02 5.8742102051e+02 5.8745599365e+02 5.8747302246e+02 5.8748797607e+02 5.8750598145e+02 5.8752899170e+02 5.8754699707e+02 5.8756896973e+02 5.8758599854e+02 5.8762500000e+02 5.8767401123e+02 5.8771502686e+02
5.8637298584e+02 5.8638800049e+02 5.8640301514e+02 5.8641400146e+02 5.8644396973e+02 5.8647198486e+02 5.8648400879e+02 5.8649401855e+02 5.8649401855e+02 5.8650000000e+02 5.8652398682e+02 5.8653198242e+02 5.8654602051e+02 5.8655700684e+02 5.8655603027e+02 5.8656500244e+02 5.8658502197e+02 5.8660498047e+02 5.8660998535e+02 5.8662799072e+02 5.8665698242e+02 5.8669897461e+02 5.8672497559e+02 5.8677301025e+02 5.8681701660e+02 5.8685400391e+02 5.8689099121e+02 5.8694097900e+02 5.8700000000e+02 5.8705999756e+02 5.8712298584e+02 5.8720397949e+02 5.8725000000e+02 5.8729602051e+02 5.8733898926e+02 5.8738397217e+02 5.8740899658e+02 5.8742602539e+02 5.8745098877e+02 5.8746398926e+02 5.8746801758e+02 5.8749298096e+02 5.8752801514e+02 5.8753399658e+02 5.8756799316e+02 5.8761297607e+02
5.8625500488e+02 5.8628002930e+02 5.8629998779e+02 5.8630603027e+02 5.8632702637e+02 5.8636199951e+02 5.8638598633e+02 5.8640600586e+02 5.8642199707e+02 5.8641900635e+02 5.8642602539e+02 5.8644097900e+02 5.8645300293e+02 5.8647497559e+02 5.8648602295e+02 5.8648400879e+02 5.8650000000e+02 5.8651501465e+02 5.8652801514e+02 5.8656097412e+02 5.8657800293e+02 5.8660302734e+02 5.8662701416e+02 5.8666802979e+02 5.8672698975e+02 5.8677697754e+02 5.8682000732e+02 5.8687701416e+02 5.8692602539e+02 5.8697497559e+02 5.8704101563e+02 5.8711102295e+02 5.8716802979e+02 5.8722601318e+02 5.8725402832e+02 5.8728802490e+02 5.8731597900e+02 5.8734197998e+02 5.8736798096e+02 5.8738500977e+02 5.8740301514e+02 5.8743902588e+02 5.8747198486e+02 5.8746899414e+02 5.8748602295e+02 5.8752001953e+02
5.8615002441e+02 5.8617401123e+02 5.8619598389e+02 5.8621002197e+02 5.8622302246e+02 5.8624902344e+02 5.8627502441e+02 5.8630401611e+02 5.8632501221e+02 5.8632800293e+02 5.8633001709e+02 5.8635601807e+02 5.8636999512e+02 5.8638299561e+02 5.8639398193e+02 5.8640997314e+02 5.8642901611e+02 5.8644897461e+02 5.8646301270e+02 5.8648400879e+02 5.8648999023e+02 5.8651300049e+02 5.8654101563e+02 5.8658099365e+02 5.8663397217e+02 5.8667901611e+02 5.8673199463e+02 5.8679901123e+02 5.8684698486e+02 5.8689501953e+02 5.8697198486e+02 5.8703601074e+02 5.8708898926e+02 5.8714202881e+02 5.8717401123e+02 5.8720397949e+02 5.8723297119e+02 5.8725701904e+02 5.8727899170e+02 5.8730297852e+02 5.8732598877e+02 5.8735998535e+02 5.8738702393e+02 5.8740301514e+02 5.8743298340e+02 5.8746197510e+02
5.8605102539e+02 5.8607000732e+02 5.8609698486e+02 5.8612500000e+02 5.8613897705e+02 5.8615600586e+02 5.8617498779e+02 5.8619598389e+02 5.8621099854e+02 5.8622302246e+02 5.8624401855e+02 5.8627801514e+02 5.8629498291e+02 5.8630401611e+02 5.8630401611e+02 5.8632299805e+02 5.8634197998e+02 5.8636901855e+02 5.8639001465e+02 5.8639099121e+02 5.8639898682e+02 5.8643298340e+02 5.8646301270e+02 5.8651098633e+02 5.8655700684e+02 5.8658801270e+02 5.8663800049e+02 5.8669897461e+02 5.8675299072e+02 5.8680603027e+02 5.8688500977e+02 5.8695501709e+02 5.8700897217e+02 5.8705401611e+02 5.8709698486e+02 5.8713299561e+02 5.8715698242e+02 5.8717199707e+02 5.8719097900e+02 5.8721997070e+02 5.8724597168e+02 5.8727801514e+02 5.8729699707e+02 5.8732800293e+02 5.8737298584e+02 5.8741198730e+02
5.8596899414e+02 5.8598498535e+02 5.8601098633e+02 5.8603399658e+02 5.8605499268e+02 5.8607397461e+02 5.8609698486e+02 5.8611401367e+02 5.8613000488e+02 5.8613201904e+02 5.8615502930e+02 5.8618597412e+02 5.8619201660e+02 5.8621997070e+02 5.8625701904e+02 5.8625402832e+02 5.8626800537e+02 5.8629302979e+02 5.8630999756e+02 5.8630999756e+02 5.8632598877e+02 5.8635998535e+02 5.8638500977e+02 5.8643200684e+02 5.8647998047e+02 5.8651000977e+02 5.8656701660e+02 5.8662298584e+02 5.8667199707e+02 5.8672198486e+02 5.8678399658e+02 5.8686999512e+02 5.8693298340e+02 5.8697698975e+02 5.8701898193e+02 5.8705999756e+02 5.8708599854e+02 5.8710400391e+02 5.8712097168e+02 5.8714898682e+02 5.8717297363e+02 5.8720300293e+02 5.8722998047e+02 5.8726397705e+02 5.8729498291e+02 5.8732598877e+02
5.8587799072e+02 5.8589001465e+02 5.8592297363e+02 5.8594000244e+02 5.8596398926e+02 5.8599298096e+02 5.8601202393e+02 5.8602899170e+02 5.8604998779e+02 5.8605700684e+02 5.8607598877e+02 5.8610498047e+02 5.8610699463e+02 5.8612902832e+02 5.8616198730e+02 5.8617797852e+02 5.8619598389e+02 5.8622302246e+02 5.8624499512e+02 5.8624200439e+02 5.8625299072e+02 5.8627899170e+02 5.8630102539e+02 5.8634497070e+02 5.8639398193e+02 5.8642797852e+02 5.8648999023e+02 5.8655499268e+02 5.8660400391e+02 5.8665301514e+02 5.8671697998e+02 5.8680200195e+02 5.8685601807e+02 5.8689697266e+02 5.8694598389e+02 5.8699200439e+02 5.8701898193e+02 5.8703100586e+02 5.8705401611e+02 5.8707702637e+02 5.8708801270e+02 5.8711199951e+02 5.8714202881e+02 5.8718200684e+02 5.8721600342e+02 5.8725000000e+02
5.8579797363e+02 5.8580200195e+02 5.8583197021e+02 5.8584399414e+02 5.8586901855e+02 5.8590002441e+02 5.8592297363e+02 5.8594396973e+02 5.8596398926e+02 5.8597698975e+02 5.8599200439e+02 5.8601599121e+02 5.8602697754e+02 5.8603802490e+02 5.8605902100e+02 5.8608099365e+02 5.8610302734e+02 5.8613397217e+02 5.8616302490e+02 5.8616802979e+02 5.8618103027e+02 5.8620898438e+02 5.8623999023e+02 5.8627502441e+02 5.8631298828e+02 5.8634899902e+02 5.8640698242e+02 5.8647601318e+02 5.8653198242e+02 5.8658300781e+02 5.8665301514e+02 5.8672802734e+02 5.8677801514e+02 5.8682000732e+02 5.8686901855e+02 5.8691802979e+02 5.8693902588e+02 5.8695300293e+02 5.8699102783e+02 5.8701300049e+02 5.8702600098e+02 5.8705401611e+02 5.8708197021e+02 5.8710498047e+02 5.8712799072e+02 5.8717199707e+02
5.8573400879e+02 5.8574102783e+02 5.8576202393e+02 5.8577099609e+02 5.8578601074e+02 5.8581097412e+02 5.8583398438e+02 5.8585699463e+02 5.8587500000e+02 5.8589398193e+02 5.8591302490e+02 5.8593701172e+02 5.8595501709e+02 5.8596099854e+02 5.8597399902e+02 5.8599597168e+02 5.8601397705e+02 5.8604101563e+02 5.8607598877e+02 5.8609399414e+02 5.8611199951e+02 5.8614099121e+02 5.8618200684e+02 5.8621899414e+02 5.8626098633e+02 5.8629998779e+02 5.8633898926e+02 5.8640301514e+02 5.8646301270e+02 5.8651501465e+02 5.8658197021e+02 5.8664801025e+02 5.8670202637e+02 5.8674902344e+02 5.8679498291e+02 5.8685101318e+02 5.8686901855e+02 5.8688800049e+02 5.8692901611e+02 5.8694598389e+02 5.8696600342e+02 5.8700000000e+02 5.8702899170e+02 5.8704101563e+02 5.8705798340e+02 5.8710198975e+02
5.8564398193e+02 5.8566601563e+02 5.8569897461e+02 5.8570800781e+02 5.8572100830e+02 5.8573901367e+02 5.8575701904e+02 5.8577197266e+02 5.8579400635e+02 5.8581799316e+02 5.8582702637e+02 5.8585900879e+02 5.8587902832e+02 5.8589099121e+02 5.8590502930e+02 5.8592999268e+02 5.8594201660e+02 5.8596099854e+02 5.8598498535e+02 5.8601501465e+02 5.8603497314e+02 5.8606402588e+02 5.8609802246e+02 5.8613397217e+02 5.8619201660e+02 5.8624700928e+02 5.8630297852e+02 5.8634802246e+02 5.8639300537e+02 5.8644000244e+02 5.8651397705e+02 5.8657897949e+02 5.8663000488e+02 5.8667797852e+02 5.8671801758e+02 5.8677301025e+02 5.8679302979e+02 5.8681298828e+02 5.8684600830e+02 5.8686999512e+02 5.8689501953e+02 5.8692602539e+02 5.8696099854e+02 5.8698199463e+02 5.8700701904e+02 5.8704101563e+02
5.8555297852e+02 5.8557098389e+02 5.8560601807e+02 5.8563098145e+02 5.8566699219e+02 5.8569299316e+02 5.8569396973e+02 5.8571301270e+02 5.8572601318e+02 5.8573901367e+02 5.8575598145e+02 5.8578302002e+02 5.8580200195e+02 5.8581896973e+02 5.8582702637e+02 5.8585302734e+02 5.8587298584e+02 5.8589001465e+02 5.8590899658e+02 5.8593597412e+02 5.8596600342e+02 5.8599798584e+02 5.8602398682e+02 5.8606201172e+02 5.8611798096e+02 5.8616998291e+02 5.8623797607e+02 5.8628601074e+02 5.8633697510e+02 5.8638397217e+02 5.8645599365e+02 5.8652398682e+02 5.8655902100e+02 5.8660601807e+02 5.8665301514e+02 5.8669299316e+02 5.8671801758e+02 5.8674401855e+02 5.8677502441e+02 5.8679998779e+02 5.8682800293e+02 5.8685601807e+02 5.8689099121e+02 5.8692199707e+02 5.8695001221e+02 5.8697900391e+02
5.8548498535e+02 5.8550598145e+02 5.8553002930e+02 5.8554400635e+02 5.8557897949e+02 5.8561199951e+02 5.8561499023e+02 5.8563897705e+02 5.8565899658e+02 5.8566699219e+02 5.8568298340e+02 5.8570202637e+02 5.8571600342e+02 5.8573400879e+02 5.8574401855e+02 5.8576898193e+02 5.8579101563e+02 5.8581500244e+02 5.8584698486e+02 5.8587298584e+02 5.8590002441e+02 5.8593402100e+02 5.8596197510e+02 5.8600201416e+02 5.8605200195e+02 5.8609997559e+02 5.8616198730e+02 5.8621099854e+02 5.8627697754e+02 5.8632598877e+02 5.8639398193e+02 5.8647198486e+02 5.8650500488e+02 5.8654699707e+02 5.8658697510e+02 5.8662500000e+02 5.8665502930e+02 5.8668402100e+02 5.8671301270e+02 5.8673199463e+02 5.8676202393e+02 5.8679302979e+02 5.8682397461e+02 5.8685198975e+02 5.8687402344e+02 5.8690301514e+02
5.8540100098e+02 5.8542999268e+02 5.8546002197e+02 5.8547198486e+02 5.8549597168e+02 5.8553198242e+02 5.8554400635e+02 5.8556201172e+02 5.8559497070e+02 5.8560900879e+02 5.8561999512e+02 5.8563897705e+02 5.8565197754e+02 5.8567297363e+02 5.8568499756e+02 5.8569799805e+02 5.8571502686e+02 5.8574401855e+02 5.8578900146e+02 5.8580798340e+02 5.8583099365e+02 5.8586602783e+02 5.8590301514e+02 5.8593402100e+02 5.8598199463e+02 5.8603497314e+02 5.8609399414e+02 5.8614501953e+02 5.8621997070e+02 5.8627197266e+02 5.8633197021e+02 5.8640301514e+02 5.8644500732e+02 5.8649401855e+02 5.8653100586e+02 5.8657098389e+02 5.8659002686e+02 5.8661199951e+02 5.8664697266e+02 5.8665997314e+02 5.8668701172e+02 5.8672198486e+02 5.8675500488e+02 5.8677600098e+02 5.8679302979e+02 5.8683001709e+02
5.8530499268e+02 5.8532897949e+02 5.8535498047e+02 5.8539300537e+02 5.8542999268e+02 5.8546099854e+02 5.8547900391e+02 5.8549102783e+02 5.8551702881e+02 5.8553997803e+02 5.8555902100e+02 5.8558197021e+02 5.8559399414e+02 5.8560601807e+02 5.8561999512e+02 5.8564697266e+02 5.8566400146e+02 5.8568597412e+02 5.8571600342e+02 5.8573602295e+02 5.8576501465e+02 5.8580603027e+02 5.8584600830e+02 5.8586999512e+02 5.8591198730e+02 5.8597399902e+02 5.8604602051e+02 5.8609100342e+02 5.8615899658e+02 5.8621502686e+02 5.8628198242e+02 5.8633001709e+02 5.8637597656e+02 5.8642700195e+02 5.8647802734e+02 5.8650701904e+02 5.8652398682e+02 5.8654498291e+02 5.8658398438e+02 5.8658898926e+02 5.8661297607e+02 5.8665100098e+02 5.8669299316e+02 5.8671997070e+02 5.8674200439e+02 5.8677801514e+02
5.8522399902e+02 5.8525201416e+02 5.8528802490e+02 5.8530999756e+02 5.8532702637e+02 5.8535998535e+02 5.8540197754e+02 5.8541699219e+02 5.8543298340e+02 5.8545898438e+02 5.8549700928e+02 5.8550897217e+02 5.8552801514e+02 5.8553900146e+02 5.8555499268e+02 5.8557598877e+02 5.8559399414e+02 5.8561798096e+02 5.8564599609e+02 5.8566497803e+02 5.8569598389e+02 5.8573797607e+02 5.8577301025e+02 5.8581597900e+02 5.8586499023e+02 5.8592102051e+02 5.8598400879e+02 5.8604699707e+02 5.8611798096e+02 5.8616198730e+02 5.8621997070e+02 5.8628002930e+02 5.8631500244e+02 5.8634899902e+02 5.8639501953e+02 5.8643701172e+02 5.8647100830e+02 5.8649298096e+02 5.8652899170e+02 5.8654797363e+02 5.8657397461e+02 5.8660101318e+02 5.8662402344e+02 5.8665002441e+02 5.8668200684e+02 5.8672698975e+02
5.8515197754e+02 5.8517700195e+02 5.8521502686e+02 5.8522998047e+02 5.8524700928e+02 5.8528002930e+02 5.8532202148e+02 5.8533697510e+02 5.8535400391e+02 5.8538201904e+02 5.8542999268e+02 5.8543701172e+02 5.8545501709e+02 5.8547100830e+02 5.8548400879e+02 5.8550201416e+02 5.8552197266e+02 5.8554699707e+02 5.8557098389e+02 5.8559698486e+02 5.8563201904e+02 5.8567498779e+02 5.8570898438e+02 5.8575897217e+02 5.8581500244e+02 5.8587200928e+02 5.8592199707e+02 5.8598797607e+02 5.8605297852e+02 5.8609100342e+02 5.8614898682e+02 5.8621099854e+02 5.8624499512e+02 5.8628100586e+02 5.8632202148e+02 5.8637597656e+02 5.8641101074e+02 5.8642401123e+02 5.8646002197e+02 5.8649902344e+02 5.8652600098e+02 5.8655102539e+02 5.8657202148e+02 5.8659100342e+02 5.8661798096e+02 5.8665600586e+02
5.8509698486e+02 5.8512200928e+02 5.8515600586e+02 5.8516601563e+02 5.8519201660e+02 5.8521697998e+02 5.8524597168e+02 5.8526800537e+02 5.8529302979e+02 5.8532098389e+02 5.8535699463e+02 5.8536499023e+02 5.8538897705e+02 5.8540899658e+02 5.8541900635e+02 5.8544500732e+02 5.8546301270e+02 5.8548199463e+02 5.8550598145e+02 5.8553997803e+02 5.8557501221e+02 5.8561901855e+02 5.8565899658e+02 5.8569799805e+02 5.8575500488e+02 5.8582202148e+02 5.8587597656e+02 5.8594097900e+02 5.8599902344e+02 5.8603100586e+02 5.8609002686e+02 5.8615100098e+02 5.8618499756e+02 5.8622302246e+02 5.8626202393e+02 5.8631097412e+02 5.8634100342e+02 5.8635699463e+02 5.8639398193e+02 5.8643402100e+02 5.8645300293e+02 5.8648101807e+02 5.8652502441e+02 5.8655297852e+02 5.8658001709e+02 5.8660498047e+02
