TESTSERVER/2/8.asc
NCOLS 100
NROWS 100
XLLCORNER 7.5997500000e+03
YLLCORNER 2.8955025000e+05
CELLSIZE 5.0000000000e-01
NODATA_VALUE -9.9990000000e+03
[rows 20 to 39 of 100, columns 0 to 45 of 100]
5.8390301514e+02 5.8394598389e+02 5.8397900391e+02 5.8401898193e+02 5.8406799316e+02 5.8411401367e+02 5.8416101074e+02 5.8419799805e+02 5.8423400879e+02 5.8427197266e+02 5.8431402588e+02 5.8435400391e+02 5.8439801025e+02 5.8444097900e+02 5.8448297119e+02 5.8451202393e+02 5.8454699707e+02 5.8459600830e+02 5.8465100098e+02 5.8470001221e+02 5.8475701904e+02 5.8481701660e+02 5.8488299561e+02 5.8492999268e+02 5.8496600342e+02 5.8500701904e+02 5.8505499268e+02 5.8510101318e+02 5.8514898682e+02 5.8518499756e+02 5.8522399902e+02 5.8527600098e+02 5.8530902100e+02 5.8534399414e+02 5.8538201904e+02 5.8541601563e+02 5.8544396973e+02 5.8548101807e+02 5.8552099609e+02 5.8555603027e+02 5.8559301758e+02 5.8562902832e+02 5.8566400146e+02 5.8570397949e+02 5.8573699951e+02 5.8576098633e+02
5.8384100342e+02 5.8388800049e+02 5.8393701172e+02 5.8397998047e+02 5.8402697754e+02 5.8407299805e+02 5.8411602783e+02 5.8414398193e+02 5.8418597412e+02 5.8423400879e+02 5.8427197266e+02 5.8431097412e+02 5.8435498047e+02 5.8440899658e+02 5.8445501709e+02 5.8447998047e+02 5.8451300049e+02 5.8456701660e+02 5.8461999512e+02 5.8466900635e+02 5.8472900391e+02 5.8479302979e+02 5.8484698486e+02 5.8489898682e+02 5.8494799805e+02 5.8498797607e+02 5.8503399658e+02 5.8508599854e+02 5.8512597656e+02 5.8515698242e+02 5.8519799805e+02 5.8524499512e+02 5.8528302002e+02 5.8531799316e+02 5.8535302734e+02 5.8538397217e+02 5.8540600586e+02 5.8544299316e+02 5.8549200439e+02 5.8553100586e+02 5.8556701660e+02 5.8560302734e+02 5.8564202881e+02 5.8568298340e+02 5.8571801758e+02 5.8574597168e+02
5.8379302979e+02 5.8384002686e+02 5.8389300537e+02 5.8394000244e+02 5.8398602295e+02 5.8403302002e+02 5.8407397461e+02 5.8410699463e+02 5.8415301514e+02 5.8420397949e+02 5.8422998047e+02 5.8427099609e+02 5.8431402588e+02 5.8436999512e+02 5.8441699219e+02 5.8445098877e+02 5.8448999023e+02 5.8453698730e+02 5.8458898926e+02 5.8464801025e+02 5.8471002197e+02 5.8477099609e+02 5.8481500244e+02 5.8486901855e+02 5.8492199707e+02 5.8497100830e+02 5.8501800537e+02 5.8505700684e+02 5.8509698486e+02 5.8513000488e+02 5.8517401123e+02 5.8521697998e+02 5.8525201416e+02 5.8528601074e+02 5.8532397461e+02 5.8535601807e+02 5.8538098145e+02 5.8542700195e+02 5.8546997070e+02 5.8550500488e+02 5.8554101563e+02 5.8557702637e+02 5.8561602783e+02 5.8565600586e+02 5.8568597412e+02 5.8571600342e+02
5.8375701904e+02 5.8379699707e+02 5.8384899902e+02 5.8389898682e+02 5.8394598389e+02 5.8399200439e+02 5.8403698730e+02 5.8407598877e+02 5.8411602783e+02 5.8416198730e+02 5.8419799805e+02 5.8423999023e+02 5.8427697754e+02 5.8433197021e+02 5.8438299561e+02 5.8442498779e+02 5.8446801758e+02 5.8450897217e+02 5.8455700684e+02 5.8462097168e+02 5.8468701172e+02 5.8474700928e+02 5.8478900146e+02 5.8484197998e+02 5.8489501953e+02 5.8495397949e+02 5.8500000000e+02 5.8502197266e+02 5.8506799316e+02 5.8510601807e+02 5.8514898682e+02 5.8518798828e+02 5.8522198486e+02 5.8525598145e+02 5.8529602051e+02 5.8533300781e+02 5.8536602783e+02 5.8541400146e+02 5.8544799805e+02 5.8547900391e+02 5.8551599121e+02 5.8555200195e+02 5.8558898926e+02 5.8563299561e+02 5.8566497803e+02 5.8569598389e+02
5.8372198486e+02 5.8376702881e+02 5.8380603027e+02 5.8385699463e+02 5.8390802002e+02 5.8395501709e+02 5.8399902344e+02 5.8404699707e+02 5.8409301758e+02 5.8413598633e+02 5.8416998291e+02 5.8421002197e+02 5.8425201416e+02 5.8431201172e+02 5.8436798096e+02 5.8440399170e+02 5.8443701172e+02 5.8447302246e+02 5.8452899170e+02 5.8458697510e+02 5.8465600586e+02 5.8471697998e+02 5.8475897217e+02 5.8480700684e+02 5.8485302734e+02 5.8491198730e+02 5.8497302246e+02 5.8499401855e+02 5.8503900146e+02 5.8508398438e+02 5.8512799072e+02 5.8516101074e+02 5.8519396973e+02 5.8523400879e+02 5.8527001953e+02 5.8529498291e+02 5.8533300781e+02 5.8537902832e+02 5.8542199707e+02 5.8545800781e+02 5.8549401855e+02 5.8552697754e+02 5.8556402588e+02 5.8560601807e+02 5.8564202881e+02 5.8567498779e+02
5.8367797852e+02 5.8373199463e+02 5.8377197266e+02 5.8382000732e+02 5.8387799072e+02 5.8392700195e+02 5.8396697998e+02 5.8401300049e+02 5.8405603027e+02 5.8409899902e+02 5.8413702393e+02 5.8418200684e+02 5.8422198486e+02 5.8427600098e+02 5.8432202148e+02 5.8435797119e+02 5.8440197754e+02 5.8444702148e+02 5.8450799561e+02 5.8456298828e+02 5.8462097168e+02 5.8467297363e+02 5.8471801758e+02 5.8476898193e+02 5.8481896973e+02 5.8487200928e+02 5.8492199707e+02 5.8496398926e+02 5.8500701904e+02 5.8505902100e+02 5.8509802246e+02 5.8513702393e+02 5.8516699219e+02 5.8520202637e+02 5.8523901367e+02 5.8526599121e+02 5.8530700684e+02 5.8534698486e+02 5.8538500977e+02 5.8543298340e+02 5.8547399902e+02 5.8550701904e+02 5.8554101563e+02 5.8558099365e+02 5.8562298584e+02 5.8565399170e+02
5.8363500977e+02 5.8368597412e+02 5.8373199463e+02 5.8378198242e+02 5.8384197998e+02 5.8389599609e+02 5.8393798828e+02 5.8398699951e+02 5.8403198242e+02 5.8407897949e+02 5.8411901855e+02 5.8415698242e+02 5.8419000244e+02 5.8423699951e+02 5.8428601074e+02 5.8432000732e+02 5.8437097168e+02 5.8442498779e+02 5.8448498535e+02 5.8453900146e+02 5.8458898926e+02 5.8463500977e+02 5.8467700195e+02 5.8473199463e+02 5.8478802490e+02 5.8483898926e+02 5.8488702393e+02 5.8493798828e+02 5.8497900391e+02 5.8502301025e+02 5.8506500244e+02 5.8510699463e+02 5.8513702393e+02 5.8517102051e+02 5.8521002197e+02 5.8524298096e+02 5.8528198242e+02 5.8531402588e+02 5.8534899902e+02 5.8539697266e+02 5.8543902588e+02 5.8547601318e+02 5.8550500488e+02 5.8554797363e+02 5.8559802246e+02 5.8563702393e+02
5.8359197998e+02 5.8364099121e+02 5.8368597412e+02 5.8373602295e+02 5.8378900146e+02 5.8384100342e+02 5.8388702393e+02 5.8395397949e+02 5.8400701904e+02 5.8405401611e+02 5.8409301758e+02 5.8412902832e+02 5.8416198730e+02 5.8420397949e+02 5.8425500488e+02 5.8429302979e+02 5.8434197998e+02 5.8440100098e+02 5.8445501709e+02 5.8450897217e+02 5.8456298828e+02 5.8460699463e+02 5.8464599609e+02 5.8470300293e+02 5.8475701904e+02 5.8480999756e+02 5.8486297607e+02 5.8491497803e+02 5.8494799805e+02 5.8497900391e+02 5.8502600098e+02 5.8507202148e+02 5.8510900879e+02 5.8514898682e+02 5.8518798828e+02 5.8521801758e+02 5.8525299072e+02 5.8528399658e+02 5.8532299805e+02 5.8536102295e+02 5.8540100098e+02 5.8543902588e+02 5.8546801758e+02 5.8552001953e+02 5.8557397461e+02 5.8561901855e+02
5.8354901123e+02 5.8359997559e+02 5.8363897705e+02 5.8369201660e+02 5.8374401855e+02 5.8379199219e+02 5.8383697510e+02 5.8390502930e+02 5.8396801758e+02 5.8401000977e+02 5.8404699707e+02 5.8409899902e+02 5.8414001465e+02 5.8417498779e+02 5.8421899414e+02 5.8426501465e+02 5.8431597900e+02 5.8437200928e+02 5.8442797852e+02 5.8447900391e+02 5.8453302002e+02 5.8457897949e+02 5.8462402344e+02 5.8467999268e+02 5.8472100830e+02 5.8477600098e+02 5.8483697510e+02 5.8488299561e+02 5.8491400146e+02 5.8495098877e+02 5.8499798584e+02 5.8503399658e+02 5.8507702637e+02 5.8512097168e+02 5.8516400146e+02 5.8519201660e+02 5.8522601318e+02 5.8526300049e+02 5.8530200195e+02 5.8533502197e+02 5.8537200928e+02 5.8541302490e+02 5.8544702148e+02 5.8549499512e+02 5.8553997803e+02 5.8558300781e+02
5.8351300049e+02 5.8356298828e+02 5.8360498047e+02 5.8364300537e+02 5.8369598389e+02 5.8375299072e+02 5.8380200195e+02 5.8385302734e+02 5.8391302490e+02 5.8396301270e+02 5.8399401855e+02 5.8403399658e+02 5.8408099365e+02 5.8413500977e+02 5.8418200684e+02 5.8422900391e+02 5.8428198242e+02 5.8434301758e+02 5.8439697266e+02 5.8445599365e+02 5.8451300049e+02 5.8455798340e+02 5.8459802246e+02 5.8464697266e+02 5.8468597412e+02 5.8474102783e+02 5.8479302979e+02 5.8483697510e+02 5.8488201904e+02 5.8492999268e+02 5.8497497559e+02 5.8501898193e+02 5.8505401611e+02 5.8508801270e+02 5.8513000488e+02 5.8515899658e+02 5.8519897461e+02 5.8524597168e+02 5.8527600098e+02 5.8531298828e+02 5.8535797119e+02 5.8540600586e+02 5.8543298340e+02 5.8547497559e+02 5.8551702881e+02 5.8555902100e+02
5.8347399902e+02 5.8352099609e+02 5.8356701660e+02 5.8360900879e+02 5.8366802979e+02 5.8372399902e+02 5.8376098633e+02 5.8380798340e+02 5.8387200928e+02 5.8392700195e+02 5.8395397949e+02 5.8399298096e+02 5.8404302979e+02 5.8409802246e+02 5.8414300537e+02 5.8418200684e+02 5.8423901367e+02 5.8430499268e+02 5.8435601807e+02 5.8442797852e+02 5.8449102783e+02 5.8453302002e+02 5.8457397461e+02 5.8462200928e+02 5.8466400146e+02 5.8471600342e+02 5.8476599121e+02 5.8480200195e+02 5.8484899902e+02 5.8490002441e+02 5.8494396973e+02 5.8498901367e+02 5.8502197266e+02 5.8505902100e+02 5.8510900879e+02 5.8514300537e+02 5.8518402100e+02 5.8522998047e+02 5.8525799561e+02 5.8528900146e+02 5.8532897949e+02 5.8537701416e+02 5.8540997314e+02 5.8545397949e+02 5.8549597168e+02 5.8553802490e+02
5.8344299316e+02 5.8348999023e+02 5.8352899170e+02 5.8358197021e+02 5.8364599609e+02 5.8369702148e+02 5.8372601318e+02 5.8377502441e+02 5.8383502197e+02 5.8388397217e+02 5.8391497803e+02 5.8396099854e+02 5.8400701904e+02 5.8405700684e+02 5.8410601807e+02 5.8414202881e+02 5.8420098877e+02 5.8427502441e+02 5.8432702637e+02 5.8439001465e+02 5.8445697021e+02 5.8450097656e+02 5.8454199219e+02 5.8459899902e+02 5.8464202881e+02 5.8468798828e+02 5.8473699951e+02 5.8477099609e+02 5.8481896973e+02 5.8486499023e+02 5.8490399170e+02 5.8495300293e+02 5.8498797607e+02 5.8502899170e+02 5.8508300781e+02 5.8512200928e+02 5.8515997314e+02 5.8520001221e+02 5.8523901367e+02 5.8527001953e+02 5.8530700684e+02 5.8535302734e+02 5.8539001465e+02 5.8543298340e+02 5.8547497559e+02 5.8551702881e+02
5.8341400146e+02 5.8346899414e+02 5.8350799561e+02 5.8355401611e+02 5.8361297607e+02 5.8366601563e+02 5.8370501709e+02 5.8374700928e+02 5.8379699707e+02 5.8383801270e+02 5.8388500977e+02 5.8392797852e+02 5.8396502686e+02 5.8400701904e+02 5.8405999756e+02 5.8410699463e+02 5.8416802979e+02 5.8424298096e+02 5.8430401611e+02 5.8435900879e+02 5.8441400146e+02 5.8445898438e+02 5.8449700928e+02 5.8455700684e+02 5.8461102295e+02 5.8465899658e+02 5.8469702148e+02 5.8474200439e+02 5.8479498291e+02 5.8483099365e+02 5.8486401367e+02 5.8491198730e+02 5.8495697021e+02 5.8500000000e+02 5.8505401611e+02 5.8509197998e+02 5.8512597656e+02 5.8516900635e+02 5.8522302246e+02 5.8524298096e+02 5.8528698730e+02 5.8533300781e+02 5.8537298584e+02 5.8541302490e+02 5.8545501709e+02 5.8549597168e+02
5.8337597656e+02 5.8343103027e+02 5.8347900391e+02 5.8352899170e+02 5.8357897949e+02 5.8363000488e+02 5.8367700195e+02 5.8371997070e+02 5.8376800537e+02 5.8380499268e+02 5.8384698486e+02 5.8389599609e+02 5.8393597412e+02 5.8397302246e+02 5.8401800537e+02 5.8407397461e+02 5.8413800049e+02 5.8420800781e+02 5.8427398682e+02 5.8432800293e+02 5.8437402344e+02 5.8442297363e+02 5.8446301270e+02 5.8452001953e+02 5.8457397461e+02 5.8463098145e+02 5.8466900635e+02 5.8471197510e+02 5.8476599121e+02 5.8481201172e+02 5.8484899902e+02 5.8488299561e+02 5.8492297363e+02 5.8496502686e+02 5.8502197266e+02 5.8506701660e+02 5.8510101318e+02 5.8512902832e+02 5.8517999268e+02 5.8521502686e+02 5.8526000977e+02 5.8530603027e+02 5.8535601807e+02 5.8540002441e+02 5.8543902588e+02 5.8547698975e+02
5.8334197998e+02 5.8339599609e+02 5.8345001221e+02 5.8350000000e+02 5.8354998779e+02 5.8360101318e+02 5.8364599609e+02 5.8368798828e+02 5.8374298096e+02 5.8378497314e+02 5.8382202148e+02 5.8386700439e+02 5.8390002441e+02 5.8393200684e+02 5.8397900391e+02 5.8404797363e+02 5.8411999512e+02 5.8418298340e+02 5.8423699951e+02 5.8428100586e+02 5.8433001709e+02 5.8438702393e+02 5.8443298340e+02 5.8448797607e+02 5.8453198242e+02 5.8458300781e+02 5.8463500977e+02 5.8467602539e+02 5.8472802734e+02 5.8478100586e+02 5.8482501221e+02 5.8486102295e+02 5.8490100098e+02 5.8493798828e+02 5.8498101807e+02 5.8502502441e+02 5.8506701660e+02 5.8510900879e+02 5.8515698242e+02 5.8519097900e+02 5.8523297119e+02 5.8527899170e+02 5.8533801270e+02 5.8538299561e+02 5.8541900635e+02 5.8545098877e+02
5.8331201172e+02 5.8336700439e+02 5.8342102051e+02 5.8346997070e+02 5.8352099609e+02 5.8357098389e+02 5.8361999512e+02 5.8365997314e+02 5.8370697021e+02 5.8374597168e+02 5.8378698730e+02 5.8382897949e+02 5.8385400391e+02 5.8389202881e+02 5.8395800781e+02 5.8403399658e+02 5.8410302734e+02 5.8415899658e+02 5.8420202637e+02 5.8424102783e+02 5.8429602051e+02 5.8435797119e+02 5.8440100098e+02 5.8444799805e+02 5.8449499512e+02 5.8454901123e+02 5.8460900879e+02 5.8463800049e+02 5.8467999268e+02 5.8472802734e+02 5.8478399658e+02 5.8482897949e+02 5.8487097168e+02 5.8490802002e+02 5.8495300293e+02 5.8499102783e+02 5.8502801514e+02 5.8508300781e+02 5.8513201904e+02 5.8516699219e+02 5.8520898438e+02 5.8525299072e+02 5.8531298828e+02 5.8535198975e+02 5.8538897705e+02 5.8542498779e+02
5.8328698730e+02 5.8334100342e+02 5.8339300537e+02 5.8344097900e+02 5.8348999023e+02 5.8354400635e+02 5.8360302734e+02 5.8364001465e+02 5.8367797852e+02 5.8370697021e+02 5.8374401855e+02 5.8378399658e+02 5.8381402588e+02 5.8386401367e+02 5.8394097900e+02 5.8401599121e+02 5.8407501221e+02 5.8412799072e+02 5.8417102051e+02 5.8421899414e+02 5.8427502441e+02 5.8432800293e+02 5.8436401367e+02 5.8441302490e+02 5.8446600342e+02 5.8452001953e+02 5.8458099365e+02 5.8461401367e+02 5.8465399170e+02 5.8469201660e+02 5.8474102783e+02 5.8479498291e+02 5.8483801270e+02 5.8488201904e+02 5.8493597412e+02 5.8497601318e+02 5.8501098633e+02 5.8506298828e+02 5.8510198975e+02 5.8514202881e+02 5.8518798828e+02 5.8523602295e+02 5.8528497314e+02 5.8530798340e+02 5.8534997559e+02 5.8540100098e+02
5.8327001953e+02 5.8332501221e+02 5.8336999512e+02 5.8342297363e+02 5.8347802734e+02 5.8353198242e+02 5.8357299805e+02 5.8360601807e+02 5.8364599609e+02 5.8368402100e+02 5.8372302246e+02 5.8375799561e+02 5.8378997803e+02 5.8384399414e+02 5.8391900635e+02 5.8398400879e+02 5.8404797363e+02 5.8410699463e+02 5.8414801025e+02 5.8419500732e+02 5.8423797607e+02 5.8428100586e+02 5.8432000732e+02 5.8437701416e+02 5.8443103027e+02 5.8448199463e+02 5.8453497314e+02 5.8457098389e+02 5.8462200928e+02 5.8466101074e+02 5.8470300293e+02 5.8475897217e+02 5.8480603027e+02 5.8485101318e+02 5.8490802002e+02 5.8494799805e+02 5.8498999023e+02 5.8503997803e+02 5.8508099365e+02 5.8511798096e+02 5.8515802002e+02 5.8520898438e+02 5.8525402832e+02 5.8527600098e+02 5.8532800293e+02 5.8538897705e+02
5.8323602295e+02 5.8329498291e+02 5.8334399414e+02 5.8340100098e+02 5.8345202637e+02 5.8349700928e+02 5.8353100586e+02 5.8355700684e+02 5.8359997559e+02 5.8365002441e+02 5.8369897461e+02 5.8372698975e+02 5.8375500488e+02 5.8381402588e+02 5.8389501953e+02 5.8395697021e+02 5.8401898193e+02 5.8407702637e+02 5.8411798096e+02 5.8416101074e+02 5.8420001221e+02 5.8424401855e+02 5.8429199219e+02 5.8434600830e+02 5.8439599609e+02 5.8444299316e+02 5.8448901367e+02 5.8453100586e+02 5.8458300781e+02 5.8462799072e+02 5.8467199707e+02 5.8472399902e+02 5.8477301025e+02 5.8482098389e+02 5.8487701416e+02 5.8490899658e+02 5.8495098877e+02 5.8500402832e+02 5.8505499268e+02 5.8509197998e+02 5.8513702393e+02 5.8518597412e+02 5.8523199463e+02 5.8526300049e+02 5.8531097412e+02 5.8536199951e+02
5.8319299316e+02 5.8325402832e+02 5.8330902100e+02 5.8336602783e+02 5.8341101074e+02 5.8345397949e+02 5.8350000000e+02 5.8353497314e+02 5.8356896973e+02 5.8361499023e+02 5.8365899658e+02 5.8368298340e+02 5.8371502686e+02 5.8378399658e+02 5.8387200928e+02 5.8393298340e+02 5.8399200439e+02 5.8404699707e+02 5.8409301758e+02 5.8414501953e+02 5.8417901611e+02 5.8422100830e+02 5.8426702881e+02 5.8432299805e+02 5.8436798096e+02 5.8440502930e+02 5.8444799805e+02 5.8450097656e+02 5.8454797363e+02 5.8458599854e+02 5.8463201904e+02 5.8468103027e+02 5.8473400879e+02 5.8478601074e+02 5.8484399414e+02 5.8488098145e+02 5.8492602539e+02 5.8498400879e+02 5.8503698730e+02 5.8506799316e+02 5.8511401367e+02 5.8515997314e+02 5.8521301270e+02 5.8525097656e+02 5.8528802490e+02 5.8532598877e+02
