TESTSERVER/2/8.asc
NCOLS 100
NROWS 100
XLLCORNER 7.5997500000e+03
YLLCORNER 2.8955025000e+05
CELLSIZE 5.0000000000e-01
NODATA_VALUE -9.9990000000e+03
[rows 0 to 19 of 100, columns 0 to 45 of 100]
5.8503497314e+02 5.8507299805e+02 5.8511102295e+02 5.8510900879e+02 5.8513397217e+02 5.8515698242e+02 5.8518200684e+02 5.8520697021e+02 5.8523101807e+02 5.8526202393e+02 5.8528399658e+02 5.8530200195e+02 5.8533197021e+02 5.8535101318e+02 5.8537500000e+02 5.8539898682e+02 5.8541101074e+02 5.8543298340e+02 5.8546002197e+02 5.8548602295e+02 5.8551599121e+02 5.8556201172e+02 5.8561901855e+02 5.8565197754e+02 5.8570501709e+02 5.8576898193e+02 5.8582299805e+02 5.8588098145e+02 5.8594598389e+02 5.8598400879e+02 5.8604101563e+02 5.8608898926e+02 5.8611901855e+02 5.8615698242e+02 5.8620697021e+02 5.8624597168e+02 5.8627502441e+02 5.8630200195e+02 5.8635302734e+02 5.8637500000e+02 5.8639202881e+02 5.8641601563e+02 5.8645599365e+02 5.8649798584e+02 5.8654400635e+02 5.8657098389e+02
5.8496002197e+02 5.8499499512e+02 5.8502801514e+02 5.8503802490e+02 5.8507000732e+02 5.8510302734e+02 5.8514202881e+02 5.8516400146e+02 5.8517297363e+02 5.8519897461e+02 5.8523199463e+02 5.8524401855e+02 5.8526501465e+02 5.8529602051e+02 5.8531799316e+02 5.8533001709e+02 5.8534997559e+02 5.8537597656e+02 5.8540502930e+02 5.8543597412e+02 5.8546801758e+02 5.8550299072e+02 5.8554699707e+02 5.8559497070e+02 5.8565600586e+02 5.8571301270e+02 5.8576397705e+02 5.8583001709e+02 5.8588897705e+02 5.8592199707e+02 5.8597698975e+02 5.8602801514e+02 5.8606298828e+02 5.8610797119e+02 5.8615600586e+02 5.8619201660e+02 5.8621398926e+02 5.8624200439e+02 5.8628802490e+02 5.8630902100e+02 5.8633898926e+02 5.8637298584e+02 5.8640600586e+02 5.8643298340e+02 5.8647601318e+02 5.8651202393e+02
5.8488702393e+02 5.8492199707e+02 5.8496002197e+02 5.8497802734e+02 5.8500799561e+02 5.8503802490e+02 5.8507598877e+02 5.8510601807e+02 5.8512902832e+02 5.8515100098e+02 5.8518103027e+02 5.8518798828e+02 5.8520098877e+02 5.8523101807e+02 5.8525299072e+02 5.8527001953e+02 5.8529302979e+02 5.8531896973e+02 5.8534997559e+02 5.8538201904e+02 5.8541699219e+02 5.8545202637e+02 5.8549298096e+02 5.8554400635e+02 5.8560400391e+02 5.8565502930e+02 5.8570697021e+02 5.8577697754e+02 5.8583099365e+02 5.8586499023e+02 5.8592797852e+02 5.8597198486e+02 5.8600598145e+02 5.8604901123e+02 5.8608801270e+02 5.8613299561e+02 5.8616400146e+02 5.8619702148e+02 5.8623999023e+02 5.8626397705e+02 5.8628997803e+02 5.8632598877e+02 5.8635998535e+02 5.8638800049e+02 5.8641998291e+02 5.8645098877e+02
5.8482598877e+02 5.8485797119e+02 5.8489398193e+02 5.8490997314e+02 5.8494097900e+02 5.8496801758e+02 5.8499597168e+02 5.8503100586e+02 5.8506799316e+02 5.8509197998e+02 5.8511798096e+02 5.8513598633e+02 5.8514697266e+02 5.8517102051e+02 5.8519097900e+02 5.8521099854e+02 5.8523297119e+02 5.8526300049e+02 5.8529998779e+02 5.8532800293e+02 5.8536401367e+02 5.8540600586e+02 5.8545202637e+02 5.8550500488e+02 5.8556298828e+02 5.8561297607e+02 5.8566198730e+02 5.8572998047e+02 5.8578399658e+02 5.8581896973e+02 5.8588201904e+02 5.8592297363e+02 5.8595300293e+02 5.8599102783e+02 5.8602600098e+02 5.8607702637e+02 5.8611199951e+02 5.8614599609e+02 5.8619500732e+02 5.8623400879e+02 5.8625097656e+02 5.8627801514e+02 5.8631201172e+02 5.8634698486e+02 5.8638000488e+02 5.8640399170e+02
5.8477301025e+02 5.8480401611e+02 5.8484301758e+02 5.8484802246e+02 5.8487701416e+02 5.8490997314e+02 5.8493597412e+02 5.8496899414e+02 5.8500500488e+02 5.8503497314e+02 5.8506597900e+02 5.8508398438e+02 5.8510198975e+02 5.8511999512e+02 5.8513897705e+02 5.8515899658e+02 5.8517498779e+02 5.8520397949e+02 5.8524499512e+02 5.8526599121e+02 5.8530297852e+02 5.8535198975e+02 5.8540002441e+02 5.8546099854e+02 5.8552801514e+02 5.8557897949e+02 5.8562597656e+02 5.8569000244e+02 5.8573602295e+02 5.8576599121e+02 5.8582202148e+02 5.8587402344e+02 5.8590502930e+02 5.8594799805e+02 5.8599298096e+02 5.8603198242e+02 5.8605999756e+02 5.8609002686e+02 5.8613800049e+02 5.8618200684e+02 5.8620397949e+02 5.8622698975e+02 5.8626397705e+02 5.8629302979e+02 5.8633099365e+02 5.8636700439e+02
5.8471301270e+02 5.8474798584e+02 5.8478302002e+02 5.8479602051e+02 5.8483001709e+02 5.8486602783e+02 5.8489001465e+02 5.8491998291e+02 5.8494799805e+02 5.8497198486e+02 5.8500701904e+02 5.8502697754e+02 5.8504699707e+02 5.8506896973e+02 5.8509899902e+02 5.8511401367e+02 5.8512402344e+02 5.8514898682e+02 5.8519097900e+02 5.8521099854e+02 5.8523999023e+02 5.8528802490e+02 5.8535302734e+02 5.8540600586e+02 5.8547198486e+02 5.8553198242e+02 5.8558898926e+02 5.8565399170e+02 5.8569000244e+02 5.8571899414e+02 5.8578002930e+02 5.8582800293e+02 5.8586199951e+02 5.8590502930e+02 5.8593902588e+02 5.8598297119e+02 5.8602398682e+02 5.8605999756e+02 5.8608898926e+02 5.8612298584e+02 5.8615698242e+02 5.8618798828e+02 5.8622100830e+02 5.8625201416e+02 5.8628900146e+02 5.8632598877e+02
5.8465502930e+02 5.8468798828e+02 5.8471697998e+02 5.8473901367e+02 5.8477301025e+02 5.8480499268e+02 5.8483398438e+02 5.8485400391e+02 5.8487500000e+02 5.8490301514e+02 5.8494299316e+02 5.8497100830e+02 5.8499298096e+02 5.8501300049e+02 5.8504101563e+02 5.8506500244e+02 5.8508502197e+02 5.8511700439e+02 5.8515197754e+02 5.8517700195e+02 5.8520501709e+02 5.8524499512e+02 5.8530798340e+02 5.8535498047e+02 5.8542199707e+02 5.8549200439e+02 5.8554901123e+02 5.8560101318e+02 5.8563598633e+02 5.8567700195e+02 5.8574401855e+02 5.8578198242e+02 5.8582299805e+02 5.8586999512e+02 5.8589599609e+02 5.8593402100e+02 5.8597399902e+02 5.8602099609e+02 5.8604998779e+02 5.8607800293e+02 5.8611499023e+02 5.8615100098e+02 5.8617401123e+02 5.8620898438e+02 5.8624597168e+02 5.8628302002e+02
5.8458099365e+02 5.8461901855e+02 5.8465301514e+02 5.8468200684e+02 5.8471197510e+02 5.8473901367e+02 5.8477001953e+02 5.8478698730e+02 5.8481097412e+02 5.8484301758e+02 5.8488000488e+02 5.8491302490e+02 5.8494201660e+02 5.8496600342e+02 5.8498797607e+02 5.8502099609e+02 5.8504699707e+02 5.8508001709e+02 5.8511499023e+02 5.8513702393e+02 5.8517199707e+02 5.8521697998e+02 5.8527600098e+02 5.8531500244e+02 5.8537597656e+02 5.8544799805e+02 5.8550201416e+02 5.8554199219e+02 5.8558197021e+02 5.8563098145e+02 5.8569799805e+02 5.8572802734e+02 5.8577600098e+02 5.8582702637e+02 5.8586297607e+02 5.8590197754e+02 5.8592700195e+02 5.8596697998e+02 5.8599902344e+02 5.8603302002e+02 5.8607202148e+02 5.8610498047e+02 5.8612500000e+02 5.8616601563e+02 5.8620300293e+02 5.8623999023e+02
5.8451202393e+02 5.8455297852e+02 5.8459100342e+02 5.8462597656e+02 5.8466900635e+02 5.8470098877e+02 5.8472302246e+02 5.8473999023e+02 5.8476702881e+02 5.8479302979e+02 5.8482299805e+02 5.8484002686e+02 5.8487500000e+02 5.8491601563e+02 5.8494702148e+02 5.8497900391e+02 5.8500598145e+02 5.8503802490e+02 5.8506896973e+02 5.8510900879e+02 5.8514501953e+02 5.8518103027e+02 5.8523602295e+02 5.8528198242e+02 5.8534002686e+02 5.8540502930e+02 5.8546801758e+02 5.8550402832e+02 5.8553497314e+02 5.8558099365e+02 5.8564801025e+02 5.8568902588e+02 5.8573498535e+02 5.8578100586e+02 5.8582098389e+02 5.8586199951e+02 5.8589001465e+02 5.8592102051e+02 5.8595501709e+02 5.8598602295e+02 5.8602600098e+02 5.8606500244e+02 5.8608801270e+02 5.8612500000e+02 5.8616497803e+02 5.8619897461e+02
5.8445599365e+02 5.8449102783e+02 5.8452502441e+02 5.8454797363e+02 5.8459399414e+02 5.8463598633e+02 5.8466699219e+02 5.8469799805e+02 5.8472399902e+02 5.8474401855e+02 5.8478198242e+02 5.8480401611e+02 5.8483099365e+02 5.8486401367e+02 5.8490301514e+02 5.8493499756e+02 5.8496801758e+02 5.8500201416e+02 5.8503100586e+02 5.8506799316e+02 5.8510699463e+02 5.8514398193e+02 5.8520300293e+02 5.8525299072e+02 5.8532202148e+02 5.8538299561e+02 5.8543597412e+02 5.8546899414e+02 5.8549401855e+02 5.8553900146e+02 5.8559197998e+02 5.8563598633e+02 5.8569097900e+02 5.8573400879e+02 5.8576300049e+02 5.8579101563e+02 5.8582397461e+02 5.8586602783e+02 5.8591699219e+02 5.8594396973e+02 5.8597802734e+02 5.8602099609e+02 5.8605200195e+02 5.8609399414e+02 5.8612902832e+02 5.8615698242e+02
5.8440997314e+02 5.8444097900e+02 5.8447802734e+02 5.8450402832e+02 5.8454101563e+02 5.8457800293e+02 5.8460900879e+02 5.8464697266e+02 5.8468200684e+02 5.8471099854e+02 5.8475097656e+02 5.8477197266e+02 5.8479302979e+02 5.8482202148e+02 5.8486102295e+02 5.8489501953e+02 5.8492797852e+02 5.8496197510e+02 5.8499902344e+02 5.8503198242e+02 5.8506701660e+02 5.8511102295e+02 5.8516699219e+02 5.8521899414e+02 5.8529400635e+02 5.8535400391e+02 5.8539202881e+02 5.8542297363e+02 5.8546002197e+02 5.8551098633e+02 5.8555297852e+02 5.8558398438e+02 5.8563598633e+02 5.8568597412e+02 5.8571997070e+02 5.8574902344e+02 5.8578198242e+02 5.8582702637e+02 5.8587902832e+02 5.8590301514e+02 5.8593798828e+02 5.8598199463e+02 5.8601397705e+02 5.8604602051e+02 5.8607800293e+02 5.8610998535e+02
5.8435601807e+02 5.8439099121e+02 5.8442901611e+02 5.8446002197e+02 5.8449298096e+02 5.8452398682e+02 5.8455902100e+02 5.8459399414e+02 5.8462597656e+02 5.8466497803e+02 5.8470898438e+02 5.8472802734e+02 5.8474798584e+02 5.8478997803e+02 5.8482598877e+02 5.8485400391e+02 5.8488800049e+02 5.8492199707e+02 5.8496197510e+02 5.8499902344e+02 5.8503601074e+02 5.8508697510e+02 5.8514202881e+02 5.8519396973e+02 5.8525500488e+02 5.8531201172e+02 5.8535101318e+02 5.8538702393e+02 5.8543200684e+02 5.8548199463e+02 5.8552099609e+02 5.8554901123e+02 5.8559197998e+02 5.8563897705e+02 5.8567700195e+02 5.8571697998e+02 5.8575097656e+02 5.8579101563e+02 5.8582299805e+02 5.8584997559e+02 5.8589202881e+02 5.8594201660e+02 5.8597302246e+02 5.8599798584e+02 5.8602502441e+02 5.8606097412e+02
5.8430102539e+02 5.8433599854e+02 5.8437402344e+02 5.8440399170e+02 5.8443597412e+02 5.8446697998e+02 5.8450598145e+02 5.8454400635e+02 5.8456298828e+02 5.8459399414e+02 5.8464501953e+02 5.8467199707e+02 5.8469500732e+02 5.8473901367e+02 5.8477502441e+02 5.8481500244e+02 5.8484899902e+02 5.8488098145e+02 5.8491497803e+02 5.8495697021e+02 5.8500500488e+02 5.8505999756e+02 5.8512200928e+02 5.8517797852e+02 5.8522998047e+02 5.8528100586e+02 5.8532202148e+02 5.8534600830e+02 5.8538800049e+02 5.8543798828e+02 5.8547802734e+02 5.8551202393e+02 5.8555297852e+02 5.8559100342e+02 5.8561999512e+02 5.8567102051e+02 5.8570800781e+02 5.8573999023e+02 5.8576397705e+02 5.8581500244e+02 5.8585699463e+02 5.8590399170e+02 5.8593701172e+02 5.8597302246e+02 5.8599700928e+02 5.8602001953e+02
5.8427099609e+02 5.8430401611e+02 5.8433197021e+02 5.8435797119e+02 5.8439202881e+02 5.8442498779e+02 5.8445599365e+02 5.8449298096e+02 5.8451702881e+02 5.8454302979e+02 5.8459197998e+02 5.8462298584e+02 5.8465002441e+02 5.8468499756e+02 5.8472998047e+02 5.8477801514e+02 5.8482000732e+02 5.8485900879e+02 5.8490100098e+02 5.8492999268e+02 5.8496997070e+02 5.8502301025e+02 5.8508197021e+02 5.8514599609e+02 5.8520501709e+02 5.8525799561e+02 5.8529101563e+02 5.8531097412e+02 5.8535601807e+02 5.8540698242e+02 5.8544500732e+02 5.8547198486e+02 5.8551898193e+02 5.8556597900e+02 5.8560198975e+02 5.8563897705e+02 5.8566601563e+02 5.8569396973e+02 5.8572998047e+02 5.8577197266e+02 5.8581097412e+02 5.8586798096e+02 5.8590301514e+02 5.8593902588e+02 5.8596502686e+02 5.8599597168e+02
5.8421997070e+02 5.8425500488e+02 5.8428399658e+02 5.8431402588e+02 5.8434698486e+02 5.8438098145e+02 5.8441400146e+02 5.8444799805e+02 5.8447802734e+02 5.8450097656e+02 5.8453698730e+02 5.8456799316e+02 5.8459802246e+02 5.8463201904e+02 5.8468298340e+02 5.8473602295e+02 5.8478198242e+02 5.8483197021e+02 5.8488299561e+02 5.8491601563e+02 5.8495501709e+02 5.8500201416e+02 5.8505102539e+02 5.8510797119e+02 5.8515997314e+02 5.8521301270e+02 5.8525299072e+02 5.8528302002e+02 5.8532897949e+02 5.8537500000e+02 5.8540899658e+02 5.8543499756e+02 5.8548101807e+02 5.8553399658e+02 5.8557702637e+02 5.8560498047e+02 5.8563201904e+02 5.8565802002e+02 5.8569799805e+02 5.8573602295e+02 5.8577099609e+02 5.8582202148e+02 5.8585498047e+02 5.8588500977e+02 5.8591400146e+02 5.8595599365e+02
5.8416101074e+02 5.8420098877e+02 5.8423699951e+02 5.8426898193e+02 5.8430297852e+02 5.8433599854e+02 5.8436798096e+02 5.8440002441e+02 5.8443103027e+02 5.8445898438e+02 5.8449298096e+02 5.8452899170e+02 5.8456201172e+02 5.8459600830e+02 5.8464599609e+02 5.8468798828e+02 5.8473101807e+02 5.8478601074e+02 5.8484002686e+02 5.8489001465e+02 5.8494299316e+02 5.8499401855e+02 5.8503601074e+02 5.8508197021e+02 5.8511901855e+02 5.8516302490e+02 5.8521502686e+02 5.8525701904e+02 5.8529901123e+02 5.8534002686e+02 5.8537500000e+02 5.8540899658e+02 5.8545098877e+02 5.8549298096e+02 5.8553399658e+02 5.8556597900e+02 5.8560400391e+02 5.8563201904e+02 5.8566400146e+02 5.8570397949e+02 5.8573797607e+02 5.8577197266e+02 5.8579998779e+02 5.8583197021e+02 5.8587200928e+02 5.8591601563e+02
5.8410498047e+02 5.8414599609e+02 5.8418499756e+02 5.8422198486e+02 5.8425799561e+02 5.8429602051e+02 5.8434301758e+02 5.8436798096e+02 5.8439898682e+02 5.8442797852e+02 5.8446600342e+02 5.8449798584e+02 5.8452502441e+02 5.8455999756e+02 5.8460998535e+02 5.8464398193e+02 5.8467901611e+02 5.8473199463e+02 5.8478601074e+02 5.8483398438e+02 5.8490002441e+02 5.8496997070e+02 5.8502197266e+02 5.8506298828e+02 5.8509600830e+02 5.8513098145e+02 5.8517700195e+02 5.8522497559e+02 5.8526397705e+02 5.8530200195e+02 5.8535400391e+02 5.8539300537e+02 5.8542901611e+02 5.8545397949e+02 5.8548101807e+02 5.8552502441e+02 5.8556597900e+02 5.8559698486e+02 5.8562097168e+02 5.8565899658e+02 5.8570001221e+02 5.8573602295e+02 5.8576800537e+02 5.8580603027e+02 5.8584497070e+02 5.8588500977e+02
5.8404901123e+02 5.8408898926e+02 5.8412701416e+02 5.8415997314e+02 5.8420202637e+02 5.8424902344e+02 5.8429400635e+02 5.8433599854e+02 5.8437402344e+02 5.8440301514e+02 5.8443402100e+02 5.8447198486e+02 5.8449200439e+02 5.8452600098e+02 5.8458001709e+02 5.8461401367e+02 5.8464801025e+02 5.8469702148e+02 5.8474597168e+02 5.8478900146e+02 5.8484899902e+02 5.8491998291e+02 5.8498797607e+02 5.8503497314e+02 5.8507397461e+02 5.8510699463e+02 5.8513800049e+02 5.8517901611e+02 5.8523602295e+02 5.8526800537e+02 5.8531201172e+02 5.8535797119e+02 5.8540002441e+02 5.8543597412e+02 5.8546600342e+02 5.8550000000e+02 5.8552502441e+02 5.8555798340e+02 5.8559301758e+02 5.8562402344e+02 5.8566302490e+02 5.8569897461e+02 5.8573797607e+02 5.8577301025e+02 5.8581201172e+02 5.8584997559e+02
5.8400799561e+02 5.8405102539e+02 5.8408898926e+02 5.8412200928e+02 5.8414898682e+02 5.8418902588e+02 5.8423400879e+02 5.8428399658e+02 5.8433599854e+02 5.8437799072e+02 5.8440399170e+02 5.8444097900e+02 5.8446502686e+02 5.8449798584e+02 5.8453698730e+02 5.8457000732e+02 5.8461602783e+02 5.8466699219e+02 5.8471398926e+02 5.8475598145e+02 5.8482000732e+02 5.8488598633e+02 5.8494702148e+02 5.8500097656e+02 5.8504302979e+02 5.8507702637e+02 5.8511102295e+02 5.8515502930e+02 5.8521099854e+02 5.8523498535e+02 5.8527502441e+02 5.8531701660e+02 5.8536199951e+02 5.8540698242e+02 5.8544702148e+02 5.8547399902e+02 5.8549401855e+02 5.8553198242e+02 5.8557299805e+02 5.8560400391e+02 5.8563702393e+02 5.8566900635e+02 5.8571197510e+02 5.8574597168e+02 5.8578198242e+02 5.8582098389e+02
5.8395697021e+02 5.8400500488e+02 5.8403900146e+02 5.8407299805e+02 5.8410400391e+02 5.8414599609e+02 5.8418701172e+02 5.8423297119e+02 5.8428802490e+02 5.8433599854e+02 5.8436297607e+02 5.8440301514e+02 5.8443798828e+02 5.8447198486e+02 5.8450000000e+02 5.8453100586e+02 5.8457702637e+02 5.8462902832e+02 5.8468103027e+02 5.8472802734e+02 5.8479400635e+02 5.8485400391e+02 5.8490802002e+02 5.8496502686e+02 5.8500701904e+02 5.8504602051e+02 5.8509002686e+02 5.8513702393e+02 5.8518798828e+02 5.8521502686e+02 5.8525701904e+02 5.8529400635e+02 5.8532897949e+02 5.8537097168e+02 5.8541802979e+02 5.8544598389e+02 5.8546899414e+02 5.8551000977e+02 5.8554998779e+02 5.8558099365e+02 5.8561602783e+02 5.8565002441e+02 5.8569299316e+02 5.8572698975e+02 5.8575500488e+02 5.8578698730e+02
