TESTSERVER/2/8.asc
NCOLS 100
NROWS 100
XLLCORNER 7.5997500000e+03
YLLCORNER 2.8955025000e+05
CELLSIZE 5.0000000000e-01
NODATA_VALUE -9.9990000000e+03
[rows 40 to 59 of 100, columns 0 to 45 of 100]
5.8315802002e+02 5.8321899414e+02 5.8328002930e+02 5.8334002686e+02 5.8339398193e+02 5.8343798828e+02 5.8348297119e+02 5.8353302002e+02 5.8355297852e+02 5.8358197021e+02 5.8361901855e+02 5.8364898682e+02 5.8370001221e+02 5.8377697754e+02 5.8385797119e+02 5.8390997314e+02 5.8396697998e+02 5.8401800537e+02 5.8405999756e+02 5.8411700439e+02 5.8415502930e+02 5.8419702148e+02 5.8423602295e+02 5.8429602051e+02 5.8434399414e+02 5.8437597656e+02 5.8442700195e+02 5.8449200439e+02 5.8453497314e+02 5.8455798340e+02 5.8459197998e+02 5.8463598633e+02 5.8468902588e+02 5.8474700928e+02 5.8480401611e+02 5.8485400391e+02 5.8489599609e+02 5.8495501709e+02 5.8500897217e+02 5.8503698730e+02 5.8508398438e+02 5.8512701416e+02 5.8517199707e+02 5.8521801758e+02 5.8525799561e+02 5.8530603027e+02
5.8312500000e+02 5.8318103027e+02 5.8322998047e+02 5.8328698730e+02 5.8335498047e+02 5.8340002441e+02 5.8344702148e+02 5.8348999023e+02 5.8352197266e+02 5.8355798340e+02 5.8359399414e+02 5.8362701416e+02 5.8368902588e+02 5.8377801514e+02 5.8384899902e+02 5.8389398193e+02 5.8395300293e+02 5.8400402832e+02 5.8403399658e+02 5.8407702637e+02 5.8412200928e+02 5.8416998291e+02 5.8420202637e+02 5.8425402832e+02 5.8430902100e+02 5.8434802246e+02 5.8440002441e+02 5.8445202637e+02 5.8449597168e+02 5.8452398682e+02 5.8456298828e+02 5.8460797119e+02 5.8465600586e+02 5.8471197510e+02 5.8476397705e+02 5.8481298828e+02 5.8486199951e+02 5.8491497803e+02 5.8496301270e+02 5.8500500488e+02 5.8505902100e+02 5.8509997559e+02 5.8515100098e+02 5.8520098877e+02 5.8524298096e+02 5.8528997803e+02
5.8306500244e+02 5.8312701416e+02 5.8318298340e+02 5.8323797607e+02 5.8330999756e+02 5.8335998535e+02 5.8340802002e+02 5.8345397949e+02 5.8349102783e+02 5.8352099609e+02 5.8356097412e+02 5.8360302734e+02 5.8366198730e+02 5.8374499512e+02 5.8381597900e+02 5.8386102295e+02 5.8391900635e+02 5.8397698975e+02 5.8401397705e+02 5.8405102539e+02 5.8409899902e+02 5.8415100098e+02 5.8418200684e+02 5.8422198486e+02 5.8428100586e+02 5.8432501221e+02 5.8437200928e+02 5.8441497803e+02 5.8445800781e+02 5.8450000000e+02 5.8454602051e+02 5.8458599854e+02 5.8462902832e+02 5.8467797852e+02 5.8472198486e+02 5.8478198242e+02 5.8483801270e+02 5.8488800049e+02 5.8493597412e+02 5.8497399902e+02 5.8502697754e+02 5.8507202148e+02 5.8513000488e+02 5.8517901611e+02 5.8522399902e+02 5.8527301025e+02
5.8301599121e+02 5.8308502197e+02 5.8315502930e+02 5.8321600342e+02 5.8328997803e+02 5.8334600830e+02 5.8338897705e+02 5.8343798828e+02 5.8346801758e+02 5.8348797607e+02 5.8353002930e+02 5.8358197021e+02 5.8364202881e+02 5.8371502686e+02 5.8378100586e+02 5.8382598877e+02 5.8387902832e+02 5.8394000244e+02 5.8398498535e+02 5.8402301025e+02 5.8407000732e+02 5.8412200928e+02 5.8415997314e+02 5.8420202637e+02 5.8425701904e+02 5.8430200195e+02 5.8434100342e+02 5.8438201904e+02 5.8442901611e+02 5.8447802734e+02 5.8452301025e+02 5.8456500244e+02 5.8460498047e+02 5.8464898682e+02 5.8469396973e+02 5.8475500488e+02 5.8480700684e+02 5.8485797119e+02 5.8491302490e+02 5.8494500732e+02 5.8499700928e+02 5.8504498291e+02 5.8510101318e+02 5.8514599609e+02 5.8519598389e+02 5.8525299072e+02
5.8298699951e+02 5.8305401611e+02 5.8310998535e+02 5.8317602539e+02 5.8325097656e+02 5.8331298828e+02 5.8335400391e+02 5.8339697266e+02 5.8343597412e+02 5.8347497559e+02 5.8351599121e+02 5.8358398438e+02 5.8364202881e+02 5.8370397949e+02 5.8375000000e+02 5.8379901123e+02 5.8385198975e+02 5.8390301514e+02 5.8394500732e+02 5.8398400879e+02 5.8402801514e+02 5.8407397461e+02 5.8412200928e+02 5.8417102051e+02 5.8421899414e+02 5.8426202393e+02 5.8429602051e+02 5.8434698486e+02 5.8439801025e+02 5.8443902588e+02 5.8448498535e+02 5.8453002930e+02 5.8457202148e+02 5.8462402344e+02 5.8467700195e+02 5.8472601318e+02 5.8476599121e+02 5.8481298828e+02 5.8486297607e+02 5.8491302490e+02 5.8496899414e+02 5.8502099609e+02 5.8507397461e+02 5.8512200928e+02 5.8516601563e+02 5.8521697998e+02
5.8292901611e+02 5.8299902344e+02 5.8306799316e+02 5.8313299561e+02 5.8319799805e+02 5.8326202393e+02 5.8330700684e+02 5.8335101318e+02 5.8340197754e+02 5.8344598389e+02 5.8350097656e+02 5.8357501221e+02 5.8363201904e+02 5.8369201660e+02 5.8373400879e+02 5.8378002930e+02 5.8382702637e+02 5.8386700439e+02 5.8390802002e+02 5.8394897461e+02 5.8400201416e+02 5.8405297852e+02 5.8409600830e+02 5.8413397217e+02 5.8417602539e+02 5.8422497559e+02 5.8426397705e+02 5.8431597900e+02 5.8436700439e+02 5.8441101074e+02 5.8446301270e+02 5.8451000977e+02 5.8454699707e+02 5.8459600830e+02 5.8464898682e+02 5.8468902588e+02 5.8472698975e+02 5.8478302002e+02 5.8484100342e+02 5.8486901855e+02 5.8492199707e+02 5.8498400879e+02 5.8504101563e+02 5.8509399414e+02 5.8514001465e+02 5.8518103027e+02
5.8288299561e+02 5.8294897461e+02 5.8301898193e+02 5.8309197998e+02 5.8315997314e+02 5.8322698975e+02 5.8327801514e+02 5.8331799316e+02 5.8337500000e+02 5.8342901611e+02 5.8349798584e+02 5.8356201172e+02 5.8361297607e+02 5.8366802979e+02 5.8371197510e+02 5.8375598145e+02 5.8380297852e+02 5.8384802246e+02 5.8389202881e+02 5.8392999268e+02 5.8397399902e+02 5.8401702881e+02 5.8405401611e+02 5.8409399414e+02 5.8414001465e+02 5.8419097900e+02 5.8423400879e+02 5.8428198242e+02 5.8433599854e+02 5.8438201904e+02 5.8443402100e+02 5.8447900391e+02 5.8451599121e+02 5.8456597900e+02 5.8462298584e+02 5.8465802002e+02 5.8470501709e+02 5.8477001953e+02 5.8482702637e+02 5.8484899902e+02 5.8489599609e+02 5.8494799805e+02 5.8499597168e+02 5.8505297852e+02 5.8510699463e+02 5.8515399170e+02
5.8285998535e+02 5.8291497803e+02 5.8297802734e+02 5.8304901123e+02 5.8311798096e+02 5.8318499756e+02 5.8324298096e+02 5.8329400635e+02 5.8335302734e+02 5.8341198730e+02 5.8348498535e+02 5.8354602051e+02 5.8359698486e+02 5.8365002441e+02 5.8369201660e+02 5.8372998047e+02 5.8377801514e+02 5.8382598877e+02 5.8386602783e+02 5.8390502930e+02 5.8394598389e+02 5.8398297119e+02 5.8401000977e+02 5.8405700684e+02 5.8411102295e+02 5.8416400146e+02 5.8420898438e+02 5.8425097656e+02 5.8430297852e+02 5.8435302734e+02 5.8440100098e+02 5.8444799805e+02 5.8448699951e+02 5.8453497314e+02 5.8459100342e+02 5.8462799072e+02 5.8467999268e+02 5.8474102783e+02 5.8479602051e+02 5.8483001709e+02 5.8487701416e+02 5.8491802979e+02 5.8495898438e+02 5.8501202393e+02 5.8505999756e+02 5.8511999512e+02
5.8285498047e+02 5.8290899658e+02 5.8296801758e+02 5.8302301025e+02 5.8309698486e+02 5.8316101074e+02 5.8319799805e+02 5.8326501465e+02 5.8333300781e+02 5.8340399170e+02 5.8347399902e+02 5.8353100586e+02 5.8357598877e+02 5.8361798096e+02 5.8366601563e+02 5.8371002197e+02 5.8375000000e+02 5.8379101563e+02 5.8383398438e+02 5.8386999512e+02 5.8391400146e+02 5.8395001221e+02 5.8397900391e+02 5.8402502441e+02 5.8407202148e+02 5.8412701416e+02 5.8417700195e+02 5.8422497559e+02 5.8426800537e+02 5.8431500244e+02 5.8436999512e+02 5.8442102051e+02 5.8446502686e+02 5.8450897217e+02 5.8455499268e+02 5.8459698486e+02 5.8465100098e+02 5.8470697021e+02 5.8476098633e+02 5.8480499268e+02 5.8485601807e+02 5.8489898682e+02 5.8494000244e+02 5.8498400879e+02 5.8502398682e+02 5.8507299805e+02
5.8284600830e+02 5.8290301514e+02 5.8296899414e+02 5.8302099609e+02 5.8308801270e+02 5.8315502930e+02 5.8319396973e+02 5.8325598145e+02 5.8332098389e+02 5.8338098145e+02 5.8345599365e+02 5.8351898193e+02 5.8355499268e+02 5.8359899902e+02 5.8365002441e+02 5.8368798828e+02 5.8372802734e+02 5.8376397705e+02 5.8380700684e+02 5.8383697510e+02 5.8388098145e+02 5.8392700195e+02 5.8396002197e+02 5.8400598145e+02 5.8404498291e+02 5.8408599854e+02 5.8413000488e+02 5.8419097900e+02 5.8423797607e+02 5.8428698730e+02 5.8434802246e+02 5.8439202881e+02 5.8444299316e+02 5.8449401855e+02 5.8453601074e+02 5.8458197021e+02 5.8463702393e+02 5.8468798828e+02 5.8472698975e+02 5.8476898193e+02 5.8482702637e+02 5.8488201904e+02 5.8492901611e+02 5.8497900391e+02 5.8501800537e+02 5.8505798340e+02
5.8288201904e+02 5.8291601563e+02 5.8296502686e+02 5.8301800537e+02 5.8307897949e+02 5.8314300537e+02 5.8319396973e+02 5.8325598145e+02 5.8331597900e+02 5.8337402344e+02 5.8344396973e+02 5.8349298096e+02 5.8352600098e+02 5.8357800293e+02 5.8362298584e+02 5.8365502930e+02 5.8371002197e+02 5.8374798584e+02 5.8378302002e+02 5.8381201172e+02 5.8385400391e+02 5.8389801025e+02 5.8392901611e+02 5.8397998047e+02 5.8402697754e+02 5.8406701660e+02 5.8410998535e+02 5.8416302490e+02 5.8420397949e+02 5.8425500488e+02 5.8431500244e+02 5.8435998535e+02 5.8441400146e+02 5.8446600342e+02 5.8451300049e+02 5.8456097412e+02 5.8461297607e+02 5.8466601563e+02 5.8470800781e+02 5.8475097656e+02 5.8479998779e+02 5.8484600830e+02 5.8489898682e+02 5.8494598389e+02 5.8498498535e+02 5.8502899170e+02
5.8295098877e+02 5.8297399902e+02 5.8299298096e+02 5.8302099609e+02 5.8307098389e+02 5.8313000488e+02 5.8318902588e+02 5.8325201416e+02 5.8330902100e+02 5.8336901855e+02 5.8342797852e+02 5.8347497559e+02 5.8351300049e+02 5.8356402588e+02 5.8359600830e+02 5.8362799072e+02 5.8369299316e+02 5.8373297119e+02 5.8376000977e+02 5.8379498291e+02 5.8383697510e+02 5.8387097168e+02 5.8389501953e+02 5.8394000244e+02 5.8399102783e+02 5.8403997803e+02 5.8408898926e+02 5.8413098145e+02 5.8416998291e+02 5.8422198486e+02 5.8428002930e+02 5.8433099365e+02 5.8438201904e+02 5.8443597412e+02 5.8448999023e+02 5.8453802490e+02 5.8458697510e+02 5.8464099121e+02 5.8468103027e+02 5.8472198486e+02 5.8477001953e+02 5.8481298828e+02 5.8486499023e+02 5.8491198730e+02 5.8494897461e+02 5.8499597168e+02
5.8296801758e+02 5.8303002930e+02 5.8309301758e+02 5.8306799316e+02 5.8309698486e+02 5.8313299561e+02 5.8317297363e+02 5.8324102783e+02 5.8330999756e+02 5.8336401367e+02 5.8340100098e+02 5.8345501709e+02 5.8350201416e+02 5.8354498291e+02 5.8357397461e+02 5.8361401367e+02 5.8366497803e+02 5.8370397949e+02 5.8374902344e+02 5.8378601074e+02 5.8383300781e+02 5.8386199951e+02 5.8389099121e+02 5.8392102051e+02 5.8395397949e+02 5.8400299072e+02 5.8405798340e+02 5.8409802246e+02 5.8414398193e+02 5.8419500732e+02 5.8425201416e+02 5.8429498291e+02 5.8434600830e+02 5.8440997314e+02 5.8446002197e+02 5.8450799561e+02 5.8455700684e+02 5.8460601807e+02 5.8464801025e+02 5.8468798828e+02 5.8474298096e+02 5.8479199219e+02 5.8483801270e+02 5.8489001465e+02 5.8492700195e+02 5.8497302246e+02
5.8291400146e+02 5.8304101563e+02 5.8315997314e+02 5.8317297363e+02 5.8317602539e+02 5.8317401123e+02 5.8318597412e+02 5.8322900391e+02 5.8329101563e+02 5.8334600830e+02 5.8339202881e+02 5.8343597412e+02 5.8347802734e+02 5.8352398682e+02 5.8355902100e+02 5.8359698486e+02 5.8363500977e+02 5.8367199707e+02 5.8371997070e+02 5.8376098633e+02 5.8381298828e+02 5.8384600830e+02 5.8388800049e+02 5.8392700195e+02 5.8395599365e+02 5.8398999023e+02 5.8403601074e+02 5.8408001709e+02 5.8412902832e+02 5.8417498779e+02 5.8422399902e+02 5.8427398682e+02 5.8431896973e+02 5.8436901855e+02 5.8441699219e+02 5.8447302246e+02 5.8452600098e+02 5.8457598877e+02 5.8462097168e+02 5.8466497803e+02 5.8471997070e+02 5.8477197266e+02 5.8481500244e+02 5.8486199951e+02 5.8490301514e+02 5.8494799805e+02
5.8282897949e+02 5.8298101807e+02 5.8313598633e+02 5.8324102783e+02 5.8324102783e+02 5.8319299316e+02 5.8318298340e+02 5.8322302246e+02 5.8327899170e+02 5.8332202148e+02 5.8336901855e+02 5.8341998291e+02 5.8346502686e+02 5.8351397705e+02 5.8354901123e+02 5.8358599854e+02 5.8362097168e+02 5.8365399170e+02 5.8369702148e+02 5.8373699951e+02 5.8378698730e+02 5.8382501221e+02 5.8387298584e+02 5.8391497803e+02 5.8395397949e+02 5.8398699951e+02 5.8402099609e+02 5.8405902100e+02 5.8410699463e+02 5.8414801025e+02 5.8419299316e+02 5.8425097656e+02 5.8429699707e+02 5.8434100342e+02 5.8439398193e+02 5.8445001221e+02 5.8450097656e+02 5.8454901123e+02 5.8459301758e+02 5.8463598633e+02 5.8469201660e+02 5.8473901367e+02 5.8477899170e+02 5.8482800293e+02 5.8487200928e+02 5.8491198730e+02
5.8272900391e+02 5.8285400391e+02 5.8299499512e+02 5.8315002441e+02 5.8317901611e+02 5.8313702393e+02 5.8314697266e+02 5.8321398926e+02 5.8328900146e+02 5.8332501221e+02 5.8335900879e+02 5.8340399170e+02 5.8345098877e+02 5.8350701904e+02 5.8354101563e+02 5.8357000732e+02 5.8360101318e+02 5.8363500977e+02 5.8368298340e+02 5.8371997070e+02 5.8376202393e+02 5.8379699707e+02 5.8385400391e+02 5.8389898682e+02 5.8394500732e+02 5.8398602295e+02 5.8401202393e+02 5.8404699707e+02 5.8409197998e+02 5.8412799072e+02 5.8417297363e+02 5.8422802734e+02 5.8427398682e+02 5.8431799316e+02 5.8436798096e+02 5.8441601563e+02 5.8447100830e+02 5.8452301025e+02 5.8456298828e+02 5.8460400391e+02 5.8466198730e+02 5.8471398926e+02 5.8474798584e+02 5.8479302979e+02 5.8483599854e+02 5.8487701416e+02
5.8267401123e+02 5.8275402832e+02 5.8284899902e+02 5.8298602295e+02 5.8305999756e+02 5.8308001709e+02 5.8312200928e+02 5.8321197510e+02 5.8330102539e+02 5.8335101318e+02 5.8338500977e+02 5.8339599609e+02 5.8342901611e+02 5.8347998047e+02 5.8352398682e+02 5.8355700684e+02 5.8358801270e+02 5.8362402344e+02 5.8367102051e+02 5.8370898438e+02 5.8375000000e+02 5.8378802490e+02 5.8383398438e+02 5.8387597656e+02 5.8391699219e+02 5.8396099854e+02 5.8400000000e+02 5.8404901123e+02 5.8409100342e+02 5.8412298584e+02 5.8416900635e+02 5.8421301270e+02 5.8425299072e+02 5.8429699707e+02 5.8434197998e+02 5.8438897705e+02 5.8444201660e+02 5.8449200439e+02 5.8453601074e+02 5.8458001709e+02 5.8463201904e+02 5.8468597412e+02 5.8472399902e+02 5.8476599121e+02 5.8480499268e+02 5.8484600830e+02
5.8265002441e+02 5.8272302246e+02 5.8279101563e+02 5.8288098145e+02 5.8295300293e+02 5.8300701904e+02 5.8308300781e+02 5.8319702148e+02 5.8329797363e+02 5.8334399414e+02 5.8336901855e+02 5.8341699219e+02 5.8346197510e+02 5.8349102783e+02 5.8351501465e+02 5.8354400635e+02 5.8357501221e+02 5.8361102295e+02 5.8365301514e+02 5.8368701172e+02 5.8372900391e+02 5.8377197266e+02 5.8382098389e+02 5.8386297607e+02 5.8390002441e+02 5.8394201660e+02 5.8399200439e+02 5.8404602051e+02 5.8408398438e+02 5.8410601807e+02 5.8414898682e+02 5.8418902588e+02 5.8422698975e+02 5.8427600098e+02 5.8432501221e+02 5.8437500000e+02 5.8442797852e+02 5.8447698975e+02 5.8452001953e+02 5.8455999756e+02 5.8459497070e+02 5.8464202881e+02 5.8467999268e+02 5.8472302246e+02 5.8477099609e+02 5.8481500244e+02
5.8263500977e+02 5.8270599365e+02 5.8276800537e+02 5.8284002686e+02 5.8290002441e+02 5.8296099854e+02 5.8303002930e+02 5.8313397217e+02 5.8322900391e+02 5.8328198242e+02 5.8332897949e+02 5.8342199707e+02 5.8350402832e+02 5.8354302979e+02 5.8353900146e+02 5.8354101563e+02 5.8356097412e+02 5.8359497070e+02 5.8364001465e+02 5.8367199707e+02 5.8371099854e+02 5.8374700928e+02 5.8379199219e+02 5.8384100342e+02 5.8388397217e+02 5.8392901611e+02 5.8397601318e+02 5.8402099609e+02 5.8406298828e+02 5.8409899902e+02 5.8414501953e+02 5.8418200684e+02 5.8421697998e+02 5.8426000977e+02 5.8429901123e+02 5.8434100342e+02 5.8440100098e+02 5.8445501709e+02 5.8448999023e+02 5.8453002930e+02 5.8456500244e+02 5.8460797119e+02 5.8465002441e+02 5.8468798828e+02 5.8473199463e+02 5.8477697754e+02
5.8260400391e+02 5.8267297363e+02 5.8274298096e+02 5.8281896973e+02 5.8288800049e+02 5.8294299316e+02 5.8299499512e+02 5.8307598877e+02 5.8314697266e+02 5.8320098877e+02 5.8326397705e+02 5.8336102295e+02 5.8346899414e+02 5.8354602051e+02 5.8355603027e+02 5.8355499268e+02 5.8356896973e+02 5.8358898926e+02 5.8362799072e+02 5.8366400146e+02 5.8370800781e+02 5.8373797607e+02 5.8376397705e+02 5.8381500244e+02 5.8387097168e+02 5.8391497803e+02 5.8395501709e+02 5.8399597168e+02 5.8403497314e+02 5.8407800293e+02 5.8412298584e+02 5.8415802002e+02 5.8419799805e+02 5.8424499512e+02 5.8428198242e+02 5.8431597900e+02 5.8437402344e+02 5.8442199707e+02 5.8445001221e+02 5.8449700928e+02 5.8453997803e+02 5.8458502197e+02 5.8463098145e+02 5.8466802979e+02 5.8470202637e+02 5.8474298096e+02
