TESTSERVER/2/9.asc
NCOLS 100
NROWS 100
XLLCORNER 7.5997500000e+03
YLLCORNER 2.8950025000e+05
CELLSIZE 5.0000000000e-01
NODATA_VALUE -9.9990000000e+03
[rows 0 to 19 of 100, columns 0 to 45 of 100]
5.8084698486e+02 5.8096301270e+02 5.8108197021e+02 5.8120898438e+02 5.8132800293e+02 5.8144201660e+02 5.8152398682e+02 5.8161602783e+02 5.8171099854e+02 5.8180603027e+02 5.8190399170e+02 5.8204901123e+02 5.8216802979e+02 5.8226202393e+02 5.8236602783e+02 5.8247302246e+02 5.8258001709e+02 5.8269201660e+02 5.8279498291e+02 5.8285699463e+02 5.8289398193e+02 5.8293597412e+02 5.8298297119e+02 5.8301599121e+02 5.8306896973e+02 5.8312200928e+02 5.8318200684e+02 5.8325299072e+02 5.8329699707e+02 5.8333197021e+02 5.8338702393e+02 5.8344000244e+02 5.8349200439e+02 5.8354602051e+02 5.8361199951e+02 5.8368499756e+02 5.8375402832e+02 5.8382397461e+02 5.8389501953e+02 5.8396197510e+02 5.8402301025e+02 5.8407800293e+02 5.8412799072e+02 5.8417999268e+02 5.8425201416e+02 5.8431201172e+02
5.8080999756e+02 5.8093298340e+02 5.8105999756e+02 5.8117901611e+02 5.8129602051e+02 5.8141998291e+02 5.8151300049e+02 5.8162597656e+02 5.8172601318e+02 5.8181799316e+02 5.8191699219e+02 5.8204498291e+02 5.8216802979e+02 5.8227502441e+02 5.8238201904e+02 5.8248199463e+02 5.8258599854e+02 5.8269299316e+02 5.8278399658e+02 5.8283398438e+02 5.8287298584e+02 5.8292199707e+02 5.8296502686e+02 5.8300500488e+02 5.8306597900e+02 5.8311499023e+02 5.8316998291e+02 5.8324597168e+02 5.8329302979e+02 5.8332702637e+02 5.8337097168e+02 5.8341497803e+02 5.8347198486e+02 5.8353198242e+02 5.8359698486e+02 5.8366998291e+02 5.8374597168e+02 5.8382000732e+02 5.8388397217e+02 5.8394897461e+02 5.8400799561e+02 5.8407000732e+02 5.8412902832e+02 5.8418298340e+02 5.8424798584e+02 5.8429602051e+02
5.8077801514e+02 5.8090698242e+02 5.8104498291e+02 5.8117401123e+02 5.8128100586e+02 5.8139501953e+02 5.8149798584e+02 5.8162799072e+02 5.8173797607e+02 5.8183300781e+02 5.8193597412e+02 5.8204602051e+02 5.8215802002e+02 5.8227197266e+02 5.8238598633e+02 5.8249401855e+02 5.8260198975e+02 5.8269598389e+02 5.8277600098e+02 5.8282897949e+02 5.8286297607e+02 5.8290002441e+02 5.8293701172e+02 5.8299102783e+02 5.8306799316e+02 5.8311798096e+02 5.8316601563e+02 5.8322601318e+02 5.8327099609e+02 5.8331201172e+02 5.8335900879e+02 5.8340399170e+02 5.8346697998e+02 5.8353100586e+02 5.8358898926e+02 5.8366601563e+02 5.8374102783e+02 5.8380700684e+02 5.8385900879e+02 5.8392700195e+02 5.8399597168e+02 5.8406701660e+02 5.8413299561e+02 5.8418200684e+02 5.8424401855e+02 5.8429699707e+02
5.8075299072e+02 5.8089001465e+02 5.8102899170e+02 5.8117700195e+02 5.8128802490e+02 5.8139202881e+02 5.8148797607e+02 5.8160797119e+02 5.8172198486e+02 5.8183300781e+02 5.8194598389e+02 5.8205499268e+02 5.8215802002e+02 5.8227001953e+02 5.8238800049e+02 5.8250201416e+02 5.8261297607e+02 5.8269598389e+02 5.8276098633e+02 5.8282098389e+02 5.8285699463e+02 5.8289001465e+02 5.8293298340e+02 5.8299401855e+02 5.8307098389e+02 5.8311798096e+02 5.8316400146e+02 5.8321801758e+02 5.8325701904e+02 5.8329998779e+02 5.8334600830e+02 5.8338897705e+02 5.8345300293e+02 5.8351800537e+02 5.8357897949e+02 5.8364801025e+02 5.8371899414e+02 5.8379199219e+02 5.8384698486e+02 5.8391400146e+02 5.8398602295e+02 5.8405798340e+02 5.8412402344e+02 5.8417199707e+02 5.8423498535e+02 5.8428698730e+02
5.8073498535e+02 5.8087597656e+02 5.8102001953e+02 5.8117199707e+02 5.8129602051e+02 5.8140502930e+02 5.8150097656e+02 5.8159100342e+02 5.8169500732e+02 5.8182800293e+02 5.8197497559e+02 5.8206201172e+02 5.8215899658e+02 5.8227001953e+02 5.8239202881e+02 5.8250402832e+02 5.8260498047e+02 5.8267700195e+02 5.8273297119e+02 5.8279699707e+02 5.8283898926e+02 5.8287799072e+02 5.8292797852e+02 5.8300097656e+02 5.8305603027e+02 5.8309600830e+02 5.8314697266e+02 5.8320697021e+02 5.8325097656e+02 5.8329199219e+02 5.8333197021e+02 5.8337701416e+02 5.8344097900e+02 5.8350000000e+02 5.8356201172e+02 5.8362902832e+02 5.8370300293e+02 5.8379302979e+02 5.8387200928e+02 5.8391497803e+02 5.8397198486e+02 5.8403302002e+02 5.8409997559e+02 5.8416699219e+02 5.8421899414e+02 5.8426098633e+02
5.8073699951e+02 5.8087500000e+02 5.8100701904e+02 5.8114801025e+02 5.8127502441e+02 5.8139697266e+02 5.8150897217e+02 5.8161401367e+02 5.8170697021e+02 5.8183099365e+02 5.8197698975e+02 5.8206701660e+02 5.8215997314e+02 5.8226800537e+02 5.8237799072e+02 5.8249597168e+02 5.8258801270e+02 5.8265399170e+02 5.8271197510e+02 5.8276300049e+02 5.8280798340e+02 5.8286798096e+02 5.8292901611e+02 5.8299200439e+02 5.8304302979e+02 5.8307598877e+02 5.8311297607e+02 5.8315698242e+02 5.8320800781e+02 5.8326202393e+02 5.8331597900e+02 5.8336999512e+02 5.8343597412e+02 5.8348498535e+02 5.8353698730e+02 5.8360699463e+02 5.8368402100e+02 5.8376599121e+02 5.8384399414e+02 5.8390600586e+02 5.8396697998e+02 5.8402301025e+02 5.8409002686e+02 5.8415100098e+02 5.8419799805e+02 5.8424298096e+02
5.8075299072e+02 5.8089398193e+02 5.8100701904e+02 5.8113000488e+02 5.8127398682e+02 5.8140600586e+02 5.8151898193e+02 5.8163397217e+02 5.8172698975e+02 5.8183099365e+02 5.8196002197e+02 5.8206701660e+02 5.8217401123e+02 5.8228497314e+02 5.8237402344e+02 5.8248498535e+02 5.8256896973e+02 5.8262701416e+02 5.8268701172e+02 5.8273101807e+02 5.8277801514e+02 5.8284600830e+02 5.8291497803e+02 5.8298699951e+02 5.8303698730e+02 5.8306402588e+02 5.8310498047e+02 5.8313201904e+02 5.8317498779e+02 5.8323699951e+02 5.8329901123e+02 5.8336199951e+02 5.8342700195e+02 5.8348101807e+02 5.8353497314e+02 5.8360797119e+02 5.8367999268e+02 5.8374102783e+02 5.8380798340e+02 5.8388800049e+02 5.8395001221e+02 5.8400299072e+02 5.8407299805e+02 5.8413000488e+02 5.8417999268e+02 5.8422900391e+02
5.8074798584e+02 5.8089898682e+02 5.8102001953e+02 5.8112597656e+02 5.8124798584e+02 5.8138000488e+02 5.8151000977e+02 5.8162200928e+02 5.8173400879e+02 5.8184600830e+02 5.8195300293e+02 5.8205902100e+02 5.8217797852e+02 5.8229199219e+02 5.8238098145e+02 5.8247998047e+02 5.8255102539e+02 5.8260400391e+02 5.8265899658e+02 5.8270599365e+02 5.8275701904e+02 5.8282501221e+02 5.8288702393e+02 5.8295501709e+02 5.8300299072e+02 5.8303601074e+02 5.8309002686e+02 5.8311901855e+02 5.8316400146e+02 5.8322497559e+02 5.8327697754e+02 5.8333197021e+02 5.8340399170e+02 5.8347698975e+02 5.8354101563e+02 5.8361401367e+02 5.8368701172e+02 5.8373699951e+02 5.8378698730e+02 5.8386700439e+02 5.8393499756e+02 5.8398797607e+02 5.8404602051e+02 5.8410198975e+02 5.8416601563e+02 5.8422302246e+02
5.8073999023e+02 5.8088299561e+02 5.8102600098e+02 5.8113299561e+02 5.8122698975e+02 5.8135302734e+02 5.8150097656e+02 5.8161602783e+02 5.8173999023e+02 5.8186499023e+02 5.8196600342e+02 5.8206298828e+02 5.8217498779e+02 5.8228601074e+02 5.8238299561e+02 5.8245697021e+02 5.8251599121e+02 5.8257598877e+02 5.8263098145e+02 5.8267797852e+02 5.8273797607e+02 5.8280200195e+02 5.8285302734e+02 5.8290197754e+02 5.8295898438e+02 5.8300897217e+02 5.8305603027e+02 5.8311602783e+02 5.8316601563e+02 5.8321002197e+02 5.8326098633e+02 5.8331402588e+02 5.8338897705e+02 5.8346398926e+02 5.8351397705e+02 5.8358502197e+02 5.8366400146e+02 5.8372900391e+02 5.8377697754e+02 5.8384002686e+02 5.8390600586e+02 5.8397100830e+02 5.8402398682e+02 5.8409002686e+02 5.8416900635e+02 5.8423101807e+02
5.8074200439e+02 5.8086901855e+02 5.8101300049e+02 5.8114599609e+02 5.8124102783e+02 5.8135699463e+02 5.8148602295e+02 5.8161700439e+02 5.8174798584e+02 5.8186102295e+02 5.8195501709e+02 5.8206597900e+02 5.8217297363e+02 5.8227502441e+02 5.8237500000e+02 5.8243902588e+02 5.8249298096e+02 5.8255401611e+02 5.8261199951e+02 5.8266101074e+02 5.8271899414e+02 5.8277600098e+02 5.8282202148e+02 5.8287902832e+02 5.8292297363e+02 5.8296099854e+02 5.8301599121e+02 5.8309497070e+02 5.8315399170e+02 5.8320800781e+02 5.8326898193e+02 5.8333099365e+02 5.8338897705e+02 5.8344500732e+02 5.8350500488e+02 5.8357202148e+02 5.8363598633e+02 5.8370300293e+02 5.8376501465e+02 5.8383099365e+02 5.8388897705e+02 5.8395202637e+02 5.8401300049e+02 5.8407397461e+02 5.8414099121e+02 5.8420697021e+02
5.8075000000e+02 5.8086901855e+02 5.8100201416e+02 5.8115197754e+02 5.8125402832e+02 5.8136401367e+02 5.8148602295e+02 5.8159997559e+02 5.8173999023e+02 5.8186297607e+02 5.8195898438e+02 5.8207202148e+02 5.8216998291e+02 5.8226300049e+02 5.8235601807e+02 5.8242199707e+02 5.8247497559e+02 5.8252697754e+02 5.8258697510e+02 5.8264501953e+02 5.8269598389e+02 5.8274401855e+02 5.8279498291e+02 5.8285400391e+02 5.8289898682e+02 5.8293701172e+02 5.8299298096e+02 5.8306701660e+02 5.8313299561e+02 5.8319897461e+02 5.8326501465e+02 5.8334399414e+02 5.8340600586e+02 5.8345001221e+02 5.8349298096e+02 5.8355700684e+02 5.8362298584e+02 5.8368902588e+02 5.8374597168e+02 5.8381097412e+02 5.8387402344e+02 5.8393798828e+02 5.8400598145e+02 5.8405999756e+02 5.8411401367e+02 5.8417700195e+02
5.8076300049e+02 5.8087200928e+02 5.8099499512e+02 5.8114697266e+02 5.8125500488e+02 5.8136901855e+02 5.8149499512e+02 5.8158801270e+02 5.8172302246e+02 5.8185998535e+02 5.8196398926e+02 5.8206597900e+02 5.8215802002e+02 5.8224902344e+02 5.8233001709e+02 5.8240502930e+02 5.8246002197e+02 5.8250299072e+02 5.8255700684e+02 5.8261798096e+02 5.8266400146e+02 5.8271002197e+02 5.8277301025e+02 5.8284002686e+02 5.8289202881e+02 5.8293798828e+02 5.8298901367e+02 5.8304101563e+02 5.8310601807e+02 5.8318103027e+02 5.8324798584e+02 5.8332000732e+02 5.8339202881e+02 5.8344396973e+02 5.8349102783e+02 5.8354901123e+02 5.8360400391e+02 5.8365802002e+02 5.8371002197e+02 5.8378399658e+02 5.8385498047e+02 5.8392401123e+02 5.8400000000e+02 5.8405401611e+02 5.8410400391e+02 5.8415100098e+02
5.8076397705e+02 5.8087200928e+02 5.8098999023e+02 5.8112402344e+02 5.8123498535e+02 5.8135699463e+02 5.8148797607e+02 5.8160302734e+02 5.8173101807e+02 5.8184497070e+02 5.8193597412e+02 5.8206201172e+02 5.8215698242e+02 5.8223797607e+02 5.8231298828e+02 5.8237902832e+02 5.8243499756e+02 5.8247998047e+02 5.8253100586e+02 5.8259100342e+02 5.8264099121e+02 5.8268902588e+02 5.8274700928e+02 5.8282299805e+02 5.8287597656e+02 5.8292102051e+02 5.8297198486e+02 5.8302301025e+02 5.8309002686e+02 5.8317297363e+02 5.8325402832e+02 5.8330401611e+02 5.8337500000e+02 5.8344097900e+02 5.8349798584e+02 5.8354498291e+02 5.8359997559e+02 5.8364599609e+02 5.8370001221e+02 5.8376397705e+02 5.8382501221e+02 5.8389001465e+02 5.8396398926e+02 5.8402502441e+02 5.8409002686e+02 5.8414599609e+02
5.8075299072e+02 5.8087097168e+02 5.8099798584e+02 5.8113098145e+02 5.8123699951e+02 5.8135302734e+02 5.8147302246e+02 5.8158697510e+02 5.8170800781e+02 5.8182299805e+02 5.8192700195e+02 5.8204400635e+02 5.8214099121e+02 5.8222100830e+02 5.8229797363e+02 5.8236499023e+02 5.8241400146e+02 5.8245202637e+02 5.8250897217e+02 5.8257702637e+02 5.8262799072e+02 5.8267199707e+02 5.8272601318e+02 5.8278802490e+02 5.8285101318e+02 5.8291601563e+02 5.8297100830e+02 5.8303399658e+02 5.8308898926e+02 5.8316101074e+02 5.8324499512e+02 5.8328900146e+02 5.8335601807e+02 5.8342901611e+02 5.8347998047e+02 5.8353198242e+02 5.8359197998e+02 5.8363500977e+02 5.8370599365e+02 5.8375201416e+02 5.8380603027e+02 5.8386602783e+02 5.8393402100e+02 5.8399798584e+02 5.8406500244e+02 5.8412799072e+02
5.8076397705e+02 5.8086999512e+02 5.8100097656e+02 5.8113500977e+02 5.8122802734e+02 5.8134002686e+02 5.8145898438e+02 5.8156799316e+02 5.8169702148e+02 5.8182202148e+02 5.8192999268e+02 5.8203497314e+02 5.8212597656e+02 5.8220697021e+02 5.8226898193e+02 5.8233197021e+02 5.8238000488e+02 5.8242102051e+02 5.8248699951e+02 5.8254901123e+02 5.8260498047e+02 5.8265997314e+02 5.8271301270e+02 5.8276501465e+02 5.8283099365e+02 5.8289898682e+02 5.8295501709e+02 5.8302697754e+02 5.8308697510e+02 5.8315899658e+02 5.8323498535e+02 5.8328002930e+02 5.8333697510e+02 5.8340600586e+02 5.8346502686e+02 5.8351702881e+02 5.8357897949e+02 5.8363098145e+02 5.8370397949e+02 5.8374401855e+02 5.8380401611e+02 5.8385998535e+02 5.8391699219e+02 5.8398199463e+02 5.8404797363e+02 5.8411297607e+02
5.8077697754e+02 5.8086901855e+02 5.8098699951e+02 5.8112902832e+02 5.8122198486e+02 5.8133801270e+02 5.8146997070e+02 5.8157202148e+02 5.8169799805e+02 5.8182202148e+02 5.8193103027e+02 5.8202301025e+02 5.8209997559e+02 5.8217401123e+02 5.8223400879e+02 5.8229602051e+02 5.8234899902e+02 5.8239898682e+02 5.8246197510e+02 5.8250897217e+02 5.8257501221e+02 5.8264697266e+02 5.8270501709e+02 5.8276397705e+02 5.8281799316e+02 5.8287402344e+02 5.8292999268e+02 5.8299902344e+02 5.8306597900e+02 5.8314202881e+02 5.8321502686e+02 5.8327697754e+02 5.8333001709e+02 5.8339099121e+02 5.8345300293e+02 5.8349597168e+02 5.8355200195e+02 5.8360699463e+02 5.8367102051e+02 5.8372497559e+02 5.8379901123e+02 5.8386199951e+02 5.8390600586e+02 5.8397198486e+02 5.8403198242e+02 5.8408697510e+02
5.8076397705e+02 5.8086999512e+02 5.8097198486e+02 5.8111700439e+02 5.8122100830e+02 5.8133197021e+02 5.8146899414e+02 5.8159600830e+02 5.8171002197e+02 5.8182501221e+02 5.8192797852e+02 5.8200201416e+02 5.8207800293e+02 5.8214398193e+02 5.8219799805e+02 5.8225000000e+02 5.8230902100e+02 5.8236901855e+02 5.8242700195e+02 5.8247998047e+02 5.8254901123e+02 5.8263000488e+02 5.8269702148e+02 5.8276898193e+02 5.8280798340e+02 5.8286199951e+02 5.8293298340e+02 5.8298400879e+02 5.8304101563e+02 5.8311199951e+02 5.8317700195e+02 5.8326300049e+02 5.8332702637e+02 5.8338800049e+02 5.8344897461e+02 5.8349102783e+02 5.8354602051e+02 5.8359899902e+02 5.8364501953e+02 5.8369897461e+02 5.8376397705e+02 5.8383502197e+02 5.8388598633e+02 5.8394396973e+02 5.8401397705e+02 5.8407800293e+02
5.8076501465e+02 5.8087500000e+02 5.8097399902e+02 5.8111499023e+02 5.8122497559e+02 5.8133001709e+02 5.8146197510e+02 5.8159497070e+02 5.8170697021e+02 5.8180999756e+02 5.8190301514e+02 5.8198999023e+02 5.8205902100e+02 5.8210601807e+02 5.8215802002e+02 5.8220898438e+02 5.8227502441e+02 5.8234698486e+02 5.8240698242e+02 5.8245697021e+02 5.8252801514e+02 5.8260900879e+02 5.8266497803e+02 5.8274200439e+02 5.8279998779e+02 5.8285900879e+02 5.8291802979e+02 5.8297802734e+02 5.8303601074e+02 5.8309600830e+02 5.8315002441e+02 5.8324401855e+02 5.8331597900e+02 5.8336901855e+02 5.8342401123e+02 5.8347601318e+02 5.8354699707e+02 5.8359197998e+02 5.8362500000e+02 5.8367797852e+02 5.8373602295e+02 5.8380102539e+02 5.8385900879e+02 5.8392199707e+02 5.8399499512e+02 5.8406701660e+02
5.8075402832e+02 5.8087597656e+02 5.8097802734e+02 5.8111401367e+02 5.8122497559e+02 5.8133398438e+02 5.8146997070e+02 5.8158697510e+02 5.8168798828e+02 5.8178601074e+02 5.8186199951e+02 5.8194201660e+02 5.8201397705e+02 5.8206402588e+02 5.8211700439e+02 5.8217999268e+02 5.8225000000e+02 5.8232702637e+02 5.8239001465e+02 5.8243402100e+02 5.8250097656e+02 5.8257598877e+02 5.8263000488e+02 5.8271502686e+02 5.8279302979e+02 5.8284497070e+02 5.8290600586e+02 5.8298297119e+02 5.8304797363e+02 5.8309802246e+02 5.8313598633e+02 5.8320898438e+02 5.8328100586e+02 5.8334197998e+02 5.8341101074e+02 5.8346197510e+02 5.8353399658e+02 5.8358697510e+02 5.8361798096e+02 5.8366802979e+02 5.8371899414e+02 5.8377502441e+02 5.8383300781e+02 5.8390600586e+02 5.8397399902e+02 5.8404400635e+02
5.8072698975e+02 5.8085101318e+02 5.8096600342e+02 5.8110101318e+02 5.8121099854e+02 5.8132598877e+02 5.8146801758e+02 5.8158502197e+02 5.8166998291e+02 5.8176300049e+02 5.8182800293e+02 5.8188800049e+02 5.8196197510e+02 5.8202600098e+02 5.8208001709e+02 5.8214300537e+02 5.8220898438e+02 5.8228802490e+02 5.8235900879e+02 5.8241699219e+02 5.8247900391e+02 5.8254602051e+02 5.8261102295e+02 5.8269000244e+02 5.8276098633e+02 5.8281298828e+02 5.8288897705e+02 5.8297399902e+02 5.8304400635e+02 5.8309997559e+02 5.8313897705e+02 5.8318597412e+02 5.8325701904e+02 5.8331799316e+02 5.8339599609e+02 5.8344500732e+02 5.8351501465e+02 5.8357501221e+02 5.8361901855e+02 5.8365997314e+02 5.8370599365e+02 5.8376000977e+02 5.8381298828e+02 5.8388299561e+02 5.8395098877e+02 5.8401898193e+02
