TESTSERVER/2/9.asc
NCOLS 100
NROWS 100
XLLCORNER 7.5997500000e+03
YLLCORNER 2.8950025000e+05
CELLSIZE 5.0000000000e-01
NODATA_VALUE -9.9990000000e+03
[rows 40 to 59 of 100, columns 46 to 91 of 100]
5.8363299561e+02 5.8369201660e+02 5.8376397705e+02 5.8383197021e+02 5.8388299561e+02 5.8392401123e+02 5.8397399902e+02 5.8402502441e+02 5.8408099365e+02 5.8414300537e+02 5.8420599365e+02 5.8426898193e+02 5.8432000732e+02 5.8437902832e+02 5.8442401123e+02 5.8447302246e+02 5.8452697754e+02 5.8458300781e+02 5.8462500000e+02 5.8466900635e+02 5.8472698975e+02 5.8478198242e+02 5.8483398438e+02 5.8487701416e+02 5.8491699219e+02 5.8496801758e+02 5.8503302002e+02 5.8509997559e+02 5.8516198730e+02 5.8520300293e+02 5.8523797607e+02 5.8529498291e+02 5.8535400391e+02 5.8539501953e+02 5.8543499756e+02 5.8548797607e+02 5.8553997803e+02 5.8559197998e+02 5.8563500977e+02 5.8566802979e+02 5.8571502686e+02 5.8575299072e+02 5.8581500244e+02 5.8586798096e+02 5.8589801025e+02 5.8595300293e+02
5.8362200928e+02 5.8367401123e+02 5.8373602295e+02 5.8379797363e+02 5.8385101318e+02 5.8391302490e+02 5.8396301270e+02 5.8400201416e+02 5.8405798340e+02 5.8411499023e+02 5.8417102051e+02 5.8422497559e+02 5.8430102539e+02 5.8436798096e+02 5.8440802002e+02 5.8445397949e+02 5.8450701904e+02 5.8456896973e+02 5.8461499023e+02 5.8465899658e+02 5.8471099854e+02 5.8476702881e+02 5.8482397461e+02 5.8487097168e+02 5.8492401123e+02 5.8497802734e+02 5.8501898193e+02 5.8507397461e+02 5.8514001465e+02 5.8517999268e+02 5.8521697998e+02 5.8527099609e+02 5.8531701660e+02 5.8537298584e+02 5.8541900635e+02 5.8547302246e+02 5.8553497314e+02 5.8557202148e+02 5.8561798096e+02 5.8565600586e+02 5.8570001221e+02 5.8573797607e+02 5.8580603027e+02 5.8585998535e+02 5.8588897705e+02 5.8594299316e+02
5.8359197998e+02 5.8365100098e+02 5.8370898438e+02 5.8376702881e+02 5.8381500244e+02 5.8387799072e+02 5.8392797852e+02 5.8397802734e+02 5.8403900146e+02 5.8409997559e+02 5.8415399170e+02 5.8420001221e+02 5.8427197266e+02 5.8433197021e+02 5.8438098145e+02 5.8443200684e+02 5.8447900391e+02 5.8454699707e+02 5.8460498047e+02 5.8465197754e+02 5.8469201660e+02 5.8474102783e+02 5.8480499268e+02 5.8487097168e+02 5.8492401123e+02 5.8496801758e+02 5.8500299072e+02 5.8506201172e+02 5.8513000488e+02 5.8516601563e+02 5.8520098877e+02 5.8525299072e+02 5.8529498291e+02 5.8535101318e+02 5.8540899658e+02 5.8546398926e+02 5.8551898193e+02 5.8555798340e+02 5.8560699463e+02 5.8565100098e+02 5.8569396973e+02 5.8573199463e+02 5.8580102539e+02 5.8585699463e+02 5.8589300537e+02 5.8594396973e+02
5.8355798340e+02 5.8362298584e+02 5.8367901611e+02 5.8372900391e+02 5.8378002930e+02 5.8384802246e+02 5.8390899658e+02 5.8397399902e+02 5.8402502441e+02 5.8409399414e+02 5.8415197754e+02 5.8419201660e+02 5.8423498535e+02 5.8429199219e+02 5.8435302734e+02 5.8441101074e+02 5.8446697998e+02 5.8452801514e+02 5.8458697510e+02 5.8464202881e+02 5.8468298340e+02 5.8472698975e+02 5.8477899170e+02 5.8484698486e+02 5.8489801025e+02 5.8494299316e+02 5.8499298096e+02 5.8505401611e+02 5.8510797119e+02 5.8514697266e+02 5.8518701172e+02 5.8523699951e+02 5.8528198242e+02 5.8533398438e+02 5.8539202881e+02 5.8544299316e+02 5.8548999023e+02 5.8554602051e+02 5.8560198975e+02 5.8564697266e+02 5.8569299316e+02 5.8572698975e+02 5.8579400635e+02 5.8584802246e+02 5.8588299561e+02 5.8593103027e+02
5.8353399658e+02 5.8359698486e+02 5.8365802002e+02 5.8371002197e+02 5.8376397705e+02 5.8383502197e+02 5.8389599609e+02 5.8395202637e+02 5.8399499512e+02 5.8405798340e+02 5.8414001465e+02 5.8419396973e+02 5.8423199463e+02 5.8428399658e+02 5.8434301758e+02 5.8439697266e+02 5.8445397949e+02 5.8450598145e+02 5.8456799316e+02 5.8463299561e+02 5.8467401123e+02 5.8471197510e+02 5.8475500488e+02 5.8481201172e+02 5.8487902832e+02 5.8493499756e+02 5.8498400879e+02 5.8504302979e+02 5.8508502197e+02 5.8513000488e+02 5.8518499756e+02 5.8523901367e+02 5.8527197266e+02 5.8531597900e+02 5.8537200928e+02 5.8542297363e+02 5.8546899414e+02 5.8552899170e+02 5.8558197021e+02 5.8563201904e+02 5.8568200684e+02 5.8571398926e+02 5.8576702881e+02 5.8581402588e+02 5.8585998535e+02 5.8591699219e+02
5.8351000977e+02 5.8356799316e+02 5.8364501953e+02 5.8369897461e+02 5.8373797607e+02 5.8380798340e+02 5.8386401367e+02 5.8391101074e+02 5.8397198486e+02 5.8402899170e+02 5.8410601807e+02 5.8416198730e+02 5.8422802734e+02 5.8427697754e+02 5.8433502197e+02 5.8438897705e+02 5.8442999268e+02 5.8448699951e+02 5.8454199219e+02 5.8459802246e+02 5.8465502930e+02 5.8470800781e+02 5.8475701904e+02 5.8480200195e+02 5.8486401367e+02 5.8491101074e+02 5.8496099854e+02 5.8502697754e+02 5.8507098389e+02 5.8512597656e+02 5.8516400146e+02 5.8521600342e+02 5.8525402832e+02 5.8530798340e+02 5.8536102295e+02 5.8541497803e+02 5.8546197510e+02 5.8551397705e+02 5.8557397461e+02 5.8563397217e+02 5.8567602539e+02 5.8571197510e+02 5.8576000977e+02 5.8579901123e+02 5.8585498047e+02 5.8591998291e+02
5.8348602295e+02 5.8353900146e+02 5.8361700439e+02 5.8367797852e+02 5.8371197510e+02 5.8377801514e+02 5.8384002686e+02 5.8389398193e+02 5.8395599365e+02 5.8399798584e+02 5.8406701660e+02 5.8413397217e+02 5.8422601318e+02 5.8426702881e+02 5.8431597900e+02 5.8437298584e+02 5.8441302490e+02 5.8448101807e+02 5.8453302002e+02 5.8457299805e+02 5.8463000488e+02 5.8469598389e+02 5.8475000000e+02 5.8478900146e+02 5.8483697510e+02 5.8487298584e+02 5.8492797852e+02 5.8500299072e+02 5.8505401611e+02 5.8511199951e+02 5.8514599609e+02 5.8519097900e+02 5.8523602295e+02 5.8529498291e+02 5.8534301758e+02 5.8540002441e+02 5.8545098877e+02 5.8549200439e+02 5.8555200195e+02 5.8561901855e+02 5.8566900635e+02 5.8571197510e+02 5.8575799561e+02 5.8579302979e+02 5.8584100342e+02 5.8591400146e+02
5.8346099854e+02 5.8351501465e+02 5.8358801270e+02 5.8365899658e+02 5.8369396973e+02 5.8374798584e+02 5.8381097412e+02 5.8387799072e+02 5.8393499756e+02 5.8397998047e+02 5.8404101563e+02 5.8410601807e+02 5.8419097900e+02 5.8424200439e+02 5.8428997803e+02 5.8435101318e+02 5.8440002441e+02 5.8447100830e+02 5.8451898193e+02 5.8454498291e+02 5.8460400391e+02 5.8467602539e+02 5.8473400879e+02 5.8477398682e+02 5.8482000732e+02 5.8485699463e+02 5.8491497803e+02 5.8499102783e+02 5.8503997803e+02 5.8509002686e+02 5.8514001465e+02 5.8518902588e+02 5.8522601318e+02 5.8527197266e+02 5.8531097412e+02 5.8537402344e+02 5.8543402100e+02 5.8547998047e+02 5.8553399658e+02 5.8559497070e+02 5.8565399170e+02 5.8569396973e+02 5.8574902344e+02 5.8579101563e+02 5.8583398438e+02 5.8590502930e+02
5.8344702148e+02 5.8350201416e+02 5.8356799316e+02 5.8363800049e+02 5.8369201660e+02 5.8373400879e+02 5.8379302979e+02 5.8385498047e+02 5.8390698242e+02 5.8396398926e+02 5.8402697754e+02 5.8408502197e+02 5.8412200928e+02 5.8421301270e+02 5.8427301025e+02 5.8432202148e+02 5.8438098145e+02 5.8444500732e+02 5.8449102783e+02 5.8452801514e+02 5.8458898926e+02 5.8464599609e+02 5.8471301270e+02 5.8477099609e+02 5.8481298828e+02 5.8484899902e+02 5.8490502930e+02 5.8496301270e+02 5.8501000977e+02 5.8506896973e+02 5.8513897705e+02 5.8519299316e+02 5.8520898438e+02 5.8524798584e+02 5.8529302979e+02 5.8536401367e+02 5.8542102051e+02 5.8547998047e+02 5.8553802490e+02 5.8558898926e+02 5.8563702393e+02 5.8567797852e+02 5.8573498535e+02 5.8579400635e+02 5.8584600830e+02 5.8590399170e+02
5.8342199707e+02 5.8347998047e+02 5.8354797363e+02 5.8360900879e+02 5.8366400146e+02 5.8372302246e+02 5.8377801514e+02 5.8383300781e+02 5.8389300537e+02 5.8395098877e+02 5.8399700928e+02 5.8405200195e+02 5.8409997559e+02 5.8417297363e+02 5.8424298096e+02 5.8429302979e+02 5.8435699463e+02 5.8442401123e+02 5.8446997070e+02 5.8451501465e+02 5.8457598877e+02 5.8460699463e+02 5.8467901611e+02 5.8475897217e+02 5.8480499268e+02 5.8483697510e+02 5.8490100098e+02 5.8496398926e+02 5.8501800537e+02 5.8506097412e+02 5.8511499023e+02 5.8517401123e+02 5.8520697021e+02 5.8525402832e+02 5.8529998779e+02 5.8536102295e+02 5.8541101074e+02 5.8547802734e+02 5.8554101563e+02 5.8558697510e+02 5.8563299561e+02 5.8566601563e+02 5.8570800781e+02 5.8576898193e+02 5.8583801270e+02 5.8588397217e+02
5.8339697266e+02 5.8345697021e+02 5.8352301025e+02 5.8358099365e+02 5.8363800049e+02 5.8370599365e+02 5.8375701904e+02 5.8381201172e+02 5.8388000488e+02 5.8392797852e+02 5.8396398926e+02 5.8401800537e+02 5.8407800293e+02 5.8413299561e+02 5.8420599365e+02 5.8426702881e+02 5.8432800293e+02 5.8438500977e+02 5.8444500732e+02 5.8450799561e+02 5.8457299805e+02 5.8459497070e+02 5.8464898682e+02 5.8472497559e+02 5.8477600098e+02 5.8482501221e+02 5.8489001465e+02 5.8495501709e+02 5.8501098633e+02 5.8506298828e+02 5.8509997559e+02 5.8515802002e+02 5.8520898438e+02 5.8525500488e+02 5.8529602051e+02 5.8534497070e+02 5.8539300537e+02 5.8546502686e+02 5.8553601074e+02 5.8559002686e+02 5.8563897705e+02 5.8567199707e+02 5.8571099854e+02 5.8577099609e+02 5.8583502197e+02 5.8587097168e+02
5.8337200928e+02 5.8342901611e+02 5.8349902344e+02 5.8356097412e+02 5.8361297607e+02 5.8367901611e+02 5.8373699951e+02 5.8379199219e+02 5.8384698486e+02 5.8389898682e+02 5.8395098877e+02 5.8399401855e+02 5.8404498291e+02 5.8410498047e+02 5.8418298340e+02 5.8424700928e+02 5.8430102539e+02 5.8436102295e+02 5.8442999268e+02 5.8448797607e+02 5.8454797363e+02 5.8459197998e+02 5.8463201904e+02 5.8469299316e+02 5.8474401855e+02 5.8479901123e+02 5.8486798096e+02 5.8492797852e+02 5.8498297119e+02 5.8505499268e+02 5.8509002686e+02 5.8513702393e+02 5.8519097900e+02 5.8524597168e+02 5.8529400635e+02 5.8534197998e+02 5.8538897705e+02 5.8544299316e+02 5.8551098633e+02 5.8557897949e+02 5.8564300537e+02 5.8568701172e+02 5.8572100830e+02 5.8576501465e+02 5.8582098389e+02 5.8586999512e+02
5.8333697510e+02 5.8340301514e+02 5.8347601318e+02 5.8354602051e+02 5.8359399414e+02 5.8365600586e+02 5.8371398926e+02 5.8376702881e+02 5.8381500244e+02 5.8388098145e+02 5.8394500732e+02 5.8398199463e+02 5.8402099609e+02 5.8409002686e+02 5.8416998291e+02 5.8422900391e+02 5.8426300049e+02 5.8434100342e+02 5.8440899658e+02 5.8446301270e+02 5.8452197266e+02 5.8458898926e+02 5.8462200928e+02 5.8467700195e+02 5.8474401855e+02 5.8477801514e+02 5.8484002686e+02 5.8490502930e+02 5.8496997070e+02 5.8503601074e+02 5.8506896973e+02 5.8510498047e+02 5.8515802002e+02 5.8522497559e+02 5.8528900146e+02 5.8534899902e+02 5.8540301514e+02 5.8544000244e+02 5.8549700928e+02 5.8556701660e+02 5.8563500977e+02 5.8568402100e+02 5.8572497559e+02 5.8575799561e+02 5.8578900146e+02 5.8586102295e+02
5.8330200195e+02 5.8337701416e+02 5.8346398926e+02 5.8352899170e+02 5.8356896973e+02 5.8363000488e+02 5.8368597412e+02 5.8374200439e+02 5.8379998779e+02 5.8386199951e+02 5.8390899658e+02 5.8395098877e+02 5.8401397705e+02 5.8406896973e+02 5.8413702393e+02 5.8419799805e+02 5.8423797607e+02 5.8431896973e+02 5.8439001465e+02 5.8444799805e+02 5.8449597168e+02 5.8455999756e+02 5.8461901855e+02 5.8466802979e+02 5.8471899414e+02 5.8476898193e+02 5.8483197021e+02 5.8488201904e+02 5.8492602539e+02 5.8500701904e+02 5.8506097412e+02 5.8510400391e+02 5.8513702393e+02 5.8520202637e+02 5.8527600098e+02 5.8534197998e+02 5.8540002441e+02 5.8545697021e+02 5.8550799561e+02 5.8555603027e+02 5.8562902832e+02 5.8568298340e+02 5.8572100830e+02 5.8575097656e+02 5.8578802490e+02 5.8585699463e+02
5.8328802490e+02 5.8335498047e+02 5.8343402100e+02 5.8350000000e+02 5.8354797363e+02 5.8360400391e+02 5.8365997314e+02 5.8371697998e+02 5.8377398682e+02 5.8382897949e+02 5.8388299561e+02 5.8394000244e+02 5.8400500488e+02 5.8405200195e+02 5.8410900879e+02 5.8416699219e+02 5.8421301270e+02 5.8428802490e+02 5.8435601807e+02 5.8441302490e+02 5.8446398926e+02 5.8452600098e+02 5.8460498047e+02 5.8465301514e+02 5.8469598389e+02 5.8473999023e+02 5.8479699707e+02 5.8485101318e+02 5.8489300537e+02 5.8498602295e+02 5.8504901123e+02 5.8509301758e+02 5.8512799072e+02 5.8518499756e+02 5.8525402832e+02 5.8532702637e+02 5.8539300537e+02 5.8545697021e+02 5.8551397705e+02 5.8555603027e+02 5.8561700439e+02 5.8568701172e+02 5.8573602295e+02 5.8576397705e+02 5.8580297852e+02 5.8585998535e+02
5.8326599121e+02 5.8332098389e+02 5.8339099121e+02 5.8346600342e+02 5.8352099609e+02 5.8357897949e+02 5.8363500977e+02 5.8369097900e+02 5.8374200439e+02 5.8380401611e+02 5.8386798096e+02 5.8392797852e+02 5.8397698975e+02 5.8402899170e+02 5.8409197998e+02 5.8415301514e+02 5.8420098877e+02 5.8425701904e+02 5.8432202148e+02 5.8438397217e+02 5.8443701172e+02 5.8449902344e+02 5.8457299805e+02 5.8462200928e+02 5.8467602539e+02 5.8472998047e+02 5.8478002930e+02 5.8483197021e+02 5.8487298584e+02 5.8494799805e+02 5.8501501465e+02 5.8508099365e+02 5.8513000488e+02 5.8516998291e+02 5.8522497559e+02 5.8530401611e+02 5.8537701416e+02 5.8544097900e+02 5.8551000977e+02 5.8554998779e+02 5.8560198975e+02 5.8567297363e+02 5.8573797607e+02 5.8578497314e+02 5.8581896973e+02 5.8585601807e+02
5.8323498535e+02 5.8329498291e+02 5.8335900879e+02 5.8343200684e+02 5.8348498535e+02 5.8355499268e+02 5.8361401367e+02 5.8366101074e+02 5.8370800781e+02 5.8378100586e+02 5.8384802246e+02 5.8390002441e+02 5.8394201660e+02 5.8400500488e+02 5.8407598877e+02 5.8413702393e+02 5.8418798828e+02 5.8423498535e+02 5.8430798340e+02 5.8437298584e+02 5.8441802979e+02 5.8447900391e+02 5.8454901123e+02 5.8459399414e+02 5.8463800049e+02 5.8470697021e+02 5.8476599121e+02 5.8481500244e+02 5.8485302734e+02 5.8490502930e+02 5.8497100830e+02 5.8504998779e+02 5.8512402344e+02 5.8515698242e+02 5.8521301270e+02 5.8529302979e+02 5.8536602783e+02 5.8543499756e+02 5.8550299072e+02 5.8554797363e+02 5.8560998535e+02 5.8565002441e+02 5.8571099854e+02 5.8578399658e+02 5.8584002686e+02 5.8586798096e+02
5.8320800781e+02 5.8327301025e+02 5.8333197021e+02 5.8339801025e+02 5.8345800781e+02 5.8352801514e+02 5.8359399414e+02 5.8363397217e+02 5.8368402100e+02 5.8374902344e+02 5.8382000732e+02 5.8387597656e+02 5.8392401123e+02 5.8398797607e+02 5.8405200195e+02 5.8410699463e+02 5.8415399170e+02 5.8420501709e+02 5.8427502441e+02 5.8434301758e+02 5.8438500977e+02 5.8443798828e+02 5.8450201416e+02 5.8456896973e+02 5.8463702393e+02 5.8469799805e+02 5.8474200439e+02 5.8478997803e+02 5.8484197998e+02 5.8489001465e+02 5.8494897461e+02 5.8502001953e+02 5.8509698486e+02 5.8515600586e+02 5.8520800781e+02 5.8527398682e+02 5.8533898926e+02 5.8541699219e+02 5.8549102783e+02 5.8555297852e+02 5.8560900879e+02 5.8565002441e+02 5.8571899414e+02 5.8578900146e+02 5.8582299805e+02 5.8585900879e+02
5.8318798828e+02 5.8324798584e+02 5.8330999756e+02 5.8336901855e+02 5.8343103027e+02 5.8348901367e+02 5.8355603027e+02 5.8360998535e+02 5.8365997314e+02 5.8371801758e+02 5.8379302979e+02 5.8385998535e+02 5.8390997314e+02 5.8396600342e+02 5.8402697754e+02 5.8408502197e+02 5.8412701416e+02 5.8418298340e+02 5.8424200439e+02 5.8430798340e+02 5.8435797119e+02 5.8440997314e+02 5.8446801758e+02 5.8453601074e+02 5.8460498047e+02 5.8466900635e+02 5.8472100830e+02 5.8478198242e+02 5.8484002686e+02 5.8488201904e+02 5.8493298340e+02 5.8499798584e+02 5.8507299805e+02 5.8514099121e+02 5.8519500732e+02 5.8525799561e+02 5.8533001709e+02 5.8539697266e+02 5.8547198486e+02 5.8554602051e+02 5.8561199951e+02 5.8565698242e+02 5.8571697998e+02 5.8577801514e+02 5.8581201172e+02 5.8584698486e+02
5.8316998291e+02 5.8322497559e+02 5.8328698730e+02 5.8334197998e+02 5.8340399170e+02 5.8346398926e+02 5.8353002930e+02 5.8359002686e+02 5.8364001465e+02 5.8369299316e+02 5.8376098633e+02 5.8383197021e+02 5.8388800049e+02 5.8394201660e+02 5.8399798584e+02 5.8406597900e+02 5.8410900879e+02 5.8416998291e+02 5.8422198486e+02 5.8428100586e+02 5.8434399414e+02 5.8439599609e+02 5.8445501709e+02 5.8451599121e+02 5.8456896973e+02 5.8463000488e+02 5.8470202637e+02 5.8476800537e+02 5.8482000732e+02 5.8487402344e+02 5.8492901611e+02 5.8498901367e+02 5.8504602051e+02 5.8511297607e+02 5.8517700195e+02 5.8524597168e+02 5.8531896973e+02 5.8537097168e+02 5.8544201660e+02 5.8552001953e+02 5.8560400391e+02 5.8565600586e+02 5.8570397949e+02 5.8575500488e+02 5.8579498291e+02 5.8583300781e+02
