TESTSERVER/2/9.asc
NCOLS 100
NROWS 100
XLLCORNER 7.5997500000e+03
YLLCORNER 2.8950025000e+05
CELLSIZE 5.0000000000e-01
NODATA_VALUE -9.9990000000e+03
[rows 20 to 39 of 100, columns 0 to 45 of 100]
5.8069598389e+02 5.8082098389e+02 5.8094500732e+02 5.8107202148e+02 5.8118597412e+02 5.8130902100e+02 5.8145202637e+02 5.8156097412e+02 5.8163397217e+02 5.8171899414e+02 5.8179101563e+02 5.8184802246e+02 5.8191400146e+02 5.8197998047e+02 5.8204602051e+02 5.8210699463e+02 5.8217602539e+02 5.8225000000e+02 5.8231896973e+02 5.8240301514e+02 5.8246697998e+02 5.8253100586e+02 5.8259399414e+02 5.8266400146e+02 5.8273199463e+02 5.8279602051e+02 5.8285900879e+02 5.8293298340e+02 5.8300598145e+02 5.8308001709e+02 5.8313897705e+02 5.8318200684e+02 5.8325299072e+02 5.8331597900e+02 5.8336901855e+02 5.8341101074e+02 5.8348400879e+02 5.8354901123e+02 5.8360998535e+02 5.8365301514e+02 5.8369500732e+02 5.8374401855e+02 5.8380798340e+02 5.8386999512e+02 5.8392901611e+02 5.8398999023e+02
5.8065698242e+02 5.8078698730e+02 5.8091302490e+02 5.8103997803e+02 5.8116699219e+02 5.8129101563e+02 5.8142602539e+02 5.8152600098e+02 5.8160101318e+02 5.8167901611e+02 5.8174499512e+02 5.8180798340e+02 5.8186700439e+02 5.8193402100e+02 5.8202099609e+02 5.8207897949e+02 5.8214599609e+02 5.8222998047e+02 5.8230798340e+02 5.8238500977e+02 5.8245300293e+02 5.8252801514e+02 5.8258398438e+02 5.8264599609e+02 5.8271002197e+02 5.8278002930e+02 5.8285101318e+02 5.8290502930e+02 5.8296697998e+02 5.8304602051e+02 5.8311999512e+02 5.8316601563e+02 5.8322302246e+02 5.8329699707e+02 5.8336901855e+02 5.8341198730e+02 5.8346600342e+02 5.8351702881e+02 5.8358599854e+02 5.8365002441e+02 5.8369897461e+02 5.8373797607e+02 5.8380401611e+02 5.8386901855e+02 5.8391302490e+02 5.8396398926e+02
5.8059997559e+02 5.8072900391e+02 5.8087902832e+02 5.8102001953e+02 5.8115600586e+02 5.8127001953e+02 5.8138098145e+02 5.8147302246e+02 5.8155499268e+02 5.8163702393e+02 5.8170599365e+02 5.8177502441e+02 5.8183599854e+02 5.8190502930e+02 5.8199401855e+02 5.8205499268e+02 5.8211499023e+02 5.8219702148e+02 5.8227697754e+02 5.8234899902e+02 5.8242401123e+02 5.8250799561e+02 5.8256799316e+02 5.8262402344e+02 5.8269799805e+02 5.8277197266e+02 5.8283898926e+02 5.8289202881e+02 5.8294299316e+02 5.8301300049e+02 5.8307897949e+02 5.8313800049e+02 5.8319799805e+02 5.8327600098e+02 5.8336199951e+02 5.8341497803e+02 5.8346099854e+02 5.8350402832e+02 5.8356799316e+02 5.8362597656e+02 5.8368499756e+02 5.8373297119e+02 5.8379101563e+02 5.8385699463e+02 5.8390997314e+02 5.8396801758e+02
5.8055401611e+02 5.8068298340e+02 5.8083502197e+02 5.8098101807e+02 5.8112200928e+02 5.8123101807e+02 5.8132800293e+02 5.8142297363e+02 5.8150897217e+02 5.8158502197e+02 5.8165600586e+02 5.8172900391e+02 5.8180999756e+02 5.8188000488e+02 5.8195599365e+02 5.8203302002e+02 5.8210101318e+02 5.8217401123e+02 5.8224499512e+02 5.8231896973e+02 5.8239801025e+02 5.8248101807e+02 5.8254602051e+02 5.8260198975e+02 5.8267602539e+02 5.8274902344e+02 5.8282202148e+02 5.8287902832e+02 5.8292901611e+02 5.8298999023e+02 5.8304998779e+02 5.8311901855e+02 5.8318200684e+02 5.8325598145e+02 5.8334197998e+02 5.8340802002e+02 5.8346502686e+02 5.8350201416e+02 5.8355700684e+02 5.8360900879e+02 5.8366998291e+02 5.8372601318e+02 5.8377099609e+02 5.8383502197e+02 5.8389300537e+02 5.8395202637e+02
5.8051098633e+02 5.8064697266e+02 5.8078100586e+02 5.8091900635e+02 5.8106097412e+02 5.8117797852e+02 5.8128399658e+02 5.8138201904e+02 5.8146099854e+02 5.8153900146e+02 5.8161102295e+02 5.8168103027e+02 5.8177197266e+02 5.8185101318e+02 5.8193298340e+02 5.8201000977e+02 5.8208697510e+02 5.8216101074e+02 5.8223101807e+02 5.8229797363e+02 5.8237200928e+02 5.8244299316e+02 5.8252398682e+02 5.8258001709e+02 5.8263897705e+02 5.8271301270e+02 5.8280798340e+02 5.8285601807e+02 5.8291101074e+02 5.8298199463e+02 5.8306799316e+02 5.8312298584e+02 5.8316900635e+02 5.8322399902e+02 5.8331298828e+02 5.8338702393e+02 5.8345202637e+02 5.8349102783e+02 5.8355603027e+02 5.8360797119e+02 5.8367602539e+02 5.8373797607e+02 5.8376702881e+02 5.8381201172e+02 5.8386700439e+02 5.8391497803e+02
5.8045501709e+02 5.8058300781e+02 5.8072900391e+02 5.8086401367e+02 5.8100897217e+02 5.8114099121e+02 5.8123699951e+02 5.8132598877e+02 5.8141802979e+02 5.8150500488e+02 5.8156701660e+02 5.8163800049e+02 5.8173199463e+02 5.8182000732e+02 5.8190301514e+02 5.8197998047e+02 5.8205603027e+02 5.8213201904e+02 5.8220898438e+02 5.8227801514e+02 5.8234899902e+02 5.8241497803e+02 5.8249102783e+02 5.8256097412e+02 5.8262597656e+02 5.8268298340e+02 5.8276397705e+02 5.8283099365e+02 5.8289300537e+02 5.8295501709e+02 5.8303002930e+02 5.8309497070e+02 5.8315002441e+02 5.8320098877e+02 5.8327301025e+02 5.8333898926e+02 5.8340802002e+02 5.8346398926e+02 5.8352502441e+02 5.8358398438e+02 5.8366497803e+02 5.8372497559e+02 5.8376898193e+02 5.8380401611e+02 5.8384301758e+02 5.8389300537e+02
5.8039697266e+02 5.8052301025e+02 5.8067999268e+02 5.8081097412e+02 5.8096197510e+02 5.8110198975e+02 5.8119897461e+02 5.8128497314e+02 5.8138098145e+02 5.8147802734e+02 5.8154400635e+02 5.8161901855e+02 5.8170397949e+02 5.8178900146e+02 5.8187200928e+02 5.8195001221e+02 5.8202600098e+02 5.8210302734e+02 5.8217901611e+02 5.8224401855e+02 5.8232000732e+02 5.8238800049e+02 5.8245501709e+02 5.8254199219e+02 5.8260797119e+02 5.8267102051e+02 5.8274102783e+02 5.8280499268e+02 5.8286602783e+02 5.8293298340e+02 5.8300201416e+02 5.8307897949e+02 5.8314501953e+02 5.8319201660e+02 5.8325500488e+02 5.8330999756e+02 5.8338098145e+02 5.8344396973e+02 5.8350402832e+02 5.8356402588e+02 5.8363000488e+02 5.8369396973e+02 5.8376300049e+02 5.8380499268e+02 5.8384100342e+02 5.8389202881e+02
5.8035601807e+02 5.8048699951e+02 5.8062597656e+02 5.8076098633e+02 5.8090301514e+02 5.8103698730e+02 5.8115698242e+02 5.8124798584e+02 5.8133801270e+02 5.8144500732e+02 5.8152697754e+02 5.8160101318e+02 5.8166900635e+02 5.8174597168e+02 5.8184197998e+02 5.8192102051e+02 5.8199700928e+02 5.8207397461e+02 5.8214697266e+02 5.8220898438e+02 5.8228997803e+02 5.8236602783e+02 5.8242999268e+02 5.8252001953e+02 5.8258697510e+02 5.8266497803e+02 5.8273199463e+02 5.8277801514e+02 5.8283300781e+02 5.8290600586e+02 5.8298101807e+02 5.8306597900e+02 5.8313098145e+02 5.8318103027e+02 5.8325500488e+02 5.8329797363e+02 5.8336798096e+02 5.8342797852e+02 5.8348297119e+02 5.8353698730e+02 5.8359100342e+02 5.8365399170e+02 5.8372399902e+02 5.8377899170e+02 5.8382800293e+02 5.8387597656e+02
5.8031500244e+02 5.8044097900e+02 5.8055999756e+02 5.8070397949e+02 5.8084698486e+02 5.8098400879e+02 5.8111999512e+02 5.8121502686e+02 5.8130102539e+02 5.8140802002e+02 5.8150299072e+02 5.8158197021e+02 5.8164501953e+02 5.8171801758e+02 5.8181201172e+02 5.8189501953e+02 5.8196801758e+02 5.8204400635e+02 5.8212902832e+02 5.8219000244e+02 5.8226501465e+02 5.8234002686e+02 5.8240301514e+02 5.8248602295e+02 5.8256298828e+02 5.8263800049e+02 5.8271197510e+02 5.8276501465e+02 5.8281201172e+02 5.8287402344e+02 5.8296197510e+02 5.8303100586e+02 5.8309100342e+02 5.8315399170e+02 5.8322601318e+02 5.8328497314e+02 5.8335101318e+02 5.8340802002e+02 5.8346197510e+02 5.8351800537e+02 5.8357098389e+02 5.8362298584e+02 5.8367700195e+02 5.8373699951e+02 5.8378997803e+02 5.8384399414e+02
5.8026702881e+02 5.8039898682e+02 5.8052600098e+02 5.8066497803e+02 5.8080603027e+02 5.8094396973e+02 5.8106701660e+02 5.8117901611e+02 5.8127502441e+02 5.8137799072e+02 5.8146899414e+02 5.8155999756e+02 5.8163000488e+02 5.8169799805e+02 5.8178002930e+02 5.8185998535e+02 5.8193902588e+02 5.8202197266e+02 5.8210400391e+02 5.8216101074e+02 5.8222698975e+02 5.8230798340e+02 5.8238299561e+02 5.8245898438e+02 5.8252502441e+02 5.8259899902e+02 5.8268298340e+02 5.8273901367e+02 5.8279797363e+02 5.8287402344e+02 5.8294500732e+02 5.8300201416e+02 5.8306298828e+02 5.8313098145e+02 5.8318298340e+02 5.8324798584e+02 5.8332098389e+02 5.8339099121e+02 5.8345800781e+02 5.8351397705e+02 5.8354998779e+02 5.8359698486e+02 5.8366101074e+02 5.8371997070e+02 5.8377001953e+02 5.8381500244e+02
5.8021502686e+02 5.8034399414e+02 5.8049200439e+02 5.8063299561e+02 5.8075500488e+02 5.8088598633e+02 5.8102801514e+02 5.8116101074e+02 5.8125201416e+02 5.8134698486e+02 5.8143798828e+02 5.8152697754e+02 5.8160797119e+02 5.8167999268e+02 5.8175299072e+02 5.8182598877e+02 5.8191101074e+02 5.8199700928e+02 5.8206896973e+02 5.8213397217e+02 5.8220697021e+02 5.8228198242e+02 5.8234802246e+02 5.8242297363e+02 5.8249200439e+02 5.8256201172e+02 5.8265002441e+02 5.8271197510e+02 5.8276599121e+02 5.8283599854e+02 5.8291400146e+02 5.8297900391e+02 5.8304400635e+02 5.8311199951e+02 5.8316101074e+02 5.8321197510e+02 5.8328601074e+02 5.8335601807e+02 5.8341900635e+02 5.8349102783e+02 5.8353802490e+02 5.8358197021e+02 5.8363800049e+02 5.8370098877e+02 5.8376599121e+02 5.8380999756e+02
5.8016699219e+02 5.8030401611e+02 5.8046197510e+02 5.8060198975e+02 5.8071002197e+02 5.8082598877e+02 5.8098498535e+02 5.8112298584e+02 5.8120800781e+02 5.8130499268e+02 5.8141101074e+02 5.8149499512e+02 5.8157702637e+02 5.8165600586e+02 5.8172497559e+02 5.8179797363e+02 5.8187902832e+02 5.8196398926e+02 5.8203302002e+02 5.8210900879e+02 5.8218597412e+02 5.8225402832e+02 5.8231597900e+02 5.8237500000e+02 5.8245001221e+02 5.8252301025e+02 5.8261499023e+02 5.8268701172e+02 5.8274401855e+02 5.8281201172e+02 5.8288397217e+02 5.8296099854e+02 5.8303302002e+02 5.8309399414e+02 5.8315399170e+02 5.8319396973e+02 5.8325701904e+02 5.8332598877e+02 5.8337799072e+02 5.8345599365e+02 5.8351098633e+02 5.8355200195e+02 5.8360198975e+02 5.8367700195e+02 5.8375701904e+02 5.8381201172e+02
5.8012402344e+02 5.8026702881e+02 5.8043798828e+02 5.8057702637e+02 5.8069000244e+02 5.8080102539e+02 5.8094299316e+02 5.8107202148e+02 5.8115698242e+02 5.8126599121e+02 5.8137500000e+02 5.8146099854e+02 5.8155499268e+02 5.8164099121e+02 5.8169799805e+02 5.8176800537e+02 5.8184600830e+02 5.8192901611e+02 5.8201000977e+02 5.8208398438e+02 5.8215301514e+02 5.8221697998e+02 5.8229699707e+02 5.8235699463e+02 5.8242297363e+02 5.8249499512e+02 5.8258502197e+02 5.8265698242e+02 5.8271899414e+02 5.8278399658e+02 5.8284002686e+02 5.8291900635e+02 5.8298999023e+02 5.8305102539e+02 5.8312402344e+02 5.8318200684e+02 5.8323901367e+02 5.8330200195e+02 5.8336499023e+02 5.8342700195e+02 5.8347497559e+02 5.8351898193e+02 5.8358300781e+02 5.8364898682e+02 5.8372100830e+02 5.8378497314e+02
5.8008099365e+02 5.8023797607e+02 5.8040899658e+02 5.8055297852e+02 5.8066497803e+02 5.8077502441e+02 5.8089202881e+02 5.8102697754e+02 5.8113397217e+02 5.8124298096e+02 5.8134100342e+02 5.8144097900e+02 5.8153900146e+02 5.8161798096e+02 5.8167602539e+02 5.8175000000e+02 5.8182202148e+02 5.8189898682e+02 5.8197802734e+02 5.8204901123e+02 5.8212500000e+02 5.8219201660e+02 5.8226202393e+02 5.8233300781e+02 5.8240301514e+02 5.8247198486e+02 5.8255798340e+02 5.8263897705e+02 5.8270697021e+02 5.8276800537e+02 5.8282202148e+02 5.8290802002e+02 5.8297302246e+02 5.8302697754e+02 5.8309301758e+02 5.8315802002e+02 5.8321997070e+02 5.8328802490e+02 5.8335101318e+02 5.8341101074e+02 5.8346301270e+02 5.8350897217e+02 5.8357000732e+02 5.8362500000e+02 5.8368298340e+02 5.8374298096e+02
5.8002899170e+02 5.8017700195e+02 5.8035101318e+02 5.8052197266e+02 5.8064501953e+02 5.8074902344e+02 5.8085699463e+02 5.8098901367e+02 5.8110498047e+02 5.8121099854e+02 5.8130102539e+02 5.8140399170e+02 5.8150897217e+02 5.8158898926e+02 5.8165301514e+02 5.8172698975e+02 5.8179602051e+02 5.8186700439e+02 5.8193902588e+02 5.8201000977e+02 5.8209197998e+02 5.8216302490e+02 5.8223101807e+02 5.8231097412e+02 5.8238897705e+02 5.8245397949e+02 5.8252899170e+02 5.8260302734e+02 5.8267498779e+02 5.8274700928e+02 5.8280499268e+02 5.8288299561e+02 5.8295001221e+02 5.8300598145e+02 5.8307202148e+02 5.8313397217e+02 5.8319299316e+02 5.8326300049e+02 5.8332598877e+02 5.8338201904e+02 5.8343902588e+02 5.8349597168e+02 5.8355999756e+02 5.8361102295e+02 5.8366198730e+02 5.8372100830e+02
5.7997698975e+02 5.8012701416e+02 5.8030401611e+02 5.8048602295e+02 5.8061999512e+02 5.8072302246e+02 5.8082501221e+02 5.8094201660e+02 5.8105902100e+02 5.8116802979e+02 5.8125799561e+02 5.8136102295e+02 5.8147198486e+02 5.8156097412e+02 5.8162597656e+02 5.8170098877e+02 5.8177099609e+02 5.8184002686e+02 5.8190502930e+02 5.8198602295e+02 5.8207098389e+02 5.8214202881e+02 5.8220501709e+02 5.8228900146e+02 5.8236499023e+02 5.8242199707e+02 5.8249798584e+02 5.8256500244e+02 5.8264001465e+02 5.8271801758e+02 5.8278100586e+02 5.8285400391e+02 5.8293200684e+02 5.8299902344e+02 5.8305902100e+02 5.8310900879e+02 5.8316101074e+02 5.8322497559e+02 5.8329400635e+02 5.8335699463e+02 5.8341900635e+02 5.8348297119e+02 5.8354602051e+02 5.8359802246e+02 5.8365002441e+02 5.8370800781e+02
5.7991998291e+02 5.8008197021e+02 5.8024298096e+02 5.8041601563e+02 5.8056597900e+02 5.8069000244e+02 5.8079602051e+02 5.8090502930e+02 5.8101599121e+02 5.8112500000e+02 5.8121801758e+02 5.8132299805e+02 5.8142797852e+02 5.8152600098e+02 5.8160998535e+02 5.8167999268e+02 5.8174700928e+02 5.8182299805e+02 5.8188500977e+02 5.8196099854e+02 5.8204602051e+02 5.8211602783e+02 5.8218200684e+02 5.8225799561e+02 5.8232800293e+02 5.8239501953e+02 5.8247998047e+02 5.8253997803e+02 5.8262597656e+02 5.8270898438e+02 5.8277001953e+02 5.8282702637e+02 5.8290698242e+02 5.8297900391e+02 5.8302099609e+02 5.8307397461e+02 5.8313897705e+02 5.8320800781e+02 5.8326397705e+02 5.8332202148e+02 5.8339099121e+02 5.8345300293e+02 5.8352301025e+02 5.8358801270e+02 5.8364398193e+02 5.8369799805e+02
5.7987402344e+02 5.8003302002e+02 5.8018597412e+02 5.8035302734e+02 5.8051098633e+02 5.8064501953e+02 5.8075598145e+02 5.8086401367e+02 5.8096997070e+02 5.8108300781e+02 5.8117797852e+02 5.8128497314e+02 5.8138598633e+02 5.8148101807e+02 5.8156896973e+02 5.8165899658e+02 5.8172900391e+02 5.8180102539e+02 5.8186602783e+02 5.8193701172e+02 5.8200701904e+02 5.8207397461e+02 5.8215502930e+02 5.8223101807e+02 5.8229901123e+02 5.8236602783e+02 5.8245202637e+02 5.8250701904e+02 5.8258801270e+02 5.8267498779e+02 5.8273797607e+02 5.8279602051e+02 5.8286602783e+02 5.8293499756e+02 5.8298901367e+02 5.8304797363e+02 5.8310900879e+02 5.8316601563e+02 5.8321600342e+02 5.8328900146e+02 5.8336297607e+02 5.8341998291e+02 5.8348699951e+02 5.8355200195e+02 5.8360601807e+02 5.8365997314e+02
5.7983300781e+02 5.7998901367e+02 5.8014801025e+02 5.8031097412e+02 5.8045501709e+02 5.8058898926e+02 5.8071398926e+02 5.8081701660e+02 5.8092401123e+02 5.8103497314e+02 5.8113098145e+02 5.8123199463e+02 5.8134197998e+02 5.8144598389e+02 5.8154302979e+02 5.8164801025e+02 5.8171997070e+02 5.8177801514e+02 5.8183099365e+02 5.8190100098e+02 5.8197399902e+02 5.8204901123e+02 5.8212799072e+02 5.8220202637e+02 5.8227301025e+02 5.8234100342e+02 5.8241900635e+02 5.8247698975e+02 5.8255999756e+02 5.8264898682e+02 5.8271600342e+02 5.8278399658e+02 5.8284497070e+02 5.8290399170e+02 5.8296398926e+02 5.8302398682e+02 5.8307800293e+02 5.8313897705e+02 5.8320001221e+02 5.8326800537e+02 5.8333801270e+02 5.8339501953e+02 5.8345098877e+02 5.8351800537e+02 5.8358300781e+02 5.8363800049e+02
5.7978698730e+02 5.7994201660e+02 5.8011102295e+02 5.8027398682e+02 5.8040802002e+02 5.8054199219e+02 5.8067498779e+02 5.8076702881e+02 5.8086499023e+02 5.8097399902e+02 5.8107897949e+02 5.8117901611e+02 5.8129302979e+02 5.8140197754e+02 5.8151000977e+02 5.8161499023e+02 5.8169702148e+02 5.8175500488e+02 5.8180798340e+02 5.8187902832e+02 5.8195202637e+02 5.8202398682e+02 5.8209802246e+02 5.8217498779e+02 5.8224499512e+02 5.8231201172e+02 5.8238598633e+02 5.8245397949e+02 5.8254101563e+02 5.8263000488e+02 5.8270098877e+02 5.8277398682e+02 5.8282397461e+02 5.8286999512e+02 5.8292797852e+02 5.8299700928e+02 5.8305798340e+02 5.8311999512e+02 5.8318701172e+02 5.8324298096e+02 5.8330603027e+02 5.8336798096e+02 5.8342602539e+02 5.8349200439e+02 5.8355999756e+02 5.8361499023e+02
