TESTSERVER/0/0.asc
NCOLS 100
NROWS 100
XLLCORNER 7.4997500000e+03
YLLCORNER 2.8995025000e+05
CELLSIZE 5.0000000000e-01
NODATA_VALUE -9.9990000000e+03
[rows 20 to 39 of 100, columns 46 to 91 of 100]
6.4417297363e+02 6.4423199463e+02 6.4433599854e+02 6.4446002197e+02 6.4456500244e+02 6.4447900391e+02 6.4437597656e+02 6.4423901367e+02 6.4412097168e+02 6.4399798584e+02 6.4381402588e+02 6.4370898438e+02 6.4377197266e+02 6.4382598877e+02 6.4383001709e+02 6.4380700684e+02 6.4377301025e+02 6.4375402832e+02 6.4376599121e+02 6.4381097412e+02 6.4390698242e+02 6.4395098877e+02 6.4391802979e+02 6.4381298828e+02 6.4367102051e+02 6.4353002930e+02 6.4341497803e+02 6.4332702637e+02 6.4328302002e+02 6.4329302979e+02 6.4330700684e+02 6.4329901123e+02 6.4326098633e+02 6.4322399902e+02 6.4317999268e+02 6.4315600586e+02 6.4318499756e+02 6.4326898193e+02 6.4331500244e+02 6.4332800293e+02 6.4332299805e+02 6.4326000977e+02 6.4310198975e+02 6.4296899414e+02 6.4293798828e+02 6.4302001953e+02
6.4416998291e+02 6.4417498779e+02 6.4423297119e+02 6.4434301758e+02 6.4445001221e+02 6.4441198730e+02 6.4433599854e+02 6.4422900391e+02 6.4412097168e+02 6.4401800537e+02 6.4384497070e+02 6.4374798584e+02 6.4382800293e+02 6.4389202881e+02 6.4390399170e+02 6.4388000488e+02 6.4384399414e+02 6.4383300781e+02 6.4384698486e+02 6.4389001465e+02 6.4397497559e+02 6.4405700684e+02 6.4405999756e+02 6.4399597168e+02 6.4387902832e+02 6.4375701904e+02 6.4364501953e+02 6.4354998779e+02 6.4346899414e+02 6.4342602539e+02 6.4341198730e+02 6.4340197754e+02 6.4338598633e+02 6.4337298584e+02 6.4336102295e+02 6.4334802246e+02 6.4336602783e+02 6.4342700195e+02 6.4345300293e+02 6.4345599365e+02 6.4346301270e+02 6.4343499756e+02 6.4334600830e+02 6.4327099609e+02 6.4325000000e+02 6.4326300049e+02
6.4421398926e+02 6.4421697998e+02 6.4421899414e+02 6.4426702881e+02 6.4434301758e+02 6.4436297607e+02 6.4433898926e+02 6.4427099609e+02 6.4418200684e+02 6.4407299805e+02 6.4389001465e+02 6.4378497314e+02 6.4386199951e+02 6.4393902588e+02 6.4396697998e+02 6.4395501709e+02 6.4392102051e+02 6.4390698242e+02 6.4391802979e+02 6.4395098877e+02 6.4401501465e+02 6.4410101318e+02 6.4413201904e+02 6.4410601807e+02 6.4402502441e+02 6.4392797852e+02 6.4383001709e+02 6.4374102783e+02 6.4365100098e+02 6.4358502197e+02 6.4356201172e+02 6.4355401611e+02 6.4355297852e+02 6.4356402588e+02 6.4357098389e+02 6.4356201172e+02 6.4356799316e+02 6.4361297607e+02 6.4363397217e+02 6.4363897705e+02 6.4364202881e+02 6.4363098145e+02 6.4360101318e+02 6.4357000732e+02 6.4353302002e+02 6.4347698975e+02
6.4424102783e+02 6.4424200439e+02 6.4420697021e+02 6.4420800781e+02 6.4424700928e+02 6.4430603027e+02 6.4434301758e+02 6.4432202148e+02 6.4425097656e+02 6.4412097168e+02 6.4392797852e+02 6.4381597900e+02 6.4388000488e+02 6.4398101807e+02 6.4402801514e+02 6.4403399658e+02 6.4400701904e+02 6.4399102783e+02 6.4399597168e+02 6.4401702881e+02 6.4405102539e+02 6.4411798096e+02 6.4415997314e+02 6.4415997314e+02 6.4411700439e+02 6.4405200195e+02 6.4397698975e+02 6.4390002441e+02 6.4382000732e+02 6.4375598145e+02 6.4373297119e+02 6.4373400879e+02 6.4375500488e+02 6.4379400635e+02 6.4381097412e+02 6.4379797363e+02 6.4378900146e+02 6.4382299805e+02 6.4383502197e+02 6.4384002686e+02 6.4384698486e+02 6.4384497070e+02 6.4382702637e+02 6.4378302002e+02 6.4369500732e+02 6.4358801270e+02
6.4419396973e+02 6.4418298340e+02 6.4414501953e+02 6.4413299561e+02 6.4415100098e+02 6.4419201660e+02 6.4426202393e+02 6.4429302979e+02 6.4423999023e+02 6.4413702393e+02 6.4396600342e+02 6.4385998535e+02 6.4393103027e+02 6.4403802490e+02 6.4409899902e+02 6.4412597656e+02 6.4412902832e+02 6.4411700439e+02 6.4411798096e+02 6.4412097168e+02 6.4413897705e+02 6.4416601563e+02 6.4419500732e+02 6.4419897461e+02 6.4416802979e+02 6.4414398193e+02 6.4409600830e+02 6.4403997803e+02 6.4397302246e+02 6.4392401123e+02 6.4391302490e+02 6.4392999268e+02 6.4397698975e+02 6.4403002930e+02 6.4405902100e+02 6.4405401611e+02 6.4405200195e+02 6.4403002930e+02 6.4401702881e+02 6.4401202393e+02 6.4403100586e+02 6.4399700928e+02 6.4394201660e+02 6.4384197998e+02 6.4369598389e+02 6.4354901123e+02
6.4414599609e+02 6.4414099121e+02 6.4410699463e+02 6.4407702637e+02 6.4407702637e+02 6.4410601807e+02 6.4417199707e+02 6.4422698975e+02 6.4421801758e+02 6.4413500977e+02 6.4400598145e+02 6.4393103027e+02 6.4400598145e+02 6.4412597656e+02 6.4419201660e+02 6.4423199463e+02 6.4425402832e+02 6.4427697754e+02 6.4428198242e+02 6.4428100586e+02 6.4426501465e+02 6.4427502441e+02 6.4428997803e+02 6.4428900146e+02 6.4428997803e+02 6.4428601074e+02 6.4425299072e+02 6.4421301270e+02 6.4414599609e+02 6.4409997559e+02 6.4410498047e+02 6.4413897705e+02 6.4418798828e+02 6.4425299072e+02 6.4430798340e+02 6.4432397461e+02 6.4429199219e+02 6.4424200439e+02 6.4416497803e+02 6.4408099365e+02 6.4402398682e+02 6.4396502686e+02 6.4386401367e+02 6.4371099854e+02 6.4355603027e+02 6.4339202881e+02
6.4411499023e+02 6.4414599609e+02 6.4412402344e+02 6.4408099365e+02 6.4406701660e+02 6.4409600830e+02 6.4414001465e+02 6.4418103027e+02 6.4419396973e+02 6.4414300537e+02 6.4406097412e+02 6.4403002930e+02 6.4410302734e+02 6.4421502686e+02 6.4429901123e+02 6.4435601807e+02 6.4439697266e+02 6.4443597412e+02 6.4445001221e+02 6.4445300293e+02 6.4442901611e+02 6.4442297363e+02 6.4442797852e+02 6.4442199707e+02 6.4443103027e+02 6.4444396973e+02 6.4442199707e+02 6.4439202881e+02 6.4433398438e+02 6.4429901123e+02 6.4430700684e+02 6.4433898926e+02 6.4439599609e+02 6.4447601318e+02 6.4452099609e+02 6.4451098633e+02 6.4444897461e+02 6.4435101318e+02 6.4419897461e+02 6.4402899170e+02 6.4387500000e+02 6.4375701904e+02 6.4363299561e+02 6.4346197510e+02 6.4328497314e+02 6.4308001709e+02
6.4409802246e+02 6.4414801025e+02 6.4413702393e+02 6.4409301758e+02 6.4406597900e+02 6.4408599854e+02 6.4413098145e+02 6.4417498779e+02 6.4420001221e+02 6.4415997314e+02 6.4410998535e+02 6.4411499023e+02 6.4418902588e+02 6.4430200195e+02 6.4440698242e+02 6.4448498535e+02 6.4454797363e+02 6.4460101318e+02 6.4462597656e+02 6.4463397217e+02 6.4461602783e+02 6.4460797119e+02 6.4460198975e+02 6.4458801270e+02 6.4458398438e+02 6.4459497070e+02 6.4458099365e+02 6.4456097412e+02 6.4452600098e+02 6.4450097656e+02 6.4449700928e+02 6.4451098633e+02 6.4455999756e+02 6.4462500000e+02 6.4463098145e+02 6.4457098389e+02 6.4445800781e+02 6.4430499268e+02 6.4409600830e+02 6.4386602783e+02 6.4364202881e+02 6.4349200439e+02 6.4337200928e+02 6.4321099854e+02 6.4304302979e+02 6.4286297607e+02
6.4411499023e+02 6.4414898682e+02 6.4413201904e+02 6.4408599854e+02 6.4405999756e+02 6.4408898926e+02 6.4417700195e+02 6.4425299072e+02 6.4423901367e+02 6.4417102051e+02 6.4412402344e+02 6.4415002441e+02 6.4423699951e+02 6.4437701416e+02 6.4450500488e+02 6.4461297607e+02 6.4470800781e+02 6.4476202393e+02 6.4479400635e+02 6.4480999756e+02 6.4483801270e+02 6.4480902100e+02 6.4479101563e+02 6.4476898193e+02 6.4474902344e+02 6.4472497559e+02 6.4472399902e+02 6.4473101807e+02 6.4477801514e+02 6.4471099854e+02 6.4468298340e+02 6.4465899658e+02 6.4466198730e+02 6.4462298584e+02 6.4456201172e+02 6.4444500732e+02 6.4426098633e+02 6.4408099365e+02 6.4386401367e+02 6.4364202881e+02 6.4344299316e+02 6.4332098389e+02 6.4321197510e+02 6.4306896973e+02 6.4292901611e+02 6.4283898926e+02
6.4407800293e+02 6.4414099121e+02 6.4412402344e+02 6.4408502197e+02 6.4408599854e+02 6.4414801025e+02 6.4423199463e+02 6.4427301025e+02 6.4423699951e+02 6.4415802002e+02 6.4412298584e+02 6.4417199707e+02 6.4427301025e+02 6.4442602539e+02 6.4458502197e+02 6.4472497559e+02 6.4484600830e+02 6.4492602539e+02 6.4495800781e+02 6.4497802734e+02 6.4500201416e+02 6.4499798584e+02 6.4497302246e+02 6.4492700195e+02 6.4486700439e+02 6.4483898926e+02 6.4483898926e+02 6.4485101318e+02 6.4486602783e+02 6.4482501221e+02 6.4474902344e+02 6.4465399170e+02 6.4453698730e+02 6.4442102051e+02 6.4430603027e+02 6.4415301514e+02 6.4395202637e+02 6.4375299072e+02 6.4359197998e+02 6.4345098877e+02 6.4332702637e+02 6.4323498535e+02 6.4314697266e+02 6.4304797363e+02 6.4296899414e+02 6.4288299561e+02
6.4391101074e+02 6.4401202393e+02 6.4404998779e+02 6.4406597900e+02 6.4412097168e+02 6.4419000244e+02 6.4423498535e+02 6.4423901367e+02 6.4422698975e+02 6.4417602539e+02 6.4414898682e+02 6.4419396973e+02 6.4431701660e+02 6.4449798584e+02 6.4468402100e+02 6.4484002686e+02 6.4495202637e+02 6.4501300049e+02 6.4502899170e+02 6.4503497314e+02 6.4505999756e+02 6.4508099365e+02 6.4506201172e+02 6.4500402832e+02 6.4491497803e+02 6.4485699463e+02 6.4483001709e+02 6.4481402588e+02 6.4480200195e+02 6.4470898438e+02 6.4457397461e+02 6.4442901611e+02 6.4428497314e+02 6.4415100098e+02 6.4402001953e+02 6.4386700439e+02 6.4368298340e+02 6.4351898193e+02 6.4341699219e+02 6.4334497070e+02 6.4328399658e+02 6.4322100830e+02 6.4318402100e+02 6.4314202881e+02 6.4309698486e+02 6.4309698486e+02
6.4372698975e+02 6.4385601807e+02 6.4396099854e+02 6.4404199219e+02 6.4412402344e+02 6.4415698242e+02 6.4416400146e+02 6.4415997314e+02 6.4419201660e+02 6.4422497559e+02 6.4421301270e+02 6.4424102783e+02 6.4437200928e+02 6.4457598877e+02 6.4477398682e+02 6.4492401123e+02 6.4499700928e+02 6.4501000977e+02 6.4499597168e+02 6.4497900391e+02 6.4499102783e+02 6.4502099609e+02 6.4501397705e+02 6.4495898438e+02 6.4486700439e+02 6.4477600098e+02 6.4470898438e+02 6.4465802002e+02 6.4460400391e+02 6.4444201660e+02 6.4427301025e+02 6.4411901855e+02 6.4400799561e+02 6.4390197754e+02 6.4378802490e+02 6.4366400146e+02 6.4352801514e+02 6.4342797852e+02 6.4338201904e+02 6.4336401367e+02 6.4333398438e+02 6.4332598877e+02 6.4336102295e+02 6.4338098145e+02 6.4338000488e+02 6.4344702148e+02
6.4361401367e+02 6.4373498535e+02 6.4386401367e+02 6.4398400879e+02 6.4408197021e+02 6.4409698486e+02 6.4410601807e+02 6.4412298584e+02 6.4417102051e+02 6.4425097656e+02 6.4427398682e+02 6.4428698730e+02 6.4439398193e+02 6.4462701416e+02 6.4483001709e+02 6.4494598389e+02 6.4495898438e+02 6.4491497803e+02 6.4485797119e+02 6.4481701660e+02 6.4479998779e+02 6.4483197021e+02 6.4483502197e+02 6.4479199219e+02 6.4469000244e+02 6.4459600830e+02 6.4450402832e+02 6.4442102051e+02 6.4427001953e+02 6.4413397217e+02 6.4398797607e+02 6.4387097168e+02 6.4379199219e+02 6.4375598145e+02 6.4367700195e+02 6.4358697510e+02 6.4349902344e+02 6.4346801758e+02 6.4346398926e+02 6.4347601318e+02 6.4349700928e+02 6.4354901123e+02 6.4363397217e+02 6.4369799805e+02 6.4374102783e+02 6.4376202393e+02
6.4357000732e+02 6.4364697266e+02 6.4376098633e+02 6.4389898682e+02 6.4402099609e+02 6.4409100342e+02 6.4411297607e+02 6.4412298584e+02 6.4414398193e+02 6.4419000244e+02 6.4421801758e+02 6.4425402832e+02 6.4436401367e+02 6.4459301758e+02 6.4477197266e+02 6.4481701660e+02 6.4478302002e+02 6.4474200439e+02 6.4469000244e+02 6.4464599609e+02 6.4462402344e+02 6.4460699463e+02 6.4458099365e+02 6.4452697754e+02 6.4444000244e+02 6.4433300781e+02 6.4423400879e+02 6.4414398193e+02 6.4404699707e+02 6.4395202637e+02 6.4387298584e+02 6.4382098389e+02 6.4378497314e+02 6.4374902344e+02 6.4370501709e+02 6.4365899658e+02 6.4364099121e+02 6.4364300537e+02 6.4367797852e+02 6.4373400879e+02 6.4378997803e+02 6.4390899658e+02 6.4399298096e+02 6.4402197266e+02 6.4400799561e+02 6.4396997070e+02
6.4360601807e+02 6.4363800049e+02 6.4371099854e+02 6.4382202148e+02 6.4393798828e+02 6.4402899170e+02 6.4408599854e+02 6.4411901855e+02 6.4414599609e+02 6.4418200684e+02 6.4420098877e+02 6.4422399902e+02 6.4432000732e+02 6.4451800537e+02 6.4464300537e+02 6.4464300537e+02 6.4459698486e+02 6.4458599854e+02 6.4456201172e+02 6.4452502441e+02 6.4448400879e+02 6.4442797852e+02 6.4436901855e+02 6.4429400635e+02 6.4421099854e+02 6.4412097168e+02 6.4404498291e+02 6.4398999023e+02 6.4394598389e+02 6.4390600586e+02 6.4388897705e+02 6.4390002441e+02 6.4392498779e+02 6.4393499756e+02 6.4393103027e+02 6.4392401123e+02 6.4394201660e+02 6.4396600342e+02 6.4400500488e+02 6.4405297852e+02 6.4410900879e+02 6.4423297119e+02 6.4427697754e+02 6.4422998047e+02 6.4411901855e+02 6.4402099609e+02
6.4371997070e+02 6.4371301270e+02 6.4373797607e+02 6.4379998779e+02 6.4389001465e+02 6.4397302246e+02 6.4404400635e+02 6.4410101318e+02 6.4414801025e+02 6.4419299316e+02 6.4421398926e+02 6.4422497559e+02 6.4429199219e+02 6.4442999268e+02 6.4449902344e+02 6.4448498535e+02 6.4446002197e+02 6.4447900391e+02 6.4447601318e+02 6.4444201660e+02 6.4438702393e+02 6.4433300781e+02 6.4427001953e+02 6.4418902588e+02 6.4409802246e+02 6.4404302979e+02 6.4401599121e+02 6.4401202393e+02 6.4400701904e+02 6.4401000977e+02 6.4404602051e+02 6.4410900879e+02 6.4417999268e+02 6.4423797607e+02 6.4426800537e+02 6.4428302002e+02 6.4430603027e+02 6.4432098389e+02 6.4432800293e+02 6.4433300781e+02 6.4434698486e+02 6.4440399170e+02 6.4438397217e+02 6.4427600098e+02 6.4412200928e+02 6.4400402832e+02
6.4384899902e+02 6.4383300781e+02 6.4384002686e+02 6.4387298584e+02 6.4391601563e+02 6.4397998047e+02 6.4403002930e+02 6.4407501221e+02 6.4411999512e+02 6.4416601563e+02 6.4420001221e+02 6.4422900391e+02 6.4428601074e+02 6.4434802246e+02 6.4437298584e+02 6.4437200928e+02 6.4439300537e+02 6.4442498779e+02 6.4442297363e+02 6.4438098145e+02 6.4432501221e+02 6.4431201172e+02 6.4427197266e+02 6.4420001221e+02 6.4410400391e+02 6.4408697510e+02 6.4411199951e+02 6.4416302490e+02 6.4422998047e+02 6.4427197266e+02 6.4433801270e+02 6.4441101074e+02 6.4450201416e+02 6.4455297852e+02 6.4459002686e+02 6.4460198975e+02 6.4458599854e+02 6.4454602051e+02 6.4450598145e+02 6.4447302246e+02 6.4443103027e+02 6.4441198730e+02 6.4435198975e+02 6.4424200439e+02 6.4413000488e+02 6.4399798584e+02
6.4389300537e+02 6.4394702148e+02 6.4395898438e+02 6.4396197510e+02 6.4396697998e+02 6.4400402832e+02 6.4403302002e+02 6.4407000732e+02 6.4411199951e+02 6.4414501953e+02 6.4417498779e+02 6.4421398926e+02 6.4426501465e+02 6.4431402588e+02 6.4434301758e+02 6.4435699463e+02 6.4437298584e+02 6.4438800049e+02 6.4438098145e+02 6.4435400391e+02 6.4432000732e+02 6.4430200195e+02 6.4426098633e+02 6.4420898438e+02 6.4416497803e+02 6.4420697021e+02 6.4429498291e+02 6.4439599609e+02 6.4448797607e+02 6.4456402588e+02 6.4461297607e+02 6.4464898682e+02 6.4468597412e+02 6.4472698975e+02 6.4473101807e+02 6.4470697021e+02 6.4465899658e+02 6.4458197021e+02 6.4453198242e+02 6.4449597168e+02 6.4446197510e+02 6.4437097168e+02 6.4425500488e+02 6.4413000488e+02 6.4398498535e+02 6.4384600830e+02
6.4388299561e+02 6.4398999023e+02 6.4401501465e+02 6.4401202393e+02 6.4403399658e+02 6.4407098389e+02 6.4408099365e+02 6.4410302734e+02 6.4412799072e+02 6.4414001465e+02 6.4415899658e+02 6.4419500732e+02 6.4425598145e+02 6.4430401611e+02 6.4434002686e+02 6.4435699463e+02 6.4436102295e+02 6.4435998535e+02 6.4435400391e+02 6.4434301758e+02 6.4433197021e+02 6.4431298828e+02 6.4428497314e+02 6.4427398682e+02 6.4430401611e+02 6.4443298340e+02 6.4455798340e+02 6.4464898682e+02 6.4469299316e+02 6.4473297119e+02 6.4475500488e+02 6.4475897217e+02 6.4476702881e+02 6.4478900146e+02 6.4477099609e+02 6.4472399902e+02 6.4464398193e+02 6.4455700684e+02 6.4450000000e+02 6.4445397949e+02 6.4440600586e+02 6.4426501465e+02 6.4411798096e+02 6.4398901367e+02 6.4385101318e+02 6.4373602295e+02
6.4400897217e+02 6.4404400635e+02 6.4404302979e+02 6.4403900146e+02 6.4409197998e+02 6.4413897705e+02 6.4415301514e+02 6.4416802979e+02 6.4416699219e+02 6.4416302490e+02 6.4417999268e+02 6.4420599365e+02 6.4425897217e+02 6.4430200195e+02 6.4433801270e+02 6.4435498047e+02 6.4434997559e+02 6.4434698486e+02 6.4434899902e+02 6.4435302734e+02 6.4435900879e+02 6.4435302734e+02 6.4435302734e+02 6.4438702393e+02 6.4447302246e+02 6.4465100098e+02 6.4477099609e+02 6.4481402588e+02 6.4478698730e+02 6.4478698730e+02 6.4477899170e+02 6.4475701904e+02 6.4475097656e+02 6.4476098633e+02 6.4472698975e+02 6.4466497803e+02 6.4456298828e+02 6.4446801758e+02 6.4440997314e+02 6.4435797119e+02 6.4428601074e+02 6.4414398193e+02 6.4401501465e+02 6.4391101074e+02 6.4381201172e+02 6.4375598145e+02
