TESTSERVER/0/0.asc
NCOLS 100
NROWS 100
XLLCORNER 7.4997500000e+03
YLLCORNER 2.8995025000e+05
CELLSIZE 5.0000000000e-01
NODATA_VALUE -9.9990000000e+03
[rows 80 to 99 of 100, columns 0 to 45 of 100]
6.3646697998e+02 6.3659899902e+02 6.3656201172e+02 6.3654901123e+02 6.3659698486e+02 6.3662500000e+02 6.3661297607e+02 6.3665399170e+02 6.3670898438e+02 6.3676702881e+02 6.3684197998e+02 6.3689898682e+02 6.3696301270e+02 6.3701702881e+02 6.3703601074e+02 6.3701800537e+02 6.3703198242e+02 6.3711199951e+02 6.3723297119e+02 6.3728497314e+02 6.3732598877e+02 6.3738000488e+02 6.3742602539e+02 6.3745300293e+02 6.3747497559e+02 6.3749902344e+02 6.3753100586e+02 6.3757000732e+02 6.3761798096e+02 6.3765600586e+02 6.3767102051e+02 6.3768402100e+02 6.3773199463e+02 6.3779302979e+02 6.3785400391e+02 6.3790002441e+02 6.3794897461e+02 6.3798999023e+02 6.3801202393e+02 6.3805700684e+02 6.3811499023e+02 6.3817999268e+02 6.3823199463e+02 6.3823699951e+02 6.3826599121e+02 6.3830401611e+02
6.3651702881e+02 6.3670098877e+02 6.3673901367e+02 6.3666998291e+02 6.3664697266e+02 6.3666198730e+02 6.3663800049e+02 6.3662298584e+02 6.3663702393e+02 6.3668402100e+02 6.3677301025e+02 6.3685101318e+02 6.3696099854e+02 6.3704901123e+02 6.3706597900e+02 6.3704101563e+02 6.3702197266e+02 6.3705700684e+02 6.3714501953e+02 6.3720397949e+02 6.3724798584e+02 6.3730401611e+02 6.3736602783e+02 6.3744299316e+02 6.3749401855e+02 6.3752899170e+02 6.3756500244e+02 6.3759600830e+02 6.3763299561e+02 6.3766900635e+02 6.3769299316e+02 6.3770898438e+02 6.3775701904e+02 6.3780902100e+02 6.3785400391e+02 6.3788098145e+02 6.3792297363e+02 6.3796899414e+02 6.3801898193e+02 6.3807598877e+02 6.3812500000e+02 6.3817102051e+02 6.3820098877e+02 6.3821301270e+02 6.3824798584e+02 6.3829797363e+02
6.3652600098e+02 6.3670697021e+02 6.3677801514e+02 6.3671899414e+02 6.3669702148e+02 6.3672302246e+02 6.3669799805e+02 6.3666198730e+02 6.3668103027e+02 6.3671502686e+02 6.3673498535e+02 6.3682299805e+02 6.3694396973e+02 6.3703900146e+02 6.3709399414e+02 6.3709802246e+02 6.3706298828e+02 6.3705200195e+02 6.3708697510e+02 6.3712097168e+02 6.3716198730e+02 6.3722198486e+02 6.3728002930e+02 6.3733898926e+02 6.3739202881e+02 6.3745697021e+02 6.3754797363e+02 6.3761199951e+02 6.3765698242e+02 6.3769702148e+02 6.3772399902e+02 6.3773901367e+02 6.3778100586e+02 6.3782702637e+02 6.3787097168e+02 6.3790100098e+02 6.3793103027e+02 6.3797100830e+02 6.3802801514e+02 6.3807501221e+02 6.3811102295e+02 6.3814697266e+02 6.3818200684e+02 6.3821301270e+02 6.3825897217e+02 6.3831799316e+02
6.3651898193e+02 6.3667602539e+02 6.3669000244e+02 6.3663500977e+02 6.3668597412e+02 6.3678601074e+02 6.3674401855e+02 6.3665899658e+02 6.3668402100e+02 6.3673797607e+02 6.3670697021e+02 6.3681298828e+02 6.3693200684e+02 6.3702600098e+02 6.3711901855e+02 6.3716101074e+02 6.3713500977e+02 6.3709399414e+02 6.3707501221e+02 6.3706896973e+02 6.3710302734e+02 6.3716699219e+02 6.3723297119e+02 6.3725299072e+02 6.3726501465e+02 6.3732397461e+02 6.3745001221e+02 6.3755798340e+02 6.3763897705e+02 6.3770202637e+02 6.3773400879e+02 6.3776098633e+02 6.3780401611e+02 6.3784497070e+02 6.3788500977e+02 6.3791900635e+02 6.3795599365e+02 6.3800402832e+02 6.3805401611e+02 6.3807800293e+02 6.3810302734e+02 6.3813299561e+02 6.3817602539e+02 6.3821899414e+02 6.3827197266e+02 6.3833300781e+02
6.3641302490e+02 6.3651702881e+02 6.3656701660e+02 6.3655798340e+02 6.3667797852e+02 6.3682501221e+02 6.3679400635e+02 6.3664001465e+02 6.3662597656e+02 6.3666802979e+02 6.3665600586e+02 6.3678601074e+02 6.3690197754e+02 6.3699597168e+02 6.3711602783e+02 6.3718499756e+02 6.3718200684e+02 6.3713397217e+02 6.3708898926e+02 6.3708001709e+02 6.3709997559e+02 6.3714599609e+02 6.3719799805e+02 6.3721600342e+02 6.3721197510e+02 6.3724102783e+02 6.3732299805e+02 6.3744000244e+02 6.3754699707e+02 6.3762799072e+02 6.3767498779e+02 6.3775299072e+02 6.3782202148e+02 6.3787200928e+02 6.3791101074e+02 6.3793701172e+02 6.3798199463e+02 6.3803900146e+02 6.3809301758e+02 6.3810400391e+02 6.3811901855e+02 6.3814202881e+02 6.3817498779e+02 6.3821600342e+02 6.3826898193e+02 6.3832702637e+02
6.3629498291e+02 6.3636199951e+02 6.3641302490e+02 6.3644396973e+02 6.3655902100e+02 6.3668200684e+02 6.3674200439e+02 6.3667700195e+02 6.3665301514e+02 6.3663299561e+02 6.3665002441e+02 6.3678002930e+02 6.3689202881e+02 6.3695898438e+02 6.3705200195e+02 6.3714697266e+02 6.3717297363e+02 6.3715301514e+02 6.3712597656e+02 6.3712701416e+02 6.3712097168e+02 6.3712298584e+02 6.3714501953e+02 6.3715600586e+02 6.3717102051e+02 6.3720697021e+02 6.3728002930e+02 6.3738897705e+02 6.3747900391e+02 6.3753399658e+02 6.3756500244e+02 6.3765997314e+02 6.3775799561e+02 6.3784399414e+02 6.3790899658e+02 6.3796301270e+02 6.3801898193e+02 6.3806799316e+02 6.3811199951e+02 6.3813800049e+02 6.3815600586e+02 6.3817498779e+02 6.3819598389e+02 6.3823199463e+02 6.3827697754e+02 6.3831799316e+02
6.3615002441e+02 6.3622100830e+02 6.3625799561e+02 6.3629797363e+02 6.3638702393e+02 6.3646899414e+02 6.3658300781e+02 6.3666302490e+02 6.3672302246e+02 6.3671697998e+02 6.3673101807e+02 6.3684497070e+02 6.3693701172e+02 6.3696997070e+02 6.3701098633e+02 6.3709301758e+02 6.3713397217e+02 6.3715698242e+02 6.3716802979e+02 6.3715899658e+02 6.3713897705e+02 6.3711999512e+02 6.3711700439e+02 6.3712701416e+02 6.3715197754e+02 6.3719299316e+02 6.3726898193e+02 6.3738397217e+02 6.3747100830e+02 6.3751800537e+02 6.3752398682e+02 6.3759399414e+02 6.3767401123e+02 6.3775299072e+02 6.3783197021e+02 6.3790997314e+02 6.3797302246e+02 6.3802600098e+02 6.3807397461e+02 6.3811199951e+02 6.3814697266e+02 6.3818200684e+02 6.3820800781e+02 6.3824499512e+02 6.3829302979e+02 6.3833398438e+02
6.3598400879e+02 6.3610699463e+02 6.3614898682e+02 6.3626800537e+02 6.3633197021e+02 6.3632800293e+02 6.3641601563e+02 6.3659301758e+02 6.3673101807e+02 6.3676397705e+02 6.3679199219e+02 6.3689599609e+02 6.3699700928e+02 6.3703900146e+02 6.3705200195e+02 6.3708697510e+02 6.3711401367e+02 6.3715600586e+02 6.3719396973e+02 6.3718200684e+02 6.3715802002e+02 6.3713098145e+02 6.3711401367e+02 6.3712597656e+02 6.3715802002e+02 6.3720202637e+02 6.3727197266e+02 6.3738500977e+02 6.3747900391e+02 6.3753698730e+02 6.3754498291e+02 6.3757299805e+02 6.3760400391e+02 6.3764202881e+02 6.3770001221e+02 6.3778601074e+02 6.3785400391e+02 6.3791198730e+02 6.3796600342e+02 6.3802197266e+02 6.3809399414e+02 6.3816400146e+02 6.3821099854e+02 6.3824597168e+02 6.3829998779e+02 6.3834899902e+02
6.3562799072e+02 6.3585302734e+02 6.3598199463e+02 6.3616900635e+02 6.3625097656e+02 6.3627197266e+02 6.3631201172e+02 6.3647100830e+02 6.3666400146e+02 6.3670697021e+02 6.3670697021e+02 6.3679998779e+02 6.3695300293e+02 6.3707299805e+02 6.3714300537e+02 6.3715399170e+02 6.3713702393e+02 6.3715100098e+02 6.3718902588e+02 6.3718597412e+02 6.3717199707e+02 6.3715100098e+02 6.3714501953e+02 6.3714599609e+02 6.3718298340e+02 6.3723199463e+02 6.3727502441e+02 6.3735498047e+02 6.3744897461e+02 6.3752899170e+02 6.3758599854e+02 6.3758801270e+02 6.3756597900e+02 6.3754901123e+02 6.3755200195e+02 6.3761199951e+02 6.3767797852e+02 6.3773400879e+02 6.3774499512e+02 6.3787500000e+02 6.3801098633e+02 6.3814599609e+02 6.3822998047e+02 6.3824298096e+02 6.3829302979e+02 6.3834100342e+02
6.3523999023e+02 6.3554901123e+02 6.3569897461e+02 6.3592797852e+02 6.3608898926e+02 6.3625701904e+02 6.3630102539e+02 6.3629602051e+02 6.3642498779e+02 6.3649798584e+02 6.3655999756e+02 6.3668902588e+02 6.3684698486e+02 6.3702301025e+02 6.3713000488e+02 6.3713201904e+02 6.3709997559e+02 6.3709100342e+02 6.3713500977e+02 6.3716601563e+02 6.3716998291e+02 6.3716802979e+02 6.3716400146e+02 6.3717901611e+02 6.3722601318e+02 6.3728302002e+02 6.3733599854e+02 6.3738897705e+02 6.3744097900e+02 6.3749200439e+02 6.3753497314e+02 6.3752502441e+02 6.3749401855e+02 6.3747698975e+02 6.3748101807e+02 6.3753100586e+02 6.3760797119e+02 6.3767199707e+02 6.3770501709e+02 6.3776898193e+02 6.3790197754e+02 6.3806097412e+02 6.3816198730e+02 6.3822100830e+02 6.3830700684e+02 6.3838397217e+02
6.3498498535e+02 6.3534301758e+02 6.3540399170e+02 6.3553601074e+02 6.3578198242e+02 6.3622802734e+02 6.3635900879e+02 6.3624200439e+02 6.3626300049e+02 6.3630902100e+02 6.3643103027e+02 6.3658300781e+02 6.3667901611e+02 6.3685797119e+02 6.3706201172e+02 6.3706597900e+02 6.3703900146e+02 6.3701898193e+02 6.3706097412e+02 6.3711499023e+02 6.3713598633e+02 6.3715197754e+02 6.3717102051e+02 6.3721197510e+02 6.3727502441e+02 6.3734100342e+02 6.3740002441e+02 6.3743298340e+02 6.3744799805e+02 6.3746398926e+02 6.3747399902e+02 6.3745599365e+02 6.3744097900e+02 6.3744500732e+02 6.3747698975e+02 6.3753997803e+02 6.3761602783e+02 6.3768103027e+02 6.3772198486e+02 6.3776898193e+02 6.3785198975e+02 6.3796002197e+02 6.3805297852e+02 6.3811700439e+02 6.3822698975e+02 6.3835302734e+02
6.3479101563e+02 6.3519000244e+02 6.3521697998e+02 6.3535400391e+02 6.3551501465e+02 6.3598101807e+02 6.3620001221e+02 6.3620501709e+02 6.3624102783e+02 6.3626300049e+02 6.3637200928e+02 6.3649102783e+02 6.3656701660e+02 6.3669702148e+02 6.3691497803e+02 6.3698297119e+02 6.3698498535e+02 6.3697802734e+02 6.3700402832e+02 6.3706201172e+02 6.3709698486e+02 6.3712902832e+02 6.3716900635e+02 6.3723199463e+02 6.3730499268e+02 6.3737500000e+02 6.3742999268e+02 6.3744097900e+02 6.3742901611e+02 6.3741998291e+02 6.3741400146e+02 6.3741198730e+02 6.3742999268e+02 6.3746502686e+02 6.3751702881e+02 6.3757202148e+02 6.3762799072e+02 6.3768701172e+02 6.3775701904e+02 6.3783697510e+02 6.3788897705e+02 6.3794000244e+02 6.3798699951e+02 6.3799102783e+02 6.3807501221e+02 6.3822198486e+02
6.3440502930e+02 6.3481500244e+02 6.3496099854e+02 6.3515997314e+02 6.3530798340e+02 6.3551702881e+02 6.3572100830e+02 6.3598101807e+02 6.3615100098e+02 6.3626501465e+02 6.3640502930e+02 6.3649597168e+02 6.3668200684e+02 6.3690301514e+02 6.3690899658e+02 6.3689300537e+02 6.3696002197e+02 6.3700299072e+02 6.3698101807e+02 6.3701800537e+02 6.3705700684e+02 6.3710797119e+02 6.3715301514e+02 6.3722698975e+02 6.3729602051e+02 6.3735699463e+02 6.3738598633e+02 6.3738299561e+02 6.3736999512e+02 6.3736102295e+02 6.3735797119e+02 6.3737298584e+02 6.3742199707e+02 6.3748797607e+02 6.3754998779e+02 6.3758300781e+02 6.3760400391e+02 6.3765100098e+02 6.3775299072e+02 6.3785998535e+02 6.3790997314e+02 6.3795098877e+02 6.3800097656e+02 6.3793902588e+02 6.3796600342e+02 6.3808599854e+02
6.3393798828e+02 6.3427600098e+02 6.3451098633e+02 6.3496697998e+02 6.3528802490e+02 6.3541998291e+02 6.3557397461e+02 6.3577697754e+02 6.3605902100e+02 6.3633197021e+02 6.3647698975e+02 6.3652600098e+02 6.3669000244e+02 6.3697998047e+02 6.3698699951e+02 6.3694000244e+02 6.3697399902e+02 6.3703997803e+02 6.3704199219e+02 6.3703900146e+02 6.3708697510e+02 6.3716400146e+02 6.3722998047e+02 6.3726800537e+02 6.3728100586e+02 6.3728698730e+02 6.3728698730e+02 6.3727099609e+02 6.3727398682e+02 6.3729901123e+02 6.3733502197e+02 6.3736700439e+02 6.3742199707e+02 6.3749597168e+02 6.3757098389e+02 6.3759100342e+02 6.3757202148e+02 6.3759197998e+02 6.3767999268e+02 6.3776898193e+02 6.3782800293e+02 6.3789099121e+02 6.3795001221e+02 6.3794201660e+02 6.3796697998e+02 6.3803900146e+02
6.3351300049e+02 6.3375799561e+02 6.3401599121e+02 6.3463897705e+02 6.3510400391e+02 6.3527398682e+02 6.3548602295e+02 6.3565899658e+02 6.3593798828e+02 6.3628100586e+02 6.3651397705e+02 6.3655798340e+02 6.3660302734e+02 6.3670098877e+02 6.3682000732e+02 6.3694097900e+02 6.3699200439e+02 6.3705999756e+02 6.3709802246e+02 6.3709698486e+02 6.3717999268e+02 6.3728198242e+02 6.3731201172e+02 6.3729699707e+02 6.3726800537e+02 6.3723297119e+02 6.3720501709e+02 6.3717999268e+02 6.3719000244e+02 6.3723901367e+02 6.3730902100e+02 6.3735998535e+02 6.3742999268e+02 6.3750799561e+02 6.3757000732e+02 6.3757098389e+02 6.3754901123e+02 6.3756896973e+02 6.3763702393e+02 6.3771197510e+02 6.3779199219e+02 6.3786999512e+02 6.3791699219e+02 6.3793902588e+02 6.3796997070e+02 6.3801501465e+02
6.3325097656e+02 6.3341998291e+02 6.3365698242e+02 6.3425598145e+02 6.3477502441e+02 6.3502301025e+02 6.3535797119e+02 6.3548101807e+02 6.3566699219e+02 6.3610498047e+02 6.3651898193e+02 6.3658697510e+02 6.3656298828e+02 6.3653399658e+02 6.3662701416e+02 6.3685198975e+02 6.3696502686e+02 6.3703100586e+02 6.3707098389e+02 6.3709399414e+02 6.3721002197e+02 6.3732299805e+02 6.3731500244e+02 6.3727502441e+02 6.3724102783e+02 6.3720599365e+02 6.3718298340e+02 6.3715502930e+02 6.3716302490e+02 6.3721502686e+02 6.3728900146e+02 6.3735302734e+02 6.3743902588e+02 6.3751898193e+02 6.3756097412e+02 6.3756201172e+02 6.3758300781e+02 6.3764001465e+02 6.3770098877e+02 6.3774401855e+02 6.3781701660e+02 6.3788598633e+02 6.3791101074e+02 6.3794299316e+02 6.3797998047e+02 6.3802099609e+02
6.3308398438e+02 6.3322100830e+02 6.3338897705e+02 6.3376501465e+02 6.3432299805e+02 6.3473400879e+02 6.3494598389e+02 6.3501599121e+02 6.3529400635e+02 6.3588500977e+02 6.3645300293e+02 6.3654400635e+02 6.3648999023e+02 6.3642797852e+02 6.3650701904e+02 6.3677099609e+02 6.3692797852e+02 6.3696600342e+02 6.3692401123e+02 6.3695599365e+02 6.3709197998e+02 6.3719396973e+02 6.3714001465e+02 6.3716998291e+02 6.3718402100e+02 6.3721002197e+02 6.3725598145e+02 6.3722302246e+02 6.3720697021e+02 6.3722399902e+02 6.3727899170e+02 6.3735198975e+02 6.3743402100e+02 6.3750897217e+02 6.3755499268e+02 6.3760400391e+02 6.3769598389e+02 6.3780499268e+02 6.3786700439e+02 6.3784997559e+02 6.3789099121e+02 6.3793298340e+02 6.3795098877e+02 6.3798498535e+02 6.3801898193e+02 6.3805102539e+02
6.3283898926e+02 6.3299597168e+02 6.3315698242e+02 6.3331298828e+02 6.3360302734e+02 6.3396002197e+02 6.3421997070e+02 6.3437200928e+02 6.3471697998e+02 6.3525598145e+02 6.3589697266e+02 6.3622399902e+02 6.3630603027e+02 6.3630902100e+02 6.3639501953e+02 6.3659899902e+02 6.3673199463e+02 6.3678698730e+02 6.3680700684e+02 6.3679400635e+02 6.3685498047e+02 6.3698699951e+02 6.3703900146e+02 6.3707800293e+02 6.3715301514e+02 6.3725402832e+02 6.3730102539e+02 6.3728601074e+02 6.3725000000e+02 6.3723699951e+02 6.3728002930e+02 6.3735302734e+02 6.3742999268e+02 6.3750402832e+02 6.3758099365e+02 6.3766998291e+02 6.3778497314e+02 6.3788702393e+02 6.3792797852e+02 6.3793103027e+02 6.3797900391e+02 6.3803002930e+02 6.3805102539e+02 6.3807598877e+02 6.3807397461e+02 6.3805798340e+02
6.3251397705e+02 6.3271600342e+02 6.3290399170e+02 6.3298199463e+02 6.3307098389e+02 6.3328497314e+02 6.3355603027e+02 6.3377899170e+02 6.3411401367e+02 6.3460797119e+02 6.3523901367e+02 6.3573901367e+02 6.3599902344e+02 6.3611602783e+02 6.3629998779e+02 6.3653698730e+02 6.3664599609e+02 6.3667498779e+02 6.3670098877e+02 6.3672900391e+02 6.3680798340e+02 6.3699298096e+02 6.3707299805e+02 6.3711901855e+02 6.3717602539e+02 6.3724902344e+02 6.3728002930e+02 6.3727099609e+02 6.3724499512e+02 6.3724200439e+02 6.3729901123e+02 6.3738598633e+02 6.3747100830e+02 6.3754498291e+02 6.3761102295e+02 6.3769897461e+02 6.3780700684e+02 6.3788702393e+02 6.3791198730e+02 6.3794000244e+02 6.3800799561e+02 6.3808099365e+02 6.3812799072e+02 6.3814202881e+02 6.3811700439e+02 6.3806500244e+02
6.3219000244e+02 6.3238098145e+02 6.3259100342e+02 6.3275598145e+02 6.3283197021e+02 6.3294598389e+02 6.3309899902e+02 6.3330499268e+02 6.3360198975e+02 6.3403698730e+02 6.3464300537e+02 6.3527099609e+02 6.3568798828e+02 6.3588201904e+02 6.3607000732e+02 6.3634197998e+02 6.3650500488e+02 6.3653900146e+02 6.3649401855e+02 6.3653399658e+02 6.3671801758e+02 6.3694500732e+02 6.3698498535e+02 6.3709399414e+02 6.3715502930e+02 6.3718298340e+02 6.3719897461e+02 6.3721398926e+02 6.3721801758e+02 6.3725299072e+02 6.3734197998e+02 6.3744201660e+02 6.3753302002e+02 6.3760302734e+02 6.3765399170e+02 6.3772100830e+02 6.3780401611e+02 6.3785797119e+02 6.3786999512e+02 6.3790997314e+02 6.3798797607e+02 6.3807202148e+02 6.3813800049e+02 6.3816900635e+02 6.3815399170e+02 6.3810302734e+02
