TESTSERVER/0/0.asc
NCOLS 100
NROWS 100
XLLCORNER 7.4997500000e+03
YLLCORNER 2.8995025000e+05
CELLSIZE 5.0000000000e-01
NODATA_VALUE -9.9990000000e+03
[rows 0 to 19 of 100, columns 0 to 45 of 100]
6.4078100586e+02 6.4087799072e+02 6.4095501709e+02 6.4107501221e+02 6.4119598389e+02 6.4128698730e+02 6.4135101318e+02 6.4146600342e+02 6.4160198975e+02 6.4175897217e+02 6.4192602539e+02 6.4205700684e+02 6.4218902588e+02 6.4232397461e+02 6.4247399902e+02 6.4262298584e+02 6.4269500732e+02 6.4272399902e+02 6.4276501465e+02 6.4287597656e+02 6.4294299316e+02 6.4296002197e+02 6.4291802979e+02 6.4294500732e+02 6.4306500244e+02 6.4327600098e+02 6.4357800293e+02 6.4378802490e+02 6.4397601318e+02 6.4413800049e+02 6.4427398682e+02 6.4440802002e+02 6.4453399658e+02 6.4463098145e+02 6.4469299316e+02 6.4490301514e+02 6.4515698242e+02 6.4533398438e+02 6.4535699463e+02 6.4531799316e+02 6.4520800781e+02 6.4504101563e+02 6.4487097168e+02 6.4473297119e+02 6.4454602051e+02 6.4432598877e+02
6.4073400879e+02 6.4083599854e+02 6.4090600586e+02 6.4101300049e+02 6.4112200928e+02 6.4118798828e+02 6.4123400879e+02 6.4133898926e+02 6.4147698975e+02 6.4164099121e+02 6.4182702637e+02 6.4196899414e+02 6.4208898926e+02 6.4221600342e+02 6.4236499023e+02 6.4252697754e+02 6.4262500000e+02 6.4266802979e+02 6.4270300293e+02 6.4280200195e+02 6.4288500977e+02 6.4291998291e+02 6.4289001465e+02 6.4289398193e+02 6.4301202393e+02 6.4324102783e+02 6.4355902100e+02 6.4378100586e+02 6.4397601318e+02 6.4414202881e+02 6.4426702881e+02 6.4437597656e+02 6.4446997070e+02 6.4454199219e+02 6.4459100342e+02 6.4472698975e+02 6.4494702148e+02 6.4516998291e+02 6.4530603027e+02 6.4535900879e+02 6.4531896973e+02 6.4516802979e+02 6.4496801758e+02 6.4483801270e+02 6.4467901611e+02 6.4444598389e+02
6.4066198730e+02 6.4075000000e+02 6.4082897949e+02 6.4093200684e+02 6.4103698730e+02 6.4110498047e+02 6.4115802002e+02 6.4126397705e+02 6.4139599609e+02 6.4155297852e+02 6.4173602295e+02 6.4188098145e+02 6.4199902344e+02 6.4212500000e+02 6.4227801514e+02 6.4246197510e+02 6.4258001709e+02 6.4263397217e+02 6.4265197754e+02 6.4274200439e+02 6.4284100342e+02 6.4290197754e+02 6.4290002441e+02 6.4291699219e+02 6.4302502441e+02 6.4322601318e+02 6.4352398682e+02 6.4375402832e+02 6.4394097900e+02 6.4410699463e+02 6.4424700928e+02 6.4435797119e+02 6.4442498779e+02 6.4446099854e+02 6.4448297119e+02 6.4456402588e+02 6.4474700928e+02 6.4498400879e+02 6.4517797852e+02 6.4529101563e+02 6.4532098389e+02 6.4522698975e+02 6.4504101563e+02 6.4492401123e+02 6.4481500244e+02 6.4459100342e+02
6.4059600830e+02 6.4067602539e+02 6.4077697754e+02 6.4088598633e+02 6.4099200439e+02 6.4106896973e+02 6.4113000488e+02 6.4123297119e+02 6.4135699463e+02 6.4149798584e+02 6.4165600586e+02 6.4179199219e+02 6.4190997314e+02 6.4203802490e+02 6.4219897461e+02 6.4238897705e+02 6.4251702881e+02 6.4258300781e+02 6.4260601807e+02 6.4270599365e+02 6.4282702637e+02 6.4291601563e+02 6.4294799805e+02 6.4297900391e+02 6.4306799316e+02 6.4322302246e+02 6.4346398926e+02 6.4368499756e+02 6.4386602783e+02 6.4403302002e+02 6.4420300293e+02 6.4434399414e+02 6.4439501953e+02 6.4440197754e+02 6.4439898682e+02 6.4443597412e+02 6.4455401611e+02 6.4475299072e+02 6.4496697998e+02 6.4512597656e+02 6.4522100830e+02 6.4520300293e+02 6.4508197021e+02 6.4501800537e+02 6.4495202637e+02 6.4473797607e+02
6.4055603027e+02 6.4064099121e+02 6.4075799561e+02 6.4086999512e+02 6.4096600342e+02 6.4104498291e+02 6.4112200928e+02 6.4123101807e+02 6.4134600830e+02 6.4146997070e+02 6.4159301758e+02 6.4169201660e+02 6.4181097412e+02 6.4195501709e+02 6.4213201904e+02 6.4229901123e+02 6.4242102051e+02 6.4250201416e+02 6.4257098389e+02 6.4269299316e+02 6.4284301758e+02 6.4295800781e+02 6.4301501465e+02 6.4306201172e+02 6.4312902832e+02 6.4323602295e+02 6.4339801025e+02 6.4354101563e+02 6.4371099854e+02 6.4391802979e+02 6.4421197510e+02 6.4435699463e+02 6.4439697266e+02 6.4437097168e+02 6.4435601807e+02 6.4439202881e+02 6.4442797852e+02 6.4450897217e+02 6.4466198730e+02 6.4492700195e+02 6.4507000732e+02 6.4511297607e+02 6.4511199951e+02 6.4511700439e+02 6.4506597900e+02 6.4486999512e+02
6.4055200195e+02 6.4063598633e+02 6.4075897217e+02 6.4084899902e+02 6.4092199707e+02 6.4100299072e+02 6.4110998535e+02 6.4123797607e+02 6.4134600830e+02 6.4144897461e+02 6.4154400635e+02 6.4164898682e+02 6.4177502441e+02 6.4192602539e+02 6.4212200928e+02 6.4228601074e+02 6.4237799072e+02 6.4244598389e+02 6.4253399658e+02 6.4267797852e+02 6.4285400391e+02 6.4298297119e+02 6.4303198242e+02 6.4308001709e+02 6.4311199951e+02 6.4316699219e+02 6.4324902344e+02 6.4331701660e+02 6.4347998047e+02 6.4374499512e+02 6.4407501221e+02 6.4429498291e+02 6.4436999512e+02 6.4438098145e+02 6.4440301514e+02 6.4446502686e+02 6.4447698975e+02 6.4447802734e+02 6.4460498047e+02 6.4482000732e+02 6.4494299316e+02 6.4499700928e+02 6.4504101563e+02 6.4513702393e+02 6.4515899658e+02 6.4503997803e+02
6.4054797363e+02 6.4065197754e+02 6.4078497314e+02 6.4085498047e+02 6.4090502930e+02 6.4097302246e+02 6.4109002686e+02 6.4121600342e+02 6.4131298828e+02 6.4140698242e+02 6.4151898193e+02 6.4166400146e+02 6.4178399658e+02 6.4190997314e+02 6.4208001709e+02 6.4222900391e+02 6.4231500244e+02 6.4238897705e+02 6.4248797607e+02 6.4263598633e+02 6.4281799316e+02 6.4295800781e+02 6.4301702881e+02 6.4304901123e+02 6.4304400635e+02 6.4304901123e+02 6.4308801270e+02 6.4313397217e+02 6.4328198242e+02 6.4354699707e+02 6.4388598633e+02 6.4413897705e+02 6.4427301025e+02 6.4435400391e+02 6.4444201660e+02 6.4451501465e+02 6.4451501465e+02 6.4450201416e+02 6.4458697510e+02 6.4472900391e+02 6.4482299805e+02 6.4489300537e+02 6.4497302246e+02 6.4511102295e+02 6.4519500732e+02 6.4514300537e+02
6.4052697754e+02 6.4064898682e+02 6.4077899170e+02 6.4084997559e+02 6.4090502930e+02 6.4097100830e+02 6.4107897949e+02 6.4118298340e+02 6.4126599121e+02 6.4136199951e+02 6.4149902344e+02 6.4165997314e+02 6.4176300049e+02 6.4184899902e+02 6.4197399902e+02 6.4210198975e+02 6.4220202637e+02 6.4230603027e+02 6.4243103027e+02 6.4257702637e+02 6.4275598145e+02 6.4290399170e+02 6.4297497559e+02 6.4298498535e+02 6.4295697021e+02 6.4293902588e+02 6.4296502686e+02 6.4300598145e+02 6.4313897705e+02 6.4338800049e+02 6.4370599365e+02 6.4396997070e+02 6.4415301514e+02 6.4429199219e+02 6.4442199707e+02 6.4448797607e+02 6.4451000977e+02 6.4452197266e+02 6.4457098389e+02 6.4464099121e+02 6.4471002197e+02 6.4479699707e+02 6.4490301514e+02 6.4504998779e+02 6.4515399170e+02 6.4514300537e+02
6.4047802734e+02 6.4059899902e+02 6.4069897461e+02 6.4079498291e+02 6.4089001465e+02 6.4098101807e+02 6.4107501221e+02 6.4115997314e+02 6.4123999023e+02 6.4133300781e+02 6.4143798828e+02 6.4157800293e+02 6.4166900635e+02 6.4174401855e+02 6.4183197021e+02 6.4195098877e+02 6.4207299805e+02 6.4221600342e+02 6.4236602783e+02 6.4252502441e+02 6.4269702148e+02 6.4284100342e+02 6.4292700195e+02 6.4291400146e+02 6.4288800049e+02 6.4288201904e+02 6.4291198730e+02 6.4294097900e+02 6.4306701660e+02 6.4330297852e+02 6.4359600830e+02 6.4383898926e+02 6.4404400635e+02 6.4420098877e+02 6.4433099365e+02 6.4439501953e+02 6.4446600342e+02 6.4452398682e+02 6.4453497314e+02 6.4454498291e+02 6.4460601807e+02 6.4470697021e+02 6.4485498047e+02 6.4496997070e+02 6.4504602051e+02 6.4503900146e+02
6.4043597412e+02 6.4054498291e+02 6.4064202881e+02 6.4072802734e+02 6.4083001709e+02 6.4095098877e+02 6.4105297852e+02 6.4114501953e+02 6.4124298096e+02 6.4133001709e+02 6.4139697266e+02 6.4146997070e+02 6.4155499268e+02 6.4165600586e+02 6.4176501465e+02 6.4186499023e+02 6.4196697998e+02 6.4209497070e+02 6.4225897217e+02 6.4244598389e+02 6.4261901855e+02 6.4275500488e+02 6.4282897949e+02 6.4283197021e+02 6.4284802246e+02 6.4287597656e+02 6.4290600586e+02 6.4292602539e+02 6.4303997803e+02 6.4326800537e+02 6.4354400635e+02 6.4380297852e+02 6.4400799561e+02 6.4411602783e+02 6.4419500732e+02 6.4429400635e+02 6.4439697266e+02 6.4446997070e+02 6.4444201660e+02 6.4444500732e+02 6.4451898193e+02 6.4462200928e+02 6.4474102783e+02 6.4485699463e+02 6.4492102051e+02 6.4492602539e+02
6.4038299561e+02 6.4048901367e+02 6.4059399414e+02 6.4069897461e+02 6.4081500244e+02 6.4094097900e+02 6.4103698730e+02 6.4113500977e+02 6.4124499512e+02 6.4133300781e+02 6.4137799072e+02 6.4141699219e+02 6.4149499512e+02 6.4160498047e+02 6.4172497559e+02 6.4181097412e+02 6.4189202881e+02 6.4199798584e+02 6.4215301514e+02 6.4233300781e+02 6.4249902344e+02 6.4263500977e+02 6.4272601318e+02 6.4276098633e+02 6.4281597900e+02 6.4287402344e+02 6.4290301514e+02 6.4292602539e+02 6.4302600098e+02 6.4321502686e+02 6.4344299316e+02 6.4363500977e+02 6.4381701660e+02 6.4394396973e+02 6.4405499268e+02 6.4417199707e+02 6.4425897217e+02 6.4432299805e+02 6.4433300781e+02 6.4436602783e+02 6.4444799805e+02 6.4454498291e+02 6.4463800049e+02 6.4473999023e+02 6.4481402588e+02 6.4485198975e+02
6.4035400391e+02 6.4045300293e+02 6.4055902100e+02 6.4068597412e+02 6.4080999756e+02 6.4091998291e+02 6.4100299072e+02 6.4109997559e+02 6.4121398926e+02 6.4130999756e+02 6.4136297607e+02 6.4140502930e+02 6.4148602295e+02 6.4159899902e+02 6.4171398926e+02 6.4179101563e+02 6.4185797119e+02 6.4194702148e+02 6.4207800293e+02 6.4222998047e+02 6.4237500000e+02 6.4250897217e+02 6.4262097168e+02 6.4267700195e+02 6.4276098633e+02 6.4284600830e+02 6.4288397217e+02 6.4291198730e+02 6.4298101807e+02 6.4309997559e+02 6.4324200439e+02 6.4335101318e+02 6.4349700928e+02 6.4366302490e+02 6.4389001465e+02 6.4406201172e+02 6.4415002441e+02 6.4420599365e+02 6.4423901367e+02 6.4428698730e+02 6.4437701416e+02 6.4447601318e+02 6.4455102539e+02 6.4463500977e+02 6.4472497559e+02 6.4480401611e+02
6.4035198975e+02 6.4044702148e+02 6.4054199219e+02 6.4064202881e+02 6.4075201416e+02 6.4084497070e+02 6.4092999268e+02 6.4103302002e+02 6.4114202881e+02 6.4124597168e+02 6.4134002686e+02 6.4141802979e+02 6.4150897217e+02 6.4161199951e+02 6.4172302246e+02 6.4178302002e+02 6.4183300781e+02 6.4191400146e+02 6.4204101563e+02 6.4215197754e+02 6.4227099609e+02 6.4240600586e+02 6.4252398682e+02 6.4258300781e+02 6.4267700195e+02 6.4277801514e+02 6.4284802246e+02 6.4287799072e+02 6.4291400146e+02 6.4296697998e+02 6.4305200195e+02 6.4317102051e+02 6.4329400635e+02 6.4342901611e+02 6.4358197021e+02 6.4384497070e+02 6.4399401855e+02 6.4410302734e+02 6.4416900635e+02 6.4420001221e+02 6.4428802490e+02 6.4439099121e+02 6.4447100830e+02 6.4453802490e+02 6.4464501953e+02 6.4476300049e+02
6.4037597656e+02 6.4043597412e+02 6.4051702881e+02 6.4059197998e+02 6.4068402100e+02 6.4078399658e+02 6.4089398193e+02 6.4098199463e+02 6.4107299805e+02 6.4117297363e+02 6.4130200195e+02 6.4141802979e+02 6.4150000000e+02 6.4158898926e+02 6.4169702148e+02 6.4174200439e+02 6.4179101563e+02 6.4189001465e+02 6.4203601074e+02 6.4212597656e+02 6.4221197510e+02 6.4233001709e+02 6.4243402100e+02 6.4249499512e+02 6.4258001709e+02 6.4267700195e+02 6.4275097656e+02 6.4279797363e+02 6.4284997559e+02 6.4291900635e+02 6.4301300049e+02 6.4315002441e+02 6.4328497314e+02 6.4340100098e+02 6.4349499512e+02 6.4364099121e+02 6.4378002930e+02 6.4390802002e+02 6.4401397705e+02 6.4411102295e+02 6.4424298096e+02 6.4437200928e+02 6.4444702148e+02 6.4450201416e+02 6.4460101318e+02 6.4471697998e+02
6.4040899658e+02 6.4044799805e+02 6.4051397705e+02 6.4058300781e+02 6.4065197754e+02 6.4074401855e+02 6.4086499023e+02 6.4093298340e+02 6.4101000977e+02 6.4110498047e+02 6.4124499512e+02 6.4136901855e+02 6.4144702148e+02 6.4153497314e+02 6.4165399170e+02 6.4171099854e+02 6.4177502441e+02 6.4188500977e+02 6.4202600098e+02 6.4209899902e+02 6.4216198730e+02 6.4224798584e+02 6.4234100342e+02 6.4241101074e+02 6.4248901367e+02 6.4258197021e+02 6.4265197754e+02 6.4269897461e+02 6.4276098633e+02 6.4285101318e+02 6.4297100830e+02 6.4311700439e+02 6.4325799561e+02 6.4337597656e+02 6.4345001221e+02 6.4354797363e+02 6.4366802979e+02 6.4378601074e+02 6.4390100098e+02 6.4404602051e+02 6.4422698975e+02 6.4438500977e+02 6.4444598389e+02 6.4447497559e+02 6.4456402588e+02 6.4466998291e+02
6.4041400146e+02 6.4047302246e+02 6.4053399658e+02 6.4060101318e+02 6.4065301514e+02 6.4071899414e+02 6.4082202148e+02 6.4088397217e+02 6.4095202637e+02 6.4104400635e+02 6.4117297363e+02 6.4128399658e+02 6.4136798096e+02 6.4147198486e+02 6.4162200928e+02 6.4171197510e+02 6.4179101563e+02 6.4189599609e+02 6.4201202393e+02 6.4208099365e+02 6.4214398193e+02 6.4221301270e+02 6.4228802490e+02 6.4235601807e+02 6.4242602539e+02 6.4251098633e+02 6.4258599854e+02 6.4262701416e+02 6.4268298340e+02 6.4278497314e+02 6.4292102051e+02 6.4307000732e+02 6.4321801758e+02 6.4334301758e+02 6.4343402100e+02 6.4353302002e+02 6.4363500977e+02 6.4373699951e+02 6.4383697510e+02 6.4399200439e+02 6.4418597412e+02 6.4435601807e+02 6.4442102051e+02 6.4443701172e+02 6.4451300049e+02 6.4460797119e+02
6.4038397217e+02 6.4045800781e+02 6.4054498291e+02 6.4063500977e+02 6.4068597412e+02 6.4071801758e+02 6.4077001953e+02 6.4083197021e+02 6.4090502930e+02 6.4099902344e+02 6.4111700439e+02 6.4120202637e+02 6.4129101563e+02 6.4142797852e+02 6.4161102295e+02 6.4172900391e+02 6.4181701660e+02 6.4189801025e+02 6.4197698975e+02 6.4205102539e+02 6.4213000488e+02 6.4220800781e+02 6.4228399658e+02 6.4232702637e+02 6.4238702393e+02 6.4246801758e+02 6.4255200195e+02 6.4260198975e+02 6.4265502930e+02 6.4274401855e+02 6.4285797119e+02 6.4300402832e+02 6.4315301514e+02 6.4329302979e+02 6.4342700195e+02 6.4354602051e+02 6.4364099121e+02 6.4372698975e+02 6.4381402588e+02 6.4391400146e+02 6.4407299805e+02 6.4424200439e+02 6.4434197998e+02 6.4437200928e+02 6.4444097900e+02 6.4451599121e+02
6.4035101318e+02 6.4042797852e+02 6.4051000977e+02 6.4061401367e+02 6.4069396973e+02 6.4073400879e+02 6.4078302002e+02 6.4083099365e+02 6.4088897705e+02 6.4097100830e+02 6.4107000732e+02 6.4115399170e+02 6.4123199463e+02 6.4135998535e+02 6.4153802490e+02 6.4168103027e+02 6.4178302002e+02 6.4186199951e+02 6.4194598389e+02 6.4203497314e+02 6.4212298584e+02 6.4219897461e+02 6.4225799561e+02 6.4229699707e+02 6.4234997559e+02 6.4241998291e+02 6.4250402832e+02 6.4256402588e+02 6.4263201904e+02 6.4270800781e+02 6.4278997803e+02 6.4292498779e+02 6.4307897949e+02 6.4323498535e+02 6.4339398193e+02 6.4352801514e+02 6.4361499023e+02 6.4368402100e+02 6.4372497559e+02 6.4378900146e+02 6.4393402100e+02 6.4410797119e+02 6.4422100830e+02 6.4427197266e+02 6.4434301758e+02 6.4440399170e+02
6.4032299805e+02 6.4038702393e+02 6.4045098877e+02 6.4054901123e+02 6.4064801025e+02 6.4072100830e+02 6.4080700684e+02 6.4086602783e+02 6.4090502930e+02 6.4096502686e+02 6.4104498291e+02 6.4112597656e+02 6.4120697021e+02 6.4131500244e+02 6.4146002197e+02 6.4160699463e+02 6.4171801758e+02 6.4180999756e+02 6.4190600586e+02 6.4201300049e+02 6.4210900879e+02 6.4218499756e+02 6.4223699951e+02 6.4228100586e+02 6.4233197021e+02 6.4239099121e+02 6.4246099854e+02 6.4253198242e+02 6.4260699463e+02 6.4267901611e+02 6.4274401855e+02 6.4288201904e+02 6.4304400635e+02 6.4320697021e+02 6.4337097168e+02 6.4349298096e+02 6.4356402588e+02 6.4360601807e+02 6.4361199951e+02 6.4365698242e+02 6.4378399658e+02 6.4394299316e+02 6.4407299805e+02 6.4415698242e+02 6.4423797607e+02 6.4430401611e+02
6.4033898926e+02 6.4037701416e+02 6.4042700195e+02 6.4050402832e+02 6.4058801270e+02 6.4067700195e+02 6.4080902100e+02 6.4090399170e+02 6.4095098877e+02 6.4100000000e+02 6.4106402588e+02 6.4112500000e+02 6.4119897461e+02 6.4128698730e+02 6.4139801025e+02 6.4153399658e+02 6.4164501953e+02 6.4174200439e+02 6.4184497070e+02 6.4196801758e+02 6.4207598877e+02 6.4215698242e+02 6.4221002197e+02 6.4226800537e+02 6.4232800293e+02 6.4238201904e+02 6.4243499756e+02 6.4250097656e+02 6.4258099365e+02 6.4265600586e+02 6.4271899414e+02 6.4286297607e+02 6.4303002930e+02 6.4319897461e+02 6.4335797119e+02 6.4346502686e+02 6.4352001953e+02 6.4353802490e+02 6.4352099609e+02 6.4355798340e+02 6.4365997314e+02 6.4378900146e+02 6.4392297363e+02 6.4404498291e+02 6.4414099121e+02 6.4421398926e+02
