TESTSERVER/0/1.asc
NCOLS 100
NROWS 100
XLLCORNER 7.4997500000e+03
YLLCORNER 2.8990025000e+05
CELLSIZE 5.0000000000e-01
NODATA_VALUE -9.9990000000e+03
[rows 0 to 19 of 100, columns 0 to 45 of 100]
6.3191198730e+02 6.3207000732e+02 6.3226098633e+02 6.3249200439e+02 6.3261602783e+02 6.3269702148e+02 6.3279699707e+02 6.3294702148e+02 6.3321801758e+02 6.3360699463e+02 6.3407202148e+02 6.3478100586e+02 6.3529797363e+02 6.3556298828e+02 6.3570202637e+02 6.3588098145e+02 6.3606298828e+02 6.3614099121e+02 6.3609100342e+02 6.3613397217e+02 6.3633697510e+02 6.3656597900e+02 6.3670501709e+02 6.3689398193e+02 6.3703997803e+02 6.3708898926e+02 6.3709600830e+02 6.3714099121e+02 6.3719201660e+02 6.3727398682e+02 6.3740197754e+02 6.3752197266e+02 6.3761297607e+02 6.3766998291e+02 6.3771002197e+02 6.3774902344e+02 6.3780603027e+02 6.3785302734e+02 6.3788397217e+02 6.3790502930e+02 6.3798602295e+02 6.3806097412e+02 6.3807702637e+02 6.3816699219e+02 6.3819702148e+02 6.3819500732e+02
6.3164202881e+02 6.3178399658e+02 6.3197998047e+02 6.3223901367e+02 6.3236999512e+02 6.3247998047e+02 6.3263800049e+02 6.3270397949e+02 6.3289697266e+02 6.3323901367e+02 6.3355902100e+02 6.3408300781e+02 6.3458801270e+02 6.3491998291e+02 6.3515399170e+02 6.3541601563e+02 6.3553198242e+02 6.3559301758e+02 6.3562701416e+02 6.3576202393e+02 6.3594702148e+02 6.3613500977e+02 6.3644598389e+02 6.3679400635e+02 6.3698901367e+02 6.3703900146e+02 6.3703100586e+02 6.3707501221e+02 6.3715002441e+02 6.3725402832e+02 6.3738800049e+02 6.3753601074e+02 6.3763201904e+02 6.3769396973e+02 6.3773602295e+02 6.3777801514e+02 6.3784997559e+02 6.3792401123e+02 6.3795001221e+02 6.3794799805e+02 6.3800097656e+02 6.3807000732e+02 6.3808801270e+02 6.3817199707e+02 6.3823297119e+02 6.3827398682e+02
6.3140197754e+02 6.3151501465e+02 6.3169000244e+02 6.3195397949e+02 6.3213201904e+02 6.3230798340e+02 6.3249499512e+02 6.3253002930e+02 6.3262799072e+02 6.3285101318e+02 6.3308599854e+02 6.3345501709e+02 6.3386297607e+02 6.3416699219e+02 6.3444702148e+02 6.3476300049e+02 6.3497601318e+02 6.3516699219e+02 6.3530603027e+02 6.3549597168e+02 6.3566601563e+02 6.3586999512e+02 6.3633502197e+02 6.3677502441e+02 6.3691601563e+02 6.3695397949e+02 6.3703198242e+02 6.3713299561e+02 6.3717401123e+02 6.3722698975e+02 6.3735400391e+02 6.3749798584e+02 6.3758599854e+02 6.3765600586e+02 6.3771697998e+02 6.3777600098e+02 6.3786602783e+02 6.3795202637e+02 6.3798101807e+02 6.3796600342e+02 6.3799700928e+02 6.3806799316e+02 6.3813800049e+02 6.3820300293e+02 6.3823797607e+02 6.3826702881e+02
6.3121899414e+02 6.3130902100e+02 6.3142901611e+02 6.3164697266e+02 6.3185198975e+02 6.3204498291e+02 6.3221697998e+02 6.3230200195e+02 6.3239501953e+02 6.3254998779e+02 6.3275402832e+02 6.3306097412e+02 6.3337402344e+02 6.3361700439e+02 6.3386401367e+02 6.3414801025e+02 6.3444097900e+02 6.3477697754e+02 6.3503601074e+02 6.3526000977e+02 6.3541998291e+02 6.3563598633e+02 6.3619500732e+02 6.3671002197e+02 6.3680603027e+02 6.3682897949e+02 6.3700097656e+02 6.3722100830e+02 6.3722802734e+02 6.3721600342e+02 6.3733801270e+02 6.3746801758e+02 6.3753698730e+02 6.3760302734e+02 6.3768298340e+02 6.3777099609e+02 6.3787799072e+02 6.3796697998e+02 6.3799401855e+02 6.3797497559e+02 6.3800500488e+02 6.3809301758e+02 6.3821600342e+02 6.3826000977e+02 6.3825701904e+02 6.3826202393e+02
6.3104699707e+02 6.3114801025e+02 6.3123797607e+02 6.3138598633e+02 6.3156896973e+02 6.3172998047e+02 6.3182702637e+02 6.3198901367e+02 6.3216497803e+02 6.3235400391e+02 6.3257397461e+02 6.3285101318e+02 6.3312500000e+02 6.3335198975e+02 6.3356799316e+02 6.3377502441e+02 6.3403698730e+02 6.3436297607e+02 6.3464801025e+02 6.3495098877e+02 6.3516198730e+02 6.3538500977e+02 6.3583197021e+02 6.3640399170e+02 6.3662200928e+02 6.3668298340e+02 6.3679199219e+02 6.3704901123e+02 6.3711602783e+02 6.3715502930e+02 6.3733697510e+02 6.3748400879e+02 6.3753302002e+02 6.3758502197e+02 6.3769598389e+02 6.3779101563e+02 6.3790100098e+02 6.3798699951e+02 6.3798797607e+02 6.3796301270e+02 6.3797802734e+02 6.3806597900e+02 6.3822698975e+02 6.3832299805e+02 6.3830401611e+02 6.3829901123e+02
6.3081402588e+02 6.3094299316e+02 6.3103497314e+02 6.3114300537e+02 6.3128497314e+02 6.3144799805e+02 6.3158599854e+02 6.3177001953e+02 6.3198400879e+02 6.3219598389e+02 6.3240100098e+02 6.3262298584e+02 6.3286199951e+02 6.3309100342e+02 6.3328802490e+02 6.3350299072e+02 6.3372698975e+02 6.3398101807e+02 6.3426898193e+02 6.3461901855e+02 6.3492199707e+02 6.3515698242e+02 6.3552001953e+02 6.3595202637e+02 6.3623699951e+02 6.3643200684e+02 6.3660302734e+02 6.3676599121e+02 6.3685998535e+02 6.3694500732e+02 6.3715399170e+02 6.3741900635e+02 6.3753997803e+02 6.3761798096e+02 6.3771697998e+02 6.3778698730e+02 6.3788299561e+02 6.3799200439e+02 6.3798999023e+02 6.3797900391e+02 6.3796600342e+02 6.3802099609e+02 6.3818701172e+02 6.3831402588e+02 6.3832098389e+02 6.3833099365e+02
6.3056500244e+02 6.3072497559e+02 6.3085302734e+02 6.3095697021e+02 6.3108398438e+02 6.3124102783e+02 6.3141101074e+02 6.3161401367e+02 6.3181597900e+02 6.3202398682e+02 6.3224401855e+02 6.3246398926e+02 6.3267102051e+02 6.3286999512e+02 6.3306701660e+02 6.3327197266e+02 6.3346697998e+02 6.3369396973e+02 6.3397198486e+02 6.3437402344e+02 6.3474200439e+02 6.3497998047e+02 6.3523101807e+02 6.3555401611e+02 6.3585797119e+02 6.3615100098e+02 6.3639398193e+02 6.3656701660e+02 6.3668103027e+02 6.3677001953e+02 6.3695300293e+02 6.3724298096e+02 6.3742999268e+02 6.3754797363e+02 6.3765100098e+02 6.3772100830e+02 6.3783398438e+02 6.3797698975e+02 6.3798699951e+02 6.3799700928e+02 6.3798101807e+02 6.3801098633e+02 6.3814697266e+02 6.3827899170e+02 6.3832800293e+02 6.3837097168e+02
6.3035797119e+02 6.3053302002e+02 6.3070098877e+02 6.3084100342e+02 6.3097302246e+02 6.3112200928e+02 6.3128399658e+02 6.3145599365e+02 6.3161199951e+02 6.3180200195e+02 6.3206201172e+02 6.3233398438e+02 6.3254699707e+02 6.3272802734e+02 6.3290002441e+02 6.3308398438e+02 6.3325897217e+02 6.3346398926e+02 6.3372998047e+02 6.3413098145e+02 6.3451501465e+02 6.3474798584e+02 6.3491101074e+02 6.3518701172e+02 6.3552801514e+02 6.3588500977e+02 6.3616302490e+02 6.3641400146e+02 6.3659399414e+02 6.3670098877e+02 6.3683099365e+02 6.3707202148e+02 6.3728302002e+02 6.3743200684e+02 6.3753698730e+02 6.3761700439e+02 6.3772698975e+02 6.3784899902e+02 6.3790002441e+02 6.3794702148e+02 6.3795098877e+02 6.3797900391e+02 6.3807897949e+02 6.3820397949e+02 6.3829302979e+02 6.3837402344e+02
6.3021301270e+02 6.3039300537e+02 6.3057598877e+02 6.3072998047e+02 6.3087902832e+02 6.3102099609e+02 6.3115600586e+02 6.3127398682e+02 6.3139697266e+02 6.3157800293e+02 6.3185198975e+02 6.3213299561e+02 6.3237902832e+02 6.3257800293e+02 6.3273999023e+02 6.3289099121e+02 6.3304901123e+02 6.3324200439e+02 6.3350097656e+02 6.3381402588e+02 6.3411999512e+02 6.3435699463e+02 6.3455200195e+02 6.3484002686e+02 6.3521600342e+02 6.3559497070e+02 6.3591601563e+02 6.3621197510e+02 6.3642999268e+02 6.3657397461e+02 6.3672100830e+02 6.3692401123e+02 6.3713098145e+02 6.3730603027e+02 6.3745001221e+02 6.3757598877e+02 6.3768298340e+02 6.3776501465e+02 6.3782897949e+02 6.3786700439e+02 6.3790301514e+02 6.3794201660e+02 6.3798199463e+02 6.3805200195e+02 6.3815100098e+02 6.3826702881e+02
6.3008398438e+02 6.3026000977e+02 6.3041400146e+02 6.3057897949e+02 6.3074401855e+02 6.3088201904e+02 6.3098699951e+02 6.3109002686e+02 6.3122399902e+02 6.3140399170e+02 6.3163897705e+02 6.3190197754e+02 6.3216699219e+02 6.3238098145e+02 6.3254797363e+02 6.3269299316e+02 6.3283599854e+02 6.3301702881e+02 6.3325500488e+02 6.3351098633e+02 6.3374798584e+02 6.3397998047e+02 6.3423400879e+02 6.3455297852e+02 6.3490600586e+02 6.3525402832e+02 6.3559399414e+02 6.3592700195e+02 6.3616998291e+02 6.3635101318e+02 6.3654302979e+02 6.3677301025e+02 6.3700000000e+02 6.3720001221e+02 6.3740399170e+02 6.3757299805e+02 6.3767999268e+02 6.3774798584e+02 6.3780700684e+02 6.3786102295e+02 6.3790197754e+02 6.3793597412e+02 6.3795397949e+02 6.3797302246e+02 6.3803399658e+02 6.3814599609e+02
6.2989001465e+02 6.3007501221e+02 6.3021099854e+02 6.3038098145e+02 6.3055798340e+02 6.3069097900e+02 6.3077502441e+02 6.3087597656e+02 6.3102197266e+02 6.3120202637e+02 6.3141699219e+02 6.3169299316e+02 6.3197198486e+02 6.3219097900e+02 6.3234600830e+02 6.3249700928e+02 6.3264398193e+02 6.3281597900e+02 6.3304699707e+02 6.3328302002e+02 6.3349499512e+02 6.3370800781e+02 6.3395800781e+02 6.3426000977e+02 6.3458099365e+02 6.3489202881e+02 6.3519799805e+02 6.3552001953e+02 6.3579302979e+02 6.3603002930e+02 6.3631701660e+02 6.3662799072e+02 6.3690197754e+02 6.3713800049e+02 6.3736901855e+02 6.3757098389e+02 6.3769500732e+02 6.3776397705e+02 6.3780200195e+02 6.3784100342e+02 6.3788098145e+02 6.3791601563e+02 6.3794299316e+02 6.3794897461e+02 6.3799102783e+02 6.3809100342e+02
6.2963598633e+02 6.2981097412e+02 6.2994702148e+02 6.3012799072e+02 6.3032299805e+02 6.3046600342e+02 6.3054602051e+02 6.3064801025e+02 6.3079998779e+02 6.3097497559e+02 6.3116900635e+02 6.3144702148e+02 6.3172802734e+02 6.3195001221e+02 6.3210797119e+02 6.3229302979e+02 6.3247399902e+02 6.3265698242e+02 6.3287597656e+02 6.3309600830e+02 6.3329199219e+02 6.3349102783e+02 6.3372100830e+02 6.3398400879e+02 6.3426098633e+02 6.3452600098e+02 6.3478802490e+02 6.3506597900e+02 6.3533001709e+02 6.3559802246e+02 6.3599902344e+02 6.3643798828e+02 6.3677398682e+02 6.3704400635e+02 6.3728997803e+02 6.3752899170e+02 6.3768597412e+02 6.3777197266e+02 6.3779199219e+02 6.3778802490e+02 6.3781402588e+02 6.3785198975e+02 6.3790600586e+02 6.3792602539e+02 6.3797399902e+02 6.3807299805e+02
6.2935998535e+02 6.2951599121e+02 6.2964898682e+02 6.2984301758e+02 6.3005200195e+02 6.3021801758e+02 6.3033801270e+02 6.3043499756e+02 6.3057598877e+02 6.3073901367e+02 6.3093298340e+02 6.3117999268e+02 6.3143902588e+02 6.3165899658e+02 6.3184301758e+02 6.3208398438e+02 6.3232897949e+02 6.3254498291e+02 6.3273797607e+02 6.3291302490e+02 6.3309698486e+02 6.3328900146e+02 6.3347601318e+02 6.3373699951e+02 6.3398297119e+02 6.3420397949e+02 6.3441400146e+02 6.3466699219e+02 6.3489300537e+02 6.3513000488e+02 6.3550500488e+02 6.3611798096e+02 6.3651702881e+02 6.3683697510e+02 6.3708300781e+02 6.3736499023e+02 6.3755999756e+02 6.3770098877e+02 6.3781201172e+02 6.3775500488e+02 6.3775402832e+02 6.3777697754e+02 6.3782299805e+02 6.3788598633e+02 6.3797302246e+02 6.3809197998e+02
6.2910198975e+02 6.2923199463e+02 6.2936199951e+02 6.2955102539e+02 6.2976397705e+02 6.2995202637e+02 6.3010101318e+02 6.3021997070e+02 6.3035900879e+02 6.3052697754e+02 6.3072601318e+02 6.3095501709e+02 6.3119500732e+02 6.3140997314e+02 6.3159399414e+02 6.3183801270e+02 6.3213397217e+02 6.3242498779e+02 6.3263201904e+02 6.3273999023e+02 6.3288702393e+02 6.3307299805e+02 6.3327801514e+02 6.3350897217e+02 6.3373199463e+02 6.3393902588e+02 6.3412597656e+02 6.3437200928e+02 6.3461602783e+02 6.3486700439e+02 6.3525402832e+02 6.3579797363e+02 6.3624200439e+02 6.3662200928e+02 6.3693402100e+02 6.3718103027e+02 6.3735900879e+02 6.3749798584e+02 6.3763299561e+02 6.3769201660e+02 6.3772100830e+02 6.3773699951e+02 6.3777197266e+02 6.3787402344e+02 6.3799298096e+02 6.3809002686e+02
6.2888397217e+02 6.2897900391e+02 6.2910101318e+02 6.2928601074e+02 6.2949700928e+02 6.2969396973e+02 6.2985498047e+02 6.2998699951e+02 6.3014099121e+02 6.3031701660e+02 6.3051898193e+02 6.3072302246e+02 6.3095599365e+02 6.3118200684e+02 6.3136499023e+02 6.3157397461e+02 6.3186798096e+02 6.3219396973e+02 6.3244799805e+02 6.3256298828e+02 6.3271301270e+02 6.3290600586e+02 6.3311102295e+02 6.3330798340e+02 6.3350500488e+02 6.3370001221e+02 6.3388299561e+02 6.3410601807e+02 6.3435797119e+02 6.3463702393e+02 6.3502398682e+02 6.3553698730e+02 6.3601000977e+02 6.3643200684e+02 6.3678002930e+02 6.3702099609e+02 6.3718402100e+02 6.3730200195e+02 6.3741998291e+02 6.3754797363e+02 6.3765002441e+02 6.3771301270e+02 6.3773602295e+02 6.3782702637e+02 6.3795800781e+02 6.3804602051e+02
6.2865802002e+02 6.2875500488e+02 6.2888000488e+02 6.2906597900e+02 6.2926800537e+02 6.2946002197e+02 6.2962298584e+02 6.2976599121e+02 6.2993298340e+02 6.3011901855e+02 6.3031201172e+02 6.3048797607e+02 6.3071801758e+02 6.3096398926e+02 6.3116302490e+02 6.3132702637e+02 6.3156701660e+02 6.3186102295e+02 6.3214099121e+02 6.3232501221e+02 6.3252099609e+02 6.3274401855e+02 6.3295397949e+02 6.3312200928e+02 6.3329602051e+02 6.3348199463e+02 6.3367297363e+02 6.3387799072e+02 6.3411700439e+02 6.3439099121e+02 6.3475701904e+02 6.3522900391e+02 6.3570501709e+02 6.3616101074e+02 6.3656799316e+02 6.3682098389e+02 6.3698199463e+02 6.3709100342e+02 6.3719897461e+02 6.3739099121e+02 6.3757800293e+02 6.3770501709e+02 6.3773297119e+02 6.3777600098e+02 6.3789001465e+02 6.3798901367e+02
6.2844299316e+02 6.2854101563e+02 6.2866900635e+02 6.2885900879e+02 6.2905401611e+02 6.2923699951e+02 6.2940002441e+02 6.2954901123e+02 6.2972601318e+02 6.2991900635e+02 6.3010498047e+02 6.3025097656e+02 6.3047302246e+02 6.3072998047e+02 6.3094897461e+02 6.3110302734e+02 6.3127502441e+02 6.3148101807e+02 6.3173699951e+02 6.3201800537e+02 6.3229302979e+02 6.3256799316e+02 6.3279302979e+02 6.3292700195e+02 6.3308300781e+02 6.3326397705e+02 6.3348498535e+02 6.3367498779e+02 6.3388397217e+02 6.3410998535e+02 6.3433898926e+02 6.3479101563e+02 6.3524298096e+02 6.3572900391e+02 6.3615502930e+02 6.3649798584e+02 6.3670501709e+02 6.3686102295e+02 6.3703002930e+02 6.3723498535e+02 6.3747399902e+02 6.3765399170e+02 6.3772802734e+02 6.3772302246e+02 6.3779602051e+02 6.3790899658e+02
6.2824102783e+02 6.2834197998e+02 6.2847998047e+02 6.2865301514e+02 6.2883001709e+02 6.2900201416e+02 6.2915502930e+02 6.2929400635e+02 6.2946697998e+02 6.2966101074e+02 6.2985601807e+02 6.3001397705e+02 6.3022998047e+02 6.3047497559e+02 6.3069396973e+02 6.3087597656e+02 6.3105902100e+02 6.3125500488e+02 6.3151300049e+02 6.3177001953e+02 6.3203100586e+02 6.3232098389e+02 6.3256201172e+02 6.3270898438e+02 6.3285797119e+02 6.3302398682e+02 6.3322802734e+02 6.3342401123e+02 6.3363000488e+02 6.3384698486e+02 6.3404699707e+02 6.3434600830e+02 6.3472698975e+02 6.3517401123e+02 6.3566601563e+02 6.3605200195e+02 6.3633697510e+02 6.3657702637e+02 6.3679302979e+02 6.3705297852e+02 6.3731799316e+02 6.3752398682e+02 6.3763098145e+02 6.3760998535e+02 6.3766998291e+02 6.3776098633e+02
6.2808697510e+02 6.2819201660e+02 6.2832598877e+02 6.2846398926e+02 6.2860400391e+02 6.2876000977e+02 6.2890899658e+02 6.2904498291e+02 6.2921197510e+02 6.2939801025e+02 6.2959497070e+02 6.2977398682e+02 6.3000000000e+02 6.3023797607e+02 6.3044598389e+02 6.3064300537e+02 6.3086102295e+02 6.3109002686e+02 6.3135101318e+02 6.3156701660e+02 6.3178802490e+02 6.3204901123e+02 6.3230297852e+02 6.3247198486e+02 6.3262402344e+02 6.3278302002e+02 6.3295800781e+02 6.3313598633e+02 6.3335101318e+02 6.3359802246e+02 6.3381097412e+02 6.3402197266e+02 6.3433801270e+02 6.3473297119e+02 6.3521398926e+02 6.3565197754e+02 6.3597802734e+02 6.3626300049e+02 6.3652697754e+02 6.3684399414e+02 6.3715399170e+02 6.3740100098e+02 6.3755603027e+02 6.3756500244e+02 6.3758197021e+02 6.3763201904e+02
6.2796801758e+02 6.2806402588e+02 6.2818402100e+02 6.2828997803e+02 6.2839599609e+02 6.2853198242e+02 6.2868402100e+02 6.2882897949e+02 6.2898901367e+02 6.2916302490e+02 6.2934600830e+02 6.2954797363e+02 6.2978698730e+02 6.3001898193e+02 6.3020697021e+02 6.3040002441e+02 6.3064300537e+02 6.3091198730e+02 6.3119897461e+02 6.3139898682e+02 6.3157897949e+02 6.3179400635e+02 6.3202899170e+02 6.3221600342e+02 6.3238201904e+02 6.3254998779e+02 6.3271697998e+02 6.3287597656e+02 6.3308697510e+02 6.3334899902e+02 6.3359600830e+02 6.3377099609e+02 6.3403802490e+02 6.3438500977e+02 6.3482702637e+02 6.3527197266e+02 6.3562200928e+02 6.3593798828e+02 6.3623199463e+02 6.3658197021e+02 6.3692901611e+02 6.3721997070e+02 6.3745599365e+02 6.3755603027e+02 6.3754302979e+02 6.3756298828e+02
