TESTSERVER/0/1.asc
NCOLS 100
NROWS 100
XLLCORNER 7.4997500000e+03
YLLCORNER 2.8990025000e+05
CELLSIZE 5.0000000000e-01
NODATA_VALUE -9.9990000000e+03
[rows 40 to 59 of 100, columns 46 to 91 of 100]
6.3299499512e+02 6.3325799561e+02 6.3350402832e+02 6.3373797607e+02 6.3396697998e+02 6.3418103027e+02 6.3440100098e+02 6.3465899658e+02 6.3494702148e+02 6.3525598145e+02 6.3549401855e+02 6.3574902344e+02 6.3605700684e+02 6.3640502930e+02 6.3675000000e+02 6.3705902100e+02 6.3729302979e+02 6.3752600098e+02 6.3777899170e+02 6.3801098633e+02 6.3818402100e+02 6.3839501953e+02 6.3856500244e+02 6.3867602539e+02 6.3875701904e+02 6.3890002441e+02 6.3905700684e+02 6.3918701172e+02 6.3926800537e+02 6.3937402344e+02 6.3948199463e+02 6.3958898926e+02 6.3970300293e+02 6.3979998779e+02 6.3989202881e+02 6.3995800781e+02 6.3997302246e+02 6.3996600342e+02 6.3995898438e+02 6.3995697021e+02 6.3997601318e+02 6.4000701904e+02 6.4003302002e+02 6.4005700684e+02 6.4008398438e+02 6.4009002686e+02
6.3282501221e+02 6.3311102295e+02 6.3336798096e+02 6.3359399414e+02 6.3378802490e+02 6.3398297119e+02 6.3419897461e+02 6.3444000244e+02 6.3471697998e+02 6.3501000977e+02 6.3529498291e+02 6.3556701660e+02 6.3582202148e+02 6.3611102295e+02 6.3643103027e+02 6.3675299072e+02 6.3704602051e+02 6.3732299805e+02 6.3760198975e+02 6.3786199951e+02 6.3806896973e+02 6.3825000000e+02 6.3843200684e+02 6.3857598877e+02 6.3867602539e+02 6.3880499268e+02 6.3893902588e+02 6.3905603027e+02 6.3914398193e+02 6.3924700928e+02 6.3937597656e+02 6.3951000977e+02 6.3964898682e+02 6.3977801514e+02 6.3986798096e+02 6.3992999268e+02 6.3996099854e+02 6.3997100830e+02 6.3997802734e+02 6.3998797607e+02 6.4000799561e+02 6.4005499268e+02 6.4010498047e+02 6.4014801025e+02 6.4017700195e+02 6.4019299316e+02
6.3261999512e+02 6.3291802979e+02 6.3317901611e+02 6.3340399170e+02 6.3359002686e+02 6.3377899170e+02 6.3398699951e+02 6.3421398926e+02 6.3447399902e+02 6.3475897217e+02 6.3503900146e+02 6.3531298828e+02 6.3555902100e+02 6.3582702637e+02 6.3614599609e+02 6.3647601318e+02 6.3678198242e+02 6.3707397461e+02 6.3738397217e+02 6.3769000244e+02 6.3795001221e+02 6.3815600586e+02 6.3835498047e+02 6.3851397705e+02 6.3862298584e+02 6.3872198486e+02 6.3882897949e+02 6.3892602539e+02 6.3901202393e+02 6.3913800049e+02 6.3928100586e+02 6.3942901611e+02 6.3957299805e+02 6.3970501709e+02 6.3980499268e+02 6.3987902832e+02 6.3991900635e+02 6.3994500732e+02 6.3996801758e+02 6.3999298096e+02 6.4001800537e+02 6.4007397461e+02 6.4013897705e+02 6.4019396973e+02 6.4023297119e+02 6.4024902344e+02
6.3237402344e+02 6.3268701172e+02 6.3295300293e+02 6.3318103027e+02 6.3337200928e+02 6.3356402588e+02 6.3376800537e+02 6.3398498535e+02 6.3422698975e+02 6.3448901367e+02 6.3475799561e+02 6.3502502441e+02 6.3526800537e+02 6.3553100586e+02 6.3585302734e+02 6.3618798828e+02 6.3648602295e+02 6.3676702881e+02 6.3710699463e+02 6.3746197510e+02 6.3779498291e+02 6.3806701660e+02 6.3829797363e+02 6.3846697998e+02 6.3857598877e+02 6.3864898682e+02 6.3872802734e+02 6.3879998779e+02 6.3887701416e+02 6.3901300049e+02 6.3915997314e+02 6.3931402588e+02 6.3946697998e+02 6.3960601807e+02 6.3971697998e+02 6.3980200195e+02 6.3985198975e+02 6.3988897705e+02 6.3992602539e+02 6.3996600342e+02 6.4000500488e+02 6.4006896973e+02 6.4014202881e+02 6.4020501709e+02 6.4023999023e+02 6.4025097656e+02
6.3209197998e+02 6.3242700195e+02 6.3270397949e+02 6.3294097900e+02 6.3314501953e+02 6.3334698486e+02 6.3355798340e+02 6.3377398682e+02 6.3399902344e+02 6.3421801758e+02 6.3446197510e+02 6.3471197510e+02 6.3493701172e+02 6.3523199463e+02 6.3554998779e+02 6.3587902832e+02 6.3614001465e+02 6.3643499756e+02 6.3680499268e+02 6.3720001221e+02 6.3758099365e+02 6.3792901611e+02 6.3820697021e+02 6.3839898682e+02 6.3851599121e+02 6.3859497070e+02 6.3865197754e+02 6.3870001221e+02 6.3876702881e+02 6.3886798096e+02 6.3899200439e+02 6.3914001465e+02 6.3932098389e+02 6.3950402832e+02 6.3962500000e+02 6.3971197510e+02 6.3977001953e+02 6.3979998779e+02 6.3984301758e+02 6.3989599609e+02 6.3996002197e+02 6.4004797363e+02 6.4012097168e+02 6.4018200684e+02 6.4020202637e+02 6.4022100830e+02
6.3184997559e+02 6.3215802002e+02 6.3244396973e+02 6.3269500732e+02 6.3291699219e+02 6.3312902832e+02 6.3334197998e+02 6.3356298828e+02 6.3378198242e+02 6.3400097656e+02 6.3423199463e+02 6.3446801758e+02 6.3470397949e+02 6.3497698975e+02 6.3526599121e+02 6.3556701660e+02 6.3584899902e+02 6.3616302490e+02 6.3655401611e+02 6.3696301270e+02 6.3734197998e+02 6.3768103027e+02 6.3799102783e+02 6.3822998047e+02 6.3840399170e+02 6.3854101563e+02 6.3860797119e+02 6.3866198730e+02 6.3871301270e+02 6.3876800537e+02 6.3884002686e+02 6.3896099854e+02 6.3915301514e+02 6.3937097168e+02 6.3950897217e+02 6.3959497070e+02 6.3964898682e+02 6.3969097900e+02 6.3975000000e+02 6.3982397461e+02 6.3991101074e+02 6.4000299072e+02 6.4009100342e+02 6.4016601563e+02 6.4022198486e+02 6.4026501465e+02
6.3164898682e+02 6.3193798828e+02 6.3221697998e+02 6.3247100830e+02 6.3269500732e+02 6.3289300537e+02 6.3310302734e+02 6.3332501221e+02 6.3355902100e+02 6.3378399658e+02 6.3401000977e+02 6.3424298096e+02 6.3447698975e+02 6.3472698975e+02 6.3499401855e+02 6.3527600098e+02 6.3555700684e+02 6.3588598633e+02 6.3629400635e+02 6.3672802734e+02 6.3712597656e+02 6.3744500732e+02 6.3776000977e+02 6.3802398682e+02 6.3824902344e+02 6.3841802979e+02 6.3849902344e+02 6.3857098389e+02 6.3863897705e+02 6.3868298340e+02 6.3874102783e+02 6.3884698486e+02 6.3902398682e+02 6.3921997070e+02 6.3935797119e+02 6.3945098877e+02 6.3951702881e+02 6.3958697510e+02 6.3967102051e+02 6.3976702881e+02 6.3985998535e+02 6.3995300293e+02 6.4005603027e+02 6.4015301514e+02 6.4024798584e+02 6.4032598877e+02
6.3147302246e+02 6.3174499512e+02 6.3201202393e+02 6.3226202393e+02 6.3247497559e+02 6.3265399170e+02 6.3285998535e+02 6.3308398438e+02 6.3333300781e+02 6.3356597900e+02 6.3378900146e+02 6.3401898193e+02 6.3425299072e+02 6.3448297119e+02 6.3472802734e+02 6.3499401855e+02 6.3526397705e+02 6.3559802246e+02 6.3602600098e+02 6.3648699951e+02 6.3693902588e+02 6.3724200439e+02 6.3753497314e+02 6.3779400635e+02 6.3803601074e+02 6.3821997070e+02 6.3832000732e+02 6.3842199707e+02 6.3853698730e+02 6.3860601807e+02 6.3866900635e+02 6.3877099609e+02 6.3893103027e+02 6.3908398438e+02 6.3921197510e+02 6.3931298828e+02 6.3939801025e+02 6.3949401855e+02 6.3960198975e+02 6.3971801758e+02 6.3982000732e+02 6.3991497803e+02 6.4002801514e+02 6.4014202881e+02 6.4026599121e+02 6.4036901855e+02
6.3129998779e+02 6.3156799316e+02 6.3181896973e+02 6.3205102539e+02 6.3223699951e+02 6.3243798828e+02 6.3264599609e+02 6.3286901855e+02 6.3311499023e+02 6.3335198975e+02 6.3357800293e+02 6.3380297852e+02 6.3402001953e+02 6.3424401855e+02 6.3447302246e+02 6.3471099854e+02 6.3492901611e+02 6.3530499268e+02 6.3576898193e+02 6.3628698730e+02 6.3692700195e+02 6.3713000488e+02 6.3735900879e+02 6.3755102539e+02 6.3764898682e+02 6.3787597656e+02 6.3805200195e+02 6.3823901367e+02 6.3840997314e+02 6.3851098633e+02 6.3859600830e+02 6.3869799805e+02 6.3883197021e+02 6.3896697998e+02 6.3909399414e+02 6.3921600342e+02 6.3931201172e+02 6.3941400146e+02 6.3955297852e+02 6.3970001221e+02 6.3983599854e+02 6.3990698242e+02 6.4001397705e+02 6.4012597656e+02 6.4024102783e+02 6.4035601807e+02
6.3108300781e+02 6.3135400391e+02 6.3160400391e+02 6.3183001709e+02 6.3203698730e+02 6.3225598145e+02 6.3246697998e+02 6.3267700195e+02 6.3288800049e+02 6.3310998535e+02 6.3333300781e+02 6.3355200195e+02 6.3376800537e+02 6.3399401855e+02 6.3421600342e+02 6.3443701172e+02 6.3461297607e+02 6.3492199707e+02 6.3537902832e+02 6.3591198730e+02 6.3653399658e+02 6.3692297363e+02 6.3718499756e+02 6.3732800293e+02 6.3737500000e+02 6.3755102539e+02 6.3779699707e+02 6.3805499268e+02 6.3827600098e+02 6.3839501953e+02 6.3847399902e+02 6.3855902100e+02 6.3866400146e+02 6.3881298828e+02 6.3898400879e+02 6.3915502930e+02 6.3925097656e+02 6.3931799316e+02 6.3946002197e+02 6.3962701416e+02 6.3975897217e+02 6.3988500977e+02 6.4001300049e+02 6.4012902832e+02 6.4022497559e+02 6.4030700684e+02
6.3085498047e+02 6.3113299561e+02 6.3140301514e+02 6.3165600586e+02 6.3189300537e+02 6.3212200928e+02 6.3232501221e+02 6.3251397705e+02 6.3268798828e+02 6.3287902832e+02 6.3308697510e+02 6.3329797363e+02 6.3352099609e+02 6.3374902344e+02 6.3396697998e+02 6.3418701172e+02 6.3432897949e+02 6.3455499268e+02 6.3495501709e+02 6.3543200684e+02 6.3598699951e+02 6.3648901367e+02 6.3688598633e+02 6.3710998535e+02 6.3715802002e+02 6.3731799316e+02 6.3757098389e+02 6.3784600830e+02 6.3810198975e+02 6.3823400879e+02 6.3830902100e+02 6.3839099121e+02 6.3849401855e+02 6.3863500977e+02 6.3881799316e+02 6.3900897217e+02 6.3913201904e+02 6.3920397949e+02 6.3934899902e+02 6.3951898193e+02 6.3966601563e+02 6.3983099365e+02 6.3998901367e+02 6.4011999512e+02 6.4018798828e+02 6.4022698975e+02
6.3063000488e+02 6.3092700195e+02 6.3122802734e+02 6.3151898193e+02 6.3179400635e+02 6.3203100586e+02 6.3222399902e+02 6.3238800049e+02 6.3251898193e+02 6.3267498779e+02 6.3286499023e+02 6.3306500244e+02 6.3329101563e+02 6.3352197266e+02 6.3373999023e+02 6.3396197510e+02 6.3409802246e+02 6.3425299072e+02 6.3457800293e+02 6.3497497559e+02 6.3540399170e+02 6.3597302246e+02 6.3652600098e+02 6.3688397217e+02 6.3698400879e+02 6.3709899902e+02 6.3733398438e+02 6.3760101318e+02 6.3786798096e+02 6.3801501465e+02 6.3810400391e+02 6.3820599365e+02 6.3833502197e+02 6.3846899414e+02 6.3864099121e+02 6.3882501221e+02 6.3895300293e+02 6.3904602051e+02 6.3921502686e+02 6.3940197754e+02 6.3955200195e+02 6.3973498535e+02 6.3991302490e+02 6.4006201172e+02 6.4012097168e+02 6.4012597656e+02
6.3041101074e+02 6.3074798584e+02 6.3108898926e+02 6.3142498779e+02 6.3176098633e+02 6.3196997070e+02 6.3215100098e+02 6.3228497314e+02 6.3239099121e+02 6.3250897217e+02 6.3267401123e+02 6.3286700439e+02 6.3309698486e+02 6.3331298828e+02 6.3353802490e+02 6.3377197266e+02 6.3402697754e+02 6.3415502930e+02 6.3439697266e+02 6.3467199707e+02 6.3499798584e+02 6.3552099609e+02 6.3615301514e+02 6.3664898682e+02 6.3693499756e+02 6.3692297363e+02 6.3708099365e+02 6.3729901123e+02 6.3756896973e+02 6.3772698975e+02 6.3783898926e+02 6.3798101807e+02 6.3817401123e+02 6.3833599854e+02 6.3849102783e+02 6.3863702393e+02 6.3871600342e+02 6.3881701660e+02 6.3902899170e+02 6.3927502441e+02 6.3946002197e+02 6.3957202148e+02 6.3974597168e+02 6.3991900635e+02 6.4001300049e+02 6.4002697754e+02
6.3020599365e+02 6.3059301758e+02 6.3095300293e+02 6.3129101563e+02 6.3161602783e+02 6.3187200928e+02 6.3204901123e+02 6.3217401123e+02 6.3224597168e+02 6.3235400391e+02 6.3251098633e+02 6.3270697021e+02 6.3292700195e+02 6.3313201904e+02 6.3335900879e+02 6.3359899902e+02 6.3384399414e+02 6.3406896973e+02 6.3429302979e+02 6.3452197266e+02 6.3472100830e+02 6.3510699463e+02 6.3564001465e+02 6.3614599609e+02 6.3650402832e+02 6.3660498047e+02 6.3673101807e+02 6.3691101074e+02 6.3716601563e+02 6.3735101318e+02 6.3751202393e+02 6.3772900391e+02 6.3801202393e+02 6.3823797607e+02 6.3839398193e+02 6.3849499512e+02 6.3854400635e+02 6.3856799316e+02 6.3874102783e+02 6.3902197266e+02 6.3923699951e+02 6.3932098389e+02 6.3948699951e+02 6.3968701172e+02 6.3984899902e+02 6.3992602539e+02
6.3001000977e+02 6.3040197754e+02 6.3076000977e+02 6.3108502197e+02 6.3139501953e+02 6.3166198730e+02 6.3185601807e+02 6.3200201416e+02 6.3208300781e+02 6.3219201660e+02 6.3235302734e+02 6.3254699707e+02 6.3276501465e+02 6.3296801758e+02 6.3318902588e+02 6.3341802979e+02 6.3365301514e+02 6.3386499023e+02 6.3407800293e+02 6.3430102539e+02 6.3449597168e+02 6.3476702881e+02 6.3517297363e+02 6.3560400391e+02 6.3599902344e+02 6.3618200684e+02 6.3634399414e+02 6.3653399658e+02 6.3677801514e+02 6.3697302246e+02 6.3718103027e+02 6.3746002197e+02 6.3783599854e+02 6.3814300537e+02 6.3830499268e+02 6.3839001465e+02 6.3843798828e+02 6.3844097900e+02 6.3853100586e+02 6.3872802734e+02 6.3894598389e+02 6.3906298828e+02 6.3923901367e+02 6.3945800781e+02 6.3967700195e+02 6.3981201172e+02
6.2979400635e+02 6.3017602539e+02 6.3052197266e+02 6.3083001709e+02 6.3110601807e+02 6.3136999512e+02 6.3159997559e+02 6.3178900146e+02 6.3190899658e+02 6.3203497314e+02 6.3220300293e+02 6.3239599609e+02 6.3261499023e+02 6.3281799316e+02 6.3302600098e+02 6.3324200439e+02 6.3345697021e+02 6.3365502930e+02 6.3386401367e+02 6.3408599854e+02 6.3430902100e+02 6.3453997803e+02 6.3483697510e+02 6.3517602539e+02 6.3554699707e+02 6.3579998779e+02 6.3600897217e+02 6.3621899414e+02 6.3644702148e+02 6.3663897705e+02 6.3687597656e+02 6.3718402100e+02 6.3761602783e+02 6.3797698975e+02 6.3814801025e+02 6.3824499512e+02 6.3832299805e+02 6.3836401367e+02 6.3842797852e+02 6.3854901123e+02 6.3870599365e+02 6.3885101318e+02 6.3904602051e+02 6.3928100586e+02 6.3952801514e+02 6.3969702148e+02
6.2955700684e+02 6.2992901611e+02 6.3025402832e+02 6.3054101563e+02 6.3077099609e+02 6.3104400635e+02 6.3131896973e+02 6.3155902100e+02 6.3174798584e+02 6.3191101074e+02 6.3209497070e+02 6.3228601074e+02 6.3250799561e+02 6.3269201660e+02 6.3287799072e+02 6.3305902100e+02 6.3321899414e+02 6.3343701172e+02 6.3365301514e+02 6.3389202881e+02 6.3416699219e+02 6.3442498779e+02 6.3469000244e+02 6.3495898438e+02 6.3527301025e+02 6.3555902100e+02 6.3578802490e+02 6.3598101807e+02 6.3618798828e+02 6.3637701416e+02 6.3663201904e+02 6.3695599365e+02 6.3736297607e+02 6.3766497803e+02 6.3785302734e+02 6.3799902344e+02 6.3813000488e+02 6.3822399902e+02 6.3834399414e+02 6.3848199463e+02 6.3859002686e+02 6.3872601318e+02 6.3893298340e+02 6.3917498779e+02 6.3941900635e+02 6.3957000732e+02
6.2933001709e+02 6.2966400146e+02 6.2996502686e+02 6.3024798584e+02 6.3052099609e+02 6.3079998779e+02 6.3107800293e+02 6.3134002686e+02 6.3158300781e+02 6.3180999756e+02 6.3201898193e+02 6.3221600342e+02 6.3240100098e+02 6.3257000732e+02 6.3271801758e+02 6.3285302734e+02 6.3297998047e+02 6.3317901611e+02 6.3344201660e+02 6.3373699951e+02 6.3401300049e+02 6.3427301025e+02 6.3454302979e+02 6.3480102539e+02 6.3507598877e+02 6.3538299561e+02 6.3558599854e+02 6.3570898438e+02 6.3584802246e+02 6.3608599854e+02 6.3643499756e+02 6.3680603027e+02 6.3707000732e+02 6.3725701904e+02 6.3749798584e+02 6.3776000977e+02 6.3793200684e+02 6.3801599121e+02 6.3813500977e+02 6.3829302979e+02 6.3843298340e+02 6.3858197021e+02 6.3878399658e+02 6.3902099609e+02 6.3925299072e+02 6.3938800049e+02
6.2912298584e+02 6.2941802979e+02 6.2970300293e+02 6.2998602295e+02 6.3027801514e+02 6.3055102539e+02 6.3082702637e+02 6.3110900879e+02 6.3139501953e+02 6.3165399170e+02 6.3188098145e+02 6.3208398438e+02 6.3225598145e+02 6.3239599609e+02 6.3251599121e+02 6.3262799072e+02 6.3273101807e+02 6.3294799805e+02 6.3326202393e+02 6.3360498047e+02 6.3389099121e+02 6.3410601807e+02 6.3434698486e+02 6.3458599854e+02 6.3483398438e+02 6.3513702393e+02 6.3534997559e+02 6.3546697998e+02 6.3555700684e+02 6.3581298828e+02 6.3622198486e+02 6.3662402344e+02 6.3682299805e+02 6.3687701416e+02 6.3707000732e+02 6.3736901855e+02 6.3765399170e+02 6.3780401611e+02 6.3792700195e+02 6.3808099365e+02 6.3825000000e+02 6.3841601563e+02 6.3861798096e+02 6.3884399414e+02 6.3905401611e+02 6.3918701172e+02
6.2892102051e+02 6.2919598389e+02 6.2946600342e+02 6.2973901367e+02 6.3002801514e+02 6.3028698730e+02 6.3055902100e+02 6.3085302734e+02 6.3116900635e+02 6.3145098877e+02 6.3169201660e+02 6.3189898682e+02 6.3205999756e+02 6.3217297363e+02 6.3227600098e+02 6.3237402344e+02 6.3247399902e+02 6.3272601318e+02 6.3309002686e+02 6.3347802734e+02 6.3378198242e+02 6.3394897461e+02 6.3414898682e+02 6.3435400391e+02 6.3456298828e+02 6.3484197998e+02 6.3507098389e+02 6.3522198486e+02 6.3532702637e+02 6.3556597900e+02 6.3597497559e+02 6.3639099121e+02 6.3663098145e+02 6.3661199951e+02 6.3668499756e+02 6.3691699219e+02 6.3730200195e+02 6.3755902100e+02 6.3770001221e+02 6.3785699463e+02 6.3806201172e+02 6.3825299072e+02 6.3845202637e+02 6.3865399170e+02 6.3883197021e+02 6.3896301270e+02
