TESTSERVER/0/10.asc
NCOLS 100
NROWS 100
XLLCORNER 7.4997500000e+03
YLLCORNER 2.8945025000e+05
CELLSIZE 5.0000000000e-01
NODATA_VALUE -9.9990000000e+03
[rows 40 to 59 of 100, columns 0 to 45 of 100]
5.5956799316e+02 5.5962500000e+02 5.5965997314e+02 5.5968798828e+02 5.5970599365e+02 5.5969299316e+02 5.5970397949e+02 5.5978100586e+02 5.5988299561e+02 5.6000299072e+02 5.6013000488e+02 5.6022302246e+02 5.6031298828e+02 5.6042797852e+02 5.6053497314e+02 5.6049401855e+02 5.6045397949e+02 5.6040698242e+02 5.6038000488e+02 5.6037097168e+02 5.6034497070e+02 5.6032702637e+02 5.6031799316e+02 5.6028399658e+02 5.6025402832e+02 5.6034899902e+02 5.6053802490e+02 5.6083898926e+02 5.6105499268e+02 5.6119897461e+02 5.6124102783e+02 5.6127697754e+02 5.6129199219e+02 5.6133099365e+02 5.6138598633e+02 5.6144598389e+02 5.6148297119e+02 5.6152899170e+02 5.6160101318e+02 5.6162902832e+02 5.6166101074e+02 5.6170501709e+02 5.6175598145e+02 5.6177502441e+02 5.6181201172e+02 5.6183398438e+02
5.5938299561e+02 5.5943200684e+02 5.5945501709e+02 5.5948797607e+02 5.5949798584e+02 5.5949102783e+02 5.5950897217e+02 5.5955700684e+02 5.5964898682e+02 5.5975097656e+02 5.5985400391e+02 5.5997601318e+02 5.6008300781e+02 5.6019299316e+02 5.6032000732e+02 5.6040698242e+02 5.6042602539e+02 5.6038000488e+02 5.6032501221e+02 5.6032202148e+02 5.6029498291e+02 5.6027697754e+02 5.6026501465e+02 5.6024597168e+02 5.6021899414e+02 5.6021398926e+02 5.6027502441e+02 5.6047100830e+02 5.6071301270e+02 5.6093103027e+02 5.6104699707e+02 5.6111700439e+02 5.6115100098e+02 5.6118402100e+02 5.6122998047e+02 5.6128302002e+02 5.6131500244e+02 5.6134497070e+02 5.6137500000e+02 5.6141601563e+02 5.6146997070e+02 5.6152197266e+02 5.6155999756e+02 5.6159600830e+02 5.6165002441e+02 5.6167401123e+02
5.5918902588e+02 5.5922900391e+02 5.5925897217e+02 5.5926800537e+02 5.5926397705e+02 5.5926202393e+02 5.5929797363e+02 5.5935101318e+02 5.5943701172e+02 5.5951000977e+02 5.5958801270e+02 5.5969500732e+02 5.5981701660e+02 5.5993499756e+02 5.6003100586e+02 5.6013500977e+02 5.6025000000e+02 5.6031402588e+02 5.6030798340e+02 5.6029302979e+02 5.6024798584e+02 5.6022900391e+02 5.6022198486e+02 5.6020397949e+02 5.6018902588e+02 5.6016699219e+02 5.6013098145e+02 5.6014001465e+02 5.6027398682e+02 5.6051397705e+02 5.6076000977e+02 5.6090100098e+02 5.6100299072e+02 5.6103997803e+02 5.6107098389e+02 5.6112200928e+02 5.6115600586e+02 5.6117797852e+02 5.6119702148e+02 5.6123400879e+02 5.6129199219e+02 5.6134100342e+02 5.6136499023e+02 5.6141699219e+02 5.6145599365e+02 5.6148498535e+02
5.5899102783e+02 5.5903100586e+02 5.5906500244e+02 5.5904901123e+02 5.5903900146e+02 5.5903997803e+02 5.5908300781e+02 5.5915002441e+02 5.5922601318e+02 5.5928997803e+02 5.5936199951e+02 5.5944702148e+02 5.5955603027e+02 5.5966802979e+02 5.5975097656e+02 5.5983697510e+02 5.5996099854e+02 5.6010101318e+02 5.6022399902e+02 5.6026501465e+02 5.6022900391e+02 5.6019201660e+02 5.6017602539e+02 5.6015100098e+02 5.6013299561e+02 5.6012500000e+02 5.6010601807e+02 5.6007000732e+02 5.6006597900e+02 5.6016900635e+02 5.6040698242e+02 5.6059698486e+02 5.6080102539e+02 5.6089398193e+02 5.6092102051e+02 5.6097100830e+02 5.6100701904e+02 5.6102801514e+02 5.6105798340e+02 5.6108300781e+02 5.6112597656e+02 5.6116101074e+02 5.6118902588e+02 5.6123297119e+02 5.6126000977e+02 5.6129699707e+02
5.5878997803e+02 5.5882501221e+02 5.5884600830e+02 5.5882897949e+02 5.5883398438e+02 5.5884497070e+02 5.5888598633e+02 5.5894598389e+02 5.5899798584e+02 5.5905999756e+02 5.5912597656e+02 5.5918499756e+02 5.5928002930e+02 5.5940301514e+02 5.5951000977e+02 5.5958502197e+02 5.5968103027e+02 5.5979901123e+02 5.5999102783e+02 5.6016900635e+02 5.6021099854e+02 5.6017498779e+02 5.6013397217e+02 5.6010302734e+02 5.6008197021e+02 5.6008099365e+02 5.6008001709e+02 5.6006799316e+02 5.6003100586e+02 5.5999597168e+02 5.6001098633e+02 5.6021502686e+02 5.6046398926e+02 5.6067297363e+02 5.6080200195e+02 5.6083502197e+02 5.6086901855e+02 5.6089599609e+02 5.6092401123e+02 5.6094702148e+02 5.6098297119e+02 5.6101397705e+02 5.6105401611e+02 5.6107000732e+02 5.6109899902e+02 5.6114300537e+02
5.5858502197e+02 5.5862097168e+02 5.5863702393e+02 5.5862097168e+02 5.5862701416e+02 5.5863397217e+02 5.5867999268e+02 5.5873297119e+02 5.5876800537e+02 5.5881799316e+02 5.5890600586e+02 5.5897601318e+02 5.5903900146e+02 5.5914599609e+02 5.5924700928e+02 5.5935400391e+02 5.5948297119e+02 5.5960101318e+02 5.5977099609e+02 5.5993798828e+02 5.6005102539e+02 5.6011999512e+02 5.6011499023e+02 5.6007202148e+02 5.6003900146e+02 5.6003100586e+02 5.6002197266e+02 5.6000299072e+02 5.5999200439e+02 5.5996697998e+02 5.5993200684e+02 5.5995098877e+02 5.6007800293e+02 5.6028100586e+02 5.6048297119e+02 5.6065698242e+02 5.6074597168e+02 5.6076501465e+02 5.6078601074e+02 5.6083099365e+02 5.6085302734e+02 5.6087298584e+02 5.6090301514e+02 5.6092102051e+02 5.6095397949e+02 5.6099200439e+02
5.5838800049e+02 5.5843200684e+02 5.5844299316e+02 5.5842901611e+02 5.5843597412e+02 5.5845202637e+02 5.5849200439e+02 5.5852899170e+02 5.5855902100e+02 5.5860198975e+02 5.5867901611e+02 5.5874401855e+02 5.5879797363e+02 5.5888897705e+02 5.5898797607e+02 5.5910998535e+02 5.5924200439e+02 5.5937500000e+02 5.5953698730e+02 5.5963201904e+02 5.5972601318e+02 5.5987097168e+02 5.5998602295e+02 5.6002001953e+02 5.6000701904e+02 5.5998101807e+02 5.5995202637e+02 5.5995202637e+02 5.5995397949e+02 5.5992700195e+02 5.5989099121e+02 5.5986102295e+02 5.5985400391e+02 5.5992700195e+02 5.6008099365e+02 5.6033801270e+02 5.6055603027e+02 5.6064898682e+02 5.6067102051e+02 5.6071301270e+02 5.6072198486e+02 5.6074298096e+02 5.6078100586e+02 5.6079699707e+02 5.6081402588e+02 5.6084301758e+02
5.5818798828e+02 5.5824902344e+02 5.5826501465e+02 5.5824499512e+02 5.5824902344e+02 5.5826300049e+02 5.5829199219e+02 5.5832598877e+02 5.5835601807e+02 5.5838897705e+02 5.5844500732e+02 5.5850299072e+02 5.5857098389e+02 5.5866998291e+02 5.5875897217e+02 5.5886297607e+02 5.5898101807e+02 5.5912597656e+02 5.5928302002e+02 5.5934399414e+02 5.5940301514e+02 5.5954699707e+02 5.5972601318e+02 5.5985601807e+02 5.5994000244e+02 5.5996197510e+02 5.5990899658e+02 5.5990899658e+02 5.5990301514e+02 5.5987402344e+02 5.5984399414e+02 5.5984002686e+02 5.5980401611e+02 5.5977301025e+02 5.5981201172e+02 5.5999700928e+02 5.6025097656e+02 5.6043402100e+02 5.6051800537e+02 5.6058801270e+02 5.6060302734e+02 5.6061297607e+02 5.6064202881e+02 5.6065399170e+02 5.6066497803e+02 5.6069702148e+02
5.5800097656e+02 5.5806097412e+02 5.5807800293e+02 5.5806896973e+02 5.5807299805e+02 5.5807299805e+02 5.5809197998e+02 5.5813098145e+02 5.5815802002e+02 5.5818103027e+02 5.5822998047e+02 5.5828302002e+02 5.5835998535e+02 5.5844897461e+02 5.5853002930e+02 5.5862402344e+02 5.5872497559e+02 5.5882702637e+02 5.5893902588e+02 5.5904699707e+02 5.5913800049e+02 5.5925299072e+02 5.5940301514e+02 5.5954498291e+02 5.5973400879e+02 5.5988897705e+02 5.5990100098e+02 5.5987701416e+02 5.5984399414e+02 5.5982202148e+02 5.5982702637e+02 5.5979901123e+02 5.5977001953e+02 5.5973699951e+02 5.5971801758e+02 5.5973797607e+02 5.5985101318e+02 5.6005700684e+02 5.6028698730e+02 5.6042102051e+02 5.6046600342e+02 5.6045898438e+02 5.6046997070e+02 5.6049102783e+02 5.6050500488e+02 5.6054901123e+02
5.5783697510e+02 5.5789099121e+02 5.5790802002e+02 5.5790502930e+02 5.5789202881e+02 5.5788397217e+02 5.5790997314e+02 5.5794598389e+02 5.5797698975e+02 5.5800701904e+02 5.5805401611e+02 5.5808898926e+02 5.5815600586e+02 5.5824298096e+02 5.5832897949e+02 5.5839801025e+02 5.5847100830e+02 5.5852801514e+02 5.5861199951e+02 5.5873999023e+02 5.5885400391e+02 5.5897497559e+02 5.5910900879e+02 5.5920599365e+02 5.5938702393e+02 5.5961602783e+02 5.5978497314e+02 5.5985101318e+02 5.5981896973e+02 5.5977801514e+02 5.5977099609e+02 5.5975097656e+02 5.5972198486e+02 5.5971002197e+02 5.5967102051e+02 5.5964697266e+02 5.5963500977e+02 5.5970898438e+02 5.5989599609e+02 5.6007702637e+02 5.6019396973e+02 5.6024499512e+02 5.6028802490e+02 5.6031896973e+02 5.6034197998e+02 5.6038897705e+02
5.5765502930e+02 5.5770599365e+02 5.5772100830e+02 5.5771398926e+02 5.5770001221e+02 5.5770098877e+02 5.5773101807e+02 5.5775097656e+02 5.5777801514e+02 5.5781597900e+02 5.5785198975e+02 5.5788800049e+02 5.5795098877e+02 5.5804101563e+02 5.5812701416e+02 5.5818298340e+02 5.5823400879e+02 5.5827197266e+02 5.5833502197e+02 5.5843402100e+02 5.5853802490e+02 5.5866601563e+02 5.5883197021e+02 5.5893200684e+02 5.5907000732e+02 5.5927197266e+02 5.5951000977e+02 5.5971301270e+02 5.5978997803e+02 5.5977099609e+02 5.5971398926e+02 5.5970599365e+02 5.5967797852e+02 5.5966998291e+02 5.5964099121e+02 5.5962597656e+02 5.5958099365e+02 5.5954797363e+02 5.5958099365e+02 5.5970898438e+02 5.5988299561e+02 5.6003100586e+02 5.6013000488e+02 5.6017602539e+02 5.6021899414e+02 5.6026397705e+02
5.5746099854e+02 5.5751000977e+02 5.5752197266e+02 5.5751202393e+02 5.5750701904e+02 5.5751898193e+02 5.5755603027e+02 5.5757800293e+02 5.5759497070e+02 5.5762701416e+02 5.5765899658e+02 5.5771197510e+02 5.5776599121e+02 5.5783898926e+02 5.5789599609e+02 5.5793402100e+02 5.5798699951e+02 5.5803900146e+02 5.5812500000e+02 5.5819500732e+02 5.5826098633e+02 5.5837200928e+02 5.5853302002e+02 5.5865502930e+02 5.5880603027e+02 5.5897802734e+02 5.5916998291e+02 5.5940698242e+02 5.5960699463e+02 5.5971398926e+02 5.5969201660e+02 5.5966601563e+02 5.5962402344e+02 5.5961901855e+02 5.5960400391e+02 5.5959100342e+02 5.5955297852e+02 5.5951397705e+02 5.5947601318e+02 5.5949700928e+02 5.5959497070e+02 5.5975598145e+02 5.5992999268e+02 5.6003601074e+02 5.6010797119e+02 5.6016101074e+02
5.5726599121e+02 5.5730603027e+02 5.5732098389e+02 5.5732098389e+02 5.5731896973e+02 5.5733502197e+02 5.5736700439e+02 5.5740301514e+02 5.5742199707e+02 5.5744299316e+02 5.5747998047e+02 5.5752899170e+02 5.5757299805e+02 5.5762597656e+02 5.5766497803e+02 5.5771997070e+02 5.5778601074e+02 5.5784802246e+02 5.5792199707e+02 5.5798101807e+02 5.5803100586e+02 5.5811798096e+02 5.5822802734e+02 5.5835699463e+02 5.5853302002e+02 5.5869201660e+02 5.5883801270e+02 5.5900799561e+02 5.5922302246e+02 5.5949102783e+02 5.5971697998e+02 5.5965002441e+02 5.5959002686e+02 5.5957098389e+02 5.5955999756e+02 5.5953997803e+02 5.5951202393e+02 5.5949401855e+02 5.5945397949e+02 5.5942999268e+02 5.5941101074e+02 5.5945599365e+02 5.5958599854e+02 5.5981896973e+02 5.5999200439e+02 5.6007800293e+02
5.5707000732e+02 5.5709100342e+02 5.5708898926e+02 5.5711102295e+02 5.5711901855e+02 5.5714099121e+02 5.5717901611e+02 5.5721197510e+02 5.5723602295e+02 5.5726898193e+02 5.5731799316e+02 5.5733697510e+02 5.5738598633e+02 5.5743402100e+02 5.5746502686e+02 5.5750799561e+02 5.5758099365e+02 5.5764801025e+02 5.5771697998e+02 5.5776000977e+02 5.5781298828e+02 5.5789898682e+02 5.5799102783e+02 5.5807000732e+02 5.5823498535e+02 5.5841101074e+02 5.5855297852e+02 5.5868103027e+02 5.5885998535e+02 5.5909197998e+02 5.5934802246e+02 5.5953997803e+02 5.5960302734e+02 5.5955798340e+02 5.5950799561e+02 5.5948297119e+02 5.5946099854e+02 5.5945098877e+02 5.5942102051e+02 5.5940399170e+02 5.5937597656e+02 5.5934600830e+02 5.5936102295e+02 5.5952197266e+02 5.5978497314e+02 5.5997998047e+02
5.5688397217e+02 5.5690399170e+02 5.5689398193e+02 5.5691497803e+02 5.5693701172e+02 5.5696899414e+02 5.5700201416e+02 5.5704498291e+02 5.5707098389e+02 5.5710797119e+02 5.5716802979e+02 5.5717901611e+02 5.5721899414e+02 5.5725701904e+02 5.5728900146e+02 5.5732000732e+02 5.5737902832e+02 5.5744299316e+02 5.5752398682e+02 5.5756402588e+02 5.5762500000e+02 5.5771398926e+02 5.5778997803e+02 5.5784399414e+02 5.5796099854e+02 5.5809497070e+02 5.5823498535e+02 5.5838000488e+02 5.5853601074e+02 5.5870898438e+02 5.5890399170e+02 5.5918298340e+02 5.5941198730e+02 5.5950897217e+02 5.5950299072e+02 5.5944500732e+02 5.5940698242e+02 5.5939898682e+02 5.5938000488e+02 5.5936297607e+02 5.5934497070e+02 5.5929901123e+02 5.5927502441e+02 5.5929199219e+02 5.5942199707e+02 5.5964898682e+02
5.5668798828e+02 5.5671697998e+02 5.5673699951e+02 5.5674102783e+02 5.5675097656e+02 5.5678601074e+02 5.5681799316e+02 5.5687097168e+02 5.5690399170e+02 5.5694201660e+02 5.5700299072e+02 5.5701202393e+02 5.5704199219e+02 5.5707598877e+02 5.5710498047e+02 5.5712597656e+02 5.5719500732e+02 5.5725598145e+02 5.5732800293e+02 5.5737500000e+02 5.5743103027e+02 5.5751000977e+02 5.5759399414e+02 5.5766699219e+02 5.5774597168e+02 5.5782202148e+02 5.5792602539e+02 5.5808099365e+02 5.5824902344e+02 5.5840600586e+02 5.5852502441e+02 5.5872302246e+02 5.5897601318e+02 5.5926202393e+02 5.5947601318e+02 5.5944097900e+02 5.5938000488e+02 5.5934899902e+02 5.5934399414e+02 5.5931896973e+02 5.5930297852e+02 5.5926800537e+02 5.5926300049e+02 5.5924298096e+02 5.5921398926e+02 5.5931097412e+02
5.5649902344e+02 5.5653198242e+02 5.5657098389e+02 5.5656097412e+02 5.5656097412e+02 5.5659399414e+02 5.5663000488e+02 5.5667999268e+02 5.5671600342e+02 5.5675799561e+02 5.5681402588e+02 5.5683197021e+02 5.5685400391e+02 5.5689001465e+02 5.5692297363e+02 5.5696697998e+02 5.5703100586e+02 5.5706701660e+02 5.5710498047e+02 5.5719097900e+02 5.5725299072e+02 5.5732098389e+02 5.5738299561e+02 5.5745898438e+02 5.5754699707e+02 5.5761798096e+02 5.5767700195e+02 5.5780200195e+02 5.5796600342e+02 5.5812902832e+02 5.5823901367e+02 5.5840698242e+02 5.5859197998e+02 5.5882397461e+02 5.5911499023e+02 5.5933001709e+02 5.5937902832e+02 5.5933398438e+02 5.5929602051e+02 5.5927197266e+02 5.5925299072e+02 5.5924102783e+02 5.5924200439e+02 5.5922698975e+02 5.5918701172e+02 5.5917297363e+02
5.5632098389e+02 5.5636499023e+02 5.5638702393e+02 5.5640002441e+02 5.5640600586e+02 5.5643597412e+02 5.5646697998e+02 5.5648101807e+02 5.5651702881e+02 5.5656402588e+02 5.5661798096e+02 5.5664697266e+02 5.5665899658e+02 5.5669598389e+02 5.5674499512e+02 5.5678302002e+02 5.5684399414e+02 5.5689697266e+02 5.5694201660e+02 5.5700701904e+02 5.5706298828e+02 5.5713598633e+02 5.5721398926e+02 5.5726800537e+02 5.5734100342e+02 5.5740698242e+02 5.5746398926e+02 5.5753802490e+02 5.5764801025e+02 5.5779498291e+02 5.5795697021e+02 5.5814398193e+02 5.5829901123e+02 5.5846899414e+02 5.5873101807e+02 5.5895501709e+02 5.5916101074e+02 5.5929901123e+02 5.5929602051e+02 5.5924401855e+02 5.5921301270e+02 5.5920397949e+02 5.5918798828e+02 5.5918798828e+02 5.5917999268e+02 5.5915698242e+02
5.5614898682e+02 5.5620098877e+02 5.5622100830e+02 5.5625097656e+02 5.5625701904e+02 5.5627398682e+02 5.5629400635e+02 5.5630200195e+02 5.5634197998e+02 5.5638397217e+02 5.5641802979e+02 5.5645098877e+02 5.5646997070e+02 5.5650402832e+02 5.5655902100e+02 5.5659399414e+02 5.5664001465e+02 5.5670202637e+02 5.5678100586e+02 5.5683801270e+02 5.5688897705e+02 5.5696398926e+02 5.5704101563e+02 5.5708197021e+02 5.5714801025e+02 5.5722302246e+02 5.5728002930e+02 5.5735998535e+02 5.5744201660e+02 5.5753601074e+02 5.5765698242e+02 5.5781799316e+02 5.5797198486e+02 5.5815100098e+02 5.5841302490e+02 5.5858599854e+02 5.5878802490e+02 5.5904101563e+02 5.5921099854e+02 5.5923901367e+02 5.5920599365e+02 5.5917102051e+02 5.5914898682e+02 5.5914202881e+02 5.5913299561e+02 5.5911901855e+02
5.5597698975e+02 5.5603399658e+02 5.5606298828e+02 5.5607598877e+02 5.5607598877e+02 5.5608697510e+02 5.5611401367e+02 5.5613397217e+02 5.5617199707e+02 5.5621002197e+02 5.5623602295e+02 5.5626800537e+02 5.5629602051e+02 5.5633001709e+02 5.5637597656e+02 5.5642199707e+02 5.5646502686e+02 5.5652001953e+02 5.5660498047e+02 5.5665502930e+02 5.5670300293e+02 5.5676800537e+02 5.5683502197e+02 5.5688598633e+02 5.5696099854e+02 5.5704699707e+02 5.5710302734e+02 5.5718200684e+02 5.5725201416e+02 5.5731799316e+02 5.5739599609e+02 5.5751397705e+02 5.5765100098e+02 5.5782397461e+02 5.5804797363e+02 5.5823400879e+02 5.5841802979e+02 5.5863397217e+02 5.5888500977e+02 5.5908197021e+02 5.5917199707e+02 5.5916900635e+02 5.5913000488e+02 5.5910601807e+02 5.5908801270e+02 5.5907897949e+02
