TESTSERVER/0/10.asc
NCOLS 100
NROWS 100
XLLCORNER 7.4997500000e+03
YLLCORNER 2.8945025000e+05
CELLSIZE 5.0000000000e-01
NODATA_VALUE -9.9990000000e+03
[rows 80 to 99 of 100, columns 0 to 45 of 100]
5.5249102783e+02 5.5252899170e+02 5.5257299805e+02 5.5261901855e+02 5.5267199707e+02 5.5269799805e+02 5.5270800781e+02 5.5275000000e+02 5.5278900146e+02 5.5283599854e+02 5.5288098145e+02 5.5292700195e+02 5.5296600342e+02 5.5298901367e+02 5.5303497314e+02 5.5311700439e+02 5.5319500732e+02 5.5326800537e+02 5.5329498291e+02 5.5329302979e+02 5.5330102539e+02 5.5337402344e+02 5.5345697021e+02 5.5349200439e+02 5.5353002930e+02 5.5360198975e+02 5.5364001465e+02 5.5371502686e+02 5.5376501465e+02 5.5382098389e+02 5.5387902832e+02 5.5394299316e+02 5.5398602295e+02 5.5405102539e+02 5.5413800049e+02 5.5423297119e+02 5.5432501221e+02 5.5439501953e+02 5.5444299316e+02 5.5451397705e+02 5.5458502197e+02 5.5467498779e+02 5.5476098633e+02 5.5485400391e+02 5.5496002197e+02 5.5505798340e+02
5.5232702637e+02 5.5236102295e+02 5.5239697266e+02 5.5245300293e+02 5.5251702881e+02 5.5253802490e+02 5.5254199219e+02 5.5258001709e+02 5.5262902832e+02 5.5268798828e+02 5.5275201416e+02 5.5280200195e+02 5.5283099365e+02 5.5285699463e+02 5.5289697266e+02 5.5294897461e+02 5.5300299072e+02 5.5307000732e+02 5.5313201904e+02 5.5318200684e+02 5.5321801758e+02 5.5326800537e+02 5.5330102539e+02 5.5334399414e+02 5.5340399170e+02 5.5347198486e+02 5.5351898193e+02 5.5356597900e+02 5.5361901855e+02 5.5368798828e+02 5.5373797607e+02 5.5380200195e+02 5.5385400391e+02 5.5391400146e+02 5.5398797607e+02 5.5407299805e+02 5.5415197754e+02 5.5422601318e+02 5.5429901123e+02 5.5436999512e+02 5.5444097900e+02 5.5453698730e+02 5.5464599609e+02 5.5471099854e+02 5.5481402588e+02 5.5493103027e+02
5.5216302490e+02 5.5220800781e+02 5.5225000000e+02 5.5230603027e+02 5.5235101318e+02 5.5235699463e+02 5.5236901855e+02 5.5242401123e+02 5.5248602295e+02 5.5254498291e+02 5.5261602783e+02 5.5266400146e+02 5.5270397949e+02 5.5275500488e+02 5.5278698730e+02 5.5281799316e+02 5.5284698486e+02 5.5289300537e+02 5.5296801758e+02 5.5304101563e+02 5.5310498047e+02 5.5315502930e+02 5.5315997314e+02 5.5320599365e+02 5.5326800537e+02 5.5333697510e+02 5.5339300537e+02 5.5341198730e+02 5.5347100830e+02 5.5355200195e+02 5.5358801270e+02 5.5365502930e+02 5.5372601318e+02 5.5378698730e+02 5.5385699463e+02 5.5391400146e+02 5.5398101807e+02 5.5404901123e+02 5.5413702393e+02 5.5423602295e+02 5.5432397461e+02 5.5440100098e+02 5.5447900391e+02 5.5453601074e+02 5.5464697266e+02 5.5476702881e+02
5.5199499512e+02 5.5206597900e+02 5.5212097168e+02 5.5215197754e+02 5.5215802002e+02 5.5217797852e+02 5.5222198486e+02 5.5228997803e+02 5.5234899902e+02 5.5240502930e+02 5.5246002197e+02 5.5249597168e+02 5.5254302979e+02 5.5259802246e+02 5.5263897705e+02 5.5269799805e+02 5.5272998047e+02 5.5275598145e+02 5.5281701660e+02 5.5288299561e+02 5.5293902588e+02 5.5298999023e+02 5.5302001953e+02 5.5307897949e+02 5.5312799072e+02 5.5318597412e+02 5.5324401855e+02 5.5326702881e+02 5.5333300781e+02 5.5341302490e+02 5.5345300293e+02 5.5353698730e+02 5.5361102295e+02 5.5365698242e+02 5.5373999023e+02 5.5379400635e+02 5.5385400391e+02 5.5390698242e+02 5.5398498535e+02 5.5409002686e+02 5.5416802979e+02 5.5424200439e+02 5.5432299805e+02 5.5439898682e+02 5.5449401855e+02 5.5463000488e+02
5.5181597900e+02 5.5189697266e+02 5.5196002197e+02 5.5197998047e+02 5.5199200439e+02 5.5203698730e+02 5.5207897949e+02 5.5212701416e+02 5.5218597412e+02 5.5225701904e+02 5.5230902100e+02 5.5233599854e+02 5.5238098145e+02 5.5241302490e+02 5.5245001221e+02 5.5253601074e+02 5.5259002686e+02 5.5262701416e+02 5.5266998291e+02 5.5272497559e+02 5.5275799561e+02 5.5279699707e+02 5.5285797119e+02 5.5293402100e+02 5.5298400879e+02 5.5303302002e+02 5.5309698486e+02 5.5315502930e+02 5.5322900391e+02 5.5330700684e+02 5.5336499023e+02 5.5344000244e+02 5.5349200439e+02 5.5351898193e+02 5.5358801270e+02 5.5367297363e+02 5.5374902344e+02 5.5378399658e+02 5.5384301758e+02 5.5393597412e+02 5.5401599121e+02 5.5411999512e+02 5.5423101807e+02 5.5432702637e+02 5.5436499023e+02 5.5447302246e+02
5.5165997314e+02 5.5171600342e+02 5.5176599121e+02 5.5179699707e+02 5.5182800293e+02 5.5187799072e+02 5.5192797852e+02 5.5197497559e+02 5.5202001953e+02 5.5209197998e+02 5.5216198730e+02 5.5220501709e+02 5.5225201416e+02 5.5227801514e+02 5.5230700684e+02 5.5236999512e+02 5.5242401123e+02 5.5248199463e+02 5.5254498291e+02 5.5259600830e+02 5.5261901855e+02 5.5265197754e+02 5.5271301270e+02 5.5278497314e+02 5.5284497070e+02 5.5290899658e+02 5.5298699951e+02 5.5305798340e+02 5.5309600830e+02 5.5315197754e+02 5.5322198486e+02 5.5330200195e+02 5.5333697510e+02 5.5337200928e+02 5.5343597412e+02 5.5352197266e+02 5.5361901855e+02 5.5368902588e+02 5.5375598145e+02 5.5382501221e+02 5.5388098145e+02 5.5397399902e+02 5.5408300781e+02 5.5419299316e+02 5.5427600098e+02 5.5435198975e+02
5.5151501465e+02 5.5155798340e+02 5.5159497070e+02 5.5162902832e+02 5.5167102051e+02 5.5172601318e+02 5.5178601074e+02 5.5182397461e+02 5.5185998535e+02 5.5192199707e+02 5.5198297119e+02 5.5202899170e+02 5.5209802246e+02 5.5214300537e+02 5.5217901611e+02 5.5224499512e+02 5.5228497314e+02 5.5234100342e+02 5.5241302490e+02 5.5248400879e+02 5.5252099609e+02 5.5254901123e+02 5.5257299805e+02 5.5261901855e+02 5.5268701172e+02 5.5276800537e+02 5.5285101318e+02 5.5292700195e+02 5.5296398926e+02 5.5299499512e+02 5.5304797363e+02 5.5313098145e+02 5.5319396973e+02 5.5325097656e+02 5.5331298828e+02 5.5337701416e+02 5.5345397949e+02 5.5353900146e+02 5.5363397217e+02 5.5371600342e+02 5.5376000977e+02 5.5383697510e+02 5.5392999268e+02 5.5405401611e+02 5.5416802979e+02 5.5424700928e+02
5.5140301514e+02 5.5144598389e+02 5.5147198486e+02 5.5148901367e+02 5.5151599121e+02 5.5156402588e+02 5.5162597656e+02 5.5166699219e+02 5.5170697021e+02 5.5177197266e+02 5.5182501221e+02 5.5186700439e+02 5.5193798828e+02 5.5199401855e+02 5.5204101563e+02 5.5211102295e+02 5.5214898682e+02 5.5220800781e+02 5.5227301025e+02 5.5234197998e+02 5.5238800049e+02 5.5242102051e+02 5.5244299316e+02 5.5247601318e+02 5.5253698730e+02 5.5261999512e+02 5.5270202637e+02 5.5278399658e+02 5.5283898926e+02 5.5287902832e+02 5.5293701172e+02 5.5302197266e+02 5.5307897949e+02 5.5312298584e+02 5.5318200684e+02 5.5324902344e+02 5.5332397461e+02 5.5340197754e+02 5.5348699951e+02 5.5357598877e+02 5.5363598633e+02 5.5371600342e+02 5.5380499268e+02 5.5391400146e+02 5.5400402832e+02 5.5409997559e+02
5.5125598145e+02 5.5131201172e+02 5.5133099365e+02 5.5133599854e+02 5.5136199951e+02 5.5141302490e+02 5.5146899414e+02 5.5151501465e+02 5.5155999756e+02 5.5164099121e+02 5.5171502686e+02 5.5175701904e+02 5.5179400635e+02 5.5184002686e+02 5.5188702393e+02 5.5194897461e+02 5.5199298096e+02 5.5207299805e+02 5.5212902832e+02 5.5218402100e+02 5.5223101807e+02 5.5227197266e+02 5.5230902100e+02 5.5234698486e+02 5.5239697266e+02 5.5248400879e+02 5.5255902100e+02 5.5263397217e+02 5.5271002197e+02 5.5277801514e+02 5.5284698486e+02 5.5289697266e+02 5.5293298340e+02 5.5298101807e+02 5.5303900146e+02 5.5311499023e+02 5.5319799805e+02 5.5326898193e+02 5.5334497070e+02 5.5341900635e+02 5.5349902344e+02 5.5360797119e+02 5.5371801758e+02 5.5379302979e+02 5.5386102295e+02 5.5395800781e+02
5.5104498291e+02 5.5112298584e+02 5.5118103027e+02 5.5118597412e+02 5.5121899414e+02 5.5127801514e+02 5.5132299805e+02 5.5136499023e+02 5.5141302490e+02 5.5149298096e+02 5.5157501221e+02 5.5162597656e+02 5.5166802979e+02 5.5171600342e+02 5.5175701904e+02 5.5180798340e+02 5.5185900879e+02 5.5194000244e+02 5.5200799561e+02 5.5206201172e+02 5.5209399414e+02 5.5213702393e+02 5.5217999268e+02 5.5221899414e+02 5.5225897217e+02 5.5234497070e+02 5.5242797852e+02 5.5248498535e+02 5.5254199219e+02 5.5261401367e+02 5.5269897461e+02 5.5275097656e+02 5.5279302979e+02 5.5285900879e+02 5.5292297363e+02 5.5298498535e+02 5.5304998779e+02 5.5313098145e+02 5.5321801758e+02 5.5328302002e+02 5.5335998535e+02 5.5345501709e+02 5.5355401611e+02 5.5366900635e+02 5.5374200439e+02 5.5380700684e+02
5.5085601807e+02 5.5093597412e+02 5.5102099609e+02 5.5105798340e+02 5.5110797119e+02 5.5116497803e+02 5.5119799805e+02 5.5122900391e+02 5.5127600098e+02 5.5134600830e+02 5.5141998291e+02 5.5146697998e+02 5.5153997803e+02 5.5161199951e+02 5.5164398193e+02 5.5168298340e+02 5.5173199463e+02 5.5180297852e+02 5.5186798096e+02 5.5192401123e+02 5.5196899414e+02 5.5201300049e+02 5.5204400635e+02 5.5209002686e+02 5.5213299561e+02 5.5221002197e+02 5.5229699707e+02 5.5236297607e+02 5.5241699219e+02 5.5247900391e+02 5.5255603027e+02 5.5262799072e+02 5.5267797852e+02 5.5274298096e+02 5.5281701660e+02 5.5286700439e+02 5.5292199707e+02 5.5300097656e+02 5.5309997559e+02 5.5317401123e+02 5.5323999023e+02 5.5330798340e+02 5.5338598633e+02 5.5350299072e+02 5.5359600830e+02 5.5368200684e+02
5.5069799805e+02 5.5076397705e+02 5.5084497070e+02 5.5090301514e+02 5.5097601318e+02 5.5103802490e+02 5.5106896973e+02 5.5109301758e+02 5.5112902832e+02 5.5118597412e+02 5.5126000977e+02 5.5131097412e+02 5.5140502930e+02 5.5149902344e+02 5.5153399658e+02 5.5156298828e+02 5.5161102295e+02 5.5166998291e+02 5.5172198486e+02 5.5177899170e+02 5.5184600830e+02 5.5190802002e+02 5.5193200684e+02 5.5197100830e+02 5.5202001953e+02 5.5208599854e+02 5.5215600586e+02 5.5222998047e+02 5.5230102539e+02 5.5235498047e+02 5.5242700195e+02 5.5250701904e+02 5.5255798340e+02 5.5262799072e+02 5.5271502686e+02 5.5275500488e+02 5.5279302979e+02 5.5285498047e+02 5.5295098877e+02 5.5304699707e+02 5.5312902832e+02 5.5320599365e+02 5.5328198242e+02 5.5336798096e+02 5.5345300293e+02 5.5355700684e+02
5.5055401611e+02 5.5063000488e+02 5.5069299316e+02 5.5072802734e+02 5.5081298828e+02 5.5089300537e+02 5.5092999268e+02 5.5095202637e+02 5.5098101807e+02 5.5104498291e+02 5.5112200928e+02 5.5117498779e+02 5.5125701904e+02 5.5135400391e+02 5.5140002441e+02 5.5144396973e+02 5.5150097656e+02 5.5153997803e+02 5.5158099365e+02 5.5164300537e+02 5.5171697998e+02 5.5179498291e+02 5.5183300781e+02 5.5186102295e+02 5.5190698242e+02 5.5196600342e+02 5.5201000977e+02 5.5207098389e+02 5.5216302490e+02 5.5223999023e+02 5.5231298828e+02 5.5235998535e+02 5.5241302490e+02 5.5249499512e+02 5.5257397461e+02 5.5262200928e+02 5.5267199707e+02 5.5273699951e+02 5.5281097412e+02 5.5290100098e+02 5.5298498535e+02 5.5306701660e+02 5.5315600586e+02 5.5323498535e+02 5.5330798340e+02 5.5340301514e+02
5.5040301514e+02 5.5048797607e+02 5.5053399658e+02 5.5055700684e+02 5.5064898682e+02 5.5072601318e+02 5.5077099609e+02 5.5081701660e+02 5.5086602783e+02 5.5093298340e+02 5.5099700928e+02 5.5105200195e+02 5.5111297607e+02 5.5117999268e+02 5.5123297119e+02 5.5130401611e+02 5.5138098145e+02 5.5142102051e+02 5.5146398926e+02 5.5152099609e+02 5.5158398438e+02 5.5166198730e+02 5.5171697998e+02 5.5174597168e+02 5.5177398682e+02 5.5183697510e+02 5.5188800049e+02 5.5194396973e+02 5.5201599121e+02 5.5209301758e+02 5.5217297363e+02 5.5223297119e+02 5.5229199219e+02 5.5236602783e+02 5.5243200684e+02 5.5248999023e+02 5.5255200195e+02 5.5261798096e+02 5.5268902588e+02 5.5277502441e+02 5.5284497070e+02 5.5291198730e+02 5.5300799561e+02 5.5309600830e+02 5.5317297363e+02 5.5326202393e+02
5.5025201416e+02 5.5033300781e+02 5.5038598633e+02 5.5044702148e+02 5.5053002930e+02 5.5057800293e+02 5.5061798096e+02 5.5067102051e+02 5.5073297119e+02 5.5079199219e+02 5.5085302734e+02 5.5091601563e+02 5.5096801758e+02 5.5102502441e+02 5.5106701660e+02 5.5112500000e+02 5.5121099854e+02 5.5128399658e+02 5.5134399414e+02 5.5139599609e+02 5.5145202637e+02 5.5152502441e+02 5.5158898926e+02 5.5163000488e+02 5.5165197754e+02 5.5170098877e+02 5.5175097656e+02 5.5181500244e+02 5.5188500977e+02 5.5193701172e+02 5.5201098633e+02 5.5209399414e+02 5.5216198730e+02 5.5223901367e+02 5.5231298828e+02 5.5237402344e+02 5.5243103027e+02 5.5250097656e+02 5.5257000732e+02 5.5263800049e+02 5.5270501709e+02 5.5276599121e+02 5.5285797119e+02 5.5294897461e+02 5.5304101563e+02 5.5314202881e+02
5.5010699463e+02 5.5018597412e+02 5.5025897217e+02 5.5033599854e+02 5.5039398193e+02 5.5044500732e+02 5.5050097656e+02 5.5055200195e+02 5.5060601807e+02 5.5065502930e+02 5.5072198486e+02 5.5078900146e+02 5.5082299805e+02 5.5088098145e+02 5.5093798828e+02 5.5098498535e+02 5.5105499268e+02 5.5113897705e+02 5.5119201660e+02 5.5125201416e+02 5.5132800293e+02 5.5140399170e+02 5.5146398926e+02 5.5150799561e+02 5.5153601074e+02 5.5158300781e+02 5.5163897705e+02 5.5170098877e+02 5.5177801514e+02 5.5181597900e+02 5.5187500000e+02 5.5195599365e+02 5.5202197266e+02 5.5211901855e+02 5.5219799805e+02 5.5224401855e+02 5.5229998779e+02 5.5238299561e+02 5.5245098877e+02 5.5250897217e+02 5.5257098389e+02 5.5262200928e+02 5.5269799805e+02 5.5278497314e+02 5.5288397217e+02 5.5299798584e+02
5.4998101807e+02 5.5004901123e+02 5.5012597656e+02 5.5019396973e+02 5.5024597168e+02 5.5032397461e+02 5.5040100098e+02 5.5043298340e+02 5.5046301270e+02 5.5051000977e+02 5.5060498047e+02 5.5067999268e+02 5.5070300293e+02 5.5076000977e+02 5.5083599854e+02 5.5088702393e+02 5.5093798828e+02 5.5099298096e+02 5.5103497314e+02 5.5110797119e+02 5.5119500732e+02 5.5127301025e+02 5.5133099365e+02 5.5139202881e+02 5.5141998291e+02 5.5148297119e+02 5.5155902100e+02 5.5160699463e+02 5.5168103027e+02 5.5174200439e+02 5.5179302979e+02 5.5185101318e+02 5.5189697266e+02 5.5198699951e+02 5.5206597900e+02 5.5211700439e+02 5.5216998291e+02 5.5224401855e+02 5.5232202148e+02 5.5239898682e+02 5.5245501709e+02 5.5250598145e+02 5.5257299805e+02 5.5264898682e+02 5.5273297119e+02 5.5284802246e+02
5.4985198975e+02 5.4992602539e+02 5.4999102783e+02 5.5005499268e+02 5.5011297607e+02 5.5018200684e+02 5.5026000977e+02 5.5030102539e+02 5.5035400391e+02 5.5040997314e+02 5.5048400879e+02 5.5053997803e+02 5.5057000732e+02 5.5062597656e+02 5.5070397949e+02 5.5077899170e+02 5.5082800293e+02 5.5086102295e+02 5.5089099121e+02 5.5096398926e+02 5.5105102539e+02 5.5114398193e+02 5.5121197510e+02 5.5129302979e+02 5.5132598877e+02 5.5137097168e+02 5.5143298340e+02 5.5147100830e+02 5.5154901123e+02 5.5162799072e+02 5.5169299316e+02 5.5176800537e+02 5.5180200195e+02 5.5184197998e+02 5.5190399170e+02 5.5199499512e+02 5.5204797363e+02 5.5210101318e+02 5.5215899658e+02 5.5222998047e+02 5.5229498291e+02 5.5236602783e+02 5.5244702148e+02 5.5251501465e+02 5.5260400391e+02 5.5269897461e+02
5.4972698975e+02 5.4982202148e+02 5.4990301514e+02 5.4993701172e+02 5.4999298096e+02 5.5004400635e+02 5.5008898926e+02 5.5015600586e+02 5.5022900391e+02 5.5028601074e+02 5.5034002686e+02 5.5039599609e+02 5.5044000244e+02 5.5048602295e+02 5.5055999756e+02 5.5064202881e+02 5.5069702148e+02 5.5073699951e+02 5.5076702881e+02 5.5081597900e+02 5.5088500977e+02 5.5099298096e+02 5.5108599854e+02 5.5116198730e+02 5.5121197510e+02 5.5126599121e+02 5.5131896973e+02 5.5134899902e+02 5.5141198730e+02 5.5149102783e+02 5.5156701660e+02 5.5164001465e+02 5.5169500732e+02 5.5173797607e+02 5.5177899170e+02 5.5185302734e+02 5.5190698242e+02 5.5197100830e+02 5.5203198242e+02 5.5209497070e+02 5.5215301514e+02 5.5222399902e+02 5.5230297852e+02 5.5237701416e+02 5.5247900391e+02 5.5255999756e+02
5.4958001709e+02 5.4967602539e+02 5.4976898193e+02 5.4979302979e+02 5.4985797119e+02 5.4992199707e+02 5.4995898438e+02 5.5002001953e+02 5.5007897949e+02 5.5012097168e+02 5.5019897461e+02 5.5027398682e+02 5.5031799316e+02 5.5035400391e+02 5.5040600586e+02 5.5048199463e+02 5.5055102539e+02 5.5062500000e+02 5.5067999268e+02 5.5071002197e+02 5.5075097656e+02 5.5084100342e+02 5.5093103027e+02 5.5100500488e+02 5.5108001709e+02 5.5115301514e+02 5.5121002197e+02 5.5125897217e+02 5.5130798340e+02 5.5135797119e+02 5.5141601563e+02 5.5148101807e+02 5.5156896973e+02 5.5165802002e+02 5.5169500732e+02 5.5172198486e+02 5.5175097656e+02 5.5181097412e+02 5.5189801025e+02 5.5198199463e+02 5.5203198242e+02 5.5209497070e+02 5.5215899658e+02 5.5223699951e+02 5.5234002686e+02 5.5243103027e+02
