TESTSERVER/0/11.asc
NCOLS 100
NROWS 100
XLLCORNER 7.4997500000e+03
YLLCORNER 2.8940025000e+05
CELLSIZE 5.0000000000e-01
NODATA_VALUE -9.9990000000e+03
[rows 80 to 99 of 100, columns 0 to 45 of 100]
5.4152502441e+02 5.4159802246e+02 5.4166998291e+02 5.4170202637e+02 5.4172802734e+02 5.4175500488e+02 5.4179199219e+02 5.4182397461e+02 5.4185998535e+02 5.4189300537e+02 5.4193597412e+02 5.4195001221e+02 5.4196398926e+02 5.4200201416e+02 5.4203601074e+02 5.4206298828e+02 5.4210699463e+02 5.4216101074e+02 5.4220098877e+02 5.4221398926e+02 5.4225000000e+02 5.4228698730e+02 5.4233898926e+02 5.4236999512e+02 5.4239501953e+02 5.4243701172e+02 5.4247399902e+02 5.4250598145e+02 5.4255700684e+02 5.4261401367e+02 5.4267297363e+02 5.4270397949e+02 5.4271899414e+02 5.4275201416e+02 5.4280102539e+02 5.4285699463e+02 5.4290600586e+02 5.4294396973e+02 5.4297998047e+02 5.4300897217e+02 5.4304400635e+02 5.4308502197e+02 5.4313000488e+02 5.4319000244e+02 5.4326397705e+02 5.4329699707e+02
5.4152197266e+02 5.4158502197e+02 5.4164202881e+02 5.4167401123e+02 5.4171197510e+02 5.4174700928e+02 5.4177301025e+02 5.4180603027e+02 5.4184301758e+02 5.4186901855e+02 5.4190802002e+02 5.4193902588e+02 5.4195098877e+02 5.4198400879e+02 5.4202099609e+02 5.4205297852e+02 5.4209301758e+02 5.4212402344e+02 5.4216198730e+02 5.4219702148e+02 5.4223101807e+02 5.4226397705e+02 5.4230499268e+02 5.4234002686e+02 5.4238800049e+02 5.4242297363e+02 5.4244299316e+02 5.4247399902e+02 5.4252301025e+02 5.4257702637e+02 5.4263897705e+02 5.4267999268e+02 5.4271099854e+02 5.4273901367e+02 5.4277697754e+02 5.4281298828e+02 5.4285400391e+02 5.4290301514e+02 5.4295202637e+02 5.4298901367e+02 5.4303302002e+02 5.4306799316e+02 5.4311401367e+02 5.4315100098e+02 5.4318701172e+02 5.4324401855e+02
5.4150500488e+02 5.4156298828e+02 5.4160302734e+02 5.4164801025e+02 5.4169598389e+02 5.4173199463e+02 5.4176397705e+02 5.4179101563e+02 5.4182397461e+02 5.4184497070e+02 5.4188098145e+02 5.4192102051e+02 5.4194500732e+02 5.4196997070e+02 5.4200299072e+02 5.4204797363e+02 5.4208697510e+02 5.4210900879e+02 5.4213598633e+02 5.4218701172e+02 5.4223297119e+02 5.4224798584e+02 5.4228100586e+02 5.4232800293e+02 5.4238201904e+02 5.4241802979e+02 5.4244702148e+02 5.4248199463e+02 5.4250701904e+02 5.4253802490e+02 5.4259100342e+02 5.4264300537e+02 5.4269000244e+02 5.4273297119e+02 5.4276702881e+02 5.4278802490e+02 5.4282299805e+02 5.4287701416e+02 5.4291802979e+02 5.4296502686e+02 5.4301898193e+02 5.4305200195e+02 5.4309301758e+02 5.4311901855e+02 5.4313897705e+02 5.4319799805e+02
5.4149499512e+02 5.4155999756e+02 5.4159002686e+02 5.4162799072e+02 5.4167199707e+02 5.4171398926e+02 5.4176000977e+02 5.4178601074e+02 5.4181701660e+02 5.4184100342e+02 5.4185900879e+02 5.4189801025e+02 5.4193103027e+02 5.4195697021e+02 5.4199499512e+02 5.4202697754e+02 5.4206896973e+02 5.4211401367e+02 5.4214202881e+02 5.4218798828e+02 5.4223999023e+02 5.4223797607e+02 5.4226898193e+02 5.4231500244e+02 5.4235400391e+02 5.4239599609e+02 5.4244396973e+02 5.4248901367e+02 5.4250000000e+02 5.4253002930e+02 5.4257598877e+02 5.4261999512e+02 5.4266400146e+02 5.4270098877e+02 5.4274200439e+02 5.4277099609e+02 5.4281097412e+02 5.4287298584e+02 5.4289398193e+02 5.4292602539e+02 5.4297497559e+02 5.4301202393e+02 5.4305700684e+02 5.4308898926e+02 5.4312597656e+02 5.4317102051e+02
5.4146801758e+02 5.4154302979e+02 5.4158099365e+02 5.4160699463e+02 5.4164697266e+02 5.4169396973e+02 5.4175201416e+02 5.4178399658e+02 5.4183001709e+02 5.4186901855e+02 5.4185797119e+02 5.4187799072e+02 5.4191400146e+02 5.4194299316e+02 5.4198498535e+02 5.4201898193e+02 5.4205102539e+02 5.4208801270e+02 5.4212597656e+02 5.4216400146e+02 5.4219299316e+02 5.4221502686e+02 5.4226501465e+02 5.4232501221e+02 5.4234600830e+02 5.4237402344e+02 5.4242602539e+02 5.4248101807e+02 5.4250299072e+02 5.4252697754e+02 5.4256597900e+02 5.4260101318e+02 5.4263201904e+02 5.4266699219e+02 5.4271600342e+02 5.4275799561e+02 5.4279302979e+02 5.4286199951e+02 5.4288500977e+02 5.4290600586e+02 5.4294702148e+02 5.4299102783e+02 5.4303601074e+02 5.4307299805e+02 5.4311999512e+02 5.4316101074e+02
5.4144702148e+02 5.4152301025e+02 5.4157598877e+02 5.4159899902e+02 5.4163201904e+02 5.4167901611e+02 5.4174200439e+02 5.4178302002e+02 5.4181500244e+02 5.4184002686e+02 5.4184899902e+02 5.4187298584e+02 5.4190502930e+02 5.4192901611e+02 5.4196502686e+02 5.4201397705e+02 5.4204998779e+02 5.4208001709e+02 5.4212298584e+02 5.4215399170e+02 5.4216699219e+02 5.4218902588e+02 5.4224200439e+02 5.4229302979e+02 5.4231597900e+02 5.4234301758e+02 5.4240997314e+02 5.4247698975e+02 5.4249401855e+02 5.4253302002e+02 5.4255798340e+02 5.4259100342e+02 5.4262597656e+02 5.4265100098e+02 5.4269598389e+02 5.4273901367e+02 5.4278002930e+02 5.4283197021e+02 5.4285998535e+02 5.4288897705e+02 5.4292999268e+02 5.4297900391e+02 5.4302899170e+02 5.4307202148e+02 5.4309698486e+02 5.4314697266e+02
5.4143597412e+02 5.4150299072e+02 5.4156298828e+02 5.4159399414e+02 5.4162200928e+02 5.4165698242e+02 5.4170599365e+02 5.4176098633e+02 5.4179602051e+02 5.4181896973e+02 5.4184997559e+02 5.4187402344e+02 5.4190002441e+02 5.4193103027e+02 5.4196002197e+02 5.4200299072e+02 5.4204699707e+02 5.4207000732e+02 5.4209899902e+02 5.4213299561e+02 5.4214801025e+02 5.4217797852e+02 5.4222399902e+02 5.4225500488e+02 5.4228302002e+02 5.4231402588e+02 5.4236499023e+02 5.4241802979e+02 5.4245898438e+02 5.4251599121e+02 5.4253802490e+02 5.4256597900e+02 5.4260601807e+02 5.4263098145e+02 5.4267199707e+02 5.4271899414e+02 5.4276501465e+02 5.4280603027e+02 5.4284497070e+02 5.4289099121e+02 5.4292401123e+02 5.4296002197e+02 5.4300500488e+02 5.4305700684e+02 5.4309399414e+02 5.4314697266e+02
5.4141302490e+02 5.4147998047e+02 5.4154602051e+02 5.4158197021e+02 5.4161999512e+02 5.4165100098e+02 5.4169000244e+02 5.4174200439e+02 5.4179498291e+02 5.4183001709e+02 5.4185797119e+02 5.4186602783e+02 5.4189099121e+02 5.4193298340e+02 5.4196197510e+02 5.4199102783e+02 5.4202801514e+02 5.4205102539e+02 5.4207897949e+02 5.4211499023e+02 5.4214398193e+02 5.4217602539e+02 5.4221502686e+02 5.4223999023e+02 5.4227301025e+02 5.4230603027e+02 5.4234197998e+02 5.4238201904e+02 5.4244097900e+02 5.4249798584e+02 5.4251898193e+02 5.4254602051e+02 5.4258099365e+02 5.4261199951e+02 5.4265399170e+02 5.4270300293e+02 5.4275299072e+02 5.4278302002e+02 5.4283197021e+02 5.4288702393e+02 5.4291198730e+02 5.4294702148e+02 5.4298297119e+02 5.4303198242e+02 5.4308898926e+02 5.4314300537e+02
5.4139697266e+02 5.4146099854e+02 5.4152697754e+02 5.4157702637e+02 5.4163299561e+02 5.4166601563e+02 5.4169097900e+02 5.4172601318e+02 5.4178302002e+02 5.4182598877e+02 5.4185601807e+02 5.4186297607e+02 5.4188397217e+02 5.4193402100e+02 5.4196398926e+02 5.4197497559e+02 5.4200097656e+02 5.4203100586e+02 5.4207098389e+02 5.4211700439e+02 5.4215899658e+02 5.4217297363e+02 5.4221301270e+02 5.4225097656e+02 5.4229602051e+02 5.4232000732e+02 5.4234197998e+02 5.4237097168e+02 5.4240100098e+02 5.4246301270e+02 5.4250500488e+02 5.4253399658e+02 5.4257299805e+02 5.4260998535e+02 5.4264300537e+02 5.4268798828e+02 5.4274401855e+02 5.4277600098e+02 5.4281896973e+02 5.4286602783e+02 5.4289501953e+02 5.4294799805e+02 5.4298602295e+02 5.4302301025e+02 5.4307098389e+02 5.4311700439e+02
5.4139398193e+02 5.4144702148e+02 5.4150097656e+02 5.4156799316e+02 5.4162799072e+02 5.4165698242e+02 5.4168499756e+02 5.4171002197e+02 5.4176800537e+02 5.4181500244e+02 5.4184197998e+02 5.4185998535e+02 5.4188201904e+02 5.4193402100e+02 5.4197998047e+02 5.4199597168e+02 5.4200201416e+02 5.4201300049e+02 5.4205603027e+02 5.4210797119e+02 5.4214599609e+02 5.4215600586e+02 5.4219897461e+02 5.4225299072e+02 5.4229797363e+02 5.4231597900e+02 5.4233502197e+02 5.4236401367e+02 5.4239697266e+02 5.4243798828e+02 5.4248101807e+02 5.4251501465e+02 5.4255401611e+02 5.4259600830e+02 5.4263299561e+02 5.4266699219e+02 5.4271697998e+02 5.4276000977e+02 5.4281402588e+02 5.4286901855e+02 5.4290002441e+02 5.4294799805e+02 5.4298498535e+02 5.4302502441e+02 5.4306597900e+02 5.4311199951e+02
5.4137298584e+02 5.4142602539e+02 5.4147601318e+02 5.4154400635e+02 5.4159899902e+02 5.4164202881e+02 5.4169097900e+02 5.4172698975e+02 5.4177600098e+02 5.4181201172e+02 5.4181896973e+02 5.4183697510e+02 5.4188201904e+02 5.4191998291e+02 5.4194500732e+02 5.4198400879e+02 5.4200701904e+02 5.4201702881e+02 5.4205102539e+02 5.4209100342e+02 5.4211901855e+02 5.4213299561e+02 5.4216900635e+02 5.4222100830e+02 5.4227398682e+02 5.4230401611e+02 5.4233801270e+02 5.4238201904e+02 5.4241101074e+02 5.4242999268e+02 5.4247100830e+02 5.4250897217e+02 5.4255401611e+02 5.4259399414e+02 5.4264001465e+02 5.4266802979e+02 5.4270599365e+02 5.4275201416e+02 5.4280700684e+02 5.4286499023e+02 5.4290502930e+02 5.4294799805e+02 5.4299298096e+02 5.4303302002e+02 5.4307202148e+02 5.4311700439e+02
5.4134600830e+02 5.4140997314e+02 5.4146697998e+02 5.4153698730e+02 5.4159002686e+02 5.4163397217e+02 5.4167797852e+02 5.4171997070e+02 5.4175402832e+02 5.4178002930e+02 5.4179998779e+02 5.4182098389e+02 5.4186700439e+02 5.4189300537e+02 5.4192102051e+02 5.4194702148e+02 5.4197998047e+02 5.4199798584e+02 5.4203399658e+02 5.4207800293e+02 5.4211199951e+02 5.4213598633e+02 5.4216699219e+02 5.4220599365e+02 5.4224597168e+02 5.4228698730e+02 5.4232897949e+02 5.4237200928e+02 5.4240399170e+02 5.4243902588e+02 5.4247998047e+02 5.4251300049e+02 5.4256500244e+02 5.4259802246e+02 5.4264501953e+02 5.4267199707e+02 5.4270697021e+02 5.4275598145e+02 5.4280999756e+02 5.4286901855e+02 5.4290899658e+02 5.4294799805e+02 5.4300201416e+02 5.4304998779e+02 5.4309899902e+02 5.4313598633e+02
5.4130401611e+02 5.4139697266e+02 5.4145800781e+02 5.4152099609e+02 5.4157098389e+02 5.4160302734e+02 5.4164300537e+02 5.4169299316e+02 5.4172399902e+02 5.4176800537e+02 5.4181597900e+02 5.4182202148e+02 5.4184301758e+02 5.4187200928e+02 5.4190502930e+02 5.4192797852e+02 5.4197399902e+02 5.4200299072e+02 5.4202899170e+02 5.4206799316e+02 5.4211798096e+02 5.4214099121e+02 5.4217401123e+02 5.4220697021e+02 5.4223498535e+02 5.4228002930e+02 5.4232501221e+02 5.4236102295e+02 5.4239202881e+02 5.4244097900e+02 5.4247900391e+02 5.4250598145e+02 5.4254498291e+02 5.4258599854e+02 5.4264099121e+02 5.4267602539e+02 5.4270098877e+02 5.4274798584e+02 5.4280902100e+02 5.4286901855e+02 5.4290502930e+02 5.4294000244e+02 5.4299798584e+02 5.4305102539e+02 5.4310498047e+02 5.4315301514e+02
5.4126898193e+02 5.4138098145e+02 5.4145001221e+02 5.4148498535e+02 5.4152099609e+02 5.4156097412e+02 5.4160797119e+02 5.4166998291e+02 5.4169396973e+02 5.4174200439e+02 5.4182897949e+02 5.4184802246e+02 5.4185198975e+02 5.4187701416e+02 5.4190899658e+02 5.4192199707e+02 5.4196697998e+02 5.4199401855e+02 5.4202398682e+02 5.4206201172e+02 5.4210699463e+02 5.4214099121e+02 5.4217102051e+02 5.4220202637e+02 5.4224499512e+02 5.4228399658e+02 5.4231701660e+02 5.4235302734e+02 5.4239099121e+02 5.4244201660e+02 5.4248901367e+02 5.4252099609e+02 5.4256896973e+02 5.4259600830e+02 5.4264099121e+02 5.4267602539e+02 5.4270599365e+02 5.4275402832e+02 5.4280902100e+02 5.4286297607e+02 5.4290399170e+02 5.4294702148e+02 5.4300299072e+02 5.4304302979e+02 5.4307702637e+02 5.4312902832e+02
5.4121398926e+02 5.4135198975e+02 5.4145599365e+02 5.4148999023e+02 5.4150799561e+02 5.4154101563e+02 5.4158801270e+02 5.4164898682e+02 5.4166601563e+02 5.4169598389e+02 5.4177502441e+02 5.4184100342e+02 5.4186798096e+02 5.4190002441e+02 5.4191601563e+02 5.4192297363e+02 5.4195599365e+02 5.4198699951e+02 5.4203601074e+02 5.4206402588e+02 5.4209698486e+02 5.4213201904e+02 5.4216998291e+02 5.4220501709e+02 5.4225598145e+02 5.4229199219e+02 5.4231799316e+02 5.4235302734e+02 5.4240301514e+02 5.4245202637e+02 5.4250598145e+02 5.4254998779e+02 5.4259100342e+02 5.4260699463e+02 5.4264099121e+02 5.4267297363e+02 5.4271099854e+02 5.4276300049e+02 5.4282000732e+02 5.4287200928e+02 5.4290899658e+02 5.4295501709e+02 5.4300701904e+02 5.4304400635e+02 5.4307501221e+02 5.4312402344e+02
5.4115502930e+02 5.4129901123e+02 5.4141699219e+02 5.4147302246e+02 5.4149499512e+02 5.4152197266e+02 5.4157598877e+02 5.4163702393e+02 5.4166198730e+02 5.4169201660e+02 5.4175201416e+02 5.4178900146e+02 5.4184301758e+02 5.4189398193e+02 5.4190600586e+02 5.4192901611e+02 5.4196398926e+02 5.4200299072e+02 5.4205297852e+02 5.4206896973e+02 5.4210601807e+02 5.4213897705e+02 5.4216998291e+02 5.4221099854e+02 5.4225097656e+02 5.4228100586e+02 5.4231500244e+02 5.4235198975e+02 5.4240502930e+02 5.4244799805e+02 5.4249700928e+02 5.4254602051e+02 5.4259002686e+02 5.4261602783e+02 5.4264801025e+02 5.4268499756e+02 5.4272100830e+02 5.4277301025e+02 5.4283001709e+02 5.4288000488e+02 5.4291497803e+02 5.4296197510e+02 5.4301000977e+02 5.4304901123e+02 5.4308197021e+02 5.4313000488e+02
5.4111199951e+02 5.4124902344e+02 5.4137200928e+02 5.4143402100e+02 5.4148199463e+02 5.4151501465e+02 5.4156402588e+02 5.4161700439e+02 5.4165698242e+02 5.4169396973e+02 5.4174798584e+02 5.4177197266e+02 5.4182501221e+02 5.4189099121e+02 5.4191198730e+02 5.4193200684e+02 5.4196002197e+02 5.4200299072e+02 5.4204901123e+02 5.4207202148e+02 5.4211798096e+02 5.4214697266e+02 5.4217999268e+02 5.4222497559e+02 5.4224798584e+02 5.4227398682e+02 5.4232098389e+02 5.4235601807e+02 5.4239501953e+02 5.4244097900e+02 5.4248602295e+02 5.4252899170e+02 5.4257397461e+02 5.4262701416e+02 5.4266601563e+02 5.4270599365e+02 5.4274200439e+02 5.4278698730e+02 5.4283300781e+02 5.4288299561e+02 5.4292602539e+02 5.4296801758e+02 5.4300701904e+02 5.4304199219e+02 5.4307202148e+02 5.4312097168e+02
5.4106097412e+02 5.4120397949e+02 5.4133599854e+02 5.4139599609e+02 5.4145300293e+02 5.4151098633e+02 5.4155700684e+02 5.4159600830e+02 5.4165002441e+02 5.4169201660e+02 5.4174597168e+02 5.4177197266e+02 5.4181701660e+02 5.4187500000e+02 5.4191302490e+02 5.4193200684e+02 5.4196099854e+02 5.4199298096e+02 5.4203900146e+02 5.4207397461e+02 5.4211901855e+02 5.4215899658e+02 5.4219799805e+02 5.4224499512e+02 5.4226800537e+02 5.4228900146e+02 5.4232598877e+02 5.4235900879e+02 5.4239501953e+02 5.4244097900e+02 5.4248999023e+02 5.4253698730e+02 5.4259100342e+02 5.4263201904e+02 5.4267901611e+02 5.4271002197e+02 5.4274401855e+02 5.4278399658e+02 5.4282098389e+02 5.4286700439e+02 5.4290301514e+02 5.4294897461e+02 5.4299700928e+02 5.4304498291e+02 5.4307897949e+02 5.4313702393e+02
5.4102502441e+02 5.4116998291e+02 5.4127801514e+02 5.4135498047e+02 5.4142602539e+02 5.4149401855e+02 5.4155798340e+02 5.4159497070e+02 5.4165399170e+02 5.4171002197e+02 5.4175897217e+02 5.4177697754e+02 5.4181701660e+02 5.4186798096e+02 5.4191601563e+02 5.4194396973e+02 5.4197698975e+02 5.4199798584e+02 5.4203900146e+02 5.4208300781e+02 5.4211999512e+02 5.4215997314e+02 5.4220397949e+02 5.4223901367e+02 5.4226702881e+02 5.4229302979e+02 5.4232702637e+02 5.4236401367e+02 5.4240002441e+02 5.4243402100e+02 5.4247802734e+02 5.4252899170e+02 5.4259497070e+02 5.4262500000e+02 5.4266900635e+02 5.4269396973e+02 5.4272399902e+02 5.4276300049e+02 5.4279699707e+02 5.4283801270e+02 5.4287799072e+02 5.4293103027e+02 5.4299298096e+02 5.4304998779e+02 5.4308300781e+02 5.4314599609e+02
5.4098199463e+02 5.4113000488e+02 5.4123297119e+02 5.4132299805e+02 5.4140997314e+02 5.4147998047e+02 5.4155297852e+02 5.4160400391e+02 5.4166802979e+02 5.4172601318e+02 5.4176898193e+02 5.4179699707e+02 5.4183300781e+02 5.4186798096e+02 5.4190698242e+02 5.4194598389e+02 5.4199102783e+02 5.4201397705e+02 5.4204901123e+02 5.4209100342e+02 5.4213000488e+02 5.4216101074e+02 5.4219897461e+02 5.4222998047e+02 5.4226300049e+02 5.4229400635e+02 5.4233001709e+02 5.4236999512e+02 5.4240301514e+02 5.4243103027e+02 5.4246398926e+02 5.4251098633e+02 5.4257702637e+02 5.4259899902e+02 5.4263800049e+02 5.4267102051e+02 5.4270202637e+02 5.4274401855e+02 5.4278399658e+02 5.4282299805e+02 5.4287298584e+02 5.4292999268e+02 5.4299700928e+02 5.4306701660e+02 5.4311602783e+02 5.4317797852e+02
