TESTSERVER/0/11.asc
NCOLS 100
NROWS 100
XLLCORNER 7.4997500000e+03
YLLCORNER 2.8940025000e+05
CELLSIZE 5.0000000000e-01
NODATA_VALUE -9.9990000000e+03
[rows 60 to 79 of 100, columns 46 to 91 of 100]
5.4510900879e+02 5.4517199707e+02 5.4525299072e+02 5.4537298584e+02 5.4545898438e+02 5.4551800537e+02 5.4553100586e+02 5.4557897949e+02 5.4563800049e+02 5.4568798828e+02 5.4573901367e+02 5.4583599854e+02 5.4590802002e+02 5.4596002197e+02 5.4602502441e+02 5.4612597656e+02 5.4621301270e+02 5.4628002930e+02 5.4635198975e+02 5.4642602539e+02 5.4650097656e+02 5.4658197021e+02 5.4666198730e+02 5.4676202393e+02 5.4684497070e+02 5.4691802979e+02 5.4696801758e+02 5.4707598877e+02 5.4716198730e+02 5.4721697998e+02 5.4733099365e+02 5.4741601563e+02 5.4747399902e+02 5.4755798340e+02 5.4770397949e+02 5.4780603027e+02 5.4788000488e+02 5.4796502686e+02 5.4810302734e+02 5.4820098877e+02 5.4832098389e+02 5.4844097900e+02 5.4853802490e+02 5.4871697998e+02 5.4885498047e+02 5.4901397705e+02
5.4501599121e+02 5.4505902100e+02 5.4512200928e+02 5.4522198486e+02 5.4531298828e+02 5.4538800049e+02 5.4541101074e+02 5.4545202637e+02 5.4550500488e+02 5.4554699707e+02 5.4560699463e+02 5.4571600342e+02 5.4578198242e+02 5.4583300781e+02 5.4589801025e+02 5.4598199463e+02 5.4604998779e+02 5.4611999512e+02 5.4619097900e+02 5.4627697754e+02 5.4635998535e+02 5.4642797852e+02 5.4650500488e+02 5.4659802246e+02 5.4668103027e+02 5.4676202393e+02 5.4679901123e+02 5.4688702393e+02 5.4698999023e+02 5.4707299805e+02 5.4716497803e+02 5.4725701904e+02 5.4734399414e+02 5.4743701172e+02 5.4753802490e+02 5.4763800049e+02 5.4772900391e+02 5.4782000732e+02 5.4795098877e+02 5.4806402588e+02 5.4819598389e+02 5.4830902100e+02 5.4839398193e+02 5.4854302979e+02 5.4869598389e+02 5.4884802246e+02
5.4492700195e+02 5.4497900391e+02 5.4502398682e+02 5.4508300781e+02 5.4514599609e+02 5.4523297119e+02 5.4529302979e+02 5.4535400391e+02 5.4539398193e+02 5.4541400146e+02 5.4545800781e+02 5.4553900146e+02 5.4561901855e+02 5.4570697021e+02 5.4578601074e+02 5.4585101318e+02 5.4590899658e+02 5.4597601318e+02 5.4603802490e+02 5.4611499023e+02 5.4620898438e+02 5.4629199219e+02 5.4636999512e+02 5.4643499756e+02 5.4651202393e+02 5.4660797119e+02 5.4665502930e+02 5.4672802734e+02 5.4683502197e+02 5.4692797852e+02 5.4700201416e+02 5.4710699463e+02 5.4721801758e+02 5.4730902100e+02 5.4737298584e+02 5.4746002197e+02 5.4756500244e+02 5.4767797852e+02 5.4781097412e+02 5.4792999268e+02 5.4805798340e+02 5.4816497803e+02 5.4825402832e+02 5.4836297607e+02 5.4851397705e+02 5.4868298340e+02
5.4479101563e+02 5.4488201904e+02 5.4493798828e+02 5.4499798584e+02 5.4503100586e+02 5.4508300781e+02 5.4514599609e+02 5.4522198486e+02 5.4526800537e+02 5.4528997803e+02 5.4533001709e+02 5.4537597656e+02 5.4545599365e+02 5.4556701660e+02 5.4565301514e+02 5.4571801758e+02 5.4578399658e+02 5.4584600830e+02 5.4590301514e+02 5.4596197510e+02 5.4605902100e+02 5.4616198730e+02 5.4624798584e+02 5.4628997803e+02 5.4634899902e+02 5.4645098877e+02 5.4652001953e+02 5.4659802246e+02 5.4669201660e+02 5.4677301025e+02 5.4685302734e+02 5.4694702148e+02 5.4704699707e+02 5.4714398193e+02 5.4721197510e+02 5.4731597900e+02 5.4742297363e+02 5.4752600098e+02 5.4763897705e+02 5.4775000000e+02 5.4788000488e+02 5.4800799561e+02 5.4813397217e+02 5.4823999023e+02 5.4834497070e+02 5.4849298096e+02
5.4464300537e+02 5.4476702881e+02 5.4486901855e+02 5.4490698242e+02 5.4494702148e+02 5.4497399902e+02 5.4501000977e+02 5.4506500244e+02 5.4512597656e+02 5.4517199707e+02 5.4522100830e+02 5.4528497314e+02 5.4533697510e+02 5.4541699219e+02 5.4548901367e+02 5.4557501221e+02 5.4565600586e+02 5.4571197510e+02 5.4576000977e+02 5.4582098389e+02 5.4589599609e+02 5.4599102783e+02 5.4608697510e+02 5.4612701416e+02 5.4617901611e+02 5.4627801514e+02 5.4636401367e+02 5.4646301270e+02 5.4654602051e+02 5.4661999512e+02 5.4671600342e+02 5.4678198242e+02 5.4686102295e+02 5.4698498535e+02 5.4707800293e+02 5.4717602539e+02 5.4726599121e+02 5.4735797119e+02 5.4747900391e+02 5.4758398438e+02 5.4770397949e+02 5.4784197998e+02 5.4800897217e+02 5.4811297607e+02 5.4819000244e+02 5.4829998779e+02
5.4451702881e+02 5.4460998535e+02 5.4471197510e+02 5.4473498535e+02 5.4479797363e+02 5.4487701416e+02 5.4490600586e+02 5.4491497803e+02 5.4496697998e+02 5.4503198242e+02 5.4510302734e+02 5.4516302490e+02 5.4521301270e+02 5.4528497314e+02 5.4534997559e+02 5.4542498779e+02 5.4549902344e+02 5.4556799316e+02 5.4563500977e+02 5.4570898438e+02 5.4577301025e+02 5.4582598877e+02 5.4590502930e+02 5.4597399902e+02 5.4605798340e+02 5.4616198730e+02 5.4621697998e+02 5.4630700684e+02 5.4640002441e+02 5.4647601318e+02 5.4657397461e+02 5.4665899658e+02 5.4672100830e+02 5.4683398438e+02 5.4692602539e+02 5.4701300049e+02 5.4710601807e+02 5.4721099854e+02 5.4733898926e+02 5.4745098877e+02 5.4755297852e+02 5.4771600342e+02 5.4792297363e+02 5.4802899170e+02 5.4805700684e+02 5.4813897705e+02
5.4438897705e+02 5.4444500732e+02 5.4454400635e+02 5.4459399414e+02 5.4466497803e+02 5.4475097656e+02 5.4479400635e+02 5.4479998779e+02 5.4483300781e+02 5.4489599609e+02 5.4497100830e+02 5.4504998779e+02 5.4511401367e+02 5.4518499756e+02 5.4523901367e+02 5.4528997803e+02 5.4535498047e+02 5.4542700195e+02 5.4550701904e+02 5.4558697510e+02 5.4566497803e+02 5.4571801758e+02 5.4577301025e+02 5.4582702637e+02 5.4591302490e+02 5.4601800537e+02 5.4606799316e+02 5.4615600586e+02 5.4625097656e+02 5.4632098389e+02 5.4641900635e+02 5.4652301025e+02 5.4659197998e+02 5.4668298340e+02 5.4676098633e+02 5.4684497070e+02 5.4694598389e+02 5.4706597900e+02 5.4718103027e+02 5.4728900146e+02 5.4741198730e+02 5.4758001709e+02 5.4775097656e+02 5.4783099365e+02 5.4784997559e+02 5.4794500732e+02
5.4429101563e+02 5.4432897949e+02 5.4440502930e+02 5.4447198486e+02 5.4454199219e+02 5.4461499023e+02 5.4466900635e+02 5.4469500732e+02 5.4472497559e+02 5.4477502441e+02 5.4484197998e+02 5.4493200684e+02 5.4501000977e+02 5.4508697510e+02 5.4514202881e+02 5.4518701172e+02 5.4523999023e+02 5.4529101563e+02 5.4536199951e+02 5.4543402100e+02 5.4551800537e+02 5.4559698486e+02 5.4566101074e+02 5.4570800781e+02 5.4578002930e+02 5.4587097168e+02 5.4593200684e+02 5.4601599121e+02 5.4611297607e+02 5.4617901611e+02 5.4627001953e+02 5.4636602783e+02 5.4646099854e+02 5.4655200195e+02 5.4661401367e+02 5.4670599365e+02 5.4681201172e+02 5.4692700195e+02 5.4702301025e+02 5.4713598633e+02 5.4728399658e+02 5.4742401123e+02 5.4751898193e+02 5.4758801270e+02 5.4765698242e+02 5.4777899170e+02
5.4421697998e+02 5.4424902344e+02 5.4429302979e+02 5.4433697510e+02 5.4440301514e+02 5.4447698975e+02 5.4452899170e+02 5.4459100342e+02 5.4465002441e+02 5.4472198486e+02 5.4477398682e+02 5.4482000732e+02 5.4490100098e+02 5.4496502686e+02 5.4500897217e+02 5.4506597900e+02 5.4512402344e+02 5.4515698242e+02 5.4520397949e+02 5.4527899170e+02 5.4536297607e+02 5.4545098877e+02 5.4551000977e+02 5.4557598877e+02 5.4564898682e+02 5.4573498535e+02 5.4581097412e+02 5.4589398193e+02 5.4599200439e+02 5.4605999756e+02 5.4612902832e+02 5.4621301270e+02 5.4631201172e+02 5.4641198730e+02 5.4648400879e+02 5.4658398438e+02 5.4668798828e+02 5.4679101563e+02 5.4687799072e+02 5.4699499512e+02 5.4712902832e+02 5.4723199463e+02 5.4733502197e+02 5.4742901611e+02 5.4752099609e+02 5.4763500977e+02
5.4409100342e+02 5.4416101074e+02 5.4423498535e+02 5.4425799561e+02 5.4428900146e+02 5.4435498047e+02 5.4441302490e+02 5.4448498535e+02 5.4456500244e+02 5.4464697266e+02 5.4467602539e+02 5.4471398926e+02 5.4477301025e+02 5.4482299805e+02 5.4489099121e+02 5.4493200684e+02 5.4500000000e+02 5.4504699707e+02 5.4509802246e+02 5.4516601563e+02 5.4525097656e+02 5.4533697510e+02 5.4539801025e+02 5.4544500732e+02 5.4551800537e+02 5.4560302734e+02 5.4566101074e+02 5.4575201416e+02 5.4585998535e+02 5.4593200684e+02 5.4600097656e+02 5.4609100342e+02 5.4617401123e+02 5.4627301025e+02 5.4635998535e+02 5.4645202637e+02 5.4655297852e+02 5.4665899658e+02 5.4675097656e+02 5.4685998535e+02 5.4696197510e+02 5.4704498291e+02 5.4714501953e+02 5.4725897217e+02 5.4738201904e+02 5.4751202393e+02
5.4399200439e+02 5.4406402588e+02 5.4414099121e+02 5.4417102051e+02 5.4419000244e+02 5.4424298096e+02 5.4429998779e+02 5.4437902832e+02 5.4445599365e+02 5.4452001953e+02 5.4455200195e+02 5.4462097168e+02 5.4467199707e+02 5.4470800781e+02 5.4477801514e+02 5.4483001709e+02 5.4489898682e+02 5.4494500732e+02 5.4500000000e+02 5.4508001709e+02 5.4515899658e+02 5.4522998047e+02 5.4529699707e+02 5.4533599854e+02 5.4539501953e+02 5.4547998047e+02 5.4553002930e+02 5.4560900879e+02 5.4571197510e+02 5.4579400635e+02 5.4587200928e+02 5.4596398926e+02 5.4604901123e+02 5.4614599609e+02 5.4623498535e+02 5.4632000732e+02 5.4641998291e+02 5.4652600098e+02 5.4662200928e+02 5.4673400879e+02 5.4682800293e+02 5.4690100098e+02 5.4699902344e+02 5.4711798096e+02 5.4724102783e+02 5.4737200928e+02
5.4390399170e+02 5.4395697021e+02 5.4402600098e+02 5.4407202148e+02 5.4410198975e+02 5.4415100098e+02 5.4420599365e+02 5.4427301025e+02 5.4434301758e+02 5.4441302490e+02 5.4445098877e+02 5.4453698730e+02 5.4459399414e+02 5.4461901855e+02 5.4467102051e+02 5.4471997070e+02 5.4477801514e+02 5.4482501221e+02 5.4490002441e+02 5.4498999023e+02 5.4505603027e+02 5.4510699463e+02 5.4517602539e+02 5.4522998047e+02 5.4527899170e+02 5.4535601807e+02 5.4541302490e+02 5.4549700928e+02 5.4559197998e+02 5.4566699219e+02 5.4575299072e+02 5.4584002686e+02 5.4592199707e+02 5.4601800537e+02 5.4610797119e+02 5.4618701172e+02 5.4629302979e+02 5.4639697266e+02 5.4649401855e+02 5.4659802246e+02 5.4669201660e+02 5.4677001953e+02 5.4686798096e+02 5.4697698975e+02 5.4708801270e+02 5.4721502686e+02
5.4381298828e+02 5.4386102295e+02 5.4391900635e+02 5.4398199463e+02 5.4402301025e+02 5.4407000732e+02 5.4411798096e+02 5.4417498779e+02 5.4423699951e+02 5.4430200195e+02 5.4434301758e+02 5.4442901611e+02 5.4449700928e+02 5.4453698730e+02 5.4459399414e+02 5.4463500977e+02 5.4468798828e+02 5.4474499512e+02 5.4482098389e+02 5.4487402344e+02 5.4492797852e+02 5.4498199463e+02 5.4504699707e+02 5.4510998535e+02 5.4516802979e+02 5.4523602295e+02 5.4530700684e+02 5.4539398193e+02 5.4548699951e+02 5.4555401611e+02 5.4564398193e+02 5.4573400879e+02 5.4581097412e+02 5.4591198730e+02 5.4601898193e+02 5.4607299805e+02 5.4616198730e+02 5.4625402832e+02 5.4634802246e+02 5.4643701172e+02 5.4653198242e+02 5.4662701416e+02 5.4672998047e+02 5.4684197998e+02 5.4695898438e+02 5.4708502197e+02
5.4373602295e+02 5.4377001953e+02 5.4382397461e+02 5.4389300537e+02 5.4394702148e+02 5.4398602295e+02 5.4403802490e+02 5.4409497070e+02 5.4415301514e+02 5.4420098877e+02 5.4425201416e+02 5.4432202148e+02 5.4438397217e+02 5.4443597412e+02 5.4449597168e+02 5.4454699707e+02 5.4460302734e+02 5.4465197754e+02 5.4471197510e+02 5.4476300049e+02 5.4482501221e+02 5.4489599609e+02 5.4495202637e+02 5.4501397705e+02 5.4507202148e+02 5.4513397217e+02 5.4519097900e+02 5.4527197266e+02 5.4537200928e+02 5.4544897461e+02 5.4552099609e+02 5.4561297607e+02 5.4569299316e+02 5.4578100586e+02 5.4587799072e+02 5.4596398926e+02 5.4606402588e+02 5.4615100098e+02 5.4623602295e+02 5.4632397461e+02 5.4641802979e+02 5.4650000000e+02 5.4658898926e+02 5.4670300293e+02 5.4681597900e+02 5.4694097900e+02
5.4368298340e+02 5.4370501709e+02 5.4375598145e+02 5.4381597900e+02 5.4386102295e+02 5.4390100098e+02 5.4396899414e+02 5.4402600098e+02 5.4408001709e+02 5.4412097168e+02 5.4416497803e+02 5.4421697998e+02 5.4428399658e+02 5.4434497070e+02 5.4440997314e+02 5.4446502686e+02 5.4451202393e+02 5.4455700684e+02 5.4461102295e+02 5.4466302490e+02 5.4473101807e+02 5.4480200195e+02 5.4484698486e+02 5.4491998291e+02 5.4497698975e+02 5.4503100586e+02 5.4508697510e+02 5.4515698242e+02 5.4525201416e+02 5.4533898926e+02 5.4542901611e+02 5.4552697754e+02 5.4560101318e+02 5.4567901611e+02 5.4577197266e+02 5.4587597656e+02 5.4596899414e+02 5.4604199219e+02 5.4611602783e+02 5.4619598389e+02 5.4628900146e+02 5.4637200928e+02 5.4645898438e+02 5.4657598877e+02 5.4669201660e+02 5.4682397461e+02
5.4361999512e+02 5.4365502930e+02 5.4370501709e+02 5.4375000000e+02 5.4378302002e+02 5.4382598877e+02 5.4389501953e+02 5.4394000244e+02 5.4399499512e+02 5.4403802490e+02 5.4407702637e+02 5.4413000488e+02 5.4419799805e+02 5.4425097656e+02 5.4432501221e+02 5.4438500977e+02 5.4442700195e+02 5.4448498535e+02 5.4454400635e+02 5.4458599854e+02 5.4464697266e+02 5.4471099854e+02 5.4475299072e+02 5.4483001709e+02 5.4487902832e+02 5.4492999268e+02 5.4499298096e+02 5.4506799316e+02 5.4515502930e+02 5.4523901367e+02 5.4533697510e+02 5.4543701172e+02 5.4551098633e+02 5.4558300781e+02 5.4566497803e+02 5.4576501465e+02 5.4584997559e+02 5.4592297363e+02 5.4599902344e+02 5.4606298828e+02 5.4615301514e+02 5.4624499512e+02 5.4633599854e+02 5.4645098877e+02 5.4657397461e+02 5.4674200439e+02
5.4357098389e+02 5.4362402344e+02 5.4364898682e+02 5.4367999268e+02 5.4372802734e+02 5.4377099609e+02 5.4381201172e+02 5.4385601807e+02 5.4391900635e+02 5.4397497559e+02 5.4400500488e+02 5.4406799316e+02 5.4413800049e+02 5.4417999268e+02 5.4424700928e+02 5.4430200195e+02 5.4434997559e+02 5.4442199707e+02 5.4447802734e+02 5.4450897217e+02 5.4456500244e+02 5.4462799072e+02 5.4468103027e+02 5.4474700928e+02 5.4478399658e+02 5.4484197998e+02 5.4490899658e+02 5.4498498535e+02 5.4507299805e+02 5.4515100098e+02 5.4523602295e+02 5.4533001709e+02 5.4541601563e+02 5.4550097656e+02 5.4558197021e+02 5.4565600586e+02 5.4573297119e+02 5.4581500244e+02 5.4589599609e+02 5.4595098877e+02 5.4603601074e+02 5.4612701416e+02 5.4621997070e+02 5.4633502197e+02 5.4645300293e+02 5.4663500977e+02
5.4347198486e+02 5.4352301025e+02 5.4355603027e+02 5.4360797119e+02 5.4367901611e+02 5.4372198486e+02 5.4374798584e+02 5.4378997803e+02 5.4385400391e+02 5.4392401123e+02 5.4395599365e+02 5.4401098633e+02 5.4408197021e+02 5.4411499023e+02 5.4416900635e+02 5.4421899414e+02 5.4427001953e+02 5.4433697510e+02 5.4440002441e+02 5.4444702148e+02 5.4450500488e+02 5.4455798340e+02 5.4460601807e+02 5.4467199707e+02 5.4472302246e+02 5.4478997803e+02 5.4483398438e+02 5.4491400146e+02 5.4500897217e+02 5.4508300781e+02 5.4517199707e+02 5.4525500488e+02 5.4532800293e+02 5.4541802979e+02 5.4549499512e+02 5.4556298828e+02 5.4563299561e+02 5.4570501709e+02 5.4577398682e+02 5.4584899902e+02 5.4593597412e+02 5.4602600098e+02 5.4612097168e+02 5.4623797607e+02 5.4637799072e+02 5.4656097412e+02
5.4340301514e+02 5.4344799805e+02 5.4349200439e+02 5.4355200195e+02 5.4362200928e+02 5.4366601563e+02 5.4370098877e+02 5.4374102783e+02 5.4379699707e+02 5.4384997559e+02 5.4388201904e+02 5.4394201660e+02 5.4400598145e+02 5.4404699707e+02 5.4410498047e+02 5.4414501953e+02 5.4419598389e+02 5.4426098633e+02 5.4433398438e+02 5.4438098145e+02 5.4444396973e+02 5.4449597168e+02 5.4454302979e+02 5.4460498047e+02 5.4466497803e+02 5.4472900391e+02 5.4476599121e+02 5.4484997559e+02 5.4493499756e+02 5.4500000000e+02 5.4509100342e+02 5.4517498779e+02 5.4525097656e+02 5.4533197021e+02 5.4540399170e+02 5.4546697998e+02 5.4553802490e+02 5.4560900879e+02 5.4566802979e+02 5.4574102783e+02 5.4582202148e+02 5.4591699219e+02 5.4603002930e+02 5.4618499756e+02 5.4636401367e+02 5.4655999756e+02
5.4335699463e+02 5.4340100098e+02 5.4345397949e+02 5.4349902344e+02 5.4354998779e+02 5.4359997559e+02 5.4365802002e+02 5.4370599365e+02 5.4375598145e+02 5.4379498291e+02 5.4383099365e+02 5.4390002441e+02 5.4395098877e+02 5.4399298096e+02 5.4406500244e+02 5.4409802246e+02 5.4413897705e+02 5.4419500732e+02 5.4426702881e+02 5.4430401611e+02 5.4436798096e+02 5.4442999268e+02 5.4449102783e+02 5.4455200195e+02 5.4461700439e+02 5.4467401123e+02 5.4471502686e+02 5.4479400635e+02 5.4486499023e+02 5.4492797852e+02 5.4500299072e+02 5.4508898926e+02 5.4516900635e+02 5.4524102783e+02 5.4530902100e+02 5.4537200928e+02 5.4544500732e+02 5.4551898193e+02 5.4558502197e+02 5.4564898682e+02 5.4573400879e+02 5.4585699463e+02 5.4600897217e+02 5.4616802979e+02 5.4633697510e+02 5.4651300049e+02
