TESTSERVER/0/12.asc
NCOLS 100
NROWS 100
XLLCORNER 7.4997500000e+03
YLLCORNER 2.8935025000e+05
CELLSIZE 5.0000000000e-01
NODATA_VALUE -9.9990000000e+03
[rows 40 to 59 of 100, columns 0 to 45 of 100]
5.3949298096e+02 5.3950000000e+02 5.3951000977e+02 5.3952099609e+02 5.3952301025e+02 5.3953497314e+02 5.3953900146e+02 5.3955902100e+02 5.3961297607e+02 5.3991400146e+02 5.4034100342e+02 5.4067199707e+02 5.4107897949e+02 5.4151702881e+02 5.4183300781e+02 5.4208599854e+02 5.4234197998e+02 5.4251300049e+02 5.4257000732e+02 5.4258001709e+02 5.4260302734e+02 5.4259997559e+02 5.4261199951e+02 5.4263098145e+02 5.4263098145e+02 5.4263500977e+02 5.4264001465e+02 5.4263702393e+02 5.4264697266e+02 5.4265899658e+02 5.4268103027e+02 5.4270697021e+02 5.4272399902e+02 5.4274298096e+02 5.4275598145e+02 5.4277398682e+02 5.4279400635e+02 5.4283502197e+02 5.4293402100e+02 5.4300201416e+02 5.4302301025e+02 5.4304101563e+02 5.4305401611e+02 5.4306298828e+02 5.4307702637e+02 5.4307000732e+02
5.3948400879e+02 5.3949200439e+02 5.3950402832e+02 5.3951202393e+02 5.3951800537e+02 5.3953601074e+02 5.3954101563e+02 5.3955297852e+02 5.3956500244e+02 5.3978900146e+02 5.4022900391e+02 5.4057000732e+02 5.4097198486e+02 5.4140600586e+02 5.4177600098e+02 5.4205297852e+02 5.4230999756e+02 5.4251098633e+02 5.4258099365e+02 5.4258697510e+02 5.4261602783e+02 5.4261499023e+02 5.4261999512e+02 5.4262701416e+02 5.4263000488e+02 5.4264300537e+02 5.4265997314e+02 5.4266101074e+02 5.4267498779e+02 5.4267498779e+02 5.4269500732e+02 5.4272399902e+02 5.4273699951e+02 5.4275000000e+02 5.4276000977e+02 5.4277001953e+02 5.4280200195e+02 5.4284698486e+02 5.4294201660e+02 5.4299102783e+02 5.4301000977e+02 5.4301898193e+02 5.4303100586e+02 5.4303698730e+02 5.4304998779e+02 5.4304602051e+02
5.3946997070e+02 5.3948999023e+02 5.3949597168e+02 5.3951098633e+02 5.3952197266e+02 5.3953802490e+02 5.3954199219e+02 5.3954998779e+02 5.3956799316e+02 5.3975000000e+02 5.4014202881e+02 5.4050500488e+02 5.4090600586e+02 5.4131799316e+02 5.4167102051e+02 5.4197698975e+02 5.4225000000e+02 5.4247900391e+02 5.4259100342e+02 5.4260498047e+02 5.4262500000e+02 5.4262701416e+02 5.4263500977e+02 5.4264300537e+02 5.4264202881e+02 5.4264300537e+02 5.4265997314e+02 5.4268701172e+02 5.4273999023e+02 5.4272802734e+02 5.4271801758e+02 5.4273297119e+02 5.4274401855e+02 5.4275097656e+02 5.4275500488e+02 5.4276300049e+02 5.4280902100e+02 5.4285699463e+02 5.4293798828e+02 5.4297601318e+02 5.4299200439e+02 5.4300201416e+02 5.4301098633e+02 5.4302099609e+02 5.4303002930e+02 5.4302301025e+02
5.3945397949e+02 5.3947100830e+02 5.3948797607e+02 5.3951202393e+02 5.3951898193e+02 5.3952899170e+02 5.3953497314e+02 5.3954101563e+02 5.3954400635e+02 5.3967999268e+02 5.4004901123e+02 5.4042999268e+02 5.4084997559e+02 5.4125799561e+02 5.4159698486e+02 5.4189001465e+02 5.4218298340e+02 5.4243499756e+02 5.4258599854e+02 5.4262097168e+02 5.4263299561e+02 5.4263201904e+02 5.4263800049e+02 5.4264202881e+02 5.4263500977e+02 5.4262500000e+02 5.4263397217e+02 5.4267498779e+02 5.4275402832e+02 5.4274298096e+02 5.4271801758e+02 5.4272100830e+02 5.4273199463e+02 5.4273797607e+02 5.4274597168e+02 5.4275299072e+02 5.4280102539e+02 5.4284997559e+02 5.4292602539e+02 5.4296697998e+02 5.4297302246e+02 5.4299102783e+02 5.4300097656e+02 5.4300897217e+02 5.4302001953e+02 5.4301098633e+02
5.3947698975e+02 5.3947802734e+02 5.3948199463e+02 5.3949902344e+02 5.3951000977e+02 5.3952197266e+02 5.3952899170e+02 5.3954498291e+02 5.3953802490e+02 5.3962097168e+02 5.3994702148e+02 5.4034698486e+02 5.4075598145e+02 5.4118499756e+02 5.4152301025e+02 5.4179101563e+02 5.4209802246e+02 5.4237799072e+02 5.4257897949e+02 5.4263299561e+02 5.4263299561e+02 5.4264202881e+02 5.4265002441e+02 5.4265197754e+02 5.4263000488e+02 5.4262701416e+02 5.4263702393e+02 5.4264898682e+02 5.4267999268e+02 5.4270898438e+02 5.4272399902e+02 5.4272497559e+02 5.4272802734e+02 5.4273101807e+02 5.4273797607e+02 5.4275299072e+02 5.4278601074e+02 5.4283398438e+02 5.4290600586e+02 5.4295300293e+02 5.4296801758e+02 5.4298199463e+02 5.4299298096e+02 5.4299298096e+02 5.4300299072e+02 5.4300799561e+02
5.3947900391e+02 5.3948297119e+02 5.3948699951e+02 5.3949798584e+02 5.3951300049e+02 5.3951800537e+02 5.3952099609e+02 5.3954498291e+02 5.3953601074e+02 5.3957098389e+02 5.3983801270e+02 5.4025097656e+02 5.4065698242e+02 5.4109301758e+02 5.4146997070e+02 5.4175402832e+02 5.4204199219e+02 5.4232098389e+02 5.4256597900e+02 5.4263000488e+02 5.4262500000e+02 5.4264801025e+02 5.4265698242e+02 5.4265100098e+02 5.4263897705e+02 5.4263598633e+02 5.4264898682e+02 5.4264300537e+02 5.4265197754e+02 5.4269000244e+02 5.4270697021e+02 5.4271697998e+02 5.4273400879e+02 5.4273297119e+02 5.4273797607e+02 5.4275897217e+02 5.4278698730e+02 5.4284802246e+02 5.4291601563e+02 5.4294500732e+02 5.4296099854e+02 5.4297698975e+02 5.4298699951e+02 5.4297698975e+02 5.4298699951e+02 5.4300299072e+02
5.3948699951e+02 5.3947998047e+02 5.3948400879e+02 5.3949798584e+02 5.3950402832e+02 5.3951098633e+02 5.3953100586e+02 5.3953900146e+02 5.3954199219e+02 5.3955499268e+02 5.3971697998e+02 5.4013299561e+02 5.4056201172e+02 5.4100000000e+02 5.4139099121e+02 5.4171997070e+02 5.4200500488e+02 5.4227398682e+02 5.4253900146e+02 5.4262402344e+02 5.4262298584e+02 5.4264599609e+02 5.4264898682e+02 5.4264398193e+02 5.4264697266e+02 5.4264099121e+02 5.4264599609e+02 5.4264099121e+02 5.4264599609e+02 5.4267602539e+02 5.4269000244e+02 5.4271197510e+02 5.4272601318e+02 5.4272497559e+02 5.4273400879e+02 5.4275701904e+02 5.4278997803e+02 5.4286901855e+02 5.4292297363e+02 5.4293200684e+02 5.4294702148e+02 5.4296899414e+02 5.4297998047e+02 5.4297198486e+02 5.4297601318e+02 5.4299102783e+02
5.3949298096e+02 5.3948101807e+02 5.3948999023e+02 5.3950097656e+02 5.3950097656e+02 5.3951000977e+02 5.3953198242e+02 5.3955200195e+02 5.3955603027e+02 5.3955102539e+02 5.3966699219e+02 5.4004602051e+02 5.4047698975e+02 5.4089202881e+02 5.4127502441e+02 5.4162097168e+02 5.4194201660e+02 5.4223297119e+02 5.4250598145e+02 5.4260900879e+02 5.4262298584e+02 5.4264001465e+02 5.4264599609e+02 5.4265100098e+02 5.4264898682e+02 5.4264801025e+02 5.4266101074e+02 5.4265997314e+02 5.4265899658e+02 5.4268402100e+02 5.4269598389e+02 5.4271197510e+02 5.4271697998e+02 5.4272497559e+02 5.4273901367e+02 5.4276202393e+02 5.4279602051e+02 5.4287799072e+02 5.4292602539e+02 5.4293200684e+02 5.4293701172e+02 5.4295501709e+02 5.4296697998e+02 5.4296801758e+02 5.4297601318e+02 5.4299200439e+02
5.3948297119e+02 5.3948999023e+02 5.3949597168e+02 5.3950097656e+02 5.3950000000e+02 5.3951000977e+02 5.3952001953e+02 5.3954400635e+02 5.3955102539e+02 5.3953802490e+02 5.3963000488e+02 5.3997601318e+02 5.4037597656e+02 5.4076800537e+02 5.4114398193e+02 5.4150701904e+02 5.4185101318e+02 5.4218798828e+02 5.4247998047e+02 5.4261401367e+02 5.4263201904e+02 5.4264099121e+02 5.4265399170e+02 5.4266497803e+02 5.4264898682e+02 5.4264801025e+02 5.4266101074e+02 5.4265899658e+02 5.4265802002e+02 5.4269396973e+02 5.4270898438e+02 5.4271301270e+02 5.4271301270e+02 5.4272399902e+02 5.4273797607e+02 5.4276098633e+02 5.4279199219e+02 5.4286199951e+02 5.4292401123e+02 5.4294500732e+02 5.4294702148e+02 5.4295001221e+02 5.4295098877e+02 5.4295202637e+02 5.4296801758e+02 5.4298797607e+02
5.3947601318e+02 5.3950097656e+02 5.3949401855e+02 5.3949200439e+02 5.3950097656e+02 5.3952899170e+02 5.3953002930e+02 5.3954302979e+02 5.3953997803e+02 5.3953698730e+02 5.3960400391e+02 5.3991198730e+02 5.4028802490e+02 5.4066400146e+02 5.4104199219e+02 5.4142401123e+02 5.4177899170e+02 5.4212097168e+02 5.4242199707e+02 5.4259399414e+02 5.4263800049e+02 5.4263397217e+02 5.4264300537e+02 5.4266101074e+02 5.4266302490e+02 5.4265502930e+02 5.4264898682e+02 5.4264398193e+02 5.4265600586e+02 5.4267797852e+02 5.4269396973e+02 5.4270397949e+02 5.4271002197e+02 5.4271997070e+02 5.4273797607e+02 5.4275897217e+02 5.4277398682e+02 5.4285198975e+02 5.4291497803e+02 5.4292401123e+02 5.4292901611e+02 5.4294598389e+02 5.4295098877e+02 5.4295898438e+02 5.4296197510e+02 5.4297998047e+02
5.3946301270e+02 5.3950201416e+02 5.3949298096e+02 5.3950402832e+02 5.3951501465e+02 5.3953399658e+02 5.3953900146e+02 5.3954199219e+02 5.3954199219e+02 5.3954901123e+02 5.3957501221e+02 5.3979699707e+02 5.4019396973e+02 5.4059497070e+02 5.4097399902e+02 5.4139501953e+02 5.4175897217e+02 5.4206500244e+02 5.4232501221e+02 5.4253698730e+02 5.4262701416e+02 5.4262799072e+02 5.4263098145e+02 5.4264599609e+02 5.4266400146e+02 5.4265997314e+02 5.4265399170e+02 5.4264501953e+02 5.4266400146e+02 5.4268597412e+02 5.4270001221e+02 5.4270800781e+02 5.4271502686e+02 5.4273101807e+02 5.4275299072e+02 5.4276898193e+02 5.4277502441e+02 5.4285498047e+02 5.4290899658e+02 5.4290802002e+02 5.4291998291e+02 5.4293701172e+02 5.4294097900e+02 5.4295098877e+02 5.4295697021e+02 5.4298101807e+02
5.3948101807e+02 5.3951702881e+02 5.3948999023e+02 5.3950500488e+02 5.3951300049e+02 5.3950897217e+02 5.3952001953e+02 5.3953900146e+02 5.3954302979e+02 5.3955102539e+02 5.3954602051e+02 5.3971301270e+02 5.4011602783e+02 5.4052697754e+02 5.4093597412e+02 5.4139599609e+02 5.4177801514e+02 5.4205603027e+02 5.4227502441e+02 5.4246502686e+02 5.4259497070e+02 5.4261602783e+02 5.4261798096e+02 5.4264001465e+02 5.4265899658e+02 5.4265197754e+02 5.4264501953e+02 5.4264697266e+02 5.4267999268e+02 5.4270501709e+02 5.4271600342e+02 5.4271899414e+02 5.4272399902e+02 5.4274700928e+02 5.4276898193e+02 5.4277899170e+02 5.4277697754e+02 5.4284497070e+02 5.4290301514e+02 5.4291198730e+02 5.4292401123e+02 5.4293597412e+02 5.4294299316e+02 5.4295697021e+02 5.4296398926e+02 5.4298999023e+02
5.3946899414e+02 5.3951800537e+02 5.3949200439e+02 5.3950299072e+02 5.3950897217e+02 5.3950402832e+02 5.3951898193e+02 5.3953997803e+02 5.3955401611e+02 5.3955902100e+02 5.3955603027e+02 5.3969500732e+02 5.4006402588e+02 5.4045501709e+02 5.4088299561e+02 5.4135797119e+02 5.4176000977e+02 5.4204101563e+02 5.4224102783e+02 5.4241900635e+02 5.4258099365e+02 5.4260302734e+02 5.4259899902e+02 5.4262500000e+02 5.4265002441e+02 5.4264099121e+02 5.4263000488e+02 5.4264202881e+02 5.4267999268e+02 5.4271801758e+02 5.4272802734e+02 5.4272900391e+02 5.4272900391e+02 5.4274902344e+02 5.4276898193e+02 5.4278100586e+02 5.4277801514e+02 5.4282800293e+02 5.4289099121e+02 5.4291802979e+02 5.4292401123e+02 5.4294396973e+02 5.4294799805e+02 5.4295599365e+02 5.4296600342e+02 5.4299200439e+02
5.3940399170e+02 5.3949597168e+02 5.3949700928e+02 5.3950299072e+02 5.3950299072e+02 5.3949700928e+02 5.3950897217e+02 5.3953399658e+02 5.3955102539e+02 5.3953802490e+02 5.3953497314e+02 5.3964001465e+02 5.3997698975e+02 5.4037701416e+02 5.4081097412e+02 5.4127197266e+02 5.4167999268e+02 5.4198400879e+02 5.4220397949e+02 5.4239599609e+02 5.4257299805e+02 5.4261199951e+02 5.4258697510e+02 5.4260699463e+02 5.4264501953e+02 5.4264599609e+02 5.4263598633e+02 5.4264801025e+02 5.4268597412e+02 5.4271801758e+02 5.4273297119e+02 5.4273901367e+02 5.4274298096e+02 5.4275500488e+02 5.4276800537e+02 5.4277899170e+02 5.4278002930e+02 5.4282501221e+02 5.4289001465e+02 5.4291900635e+02 5.4292700195e+02 5.4294000244e+02 5.4294897461e+02 5.4295898438e+02 5.4296899414e+02 5.4298797607e+02
5.3930798340e+02 5.3945098877e+02 5.3952197266e+02 5.3950097656e+02 5.3949200439e+02 5.3948699951e+02 5.3951300049e+02 5.3954602051e+02 5.3955999756e+02 5.3954602051e+02 5.3954101563e+02 5.3958801270e+02 5.3985998535e+02 5.4027801514e+02 5.4072698975e+02 5.4116802979e+02 5.4156097412e+02 5.4187902832e+02 5.4214099121e+02 5.4235400391e+02 5.4254699707e+02 5.4262500000e+02 5.4263098145e+02 5.4263500977e+02 5.4266699219e+02 5.4266699219e+02 5.4265899658e+02 5.4266302490e+02 5.4269201660e+02 5.4271899414e+02 5.4273498535e+02 5.4274298096e+02 5.4274798584e+02 5.4275500488e+02 5.4276000977e+02 5.4276702881e+02 5.4277197266e+02 5.4281896973e+02 5.4288800049e+02 5.4291601563e+02 5.4292797852e+02 5.4293200684e+02 5.4294396973e+02 5.4295898438e+02 5.4297601318e+02 5.4299902344e+02
5.3921197510e+02 5.3938598633e+02 5.3950799561e+02 5.3950701904e+02 5.3950299072e+02 5.3951300049e+02 5.3952197266e+02 5.3953997803e+02 5.3955700684e+02 5.3956896973e+02 5.3957800293e+02 5.3959497070e+02 5.3978497314e+02 5.4017901611e+02 5.4059899902e+02 5.4103399658e+02 5.4142999268e+02 5.4178698730e+02 5.4210498047e+02 5.4234497070e+02 5.4253698730e+02 5.4263800049e+02 5.4266302490e+02 5.4267901611e+02 5.4269396973e+02 5.4268597412e+02 5.4267297363e+02 5.4267602539e+02 5.4269396973e+02 5.4271697998e+02 5.4273297119e+02 5.4273901367e+02 5.4274200439e+02 5.4274401855e+02 5.4274102783e+02 5.4274401855e+02 5.4275500488e+02 5.4280798340e+02 5.4288000488e+02 5.4290899658e+02 5.4292297363e+02 5.4293200684e+02 5.4294396973e+02 5.4295599365e+02 5.4297302246e+02 5.4300201416e+02
5.3918902588e+02 5.3935699463e+02 5.3949902344e+02 5.3951501465e+02 5.3951397705e+02 5.3952600098e+02 5.3952899170e+02 5.3954602051e+02 5.3955499268e+02 5.3956597900e+02 5.3957800293e+02 5.3958801270e+02 5.3973101807e+02 5.4009100342e+02 5.4046197510e+02 5.4087500000e+02 5.4129602051e+02 5.4172100830e+02 5.4208398438e+02 5.4233898926e+02 5.4253601074e+02 5.4262902832e+02 5.4266699219e+02 5.4268499756e+02 5.4269201660e+02 5.4267999268e+02 5.4267401123e+02 5.4267797852e+02 5.4268798828e+02 5.4270697021e+02 5.4272100830e+02 5.4272698975e+02 5.4272601318e+02 5.4272802734e+02 5.4272302246e+02 5.4272399902e+02 5.4275500488e+02 5.4279797363e+02 5.4285998535e+02 5.4290197754e+02 5.4292199707e+02 5.4293798828e+02 5.4294201660e+02 5.4294598389e+02 5.4295501709e+02 5.4299200439e+02
5.3917498779e+02 5.3933599854e+02 5.3948901367e+02 5.3951599121e+02 5.3951397705e+02 5.3952697754e+02 5.3952899170e+02 5.3954400635e+02 5.3955798340e+02 5.3956402588e+02 5.3956597900e+02 5.3957202148e+02 5.3968499756e+02 5.4000799561e+02 5.4034002686e+02 5.4071899414e+02 5.4113397217e+02 5.4157897949e+02 5.4198199463e+02 5.4228002930e+02 5.4251599121e+02 5.4261102295e+02 5.4263800049e+02 5.4264398193e+02 5.4265802002e+02 5.4265399170e+02 5.4265301514e+02 5.4265997314e+02 5.4267401123e+02 5.4268798828e+02 5.4269897461e+02 5.4271099854e+02 5.4271502686e+02 5.4272198486e+02 5.4272100830e+02 5.4272302246e+02 5.4275500488e+02 5.4280401611e+02 5.4286401367e+02 5.4289697266e+02 5.4291601563e+02 5.4293103027e+02 5.4293499756e+02 5.4293902588e+02 5.4295501709e+02 5.4298901367e+02
5.3917498779e+02 5.3930603027e+02 5.3941400146e+02 5.3950000000e+02 5.3951599121e+02 5.3953601074e+02 5.3953698730e+02 5.3954901123e+02 5.3957000732e+02 5.3957098389e+02 5.3957598877e+02 5.3956896973e+02 5.3965600586e+02 5.3995397949e+02 5.4025500488e+02 5.4060101318e+02 5.4098498535e+02 5.4142999268e+02 5.4187298584e+02 5.4221398926e+02 5.4247601318e+02 5.4259497070e+02 5.4261199951e+02 5.4262500000e+02 5.4264001465e+02 5.4263397217e+02 5.4263299561e+02 5.4264599609e+02 5.4266601563e+02 5.4268701172e+02 5.4269396973e+02 5.4269897461e+02 5.4270397949e+02 5.4272302246e+02 5.4272900391e+02 5.4273199463e+02 5.4275500488e+02 5.4279199219e+02 5.4284600830e+02 5.4288201904e+02 5.4290301514e+02 5.4292297363e+02 5.4292999268e+02 5.4293298340e+02 5.4294897461e+02 5.4298498535e+02
5.3920599365e+02 5.3930297852e+02 5.3940399170e+02 5.3947900391e+02 5.3950598145e+02 5.3952001953e+02 5.3952001953e+02 5.3954302979e+02 5.3956896973e+02 5.3957000732e+02 5.3958300781e+02 5.3956701660e+02 5.3962200928e+02 5.3989300537e+02 5.4018298340e+02 5.4052301025e+02 5.4091497803e+02 5.4138397217e+02 5.4182702637e+02 5.4215600586e+02 5.4240899658e+02 5.4255401611e+02 5.4259997559e+02 5.4261798096e+02 5.4263201904e+02 5.4262701416e+02 5.4263098145e+02 5.4264501953e+02 5.4266900635e+02 5.4268798828e+02 5.4269097900e+02 5.4269201660e+02 5.4269500732e+02 5.4272497559e+02 5.4273400879e+02 5.4273400879e+02 5.4274597168e+02 5.4277801514e+02 5.4283398438e+02 5.4287799072e+02 5.4289099121e+02 5.4290399170e+02 5.4291601563e+02 5.4292901611e+02 5.4294201660e+02 5.4297399902e+02
