TESTSERVER/0/12.asc
NCOLS 100
NROWS 100
XLLCORNER 7.4997500000e+03
YLLCORNER 2.8935025000e+05
CELLSIZE 5.0000000000e-01
NODATA_VALUE -9.9990000000e+03
[rows 40 to 59 of 100, columns 46 to 91 of 100]
5.4307598877e+02 5.4310601807e+02 5.4312298584e+02 5.4314300537e+02 5.4316998291e+02 5.4319702148e+02 5.4323602295e+02 5.4332098389e+02 5.4337902832e+02 5.4342102051e+02 5.4346600342e+02 5.4350201416e+02 5.4354901123e+02 5.4358898926e+02 5.4361700439e+02 5.4365502930e+02 5.4369201660e+02 5.4373297119e+02 5.4376599121e+02 5.4381597900e+02 5.4388098145e+02 5.4395397949e+02 5.4403601074e+02 5.4413897705e+02 5.4418902588e+02 5.4420397949e+02 5.4422399902e+02 5.4425201416e+02 5.4428399658e+02 5.4431402588e+02 5.4433099365e+02 5.4433300781e+02 5.4433697510e+02 5.4436999512e+02 5.4439599609e+02 5.4440100098e+02 5.4441699219e+02 5.4442700195e+02 5.4444299316e+02 5.4446899414e+02 5.4449401855e+02 5.4450799561e+02 5.4451501465e+02 5.4452600098e+02 5.4454302979e+02 5.4455999756e+02
5.4306097412e+02 5.4308801270e+02 5.4310797119e+02 5.4313500977e+02 5.4316497803e+02 5.4319500732e+02 5.4322998047e+02 5.4330700684e+02 5.4336700439e+02 5.4340997314e+02 5.4344598389e+02 5.4348699951e+02 5.4353399658e+02 5.4357501221e+02 5.4360498047e+02 5.4364501953e+02 5.4368798828e+02 5.4373297119e+02 5.4376501465e+02 5.4379998779e+02 5.4385900879e+02 5.4394201660e+02 5.4403698730e+02 5.4413397217e+02 5.4419299316e+02 5.4421899414e+02 5.4424298096e+02 5.4426599121e+02 5.4429302979e+02 5.4431298828e+02 5.4433001709e+02 5.4434100342e+02 5.4434301758e+02 5.4437298584e+02 5.4441302490e+02 5.4440802002e+02 5.4441998291e+02 5.4443103027e+02 5.4444799805e+02 5.4446197510e+02 5.4449102783e+02 5.4452398682e+02 5.4453497314e+02 5.4454498291e+02 5.4453997803e+02 5.4454101563e+02
5.4304699707e+02 5.4307000732e+02 5.4309497070e+02 5.4312701416e+02 5.4315698242e+02 5.4318597412e+02 5.4321801758e+02 5.4328497314e+02 5.4335101318e+02 5.4339898682e+02 5.4343499756e+02 5.4347998047e+02 5.4352697754e+02 5.4357598877e+02 5.4360601807e+02 5.4363397217e+02 5.4367700195e+02 5.4371697998e+02 5.4374401855e+02 5.4377001953e+02 5.4385101318e+02 5.4398602295e+02 5.4412500000e+02 5.4418499756e+02 5.4420397949e+02 5.4422497559e+02 5.4425701904e+02 5.4428100586e+02 5.4430200195e+02 5.4431402588e+02 5.4433599854e+02 5.4434997559e+02 5.4435601807e+02 5.4437902832e+02 5.4441101074e+02 5.4441101074e+02 5.4442999268e+02 5.4444201660e+02 5.4446502686e+02 5.4448101807e+02 5.4450598145e+02 5.4453900146e+02 5.4454699707e+02 5.4455902100e+02 5.4455603027e+02 5.4454699707e+02
5.4303601074e+02 5.4306298828e+02 5.4309002686e+02 5.4311798096e+02 5.4314801025e+02 5.4317797852e+02 5.4320800781e+02 5.4326599121e+02 5.4333599854e+02 5.4339099121e+02 5.4343597412e+02 5.4348101807e+02 5.4352099609e+02 5.4356799316e+02 5.4359698486e+02 5.4362402344e+02 5.4366198730e+02 5.4370098877e+02 5.4374700928e+02 5.4381701660e+02 5.4396600342e+02 5.4414202881e+02 5.4426098633e+02 5.4425897217e+02 5.4422998047e+02 5.4423297119e+02 5.4426000977e+02 5.4428900146e+02 5.4430999756e+02 5.4432000732e+02 5.4434802246e+02 5.4436199951e+02 5.4437298584e+02 5.4439501953e+02 5.4441198730e+02 5.4441802979e+02 5.4444897461e+02 5.4446600342e+02 5.4448901367e+02 5.4450299072e+02 5.4451800537e+02 5.4454602051e+02 5.4454602051e+02 5.4455200195e+02 5.4455603027e+02 5.4455102539e+02
5.4303601074e+02 5.4307202148e+02 5.4310699463e+02 5.4310998535e+02 5.4313598633e+02 5.4316900635e+02 5.4320397949e+02 5.4324597168e+02 5.4331597900e+02 5.4338299561e+02 5.4344500732e+02 5.4347302246e+02 5.4350701904e+02 5.4354498291e+02 5.4359002686e+02 5.4362799072e+02 5.4365802002e+02 5.4370800781e+02 5.4381402588e+02 5.4398602295e+02 5.4416900635e+02 5.4430102539e+02 5.4433300781e+02 5.4429400635e+02 5.4426202393e+02 5.4425897217e+02 5.4425500488e+02 5.4429901123e+02 5.4432702637e+02 5.4434100342e+02 5.4435900879e+02 5.4437500000e+02 5.4438702393e+02 5.4440698242e+02 5.4441101074e+02 5.4442102051e+02 5.4445001221e+02 5.4447302246e+02 5.4449401855e+02 5.4451000977e+02 5.4452801514e+02 5.4454699707e+02 5.4454699707e+02 5.4455603027e+02 5.4456201172e+02 5.4456597900e+02
5.4303100586e+02 5.4306201172e+02 5.4309002686e+02 5.4311102295e+02 5.4312298584e+02 5.4315301514e+02 5.4320001221e+02 5.4324597168e+02 5.4331298828e+02 5.4337200928e+02 5.4342401123e+02 5.4346801758e+02 5.4350598145e+02 5.4354199219e+02 5.4357702637e+02 5.4363702393e+02 5.4371697998e+02 5.4384399414e+02 5.4402099609e+02 5.4421099854e+02 5.4432000732e+02 5.4435601807e+02 5.4432598877e+02 5.4429797363e+02 5.4429602051e+02 5.4429998779e+02 5.4428497314e+02 5.4430902100e+02 5.4433502197e+02 5.4435797119e+02 5.4438000488e+02 5.4439099121e+02 5.4439300537e+02 5.4441400146e+02 5.4444000244e+02 5.4443103027e+02 5.4444396973e+02 5.4446899414e+02 5.4447998047e+02 5.4449499512e+02 5.4452301025e+02 5.4453997803e+02 5.4455401611e+02 5.4456402588e+02 5.4457098389e+02 5.4457897949e+02
5.4302001953e+02 5.4305401611e+02 5.4308001709e+02 5.4311297607e+02 5.4312200928e+02 5.4314599609e+02 5.4319500732e+02 5.4324298096e+02 5.4330603027e+02 5.4336102295e+02 5.4340600586e+02 5.4344396973e+02 5.4347998047e+02 5.4352801514e+02 5.4359802246e+02 5.4374102783e+02 5.4391699219e+02 5.4409301758e+02 5.4422302246e+02 5.4430798340e+02 5.4433599854e+02 5.4433300781e+02 5.4431597900e+02 5.4431201172e+02 5.4432000732e+02 5.4432800293e+02 5.4431597900e+02 5.4432501221e+02 5.4434100342e+02 5.4435699463e+02 5.4437402344e+02 5.4439398193e+02 5.4440399170e+02 5.4442602539e+02 5.4444897461e+02 5.4443103027e+02 5.4444396973e+02 5.4447497559e+02 5.4448602295e+02 5.4450201416e+02 5.4452398682e+02 5.4453802490e+02 5.4456201172e+02 5.4457397461e+02 5.4458099365e+02 5.4458801270e+02
5.4302099609e+02 5.4305499268e+02 5.4308099365e+02 5.4310998535e+02 5.4312799072e+02 5.4314697266e+02 5.4318298340e+02 5.4323101807e+02 5.4329302979e+02 5.4334698486e+02 5.4338702393e+02 5.4343298340e+02 5.4351599121e+02 5.4362298584e+02 5.4375201416e+02 5.4396398926e+02 5.4416900635e+02 5.4429797363e+02 5.4433001709e+02 5.4432299805e+02 5.4431402588e+02 5.4431799316e+02 5.4433001709e+02 5.4432800293e+02 5.4433001709e+02 5.4433898926e+02 5.4433697510e+02 5.4434399414e+02 5.4435601807e+02 5.4436602783e+02 5.4436999512e+02 5.4439599609e+02 5.4441400146e+02 5.4443103027e+02 5.4443902588e+02 5.4442901611e+02 5.4444799805e+02 5.4448400879e+02 5.4450201416e+02 5.4451397705e+02 5.4452697754e+02 5.4454602051e+02 5.4457299805e+02 5.4458398438e+02 5.4459100342e+02 5.4459802246e+02
5.4301702881e+02 5.4304498291e+02 5.4307800293e+02 5.4310699463e+02 5.4312902832e+02 5.4314099121e+02 5.4316302490e+02 5.4321197510e+02 5.4327301025e+02 5.4332702637e+02 5.4341101074e+02 5.4353900146e+02 5.4369097900e+02 5.4384600830e+02 5.4401397705e+02 5.4420300293e+02 5.4433197021e+02 5.4436499023e+02 5.4435400391e+02 5.4433197021e+02 5.4432897949e+02 5.4434002686e+02 5.4435699463e+02 5.4435601807e+02 5.4435699463e+02 5.4436102295e+02 5.4435400391e+02 5.4435601807e+02 5.4437097168e+02 5.4438500977e+02 5.4438397217e+02 5.4440600586e+02 5.4442401123e+02 5.4444000244e+02 5.4446197510e+02 5.4445202637e+02 5.4446600342e+02 5.4449298096e+02 5.4450897217e+02 5.4452801514e+02 5.4453698730e+02 5.4455603027e+02 5.4458099365e+02 5.4459497070e+02 5.4460400391e+02 5.4461102295e+02
5.4301397705e+02 5.4304602051e+02 5.4308099365e+02 5.4310699463e+02 5.4311700439e+02 5.4313000488e+02 5.4315698242e+02 5.4320001221e+02 5.4325500488e+02 5.4331597900e+02 5.4347302246e+02 5.4372399902e+02 5.4393200684e+02 5.4411102295e+02 5.4424499512e+02 5.4433197021e+02 5.4435900879e+02 5.4436199951e+02 5.4437298584e+02 5.4436199951e+02 5.4436401367e+02 5.4436798096e+02 5.4437402344e+02 5.4436999512e+02 5.4437097168e+02 5.4437097168e+02 5.4437200928e+02 5.4436700439e+02 5.4437402344e+02 5.4437701416e+02 5.4437200928e+02 5.4440802002e+02 5.4442901611e+02 5.4443798828e+02 5.4445800781e+02 5.4446697998e+02 5.4448101807e+02 5.4450402832e+02 5.4451800537e+02 5.4452001953e+02 5.4454199219e+02 5.4456597900e+02 5.4458001709e+02 5.4460400391e+02 5.4461602783e+02 5.4462500000e+02
5.4302001953e+02 5.4305603027e+02 5.4307897949e+02 5.4310198975e+02 5.4310900879e+02 5.4312200928e+02 5.4315197754e+02 5.4318298340e+02 5.4323797607e+02 5.4332202148e+02 5.4351300049e+02 5.4381298828e+02 5.4407202148e+02 5.4428900146e+02 5.4439599609e+02 5.4439398193e+02 5.4438201904e+02 5.4438299561e+02 5.4439599609e+02 5.4438897705e+02 5.4439099121e+02 5.4438598633e+02 5.4438201904e+02 5.4438299561e+02 5.4438299561e+02 5.4438397217e+02 5.4438201904e+02 5.4437799072e+02 5.4438397217e+02 5.4438598633e+02 5.4439300537e+02 5.4442401123e+02 5.4444396973e+02 5.4445599365e+02 5.4446697998e+02 5.4447698975e+02 5.4448498535e+02 5.4451000977e+02 5.4453601074e+02 5.4453497314e+02 5.4455700684e+02 5.4458300781e+02 5.4459301758e+02 5.4461297607e+02 5.4461901855e+02 5.4463702393e+02
5.4302600098e+02 5.4305603027e+02 5.4306500244e+02 5.4309100342e+02 5.4310601807e+02 5.4311901855e+02 5.4315002441e+02 5.4317401123e+02 5.4322802734e+02 5.4331799316e+02 5.4349902344e+02 5.4378698730e+02 5.4406298828e+02 5.4430999756e+02 5.4441900635e+02 5.4439801025e+02 5.4440002441e+02 5.4441198730e+02 5.4441400146e+02 5.4440301514e+02 5.4440502930e+02 5.4439898682e+02 5.4439099121e+02 5.4439501953e+02 5.4439599609e+02 5.4439697266e+02 5.4439501953e+02 5.4439099121e+02 5.4439697266e+02 5.4440002441e+02 5.4442297363e+02 5.4443798828e+02 5.4444897461e+02 5.4446197510e+02 5.4447198486e+02 5.4448602295e+02 5.4449700928e+02 5.4451800537e+02 5.4454699707e+02 5.4455297852e+02 5.4456896973e+02 5.4459301758e+02 5.4460498047e+02 5.4461798096e+02 5.4462402344e+02 5.4464300537e+02
5.4302600098e+02 5.4305603027e+02 5.4306298828e+02 5.4309301758e+02 5.4310699463e+02 5.4311798096e+02 5.4314099121e+02 5.4317401123e+02 5.4321099854e+02 5.4328497314e+02 5.4342199707e+02 5.4369097900e+02 5.4396801758e+02 5.4423797607e+02 5.4439801025e+02 5.4439099121e+02 5.4441101074e+02 5.4442199707e+02 5.4441198730e+02 5.4441198730e+02 5.4441802979e+02 5.4441601563e+02 5.4440997314e+02 5.4441601563e+02 5.4441302490e+02 5.4440802002e+02 5.4440698242e+02 5.4441302490e+02 5.4441497803e+02 5.4440899658e+02 5.4442401123e+02 5.4444201660e+02 5.4445800781e+02 5.4446899414e+02 5.4447698975e+02 5.4448797607e+02 5.4450299072e+02 5.4452502441e+02 5.4454199219e+02 5.4456097412e+02 5.4458502197e+02 5.4460498047e+02 5.4460998535e+02 5.4462298584e+02 5.4463702393e+02 5.4465399170e+02
5.4301501465e+02 5.4304998779e+02 5.4306701660e+02 5.4308697510e+02 5.4309997559e+02 5.4311700439e+02 5.4314099121e+02 5.4316998291e+02 5.4320800781e+02 5.4328002930e+02 5.4338800049e+02 5.4358898926e+02 5.4386700439e+02 5.4416601563e+02 5.4436901855e+02 5.4440899658e+02 5.4443499756e+02 5.4444097900e+02 5.4442199707e+02 5.4441900635e+02 5.4442498779e+02 5.4442297363e+02 5.4441802979e+02 5.4442797852e+02 5.4442999268e+02 5.4443200684e+02 5.4442498779e+02 5.4443798828e+02 5.4444000244e+02 5.4442401123e+02 5.4442401123e+02 5.4444396973e+02 5.4446502686e+02 5.4448297119e+02 5.4448498535e+02 5.4448901367e+02 5.4451000977e+02 5.4453802490e+02 5.4455401611e+02 5.4457501221e+02 5.4459899902e+02 5.4461798096e+02 5.4462701416e+02 5.4463598633e+02 5.4466198730e+02 5.4470800781e+02
5.4302099609e+02 5.4305200195e+02 5.4306799316e+02 5.4308801270e+02 5.4309997559e+02 5.4310900879e+02 5.4313098145e+02 5.4316802979e+02 5.4321002197e+02 5.4327801514e+02 5.4337097168e+02 5.4352502441e+02 5.4379602051e+02 5.4410101318e+02 5.4431298828e+02 5.4440802002e+02 5.4444799805e+02 5.4444201660e+02 5.4442401123e+02 5.4442498779e+02 5.4443298340e+02 5.4443103027e+02 5.4443103027e+02 5.4443597412e+02 5.4443902588e+02 5.4445098877e+02 5.4444396973e+02 5.4446099854e+02 5.4447399902e+02 5.4446099854e+02 5.4444000244e+02 5.4444799805e+02 5.4446002197e+02 5.4447399902e+02 5.4448901367e+02 5.4450402832e+02 5.4452301025e+02 5.4453997803e+02 5.4456298828e+02 5.4457897949e+02 5.4459802246e+02 5.4461602783e+02 5.4463702393e+02 5.4466699219e+02 5.4472698975e+02 5.4482098389e+02
5.4302398682e+02 5.4304602051e+02 5.4305700684e+02 5.4308001709e+02 5.4309698486e+02 5.4310498047e+02 5.4312799072e+02 5.4317498779e+02 5.4321002197e+02 5.4326501465e+02 5.4334399414e+02 5.4345898438e+02 5.4368402100e+02 5.4396801758e+02 5.4422998047e+02 5.4438702393e+02 5.4444396973e+02 5.4443701172e+02 5.4443103027e+02 5.4443902588e+02 5.4445001221e+02 5.4444799805e+02 5.4445397949e+02 5.4445697021e+02 5.4445599365e+02 5.4446697998e+02 5.4446301270e+02 5.4447497559e+02 5.4449499512e+02 5.4449102783e+02 5.4446301270e+02 5.4445898438e+02 5.4446697998e+02 5.4447698975e+02 5.4449902344e+02 5.4452301025e+02 5.4453997803e+02 5.4454602051e+02 5.4457202148e+02 5.4458398438e+02 5.4460101318e+02 5.4462701416e+02 5.4466601563e+02 5.4471697998e+02 5.4478698730e+02 5.4490002441e+02
5.4301501465e+02 5.4303399658e+02 5.4305401611e+02 5.4307098389e+02 5.4308801270e+02 5.4310601807e+02 5.4313201904e+02 5.4317401123e+02 5.4319799805e+02 5.4324798584e+02 5.4332501221e+02 5.4339001465e+02 5.4356097412e+02 5.4383898926e+02 5.4417602539e+02 5.4435998535e+02 5.4443499756e+02 5.4444000244e+02 5.4444598389e+02 5.4445800781e+02 5.4446997070e+02 5.4446697998e+02 5.4446099854e+02 5.4446502686e+02 5.4447198486e+02 5.4448400879e+02 5.4448400879e+02 5.4449401855e+02 5.4450201416e+02 5.4449902344e+02 5.4447998047e+02 5.4447302246e+02 5.4448400879e+02 5.4449798584e+02 5.4451000977e+02 5.4453198242e+02 5.4455297852e+02 5.4456201172e+02 5.4458502197e+02 5.4460699463e+02 5.4462402344e+02 5.4466400146e+02 5.4474298096e+02 5.4476898193e+02 5.4480499268e+02 5.4489001465e+02
5.4301300049e+02 5.4303100586e+02 5.4305102539e+02 5.4307000732e+02 5.4309002686e+02 5.4310198975e+02 5.4313201904e+02 5.4317199707e+02 5.4318902588e+02 5.4322497559e+02 5.4329101563e+02 5.4335101318e+02 5.4349102783e+02 5.4373901367e+02 5.4405297852e+02 5.4428900146e+02 5.4443597412e+02 5.4445098877e+02 5.4444396973e+02 5.4446899414e+02 5.4448297119e+02 5.4447497559e+02 5.4447698975e+02 5.4448400879e+02 5.4448699951e+02 5.4449597168e+02 5.4450402832e+02 5.4451800537e+02 5.4451599121e+02 5.4451599121e+02 5.4451501465e+02 5.4450201416e+02 5.4449200439e+02 5.4450402832e+02 5.4452502441e+02 5.4454199219e+02 5.4457299805e+02 5.4458197021e+02 5.4459698486e+02 5.4461199951e+02 5.4463397217e+02 5.4470300293e+02 5.4479797363e+02 5.4481799316e+02 5.4481597900e+02 5.4485998535e+02
5.4301599121e+02 5.4303399658e+02 5.4304699707e+02 5.4306896973e+02 5.4309002686e+02 5.4310302734e+02 5.4313500977e+02 5.4317498779e+02 5.4320300293e+02 5.4323999023e+02 5.4329199219e+02 5.4334899902e+02 5.4343798828e+02 5.4362402344e+02 5.4392700195e+02 5.4420202637e+02 5.4439398193e+02 5.4443798828e+02 5.4443701172e+02 5.4446398926e+02 5.4447802734e+02 5.4447601318e+02 5.4449298096e+02 5.4451000977e+02 5.4451202393e+02 5.4451202393e+02 5.4451898193e+02 5.4452697754e+02 5.4452197266e+02 5.4452197266e+02 5.4453399658e+02 5.4452301025e+02 5.4450500488e+02 5.4450799561e+02 5.4452697754e+02 5.4454602051e+02 5.4457702637e+02 5.4459197998e+02 5.4459899902e+02 5.4461999512e+02 5.4466198730e+02 5.4473602295e+02 5.4480499268e+02 5.4482501221e+02 5.4482098389e+02 5.4484100342e+02
5.4301098633e+02 5.4303198242e+02 5.4304199219e+02 5.4307000732e+02 5.4309301758e+02 5.4311102295e+02 5.4313598633e+02 5.4317102051e+02 5.4320697021e+02 5.4325097656e+02 5.4329998779e+02 5.4335699463e+02 5.4340997314e+02 5.4353198242e+02 5.4380102539e+02 5.4410302734e+02 5.4433300781e+02 5.4442102051e+02 5.4444299316e+02 5.4446502686e+02 5.4448400879e+02 5.4448901367e+02 5.4450500488e+02 5.4452600098e+02 5.4452899170e+02 5.4452398682e+02 5.4453100586e+02 5.4454101563e+02 5.4454699707e+02 5.4454602051e+02 5.4454699707e+02 5.4454101563e+02 5.4452697754e+02 5.4452197266e+02 5.4453100586e+02 5.4454602051e+02 5.4456402588e+02 5.4459100342e+02 5.4460400391e+02 5.4462200928e+02 5.4467199707e+02 5.4473901367e+02 5.4478698730e+02 5.4481896973e+02 5.4483801270e+02 5.4484997559e+02
