TESTSERVER/0/13.asc
NCOLS 100
NROWS 100
XLLCORNER 7.4997500000e+03
YLLCORNER 2.8930025000e+05
CELLSIZE 5.0000000000e-01
NODATA_VALUE -9.9990000000e+03
[rows 60 to 79 of 100, columns 46 to 91 of 100]
5.4205200195e+02 5.4227197266e+02 5.4252301025e+02 5.4275299072e+02 5.4287298584e+02 5.4290399170e+02 5.4288098145e+02 5.4287799072e+02 5.4289501953e+02 5.4291400146e+02 5.4291699219e+02 5.4294000244e+02 5.4296502686e+02 5.4297100830e+02 5.4296301270e+02 5.4295599365e+02 5.4294000244e+02 5.4292999268e+02 5.4291802979e+02 5.4290997314e+02 5.4289697266e+02 5.4289001465e+02 5.4290899658e+02 5.4292401123e+02 5.4292797852e+02 5.4293103027e+02 5.4292102051e+02 5.4293298340e+02 5.4297998047e+02 5.4302001953e+02 5.4304101563e+02 5.4309100342e+02 5.4313598633e+02 5.4318103027e+02 5.4319799805e+02 5.4330499268e+02 5.4373297119e+02 5.4410101318e+02 5.4408197021e+02 5.4408801270e+02 5.4408197021e+02 5.4408300781e+02 5.4408197021e+02 5.4408001709e+02 5.4407897949e+02 5.4409301758e+02
5.4200000000e+02 5.4218902588e+02 5.4242498779e+02 5.4269702148e+02 5.4284497070e+02 5.4288702393e+02 5.4287500000e+02 5.4285797119e+02 5.4286999512e+02 5.4289202881e+02 5.4289501953e+02 5.4293298340e+02 5.4296398926e+02 5.4297399902e+02 5.4295898438e+02 5.4294702148e+02 5.4293200684e+02 5.4291400146e+02 5.4289300537e+02 5.4288598633e+02 5.4287799072e+02 5.4286901855e+02 5.4288098145e+02 5.4288800049e+02 5.4290002441e+02 5.4291302490e+02 5.4290997314e+02 5.4292102051e+02 5.4296197510e+02 5.4300598145e+02 5.4302801514e+02 5.4308197021e+02 5.4311602783e+02 5.4314300537e+02 5.4318103027e+02 5.4331402588e+02 5.4379901123e+02 5.4416900635e+02 5.4411700439e+02 5.4408197021e+02 5.4407702637e+02 5.4408502197e+02 5.4409002686e+02 5.4409899902e+02 5.4410601807e+02 5.4411199951e+02
5.4192102051e+02 5.4214599609e+02 5.4234399414e+02 5.4261602783e+02 5.4280200195e+02 5.4285900879e+02 5.4285699463e+02 5.4284197998e+02 5.4284497070e+02 5.4286901855e+02 5.4287597656e+02 5.4291400146e+02 5.4293902588e+02 5.4294500732e+02 5.4293902588e+02 5.4293499756e+02 5.4292602539e+02 5.4291198730e+02 5.4289697266e+02 5.4288800049e+02 5.4286798096e+02 5.4284899902e+02 5.4285302734e+02 5.4286602783e+02 5.4288397217e+02 5.4289300537e+02 5.4287902832e+02 5.4289801025e+02 5.4293902588e+02 5.4297900391e+02 5.4299700928e+02 5.4305603027e+02 5.4310797119e+02 5.4314398193e+02 5.4318402100e+02 5.4320397949e+02 5.4345501709e+02 5.4386199951e+02 5.4410900879e+02 5.4407897949e+02 5.4406402588e+02 5.4407702637e+02 5.4409997559e+02 5.4411102295e+02 5.4411798096e+02 5.4411602783e+02
5.4177600098e+02 5.4206799316e+02 5.4224298096e+02 5.4252099609e+02 5.4275299072e+02 5.4283197021e+02 5.4283001709e+02 5.4282202148e+02 5.4281201172e+02 5.4283599854e+02 5.4285900879e+02 5.4288500977e+02 5.4289801025e+02 5.4290002441e+02 5.4290899658e+02 5.4292297363e+02 5.4292602539e+02 5.4291998291e+02 5.4291802979e+02 5.4290502930e+02 5.4286901855e+02 5.4283599854e+02 5.4283197021e+02 5.4284600830e+02 5.4286602783e+02 5.4287402344e+02 5.4284997559e+02 5.4287097168e+02 5.4290197754e+02 5.4293902588e+02 5.4297100830e+02 5.4302697754e+02 5.4309002686e+02 5.4313897705e+02 5.4318798828e+02 5.4318298340e+02 5.4320898438e+02 5.4351501465e+02 5.4402001953e+02 5.4409197998e+02 5.4408502197e+02 5.4407501221e+02 5.4409997559e+02 5.4409997559e+02 5.4410601807e+02 5.4410400391e+02
5.4161901855e+02 5.4194500732e+02 5.4210900879e+02 5.4239099121e+02 5.4267297363e+02 5.4280297852e+02 5.4282800293e+02 5.4280200195e+02 5.4278399658e+02 5.4280902100e+02 5.4284899902e+02 5.4286199951e+02 5.4286999512e+02 5.4287500000e+02 5.4289801025e+02 5.4291302490e+02 5.4292498779e+02 5.4292498779e+02 5.4291601563e+02 5.4290197754e+02 5.4285797119e+02 5.4282098389e+02 5.4281597900e+02 5.4283001709e+02 5.4285302734e+02 5.4286999512e+02 5.4286199951e+02 5.4285302734e+02 5.4286102295e+02 5.4289398193e+02 5.4294702148e+02 5.4301800537e+02 5.4306500244e+02 5.4310400391e+02 5.4315899658e+02 5.4319000244e+02 5.4319000244e+02 5.4332299805e+02 5.4368402100e+02 5.4398797607e+02 5.4410900879e+02 5.4408099365e+02 5.4408398438e+02 5.4408099365e+02 5.4408801270e+02 5.4410498047e+02
5.4135699463e+02 5.4174401855e+02 5.4196099854e+02 5.4224401855e+02 5.4256799316e+02 5.4274298096e+02 5.4278900146e+02 5.4278802490e+02 5.4278002930e+02 5.4280200195e+02 5.4283801270e+02 5.4285601807e+02 5.4287097168e+02 5.4288000488e+02 5.4288299561e+02 5.4289801025e+02 5.4291101074e+02 5.4291101074e+02 5.4290002441e+02 5.4287500000e+02 5.4283599854e+02 5.4280499268e+02 5.4279998779e+02 5.4281097412e+02 5.4282501221e+02 5.4284100342e+02 5.4284100342e+02 5.4283099365e+02 5.4283599854e+02 5.4286199951e+02 5.4290002441e+02 5.4297998047e+02 5.4303497314e+02 5.4308599854e+02 5.4314099121e+02 5.4317297363e+02 5.4320397949e+02 5.4321697998e+02 5.4331896973e+02 5.4367199707e+02 5.4405999756e+02 5.4412902832e+02 5.4408502197e+02 5.4409197998e+02 5.4409600830e+02 5.4410498047e+02
5.4109399414e+02 5.4151098633e+02 5.4185998535e+02 5.4215002441e+02 5.4248101807e+02 5.4269598389e+02 5.4275500488e+02 5.4276300049e+02 5.4275897217e+02 5.4277502441e+02 5.4281597900e+02 5.4284802246e+02 5.4286700439e+02 5.4287402344e+02 5.4286999512e+02 5.4287597656e+02 5.4288397217e+02 5.4288299561e+02 5.4286999512e+02 5.4284802246e+02 5.4281500244e+02 5.4278997803e+02 5.4278601074e+02 5.4279797363e+02 5.4280401611e+02 5.4281597900e+02 5.4281799316e+02 5.4280999756e+02 5.4281896973e+02 5.4284197998e+02 5.4286602783e+02 5.4293902588e+02 5.4300000000e+02 5.4305499268e+02 5.4310900879e+02 5.4313800049e+02 5.4319396973e+02 5.4322302246e+02 5.4324401855e+02 5.4339801025e+02 5.4379901123e+02 5.4407000732e+02 5.4410900879e+02 5.4409698486e+02 5.4410400391e+02 5.4410900879e+02
5.4095397949e+02 5.4139697266e+02 5.4182098389e+02 5.4206402588e+02 5.4237902832e+02 5.4264599609e+02 5.4272698975e+02 5.4274102783e+02 5.4274102783e+02 5.4274902344e+02 5.4279199219e+02 5.4283502197e+02 5.4285601807e+02 5.4286297607e+02 5.4285900879e+02 5.4285498047e+02 5.4285601807e+02 5.4285101318e+02 5.4283398438e+02 5.4281500244e+02 5.4279302979e+02 5.4277697754e+02 5.4277398682e+02 5.4278497314e+02 5.4278601074e+02 5.4279498291e+02 5.4279302979e+02 5.4278802490e+02 5.4279797363e+02 5.4281896973e+02 5.4282800293e+02 5.4289801025e+02 5.4296697998e+02 5.4301501465e+02 5.4307598877e+02 5.4313397217e+02 5.4319897461e+02 5.4321997070e+02 5.4324700928e+02 5.4325299072e+02 5.4345501709e+02 5.4380102539e+02 5.4408697510e+02 5.4409197998e+02 5.4410601807e+02 5.4410302734e+02
5.4092700195e+02 5.4136499023e+02 5.4178601074e+02 5.4202301025e+02 5.4231097412e+02 5.4259899902e+02 5.4273797607e+02 5.4272998047e+02 5.4273498535e+02 5.4274401855e+02 5.4278601074e+02 5.4282098389e+02 5.4284698486e+02 5.4285601807e+02 5.4283898926e+02 5.4283599854e+02 5.4283197021e+02 5.4281896973e+02 5.4279901123e+02 5.4278002930e+02 5.4277197266e+02 5.4276300049e+02 5.4275299072e+02 5.4275897217e+02 5.4275799561e+02 5.4276599121e+02 5.4275598145e+02 5.4276501465e+02 5.4278601074e+02 5.4281402588e+02 5.4283197021e+02 5.4287097168e+02 5.4293701172e+02 5.4299401855e+02 5.4305499268e+02 5.4313299561e+02 5.4320098877e+02 5.4319000244e+02 5.4318499756e+02 5.4324700928e+02 5.4329797363e+02 5.4352099609e+02 5.4398498535e+02 5.4409301758e+02 5.4411199951e+02 5.4409899902e+02
5.4091101074e+02 5.4142199707e+02 5.4179998779e+02 5.4198699951e+02 5.4222698975e+02 5.4251300049e+02 5.4267999268e+02 5.4271801758e+02 5.4272802734e+02 5.4273797607e+02 5.4275897217e+02 5.4278802490e+02 5.4280798340e+02 5.4281500244e+02 5.4280603027e+02 5.4279699707e+02 5.4279699707e+02 5.4278601074e+02 5.4277801514e+02 5.4277197266e+02 5.4276397705e+02 5.4274597168e+02 5.4272601318e+02 5.4274401855e+02 5.4273901367e+02 5.4275500488e+02 5.4276599121e+02 5.4276300049e+02 5.4277600098e+02 5.4279498291e+02 5.4281597900e+02 5.4284399414e+02 5.4290100098e+02 5.4295800781e+02 5.4300598145e+02 5.4306097412e+02 5.4313098145e+02 5.4313897705e+02 5.4314099121e+02 5.4321002197e+02 5.4328698730e+02 5.4340997314e+02 5.4368902588e+02 5.4390399170e+02 5.4407800293e+02 5.4420001221e+02
5.4089501953e+02 5.4145501709e+02 5.4182501221e+02 5.4192297363e+02 5.4209698486e+02 5.4239801025e+02 5.4262799072e+02 5.4270001221e+02 5.4271502686e+02 5.4271801758e+02 5.4272601318e+02 5.4274902344e+02 5.4276000977e+02 5.4276202393e+02 5.4276397705e+02 5.4276501465e+02 5.4276702881e+02 5.4275799561e+02 5.4275500488e+02 5.4274902344e+02 5.4274499512e+02 5.4273101807e+02 5.4271197510e+02 5.4273199463e+02 5.4273199463e+02 5.4274401855e+02 5.4274902344e+02 5.4274102783e+02 5.4275500488e+02 5.4277697754e+02 5.4280297852e+02 5.4283099365e+02 5.4287597656e+02 5.4292498779e+02 5.4297302246e+02 5.4300598145e+02 5.4305297852e+02 5.4308502197e+02 5.4309997559e+02 5.4317602539e+02 5.4328698730e+02 5.4334600830e+02 5.4342901611e+02 5.4381097412e+02 5.4413598633e+02 5.4430297852e+02
5.4076599121e+02 5.4129797363e+02 5.4171600342e+02 5.4184802246e+02 5.4201300049e+02 5.4230902100e+02 5.4256896973e+02 5.4266998291e+02 5.4269500732e+02 5.4269598389e+02 5.4269702148e+02 5.4271697998e+02 5.4272802734e+02 5.4272998047e+02 5.4273297119e+02 5.4274401855e+02 5.4274499512e+02 5.4273498535e+02 5.4272698975e+02 5.4272100830e+02 5.4271997070e+02 5.4271301270e+02 5.4270397949e+02 5.4270800781e+02 5.4270202637e+02 5.4271502686e+02 5.4272100830e+02 5.4271600342e+02 5.4272698975e+02 5.4274902344e+02 5.4278100586e+02 5.4281402588e+02 5.4284399414e+02 5.4288897705e+02 5.4294396973e+02 5.4297198486e+02 5.4300598145e+02 5.4305102539e+02 5.4308697510e+02 5.4315399170e+02 5.4322302246e+02 5.4324798584e+02 5.4345697021e+02 5.4405102539e+02 5.4431500244e+02 5.4436401367e+02
5.4057000732e+02 5.4102899170e+02 5.4151397705e+02 5.4177001953e+02 5.4195202637e+02 5.4219097900e+02 5.4246801758e+02 5.4263000488e+02 5.4266198730e+02 5.4266802979e+02 5.4267700195e+02 5.4269097900e+02 5.4270098877e+02 5.4270599365e+02 5.4271801758e+02 5.4272302246e+02 5.4272198486e+02 5.4271301270e+02 5.4269097900e+02 5.4269702148e+02 5.4269201660e+02 5.4267797852e+02 5.4267602539e+02 5.4269097900e+02 5.4267999268e+02 5.4268798828e+02 5.4271398926e+02 5.4270300293e+02 5.4269500732e+02 5.4270800781e+02 5.4274499512e+02 5.4278997803e+02 5.4281402588e+02 5.4284002686e+02 5.4287902832e+02 5.4292901611e+02 5.4298999023e+02 5.4304101563e+02 5.4306298828e+02 5.4310797119e+02 5.4316497803e+02 5.4329199219e+02 5.4366497803e+02 5.4434698486e+02 5.4436401367e+02 5.4427697754e+02
5.4035101318e+02 5.4078601074e+02 5.4129602051e+02 5.4165399170e+02 5.4187799072e+02 5.4208197021e+02 5.4234698486e+02 5.4258300781e+02 5.4264202881e+02 5.4265600586e+02 5.4266101074e+02 5.4266900635e+02 5.4266400146e+02 5.4265997314e+02 5.4267797852e+02 5.4268798828e+02 5.4268798828e+02 5.4267602539e+02 5.4264697266e+02 5.4265502930e+02 5.4266699219e+02 5.4266302490e+02 5.4264898682e+02 5.4266699219e+02 5.4266900635e+02 5.4266497803e+02 5.4267700195e+02 5.4267199707e+02 5.4266601563e+02 5.4267102051e+02 5.4269500732e+02 5.4276202393e+02 5.4279797363e+02 5.4282598877e+02 5.4285699463e+02 5.4289501953e+02 5.4295397949e+02 5.4300201416e+02 5.4303002930e+02 5.4308197021e+02 5.4316302490e+02 5.4326599121e+02 5.4339202881e+02 5.4406097412e+02 5.4437597656e+02 5.4430401611e+02
5.4015997314e+02 5.4059600830e+02 5.4110101318e+02 5.4153302002e+02 5.4180798340e+02 5.4198699951e+02 5.4220800781e+02 5.4248797607e+02 5.4260797119e+02 5.4263702393e+02 5.4263201904e+02 5.4264202881e+02 5.4263201904e+02 5.4262200928e+02 5.4264001465e+02 5.4265698242e+02 5.4265502930e+02 5.4264501953e+02 5.4262597656e+02 5.4262200928e+02 5.4263098145e+02 5.4263299561e+02 5.4262097168e+02 5.4263500977e+02 5.4264202881e+02 5.4264300537e+02 5.4264801025e+02 5.4264697266e+02 5.4264099121e+02 5.4264099121e+02 5.4265197754e+02 5.4272900391e+02 5.4277899170e+02 5.4280902100e+02 5.4284600830e+02 5.4288500977e+02 5.4293200684e+02 5.4297900391e+02 5.4302197266e+02 5.4307598877e+02 5.4313800049e+02 5.4320800781e+02 5.4319396973e+02 5.4362597656e+02 5.4415802002e+02 5.4443298340e+02
5.4002600098e+02 5.4047601318e+02 5.4098101807e+02 5.4144097900e+02 5.4174902344e+02 5.4190399170e+02 5.4207501221e+02 5.4238299561e+02 5.4256298828e+02 5.4262298584e+02 5.4261297607e+02 5.4261199951e+02 5.4260302734e+02 5.4259497070e+02 5.4260302734e+02 5.4262097168e+02 5.4261798096e+02 5.4260998535e+02 5.4260601807e+02 5.4259497070e+02 5.4259997559e+02 5.4259698486e+02 5.4258801270e+02 5.4259899902e+02 5.4260400391e+02 5.4261401367e+02 5.4261499023e+02 5.4261297607e+02 5.4261102295e+02 5.4261499023e+02 5.4262500000e+02 5.4269799805e+02 5.4274597168e+02 5.4277197266e+02 5.4282098389e+02 5.4286499023e+02 5.4290600586e+02 5.4295697021e+02 5.4300299072e+02 5.4305499268e+02 5.4309600830e+02 5.4314801025e+02 5.4318200684e+02 5.4328302002e+02 5.4369702148e+02 5.4434497070e+02
5.3992297363e+02 5.4035998535e+02 5.4083898926e+02 5.4129302979e+02 5.4164801025e+02 5.4181701660e+02 5.4194598389e+02 5.4226397705e+02 5.4249298096e+02 5.4259497070e+02 5.4260198975e+02 5.4258599854e+02 5.4258001709e+02 5.4257598877e+02 5.4257702637e+02 5.4258300781e+02 5.4258300781e+02 5.4258001709e+02 5.4257098389e+02 5.4256896973e+02 5.4257702637e+02 5.4257397461e+02 5.4257897949e+02 5.4255999756e+02 5.4256896973e+02 5.4259997559e+02 5.4258099365e+02 5.4258001709e+02 5.4258599854e+02 5.4258898926e+02 5.4259997559e+02 5.4265502930e+02 5.4269702148e+02 5.4273498535e+02 5.4278802490e+02 5.4282800293e+02 5.4286700439e+02 5.4290600586e+02 5.4294897461e+02 5.4301501465e+02 5.4304998779e+02 5.4309899902e+02 5.4316699219e+02 5.4311999512e+02 5.4324798584e+02 5.4398999023e+02
5.3983801270e+02 5.4025500488e+02 5.4074298096e+02 5.4113500977e+02 5.4148901367e+02 5.4169598389e+02 5.4187597656e+02 5.4215997314e+02 5.4241302490e+02 5.4256201172e+02 5.4258001709e+02 5.4256896973e+02 5.4256799316e+02 5.4256896973e+02 5.4256597900e+02 5.4255102539e+02 5.4255102539e+02 5.4255902100e+02 5.4254901123e+02 5.4254199219e+02 5.4255200195e+02 5.4255102539e+02 5.4255200195e+02 5.4253997803e+02 5.4255401611e+02 5.4258099365e+02 5.4256298828e+02 5.4256402588e+02 5.4256500244e+02 5.4256896973e+02 5.4258300781e+02 5.4261499023e+02 5.4265399170e+02 5.4271099854e+02 5.4276202393e+02 5.4278997803e+02 5.4284002686e+02 5.4289001465e+02 5.4292700195e+02 5.4298400879e+02 5.4301098633e+02 5.4305499268e+02 5.4310498047e+02 5.4310998535e+02 5.4309899902e+02 5.4338299561e+02
5.3980297852e+02 5.4013000488e+02 5.4061199951e+02 5.4094702148e+02 5.4129498291e+02 5.4159002686e+02 5.4181298828e+02 5.4206799316e+02 5.4234497070e+02 5.4253802490e+02 5.4256896973e+02 5.4255999756e+02 5.4254302979e+02 5.4253002930e+02 5.4252899170e+02 5.4251800537e+02 5.4253100586e+02 5.4254400635e+02 5.4253698730e+02 5.4253302002e+02 5.4253802490e+02 5.4252502441e+02 5.4252398682e+02 5.4252197266e+02 5.4253198242e+02 5.4255200195e+02 5.4254302979e+02 5.4255297852e+02 5.4255999756e+02 5.4256500244e+02 5.4256201172e+02 5.4259698486e+02 5.4263800049e+02 5.4268597412e+02 5.4272601318e+02 5.4273498535e+02 5.4279699707e+02 5.4285998535e+02 5.4288500977e+02 5.4293701172e+02 5.4296899414e+02 5.4301000977e+02 5.4305700684e+02 5.4310699463e+02 5.4311199951e+02 5.4308099365e+02
5.3974499512e+02 5.3997198486e+02 5.4040100098e+02 5.4074700928e+02 5.4111602783e+02 5.4147198486e+02 5.4172998047e+02 5.4195001221e+02 5.4224597168e+02 5.4249499512e+02 5.4254998779e+02 5.4255102539e+02 5.4252502441e+02 5.4250299072e+02 5.4251599121e+02 5.4251702881e+02 5.4251800537e+02 5.4251397705e+02 5.4251702881e+02 5.4251800537e+02 5.4252099609e+02 5.4251300049e+02 5.4250701904e+02 5.4251300049e+02 5.4251501465e+02 5.4252697754e+02 5.4252197266e+02 5.4253198242e+02 5.4254498291e+02 5.4255401611e+02 5.4254400635e+02 5.4257098389e+02 5.4259899902e+02 5.4263897705e+02 5.4267999268e+02 5.4269201660e+02 5.4275701904e+02 5.4282397461e+02 5.4284997559e+02 5.4289501953e+02 5.4294000244e+02 5.4298498535e+02 5.4303601074e+02 5.4309197998e+02 5.4314501953e+02 5.4311700439e+02
