TESTSERVER/0/13.asc
NCOLS 100
NROWS 100
XLLCORNER 7.4997500000e+03
YLLCORNER 2.8930025000e+05
CELLSIZE 5.0000000000e-01
NODATA_VALUE -9.9990000000e+03
[rows 20 to 39 of 100, columns 46 to 91 of 100]
5.4297302246e+02 5.4297998047e+02 5.4298999023e+02 5.4298400879e+02 5.4298199463e+02 5.4299102783e+02 5.4299700928e+02 5.4301702881e+02 5.4305700684e+02 5.4308898926e+02 5.4309100342e+02 5.4310900879e+02 5.4313000488e+02 5.4312902832e+02 5.4311901855e+02 5.4314099121e+02 5.4315600586e+02 5.4317199707e+02 5.4319097900e+02 5.4320397949e+02 5.4322198486e+02 5.4324597168e+02 5.4326098633e+02 5.4326501465e+02 5.4324700928e+02 5.4324700928e+02 5.4326599121e+02 5.4328802490e+02 5.4329101563e+02 5.4329101563e+02 5.4328900146e+02 5.4328802490e+02 5.4328698730e+02 5.4329400635e+02 5.4330200195e+02 5.4329302979e+02 5.4327899170e+02 5.4322900391e+02 5.4349499512e+02 5.4455297852e+02 5.4474401855e+02 5.4470300293e+02 5.4476397705e+02 5.4478698730e+02 5.4477502441e+02 5.4475897217e+02
5.4297698975e+02 5.4298400879e+02 5.4299102783e+02 5.4298901367e+02 5.4298199463e+02 5.4299298096e+02 5.4301098633e+02 5.4302001953e+02 5.4305200195e+02 5.4309002686e+02 5.4310699463e+02 5.4312298584e+02 5.4313397217e+02 5.4314001465e+02 5.4313397217e+02 5.4314202881e+02 5.4315301514e+02 5.4316998291e+02 5.4320001221e+02 5.4321301270e+02 5.4321997070e+02 5.4324401855e+02 5.4325299072e+02 5.4326098633e+02 5.4325701904e+02 5.4325799561e+02 5.4326898193e+02 5.4327801514e+02 5.4328601074e+02 5.4329302979e+02 5.4328802490e+02 5.4328497314e+02 5.4328698730e+02 5.4328802490e+02 5.4328002930e+02 5.4327301025e+02 5.4326501465e+02 5.4326000977e+02 5.4335198975e+02 5.4440899658e+02 5.4477099609e+02 5.4471502686e+02 5.4477099609e+02 5.4480297852e+02 5.4481500244e+02 5.4480603027e+02
5.4297601318e+02 5.4297497559e+02 5.4298199463e+02 5.4299499512e+02 5.4299200439e+02 5.4300500488e+02 5.4302301025e+02 5.4301702881e+02 5.4303601074e+02 5.4307800293e+02 5.4310699463e+02 5.4311901855e+02 5.4313098145e+02 5.4314300537e+02 5.4314501953e+02 5.4314898682e+02 5.4316400146e+02 5.4318402100e+02 5.4320800781e+02 5.4321697998e+02 5.4322100830e+02 5.4324499512e+02 5.4326300049e+02 5.4327099609e+02 5.4326800537e+02 5.4327197266e+02 5.4327600098e+02 5.4327197266e+02 5.4327301025e+02 5.4328100586e+02 5.4328698730e+02 5.4328997803e+02 5.4329101563e+02 5.4328698730e+02 5.4327197266e+02 5.4326702881e+02 5.4326501465e+02 5.4327600098e+02 5.4330200195e+02 5.4412902832e+02 5.4467901611e+02 5.4474102783e+02 5.4475799561e+02 5.4480102539e+02 5.4481298828e+02 5.4481597900e+02
5.4297198486e+02 5.4296899414e+02 5.4297302246e+02 5.4299597168e+02 5.4300598145e+02 5.4302197266e+02 5.4302502441e+02 5.4301300049e+02 5.4302600098e+02 5.4307299805e+02 5.4310198975e+02 5.4311602783e+02 5.4313000488e+02 5.4314001465e+02 5.4314398193e+02 5.4314202881e+02 5.4315698242e+02 5.4318902588e+02 5.4321099854e+02 5.4322601318e+02 5.4323999023e+02 5.4326000977e+02 5.4327502441e+02 5.4327197266e+02 5.4326300049e+02 5.4326898193e+02 5.4327697754e+02 5.4326702881e+02 5.4325500488e+02 5.4325897217e+02 5.4327801514e+02 5.4328900146e+02 5.4328497314e+02 5.4327801514e+02 5.4327301025e+02 5.4326800537e+02 5.4326800537e+02 5.4328601074e+02 5.4326898193e+02 5.4369897461e+02 5.4439001465e+02 5.4469897461e+02 5.4474597168e+02 5.4479797363e+02 5.4480102539e+02 5.4479998779e+02
5.4296197510e+02 5.4296997070e+02 5.4298297119e+02 5.4299102783e+02 5.4299902344e+02 5.4301202393e+02 5.4302099609e+02 5.4302197266e+02 5.4302899170e+02 5.4306799316e+02 5.4310797119e+02 5.4312298584e+02 5.4314202881e+02 5.4314501953e+02 5.4314898682e+02 5.4315399170e+02 5.4316900635e+02 5.4319799805e+02 5.4322100830e+02 5.4323297119e+02 5.4325201416e+02 5.4326800537e+02 5.4327099609e+02 5.4326702881e+02 5.4325500488e+02 5.4325897217e+02 5.4327600098e+02 5.4327301025e+02 5.4326300049e+02 5.4326501465e+02 5.4327899170e+02 5.4327899170e+02 5.4327197266e+02 5.4327099609e+02 5.4327899170e+02 5.4329498291e+02 5.4329302979e+02 5.4329498291e+02 5.4329602051e+02 5.4343103027e+02 5.4403100586e+02 5.4454901123e+02 5.4473297119e+02 5.4477801514e+02 5.4478802490e+02 5.4477301025e+02
5.4295202637e+02 5.4296997070e+02 5.4297399902e+02 5.4297302246e+02 5.4297601318e+02 5.4299597168e+02 5.4301501465e+02 5.4302899170e+02 5.4302899170e+02 5.4305297852e+02 5.4309197998e+02 5.4312097168e+02 5.4314501953e+02 5.4315399170e+02 5.4315399170e+02 5.4316601563e+02 5.4317901611e+02 5.4319598389e+02 5.4322100830e+02 5.4323498535e+02 5.4324700928e+02 5.4326098633e+02 5.4326098633e+02 5.4326800537e+02 5.4326702881e+02 5.4326098633e+02 5.4326397705e+02 5.4326702881e+02 5.4326599121e+02 5.4326202393e+02 5.4326599121e+02 5.4326000977e+02 5.4326000977e+02 5.4326098633e+02 5.4326599121e+02 5.4327899170e+02 5.4330700684e+02 5.4336102295e+02 5.4345599365e+02 5.4357702637e+02 5.4395898438e+02 5.4440002441e+02 5.4465698242e+02 5.4474102783e+02 5.4476300049e+02 5.4476397705e+02
5.4294201660e+02 5.4294799805e+02 5.4295599365e+02 5.4296301270e+02 5.4297497559e+02 5.4300201416e+02 5.4300799561e+02 5.4302001953e+02 5.4303100586e+02 5.4305499268e+02 5.4308898926e+02 5.4312200928e+02 5.4313598633e+02 5.4314501953e+02 5.4315197754e+02 5.4315899658e+02 5.4316802979e+02 5.4318902588e+02 5.4321502686e+02 5.4323297119e+02 5.4323999023e+02 5.4324798584e+02 5.4325299072e+02 5.4325799561e+02 5.4325897217e+02 5.4325500488e+02 5.4325598145e+02 5.4325799561e+02 5.4325799561e+02 5.4324700928e+02 5.4324597168e+02 5.4324499512e+02 5.4325000000e+02 5.4326800537e+02 5.4333300781e+02 5.4341900635e+02 5.4350500488e+02 5.4360302734e+02 5.4372998047e+02 5.4386297607e+02 5.4410797119e+02 5.4439599609e+02 5.4460400391e+02 5.4471002197e+02 5.4473699951e+02 5.4474401855e+02
5.4293499756e+02 5.4293103027e+02 5.4294702148e+02 5.4295599365e+02 5.4297302246e+02 5.4300201416e+02 5.4300500488e+02 5.4301800537e+02 5.4303100586e+02 5.4305401611e+02 5.4308197021e+02 5.4311798096e+02 5.4313299561e+02 5.4314398193e+02 5.4316101074e+02 5.4316699219e+02 5.4317199707e+02 5.4319097900e+02 5.4321301270e+02 5.4323199463e+02 5.4323199463e+02 5.4323199463e+02 5.4324298096e+02 5.4325201416e+02 5.4325799561e+02 5.4325402832e+02 5.4325000000e+02 5.4325201416e+02 5.4325000000e+02 5.4323400879e+02 5.4323699951e+02 5.4324298096e+02 5.4324200439e+02 5.4326702881e+02 5.4341101074e+02 5.4362701416e+02 5.4379797363e+02 5.4390899658e+02 5.4401202393e+02 5.4416198730e+02 5.4430401611e+02 5.4443701172e+02 5.4456597900e+02 5.4466900635e+02 5.4471600342e+02 5.4473797607e+02
5.4292602539e+02 5.4293103027e+02 5.4294897461e+02 5.4294396973e+02 5.4296099854e+02 5.4299401855e+02 5.4302099609e+02 5.4303601074e+02 5.4303900146e+02 5.4305200195e+02 5.4307598877e+02 5.4310400391e+02 5.4313000488e+02 5.4315002441e+02 5.4315899658e+02 5.4317401123e+02 5.4317602539e+02 5.4318798828e+02 5.4321600342e+02 5.4323999023e+02 5.4322802734e+02 5.4321801758e+02 5.4322698975e+02 5.4324700928e+02 5.4326501465e+02 5.4326000977e+02 5.4324902344e+02 5.4325897217e+02 5.4325701904e+02 5.4324499512e+02 5.4325299072e+02 5.4325500488e+02 5.4323901367e+02 5.4325097656e+02 5.4336901855e+02 5.4363201904e+02 5.4388000488e+02 5.4403100586e+02 5.4417102051e+02 5.4434100342e+02 5.4438800049e+02 5.4443402100e+02 5.4455499268e+02 5.4463000488e+02 5.4469000244e+02 5.4472900391e+02
5.4290100098e+02 5.4290100098e+02 5.4292297363e+02 5.4293597412e+02 5.4296398926e+02 5.4300201416e+02 5.4302697754e+02 5.4303802490e+02 5.4303802490e+02 5.4304901123e+02 5.4306097412e+02 5.4309802246e+02 5.4312097168e+02 5.4314099121e+02 5.4314898682e+02 5.4316601563e+02 5.4317297363e+02 5.4317999268e+02 5.4319598389e+02 5.4322601318e+02 5.4322601318e+02 5.4322100830e+02 5.4323199463e+02 5.4324200439e+02 5.4325500488e+02 5.4325201416e+02 5.4325299072e+02 5.4326702881e+02 5.4326000977e+02 5.4325000000e+02 5.4325097656e+02 5.4325500488e+02 5.4324102783e+02 5.4323699951e+02 5.4329699707e+02 5.4352001953e+02 5.4376501465e+02 5.4396099854e+02 5.4415301514e+02 5.4436102295e+02 5.4442602539e+02 5.4446301270e+02 5.4452899170e+02 5.4460601807e+02 5.4466101074e+02 5.4468902588e+02
5.4290399170e+02 5.4290802002e+02 5.4293902588e+02 5.4296099854e+02 5.4298797607e+02 5.4301800537e+02 5.4303302002e+02 5.4304498291e+02 5.4305200195e+02 5.4306597900e+02 5.4307598877e+02 5.4310400391e+02 5.4311602783e+02 5.4313500977e+02 5.4314801025e+02 5.4316900635e+02 5.4318597412e+02 5.4319097900e+02 5.4318298340e+02 5.4320898438e+02 5.4322198486e+02 5.4322601318e+02 5.4324200439e+02 5.4323999023e+02 5.4324597168e+02 5.4324298096e+02 5.4326300049e+02 5.4327697754e+02 5.4326898193e+02 5.4325799561e+02 5.4325000000e+02 5.4324798584e+02 5.4323199463e+02 5.4321398926e+02 5.4321301270e+02 5.4335498047e+02 5.4359100342e+02 5.4384497070e+02 5.4407702637e+02 5.4430499268e+02 5.4439599609e+02 5.4444396973e+02 5.4449401855e+02 5.4455902100e+02 5.4461401367e+02 5.4464501953e+02
5.4293902588e+02 5.4294799805e+02 5.4297900391e+02 5.4299902344e+02 5.4301702881e+02 5.4303399658e+02 5.4303900146e+02 5.4305603027e+02 5.4306896973e+02 5.4308300781e+02 5.4309002686e+02 5.4309802246e+02 5.4310400391e+02 5.4312902832e+02 5.4314501953e+02 5.4316802979e+02 5.4319000244e+02 5.4319396973e+02 5.4317498779e+02 5.4320202637e+02 5.4322698975e+02 5.4323400879e+02 5.4324401855e+02 5.4324200439e+02 5.4325000000e+02 5.4325201416e+02 5.4328497314e+02 5.4328900146e+02 5.4327197266e+02 5.4325500488e+02 5.4323498535e+02 5.4321600342e+02 5.4320098877e+02 5.4319000244e+02 5.4317401123e+02 5.4324102783e+02 5.4344396973e+02 5.4371099854e+02 5.4393597412e+02 5.4419201660e+02 5.4432501221e+02 5.4439898682e+02 5.4445599365e+02 5.4450299072e+02 5.4456201172e+02 5.4460101318e+02
5.4298999023e+02 5.4299200439e+02 5.4300500488e+02 5.4302301025e+02 5.4303900146e+02 5.4305102539e+02 5.4304699707e+02 5.4305999756e+02 5.4307702637e+02 5.4308599854e+02 5.4308898926e+02 5.4309698486e+02 5.4310900879e+02 5.4313299561e+02 5.4315600586e+02 5.4317401123e+02 5.4318103027e+02 5.4317999268e+02 5.4317199707e+02 5.4320800781e+02 5.4322998047e+02 5.4322900391e+02 5.4323901367e+02 5.4324102783e+02 5.4324798584e+02 5.4325097656e+02 5.4325402832e+02 5.4324200439e+02 5.4322900391e+02 5.4321801758e+02 5.4319500732e+02 5.4318402100e+02 5.4318298340e+02 5.4318200684e+02 5.4316802979e+02 5.4318902588e+02 5.4331097412e+02 5.4352899170e+02 5.4373498535e+02 5.4404101563e+02 5.4427502441e+02 5.4438598633e+02 5.4441900635e+02 5.4444500732e+02 5.4449700928e+02 5.4453802490e+02
5.4302301025e+02 5.4302001953e+02 5.4302697754e+02 5.4303698730e+02 5.4304498291e+02 5.4305401611e+02 5.4304901123e+02 5.4305798340e+02 5.4307397461e+02 5.4308398438e+02 5.4309301758e+02 5.4311297607e+02 5.4312200928e+02 5.4313897705e+02 5.4315502930e+02 5.4316900635e+02 5.4317602539e+02 5.4318200684e+02 5.4318402100e+02 5.4320599365e+02 5.4322900391e+02 5.4323101807e+02 5.4324298096e+02 5.4323797607e+02 5.4323901367e+02 5.4322900391e+02 5.4321398926e+02 5.4319500732e+02 5.4319097900e+02 5.4319299316e+02 5.4318298340e+02 5.4318103027e+02 5.4318298340e+02 5.4317901611e+02 5.4316900635e+02 5.4316699219e+02 5.4318597412e+02 5.4332098389e+02 5.4352899170e+02 5.4380902100e+02 5.4409497070e+02 5.4428198242e+02 5.4436297607e+02 5.4437597656e+02 5.4442199707e+02 5.4448602295e+02
5.4303399658e+02 5.4303698730e+02 5.4304498291e+02 5.4304498291e+02 5.4304699707e+02 5.4305902100e+02 5.4305999756e+02 5.4306402588e+02 5.4307702637e+02 5.4309002686e+02 5.4309802246e+02 5.4310699463e+02 5.4311102295e+02 5.4313800049e+02 5.4316101074e+02 5.4317102051e+02 5.4318701172e+02 5.4319598389e+02 5.4319799805e+02 5.4321197510e+02 5.4322698975e+02 5.4323199463e+02 5.4325000000e+02 5.4322998047e+02 5.4321600342e+02 5.4320098877e+02 5.4319201660e+02 5.4318701172e+02 5.4318597412e+02 5.4319097900e+02 5.4318902588e+02 5.4319097900e+02 5.4318798828e+02 5.4317602539e+02 5.4317102051e+02 5.4317602539e+02 5.4314898682e+02 5.4318200684e+02 5.4333197021e+02 5.4361297607e+02 5.4391101074e+02 5.4414801025e+02 5.4428399658e+02 5.4432098389e+02 5.4437097168e+02 5.4442602539e+02
5.4303900146e+02 5.4304302979e+02 5.4305102539e+02 5.4304498291e+02 5.4304400635e+02 5.4306402588e+02 5.4307702637e+02 5.4307702637e+02 5.4308599854e+02 5.4310101318e+02 5.4310498047e+02 5.4310198975e+02 5.4310498047e+02 5.4313500977e+02 5.4316101074e+02 5.4316998291e+02 5.4319396973e+02 5.4319897461e+02 5.4319799805e+02 5.4321997070e+02 5.4322601318e+02 5.4322100830e+02 5.4322698975e+02 5.4320501709e+02 5.4320599365e+02 5.4320501709e+02 5.4319799805e+02 5.4319500732e+02 5.4319097900e+02 5.4319299316e+02 5.4319598389e+02 5.4320098877e+02 5.4319396973e+02 5.4317999268e+02 5.4317297363e+02 5.4316900635e+02 5.4314801025e+02 5.4313897705e+02 5.4319299316e+02 5.4343200684e+02 5.4369500732e+02 5.4393298340e+02 5.4413397217e+02 5.4426599121e+02 5.4433697510e+02 5.4435797119e+02
5.4304199219e+02 5.4304101563e+02 5.4303900146e+02 5.4303399658e+02 5.4304400635e+02 5.4307202148e+02 5.4308300781e+02 5.4308197021e+02 5.4309802246e+02 5.4311798096e+02 5.4311798096e+02 5.4311199951e+02 5.4311102295e+02 5.4312701416e+02 5.4315600586e+02 5.4315997314e+02 5.4317999268e+02 5.4319000244e+02 5.4319702148e+02 5.4320300293e+02 5.4321502686e+02 5.4321697998e+02 5.4320501709e+02 5.4319396973e+02 5.4319598389e+02 5.4319702148e+02 5.4319799805e+02 5.4319799805e+02 5.4318902588e+02 5.4318597412e+02 5.4319396973e+02 5.4319897461e+02 5.4319396973e+02 5.4317797852e+02 5.4315899658e+02 5.4315997314e+02 5.4315802002e+02 5.4316802979e+02 5.4317498779e+02 5.4329699707e+02 5.4349700928e+02 5.4371697998e+02 5.4395697021e+02 5.4419500732e+02 5.4429302979e+02 5.4429400635e+02
5.4302301025e+02 5.4303100586e+02 5.4303900146e+02 5.4303900146e+02 5.4304498291e+02 5.4307800293e+02 5.4309197998e+02 5.4308898926e+02 5.4310302734e+02 5.4312799072e+02 5.4313299561e+02 5.4312500000e+02 5.4310998535e+02 5.4312298584e+02 5.4314801025e+02 5.4315502930e+02 5.4317401123e+02 5.4318798828e+02 5.4319000244e+02 5.4319299316e+02 5.4320599365e+02 5.4321002197e+02 5.4319897461e+02 5.4319396973e+02 5.4319201660e+02 5.4319000244e+02 5.4319299316e+02 5.4319799805e+02 5.4318798828e+02 5.4317498779e+02 5.4317797852e+02 5.4318701172e+02 5.4317797852e+02 5.4316302490e+02 5.4315698242e+02 5.4316101074e+02 5.4316302490e+02 5.4317498779e+02 5.4317999268e+02 5.4323699951e+02 5.4337701416e+02 5.4358300781e+02 5.4383398438e+02 5.4407501221e+02 5.4419201660e+02 5.4422698975e+02
5.4301599121e+02 5.4302801514e+02 5.4304199219e+02 5.4304498291e+02 5.4304901123e+02 5.4308099365e+02 5.4309497070e+02 5.4309997559e+02 5.4310900879e+02 5.4313201904e+02 5.4314099121e+02 5.4313098145e+02 5.4311401367e+02 5.4312402344e+02 5.4314398193e+02 5.4315197754e+02 5.4316900635e+02 5.4318499756e+02 5.4318701172e+02 5.4319396973e+02 5.4320397949e+02 5.4320202637e+02 5.4319299316e+02 5.4319000244e+02 5.4318701172e+02 5.4318402100e+02 5.4317901611e+02 5.4317602539e+02 5.4317199707e+02 5.4316101074e+02 5.4316302490e+02 5.4317498779e+02 5.4316198730e+02 5.4315197754e+02 5.4316400146e+02 5.4317199707e+02 5.4317297363e+02 5.4317297363e+02 5.4318499756e+02 5.4324597168e+02 5.4338201904e+02 5.4358599854e+02 5.4381402588e+02 5.4400000000e+02 5.4409698486e+02 5.4416101074e+02
5.4300897217e+02 5.4302099609e+02 5.4303601074e+02 5.4304602051e+02 5.4305401611e+02 5.4308099365e+02 5.4308801270e+02 5.4310400391e+02 5.4310998535e+02 5.4312902832e+02 5.4314300537e+02 5.4314001465e+02 5.4312500000e+02 5.4312597656e+02 5.4314099121e+02 5.4314898682e+02 5.4315997314e+02 5.4317901611e+02 5.4318902588e+02 5.4319500732e+02 5.4319702148e+02 5.4319500732e+02 5.4319000244e+02 5.4318298340e+02 5.4318103027e+02 5.4317901611e+02 5.4317297363e+02 5.4316802979e+02 5.4316998291e+02 5.4316699219e+02 5.4316497803e+02 5.4316998291e+02 5.4315698242e+02 5.4315002441e+02 5.4315502930e+02 5.4316900635e+02 5.4317199707e+02 5.4318499756e+02 5.4325299072e+02 5.4340802002e+02 5.4359301758e+02 5.4376599121e+02 5.4388299561e+02 5.4397399902e+02 5.4403802490e+02 5.4410998535e+02
