TESTSERVER/0/14.asc
NCOLS 100
NROWS 100
XLLCORNER 7.4997500000e+03
YLLCORNER 2.8925025000e+05
CELLSIZE 5.0000000000e-01
NODATA_VALUE -9.9990000000e+03
[rows 60 to 79 of 100, columns 46 to 91 of 100]
5.3968402100e+02 5.3974798584e+02 5.3979901123e+02 5.3973400879e+02 5.3966601563e+02 5.3963000488e+02 5.3960900879e+02 5.3958398438e+02 5.3957202148e+02 5.3957202148e+02 5.3957598877e+02 5.3959197998e+02 5.3960400391e+02 5.3961199951e+02 5.3961999512e+02 5.3963702393e+02 5.3965100098e+02 5.3966101074e+02 5.3966699219e+02 5.3968103027e+02 5.3969299316e+02 5.3970501709e+02 5.3973901367e+02 5.4007800293e+02 5.4036297607e+02 5.4055102539e+02 5.4083697510e+02 5.4126300049e+02 5.4146899414e+02 5.4151599121e+02 5.4153399658e+02 5.4151300049e+02 5.4154302979e+02 5.4160900879e+02 5.4169299316e+02 5.4176702881e+02 5.4189898682e+02 5.4204101563e+02 5.4210498047e+02 5.4210900879e+02 5.4216601563e+02 5.4226599121e+02 5.4230902100e+02 5.4231201172e+02 5.4237597656e+02 5.4244000244e+02
5.3969299316e+02 5.3974700928e+02 5.3980902100e+02 5.3976202393e+02 5.3968902588e+02 5.3964599609e+02 5.3963000488e+02 5.3959802246e+02 5.3957299805e+02 5.3957598877e+02 5.3958898926e+02 5.3959802246e+02 5.3960400391e+02 5.3960998535e+02 5.3961297607e+02 5.3961798096e+02 5.3962799072e+02 5.3965002441e+02 5.3965899658e+02 5.3967297363e+02 5.3968298340e+02 5.3968902588e+02 5.3970898438e+02 5.4005297852e+02 5.4039099121e+02 5.4054302979e+02 5.4079699707e+02 5.4122601318e+02 5.4146697998e+02 5.4152197266e+02 5.4154901123e+02 5.4154602051e+02 5.4158197021e+02 5.4165301514e+02 5.4173699951e+02 5.4182598877e+02 5.4193298340e+02 5.4203900146e+02 5.4207397461e+02 5.4209899902e+02 5.4216497803e+02 5.4224298096e+02 5.4224700928e+02 5.4223498535e+02 5.4231597900e+02 5.4240802002e+02
5.3970300293e+02 5.3975402832e+02 5.3981701660e+02 5.3978302002e+02 5.3971197510e+02 5.3966302490e+02 5.3964202881e+02 5.3960601807e+02 5.3958001709e+02 5.3958300781e+02 5.3958502197e+02 5.3959100342e+02 5.3959899902e+02 5.3960400391e+02 5.3961700439e+02 5.3962500000e+02 5.3962799072e+02 5.3964898682e+02 5.3965899658e+02 5.3967199707e+02 5.3968200684e+02 5.3968701172e+02 5.3969000244e+02 5.3994201660e+02 5.4027899170e+02 5.4046197510e+02 5.4071600342e+02 5.4117297363e+02 5.4149700928e+02 5.4159698486e+02 5.4159997559e+02 5.4161297607e+02 5.4165301514e+02 5.4172198486e+02 5.4179302979e+02 5.4185101318e+02 5.4190502930e+02 5.4198101807e+02 5.4202801514e+02 5.4206597900e+02 5.4211499023e+02 5.4216400146e+02 5.4216699219e+02 5.4216497803e+02 5.4223699951e+02 5.4231298828e+02
5.3971197510e+02 5.3976000977e+02 5.3982897949e+02 5.3980999756e+02 5.3973602295e+02 5.3967797852e+02 5.3964898682e+02 5.3961401367e+02 5.3959100342e+02 5.3958898926e+02 5.3957299805e+02 5.3958197021e+02 5.3960198975e+02 5.3960797119e+02 5.3961901855e+02 5.3962402344e+02 5.3962902832e+02 5.3964501953e+02 5.3965301514e+02 5.3966400146e+02 5.3967102051e+02 5.3967999268e+02 5.3968200684e+02 5.3983697510e+02 5.4016802979e+02 5.4038897705e+02 5.4060601807e+02 5.4104998779e+02 5.4147497559e+02 5.4167498779e+02 5.4166900635e+02 5.4166497803e+02 5.4169598389e+02 5.4175598145e+02 5.4181500244e+02 5.4182397461e+02 5.4183197021e+02 5.4189300537e+02 5.4195898438e+02 5.4197601318e+02 5.4200598145e+02 5.4205297852e+02 5.4208197021e+02 5.4211297607e+02 5.4218798828e+02 5.4223901367e+02
5.3971997070e+02 5.3976800537e+02 5.3983898926e+02 5.3983398438e+02 5.3976397705e+02 5.3969299316e+02 5.3965100098e+02 5.3964001465e+02 5.3961297607e+02 5.3960101318e+02 5.3959399414e+02 5.3959197998e+02 5.3960998535e+02 5.3960797119e+02 5.3960900879e+02 5.3962799072e+02 5.3963098145e+02 5.3963800049e+02 5.3963397217e+02 5.3966497803e+02 5.3966900635e+02 5.3967498779e+02 5.3969000244e+02 5.3978002930e+02 5.4008801270e+02 5.4035900879e+02 5.4054498291e+02 5.4091497803e+02 5.4136401367e+02 5.4165197754e+02 5.4170001221e+02 5.4167602539e+02 5.4167498779e+02 5.4172497559e+02 5.4177301025e+02 5.4177001953e+02 5.4177001953e+02 5.4182299805e+02 5.4189801025e+02 5.4189099121e+02 5.4191699219e+02 5.4197698975e+02 5.4198999023e+02 5.4206402588e+02 5.4219897461e+02 5.4226397705e+02
5.3972601318e+02 5.3977301025e+02 5.3984399414e+02 5.3984899902e+02 5.3978997803e+02 5.3971502686e+02 5.3966302490e+02 5.3965002441e+02 5.3962097168e+02 5.3961102295e+02 5.3961798096e+02 5.3961297607e+02 5.3961700439e+02 5.3961297607e+02 5.3961602783e+02 5.3963500977e+02 5.3963201904e+02 5.3963500977e+02 5.3965002441e+02 5.3966601563e+02 5.3966198730e+02 5.3966601563e+02 5.3968499756e+02 5.3972900391e+02 5.3998498535e+02 5.4028002930e+02 5.4047399902e+02 5.4086401367e+02 5.4130200195e+02 5.4159802246e+02 5.4171197510e+02 5.4171301270e+02 5.4168402100e+02 5.4172601318e+02 5.4175201416e+02 5.4172497559e+02 5.4170800781e+02 5.4176599121e+02 5.4190399170e+02 5.4192401123e+02 5.4192199707e+02 5.4195202637e+02 5.4196197510e+02 5.4206201172e+02 5.4220397949e+02 5.4224902344e+02
5.3972698975e+02 5.3977099609e+02 5.3983801270e+02 5.3985302734e+02 5.3980297852e+02 5.3973297119e+02 5.3967199707e+02 5.3965399170e+02 5.3963000488e+02 5.3961999512e+02 5.3962097168e+02 5.3961602783e+02 5.3961602783e+02 5.3961901855e+02 5.3962402344e+02 5.3963000488e+02 5.3962799072e+02 5.3963500977e+02 5.3965502930e+02 5.3965698242e+02 5.3965002441e+02 5.3965600586e+02 5.3967498779e+02 5.3967901611e+02 5.3986700439e+02 5.4015698242e+02 5.4041302490e+02 5.4079498291e+02 5.4119598389e+02 5.4150598145e+02 5.4171002197e+02 5.4173699951e+02 5.4170300293e+02 5.4171502686e+02 5.4171002197e+02 5.4170898438e+02 5.4172998047e+02 5.4180700684e+02 5.4198999023e+02 5.4203698730e+02 5.4199902344e+02 5.4198602295e+02 5.4198498535e+02 5.4203302002e+02 5.4211297607e+02 5.4216497803e+02
5.3972399902e+02 5.3976501465e+02 5.3982202148e+02 5.3984002686e+02 5.3980297852e+02 5.3974401855e+02 5.3969299316e+02 5.3967602539e+02 5.3965197754e+02 5.3963500977e+02 5.3961901855e+02 5.3961901855e+02 5.3961798096e+02 5.3961901855e+02 5.3962200928e+02 5.3961700439e+02 5.3961602783e+02 5.3962902832e+02 5.3964599609e+02 5.3965002441e+02 5.3964801025e+02 5.3965301514e+02 5.3966998291e+02 5.3965399170e+02 5.3979302979e+02 5.4010601807e+02 5.4042401123e+02 5.4072698975e+02 5.4105999756e+02 5.4138598633e+02 5.4167498779e+02 5.4169702148e+02 5.4167700195e+02 5.4169299316e+02 5.4170599365e+02 5.4175799561e+02 5.4182299805e+02 5.4190197754e+02 5.4209100342e+02 5.4217199707e+02 5.4211297607e+02 5.4204901123e+02 5.4204199219e+02 5.4203601074e+02 5.4206799316e+02 5.4213000488e+02
5.3971502686e+02 5.3975201416e+02 5.3979797363e+02 5.3982598877e+02 5.3980700684e+02 5.3975701904e+02 5.3969702148e+02 5.3967602539e+02 5.3965197754e+02 5.3963702393e+02 5.3961102295e+02 5.3961700439e+02 5.3961199951e+02 5.3960601807e+02 5.3961102295e+02 5.3962902832e+02 5.3964001465e+02 5.3964801025e+02 5.3964599609e+02 5.3965698242e+02 5.3965399170e+02 5.3964801025e+02 5.3965899658e+02 5.3963702393e+02 5.3975402832e+02 5.4012597656e+02 5.4053601074e+02 5.4071502686e+02 5.4097302246e+02 5.4129498291e+02 5.4162298584e+02 5.4168298340e+02 5.4167901611e+02 5.4171899414e+02 5.4180603027e+02 5.4183398438e+02 5.4185699463e+02 5.4192602539e+02 5.4213201904e+02 5.4227099609e+02 5.4226702881e+02 5.4215899658e+02 5.4209497070e+02 5.4206597900e+02 5.4210601807e+02 5.4218103027e+02
5.3970800781e+02 5.3974102783e+02 5.3978802490e+02 5.3983099365e+02 5.3982299805e+02 5.3977197266e+02 5.3970098877e+02 5.3967797852e+02 5.3965399170e+02 5.3963897705e+02 5.3961102295e+02 5.3959997559e+02 5.3960400391e+02 5.3960797119e+02 5.3960900879e+02 5.3962097168e+02 5.3962597656e+02 5.3963598633e+02 5.3964599609e+02 5.3965600586e+02 5.3965899658e+02 5.3964501953e+02 5.3965399170e+02 5.3964099121e+02 5.3970501709e+02 5.4007501221e+02 5.4050299072e+02 5.4065997314e+02 5.4092797852e+02 5.4124902344e+02 5.4152502441e+02 5.4167901611e+02 5.4172802734e+02 5.4178002930e+02 5.4186602783e+02 5.4187902832e+02 5.4187902832e+02 5.4192199707e+02 5.4204101563e+02 5.4215899658e+02 5.4223699951e+02 5.4221600342e+02 5.4215899658e+02 5.4212298584e+02 5.4216101074e+02 5.4219598389e+02
5.3970202637e+02 5.3973400879e+02 5.3978002930e+02 5.3983099365e+02 5.3983001709e+02 5.3978198242e+02 5.3970300293e+02 5.3967297363e+02 5.3965197754e+02 5.3963800049e+02 5.3961401367e+02 5.3960900879e+02 5.3961199951e+02 5.3961499023e+02 5.3961102295e+02 5.3961700439e+02 5.3962298584e+02 5.3963702393e+02 5.3964898682e+02 5.3963897705e+02 5.3964898682e+02 5.3964300537e+02 5.3964801025e+02 5.3964801025e+02 5.3965502930e+02 5.3992602539e+02 5.4031097412e+02 5.4041900635e+02 5.4073699951e+02 5.4113201904e+02 5.4141998291e+02 5.4166400146e+02 5.4178399658e+02 5.4185198975e+02 5.4188800049e+02 5.4189300537e+02 5.4193298340e+02 5.4195397949e+02 5.4200402832e+02 5.4208898926e+02 5.4218902588e+02 5.4224499512e+02 5.4222198486e+02 5.4217602539e+02 5.4219097900e+02 5.4219702148e+02
5.3969500732e+02 5.3972497559e+02 5.3977099609e+02 5.3982800293e+02 5.3983197021e+02 5.3978900146e+02 5.3970697021e+02 5.3966400146e+02 5.3964300537e+02 5.3963201904e+02 5.3961700439e+02 5.3961401367e+02 5.3961102295e+02 5.3961297607e+02 5.3960900879e+02 5.3961602783e+02 5.3962799072e+02 5.3964398193e+02 5.3965301514e+02 5.3962902832e+02 5.3963598633e+02 5.3963897705e+02 5.3964801025e+02 5.3966400146e+02 5.3963800049e+02 5.3982000732e+02 5.4019702148e+02 5.4029400635e+02 5.4059002686e+02 5.4101300049e+02 5.4135101318e+02 5.4166802979e+02 5.4184399414e+02 5.4192999268e+02 5.4193701172e+02 5.4193798828e+02 5.4198101807e+02 5.4198400879e+02 5.4202301025e+02 5.4208099365e+02 5.4216400146e+02 5.4223699951e+02 5.4222601318e+02 5.4215997314e+02 5.4214300537e+02 5.4216302490e+02
5.3968499756e+02 5.3970898438e+02 5.3972802734e+02 5.3979797363e+02 5.3981201172e+02 5.3978601074e+02 5.3972900391e+02 5.3966802979e+02 5.3963397217e+02 5.3961999512e+02 5.3960498047e+02 5.3960101318e+02 5.3960302734e+02 5.3961102295e+02 5.3960601807e+02 5.3961102295e+02 5.3962799072e+02 5.3963500977e+02 5.3963000488e+02 5.3963098145e+02 5.3963397217e+02 5.3964202881e+02 5.3965197754e+02 5.3965502930e+02 5.3963000488e+02 5.3974798584e+02 5.4014300537e+02 5.4033099365e+02 5.4051702881e+02 5.4087097168e+02 5.4131799316e+02 5.4167797852e+02 5.4183599854e+02 5.4189001465e+02 5.4193701172e+02 5.4197399902e+02 5.4198797607e+02 5.4199298096e+02 5.4203399658e+02 5.4208099365e+02 5.4212200928e+02 5.4216900635e+02 5.4216900635e+02 5.4213000488e+02 5.4210498047e+02 5.4213800049e+02
5.3967498779e+02 5.3969396973e+02 5.3972302246e+02 5.3977001953e+02 5.3978399658e+02 5.3976397705e+02 5.3971600342e+02 5.3967297363e+02 5.3965002441e+02 5.3963000488e+02 5.3961499023e+02 5.3959997559e+02 5.3959899902e+02 5.3959802246e+02 5.3959997559e+02 5.3959497070e+02 5.3960900879e+02 5.3961999512e+02 5.3962200928e+02 5.3963201904e+02 5.3963397217e+02 5.3964300537e+02 5.3965197754e+02 5.3966400146e+02 5.3964300537e+02 5.3968499756e+02 5.4005603027e+02 5.4033099365e+02 5.4044799805e+02 5.4071301270e+02 5.4117797852e+02 5.4161199951e+02 5.4182598877e+02 5.4188702393e+02 5.4195898438e+02 5.4201501465e+02 5.4203002930e+02 5.4202197266e+02 5.4203399658e+02 5.4207598877e+02 5.4209197998e+02 5.4211401367e+02 5.4213000488e+02 5.4211102295e+02 5.4209997559e+02 5.4213598633e+02
5.3966802979e+02 5.3968701172e+02 5.3971899414e+02 5.3976702881e+02 5.3978100586e+02 5.3976300049e+02 5.3971600342e+02 5.3967498779e+02 5.3965997314e+02 5.3963897705e+02 5.3962500000e+02 5.3960400391e+02 5.3959698486e+02 5.3959100342e+02 5.3960101318e+02 5.3960900879e+02 5.3961499023e+02 5.3962701416e+02 5.3963800049e+02 5.3965002441e+02 5.3965301514e+02 5.3965100098e+02 5.3965002441e+02 5.3965802002e+02 5.3964697266e+02 5.3964801025e+02 5.3991601563e+02 5.4025598145e+02 5.4038098145e+02 5.4061700439e+02 5.4106597900e+02 5.4153601074e+02 5.4182897949e+02 5.4193103027e+02 5.4198297119e+02 5.4204101563e+02 5.4206701660e+02 5.4205902100e+02 5.4206201172e+02 5.4208099365e+02 5.4207098389e+02 5.4207202148e+02 5.4207897949e+02 5.4208398438e+02 5.4208697510e+02 5.4211700439e+02
5.3966302490e+02 5.3968103027e+02 5.3971002197e+02 5.3975500488e+02 5.3977502441e+02 5.3976300049e+02 5.3971997070e+02 5.3967498779e+02 5.3965600586e+02 5.3963397217e+02 5.3962298584e+02 5.3960498047e+02 5.3959802246e+02 5.3959100342e+02 5.3959600830e+02 5.3961798096e+02 5.3962298584e+02 5.3962799072e+02 5.3963299561e+02 5.3964398193e+02 5.3964697266e+02 5.3963800049e+02 5.3964599609e+02 5.3964398193e+02 5.3964898682e+02 5.3964501953e+02 5.3979699707e+02 5.4015502930e+02 5.4032702637e+02 5.4057397461e+02 5.4098901367e+02 5.4144598389e+02 5.4179901123e+02 5.4193798828e+02 5.4195800781e+02 5.4202197266e+02 5.4206402588e+02 5.4206896973e+02 5.4208001709e+02 5.4207897949e+02 5.4204699707e+02 5.4203100586e+02 5.4203100586e+02 5.4207501221e+02 5.4211401367e+02 5.4214202881e+02
5.3965899658e+02 5.3967401123e+02 5.3968499756e+02 5.3972802734e+02 5.3975897217e+02 5.3974499512e+02 5.3970599365e+02 5.3966601563e+02 5.3964697266e+02 5.3962701416e+02 5.3960302734e+02 5.3959698486e+02 5.3959802246e+02 5.3958300781e+02 5.3957202148e+02 5.3960699463e+02 5.3962200928e+02 5.3963098145e+02 5.3961499023e+02 5.3961901855e+02 5.3962298584e+02 5.3962402344e+02 5.3964501953e+02 5.3964001465e+02 5.3964697266e+02 5.3966699219e+02 5.3971301270e+02 5.4001898193e+02 5.4027600098e+02 5.4054101563e+02 5.4090100098e+02 5.4132702637e+02 5.4171600342e+02 5.4188201904e+02 5.4190399170e+02 5.4196997070e+02 5.4203900146e+02 5.4206701660e+02 5.4207202148e+02 5.4204199219e+02 5.4201000977e+02 5.4199902344e+02 5.4202001953e+02 5.4207501221e+02 5.4213598633e+02 5.4217999268e+02
5.3964599609e+02 5.3965197754e+02 5.3966601563e+02 5.3969000244e+02 5.3972399902e+02 5.3971002197e+02 5.3968103027e+02 5.3964599609e+02 5.3963000488e+02 5.3961102295e+02 5.3959301758e+02 5.3957598877e+02 5.3959100342e+02 5.3959497070e+02 5.3960101318e+02 5.3961602783e+02 5.3962402344e+02 5.3961901855e+02 5.3961602783e+02 5.3962597656e+02 5.3962200928e+02 5.3962402344e+02 5.3961999512e+02 5.3963000488e+02 5.3963598633e+02 5.3964801025e+02 5.3966802979e+02 5.3989099121e+02 5.4020599365e+02 5.4048297119e+02 5.4080499268e+02 5.4123101807e+02 5.4164801025e+02 5.4181402588e+02 5.4183398438e+02 5.4192602539e+02 5.4201898193e+02 5.4206201172e+02 5.4203601074e+02 5.4199102783e+02 5.4196600342e+02 5.4196899414e+02 5.4200799561e+02 5.4205999756e+02 5.4211798096e+02 5.4218200684e+02
5.3962701416e+02 5.3962799072e+02 5.3964099121e+02 5.3964501953e+02 5.3967602539e+02 5.3966699219e+02 5.3965301514e+02 5.3963000488e+02 5.3961297607e+02 5.3959899902e+02 5.3958898926e+02 5.3957202148e+02 5.3958300781e+02 5.3959100342e+02 5.3960601807e+02 5.3960498047e+02 5.3961999512e+02 5.3962500000e+02 5.3961602783e+02 5.3961798096e+02 5.3960998535e+02 5.3960302734e+02 5.3958099365e+02 5.3960998535e+02 5.3963201904e+02 5.3964202881e+02 5.3964202881e+02 5.3981500244e+02 5.4013800049e+02 5.4040502930e+02 5.4066601563e+02 5.4109399414e+02 5.4153900146e+02 5.4174700928e+02 5.4178002930e+02 5.4185699463e+02 5.4192297363e+02 5.4194897461e+02 5.4193597412e+02 5.4192102051e+02 5.4192498779e+02 5.4195098877e+02 5.4199298096e+02 5.4203399658e+02 5.4209698486e+02 5.4217199707e+02
5.3960797119e+02 5.3960198975e+02 5.3961199951e+02 5.3962597656e+02 5.3966101074e+02 5.3964697266e+02 5.3963800049e+02 5.3961199951e+02 5.3959399414e+02 5.3958300781e+02 5.3957800293e+02 5.3957098389e+02 5.3958502197e+02 5.3959802246e+02 5.3961199951e+02 5.3960498047e+02 5.3961297607e+02 5.3961999512e+02 5.3960900879e+02 5.3960699463e+02 5.3960198975e+02 5.3958502197e+02 5.3956597900e+02 5.3959997559e+02 5.3962402344e+02 5.3963702393e+02 5.3963201904e+02 5.3978997803e+02 5.4010498047e+02 5.4034197998e+02 5.4052398682e+02 5.4096899414e+02 5.4144396973e+02 5.4169396973e+02 5.4173797607e+02 5.4178198242e+02 5.4180700684e+02 5.4181298828e+02 5.4183001709e+02 5.4186199951e+02 5.4189898682e+02 5.4194500732e+02 5.4197998047e+02 5.4200799561e+02 5.4207202148e+02 5.4214599609e+02
