TESTSERVER/0/14.asc
NCOLS 100
NROWS 100
XLLCORNER 7.4997500000e+03
YLLCORNER 2.8925025000e+05
CELLSIZE 5.0000000000e-01
NODATA_VALUE -9.9990000000e+03
[rows 80 to 99 of 100, columns 0 to 45 of 100]
5.3819299316e+02 5.3820202637e+02 5.3820501709e+02 5.3820697021e+02 5.3819799805e+02 5.3818499756e+02 5.3819097900e+02 5.3820098877e+02 5.3820098877e+02 5.3820599365e+02 5.3820697021e+02 5.3819897461e+02 5.3819201660e+02 5.3819000244e+02 5.3818499756e+02 5.3818597412e+02 5.3819097900e+02 5.3819897461e+02 5.3821002197e+02 5.3821502686e+02 5.3821502686e+02 5.3818298340e+02 5.3815600586e+02 5.3835400391e+02 5.3899597168e+02 5.3940899658e+02 5.3943798828e+02 5.3944097900e+02 5.3944097900e+02 5.3945800781e+02 5.3947399902e+02 5.3948199463e+02 5.3950000000e+02 5.3951599121e+02 5.3952600098e+02 5.3953601074e+02 5.3954101563e+02 5.3953997803e+02 5.3954302979e+02 5.3954998779e+02 5.3956500244e+02 5.3957000732e+02 5.3957299805e+02 5.3957598877e+02 5.3957098389e+02 5.3960101318e+02
5.3818298340e+02 5.3819396973e+02 5.3820599365e+02 5.3820397949e+02 5.3819299316e+02 5.3818298340e+02 5.3819000244e+02 5.3820300293e+02 5.3820397949e+02 5.3820397949e+02 5.3820202637e+02 5.3819702148e+02 5.3819396973e+02 5.3819201660e+02 5.3819000244e+02 5.3819500732e+02 5.3820098877e+02 5.3821099854e+02 5.3821697998e+02 5.3821600342e+02 5.3821502686e+02 5.3819097900e+02 5.3816900635e+02 5.3828900146e+02 5.3880999756e+02 5.3939599609e+02 5.3944299316e+02 5.3942401123e+02 5.3944201660e+02 5.3946099854e+02 5.3947302246e+02 5.3947198486e+02 5.3947802734e+02 5.3949798584e+02 5.3949798584e+02 5.3949597168e+02 5.3949798584e+02 5.3949700928e+02 5.3951000977e+02 5.3952197266e+02 5.3954199219e+02 5.3955798340e+02 5.3956500244e+02 5.3955999756e+02 5.3955102539e+02 5.3955603027e+02
5.3817700195e+02 5.3819500732e+02 5.3821197510e+02 5.3820202637e+02 5.3818597412e+02 5.3818402100e+02 5.3819201660e+02 5.3820098877e+02 5.3820202637e+02 5.3819799805e+02 5.3819299316e+02 5.3819702148e+02 5.3820001221e+02 5.3820001221e+02 5.3820300293e+02 5.3820202637e+02 5.3821002197e+02 5.3821899414e+02 5.3821899414e+02 5.3821502686e+02 5.3821301270e+02 5.3820397949e+02 5.3816699219e+02 5.3818597412e+02 5.3850598145e+02 5.3923602295e+02 5.3944799805e+02 5.3942498779e+02 5.3944598389e+02 5.3945898438e+02 5.3946197510e+02 5.3945800781e+02 5.3945501709e+02 5.3946899414e+02 5.3947302246e+02 5.3947497559e+02 5.3948602295e+02 5.3948999023e+02 5.3950598145e+02 5.3951898193e+02 5.3952600098e+02 5.3953198242e+02 5.3953900146e+02 5.3954699707e+02 5.3957299805e+02 5.3958502197e+02
5.3818902588e+02 5.3820800781e+02 5.3822100830e+02 5.3820300293e+02 5.3818701172e+02 5.3819097900e+02 5.3820001221e+02 5.3819897461e+02 5.3819500732e+02 5.3819000244e+02 5.3819097900e+02 5.3819598389e+02 5.3820501709e+02 5.3820697021e+02 5.3820697021e+02 5.3820800781e+02 5.3821600342e+02 5.3822198486e+02 5.3821997070e+02 5.3821301270e+02 5.3821197510e+02 5.3821997070e+02 5.3817602539e+02 5.3811901855e+02 5.3829302979e+02 5.3910302734e+02 5.3945898438e+02 5.3942102051e+02 5.3942999268e+02 5.3944799805e+02 5.3945397949e+02 5.3945697021e+02 5.3945098877e+02 5.3946600342e+02 5.3947698975e+02 5.3947900391e+02 5.3948498535e+02 5.3948797607e+02 5.3949798584e+02 5.3951202393e+02 5.3953698730e+02 5.3954400635e+02 5.3957397461e+02 5.3958398438e+02 5.3953002930e+02 5.3950897217e+02
5.3819500732e+02 5.3820300293e+02 5.3820898438e+02 5.3819702148e+02 5.3820202637e+02 5.3821002197e+02 5.3821697998e+02 5.3820501709e+02 5.3819000244e+02 5.3818701172e+02 5.3819000244e+02 5.3819396973e+02 5.3819799805e+02 5.3820599365e+02 5.3821099854e+02 5.3821502686e+02 5.3821600342e+02 5.3821600342e+02 5.3821301270e+02 5.3820599365e+02 5.3820697021e+02 5.3821997070e+02 5.3820202637e+02 5.3813098145e+02 5.3827301025e+02 5.3895098877e+02 5.3943298340e+02 5.3944897461e+02 5.3939001465e+02 5.3942999268e+02 5.3944799805e+02 5.3946002197e+02 5.3948199463e+02 5.3947302246e+02 5.3949200439e+02 5.3949597168e+02 5.3953198242e+02 5.3951599121e+02 5.3953100586e+02 5.3952801514e+02 5.3943701172e+02 5.3936901855e+02 5.3933001709e+02 5.3926098633e+02 5.3897601318e+02 5.3894799805e+02
5.3818798828e+02 5.3818499756e+02 5.3818597412e+02 5.3818103027e+02 5.3819396973e+02 5.3821600342e+02 5.3822900391e+02 5.3821502686e+02 5.3819702148e+02 5.3819097900e+02 5.3819201660e+02 5.3819000244e+02 5.3819299316e+02 5.3820098877e+02 5.3820800781e+02 5.3821197510e+02 5.3820898438e+02 5.3820697021e+02 5.3820300293e+02 5.3819799805e+02 5.3820001221e+02 5.3820098877e+02 5.3821099854e+02 5.3817498779e+02 5.3828002930e+02 5.3887500000e+02 5.3943499756e+02 5.3955297852e+02 5.3949401855e+02 5.3951397705e+02 5.3953302002e+02 5.3949298096e+02 5.3945300293e+02 5.3953698730e+02 5.3947802734e+02 5.3930999756e+02 5.3914599609e+02 5.3902398682e+02 5.3890698242e+02 5.3883502197e+02 5.3869201660e+02 5.3864697266e+02 5.3867999268e+02 5.3873199463e+02 5.3875897217e+02 5.3878802490e+02
5.3817401123e+02 5.3816497803e+02 5.3815899658e+02 5.3816900635e+02 5.3818402100e+02 5.3820397949e+02 5.3821600342e+02 5.3821398926e+02 5.3820501709e+02 5.3820098877e+02 5.3819500732e+02 5.3819000244e+02 5.3819097900e+02 5.3819702148e+02 5.3820098877e+02 5.3819897461e+02 5.3819201660e+02 5.3819299316e+02 5.3819201660e+02 5.3819396973e+02 5.3819799805e+02 5.3819897461e+02 5.3818103027e+02 5.3820098877e+02 5.3828601074e+02 5.3869396973e+02 5.3916302490e+02 5.3937500000e+02 5.3935601807e+02 5.3932897949e+02 5.3924401855e+02 5.3905999756e+02 5.3886499023e+02 5.3885900879e+02 5.3874902344e+02 5.3857397461e+02 5.3841497803e+02 5.3828601074e+02 5.3827197266e+02 5.3835900879e+02 5.3843597412e+02 5.3854901123e+02 5.3862799072e+02 5.3870800781e+02 5.3877001953e+02 5.3878497314e+02
5.3817401123e+02 5.3816802979e+02 5.3816699219e+02 5.3817401123e+02 5.3818298340e+02 5.3819201660e+02 5.3819799805e+02 5.3819396973e+02 5.3819799805e+02 5.3819799805e+02 5.3819598389e+02 5.3819299316e+02 5.3819702148e+02 5.3820202637e+02 5.3820001221e+02 5.3818701172e+02 5.3817700195e+02 5.3817999268e+02 5.3818798828e+02 5.3819299316e+02 5.3820001221e+02 5.3820098877e+02 5.3818298340e+02 5.3818200684e+02 5.3822698975e+02 5.3834802246e+02 5.3855902100e+02 5.3865502930e+02 5.3864801025e+02 5.3858001709e+02 5.3852301025e+02 5.3835998535e+02 5.3821099854e+02 5.3816699219e+02 5.3812597656e+02 5.3812298584e+02 5.3816497803e+02 5.3822399902e+02 5.3830102539e+02 5.3843798828e+02 5.3856799316e+02 5.3865502930e+02 5.3867901611e+02 5.3871997070e+02 5.3877099609e+02 5.3878399658e+02
5.3819897461e+02 5.3819396973e+02 5.3818103027e+02 5.3818798828e+02 5.3820001221e+02 5.3819500732e+02 5.3818902588e+02 5.3818103027e+02 5.3817999268e+02 5.3818597412e+02 5.3818902588e+02 5.3819396973e+02 5.3820397949e+02 5.3820697021e+02 5.3820202637e+02 5.3818499756e+02 5.3817401123e+02 5.3817602539e+02 5.3818701172e+02 5.3819598389e+02 5.3820098877e+02 5.3820300293e+02 5.3819201660e+02 5.3817901611e+02 5.3818298340e+02 5.3815802002e+02 5.3815197754e+02 5.3813897705e+02 5.3818798828e+02 5.3812902832e+02 5.3815802002e+02 5.3816400146e+02 5.3822998047e+02 5.3818200684e+02 5.3815100098e+02 5.3816802979e+02 5.3817797852e+02 5.3827398682e+02 5.3835101318e+02 5.3843298340e+02 5.3848901367e+02 5.3852801514e+02 5.3853997803e+02 5.3859002686e+02 5.3870501709e+02 5.3877099609e+02
5.3821502686e+02 5.3821600342e+02 5.3818499756e+02 5.3818499756e+02 5.3820098877e+02 5.3820001221e+02 5.3819598389e+02 5.3819299316e+02 5.3819500732e+02 5.3819598389e+02 5.3819000244e+02 5.3819396973e+02 5.3820501709e+02 5.3821002197e+02 5.3820397949e+02 5.3819000244e+02 5.3817797852e+02 5.3817901611e+02 5.3819201660e+02 5.3819897461e+02 5.3820098877e+02 5.3820098877e+02 5.3819897461e+02 5.3819799805e+02 5.3819000244e+02 5.3818298340e+02 5.3817602539e+02 5.3818402100e+02 5.3820001221e+02 5.3818902588e+02 5.3817901611e+02 5.3819000244e+02 5.3820098877e+02 5.3817999268e+02 5.3815802002e+02 5.3816198730e+02 5.3818200684e+02 5.3824102783e+02 5.3827801514e+02 5.3832501221e+02 5.3835198975e+02 5.3842297363e+02 5.3849298096e+02 5.3856402588e+02 5.3866601563e+02 5.3878497314e+02
5.3822100830e+02 5.3821997070e+02 5.3818103027e+02 5.3817297363e+02 5.3819097900e+02 5.3819598389e+02 5.3819702148e+02 5.3821899414e+02 5.3822698975e+02 5.3822100830e+02 5.3819799805e+02 5.3819000244e+02 5.3820501709e+02 5.3821502686e+02 5.3820697021e+02 5.3819201660e+02 5.3818298340e+02 5.3818597412e+02 5.3819500732e+02 5.3820098877e+02 5.3820098877e+02 5.3820300293e+02 5.3820202637e+02 5.3820001221e+02 5.3820202637e+02 5.3819897461e+02 5.3819396973e+02 5.3820202637e+02 5.3821398926e+02 5.3819799805e+02 5.3818499756e+02 5.3819201660e+02 5.3819500732e+02 5.3817797852e+02 5.3816400146e+02 5.3816497803e+02 5.3817102051e+02 5.3821801758e+02 5.3823400879e+02 5.3828302002e+02 5.3833898926e+02 5.3841302490e+02 5.3846502686e+02 5.3853302002e+02 5.3863800049e+02 5.3877899170e+02
5.3822497559e+02 5.3821600342e+02 5.3817700195e+02 5.3816699219e+02 5.3818298340e+02 5.3818701172e+02 5.3819201660e+02 5.3821398926e+02 5.3822900391e+02 5.3822198486e+02 5.3819396973e+02 5.3818402100e+02 5.3820501709e+02 5.3821899414e+02 5.3821099854e+02 5.3819396973e+02 5.3818701172e+02 5.3819000244e+02 5.3819299316e+02 5.3819299316e+02 5.3819299316e+02 5.3819702148e+02 5.3820300293e+02 5.3820599365e+02 5.3820501709e+02 5.3820098877e+02 5.3820300293e+02 5.3821301270e+02 5.3822100830e+02 5.3820800781e+02 5.3819598389e+02 5.3820202637e+02 5.3820202637e+02 5.3818597412e+02 5.3817602539e+02 5.3817102051e+02 5.3815899658e+02 5.3820001221e+02 5.3821398926e+02 5.3826898193e+02 5.3832000732e+02 5.3839501953e+02 5.3844702148e+02 5.3851599121e+02 5.3861199951e+02 5.3875097656e+02
5.3821997070e+02 5.3820397949e+02 5.3817297363e+02 5.3817102051e+02 5.3818298340e+02 5.3817797852e+02 5.3817901611e+02 5.3819702148e+02 5.3820898438e+02 5.3820397949e+02 5.3818402100e+02 5.3818402100e+02 5.3820697021e+02 5.3822198486e+02 5.3821502686e+02 5.3819799805e+02 5.3819000244e+02 5.3819299316e+02 5.3819097900e+02 5.3818798828e+02 5.3818902588e+02 5.3819299316e+02 5.3820202637e+02 5.3820697021e+02 5.3820098877e+02 5.3820001221e+02 5.3820300293e+02 5.3821502686e+02 5.3821801758e+02 5.3820697021e+02 5.3819897461e+02 5.3820202637e+02 5.3819702148e+02 5.3817999268e+02 5.3817297363e+02 5.3816198730e+02 5.3814099121e+02 5.3818298340e+02 5.3821398926e+02 5.3826397705e+02 5.3831201172e+02 5.3837500000e+02 5.3843499756e+02 5.3850799561e+02 5.3858099365e+02 5.3874700928e+02
5.3820898438e+02 5.3818798828e+02 5.3817401123e+02 5.3818597412e+02 5.3818798828e+02 5.3817602539e+02 5.3817700195e+02 5.3819299316e+02 5.3819702148e+02 5.3819396973e+02 5.3818298340e+02 5.3818798828e+02 5.3820697021e+02 5.3821600342e+02 5.3821502686e+02 5.3820397949e+02 5.3819799805e+02 5.3819598389e+02 5.3819097900e+02 5.3818798828e+02 5.3819097900e+02 5.3819799805e+02 5.3820397949e+02 5.3820501709e+02 5.3820098877e+02 5.3819097900e+02 5.3818902588e+02 5.3820001221e+02 5.3821600342e+02 5.3820202637e+02 5.3818902588e+02 5.3819396973e+02 5.3819702148e+02 5.3818200684e+02 5.3817498779e+02 5.3816802979e+02 5.3816198730e+02 5.3819000244e+02 5.3821502686e+02 5.3826702881e+02 5.3831799316e+02 5.3836901855e+02 5.3841699219e+02 5.3849700928e+02 5.3858502197e+02 5.3874200439e+02
5.3820001221e+02 5.3818701172e+02 5.3820202637e+02 5.3820202637e+02 5.3819396973e+02 5.3818200684e+02 5.3819000244e+02 5.3819897461e+02 5.3820001221e+02 5.3820501709e+02 5.3819799805e+02 5.3819000244e+02 5.3820001221e+02 5.3820599365e+02 5.3820599365e+02 5.3821301270e+02 5.3821099854e+02 5.3820300293e+02 5.3819201660e+02 5.3819299316e+02 5.3819396973e+02 5.3820001221e+02 5.3820501709e+02 5.3820599365e+02 5.3820001221e+02 5.3818701172e+02 5.3818597412e+02 5.3819396973e+02 5.3821301270e+02 5.3819799805e+02 5.3818103027e+02 5.3818798828e+02 5.3819500732e+02 5.3818701172e+02 5.3818298340e+02 5.3817401123e+02 5.3816101074e+02 5.3818200684e+02 5.3821997070e+02 5.3827899170e+02 5.3832202148e+02 5.3836102295e+02 5.3840698242e+02 5.3848901367e+02 5.3855999756e+02 5.3871398926e+02
5.3820397949e+02 5.3820397949e+02 5.3821099854e+02 5.3820599365e+02 5.3819500732e+02 5.3819500732e+02 5.3820202637e+02 5.3819598389e+02 5.3819702148e+02 5.3821197510e+02 5.3820202637e+02 5.3819000244e+02 5.3819500732e+02 5.3820001221e+02 5.3820300293e+02 5.3821502686e+02 5.3822399902e+02 5.3821697998e+02 5.3820098877e+02 5.3819500732e+02 5.3819201660e+02 5.3819702148e+02 5.3820397949e+02 5.3820800781e+02 5.3820501709e+02 5.3819500732e+02 5.3819396973e+02 5.3819897461e+02 5.3821002197e+02 5.3819000244e+02 5.3817700195e+02 5.3818597412e+02 5.3818902588e+02 5.3818499756e+02 5.3818298340e+02 5.3817102051e+02 5.3814801025e+02 5.3816400146e+02 5.3821398926e+02 5.3827697754e+02 5.3831500244e+02 5.3836602783e+02 5.3841998291e+02 5.3849798584e+02 5.3855499268e+02 5.3871502686e+02
5.3820697021e+02 5.3821197510e+02 5.3821301270e+02 5.3819897461e+02 5.3819097900e+02 5.3820599365e+02 5.3821697998e+02 5.3820397949e+02 5.3820098877e+02 5.3820898438e+02 5.3820202637e+02 5.3819000244e+02 5.3819897461e+02 5.3819897461e+02 5.3820001221e+02 5.3821502686e+02 5.3823101807e+02 5.3822601318e+02 5.3820898438e+02 5.3819500732e+02 5.3818902588e+02 5.3819000244e+02 5.3819799805e+02 5.3820697021e+02 5.3821197510e+02 5.3820898438e+02 5.3820697021e+02 5.3820697021e+02 5.3820202637e+02 5.3819897461e+02 5.3819598389e+02 5.3819598389e+02 5.3818798828e+02 5.3818200684e+02 5.3818298340e+02 5.3817102051e+02 5.3814202881e+02 5.3816198730e+02 5.3820697021e+02 5.3826000977e+02 5.3828698730e+02 5.3835797119e+02 5.3842199707e+02 5.3849401855e+02 5.3856402588e+02 5.3873498535e+02
5.3821099854e+02 5.3821899414e+02 5.3821301270e+02 5.3819500732e+02 5.3819396973e+02 5.3821301270e+02 5.3823199463e+02 5.3821197510e+02 5.3819598389e+02 5.3819799805e+02 5.3819396973e+02 5.3818701172e+02 5.3819299316e+02 5.3819897461e+02 5.3820202637e+02 5.3821197510e+02 5.3822497559e+02 5.3822497559e+02 5.3821197510e+02 5.3819500732e+02 5.3818499756e+02 5.3818298340e+02 5.3818902588e+02 5.3820001221e+02 5.3820898438e+02 5.3821099854e+02 5.3820697021e+02 5.3820397949e+02 5.3820397949e+02 5.3820898438e+02 5.3820898438e+02 5.3820202637e+02 5.3819299316e+02 5.3818798828e+02 5.3818402100e+02 5.3817102051e+02 5.3815600586e+02 5.3816900635e+02 5.3818798828e+02 5.3823901367e+02 5.3829400635e+02 5.3835498047e+02 5.3840997314e+02 5.3846697998e+02 5.3855902100e+02 5.3871997070e+02
5.3822497559e+02 5.3822601318e+02 5.3820599365e+02 5.3819396973e+02 5.3819702148e+02 5.3821301270e+02 5.3822399902e+02 5.3821398926e+02 5.3819299316e+02 5.3818499756e+02 5.3817797852e+02 5.3817797852e+02 5.3818597412e+02 5.3819897461e+02 5.3820501709e+02 5.3820599365e+02 5.3821099854e+02 5.3821301270e+02 5.3820599365e+02 5.3819702148e+02 5.3818499756e+02 5.3818103027e+02 5.3818298340e+02 5.3819396973e+02 5.3820697021e+02 5.3821099854e+02 5.3820800781e+02 5.3820001221e+02 5.3820202637e+02 5.3820898438e+02 5.3820800781e+02 5.3820098877e+02 5.3819201660e+02 5.3819201660e+02 5.3818200684e+02 5.3816400146e+02 5.3815399170e+02 5.3816699219e+02 5.3817602539e+02 5.3821502686e+02 5.3826098633e+02 5.3833502197e+02 5.3841802979e+02 5.3848999023e+02 5.3859497070e+02 5.3871398926e+02
5.3823498535e+02 5.3822302246e+02 5.3819702148e+02 5.3819201660e+02 5.3819702148e+02 5.3820501709e+02 5.3821002197e+02 5.3820397949e+02 5.3819396973e+02 5.3818701172e+02 5.3817901611e+02 5.3817901611e+02 5.3818902588e+02 5.3819799805e+02 5.3820397949e+02 5.3820202637e+02 5.3820397949e+02 5.3820800781e+02 5.3820697021e+02 5.3820001221e+02 5.3819000244e+02 5.3818499756e+02 5.3818402100e+02 5.3819097900e+02 5.3820300293e+02 5.3820898438e+02 5.3820501709e+02 5.3819500732e+02 5.3819598389e+02 5.3820300293e+02 5.3820300293e+02 5.3819702148e+02 5.3818597412e+02 5.3818902588e+02 5.3817797852e+02 5.3815600586e+02 5.3814898682e+02 5.3817102051e+02 5.3817999268e+02 5.3820397949e+02 5.3823901367e+02 5.3839202881e+02 5.3848199463e+02 5.3852398682e+02 5.3863397217e+02 5.3872198486e+02
