TESTSERVER/0/14.asc
NCOLS 100
NROWS 100
XLLCORNER 7.4997500000e+03
YLLCORNER 2.8925025000e+05
CELLSIZE 5.0000000000e-01
NODATA_VALUE -9.9990000000e+03
[rows 80 to 99 of 100, columns 46 to 91 of 100]
5.3960699463e+02 5.3958599854e+02 5.3957299805e+02 5.3961901855e+02 5.3965399170e+02 5.3963299561e+02 5.3963000488e+02 5.3959399414e+02 5.3957897949e+02 5.3957299805e+02 5.3957299805e+02 5.3957000732e+02 5.3958599854e+02 5.3958898926e+02 5.3958300781e+02 5.3960101318e+02 5.3960400391e+02 5.3960900879e+02 5.3961999512e+02 5.3960699463e+02 5.3960302734e+02 5.3960400391e+02 5.3960900879e+02 5.3959899902e+02 5.3959899902e+02 5.3961499023e+02 5.3961700439e+02 5.3975402832e+02 5.4002301025e+02 5.4023901367e+02 5.4038299561e+02 5.4083697510e+02 5.4134197998e+02 5.4162902832e+02 5.4171002197e+02 5.4173999023e+02 5.4175799561e+02 5.4177301025e+02 5.4180798340e+02 5.4183599854e+02 5.4188098145e+02 5.4193402100e+02 5.4197399902e+02 5.4201800537e+02 5.4208001709e+02 5.4213000488e+02
5.3957202148e+02 5.3958001709e+02 5.3960400391e+02 5.3962500000e+02 5.3965399170e+02 5.3962402344e+02 5.3961199951e+02 5.3958300781e+02 5.3956896973e+02 5.3957000732e+02 5.3957299805e+02 5.3957098389e+02 5.3959301758e+02 5.3959100342e+02 5.3957897949e+02 5.3959698486e+02 5.3959899902e+02 5.3959600830e+02 5.3960699463e+02 5.3959497070e+02 5.3958502197e+02 5.3958697510e+02 5.3960302734e+02 5.3960601807e+02 5.3959802246e+02 5.3960699463e+02 5.3962799072e+02 5.3964697266e+02 5.3981298828e+02 5.4005700684e+02 5.4026800537e+02 5.4068499756e+02 5.4123699951e+02 5.4160101318e+02 5.4166900635e+02 5.4170599365e+02 5.4175097656e+02 5.4179101563e+02 5.4179901123e+02 5.4179699707e+02 5.4183300781e+02 5.4190197754e+02 5.4199401855e+02 5.4208801270e+02 5.4215399170e+02 5.4217401123e+02
5.3961102295e+02 5.3960601807e+02 5.3959301758e+02 5.3961401367e+02 5.3964300537e+02 5.3960699463e+02 5.3957000732e+02 5.3955902100e+02 5.3956298828e+02 5.3957299805e+02 5.3957098389e+02 5.3957702637e+02 5.3960101318e+02 5.3959002686e+02 5.3959301758e+02 5.3960302734e+02 5.3960101318e+02 5.3959899902e+02 5.3959997559e+02 5.3960302734e+02 5.3959497070e+02 5.3959399414e+02 5.3959802246e+02 5.3960400391e+02 5.3959497070e+02 5.3959399414e+02 5.3963500977e+02 5.3962298584e+02 5.3971697998e+02 5.3996099854e+02 5.4027001953e+02 5.4065698242e+02 5.4116101074e+02 5.4154602051e+02 5.4165002441e+02 5.4167797852e+02 5.4172998047e+02 5.4177398682e+02 5.4177899170e+02 5.4177197266e+02 5.4180999756e+02 5.4188897705e+02 5.4200598145e+02 5.4212902832e+02 5.4220098877e+02 5.4221099854e+02
5.3945501709e+02 5.3934399414e+02 5.3928601074e+02 5.3931097412e+02 5.3936199951e+02 5.3938598633e+02 5.3943200684e+02 5.3949798584e+02 5.3955999756e+02 5.3958801270e+02 5.3958001709e+02 5.3960797119e+02 5.3963098145e+02 5.3959497070e+02 5.3959497070e+02 5.3959100342e+02 5.3958697510e+02 5.3958599854e+02 5.3958300781e+02 5.3959600830e+02 5.3959399414e+02 5.3958300781e+02 5.3957702637e+02 5.3959100342e+02 5.3958801270e+02 5.3959002686e+02 5.3962200928e+02 5.3962500000e+02 5.3969097900e+02 5.3992498779e+02 5.4030297852e+02 5.4064501953e+02 5.4104901123e+02 5.4143499756e+02 5.4161700439e+02 5.4165502930e+02 5.4171002197e+02 5.4175299072e+02 5.4176000977e+02 5.4175799561e+02 5.4179400635e+02 5.4187298584e+02 5.4198699951e+02 5.4211700439e+02 5.4219500732e+02 5.4220599365e+02
5.3889898682e+02 5.3886999512e+02 5.3892401123e+02 5.3897998047e+02 5.3906799316e+02 5.3916497803e+02 5.3931500244e+02 5.3940899658e+02 5.3951202393e+02 5.3956500244e+02 5.3958599854e+02 5.3964001465e+02 5.3965100098e+02 5.3959399414e+02 5.3958099365e+02 5.3958599854e+02 5.3958801270e+02 5.3958697510e+02 5.3958099365e+02 5.3959301758e+02 5.3959100342e+02 5.3957702637e+02 5.3956896973e+02 5.3959802246e+02 5.3959899902e+02 5.3959802246e+02 5.3960900879e+02 5.3961199951e+02 5.3966802979e+02 5.3987701416e+02 5.4022497559e+02 5.4055499268e+02 5.4091601563e+02 5.4130603027e+02 5.4156597900e+02 5.4162097168e+02 5.4167901611e+02 5.4171697998e+02 5.4173101807e+02 5.4175299072e+02 5.4178997803e+02 5.4184997559e+02 5.4193298340e+02 5.4202697754e+02 5.4209399414e+02 5.4212097168e+02
5.3880798340e+02 5.3884197998e+02 5.3888897705e+02 5.3895599365e+02 5.3906201172e+02 5.3914099121e+02 5.3925201416e+02 5.3933502197e+02 5.3944097900e+02 5.3952301025e+02 5.3957897949e+02 5.3961297607e+02 5.3962200928e+02 5.3957702637e+02 5.3958001709e+02 5.3958697510e+02 5.3958300781e+02 5.3958502197e+02 5.3958697510e+02 5.3959399414e+02 5.3958697510e+02 5.3957702637e+02 5.3957800293e+02 5.3959100342e+02 5.3959399414e+02 5.3959600830e+02 5.3961401367e+02 5.3960101318e+02 5.3963201904e+02 5.3978802490e+02 5.4009600830e+02 5.4042199707e+02 5.4081402588e+02 5.4121301270e+02 5.4150097656e+02 5.4159497070e+02 5.4165698242e+02 5.4169201660e+02 5.4170800781e+02 5.4173297119e+02 5.4177001953e+02 5.4181500244e+02 5.4187200928e+02 5.4193798828e+02 5.4198602295e+02 5.4201397705e+02
5.3879901123e+02 5.3883300781e+02 5.3887097168e+02 5.3891802979e+02 5.3901000977e+02 5.3907299805e+02 5.3917999268e+02 5.3926702881e+02 5.3938098145e+02 5.3947698975e+02 5.3955200195e+02 5.3958697510e+02 5.3961901855e+02 5.3959100342e+02 5.3957202148e+02 5.3957501221e+02 5.3957397461e+02 5.3958099365e+02 5.3958502197e+02 5.3959002686e+02 5.3958197021e+02 5.3958197021e+02 5.3959197998e+02 5.3959100342e+02 5.3959100342e+02 5.3958898926e+02 5.3961499023e+02 5.3961199951e+02 5.3962200928e+02 5.3972198486e+02 5.3999298096e+02 5.4033300781e+02 5.4072302246e+02 5.4111602783e+02 5.4142797852e+02 5.4155902100e+02 5.4163800049e+02 5.4167700195e+02 5.4168701172e+02 5.4170697021e+02 5.4173901367e+02 5.4177697754e+02 5.4182202148e+02 5.4187701416e+02 5.4191601563e+02 5.4194000244e+02
5.3878698730e+02 5.3882000732e+02 5.3886499023e+02 5.3890899658e+02 5.3898602295e+02 5.3904101563e+02 5.3914099121e+02 5.3923699951e+02 5.3934997559e+02 5.3943902588e+02 5.3950299072e+02 5.3953399658e+02 5.3960699463e+02 5.3960900879e+02 5.3955603027e+02 5.3956097412e+02 5.3956799316e+02 5.3957397461e+02 5.3957800293e+02 5.3958001709e+02 5.3956597900e+02 5.3957202148e+02 5.3958398438e+02 5.3958398438e+02 5.3958898926e+02 5.3958398438e+02 5.3961102295e+02 5.3961102295e+02 5.3961102295e+02 5.3968402100e+02 5.3994598389e+02 5.4031097412e+02 5.4069000244e+02 5.4105999756e+02 5.4135998535e+02 5.4151397705e+02 5.4160900879e+02 5.4165399170e+02 5.4166101074e+02 5.4167901611e+02 5.4171002197e+02 5.4174298096e+02 5.4178002930e+02 5.4182501221e+02 5.4185601807e+02 5.4187597656e+02
5.3877899170e+02 5.3880999756e+02 5.3885498047e+02 5.3890100098e+02 5.3896997070e+02 5.3902801514e+02 5.3911102295e+02 5.3919702148e+02 5.3930798340e+02 5.3939001465e+02 5.3943798828e+02 5.3946398926e+02 5.3957299805e+02 5.3961297607e+02 5.3952697754e+02 5.3954400635e+02 5.3954602051e+02 5.3954901123e+02 5.3956799316e+02 5.3957397461e+02 5.3957501221e+02 5.3958502197e+02 5.3958697510e+02 5.3956896973e+02 5.3957098389e+02 5.3958398438e+02 5.3960302734e+02 5.3960101318e+02 5.3960498047e+02 5.3968499756e+02 5.3999597168e+02 5.4035400391e+02 5.4068402100e+02 5.4100299072e+02 5.4132098389e+02 5.4147698975e+02 5.4156597900e+02 5.4160699463e+02 5.4162097168e+02 5.4164801025e+02 5.4168298340e+02 5.4171600342e+02 5.4175201416e+02 5.4177398682e+02 5.4179699707e+02 5.4181402588e+02
5.3877801514e+02 5.3878997803e+02 5.3884802246e+02 5.3889599609e+02 5.3896197510e+02 5.3901202393e+02 5.3909002686e+02 5.3916302490e+02 5.3925299072e+02 5.3932800293e+02 5.3939599609e+02 5.3940997314e+02 5.3948699951e+02 5.3955798340e+02 5.3952899170e+02 5.3954400635e+02 5.3954400635e+02 5.3954498291e+02 5.3955603027e+02 5.3955603027e+02 5.3956298828e+02 5.3957897949e+02 5.3958001709e+02 5.3957501221e+02 5.3957897949e+02 5.3959301758e+02 5.3959899902e+02 5.3959802246e+02 5.3959802246e+02 5.3967102051e+02 5.3997802734e+02 5.4033801270e+02 5.4061199951e+02 5.4090698242e+02 5.4126000977e+02 5.4144299316e+02 5.4150097656e+02 5.4151098633e+02 5.4154498291e+02 5.4159997559e+02 5.4163897705e+02 5.4167401123e+02 5.4169702148e+02 5.4171398926e+02 5.4173498535e+02 5.4175701904e+02
5.3878002930e+02 5.3878802490e+02 5.3884002686e+02 5.3888201904e+02 5.3895098877e+02 5.3900500488e+02 5.3908697510e+02 5.3916302490e+02 5.3922998047e+02 5.3927099609e+02 5.3932501221e+02 5.3935101318e+02 5.3944299316e+02 5.3954901123e+02 5.3953698730e+02 5.3953198242e+02 5.3953802490e+02 5.3954302979e+02 5.3955499268e+02 5.3956701660e+02 5.3957000732e+02 5.3957702637e+02 5.3956896973e+02 5.3958300781e+02 5.3958898926e+02 5.3959100342e+02 5.3960101318e+02 5.3959899902e+02 5.3959399414e+02 5.3965502930e+02 5.3994396973e+02 5.4027001953e+02 5.4049798584e+02 5.4076702881e+02 5.4114300537e+02 5.4135699463e+02 5.4141699219e+02 5.4141699219e+02 5.4146600342e+02 5.4154199219e+02 5.4158300781e+02 5.4161700439e+02 5.4163800049e+02 5.4165502930e+02 5.4167797852e+02 5.4170202637e+02
5.3877398682e+02 5.3878198242e+02 5.3882897949e+02 5.3885998535e+02 5.3893597412e+02 5.3899700928e+02 5.3906298828e+02 5.3909899902e+02 5.3918701172e+02 5.3924102783e+02 5.3929797363e+02 5.3934100342e+02 5.3942700195e+02 5.3953302002e+02 5.3952899170e+02 5.3951397705e+02 5.3953002930e+02 5.3953900146e+02 5.3954400635e+02 5.3956201172e+02 5.3957000732e+02 5.3957702637e+02 5.3957501221e+02 5.3957702637e+02 5.3957897949e+02 5.3958197021e+02 5.3959802246e+02 5.3960302734e+02 5.3959600830e+02 5.3963598633e+02 5.3988702393e+02 5.4018298340e+02 5.4037200928e+02 5.4060498047e+02 5.4099200439e+02 5.4126702881e+02 5.4135101318e+02 5.4135302734e+02 5.4140197754e+02 5.4148400879e+02 5.4152600098e+02 5.4155999756e+02 5.4157800293e+02 5.4159600830e+02 5.4162097168e+02 5.4164697266e+02
5.3878698730e+02 5.3876800537e+02 5.3883599854e+02 5.3884197998e+02 5.3891900635e+02 5.3901202393e+02 5.3920800781e+02 5.3917102051e+02 5.3927801514e+02 5.3939001465e+02 5.3947802734e+02 5.3943902588e+02 5.3945098877e+02 5.3949798584e+02 5.3952197266e+02 5.3951098633e+02 5.3951800537e+02 5.3952001953e+02 5.3953900146e+02 5.3953497314e+02 5.3954498291e+02 5.3955102539e+02 5.3955499268e+02 5.3956896973e+02 5.3956500244e+02 5.3956701660e+02 5.3957501221e+02 5.3959301758e+02 5.3959301758e+02 5.3960900879e+02 5.3980798340e+02 5.4012402344e+02 5.4027398682e+02 5.4044897461e+02 5.4081298828e+02 5.4122698975e+02 5.4133599854e+02 5.4133197021e+02 5.4137402344e+02 5.4143499756e+02 5.4147998047e+02 5.4150897217e+02 5.4151800537e+02 5.4153601074e+02 5.4155700684e+02 5.4158398438e+02
5.3878399658e+02 5.3875299072e+02 5.3878900146e+02 5.3891998291e+02 5.3930999756e+02 5.3952001953e+02 5.3952001953e+02 5.3947302246e+02 5.3949499512e+02 5.3951202393e+02 5.3950598145e+02 5.3946301270e+02 5.3947100830e+02 5.3952001953e+02 5.3953399658e+02 5.3948101807e+02 5.3951000977e+02 5.3952001953e+02 5.3952398682e+02 5.3952099609e+02 5.3952301025e+02 5.3952600098e+02 5.3953100586e+02 5.3955603027e+02 5.3955499268e+02 5.3955499268e+02 5.3957397461e+02 5.3960101318e+02 5.3961297607e+02 5.3960400391e+02 5.3971002197e+02 5.4005401611e+02 5.4023101807e+02 5.4037097168e+02 5.4069396973e+02 5.4110302734e+02 5.4125500488e+02 5.4128100586e+02 5.4132800293e+02 5.4139300537e+02 5.4144396973e+02 5.4146801758e+02 5.4146997070e+02 5.4147802734e+02 5.4149200439e+02 5.4151898193e+02
5.3879699707e+02 5.3876501465e+02 5.3878601074e+02 5.3894702148e+02 5.3943798828e+02 5.3964599609e+02 5.3954302979e+02 5.3950701904e+02 5.3950598145e+02 5.3949700928e+02 5.3949102783e+02 5.3946600342e+02 5.3946600342e+02 5.3950598145e+02 5.3954199219e+02 5.3945202637e+02 5.3949200439e+02 5.3950402832e+02 5.3950402832e+02 5.3951702881e+02 5.3952398682e+02 5.3952600098e+02 5.3952899170e+02 5.3956298828e+02 5.3956402588e+02 5.3956201172e+02 5.3957897949e+02 5.3959600830e+02 5.3961297607e+02 5.3960101318e+02 5.3964398193e+02 5.3997302246e+02 5.4020098877e+02 5.4030499268e+02 5.4048199463e+02 5.4086199951e+02 5.4112097168e+02 5.4123101807e+02 5.4128399658e+02 5.4135797119e+02 5.4140600586e+02 5.4142901611e+02 5.4143298340e+02 5.4143701172e+02 5.4145202637e+02 5.4147998047e+02
5.3880798340e+02 5.3876202393e+02 5.3878601074e+02 5.3880499268e+02 5.3925201416e+02 5.3956500244e+02 5.3951599121e+02 5.3950299072e+02 5.3950701904e+02 5.3950000000e+02 5.3948498535e+02 5.3946502686e+02 5.3946099854e+02 5.3949499512e+02 5.3957397461e+02 5.3947100830e+02 5.3948999023e+02 5.3949597168e+02 5.3949902344e+02 5.3950500488e+02 5.3951599121e+02 5.3952600098e+02 5.3952801514e+02 5.3955798340e+02 5.3955798340e+02 5.3955499268e+02 5.3957702637e+02 5.3959197998e+02 5.3960498047e+02 5.3959698486e+02 5.3961297607e+02 5.3988702393e+02 5.4014099121e+02 5.4024902344e+02 5.4032202148e+02 5.4072802734e+02 5.4105700684e+02 5.4120300293e+02 5.4124200439e+02 5.4131701660e+02 5.4136199951e+02 5.4138598633e+02 5.4140100098e+02 5.4140997314e+02 5.4142901611e+02 5.4146002197e+02
5.3882202148e+02 5.3878900146e+02 5.3877502441e+02 5.3885302734e+02 5.3924200439e+02 5.3956201172e+02 5.3954602051e+02 5.3951800537e+02 5.3950598145e+02 5.3950097656e+02 5.3949902344e+02 5.3947802734e+02 5.3947100830e+02 5.3949597168e+02 5.3954901123e+02 5.3952099609e+02 5.3949798584e+02 5.3948901367e+02 5.3948901367e+02 5.3949298096e+02 5.3950097656e+02 5.3951898193e+02 5.3951898193e+02 5.3953601074e+02 5.3953900146e+02 5.3954302979e+02 5.3955798340e+02 5.3958697510e+02 5.3959997559e+02 5.3960400391e+02 5.3961199951e+02 5.3977301025e+02 5.4002001953e+02 5.4018402100e+02 5.4022601318e+02 5.4057501221e+02 5.4094299316e+02 5.4113897705e+02 5.4118499756e+02 5.4125201416e+02 5.4130297852e+02 5.4133197021e+02 5.4135601807e+02 5.4139697266e+02 5.4142797852e+02 5.4145697021e+02
5.3879901123e+02 5.3879199219e+02 5.3878997803e+02 5.3889898682e+02 5.3926702881e+02 5.3958197021e+02 5.3957598877e+02 5.3952697754e+02 5.3950799561e+02 5.3949798584e+02 5.3950201416e+02 5.3948297119e+02 5.3947302246e+02 5.3949200439e+02 5.3955200195e+02 5.3954998779e+02 5.3950701904e+02 5.3948699951e+02 5.3949597168e+02 5.3950402832e+02 5.3949902344e+02 5.3951098633e+02 5.3951098633e+02 5.3952001953e+02 5.3952697754e+02 5.3954302979e+02 5.3956500244e+02 5.3957397461e+02 5.3958697510e+02 5.3960400391e+02 5.3960302734e+02 5.3967901611e+02 5.3992602539e+02 5.4015301514e+02 5.4018902588e+02 5.4046099854e+02 5.4084197998e+02 5.4108502197e+02 5.4113800049e+02 5.4117700195e+02 5.4121997070e+02 5.4123901367e+02 5.4128002930e+02 5.4134802246e+02 5.4140502930e+02 5.4145001221e+02
5.3877502441e+02 5.3877099609e+02 5.3878100586e+02 5.3884399414e+02 5.3915997314e+02 5.3948999023e+02 5.3957501221e+02 5.3954400635e+02 5.3952697754e+02 5.3951098633e+02 5.3950701904e+02 5.3950500488e+02 5.3950799561e+02 5.3952899170e+02 5.3959301758e+02 5.3959497070e+02 5.3952502441e+02 5.3948602295e+02 5.3949499512e+02 5.3950701904e+02 5.3949700928e+02 5.3950897217e+02 5.3952801514e+02 5.3952899170e+02 5.3952697754e+02 5.3953698730e+02 5.3956097412e+02 5.3957299805e+02 5.3958502197e+02 5.3959497070e+02 5.3959002686e+02 5.3962298584e+02 5.3986700439e+02 5.4015100098e+02 5.4024700928e+02 5.4041198730e+02 5.4073400879e+02 5.4101000977e+02 5.4109197998e+02 5.4112402344e+02 5.4114801025e+02 5.4115600586e+02 5.4119598389e+02 5.4127197266e+02 5.4134802246e+02 5.4141998291e+02
5.3877099609e+02 5.3877502441e+02 5.3878302002e+02 5.3877899170e+02 5.3898699951e+02 5.3927697754e+02 5.3946899414e+02 5.3949298096e+02 5.3950402832e+02 5.3950598145e+02 5.3950500488e+02 5.3952801514e+02 5.3955200195e+02 5.3957598877e+02 5.3962902832e+02 5.3962097168e+02 5.3953100586e+02 5.3948199463e+02 5.3948498535e+02 5.3950000000e+02 5.3950000000e+02 5.3951098633e+02 5.3953002930e+02 5.3953100586e+02 5.3953302002e+02 5.3954199219e+02 5.3955700684e+02 5.3956298828e+02 5.3956896973e+02 5.3957501221e+02 5.3959197998e+02 5.3960101318e+02 5.3980999756e+02 5.4012097168e+02 5.4029901123e+02 5.4038897705e+02 5.4065002441e+02 5.4093499756e+02 5.4102600098e+02 5.4105297852e+02 5.4107000732e+02 5.4108502197e+02 5.4113897705e+02 5.4122998047e+02 5.4132702637e+02 5.4142199707e+02
