TESTSERVER/0/16.asc
NCOLS 100
NROWS 100
XLLCORNER 7.4997500000e+03
YLLCORNER 2.8915025000e+05
CELLSIZE 5.0000000000e-01
NODATA_VALUE -9.9990000000e+03
[rows 40 to 59 of 100, columns 46 to 91 of 100]
5.3822497559e+02 5.3820800781e+02 5.3819598389e+02 5.3822698975e+02 5.3823400879e+02 5.3821197510e+02 5.3818200684e+02 5.3818200684e+02 5.3818103027e+02 5.3817999268e+02 5.3819299316e+02 5.3819396973e+02 5.3820001221e+02 5.3820001221e+02 5.3819000244e+02 5.3819299316e+02 5.3819201660e+02 5.3818402100e+02 5.3818701172e+02 5.3817199707e+02 5.3815197754e+02 5.3816601563e+02 5.3821801758e+02 5.3830499268e+02 5.3831799316e+02 5.3830603027e+02 5.3831701660e+02 5.3849102783e+02 5.3889202881e+02 5.3903002930e+02 5.3903002930e+02 5.3909997559e+02 5.3914599609e+02 5.3917901611e+02 5.3920697021e+02 5.3921997070e+02 5.3922802734e+02 5.3924597168e+02 5.3926800537e+02 5.3934399414e+02 5.3935198975e+02 5.3937597656e+02 5.3939801025e+02 5.3947497559e+02 5.3951000977e+02 5.3956097412e+02
5.3822802734e+02 5.3821099854e+02 5.3820397949e+02 5.3823297119e+02 5.3822601318e+02 5.3819702148e+02 5.3817901611e+02 5.3818200684e+02 5.3816900635e+02 5.3816198730e+02 5.3817797852e+02 5.3818701172e+02 5.3819702148e+02 5.3819799805e+02 5.3819299316e+02 5.3820202637e+02 5.3819598389e+02 5.3818902588e+02 5.3819702148e+02 5.3816302490e+02 5.3813201904e+02 5.3814398193e+02 5.3818499756e+02 5.3823699951e+02 5.3828601074e+02 5.3830200195e+02 5.3828497314e+02 5.3852899170e+02 5.3891900635e+02 5.3899597168e+02 5.3899798584e+02 5.3905499268e+02 5.3910400391e+02 5.3915301514e+02 5.3919000244e+02 5.3922198486e+02 5.3921899414e+02 5.3924298096e+02 5.3927197266e+02 5.3933801270e+02 5.3934600830e+02 5.3937701416e+02 5.3940600586e+02 5.3946002197e+02 5.3949902344e+02 5.3953802490e+02
5.3822399902e+02 5.3821099854e+02 5.3821099854e+02 5.3823101807e+02 5.3821600342e+02 5.3819000244e+02 5.3819000244e+02 5.3820098877e+02 5.3817999268e+02 5.3816802979e+02 5.3817999268e+02 5.3818701172e+02 5.3819897461e+02 5.3820098877e+02 5.3819000244e+02 5.3819598389e+02 5.3819396973e+02 5.3819500732e+02 5.3821301270e+02 5.3818298340e+02 5.3814697266e+02 5.3814099121e+02 5.3815802002e+02 5.3817901611e+02 5.3824499512e+02 5.3830999756e+02 5.3832098389e+02 5.3865698242e+02 5.3898999023e+02 5.3896997070e+02 5.3897900391e+02 5.3904199219e+02 5.3908300781e+02 5.3913897705e+02 5.3918701172e+02 5.3922100830e+02 5.3921997070e+02 5.3923498535e+02 5.3925897217e+02 5.3931201172e+02 5.3934301758e+02 5.3937799072e+02 5.3938800049e+02 5.3942199707e+02 5.3948199463e+02 5.3954199219e+02
5.3821002197e+02 5.3820300293e+02 5.3821099854e+02 5.3822601318e+02 5.3820898438e+02 5.3818902588e+02 5.3820501709e+02 5.3822198486e+02 5.3819897461e+02 5.3818200684e+02 5.3818798828e+02 5.3819396973e+02 5.3820397949e+02 5.3820599365e+02 5.3819201660e+02 5.3819396973e+02 5.3819799805e+02 5.3820001221e+02 5.3821600342e+02 5.3820300293e+02 5.3817297363e+02 5.3815002441e+02 5.3814300537e+02 5.3816101074e+02 5.3821600342e+02 5.3828900146e+02 5.3830700684e+02 5.3859497070e+02 5.3895098877e+02 5.3897399902e+02 5.3898699951e+02 5.3905297852e+02 5.3908502197e+02 5.3912902832e+02 5.3917999268e+02 5.3921002197e+02 5.3922601318e+02 5.3924597168e+02 5.3927099609e+02 5.3930200195e+02 5.3933300781e+02 5.3937200928e+02 5.3937597656e+02 5.3940197754e+02 5.3947198486e+02 5.3954602051e+02
5.3819201660e+02 5.3819201660e+02 5.3820697021e+02 5.3821899414e+02 5.3820300293e+02 5.3819097900e+02 5.3821398926e+02 5.3822399902e+02 5.3820397949e+02 5.3818902588e+02 5.3820397949e+02 5.3820202637e+02 5.3820501709e+02 5.3820599365e+02 5.3819799805e+02 5.3820501709e+02 5.3820800781e+02 5.3820001221e+02 5.3818402100e+02 5.3819000244e+02 5.3818402100e+02 5.3816802979e+02 5.3815197754e+02 5.3815301514e+02 5.3819000244e+02 5.3826202393e+02 5.3830102539e+02 5.3844702148e+02 5.3883001709e+02 5.3897100830e+02 5.3900000000e+02 5.3905102539e+02 5.3909002686e+02 5.3913397217e+02 5.3919299316e+02 5.3921398926e+02 5.3923901367e+02 5.3927099609e+02 5.3927301025e+02 5.3929498291e+02 5.3930999756e+02 5.3934899902e+02 5.3938000488e+02 5.3942297363e+02 5.3948999023e+02 5.3956298828e+02
5.3818499756e+02 5.3818701172e+02 5.3820397949e+02 5.3821099854e+02 5.3819897461e+02 5.3819000244e+02 5.3820501709e+02 5.3821002197e+02 5.3819799805e+02 5.3819201660e+02 5.3820202637e+02 5.3819702148e+02 5.3819396973e+02 5.3819598389e+02 5.3819897461e+02 5.3820697021e+02 5.3820599365e+02 5.3819702148e+02 5.3818103027e+02 5.3819299316e+02 5.3820202637e+02 5.3819000244e+02 5.3816198730e+02 5.3815899658e+02 5.3819396973e+02 5.3826501465e+02 5.3826898193e+02 5.3846502686e+02 5.3889398193e+02 5.3898498535e+02 5.3899499512e+02 5.3906298828e+02 5.3908898926e+02 5.3913098145e+02 5.3917498779e+02 5.3921197510e+02 5.3923101807e+02 5.3926000977e+02 5.3926300049e+02 5.3928900146e+02 5.3930798340e+02 5.3934600830e+02 5.3935900879e+02 5.3941198730e+02 5.3948699951e+02 5.3956799316e+02
5.3819598389e+02 5.3819396973e+02 5.3820098877e+02 5.3820397949e+02 5.3819897461e+02 5.3819396973e+02 5.3820001221e+02 5.3820300293e+02 5.3819799805e+02 5.3819799805e+02 5.3820697021e+02 5.3820098877e+02 5.3819702148e+02 5.3819897461e+02 5.3819897461e+02 5.3820098877e+02 5.3820300293e+02 5.3820300293e+02 5.3819500732e+02 5.3820697021e+02 5.3821398926e+02 5.3819702148e+02 5.3816802979e+02 5.3816198730e+02 5.3819097900e+02 5.3825897217e+02 5.3826098633e+02 5.3847698975e+02 5.3890002441e+02 5.3897802734e+02 5.3900097656e+02 5.3906701660e+02 5.3907397461e+02 5.3912902832e+02 5.3917999268e+02 5.3921301270e+02 5.3921600342e+02 5.3924700928e+02 5.3928002930e+02 5.3929498291e+02 5.3934399414e+02 5.3945397949e+02 5.3944201660e+02 5.3942401123e+02 5.3948199463e+02 5.3956298828e+02
5.3821398926e+02 5.3820098877e+02 5.3819799805e+02 5.3820001221e+02 5.3820098877e+02 5.3820098877e+02 5.3820300293e+02 5.3820501709e+02 5.3820599365e+02 5.3820697021e+02 5.3820898438e+02 5.3820098877e+02 5.3819897461e+02 5.3820300293e+02 5.3820202637e+02 5.3820001221e+02 5.3820599365e+02 5.3821197510e+02 5.3820397949e+02 5.3820697021e+02 5.3820599365e+02 5.3818402100e+02 5.3815100098e+02 5.3814599609e+02 5.3817297363e+02 5.3824597168e+02 5.3825799561e+02 5.3849597168e+02 5.3889001465e+02 5.3897100830e+02 5.3900799561e+02 5.3906799316e+02 5.3907501221e+02 5.3914398193e+02 5.3920300293e+02 5.3922399902e+02 5.3921997070e+02 5.3926202393e+02 5.3932000732e+02 5.3935900879e+02 5.3943499756e+02 5.3959100342e+02 5.3955200195e+02 5.3944396973e+02 5.3946398926e+02 5.3953900146e+02
5.3822302246e+02 5.3820001221e+02 5.3819396973e+02 5.3820098877e+02 5.3820501709e+02 5.3820599365e+02 5.3819897461e+02 5.3820599365e+02 5.3820800781e+02 5.3820800781e+02 5.3820001221e+02 5.3819097900e+02 5.3819396973e+02 5.3820202637e+02 5.3821197510e+02 5.3821197510e+02 5.3821801758e+02 5.3821801758e+02 5.3820001221e+02 5.3819702148e+02 5.3819500732e+02 5.3817498779e+02 5.3815301514e+02 5.3815502930e+02 5.3817700195e+02 5.3823797607e+02 5.3826501465e+02 5.3859497070e+02 5.3893499756e+02 5.3898400879e+02 5.3901898193e+02 5.3906402588e+02 5.3907299805e+02 5.3911901855e+02 5.3918200684e+02 5.3920599365e+02 5.3920599365e+02 5.3924401855e+02 5.3934698486e+02 5.3948199463e+02 5.3952301025e+02 5.3952600098e+02 5.3945202637e+02 5.3942297363e+02 5.3944799805e+02 5.3951501465e+02
5.3822497559e+02 5.3820501709e+02 5.3820397949e+02 5.3820898438e+02 5.3821301270e+02 5.3821002197e+02 5.3820300293e+02 5.3820300293e+02 5.3820397949e+02 5.3820300293e+02 5.3819897461e+02 5.3819598389e+02 5.3819799805e+02 5.3820001221e+02 5.3820300293e+02 5.3821099854e+02 5.3821801758e+02 5.3821301270e+02 5.3819598389e+02 5.3820898438e+02 5.3820898438e+02 5.3818701172e+02 5.3816497803e+02 5.3815100098e+02 5.3816900635e+02 5.3823699951e+02 5.3826202393e+02 5.3858502197e+02 5.3895098877e+02 5.3896398926e+02 5.3897698975e+02 5.3905798340e+02 5.3909399414e+02 5.3911700439e+02 5.3915301514e+02 5.3916497803e+02 5.3916802979e+02 5.3920898438e+02 5.3935198975e+02 5.3957000732e+02 5.3961700439e+02 5.3954602051e+02 5.3944396973e+02 5.3940997314e+02 5.3943298340e+02 5.3948797607e+02
5.3821801758e+02 5.3820300293e+02 5.3820501709e+02 5.3821099854e+02 5.3821600342e+02 5.3821502686e+02 5.3821099854e+02 5.3821002197e+02 5.3821002197e+02 5.3820599365e+02 5.3820098877e+02 5.3820397949e+02 5.3820501709e+02 5.3820001221e+02 5.3819598389e+02 5.3820697021e+02 5.3821398926e+02 5.3820697021e+02 5.3819299316e+02 5.3820599365e+02 5.3820001221e+02 5.3817700195e+02 5.3815802002e+02 5.3814501953e+02 5.3816699219e+02 5.3823101807e+02 5.3826000977e+02 5.3859197998e+02 5.3894897461e+02 5.3894799805e+02 5.3896197510e+02 5.3904797363e+02 5.3909497070e+02 5.3911199951e+02 5.3911700439e+02 5.3913702393e+02 5.3915899658e+02 5.3919396973e+02 5.3929400635e+02 5.3948999023e+02 5.3955700684e+02 5.3951501465e+02 5.3944396973e+02 5.3941699219e+02 5.3943701172e+02 5.3948797607e+02
5.3820098877e+02 5.3819201660e+02 5.3819897461e+02 5.3821002197e+02 5.3821899414e+02 5.3822100830e+02 5.3821801758e+02 5.3821697998e+02 5.3821697998e+02 5.3821099854e+02 5.3820300293e+02 5.3820898438e+02 5.3821099854e+02 5.3820397949e+02 5.3819702148e+02 5.3820501709e+02 5.3820501709e+02 5.3819500732e+02 5.3818402100e+02 5.3818798828e+02 5.3817700195e+02 5.3815600586e+02 5.3814697266e+02 5.3815301514e+02 5.3819000244e+02 5.3824700928e+02 5.3825299072e+02 5.3858502197e+02 5.3893798828e+02 5.3894897461e+02 5.3897698975e+02 5.3903802490e+02 5.3908001709e+02 5.3911700439e+02 5.3912298584e+02 5.3913299561e+02 5.3915197754e+02 5.3917700195e+02 5.3922998047e+02 5.3934899902e+02 5.3940600586e+02 5.3940899658e+02 5.3940002441e+02 5.3940502930e+02 5.3943597412e+02 5.3949298096e+02
5.3818200684e+02 5.3818200684e+02 5.3820599365e+02 5.3821502686e+02 5.3822399902e+02 5.3822698975e+02 5.3822900391e+02 5.3822198486e+02 5.3821997070e+02 5.3821301270e+02 5.3820098877e+02 5.3820501709e+02 5.3821002197e+02 5.3820599365e+02 5.3820001221e+02 5.3819799805e+02 5.3818798828e+02 5.3817602539e+02 5.3817199707e+02 5.3817498779e+02 5.3816302490e+02 5.3814898682e+02 5.3815197754e+02 5.3815899658e+02 5.3820800781e+02 5.3826000977e+02 5.3825897217e+02 5.3860198975e+02 5.3893798828e+02 5.3896197510e+02 5.3901898193e+02 5.3903698730e+02 5.3907202148e+02 5.3913098145e+02 5.3916900635e+02 5.3914898682e+02 5.3914099121e+02 5.3915997314e+02 5.3919598389e+02 5.3926501465e+02 5.3932098389e+02 5.3934899902e+02 5.3935302734e+02 5.3938000488e+02 5.3945098877e+02 5.3954699707e+02
5.3817700195e+02 5.3818499756e+02 5.3820397949e+02 5.3821600342e+02 5.3821997070e+02 5.3821997070e+02 5.3822100830e+02 5.3821997070e+02 5.3821697998e+02 5.3821301270e+02 5.3820599365e+02 5.3820501709e+02 5.3820599365e+02 5.3820001221e+02 5.3819201660e+02 5.3818597412e+02 5.3817901611e+02 5.3817797852e+02 5.3817797852e+02 5.3818298340e+02 5.3817297363e+02 5.3815600586e+02 5.3815197754e+02 5.3815698242e+02 5.3819000244e+02 5.3824499512e+02 5.3827001953e+02 5.3866400146e+02 5.3897802734e+02 5.3893798828e+02 5.3898901367e+02 5.3902801514e+02 5.3905603027e+02 5.3913299561e+02 5.3925598145e+02 5.3923602295e+02 5.3916302490e+02 5.3915802002e+02 5.3920800781e+02 5.3923797607e+02 5.3927899170e+02 5.3932000732e+02 5.3935998535e+02 5.3939898682e+02 5.3951202393e+02 5.3964001465e+02
5.3818499756e+02 5.3818902588e+02 5.3820098877e+02 5.3821099854e+02 5.3821301270e+02 5.3821197510e+02 5.3821002197e+02 5.3821002197e+02 5.3821002197e+02 5.3821002197e+02 5.3820898438e+02 5.3821197510e+02 5.3821197510e+02 5.3820300293e+02 5.3819201660e+02 5.3818597412e+02 5.3818298340e+02 5.3818597412e+02 5.3818701172e+02 5.3819702148e+02 5.3819097900e+02 5.3817102051e+02 5.3816497803e+02 5.3820001221e+02 5.3821801758e+02 5.3824902344e+02 5.3826000977e+02 5.3864599609e+02 5.3898999023e+02 5.3895001221e+02 5.3897601318e+02 5.3902502441e+02 5.3905499268e+02 5.3910601807e+02 5.3922601318e+02 5.3922998047e+02 5.3916900635e+02 5.3915002441e+02 5.3918597412e+02 5.3921301270e+02 5.3926702881e+02 5.3930700684e+02 5.3935198975e+02 5.3940997314e+02 5.3953399658e+02 5.3967199707e+02
5.3820202637e+02 5.3819897461e+02 5.3819702148e+02 5.3820001221e+02 5.3820098877e+02 5.3820098877e+02 5.3819897461e+02 5.3820098877e+02 5.3820501709e+02 5.3820800781e+02 5.3820898438e+02 5.3821398926e+02 5.3821502686e+02 5.3821002197e+02 5.3820300293e+02 5.3820001221e+02 5.3819702148e+02 5.3819396973e+02 5.3818798828e+02 5.3820202637e+02 5.3819799805e+02 5.3817999268e+02 5.3818200684e+02 5.3824298096e+02 5.3825402832e+02 5.3825799561e+02 5.3823400879e+02 5.3858398438e+02 5.3895202637e+02 5.3895697021e+02 5.3899298096e+02 5.3903399658e+02 5.3905902100e+02 5.3907098389e+02 5.3913397217e+02 5.3916400146e+02 5.3916400146e+02 5.3916101074e+02 5.3918798828e+02 5.3924401855e+02 5.3928900146e+02 5.3930297852e+02 5.3933801270e+02 5.3939501953e+02 5.3946697998e+02 5.3956896973e+02
5.3821697998e+02 5.3820697021e+02 5.3818902588e+02 5.3818597412e+02 5.3818597412e+02 5.3818701172e+02 5.3818798828e+02 5.3819897461e+02 5.3820501709e+02 5.3820800781e+02 5.3820501709e+02 5.3820202637e+02 5.3820098877e+02 5.3820397949e+02 5.3821502686e+02 5.3821801758e+02 5.3821197510e+02 5.3819897461e+02 5.3818902588e+02 5.3818402100e+02 5.3817602539e+02 5.3816900635e+02 5.3818701172e+02 5.3824200439e+02 5.3824102783e+02 5.3823699951e+02 5.3821099854e+02 5.3862799072e+02 5.3895098877e+02 5.3896600342e+02 5.3905902100e+02 5.3906701660e+02 5.3906896973e+02 5.3907501221e+02 5.3912902832e+02 5.3913897705e+02 5.3915399170e+02 5.3916900635e+02 5.3919299316e+02 5.3926098633e+02 5.3929302979e+02 5.3931597900e+02 5.3935400391e+02 5.3940802002e+02 5.3945397949e+02 5.3952502441e+02
5.3821801758e+02 5.3820001221e+02 5.3818499756e+02 5.3818499756e+02 5.3818597412e+02 5.3818902588e+02 5.3819299316e+02 5.3819702148e+02 5.3820300293e+02 5.3821002197e+02 5.3820898438e+02 5.3820001221e+02 5.3819097900e+02 5.3819598389e+02 5.3821502686e+02 5.3821301270e+02 5.3820202637e+02 5.3819201660e+02 5.3818200684e+02 5.3817297363e+02 5.3816198730e+02 5.3815502930e+02 5.3817797852e+02 5.3826501465e+02 5.3823999023e+02 5.3820001221e+02 5.3819299316e+02 5.3866601563e+02 5.3898602295e+02 5.3895697021e+02 5.3904199219e+02 5.3905603027e+02 5.3906500244e+02 5.3908697510e+02 5.3914599609e+02 5.3914599609e+02 5.3915502930e+02 5.3917901611e+02 5.3921697998e+02 5.3928002930e+02 5.3931402588e+02 5.3933502197e+02 5.3936297607e+02 5.3939801025e+02 5.3943298340e+02 5.3949102783e+02
5.3821801758e+02 5.3820001221e+02 5.3818597412e+02 5.3819000244e+02 5.3819299316e+02 5.3819799805e+02 5.3819799805e+02 5.3819299316e+02 5.3820001221e+02 5.3821099854e+02 5.3821697998e+02 5.3820300293e+02 5.3819097900e+02 5.3819299316e+02 5.3820800781e+02 5.3819799805e+02 5.3819000244e+02 5.3819000244e+02 5.3819702148e+02 5.3819500732e+02 5.3817999268e+02 5.3816497803e+02 5.3817102051e+02 5.3826098633e+02 5.3822100830e+02 5.3816101074e+02 5.3818798828e+02 5.3866400146e+02 5.3897302246e+02 5.3895697021e+02 5.3902099609e+02 5.3902197266e+02 5.3906097412e+02 5.3911499023e+02 5.3916302490e+02 5.3915301514e+02 5.3916601563e+02 5.3920300293e+02 5.3926300049e+02 5.3934197998e+02 5.3936102295e+02 5.3935302734e+02 5.3937298584e+02 5.3939099121e+02 5.3942199707e+02 5.3947497559e+02
5.3822100830e+02 5.3820300293e+02 5.3818902588e+02 5.3819500732e+02 5.3819799805e+02 5.3820300293e+02 5.3820202637e+02 5.3819097900e+02 5.3819702148e+02 5.3821099854e+02 5.3822302246e+02 5.3821002197e+02 5.3819598389e+02 5.3819500732e+02 5.3820202637e+02 5.3818402100e+02 5.3818103027e+02 5.3819299316e+02 5.3821801758e+02 5.3822698975e+02 5.3821099854e+02 5.3818701172e+02 5.3817999268e+02 5.3826898193e+02 5.3822802734e+02 5.3816302490e+02 5.3818499756e+02 5.3865399170e+02 5.3898297119e+02 5.3897698975e+02 5.3902600098e+02 5.3901599121e+02 5.3904602051e+02 5.3909899902e+02 5.3913397217e+02 5.3913598633e+02 5.3916802979e+02 5.3922198486e+02 5.3928198242e+02 5.3934600830e+02 5.3936297607e+02 5.3935601807e+02 5.3939801025e+02 5.3943798828e+02 5.3947802734e+02 5.3951800537e+02
