TESTSERVER/0/17.asc
NCOLS 100
NROWS 100
XLLCORNER 7.4997500000e+03
YLLCORNER 2.8910025000e+05
CELLSIZE 5.0000000000e-01
NODATA_VALUE -9.9990000000e+03
[rows 40 to 59 of 100, columns 46 to 91 of 100]
5.3820697021e+02 5.3819799805e+02 5.3820898438e+02 5.3820397949e+02 5.3819299316e+02 5.3818701172e+02 5.3820001221e+02 5.3820697021e+02 5.3820697021e+02 5.3820397949e+02 5.3820697021e+02 5.3821600342e+02 5.3821301270e+02 5.3820599365e+02 5.3819897461e+02 5.3820300293e+02 5.3820898438e+02 5.3821398926e+02 5.3821398926e+02 5.3821301270e+02 5.3821197510e+02 5.3821002197e+02 5.3820599365e+02 5.3820300293e+02 5.3820202637e+02 5.3820098877e+02 5.3820501709e+02 5.3820800781e+02 5.3820697021e+02 5.3820599365e+02 5.3820300293e+02 5.3820599365e+02 5.3819598389e+02 5.3818597412e+02 5.3817102051e+02 5.3814300537e+02 5.3814501953e+02 5.3819799805e+02 5.3832202148e+02 5.3839398193e+02 5.3843298340e+02 5.3854602051e+02 5.3863098145e+02 5.3863098145e+02 5.3869702148e+02 5.3877301025e+02
5.3819897461e+02 5.3819500732e+02 5.3821197510e+02 5.3821600342e+02 5.3820397949e+02 5.3819500732e+02 5.3819897461e+02 5.3820202637e+02 5.3820098877e+02 5.3819897461e+02 5.3820300293e+02 5.3820800781e+02 5.3820697021e+02 5.3820397949e+02 5.3820300293e+02 5.3820697021e+02 5.3821099854e+02 5.3821502686e+02 5.3821197510e+02 5.3820898438e+02 5.3820800781e+02 5.3820800781e+02 5.3820599365e+02 5.3820300293e+02 5.3820202637e+02 5.3820300293e+02 5.3820501709e+02 5.3820697021e+02 5.3820599365e+02 5.3820501709e+02 5.3820202637e+02 5.3819897461e+02 5.3819396973e+02 5.3818701172e+02 5.3817498779e+02 5.3814398193e+02 5.3813702393e+02 5.3818298340e+02 5.3828997803e+02 5.3838897705e+02 5.3843200684e+02 5.3851800537e+02 5.3858599854e+02 5.3861602783e+02 5.3866497803e+02 5.3871600342e+02
5.3819000244e+02 5.3818902588e+02 5.3821002197e+02 5.3821398926e+02 5.3820300293e+02 5.3819598389e+02 5.3819702148e+02 5.3819598389e+02 5.3819598389e+02 5.3819598389e+02 5.3819897461e+02 5.3820397949e+02 5.3820697021e+02 5.3820697021e+02 5.3820501709e+02 5.3820599365e+02 5.3821002197e+02 5.3821301270e+02 5.3821002197e+02 5.3820697021e+02 5.3820599365e+02 5.3820599365e+02 5.3820300293e+02 5.3820098877e+02 5.3820098877e+02 5.3820202637e+02 5.3820397949e+02 5.3820599365e+02 5.3820599365e+02 5.3820501709e+02 5.3820300293e+02 5.3820300293e+02 5.3820001221e+02 5.3819396973e+02 5.3818402100e+02 5.3815100098e+02 5.3813397217e+02 5.3816699219e+02 5.3826202393e+02 5.3836199951e+02 5.3841198730e+02 5.3848297119e+02 5.3856298828e+02 5.3862597656e+02 5.3863702393e+02 5.3866198730e+02
5.3818402100e+02 5.3818902588e+02 5.3820697021e+02 5.3820397949e+02 5.3819396973e+02 5.3818902588e+02 5.3819299316e+02 5.3819299316e+02 5.3819201660e+02 5.3819201660e+02 5.3819598389e+02 5.3820397949e+02 5.3820800781e+02 5.3821002197e+02 5.3820501709e+02 5.3820300293e+02 5.3820599365e+02 5.3820800781e+02 5.3820599365e+02 5.3820397949e+02 5.3820397949e+02 5.3820397949e+02 5.3820098877e+02 5.3819799805e+02 5.3819799805e+02 5.3819897461e+02 5.3820300293e+02 5.3820800781e+02 5.3820697021e+02 5.3820599365e+02 5.3820599365e+02 5.3820898438e+02 5.3820800781e+02 5.3820300293e+02 5.3819799805e+02 5.3816802979e+02 5.3814202881e+02 5.3815997314e+02 5.3824200439e+02 5.3833599854e+02 5.3839697266e+02 5.3844799805e+02 5.3851800537e+02 5.3859899902e+02 5.3863598633e+02 5.3872399902e+02
5.3818701172e+02 5.3819702148e+02 5.3820300293e+02 5.3819201660e+02 5.3818499756e+02 5.3818597412e+02 5.3819598389e+02 5.3819396973e+02 5.3819201660e+02 5.3819000244e+02 5.3819396973e+02 5.3820599365e+02 5.3820800781e+02 5.3820599365e+02 5.3819799805e+02 5.3819897461e+02 5.3819897461e+02 5.3820001221e+02 5.3819799805e+02 5.3820001221e+02 5.3820001221e+02 5.3820001221e+02 5.3819299316e+02 5.3819201660e+02 5.3819299316e+02 5.3819598389e+02 5.3820001221e+02 5.3820501709e+02 5.3820501709e+02 5.3820501709e+02 5.3820800781e+02 5.3821801758e+02 5.3822399902e+02 5.3822399902e+02 5.3822198486e+02 5.3819000244e+02 5.3816198730e+02 5.3816900635e+02 5.3821600342e+02 5.3830499268e+02 5.3837799072e+02 5.3842498779e+02 5.3847198486e+02 5.3858099365e+02 5.3874597168e+02 5.3893103027e+02
5.3819000244e+02 5.3820202637e+02 5.3820300293e+02 5.3819396973e+02 5.3819097900e+02 5.3819299316e+02 5.3819702148e+02 5.3819702148e+02 5.3819097900e+02 5.3819000244e+02 5.3819799805e+02 5.3820599365e+02 5.3820397949e+02 5.3819702148e+02 5.3819097900e+02 5.3819000244e+02 5.3819097900e+02 5.3819396973e+02 5.3819598389e+02 5.3819500732e+02 5.3819598389e+02 5.3819799805e+02 5.3819396973e+02 5.3819000244e+02 5.3819097900e+02 5.3819500732e+02 5.3819897461e+02 5.3820098877e+02 5.3820397949e+02 5.3820697021e+02 5.3821301270e+02 5.3822601318e+02 5.3823699951e+02 5.3824200439e+02 5.3823797607e+02 5.3820800781e+02 5.3817199707e+02 5.3815997314e+02 5.3818798828e+02 5.3827197266e+02 5.3834197998e+02 5.3840502930e+02 5.3849700928e+02 5.3866699219e+02 5.3885797119e+02 5.3901202393e+02
5.3819097900e+02 5.3820098877e+02 5.3820397949e+02 5.3820001221e+02 5.3820001221e+02 5.3820098877e+02 5.3820001221e+02 5.3819500732e+02 5.3818902588e+02 5.3818798828e+02 5.3819799805e+02 5.3820300293e+02 5.3819897461e+02 5.3819097900e+02 5.3818402100e+02 5.3818798828e+02 5.3819097900e+02 5.3819598389e+02 5.3819897461e+02 5.3819598389e+02 5.3819702148e+02 5.3819897461e+02 5.3819702148e+02 5.3819299316e+02 5.3819299316e+02 5.3819500732e+02 5.3819799805e+02 5.3820202637e+02 5.3820599365e+02 5.3820898438e+02 5.3821398926e+02 5.3822497559e+02 5.3823498535e+02 5.3823999023e+02 5.3824499512e+02 5.3822601318e+02 5.3818798828e+02 5.3816101074e+02 5.3816497803e+02 5.3823400879e+02 5.3831097412e+02 5.3840002441e+02 5.3852398682e+02 5.3870697021e+02 5.3889697266e+02 5.3903802490e+02
5.3819000244e+02 5.3819799805e+02 5.3820202637e+02 5.3820397949e+02 5.3820800781e+02 5.3820898438e+02 5.3820300293e+02 5.3819396973e+02 5.3818798828e+02 5.3818597412e+02 5.3819299316e+02 5.3819396973e+02 5.3819000244e+02 5.3818298340e+02 5.3818103027e+02 5.3818798828e+02 5.3819500732e+02 5.3820202637e+02 5.3820599365e+02 5.3820001221e+02 5.3820001221e+02 5.3820202637e+02 5.3820098877e+02 5.3819702148e+02 5.3819598389e+02 5.3819598389e+02 5.3819799805e+02 5.3820202637e+02 5.3820397949e+02 5.3820697021e+02 5.3821002197e+02 5.3821600342e+02 5.3822302246e+02 5.3822698975e+02 5.3823699951e+02 5.3823602295e+02 5.3820501709e+02 5.3817199707e+02 5.3815100098e+02 5.3819598389e+02 5.3827301025e+02 5.3838000488e+02 5.3852899170e+02 5.3870697021e+02 5.3888201904e+02 5.3900598145e+02
5.3818902588e+02 5.3819000244e+02 5.3819299316e+02 5.3820300293e+02 5.3820800781e+02 5.3820898438e+02 5.3820202637e+02 5.3819201660e+02 5.3818499756e+02 5.3818200684e+02 5.3818103027e+02 5.3817999268e+02 5.3817602539e+02 5.3817498779e+02 5.3817797852e+02 5.3819000244e+02 5.3820001221e+02 5.3820898438e+02 5.3821002197e+02 5.3820599365e+02 5.3820397949e+02 5.3820397949e+02 5.3820397949e+02 5.3820202637e+02 5.3819897461e+02 5.3819702148e+02 5.3820501709e+02 5.3820300293e+02 5.3820300293e+02 5.3820300293e+02 5.3820202637e+02 5.3820098877e+02 5.3820098877e+02 5.3820098877e+02 5.3820800781e+02 5.3822497559e+02 5.3821398926e+02 5.3819000244e+02 5.3815802002e+02 5.3818402100e+02 5.3825201416e+02 5.3835198975e+02 5.3848999023e+02 5.3865301514e+02 5.3878997803e+02 5.3889898682e+02
5.3819000244e+02 5.3818298340e+02 5.3818597412e+02 5.3819299316e+02 5.3819500732e+02 5.3819500732e+02 5.3819702148e+02 5.3819500732e+02 5.3819201660e+02 5.3818798828e+02 5.3818200684e+02 5.3817297363e+02 5.3816699219e+02 5.3816497803e+02 5.3817700195e+02 5.3819396973e+02 5.3820300293e+02 5.3820898438e+02 5.3821099854e+02 5.3820697021e+02 5.3820599365e+02 5.3820501709e+02 5.3820397949e+02 5.3820300293e+02 5.3820202637e+02 5.3820300293e+02 5.3820697021e+02 5.3820599365e+02 5.3820397949e+02 5.3820300293e+02 5.3820098877e+02 5.3819201660e+02 5.3818200684e+02 5.3817700195e+02 5.3818798828e+02 5.3820800781e+02 5.3821502686e+02 5.3821502686e+02 5.3819598389e+02 5.3822802734e+02 5.3828900146e+02 5.3836999512e+02 5.3848999023e+02 5.3861901855e+02 5.3872497559e+02 5.3882299805e+02
5.3819396973e+02 5.3818402100e+02 5.3818298340e+02 5.3818798828e+02 5.3818798828e+02 5.3818798828e+02 5.3819299316e+02 5.3820098877e+02 5.3820300293e+02 5.3819897461e+02 5.3818701172e+02 5.3817401123e+02 5.3816601563e+02 5.3816302490e+02 5.3817700195e+02 5.3819702148e+02 5.3820397949e+02 5.3820898438e+02 5.3821002197e+02 5.3820697021e+02 5.3820697021e+02 5.3820599365e+02 5.3820397949e+02 5.3820300293e+02 5.3820397949e+02 5.3820697021e+02 5.3820697021e+02 5.3820202637e+02 5.3820001221e+02 5.3820202637e+02 5.3820300293e+02 5.3819097900e+02 5.3817797852e+02 5.3817102051e+02 5.3817602539e+02 5.3819396973e+02 5.3821002197e+02 5.3822601318e+02 5.3822998047e+02 5.3825897217e+02 5.3831298828e+02 5.3838500977e+02 5.3848999023e+02 5.3859997559e+02 5.3869396973e+02 5.3878100586e+02
5.3819799805e+02 5.3819000244e+02 5.3818597412e+02 5.3818499756e+02 5.3818298340e+02 5.3818298340e+02 5.3819097900e+02 5.3820697021e+02 5.3821502686e+02 5.3821301270e+02 5.3819702148e+02 5.3818103027e+02 5.3817102051e+02 5.3816699219e+02 5.3817999268e+02 5.3819897461e+02 5.3820397949e+02 5.3820697021e+02 5.3820697021e+02 5.3820599365e+02 5.3820599365e+02 5.3820697021e+02 5.3820397949e+02 5.3820202637e+02 5.3820397949e+02 5.3820599365e+02 5.3820599365e+02 5.3819897461e+02 5.3819702148e+02 5.3820001221e+02 5.3820501709e+02 5.3819598389e+02 5.3818402100e+02 5.3817602539e+02 5.3817199707e+02 5.3818200684e+02 5.3820397949e+02 5.3823199463e+02 5.3825598145e+02 5.3828601074e+02 5.3833599854e+02 5.3840002441e+02 5.3848999023e+02 5.3858300781e+02 5.3866497803e+02 5.3874298096e+02
5.3820397949e+02 5.3820098877e+02 5.3819201660e+02 5.3818402100e+02 5.3817999268e+02 5.3817999268e+02 5.3819097900e+02 5.3821002197e+02 5.3822399902e+02 5.3822698975e+02 5.3820898438e+02 5.3819396973e+02 5.3818402100e+02 5.3817901611e+02 5.3818902588e+02 5.3819702148e+02 5.3819897461e+02 5.3819897461e+02 5.3819897461e+02 5.3820501709e+02 5.3820800781e+02 5.3820898438e+02 5.3820001221e+02 5.3819299316e+02 5.3819000244e+02 5.3819299316e+02 5.3817901611e+02 5.3818798828e+02 5.3819396973e+02 5.3820501709e+02 5.3820898438e+02 5.3819396973e+02 5.3818298340e+02 5.3817700195e+02 5.3817199707e+02 5.3817901611e+02 5.3819897461e+02 5.3823101807e+02 5.3827099609e+02 5.3831298828e+02 5.3835900879e+02 5.3841400146e+02 5.3848400879e+02 5.3856799316e+02 5.3863800049e+02 5.3870800781e+02
5.3820397949e+02 5.3820300293e+02 5.3819500732e+02 5.3818701172e+02 5.3817999268e+02 5.3817797852e+02 5.3818798828e+02 5.3820800781e+02 5.3822497559e+02 5.3823400879e+02 5.3821997070e+02 5.3820599365e+02 5.3819799805e+02 5.3819201660e+02 5.3819299316e+02 5.3819396973e+02 5.3819299316e+02 5.3819097900e+02 5.3819097900e+02 5.3819702148e+02 5.3820202637e+02 5.3820599365e+02 5.3819598389e+02 5.3818499756e+02 5.3819097900e+02 5.3820300293e+02 5.3820599365e+02 5.3819598389e+02 5.3819702148e+02 5.3820501709e+02 5.3819897461e+02 5.3818499756e+02 5.3817797852e+02 5.3817602539e+02 5.3817797852e+02 5.3818597412e+02 5.3820397949e+02 5.3823297119e+02 5.3828198242e+02 5.3833300781e+02 5.3837902832e+02 5.3842901611e+02 5.3849102783e+02 5.3856201172e+02 5.3862701416e+02 5.3869299316e+02
5.3820397949e+02 5.3820300293e+02 5.3819598389e+02 5.3818902588e+02 5.3818298340e+02 5.3818103027e+02 5.3818701172e+02 5.3820501709e+02 5.3822399902e+02 5.3823498535e+02 5.3822497559e+02 5.3821099854e+02 5.3820300293e+02 5.3819702148e+02 5.3819702148e+02 5.3819500732e+02 5.3819097900e+02 5.3818798828e+02 5.3818499756e+02 5.3818499756e+02 5.3819201660e+02 5.3819799805e+02 5.3819500732e+02 5.3819702148e+02 5.3821398926e+02 5.3823199463e+02 5.3823400879e+02 5.3820697021e+02 5.3819097900e+02 5.3819097900e+02 5.3819299316e+02 5.3819097900e+02 5.3819000244e+02 5.3819097900e+02 5.3819201660e+02 5.3819702148e+02 5.3821502686e+02 5.3824298096e+02 5.3829199219e+02 5.3834399414e+02 5.3838800049e+02 5.3843701172e+02 5.3849298096e+02 5.3855603027e+02 5.3861700439e+02 5.3867901611e+02
5.3820202637e+02 5.3820098877e+02 5.3819598389e+02 5.3819097900e+02 5.3818701172e+02 5.3818499756e+02 5.3818798828e+02 5.3820501709e+02 5.3822302246e+02 5.3823400879e+02 5.3822497559e+02 5.3821197510e+02 5.3820501709e+02 5.3819799805e+02 5.3819702148e+02 5.3819500732e+02 5.3819000244e+02 5.3818499756e+02 5.3817999268e+02 5.3817797852e+02 5.3818499756e+02 5.3819396973e+02 5.3819598389e+02 5.3820800781e+02 5.3823297119e+02 5.3825299072e+02 5.3825097656e+02 5.3821099854e+02 5.3818402100e+02 5.3817999268e+02 5.3819500732e+02 5.3820800781e+02 5.3821197510e+02 5.3821600342e+02 5.3821197510e+02 5.3821398926e+02 5.3823199463e+02 5.3825897217e+02 5.3830297852e+02 5.3834997559e+02 5.3839202881e+02 5.3843902588e+02 5.3849102783e+02 5.3854699707e+02 5.3860400391e+02 5.3866302490e+02
5.3820202637e+02 5.3820098877e+02 5.3819000244e+02 5.3818902588e+02 5.3819097900e+02 5.3819396973e+02 5.3820001221e+02 5.3820501709e+02 5.3821801758e+02 5.3822497559e+02 5.3821197510e+02 5.3820697021e+02 5.3820202637e+02 5.3819799805e+02 5.3819201660e+02 5.3818798828e+02 5.3818200684e+02 5.3817797852e+02 5.3816998291e+02 5.3817498779e+02 5.3818701172e+02 5.3820098877e+02 5.3821697998e+02 5.3820501709e+02 5.3821697998e+02 5.3823400879e+02 5.3825201416e+02 5.3821899414e+02 5.3819396973e+02 5.3819201660e+02 5.3821502686e+02 5.3823498535e+02 5.3824597168e+02 5.3825299072e+02 5.3827099609e+02 5.3825598145e+02 5.3826599121e+02 5.3828198242e+02 5.3831097412e+02 5.3835498047e+02 5.3839099121e+02 5.3842999268e+02 5.3847302246e+02 5.3853497314e+02 5.3858599854e+02 5.3864001465e+02
5.3819702148e+02 5.3819500732e+02 5.3818798828e+02 5.3818499756e+02 5.3818902588e+02 5.3819702148e+02 5.3820397949e+02 5.3820898438e+02 5.3821600342e+02 5.3821899414e+02 5.3821099854e+02 5.3820202637e+02 5.3819799805e+02 5.3819396973e+02 5.3818499756e+02 5.3817199707e+02 5.3816601563e+02 5.3816601563e+02 5.3816900635e+02 5.3818499756e+02 5.3820898438e+02 5.3822900391e+02 5.3823999023e+02 5.3822900391e+02 5.3821099854e+02 5.3821002197e+02 5.3823199463e+02 5.3820898438e+02 5.3820001221e+02 5.3821099854e+02 5.3824200439e+02 5.3826501465e+02 5.3827697754e+02 5.3828497314e+02 5.3829101563e+02 5.3829400635e+02 5.3829901123e+02 5.3830700684e+02 5.3832897949e+02 5.3836297607e+02 5.3839300537e+02 5.3842498779e+02 5.3846899414e+02 5.3852001953e+02 5.3856597900e+02 5.3861499023e+02
5.3819500732e+02 5.3819299316e+02 5.3819000244e+02 5.3818798828e+02 5.3819000244e+02 5.3819702148e+02 5.3820697021e+02 5.3821398926e+02 5.3821997070e+02 5.3821899414e+02 5.3820898438e+02 5.3820001221e+02 5.3819500732e+02 5.3819000244e+02 5.3817901611e+02 5.3816497803e+02 5.3816101074e+02 5.3816400146e+02 5.3817602539e+02 5.3820599365e+02 5.3823699951e+02 5.3825201416e+02 5.3824700928e+02 5.3822998047e+02 5.3821398926e+02 5.3820898438e+02 5.3822399902e+02 5.3821502686e+02 5.3821899414e+02 5.3823699951e+02 5.3826898193e+02 5.3828698730e+02 5.3829797363e+02 5.3830401611e+02 5.3830603027e+02 5.3830798340e+02 5.3831500244e+02 5.3832501221e+02 5.3834301758e+02 5.3837097168e+02 5.3839801025e+02 5.3842700195e+02 5.3846301270e+02 5.3850598145e+02 5.3854901123e+02 5.3859497070e+02
5.3819500732e+02 5.3819396973e+02 5.3819702148e+02 5.3819299316e+02 5.3819396973e+02 5.3820098877e+02 5.3821099854e+02 5.3821697998e+02 5.3822100830e+02 5.3821801758e+02 5.3820800781e+02 5.3820001221e+02 5.3819299316e+02 5.3818701172e+02 5.3817602539e+02 5.3816302490e+02 5.3816101074e+02 5.3816699219e+02 5.3818701172e+02 5.3822497559e+02 5.3825500488e+02 5.3826300049e+02 5.3823498535e+02 5.3820697021e+02 5.3819799805e+02 5.3820300293e+02 5.3822698975e+02 5.3823199463e+02 5.3824597168e+02 5.3826702881e+02 5.3829199219e+02 5.3830297852e+02 5.3831097412e+02 5.3831597900e+02 5.3831500244e+02 5.3831701660e+02 5.3832702637e+02 5.3833898926e+02 5.3835601807e+02 5.3837597656e+02 5.3840100098e+02 5.3842797852e+02 5.3845800781e+02 5.3849200439e+02 5.3853100586e+02 5.3857397461e+02
