TESTSERVER/0/2.asc
NCOLS 100
NROWS 100
XLLCORNER 7.4997500000e+03
YLLCORNER 2.8985025000e+05
CELLSIZE 5.0000000000e-01
NODATA_VALUE -9.9990000000e+03
[rows 0 to 19 of 100, columns 46 to 91 of 100]
6.2135998535e+02 6.2148797607e+02 6.2166400146e+02 6.2185101318e+02 6.2202301025e+02 6.2209002686e+02 6.2215197754e+02 6.2221301270e+02 6.2230200195e+02 6.2243103027e+02 6.2260797119e+02 6.2281201172e+02 6.2300598145e+02 6.2314801025e+02 6.2325897217e+02 6.2334002686e+02 6.2337402344e+02 6.2339001465e+02 6.2348400879e+02 6.2363598633e+02 6.2381402588e+02 6.2401800537e+02 6.2419000244e+02 6.2435198975e+02 6.2449499512e+02 6.2455102539e+02 6.2456896973e+02 6.2458898926e+02 6.2465802002e+02 6.2475402832e+02 6.2480798340e+02 6.2490197754e+02 6.2507800293e+02 6.2522302246e+02 6.2538098145e+02 6.2556701660e+02 6.2574700928e+02 6.2584698486e+02 6.2595697021e+02 6.2608398438e+02 6.2624102783e+02 6.2638598633e+02 6.2648901367e+02 6.2659698486e+02 6.2672900391e+02 6.2686297607e+02
6.2111102295e+02 6.2124597168e+02 6.2143298340e+02 6.2165802002e+02 6.2187701416e+02 6.2200402832e+02 6.2206799316e+02 6.2210601807e+02 6.2216302490e+02 6.2227197266e+02 6.2242901611e+02 6.2261499023e+02 6.2279602051e+02 6.2293103027e+02 6.2304797363e+02 6.2313397217e+02 6.2316900635e+02 6.2319702148e+02 6.2329302979e+02 6.2344299316e+02 6.2363098145e+02 6.2378802490e+02 6.2396002197e+02 6.2414801025e+02 6.2429797363e+02 6.2433001709e+02 6.2433398438e+02 6.2436700439e+02 6.2450701904e+02 6.2464398193e+02 6.2469799805e+02 6.2477502441e+02 6.2495001221e+02 6.2511700439e+02 6.2525000000e+02 6.2540399170e+02 6.2556701660e+02 6.2568200684e+02 6.2578601074e+02 6.2589599609e+02 6.2604699707e+02 6.2619000244e+02 6.2631402588e+02 6.2643298340e+02 6.2653802490e+02 6.2664599609e+02
6.2084002686e+02 6.2097302246e+02 6.2117700195e+02 6.2143402100e+02 6.2169396973e+02 6.2186901855e+02 6.2195300293e+02 6.2198400879e+02 6.2202899170e+02 6.2212799072e+02 6.2225799561e+02 6.2241101074e+02 6.2256500244e+02 6.2269598389e+02 6.2281500244e+02 6.2290997314e+02 6.2295898438e+02 6.2299401855e+02 6.2308697510e+02 6.2323498535e+02 6.2343597412e+02 6.2359399414e+02 6.2375201416e+02 6.2393103027e+02 6.2407702637e+02 6.2410498047e+02 6.2411999512e+02 6.2418402100e+02 6.2435400391e+02 6.2450598145e+02 6.2458898926e+02 6.2468902588e+02 6.2486602783e+02 6.2501501465e+02 6.2513500977e+02 6.2527099609e+02 6.2541802979e+02 6.2554797363e+02 6.2565802002e+02 6.2575500488e+02 6.2588098145e+02 6.2601898193e+02 6.2614001465e+02 6.2625799561e+02 6.2636297607e+02 6.2644897461e+02
6.2057800293e+02 6.2071301270e+02 6.2092901611e+02 6.2120898438e+02 6.2149902344e+02 6.2169702148e+02 6.2179602051e+02 6.2183300781e+02 6.2188702393e+02 6.2197698975e+02 6.2207702637e+02 6.2219500732e+02 6.2232397461e+02 6.2245098877e+02 6.2257299805e+02 6.2267797852e+02 6.2275097656e+02 6.2279602051e+02 6.2287902832e+02 6.2301300049e+02 6.2321002197e+02 6.2337402344e+02 6.2351599121e+02 6.2368402100e+02 6.2383197021e+02 6.2387298584e+02 6.2392602539e+02 6.2403399658e+02 6.2421600342e+02 6.2436499023e+02 6.2448400879e+02 6.2461901855e+02 6.2479302979e+02 6.2490301514e+02 6.2500097656e+02 6.2512500000e+02 6.2527001953e+02 6.2541802979e+02 6.2553698730e+02 6.2562902832e+02 6.2572802734e+02 6.2584997559e+02 6.2596600342e+02 6.2608197021e+02 6.2619396973e+02 6.2627398682e+02
6.2038598633e+02 6.2051202393e+02 6.2073498535e+02 6.2102600098e+02 6.2135699463e+02 6.2153997803e+02 6.2163897705e+02 6.2168597412e+02 6.2174499512e+02 6.2180700684e+02 6.2188500977e+02 6.2197998047e+02 6.2209002686e+02 6.2220697021e+02 6.2232501221e+02 6.2244396973e+02 6.2255102539e+02 6.2261297607e+02 6.2268499756e+02 6.2279602051e+02 6.2298699951e+02 6.2309301758e+02 6.2320001221e+02 6.2337200928e+02 6.2356500244e+02 6.2362799072e+02 6.2373999023e+02 6.2389697266e+02 6.2407800293e+02 6.2422900391e+02 6.2437298584e+02 6.2452001953e+02 6.2465399170e+02 6.2473400879e+02 6.2481896973e+02 6.2493701172e+02 6.2508300781e+02 6.2523999023e+02 6.2537200928e+02 6.2547698975e+02 6.2557299805e+02 6.2566601563e+02 6.2577801514e+02 6.2590002441e+02 6.2602801514e+02 6.2610797119e+02
6.2024200439e+02 6.2035900879e+02 6.2059100342e+02 6.2089001465e+02 6.2120697021e+02 6.2141101074e+02 6.2151202393e+02 6.2155401611e+02 6.2158502197e+02 6.2163201904e+02 6.2170697021e+02 6.2179901123e+02 6.2189697266e+02 6.2198297119e+02 6.2208801270e+02 6.2221600342e+02 6.2235699463e+02 6.2245898438e+02 6.2252502441e+02 6.2260900879e+02 6.2275799561e+02 6.2282598877e+02 6.2285400391e+02 6.2296197510e+02 6.2319702148e+02 6.2336499023e+02 6.2353997803e+02 6.2373797607e+02 6.2393402100e+02 6.2410900879e+02 6.2425097656e+02 6.2435900879e+02 6.2444598389e+02 6.2452001953e+02 6.2461602783e+02 6.2473602295e+02 6.2486901855e+02 6.2501202393e+02 6.2514202881e+02 6.2525598145e+02 6.2534802246e+02 6.2544000244e+02 6.2555603027e+02 6.2568902588e+02 6.2582501221e+02 6.2592401123e+02
6.2014001465e+02 6.2025598145e+02 6.2048199463e+02 6.2076397705e+02 6.2104901123e+02 6.2125097656e+02 6.2135101318e+02 6.2138897705e+02 6.2141497803e+02 6.2147100830e+02 6.2154602051e+02 6.2163500977e+02 6.2172302246e+02 6.2178002930e+02 6.2186798096e+02 6.2198901367e+02 6.2214099121e+02 6.2227697754e+02 6.2234997559e+02 6.2241699219e+02 6.2252801514e+02 6.2260198975e+02 6.2262701416e+02 6.2270697021e+02 6.2291302490e+02 6.2311798096e+02 6.2332897949e+02 6.2355401611e+02 6.2376898193e+02 6.2395001221e+02 6.2408599854e+02 6.2417102051e+02 6.2422399902e+02 6.2429901123e+02 6.2439801025e+02 6.2451599121e+02 6.2464300537e+02 6.2477099609e+02 6.2489398193e+02 6.2500598145e+02 6.2510797119e+02 6.2521697998e+02 6.2534100342e+02 6.2547900391e+02 6.2562799072e+02 6.2573999023e+02
6.2006201172e+02 6.2019500732e+02 6.2041400146e+02 6.2066998291e+02 6.2090197754e+02 6.2107800293e+02 6.2117102051e+02 6.2120800781e+02 6.2124102783e+02 6.2131097412e+02 6.2138800049e+02 6.2147497559e+02 6.2155700684e+02 6.2158898926e+02 6.2165600586e+02 6.2175897217e+02 6.2189398193e+02 6.2205102539e+02 6.2215502930e+02 6.2223699951e+02 6.2234002686e+02 6.2244500732e+02 6.2249401855e+02 6.2256896973e+02 6.2271997070e+02 6.2290698242e+02 6.2312200928e+02 6.2334802246e+02 6.2356500244e+02 6.2374700928e+02 6.2388299561e+02 6.2396197510e+02 6.2399798584e+02 6.2406799316e+02 6.2416900635e+02 6.2428900146e+02 6.2441400146e+02 6.2453002930e+02 6.2464599609e+02 6.2475799561e+02 6.2487298584e+02 6.2500500488e+02 6.2514099121e+02 6.2528698730e+02 6.2543902588e+02 6.2555700684e+02
6.1999102783e+02 6.2015802002e+02 6.2040301514e+02 6.2065100098e+02 6.2085198975e+02 6.2092401123e+02 6.2100097656e+02 6.2104400635e+02 6.2109002686e+02 6.2114398193e+02 6.2121899414e+02 6.2130102539e+02 6.2134600830e+02 6.2140600586e+02 6.2146801758e+02 6.2154699707e+02 6.2162402344e+02 6.2177801514e+02 6.2194500732e+02 6.2209600830e+02 6.2222802734e+02 6.2230499268e+02 6.2237097168e+02 6.2244299316e+02 6.2254199219e+02 6.2271301270e+02 6.2291302490e+02 6.2311901855e+02 6.2329797363e+02 6.2348699951e+02 6.2363098145e+02 6.2372998047e+02 6.2377600098e+02 6.2383099365e+02 6.2392999268e+02 6.2404998779e+02 6.2417102051e+02 6.2429498291e+02 6.2441101074e+02 6.2452697754e+02 6.2465100098e+02 6.2479199219e+02 6.2492999268e+02 6.2508001709e+02 6.2524798584e+02 6.2539099121e+02
6.1990600586e+02 6.2010498047e+02 6.2037200928e+02 6.2061602783e+02 6.2072802734e+02 6.2078002930e+02 6.2084301758e+02 6.2088397217e+02 6.2091802979e+02 6.2097100830e+02 6.2104199219e+02 6.2111999512e+02 6.2119000244e+02 6.2125500488e+02 6.2132501221e+02 6.2139398193e+02 6.2145001221e+02 6.2155700684e+02 6.2172399902e+02 6.2188897705e+02 6.2200598145e+02 6.2210601807e+02 6.2219097900e+02 6.2227301025e+02 6.2236297607e+02 6.2251300049e+02 6.2270397949e+02 6.2288500977e+02 6.2303900146e+02 6.2320697021e+02 6.2335900879e+02 6.2347497559e+02 6.2353802490e+02 6.2360498047e+02 6.2370501709e+02 6.2382000732e+02 6.2394598389e+02 6.2406896973e+02 6.2418701172e+02 6.2430200195e+02 6.2441601563e+02 6.2454199219e+02 6.2467199707e+02 6.2483599854e+02 6.2504199219e+02 6.2523101807e+02
6.1978002930e+02 6.1999102783e+02 6.2024298096e+02 6.2045697021e+02 6.2055200195e+02 6.2060699463e+02 6.2066400146e+02 6.2070001221e+02 6.2073400879e+02 6.2079101563e+02 6.2086401367e+02 6.2094799805e+02 6.2103601074e+02 6.2111999512e+02 6.2119500732e+02 6.2126300049e+02 6.2131402588e+02 6.2139202881e+02 6.2152600098e+02 6.2166400146e+02 6.2176800537e+02 6.2188098145e+02 6.2198498535e+02 6.2208197021e+02 6.2217901611e+02 6.2233197021e+02 6.2251702881e+02 6.2268200684e+02 6.2281500244e+02 6.2297100830e+02 6.2312902832e+02 6.2325701904e+02 6.2333398438e+02 6.2342797852e+02 6.2353900146e+02 6.2365301514e+02 6.2376501465e+02 6.2388098145e+02 6.2399200439e+02 6.2409899902e+02 6.2419702148e+02 6.2430798340e+02 6.2443701172e+02 6.2460302734e+02 6.2482800293e+02 6.2504199219e+02
6.1963299561e+02 6.1984497070e+02 6.2006799316e+02 6.2024200439e+02 6.2033599854e+02 6.2041198730e+02 6.2046600342e+02 6.2050201416e+02 6.2053802490e+02 6.2059899902e+02 6.2067602539e+02 6.2076599121e+02 6.2087097168e+02 6.2097698975e+02 6.2106298828e+02 6.2113702393e+02 6.2119097900e+02 6.2124798584e+02 6.2134997559e+02 6.2146002197e+02 6.2154602051e+02 6.2165802002e+02 6.2177001953e+02 6.2187902832e+02 6.2199200439e+02 6.2215301514e+02 6.2232800293e+02 6.2248699951e+02 6.2261901855e+02 6.2277398682e+02 6.2294201660e+02 6.2308001709e+02 6.2317797852e+02 6.2331201172e+02 6.2344000244e+02 6.2355200195e+02 6.2364398193e+02 6.2374200439e+02 6.2384002686e+02 6.2393298340e+02 6.2401501465e+02 6.2412200928e+02 6.2424700928e+02 6.2440399170e+02 6.2462097168e+02 6.2484899902e+02
6.1951599121e+02 6.1970397949e+02 6.1988800049e+02 6.2002398682e+02 6.2011901855e+02 6.2019799805e+02 6.2025402832e+02 6.2029101563e+02 6.2030999756e+02 6.2037500000e+02 6.2045098877e+02 6.2054400635e+02 6.2064398193e+02 6.2079498291e+02 6.2090301514e+02 6.2099401855e+02 6.2106896973e+02 6.2110998535e+02 6.2118701172e+02 6.2127600098e+02 6.2135900879e+02 6.2146301270e+02 6.2156799316e+02 6.2167999268e+02 6.2180999756e+02 6.2196997070e+02 6.2211798096e+02 6.2225897217e+02 6.2241601563e+02 6.2260601807e+02 6.2276898193e+02 6.2290698242e+02 6.2307501221e+02 6.2325897217e+02 6.2341400146e+02 6.2352301025e+02 6.2358697510e+02 6.2363598633e+02 6.2371197510e+02 6.2379998779e+02 6.2388897705e+02 6.2399499512e+02 6.2412097168e+02 6.2425701904e+02 6.2445001221e+02 6.2465301514e+02
6.1938299561e+02 6.1956298828e+02 6.1972601318e+02 6.1984899902e+02 6.1992297363e+02 6.1999102783e+02 6.2004699707e+02 6.2008502197e+02 6.2011297607e+02 6.2015899658e+02 6.2022399902e+02 6.2030603027e+02 6.2042401123e+02 6.2056298828e+02 6.2068298340e+02 6.2079101563e+02 6.2087200928e+02 6.2094000244e+02 6.2102600098e+02 6.2112097168e+02 6.2121502686e+02 6.2131201172e+02 6.2139801025e+02 6.2148797607e+02 6.2159899902e+02 6.2172302246e+02 6.2183099365e+02 6.2195202637e+02 6.2213500977e+02 6.2238201904e+02 6.2255401611e+02 6.2270300293e+02 6.2291497803e+02 6.2314801025e+02 6.2333898926e+02 6.2346301270e+02 6.2351501465e+02 6.2354699707e+02 6.2361700439e+02 6.2370898438e+02 6.2379602051e+02 6.2390698242e+02 6.2402600098e+02 6.2415100098e+02 6.2429901123e+02 6.2446099854e+02
6.1923101807e+02 6.1938897705e+02 6.1953002930e+02 6.1963702393e+02 6.1971197510e+02 6.1978802490e+02 6.1984802246e+02 6.1989398193e+02 6.1993597412e+02 6.1997497559e+02 6.2002899170e+02 6.2010302734e+02 6.2020697021e+02 6.2033801270e+02 6.2046002197e+02 6.2057501221e+02 6.2066900635e+02 6.2075598145e+02 6.2085601807e+02 6.2096099854e+02 6.2106097412e+02 6.2116400146e+02 6.2125299072e+02 6.2133300781e+02 6.2141802979e+02 6.2150201416e+02 6.2158801270e+02 6.2170599365e+02 6.2190399170e+02 6.2216601563e+02 6.2235601807e+02 6.2253601074e+02 6.2276599121e+02 6.2300201416e+02 6.2320001221e+02 6.2333898926e+02 6.2341601563e+02 6.2346697998e+02 6.2353302002e+02 6.2360699463e+02 6.2366497803e+02 6.2376300049e+02 6.2387799072e+02 6.2399902344e+02 6.2412402344e+02 6.2426599121e+02
6.1908300781e+02 6.1921002197e+02 6.1932702637e+02 6.1941900635e+02 6.1950299072e+02 6.1959197998e+02 6.1966302490e+02 6.1972497559e+02 6.1978100586e+02 6.1980999756e+02 6.1985302734e+02 6.1991400146e+02 6.2000201416e+02 6.2012097168e+02 6.2023999023e+02 6.2035699463e+02 6.2046398926e+02 6.2056799316e+02 6.2067602539e+02 6.2078802490e+02 6.2089697266e+02 6.2102301025e+02 6.2113000488e+02 6.2122399902e+02 6.2130999756e+02 6.2138598633e+02 6.2146197510e+02 6.2157202148e+02 6.2176000977e+02 6.2199700928e+02 6.2218298340e+02 6.2238897705e+02 6.2263598633e+02 6.2284698486e+02 6.2302899170e+02 6.2316699219e+02 6.2327099609e+02 6.2334197998e+02 6.2340502930e+02 6.2345800781e+02 6.2347900391e+02 6.2356500244e+02 6.2367700195e+02 6.2379498291e+02 6.2391400146e+02 6.2405603027e+02
6.1896301270e+02 6.1905700684e+02 6.1915600586e+02 6.1922900391e+02 6.1926898193e+02 6.1939501953e+02 6.1949102783e+02 6.1958398438e+02 6.1966497803e+02 6.1967700195e+02 6.1970300293e+02 6.1974298096e+02 6.1981402588e+02 6.1991802979e+02 6.2002801514e+02 6.2014300537e+02 6.2026098633e+02 6.2037298584e+02 6.2048797607e+02 6.2060797119e+02 6.2073199463e+02 6.2087097168e+02 6.2100799561e+02 6.2113897705e+02 6.2126300049e+02 6.2134399414e+02 6.2142999268e+02 6.2153802490e+02 6.2170599365e+02 6.2187597656e+02 6.2203302002e+02 6.2224597168e+02 6.2250201416e+02 6.2268798828e+02 6.2284100342e+02 6.2296398926e+02 6.2305700684e+02 6.2312597656e+02 6.2317401123e+02 6.2321099854e+02 6.2323199463e+02 6.2333599854e+02 6.2345397949e+02 6.2357000732e+02 6.2368103027e+02 6.2381701660e+02
6.1888201904e+02 6.1892700195e+02 6.1902398682e+02 6.1911999512e+02 6.1918200684e+02 6.1926202393e+02 6.1936102295e+02 6.1946801758e+02 6.1954699707e+02 6.1955999756e+02 6.1956201172e+02 6.1958898926e+02 6.1965301514e+02 6.1973602295e+02 6.1983197021e+02 6.1994000244e+02 6.2005798340e+02 6.2017498779e+02 6.2030200195e+02 6.2043298340e+02 6.2055401611e+02 6.2069000244e+02 6.2083801270e+02 6.2098999023e+02 6.2114001465e+02 6.2125402832e+02 6.2135198975e+02 6.2145800781e+02 6.2159100342e+02 6.2171398926e+02 6.2185998535e+02 6.2206402588e+02 6.2230102539e+02 6.2247601318e+02 6.2262200928e+02 6.2273699951e+02 6.2281500244e+02 6.2285198975e+02 6.2289202881e+02 6.2293798828e+02 6.2299700928e+02 6.2312097168e+02 6.2324902344e+02 6.2337200928e+02 6.2347302246e+02 6.2357598877e+02
6.1883502197e+02 6.1883398438e+02 6.1891400146e+02 6.1903100586e+02 6.1912701416e+02 6.1919299316e+02 6.1928100586e+02 6.1937200928e+02 6.1942999268e+02 6.1943103027e+02 6.1942498779e+02 6.1944598389e+02 6.1950097656e+02 6.1956701660e+02 6.1965100098e+02 6.1975097656e+02 6.1986499023e+02 6.1998699951e+02 6.2012097168e+02 6.2025402832e+02 6.2037402344e+02 6.2051098633e+02 6.2066497803e+02 6.2082598877e+02 6.2099102783e+02 6.2111999512e+02 6.2122198486e+02 6.2132098389e+02 6.2143298340e+02 6.2153497314e+02 6.2167602539e+02 6.2186700439e+02 6.2207397461e+02 6.2223602295e+02 6.2237402344e+02 6.2248101807e+02 6.2255401611e+02 6.2259197998e+02 6.2264202881e+02 6.2270898438e+02 6.2279901123e+02 6.2292297363e+02 6.2303698730e+02 6.2314599609e+02 6.2324700928e+02 6.2335101318e+02
6.1882702637e+02 6.1878997803e+02 6.1883398438e+02 6.1894299316e+02 6.1906597900e+02 6.1913702393e+02 6.1921301270e+02 6.1928100586e+02 6.1931402588e+02 6.1931201172e+02 6.1930603027e+02 6.1932299805e+02 6.1936297607e+02 6.1941802979e+02 6.1949200439e+02 6.1958398438e+02 6.1969201660e+02 6.1981799316e+02 6.1995300293e+02 6.2008300781e+02 6.2020098877e+02 6.2033502197e+02 6.2048602295e+02 6.2064697266e+02 6.2081701660e+02 6.2095397949e+02 6.2105798340e+02 6.2115197754e+02 6.2124700928e+02 6.2135400391e+02 6.2150097656e+02 6.2167797852e+02 6.2185302734e+02 6.2200201416e+02 6.2212701416e+02 6.2222198486e+02 6.2228497314e+02 6.2233197021e+02 6.2239898682e+02 6.2248901367e+02 6.2260900879e+02 6.2271301270e+02 6.2279498291e+02 6.2288299561e+02 6.2298699951e+02 6.2310699463e+02
