TESTSERVER/0/2.asc
NCOLS 100
NROWS 100
XLLCORNER 7.4997500000e+03
YLLCORNER 2.8985025000e+05
CELLSIZE 5.0000000000e-01
NODATA_VALUE -9.9990000000e+03
[rows 20 to 39 of 100, columns 46 to 91 of 100]
6.1883599854e+02 6.1878198242e+02 6.1877600098e+02 6.1884600830e+02 6.1895898438e+02 6.1904400635e+02 6.1911602783e+02 6.1917498779e+02 6.1919097900e+02 6.1920800781e+02 6.1921502686e+02 6.1922497559e+02 6.1924499512e+02 6.1929400635e+02 6.1936102295e+02 6.1944702148e+02 6.1956298828e+02 6.1968402100e+02 6.1980999756e+02 6.1993200684e+02 6.2004797363e+02 6.2016900635e+02 6.2030902100e+02 6.2045800781e+02 6.2060400391e+02 6.2075701904e+02 6.2087597656e+02 6.2097802734e+02 6.2106402588e+02 6.2117797852e+02 6.2133502197e+02 6.2149798584e+02 6.2166400146e+02 6.2180200195e+02 6.2190802002e+02 6.2197998047e+02 6.2202502441e+02 6.2207501221e+02 6.2215197754e+02 6.2225000000e+02 6.2234100342e+02 6.2243597412e+02 6.2249798584e+02 6.2257702637e+02 6.2268402100e+02 6.2282598877e+02
6.1881701660e+02 6.1879998779e+02 6.1877600098e+02 6.1879302979e+02 6.1886901855e+02 6.1893298340e+02 6.1900598145e+02 6.1907501221e+02 6.1911602783e+02 6.1913098145e+02 6.1913201904e+02 6.1913201904e+02 6.1914801025e+02 6.1919897461e+02 6.1926501465e+02 6.1934802246e+02 6.1945300293e+02 6.1956799316e+02 6.1967700195e+02 6.1978802490e+02 6.1989398193e+02 6.2000701904e+02 6.2013299561e+02 6.2026702881e+02 6.2041400146e+02 6.2056298828e+02 6.2069702148e+02 6.2080999756e+02 6.2089501953e+02 6.2101000977e+02 6.2117401123e+02 6.2133599854e+02 6.2149798584e+02 6.2163397217e+02 6.2171899414e+02 6.2176501465e+02 6.2178198242e+02 6.2182000732e+02 6.2188299561e+02 6.2195697021e+02 6.2203997803e+02 6.2210498047e+02 6.2217797852e+02 6.2227099609e+02 6.2239202881e+02 6.2254302979e+02
6.1879101563e+02 6.1879998779e+02 6.1878802490e+02 6.1878198242e+02 6.1880999756e+02 6.1885498047e+02 6.1891900635e+02 6.1898999023e+02 6.1903802490e+02 6.1904602051e+02 6.1904101563e+02 6.1904199219e+02 6.1906597900e+02 6.1911700439e+02 6.1918103027e+02 6.1925897217e+02 6.1935198975e+02 6.1945001221e+02 6.1954602051e+02 6.1964501953e+02 6.1974200439e+02 6.1984399414e+02 6.1995501709e+02 6.2007800293e+02 6.2022100830e+02 6.2037402344e+02 6.2051000977e+02 6.2062597656e+02 6.2071697998e+02 6.2082897949e+02 6.2098797607e+02 6.2115100098e+02 6.2130902100e+02 6.2143402100e+02 6.2150500488e+02 6.2153802490e+02 6.2154400635e+02 6.2157397461e+02 6.2162402344e+02 6.2168200684e+02 6.2174102783e+02 6.2179302979e+02 6.2186602783e+02 6.2196801758e+02 6.2210601807e+02 6.2227301025e+02
6.1876397705e+02 6.1877099609e+02 6.1878002930e+02 6.1878100586e+02 6.1878302002e+02 6.1880401611e+02 6.1884497070e+02 6.1889801025e+02 6.1893597412e+02 6.1894097900e+02 6.1894396973e+02 6.1895800781e+02 6.1899700928e+02 6.1904901123e+02 6.1910900879e+02 6.1917999268e+02 6.1926202393e+02 6.1934002686e+02 6.1942199707e+02 6.1950500488e+02 6.1959197998e+02 6.1967901611e+02 6.1977600098e+02 6.1988800049e+02 6.2002502441e+02 6.2017901611e+02 6.2031298828e+02 6.2042999268e+02 6.2052600098e+02 6.2062902832e+02 6.2076300049e+02 6.2091302490e+02 6.2107702637e+02 6.2119897461e+02 6.2126898193e+02 6.2129998779e+02 6.2131298828e+02 6.2134301758e+02 6.2138500977e+02 6.2142901611e+02 6.2146398926e+02 6.2150201416e+02 6.2157702637e+02 6.2168798828e+02 6.2184197998e+02 6.2201599121e+02
6.1874798584e+02 6.1873602295e+02 6.1875598145e+02 6.1877697754e+02 6.1877600098e+02 6.1876000977e+02 6.1876501465e+02 6.1878100586e+02 6.1877301025e+02 6.1880102539e+02 6.1882897949e+02 6.1887500000e+02 6.1894097900e+02 6.1899700928e+02 6.1905603027e+02 6.1911401367e+02 6.1917797852e+02 6.1923901367e+02 6.1929797363e+02 6.1935900879e+02 6.1940802002e+02 6.1949902344e+02 6.1958197021e+02 6.1968402100e+02 6.1980499268e+02 6.1997399902e+02 6.2010699463e+02 6.2021899414e+02 6.2030401611e+02 6.2043103027e+02 6.2055200195e+02 6.2068298340e+02 6.2080499268e+02 6.2093298340e+02 6.2100897217e+02 6.2105499268e+02 6.2108502197e+02 6.2113397217e+02 6.2117199707e+02 6.2120202637e+02 6.2121301270e+02 6.2125897217e+02 6.2134301758e+02 6.2146002197e+02 6.2160302734e+02 6.2177899170e+02
6.1873699951e+02 6.1874597168e+02 6.1876397705e+02 6.1878002930e+02 6.1876501465e+02 6.1872698975e+02 6.1871197510e+02 6.1871002197e+02 6.1870898438e+02 6.1872198486e+02 6.1875097656e+02 6.1880200195e+02 6.1887799072e+02 6.1894396973e+02 6.1899902344e+02 6.1904602051e+02 6.1908099365e+02 6.1912097168e+02 6.1916601563e+02 6.1921197510e+02 6.1925598145e+02 6.1931097412e+02 6.1938702393e+02 6.1948400879e+02 6.1960998535e+02 6.1976098633e+02 6.1989099121e+02 6.1999798584e+02 6.2007702637e+02 6.2017102051e+02 6.2028997803e+02 6.2042199707e+02 6.2054602051e+02 6.2066497803e+02 6.2076098633e+02 6.2083398438e+02 6.2088800049e+02 6.2094201660e+02 6.2098101807e+02 6.2101098633e+02 6.2102301025e+02 6.2107202148e+02 6.2116497803e+02 6.2128100586e+02 6.2140502930e+02 6.2154901123e+02
6.1875097656e+02 6.1872698975e+02 6.1873199463e+02 6.1874597168e+02 6.1874597168e+02 6.1872100830e+02 6.1869799805e+02 6.1868499756e+02 6.1867498779e+02 6.1867498779e+02 6.1869598389e+02 6.1873901367e+02 6.1881701660e+02 6.1888201904e+02 6.1892797852e+02 6.1896801758e+02 6.1898699951e+02 6.1901098633e+02 6.1904901123e+02 6.1908697510e+02 6.1911602783e+02 6.1915197754e+02 6.1921899414e+02 6.1930798340e+02 6.1942700195e+02 6.1956799316e+02 6.1969500732e+02 6.1980401611e+02 6.1988598633e+02 6.1995501709e+02 6.2005102539e+02 6.2017102051e+02 6.2031201172e+02 6.2045001221e+02 6.2056402588e+02 6.2065399170e+02 6.2071997070e+02 6.2077502441e+02 6.2081896973e+02 6.2085797119e+02 6.2088000488e+02 6.2093597412e+02 6.2103302002e+02 6.2114801025e+02 6.2126397705e+02 6.2137597656e+02
6.1882897949e+02 6.1873199463e+02 6.1870098877e+02 6.1870202637e+02 6.1871398926e+02 6.1871002197e+02 6.1869000244e+02 6.1867297363e+02 6.1865301514e+02 6.1864599609e+02 6.1865802002e+02 6.1869097900e+02 6.1876000977e+02 6.1881799316e+02 6.1885601807e+02 6.1888702393e+02 6.1889697266e+02 6.1891302490e+02 6.1894396973e+02 6.1897497559e+02 6.1899102783e+02 6.1901397705e+02 6.1907202148e+02 6.1915399170e+02 6.1926501465e+02 6.1939599609e+02 6.1952099609e+02 6.1963702393e+02 6.1974597168e+02 6.1981799316e+02 6.1989099121e+02 6.1999200439e+02 6.2013201904e+02 6.2028198242e+02 6.2040698242e+02 6.2050701904e+02 6.2057598877e+02 6.2063299561e+02 6.2068701172e+02 6.2073797607e+02 6.2078002930e+02 6.2085601807e+02 6.2095800781e+02 6.2106799316e+02 6.2117700195e+02 6.2126202393e+02
6.1905200195e+02 6.1881402588e+02 6.1871697998e+02 6.1868798828e+02 6.1867797852e+02 6.1867602539e+02 6.1866802979e+02 6.1864801025e+02 6.1862200928e+02 6.1862597656e+02 6.1863397217e+02 6.1865698242e+02 6.1870501709e+02 6.1875402832e+02 6.1878601074e+02 6.1880999756e+02 6.1882000732e+02 6.1883001709e+02 6.1885400391e+02 6.1887597656e+02 6.1887402344e+02 6.1888702393e+02 6.1893902588e+02 6.1902099609e+02 6.1913897705e+02 6.1923999023e+02 6.1935198975e+02 6.1948101807e+02 6.1963397217e+02 6.1972302246e+02 6.1978997803e+02 6.1987902832e+02 6.2001300049e+02 6.2014099121e+02 6.2026800537e+02 6.2037500000e+02 6.2045098877e+02 6.2050402832e+02 6.2056896973e+02 6.2064300537e+02 6.2075201416e+02 6.2084301758e+02 6.2095098877e+02 6.2104901123e+02 6.2114599609e+02 6.2119299316e+02
6.1923699951e+02 6.1892498779e+02 6.1876202393e+02 6.1870098877e+02 6.1867999268e+02 6.1866400146e+02 6.1865698242e+02 6.1864300537e+02 6.1861798096e+02 6.1860797119e+02 6.1861199951e+02 6.1862701416e+02 6.1866198730e+02 6.1870300293e+02 6.1873199463e+02 6.1875201416e+02 6.1875799561e+02 6.1876702881e+02 6.1878497314e+02 6.1880200195e+02 6.1880102539e+02 6.1880297852e+02 6.1885900879e+02 6.1894897461e+02 6.1906701660e+02 6.1914697266e+02 6.1921697998e+02 6.1931597900e+02 6.1946398926e+02 6.1957299805e+02 6.1965997314e+02 6.1976397705e+02 6.1987701416e+02 6.1999200439e+02 6.2011401367e+02 6.2022900391e+02 6.2030798340e+02 6.2037097168e+02 6.2045800781e+02 6.2056298828e+02 6.2070599365e+02 6.2086102295e+02 6.2098498535e+02 6.2108099365e+02 6.2114501953e+02 6.2116400146e+02
6.1937298584e+02 6.1901599121e+02 6.1880798340e+02 6.1871801758e+02 6.1868597412e+02 6.1866302490e+02 6.1865197754e+02 6.1864697266e+02 6.1862902832e+02 6.1861102295e+02 6.1860797119e+02 6.1861297607e+02 6.1863397217e+02 6.1866400146e+02 6.1868499756e+02 6.1870001221e+02 6.1870599365e+02 6.1871002197e+02 6.1872198486e+02 6.1873498535e+02 6.1874102783e+02 6.1875299072e+02 6.1880603027e+02 6.1889099121e+02 6.1900598145e+02 6.1907897949e+02 6.1911798096e+02 6.1917199707e+02 6.1927801514e+02 6.1936700439e+02 6.1947399902e+02 6.1961499023e+02 6.1973498535e+02 6.1983398438e+02 6.1995098877e+02 6.2006896973e+02 6.2015502930e+02 6.2023199463e+02 6.2034002686e+02 6.2046600342e+02 6.2063098145e+02 6.2080798340e+02 6.2094201660e+02 6.2103997803e+02 6.2110400391e+02 6.2110998535e+02
6.1943798828e+02 6.1906799316e+02 6.1884301758e+02 6.1873400879e+02 6.1868103027e+02 6.1865399170e+02 6.1864099121e+02 6.1864099121e+02 6.1863299561e+02 6.1861102295e+02 6.1860101318e+02 6.1860101318e+02 6.1861602783e+02 6.1863500977e+02 6.1864898682e+02 6.1865600586e+02 6.1865802002e+02 6.1865698242e+02 6.1866198730e+02 6.1867102051e+02 6.1868298340e+02 6.1870202637e+02 6.1874902344e+02 6.1882598877e+02 6.1893701172e+02 6.1902197266e+02 6.1904302979e+02 6.1905603027e+02 6.1910998535e+02 6.1916601563e+02 6.1927801514e+02 6.1945098877e+02 6.1958801270e+02 6.1967199707e+02 6.1978399658e+02 6.1990100098e+02 6.1999102783e+02 6.2007598877e+02 6.2019799805e+02 6.2034100342e+02 6.2051501465e+02 6.2069799805e+02 6.2083697510e+02 6.2093402100e+02 6.2098999023e+02 6.2098901367e+02
6.1940698242e+02 6.1909997559e+02 6.1888299561e+02 6.1875299072e+02 6.1865301514e+02 6.1863800049e+02 6.1863500977e+02 6.1863397217e+02 6.1861999512e+02 6.1859497070e+02 6.1857800293e+02 6.1857897949e+02 6.1859899902e+02 6.1861499023e+02 6.1861901855e+02 6.1861499023e+02 6.1859399414e+02 6.1858898926e+02 6.1859100342e+02 6.1859997559e+02 6.1861798096e+02 6.1863598633e+02 6.1867199707e+02 6.1873699951e+02 6.1884399414e+02 6.1895800781e+02 6.1898199463e+02 6.1896801758e+02 6.1897900391e+02 6.1900097656e+02 6.1909802246e+02 6.1926800537e+02 6.1941601563e+02 6.1950500488e+02 6.1960998535e+02 6.1971801758e+02 6.1979699707e+02 6.1989501953e+02 6.2002099609e+02 6.2016302490e+02 6.2030999756e+02 6.2050500488e+02 6.2064001465e+02 6.2074401855e+02 6.2080102539e+02 6.2081402588e+02
6.1953497314e+02 6.1922302246e+02 6.1896801758e+02 6.1880297852e+02 6.1867797852e+02 6.1861199951e+02 6.1862200928e+02 6.1863500977e+02 6.1860699463e+02 6.1857897949e+02 6.1855401611e+02 6.1854699707e+02 6.1856799316e+02 6.1858502197e+02 6.1857598877e+02 6.1855401611e+02 6.1852502441e+02 6.1850701904e+02 6.1850701904e+02 6.1851898193e+02 6.1853802490e+02 6.1855200195e+02 6.1855999756e+02 6.1859197998e+02 6.1869000244e+02 6.1884301758e+02 6.1889001465e+02 6.1887200928e+02 6.1885699463e+02 6.1887902832e+02 6.1896697998e+02 6.1911199951e+02 6.1925000000e+02 6.1933001709e+02 6.1941198730e+02 6.1949700928e+02 6.1958599854e+02 6.1969201660e+02 6.1981701660e+02 6.1995300293e+02 6.2011602783e+02 6.2028100586e+02 6.2040502930e+02 6.2050897217e+02 6.2059100342e+02 6.2063098145e+02
6.1968298340e+02 6.1937200928e+02 6.1908898926e+02 6.1889898682e+02 6.1876098633e+02 6.1865100098e+02 6.1864099121e+02 6.1864599609e+02 6.1859997559e+02 6.1857000732e+02 6.1854699707e+02 6.1853802490e+02 6.1854602051e+02 6.1855603027e+02 6.1853497314e+02 6.1850000000e+02 6.1846997070e+02 6.1845501709e+02 6.1844799805e+02 6.1845300293e+02 6.1847198486e+02 6.1849499512e+02 6.1848400879e+02 6.1848400879e+02 6.1855200195e+02 6.1871002197e+02 6.1877801514e+02 6.1876898193e+02 6.1873699951e+02 6.1875299072e+02 6.1883300781e+02 6.1895898438e+02 6.1907299805e+02 6.1913598633e+02 6.1920001221e+02 6.1927099609e+02 6.1936401367e+02 6.1948199463e+02 6.1960998535e+02 6.1974798584e+02 6.1990899658e+02 6.2006799316e+02 6.2018902588e+02 6.2028900146e+02 6.2036901855e+02 6.2043402100e+02
6.1980102539e+02 6.1950097656e+02 6.1922198486e+02 6.1902398682e+02 6.1886602783e+02 6.1871301270e+02 6.1866198730e+02 6.1865002441e+02 6.1859698486e+02 6.1856402588e+02 6.1854602051e+02 6.1853601074e+02 6.1853802490e+02 6.1855297852e+02 6.1853497314e+02 6.1849298096e+02 6.1845098877e+02 6.1842797852e+02 6.1841101074e+02 6.1840399170e+02 6.1841302490e+02 6.1844396973e+02 6.1842700195e+02 6.1840002441e+02 6.1843103027e+02 6.1856799316e+02 6.1864898682e+02 6.1865698242e+02 6.1861999512e+02 6.1862298584e+02 6.1868701172e+02 6.1878997803e+02 6.1888201904e+02 6.1893103027e+02 6.1898297119e+02 6.1904498291e+02 6.1914300537e+02 6.1927197266e+02 6.1940002441e+02 6.1953900146e+02 6.1969396973e+02 6.1984399414e+02 6.1996398926e+02 6.2006298828e+02 6.2014300537e+02 6.2022399902e+02
6.1984100342e+02 6.1959100342e+02 6.1934899902e+02 6.1914501953e+02 6.1894598389e+02 6.1875799561e+02 6.1866998291e+02 6.1863800049e+02 6.1860498047e+02 6.1855999756e+02 6.1853198242e+02 6.1852197266e+02 6.1853002930e+02 6.1857000732e+02 6.1857702637e+02 6.1854797363e+02 6.1849499512e+02 6.1843402100e+02 6.1840100098e+02 6.1837597656e+02 6.1836297607e+02 6.1836602783e+02 6.1835498047e+02 6.1833197021e+02 6.1833099365e+02 6.1842102051e+02 6.1851098633e+02 6.1854998779e+02 6.1852600098e+02 6.1850299072e+02 6.1854400635e+02 6.1861901855e+02 6.1867602539e+02 6.1872302246e+02 6.1877301025e+02 6.1883599854e+02 6.1893103027e+02 6.1906201172e+02 6.1918798828e+02 6.1932299805e+02 6.1946197510e+02 6.1962200928e+02 6.1974102783e+02 6.1983898926e+02 6.1992999268e+02 6.2001702881e+02
6.1986297607e+02 6.1963000488e+02 6.1941699219e+02 6.1922302246e+02 6.1903100586e+02 6.1885101318e+02 6.1875402832e+02 6.1870800781e+02 6.1867498779e+02 6.1859301758e+02 6.1851800537e+02 6.1848699951e+02 6.1850799561e+02 6.1855700684e+02 6.1858697510e+02 6.1857501221e+02 6.1851202393e+02 6.1845098877e+02 6.1840301514e+02 6.1835797119e+02 6.1831896973e+02 6.1829797363e+02 6.1828601074e+02 6.1827398682e+02 6.1824700928e+02 6.1827099609e+02 6.1835699463e+02 6.1842999268e+02 6.1842700195e+02 6.1839001465e+02 6.1840197754e+02 6.1845697021e+02 6.1852197266e+02 6.1857299805e+02 6.1862701416e+02 6.1869097900e+02 6.1877697754e+02 6.1888397217e+02 6.1899298096e+02 6.1910797119e+02 6.1924401855e+02 6.1939202881e+02 6.1950299072e+02 6.1959698486e+02 6.1968701172e+02 6.1979602051e+02
6.1987902832e+02 6.1965197754e+02 6.1944598389e+02 6.1926702881e+02 6.1910498047e+02 6.1897601318e+02 6.1888800049e+02 6.1882800293e+02 6.1878698730e+02 6.1867199707e+02 6.1855200195e+02 6.1847998047e+02 6.1847601318e+02 6.1851599121e+02 6.1855700684e+02 6.1856201172e+02 6.1851501465e+02 6.1845300293e+02 6.1839202881e+02 6.1833599854e+02 6.1828100586e+02 6.1824798584e+02 6.1822900391e+02 6.1821600342e+02 6.1819000244e+02 6.1817700195e+02 6.1822900391e+02 6.1828997803e+02 6.1830401611e+02 6.1827099609e+02 6.1826702881e+02 6.1830297852e+02 6.1838397217e+02 6.1845300293e+02 6.1851098633e+02 6.1857397461e+02 6.1864801025e+02 6.1873199463e+02 6.1882397461e+02 6.1892102051e+02 6.1903601074e+02 6.1915997314e+02 6.1925897217e+02 6.1934698486e+02 6.1942700195e+02 6.1953399658e+02
6.1992602539e+02 6.1968499756e+02 6.1946801758e+02 6.1930102539e+02 6.1917797852e+02 6.1910400391e+02 6.1902697754e+02 6.1894702148e+02 6.1888702393e+02 6.1876300049e+02 6.1860998535e+02 6.1849902344e+02 6.1845300293e+02 6.1847399902e+02 6.1852099609e+02 6.1854302979e+02 6.1850701904e+02 6.1843798828e+02 6.1837402344e+02 6.1831402588e+02 6.1825897217e+02 6.1821600342e+02 6.1819000244e+02 6.1817401123e+02 6.1815899658e+02 6.1814599609e+02 6.1816601563e+02 6.1819201660e+02 6.1819598389e+02 6.1817602539e+02 6.1816699219e+02 6.1818902588e+02 6.1827197266e+02 6.1834301758e+02 6.1840100098e+02 6.1846197510e+02 6.1853002930e+02 6.1859899902e+02 6.1867602539e+02 6.1875598145e+02 6.1884497070e+02 6.1894000244e+02 6.1902502441e+02 6.1910498047e+02 6.1917297363e+02 6.1927001953e+02
