TESTSERVER/0/3.asc
NCOLS 100
NROWS 100
XLLCORNER 7.4997500000e+03
YLLCORNER 2.8980025000e+05
CELLSIZE 5.0000000000e-01
NODATA_VALUE -9.9990000000e+03
[rows 20 to 39 of 100, columns 0 to 45 of 100]
6.1939398193e+02 6.1942102051e+02 6.1948498535e+02 6.1953900146e+02 6.1957098389e+02 6.1955902100e+02 6.1952001953e+02 6.1951202393e+02 6.1950799561e+02 6.1948297119e+02 6.1940899658e+02 6.1935498047e+02 6.1933502197e+02 6.1936901855e+02 6.1946502686e+02 6.1956201172e+02 6.1957702637e+02 6.1955499268e+02 6.1949401855e+02 6.1952697754e+02 6.1955902100e+02 6.1952398682e+02 6.1952197266e+02 6.1960302734e+02 6.1957501221e+02 6.1944897461e+02 6.1929302979e+02 6.1925598145e+02 6.1926300049e+02 6.1921099854e+02 6.1916497803e+02 6.1915997314e+02 6.1914300537e+02 6.1913098145e+02 6.1916400146e+02 6.1923400879e+02 6.1932598877e+02 6.1938397217e+02 6.1935400391e+02 6.1930102539e+02 6.1927301025e+02 6.1926098633e+02 6.1926702881e+02 6.1923297119e+02 6.1919897461e+02 6.1917199707e+02
6.1953802490e+02 6.1963098145e+02 6.1973901367e+02 6.1980798340e+02 6.1980798340e+02 6.1973199463e+02 6.1965899658e+02 6.1961602783e+02 6.1957098389e+02 6.1952301025e+02 6.1946801758e+02 6.1948101807e+02 6.1951000977e+02 6.1955798340e+02 6.1958099365e+02 6.1961297607e+02 6.1958502197e+02 6.1954699707e+02 6.1953399658e+02 6.1957800293e+02 6.1958502197e+02 6.1954199219e+02 6.1956896973e+02 6.1969500732e+02 6.1965502930e+02 6.1949499512e+02 6.1938299561e+02 6.1940100098e+02 6.1944598389e+02 6.1944097900e+02 6.1938299561e+02 6.1932000732e+02 6.1928302002e+02 6.1925201416e+02 6.1921197510e+02 6.1921997070e+02 6.1928399658e+02 6.1936199951e+02 6.1939099121e+02 6.1934997559e+02 6.1930297852e+02 6.1928302002e+02 6.1928900146e+02 6.1928497314e+02 6.1925299072e+02 6.1922399902e+02
6.1977197266e+02 6.1987902832e+02 6.1996197510e+02 6.2004998779e+02 6.2009899902e+02 6.2001202393e+02 6.1987701416e+02 6.1973797607e+02 6.1963702393e+02 6.1956896973e+02 6.1952301025e+02 6.1959197998e+02 6.1966900635e+02 6.1970001221e+02 6.1965301514e+02 6.1964599609e+02 6.1961700439e+02 6.1958502197e+02 6.1959100342e+02 6.1960302734e+02 6.1959197998e+02 6.1958697510e+02 6.1962200928e+02 6.1971398926e+02 6.1969598389e+02 6.1955401611e+02 6.1947302246e+02 6.1951898193e+02 6.1958300781e+02 6.1959600830e+02 6.1954901123e+02 6.1949597168e+02 6.1946801758e+02 6.1941998291e+02 6.1933099365e+02 6.1928002930e+02 6.1927197266e+02 6.1931201172e+02 6.1936901855e+02 6.1938000488e+02 6.1933898926e+02 6.1930999756e+02 6.1930798340e+02 6.1931097412e+02 6.1928900146e+02 6.1928802490e+02
6.1989898682e+02 6.2000500488e+02 6.2007000732e+02 6.2015997314e+02 6.2025500488e+02 6.2024102783e+02 6.2006298828e+02 6.1984301758e+02 6.1971398926e+02 6.1965301514e+02 6.1962597656e+02 6.1967901611e+02 6.1973797607e+02 6.1975598145e+02 6.1970599365e+02 6.1968298340e+02 6.1967102051e+02 6.1965899658e+02 6.1967199707e+02 6.1967700195e+02 6.1965197754e+02 6.1963098145e+02 6.1963299561e+02 6.1968499756e+02 6.1971099854e+02 6.1961901855e+02 6.1953900146e+02 6.1957397461e+02 6.1965100098e+02 6.1968200684e+02 6.1966101074e+02 6.1964697266e+02 6.1963800049e+02 6.1959100342e+02 6.1950799561e+02 6.1944500732e+02 6.1934899902e+02 6.1929199219e+02 6.1932202148e+02 6.1939801025e+02 6.1939099121e+02 6.1934997559e+02 6.1932702637e+02 6.1933898926e+02 6.1932702637e+02 6.1932299805e+02
6.1996997070e+02 6.2005102539e+02 6.2012500000e+02 6.2015301514e+02 6.2020300293e+02 6.2022497559e+02 6.2012500000e+02 6.1992999268e+02 6.1979901123e+02 6.1975299072e+02 6.1975897217e+02 6.1976800537e+02 6.1978100586e+02 6.1980200195e+02 6.1979602051e+02 6.1978002930e+02 6.1983599854e+02 6.1988000488e+02 6.1984802246e+02 6.1985198975e+02 6.1983300781e+02 6.1973699951e+02 6.1966699219e+02 6.1966497803e+02 6.1967498779e+02 6.1963702393e+02 6.1961297607e+02 6.1961999512e+02 6.1971697998e+02 6.1979302979e+02 6.1979797363e+02 6.1974499512e+02 6.1971697998e+02 6.1967102051e+02 6.1962200928e+02 6.1958801270e+02 6.1945599365e+02 6.1933898926e+02 6.1930297852e+02 6.1939300537e+02 6.1944702148e+02 6.1940698242e+02 6.1934497070e+02 6.1934399414e+02 6.1935699463e+02 6.1936798096e+02
6.2008697510e+02 6.2012500000e+02 6.2017199707e+02 6.2015399170e+02 6.2014801025e+02 6.2017498779e+02 6.2015002441e+02 6.2003497314e+02 6.1993200684e+02 6.1990698242e+02 6.1993402100e+02 6.1990399170e+02 6.1987500000e+02 6.1986901855e+02 6.1986499023e+02 6.1990600586e+02 6.2004199219e+02 6.2014398193e+02 6.2003997803e+02 6.1998602295e+02 6.1997497559e+02 6.1989398193e+02 6.1979998779e+02 6.1975201416e+02 6.1969702148e+02 6.1964300537e+02 6.1964898682e+02 6.1969097900e+02 6.1978302002e+02 6.1984802246e+02 6.1982000732e+02 6.1981298828e+02 6.1981701660e+02 6.1978698730e+02 6.1974200439e+02 6.1970697021e+02 6.1957598877e+02 6.1944799805e+02 6.1936102295e+02 6.1940899658e+02 6.1949298096e+02 6.1946899414e+02 6.1941699219e+02 6.1940600586e+02 6.1940100098e+02 6.1941400146e+02
6.2016400146e+02 6.2015502930e+02 6.2017102051e+02 6.2014697266e+02 6.2013500977e+02 6.2018402100e+02 6.2021697998e+02 6.2019799805e+02 6.2016601563e+02 6.2013702393e+02 6.2011700439e+02 6.2004901123e+02 6.2000897217e+02 6.2000701904e+02 6.1999597168e+02 6.2002398682e+02 6.2012200928e+02 6.2019500732e+02 6.2011401367e+02 6.2010998535e+02 6.2011401367e+02 6.2006097412e+02 6.1999401855e+02 6.1991998291e+02 6.1985900879e+02 6.1974597168e+02 6.1968103027e+02 6.1970599365e+02 6.1975201416e+02 6.1980297852e+02 6.1978100586e+02 6.1982202148e+02 6.1988598633e+02 6.1987799072e+02 6.1981402588e+02 6.1978198242e+02 6.1969396973e+02 6.1957897949e+02 6.1944897461e+02 6.1940997314e+02 6.1946697998e+02 6.1949902344e+02 6.1948498535e+02 6.1944897461e+02 6.1943597412e+02 6.1945697021e+02
6.2019500732e+02 6.2016998291e+02 6.2019299316e+02 6.2018499756e+02 6.2017901611e+02 6.2025598145e+02 6.2035302734e+02 6.2041400146e+02 6.2042199707e+02 6.2035797119e+02 6.2025799561e+02 6.2017401123e+02 6.2016302490e+02 6.2020001221e+02 6.2020001221e+02 6.2020098877e+02 6.2022100830e+02 6.2022802734e+02 6.2020098877e+02 6.2026098633e+02 6.2028802490e+02 6.2032800293e+02 6.2035498047e+02 6.2023901367e+02 6.2012902832e+02 6.1992700195e+02 6.1975701904e+02 6.1975402832e+02 6.1973602295e+02 6.1974499512e+02 6.1975500488e+02 6.1982299805e+02 6.1989898682e+02 6.1990899658e+02 6.1987902832e+02 6.1984197998e+02 6.1979498291e+02 6.1972802734e+02 6.1959399414e+02 6.1945800781e+02 6.1945001221e+02 6.1950701904e+02 6.1952600098e+02 6.1947802734e+02 6.1947302246e+02 6.1949401855e+02
6.2023498535e+02 6.2024597168e+02 6.2028302002e+02 6.2030499268e+02 6.2029901123e+02 6.2035797119e+02 6.2046197510e+02 6.2053601074e+02 6.2054699707e+02 6.2047100830e+02 6.2035302734e+02 6.2031597900e+02 6.2034698486e+02 6.2041900635e+02 6.2040301514e+02 6.2040802002e+02 6.2039501953e+02 6.2036499023e+02 6.2032702637e+02 6.2035900879e+02 6.2043402100e+02 6.2062500000e+02 6.2071997070e+02 6.2057000732e+02 6.2038000488e+02 6.2012097168e+02 6.1988800049e+02 6.1988201904e+02 6.1983599854e+02 6.1979797363e+02 6.1982397461e+02 6.1987402344e+02 6.1989801025e+02 6.1993902588e+02 6.2002001953e+02 6.1998699951e+02 6.1989801025e+02 6.1980798340e+02 6.1971398926e+02 6.1956298828e+02 6.1947100830e+02 6.1947601318e+02 6.1954602051e+02 6.1952697754e+02 6.1951000977e+02 6.1950897217e+02
6.2032000732e+02 6.2035101318e+02 6.2038500977e+02 6.2041900635e+02 6.2044799805e+02 6.2048699951e+02 6.2055798340e+02 6.2059100342e+02 6.2057000732e+02 6.2053497314e+02 6.2046899414e+02 6.2046398926e+02 6.2052398682e+02 6.2060198975e+02 6.2058099365e+02 6.2057397461e+02 6.2057299805e+02 6.2059802246e+02 6.2063598633e+02 6.2071398926e+02 6.2068798828e+02 6.2070501709e+02 6.2074700928e+02 6.2069000244e+02 6.2056701660e+02 6.2035797119e+02 6.2010198975e+02 6.2003198242e+02 6.2002301025e+02 6.2002600098e+02 6.2004602051e+02 6.1998797607e+02 6.1992901611e+02 6.1999499512e+02 6.2012799072e+02 6.2018597412e+02 6.2009301758e+02 6.1991699219e+02 6.1980499268e+02 6.1969396973e+02 6.1955401611e+02 6.1949902344e+02 6.1957501221e+02 6.1959197998e+02 6.1956597900e+02 6.1953802490e+02
6.2048498535e+02 6.2052502441e+02 6.2053802490e+02 6.2057397461e+02 6.2064001465e+02 6.2072198486e+02 6.2079602051e+02 6.2075201416e+02 6.2063397217e+02 6.2064202881e+02 6.2067602539e+02 6.2068499756e+02 6.2071801758e+02 6.2074298096e+02 6.2072399902e+02 6.2076098633e+02 6.2082702637e+02 6.2095501709e+02 6.2109497070e+02 6.2131799316e+02 6.2119799805e+02 6.2097302246e+02 6.2086297607e+02 6.2071899414e+02 6.2061401367e+02 6.2050500488e+02 6.2032598877e+02 6.2027398682e+02 6.2025299072e+02 6.2022497559e+02 6.2018200684e+02 6.2005902100e+02 6.1998699951e+02 6.2006201172e+02 6.2021301270e+02 6.2035498047e+02 6.2030798340e+02 6.2011297607e+02 6.1991998291e+02 6.1978601074e+02 6.1964697266e+02 6.1959100342e+02 6.1961602783e+02 6.1963702393e+02 6.1964501953e+02 6.1960498047e+02
6.2064501953e+02 6.2073199463e+02 6.2073602295e+02 6.2073498535e+02 6.2082702637e+02 6.2094500732e+02 6.2096899414e+02 6.2085198975e+02 6.2076300049e+02 6.2084600830e+02 6.2097100830e+02 6.2100097656e+02 6.2100500488e+02 6.2095800781e+02 6.2090502930e+02 6.2090997314e+02 6.2102697754e+02 6.2121398926e+02 6.2134002686e+02 6.2149700928e+02 6.2141198730e+02 6.2121301270e+02 6.2107098389e+02 6.2088500977e+02 6.2075598145e+02 6.2066802979e+02 6.2051898193e+02 6.2046899414e+02 6.2040197754e+02 6.2031402588e+02 6.2021301270e+02 6.2005999756e+02 6.2001599121e+02 6.2009399414e+02 6.2022302246e+02 6.2034899902e+02 6.2034899902e+02 6.2020599365e+02 6.2002398682e+02 6.1990698242e+02 6.1975500488e+02 6.1968103027e+02 6.1965100098e+02 6.1962200928e+02 6.1965399170e+02 6.1965197754e+02
6.2077801514e+02 6.2088000488e+02 6.2089501953e+02 6.2087597656e+02 6.2100701904e+02 6.2114501953e+02 6.2112701416e+02 6.2097601318e+02 6.2107800293e+02 6.2124298096e+02 6.2130999756e+02 6.2135797119e+02 6.2138201904e+02 6.2140997314e+02 6.2145898438e+02 6.2135101318e+02 6.2130200195e+02 6.2135797119e+02 6.2141601563e+02 6.2142602539e+02 6.2141497803e+02 6.2136602783e+02 6.2127197266e+02 6.2118798828e+02 6.2104602051e+02 6.2087701416e+02 6.2069500732e+02 6.2059197998e+02 6.2053302002e+02 6.2046801758e+02 6.2036102295e+02 6.2014300537e+02 6.2008001709e+02 6.2012200928e+02 6.2022698975e+02 6.2033300781e+02 6.2035302734e+02 6.2025500488e+02 6.2012298584e+02 6.2004797363e+02 6.1989898682e+02 6.1979101563e+02 6.1973999023e+02 6.1970001221e+02 6.1968798828e+02 6.1970800781e+02
6.2090197754e+02 6.2099700928e+02 6.2104901123e+02 6.2109899902e+02 6.2125097656e+02 6.2134002686e+02 6.2132897949e+02 6.2138000488e+02 6.2152398682e+02 6.2160900879e+02 6.2161901855e+02 6.2171099854e+02 6.2173699951e+02 6.2179400635e+02 6.2200402832e+02 6.2199700928e+02 6.2176000977e+02 6.2156402588e+02 6.2152099609e+02 6.2152600098e+02 6.2152899170e+02 6.2150701904e+02 6.2147698975e+02 6.2141198730e+02 6.2127697754e+02 6.2110400391e+02 6.2093902588e+02 6.2083801270e+02 6.2077197266e+02 6.2067401123e+02 6.2049902344e+02 6.2027600098e+02 6.2016900635e+02 6.2015899658e+02 6.2024200439e+02 6.2036798096e+02 6.2042797852e+02 6.2038000488e+02 6.2025598145e+02 6.2014300537e+02 6.2002697754e+02 6.1995001221e+02 6.1992797852e+02 6.1989398193e+02 6.1979797363e+02 6.1974700928e+02
6.2101501465e+02 6.2110601807e+02 6.2118499756e+02 6.2128100586e+02 6.2141400146e+02 6.2148901367e+02 6.2149902344e+02 6.2157800293e+02 6.2169201660e+02 6.2179199219e+02 6.2184399414e+02 6.2196398926e+02 6.2199401855e+02 6.2202600098e+02 6.2221099854e+02 6.2224298096e+02 6.2202899170e+02 6.2182202148e+02 6.2176599121e+02 6.2175799561e+02 6.2177502441e+02 6.2178002930e+02 6.2175201416e+02 6.2157897949e+02 6.2143499756e+02 6.2131201172e+02 6.2117999268e+02 6.2108801270e+02 6.2098498535e+02 6.2082800293e+02 6.2060900879e+02 6.2041998291e+02 6.2028002930e+02 6.2021197510e+02 6.2024298096e+02 6.2033502197e+02 6.2041101074e+02 6.2042297363e+02 6.2035998535e+02 6.2025500488e+02 6.2017700195e+02 6.2014801025e+02 6.2013702393e+02 6.2008300781e+02 6.1995098877e+02 6.1982800293e+02
6.2111700439e+02 6.2119500732e+02 6.2127197266e+02 6.2136700439e+02 6.2150299072e+02 6.2159899902e+02 6.2163598633e+02 6.2170898438e+02 6.2186401367e+02 6.2201397705e+02 6.2203601074e+02 6.2217498779e+02 6.2224102783e+02 6.2224298096e+02 6.2230603027e+02 6.2233300781e+02 6.2224401855e+02 6.2215502930e+02 6.2212799072e+02 6.2212402344e+02 6.2210797119e+02 6.2208398438e+02 6.2204101563e+02 6.2176599121e+02 6.2156701660e+02 6.2146899414e+02 6.2132397461e+02 6.2116998291e+02 6.2105700684e+02 6.2091900635e+02 6.2071997070e+02 6.2057098389e+02 6.2044201660e+02 6.2033001709e+02 6.2027301025e+02 6.2028302002e+02 6.2032800293e+02 6.2035900879e+02 6.2035797119e+02 6.2030999756e+02 6.2029199219e+02 6.2031402588e+02 6.2031500244e+02 6.2026501465e+02 6.2016198730e+02 6.2000799561e+02
6.2123297119e+02 6.2130200195e+02 6.2135498047e+02 6.2140997314e+02 6.2153002930e+02 6.2167797852e+02 6.2179302979e+02 6.2199298096e+02 6.2223297119e+02 6.2233099365e+02 6.2222497559e+02 6.2239202881e+02 6.2252502441e+02 6.2252001953e+02 6.2247998047e+02 6.2245202637e+02 6.2245501709e+02 6.2245697021e+02 6.2242797852e+02 6.2243103027e+02 6.2230902100e+02 6.2216198730e+02 6.2208502197e+02 6.2186199951e+02 6.2168499756e+02 6.2159399414e+02 6.2143499756e+02 6.2123797607e+02 6.2112402344e+02 6.2099798584e+02 6.2085302734e+02 6.2075201416e+02 6.2064300537e+02 6.2049902344e+02 6.2035302734e+02 6.2027197266e+02 6.2025598145e+02 6.2025701904e+02 6.2026800537e+02 6.2028698730e+02 6.2032702637e+02 6.2038897705e+02 6.2042602539e+02 6.2042102051e+02 6.2035101318e+02 6.2020898438e+02
6.2134899902e+02 6.2143402100e+02 6.2147100830e+02 6.2152301025e+02 6.2166198730e+02 6.2190997314e+02 6.2209899902e+02 6.2223797607e+02 6.2234497070e+02 6.2235198975e+02 6.2239501953e+02 6.2276501465e+02 6.2297698975e+02 6.2290997314e+02 6.2267901611e+02 6.2258801270e+02 6.2258398438e+02 6.2259399414e+02 6.2259301758e+02 6.2259100342e+02 6.2245300293e+02 6.2230102539e+02 6.2221899414e+02 6.2195202637e+02 6.2173797607e+02 6.2162701416e+02 6.2147698975e+02 6.2136700439e+02 6.2125299072e+02 6.2107800293e+02 6.2096697998e+02 6.2089697266e+02 6.2078997803e+02 6.2064697266e+02 6.2044799805e+02 6.2031402588e+02 6.2023602295e+02 6.2019702148e+02 6.2022601318e+02 6.2026501465e+02 6.2033300781e+02 6.2043798828e+02 6.2051800537e+02 6.2053997803e+02 6.2046398926e+02 6.2032299805e+02
6.2151397705e+02 6.2154498291e+02 6.2158697510e+02 6.2161999512e+02 6.2168103027e+02 6.2192498779e+02 6.2228997803e+02 6.2253399658e+02 6.2259899902e+02 6.2260400391e+02 6.2275799561e+02 6.2323797607e+02 6.2349798584e+02 6.2335900879e+02 6.2294799805e+02 6.2275500488e+02 6.2270599365e+02 6.2269702148e+02 6.2269299316e+02 6.2266497803e+02 6.2255603027e+02 6.2246502686e+02 6.2242199707e+02 6.2217199707e+02 6.2186499023e+02 6.2164898682e+02 6.2152099609e+02 6.2143499756e+02 6.2133697510e+02 6.2118902588e+02 6.2109899902e+02 6.2103900146e+02 6.2092498779e+02 6.2075299072e+02 6.2053100586e+02 6.2036901855e+02 6.2026800537e+02 6.2021197510e+02 6.2023297119e+02 6.2027398682e+02 6.2036700439e+02 6.2051000977e+02 6.2060998535e+02 6.2062402344e+02 6.2055499268e+02 6.2042999268e+02
6.2156298828e+02 6.2166802979e+02 6.2169000244e+02 6.2165197754e+02 6.2157202148e+02 6.2180297852e+02 6.2240100098e+02 6.2295001221e+02 6.2299597168e+02 6.2294598389e+02 6.2307800293e+02 6.2351300049e+02 6.2378100586e+02 6.2366802979e+02 6.2326202393e+02 6.2301098633e+02 6.2289697266e+02 6.2283398438e+02 6.2281201172e+02 6.2277398682e+02 6.2266400146e+02 6.2258001709e+02 6.2254699707e+02 6.2236499023e+02 6.2204400635e+02 6.2176599121e+02 6.2163201904e+02 6.2155499268e+02 6.2149200439e+02 6.2137597656e+02 6.2124499512e+02 6.2117199707e+02 6.2102899170e+02 6.2079199219e+02 6.2056402588e+02 6.2041497803e+02 6.2034197998e+02 6.2029998779e+02 6.2029699707e+02 6.2031799316e+02 6.2040600586e+02 6.2055700684e+02 6.2067297363e+02 6.2069702148e+02 6.2065698242e+02 6.2055499268e+02
