TESTSERVER/0/3.asc
NCOLS 100
NROWS 100
XLLCORNER 7.4997500000e+03
YLLCORNER 2.8980025000e+05
CELLSIZE 5.0000000000e-01
NODATA_VALUE -9.9990000000e+03
[rows 40 to 59 of 100, columns 46 to 91 of 100]
6.2049499512e+02 6.2041601563e+02 6.2038702393e+02 6.2034802246e+02 6.2024700928e+02 6.2014398193e+02 6.2008898926e+02 6.2007897949e+02 6.2008801270e+02 6.2011999512e+02 6.2022998047e+02 6.2032702637e+02 6.2030999756e+02 6.2041497803e+02 6.2045098877e+02 6.2045397949e+02 6.2048101807e+02 6.2053198242e+02 6.2058099365e+02 6.2061901855e+02 6.2067102051e+02 6.2068298340e+02 6.2066302490e+02 6.2060699463e+02 6.2054199219e+02 6.2051501465e+02 6.2051501465e+02 6.2048901367e+02 6.2041900635e+02 6.2030603027e+02 6.2020397949e+02 6.2013098145e+02 6.2011602783e+02 6.2017199707e+02 6.2024298096e+02 6.2031402588e+02 6.2036901855e+02 6.2034002686e+02 6.2026702881e+02 6.2014099121e+02 6.2001397705e+02 6.1985498047e+02 6.1969097900e+02 6.1950598145e+02 6.1933398438e+02 6.1903698730e+02
6.2057702637e+02 6.2053601074e+02 6.2049902344e+02 6.2043499756e+02 6.2031402588e+02 6.2021197510e+02 6.2015899658e+02 6.2012097168e+02 6.2010601807e+02 6.2012200928e+02 6.2021099854e+02 6.2033398438e+02 6.2037097168e+02 6.2039501953e+02 6.2040899658e+02 6.2047698975e+02 6.2051898193e+02 6.2059002686e+02 6.2066497803e+02 6.2073699951e+02 6.2074499512e+02 6.2069702148e+02 6.2063397217e+02 6.2058001709e+02 6.2055798340e+02 6.2056402588e+02 6.2056097412e+02 6.2051898193e+02 6.2043798828e+02 6.2034497070e+02 6.2026098633e+02 6.2019702148e+02 6.2017797852e+02 6.2022302246e+02 6.2028100586e+02 6.2033300781e+02 6.2034802246e+02 6.2031896973e+02 6.2025201416e+02 6.2015002441e+02 6.2004602051e+02 6.1992602539e+02 6.1977697754e+02 6.1959802246e+02 6.1937500000e+02 6.1913397217e+02
6.2067401123e+02 6.2065197754e+02 6.2057202148e+02 6.2045098877e+02 6.2032897949e+02 6.2024902344e+02 6.2021997070e+02 6.2018200684e+02 6.2013000488e+02 6.2013397217e+02 6.2018298340e+02 6.2027197266e+02 6.2039300537e+02 6.2041101074e+02 6.2036700439e+02 6.2043499756e+02 6.2050299072e+02 6.2061499023e+02 6.2074401855e+02 6.2084002686e+02 6.2082501221e+02 6.2073498535e+02 6.2063000488e+02 6.2057501221e+02 6.2060101318e+02 6.2066302490e+02 6.2065502930e+02 6.2057501221e+02 6.2047900391e+02 6.2042498779e+02 6.2036798096e+02 6.2030999756e+02 6.2026702881e+02 6.2028002930e+02 6.2030902100e+02 6.2032897949e+02 6.2032299805e+02 6.2029602051e+02 6.2023999023e+02 6.2016497803e+02 6.2009600830e+02 6.1998101807e+02 6.1980603027e+02 6.1960498047e+02 6.1939501953e+02 6.1924700928e+02
6.2077899170e+02 6.2075201416e+02 6.2065698242e+02 6.2052099609e+02 6.2042498779e+02 6.2038000488e+02 6.2035998535e+02 6.2030401611e+02 6.2020599365e+02 6.2016802979e+02 6.2018200684e+02 6.2022900391e+02 6.2034698486e+02 6.2040997314e+02 6.2036798096e+02 6.2038800049e+02 6.2044299316e+02 6.2055297852e+02 6.2068597412e+02 6.2079400635e+02 6.2081799316e+02 6.2072998047e+02 6.2062200928e+02 6.2059301758e+02 6.2065197754e+02 6.2072998047e+02 6.2072198486e+02 6.2064001465e+02 6.2055999756e+02 6.2053497314e+02 6.2049200439e+02 6.2043798828e+02 6.2038000488e+02 6.2036297607e+02 6.2035498047e+02 6.2033599854e+02 6.2030603027e+02 6.2027099609e+02 6.2022302246e+02 6.2017602539e+02 6.2013500977e+02 6.2002001953e+02 6.1982800293e+02 6.1963000488e+02 6.1947601318e+02 6.1943798828e+02
6.2089202881e+02 6.2086901855e+02 6.2080999756e+02 6.2071197510e+02 6.2062298584e+02 6.2059100342e+02 6.2055700684e+02 6.2046801758e+02 6.2032397461e+02 6.2024597168e+02 6.2022998047e+02 6.2026300049e+02 6.2030200195e+02 6.2038397217e+02 6.2039697266e+02 6.2038702393e+02 6.2040802002e+02 6.2046899414e+02 6.2057098389e+02 6.2067498779e+02 6.2074102783e+02 6.2067901611e+02 6.2063098145e+02 6.2065197754e+02 6.2069000244e+02 6.2069897461e+02 6.2070202637e+02 6.2068499756e+02 6.2066497803e+02 6.2061602783e+02 6.2056701660e+02 6.2052502441e+02 6.2048901367e+02 6.2047601318e+02 6.2044201660e+02 6.2038098145e+02 6.2030200195e+02 6.2025299072e+02 6.2020800781e+02 6.2016998291e+02 6.2013098145e+02 6.2002600098e+02 6.1986499023e+02 6.1972802734e+02 6.1970098877e+02 6.1972802734e+02
6.2102001953e+02 6.2100097656e+02 6.2094897461e+02 6.2086700439e+02 6.2077801514e+02 6.2072497559e+02 6.2069897461e+02 6.2064898682e+02 6.2049499512e+02 6.2035400391e+02 6.2028198242e+02 6.2028601074e+02 6.2032098389e+02 6.2038000488e+02 6.2041101074e+02 6.2041101074e+02 6.2044299316e+02 6.2053002930e+02 6.2060601807e+02 6.2068200684e+02 6.2072998047e+02 6.2070599365e+02 6.2071899414e+02 6.2077197266e+02 6.2077001953e+02 6.2072802734e+02 6.2072998047e+02 6.2074298096e+02 6.2073297119e+02 6.2069500732e+02 6.2065197754e+02 6.2061798096e+02 6.2059698486e+02 6.2056799316e+02 6.2051397705e+02 6.2042999268e+02 6.2034600830e+02 6.2026898193e+02 6.2018902588e+02 6.2010900879e+02 6.2003900146e+02 6.1997100830e+02 6.1992602539e+02 6.1990899658e+02 6.1994201660e+02 6.1999298096e+02
6.2113098145e+02 6.2111102295e+02 6.2107397461e+02 6.2101202393e+02 6.2093597412e+02 6.2090197754e+02 6.2088897705e+02 6.2085101318e+02 6.2070001221e+02 6.2051898193e+02 6.2036102295e+02 6.2029302979e+02 6.2033801270e+02 6.2037597656e+02 6.2040399170e+02 6.2045001221e+02 6.2050701904e+02 6.2059997559e+02 6.2067401123e+02 6.2073999023e+02 6.2076599121e+02 6.2073999023e+02 6.2076599121e+02 6.2083398438e+02 6.2083801270e+02 6.2076800537e+02 6.2075701904e+02 6.2077502441e+02 6.2077099609e+02 6.2075201416e+02 6.2073101807e+02 6.2070898438e+02 6.2068402100e+02 6.2063201904e+02 6.2056097412e+02 6.2048498535e+02 6.2041802979e+02 6.2030297852e+02 6.2017700195e+02 6.2007800293e+02 6.2002502441e+02 6.2003100586e+02 6.2008502197e+02 6.2013702393e+02 6.2016497803e+02 6.2018597412e+02
6.2121197510e+02 6.2118200684e+02 6.2116699219e+02 6.2114599609e+02 6.2109301758e+02 6.2109197998e+02 6.2108898926e+02 6.2100000000e+02 6.2083001709e+02 6.2070202637e+02 6.2051300049e+02 6.2035302734e+02 6.2034301758e+02 6.2037200928e+02 6.2038299561e+02 6.2045397949e+02 6.2054199219e+02 6.2062298584e+02 6.2070001221e+02 6.2077600098e+02 6.2080297852e+02 6.2075299072e+02 6.2076202393e+02 6.2083502197e+02 6.2088201904e+02 6.2081298828e+02 6.2077801514e+02 6.2077398682e+02 6.2076898193e+02 6.2076397705e+02 6.2076599121e+02 6.2075299072e+02 6.2071697998e+02 6.2064099121e+02 6.2057202148e+02 6.2052801514e+02 6.2048101807e+02 6.2032202148e+02 6.2017901611e+02 6.2010498047e+02 6.2011199951e+02 6.2016900635e+02 6.2026800537e+02 6.2034197998e+02 6.2035101318e+02 6.2034899902e+02
6.2127899170e+02 6.2124597168e+02 6.2125299072e+02 6.2127502441e+02 6.2127899170e+02 6.2126501465e+02 6.2123199463e+02 6.2109100342e+02 6.2090802002e+02 6.2081201172e+02 6.2066497803e+02 6.2047302246e+02 6.2037902832e+02 6.2038897705e+02 6.2039599609e+02 6.2045202637e+02 6.2055102539e+02 6.2063299561e+02 6.2069897461e+02 6.2077600098e+02 6.2083697510e+02 6.2079302979e+02 6.2080102539e+02 6.2086700439e+02 6.2094897461e+02 6.2091998291e+02 6.2085699463e+02 6.2078399658e+02 6.2071398926e+02 6.2074298096e+02 6.2075201416e+02 6.2074700928e+02 6.2067401123e+02 6.2058197021e+02 6.2052697754e+02 6.2051202393e+02 6.2049200439e+02 6.2032397461e+02 6.2021301270e+02 6.2020697021e+02 6.2024902344e+02 6.2030102539e+02 6.2040301514e+02 6.2048797607e+02 6.2050897217e+02 6.2051300049e+02
6.2136199951e+02 6.2139300537e+02 6.2140802002e+02 6.2137597656e+02 6.2132702637e+02 6.2131701660e+02 6.2128002930e+02 6.2117401123e+02 6.2102099609e+02 6.2087402344e+02 6.2070300293e+02 6.2054101563e+02 6.2047497559e+02 6.2044396973e+02 6.2042602539e+02 6.2044897461e+02 6.2054302979e+02 6.2066802979e+02 6.2072998047e+02 6.2076098633e+02 6.2080499268e+02 6.2082299805e+02 6.2085601807e+02 6.2091699219e+02 6.2098101807e+02 6.2098602295e+02 6.2096099854e+02 6.2087799072e+02 6.2076300049e+02 6.2072900391e+02 6.2074298096e+02 6.2074700928e+02 6.2068200684e+02 6.2058001709e+02 6.2051397705e+02 6.2047601318e+02 6.2042901611e+02 6.2033801270e+02 6.2033697510e+02 6.2038000488e+02 6.2036901855e+02 6.2040502930e+02 6.2050402832e+02 6.2059497070e+02 6.2063702393e+02 6.2063702393e+02
6.2153900146e+02 6.2157098389e+02 6.2155700684e+02 6.2144897461e+02 6.2133398438e+02 6.2132000732e+02 6.2129302979e+02 6.2122302246e+02 6.2105297852e+02 6.2084399414e+02 6.2069000244e+02 6.2053802490e+02 6.2049401855e+02 6.2049597168e+02 6.2048101807e+02 6.2047399902e+02 6.2053100586e+02 6.2065100098e+02 6.2075000000e+02 6.2078900146e+02 6.2079400635e+02 6.2080297852e+02 6.2082098389e+02 6.2085900879e+02 6.2090698242e+02 6.2092102051e+02 6.2092700195e+02 6.2087902832e+02 6.2079498291e+02 6.2079199219e+02 6.2081298828e+02 6.2079602051e+02 6.2071002197e+02 6.2059197998e+02 6.2050701904e+02 6.2046697998e+02 6.2044500732e+02 6.2042999268e+02 6.2045697021e+02 6.2049700928e+02 6.2048400879e+02 6.2051300049e+02 6.2057800293e+02 6.2064697266e+02 6.2070599365e+02 6.2071801758e+02
6.2172900391e+02 6.2173101807e+02 6.2166900635e+02 6.2149499512e+02 6.2132501221e+02 6.2127301025e+02 6.2125701904e+02 6.2121697998e+02 6.2102801514e+02 6.2080798340e+02 6.2069000244e+02 6.2053802490e+02 6.2047698975e+02 6.2053900146e+02 6.2054901123e+02 6.2051300049e+02 6.2053601074e+02 6.2061102295e+02 6.2074798584e+02 6.2082501221e+02 6.2080499268e+02 6.2079302979e+02 6.2078601074e+02 6.2078997803e+02 6.2081500244e+02 6.2083898926e+02 6.2085400391e+02 6.2083197021e+02 6.2080798340e+02 6.2086401367e+02 6.2088299561e+02 6.2083001709e+02 6.2072399902e+02 6.2060101318e+02 6.2051898193e+02 6.2050701904e+02 6.2053900146e+02 6.2056701660e+02 6.2058801270e+02 6.2060699463e+02 6.2059497070e+02 6.2062597656e+02 6.2064099121e+02 6.2066601563e+02 6.2073999023e+02 6.2078997803e+02
6.2186297607e+02 6.2184997559e+02 6.2174902344e+02 6.2155999756e+02 6.2137799072e+02 6.2125000000e+02 6.2121502686e+02 6.2118597412e+02 6.2100701904e+02 6.2087200928e+02 6.2073400879e+02 6.2058502197e+02 6.2055297852e+02 6.2062902832e+02 6.2065197754e+02 6.2058300781e+02 6.2056701660e+02 6.2060601807e+02 6.2072802734e+02 6.2081500244e+02 6.2082598877e+02 6.2080102539e+02 6.2078997803e+02 6.2078100586e+02 6.2079400635e+02 6.2083001709e+02 6.2086102295e+02 6.2085498047e+02 6.2084997559e+02 6.2090899658e+02 6.2090502930e+02 6.2083099365e+02 6.2073101807e+02 6.2063299561e+02 6.2058001709e+02 6.2059899902e+02 6.2063897705e+02 6.2066497803e+02 6.2070898438e+02 6.2072302246e+02 6.2071600342e+02 6.2076501465e+02 6.2074597168e+02 6.2071697998e+02 6.2077600098e+02 6.2085498047e+02
6.2199298096e+02 6.2197198486e+02 6.2186401367e+02 6.2169598389e+02 6.2153302002e+02 6.2138098145e+02 6.2132299805e+02 6.2130200195e+02 6.2119097900e+02 6.2097802734e+02 6.2082598877e+02 6.2077398682e+02 6.2088897705e+02 6.2099401855e+02 6.2091699219e+02 6.2070898438e+02 6.2061700439e+02 6.2063098145e+02 6.2069897461e+02 6.2076397705e+02 6.2079797363e+02 6.2078100586e+02 6.2078802490e+02 6.2082397461e+02 6.2086199951e+02 6.2089001465e+02 6.2093701172e+02 6.2095202637e+02 6.2091302490e+02 6.2091900635e+02 6.2088598633e+02 6.2081896973e+02 6.2075000000e+02 6.2071301270e+02 6.2069702148e+02 6.2070898438e+02 6.2071997070e+02 6.2075701904e+02 6.2080401611e+02 6.2081500244e+02 6.2083099365e+02 6.2091302490e+02 6.2090899658e+02 6.2083599854e+02 6.2082897949e+02 6.2088598633e+02
6.2208898926e+02 6.2207501221e+02 6.2198101807e+02 6.2184197998e+02 6.2170599365e+02 6.2160498047e+02 6.2159899902e+02 6.2159002686e+02 6.2147900391e+02 6.2121697998e+02 6.2108697510e+02 6.2111499023e+02 6.2125701904e+02 6.2123999023e+02 6.2106201172e+02 6.2080999756e+02 6.2066802979e+02 6.2066497803e+02 6.2069897461e+02 6.2074597168e+02 6.2078002930e+02 6.2077502441e+02 6.2078997803e+02 6.2085101318e+02 6.2092700195e+02 6.2095300293e+02 6.2097698975e+02 6.2096997070e+02 6.2091198730e+02 6.2086901855e+02 6.2082000732e+02 6.2078302002e+02 6.2077899170e+02 6.2082098389e+02 6.2084301758e+02 6.2084802246e+02 6.2083398438e+02 6.2086199951e+02 6.2088702393e+02 6.2089599609e+02 6.2095697021e+02 6.2108398438e+02 6.2109802246e+02 6.2099902344e+02 6.2092401123e+02 6.2094598389e+02
6.2211297607e+02 6.2210400391e+02 6.2203198242e+02 6.2193298340e+02 6.2184197998e+02 6.2181701660e+02 6.2184698486e+02 6.2183300781e+02 6.2173699951e+02 6.2154797363e+02 6.2141400146e+02 6.2138897705e+02 6.2142797852e+02 6.2129699707e+02 6.2110699463e+02 6.2091497803e+02 6.2075500488e+02 6.2069396973e+02 6.2069702148e+02 6.2073199463e+02 6.2077099609e+02 6.2078601074e+02 6.2079699707e+02 6.2085699463e+02 6.2095001221e+02 6.2097302246e+02 6.2095202637e+02 6.2090399170e+02 6.2085101318e+02 6.2079498291e+02 6.2076898193e+02 6.2079400635e+02 6.2085302734e+02 6.2093200684e+02 6.2097198486e+02 6.2098498535e+02 6.2098602295e+02 6.2101300049e+02 6.2101202393e+02 6.2101397705e+02 6.2110198975e+02 6.2123699951e+02 6.2125701904e+02 6.2115197754e+02 6.2104199219e+02 6.2102899170e+02
6.2212402344e+02 6.2207598877e+02 6.2201898193e+02 6.2195697021e+02 6.2191699219e+02 6.2190002441e+02 6.2189501953e+02 6.2187799072e+02 6.2184100342e+02 6.2177099609e+02 6.2167199707e+02 6.2157501221e+02 6.2147198486e+02 6.2130200195e+02 6.2116497803e+02 6.2104699707e+02 6.2089501953e+02 6.2072497559e+02 6.2068200684e+02 6.2071600342e+02 6.2074200439e+02 6.2078900146e+02 6.2081201172e+02 6.2085797119e+02 6.2093902588e+02 6.2094500732e+02 6.2089801025e+02 6.2084197998e+02 6.2079901123e+02 6.2075897217e+02 6.2079498291e+02 6.2088800049e+02 6.2096002197e+02 6.2103002930e+02 6.2106097412e+02 6.2107202148e+02 6.2108697510e+02 6.2112902832e+02 6.2112799072e+02 6.2113299561e+02 6.2121899414e+02 6.2133099365e+02 6.2135198975e+02 6.2126800537e+02 6.2114501953e+02 6.2111798096e+02
6.2206701660e+02 6.2203900146e+02 6.2201397705e+02 6.2197497559e+02 6.2190997314e+02 6.2184698486e+02 6.2182098389e+02 6.2183300781e+02 6.2186602783e+02 6.2183398438e+02 6.2178497314e+02 6.2176000977e+02 6.2167602539e+02 6.2149798584e+02 6.2131201172e+02 6.2112799072e+02 6.2095001221e+02 6.2076397705e+02 6.2070300293e+02 6.2072497559e+02 6.2074401855e+02 6.2078002930e+02 6.2082501221e+02 6.2086901855e+02 6.2091302490e+02 6.2089202881e+02 6.2083599854e+02 6.2080499268e+02 6.2077801514e+02 6.2076397705e+02 6.2086999512e+02 6.2101702881e+02 6.2109197998e+02 6.2115802002e+02 6.2117102051e+02 6.2114697266e+02 6.2113299561e+02 6.2115197754e+02 6.2116699219e+02 6.2119897461e+02 6.2127697754e+02 6.2139202881e+02 6.2144000244e+02 6.2139202881e+02 6.2128802490e+02 6.2125201416e+02
6.2196600342e+02 6.2194897461e+02 6.2198999023e+02 6.2200402832e+02 6.2192102051e+02 6.2179498291e+02 6.2173999023e+02 6.2174499512e+02 6.2178497314e+02 6.2177899170e+02 6.2178399658e+02 6.2182397461e+02 6.2179797363e+02 6.2165301514e+02 6.2142901611e+02 6.2118798828e+02 6.2100097656e+02 6.2083697510e+02 6.2073797607e+02 6.2073797607e+02 6.2075097656e+02 6.2077197266e+02 6.2081597900e+02 6.2084698486e+02 6.2086602783e+02 6.2083599854e+02 6.2079302979e+02 6.2079498291e+02 6.2079998779e+02 6.2080999756e+02 6.2093103027e+02 6.2108197021e+02 6.2115600586e+02 6.2119299316e+02 6.2119097900e+02 6.2116802979e+02 6.2116101074e+02 6.2117401123e+02 6.2118902588e+02 6.2122302246e+02 6.2129199219e+02 6.2139501953e+02 6.2146197510e+02 6.2146801758e+02 6.2142700195e+02 6.2142297363e+02
6.2175897217e+02 6.2176599121e+02 6.2188500977e+02 6.2196600342e+02 6.2188201904e+02 6.2172100830e+02 6.2165399170e+02 6.2163800049e+02 6.2164001465e+02 6.2164398193e+02 6.2168499756e+02 6.2174798584e+02 6.2175500488e+02 6.2166101074e+02 6.2144702148e+02 6.2120599365e+02 6.2104699707e+02 6.2090802002e+02 6.2076702881e+02 6.2073498535e+02 6.2074700928e+02 6.2076202393e+02 6.2081701660e+02 6.2084698486e+02 6.2086401367e+02 6.2085998535e+02 6.2084802246e+02 6.2086499023e+02 6.2086798096e+02 6.2087298584e+02 6.2096899414e+02 6.2109197998e+02 6.2115100098e+02 6.2117797852e+02 6.2118499756e+02 6.2118200684e+02 6.2119500732e+02 6.2121002197e+02 6.2121997070e+02 6.2123999023e+02 6.2129901123e+02 6.2136499023e+02 6.2141802979e+02 6.2146301270e+02 6.2149700928e+02 6.2154998779e+02
