TESTSERVER/0/4.asc
NCOLS 100
NROWS 100
XLLCORNER 7.4997500000e+03
YLLCORNER 2.8975025000e+05
CELLSIZE 5.0000000000e-01
NODATA_VALUE -9.9990000000e+03
[rows 20 to 39 of 100, columns 0 to 45 of 100]
6.0401501465e+02 6.0409802246e+02 6.0421600342e+02 6.0441101074e+02 6.0464898682e+02 6.0487200928e+02 6.0505902100e+02 6.0517797852e+02 6.0525299072e+02 6.0532098389e+02 6.0537298584e+02 6.0540301514e+02 6.0544299316e+02 6.0545898438e+02 6.0548297119e+02 6.0557098389e+02 6.0566802979e+02 6.0576800537e+02 6.0589202881e+02 6.0597998047e+02 6.0599401855e+02 6.0604302979e+02 6.0617999268e+02 6.0635198975e+02 6.0649499512e+02 6.0660198975e+02 6.0669897461e+02 6.0677899170e+02 6.0684497070e+02 6.0691601563e+02 6.0701599121e+02 6.0712402344e+02 6.0721801758e+02 6.0731097412e+02 6.0747100830e+02 6.0772198486e+02 6.0792199707e+02 6.0813598633e+02 6.0828198242e+02 6.0837701416e+02 6.0846997070e+02 6.0855603027e+02 6.0865600586e+02 6.0877301025e+02 6.0891302490e+02 6.0906402588e+02
6.0389202881e+02 6.0400000000e+02 6.0416497803e+02 6.0439801025e+02 6.0463500977e+02 6.0485198975e+02 6.0501599121e+02 6.0513598633e+02 6.0521502686e+02 6.0525402832e+02 6.0526599121e+02 6.0530499268e+02 6.0535699463e+02 6.0537799072e+02 6.0539099121e+02 6.0550598145e+02 6.0565600586e+02 6.0576702881e+02 6.0583001709e+02 6.0587902832e+02 6.0588800049e+02 6.0593597412e+02 6.0607202148e+02 6.0625097656e+02 6.0639801025e+02 6.0650000000e+02 6.0657598877e+02 6.0664099121e+02 6.0667199707e+02 6.0669799805e+02 6.0677001953e+02 6.0690100098e+02 6.0703698730e+02 6.0713598633e+02 6.0728302002e+02 6.0751898193e+02 6.0774798584e+02 6.0795202637e+02 6.0810998535e+02 6.0823199463e+02 6.0834197998e+02 6.0844097900e+02 6.0853399658e+02 6.0864398193e+02 6.0877398682e+02 6.0891998291e+02
6.0377197266e+02 6.0390399170e+02 6.0409698486e+02 6.0432702637e+02 6.0454101563e+02 6.0472698975e+02 6.0488098145e+02 6.0501800537e+02 6.0511102295e+02 6.0515197754e+02 6.0515100098e+02 6.0518103027e+02 6.0523498535e+02 6.0527502441e+02 6.0530902100e+02 6.0542297363e+02 6.0557501221e+02 6.0568402100e+02 6.0572497559e+02 6.0575097656e+02 6.0575799561e+02 6.0580798340e+02 6.0593103027e+02 6.0612500000e+02 6.0625799561e+02 6.0633398438e+02 6.0640698242e+02 6.0647601318e+02 6.0650897217e+02 6.0652697754e+02 6.0659197998e+02 6.0670800781e+02 6.0685797119e+02 6.0699401855e+02 6.0713201904e+02 6.0734899902e+02 6.0758898926e+02 6.0780401611e+02 6.0797100830e+02 6.0811700439e+02 6.0823797607e+02 6.0834197998e+02 6.0842602539e+02 6.0852197266e+02 6.0864398193e+02 6.0878198242e+02
6.0364501953e+02 6.0379199219e+02 6.0398901367e+02 6.0421600342e+02 6.0441101074e+02 6.0457098389e+02 6.0470898438e+02 6.0484997559e+02 6.0495800781e+02 6.0502001953e+02 6.0503900146e+02 6.0505999756e+02 6.0510797119e+02 6.0516198730e+02 6.0523602295e+02 6.0532598877e+02 6.0543701172e+02 6.0553198242e+02 6.0558898926e+02 6.0561602783e+02 6.0563201904e+02 6.0568597412e+02 6.0579797363e+02 6.0598797607e+02 6.0610101318e+02 6.0615399170e+02 6.0624102783e+02 6.0634002686e+02 6.0638098145e+02 6.0641497803e+02 6.0650701904e+02 6.0657000732e+02 6.0666998291e+02 6.0680999756e+02 6.0696899414e+02 6.0718701172e+02 6.0743298340e+02 6.0766601563e+02 6.0785998535e+02 6.0802099609e+02 6.0814801025e+02 6.0824902344e+02 6.0831896973e+02 6.0840399170e+02 6.0851800537e+02 6.0864599609e+02
6.0351800537e+02 6.0366400146e+02 6.0384600830e+02 6.0406298828e+02 6.0424902344e+02 6.0440100098e+02 6.0453698730e+02 6.0466497803e+02 6.0476599121e+02 6.0483697510e+02 6.0489697266e+02 6.0494201660e+02 6.0500097656e+02 6.0505798340e+02 6.0514801025e+02 6.0523797607e+02 6.0530999756e+02 6.0539202881e+02 6.0546099854e+02 6.0550201416e+02 6.0553601074e+02 6.0559002686e+02 6.0567297363e+02 6.0582299805e+02 6.0594299316e+02 6.0602197266e+02 6.0611901855e+02 6.0624102783e+02 6.0629498291e+02 6.0634100342e+02 6.0645098877e+02 6.0650402832e+02 6.0655603027e+02 6.0666101074e+02 6.0678198242e+02 6.0701202393e+02 6.0725701904e+02 6.0751300049e+02 6.0775897217e+02 6.0794396973e+02 6.0807598877e+02 6.0816101074e+02 6.0821801758e+02 6.0828900146e+02 6.0839300537e+02 6.0851599121e+02
6.0336798096e+02 6.0351098633e+02 6.0370202637e+02 6.0389501953e+02 6.0403100586e+02 6.0415301514e+02 6.0430700684e+02 6.0445599365e+02 6.0455700684e+02 6.0463500977e+02 6.0471301270e+02 6.0480798340e+02 6.0490002441e+02 6.0497399902e+02 6.0508001709e+02 6.0513800049e+02 6.0519201660e+02 6.0526800537e+02 6.0533801270e+02 6.0538897705e+02 6.0544000244e+02 6.0551098633e+02 6.0560998535e+02 6.0572900391e+02 6.0583099365e+02 6.0590802002e+02 6.0602600098e+02 6.0618103027e+02 6.0628399658e+02 6.0633898926e+02 6.0643298340e+02 6.0650201416e+02 6.0655297852e+02 6.0663299561e+02 6.0674298096e+02 6.0689398193e+02 6.0708197021e+02 6.0732299805e+02 6.0762597656e+02 6.0785101318e+02 6.0798297119e+02 6.0804797363e+02 6.0807800293e+02 6.0815899658e+02 6.0826300049e+02 6.0838500977e+02
6.0322998047e+02 6.0338397217e+02 6.0359600830e+02 6.0376702881e+02 6.0384399414e+02 6.0389898682e+02 6.0402697754e+02 6.0418298340e+02 6.0430102539e+02 6.0440600586e+02 6.0451702881e+02 6.0464099121e+02 6.0475897217e+02 6.0486700439e+02 6.0497998047e+02 6.0504699707e+02 6.0510400391e+02 6.0515197754e+02 6.0520397949e+02 6.0527398682e+02 6.0535400391e+02 6.0545202637e+02 6.0556701660e+02 6.0570001221e+02 6.0578997803e+02 6.0584698486e+02 6.0596002197e+02 6.0615197754e+02 6.0632897949e+02 6.0642901611e+02 6.0651098633e+02 6.0659197998e+02 6.0665301514e+02 6.0672198486e+02 6.0681201172e+02 6.0690997314e+02 6.0702697754e+02 6.0720599365e+02 6.0749102783e+02 6.0771502686e+02 6.0783001709e+02 6.0788201904e+02 6.0790698242e+02 6.0799298096e+02 6.0810498047e+02 6.0823101807e+02
6.0314099121e+02 6.0327899170e+02 6.0348901367e+02 6.0365002441e+02 6.0369799805e+02 6.0370098877e+02 6.0375402832e+02 6.0389099121e+02 6.0402697754e+02 6.0415899658e+02 6.0429199219e+02 6.0442199707e+02 6.0456298828e+02 6.0470300293e+02 6.0484197998e+02 6.0496197510e+02 6.0503002930e+02 6.0504699707e+02 6.0507397461e+02 6.0514599609e+02 6.0525201416e+02 6.0537701416e+02 6.0550000000e+02 6.0563397217e+02 6.0573602295e+02 6.0581201172e+02 6.0593597412e+02 6.0614501953e+02 6.0637701416e+02 6.0653601074e+02 6.0663897705e+02 6.0673297119e+02 6.0681500244e+02 6.0688500977e+02 6.0694799805e+02 6.0701202393e+02 6.0706701660e+02 6.0715997314e+02 6.0735900879e+02 6.0755200195e+02 6.0764202881e+02 6.0768597412e+02 6.0771398926e+02 6.0780401611e+02 6.0792401123e+02 6.0805798340e+02
6.0305102539e+02 6.0314898682e+02 6.0330297852e+02 6.0342901611e+02 6.0349298096e+02 6.0350500488e+02 6.0349499512e+02 6.0361700439e+02 6.0377001953e+02 6.0391601563e+02 6.0405297852e+02 6.0420697021e+02 6.0436401367e+02 6.0451397705e+02 6.0465002441e+02 6.0479797363e+02 6.0486798096e+02 6.0489300537e+02 6.0493200684e+02 6.0498999023e+02 6.0511102295e+02 6.0526397705e+02 6.0541302490e+02 6.0551300049e+02 6.0563098145e+02 6.0577001953e+02 6.0593597412e+02 6.0612597656e+02 6.0634899902e+02 6.0654602051e+02 6.0670898438e+02 6.0680902100e+02 6.0690899658e+02 6.0698999023e+02 6.0706097412e+02 6.0710998535e+02 6.0713897705e+02 6.0715600586e+02 6.0721197510e+02 6.0735198975e+02 6.0742602539e+02 6.0747698975e+02 6.0751898193e+02 6.0760699463e+02 6.0772802734e+02 6.0786999512e+02
6.0291699219e+02 6.0298400879e+02 6.0305700684e+02 6.0312402344e+02 6.0319299316e+02 6.0324499512e+02 6.0329400635e+02 6.0339898682e+02 6.0355798340e+02 6.0371899414e+02 6.0385699463e+02 6.0403698730e+02 6.0421398926e+02 6.0435699463e+02 6.0446398926e+02 6.0457501221e+02 6.0460900879e+02 6.0466198730e+02 6.0476501465e+02 6.0489001465e+02 6.0503497314e+02 6.0516802979e+02 6.0528900146e+02 6.0539398193e+02 6.0553302002e+02 6.0570898438e+02 6.0588897705e+02 6.0607598877e+02 6.0626898193e+02 6.0646197510e+02 6.0664398193e+02 6.0677197266e+02 6.0686602783e+02 6.0694702148e+02 6.0703399658e+02 6.0710699463e+02 6.0713897705e+02 6.0714202881e+02 6.0712701416e+02 6.0717797852e+02 6.0723901367e+02 6.0729602051e+02 6.0735601807e+02 6.0743902588e+02 6.0753802490e+02 6.0766699219e+02
6.0275701904e+02 6.0282897949e+02 6.0288702393e+02 6.0295397949e+02 6.0303601074e+02 6.0311199951e+02 6.0319500732e+02 6.0327099609e+02 6.0341699219e+02 6.0358898926e+02 6.0371600342e+02 6.0388000488e+02 6.0407598877e+02 6.0423797607e+02 6.0434802246e+02 6.0440698242e+02 6.0440301514e+02 6.0446002197e+02 6.0459002686e+02 6.0479199219e+02 6.0498797607e+02 6.0511102295e+02 6.0517498779e+02 6.0525598145e+02 6.0540399170e+02 6.0560101318e+02 6.0578802490e+02 6.0595599365e+02 6.0612701416e+02 6.0630999756e+02 6.0649798584e+02 6.0664202881e+02 6.0673602295e+02 6.0681597900e+02 6.0691101074e+02 6.0699102783e+02 6.0702398682e+02 6.0702600098e+02 6.0700000000e+02 6.0702398682e+02 6.0707800293e+02 6.0713500977e+02 6.0719897461e+02 6.0726800537e+02 6.0735400391e+02 6.0746997070e+02
6.0260498047e+02 6.0272900391e+02 6.0281097412e+02 6.0289398193e+02 6.0298498535e+02 6.0307397461e+02 6.0316699219e+02 6.0322100830e+02 6.0334197998e+02 6.0350097656e+02 6.0362298584e+02 6.0377099609e+02 6.0396899414e+02 6.0414801025e+02 6.0427197266e+02 6.0431298828e+02 6.0430499268e+02 6.0433502197e+02 6.0442199707e+02 6.0465197754e+02 6.0488800049e+02 6.0504400635e+02 6.0509997559e+02 6.0513897705e+02 6.0526702881e+02 6.0545599365e+02 6.0564202881e+02 6.0579101563e+02 6.0593103027e+02 6.0608898926e+02 6.0626702881e+02 6.0641900635e+02 6.0651202393e+02 6.0658898926e+02 6.0668298340e+02 6.0676098633e+02 6.0680102539e+02 6.0681701660e+02 6.0682702637e+02 6.0686700439e+02 6.0692700195e+02 6.0698797607e+02 6.0704199219e+02 6.0709698486e+02 6.0718402100e+02 6.0729498291e+02
6.0245501709e+02 6.0262701416e+02 6.0274298096e+02 6.0283099365e+02 6.0291400146e+02 6.0301397705e+02 6.0311499023e+02 6.0320501709e+02 6.0330603027e+02 6.0343103027e+02 6.0355700684e+02 6.0370800781e+02 6.0388201904e+02 6.0403698730e+02 6.0413800049e+02 6.0420300293e+02 6.0422601318e+02 6.0424499512e+02 6.0429101563e+02 6.0447900391e+02 6.0471301270e+02 6.0491998291e+02 6.0505499268e+02 6.0508398438e+02 6.0516497803e+02 6.0530798340e+02 6.0547100830e+02 6.0559002686e+02 6.0570800781e+02 6.0584600830e+02 6.0601397705e+02 6.0615002441e+02 6.0624499512e+02 6.0631799316e+02 6.0638201904e+02 6.0645599365e+02 6.0650897217e+02 6.0655700684e+02 6.0661798096e+02 6.0670202637e+02 6.0677099609e+02 6.0683398438e+02 6.0687200928e+02 6.0694396973e+02 6.0704602051e+02 6.0716198730e+02
6.0229602051e+02 6.0247802734e+02 6.0260699463e+02 6.0269299316e+02 6.0277801514e+02 6.0290698242e+02 6.0302398682e+02 6.0312200928e+02 6.0323199463e+02 6.0337298584e+02 6.0351300049e+02 6.0366198730e+02 6.0380499268e+02 6.0391601563e+02 6.0399401855e+02 6.0405603027e+02 6.0409100342e+02 6.0412701416e+02 6.0417999268e+02 6.0431402588e+02 6.0451000977e+02 6.0472998047e+02 6.0491400146e+02 6.0498199463e+02 6.0506597900e+02 6.0518402100e+02 6.0531500244e+02 6.0541601563e+02 6.0552398682e+02 6.0564898682e+02 6.0579101563e+02 6.0590100098e+02 6.0599401855e+02 6.0607299805e+02 6.0614300537e+02 6.0621197510e+02 6.0628100586e+02 6.0635601807e+02 6.0644500732e+02 6.0653497314e+02 6.0661499023e+02 6.0669299316e+02 6.0675799561e+02 6.0684497070e+02 6.0695898438e+02 6.0707897949e+02
6.0215802002e+02 6.0229602051e+02 6.0241601563e+02 6.0250299072e+02 6.0259301758e+02 6.0273699951e+02 6.0288598633e+02 6.0299298096e+02 6.0312298584e+02 6.0329199219e+02 6.0344897461e+02 6.0358697510e+02 6.0370898438e+02 6.0379797363e+02 6.0386602783e+02 6.0392999268e+02 6.0396600342e+02 6.0400000000e+02 6.0406402588e+02 6.0419201660e+02 6.0433300781e+02 6.0450701904e+02 6.0470501709e+02 6.0482501221e+02 6.0494396973e+02 6.0506500244e+02 6.0517297363e+02 6.0526098633e+02 6.0535302734e+02 6.0545898438e+02 6.0558300781e+02 6.0568499756e+02 6.0578100586e+02 6.0587200928e+02 6.0595501709e+02 6.0603002930e+02 6.0611102295e+02 6.0620098877e+02 6.0629901123e+02 6.0639599609e+02 6.0649597168e+02 6.0659301758e+02 6.0668499756e+02 6.0679400635e+02 6.0691400146e+02 6.0703002930e+02
6.0197399902e+02 6.0207299805e+02 6.0216998291e+02 6.0227502441e+02 6.0238000488e+02 6.0253497314e+02 6.0271801758e+02 6.0284197998e+02 6.0298498535e+02 6.0317199707e+02 6.0333697510e+02 6.0346099854e+02 6.0357202148e+02 6.0366400146e+02 6.0375201416e+02 6.0382397461e+02 6.0385302734e+02 6.0386602783e+02 6.0391198730e+02 6.0405700684e+02 6.0414697266e+02 6.0424102783e+02 6.0443103027e+02 6.0462902832e+02 6.0479998779e+02 6.0493902588e+02 6.0503497314e+02 6.0511798096e+02 6.0520397949e+02 6.0529998779e+02 6.0541497803e+02 6.0551800537e+02 6.0562402344e+02 6.0572998047e+02 6.0581402588e+02 6.0588500977e+02 6.0597601318e+02 6.0607598877e+02 6.0617401123e+02 6.0628100586e+02 6.0640197754e+02 6.0652197266e+02 6.0664202881e+02 6.0677099609e+02 6.0689001465e+02 6.0699499512e+02
6.0181701660e+02 6.0187902832e+02 6.0195697021e+02 6.0206799316e+02 6.0219799805e+02 6.0235699463e+02 6.0253100586e+02 6.0266699219e+02 6.0281896973e+02 6.0299902344e+02 6.0315197754e+02 6.0327899170e+02 6.0339801025e+02 6.0351800537e+02 6.0365502930e+02 6.0373699951e+02 6.0376202393e+02 6.0374798584e+02 6.0372998047e+02 6.0383697510e+02 6.0392602539e+02 6.0400000000e+02 6.0417797852e+02 6.0442901611e+02 6.0464099121e+02 6.0480297852e+02 6.0490802002e+02 6.0498498535e+02 6.0508502197e+02 6.0518701172e+02 6.0529199219e+02 6.0539898682e+02 6.0552398682e+02 6.0565502930e+02 6.0576800537e+02 6.0578002930e+02 6.0585601807e+02 6.0594500732e+02 6.0605902100e+02 6.0619097900e+02 6.0632897949e+02 6.0647100830e+02 6.0662597656e+02 6.0674798584e+02 6.0685302734e+02 6.0693798828e+02
6.0171197510e+02 6.0174298096e+02 6.0180902100e+02 6.0190301514e+02 6.0202001953e+02 6.0216101074e+02 6.0230798340e+02 6.0244799805e+02 6.0261602783e+02 6.0279602051e+02 6.0295501709e+02 6.0309301758e+02 6.0323797607e+02 6.0338702393e+02 6.0354901123e+02 6.0365502930e+02 6.0368103027e+02 6.0366497803e+02 6.0364398193e+02 6.0369500732e+02 6.0376800537e+02 6.0384301758e+02 6.0401300049e+02 6.0425299072e+02 6.0446301270e+02 6.0463598633e+02 6.0476599121e+02 6.0487500000e+02 6.0499200439e+02 6.0509197998e+02 6.0516699219e+02 6.0528399658e+02 6.0544201660e+02 6.0559802246e+02 6.0565997314e+02 6.0566101074e+02 6.0571197510e+02 6.0578601074e+02 6.0591302490e+02 6.0606701660e+02 6.0621997070e+02 6.0637597656e+02 6.0652301025e+02 6.0664898682e+02 6.0675201416e+02 6.0683300781e+02
6.0164898682e+02 6.0164202881e+02 6.0169000244e+02 6.0176898193e+02 6.0186199951e+02 6.0197802734e+02 6.0210498047e+02 6.0223297119e+02 6.0239300537e+02 6.0257501221e+02 6.0275402832e+02 6.0291400146e+02 6.0307397461e+02 6.0323999023e+02 6.0342297363e+02 6.0355297852e+02 6.0360101318e+02 6.0360900879e+02 6.0360998535e+02 6.0363500977e+02 6.0366802979e+02 6.0371197510e+02 6.0386401367e+02 6.0409301758e+02 6.0429901123e+02 6.0447601318e+02 6.0463397217e+02 6.0477697754e+02 6.0489801025e+02 6.0498797607e+02 6.0504602051e+02 6.0517602539e+02 6.0533502197e+02 6.0547900391e+02 6.0551599121e+02 6.0550097656e+02 6.0554400635e+02 6.0561602783e+02 6.0574298096e+02 6.0590899658e+02 6.0607800293e+02 6.0624700928e+02 6.0639697266e+02 6.0652502441e+02 6.0663598633e+02 6.0672497559e+02
6.0153997803e+02 6.0154797363e+02 6.0157897949e+02 6.0165301514e+02 6.0173901367e+02 6.0183398438e+02 6.0193798828e+02 6.0204101563e+02 6.0218103027e+02 6.0236297607e+02 6.0255999756e+02 6.0272900391e+02 6.0289898682e+02 6.0307299805e+02 6.0326098633e+02 6.0341400146e+02 6.0350299072e+02 6.0355902100e+02 6.0360601807e+02 6.0362701416e+02 6.0362298584e+02 6.0363201904e+02 6.0375097656e+02 6.0396398926e+02 6.0415698242e+02 6.0433197021e+02 6.0450598145e+02 6.0466302490e+02 6.0477899170e+02 6.0485900879e+02 6.0491101074e+02 6.0503497314e+02 6.0517297363e+02 6.0529101563e+02 6.0532598877e+02 6.0531896973e+02 6.0535699463e+02 6.0542700195e+02 6.0555297852e+02 6.0572802734e+02 6.0590997314e+02 6.0609002686e+02 6.0624700928e+02 6.0638201904e+02 6.0650299072e+02 6.0660498047e+02
