TESTSERVER/0/4.asc
NCOLS 100
NROWS 100
XLLCORNER 7.4997500000e+03
YLLCORNER 2.8975025000e+05
CELLSIZE 5.0000000000e-01
NODATA_VALUE -9.9990000000e+03
[rows 40 to 59 of 100, columns 0 to 45 of 100]
6.0138098145e+02 6.0141400146e+02 6.0144396973e+02 6.0150701904e+02 6.0159497070e+02 6.0168597412e+02 6.0177502441e+02 6.0187298584e+02 6.0199902344e+02 6.0217401123e+02 6.0236499023e+02 6.0253497314e+02 6.0270202637e+02 6.0287298584e+02 6.0303601074e+02 6.0321600342e+02 6.0335601807e+02 6.0348199463e+02 6.0361798096e+02 6.0364599609e+02 6.0362500000e+02 6.0361798096e+02 6.0369097900e+02 6.0385900879e+02 6.0403802490e+02 6.0420397949e+02 6.0435302734e+02 6.0451397705e+02 6.0462200928e+02 6.0469702148e+02 6.0475500488e+02 6.0485998535e+02 6.0496600342e+02 6.0504998779e+02 6.0508099365e+02 6.0511602783e+02 6.0515301514e+02 6.0521801758e+02 6.0530700684e+02 6.0552099609e+02 6.0572198486e+02 6.0591497803e+02 6.0608001709e+02 6.0622497559e+02 6.0635400391e+02 6.0646502686e+02
6.0120898438e+02 6.0126202393e+02 6.0131597900e+02 6.0136798096e+02 6.0145098877e+02 6.0154101563e+02 6.0163098145e+02 6.0173400879e+02 6.0184899902e+02 6.0200000000e+02 6.0217602539e+02 6.0233300781e+02 6.0249499512e+02 6.0265899658e+02 6.0283801270e+02 6.0301397705e+02 6.0317199707e+02 6.0332897949e+02 6.0350299072e+02 6.0361602783e+02 6.0363897705e+02 6.0365100098e+02 6.0369000244e+02 6.0378997803e+02 6.0392297363e+02 6.0406896973e+02 6.0420697021e+02 6.0433801270e+02 6.0443200684e+02 6.0449902344e+02 6.0455700684e+02 6.0464001465e+02 6.0472698975e+02 6.0480798340e+02 6.0487097168e+02 6.0492102051e+02 6.0498101807e+02 6.0506298828e+02 6.0517999268e+02 6.0536297607e+02 6.0556201172e+02 6.0574902344e+02 6.0592199707e+02 6.0607897949e+02 6.0621002197e+02 6.0632202148e+02
6.0104797363e+02 6.0110900879e+02 6.0118798828e+02 6.0124700928e+02 6.0132897949e+02 6.0143402100e+02 6.0152301025e+02 6.0162402344e+02 6.0172198486e+02 6.0183197021e+02 6.0197900391e+02 6.0213897705e+02 6.0229498291e+02 6.0245501709e+02 6.0262902832e+02 6.0280902100e+02 6.0297802734e+02 6.0315002441e+02 6.0332702637e+02 6.0348699951e+02 6.0357897949e+02 6.0363500977e+02 6.0367602539e+02 6.0372900391e+02 6.0382397461e+02 6.0394299316e+02 6.0404998779e+02 6.0413800049e+02 6.0420599365e+02 6.0426800537e+02 6.0433398438e+02 6.0440698242e+02 6.0449902344e+02 6.0460498047e+02 6.0470599365e+02 6.0478198242e+02 6.0486602783e+02 6.0497100830e+02 6.0510302734e+02 6.0527301025e+02 6.0545501709e+02 6.0562500000e+02 6.0578802490e+02 6.0594201660e+02 6.0606701660e+02 6.0617797852e+02
6.0091101074e+02 6.0097198486e+02 6.0105700684e+02 6.0111401367e+02 6.0119500732e+02 6.0130200195e+02 6.0140502930e+02 6.0151702881e+02 6.0160498047e+02 6.0168103027e+02 6.0179199219e+02 6.0195202637e+02 6.0210198975e+02 6.0225701904e+02 6.0241998291e+02 6.0259002686e+02 6.0276501465e+02 6.0294598389e+02 6.0312597656e+02 6.0330999756e+02 6.0343798828e+02 6.0352899170e+02 6.0359802246e+02 6.0363598633e+02 6.0370898438e+02 6.0380401611e+02 6.0387500000e+02 6.0392297363e+02 6.0396899414e+02 6.0402697754e+02 6.0410998535e+02 6.0419799805e+02 6.0430999756e+02 6.0444799805e+02 6.0458001709e+02 6.0467700195e+02 6.0478302002e+02 6.0490502930e+02 6.0504797363e+02 6.0521002197e+02 6.0537597656e+02 6.0552899170e+02 6.0567102051e+02 6.0580902100e+02 6.0592401123e+02 6.0602801514e+02
6.0080401611e+02 6.0086602783e+02 6.0095098877e+02 6.0101397705e+02 6.0108801270e+02 6.0118402100e+02 6.0128601074e+02 6.0140197754e+02 6.0149798584e+02 6.0156896973e+02 6.0164501953e+02 6.0176702881e+02 6.0189697266e+02 6.0204101563e+02 6.0217199707e+02 6.0235198975e+02 6.0252600098e+02 6.0271301270e+02 6.0290899658e+02 6.0310400391e+02 6.0323400879e+02 6.0333197021e+02 6.0341198730e+02 6.0348400879e+02 6.0354400635e+02 6.0361199951e+02 6.0367199707e+02 6.0370599365e+02 6.0374597168e+02 6.0381097412e+02 6.0390997314e+02 6.0403601074e+02 6.0415502930e+02 6.0429699707e+02 6.0446301270e+02 6.0458697510e+02 6.0471197510e+02 6.0484399414e+02 6.0499902344e+02 6.0514599609e+02 6.0529602051e+02 6.0543200684e+02 6.0554901123e+02 6.0566699219e+02 6.0577697754e+02 6.0588397217e+02
6.0072497559e+02 6.0077197266e+02 6.0085400391e+02 6.0092102051e+02 6.0098199463e+02 6.0106597900e+02 6.0116998291e+02 6.0128997803e+02 6.0140502930e+02 6.0149102783e+02 6.0153997803e+02 6.0161102295e+02 6.0170898438e+02 6.0183197021e+02 6.0198101807e+02 6.0213598633e+02 6.0230102539e+02 6.0248101807e+02 6.0267498779e+02 6.0285797119e+02 6.0300402832e+02 6.0311798096e+02 6.0320800781e+02 6.0326898193e+02 6.0332501221e+02 6.0338098145e+02 6.0344799805e+02 6.0351202393e+02 6.0358300781e+02 6.0368103027e+02 6.0380200195e+02 6.0398400879e+02 6.0409100342e+02 6.0416101074e+02 6.0429199219e+02 6.0444097900e+02 6.0459301758e+02 6.0473901367e+02 6.0488897705e+02 6.0504101563e+02 6.0518103027e+02 6.0529797363e+02 6.0540301514e+02 6.0552001953e+02 6.0563000488e+02 6.0573602295e+02
6.0063598633e+02 6.0068798828e+02 6.0076898193e+02 6.0083599854e+02 6.0089898682e+02 6.0095898438e+02 6.0105499268e+02 6.0117498779e+02 6.0129797363e+02 6.0139300537e+02 6.0144097900e+02 6.0149499512e+02 6.0157897949e+02 6.0168597412e+02 6.0182000732e+02 6.0195898438e+02 6.0210797119e+02 6.0227301025e+02 6.0245300293e+02 6.0262200928e+02 6.0277001953e+02 6.0289501953e+02 6.0299700928e+02 6.0306896973e+02 6.0313897705e+02 6.0321002197e+02 6.0328698730e+02 6.0337298584e+02 6.0347198486e+02 6.0358697510e+02 6.0370397949e+02 6.0382702637e+02 6.0391802979e+02 6.0398901367e+02 6.0411798096e+02 6.0427197266e+02 6.0443103027e+02 6.0458300781e+02 6.0473297119e+02 6.0488897705e+02 6.0503900146e+02 6.0516198730e+02 6.0527697754e+02 6.0540197754e+02 6.0550701904e+02 6.0560302734e+02
6.0054699707e+02 6.0060198975e+02 6.0067700195e+02 6.0074597168e+02 6.0082397461e+02 6.0088598633e+02 6.0096899414e+02 6.0107800293e+02 6.0119396973e+02 6.0129101563e+02 6.0134802246e+02 6.0139898682e+02 6.0147399902e+02 6.0156896973e+02 6.0168902588e+02 6.0181097412e+02 6.0194097900e+02 6.0208801270e+02 6.0225299072e+02 6.0240502930e+02 6.0254699707e+02 6.0267700195e+02 6.0279199219e+02 6.0288897705e+02 6.0298901367e+02 6.0308898926e+02 6.0318597412e+02 6.0328100586e+02 6.0339099121e+02 6.0351300049e+02 6.0362298584e+02 6.0366400146e+02 6.0373797607e+02 6.0383502197e+02 6.0397998047e+02 6.0412799072e+02 6.0427398682e+02 6.0441497803e+02 6.0455999756e+02 6.0473901367e+02 6.0491400146e+02 6.0505499268e+02 6.0517700195e+02 6.0529998779e+02 6.0540002441e+02 6.0548901367e+02
6.0045098877e+02 6.0050598145e+02 6.0058801270e+02 6.0065002441e+02 6.0073400879e+02 6.0081402588e+02 6.0090100098e+02 6.0099401855e+02 6.0109100342e+02 6.0118298340e+02 6.0125500488e+02 6.0132098389e+02 6.0140197754e+02 6.0149298096e+02 6.0161199951e+02 6.0170001221e+02 6.0181201172e+02 6.0193402100e+02 6.0206799316e+02 6.0221502686e+02 6.0235302734e+02 6.0248400879e+02 6.0260797119e+02 6.0272302246e+02 6.0284600830e+02 6.0297100830e+02 6.0309802246e+02 6.0319598389e+02 6.0329901123e+02 6.0342797852e+02 6.0357098389e+02 6.0363897705e+02 6.0371600342e+02 6.0380401611e+02 6.0390600586e+02 6.0402697754e+02 6.0414697266e+02 6.0427197266e+02 6.0442602539e+02 6.0464001465e+02 6.0484698486e+02 6.0499902344e+02 6.0510302734e+02 6.0519299316e+02 6.0528900146e+02 6.0537500000e+02
6.0036999512e+02 6.0042602539e+02 6.0049200439e+02 6.0056402588e+02 6.0065301514e+02 6.0072998047e+02 6.0079302979e+02 6.0087597656e+02 6.0096801758e+02 6.0105902100e+02 6.0114697266e+02 6.0123297119e+02 6.0132501221e+02 6.0142199707e+02 6.0152001953e+02 6.0161999512e+02 6.0172900391e+02 6.0183801270e+02 6.0195098877e+02 6.0208001709e+02 6.0220300293e+02 6.0231500244e+02 6.0242797852e+02 6.0255102539e+02 6.0268701172e+02 6.0282897949e+02 6.0296301270e+02 6.0306500244e+02 6.0319897461e+02 6.0336798096e+02 6.0353900146e+02 6.0362298584e+02 6.0370001221e+02 6.0378497314e+02 6.0387701416e+02 6.0396398926e+02 6.0404699707e+02 6.0415899658e+02 6.0432000732e+02 6.0455902100e+02 6.0476702881e+02 6.0489202881e+02 6.0496197510e+02 6.0505297852e+02 6.0514599609e+02 6.0523699951e+02
6.0024798584e+02 6.0032397461e+02 6.0038897705e+02 6.0047302246e+02 6.0057098389e+02 6.0062402344e+02 6.0065997314e+02 6.0075000000e+02 6.0084301758e+02 6.0093597412e+02 6.0103399658e+02 6.0113000488e+02 6.0122399902e+02 6.0132397461e+02 6.0142797852e+02 6.0153601074e+02 6.0164398193e+02 6.0174798584e+02 6.0184197998e+02 6.0193798828e+02 6.0204797363e+02 6.0216699219e+02 6.0230102539e+02 6.0243701172e+02 6.0257598877e+02 6.0271502686e+02 6.0283801270e+02 6.0294000244e+02 6.0309698486e+02 6.0329199219e+02 6.0348901367e+02 6.0361199951e+02 6.0370800781e+02 6.0380297852e+02 6.0386401367e+02 6.0389801025e+02 6.0394500732e+02 6.0403601074e+02 6.0419299316e+02 6.0443103027e+02 6.0462799072e+02 6.0473199463e+02 6.0480102539e+02 6.0490802002e+02 6.0500500488e+02 6.0510101318e+02
6.0011901855e+02 6.0020001221e+02 6.0027197266e+02 6.0035498047e+02 6.0045300293e+02 6.0049499512e+02 6.0052099609e+02 6.0062298584e+02 6.0071899414e+02 6.0081298828e+02 6.0091802979e+02 6.0101800537e+02 6.0111499023e+02 6.0121600342e+02 6.0133001709e+02 6.0144897461e+02 6.0155798340e+02 6.0165899658e+02 6.0174298096e+02 6.0181896973e+02 6.0192401123e+02 6.0206597900e+02 6.0223297119e+02 6.0237298584e+02 6.0250299072e+02 6.0262200928e+02 6.0273199463e+02 6.0283898926e+02 6.0299102783e+02 6.0318499756e+02 6.0339099121e+02 6.0354302979e+02 6.0365197754e+02 6.0374401855e+02 6.0378802490e+02 6.0379602051e+02 6.0382202148e+02 6.0390002441e+02 6.0405102539e+02 6.0427697754e+02 6.0446502686e+02 6.0456597900e+02 6.0464697266e+02 6.0476898193e+02 6.0487298584e+02 6.0497802734e+02
5.9998400879e+02 6.0006896973e+02 6.0016198730e+02 6.0022698975e+02 6.0030902100e+02 6.0036999512e+02 6.0043597412e+02 6.0052099609e+02 6.0061700439e+02 6.0070800781e+02 6.0079302979e+02 6.0089202881e+02 6.0099102783e+02 6.0109600830e+02 6.0121697998e+02 6.0134399414e+02 6.0145800781e+02 6.0156298828e+02 6.0166198730e+02 6.0172302246e+02 6.0181500244e+02 6.0197998047e+02 6.0221502686e+02 6.0234899902e+02 6.0246002197e+02 6.0253802490e+02 6.0260900879e+02 6.0273101807e+02 6.0288201904e+02 6.0305902100e+02 6.0323901367e+02 6.0341101074e+02 6.0351397705e+02 6.0359197998e+02 6.0363397217e+02 6.0365502930e+02 6.0369500732e+02 6.0378198242e+02 6.0392199707e+02 6.0413397217e+02 6.0431500244e+02 6.0442901611e+02 6.0452001953e+02 6.0464599609e+02 6.0475799561e+02 6.0486602783e+02
5.9984002686e+02 5.9992797852e+02 6.0003302002e+02 6.0011297607e+02 6.0019097900e+02 6.0028198242e+02 6.0034002686e+02 6.0043597412e+02 6.0053601074e+02 6.0061999512e+02 6.0068402100e+02 6.0076501465e+02 6.0085699463e+02 6.0095697021e+02 6.0108197021e+02 6.0121002197e+02 6.0132202148e+02 6.0142797852e+02 6.0153302002e+02 6.0160797119e+02 6.0169000244e+02 6.0185198975e+02 6.0208099365e+02 6.0227398682e+02 6.0237902832e+02 6.0241302490e+02 6.0245202637e+02 6.0257702637e+02 6.0274298096e+02 6.0291198730e+02 6.0306597900e+02 6.0322900391e+02 6.0334197998e+02 6.0342102051e+02 6.0347198486e+02 6.0352899170e+02 6.0361798096e+02 6.0372998047e+02 6.0384997559e+02 6.0403497314e+02 6.0421502686e+02 6.0434301758e+02 6.0444598389e+02 6.0455902100e+02 6.0465600586e+02 6.0474499512e+02
5.9968902588e+02 5.9977697754e+02 5.9988800049e+02 5.9998498535e+02 6.0007299805e+02 6.0016601563e+02 6.0023101807e+02 6.0033502197e+02 6.0043798828e+02 6.0052099609e+02 6.0057598877e+02 6.0064398193e+02 6.0072698975e+02 6.0081896973e+02 6.0093701172e+02 6.0106402588e+02 6.0117297363e+02 6.0127600098e+02 6.0136901855e+02 6.0145202637e+02 6.0154998779e+02 6.0169799805e+02 6.0188397217e+02 6.0207897949e+02 6.0220001221e+02 6.0225299072e+02 6.0230200195e+02 6.0242297363e+02 6.0258197021e+02 6.0275000000e+02 6.0292199707e+02 6.0307098389e+02 6.0316497803e+02 6.0321801758e+02 6.0327899170e+02 6.0338598633e+02 6.0351397705e+02 6.0364501953e+02 6.0376702881e+02 6.0396099854e+02 6.0414898682e+02 6.0429101563e+02 6.0439599609e+02 6.0448400879e+02 6.0456799316e+02 6.0464202881e+02
5.9955297852e+02 5.9963897705e+02 5.9974102783e+02 5.9984100342e+02 5.9993200684e+02 6.0002197266e+02 6.0010998535e+02 6.0022802734e+02 6.0033300781e+02 6.0041802979e+02 6.0046997070e+02 6.0052697754e+02 6.0060101318e+02 6.0068499756e+02 6.0078698730e+02 6.0090301514e+02 6.0101098633e+02 6.0111199951e+02 6.0120001221e+02 6.0129699707e+02 6.0140197754e+02 6.0152502441e+02 6.0165899658e+02 6.0182598877e+02 6.0196099854e+02 6.0205499268e+02 6.0214099121e+02 6.0226098633e+02 6.0240698242e+02 6.0255999756e+02 6.0274200439e+02 6.0288299561e+02 6.0297698975e+02 6.0302398682e+02 6.0308599854e+02 6.0321398926e+02 6.0336901855e+02 6.0351599121e+02 6.0364801025e+02 6.0385900879e+02 6.0406298828e+02 6.0422100830e+02 6.0432897949e+02 6.0439898682e+02 6.0447198486e+02 6.0453497314e+02
5.9940802002e+02 5.9950201416e+02 5.9960797119e+02 5.9969897461e+02 5.9978997803e+02 5.9988000488e+02 5.9997900391e+02 6.0010400391e+02 6.0021899414e+02 6.0032000732e+02 6.0039801025e+02 6.0041302490e+02 6.0047100830e+02 6.0053698730e+02 6.0059802246e+02 6.0072900391e+02 6.0084100342e+02 6.0094500732e+02 6.0105297852e+02 6.0115002441e+02 6.0124499512e+02 6.0134899902e+02 6.0147399902e+02 6.0160302734e+02 6.0172497559e+02 6.0184399414e+02 6.0196697998e+02 6.0210797119e+02 6.0224597168e+02 6.0236102295e+02 6.0247998047e+02 6.0261499023e+02 6.0270599365e+02 6.0278900146e+02 6.0289697266e+02 6.0303100586e+02 6.0319201660e+02 6.0334600830e+02 6.0348498535e+02 6.0369396973e+02 6.0390100098e+02 6.0407299805e+02 6.0418902588e+02 6.0428900146e+02 6.0437097168e+02 6.0443798828e+02
5.9926702881e+02 5.9935198975e+02 5.9945599365e+02 5.9955603027e+02 5.9965997314e+02 5.9975000000e+02 5.9984002686e+02 5.9995397949e+02 6.0007397461e+02 6.0019299316e+02 6.0027697754e+02 6.0031402588e+02 6.0037701416e+02 6.0044500732e+02 6.0051202393e+02 6.0059497070e+02 6.0069201660e+02 6.0078900146e+02 6.0088702393e+02 6.0099298096e+02 6.0109002686e+02 6.0119598389e+02 6.0131597900e+02 6.0143402100e+02 6.0153698730e+02 6.0164599609e+02 6.0177197266e+02 6.0193798828e+02 6.0207897949e+02 6.0218402100e+02 6.0228198242e+02 6.0237200928e+02 6.0246099854e+02 6.0259100342e+02 6.0275701904e+02 6.0289599609e+02 6.0304498291e+02 6.0319500732e+02 6.0334802246e+02 6.0353002930e+02 6.0371697998e+02 6.0388000488e+02 6.0400097656e+02 6.0409698486e+02 6.0417901611e+02 6.0423602295e+02
5.9913897705e+02 5.9922302246e+02 5.9931500244e+02 5.9941101074e+02 5.9952099609e+02 5.9961297607e+02 5.9970202637e+02 5.9980499268e+02 5.9991601563e+02 6.0002899170e+02 6.0012902832e+02 6.0019702148e+02 6.0027600098e+02 6.0035699463e+02 6.0042401123e+02 6.0048199463e+02 6.0055999756e+02 6.0064801025e+02 6.0074700928e+02 6.0085797119e+02 6.0095202637e+02 6.0105798340e+02 6.0117401123e+02 6.0128302002e+02 6.0137597656e+02 6.0147399902e+02 6.0158898926e+02 6.0173101807e+02 6.0185998535e+02 6.0197698975e+02 6.0210400391e+02 6.0220697021e+02 6.0230499268e+02 6.0245501709e+02 6.0264099121e+02 6.0277801514e+02 6.0291998291e+02 6.0305603027e+02 6.0319799805e+02 6.0337902832e+02 6.0357800293e+02 6.0375097656e+02 6.0386499023e+02 6.0395300293e+02 6.0401501465e+02 6.0404498291e+02
5.9899700928e+02 5.9908502197e+02 5.9917602539e+02 5.9926800537e+02 5.9937097168e+02 5.9945800781e+02 5.9955401611e+02 5.9966302490e+02 5.9976501465e+02 5.9986602783e+02 5.9996600342e+02 6.0005798340e+02 6.0015502930e+02 6.0024798584e+02 6.0032397461e+02 6.0037701416e+02 6.0044598389e+02 6.0052600098e+02 6.0062402344e+02 6.0071899414e+02 6.0079199219e+02 6.0089202881e+02 6.0101702881e+02 6.0113500977e+02 6.0122998047e+02 6.0132299805e+02 6.0143200684e+02 6.0153997803e+02 6.0164202881e+02 6.0175701904e+02 6.0190399170e+02 6.0203802490e+02 6.0214801025e+02 6.0229602051e+02 6.0247399902e+02 6.0261999512e+02 6.0276300049e+02 6.0288897705e+02 6.0301397705e+02 6.0320599365e+02 6.0342999268e+02 6.0362200928e+02 6.0373101807e+02 6.0382501221e+02 6.0388000488e+02 6.0389202881e+02
