TESTSERVER/0/5.asc
NCOLS 100
NROWS 100
XLLCORNER 7.4997500000e+03
YLLCORNER 2.8970025000e+05
CELLSIZE 5.0000000000e-01
NODATA_VALUE -9.9990000000e+03
[rows 0 to 19 of 100, columns 0 to 45 of 100]
5.9303302002e+02 5.9310797119e+02 5.9318200684e+02 5.9324401855e+02 5.9332202148e+02 5.9339300537e+02 5.9346997070e+02 5.9356097412e+02 5.9363702393e+02 5.9370800781e+02 5.9380499268e+02 5.9388702393e+02 5.9395397949e+02 5.9402301025e+02 5.9412298584e+02 5.9423498535e+02 5.9433801270e+02 5.9443298340e+02 5.9453002930e+02 5.9462402344e+02 5.9471697998e+02 5.9481597900e+02 5.9490600586e+02 5.9498498535e+02 5.9509197998e+02 5.9520599365e+02 5.9531097412e+02 5.9540502930e+02 5.9549597168e+02 5.9559197998e+02 5.9569897461e+02 5.9579998779e+02 5.9589697266e+02 5.9598999023e+02 5.9610998535e+02 5.9621899414e+02 5.9631201172e+02 5.9640502930e+02 5.9650701904e+02 5.9661602783e+02 5.9672100830e+02 5.9680902100e+02 5.9689599609e+02 5.9702001953e+02 5.9713201904e+02 5.9723400879e+02
5.9292901611e+02 5.9301397705e+02 5.9308599854e+02 5.9314697266e+02 5.9321801758e+02 5.9328601074e+02 5.9335601807e+02 5.9344598389e+02 5.9352398682e+02 5.9359497070e+02 5.9368597412e+02 5.9377197266e+02 5.9384197998e+02 5.9391302490e+02 5.9401300049e+02 5.9411700439e+02 5.9421502686e+02 5.9430700684e+02 5.9440301514e+02 5.9449700928e+02 5.9458898926e+02 5.9469299316e+02 5.9478802490e+02 5.9486499023e+02 5.9496997070e+02 5.9506799316e+02 5.9516900635e+02 5.9527301025e+02 5.9536602783e+02 5.9546600342e+02 5.9557098389e+02 5.9567199707e+02 5.9577502441e+02 5.9587298584e+02 5.9599102783e+02 5.9609301758e+02 5.9618499756e+02 5.9628601074e+02 5.9638299561e+02 5.9647698975e+02 5.9657800293e+02 5.9667797852e+02 5.9677600098e+02 5.9688598633e+02 5.9699298096e+02 5.9709600830e+02
5.9282598877e+02 5.9290100098e+02 5.9296997070e+02 5.9303198242e+02 5.9309997559e+02 5.9317498779e+02 5.9325000000e+02 5.9333502197e+02 5.9341101074e+02 5.9348498535e+02 5.9357800293e+02 5.9366601563e+02 5.9374298096e+02 5.9382098389e+02 5.9391101074e+02 5.9399597168e+02 5.9408398438e+02 5.9417498779e+02 5.9428002930e+02 5.9437200928e+02 5.9446301270e+02 5.9456799316e+02 5.9465802002e+02 5.9474298096e+02 5.9484698486e+02 5.9493402100e+02 5.9503497314e+02 5.9513800049e+02 5.9523498535e+02 5.9533801270e+02 5.9543798828e+02 5.9554699707e+02 5.9565301514e+02 5.9575000000e+02 5.9586401367e+02 5.9595898438e+02 5.9605401611e+02 5.9616497803e+02 5.9626300049e+02 5.9635699463e+02 5.9644897461e+02 5.9654602051e+02 5.9665301514e+02 5.9675598145e+02 5.9686297607e+02 5.9696600342e+02
5.9273999023e+02 5.9280102539e+02 5.9286102295e+02 5.9292498779e+02 5.9300000000e+02 5.9308599854e+02 5.9315698242e+02 5.9323498535e+02 5.9330603027e+02 5.9337902832e+02 5.9347698975e+02 5.9356500244e+02 5.9364398193e+02 5.9372497559e+02 5.9381097412e+02 5.9389099121e+02 5.9396697998e+02 5.9405603027e+02 5.9415997314e+02 5.9424499512e+02 5.9433599854e+02 5.9443902588e+02 5.9452899170e+02 5.9461798096e+02 5.9471997070e+02 5.9480798340e+02 5.9491400146e+02 5.9501300049e+02 5.9510699463e+02 5.9520599365e+02 5.9530401611e+02 5.9541497803e+02 5.9551702881e+02 5.9561700439e+02 5.9573699951e+02 5.9582800293e+02 5.9592297363e+02 5.9603198242e+02 5.9613201904e+02 5.9623498535e+02 5.9632702637e+02 5.9642199707e+02 5.9653302002e+02 5.9663201904e+02 5.9673901367e+02 5.9683898926e+02
5.9265600586e+02 5.9271502686e+02 5.9277899170e+02 5.9284301758e+02 5.9291302490e+02 5.9298602295e+02 5.9304998779e+02 5.9313800049e+02 5.9321398926e+02 5.9328302002e+02 5.9337298584e+02 5.9345898438e+02 5.9353302002e+02 5.9361102295e+02 5.9369396973e+02 5.9377801514e+02 5.9385797119e+02 5.9394897461e+02 5.9404400635e+02 5.9413500977e+02 5.9421997070e+02 5.9431500244e+02 5.9440899658e+02 5.9449401855e+02 5.9458599854e+02 5.9467498779e+02 5.9478302002e+02 5.9487799072e+02 5.9496997070e+02 5.9506896973e+02 5.9517797852e+02 5.9528100586e+02 5.9537597656e+02 5.9547998047e+02 5.9561798096e+02 5.9570898438e+02 5.9579901123e+02 5.9589599609e+02 5.9599298096e+02 5.9609600830e+02 5.9619897461e+02 5.9630401611e+02 5.9640600586e+02 5.9650299072e+02 5.9660797119e+02 5.9670599365e+02
5.9257000732e+02 5.9263201904e+02 5.9269500732e+02 5.9276098633e+02 5.9282598877e+02 5.9289202881e+02 5.9295800781e+02 5.9304302979e+02 5.9312097168e+02 5.9319000244e+02 5.9326800537e+02 5.9334899902e+02 5.9342999268e+02 5.9351098633e+02 5.9358697510e+02 5.9366198730e+02 5.9374102783e+02 5.9383197021e+02 5.9392901611e+02 5.9402001953e+02 5.9410400391e+02 5.9419500732e+02 5.9428497314e+02 5.9437902832e+02 5.9447900391e+02 5.9455297852e+02 5.9465002441e+02 5.9475097656e+02 5.9484399414e+02 5.9494299316e+02 5.9504998779e+02 5.9515100098e+02 5.9525402832e+02 5.9535302734e+02 5.9547998047e+02 5.9556896973e+02 5.9566601563e+02 5.9577398682e+02 5.9587298584e+02 5.9596600342e+02 5.9606799316e+02 5.9617199707e+02 5.9626898193e+02 5.9636798096e+02 5.9647302246e+02 5.9657702637e+02
5.9248999023e+02 5.9254998779e+02 5.9260797119e+02 5.9267498779e+02 5.9273999023e+02 5.9280499268e+02 5.9286700439e+02 5.9293902588e+02 5.9301501465e+02 5.9308801270e+02 5.9316802979e+02 5.9324499512e+02 5.9333099365e+02 5.9341497803e+02 5.9348797607e+02 5.9356402588e+02 5.9363897705e+02 5.9372198486e+02 5.9381701660e+02 5.9390100098e+02 5.9398400879e+02 5.9407598877e+02 5.9415698242e+02 5.9424700928e+02 5.9435101318e+02 5.9443200684e+02 5.9452899170e+02 5.9463299561e+02 5.9472198486e+02 5.9482000732e+02 5.9492199707e+02 5.9501202393e+02 5.9511602783e+02 5.9521600342e+02 5.9533801270e+02 5.9542901611e+02 5.9552301025e+02 5.9562902832e+02 5.9574200439e+02 5.9584002686e+02 5.9594500732e+02 5.9604797363e+02 5.9614398193e+02 5.9624102783e+02 5.9634197998e+02 5.9645300293e+02
5.9241497803e+02 5.9247601318e+02 5.9252502441e+02 5.9258801270e+02 5.9265301514e+02 5.9271899414e+02 5.9278100586e+02 5.9284600830e+02 5.9291497803e+02 5.9298498535e+02 5.9306799316e+02 5.9314300537e+02 5.9322601318e+02 5.9330999756e+02 5.9338397217e+02 5.9346002197e+02 5.9353698730e+02 5.9361798096e+02 5.9370501709e+02 5.9378698730e+02 5.9387097168e+02 5.9396301270e+02 5.9404302979e+02 5.9411999512e+02 5.9421801758e+02 5.9430798340e+02 5.9441198730e+02 5.9451202393e+02 5.9459997559e+02 5.9469702148e+02 5.9479797363e+02 5.9488897705e+02 5.9498498535e+02 5.9508502197e+02 5.9520599365e+02 5.9530200195e+02 5.9539202881e+02 5.9549597168e+02 5.9561401367e+02 5.9571600342e+02 5.9582000732e+02 5.9592102051e+02 5.9601800537e+02 5.9611499023e+02 5.9621600342e+02 5.9632598877e+02
5.9234197998e+02 5.9240502930e+02 5.9245202637e+02 5.9250598145e+02 5.9256896973e+02 5.9263201904e+02 5.9268499756e+02 5.9275299072e+02 5.9282202148e+02 5.9288800049e+02 5.9296099854e+02 5.9303698730e+02 5.9310998535e+02 5.9319097900e+02 5.9328399658e+02 5.9335900879e+02 5.9343298340e+02 5.9351501465e+02 5.9361102295e+02 5.9368298340e+02 5.9376702881e+02 5.9385400391e+02 5.9394500732e+02 5.9402301025e+02 5.9410797119e+02 5.9419299316e+02 5.9429101563e+02 5.9439501953e+02 5.9447802734e+02 5.9456896973e+02 5.9467602539e+02 5.9476000977e+02 5.9485400391e+02 5.9495599365e+02 5.9507702637e+02 5.9518402100e+02 5.9527801514e+02 5.9537902832e+02 5.9547998047e+02 5.9558099365e+02 5.9568298340e+02 5.9578698730e+02 5.9588702393e+02 5.9599597168e+02 5.9610198975e+02 5.9620599365e+02
5.9226800537e+02 5.9232299805e+02 5.9237597656e+02 5.9243597412e+02 5.9249298096e+02 5.9254901123e+02 5.9260400391e+02 5.9267401123e+02 5.9273999023e+02 5.9280401611e+02 5.9288098145e+02 5.9294201660e+02 5.9300897217e+02 5.9309497070e+02 5.9319097900e+02 5.9326397705e+02 5.9333001709e+02 5.9341198730e+02 5.9351000977e+02 5.9357897949e+02 5.9364898682e+02 5.9373498535e+02 5.9383197021e+02 5.9391601563e+02 5.9400402832e+02 5.9408898926e+02 5.9418701172e+02 5.9428002930e+02 5.9435601807e+02 5.9444000244e+02 5.9455401611e+02 5.9464697266e+02 5.9473199463e+02 5.9483197021e+02 5.9495300293e+02 5.9505401611e+02 5.9514599609e+02 5.9524102783e+02 5.9533801270e+02 5.9544201660e+02 5.9555401611e+02 5.9566302490e+02 5.9576898193e+02 5.9587402344e+02 5.9598101807e+02 5.9608398438e+02
5.9218701172e+02 5.9224499512e+02 5.9230297852e+02 5.9236798096e+02 5.9242700195e+02 5.9247302246e+02 5.9252197266e+02 5.9258898926e+02 5.9265197754e+02 5.9271801758e+02 5.9279998779e+02 5.9286102295e+02 5.9292999268e+02 5.9301000977e+02 5.9309197998e+02 5.9315600586e+02 5.9322698975e+02 5.9331402588e+02 5.9340698242e+02 5.9347497559e+02 5.9353997803e+02 5.9363000488e+02 5.9372399902e+02 5.9380700684e+02 5.9389599609e+02 5.9398101807e+02 5.9407800293e+02 5.9416802979e+02 5.9424902344e+02 5.9433502197e+02 5.9443298340e+02 5.9452899170e+02 5.9461700439e+02 5.9471600342e+02 5.9483300781e+02 5.9492797852e+02 5.9502001953e+02 5.9511602783e+02 5.9521600342e+02 5.9532000732e+02 5.9543402100e+02 5.9554400635e+02 5.9565197754e+02 5.9575097656e+02 5.9585498047e+02 5.9595397949e+02
5.9211401367e+02 5.9217297363e+02 5.9222900391e+02 5.9229101563e+02 5.9234899902e+02 5.9239398193e+02 5.9244500732e+02 5.9251000977e+02 5.9257098389e+02 5.9263299561e+02 5.9271099854e+02 5.9276898193e+02 5.9284197998e+02 5.9291900635e+02 5.9298999023e+02 5.9304901123e+02 5.9313098145e+02 5.9322198486e+02 5.9330902100e+02 5.9336901855e+02 5.9343798828e+02 5.9353399658e+02 5.9361999512e+02 5.9370202637e+02 5.9378302002e+02 5.9386700439e+02 5.9395898438e+02 5.9405102539e+02 5.9413800049e+02 5.9422698975e+02 5.9431597900e+02 5.9440600586e+02 5.9449597168e+02 5.9460198975e+02 5.9471997070e+02 5.9481097412e+02 5.9490301514e+02 5.9500097656e+02 5.9509997559e+02 5.9520697021e+02 5.9531402588e+02 5.9541699219e+02 5.9552197266e+02 5.9562402344e+02 5.9572998047e+02 5.9583001709e+02
5.9204998779e+02 5.9210302734e+02 5.9215197754e+02 5.9221398926e+02 5.9227301025e+02 5.9232598877e+02 5.9238500977e+02 5.9244897461e+02 5.9250201416e+02 5.9256201172e+02 5.9262902832e+02 5.9268298340e+02 5.9275201416e+02 5.9283099365e+02 5.9290399170e+02 5.9297698975e+02 5.9304602051e+02 5.9311499023e+02 5.9320599365e+02 5.9327502441e+02 5.9334997559e+02 5.9344299316e+02 5.9352398682e+02 5.9359301758e+02 5.9367498779e+02 5.9376397705e+02 5.9385498047e+02 5.9394299316e+02 5.9401898193e+02 5.9409997559e+02 5.9420300293e+02 5.9429498291e+02 5.9438702393e+02 5.9449902344e+02 5.9460601807e+02 5.9469097900e+02 5.9478497314e+02 5.9488598633e+02 5.9497601318e+02 5.9508398438e+02 5.9518499756e+02 5.9528399658e+02 5.9539099121e+02 5.9549499512e+02 5.9559698486e+02 5.9569500732e+02
5.9197998047e+02 5.9203100586e+02 5.9208398438e+02 5.9214202881e+02 5.9220098877e+02 5.9226300049e+02 5.9231097412e+02 5.9237097168e+02 5.9242498779e+02 5.9248400879e+02 5.9255297852e+02 5.9261297607e+02 5.9267901611e+02 5.9275000000e+02 5.9281298828e+02 5.9289398193e+02 5.9296600342e+02 5.9302801514e+02 5.9309497070e+02 5.9315899658e+02 5.9324499512e+02 5.9333599854e+02 5.9341302490e+02 5.9348699951e+02 5.9357800293e+02 5.9366699219e+02 5.9375500488e+02 5.9384399414e+02 5.9391998291e+02 5.9399798584e+02 5.9409698486e+02 5.9417602539e+02 5.9426300049e+02 5.9437097168e+02 5.9447302246e+02 5.9456097412e+02 5.9466101074e+02 5.9477099609e+02 5.9487097168e+02 5.9496099854e+02 5.9505700684e+02 5.9515899658e+02 5.9526501465e+02 5.9536602783e+02 5.9546502686e+02 5.9556201172e+02
5.9191497803e+02 5.9196697998e+02 5.9201800537e+02 5.9207299805e+02 5.9212597656e+02 5.9218798828e+02 5.9224499512e+02 5.9230499268e+02 5.9236297607e+02 5.9241699219e+02 5.9248199463e+02 5.9254302979e+02 5.9260400391e+02 5.9266601563e+02 5.9273199463e+02 5.9281500244e+02 5.9288800049e+02 5.9295001221e+02 5.9300299072e+02 5.9307000732e+02 5.9315301514e+02 5.9323297119e+02 5.9331201172e+02 5.9338598633e+02 5.9347100830e+02 5.9356201172e+02 5.9364801025e+02 5.9373602295e+02 5.9382501221e+02 5.9391101074e+02 5.9400000000e+02 5.9407000732e+02 5.9415197754e+02 5.9425299072e+02 5.9435198975e+02 5.9444201660e+02 5.9454400635e+02 5.9464898682e+02 5.9475097656e+02 5.9484197998e+02 5.9494000244e+02 5.9503997803e+02 5.9514099121e+02 5.9523901367e+02 5.9533801270e+02 5.9542999268e+02
5.9185498047e+02 5.9191101074e+02 5.9195098877e+02 5.9201098633e+02 5.9206799316e+02 5.9212200928e+02 5.9217797852e+02 5.9223797607e+02 5.9229602051e+02 5.9235198975e+02 5.9241302490e+02 5.9246997070e+02 5.9252502441e+02 5.9258898926e+02 5.9266101074e+02 5.9273602295e+02 5.9280297852e+02 5.9286602783e+02 5.9291900635e+02 5.9298901367e+02 5.9305999756e+02 5.9313000488e+02 5.9321899414e+02 5.9329400635e+02 5.9337200928e+02 5.9345501709e+02 5.9353601074e+02 5.9362402344e+02 5.9371697998e+02 5.9380603027e+02 5.9389697266e+02 5.9397497559e+02 5.9405700684e+02 5.9414599609e+02 5.9423297119e+02 5.9432897949e+02 5.9442602539e+02 5.9452301025e+02 5.9462200928e+02 5.9471801758e+02 5.9482397461e+02 5.9491900635e+02 5.9501599121e+02 5.9511700439e+02 5.9521899414e+02 5.9531097412e+02
5.9178698730e+02 5.9184100342e+02 5.9188800049e+02 5.9194799805e+02 5.9200000000e+02 5.9204901123e+02 5.9210302734e+02 5.9216601563e+02 5.9222399902e+02 5.9228198242e+02 5.9234100342e+02 5.9239898682e+02 5.9245800781e+02 5.9251898193e+02 5.9258801270e+02 5.9263897705e+02 5.9270098877e+02 5.9277099609e+02 5.9285101318e+02 5.9291601563e+02 5.9296997070e+02 5.9304602051e+02 5.9312597656e+02 5.9319299316e+02 5.9328302002e+02 5.9336499023e+02 5.9344201660e+02 5.9352001953e+02 5.9360198975e+02 5.9369201660e+02 5.9378497314e+02 5.9385699463e+02 5.9394500732e+02 5.9403002930e+02 5.9411199951e+02 5.9422302246e+02 5.9431799316e+02 5.9440698242e+02 5.9450097656e+02 5.9460900879e+02 5.9471197510e+02 5.9479400635e+02 5.9488702393e+02 5.9499200439e+02 5.9509301758e+02 5.9518798828e+02
5.9172497559e+02 5.9177001953e+02 5.9181500244e+02 5.9188098145e+02 5.9193499756e+02 5.9198699951e+02 5.9203698730e+02 5.9209197998e+02 5.9214898682e+02 5.9221002197e+02 5.9226501465e+02 5.9232098389e+02 5.9237902832e+02 5.9243798828e+02 5.9249798584e+02 5.9255499268e+02 5.9261798096e+02 5.9268597412e+02 5.9277099609e+02 5.9282800293e+02 5.9288098145e+02 5.9296502686e+02 5.9304498291e+02 5.9309997559e+02 5.9318902588e+02 5.9327600098e+02 5.9335601807e+02 5.9342901611e+02 5.9349902344e+02 5.9358502197e+02 5.9368103027e+02 5.9376000977e+02 5.9385101318e+02 5.9392498779e+02 5.9400299072e+02 5.9410900879e+02 5.9420098877e+02 5.9429199219e+02 5.9438397217e+02 5.9448602295e+02 5.9458697510e+02 5.9467498779e+02 5.9476599121e+02 5.9486401367e+02 5.9497100830e+02 5.9507397461e+02
5.9166699219e+02 5.9171197510e+02 5.9175500488e+02 5.9181597900e+02 5.9186999512e+02 5.9192401123e+02 5.9196899414e+02 5.9201702881e+02 5.9207299805e+02 5.9213500977e+02 5.9219201660e+02 5.9224700928e+02 5.9230200195e+02 5.9235797119e+02 5.9241802979e+02 5.9248297119e+02 5.9254498291e+02 5.9260302734e+02 5.9268200684e+02 5.9274200439e+02 5.9279998779e+02 5.9287701416e+02 5.9294396973e+02 5.9300402832e+02 5.9309100342e+02 5.9317498779e+02 5.9325201416e+02 5.9332098389e+02 5.9339599609e+02 5.9348199463e+02 5.9357598877e+02 5.9366302490e+02 5.9375000000e+02 5.9382000732e+02 5.9390100098e+02 5.9399700928e+02 5.9409002686e+02 5.9418402100e+02 5.9427398682e+02 5.9437200928e+02 5.9447100830e+02 5.9456701660e+02 5.9465399170e+02 5.9474200439e+02 5.9484698486e+02 5.9494598389e+02
5.9160498047e+02 5.9165502930e+02 5.9170098877e+02 5.9175201416e+02 5.9179699707e+02 5.9184698486e+02 5.9188897705e+02 5.9194201660e+02 5.9200097656e+02 5.9206097412e+02 5.9212298584e+02 5.9217602539e+02 5.9222698975e+02 5.9228100586e+02 5.9234997559e+02 5.9241101074e+02 5.9246801758e+02 5.9252001953e+02 5.9258898926e+02 5.9265002441e+02 5.9271197510e+02 5.9278100586e+02 5.9284802246e+02 5.9291998291e+02 5.9299298096e+02 5.9306896973e+02 5.9314501953e+02 5.9321801758e+02 5.9329602051e+02 5.9337902832e+02 5.9346502686e+02 5.9355102539e+02 5.9362701416e+02 5.9370300293e+02 5.9379699707e+02 5.9389300537e+02 5.9398602295e+02 5.9407397461e+02 5.9415600586e+02 5.9425000000e+02 5.9434600830e+02 5.9444598389e+02 5.9453497314e+02 5.9462200928e+02 5.9472198486e+02 5.9480999756e+02
