TESTSERVER/0/5.asc
NCOLS 100
NROWS 100
XLLCORNER 7.4997500000e+03
YLLCORNER 2.8970025000e+05
CELLSIZE 5.0000000000e-01
NODATA_VALUE -9.9990000000e+03
[rows 40 to 59 of 100, columns 46 to 91 of 100]
5.9260601807e+02 5.9267498779e+02 5.9273797607e+02 5.9280499268e+02 5.9288000488e+02 5.9296801758e+02 5.9305297852e+02 5.9312500000e+02 5.9321197510e+02 5.9327899170e+02 5.9333898926e+02 5.9342999268e+02 5.9352001953e+02 5.9359802246e+02 5.9366900635e+02 5.9373400879e+02 5.9380700684e+02 5.9389697266e+02 5.9396600342e+02 5.9404199219e+02 5.9412902832e+02 5.9421398926e+02 5.9430102539e+02 5.9439501953e+02 5.9447900391e+02 5.9458502197e+02 5.9467901611e+02 5.9477899170e+02 5.9487799072e+02 5.9496801758e+02 5.9506500244e+02 5.9517498779e+02 5.9528002930e+02 5.9539398193e+02 5.9551599121e+02 5.9562402344e+02 5.9573602295e+02 5.9585400391e+02 5.9597302246e+02 5.9609002686e+02 5.9621099854e+02 5.9634899902e+02 5.9646697998e+02 5.9657299805e+02 5.9667999268e+02 5.9679797363e+02
5.9250897217e+02 5.9256896973e+02 5.9263500977e+02 5.9270800781e+02 5.9278399658e+02 5.9286199951e+02 5.9293298340e+02 5.9300799561e+02 5.9310400391e+02 5.9317297363e+02 5.9323297119e+02 5.9331701660e+02 5.9340197754e+02 5.9347100830e+02 5.9355200195e+02 5.9362298584e+02 5.9369000244e+02 5.9377301025e+02 5.9384301758e+02 5.9392199707e+02 5.9401098633e+02 5.9409600830e+02 5.9417797852e+02 5.9426800537e+02 5.9435601807e+02 5.9445898438e+02 5.9455902100e+02 5.9465997314e+02 5.9474499512e+02 5.9483898926e+02 5.9493402100e+02 5.9503698730e+02 5.9513800049e+02 5.9526501465e+02 5.9538800049e+02 5.9549700928e+02 5.9560900879e+02 5.9572802734e+02 5.9584600830e+02 5.9596301270e+02 5.9608099365e+02 5.9620697021e+02 5.9633001709e+02 5.9644897461e+02 5.9656402588e+02 5.9667498779e+02
5.9241302490e+02 5.9247900391e+02 5.9254998779e+02 5.9262097168e+02 5.9268499756e+02 5.9275000000e+02 5.9281799316e+02 5.9289801025e+02 5.9298999023e+02 5.9306298828e+02 5.9312597656e+02 5.9320397949e+02 5.9328302002e+02 5.9335101318e+02 5.9343499756e+02 5.9350201416e+02 5.9356799316e+02 5.9366101074e+02 5.9373498535e+02 5.9380401611e+02 5.9388299561e+02 5.9396899414e+02 5.9405603027e+02 5.9414599609e+02 5.9423901367e+02 5.9433099365e+02 5.9442602539e+02 5.9452502441e+02 5.9461199951e+02 5.9470898438e+02 5.9480401611e+02 5.9490301514e+02 5.9500201416e+02 5.9513299561e+02 5.9525299072e+02 5.9536602783e+02 5.9548297119e+02 5.9560101318e+02 5.9571899414e+02 5.9583502197e+02 5.9595300293e+02 5.9606896973e+02 5.9618701172e+02 5.9630999756e+02 5.9644097900e+02 5.9656597900e+02
5.9232299805e+02 5.9239001465e+02 5.9245599365e+02 5.9252697754e+02 5.9258502197e+02 5.9264398193e+02 5.9271002197e+02 5.9278900146e+02 5.9286798096e+02 5.9293798828e+02 5.9300402832e+02 5.9308099365e+02 5.9316400146e+02 5.9323901367e+02 5.9331701660e+02 5.9338201904e+02 5.9345001221e+02 5.9354199219e+02 5.9361602783e+02 5.9368499756e+02 5.9376501465e+02 5.9384997559e+02 5.9393798828e+02 5.9402502441e+02 5.9411798096e+02 5.9420098877e+02 5.9428601074e+02 5.9438201904e+02 5.9447802734e+02 5.9458197021e+02 5.9468103027e+02 5.9477899170e+02 5.9488000488e+02 5.9500000000e+02 5.9511102295e+02 5.9522900391e+02 5.9535498047e+02 5.9547399902e+02 5.9559100342e+02 5.9570800781e+02 5.9582501221e+02 5.9594097900e+02 5.9605401611e+02 5.9616497803e+02 5.9629602051e+02 5.9642602539e+02
5.9224597168e+02 5.9230297852e+02 5.9236102295e+02 5.9242901611e+02 5.9248797607e+02 5.9255700684e+02 5.9261901855e+02 5.9268298340e+02 5.9275201416e+02 5.9282397461e+02 5.9288598633e+02 5.9296398926e+02 5.9304901123e+02 5.9312597656e+02 5.9319299316e+02 5.9325598145e+02 5.9334197998e+02 5.9342199707e+02 5.9348901367e+02 5.9355902100e+02 5.9363500977e+02 5.9373498535e+02 5.9381896973e+02 5.9389898682e+02 5.9398199463e+02 5.9407501221e+02 5.9415600586e+02 5.9424902344e+02 5.9434399414e+02 5.9444201660e+02 5.9454797363e+02 5.9465399170e+02 5.9476898193e+02 5.9488201904e+02 5.9498797607e+02 5.9510101318e+02 5.9522302246e+02 5.9534802246e+02 5.9546398926e+02 5.9557702637e+02 5.9569000244e+02 5.9581799316e+02 5.9592797852e+02 5.9603698730e+02 5.9615399170e+02 5.9626898193e+02
5.9215899658e+02 5.9222100830e+02 5.9227899170e+02 5.9233898926e+02 5.9239202881e+02 5.9246697998e+02 5.9252899170e+02 5.9258502197e+02 5.9265802002e+02 5.9272198486e+02 5.9277502441e+02 5.9284997559e+02 5.9292999268e+02 5.9301202393e+02 5.9308801270e+02 5.9314898682e+02 5.9322497559e+02 5.9330102539e+02 5.9336700439e+02 5.9343597412e+02 5.9352099609e+02 5.9361901855e+02 5.9369097900e+02 5.9376599121e+02 5.9385400391e+02 5.9394702148e+02 5.9403497314e+02 5.9413397217e+02 5.9422198486e+02 5.9430902100e+02 5.9441400146e+02 5.9451397705e+02 5.9462597656e+02 5.9475500488e+02 5.9487097168e+02 5.9497601318e+02 5.9508300781e+02 5.9521197510e+02 5.9533197021e+02 5.9544299316e+02 5.9556298828e+02 5.9568597412e+02 5.9579797363e+02 5.9591998291e+02 5.9603399658e+02 5.9614501953e+02
5.9207702637e+02 5.9212902832e+02 5.9218298340e+02 5.9225201416e+02 5.9230499268e+02 5.9236700439e+02 5.9242901611e+02 5.9248699951e+02 5.9255999756e+02 5.9261901855e+02 5.9266900635e+02 5.9273797607e+02 5.9280999756e+02 5.9289001465e+02 5.9296997070e+02 5.9303900146e+02 5.9310998535e+02 5.9318701172e+02 5.9325299072e+02 5.9332397461e+02 5.9340899658e+02 5.9348699951e+02 5.9355603027e+02 5.9363299561e+02 5.9371697998e+02 5.9380401611e+02 5.9389599609e+02 5.9400000000e+02 5.9409399414e+02 5.9419000244e+02 5.9429602051e+02 5.9438702393e+02 5.9448602295e+02 5.9461901855e+02 5.9473999023e+02 5.9484997559e+02 5.9495300293e+02 5.9507702637e+02 5.9519598389e+02 5.9530902100e+02 5.9542999268e+02 5.9554400635e+02 5.9566198730e+02 5.9578802490e+02 5.9590802002e+02 5.9601599121e+02
5.9200000000e+02 5.9204998779e+02 5.9210302734e+02 5.9217297363e+02 5.9222100830e+02 5.9227099609e+02 5.9233398438e+02 5.9239599609e+02 5.9245898438e+02 5.9251702881e+02 5.9257397461e+02 5.9263800049e+02 5.9270202637e+02 5.9277001953e+02 5.9284399414e+02 5.9291802979e+02 5.9298999023e+02 5.9307299805e+02 5.9314001465e+02 5.9320898438e+02 5.9328802490e+02 5.9335601807e+02 5.9343103027e+02 5.9350701904e+02 5.9358300781e+02 5.9366998291e+02 5.9376397705e+02 5.9387200928e+02 5.9396801758e+02 5.9406500244e+02 5.9417199707e+02 5.9426397705e+02 5.9435198975e+02 5.9448101807e+02 5.9460198975e+02 5.9471301270e+02 5.9483001709e+02 5.9494799805e+02 5.9505798340e+02 5.9516900635e+02 5.9529199219e+02 5.9540997314e+02 5.9552801514e+02 5.9565100098e+02 5.9577301025e+02 5.9588702393e+02
5.9190698242e+02 5.9196502686e+02 5.9202301025e+02 5.9208898926e+02 5.9213201904e+02 5.9218200684e+02 5.9224597168e+02 5.9231402588e+02 5.9237097168e+02 5.9241400146e+02 5.9247698975e+02 5.9254498291e+02 5.9260900879e+02 5.9266198730e+02 5.9272399902e+02 5.9280102539e+02 5.9287701416e+02 5.9294702148e+02 5.9302197266e+02 5.9309497070e+02 5.9316699219e+02 5.9325097656e+02 5.9333197021e+02 5.9340399170e+02 5.9347100830e+02 5.9355401611e+02 5.9364898682e+02 5.9375299072e+02 5.9383801270e+02 5.9393402100e+02 5.9403802490e+02 5.9413702393e+02 5.9422399902e+02 5.9434497070e+02 5.9445800781e+02 5.9456597900e+02 5.9469201660e+02 5.9481500244e+02 5.9491601563e+02 5.9502398682e+02 5.9515502930e+02 5.9528302002e+02 5.9539501953e+02 5.9551300049e+02 5.9563299561e+02 5.9575799561e+02
5.9180902100e+02 5.9187902832e+02 5.9193298340e+02 5.9199499512e+02 5.9204901123e+02 5.9209802246e+02 5.9215698242e+02 5.9222497559e+02 5.9228002930e+02 5.9231201172e+02 5.9237200928e+02 5.9244396973e+02 5.9250897217e+02 5.9256597900e+02 5.9262402344e+02 5.9269598389e+02 5.9275701904e+02 5.9281896973e+02 5.9290301514e+02 5.9299200439e+02 5.9306402588e+02 5.9313897705e+02 5.9321899414e+02 5.9328900146e+02 5.9335101318e+02 5.9343402100e+02 5.9352899170e+02 5.9362097168e+02 5.9370001221e+02 5.9380798340e+02 5.9391198730e+02 5.9401000977e+02 5.9410198975e+02 5.9421697998e+02 5.9432202148e+02 5.9442498779e+02 5.9454797363e+02 5.9467102051e+02 5.9477197266e+02 5.9488000488e+02 5.9501202393e+02 5.9513897705e+02 5.9525201416e+02 5.9538201904e+02 5.9550500488e+02 5.9562402344e+02
5.9171899414e+02 5.9178698730e+02 5.9184301758e+02 5.9190399170e+02 5.9196197510e+02 5.9201300049e+02 5.9207098389e+02 5.9213500977e+02 5.9219500732e+02 5.9223400879e+02 5.9228601074e+02 5.9234698486e+02 5.9240502930e+02 5.9246801758e+02 5.9252398682e+02 5.9258502197e+02 5.9263598633e+02 5.9270202637e+02 5.9277801514e+02 5.9286700439e+02 5.9295001221e+02 5.9302197266e+02 5.9309997559e+02 5.9317297363e+02 5.9323699951e+02 5.9331500244e+02 5.9340301514e+02 5.9349102783e+02 5.9357397461e+02 5.9368103027e+02 5.9378002930e+02 5.9387097168e+02 5.9396997070e+02 5.9408398438e+02 5.9418701172e+02 5.9428601074e+02 5.9440100098e+02 5.9452502441e+02 5.9463598633e+02 5.9475097656e+02 5.9488397217e+02 5.9500097656e+02 5.9511297607e+02 5.9524401855e+02 5.9536102295e+02 5.9547198486e+02
5.9163800049e+02 5.9169799805e+02 5.9175500488e+02 5.9181402588e+02 5.9187402344e+02 5.9192901611e+02 5.9198699951e+02 5.9204302979e+02 5.9210198975e+02 5.9215002441e+02 5.9219897461e+02 5.9224798584e+02 5.9229797363e+02 5.9236401367e+02 5.9242199707e+02 5.9248199463e+02 5.9252697754e+02 5.9259899902e+02 5.9266497803e+02 5.9273901367e+02 5.9282702637e+02 5.9289398193e+02 5.9296997070e+02 5.9304797363e+02 5.9311798096e+02 5.9319396973e+02 5.9327801514e+02 5.9336401367e+02 5.9344897461e+02 5.9355102539e+02 5.9364898682e+02 5.9373699951e+02 5.9383502197e+02 5.9395098877e+02 5.9405200195e+02 5.9414801025e+02 5.9426300049e+02 5.9438702393e+02 5.9450097656e+02 5.9462097168e+02 5.9474902344e+02 5.9486102295e+02 5.9497698975e+02 5.9510400391e+02 5.9521301270e+02 5.9532501221e+02
5.9155902100e+02 5.9161602783e+02 5.9167199707e+02 5.9172698975e+02 5.9178100586e+02 5.9184197998e+02 5.9189300537e+02 5.9194598389e+02 5.9200500488e+02 5.9205200195e+02 5.9210998535e+02 5.9216101074e+02 5.9220800781e+02 5.9227099609e+02 5.9232397461e+02 5.9237902832e+02 5.9243902588e+02 5.9250299072e+02 5.9256201172e+02 5.9262799072e+02 5.9270397949e+02 5.9276702881e+02 5.9284100342e+02 5.9291802979e+02 5.9298901367e+02 5.9308398438e+02 5.9316302490e+02 5.9322998047e+02 5.9330200195e+02 5.9341400146e+02 5.9352001953e+02 5.9360797119e+02 5.9369500732e+02 5.9381701660e+02 5.9392199707e+02 5.9402099609e+02 5.9413397217e+02 5.9424597168e+02 5.9435601807e+02 5.9447601318e+02 5.9460900879e+02 5.9471899414e+02 5.9484002686e+02 5.9496301270e+02 5.9507501221e+02 5.9520001221e+02
5.9147900391e+02 5.9152697754e+02 5.9157897949e+02 5.9163897705e+02 5.9168798828e+02 5.9174499512e+02 5.9179901123e+02 5.9186102295e+02 5.9192901611e+02 5.9196997070e+02 5.9202001953e+02 5.9207501221e+02 5.9212298584e+02 5.9217602539e+02 5.9221697998e+02 5.9227398682e+02 5.9234497070e+02 5.9240399170e+02 5.9244897461e+02 5.9251000977e+02 5.9258099365e+02 5.9265301514e+02 5.9272601318e+02 5.9279797363e+02 5.9286602783e+02 5.9295300293e+02 5.9303497314e+02 5.9311499023e+02 5.9319799805e+02 5.9329400635e+02 5.9338598633e+02 5.9346801758e+02 5.9355102539e+02 5.9365899658e+02 5.9377502441e+02 5.9388500977e+02 5.9399597168e+02 5.9411102295e+02 5.9422698975e+02 5.9433197021e+02 5.9446301270e+02 5.9459100342e+02 5.9470697021e+02 5.9482800293e+02 5.9494799805e+02 5.9507098389e+02
5.9140502930e+02 5.9145001221e+02 5.9149700928e+02 5.9155798340e+02 5.9160498047e+02 5.9165600586e+02 5.9170800781e+02 5.9176898193e+02 5.9183697510e+02 5.9188098145e+02 5.9192602539e+02 5.9198101807e+02 5.9203399658e+02 5.9209301758e+02 5.9213500977e+02 5.9218902588e+02 5.9224902344e+02 5.9229699707e+02 5.9234399414e+02 5.9240600586e+02 5.9247302246e+02 5.9254400635e+02 5.9261199951e+02 5.9267498779e+02 5.9274298096e+02 5.9281896973e+02 5.9290002441e+02 5.9299298096e+02 5.9308099365e+02 5.9317199707e+02 5.9325097656e+02 5.9333001709e+02 5.9342498779e+02 5.9352301025e+02 5.9363098145e+02 5.9374597168e+02 5.9386499023e+02 5.9397100830e+02 5.9408697510e+02 5.9419500732e+02 5.9431799316e+02 5.9444702148e+02 5.9456201172e+02 5.9469000244e+02 5.9481500244e+02 5.9493200684e+02
5.9132501221e+02 5.9136798096e+02 5.9140997314e+02 5.9146997070e+02 5.9152801514e+02 5.9157397461e+02 5.9162097168e+02 5.9167797852e+02 5.9174102783e+02 5.9178997803e+02 5.9183300781e+02 5.9188897705e+02 5.9194299316e+02 5.9199499512e+02 5.9204199219e+02 5.9210400391e+02 5.9215698242e+02 5.9220300293e+02 5.9225500488e+02 5.9231597900e+02 5.9238000488e+02 5.9244097900e+02 5.9250097656e+02 5.9255603027e+02 5.9262298584e+02 5.9270300293e+02 5.9277502441e+02 5.9285998535e+02 5.9294702148e+02 5.9304797363e+02 5.9312902832e+02 5.9320898438e+02 5.9331298828e+02 5.9340899658e+02 5.9350701904e+02 5.9361798096e+02 5.9373999023e+02 5.9383197021e+02 5.9394299316e+02 5.9405798340e+02 5.9417401123e+02 5.9429797363e+02 5.9441601563e+02 5.9454699707e+02 5.9466699219e+02 5.9478900146e+02
5.9124902344e+02 5.9128302002e+02 5.9132202148e+02 5.9137298584e+02 5.9143103027e+02 5.9148999023e+02 5.9153900146e+02 5.9159399414e+02 5.9165502930e+02 5.9169897461e+02 5.9174200439e+02 5.9180401611e+02 5.9186901855e+02 5.9189898682e+02 5.9193902588e+02 5.9200299072e+02 5.9206597900e+02 5.9210998535e+02 5.9216198730e+02 5.9221801758e+02 5.9227398682e+02 5.9232897949e+02 5.9238897705e+02 5.9244500732e+02 5.9251000977e+02 5.9258599854e+02 5.9265301514e+02 5.9273797607e+02 5.9282897949e+02 5.9292199707e+02 5.9301501465e+02 5.9310101318e+02 5.9318701172e+02 5.9328698730e+02 5.9338702393e+02 5.9349597168e+02 5.9360900879e+02 5.9369396973e+02 5.9379699707e+02 5.9391400146e+02 5.9403497314e+02 5.9416101074e+02 5.9428399658e+02 5.9440100098e+02 5.9450897217e+02 5.9465002441e+02
5.9116601563e+02 5.9120300293e+02 5.9125201416e+02 5.9130401611e+02 5.9135900879e+02 5.9140997314e+02 5.9146197510e+02 5.9152099609e+02 5.9157000732e+02 5.9160601807e+02 5.9165100098e+02 5.9171301270e+02 5.9177001953e+02 5.9181799316e+02 5.9186102295e+02 5.9190197754e+02 5.9195501709e+02 5.9201599121e+02 5.9206896973e+02 5.9212298584e+02 5.9217199707e+02 5.9222601318e+02 5.9229101563e+02 5.9234899902e+02 5.9240502930e+02 5.9246997070e+02 5.9253698730e+02 5.9261199951e+02 5.9268103027e+02 5.9276599121e+02 5.9285998535e+02 5.9296099854e+02 5.9305700684e+02 5.9315698242e+02 5.9325799561e+02 5.9335797119e+02 5.9345800781e+02 5.9355798340e+02 5.9366900635e+02 5.9378497314e+02 5.9390600586e+02 5.9401599121e+02 5.9413598633e+02 5.9425201416e+02 5.9436602783e+02 5.9450402832e+02
5.9108801270e+02 5.9113098145e+02 5.9118200684e+02 5.9123199463e+02 5.9128302002e+02 5.9132897949e+02 5.9137902832e+02 5.9143597412e+02 5.9148101807e+02 5.9152197266e+02 5.9157000732e+02 5.9162500000e+02 5.9167102051e+02 5.9173797607e+02 5.9178698730e+02 5.9182098389e+02 5.9186401367e+02 5.9191497803e+02 5.9196398926e+02 5.9202099609e+02 5.9207299805e+02 5.9212597656e+02 5.9218701172e+02 5.9224499512e+02 5.9230200195e+02 5.9236700439e+02 5.9243499756e+02 5.9250097656e+02 5.9255401611e+02 5.9263897705e+02 5.9271697998e+02 5.9281097412e+02 5.9291601563e+02 5.9301800537e+02 5.9312097168e+02 5.9322900391e+02 5.9333697510e+02 5.9343499756e+02 5.9354602051e+02 5.9365100098e+02 5.9375897217e+02 5.9387298584e+02 5.9399102783e+02 5.9410302734e+02 5.9422698975e+02 5.9435101318e+02
5.9101800537e+02 5.9106500244e+02 5.9110998535e+02 5.9115502930e+02 5.9120300293e+02 5.9125201416e+02 5.9129901123e+02 5.9135400391e+02 5.9140399170e+02 5.9144598389e+02 5.9148901367e+02 5.9153900146e+02 5.9158300781e+02 5.9164801025e+02 5.9169000244e+02 5.9172998047e+02 5.9178302002e+02 5.9182800293e+02 5.9187200928e+02 5.9192602539e+02 5.9197601318e+02 5.9202899170e+02 5.9208502197e+02 5.9214202881e+02 5.9219897461e+02 5.9225701904e+02 5.9232501221e+02 5.9239300537e+02 5.9244396973e+02 5.9252398682e+02 5.9259600830e+02 5.9267797852e+02 5.9278002930e+02 5.9288598633e+02 5.9298901367e+02 5.9310498047e+02 5.9322100830e+02 5.9330999756e+02 5.9342102051e+02 5.9352398682e+02 5.9362402344e+02 5.9374298096e+02 5.9385400391e+02 5.9395898438e+02 5.9408697510e+02 5.9420001221e+02
