TESTSERVER/0/6.asc
NCOLS 100
NROWS 100
XLLCORNER 7.4997500000e+03
YLLCORNER 2.8965025000e+05
CELLSIZE 5.0000000000e-01
NODATA_VALUE -9.9990000000e+03
[rows 0 to 19 of 100, columns 0 to 45 of 100]
5.8954302979e+02 5.8953497314e+02 5.8953100586e+02 5.8953302002e+02 5.8953698730e+02 5.8953802490e+02 5.8953802490e+02 5.8952398682e+02 5.8952697754e+02 5.8952801514e+02 5.8952099609e+02 5.8951202393e+02 5.8951501465e+02 5.8952001953e+02 5.8952301025e+02 5.8951501465e+02 5.8950897217e+02 5.8950402832e+02 5.8950097656e+02 5.8951000977e+02 5.8950701904e+02 5.8951098633e+02 5.8952197266e+02 5.8952398682e+02 5.8952697754e+02 5.8953399658e+02 5.8952801514e+02 5.8951898193e+02 5.8952398682e+02 5.8952502441e+02 5.8952099609e+02 5.8953497314e+02 5.8953399658e+02 5.8953802490e+02 5.8953601074e+02 5.8953900146e+02 5.8953802490e+02 5.8952099609e+02 5.8951800537e+02 5.8954602051e+02 5.8954699707e+02 5.8954797363e+02 5.8955798340e+02 5.8957299805e+02 5.8957202148e+02 5.8956896973e+02
5.8955297852e+02 5.8954498291e+02 5.8954602051e+02 5.8955200195e+02 5.8955603027e+02 5.8954797363e+02 5.8954302979e+02 5.8953399658e+02 5.8952697754e+02 5.8953002930e+02 5.8953497314e+02 5.8952801514e+02 5.8952801514e+02 5.8953100586e+02 5.8952600098e+02 5.8952301025e+02 5.8952099609e+02 5.8951702881e+02 5.8950799561e+02 5.8951397705e+02 5.8952600098e+02 5.8952197266e+02 5.8951702881e+02 5.8952398682e+02 5.8952697754e+02 5.8953601074e+02 5.8954101563e+02 5.8954901123e+02 5.8955902100e+02 5.8954602051e+02 5.8952301025e+02 5.8952697754e+02 5.8953002930e+02 5.8954797363e+02 5.8955200195e+02 5.8955297852e+02 5.8955102539e+02 5.8953100586e+02 5.8952001953e+02 5.8953698730e+02 5.8954101563e+02 5.8954498291e+02 5.8954998779e+02 5.8956597900e+02 5.8956201172e+02 5.8956597900e+02
5.8958001709e+02 5.8957598877e+02 5.8957397461e+02 5.8957397461e+02 5.8956298828e+02 5.8954797363e+02 5.8955401611e+02 5.8955200195e+02 5.8953900146e+02 5.8954101563e+02 5.8954498291e+02 5.8953601074e+02 5.8953198242e+02 5.8953302002e+02 5.8953802490e+02 5.8954199219e+02 5.8953997803e+02 5.8953601074e+02 5.8952301025e+02 5.8952398682e+02 5.8953399658e+02 5.8952600098e+02 5.8952600098e+02 5.8953198242e+02 5.8952398682e+02 5.8952697754e+02 5.8953601074e+02 5.8955401611e+02 5.8957098389e+02 5.8956097412e+02 5.8953698730e+02 5.8954602051e+02 5.8954699707e+02 5.8954901123e+02 5.8953997803e+02 5.8954901123e+02 5.8955700684e+02 5.8954498291e+02 5.8953698730e+02 5.8953900146e+02 5.8954302979e+02 5.8955102539e+02 5.8954498291e+02 5.8955499268e+02 5.8955401611e+02 5.8955902100e+02
5.8959802246e+02 5.8959497070e+02 5.8959698486e+02 5.8959399414e+02 5.8957897949e+02 5.8956402588e+02 5.8957299805e+02 5.8957202148e+02 5.8955798340e+02 5.8955798340e+02 5.8954998779e+02 5.8953997803e+02 5.8953997803e+02 5.8954400635e+02 5.8955200195e+02 5.8954797363e+02 5.8954699707e+02 5.8954901123e+02 5.8953997803e+02 5.8954101563e+02 5.8954602051e+02 5.8953302002e+02 5.8954101563e+02 5.8954498291e+02 5.8953497314e+02 5.8953399658e+02 5.8953302002e+02 5.8954602051e+02 5.8956097412e+02 5.8955700684e+02 5.8954400635e+02 5.8956896973e+02 5.8957202148e+02 5.8955102539e+02 5.8952801514e+02 5.8954199219e+02 5.8955700684e+02 5.8955700684e+02 5.8955999756e+02 5.8955700684e+02 5.8955200195e+02 5.8955499268e+02 5.8954602051e+02 5.8954797363e+02 5.8954797363e+02 5.8955200195e+02
5.8961901855e+02 5.8961798096e+02 5.8961499023e+02 5.8960601807e+02 5.8959899902e+02 5.8959497070e+02 5.8959197998e+02 5.8958197021e+02 5.8957800293e+02 5.8957800293e+02 5.8956896973e+02 5.8955999756e+02 5.8956097412e+02 5.8955798340e+02 5.8955297852e+02 5.8954901123e+02 5.8955798340e+02 5.8956799316e+02 5.8956597900e+02 5.8956097412e+02 5.8955902100e+02 5.8954199219e+02 5.8954302979e+02 5.8954199219e+02 5.8954998779e+02 5.8955999756e+02 5.8955401611e+02 5.8954302979e+02 5.8954998779e+02 5.8955102539e+02 5.8953802490e+02 5.8957299805e+02 5.8959002686e+02 5.8957800293e+02 5.8955999756e+02 5.8956402588e+02 5.8956500244e+02 5.8956097412e+02 5.8957397461e+02 5.8957098389e+02 5.8956298828e+02 5.8954699707e+02 5.8952502441e+02 5.8955200195e+02 5.8955499268e+02 5.8955902100e+02
5.8964001465e+02 5.8963897705e+02 5.8963500977e+02 5.8963098145e+02 5.8962097168e+02 5.8961700439e+02 5.8961901855e+02 5.8960998535e+02 5.8959698486e+02 5.8958898926e+02 5.8957897949e+02 5.8957501221e+02 5.8958197021e+02 5.8958001709e+02 5.8957202148e+02 5.8956201172e+02 5.8956701660e+02 5.8957800293e+02 5.8956500244e+02 5.8956298828e+02 5.8956402588e+02 5.8956201172e+02 5.8955902100e+02 5.8954901123e+02 5.8955297852e+02 5.8956701660e+02 5.8957702637e+02 5.8955902100e+02 5.8954998779e+02 5.8954998779e+02 5.8954901123e+02 5.8955798340e+02 5.8957299805e+02 5.8958001709e+02 5.8958001709e+02 5.8958300781e+02 5.8958300781e+02 5.8957397461e+02 5.8957702637e+02 5.8957598877e+02 5.8957598877e+02 5.8956701660e+02 5.8955102539e+02 5.8955700684e+02 5.8955902100e+02 5.8956201172e+02
5.8964300537e+02 5.8963500977e+02 5.8964099121e+02 5.8965100098e+02 5.8964202881e+02 5.8964001465e+02 5.8964599609e+02 5.8964202881e+02 5.8962701416e+02 5.8960900879e+02 5.8959100342e+02 5.8959197998e+02 5.8960400391e+02 5.8959997559e+02 5.8958599854e+02 5.8957800293e+02 5.8958197021e+02 5.8959197998e+02 5.8957598877e+02 5.8957202148e+02 5.8957000732e+02 5.8957397461e+02 5.8957397461e+02 5.8955902100e+02 5.8956402588e+02 5.8957000732e+02 5.8958001709e+02 5.8957202148e+02 5.8956597900e+02 5.8956500244e+02 5.8956201172e+02 5.8954699707e+02 5.8955297852e+02 5.8957202148e+02 5.8958502197e+02 5.8958801270e+02 5.8959197998e+02 5.8959197998e+02 5.8960198975e+02 5.8958300781e+02 5.8956597900e+02 5.8956500244e+02 5.8957299805e+02 5.8957702637e+02 5.8957702637e+02 5.8956799316e+02
5.8965802002e+02 5.8964801025e+02 5.8965301514e+02 5.8966400146e+02 5.8965899658e+02 5.8966198730e+02 5.8966998291e+02 5.8966400146e+02 5.8965600586e+02 5.8964501953e+02 5.8962200928e+02 5.8961602783e+02 5.8961798096e+02 5.8960900879e+02 5.8960400391e+02 5.8960302734e+02 5.8960101318e+02 5.8960498047e+02 5.8958697510e+02 5.8958502197e+02 5.8958099365e+02 5.8958697510e+02 5.8959100342e+02 5.8958197021e+02 5.8958697510e+02 5.8958300781e+02 5.8957897949e+02 5.8957598877e+02 5.8958099365e+02 5.8958001709e+02 5.8957098389e+02 5.8956298828e+02 5.8956896973e+02 5.8957202148e+02 5.8957598877e+02 5.8958001709e+02 5.8959002686e+02 5.8960198975e+02 5.8961700439e+02 5.8959497070e+02 5.8957397461e+02 5.8957000732e+02 5.8958502197e+02 5.8959600830e+02 5.8959899902e+02 5.8959002686e+02
5.8967700195e+02 5.8968298340e+02 5.8968298340e+02 5.8968701172e+02 5.8968103027e+02 5.8967999268e+02 5.8969299316e+02 5.8967999268e+02 5.8966998291e+02 5.8967498779e+02 5.8966400146e+02 5.8964801025e+02 5.8963598633e+02 5.8961999512e+02 5.8961901855e+02 5.8961901855e+02 5.8961297607e+02 5.8961401367e+02 5.8960400391e+02 5.8959497070e+02 5.8959899902e+02 5.8960900879e+02 5.8961297607e+02 5.8960498047e+02 5.8960797119e+02 5.8959997559e+02 5.8959197998e+02 5.8960101318e+02 5.8960601807e+02 5.8959600830e+02 5.8957098389e+02 5.8957897949e+02 5.8959301758e+02 5.8957299805e+02 5.8954998779e+02 5.8956500244e+02 5.8957897949e+02 5.8959399414e+02 5.8960498047e+02 5.8959698486e+02 5.8958898926e+02 5.8959002686e+02 5.8959301758e+02 5.8959497070e+02 5.8960302734e+02 5.8960101318e+02
5.8969396973e+02 5.8969396973e+02 5.8969396973e+02 5.8969897461e+02 5.8969702148e+02 5.8969299316e+02 5.8970001221e+02 5.8969799805e+02 5.8968902588e+02 5.8969799805e+02 5.8968902588e+02 5.8968103027e+02 5.8966998291e+02 5.8965502930e+02 5.8965100098e+02 5.8963500977e+02 5.8962597656e+02 5.8963000488e+02 5.8963000488e+02 5.8962097168e+02 5.8962402344e+02 5.8962402344e+02 5.8963000488e+02 5.8962597656e+02 5.8962298584e+02 5.8961401367e+02 5.8960699463e+02 5.8960699463e+02 5.8960900879e+02 5.8960400391e+02 5.8958801270e+02 5.8959197998e+02 5.8959497070e+02 5.8958197021e+02 5.8958099365e+02 5.8958697510e+02 5.8959100342e+02 5.8958697510e+02 5.8958599854e+02 5.8958502197e+02 5.8959002686e+02 5.8960699463e+02 5.8961401367e+02 5.8961199951e+02 5.8961102295e+02 5.8960302734e+02
5.8972399902e+02 5.8971502686e+02 5.8971002197e+02 5.8971502686e+02 5.8972399902e+02 5.8971899414e+02 5.8971697998e+02 5.8971801758e+02 5.8971002197e+02 5.8971801758e+02 5.8971002197e+02 5.8970397949e+02 5.8969702148e+02 5.8969097900e+02 5.8967999268e+02 5.8965802002e+02 5.8964697266e+02 5.8964697266e+02 5.8964697266e+02 5.8964697266e+02 5.8965100098e+02 5.8963897705e+02 5.8963897705e+02 5.8964001465e+02 5.8963702393e+02 5.8963098145e+02 5.8963098145e+02 5.8962701416e+02 5.8962500000e+02 5.8962200928e+02 5.8961499023e+02 5.8962200928e+02 5.8960601807e+02 5.8958801270e+02 5.8959899902e+02 5.8960601807e+02 5.8960302734e+02 5.8958801270e+02 5.8958599854e+02 5.8959698486e+02 5.8959899902e+02 5.8960900879e+02 5.8962097168e+02 5.8963201904e+02 5.8962902832e+02 5.8961401367e+02
5.8974798584e+02 5.8973699951e+02 5.8973199463e+02 5.8973400879e+02 5.8973999023e+02 5.8973297119e+02 5.8973797607e+02 5.8973498535e+02 5.8972601318e+02 5.8973400879e+02 5.8972900391e+02 5.8971899414e+02 5.8971398926e+02 5.8971197510e+02 5.8970098877e+02 5.8969201660e+02 5.8968402100e+02 5.8967498779e+02 5.8966699219e+02 5.8966400146e+02 5.8966601563e+02 5.8965802002e+02 5.8965698242e+02 5.8965100098e+02 5.8964697266e+02 5.8964599609e+02 5.8964501953e+02 5.8963897705e+02 5.8964202881e+02 5.8963800049e+02 5.8963299561e+02 5.8964697266e+02 5.8962200928e+02 5.8959997559e+02 5.8961602783e+02 5.8962597656e+02 5.8962200928e+02 5.8960699463e+02 5.8961102295e+02 5.8961700439e+02 5.8960400391e+02 5.8959997559e+02 5.8961901855e+02 5.8964300537e+02 5.8964398193e+02 5.8963299561e+02
5.8977398682e+02 5.8976397705e+02 5.8976202393e+02 5.8975402832e+02 5.8975402832e+02 5.8974597168e+02 5.8976000977e+02 5.8976397705e+02 5.8974798584e+02 5.8974902344e+02 5.8975500488e+02 5.8973199463e+02 5.8972601318e+02 5.8972900391e+02 5.8972302246e+02 5.8972302246e+02 5.8971899414e+02 5.8970599365e+02 5.8970001221e+02 5.8969299316e+02 5.8968597412e+02 5.8968200684e+02 5.8969299316e+02 5.8966699219e+02 5.8966101074e+02 5.8965802002e+02 5.8965197754e+02 5.8964898682e+02 5.8965399170e+02 5.8965197754e+02 5.8965698242e+02 5.8964898682e+02 5.8963500977e+02 5.8962701416e+02 5.8964599609e+02 5.8963702393e+02 5.8963098145e+02 5.8963000488e+02 5.8963098145e+02 5.8962902832e+02 5.8961798096e+02 5.8961798096e+02 5.8963397217e+02 5.8963702393e+02 5.8963598633e+02 5.8964202881e+02
5.8979602051e+02 5.8979302979e+02 5.8978698730e+02 5.8977899170e+02 5.8978399658e+02 5.8977600098e+02 5.8977697754e+02 5.8977899170e+02 5.8975701904e+02 5.8975299072e+02 5.8976202393e+02 5.8975000000e+02 5.8973901367e+02 5.8973901367e+02 5.8973101807e+02 5.8973297119e+02 5.8973901367e+02 5.8973297119e+02 5.8972900391e+02 5.8972198486e+02 5.8971002197e+02 5.8970397949e+02 5.8969702148e+02 5.8968798828e+02 5.8969000244e+02 5.8968200684e+02 5.8966900635e+02 5.8966400146e+02 5.8967797852e+02 5.8967602539e+02 5.8967199707e+02 5.8966998291e+02 5.8966601563e+02 5.8965802002e+02 5.8966302490e+02 5.8965002441e+02 5.8964001465e+02 5.8964202881e+02 5.8964099121e+02 5.8963702393e+02 5.8963598633e+02 5.8964001465e+02 5.8965100098e+02 5.8964898682e+02 5.8963897705e+02 5.8964001465e+02
5.8981500244e+02 5.8981298828e+02 5.8980902100e+02 5.8980798340e+02 5.8980999756e+02 5.8979998779e+02 5.8980200195e+02 5.8980200195e+02 5.8978302002e+02 5.8977301025e+02 5.8977398682e+02 5.8977197266e+02 5.8976098633e+02 5.8975799561e+02 5.8974902344e+02 5.8975000000e+02 5.8976000977e+02 5.8975402832e+02 5.8975000000e+02 5.8976000977e+02 5.8975402832e+02 5.8973797607e+02 5.8971801758e+02 5.8971697998e+02 5.8971398926e+02 5.8970501709e+02 5.8969799805e+02 5.8968701172e+02 5.8969500732e+02 5.8968701172e+02 5.8967700195e+02 5.8968298340e+02 5.8968597412e+02 5.8968402100e+02 5.8968902588e+02 5.8968200684e+02 5.8967498779e+02 5.8966601563e+02 5.8965502930e+02 5.8965197754e+02 5.8965399170e+02 5.8965997314e+02 5.8966302490e+02 5.8965301514e+02 5.8964202881e+02 5.8964099121e+02
5.8982501221e+02 5.8982299805e+02 5.8982800293e+02 5.8983697510e+02 5.8983697510e+02 5.8982501221e+02 5.8982702637e+02 5.8982501221e+02 5.8980999756e+02 5.8979602051e+02 5.8978802490e+02 5.8979699707e+02 5.8978900146e+02 5.8978399658e+02 5.8977600098e+02 5.8977001953e+02 5.8977600098e+02 5.8977301025e+02 5.8977197266e+02 5.8977502441e+02 5.8976702881e+02 5.8976000977e+02 5.8975201416e+02 5.8974700928e+02 5.8973297119e+02 5.8972302246e+02 5.8972698975e+02 5.8972399902e+02 5.8972302246e+02 5.8971002197e+02 5.8969897461e+02 5.8970098877e+02 5.8969201660e+02 5.8969299316e+02 5.8970098877e+02 5.8969799805e+02 5.8968798828e+02 5.8967700195e+02 5.8967297363e+02 5.8967602539e+02 5.8967901611e+02 5.8968298340e+02 5.8967602539e+02 5.8966400146e+02 5.8965698242e+02 5.8965100098e+02
5.8984497070e+02 5.8984600830e+02 5.8984399414e+02 5.8986401367e+02 5.8986297607e+02 5.8985101318e+02 5.8985101318e+02 5.8984899902e+02 5.8984301758e+02 5.8983001709e+02 5.8980700684e+02 5.8981597900e+02 5.8982000732e+02 5.8981298828e+02 5.8980603027e+02 5.8979602051e+02 5.8980102539e+02 5.8979998779e+02 5.8979302979e+02 5.8978002930e+02 5.8977001953e+02 5.8978399658e+02 5.8978900146e+02 5.8977899170e+02 5.8977001953e+02 5.8976202393e+02 5.8974499512e+02 5.8974798584e+02 5.8975000000e+02 5.8973400879e+02 5.8971801758e+02 5.8972302246e+02 5.8971398926e+02 5.8971502686e+02 5.8972698975e+02 5.8971801758e+02 5.8969799805e+02 5.8969097900e+02 5.8969598389e+02 5.8968701172e+02 5.8968798828e+02 5.8969201660e+02 5.8968597412e+02 5.8968701172e+02 5.8968402100e+02 5.8967498779e+02
5.8986297607e+02 5.8986999512e+02 5.8987200928e+02 5.8987799072e+02 5.8987799072e+02 5.8986999512e+02 5.8987902832e+02 5.8988201904e+02 5.8987200928e+02 5.8985900879e+02 5.8984497070e+02 5.8984899902e+02 5.8984497070e+02 5.8982598877e+02 5.8981896973e+02 5.8981500244e+02 5.8982299805e+02 5.8982501221e+02 5.8981298828e+02 5.8979998779e+02 5.8980102539e+02 5.8980999756e+02 5.8980401611e+02 5.8979498291e+02 5.8979797363e+02 5.8979400635e+02 5.8977398682e+02 5.8977600098e+02 5.8977697754e+02 5.8976098633e+02 5.8975299072e+02 5.8975000000e+02 5.8974102783e+02 5.8973797607e+02 5.8973101807e+02 5.8972802734e+02 5.8972399902e+02 5.8972100830e+02 5.8971801758e+02 5.8970501709e+02 5.8970397949e+02 5.8970898438e+02 5.8971099854e+02 5.8970898438e+02 5.8970599365e+02 5.8970202637e+02
5.8989501953e+02 5.8989202881e+02 5.8989501953e+02 5.8989501953e+02 5.8989697266e+02 5.8989001465e+02 5.8989202881e+02 5.8989501953e+02 5.8989300537e+02 5.8989202881e+02 5.8988800049e+02 5.8988000488e+02 5.8986798096e+02 5.8985302734e+02 5.8984899902e+02 5.8983502197e+02 5.8983099365e+02 5.8983697510e+02 5.8983801270e+02 5.8983001709e+02 5.8982598877e+02 5.8982501221e+02 5.8981799316e+02 5.8981298828e+02 5.8982000732e+02 5.8981597900e+02 5.8980297852e+02 5.8981402588e+02 5.8981500244e+02 5.8979699707e+02 5.8978900146e+02 5.8978399658e+02 5.8978002930e+02 5.8977398682e+02 5.8975299072e+02 5.8974401855e+02 5.8974102783e+02 5.8973400879e+02 5.8973297119e+02 5.8972497559e+02 5.8971502686e+02 5.8972100830e+02 5.8973199463e+02 5.8971997070e+02 5.8971899414e+02 5.8971697998e+02
5.8992297363e+02 5.8991802979e+02 5.8991699219e+02 5.8991998291e+02 5.8992700195e+02 5.8992199707e+02 5.8991699219e+02 5.8991302490e+02 5.8991400146e+02 5.8992102051e+02 5.8992102051e+02 5.8989801025e+02 5.8988702393e+02 5.8988500977e+02 5.8988299561e+02 5.8986499023e+02 5.8985198975e+02 5.8985400391e+02 5.8986102295e+02 5.8985601807e+02 5.8984399414e+02 5.8984600830e+02 5.8985601807e+02 5.8984698486e+02 5.8984497070e+02 5.8984197998e+02 5.8983197021e+02 5.8984100342e+02 5.8984399414e+02 5.8982598877e+02 5.8982098389e+02 5.8981298828e+02 5.8980603027e+02 5.8979602051e+02 5.8978399658e+02 5.8977301025e+02 5.8976898193e+02 5.8975799561e+02 5.8975000000e+02 5.8974798584e+02 5.8973602295e+02 5.8973797607e+02 5.8974798584e+02 5.8973797607e+02 5.8973999023e+02 5.8973699951e+02
