TESTSERVER/0/6.asc
NCOLS 100
NROWS 100
XLLCORNER 7.4997500000e+03
YLLCORNER 2.8965025000e+05
CELLSIZE 5.0000000000e-01
NODATA_VALUE -9.9990000000e+03
[rows 20 to 39 of 100, columns 0 to 45 of 100]
5.8994702148e+02 5.8993597412e+02 5.8993499756e+02 5.8994897461e+02 5.8995501709e+02 5.8994500732e+02 5.8994000244e+02 5.8994299316e+02 5.8993701172e+02 5.8993701172e+02 5.8994201660e+02 5.8991198730e+02 5.8990301514e+02 5.8990399170e+02 5.8990899658e+02 5.8990002441e+02 5.8988702393e+02 5.8987298584e+02 5.8986700439e+02 5.8986199951e+02 5.8985601807e+02 5.8986999512e+02 5.8988897705e+02 5.8987200928e+02 5.8985699463e+02 5.8985797119e+02 5.8985601807e+02 5.8985400391e+02 5.8985998535e+02 5.8985302734e+02 5.8983898926e+02 5.8983197021e+02 5.8982702637e+02 5.8981298828e+02 5.8980401611e+02 5.8980200195e+02 5.8979602051e+02 5.8978198242e+02 5.8978002930e+02 5.8977099609e+02 5.8976098633e+02 5.8976098633e+02 5.8977502441e+02 5.8977301025e+02 5.8976599121e+02 5.8975500488e+02
5.8996899414e+02 5.8995800781e+02 5.8996099854e+02 5.8997601318e+02 5.8997198486e+02 5.8995800781e+02 5.8995397949e+02 5.8996099854e+02 5.8995300293e+02 5.8995098877e+02 5.8995800781e+02 5.8994396973e+02 5.8993200684e+02 5.8992700195e+02 5.8993402100e+02 5.8992199707e+02 5.8990899658e+02 5.8990100098e+02 5.8990399170e+02 5.8989801025e+02 5.8990002441e+02 5.8990802002e+02 5.8991497803e+02 5.8989202881e+02 5.8988397217e+02 5.8988299561e+02 5.8987799072e+02 5.8987402344e+02 5.8988098145e+02 5.8987500000e+02 5.8986297607e+02 5.8986901855e+02 5.8985998535e+02 5.8983398438e+02 5.8982501221e+02 5.8982897949e+02 5.8982598877e+02 5.8981402588e+02 5.8980603027e+02 5.8979699707e+02 5.8979498291e+02 5.8979101563e+02 5.8978698730e+02 5.8978698730e+02 5.8978399658e+02 5.8977398682e+02
5.8997698975e+02 5.8997900391e+02 5.8998602295e+02 5.8998901367e+02 5.8997900391e+02 5.8997497559e+02 5.8998199463e+02 5.8998400879e+02 5.8997198486e+02 5.8996997070e+02 5.8997601318e+02 5.8996801758e+02 5.8995800781e+02 5.8995202637e+02 5.8995697021e+02 5.8994396973e+02 5.8992901611e+02 5.8992297363e+02 5.8993200684e+02 5.8993200684e+02 5.8993701172e+02 5.8992602539e+02 5.8992401123e+02 5.8990997314e+02 5.8991198730e+02 5.8991699219e+02 5.8990997314e+02 5.8989697266e+02 5.8990100098e+02 5.8989300537e+02 5.8987597656e+02 5.8988702393e+02 5.8988500977e+02 5.8986401367e+02 5.8985400391e+02 5.8985101318e+02 5.8984399414e+02 5.8983697510e+02 5.8983099365e+02 5.8982897949e+02 5.8982598877e+02 5.8981597900e+02 5.8980401611e+02 5.8980603027e+02 5.8980603027e+02 5.8980102539e+02
5.8999102783e+02 5.8999597168e+02 5.9000299072e+02 5.8999798584e+02 5.8999499512e+02 5.9000097656e+02 5.9000402832e+02 5.8999902344e+02 5.8999200439e+02 5.8999597168e+02 5.9000000000e+02 5.8998797607e+02 5.8997998047e+02 5.8997601318e+02 5.8997900391e+02 5.8996801758e+02 5.8995599365e+02 5.8994897461e+02 5.8994897461e+02 5.8994799805e+02 5.8995599365e+02 5.8994201660e+02 5.8994000244e+02 5.8994201660e+02 5.8993798828e+02 5.8993902588e+02 5.8993200684e+02 5.8991998291e+02 5.8991802979e+02 5.8990399170e+02 5.8988702393e+02 5.8990100098e+02 5.8990197754e+02 5.8989001465e+02 5.8989398193e+02 5.8988098145e+02 5.8986798096e+02 5.8985998535e+02 5.8985101318e+02 5.8985699463e+02 5.8985498047e+02 5.8984497070e+02 5.8983697510e+02 5.8983197021e+02 5.8982299805e+02 5.8981402588e+02
5.9001501465e+02 5.9001599121e+02 5.9002001953e+02 5.9002301025e+02 5.9002398682e+02 5.9001898193e+02 5.9001300049e+02 5.9001501465e+02 5.9001501465e+02 5.9001397705e+02 5.9001599121e+02 5.9000701904e+02 5.9000500488e+02 5.9000701904e+02 5.8999499512e+02 5.8999401855e+02 5.8999102783e+02 5.8999102783e+02 5.8999401855e+02 5.8997802734e+02 5.8997698975e+02 5.8996301270e+02 5.8997100830e+02 5.8997497559e+02 5.8997302246e+02 5.8996099854e+02 5.8994598389e+02 5.8995501709e+02 5.8994500732e+02 5.8991699219e+02 5.8989099121e+02 5.8991198730e+02 5.8991400146e+02 5.8990899658e+02 5.8991497803e+02 5.8990600586e+02 5.8989801025e+02 5.8989501953e+02 5.8988598633e+02 5.8988397217e+02 5.8988500977e+02 5.8988000488e+02 5.8988098145e+02 5.8986499023e+02 5.8984698486e+02 5.8984002686e+02
5.9002801514e+02 5.9003302002e+02 5.9002697754e+02 5.9002899170e+02 5.9004101563e+02 5.9003802490e+02 5.9003302002e+02 5.9003601074e+02 5.9004199219e+02 5.9003802490e+02 5.9003497314e+02 5.9002899170e+02 5.9003198242e+02 5.9003198242e+02 5.9001898193e+02 5.9002600098e+02 5.9002099609e+02 5.9000701904e+02 5.9000201416e+02 5.8999798584e+02 5.8998999023e+02 5.8997601318e+02 5.8997399902e+02 5.8998498535e+02 5.8999902344e+02 5.8999298096e+02 5.8997100830e+02 5.8997198486e+02 5.8995697021e+02 5.8994097900e+02 5.8993298340e+02 5.8994097900e+02 5.8992999268e+02 5.8991998291e+02 5.8992498779e+02 5.8991900635e+02 5.8991699219e+02 5.8991998291e+02 5.8991601563e+02 5.8990698242e+02 5.8990802002e+02 5.8990100098e+02 5.8990197754e+02 5.8988702393e+02 5.8986700439e+02 5.8986102295e+02
5.9003100586e+02 5.9004998779e+02 5.9004400635e+02 5.9003198242e+02 5.9004400635e+02 5.9005297852e+02 5.9005499268e+02 5.9004602051e+02 5.9004699707e+02 5.9005102539e+02 5.9005297852e+02 5.9004498291e+02 5.9004699707e+02 5.9004498291e+02 5.9004901123e+02 5.9004797363e+02 5.9004199219e+02 5.9002899170e+02 5.9001702881e+02 5.9001300049e+02 5.9001202393e+02 5.9000500488e+02 5.8999298096e+02 5.8999700928e+02 5.9001300049e+02 5.9000799561e+02 5.8999401855e+02 5.8998602295e+02 5.8996801758e+02 5.8995800781e+02 5.8995599365e+02 5.8995800781e+02 5.8994299316e+02 5.8993298340e+02 5.8994799805e+02 5.8994702148e+02 5.8994299316e+02 5.8994500732e+02 5.8994097900e+02 5.8993200684e+02 5.8993402100e+02 5.8992797852e+02 5.8992102051e+02 5.8991198730e+02 5.8989801025e+02 5.8989202881e+02
5.9004797363e+02 5.9005798340e+02 5.9004699707e+02 5.9003900146e+02 5.9005499268e+02 5.9006597900e+02 5.9007202148e+02 5.9005102539e+02 5.9005102539e+02 5.9006097412e+02 5.9006799316e+02 5.9006896973e+02 5.9007202148e+02 5.9006799316e+02 5.9007800293e+02 5.9006097412e+02 5.9005902100e+02 5.9006097412e+02 5.9005200195e+02 5.9003497314e+02 5.9002697754e+02 5.9002301025e+02 5.9001501465e+02 5.9001202393e+02 5.9002301025e+02 5.9001898193e+02 5.9001501465e+02 5.9001202393e+02 5.9000097656e+02 5.8998999023e+02 5.8997698975e+02 5.8997698975e+02 5.8996997070e+02 5.8996197510e+02 5.8997802734e+02 5.8996398926e+02 5.8995501709e+02 5.8996002197e+02 5.8996002197e+02 5.8995397949e+02 5.8995800781e+02 5.8995599365e+02 5.8994799805e+02 5.8994299316e+02 5.8993200684e+02 5.8991998291e+02
5.9007800293e+02 5.9007800293e+02 5.9006799316e+02 5.9006896973e+02 5.9007598877e+02 5.9007897949e+02 5.9008001709e+02 5.9007299805e+02 5.9007800293e+02 5.9008697510e+02 5.9008801270e+02 5.9008001709e+02 5.9008300781e+02 5.9008001709e+02 5.9008099365e+02 5.9006298828e+02 5.9007202148e+02 5.9008300781e+02 5.9007501221e+02 5.9006500244e+02 5.9005401611e+02 5.9004400635e+02 5.9004302979e+02 5.9003198242e+02 5.9003601074e+02 5.9003497314e+02 5.9002801514e+02 5.9002801514e+02 5.9002697754e+02 5.9002301025e+02 5.9001000977e+02 5.9000201416e+02 5.8999597168e+02 5.8999200439e+02 5.9000201416e+02 5.8998901367e+02 5.8997601318e+02 5.8997802734e+02 5.8997802734e+02 5.8996997070e+02 5.8997497559e+02 5.8997802734e+02 5.8997601318e+02 5.8997198486e+02 5.8995898438e+02 5.8994500732e+02
5.9009301758e+02 5.9009301758e+02 5.9010101318e+02 5.9009698486e+02 5.9009197998e+02 5.9009399414e+02 5.9009698486e+02 5.9009899902e+02 5.9009802246e+02 5.9010601807e+02 5.9010699463e+02 5.9009600830e+02 5.9009301758e+02 5.9009002686e+02 5.9009301758e+02 5.9009002686e+02 5.9009899902e+02 5.9010101318e+02 5.9008300781e+02 5.9008697510e+02 5.9008099365e+02 5.9006896973e+02 5.9005999756e+02 5.9004797363e+02 5.9005102539e+02 5.9006201172e+02 5.9005200195e+02 5.9004400635e+02 5.9004602051e+02 5.9003997803e+02 5.9003497314e+02 5.9003399658e+02 5.9002099609e+02 5.9001000977e+02 5.9000299072e+02 5.9000500488e+02 5.9000598145e+02 5.9000500488e+02 5.8999700928e+02 5.8998602295e+02 5.8998498535e+02 5.8998999023e+02 5.8999298096e+02 5.8999499512e+02 5.8998999023e+02 5.8998199463e+02
5.9010302734e+02 5.9009997559e+02 5.9011401367e+02 5.9011297607e+02 5.9011499023e+02 5.9011297607e+02 5.9010998535e+02 5.9010900879e+02 5.9010998535e+02 5.9012402344e+02 5.9012500000e+02 5.9010699463e+02 5.9010101318e+02 5.9010302734e+02 5.9010998535e+02 5.9011297607e+02 5.9011401367e+02 5.9010998535e+02 5.9009301758e+02 5.9010101318e+02 5.9009802246e+02 5.9008801270e+02 5.9008801270e+02 5.9007800293e+02 5.9007098389e+02 5.9007702637e+02 5.9007098389e+02 5.9007397461e+02 5.9007800293e+02 5.9007702637e+02 5.9006896973e+02 5.9007098389e+02 5.9005499268e+02 5.9004199219e+02 5.9002697754e+02 5.9002197266e+02 5.9002801514e+02 5.9003100586e+02 5.9002697754e+02 5.9001599121e+02 5.9000500488e+02 5.9000500488e+02 5.9001599121e+02 5.9002001953e+02 5.9001300049e+02 5.9000402832e+02
5.9011297607e+02 5.9012097168e+02 5.9013397217e+02 5.9013598633e+02 5.9014099121e+02 5.9013500977e+02 5.9012500000e+02 5.9011999512e+02 5.9012402344e+02 5.9014001465e+02 5.9013500977e+02 5.9011401367e+02 5.9010998535e+02 5.9011700439e+02 5.9011901855e+02 5.9012097168e+02 5.9012402344e+02 5.9011999512e+02 5.9011199951e+02 5.9011901855e+02 5.9011499023e+02 5.9010601807e+02 5.9011499023e+02 5.9010699463e+02 5.9009600830e+02 5.9009802246e+02 5.9009197998e+02 5.9009698486e+02 5.9009698486e+02 5.9009600830e+02 5.9008300781e+02 5.9008898926e+02 5.9007098389e+02 5.9005999756e+02 5.9005700684e+02 5.9005401611e+02 5.9005999756e+02 5.9005798340e+02 5.9004797363e+02 5.9004602051e+02 5.9003198242e+02 5.9002502441e+02 5.9003302002e+02 5.9003302002e+02 5.9002801514e+02 5.9002099609e+02
5.9011999512e+02 5.9013702393e+02 5.9014501953e+02 5.9014398193e+02 5.9014501953e+02 5.9014202881e+02 5.9015100098e+02 5.9014898682e+02 5.9015600586e+02 5.9015997314e+02 5.9014300537e+02 5.9013098145e+02 5.9012597656e+02 5.9012597656e+02 5.9012097168e+02 5.9013201904e+02 5.9014300537e+02 5.9014300537e+02 5.9013201904e+02 5.9013000488e+02 5.9011901855e+02 5.9010900879e+02 5.9011798096e+02 5.9011999512e+02 5.9011700439e+02 5.9012402344e+02 5.9011602783e+02 5.9011700439e+02 5.9011499023e+02 5.9010900879e+02 5.9010699463e+02 5.9010900879e+02 5.9009600830e+02 5.9008398438e+02 5.9008599854e+02 5.9008502197e+02 5.9009301758e+02 5.9008300781e+02 5.9007501221e+02 5.9007098389e+02 5.9006097412e+02 5.9005102539e+02 5.9005999756e+02 5.9003698730e+02 5.9003497314e+02 5.9003997803e+02
5.9012597656e+02 5.9013897705e+02 5.9014501953e+02 5.9015197754e+02 5.9015997314e+02 5.9016497803e+02 5.9018103027e+02 5.9017401123e+02 5.9016802979e+02 5.9015802002e+02 5.9014898682e+02 5.9014697266e+02 5.9014501953e+02 5.9014398193e+02 5.9013897705e+02 5.9013897705e+02 5.9015002441e+02 5.9015600586e+02 5.9015002441e+02 5.9014801025e+02 5.9014398193e+02 5.9013800049e+02 5.9014801025e+02 5.9014898682e+02 5.9014300537e+02 5.9014202881e+02 5.9013598633e+02 5.9013201904e+02 5.9013098145e+02 5.9012500000e+02 5.9011102295e+02 5.9010998535e+02 5.9011199951e+02 5.9011102295e+02 5.9010998535e+02 5.9011199951e+02 5.9011901855e+02 5.9010498047e+02 5.9009002686e+02 5.9009100342e+02 5.9008197021e+02 5.9007098389e+02 5.9007397461e+02 5.9007098389e+02 5.9006298828e+02 5.9005200195e+02
5.9011999512e+02 5.9013598633e+02 5.9014697266e+02 5.9015600586e+02 5.9016302490e+02 5.9016998291e+02 5.9018200684e+02 5.9017700195e+02 5.9017901611e+02 5.9017297363e+02 5.9016400146e+02 5.9016497803e+02 5.9016601563e+02 5.9016998291e+02 5.9016497803e+02 5.9015899658e+02 5.9016802979e+02 5.9016900635e+02 5.9015899658e+02 5.9015301514e+02 5.9014801025e+02 5.9014697266e+02 5.9016198730e+02 5.9016302490e+02 5.9016101074e+02 5.9016101074e+02 5.9015197754e+02 5.9014599609e+02 5.9014599609e+02 5.9014501953e+02 5.9013098145e+02 5.9012701416e+02 5.9012799072e+02 5.9012799072e+02 5.9013000488e+02 5.9013702393e+02 5.9013897705e+02 5.9012500000e+02 5.9010699463e+02 5.9010498047e+02 5.9009802246e+02 5.9008502197e+02 5.9008502197e+02 5.9009197998e+02 5.9008300781e+02 5.9007098389e+02
5.9010601807e+02 5.9013201904e+02 5.9015197754e+02 5.9015899658e+02 5.9016198730e+02 5.9016900635e+02 5.9017999268e+02 5.9018103027e+02 5.9018499756e+02 5.9018200684e+02 5.9017199707e+02 5.9017401123e+02 5.9017797852e+02 5.9018200684e+02 5.9017901611e+02 5.9017297363e+02 5.9017498779e+02 5.9016900635e+02 5.9016400146e+02 5.9016302490e+02 5.9015802002e+02 5.9016302490e+02 5.9017797852e+02 5.9017700195e+02 5.9017797852e+02 5.9017401123e+02 5.9016302490e+02 5.9015802002e+02 5.9015600586e+02 5.9015997314e+02 5.9015399170e+02 5.9016101074e+02 5.9015100098e+02 5.9014300537e+02 5.9014599609e+02 5.9015698242e+02 5.9015802002e+02 5.9014801025e+02 5.9012902832e+02 5.9012097168e+02 5.9011700439e+02 5.9010900879e+02 5.9010498047e+02 5.9010699463e+02 5.9009399414e+02 5.9008697510e+02
5.9009497070e+02 5.9011700439e+02 5.9013702393e+02 5.9015698242e+02 5.9016400146e+02 5.9017401123e+02 5.9019500732e+02 5.9019299316e+02 5.9018499756e+02 5.9017797852e+02 5.9017797852e+02 5.9018402100e+02 5.9018798828e+02 5.9018298340e+02 5.9018200684e+02 5.9018597412e+02 5.9018902588e+02 5.9018499756e+02 5.9017901611e+02 5.9018798828e+02 5.9017700195e+02 5.9018499756e+02 5.9019000244e+02 5.9019000244e+02 5.9019799805e+02 5.9018701172e+02 5.9018200684e+02 5.9017602539e+02 5.9017199707e+02 5.9016998291e+02 5.9016998291e+02 5.9018200684e+02 5.9016998291e+02 5.9016601563e+02 5.9017297363e+02 5.9016302490e+02 5.9016302490e+02 5.9016302490e+02 5.9015002441e+02 5.9014099121e+02 5.9014697266e+02 5.9013897705e+02 5.9011199951e+02 5.9012402344e+02 5.9011700439e+02 5.9011401367e+02
5.9012097168e+02 5.9012402344e+02 5.9013800049e+02 5.9015197754e+02 5.9015997314e+02 5.9017199707e+02 5.9018701172e+02 5.9019201660e+02 5.9019500732e+02 5.9019702148e+02 5.9019702148e+02 5.9020697021e+02 5.9020898438e+02 5.9020001221e+02 5.9019598389e+02 5.9020300293e+02 5.9020001221e+02 5.9020300293e+02 5.9019201660e+02 5.9020397949e+02 5.9019702148e+02 5.9019396973e+02 5.9018499756e+02 5.9018798828e+02 5.9020300293e+02 5.9019598389e+02 5.9019000244e+02 5.9019500732e+02 5.9019799805e+02 5.9019598389e+02 5.9018798828e+02 5.9019396973e+02 5.9018402100e+02 5.9019201660e+02 5.9020202637e+02 5.9018597412e+02 5.9017102051e+02 5.9016998291e+02 5.9016699219e+02 5.9016101074e+02 5.9016302490e+02 5.9015502930e+02 5.9013098145e+02 5.9013201904e+02 5.9013098145e+02 5.9012402344e+02
5.9014898682e+02 5.9015301514e+02 5.9015698242e+02 5.9015197754e+02 5.9014801025e+02 5.9015997314e+02 5.9017602539e+02 5.9018597412e+02 5.9019299316e+02 5.9020800781e+02 5.9021301270e+02 5.9021600342e+02 5.9021502686e+02 5.9020800781e+02 5.9020697021e+02 5.9021600342e+02 5.9021197510e+02 5.9021697998e+02 5.9020898438e+02 5.9021197510e+02 5.9020599365e+02 5.9021002197e+02 5.9021197510e+02 5.9021197510e+02 5.9021502686e+02 5.9020898438e+02 5.9020800781e+02 5.9021600342e+02 5.9022399902e+02 5.9022302246e+02 5.9020898438e+02 5.9020300293e+02 5.9019799805e+02 5.9020800781e+02 5.9021997070e+02 5.9021600342e+02 5.9019702148e+02 5.9019000244e+02 5.9019201660e+02 5.9018200684e+02 5.9017401123e+02 5.9016900635e+02 5.9015301514e+02 5.9014599609e+02 5.9014697266e+02 5.9014001465e+02
5.9016802979e+02 5.9017401123e+02 5.9016900635e+02 5.9015502930e+02 5.9014599609e+02 5.9014898682e+02 5.9016198730e+02 5.9017199707e+02 5.9018103027e+02 5.9020397949e+02 5.9021600342e+02 5.9021697998e+02 5.9021502686e+02 5.9021502686e+02 5.9021697998e+02 5.9022302246e+02 5.9022302246e+02 5.9023498535e+02 5.9022998047e+02 5.9022100830e+02 5.9020697021e+02 5.9020697021e+02 5.9021600342e+02 5.9022198486e+02 5.9022399902e+02 5.9022900391e+02 5.9023498535e+02 5.9023297119e+02 5.9023699951e+02 5.9023400879e+02 5.9022601318e+02 5.9021502686e+02 5.9021502686e+02 5.9022601318e+02 5.9023199463e+02 5.9022802734e+02 5.9021398926e+02 5.9020898438e+02 5.9021600342e+02 5.9019897461e+02 5.9017700195e+02 5.9017401123e+02 5.9017602539e+02 5.9017401123e+02 5.9016998291e+02 5.9015899658e+02
