TESTSERVER/0/7.asc
NCOLS 100
NROWS 100
XLLCORNER 7.4997500000e+03
YLLCORNER 2.8960025000e+05
CELLSIZE 5.0000000000e-01
NODATA_VALUE -9.9990000000e+03
[rows 60 to 79 of 100, columns 46 to 91 of 100]
5.8224499512e+02 5.8226800537e+02 5.8229797363e+02 5.8233099365e+02 5.8237200928e+02 5.8240802002e+02 5.8244097900e+02 5.8247399902e+02 5.8250201416e+02 5.8253900146e+02 5.8256701660e+02 5.8259497070e+02 5.8263598633e+02 5.8266601563e+02 5.8269702148e+02 5.8274597168e+02 5.8278497314e+02 5.8282098389e+02 5.8286102295e+02 5.8289099121e+02 5.8293103027e+02 5.8297198486e+02 5.8302398682e+02 5.8307299805e+02 5.8310900879e+02 5.8313702393e+02 5.8318103027e+02 5.8323699951e+02 5.8328198242e+02 5.8333801270e+02 5.8339099121e+02 5.8344299316e+02 5.8348699951e+02 5.8354302979e+02 5.8360101318e+02 5.8365997314e+02 5.8372698975e+02 5.8378302002e+02 5.8384100342e+02 5.8390698242e+02 5.8398101807e+02 5.8403100586e+02 5.8408300781e+02 5.8414898682e+02 5.8421801758e+02 5.8428302002e+02
5.8219598389e+02 5.8222399902e+02 5.8224902344e+02 5.8227600098e+02 5.8231701660e+02 5.8234899902e+02 5.8237298584e+02 5.8240100098e+02 5.8243200684e+02 5.8246502686e+02 5.8249700928e+02 5.8253198242e+02 5.8256201172e+02 5.8258697510e+02 5.8262402344e+02 5.8268298340e+02 5.8271301270e+02 5.8274798584e+02 5.8278802490e+02 5.8282098389e+02 5.8286700439e+02 5.8290997314e+02 5.8295800781e+02 5.8300500488e+02 5.8305401611e+02 5.8309698486e+02 5.8313897705e+02 5.8319201660e+02 5.8323797607e+02 5.8328198242e+02 5.8332800293e+02 5.8337902832e+02 5.8343402100e+02 5.8348400879e+02 5.8353198242e+02 5.8358697510e+02 5.8365197754e+02 5.8370098877e+02 5.8375299072e+02 5.8382202148e+02 5.8389898682e+02 5.8395098877e+02 5.8400097656e+02 5.8406701660e+02 5.8412902832e+02 5.8419598389e+02
5.8214898682e+02 5.8218499756e+02 5.8221099854e+02 5.8223199463e+02 5.8226501465e+02 5.8229199219e+02 5.8230999756e+02 5.8233502197e+02 5.8236999512e+02 5.8239697266e+02 5.8242602539e+02 5.8246301270e+02 5.8249597168e+02 5.8252502441e+02 5.8255401611e+02 5.8260302734e+02 5.8264599609e+02 5.8268701172e+02 5.8272497559e+02 5.8275897217e+02 5.8280499268e+02 5.8284698486e+02 5.8289697266e+02 5.8294598389e+02 5.8299401855e+02 5.8303997803e+02 5.8308197021e+02 5.8313000488e+02 5.8317700195e+02 5.8322698975e+02 5.8327600098e+02 5.8332098389e+02 5.8337097168e+02 5.8341802979e+02 5.8346502686e+02 5.8351702881e+02 5.8357702637e+02 5.8362597656e+02 5.8367102051e+02 5.8373297119e+02 5.8381097412e+02 5.8386499023e+02 5.8391802979e+02 5.8397998047e+02 5.8404699707e+02 5.8411798096e+02
5.8209301758e+02 5.8212902832e+02 5.8215802002e+02 5.8218200684e+02 5.8221502686e+02 5.8224597168e+02 5.8226000977e+02 5.8228399658e+02 5.8232098389e+02 5.8234698486e+02 5.8236901855e+02 5.8240301514e+02 5.8244396973e+02 5.8247998047e+02 5.8249700928e+02 5.8253302002e+02 5.8258599854e+02 5.8262298584e+02 5.8265698242e+02 5.8269201660e+02 5.8273297119e+02 5.8277301025e+02 5.8282800293e+02 5.8287902832e+02 5.8292602539e+02 5.8296697998e+02 5.8301501465e+02 5.8306701660e+02 5.8311199951e+02 5.8316998291e+02 5.8321899414e+02 5.8326800537e+02 5.8330798340e+02 5.8335101318e+02 5.8340698242e+02 5.8346002197e+02 5.8351397705e+02 5.8356298828e+02 5.8360400391e+02 5.8366101074e+02 5.8373101807e+02 5.8378302002e+02 5.8383599854e+02 5.8389398193e+02 5.8396301270e+02 5.8403100586e+02
5.8204302979e+02 5.8207702637e+02 5.8211199951e+02 5.8214398193e+02 5.8217700195e+02 5.8220098877e+02 5.8221997070e+02 5.8223901367e+02 5.8226300049e+02 5.8229400635e+02 5.8232098389e+02 5.8234899902e+02 5.8237799072e+02 5.8242297363e+02 5.8244702148e+02 5.8248297119e+02 5.8253399658e+02 5.8255297852e+02 5.8258398438e+02 5.8262200928e+02 5.8266998291e+02 5.8270599365e+02 5.8275897217e+02 5.8280700684e+02 5.8285302734e+02 5.8289099121e+02 5.8294500732e+02 5.8300598145e+02 5.8305603027e+02 5.8309698486e+02 5.8313800049e+02 5.8319702148e+02 5.8325097656e+02 5.8328802490e+02 5.8334698486e+02 5.8340100098e+02 5.8345501709e+02 5.8350000000e+02 5.8354199219e+02 5.8359301758e+02 5.8364599609e+02 5.8370697021e+02 5.8376202393e+02 5.8381298828e+02 5.8387500000e+02 5.8394097900e+02
5.8200799561e+02 5.8203997803e+02 5.8207202148e+02 5.8210601807e+02 5.8213500977e+02 5.8215502930e+02 5.8217199707e+02 5.8218499756e+02 5.8220697021e+02 5.8223498535e+02 5.8226800537e+02 5.8229602051e+02 5.8232702637e+02 5.8236499023e+02 5.8238897705e+02 5.8243103027e+02 5.8247497559e+02 5.8249499512e+02 5.8252697754e+02 5.8256597900e+02 5.8261199951e+02 5.8265399170e+02 5.8270001221e+02 5.8274499512e+02 5.8278399658e+02 5.8282897949e+02 5.8287902832e+02 5.8292797852e+02 5.8296997070e+02 5.8302197266e+02 5.8307702637e+02 5.8313201904e+02 5.8317901611e+02 5.8321997070e+02 5.8327301025e+02 5.8332598877e+02 5.8339300537e+02 5.8343597412e+02 5.8348199463e+02 5.8353399658e+02 5.8359301758e+02 5.8364801025e+02 5.8369799805e+02 5.8374597168e+02 5.8380603027e+02 5.8386602783e+02
5.8195697021e+02 5.8198602295e+02 5.8201501465e+02 5.8204901123e+02 5.8208197021e+02 5.8210601807e+02 5.8211901855e+02 5.8213598633e+02 5.8216699219e+02 5.8218597412e+02 5.8221002197e+02 5.8223498535e+02 5.8226898193e+02 5.8230102539e+02 5.8233001709e+02 5.8237799072e+02 5.8242199707e+02 5.8244201660e+02 5.8247601318e+02 5.8251898193e+02 5.8256097412e+02 5.8259497070e+02 5.8264398193e+02 5.8269097900e+02 5.8272802734e+02 5.8278002930e+02 5.8282299805e+02 5.8286102295e+02 5.8290399170e+02 5.8296197510e+02 5.8301599121e+02 5.8307000732e+02 5.8311602783e+02 5.8315899658e+02 5.8320001221e+02 5.8325000000e+02 5.8332098389e+02 5.8336901855e+02 5.8341998291e+02 5.8347302246e+02 5.8353399658e+02 5.8357897949e+02 5.8362500000e+02 5.8368499756e+02 5.8374798584e+02 5.8379699707e+02
5.8189001465e+02 5.8192102051e+02 5.8195001221e+02 5.8198199463e+02 5.8201599121e+02 5.8204699707e+02 5.8205603027e+02 5.8207501221e+02 5.8211901855e+02 5.8214398193e+02 5.8215997314e+02 5.8217999268e+02 5.8221002197e+02 5.8224200439e+02 5.8227001953e+02 5.8231597900e+02 5.8236602783e+02 5.8238897705e+02 5.8242401123e+02 5.8246997070e+02 5.8251501465e+02 5.8254199219e+02 5.8258898926e+02 5.8263299561e+02 5.8266900635e+02 5.8272100830e+02 5.8276397705e+02 5.8280297852e+02 5.8284899902e+02 5.8290502930e+02 5.8294299316e+02 5.8299102783e+02 5.8304901123e+02 5.8309698486e+02 5.8313702393e+02 5.8318402100e+02 5.8324401855e+02 5.8329400635e+02 5.8333898926e+02 5.8338897705e+02 5.8345501709e+02 5.8350799561e+02 5.8355401611e+02 5.8361499023e+02 5.8367498779e+02 5.8372399902e+02
5.8183001709e+02 5.8185601807e+02 5.8187799072e+02 5.8190899658e+02 5.8194799805e+02 5.8197900391e+02 5.8199401855e+02 5.8201501465e+02 5.8204498291e+02 5.8207598877e+02 5.8209899902e+02 5.8212597656e+02 5.8215399170e+02 5.8218402100e+02 5.8220501709e+02 5.8225097656e+02 5.8230902100e+02 5.8233599854e+02 5.8236999512e+02 5.8241497803e+02 5.8245800781e+02 5.8248602295e+02 5.8252301025e+02 5.8256597900e+02 5.8260998535e+02 5.8265997314e+02 5.8270599365e+02 5.8274597168e+02 5.8278601074e+02 5.8285198975e+02 5.8288598633e+02 5.8291601563e+02 5.8296899414e+02 5.8302600098e+02 5.8307598877e+02 5.8312298584e+02 5.8316400146e+02 5.8321099854e+02 5.8325097656e+02 5.8330200195e+02 5.8337402344e+02 5.8343298340e+02 5.8347802734e+02 5.8353399658e+02 5.8359997559e+02 5.8364697266e+02
5.8174298096e+02 5.8178002930e+02 5.8180603027e+02 5.8183599854e+02 5.8187902832e+02 5.8191400146e+02 5.8193402100e+02 5.8195697021e+02 5.8198699951e+02 5.8201702881e+02 5.8204302979e+02 5.8207800293e+02 5.8211700439e+02 5.8214001465e+02 5.8215600586e+02 5.8220098877e+02 5.8225097656e+02 5.8227301025e+02 5.8230200195e+02 5.8234197998e+02 5.8239001465e+02 5.8242901611e+02 5.8246398926e+02 5.8250201416e+02 5.8254602051e+02 5.8259197998e+02 5.8263299561e+02 5.8267602539e+02 5.8272601318e+02 5.8278698730e+02 5.8282501221e+02 5.8285998535e+02 5.8290600586e+02 5.8294201660e+02 5.8299499512e+02 5.8305603027e+02 5.8310601807e+02 5.8314801025e+02 5.8319396973e+02 5.8324597168e+02 5.8329998779e+02 5.8334899902e+02 5.8339898682e+02 5.8345599365e+02 5.8352099609e+02 5.8357202148e+02
5.8164599609e+02 5.8169500732e+02 5.8172601318e+02 5.8175299072e+02 5.8179998779e+02 5.8183599854e+02 5.8185797119e+02 5.8188397217e+02 5.8191998291e+02 5.8194702148e+02 5.8196697998e+02 5.8200598145e+02 5.8205401611e+02 5.8208300781e+02 5.8210797119e+02 5.8214697266e+02 5.8218902588e+02 5.8221600342e+02 5.8225299072e+02 5.8229901123e+02 5.8234802246e+02 5.8238702393e+02 5.8241601563e+02 5.8244598389e+02 5.8248101807e+02 5.8252801514e+02 5.8257000732e+02 5.8261700439e+02 5.8266900635e+02 5.8271600342e+02 5.8275500488e+02 5.8280200195e+02 5.8284497070e+02 5.8287097168e+02 5.8292498779e+02 5.8298797607e+02 5.8303601074e+02 5.8307897949e+02 5.8312701416e+02 5.8317602539e+02 5.8322802734e+02 5.8327197266e+02 5.8331500244e+02 5.8336401367e+02 5.8342797852e+02 5.8348498535e+02
5.8155798340e+02 5.8161798096e+02 5.8165197754e+02 5.8167297363e+02 5.8171899414e+02 5.8175000000e+02 5.8177301025e+02 5.8180401611e+02 5.8184600830e+02 5.8186602783e+02 5.8188897705e+02 5.8192901611e+02 5.8198101807e+02 5.8202502441e+02 5.8205603027e+02 5.8209301758e+02 5.8213299561e+02 5.8216400146e+02 5.8220202637e+02 5.8224902344e+02 5.8230102539e+02 5.8233502197e+02 5.8236499023e+02 5.8239599609e+02 5.8243200684e+02 5.8247399902e+02 5.8251599121e+02 5.8256500244e+02 5.8261499023e+02 5.8264801025e+02 5.8268200684e+02 5.8273199463e+02 5.8278002930e+02 5.8280700684e+02 5.8285900879e+02 5.8291601563e+02 5.8296398926e+02 5.8300799561e+02 5.8305401611e+02 5.8310302734e+02 5.8315899658e+02 5.8320501709e+02 5.8323797607e+02 5.8327801514e+02 5.8333898926e+02 5.8339398193e+02
5.8148699951e+02 5.8153900146e+02 5.8157000732e+02 5.8159698486e+02 5.8165301514e+02 5.8167700195e+02 5.8169897461e+02 5.8173498535e+02 5.8176599121e+02 5.8178997803e+02 5.8182598877e+02 5.8187200928e+02 5.8191198730e+02 5.8196398926e+02 5.8200299072e+02 5.8203997803e+02 5.8208099365e+02 5.8211401367e+02 5.8214202881e+02 5.8217602539e+02 5.8221600342e+02 5.8226800537e+02 5.8230798340e+02 5.8234899902e+02 5.8239202881e+02 5.8241998291e+02 5.8245098877e+02 5.8250402832e+02 5.8256896973e+02 5.8260101318e+02 5.8262097168e+02 5.8265997314e+02 5.8271502686e+02 5.8274798584e+02 5.8279400635e+02 5.8285101318e+02 5.8290301514e+02 5.8293798828e+02 5.8298797607e+02 5.8304302979e+02 5.8309399414e+02 5.8313897705e+02 5.8318103027e+02 5.8322302246e+02 5.8326898193e+02 5.8332000732e+02
5.8139099121e+02 5.8144500732e+02 5.8147601318e+02 5.8151098633e+02 5.8156500244e+02 5.8159802246e+02 5.8162500000e+02 5.8165802002e+02 5.8168402100e+02 5.8171899414e+02 5.8176501465e+02 5.8180902100e+02 5.8184899902e+02 5.8189300537e+02 5.8192901611e+02 5.8197399902e+02 5.8202502441e+02 5.8206597900e+02 5.8210101318e+02 5.8213500977e+02 5.8217700195e+02 5.8221801758e+02 5.8225299072e+02 5.8228601074e+02 5.8232702637e+02 5.8238201904e+02 5.8241497803e+02 5.8244897461e+02 5.8249798584e+02 5.8254199219e+02 5.8257098389e+02 5.8260601807e+02 5.8265301514e+02 5.8268902588e+02 5.8274200439e+02 5.8279199219e+02 5.8283502197e+02 5.8288299561e+02 5.8293200684e+02 5.8297998047e+02 5.8302197266e+02 5.8306201172e+02 5.8310797119e+02 5.8314801025e+02 5.8319702148e+02 5.8325201416e+02
5.8130401611e+02 5.8135998535e+02 5.8139898682e+02 5.8143597412e+02 5.8147998047e+02 5.8151300049e+02 5.8154699707e+02 5.8158398438e+02 5.8161199951e+02 5.8165899658e+02 5.8170697021e+02 5.8174200439e+02 5.8177697754e+02 5.8181896973e+02 5.8185699463e+02 5.8190802002e+02 5.8195098877e+02 5.8199298096e+02 5.8203997803e+02 5.8208300781e+02 5.8211999512e+02 5.8215600586e+02 5.8219799805e+02 5.8223297119e+02 5.8226898193e+02 5.8232397461e+02 5.8235699463e+02 5.8238800049e+02 5.8243499756e+02 5.8247698975e+02 5.8251501465e+02 5.8255401611e+02 5.8259497070e+02 5.8263098145e+02 5.8267901611e+02 5.8272399902e+02 5.8276898193e+02 5.8281896973e+02 5.8286297607e+02 5.8291198730e+02 5.8295800781e+02 5.8300402832e+02 5.8303997803e+02 5.8307800293e+02 5.8312500000e+02 5.8317498779e+02
5.8121301270e+02 5.8126300049e+02 5.8131097412e+02 5.8135498047e+02 5.8140399170e+02 5.8144000244e+02 5.8147698975e+02 5.8151800537e+02 5.8155102539e+02 5.8159399414e+02 5.8164099121e+02 5.8167401123e+02 5.8171002197e+02 5.8176098633e+02 5.8180603027e+02 5.8185101318e+02 5.8188500977e+02 5.8191601563e+02 5.8196301270e+02 5.8201397705e+02 5.8205499268e+02 5.8209399414e+02 5.8213500977e+02 5.8217102051e+02 5.8220697021e+02 5.8225097656e+02 5.8228497314e+02 5.8232800293e+02 5.8238500977e+02 5.8242199707e+02 5.8245800781e+02 5.8249902344e+02 5.8254101563e+02 5.8257501221e+02 5.8261401367e+02 5.8266198730e+02 5.8271301270e+02 5.8275402832e+02 5.8279101563e+02 5.8284002686e+02 5.8289300537e+02 5.8294097900e+02 5.8298199463e+02 5.8302398682e+02 5.8306097412e+02 5.8310101318e+02
5.8112799072e+02 5.8117401123e+02 5.8121502686e+02 5.8126300049e+02 5.8131896973e+02 5.8135601807e+02 5.8140399170e+02 5.8145202637e+02 5.8148101807e+02 5.8151501465e+02 5.8156097412e+02 5.8160601807e+02 5.8164898682e+02 5.8169897461e+02 5.8174401855e+02 5.8178698730e+02 5.8183099365e+02 5.8186602783e+02 5.8190600586e+02 5.8195098877e+02 5.8198999023e+02 5.8202801514e+02 5.8206201172e+02 5.8209899902e+02 5.8214300537e+02 5.8219500732e+02 5.8222601318e+02 5.8227099609e+02 5.8232299805e+02 5.8236297607e+02 5.8239898682e+02 5.8243902588e+02 5.8247497559e+02 5.8250799561e+02 5.8254998779e+02 5.8259899902e+02 5.8264599609e+02 5.8268499756e+02 5.8272601318e+02 5.8277502441e+02 5.8282202148e+02 5.8286297607e+02 5.8291302490e+02 5.8296301270e+02 5.8299102783e+02 5.8303497314e+02
5.8103399658e+02 5.8108300781e+02 5.8112902832e+02 5.8117297363e+02 5.8122100830e+02 5.8126300049e+02 5.8131402588e+02 5.8136401367e+02 5.8140197754e+02 5.8144000244e+02 5.8149102783e+02 5.8153900146e+02 5.8157897949e+02 5.8162597656e+02 5.8167102051e+02 5.8171801758e+02 5.8176702881e+02 5.8181402588e+02 5.8185302734e+02 5.8189300537e+02 5.8192700195e+02 5.8196099854e+02 5.8199700928e+02 5.8203198242e+02 5.8207897949e+02 5.8213702393e+02 5.8216998291e+02 5.8221002197e+02 5.8225500488e+02 5.8229901123e+02 5.8233300781e+02 5.8237200928e+02 5.8241497803e+02 5.8244897461e+02 5.8249298096e+02 5.8253900146e+02 5.8257702637e+02 5.8261401367e+02 5.8265301514e+02 5.8270501709e+02 5.8275897217e+02 5.8279400635e+02 5.8283599854e+02 5.8288000488e+02 5.8292102051e+02 5.8296600342e+02
5.8094000244e+02 5.8098901367e+02 5.8103497314e+02 5.8108099365e+02 5.8113000488e+02 5.8118103027e+02 5.8122900391e+02 5.8127502441e+02 5.8131896973e+02 5.8136401367e+02 5.8141497803e+02 5.8145599365e+02 5.8149102783e+02 5.8154998779e+02 5.8159997559e+02 5.8164801025e+02 5.8170001221e+02 5.8175201416e+02 5.8178802490e+02 5.8183099365e+02 5.8186999512e+02 5.8190502930e+02 5.8194299316e+02 5.8197698975e+02 5.8201702881e+02 5.8206597900e+02 5.8210498047e+02 5.8214697266e+02 5.8219000244e+02 5.8223400879e+02 5.8226702881e+02 5.8230700684e+02 5.8235400391e+02 5.8238098145e+02 5.8242102051e+02 5.8247198486e+02 5.8251800537e+02 5.8255700684e+02 5.8259497070e+02 5.8264099121e+02 5.8268902588e+02 5.8271997070e+02 5.8275897217e+02 5.8280999756e+02 5.8285601807e+02 5.8288702393e+02
5.8084899902e+02 5.8089697266e+02 5.8094299316e+02 5.8098999023e+02 5.8104101563e+02 5.8110101318e+02 5.8114599609e+02 5.8118902588e+02 5.8123797607e+02 5.8128002930e+02 5.8133099365e+02 5.8137597656e+02 5.8141198730e+02 5.8147302246e+02 5.8152697754e+02 5.8157897949e+02 5.8163098145e+02 5.8168200684e+02 5.8171997070e+02 5.8176800537e+02 5.8181500244e+02 5.8185900879e+02 5.8189697266e+02 5.8192498779e+02 5.8195898438e+02 5.8200299072e+02 5.8204602051e+02 5.8208801270e+02 5.8212799072e+02 5.8216998291e+02 5.8220300293e+02 5.8224102783e+02 5.8228802490e+02 5.8231298828e+02 5.8235601807e+02 5.8240899658e+02 5.8245898438e+02 5.8249499512e+02 5.8253302002e+02 5.8258001709e+02 5.8262500000e+02 5.8265600586e+02 5.8269201660e+02 5.8273999023e+02 5.8279498291e+02 5.8281799316e+02
