TESTSERVER/0/7.asc
NCOLS 100
NROWS 100
XLLCORNER 7.4997500000e+03
YLLCORNER 2.8960025000e+05
CELLSIZE 5.0000000000e-01
NODATA_VALUE -9.9990000000e+03
[rows 0 to 19 of 100, columns 0 to 45 of 100]
5.8297998047e+02 5.8303997803e+02 5.8309899902e+02 5.8315100098e+02 5.8320501709e+02 5.8326000977e+02 5.8332598877e+02 5.8340502930e+02 5.8347802734e+02 5.8354302979e+02 5.8361700439e+02 5.8370098877e+02 5.8378802490e+02 5.8388098145e+02 5.8394799805e+02 5.8400799561e+02 5.8407800293e+02 5.8414398193e+02 5.8421301270e+02 5.8426098633e+02 5.8433099365e+02 5.8442498779e+02 5.8451000977e+02 5.8460900879e+02 5.8472399902e+02 5.8484399414e+02 5.8496099854e+02 5.8508300781e+02 5.8519097900e+02 5.8529498291e+02 5.8540502930e+02 5.8548797607e+02 5.8556701660e+02 5.8563500977e+02 5.8567498779e+02 5.8573901367e+02 5.8579901123e+02 5.8587097168e+02 5.8595697021e+02 5.8604699707e+02 5.8613397217e+02 5.8622399902e+02 5.8632702637e+02 5.8644299316e+02 5.8656500244e+02 5.8669396973e+02
5.8292498779e+02 5.8298602295e+02 5.8303900146e+02 5.8308697510e+02 5.8313500977e+02 5.8319000244e+02 5.8326202393e+02 5.8332702637e+02 5.8339599609e+02 5.8346502686e+02 5.8354302979e+02 5.8361999512e+02 5.8370501709e+02 5.8379400635e+02 5.8386999512e+02 5.8393798828e+02 5.8399401855e+02 5.8405200195e+02 5.8411901855e+02 5.8418902588e+02 5.8425799561e+02 5.8433697510e+02 5.8440698242e+02 5.8448901367e+02 5.8458599854e+02 5.8469097900e+02 5.8480102539e+02 5.8492297363e+02 5.8503302002e+02 5.8514599609e+02 5.8526501465e+02 5.8535198975e+02 5.8542797852e+02 5.8549902344e+02 5.8555999756e+02 5.8563299561e+02 5.8569799805e+02 5.8577600098e+02 5.8585699463e+02 5.8593499756e+02 5.8601898193e+02 5.8610302734e+02 5.8619897461e+02 5.8630499268e+02 5.8641998291e+02 5.8655603027e+02
5.8286901855e+02 5.8293200684e+02 5.8298699951e+02 5.8303399658e+02 5.8308001709e+02 5.8313598633e+02 5.8320300293e+02 5.8326800537e+02 5.8332702637e+02 5.8338598633e+02 5.8345300293e+02 5.8353100586e+02 5.8361999512e+02 5.8371197510e+02 5.8379101563e+02 5.8385900879e+02 5.8391198730e+02 5.8396801758e+02 5.8403100586e+02 5.8410498047e+02 5.8417297363e+02 5.8424902344e+02 5.8432800293e+02 5.8440100098e+02 5.8448101807e+02 5.8457202148e+02 5.8467797852e+02 5.8479101563e+02 5.8489501953e+02 5.8501000977e+02 5.8513000488e+02 5.8521801758e+02 5.8529101563e+02 5.8536499023e+02 5.8543902588e+02 5.8551397705e+02 5.8558599854e+02 5.8566900635e+02 5.8575598145e+02 5.8583398438e+02 5.8591699219e+02 5.8600201416e+02 5.8609399414e+02 5.8619598389e+02 5.8630200195e+02 5.8642700195e+02
5.8281597900e+02 5.8287597656e+02 5.8293298340e+02 5.8297698975e+02 5.8303198242e+02 5.8309802246e+02 5.8315502930e+02 5.8320898438e+02 5.8325701904e+02 5.8330700684e+02 5.8337298584e+02 5.8344897461e+02 5.8353302002e+02 5.8361798096e+02 5.8369799805e+02 5.8376898193e+02 5.8382702637e+02 5.8388500977e+02 5.8394799805e+02 5.8402899170e+02 5.8409997559e+02 5.8417199707e+02 5.8426098633e+02 5.8433398438e+02 5.8440899658e+02 5.8448999023e+02 5.8458502197e+02 5.8469299316e+02 5.8479302979e+02 5.8489898682e+02 5.8500598145e+02 5.8510400391e+02 5.8517602539e+02 5.8524597168e+02 5.8532000732e+02 5.8539801025e+02 5.8547497559e+02 5.8556500244e+02 5.8565802002e+02 5.8572900391e+02 5.8581201172e+02 5.8589898682e+02 5.8598901367e+02 5.8608398438e+02 5.8619000244e+02 5.8629901123e+02
5.8276202393e+02 5.8282098389e+02 5.8287902832e+02 5.8292700195e+02 5.8298498535e+02 5.8304699707e+02 5.8309399414e+02 5.8314398193e+02 5.8319396973e+02 5.8324902344e+02 5.8331201172e+02 5.8338397217e+02 5.8345898438e+02 5.8352801514e+02 5.8360198975e+02 5.8367498779e+02 5.8373999023e+02 5.8380200195e+02 5.8385998535e+02 5.8395599365e+02 5.8403802490e+02 5.8410302734e+02 5.8418200684e+02 5.8426098633e+02 5.8435498047e+02 5.8444396973e+02 5.8451800537e+02 5.8461999512e+02 5.8472698975e+02 5.8482598877e+02 5.8490997314e+02 5.8498999023e+02 5.8505499268e+02 5.8511999512e+02 5.8520397949e+02 5.8529400635e+02 5.8536901855e+02 5.8546197510e+02 5.8556201172e+02 5.8563897705e+02 5.8571697998e+02 5.8579797363e+02 5.8587902832e+02 5.8597198486e+02 5.8607897949e+02 5.8618298340e+02
5.8271099854e+02 5.8276702881e+02 5.8281896973e+02 5.8286999512e+02 5.8292602539e+02 5.8298101807e+02 5.8302801514e+02 5.8308398438e+02 5.8314898682e+02 5.8321002197e+02 5.8325897217e+02 5.8331402588e+02 5.8337799072e+02 5.8343597412e+02 5.8350097656e+02 5.8357501221e+02 5.8364300537e+02 5.8371301270e+02 5.8377099609e+02 5.8385797119e+02 5.8394799805e+02 5.8402398682e+02 5.8409899902e+02 5.8418298340e+02 5.8429101563e+02 5.8439599609e+02 5.8447399902e+02 5.8456097412e+02 5.8465802002e+02 5.8475598145e+02 5.8484899902e+02 5.8491601563e+02 5.8496502686e+02 5.8501702881e+02 5.8509600830e+02 5.8518402100e+02 5.8527001953e+02 5.8536999512e+02 5.8545599365e+02 5.8552801514e+02 5.8560699463e+02 5.8569799805e+02 5.8577697754e+02 5.8585400391e+02 5.8595300293e+02 5.8605798340e+02
5.8266101074e+02 5.8271002197e+02 5.8276800537e+02 5.8281597900e+02 5.8286602783e+02 5.8292102051e+02 5.8297100830e+02 5.8302697754e+02 5.8309197998e+02 5.8315698242e+02 5.8320202637e+02 5.8325299072e+02 5.8331097412e+02 5.8335699463e+02 5.8341302490e+02 5.8348699951e+02 5.8355902100e+02 5.8362902832e+02 5.8369396973e+02 5.8377502441e+02 5.8386102295e+02 5.8394598389e+02 5.8403802490e+02 5.8411798096e+02 5.8421600342e+02 5.8431799316e+02 5.8439801025e+02 5.8447802734e+02 5.8456500244e+02 5.8465997314e+02 5.8476000977e+02 5.8483801270e+02 5.8488598633e+02 5.8493499756e+02 5.8500402832e+02 5.8508599854e+02 5.8517999268e+02 5.8527600098e+02 5.8534802246e+02 5.8542297363e+02 5.8550000000e+02 5.8559197998e+02 5.8567199707e+02 5.8575000000e+02 5.8584100342e+02 5.8594799805e+02
5.8261602783e+02 5.8266497803e+02 5.8271899414e+02 5.8276098633e+02 5.8280999756e+02 5.8286401367e+02 5.8291699219e+02 5.8297198486e+02 5.8303100586e+02 5.8309600830e+02 5.8314801025e+02 5.8320397949e+02 5.8326397705e+02 5.8330902100e+02 5.8335601807e+02 5.8342102051e+02 5.8348602295e+02 5.8355297852e+02 5.8362402344e+02 5.8370599365e+02 5.8377801514e+02 5.8385699463e+02 5.8395697021e+02 5.8403802490e+02 5.8413000488e+02 5.8422497559e+02 5.8430499268e+02 5.8438598633e+02 5.8447497559e+02 5.8456799316e+02 5.8465802002e+02 5.8473101807e+02 5.8478198242e+02 5.8484399414e+02 5.8492199707e+02 5.8500598145e+02 5.8508697510e+02 5.8516497803e+02 5.8523602295e+02 5.8532501221e+02 5.8540899658e+02 5.8549798584e+02 5.8557098389e+02 5.8564300537e+02 5.8573400879e+02 5.8585302734e+02
5.8256402588e+02 5.8262597656e+02 5.8268103027e+02 5.8272601318e+02 5.8277099609e+02 5.8281799316e+02 5.8286499023e+02 5.8291900635e+02 5.8297497559e+02 5.8303601074e+02 5.8309497070e+02 5.8314801025e+02 5.8320300293e+02 5.8325097656e+02 5.8329901123e+02 5.8336102295e+02 5.8341497803e+02 5.8347302246e+02 5.8353399658e+02 5.8360699463e+02 5.8367498779e+02 5.8375299072e+02 5.8384997559e+02 5.8393902588e+02 5.8403802490e+02 5.8413098145e+02 5.8421600342e+02 5.8429602051e+02 5.8438500977e+02 5.8448101807e+02 5.8456402588e+02 5.8463500977e+02 5.8469097900e+02 5.8476000977e+02 5.8484600830e+02 5.8492199707e+02 5.8499102783e+02 5.8505700684e+02 5.8514001465e+02 5.8522802734e+02 5.8530999756e+02 5.8539898682e+02 5.8546997070e+02 5.8553997803e+02 5.8563897705e+02 5.8576501465e+02
5.8251202393e+02 5.8258001709e+02 5.8263397217e+02 5.8267401123e+02 5.8271997070e+02 5.8276702881e+02 5.8281402588e+02 5.8287298584e+02 5.8292297363e+02 5.8297802734e+02 5.8303698730e+02 5.8309802246e+02 5.8315802002e+02 5.8319897461e+02 5.8324401855e+02 5.8330700684e+02 5.8335498047e+02 5.8340698242e+02 5.8346197510e+02 5.8353302002e+02 5.8360601807e+02 5.8367401123e+02 5.8374597168e+02 5.8383197021e+02 5.8393402100e+02 5.8403002930e+02 5.8411499023e+02 5.8419598389e+02 5.8428002930e+02 5.8438000488e+02 5.8446197510e+02 5.8453399658e+02 5.8460601807e+02 5.8468499756e+02 5.8476202393e+02 5.8482800293e+02 5.8489898682e+02 5.8496997070e+02 5.8504400635e+02 5.8512902832e+02 5.8520898438e+02 5.8530297852e+02 5.8538598633e+02 5.8546398926e+02 5.8556500244e+02 5.8568103027e+02
5.8246398926e+02 5.8252301025e+02 5.8257397461e+02 5.8261901855e+02 5.8266601563e+02 5.8271099854e+02 5.8276098633e+02 5.8282800293e+02 5.8287597656e+02 5.8291699219e+02 5.8296997070e+02 5.8303698730e+02 5.8310498047e+02 5.8315301514e+02 5.8320300293e+02 5.8326702881e+02 5.8330700684e+02 5.8335198975e+02 5.8340502930e+02 5.8346899414e+02 5.8353601074e+02 5.8359600830e+02 5.8365100098e+02 5.8373101807e+02 5.8382800293e+02 5.8392102051e+02 5.8400701904e+02 5.8409600830e+02 5.8418902588e+02 5.8428399658e+02 5.8435699463e+02 5.8442901611e+02 5.8450402832e+02 5.8458197021e+02 5.8466400146e+02 5.8473602295e+02 5.8480700684e+02 5.8487701416e+02 5.8494299316e+02 5.8502301025e+02 5.8510498047e+02 5.8519799805e+02 5.8528698730e+02 5.8536901855e+02 5.8546697998e+02 5.8558197021e+02
5.8241302490e+02 5.8246197510e+02 5.8251300049e+02 5.8256298828e+02 5.8260998535e+02 5.8265600586e+02 5.8270697021e+02 5.8277600098e+02 5.8281799316e+02 5.8284997559e+02 5.8290399170e+02 5.8296997070e+02 5.8303802490e+02 5.8309698486e+02 5.8315301514e+02 5.8322198486e+02 5.8326098633e+02 5.8330102539e+02 5.8335198975e+02 5.8339697266e+02 5.8345501709e+02 5.8351800537e+02 5.8357501221e+02 5.8364300537e+02 5.8372497559e+02 5.8381201172e+02 5.8390399170e+02 5.8399401855e+02 5.8409197998e+02 5.8418701172e+02 5.8425701904e+02 5.8432202148e+02 5.8439898682e+02 5.8447802734e+02 5.8456500244e+02 5.8464300537e+02 5.8471398926e+02 5.8478399658e+02 5.8484802246e+02 5.8492297363e+02 5.8500299072e+02 5.8509802246e+02 5.8519396973e+02 5.8527197266e+02 5.8536999512e+02 5.8548797607e+02
5.8235797119e+02 5.8240600586e+02 5.8245697021e+02 5.8250402832e+02 5.8255297852e+02 5.8260198975e+02 5.8264697266e+02 5.8269897461e+02 5.8274597168e+02 5.8279400635e+02 5.8285302734e+02 5.8291497803e+02 5.8297497559e+02 5.8303900146e+02 5.8309002686e+02 5.8316101074e+02 5.8320397949e+02 5.8323901367e+02 5.8328997803e+02 5.8334100342e+02 5.8339398193e+02 5.8345501709e+02 5.8351300049e+02 5.8357000732e+02 5.8364697266e+02 5.8373199463e+02 5.8381097412e+02 5.8388201904e+02 5.8396899414e+02 5.8407397461e+02 5.8416497803e+02 5.8422399902e+02 5.8430102539e+02 5.8439202881e+02 5.8447399902e+02 5.8454998779e+02 5.8462097168e+02 5.8469299316e+02 5.8477001953e+02 5.8484497070e+02 5.8492602539e+02 5.8501800537e+02 5.8510998535e+02 5.8520202637e+02 5.8530102539e+02 5.8541601563e+02
5.8229998779e+02 5.8235302734e+02 5.8240502930e+02 5.8244897461e+02 5.8249200439e+02 5.8253997803e+02 5.8258697510e+02 5.8263598633e+02 5.8268597412e+02 5.8273797607e+02 5.8279901123e+02 5.8285699463e+02 5.8291302490e+02 5.8297198486e+02 5.8302600098e+02 5.8309600830e+02 5.8314898682e+02 5.8319598389e+02 5.8323797607e+02 5.8329199219e+02 5.8333300781e+02 5.8338201904e+02 5.8344396973e+02 5.8350201416e+02 5.8357702637e+02 5.8365698242e+02 5.8372900391e+02 5.8379199219e+02 5.8386798096e+02 5.8396997070e+02 5.8405999756e+02 5.8412799072e+02 5.8420300293e+02 5.8429901123e+02 5.8438897705e+02 5.8446697998e+02 5.8453802490e+02 5.8461700439e+02 5.8469500732e+02 5.8477398682e+02 5.8485498047e+02 5.8492901611e+02 5.8501599121e+02 5.8512799072e+02 5.8522900391e+02 5.8534197998e+02
5.8223400879e+02 5.8229302979e+02 5.8234997559e+02 5.8239501953e+02 5.8242999268e+02 5.8247601318e+02 5.8252899170e+02 5.8258197021e+02 5.8263500977e+02 5.8268701172e+02 5.8273901367e+02 5.8279602051e+02 5.8285900879e+02 5.8291198730e+02 5.8296600342e+02 5.8303601074e+02 5.8309197998e+02 5.8314202881e+02 5.8317999268e+02 5.8322900391e+02 5.8326800537e+02 5.8332000732e+02 5.8339202881e+02 5.8345202637e+02 5.8351202393e+02 5.8357397461e+02 5.8364599609e+02 5.8371600342e+02 5.8378900146e+02 5.8387902832e+02 5.8396002197e+02 5.8403802490e+02 5.8410900879e+02 5.8419500732e+02 5.8429199219e+02 5.8437902832e+02 5.8445202637e+02 5.8453601074e+02 5.8462200928e+02 5.8470300293e+02 5.8477600098e+02 5.8483898926e+02 5.8492297363e+02 5.8504498291e+02 5.8514697266e+02 5.8526397705e+02
5.8217602539e+02 5.8223400879e+02 5.8228601074e+02 5.8233502197e+02 5.8237097168e+02 5.8241400146e+02 5.8246502686e+02 5.8251800537e+02 5.8257299805e+02 5.8262701416e+02 5.8268103027e+02 5.8273797607e+02 5.8280798340e+02 5.8286102295e+02 5.8291198730e+02 5.8298400879e+02 5.8303497314e+02 5.8308197021e+02 5.8312200928e+02 5.8316101074e+02 5.8320397949e+02 5.8326202393e+02 5.8332702637e+02 5.8339501953e+02 5.8345397949e+02 5.8350500488e+02 5.8357000732e+02 5.8364300537e+02 5.8371600342e+02 5.8379901123e+02 5.8386798096e+02 5.8395001221e+02 5.8401599121e+02 5.8409497070e+02 5.8419299316e+02 5.8428002930e+02 5.8435699463e+02 5.8444702148e+02 5.8453601074e+02 5.8460998535e+02 5.8467999268e+02 5.8474700928e+02 5.8483502197e+02 5.8495501709e+02 5.8505603027e+02 5.8517602539e+02
5.8210601807e+02 5.8216497803e+02 5.8221099854e+02 5.8226300049e+02 5.8231201172e+02 5.8235498047e+02 5.8240197754e+02 5.8245300293e+02 5.8250500488e+02 5.8256298828e+02 5.8262799072e+02 5.8267901611e+02 5.8273901367e+02 5.8279498291e+02 5.8285400391e+02 5.8292199707e+02 5.8297302246e+02 5.8302197266e+02 5.8306500244e+02 5.8310198975e+02 5.8315002441e+02 5.8320001221e+02 5.8324798584e+02 5.8331597900e+02 5.8338897705e+02 5.8344799805e+02 5.8351300049e+02 5.8357397461e+02 5.8365197754e+02 5.8372900391e+02 5.8377899170e+02 5.8384100342e+02 5.8391198730e+02 5.8399902344e+02 5.8408697510e+02 5.8418103027e+02 5.8426397705e+02 5.8435699463e+02 5.8443597412e+02 5.8450701904e+02 5.8458599854e+02 5.8466601563e+02 5.8475500488e+02 5.8486798096e+02 5.8497601318e+02 5.8510302734e+02
5.8203399658e+02 5.8209600830e+02 5.8214599609e+02 5.8220202637e+02 5.8225500488e+02 5.8229602051e+02 5.8234600830e+02 5.8240698242e+02 5.8245098877e+02 5.8250201416e+02 5.8256298828e+02 5.8261999512e+02 5.8267602539e+02 5.8273199463e+02 5.8279199219e+02 5.8285699463e+02 5.8290698242e+02 5.8295300293e+02 5.8300097656e+02 5.8304602051e+02 5.8309698486e+02 5.8314697266e+02 5.8319000244e+02 5.8324499512e+02 5.8330902100e+02 5.8337200928e+02 5.8345098877e+02 5.8351202393e+02 5.8358502197e+02 5.8365600586e+02 5.8371600342e+02 5.8377600098e+02 5.8383197021e+02 5.8390997314e+02 5.8399401855e+02 5.8408599854e+02 5.8417498779e+02 5.8426397705e+02 5.8434399414e+02 5.8442700195e+02 5.8451098633e+02 5.8459698486e+02 5.8469299316e+02 5.8480603027e+02 5.8491699219e+02 5.8503399658e+02
5.8197601318e+02 5.8204302979e+02 5.8209399414e+02 5.8214202881e+02 5.8219396973e+02 5.8223699951e+02 5.8229400635e+02 5.8235101318e+02 5.8239300537e+02 5.8245001221e+02 5.8250299072e+02 5.8255798340e+02 5.8261401367e+02 5.8266998291e+02 5.8272601318e+02 5.8279400635e+02 5.8284698486e+02 5.8289202881e+02 5.8294097900e+02 5.8298699951e+02 5.8304199219e+02 5.8309899902e+02 5.8314398193e+02 5.8319097900e+02 5.8324798584e+02 5.8331402588e+02 5.8339398193e+02 5.8345300293e+02 5.8352099609e+02 5.8359100342e+02 5.8365399170e+02 5.8371502686e+02 5.8376898193e+02 5.8383898926e+02 5.8390899658e+02 5.8398602295e+02 5.8407800293e+02 5.8416699219e+02 5.8424798584e+02 5.8433599854e+02 5.8443200684e+02 5.8452301025e+02 5.8460797119e+02 5.8472399902e+02 5.8484399414e+02 5.8495697021e+02
5.8192797852e+02 5.8199597168e+02 5.8204400635e+02 5.8208398438e+02 5.8213702393e+02 5.8218597412e+02 5.8223901367e+02 5.8228802490e+02 5.8233001709e+02 5.8239300537e+02 5.8244201660e+02 5.8249499512e+02 5.8255200195e+02 5.8260797119e+02 5.8266101074e+02 5.8272900391e+02 5.8278302002e+02 5.8282299805e+02 5.8287200928e+02 5.8291198730e+02 5.8297198486e+02 5.8303497314e+02 5.8308502197e+02 5.8313897705e+02 5.8319897461e+02 5.8326300049e+02 5.8334301758e+02 5.8339898682e+02 5.8346697998e+02 5.8353601074e+02 5.8359399414e+02 5.8365100098e+02 5.8370800781e+02 5.8377301025e+02 5.8383898926e+02 5.8391101074e+02 5.8399597168e+02 5.8408300781e+02 5.8416900635e+02 5.8425799561e+02 5.8436401367e+02 5.8445501709e+02 5.8452301025e+02 5.8463897705e+02 5.8475701904e+02 5.8486999512e+02
