TESTSERVER/0/7.asc
NCOLS 100
NROWS 100
XLLCORNER 7.4997500000e+03
YLLCORNER 2.8960025000e+05
CELLSIZE 5.0000000000e-01
NODATA_VALUE -9.9990000000e+03
[rows 20 to 39 of 100, columns 0 to 45 of 100]
5.8186999512e+02 5.8192797852e+02 5.8197998047e+02 5.8202197266e+02 5.8208502197e+02 5.8214001465e+02 5.8217901611e+02 5.8222802734e+02 5.8226800537e+02 5.8232098389e+02 5.8237097168e+02 5.8243298340e+02 5.8249102783e+02 5.8254498291e+02 5.8259197998e+02 5.8266400146e+02 5.8271002197e+02 5.8274798584e+02 5.8280499268e+02 5.8284899902e+02 5.8291198730e+02 5.8297497559e+02 5.8303198242e+02 5.8308502197e+02 5.8314697266e+02 5.8321398926e+02 5.8328900146e+02 5.8334997559e+02 5.8341998291e+02 5.8349401855e+02 5.8354797363e+02 5.8359497070e+02 5.8365997314e+02 5.8373297119e+02 5.8379602051e+02 5.8386401367e+02 5.8393701172e+02 5.8401300049e+02 5.8410101318e+02 5.8419500732e+02 5.8430297852e+02 5.8440100098e+02 5.8447497559e+02 5.8457098389e+02 5.8466699219e+02 5.8476898193e+02
5.8181298828e+02 5.8186798096e+02 5.8191998291e+02 5.8196002197e+02 5.8202398682e+02 5.8208300781e+02 5.8211700439e+02 5.8216699219e+02 5.8221600342e+02 5.8226702881e+02 5.8231597900e+02 5.8238201904e+02 5.8244299316e+02 5.8248999023e+02 5.8253497314e+02 5.8259802246e+02 5.8264398193e+02 5.8268902588e+02 5.8274902344e+02 5.8279699707e+02 5.8285302734e+02 5.8291101074e+02 5.8296997070e+02 5.8302197266e+02 5.8309301758e+02 5.8316198730e+02 5.8322198486e+02 5.8328601074e+02 5.8336401367e+02 5.8344396973e+02 5.8349298096e+02 5.8355200195e+02 5.8361901855e+02 5.8368402100e+02 5.8374902344e+02 5.8381298828e+02 5.8387200928e+02 5.8395898438e+02 5.8408398438e+02 5.8416802979e+02 5.8423602295e+02 5.8433697510e+02 5.8443701172e+02 5.8451898193e+02 5.8458599854e+02 5.8468103027e+02
5.8175500488e+02 5.8180798340e+02 5.8186102295e+02 5.8190600586e+02 5.8196301270e+02 5.8202001953e+02 5.8205999756e+02 5.8210699463e+02 5.8215698242e+02 5.8221002197e+02 5.8226397705e+02 5.8232000732e+02 5.8237402344e+02 5.8242401123e+02 5.8248101807e+02 5.8253997803e+02 5.8258697510e+02 5.8263201904e+02 5.8267797852e+02 5.8272802734e+02 5.8278997803e+02 5.8286297607e+02 5.8292401123e+02 5.8296002197e+02 5.8303100586e+02 5.8310302734e+02 5.8316802979e+02 5.8323999023e+02 5.8331701660e+02 5.8339501953e+02 5.8344598389e+02 5.8351501465e+02 5.8357897949e+02 5.8363397217e+02 5.8369702148e+02 5.8375402832e+02 5.8382202148e+02 5.8392999268e+02 5.8406201172e+02 5.8413598633e+02 5.8417999268e+02 5.8427398682e+02 5.8438702393e+02 5.8446398926e+02 5.8453302002e+02 5.8462902832e+02
5.8169500732e+02 5.8174798584e+02 5.8180102539e+02 5.8185400391e+02 5.8190301514e+02 5.8194897461e+02 5.8199700928e+02 5.8205200195e+02 5.8209997559e+02 5.8215100098e+02 5.8221002197e+02 5.8225701904e+02 5.8230499268e+02 5.8235302734e+02 5.8241101074e+02 5.8247399902e+02 5.8251800537e+02 5.8255999756e+02 5.8260797119e+02 5.8266497803e+02 5.8273699951e+02 5.8282202148e+02 5.8287597656e+02 5.8290301514e+02 5.8297399902e+02 5.8304901123e+02 5.8312097168e+02 5.8319799805e+02 5.8327001953e+02 5.8334002686e+02 5.8339501953e+02 5.8346697998e+02 5.8353198242e+02 5.8358599854e+02 5.8364697266e+02 5.8370202637e+02 5.8378900146e+02 5.8391497803e+02 5.8402099609e+02 5.8407299805e+02 5.8411700439e+02 5.8421197510e+02 5.8431097412e+02 5.8439398193e+02 5.8448101807e+02 5.8458197021e+02
5.8163098145e+02 5.8168798828e+02 5.8174200439e+02 5.8179699707e+02 5.8184600830e+02 5.8188299561e+02 5.8193200684e+02 5.8199200439e+02 5.8203802490e+02 5.8208697510e+02 5.8213800049e+02 5.8219500732e+02 5.8224798584e+02 5.8229302979e+02 5.8233697510e+02 5.8240197754e+02 5.8244897461e+02 5.8249200439e+02 5.8254998779e+02 5.8260601807e+02 5.8266699219e+02 5.8274102783e+02 5.8280902100e+02 5.8285302734e+02 5.8292602539e+02 5.8299902344e+02 5.8307397461e+02 5.8314599609e+02 5.8321099854e+02 5.8327398682e+02 5.8333697510e+02 5.8342102051e+02 5.8348199463e+02 5.8353802490e+02 5.8360198975e+02 5.8365600586e+02 5.8375201416e+02 5.8387500000e+02 5.8396997070e+02 5.8400000000e+02 5.8405603027e+02 5.8415399170e+02 5.8424597168e+02 5.8432598877e+02 5.8443200684e+02 5.8454199219e+02
5.8157299805e+02 5.8163201904e+02 5.8168200684e+02 5.8173199463e+02 5.8178802490e+02 5.8184100342e+02 5.8188800049e+02 5.8193103027e+02 5.8197198486e+02 5.8202502441e+02 5.8207598877e+02 5.8212597656e+02 5.8218402100e+02 5.8222802734e+02 5.8225598145e+02 5.8232800293e+02 5.8238098145e+02 5.8242401123e+02 5.8247802734e+02 5.8253802490e+02 5.8260797119e+02 5.8266998291e+02 5.8272601318e+02 5.8278802490e+02 5.8287200928e+02 5.8294299316e+02 5.8301702881e+02 5.8309497070e+02 5.8316302490e+02 5.8322698975e+02 5.8328497314e+02 5.8337500000e+02 5.8343499756e+02 5.8348797607e+02 5.8354400635e+02 5.8360797119e+02 5.8371899414e+02 5.8383099365e+02 5.8389501953e+02 5.8393298340e+02 5.8400201416e+02 5.8409497070e+02 5.8417797852e+02 5.8426397705e+02 5.8437097168e+02 5.8448498535e+02
5.8151898193e+02 5.8158099365e+02 5.8163000488e+02 5.8167901611e+02 5.8173498535e+02 5.8179101563e+02 5.8184002686e+02 5.8188098145e+02 5.8191699219e+02 5.8196801758e+02 5.8201702881e+02 5.8206799316e+02 5.8211798096e+02 5.8215399170e+02 5.8218298340e+02 5.8225799561e+02 5.8230603027e+02 5.8234600830e+02 5.8240100098e+02 5.8245898438e+02 5.8253302002e+02 5.8259899902e+02 5.8265100098e+02 5.8272198486e+02 5.8281097412e+02 5.8288500977e+02 5.8295697021e+02 5.8304101563e+02 5.8311199951e+02 5.8317797852e+02 5.8324102783e+02 5.8331701660e+02 5.8337402344e+02 5.8342797852e+02 5.8348400879e+02 5.8356500244e+02 5.8369299316e+02 5.8378802490e+02 5.8381201172e+02 5.8386401367e+02 5.8393701172e+02 5.8401702881e+02 5.8410601807e+02 5.8419598389e+02 5.8430200195e+02 5.8441101074e+02
5.8145800781e+02 5.8152099609e+02 5.8157098389e+02 5.8161602783e+02 5.8167401123e+02 5.8172802734e+02 5.8177600098e+02 5.8182397461e+02 5.8186901855e+02 5.8191900635e+02 5.8195397949e+02 5.8200799561e+02 5.8205603027e+02 5.8208898926e+02 5.8212597656e+02 5.8219299316e+02 5.8223199463e+02 5.8227197266e+02 5.8233001709e+02 5.8237701416e+02 5.8245501709e+02 5.8253698730e+02 5.8259497070e+02 5.8266302490e+02 5.8275402832e+02 5.8284002686e+02 5.8291400146e+02 5.8299200439e+02 5.8306201172e+02 5.8312902832e+02 5.8319702148e+02 5.8326599121e+02 5.8330999756e+02 5.8336102295e+02 5.8342498779e+02 5.8353100586e+02 5.8366101074e+02 5.8373199463e+02 5.8372998047e+02 5.8379699707e+02 5.8386798096e+02 5.8393701172e+02 5.8403302002e+02 5.8413000488e+02 5.8424102783e+02 5.8434197998e+02
5.8139398193e+02 5.8145098877e+02 5.8150598145e+02 5.8155499268e+02 5.8160900879e+02 5.8165997314e+02 5.8170397949e+02 5.8175799561e+02 5.8181298828e+02 5.8186102295e+02 5.8190399170e+02 5.8194598389e+02 5.8199298096e+02 5.8203002930e+02 5.8207397461e+02 5.8212701416e+02 5.8216198730e+02 5.8220697021e+02 5.8226800537e+02 5.8231701660e+02 5.8238598633e+02 5.8246099854e+02 5.8252001953e+02 5.8260699463e+02 5.8270098877e+02 5.8278997803e+02 5.8286901855e+02 5.8294201660e+02 5.8300897217e+02 5.8307202148e+02 5.8313000488e+02 5.8320202637e+02 5.8324499512e+02 5.8329302979e+02 5.8337402344e+02 5.8351202393e+02 5.8361901855e+02 5.8365100098e+02 5.8364801025e+02 5.8372497559e+02 5.8379302979e+02 5.8386901855e+02 5.8397900391e+02 5.8407000732e+02 5.8417602539e+02 5.8426702881e+02
5.8133898926e+02 5.8139300537e+02 5.8144201660e+02 5.8149298096e+02 5.8155102539e+02 5.8160302734e+02 5.8164202881e+02 5.8169299316e+02 5.8174700928e+02 5.8179699707e+02 5.8184497070e+02 5.8189501953e+02 5.8193798828e+02 5.8197698975e+02 5.8202502441e+02 5.8206597900e+02 5.8210302734e+02 5.8214599609e+02 5.8220300293e+02 5.8227301025e+02 5.8233300781e+02 5.8240698242e+02 5.8247900391e+02 5.8255401611e+02 5.8264697266e+02 5.8273797607e+02 5.8281799316e+02 5.8288201904e+02 5.8295202637e+02 5.8302899170e+02 5.8308001709e+02 5.8312799072e+02 5.8316699219e+02 5.8322100830e+02 5.8333001709e+02 5.8346600342e+02 5.8352801514e+02 5.8354101563e+02 5.8357702637e+02 5.8364801025e+02 5.8371502686e+02 5.8379901123e+02 5.8390899658e+02 5.8401098633e+02 5.8410998535e+02 5.8418701172e+02
5.8129302979e+02 5.8134802246e+02 5.8139099121e+02 5.8143200684e+02 5.8148297119e+02 5.8154101563e+02 5.8158898926e+02 5.8163098145e+02 5.8167498779e+02 5.8172698975e+02 5.8177801514e+02 5.8183197021e+02 5.8187902832e+02 5.8192199707e+02 5.8196801758e+02 5.8201098633e+02 5.8205401611e+02 5.8209698486e+02 5.8214898682e+02 5.8221197510e+02 5.8227398682e+02 5.8235101318e+02 5.8242901611e+02 5.8250598145e+02 5.8260101318e+02 5.8269299316e+02 5.8276702881e+02 5.8282598877e+02 5.8289801025e+02 5.8297802734e+02 5.8303002930e+02 5.8305902100e+02 5.8309100342e+02 5.8316601563e+02 5.8329199219e+02 5.8339801025e+02 5.8342999268e+02 5.8344799805e+02 5.8351000977e+02 5.8357800293e+02 5.8365502930e+02 5.8374401855e+02 5.8384100342e+02 5.8394097900e+02 5.8403302002e+02 5.8410601807e+02
5.8124700928e+02 5.8130603027e+02 5.8134997559e+02 5.8138800049e+02 5.8143200684e+02 5.8148101807e+02 5.8153100586e+02 5.8157598877e+02 5.8161999512e+02 5.8166699219e+02 5.8171099854e+02 5.8176501465e+02 5.8181799316e+02 5.8186102295e+02 5.8190301514e+02 5.8195697021e+02 5.8200000000e+02 5.8203900146e+02 5.8209100342e+02 5.8213702393e+02 5.8221301270e+02 5.8229998779e+02 5.8237402344e+02 5.8245800781e+02 5.8255297852e+02 5.8263702393e+02 5.8270898438e+02 5.8276898193e+02 5.8283801270e+02 5.8291400146e+02 5.8296099854e+02 5.8298699951e+02 5.8302801514e+02 5.8313098145e+02 5.8327197266e+02 5.8334197998e+02 5.8335498047e+02 5.8338397217e+02 5.8343597412e+02 5.8350701904e+02 5.8359997559e+02 5.8369799805e+02 5.8378497314e+02 5.8386901855e+02 5.8394897461e+02 5.8402301025e+02
5.8119000244e+02 5.8125299072e+02 5.8129797363e+02 5.8134100342e+02 5.8138397217e+02 5.8142401123e+02 5.8146997070e+02 5.8152398682e+02 5.8157299805e+02 5.8161602783e+02 5.8165301514e+02 5.8170098877e+02 5.8175897217e+02 5.8180200195e+02 5.8184197998e+02 5.8190301514e+02 5.8194598389e+02 5.8198699951e+02 5.8203399658e+02 5.8207299805e+02 5.8215600586e+02 5.8225000000e+02 5.8232299805e+02 5.8242102051e+02 5.8251202393e+02 5.8258697510e+02 5.8266699219e+02 5.8272998047e+02 5.8279400635e+02 5.8285302734e+02 5.8288702393e+02 5.8292797852e+02 5.8299200439e+02 5.8310101318e+02 5.8323797607e+02 5.8327001953e+02 5.8327301025e+02 5.8331097412e+02 5.8335699463e+02 5.8344299316e+02 5.8354998779e+02 5.8364801025e+02 5.8373297119e+02 5.8380798340e+02 5.8387799072e+02 5.8395397949e+02
5.8113800049e+02 5.8120098877e+02 5.8123999023e+02 5.8128302002e+02 5.8132598877e+02 5.8136901855e+02 5.8141400146e+02 5.8146301270e+02 5.8151202393e+02 5.8155902100e+02 5.8159600830e+02 5.8163800049e+02 5.8169396973e+02 5.8174200439e+02 5.8178802490e+02 5.8184100342e+02 5.8188098145e+02 5.8193298340e+02 5.8198999023e+02 5.8203900146e+02 5.8211199951e+02 5.8220001221e+02 5.8228100586e+02 5.8236602783e+02 5.8245501709e+02 5.8253100586e+02 5.8261499023e+02 5.8268103027e+02 5.8274499512e+02 5.8280102539e+02 5.8283801270e+02 5.8287701416e+02 5.8296301270e+02 5.8307501221e+02 5.8316302490e+02 5.8318499756e+02 5.8319097900e+02 5.8324102783e+02 5.8330200195e+02 5.8339898682e+02 5.8350299072e+02 5.8358697510e+02 5.8366101074e+02 5.8372399902e+02 5.8379998779e+02 5.8389801025e+02
5.8108898926e+02 5.8114501953e+02 5.8118597412e+02 5.8122900391e+02 5.8127099609e+02 5.8131298828e+02 5.8135400391e+02 5.8139801025e+02 5.8144598389e+02 5.8149597168e+02 5.8153997803e+02 5.8158502197e+02 5.8163500977e+02 5.8167498779e+02 5.8172198486e+02 5.8178497314e+02 5.8183001709e+02 5.8188500977e+02 5.8194500732e+02 5.8199401855e+02 5.8207098389e+02 5.8215997314e+02 5.8223797607e+02 5.8231402588e+02 5.8241198730e+02 5.8248797607e+02 5.8255700684e+02 5.8262500000e+02 5.8267999268e+02 5.8272198486e+02 5.8276300049e+02 5.8281799316e+02 5.8292199707e+02 5.8302600098e+02 5.8307000732e+02 5.8309197998e+02 5.8311999512e+02 5.8318902588e+02 5.8326000977e+02 5.8335900879e+02 5.8345098877e+02 5.8352502441e+02 5.8359497070e+02 5.8365100098e+02 5.8372900391e+02 5.8382702637e+02
5.8102899170e+02 5.8108398438e+02 5.8112701416e+02 5.8116900635e+02 5.8121197510e+02 5.8125500488e+02 5.8129699707e+02 5.8134698486e+02 5.8139398193e+02 5.8144000244e+02 5.8148101807e+02 5.8153100586e+02 5.8157800293e+02 5.8161199951e+02 5.8165698242e+02 5.8173297119e+02 5.8178997803e+02 5.8184600830e+02 5.8190301514e+02 5.8195898438e+02 5.8203601074e+02 5.8212597656e+02 5.8220800781e+02 5.8228100586e+02 5.8237500000e+02 5.8244598389e+02 5.8250201416e+02 5.8256799316e+02 5.8261297607e+02 5.8264501953e+02 5.8269598389e+02 5.8276202393e+02 5.8284100342e+02 5.8292700195e+02 5.8297601318e+02 5.8300598145e+02 5.8305200195e+02 5.8313500977e+02 5.8321600342e+02 5.8330999756e+02 5.8339599609e+02 5.8346697998e+02 5.8353100586e+02 5.8359698486e+02 5.8367602539e+02 5.8375701904e+02
5.8096197510e+02 5.8101702881e+02 5.8106201172e+02 5.8110797119e+02 5.8115399170e+02 5.8119897461e+02 5.8124401855e+02 5.8129998779e+02 5.8134399414e+02 5.8137701416e+02 5.8140002441e+02 5.8146099854e+02 5.8151599121e+02 5.8155102539e+02 5.8159698486e+02 5.8167498779e+02 5.8173699951e+02 5.8179498291e+02 5.8185900879e+02 5.8192498779e+02 5.8200201416e+02 5.8209399414e+02 5.8219500732e+02 5.8225201416e+02 5.8230798340e+02 5.8236602783e+02 5.8244201660e+02 5.8250701904e+02 5.8254602051e+02 5.8258502197e+02 5.8263397217e+02 5.8269299316e+02 5.8275097656e+02 5.8282897949e+02 5.8289501953e+02 5.8293499756e+02 5.8298797607e+02 5.8307397461e+02 5.8316699219e+02 5.8324700928e+02 5.8332800293e+02 5.8339801025e+02 5.8344799805e+02 5.8352600098e+02 5.8361199951e+02 5.8369000244e+02
5.8089599609e+02 5.8095001221e+02 5.8100000000e+02 5.8104498291e+02 5.8109197998e+02 5.8113897705e+02 5.8118701172e+02 5.8123602295e+02 5.8127502441e+02 5.8132000732e+02 5.8136401367e+02 5.8141802979e+02 5.8146697998e+02 5.8149700928e+02 5.8154302979e+02 5.8162097168e+02 5.8168103027e+02 5.8174102783e+02 5.8181701660e+02 5.8188598633e+02 5.8197100830e+02 5.8205700684e+02 5.8214001465e+02 5.8220599365e+02 5.8226098633e+02 5.8230999756e+02 5.8238201904e+02 5.8243798828e+02 5.8246502686e+02 5.8250897217e+02 5.8255999756e+02 5.8262097168e+02 5.8268103027e+02 5.8274298096e+02 5.8281597900e+02 5.8286798096e+02 5.8292199707e+02 5.8300701904e+02 5.8309899902e+02 5.8317999268e+02 5.8324902344e+02 5.8330999756e+02 5.8337701416e+02 5.8346197510e+02 5.8355200195e+02 5.8362701416e+02
5.8083197021e+02 5.8088800049e+02 5.8093701172e+02 5.8098199463e+02 5.8103100586e+02 5.8107800293e+02 5.8112701416e+02 5.8117602539e+02 5.8121899414e+02 5.8126800537e+02 5.8130999756e+02 5.8136102295e+02 5.8141101074e+02 5.8144897461e+02 5.8150299072e+02 5.8157897949e+02 5.8163598633e+02 5.8169396973e+02 5.8177502441e+02 5.8185400391e+02 5.8194299316e+02 5.8202600098e+02 5.8209399414e+02 5.8216101074e+02 5.8221899414e+02 5.8226800537e+02 5.8233502197e+02 5.8238500977e+02 5.8240002441e+02 5.8243798828e+02 5.8249298096e+02 5.8256500244e+02 5.8262799072e+02 5.8267999268e+02 5.8275000000e+02 5.8281402588e+02 5.8287298584e+02 5.8295697021e+02 5.8303198242e+02 5.8311102295e+02 5.8317999268e+02 5.8324298096e+02 5.8331896973e+02 5.8340399170e+02 5.8349401855e+02 5.8356201172e+02
5.8077398682e+02 5.8082897949e+02 5.8088000488e+02 5.8092498779e+02 5.8097302246e+02 5.8102001953e+02 5.8106500244e+02 5.8111199951e+02 5.8116699219e+02 5.8121502686e+02 5.8123999023e+02 5.8129498291e+02 5.8134301758e+02 5.8138800049e+02 5.8144702148e+02 5.8152398682e+02 5.8158300781e+02 5.8164300537e+02 5.8172900391e+02 5.8182098389e+02 5.8190600586e+02 5.8197998047e+02 5.8204101563e+02 5.8209899902e+02 5.8216302490e+02 5.8221801758e+02 5.8228198242e+02 5.8232501221e+02 5.8233898926e+02 5.8238000488e+02 5.8244000244e+02 5.8251098633e+02 5.8258001709e+02 5.8263500977e+02 5.8269897461e+02 5.8276397705e+02 5.8282702637e+02 5.8291101074e+02 5.8298101807e+02 5.8304797363e+02 5.8311499023e+02 5.8318298340e+02 5.8326397705e+02 5.8334802246e+02 5.8343402100e+02 5.8350097656e+02
