TESTSERVER/0/8.asc
NCOLS 100
NROWS 100
XLLCORNER 7.4997500000e+03
YLLCORNER 2.8955025000e+05
CELLSIZE 5.0000000000e-01
NODATA_VALUE -9.9990000000e+03
[rows 0 to 19 of 100, columns 0 to 45 of 100]
5.7768200684e+02 5.7771301270e+02 5.7779602051e+02 5.7788500977e+02 5.7790197754e+02 5.7781097412e+02 5.7772399902e+02 5.7767797852e+02 5.7768402100e+02 5.7768597412e+02 5.7766400146e+02 5.7766302490e+02 5.7766900635e+02 5.7768499756e+02 5.7769000244e+02 5.7767297363e+02 5.7767199707e+02 5.7767700195e+02 5.7768798828e+02 5.7768798828e+02 5.7769000244e+02 5.7769598389e+02 5.7770202637e+02 5.7770300293e+02 5.7769897461e+02 5.7768701172e+02 5.7766802979e+02 5.7765002441e+02 5.7765100098e+02 5.7784301758e+02 5.7833099365e+02 5.7854797363e+02 5.7862597656e+02 5.7864398193e+02 5.7861901855e+02 5.7860498047e+02 5.7863702393e+02 5.7866699219e+02 5.7869396973e+02 5.7870300293e+02 5.7872698975e+02 5.7876501465e+02 5.7879699707e+02 5.7883697510e+02 5.7889501953e+02 5.7893798828e+02
5.7773797607e+02 5.7779901123e+02 5.7790100098e+02 5.7801898193e+02 5.7804699707e+02 5.7800701904e+02 5.7790600586e+02 5.7775799561e+02 5.7769396973e+02 5.7769396973e+02 5.7768798828e+02 5.7767297363e+02 5.7767602539e+02 5.7768402100e+02 5.7768701172e+02 5.7769097900e+02 5.7770098877e+02 5.7770202637e+02 5.7769799805e+02 5.7770599365e+02 5.7769897461e+02 5.7769000244e+02 5.7769201660e+02 5.7770300293e+02 5.7770001221e+02 5.7769097900e+02 5.7765997314e+02 5.7765399170e+02 5.7764501953e+02 5.7770501709e+02 5.7798498535e+02 5.7833697510e+02 5.7856097412e+02 5.7862500000e+02 5.7860498047e+02 5.7857501221e+02 5.7857598877e+02 5.7859497070e+02 5.7861901855e+02 5.7863598633e+02 5.7865698242e+02 5.7869097900e+02 5.7871801758e+02 5.7874798584e+02 5.7879400635e+02 5.7884002686e+02
5.7779901123e+02 5.7786401367e+02 5.7795800781e+02 5.7806097412e+02 5.7809698486e+02 5.7807702637e+02 5.7801800537e+02 5.7784497070e+02 5.7771398926e+02 5.7769500732e+02 5.7770202637e+02 5.7768499756e+02 5.7768103027e+02 5.7769000244e+02 5.7769598389e+02 5.7769396973e+02 5.7769097900e+02 5.7768701172e+02 5.7769500732e+02 5.7771197510e+02 5.7770599365e+02 5.7769500732e+02 5.7769500732e+02 5.7768902588e+02 5.7768597412e+02 5.7769000244e+02 5.7766802979e+02 5.7766101074e+02 5.7765502930e+02 5.7763500977e+02 5.7767102051e+02 5.7794598389e+02 5.7835900879e+02 5.7860302734e+02 5.7860101318e+02 5.7855603027e+02 5.7852197266e+02 5.7852197266e+02 5.7854302979e+02 5.7856097412e+02 5.7857702637e+02 5.7859802246e+02 5.7861700439e+02 5.7865197754e+02 5.7869097900e+02 5.7874298096e+02
5.7782000732e+02 5.7789099121e+02 5.7796301270e+02 5.7803601074e+02 5.7807702637e+02 5.7806500244e+02 5.7800402832e+02 5.7783599854e+02 5.7771502686e+02 5.7770098877e+02 5.7770697021e+02 5.7769702148e+02 5.7769299316e+02 5.7770501709e+02 5.7771398926e+02 5.7768798828e+02 5.7767797852e+02 5.7767999268e+02 5.7769000244e+02 5.7770697021e+02 5.7771002197e+02 5.7770599365e+02 5.7770599365e+02 5.7768200684e+02 5.7767602539e+02 5.7768402100e+02 5.7766998291e+02 5.7765502930e+02 5.7765698242e+02 5.7764501953e+02 5.7759698486e+02 5.7769299316e+02 5.7810101318e+02 5.7848699951e+02 5.7857202148e+02 5.7853198242e+02 5.7848699951e+02 5.7846801758e+02 5.7848101807e+02 5.7848797607e+02 5.7849798584e+02 5.7850598145e+02 5.7851397705e+02 5.7855297852e+02 5.7859600830e+02 5.7865698242e+02
5.7781896973e+02 5.7787402344e+02 5.7791900635e+02 5.7798101807e+02 5.7800097656e+02 5.7798602295e+02 5.7791101074e+02 5.7778100586e+02 5.7770800781e+02 5.7769702148e+02 5.7769500732e+02 5.7770599365e+02 5.7769396973e+02 5.7769000244e+02 5.7769799805e+02 5.7769000244e+02 5.7768200684e+02 5.7767602539e+02 5.7767401123e+02 5.7770599365e+02 5.7772497559e+02 5.7773498535e+02 5.7771197510e+02 5.7769000244e+02 5.7768597412e+02 5.7767999268e+02 5.7765997314e+02 5.7764099121e+02 5.7763500977e+02 5.7762902832e+02 5.7759698486e+02 5.7761102295e+02 5.7778900146e+02 5.7811297607e+02 5.7841497803e+02 5.7851098633e+02 5.7845898438e+02 5.7840899658e+02 5.7842199707e+02 5.7841101074e+02 5.7841802979e+02 5.7842102051e+02 5.7842401123e+02 5.7844396973e+02 5.7849102783e+02 5.7855999756e+02
5.7781500244e+02 5.7785198975e+02 5.7789501953e+02 5.7792797852e+02 5.7793200684e+02 5.7791497803e+02 5.7785400391e+02 5.7775598145e+02 5.7770501709e+02 5.7768701172e+02 5.7770001221e+02 5.7771398926e+02 5.7769897461e+02 5.7768597412e+02 5.7769396973e+02 5.7770202637e+02 5.7769702148e+02 5.7769396973e+02 5.7770098877e+02 5.7772802734e+02 5.7775299072e+02 5.7777099609e+02 5.7774102783e+02 5.7771502686e+02 5.7769799805e+02 5.7765698242e+02 5.7761102295e+02 5.7762298584e+02 5.7762200928e+02 5.7761401367e+02 5.7759399414e+02 5.7757098389e+02 5.7758197021e+02 5.7772998047e+02 5.7806500244e+02 5.7838800049e+02 5.7844201660e+02 5.7835797119e+02 5.7834497070e+02 5.7833801270e+02 5.7833197021e+02 5.7833697510e+02 5.7834399414e+02 5.7834197998e+02 5.7837701416e+02 5.7844598389e+02
5.7781201172e+02 5.7784301758e+02 5.7786901855e+02 5.7788500977e+02 5.7788299561e+02 5.7786700439e+02 5.7781799316e+02 5.7774902344e+02 5.7771502686e+02 5.7770501709e+02 5.7771398926e+02 5.7771697998e+02 5.7770800781e+02 5.7770202637e+02 5.7770501709e+02 5.7770599365e+02 5.7770300293e+02 5.7770800781e+02 5.7771099854e+02 5.7773297119e+02 5.7777001953e+02 5.7780297852e+02 5.7779998779e+02 5.7780200195e+02 5.7777502441e+02 5.7769500732e+02 5.7759100342e+02 5.7758898926e+02 5.7760198975e+02 5.7760601807e+02 5.7759600830e+02 5.7758898926e+02 5.7754901123e+02 5.7755902100e+02 5.7773498535e+02 5.7813897705e+02 5.7835998535e+02 5.7834100342e+02 5.7827899170e+02 5.7825701904e+02 5.7823901367e+02 5.7824597168e+02 5.7825598145e+02 5.7824499512e+02 5.7826898193e+02 5.7833099365e+02
5.7780902100e+02 5.7783300781e+02 5.7784899902e+02 5.7785498047e+02 5.7785302734e+02 5.7783697510e+02 5.7780401611e+02 5.7776898193e+02 5.7774902344e+02 5.7774200439e+02 5.7773797607e+02 5.7772100830e+02 5.7770599365e+02 5.7770202637e+02 5.7770800781e+02 5.7770501709e+02 5.7769799805e+02 5.7769897461e+02 5.7770098877e+02 5.7772998047e+02 5.7778698730e+02 5.7784497070e+02 5.7789202881e+02 5.7795599365e+02 5.7793402100e+02 5.7782202148e+02 5.7764398193e+02 5.7757000732e+02 5.7757598877e+02 5.7758801270e+02 5.7757501221e+02 5.7757897949e+02 5.7755700684e+02 5.7752301025e+02 5.7753497314e+02 5.7781097412e+02 5.7814898682e+02 5.7828302002e+02 5.7821997070e+02 5.7817401123e+02 5.7814001465e+02 5.7813598633e+02 5.7814300537e+02 5.7813800049e+02 5.7815502930e+02 5.7820501709e+02
5.7780200195e+02 5.7782098389e+02 5.7782800293e+02 5.7783398438e+02 5.7783300781e+02 5.7782501221e+02 5.7782202148e+02 5.7780200195e+02 5.7779400635e+02 5.7778198242e+02 5.7776702881e+02 5.7773901367e+02 5.7771301270e+02 5.7770001221e+02 5.7770098877e+02 5.7770501709e+02 5.7769897461e+02 5.7769097900e+02 5.7768499756e+02 5.7775000000e+02 5.7783801270e+02 5.7793499756e+02 5.7806799316e+02 5.7813201904e+02 5.7811901855e+02 5.7800000000e+02 5.7780999756e+02 5.7760699463e+02 5.7755401611e+02 5.7755999756e+02 5.7755200195e+02 5.7755200195e+02 5.7754199219e+02 5.7751898193e+02 5.7749200439e+02 5.7751300049e+02 5.7783599854e+02 5.7815002441e+02 5.7817102051e+02 5.7808801270e+02 5.7802502441e+02 5.7799298096e+02 5.7799102783e+02 5.7799902344e+02 5.7801599121e+02 5.7805297852e+02
5.7779699707e+02 5.7781201172e+02 5.7782098389e+02 5.7782397461e+02 5.7782501221e+02 5.7782397461e+02 5.7782098389e+02 5.7781402588e+02 5.7780499268e+02 5.7779302979e+02 5.7778302002e+02 5.7775799561e+02 5.7773498535e+02 5.7772399902e+02 5.7771997070e+02 5.7771997070e+02 5.7771099854e+02 5.7770202637e+02 5.7771398926e+02 5.7782000732e+02 5.7793402100e+02 5.7804901123e+02 5.7816998291e+02 5.7825097656e+02 5.7823101807e+02 5.7812298584e+02 5.7792999268e+02 5.7768402100e+02 5.7756701660e+02 5.7753497314e+02 5.7751300049e+02 5.7752197266e+02 5.7752600098e+02 5.7750500488e+02 5.7747497559e+02 5.7743701172e+02 5.7759301758e+02 5.7788500977e+02 5.7804400635e+02 5.7801501465e+02 5.7792199707e+02 5.7785601807e+02 5.7785699463e+02 5.7785699463e+02 5.7786999512e+02 5.7790002441e+02
5.7779302979e+02 5.7780603027e+02 5.7781402588e+02 5.7781597900e+02 5.7781701660e+02 5.7781597900e+02 5.7781701660e+02 5.7781597900e+02 5.7780999756e+02 5.7779901123e+02 5.7778997803e+02 5.7777001953e+02 5.7775097656e+02 5.7773901367e+02 5.7772998047e+02 5.7771600342e+02 5.7770599365e+02 5.7771398926e+02 5.7777001953e+02 5.7791198730e+02 5.7804498291e+02 5.7816699219e+02 5.7828802490e+02 5.7836901855e+02 5.7834197998e+02 5.7823297119e+02 5.7803601074e+02 5.7777502441e+02 5.7762097168e+02 5.7754101563e+02 5.7748901367e+02 5.7749200439e+02 5.7749700928e+02 5.7748999023e+02 5.7747302246e+02 5.7743402100e+02 5.7742999268e+02 5.7755603027e+02 5.7778601074e+02 5.7789697266e+02 5.7783599854e+02 5.7774700928e+02 5.7773797607e+02 5.7773199463e+02 5.7773498535e+02 5.7775799561e+02
5.7778802490e+02 5.7779901123e+02 5.7780603027e+02 5.7780798340e+02 5.7780902100e+02 5.7780700684e+02 5.7780902100e+02 5.7781097412e+02 5.7780603027e+02 5.7779797363e+02 5.7778698730e+02 5.7777099609e+02 5.7775598145e+02 5.7774298096e+02 5.7772698975e+02 5.7769500732e+02 5.7769299316e+02 5.7773999023e+02 5.7785699463e+02 5.7802697754e+02 5.7817797852e+02 5.7830499268e+02 5.7840997314e+02 5.7846398926e+02 5.7842297363e+02 5.7830902100e+02 5.7812097168e+02 5.7789202881e+02 5.7772900391e+02 5.7760900879e+02 5.7750701904e+02 5.7747998047e+02 5.7746099854e+02 5.7745501709e+02 5.7745001221e+02 5.7744396973e+02 5.7739898682e+02 5.7738397217e+02 5.7750299072e+02 5.7770397949e+02 5.7771301270e+02 5.7763897705e+02 5.7761499023e+02 5.7761102295e+02 5.7761297607e+02 5.7763098145e+02
5.7778100586e+02 5.7778997803e+02 5.7779602051e+02 5.7779797363e+02 5.7779797363e+02 5.7779699707e+02 5.7779400635e+02 5.7779498291e+02 5.7779101563e+02 5.7778399658e+02 5.7776702881e+02 5.7776098633e+02 5.7774902344e+02 5.7773498535e+02 5.7770898438e+02 5.7767498779e+02 5.7769299316e+02 5.7778302002e+02 5.7796002197e+02 5.7816198730e+02 5.7832800293e+02 5.7845300293e+02 5.7853601074e+02 5.7852697754e+02 5.7845202637e+02 5.7833001709e+02 5.7817498779e+02 5.7803497314e+02 5.7790399170e+02 5.7776000977e+02 5.7759802246e+02 5.7747100830e+02 5.7743103027e+02 5.7742498779e+02 5.7742297363e+02 5.7742297363e+02 5.7740802002e+02 5.7737402344e+02 5.7739300537e+02 5.7748999023e+02 5.7755102539e+02 5.7752197266e+02 5.7746899414e+02 5.7748999023e+02 5.7751098633e+02 5.7752600098e+02
5.7777099609e+02 5.7777899170e+02 5.7778497314e+02 5.7778698730e+02 5.7778698730e+02 5.7778497314e+02 5.7778302002e+02 5.7777899170e+02 5.7777301025e+02 5.7776599121e+02 5.7775897217e+02 5.7775299072e+02 5.7774298096e+02 5.7772900391e+02 5.7771301270e+02 5.7768298340e+02 5.7771099854e+02 5.7781402588e+02 5.7802697754e+02 5.7827801514e+02 5.7845202637e+02 5.7856201172e+02 5.7860198975e+02 5.7853698730e+02 5.7842401123e+02 5.7830297852e+02 5.7821002197e+02 5.7813800049e+02 5.7805401611e+02 5.7794201660e+02 5.7777301025e+02 5.7757202148e+02 5.7744799805e+02 5.7739099121e+02 5.7737902832e+02 5.7738598633e+02 5.7737597656e+02 5.7735302734e+02 5.7733599854e+02 5.7734100342e+02 5.7736499023e+02 5.7737799072e+02 5.7736102295e+02 5.7737597656e+02 5.7741101074e+02 5.7744097900e+02
5.7776000977e+02 5.7776800537e+02 5.7777398682e+02 5.7777600098e+02 5.7777600098e+02 5.7777502441e+02 5.7777301025e+02 5.7776800537e+02 5.7776300049e+02 5.7775598145e+02 5.7774902344e+02 5.7774401855e+02 5.7773498535e+02 5.7772399902e+02 5.7770697021e+02 5.7768402100e+02 5.7772998047e+02 5.7785699463e+02 5.7809698486e+02 5.7836602783e+02 5.7853802490e+02 5.7863500977e+02 5.7864099121e+02 5.7853497314e+02 5.7840802002e+02 5.7829699707e+02 5.7823699951e+02 5.7818103027e+02 5.7811102295e+02 5.7803900146e+02 5.7793103027e+02 5.7771099854e+02 5.7751898193e+02 5.7739099121e+02 5.7733898926e+02 5.7733697510e+02 5.7732897949e+02 5.7731097412e+02 5.7731298828e+02 5.7730297852e+02 5.7727697754e+02 5.7727197266e+02 5.7727801514e+02 5.7729797363e+02 5.7734100342e+02 5.7737597656e+02
5.7775299072e+02 5.7775897217e+02 5.7776397705e+02 5.7776599121e+02 5.7776702881e+02 5.7776599121e+02 5.7776300049e+02 5.7775897217e+02 5.7775402832e+02 5.7774798584e+02 5.7773999023e+02 5.7773400879e+02 5.7772601318e+02 5.7771697998e+02 5.7769598389e+02 5.7768402100e+02 5.7775799561e+02 5.7791497803e+02 5.7817797852e+02 5.7845300293e+02 5.7861901855e+02 5.7870001221e+02 5.7867797852e+02 5.7854498291e+02 5.7841400146e+02 5.7831701660e+02 5.7828698730e+02 5.7822497559e+02 5.7813000488e+02 5.7805798340e+02 5.7800701904e+02 5.7783099365e+02 5.7762799072e+02 5.7745898438e+02 5.7734301758e+02 5.7730297852e+02 5.7729101563e+02 5.7727899170e+02 5.7728198242e+02 5.7727099609e+02 5.7723498535e+02 5.7721899414e+02 5.7721801758e+02 5.7723797607e+02 5.7728100586e+02 5.7730902100e+02
5.7774401855e+02 5.7774902344e+02 5.7775097656e+02 5.7775402832e+02 5.7775402832e+02 5.7775402832e+02 5.7775299072e+02 5.7775000000e+02 5.7774499512e+02 5.7773901367e+02 5.7773199463e+02 5.7772601318e+02 5.7771997070e+02 5.7771197510e+02 5.7768798828e+02 5.7769598389e+02 5.7780401611e+02 5.7800201416e+02 5.7832598877e+02 5.7858001709e+02 5.7873498535e+02 5.7878997803e+02 5.7873797607e+02 5.7858697510e+02 5.7846398926e+02 5.7839501953e+02 5.7840600586e+02 5.7829998779e+02 5.7815399170e+02 5.7804101563e+02 5.7797900391e+02 5.7788598633e+02 5.7774401855e+02 5.7759497070e+02 5.7743798828e+02 5.7729998779e+02 5.7725897217e+02 5.7724597168e+02 5.7723999023e+02 5.7721899414e+02 5.7719897461e+02 5.7718402100e+02 5.7716497803e+02 5.7717602539e+02 5.7720202637e+02 5.7722399902e+02
5.7773797607e+02 5.7774200439e+02 5.7774597168e+02 5.7774597168e+02 5.7774700928e+02 5.7774700928e+02 5.7774700928e+02 5.7774200439e+02 5.7773699951e+02 5.7773199463e+02 5.7772601318e+02 5.7772100830e+02 5.7771301270e+02 5.7770300293e+02 5.7769097900e+02 5.7771697998e+02 5.7785601807e+02 5.7810498047e+02 5.7845300293e+02 5.7872900391e+02 5.7885998535e+02 5.7887902832e+02 5.7879998779e+02 5.7866302490e+02 5.7852899170e+02 5.7844201660e+02 5.7839898682e+02 5.7826898193e+02 5.7814202881e+02 5.7806896973e+02 5.7801098633e+02 5.7789300537e+02 5.7780499268e+02 5.7772601318e+02 5.7759197998e+02 5.7739300537e+02 5.7725598145e+02 5.7719702148e+02 5.7719201660e+02 5.7717602539e+02 5.7715802002e+02 5.7714501953e+02 5.7712298584e+02 5.7711499023e+02 5.7713397217e+02 5.7716302490e+02
5.7773297119e+02 5.7773699951e+02 5.7773999023e+02 5.7774200439e+02 5.7774298096e+02 5.7774298096e+02 5.7774102783e+02 5.7773602295e+02 5.7773199463e+02 5.7772802734e+02 5.7772302246e+02 5.7771600342e+02 5.7770697021e+02 5.7769799805e+02 5.7768103027e+02 5.7772601318e+02 5.7790600586e+02 5.7820001221e+02 5.7857299805e+02 5.7883197021e+02 5.7894000244e+02 5.7893597412e+02 5.7885198975e+02 5.7875097656e+02 5.7860101318e+02 5.7845501709e+02 5.7834197998e+02 5.7821398926e+02 5.7814801025e+02 5.7811499023e+02 5.7803900146e+02 5.7790197754e+02 5.7783599854e+02 5.7780603027e+02 5.7772497559e+02 5.7751098633e+02 5.7731402588e+02 5.7718597412e+02 5.7714697266e+02 5.7713000488e+02 5.7710601807e+02 5.7709600830e+02 5.7708001709e+02 5.7705798340e+02 5.7706201172e+02 5.7708502197e+02
5.7773101807e+02 5.7773297119e+02 5.7773602295e+02 5.7773797607e+02 5.7773901367e+02 5.7773999023e+02 5.7773797607e+02 5.7773199463e+02 5.7772900391e+02 5.7772497559e+02 5.7772100830e+02 5.7771600342e+02 5.7770697021e+02 5.7769799805e+02 5.7767102051e+02 5.7773602295e+02 5.7795501709e+02 5.7828802490e+02 5.7867797852e+02 5.7891699219e+02 5.7900402832e+02 5.7898199463e+02 5.7890899658e+02 5.7885101318e+02 5.7868200684e+02 5.7847698975e+02 5.7830700684e+02 5.7823297119e+02 5.7821099854e+02 5.7814599609e+02 5.7800799561e+02 5.7788397217e+02 5.7783300781e+02 5.7782000732e+02 5.7778100586e+02 5.7762402344e+02 5.7742401123e+02 5.7724401855e+02 5.7712597656e+02 5.7707800293e+02 5.7704699707e+02 5.7704101563e+02 5.7703302002e+02 5.7701800537e+02 5.7700799561e+02 5.7701501465e+02
