TESTSERVER/0/8.asc
NCOLS 100
NROWS 100
XLLCORNER 7.4997500000e+03
YLLCORNER 2.8955025000e+05
CELLSIZE 5.0000000000e-01
NODATA_VALUE -9.9990000000e+03
[rows 40 to 59 of 100, columns 0 to 45 of 100]
5.7771301270e+02 5.7770501709e+02 5.7769097900e+02 5.7769598389e+02 5.7770599365e+02 5.7772698975e+02 5.7774499512e+02 5.7778900146e+02 5.7784997559e+02 5.7790802002e+02 5.7792498779e+02 5.7796600342e+02 5.7793902588e+02 5.7783502197e+02 5.7763201904e+02 5.7737200928e+02 5.7711798096e+02 5.7686499023e+02 5.7661102295e+02 5.7634301758e+02 5.7612902832e+02 5.7597302246e+02 5.7587701416e+02 5.7604998779e+02 5.7611602783e+02 5.7617602539e+02 5.7613299561e+02 5.7608898926e+02 5.7602197266e+02 5.7593499756e+02 5.7580902100e+02 5.7565197754e+02 5.7554199219e+02 5.7543103027e+02 5.7532098389e+02 5.7522302246e+02 5.7514300537e+02 5.7507702637e+02 5.7502197266e+02 5.7502697754e+02 5.7501702881e+02 5.7501501465e+02 5.7501202393e+02 5.7508502197e+02 5.7503497314e+02 5.7493103027e+02
5.7769396973e+02 5.7769000244e+02 5.7768103027e+02 5.7768298340e+02 5.7769897461e+02 5.7771600342e+02 5.7773797607e+02 5.7779901123e+02 5.7784600830e+02 5.7787097168e+02 5.7784997559e+02 5.7784002686e+02 5.7780102539e+02 5.7769097900e+02 5.7749401855e+02 5.7724200439e+02 5.7697601318e+02 5.7670098877e+02 5.7642199707e+02 5.7611499023e+02 5.7586499023e+02 5.7569702148e+02 5.7566601563e+02 5.7577001953e+02 5.7583398438e+02 5.7589099121e+02 5.7590502930e+02 5.7585101318e+02 5.7580700684e+02 5.7574902344e+02 5.7564697266e+02 5.7552001953e+02 5.7542401123e+02 5.7532598877e+02 5.7522399902e+02 5.7513897705e+02 5.7506201172e+02 5.7498797607e+02 5.7493298340e+02 5.7491699219e+02 5.7489099121e+02 5.7486798096e+02 5.7488397217e+02 5.7489300537e+02 5.7482897949e+02 5.7472497559e+02
5.7766601563e+02 5.7766900635e+02 5.7767199707e+02 5.7767498779e+02 5.7769000244e+02 5.7770202637e+02 5.7772100830e+02 5.7778100586e+02 5.7781402588e+02 5.7782000732e+02 5.7776800537e+02 5.7772698975e+02 5.7766802979e+02 5.7754400635e+02 5.7734802246e+02 5.7710198975e+02 5.7682598877e+02 5.7654302979e+02 5.7624597168e+02 5.7592999268e+02 5.7569201660e+02 5.7554699707e+02 5.7552301025e+02 5.7558898926e+02 5.7563500977e+02 5.7567498779e+02 5.7570501709e+02 5.7568103027e+02 5.7563500977e+02 5.7557501221e+02 5.7548797607e+02 5.7539001465e+02 5.7530499268e+02 5.7521801758e+02 5.7512799072e+02 5.7504998779e+02 5.7497601318e+02 5.7490399170e+02 5.7484600830e+02 5.7481298828e+02 5.7477697754e+02 5.7474401855e+02 5.7474798584e+02 5.7473999023e+02 5.7466101074e+02 5.7454400635e+02
5.7764001465e+02 5.7764697266e+02 5.7766699219e+02 5.7767199707e+02 5.7767401123e+02 5.7767401123e+02 5.7769299316e+02 5.7774401855e+02 5.7776300049e+02 5.7775201416e+02 5.7768701172e+02 5.7762500000e+02 5.7753900146e+02 5.7739398193e+02 5.7719799805e+02 5.7695098877e+02 5.7666699219e+02 5.7637597656e+02 5.7607897949e+02 5.7578100586e+02 5.7556799316e+02 5.7544702148e+02 5.7543597412e+02 5.7547497559e+02 5.7549798584e+02 5.7551397705e+02 5.7553497314e+02 5.7552099609e+02 5.7547198486e+02 5.7540997314e+02 5.7533502197e+02 5.7525897217e+02 5.7518499756e+02 5.7510797119e+02 5.7503100586e+02 5.7496002197e+02 5.7489001465e+02 5.7482202148e+02 5.7476000977e+02 5.7471197510e+02 5.7466497803e+02 5.7462097168e+02 5.7460998535e+02 5.7458300781e+02 5.7448999023e+02 5.7436199951e+02
5.7762402344e+02 5.7763000488e+02 5.7764398193e+02 5.7765399170e+02 5.7766101074e+02 5.7766998291e+02 5.7768701172e+02 5.7768798828e+02 5.7767901611e+02 5.7764599609e+02 5.7758099365e+02 5.7753002930e+02 5.7741101074e+02 5.7724597168e+02 5.7704400635e+02 5.7678997803e+02 5.7649401855e+02 5.7619000244e+02 5.7590399170e+02 5.7565100098e+02 5.7545898438e+02 5.7536401367e+02 5.7539599609e+02 5.7542999268e+02 5.7542498779e+02 5.7541101074e+02 5.7539801025e+02 5.7536401367e+02 5.7531298828e+02 5.7525598145e+02 5.7519097900e+02 5.7512701416e+02 5.7507598877e+02 5.7502899170e+02 5.7499200439e+02 5.7487597656e+02 5.7480902100e+02 5.7474200439e+02 5.7466998291e+02 5.7460998535e+02 5.7454797363e+02 5.7448699951e+02 5.7443597412e+02 5.7440899658e+02 5.7430700684e+02 5.7418103027e+02
5.7760797119e+02 5.7761798096e+02 5.7763397217e+02 5.7764801025e+02 5.7767199707e+02 5.7768902588e+02 5.7768298340e+02 5.7765997314e+02 5.7761999512e+02 5.7756201172e+02 5.7751702881e+02 5.7744097900e+02 5.7728399658e+02 5.7708099365e+02 5.7684997559e+02 5.7658398438e+02 5.7628399658e+02 5.7598199463e+02 5.7573901367e+02 5.7552099609e+02 5.7538000488e+02 5.7534497070e+02 5.7540002441e+02 5.7540502930e+02 5.7537902832e+02 5.7534100342e+02 5.7529101563e+02 5.7522802734e+02 5.7516900635e+02 5.7511102295e+02 5.7504302979e+02 5.7498297119e+02 5.7494598389e+02 5.7491802979e+02 5.7487200928e+02 5.7478900146e+02 5.7472802734e+02 5.7466302490e+02 5.7459197998e+02 5.7452697754e+02 5.7446197510e+02 5.7439398193e+02 5.7433001709e+02 5.7425402832e+02 5.7415600586e+02 5.7404400635e+02
5.7760400391e+02 5.7761199951e+02 5.7762701416e+02 5.7765502930e+02 5.7769201660e+02 5.7769799805e+02 5.7767102051e+02 5.7762298584e+02 5.7756597900e+02 5.7749200439e+02 5.7743200684e+02 5.7732397461e+02 5.7713397217e+02 5.7689801025e+02 5.7665399170e+02 5.7639099121e+02 5.7609301758e+02 5.7580999756e+02 5.7560198975e+02 5.7544897461e+02 5.7538201904e+02 5.7539599609e+02 5.7542797852e+02 5.7537799072e+02 5.7532800293e+02 5.7526501465e+02 5.7518298340e+02 5.7509997559e+02 5.7503002930e+02 5.7496502686e+02 5.7489501953e+02 5.7484002686e+02 5.7480401611e+02 5.7477801514e+02 5.7474902344e+02 5.7468902588e+02 5.7463500977e+02 5.7457702637e+02 5.7451000977e+02 5.7444500732e+02 5.7438201904e+02 5.7431402588e+02 5.7423602295e+02 5.7414501953e+02 5.7404901123e+02 5.7393902588e+02
5.7757897949e+02 5.7759600830e+02 5.7761401367e+02 5.7765698242e+02 5.7768798828e+02 5.7768298340e+02 5.7763397217e+02 5.7756597900e+02 5.7749102783e+02 5.7740399170e+02 5.7731799316e+02 5.7716497803e+02 5.7694702148e+02 5.7668798828e+02 5.7642797852e+02 5.7617102051e+02 5.7589099121e+02 5.7564300537e+02 5.7548901367e+02 5.7541802979e+02 5.7542102051e+02 5.7547100830e+02 5.7545800781e+02 5.7535198975e+02 5.7527502441e+02 5.7518499756e+02 5.7507202148e+02 5.7497100830e+02 5.7489099121e+02 5.7481597900e+02 5.7474700928e+02 5.7469897461e+02 5.7466497803e+02 5.7463897705e+02 5.7462402344e+02 5.7458197021e+02 5.7453497314e+02 5.7448297119e+02 5.7442498779e+02 5.7436401367e+02 5.7430200195e+02 5.7423602295e+02 5.7415301514e+02 5.7405798340e+02 5.7396398926e+02 5.7385601807e+02
5.7747698975e+02 5.7753997803e+02 5.7759002686e+02 5.7763897705e+02 5.7765899658e+02 5.7763299561e+02 5.7756597900e+02 5.7747399902e+02 5.7738702393e+02 5.7729101563e+02 5.7717297363e+02 5.7696301270e+02 5.7672100830e+02 5.7645202637e+02 5.7617498779e+02 5.7590997314e+02 5.7565301514e+02 5.7545800781e+02 5.7537500000e+02 5.7540301514e+02 5.7546502686e+02 5.7552197266e+02 5.7551898193e+02 5.7534698486e+02 5.7521502686e+02 5.7507501221e+02 5.7491699219e+02 5.7482702637e+02 5.7472900391e+02 5.7464501953e+02 5.7458001709e+02 5.7455902100e+02 5.7452398682e+02 5.7449798584e+02 5.7446899414e+02 5.7446099854e+02 5.7442999268e+02 5.7439501953e+02 5.7434802246e+02 5.7427697754e+02 5.7422100830e+02 5.7415899658e+02 5.7408801270e+02 5.7399298096e+02 5.7390002441e+02 5.7379901123e+02
5.7729400635e+02 5.7738598633e+02 5.7750799561e+02 5.7760498047e+02 5.7760498047e+02 5.7755102539e+02 5.7745800781e+02 5.7735797119e+02 5.7726098633e+02 5.7715301514e+02 5.7701898193e+02 5.7676501465e+02 5.7648699951e+02 5.7619000244e+02 5.7588702393e+02 5.7562597656e+02 5.7542602539e+02 5.7533801270e+02 5.7537597656e+02 5.7546801758e+02 5.7555200195e+02 5.7557702637e+02 5.7550201416e+02 5.7533398438e+02 5.7516699219e+02 5.7499499512e+02 5.7480902100e+02 5.7467401123e+02 5.7457299805e+02 5.7449401855e+02 5.7444702148e+02 5.7441900635e+02 5.7438702393e+02 5.7436102295e+02 5.7434600830e+02 5.7433300781e+02 5.7431201172e+02 5.7428698730e+02 5.7424798584e+02 5.7419201660e+02 5.7414398193e+02 5.7408697510e+02 5.7401898193e+02 5.7393298340e+02 5.7384600830e+02 5.7375201416e+02
5.7724700928e+02 5.7731701660e+02 5.7743499756e+02 5.7752301025e+02 5.7749597168e+02 5.7742297363e+02 5.7731402588e+02 5.7720697021e+02 5.7710198975e+02 5.7698199463e+02 5.7683801270e+02 5.7655200195e+02 5.7625299072e+02 5.7595001221e+02 5.7563098145e+02 5.7541400146e+02 5.7532098389e+02 5.7534497070e+02 5.7545697021e+02 5.7558300781e+02 5.7565600586e+02 5.7563098145e+02 5.7544396973e+02 5.7523400879e+02 5.7506597900e+02 5.7489501953e+02 5.7468597412e+02 5.7453399658e+02 5.7444000244e+02 5.7436798096e+02 5.7432397461e+02 5.7429400635e+02 5.7426501465e+02 5.7424200439e+02 5.7423400879e+02 5.7422399902e+02 5.7420300293e+02 5.7417999268e+02 5.7415197754e+02 5.7411297607e+02 5.7406799316e+02 5.7401599121e+02 5.7395300293e+02 5.7387402344e+02 5.7379302979e+02 5.7370599365e+02
5.7725299072e+02 5.7731799316e+02 5.7737097168e+02 5.7739801025e+02 5.7734301758e+02 5.7725097656e+02 5.7713098145e+02 5.7701898193e+02 5.7690600586e+02 5.7677697754e+02 5.7662200928e+02 5.7630603027e+02 5.7601000977e+02 5.7573297119e+02 5.7544897461e+02 5.7532598877e+02 5.7533398438e+02 5.7542602539e+02 5.7556097412e+02 5.7568597412e+02 5.7571502686e+02 5.7561798096e+02 5.7531701660e+02 5.7507202148e+02 5.7491198730e+02 5.7474798584e+02 5.7454602051e+02 5.7439697266e+02 5.7431097412e+02 5.7424700928e+02 5.7420898438e+02 5.7418200684e+02 5.7415698242e+02 5.7413800049e+02 5.7413299561e+02 5.7412500000e+02 5.7410400391e+02 5.7408197021e+02 5.7406402588e+02 5.7403601074e+02 5.7399597168e+02 5.7394897461e+02 5.7389001465e+02 5.7382000732e+02 5.7374597168e+02 5.7366601563e+02
5.7722497559e+02 5.7728002930e+02 5.7724902344e+02 5.7720898438e+02 5.7712799072e+02 5.7702697754e+02 5.7690301514e+02 5.7679998779e+02 5.7667700195e+02 5.7653100586e+02 5.7635498047e+02 5.7602801514e+02 5.7573400879e+02 5.7551202393e+02 5.7536199951e+02 5.7532397461e+02 5.7538098145e+02 5.7550000000e+02 5.7570397949e+02 5.7571398926e+02 5.7562799072e+02 5.7544702148e+02 5.7509197998e+02 5.7479199219e+02 5.7463201904e+02 5.7449298096e+02 5.7433697510e+02 5.7426599121e+02 5.7419702148e+02 5.7414202881e+02 5.7411199951e+02 5.7409197998e+02 5.7407202148e+02 5.7405603027e+02 5.7405102539e+02 5.7403497314e+02 5.7401599121e+02 5.7399597168e+02 5.7397698975e+02 5.7395800781e+02 5.7392700195e+02 5.7388897705e+02 5.7384600830e+02 5.7377001953e+02 5.7370697021e+02 5.7363800049e+02
5.7700799561e+02 5.7709600830e+02 5.7705700684e+02 5.7696801758e+02 5.7688000488e+02 5.7677899170e+02 5.7666198730e+02 5.7654699707e+02 5.7640698242e+02 5.7623901367e+02 5.7606500244e+02 5.7571600342e+02 5.7543499756e+02 5.7532098389e+02 5.7529400635e+02 5.7533599854e+02 5.7546600342e+02 5.7561401367e+02 5.7570202637e+02 5.7556597900e+02 5.7534197998e+02 5.7507598877e+02 5.7471301270e+02 5.7442498779e+02 5.7428900146e+02 5.7419897461e+02 5.7416900635e+02 5.7414001465e+02 5.7409497070e+02 5.7405401611e+02 5.7402697754e+02 5.7402197266e+02 5.7400598145e+02 5.7399102783e+02 5.7397698975e+02 5.7396301270e+02 5.7394598389e+02 5.7392901611e+02 5.7390997314e+02 5.7388702393e+02 5.7385998535e+02 5.7383001709e+02 5.7378497314e+02 5.7372302246e+02 5.7366998291e+02 5.7361297607e+02
5.7671697998e+02 5.7685601807e+02 5.7681896973e+02 5.7671899414e+02 5.7663397217e+02 5.7653100586e+02 5.7641802979e+02 5.7629901123e+02 5.7615100098e+02 5.7597399902e+02 5.7574200439e+02 5.7542498779e+02 5.7525598145e+02 5.7525598145e+02 5.7533697510e+02 5.7548999023e+02 5.7562298584e+02 5.7563098145e+02 5.7545599365e+02 5.7517901611e+02 5.7489300537e+02 5.7459600830e+02 5.7430499268e+02 5.7412902832e+02 5.7403698730e+02 5.7398797607e+02 5.7401397705e+02 5.7401800537e+02 5.7398699951e+02 5.7395898438e+02 5.7394500732e+02 5.7394299316e+02 5.7392999268e+02 5.7391802979e+02 5.7390502930e+02 5.7389300537e+02 5.7387799072e+02 5.7386199951e+02 5.7384497070e+02 5.7382202148e+02 5.7379498291e+02 5.7376599121e+02 5.7372698975e+02 5.7367797852e+02 5.7363201904e+02 5.7358300781e+02
5.7644702148e+02 5.7658398438e+02 5.7655102539e+02 5.7645800781e+02 5.7638299561e+02 5.7628302002e+02 5.7617700195e+02 5.7606201172e+02 5.7590802002e+02 5.7572802734e+02 5.7548498535e+02 5.7532897949e+02 5.7528698730e+02 5.7532598877e+02 5.7544299316e+02 5.7561901855e+02 5.7555499268e+02 5.7523901367e+02 5.7487298584e+02 5.7462402344e+02 5.7433398438e+02 5.7406701660e+02 5.7391400146e+02 5.7386499023e+02 5.7381597900e+02 5.7380902100e+02 5.7387701416e+02 5.7390100098e+02 5.7388500977e+02 5.7387097168e+02 5.7386700439e+02 5.7386499023e+02 5.7385498047e+02 5.7384497070e+02 5.7383502197e+02 5.7382397461e+02 5.7381097412e+02 5.7379699707e+02 5.7378100586e+02 5.7375897217e+02 5.7373400879e+02 5.7370501709e+02 5.7367199707e+02 5.7363500977e+02 5.7359600830e+02 5.7355499268e+02
5.7621002197e+02 5.7630499268e+02 5.7624700928e+02 5.7620001221e+02 5.7614398193e+02 5.7606097412e+02 5.7596997070e+02 5.7583599854e+02 5.7570098877e+02 5.7555297852e+02 5.7547399902e+02 5.7545202637e+02 5.7547399902e+02 5.7547497559e+02 5.7555401611e+02 5.7545697021e+02 5.7498797607e+02 5.7434002686e+02 5.7392999268e+02 5.7393798828e+02 5.7372497559e+02 5.7356097412e+02 5.7351098633e+02 5.7364099121e+02 5.7366802979e+02 5.7371197510e+02 5.7378698730e+02 5.7378997803e+02 5.7379901123e+02 5.7380499268e+02 5.7380499268e+02 5.7378497314e+02 5.7377801514e+02 5.7377001953e+02 5.7375799561e+02 5.7375402832e+02 5.7374499512e+02 5.7373400879e+02 5.7371600342e+02 5.7369702148e+02 5.7367498779e+02 5.7365100098e+02 5.7362298584e+02 5.7359197998e+02 5.7356500244e+02 5.7353698730e+02
5.7598199463e+02 5.7603497314e+02 5.7600897217e+02 5.7596997070e+02 5.7592401123e+02 5.7584399414e+02 5.7575701904e+02 5.7565802002e+02 5.7554199219e+02 5.7542401123e+02 5.7532397461e+02 5.7534802246e+02 5.7537902832e+02 5.7537799072e+02 5.7528997803e+02 5.7492498779e+02 5.7431701660e+02 5.7370697021e+02 5.7344097900e+02 5.7345202637e+02 5.7337500000e+02 5.7332800293e+02 5.7340502930e+02 5.7353802490e+02 5.7359197998e+02 5.7364398193e+02 5.7368402100e+02 5.7370001221e+02 5.7371997070e+02 5.7373199463e+02 5.7372601318e+02 5.7371002197e+02 5.7370501709e+02 5.7369897461e+02 5.7369299316e+02 5.7368902588e+02 5.7367999268e+02 5.7366998291e+02 5.7365698242e+02 5.7363800049e+02 5.7361999512e+02 5.7360198975e+02 5.7357702637e+02 5.7355102539e+02 5.7353100586e+02 5.7351098633e+02
5.7574200439e+02 5.7581500244e+02 5.7580700684e+02 5.7577899170e+02 5.7572399902e+02 5.7563098145e+02 5.7553698730e+02 5.7544500732e+02 5.7532501221e+02 5.7520397949e+02 5.7511700439e+02 5.7514898682e+02 5.7516101074e+02 5.7513000488e+02 5.7494702148e+02 5.7444500732e+02 5.7385400391e+02 5.7336401367e+02 5.7321600342e+02 5.7326501465e+02 5.7327099609e+02 5.7328497314e+02 5.7336798096e+02 5.7346197510e+02 5.7350598145e+02 5.7355102539e+02 5.7359600830e+02 5.7362298584e+02 5.7364099121e+02 5.7365301514e+02 5.7365301514e+02 5.7364501953e+02 5.7364202881e+02 5.7363702393e+02 5.7363299561e+02 5.7363000488e+02 5.7362097168e+02 5.7361199951e+02 5.7359997559e+02 5.7358502197e+02 5.7356896973e+02 5.7355200195e+02 5.7353302002e+02 5.7351300049e+02 5.7349597168e+02 5.7347900391e+02
5.7557800293e+02 5.7564300537e+02 5.7565399170e+02 5.7562402344e+02 5.7555700684e+02 5.7544702148e+02 5.7530700684e+02 5.7518499756e+02 5.7505798340e+02 5.7493701172e+02 5.7484997559e+02 5.7486499023e+02 5.7484802246e+02 5.7478302002e+02 5.7454302979e+02 5.7404101563e+02 5.7356298828e+02 5.7323901367e+02 5.7318597412e+02 5.7324102783e+02 5.7329199219e+02 5.7332897949e+02 5.7336700439e+02 5.7340502930e+02 5.7344000244e+02 5.7347698975e+02 5.7352197266e+02 5.7355401611e+02 5.7357098389e+02 5.7358197021e+02 5.7358599854e+02 5.7358502197e+02 5.7358300781e+02 5.7357897949e+02 5.7357702637e+02 5.7357397461e+02 5.7356701660e+02 5.7355798340e+02 5.7354699707e+02 5.7353497314e+02 5.7352197266e+02 5.7350799561e+02 5.7349298096e+02 5.7347900391e+02 5.7346502686e+02 5.7345098877e+02
