TESTSERVER/0/9.asc
NCOLS 100
NROWS 100
XLLCORNER 7.4997500000e+03
YLLCORNER 2.8950025000e+05
CELLSIZE 5.0000000000e-01
NODATA_VALUE -9.9990000000e+03
[rows 80 to 99 of 100, columns 46 to 91 of 100]
5.6666699219e+02 5.6669702148e+02 5.6674200439e+02 5.6680200195e+02 5.6685101318e+02 5.6689202881e+02 5.6692602539e+02 5.6695300293e+02 5.6697998047e+02 5.6702301025e+02 5.6703497314e+02 5.6703002930e+02 5.6704998779e+02 5.6707000732e+02 5.6707202148e+02 5.6708001709e+02 5.6709301758e+02 5.6710998535e+02 5.6712701416e+02 5.6713397217e+02 5.6714501953e+02 5.6715100098e+02 5.6716900635e+02 5.6721099854e+02 5.6730700684e+02 5.6720202637e+02 5.6711901855e+02 5.6707800293e+02 5.6702899170e+02 5.6706500244e+02 5.6705297852e+02 5.6703698730e+02 5.6701501465e+02 5.6699902344e+02 5.6700500488e+02 5.6699298096e+02 5.6697698975e+02 5.6696197510e+02 5.6695202637e+02 5.6694702148e+02 5.6693597412e+02 5.6691802979e+02 5.6688800049e+02 5.6688000488e+02 5.6690301514e+02 5.6701800537e+02
5.6664599609e+02 5.6668701172e+02 5.6672802734e+02 5.6678601074e+02 5.6684399414e+02 5.6687597656e+02 5.6689898682e+02 5.6692401123e+02 5.6694396973e+02 5.6699200439e+02 5.6701202393e+02 5.6701599121e+02 5.6703302002e+02 5.6705603027e+02 5.6706298828e+02 5.6707501221e+02 5.6709497070e+02 5.6710400391e+02 5.6711499023e+02 5.6712799072e+02 5.6713702393e+02 5.6714898682e+02 5.6722198486e+02 5.6732397461e+02 5.6748199463e+02 5.6756097412e+02 5.6758099365e+02 5.6745202637e+02 5.6716198730e+02 5.6703100586e+02 5.6695397949e+02 5.6699902344e+02 5.6702301025e+02 5.6701000977e+02 5.6699401855e+02 5.6696801758e+02 5.6696301270e+02 5.6696301270e+02 5.6695599365e+02 5.6693701172e+02 5.6690197754e+02 5.6688702393e+02 5.6688299561e+02 5.6690899658e+02 5.6699499512e+02 5.6716699219e+02
5.6662402344e+02 5.6666900635e+02 5.6671502686e+02 5.6676501465e+02 5.6682702637e+02 5.6685498047e+02 5.6688098145e+02 5.6690802002e+02 5.6691998291e+02 5.6696197510e+02 5.6699902344e+02 5.6701000977e+02 5.6701000977e+02 5.6703302002e+02 5.6704901123e+02 5.6706799316e+02 5.6708398438e+02 5.6709197998e+02 5.6710797119e+02 5.6712200928e+02 5.6713098145e+02 5.6717102051e+02 5.6729199219e+02 5.6743902588e+02 5.6760797119e+02 5.6775000000e+02 5.6787799072e+02 5.6788702393e+02 5.6771099854e+02 5.6747900391e+02 5.6706701660e+02 5.6691101074e+02 5.6694897461e+02 5.6697399902e+02 5.6700500488e+02 5.6696899414e+02 5.6693902588e+02 5.6694396973e+02 5.6692602539e+02 5.6689202881e+02 5.6686297607e+02 5.6686798096e+02 5.6690002441e+02 5.6697100830e+02 5.6712097168e+02 5.6731402588e+02
5.6660900879e+02 5.6665502930e+02 5.6670501709e+02 5.6675799561e+02 5.6680297852e+02 5.6682702637e+02 5.6686199951e+02 5.6689501953e+02 5.6691400146e+02 5.6693902588e+02 5.6697399902e+02 5.6699401855e+02 5.6700000000e+02 5.6701898193e+02 5.6703399658e+02 5.6705200195e+02 5.6706298828e+02 5.6708099365e+02 5.6710797119e+02 5.6711499023e+02 5.6714898682e+02 5.6724700928e+02 5.6739398193e+02 5.6755401611e+02 5.6771697998e+02 5.6781500244e+02 5.6791497803e+02 5.6803198242e+02 5.6811401367e+02 5.6812701416e+02 5.6780499268e+02 5.6753399658e+02 5.6724798584e+02 5.6694598389e+02 5.6694000244e+02 5.6696197510e+02 5.6692999268e+02 5.6690899658e+02 5.6688500977e+02 5.6686700439e+02 5.6686499023e+02 5.6689898682e+02 5.6697399902e+02 5.6709301758e+02 5.6729302979e+02 5.6749200439e+02
5.6658001709e+02 5.6664300537e+02 5.6669799805e+02 5.6674700928e+02 5.6677301025e+02 5.6679101563e+02 5.6682702637e+02 5.6686499023e+02 5.6690399170e+02 5.6692602539e+02 5.6695501709e+02 5.6697399902e+02 5.6698699951e+02 5.6700201416e+02 5.6702001953e+02 5.6704101563e+02 5.6705798340e+02 5.6706896973e+02 5.6708300781e+02 5.6710998535e+02 5.6722198486e+02 5.6735998535e+02 5.6750000000e+02 5.6763897705e+02 5.6780102539e+02 5.6793402100e+02 5.6800500488e+02 5.6808001709e+02 5.6813500977e+02 5.6820898438e+02 5.6835998535e+02 5.6842901611e+02 5.6809600830e+02 5.6761102295e+02 5.6717498779e+02 5.6691101074e+02 5.6676202393e+02 5.6682098389e+02 5.6678802490e+02 5.6683599854e+02 5.6692102051e+02 5.6700000000e+02 5.6714099121e+02 5.6732098389e+02 5.6757897949e+02 5.6772698975e+02
5.6655499268e+02 5.6662701416e+02 5.6670397949e+02 5.6674798584e+02 5.6675897217e+02 5.6678198242e+02 5.6680902100e+02 5.6684301758e+02 5.6687701416e+02 5.6690002441e+02 5.6692602539e+02 5.6695202637e+02 5.6697802734e+02 5.6698999023e+02 5.6700799561e+02 5.6703002930e+02 5.6704400635e+02 5.6705798340e+02 5.6707299805e+02 5.6715698242e+02 5.6732098389e+02 5.6744299316e+02 5.6756500244e+02 5.6768902588e+02 5.6784002686e+02 5.6797497559e+02 5.6808398438e+02 5.6817700195e+02 5.6823699951e+02 5.6829101563e+02 5.6834698486e+02 5.6843902588e+02 5.6855700684e+02 5.6859600830e+02 5.6838500977e+02 5.6791302490e+02 5.6742700195e+02 5.6709698486e+02 5.6674597168e+02 5.6669097900e+02 5.6706701660e+02 5.6728497314e+02 5.6742102051e+02 5.6760400391e+02 5.6783099365e+02 5.6798797607e+02
5.6653198242e+02 5.6660198975e+02 5.6670098877e+02 5.6676300049e+02 5.6677001953e+02 5.6677899170e+02 5.6680200195e+02 5.6683099365e+02 5.6685601807e+02 5.6687298584e+02 5.6689099121e+02 5.6691900635e+02 5.6694702148e+02 5.6696697998e+02 5.6698400879e+02 5.6700799561e+02 5.6702502441e+02 5.6704797363e+02 5.6709497070e+02 5.6720800781e+02 5.6736798096e+02 5.6748400879e+02 5.6761602783e+02 5.6774298096e+02 5.6788000488e+02 5.6800500488e+02 5.6812799072e+02 5.6824298096e+02 5.6831500244e+02 5.6839001465e+02 5.6844799805e+02 5.6849298096e+02 5.6859197998e+02 5.6868798828e+02 5.6880999756e+02 5.6887200928e+02 5.6863000488e+02 5.6810198975e+02 5.6749102783e+02 5.6716497803e+02 5.6745397949e+02 5.6768798828e+02 5.6778002930e+02 5.6791998291e+02 5.6811102295e+02 5.6823498535e+02
5.6650201416e+02 5.6657897949e+02 5.6668103027e+02 5.6675097656e+02 5.6678198242e+02 5.6678002930e+02 5.6678802490e+02 5.6681500244e+02 5.6683502197e+02 5.6684600830e+02 5.6687298584e+02 5.6689801025e+02 5.6691400146e+02 5.6694000244e+02 5.6695300293e+02 5.6698101807e+02 5.6700701904e+02 5.6706799316e+02 5.6716900635e+02 5.6728497314e+02 5.6740399170e+02 5.6752801514e+02 5.6766900635e+02 5.6779602051e+02 5.6792401123e+02 5.6804400635e+02 5.6816601563e+02 5.6828302002e+02 5.6836199951e+02 5.6845001221e+02 5.6854400635e+02 5.6859997559e+02 5.6865002441e+02 5.6864898682e+02 5.6871600342e+02 5.6891699219e+02 5.6916302490e+02 5.6906500244e+02 5.6853100586e+02 5.6807397461e+02 5.6806298828e+02 5.6816497803e+02 5.6820001221e+02 5.6828002930e+02 5.6840802002e+02 5.6848498535e+02
5.6647399902e+02 5.6656298828e+02 5.6664398193e+02 5.6670800781e+02 5.6677398682e+02 5.6678002930e+02 5.6676702881e+02 5.6678601074e+02 5.6682299805e+02 5.6682702637e+02 5.6685101318e+02 5.6687597656e+02 5.6688397217e+02 5.6690197754e+02 5.6692102051e+02 5.6696099854e+02 5.6701397705e+02 5.6710797119e+02 5.6724499512e+02 5.6735198975e+02 5.6745501709e+02 5.6758398438e+02 5.6771398926e+02 5.6783001709e+02 5.6795697021e+02 5.6807800293e+02 5.6819598389e+02 5.6831701660e+02 5.6841802979e+02 5.6850402832e+02 5.6859399414e+02 5.6867700195e+02 5.6874200439e+02 5.6876202393e+02 5.6882702637e+02 5.6891900635e+02 5.6902697754e+02 5.6928100586e+02 5.6916699219e+02 5.6886999512e+02 5.6872802734e+02 5.6873498535e+02 5.6872998047e+02 5.6871697998e+02 5.6874298096e+02 5.6874102783e+02
5.6647100830e+02 5.6654199219e+02 5.6660601807e+02 5.6666400146e+02 5.6672802734e+02 5.6677899170e+02 5.6678601074e+02 5.6677697754e+02 5.6679901123e+02 5.6681500244e+02 5.6683398438e+02 5.6685498047e+02 5.6685900879e+02 5.6688299561e+02 5.6691900635e+02 5.6697900391e+02 5.6705499268e+02 5.6713098145e+02 5.6724499512e+02 5.6734802246e+02 5.6746600342e+02 5.6761199951e+02 5.6774902344e+02 5.6788299561e+02 5.6801202393e+02 5.6810900879e+02 5.6822100830e+02 5.6834698486e+02 5.6845898438e+02 5.6854998779e+02 5.6863598633e+02 5.6871697998e+02 5.6878497314e+02 5.6881298828e+02 5.6890600586e+02 5.6901000977e+02 5.6909100342e+02 5.6920098877e+02 5.6923901367e+02 5.6918298340e+02 5.6915002441e+02 5.6922497559e+02 5.6924700928e+02 5.6919396973e+02 5.6904998779e+02 5.6896502686e+02
5.6644299316e+02 5.6650201416e+02 5.6655902100e+02 5.6661199951e+02 5.6666699219e+02 5.6672998047e+02 5.6677398682e+02 5.6678198242e+02 5.6678601074e+02 5.6680297852e+02 5.6681896973e+02 5.6682702637e+02 5.6683898926e+02 5.6686999512e+02 5.6690802002e+02 5.6697302246e+02 5.6705700684e+02 5.6712597656e+02 5.6723602295e+02 5.6734899902e+02 5.6746899414e+02 5.6761297607e+02 5.6777001953e+02 5.6793200684e+02 5.6806597900e+02 5.6815100098e+02 5.6825097656e+02 5.6836499023e+02 5.6847399902e+02 5.6857000732e+02 5.6866400146e+02 5.6874597168e+02 5.6881298828e+02 5.6885797119e+02 5.6897900391e+02 5.6910601807e+02 5.6916101074e+02 5.6916802979e+02 5.6917602539e+02 5.6920501709e+02 5.6931201172e+02 5.6945898438e+02 5.6949597168e+02 5.6945001221e+02 5.6927502441e+02 5.6915100098e+02
5.6640100098e+02 5.6645397949e+02 5.6650598145e+02 5.6656201172e+02 5.6661999512e+02 5.6668402100e+02 5.6675299072e+02 5.6679302979e+02 5.6677600098e+02 5.6678698730e+02 5.6680297852e+02 5.6680401611e+02 5.6683398438e+02 5.6686798096e+02 5.6689697266e+02 5.6695898438e+02 5.6704998779e+02 5.6713397217e+02 5.6723699951e+02 5.6734100342e+02 5.6747601318e+02 5.6761901855e+02 5.6779199219e+02 5.6797100830e+02 5.6810302734e+02 5.6818798828e+02 5.6828302002e+02 5.6838500977e+02 5.6849200439e+02 5.6858599854e+02 5.6868200684e+02 5.6876898193e+02 5.6884497070e+02 5.6890802002e+02 5.6902001953e+02 5.6914202881e+02 5.6918103027e+02 5.6916101074e+02 5.6915301514e+02 5.6921600342e+02 5.6937200928e+02 5.6952502441e+02 5.6957000732e+02 5.6954199219e+02 5.6940899658e+02 5.6929797363e+02
5.6636602783e+02 5.6641497803e+02 5.6646197510e+02 5.6652398682e+02 5.6659899902e+02 5.6664697266e+02 5.6671099854e+02 5.6678002930e+02 5.6677600098e+02 5.6679400635e+02 5.6681896973e+02 5.6683502197e+02 5.6685101318e+02 5.6687402344e+02 5.6690600586e+02 5.6697100830e+02 5.6708099365e+02 5.6719097900e+02 5.6727600098e+02 5.6736700439e+02 5.6748901367e+02 5.6763897705e+02 5.6780401611e+02 5.6796899414e+02 5.6811102295e+02 5.6820501709e+02 5.6830102539e+02 5.6840600586e+02 5.6851800537e+02 5.6861102295e+02 5.6870898438e+02 5.6879101563e+02 5.6886102295e+02 5.6892498779e+02 5.6899798584e+02 5.6910302734e+02 5.6922302246e+02 5.6922900391e+02 5.6928601074e+02 5.6941601563e+02 5.6950402832e+02 5.6949798584e+02 5.6952600098e+02 5.6952502441e+02 5.6944598389e+02 5.6939599609e+02
5.6632397461e+02 5.6637597656e+02 5.6642901611e+02 5.6650000000e+02 5.6657299805e+02 5.6662402344e+02 5.6666998291e+02 5.6671697998e+02 5.6675897217e+02 5.6680499268e+02 5.6683898926e+02 5.6686499023e+02 5.6688897705e+02 5.6691400146e+02 5.6695697021e+02 5.6702801514e+02 5.6713397217e+02 5.6723901367e+02 5.6732598877e+02 5.6740698242e+02 5.6749700928e+02 5.6764099121e+02 5.6778802490e+02 5.6791699219e+02 5.6805902100e+02 5.6817700195e+02 5.6829400635e+02 5.6841400146e+02 5.6853399658e+02 5.6863098145e+02 5.6873797607e+02 5.6882202148e+02 5.6887902832e+02 5.6892999268e+02 5.6900799561e+02 5.6909002686e+02 5.6920697021e+02 5.6932202148e+02 5.6945001221e+02 5.6952801514e+02 5.6950201416e+02 5.6948999023e+02 5.6950201416e+02 5.6951098633e+02 5.6947900391e+02 5.6944702148e+02
5.6626702881e+02 5.6634301758e+02 5.6641998291e+02 5.6649597168e+02 5.6655499268e+02 5.6660101318e+02 5.6665399170e+02 5.6671600342e+02 5.6678100586e+02 5.6683001709e+02 5.6686999512e+02 5.6690502930e+02 5.6693701172e+02 5.6696301270e+02 5.6701000977e+02 5.6707897949e+02 5.6718597412e+02 5.6729199219e+02 5.6737097168e+02 5.6743701172e+02 5.6750598145e+02 5.6763500977e+02 5.6776898193e+02 5.6788702393e+02 5.6802099609e+02 5.6815301514e+02 5.6829302979e+02 5.6842401123e+02 5.6853497314e+02 5.6863500977e+02 5.6873999023e+02 5.6883697510e+02 5.6891101074e+02 5.6897198486e+02 5.6905603027e+02 5.6910797119e+02 5.6915997314e+02 5.6926800537e+02 5.6939501953e+02 5.6948101807e+02 5.6950201416e+02 5.6950299072e+02 5.6950500488e+02 5.6950299072e+02 5.6949597168e+02 5.6948297119e+02
5.6622100830e+02 5.6630999756e+02 5.6640502930e+02 5.6650201416e+02 5.6657397461e+02 5.6662298584e+02 5.6668902588e+02 5.6676300049e+02 5.6682202148e+02 5.6686499023e+02 5.6690899658e+02 5.6694897461e+02 5.6698400879e+02 5.6701397705e+02 5.6706201172e+02 5.6712902832e+02 5.6723101807e+02 5.6733300781e+02 5.6740698242e+02 5.6746398926e+02 5.6751501465e+02 5.6762799072e+02 5.6776800537e+02 5.6789801025e+02 5.6802001953e+02 5.6814501953e+02 5.6829400635e+02 5.6843200684e+02 5.6853601074e+02 5.6863500977e+02 5.6873797607e+02 5.6884497070e+02 5.6894000244e+02 5.6900500488e+02 5.6908599854e+02 5.6913201904e+02 5.6916101074e+02 5.6921997070e+02 5.6930200195e+02 5.6939697266e+02 5.6948602295e+02 5.6950299072e+02 5.6951000977e+02 5.6950201416e+02 5.6949902344e+02 5.6950000000e+02
5.6619500732e+02 5.6627197266e+02 5.6635400391e+02 5.6646002197e+02 5.6657299805e+02 5.6668499756e+02 5.6676397705e+02 5.6682702637e+02 5.6686999512e+02 5.6690100098e+02 5.6694396973e+02 5.6698602295e+02 5.6702001953e+02 5.6705700684e+02 5.6710498047e+02 5.6716400146e+02 5.6723797607e+02 5.6734301758e+02 5.6741497803e+02 5.6747601318e+02 5.6752697754e+02 5.6762597656e+02 5.6777001953e+02 5.6791198730e+02 5.6803100586e+02 5.6814501953e+02 5.6827197266e+02 5.6841699219e+02 5.6853802490e+02 5.6863397217e+02 5.6874102783e+02 5.6884997559e+02 5.6895098877e+02 5.6902398682e+02 5.6909399414e+02 5.6914697266e+02 5.6918402100e+02 5.6923297119e+02 5.6928100586e+02 5.6933697510e+02 5.6940899658e+02 5.6947302246e+02 5.6950500488e+02 5.6950598145e+02 5.6948901367e+02 5.6949798584e+02
5.6617602539e+02 5.6625097656e+02 5.6631402588e+02 5.6638598633e+02 5.6652099609e+02 5.6666998291e+02 5.6677801514e+02 5.6685699463e+02 5.6688299561e+02 5.6691101074e+02 5.6695599365e+02 5.6700000000e+02 5.6703900146e+02 5.6708099365e+02 5.6713299561e+02 5.6719000244e+02 5.6726098633e+02 5.6734100342e+02 5.6741198730e+02 5.6748400879e+02 5.6754602051e+02 5.6763500977e+02 5.6776000977e+02 5.6789801025e+02 5.6802697754e+02 5.6815600586e+02 5.6826898193e+02 5.6839501953e+02 5.6851300049e+02 5.6863800049e+02 5.6876898193e+02 5.6886602783e+02 5.6896899414e+02 5.6903997803e+02 5.6909802246e+02 5.6915197754e+02 5.6918902588e+02 5.6923199463e+02 5.6926599121e+02 5.6930200195e+02 5.6935302734e+02 5.6942102051e+02 5.6949200439e+02 5.6951300049e+02 5.6950000000e+02 5.6950299072e+02
5.6615399170e+02 5.6623699951e+02 5.6629797363e+02 5.6636199951e+02 5.6648602295e+02 5.6663897705e+02 5.6675500488e+02 5.6684100342e+02 5.6687500000e+02 5.6690502930e+02 5.6695397949e+02 5.6700201416e+02 5.6704498291e+02 5.6709399414e+02 5.6715100098e+02 5.6721197510e+02 5.6727801514e+02 5.6735101318e+02 5.6742498779e+02 5.6749902344e+02 5.6756896973e+02 5.6764501953e+02 5.6775000000e+02 5.6787597656e+02 5.6800701904e+02 5.6813299561e+02 5.6826098633e+02 5.6838897705e+02 5.6849200439e+02 5.6861401367e+02 5.6875598145e+02 5.6886199951e+02 5.6896899414e+02 5.6904199219e+02 5.6910601807e+02 5.6916699219e+02 5.6920098877e+02 5.6924401855e+02 5.6927697754e+02 5.6930200195e+02 5.6933300781e+02 5.6937902832e+02 5.6944897461e+02 5.6949200439e+02 5.6950897217e+02 5.6951599121e+02
5.6614801025e+02 5.6623297119e+02 5.6630297852e+02 5.6637500000e+02 5.6647100830e+02 5.6659600830e+02 5.6670898438e+02 5.6679901123e+02 5.6684399414e+02 5.6688299561e+02 5.6693597412e+02 5.6698797607e+02 5.6703698730e+02 5.6709399414e+02 5.6715698242e+02 5.6722198486e+02 5.6728900146e+02 5.6735900879e+02 5.6743499756e+02 5.6751300049e+02 5.6759197998e+02 5.6765899658e+02 5.6774200439e+02 5.6785601807e+02 5.6798999023e+02 5.6810601807e+02 5.6823699951e+02 5.6838098145e+02 5.6850799561e+02 5.6860699463e+02 5.6873297119e+02 5.6884997559e+02 5.6896002197e+02 5.6904498291e+02 5.6912097168e+02 5.6917901611e+02 5.6921197510e+02 5.6925402832e+02 5.6928497314e+02 5.6930700684e+02 5.6933099365e+02 5.6936102295e+02 5.6940600586e+02 5.6945397949e+02 5.6949902344e+02 5.6951599121e+02
