TESTSERVER/0/9.asc
NCOLS 100
NROWS 100
XLLCORNER 7.4997500000e+03
YLLCORNER 2.8950025000e+05
CELLSIZE 5.0000000000e-01
NODATA_VALUE -9.9990000000e+03
[rows 60 to 79 of 100, columns 0 to 45 of 100]
5.6820397949e+02 5.6818798828e+02 5.6816900635e+02 5.6815698242e+02 5.6814898682e+02 5.6814398193e+02 5.6814202881e+02 5.6814001465e+02 5.6813800049e+02 5.6813800049e+02 5.6814001465e+02 5.6813702393e+02 5.6813500977e+02 5.6813397217e+02 5.6813299561e+02 5.6813598633e+02 5.6813702393e+02 5.6813702393e+02 5.6813598633e+02 5.6813201904e+02 5.6812902832e+02 5.6812597656e+02 5.6812200928e+02 5.6812298584e+02 5.6812298584e+02 5.6812298584e+02 5.6811999512e+02 5.6814599609e+02 5.6816400146e+02 5.6817498779e+02 5.6812597656e+02 5.6812597656e+02 5.6811999512e+02 5.6806799316e+02 5.6797900391e+02 5.6772601318e+02 5.6761499023e+02 5.6759399414e+02 5.6758599854e+02 5.6755603027e+02 5.6752502441e+02 5.6750598145e+02 5.6748297119e+02 5.6746099854e+02 5.6743701172e+02 5.6741998291e+02
5.6819500732e+02 5.6817901611e+02 5.6816699219e+02 5.6815698242e+02 5.6815100098e+02 5.6814501953e+02 5.6814099121e+02 5.6813598633e+02 5.6813397217e+02 5.6813500977e+02 5.6813598633e+02 5.6813500977e+02 5.6813397217e+02 5.6813397217e+02 5.6813397217e+02 5.6813598633e+02 5.6813702393e+02 5.6813702393e+02 5.6813702393e+02 5.6813397217e+02 5.6813098145e+02 5.6812799072e+02 5.6812597656e+02 5.6812597656e+02 5.6812500000e+02 5.6812298584e+02 5.6813897705e+02 5.6819000244e+02 5.6821301270e+02 5.6821301270e+02 5.6815802002e+02 5.6814202881e+02 5.6802697754e+02 5.6784698486e+02 5.6767401123e+02 5.6755200195e+02 5.6753900146e+02 5.6752502441e+02 5.6751702881e+02 5.6749499512e+02 5.6747497559e+02 5.6745898438e+02 5.6742700195e+02 5.6740899658e+02 5.6739801025e+02 5.6737200928e+02
5.6819097900e+02 5.6817602539e+02 5.6816699219e+02 5.6815802002e+02 5.6814801025e+02 5.6814501953e+02 5.6813897705e+02 5.6813299561e+02 5.6813000488e+02 5.6813000488e+02 5.6813201904e+02 5.6813299561e+02 5.6813397217e+02 5.6813500977e+02 5.6813500977e+02 5.6813702393e+02 5.6813702393e+02 5.6813800049e+02 5.6813800049e+02 5.6813598633e+02 5.6813397217e+02 5.6813098145e+02 5.6813000488e+02 5.6813000488e+02 5.6812902832e+02 5.6812701416e+02 5.6816198730e+02 5.6821899414e+02 5.6821502686e+02 5.6817901611e+02 5.6812402344e+02 5.6802502441e+02 5.6780798340e+02 5.6759698486e+02 5.6746801758e+02 5.6745397949e+02 5.6747100830e+02 5.6745898438e+02 5.6745501709e+02 5.6743597412e+02 5.6741802979e+02 5.6739501953e+02 5.6735998535e+02 5.6735101318e+02 5.6734399414e+02 5.6731799316e+02
5.6818402100e+02 5.6817297363e+02 5.6816802979e+02 5.6815899658e+02 5.6814898682e+02 5.6814300537e+02 5.6813702393e+02 5.6812902832e+02 5.6812597656e+02 5.6812597656e+02 5.6812799072e+02 5.6813098145e+02 5.6813397217e+02 5.6813598633e+02 5.6813702393e+02 5.6813702393e+02 5.6813800049e+02 5.6813800049e+02 5.6813897705e+02 5.6813800049e+02 5.6813702393e+02 5.6813500977e+02 5.6813397217e+02 5.6813397217e+02 5.6813299561e+02 5.6813201904e+02 5.6817999268e+02 5.6821697998e+02 5.6816699219e+02 5.6807702637e+02 5.6798297119e+02 5.6776501465e+02 5.6752502441e+02 5.6740100098e+02 5.6738702393e+02 5.6739697266e+02 5.6739801025e+02 5.6738201904e+02 5.6737799072e+02 5.6736602783e+02 5.6734899902e+02 5.6732397461e+02 5.6730200195e+02 5.6728997803e+02 5.6727398682e+02 5.6725598145e+02
5.6818701172e+02 5.6817999268e+02 5.6817797852e+02 5.6816601563e+02 5.6815197754e+02 5.6813897705e+02 5.6812200928e+02 5.6812500000e+02 5.6812200928e+02 5.6812097168e+02 5.6812402344e+02 5.6812902832e+02 5.6813299561e+02 5.6813702393e+02 5.6813800049e+02 5.6813702393e+02 5.6813702393e+02 5.6813800049e+02 5.6813702393e+02 5.6813897705e+02 5.6813897705e+02 5.6813897705e+02 5.6816302490e+02 5.6818798828e+02 5.6820300293e+02 5.6819598389e+02 5.6822100830e+02 5.6817901611e+02 5.6805297852e+02 5.6788702393e+02 5.6770501709e+02 5.6746697998e+02 5.6730902100e+02 5.6730200195e+02 5.6733300781e+02 5.6733300781e+02 5.6733001709e+02 5.6730902100e+02 5.6729101563e+02 5.6728497314e+02 5.6727600098e+02 5.6726599121e+02 5.6726599121e+02 5.6725097656e+02 5.6721398926e+02 5.6718402100e+02
5.6819396973e+02 5.6819396973e+02 5.6818499756e+02 5.6817602539e+02 5.6815802002e+02 5.6814001465e+02 5.6812200928e+02 5.6811901855e+02 5.6811602783e+02 5.6811798096e+02 5.6812200928e+02 5.6812701416e+02 5.6813098145e+02 5.6813598633e+02 5.6813897705e+02 5.6813800049e+02 5.6813800049e+02 5.6813897705e+02 5.6813897705e+02 5.6813897705e+02 5.6814001465e+02 5.6814001465e+02 5.6818402100e+02 5.6826800537e+02 5.6827197266e+02 5.6822497559e+02 5.6816699219e+02 5.6803302002e+02 5.6779302979e+02 5.6756097412e+02 5.6736401367e+02 5.6724700928e+02 5.6722198486e+02 5.6725000000e+02 5.6726702881e+02 5.6726702881e+02 5.6726397705e+02 5.6724798584e+02 5.6723400879e+02 5.6721801758e+02 5.6721197510e+02 5.6720697021e+02 5.6719097900e+02 5.6718701172e+02 5.6715100098e+02 5.6712799072e+02
5.6818902588e+02 5.6819396973e+02 5.6818798828e+02 5.6817797852e+02 5.6816198730e+02 5.6814300537e+02 5.6812200928e+02 5.6811602783e+02 5.6811499023e+02 5.6811602783e+02 5.6812298584e+02 5.6812701416e+02 5.6813098145e+02 5.6813500977e+02 5.6814001465e+02 5.6814099121e+02 5.6814099121e+02 5.6814099121e+02 5.6814099121e+02 5.6814099121e+02 5.6814099121e+02 5.6814099121e+02 5.6820001221e+02 5.6827502441e+02 5.6824499512e+02 5.6815301514e+02 5.6803997803e+02 5.6780200195e+02 5.6751000977e+02 5.6728198242e+02 5.6714898682e+02 5.6714801025e+02 5.6716497803e+02 5.6718402100e+02 5.6719396973e+02 5.6719799805e+02 5.6719000244e+02 5.6717700195e+02 5.6716601563e+02 5.6714501953e+02 5.6714599609e+02 5.6714599609e+02 5.6712902832e+02 5.6712097168e+02 5.6708697510e+02 5.6708398438e+02
5.6818298340e+02 5.6819000244e+02 5.6818798828e+02 5.6817901611e+02 5.6816302490e+02 5.6814501953e+02 5.6812298584e+02 5.6811499023e+02 5.6811499023e+02 5.6811798096e+02 5.6812500000e+02 5.6812902832e+02 5.6813201904e+02 5.6813500977e+02 5.6814099121e+02 5.6814300537e+02 5.6814300537e+02 5.6814398193e+02 5.6814398193e+02 5.6814398193e+02 5.6814398193e+02 5.6814398193e+02 5.6820800781e+02 5.6825701904e+02 5.6818402100e+02 5.6804101563e+02 5.6783599854e+02 5.6751397705e+02 5.6723297119e+02 5.6706799316e+02 5.6704602051e+02 5.6709802246e+02 5.6710699463e+02 5.6711102295e+02 5.6711999512e+02 5.6712298584e+02 5.6711297607e+02 5.6709802246e+02 5.6709600830e+02 5.6708898926e+02 5.6708898926e+02 5.6708001709e+02 5.6706701660e+02 5.6704199219e+02 5.6702697754e+02 5.6705603027e+02
5.6817498779e+02 5.6819500732e+02 5.6819598389e+02 5.6816601563e+02 5.6815002441e+02 5.6813598633e+02 5.6812402344e+02 5.6811798096e+02 5.6811798096e+02 5.6811901855e+02 5.6812701416e+02 5.6813500977e+02 5.6813702393e+02 5.6813897705e+02 5.6814398193e+02 5.6814599609e+02 5.6814697266e+02 5.6814898682e+02 5.6815197754e+02 5.6814898682e+02 5.6814801025e+02 5.6814599609e+02 5.6813800049e+02 5.6819702148e+02 5.6810699463e+02 5.6790301514e+02 5.6747802734e+02 5.6714099121e+02 5.6697497559e+02 5.6694799805e+02 5.6701397705e+02 5.6703399658e+02 5.6703601074e+02 5.6703997803e+02 5.6705700684e+02 5.6705798340e+02 5.6704699707e+02 5.6703601074e+02 5.6704400635e+02 5.6703601074e+02 5.6702502441e+02 5.6699597168e+02 5.6698699951e+02 5.6697302246e+02 5.6698400879e+02 5.6701800537e+02
5.6815301514e+02 5.6816998291e+02 5.6816900635e+02 5.6814501953e+02 5.6813098145e+02 5.6812500000e+02 5.6812597656e+02 5.6812799072e+02 5.6812799072e+02 5.6812799072e+02 5.6813299561e+02 5.6814001465e+02 5.6814202881e+02 5.6814501953e+02 5.6814697266e+02 5.6815002441e+02 5.6815301514e+02 5.6815502930e+02 5.6815600586e+02 5.6815399170e+02 5.6815197754e+02 5.6814898682e+02 5.6815399170e+02 5.6820599365e+02 5.6811602783e+02 5.6786499023e+02 5.6740100098e+02 5.6699700928e+02 5.6685101318e+02 5.6685699463e+02 5.6695098877e+02 5.6696197510e+02 5.6696502686e+02 5.6697399902e+02 5.6697198486e+02 5.6697900391e+02 5.6697399902e+02 5.6696600342e+02 5.6696197510e+02 5.6695397949e+02 5.6696197510e+02 5.6694598389e+02 5.6691900635e+02 5.6693402100e+02 5.6696002197e+02 5.6697900391e+02
5.6813397217e+02 5.6814202881e+02 5.6814599609e+02 5.6813299561e+02 5.6812298584e+02 5.6812200928e+02 5.6812902832e+02 5.6813500977e+02 5.6813500977e+02 5.6813598633e+02 5.6813702393e+02 5.6814099121e+02 5.6814398193e+02 5.6814697266e+02 5.6815002441e+02 5.6815301514e+02 5.6815698242e+02 5.6815899658e+02 5.6815997314e+02 5.6815698242e+02 5.6815399170e+02 5.6815197754e+02 5.6818798828e+02 5.6824597168e+02 5.6809899902e+02 5.6778497314e+02 5.6741601563e+02 5.6722698975e+02 5.6699401855e+02 5.6683300781e+02 5.6688299561e+02 5.6689001465e+02 5.6689001465e+02 5.6690301514e+02 5.6689202881e+02 5.6689599609e+02 5.6690197754e+02 5.6690002441e+02 5.6689697266e+02 5.6689099121e+02 5.6689202881e+02 5.6687200928e+02 5.6684600830e+02 5.6689202881e+02 5.6692797852e+02 5.6694396973e+02
5.6813000488e+02 5.6813299561e+02 5.6813397217e+02 5.6812597656e+02 5.6812298584e+02 5.6812298584e+02 5.6813299561e+02 5.6814001465e+02 5.6814099121e+02 5.6814202881e+02 5.6814001465e+02 5.6814202881e+02 5.6814599609e+02 5.6815002441e+02 5.6815399170e+02 5.6815698242e+02 5.6816101074e+02 5.6816302490e+02 5.6816198730e+02 5.6815802002e+02 5.6815502930e+02 5.6815301514e+02 5.6821502686e+02 5.6823297119e+02 5.6797998047e+02 5.6756201172e+02 5.6724499512e+02 5.6739202881e+02 5.6720001221e+02 5.6689898682e+02 5.6683697510e+02 5.6682501221e+02 5.6682098389e+02 5.6683398438e+02 5.6682702637e+02 5.6681896973e+02 5.6682800293e+02 5.6683099365e+02 5.6682800293e+02 5.6682702637e+02 5.6680798340e+02 5.6678601074e+02 5.6679498291e+02 5.6683898926e+02 5.6687701416e+02 5.6690100098e+02
5.6813000488e+02 5.6813098145e+02 5.6813397217e+02 5.6813397217e+02 5.6813897705e+02 5.6814501953e+02 5.6815100098e+02 5.6814300537e+02 5.6814398193e+02 5.6814501953e+02 5.6814202881e+02 5.6814099121e+02 5.6814501953e+02 5.6815002441e+02 5.6815698242e+02 5.6816400146e+02 5.6816802979e+02 5.6816802979e+02 5.6811700439e+02 5.6810601807e+02 5.6811199951e+02 5.6813201904e+02 5.6812799072e+02 5.6823797607e+02 5.6792401123e+02 5.6707598877e+02 5.6616900635e+02 5.6714001465e+02 5.6710302734e+02 5.6680798340e+02 5.6672998047e+02 5.6676702881e+02 5.6676397705e+02 5.6676098633e+02 5.6675402832e+02 5.6674700928e+02 5.6675000000e+02 5.6675000000e+02 5.6675799561e+02 5.6675097656e+02 5.6673199463e+02 5.6672998047e+02 5.6676702881e+02 5.6678802490e+02 5.6683099365e+02 5.6686700439e+02
5.6813299561e+02 5.6813500977e+02 5.6813500977e+02 5.6814202881e+02 5.6815301514e+02 5.6815899658e+02 5.6815399170e+02 5.6814801025e+02 5.6814801025e+02 5.6814599609e+02 5.6814099121e+02 5.6813800049e+02 5.6814099121e+02 5.6814697266e+02 5.6815802002e+02 5.6816802979e+02 5.6817297363e+02 5.6817199707e+02 5.6811901855e+02 5.6809497070e+02 5.6814801025e+02 5.6820898438e+02 5.6819097900e+02 5.6810400391e+02 5.6765802002e+02 5.6674700928e+02 5.6639398193e+02 5.6615100098e+02 5.6628601074e+02 5.6673999023e+02 5.6679602051e+02 5.6670397949e+02 5.6668200684e+02 5.6669000244e+02 5.6669201660e+02 5.6667602539e+02 5.6668298340e+02 5.6669299316e+02 5.6669201660e+02 5.6666900635e+02 5.6666900635e+02 5.6668499756e+02 5.6672302246e+02 5.6675299072e+02 5.6679101563e+02 5.6682598877e+02
5.6813098145e+02 5.6813299561e+02 5.6813098145e+02 5.6814001465e+02 5.6815002441e+02 5.6815301514e+02 5.6815002441e+02 5.6814697266e+02 5.6814599609e+02 5.6814398193e+02 5.6813897705e+02 5.6813800049e+02 5.6814099121e+02 5.6814801025e+02 5.6815802002e+02 5.6816900635e+02 5.6817401123e+02 5.6817401123e+02 5.6815600586e+02 5.6820599365e+02 5.6826300049e+02 5.6827197266e+02 5.6821997070e+02 5.6765100098e+02 5.6678497314e+02 5.6585498047e+02 5.6569299316e+02 5.6524798584e+02 5.6553497314e+02 5.6632598877e+02 5.6675598145e+02 5.6669799805e+02 5.6661798096e+02 5.6660601807e+02 5.6661999512e+02 5.6661602783e+02 5.6662500000e+02 5.6662097168e+02 5.6660601807e+02 5.6659802246e+02 5.6663000488e+02 5.6665502930e+02 5.6667797852e+02 5.6671600342e+02 5.6675402832e+02 5.6679400635e+02
5.6812799072e+02 5.6813000488e+02 5.6813000488e+02 5.6813500977e+02 5.6814099121e+02 5.6814099121e+02 5.6814001465e+02 5.6814202881e+02 5.6814202881e+02 5.6814202881e+02 5.6813897705e+02 5.6813800049e+02 5.6814099121e+02 5.6814801025e+02 5.6815802002e+02 5.6816699219e+02 5.6817401123e+02 5.6817602539e+02 5.6820599365e+02 5.6830102539e+02 5.6828302002e+02 5.6812902832e+02 5.6791998291e+02 5.6725097656e+02 5.6645898438e+02 5.6564501953e+02 5.6528900146e+02 5.6529400635e+02 5.6541400146e+02 5.6580102539e+02 5.6639202881e+02 5.6664501953e+02 5.6662097168e+02 5.6653497314e+02 5.6653302002e+02 5.6655200195e+02 5.6654998779e+02 5.6652301025e+02 5.6651202393e+02 5.6653802490e+02 5.6658898926e+02 5.6661901855e+02 5.6663598633e+02 5.6667700195e+02 5.6671600342e+02 5.6675402832e+02
5.6812298584e+02 5.6811999512e+02 5.6813201904e+02 5.6813201904e+02 5.6813000488e+02 5.6813000488e+02 5.6812701416e+02 5.6813299561e+02 5.6813800049e+02 5.6814398193e+02 5.6815502930e+02 5.6813098145e+02 5.6813897705e+02 5.6820697021e+02 5.6835601807e+02 5.6822100830e+02 5.6819299316e+02 5.6817199707e+02 5.6808502197e+02 5.6824700928e+02 5.6813702393e+02 5.6771197510e+02 5.6703198242e+02 5.6639697266e+02 5.6612597656e+02 5.6572698975e+02 5.6534002686e+02 5.6546997070e+02 5.6549200439e+02 5.6553198242e+02 5.6575000000e+02 5.6632702637e+02 5.6658197021e+02 5.6652398682e+02 5.6644500732e+02 5.6646899414e+02 5.6645098877e+02 5.6643298340e+02 5.6646997070e+02 5.6649902344e+02 5.6653997803e+02 5.6657702637e+02 5.6660302734e+02 5.6664202881e+02 5.6667797852e+02 5.6670800781e+02
5.6812097168e+02 5.6811999512e+02 5.6812298584e+02 5.6812298584e+02 5.6812597656e+02 5.6813500977e+02 5.6813598633e+02 5.6813702393e+02 5.6813897705e+02 5.6814202881e+02 5.6814898682e+02 5.6811798096e+02 5.6813598633e+02 5.6825897217e+02 5.6828399658e+02 5.6815399170e+02 5.6808898926e+02 5.6815802002e+02 5.6820001221e+02 5.6826300049e+02 5.6778900146e+02 5.6698101807e+02 5.6642297363e+02 5.6618298340e+02 5.6569201660e+02 5.6532897949e+02 5.6535900879e+02 5.6546398926e+02 5.6553802490e+02 5.6561199951e+02 5.6567199707e+02 5.6592401123e+02 5.6626000977e+02 5.6644201660e+02 5.6639801025e+02 5.6632897949e+02 5.6634497070e+02 5.6637799072e+02 5.6642498779e+02 5.6645599365e+02 5.6649200439e+02 5.6653802490e+02 5.6657299805e+02 5.6660900879e+02 5.6663897705e+02 5.6666302490e+02
5.6808001709e+02 5.6811297607e+02 5.6812500000e+02 5.6811999512e+02 5.6812500000e+02 5.6813500977e+02 5.6813800049e+02 5.6813702393e+02 5.6813800049e+02 5.6814001465e+02 5.6814599609e+02 5.6811401367e+02 5.6814001465e+02 5.6821301270e+02 5.6804302979e+02 5.6761999512e+02 5.6752899170e+02 5.6792102051e+02 5.6832202148e+02 5.6800701904e+02 5.6702899170e+02 5.6616198730e+02 5.6618200684e+02 5.6595202637e+02 5.6546899414e+02 5.6534100342e+02 5.6544799805e+02 5.6549102783e+02 5.6556896973e+02 5.6564202881e+02 5.6571002197e+02 5.6579602051e+02 5.6599902344e+02 5.6622998047e+02 5.6630999756e+02 5.6624597168e+02 5.6629797363e+02 5.6634399414e+02 5.6636700439e+02 5.6641998291e+02 5.6645898438e+02 5.6649200439e+02 5.6653302002e+02 5.6656597900e+02 5.6660198975e+02 5.6664099121e+02
5.6805499268e+02 5.6808502197e+02 5.6811999512e+02 5.6811999512e+02 5.6812597656e+02 5.6813299561e+02 5.6813598633e+02 5.6813397217e+02 5.6813702393e+02 5.6814099121e+02 5.6814501953e+02 5.6811102295e+02 5.6815899658e+02 5.6817999268e+02 5.6777502441e+02 5.6679998779e+02 5.6653100586e+02 5.6726800537e+02 5.6825799561e+02 5.6766900635e+02 5.6625598145e+02 5.6540399170e+02 5.6557000732e+02 5.6533898926e+02 5.6527801514e+02 5.6539801025e+02 5.6547802734e+02 5.6551800537e+02 5.6559497070e+02 5.6566699219e+02 5.6575402832e+02 5.6584301758e+02 5.6593902588e+02 5.6606500244e+02 5.6614801025e+02 5.6614300537e+02 5.6625097656e+02 5.6630401611e+02 5.6632800293e+02 5.6638201904e+02 5.6642498779e+02 5.6645202637e+02 5.6649700928e+02 5.6652899170e+02 5.6657397461e+02 5.6662402344e+02
