TESTSERVER/12/0.asc
NCOLS 100
NROWS 100
XLLCORNER 8.0997500000e+03
YLLCORNER 2.8995025000e+05
CELLSIZE 5.0000000000e-01
NODATA_VALUE -9.9990000000e+03
[rows 0 to 19 of 100, columns 46 to 91 of 100]
6.4167797852e+02 6.4229699707e+02 6.4293902588e+02 6.4341101074e+02 6.4395098877e+02 6.4448901367e+02 6.4496600342e+02 6.4545501709e+02 6.4582897949e+02 6.4616101074e+02 6.4656701660e+02 6.4710498047e+02 6.4759997559e+02 6.4787500000e+02 6.4800500488e+02 6.4813299561e+02 6.4832800293e+02 6.4863299561e+02 6.4907202148e+02 6.4948400879e+02 6.4989599609e+02 6.5030603027e+02 6.5064398193e+02 6.5099200439e+02 6.5132897949e+02 6.5170202637e+02 6.5210498047e+02 6.5259497070e+02 6.5310900879e+02 6.5355902100e+02 6.5395697021e+02 6.5429302979e+02 6.5462500000e+02 6.5500799561e+02 6.5546997070e+02 6.5588598633e+02 6.5625799561e+02 6.5660601807e+02 6.5694897461e+02 6.5732202148e+02 6.5768798828e+02 6.5808697510e+02 6.5856201172e+02 6.5910601807e+02 6.5964001465e+02 6.6015600586e+02
6.4182299805e+02 6.4241802979e+02 6.4298297119e+02 6.4347302246e+02 6.4401501465e+02 6.4452197266e+02 6.4498797607e+02 6.4547497559e+02 6.4585601807e+02 6.4620202637e+02 6.4661199951e+02 6.4713800049e+02 6.4766900635e+02 6.4797198486e+02 6.4809197998e+02 6.4820697021e+02 6.4840997314e+02 6.4876000977e+02 6.4927301025e+02 6.4976300049e+02 6.5017700195e+02 6.5055902100e+02 6.5090802002e+02 6.5123400879e+02 6.5156201172e+02 6.5191198730e+02 6.5232598877e+02 6.5283502197e+02 6.5334100342e+02 6.5376397705e+02 6.5411401367e+02 6.5451599121e+02 6.5494097900e+02 6.5538201904e+02 6.5583099365e+02 6.5625701904e+02 6.5660699463e+02 6.5692498779e+02 6.5726599121e+02 6.5763201904e+02 6.5801202393e+02 6.5843902588e+02 6.5894598389e+02 6.5947399902e+02 6.5991302490e+02 6.6032598877e+02
6.4193798828e+02 6.4249597168e+02 6.4301898193e+02 6.4352398682e+02 6.4405798340e+02 6.4457000732e+02 6.4505102539e+02 6.4551000977e+02 6.4586901855e+02 6.4619097900e+02 6.4656097412e+02 6.4707000732e+02 6.4766699219e+02 6.4802801514e+02 6.4814697266e+02 6.4825701904e+02 6.4848602295e+02 6.4888299561e+02 6.4944702148e+02 6.4996398926e+02 6.5040698242e+02 6.5080700684e+02 6.5117401123e+02 6.5150402832e+02 6.5180499268e+02 6.5212200928e+02 6.5252801514e+02 6.5305200195e+02 6.5354302979e+02 6.5393701172e+02 6.5426300049e+02 6.5473400879e+02 6.5522802734e+02 6.5571197510e+02 6.5616101074e+02 6.5657000732e+02 6.5690600586e+02 6.5722302246e+02 6.5759399414e+02 6.5798297119e+02 6.5836901855e+02 6.5879199219e+02 6.5928698730e+02 6.5975897217e+02 6.6014099121e+02 6.6051098633e+02
6.4200402832e+02 6.4254901123e+02 6.4307897949e+02 6.4354400635e+02 6.4402697754e+02 6.4456097412e+02 6.4511102295e+02 6.4554400635e+02 6.4588201904e+02 6.4616998291e+02 6.4649102783e+02 6.4701098633e+02 6.4767401123e+02 6.4807202148e+02 6.4818902588e+02 6.4831402588e+02 6.4856201172e+02 6.4898602295e+02 6.4958001709e+02 6.5012799072e+02 6.5059899902e+02 6.5101800537e+02 6.5141802979e+02 6.5176000977e+02 6.5203100586e+02 6.5230902100e+02 6.5268298340e+02 6.5320397949e+02 6.5368499756e+02 6.5407098389e+02 6.5440997314e+02 6.5491198730e+02 6.5542797852e+02 6.5592901611e+02 6.5640100098e+02 6.5680798340e+02 6.5714501953e+02 6.5748400879e+02 6.5789599609e+02 6.5830102539e+02 6.5868701172e+02 6.5909100342e+02 6.5954998779e+02 6.5998699951e+02 6.6035302734e+02 6.6071697998e+02
6.4205200195e+02 6.4261999512e+02 6.4316400146e+02 6.4354699707e+02 6.4392700195e+02 6.4444897461e+02 6.4511700439e+02 6.4560198975e+02 6.4593402100e+02 6.4620800781e+02 6.4652600098e+02 6.4705200195e+02 6.4771502686e+02 6.4812902832e+02 6.4826397705e+02 6.4841998291e+02 6.4866601563e+02 6.4907397461e+02 6.4967602539e+02 6.5023498535e+02 6.5072900391e+02 6.5117102051e+02 6.5160699463e+02 6.5197497559e+02 6.5222802734e+02 6.5247601318e+02 6.5278100586e+02 6.5327801514e+02 6.5375000000e+02 6.5417297363e+02 6.5458099365e+02 6.5503698730e+02 6.5552801514e+02 6.5602197266e+02 6.5651300049e+02 6.5695599365e+02 6.5732501221e+02 6.5770300293e+02 6.5810699463e+02 6.5854400635e+02 6.5894396973e+02 6.5934600830e+02 6.5976800537e+02 6.6019396973e+02 6.6059002686e+02 6.6098901367e+02
6.4211102295e+02 6.4265698242e+02 6.4311999512e+02 6.4350598145e+02 6.4383502197e+02 6.4435699463e+02 6.4511798096e+02 6.4568499756e+02 6.4603100586e+02 6.4632098389e+02 6.4668902588e+02 6.4721899414e+02 6.4782098389e+02 6.4818103027e+02 6.4831298828e+02 6.4851800537e+02 6.4879602051e+02 6.4921600342e+02 6.4980798340e+02 6.5035302734e+02 6.5084197998e+02 6.5128997803e+02 6.5171801758e+02 6.5210198975e+02 6.5239099121e+02 6.5265502930e+02 6.5293701172e+02 6.5336102295e+02 6.5380102539e+02 6.5424298096e+02 6.5466900635e+02 6.5511798096e+02 6.5559399414e+02 6.5607702637e+02 6.5655999756e+02 6.5701702881e+02 6.5744500732e+02 6.5786700439e+02 6.5829302979e+02 6.5873498535e+02 6.5917498779e+02 6.5961199951e+02 6.6003100586e+02 6.6044201660e+02 6.6086102295e+02 6.6128900146e+02
6.4216400146e+02 6.4268597412e+02 6.4312701416e+02 6.4349902344e+02 6.4385998535e+02 6.4445898438e+02 6.4520001221e+02 6.4577099609e+02 6.4613702393e+02 6.4644799805e+02 6.4687402344e+02 6.4742700195e+02 6.4795800781e+02 6.4824102783e+02 6.4833502197e+02 6.4852502441e+02 6.4888397217e+02 6.4941101074e+02 6.4996197510e+02 6.5046398926e+02 6.5094000244e+02 6.5137799072e+02 6.5177600098e+02 6.5216900635e+02 6.5250701904e+02 6.5280499268e+02 6.5309002686e+02 6.5346301270e+02 6.5387500000e+02 6.5431402588e+02 6.5475500488e+02 6.5520599365e+02 6.5568103027e+02 6.5616302490e+02 6.5663397217e+02 6.5709997559e+02 6.5755999756e+02 6.5800897217e+02 6.5843902588e+02 6.5888800049e+02 6.5935101318e+02 6.5981701660e+02 6.6026300049e+02 6.6069598389e+02 6.6113598633e+02 6.6157897949e+02
6.4213598633e+02 6.4267700195e+02 6.4318701172e+02 6.4356402588e+02 6.4400500488e+02 6.4464001465e+02 6.4527197266e+02 6.4582501221e+02 6.4620202637e+02 6.4653399658e+02 6.4700201416e+02 6.4758502197e+02 6.4808197021e+02 6.4832598877e+02 6.4840698242e+02 6.4856201172e+02 6.4893200684e+02 6.4953302002e+02 6.5008898926e+02 6.5055297852e+02 6.5101202393e+02 6.5143798828e+02 6.5181097412e+02 6.5221099854e+02 6.5259997559e+02 6.5294500732e+02 6.5324597168e+02 6.5358898926e+02 6.5397698975e+02 6.5440600586e+02 6.5485601807e+02 6.5532000732e+02 6.5580297852e+02 6.5629101563e+02 6.5676599121e+02 6.5722900391e+02 6.5769201660e+02 6.5813897705e+02 6.5854901123e+02 6.5899401855e+02 6.5947497559e+02 6.5996899414e+02 6.6045898438e+02 6.6093597412e+02 6.6140600586e+02 6.6187097168e+02
6.4214099121e+02 6.4269500732e+02 6.4325897217e+02 6.4372802734e+02 6.4428698730e+02 6.4486602783e+02 6.4533801270e+02 6.4582098389e+02 6.4620697021e+02 6.4657299805e+02 6.4701702881e+02 6.4758099365e+02 6.4809002686e+02 6.4838000488e+02 6.4846502686e+02 6.4866601563e+02 6.4902899170e+02 6.4957501221e+02 6.5013800049e+02 6.5061199951e+02 6.5105200195e+02 6.5146398926e+02 6.5182501221e+02 6.5225299072e+02 6.5268499756e+02 6.5307702637e+02 6.5341699219e+02 6.5371801758e+02 6.5409698486e+02 6.5452801514e+02 6.5499499512e+02 6.5547698975e+02 6.5597497559e+02 6.5647497559e+02 6.5695697021e+02 6.5739202881e+02 6.5783502197e+02 6.5826202393e+02 6.5865399170e+02 6.5907397461e+02 6.5955603027e+02 6.6007000732e+02 6.6062097168e+02 6.6116998291e+02 6.6167797852e+02 6.6216601563e+02
6.4221099854e+02 6.4277398682e+02 6.4332501221e+02 6.4386700439e+02 6.4449798584e+02 6.4502398682e+02 6.4541198730e+02 6.4585601807e+02 6.4623297119e+02 6.4659997559e+02 6.4703198242e+02 6.4754199219e+02 6.4807501221e+02 6.4841497803e+02 6.4853997803e+02 6.4874700928e+02 6.4911199951e+02 6.4961901855e+02 6.5016699219e+02 6.5063702393e+02 6.5108599854e+02 6.5150897217e+02 6.5190002441e+02 6.5232501221e+02 6.5276397705e+02 6.5316802979e+02 6.5349902344e+02 6.5378302002e+02 6.5419000244e+02 6.5466601563e+02 6.5515399170e+02 6.5565802002e+02 6.5616802979e+02 6.5667401123e+02 6.5717401123e+02 6.5759997559e+02 6.5797198486e+02 6.5834600830e+02 6.5875000000e+02 6.5919000244e+02 6.5967999268e+02 6.6021099854e+02 6.6082598877e+02 6.6141900635e+02 6.6195202637e+02 6.6245599365e+02
6.4228002930e+02 6.4287200928e+02 6.4343798828e+02 6.4403198242e+02 6.4463201904e+02 6.4509997559e+02 6.4546398926e+02 6.4589099121e+02 6.4627502441e+02 6.4668499756e+02 6.4720800781e+02 6.4771398926e+02 6.4818701172e+02 6.4850500488e+02 6.4863800049e+02 6.4884100342e+02 6.4919702148e+02 6.4969097900e+02 6.5021502686e+02 6.5068402100e+02 6.5114099121e+02 6.5157598877e+02 6.5198602295e+02 6.5240502930e+02 6.5283801270e+02 6.5324200439e+02 6.5357897949e+02 6.5387500000e+02 6.5430200195e+02 6.5480798340e+02 6.5533502197e+02 6.5585198975e+02 6.5635900879e+02 6.5685699463e+02 6.5736700439e+02 6.5780297852e+02 6.5812200928e+02 6.5845501709e+02 6.5889801025e+02 6.5938500977e+02 6.5989300537e+02 6.6043402100e+02 6.6104901123e+02 6.6164398193e+02 6.6218499756e+02 6.6269897461e+02
6.4240002441e+02 6.4300201416e+02 6.4354602051e+02 6.4417199707e+02 6.4472399902e+02 6.4517199707e+02 6.4556799316e+02 6.4596600342e+02 6.4636700439e+02 6.4683300781e+02 6.4742700195e+02 6.4789599609e+02 6.4829901123e+02 6.4860198975e+02 6.4874200439e+02 6.4892999268e+02 6.4928302002e+02 6.4977301025e+02 6.5028497314e+02 6.5074499512e+02 6.5120800781e+02 6.5165301514e+02 6.5208001709e+02 6.5249102783e+02 6.5291302490e+02 6.5331701660e+02 6.5366198730e+02 6.5398901367e+02 6.5443298340e+02 6.5495800781e+02 6.5552197266e+02 6.5604498291e+02 6.5653698730e+02 6.5701300049e+02 6.5750598145e+02 6.5797497559e+02 6.5830297852e+02 6.5864202881e+02 6.5912298584e+02 6.5964398193e+02 6.6015698242e+02 6.6068597412e+02 6.6126800537e+02 6.6184100342e+02 6.6237597656e+02 6.6289099121e+02
6.4252099609e+02 6.4304901123e+02 6.4355902100e+02 6.4423400879e+02 6.4478802490e+02 6.4527600098e+02 6.4575598145e+02 6.4610198975e+02 6.4649401855e+02 6.4696600342e+02 6.4751599121e+02 6.4789898682e+02 6.4832397461e+02 6.4866400146e+02 6.4885498047e+02 6.4900097656e+02 6.4933502197e+02 6.4983197021e+02 6.5038800049e+02 6.5083001709e+02 6.5128601074e+02 6.5173602295e+02 6.5218402100e+02 6.5259497070e+02 6.5300402832e+02 6.5340502930e+02 6.5378198242e+02 6.5412298584e+02 6.5458300781e+02 6.5511102295e+02 6.5569396973e+02 6.5622601318e+02 6.5668200684e+02 6.5713000488e+02 6.5759002686e+02 6.5811700439e+02 6.5852197266e+02 6.5891601563e+02 6.5944299316e+02 6.5996002197e+02 6.6046398926e+02 6.6095599365e+02 6.6144702148e+02 6.6199499512e+02 6.6251599121e+02 6.6302197266e+02
6.4262597656e+02 6.4312500000e+02 6.4364697266e+02 6.4434100342e+02 6.4493402100e+02 6.4545397949e+02 6.4595202637e+02 6.4630297852e+02 6.4668103027e+02 6.4710302734e+02 6.4754797363e+02 6.4797698975e+02 6.4849401855e+02 6.4878900146e+02 6.4894500732e+02 6.4905798340e+02 6.4937200928e+02 6.4988897705e+02 6.5047399902e+02 6.5091998291e+02 6.5137200928e+02 6.5182501221e+02 6.5228497314e+02 6.5269097900e+02 6.5307897949e+02 6.5346099854e+02 6.5384698486e+02 6.5423400879e+02 6.5471899414e+02 6.5524597168e+02 6.5577697754e+02 6.5631201172e+02 6.5679199219e+02 6.5728601074e+02 6.5784899902e+02 6.5834197998e+02 6.5874200439e+02 6.5917199707e+02 6.5971600342e+02 6.6022998047e+02 6.6072198486e+02 6.6117199707e+02 6.6158502197e+02 6.6207000732e+02 6.6256597900e+02 6.6306201172e+02
6.4269097900e+02 6.4318200684e+02 6.4375701904e+02 6.4450299072e+02 6.4512701416e+02 6.4565197754e+02 6.4613800049e+02 6.4648199463e+02 6.4687298584e+02 6.4729901123e+02 6.4770599365e+02 6.4817700195e+02 6.4866998291e+02 6.4890698242e+02 6.4904199219e+02 6.4916101074e+02 6.4947998047e+02 6.5000402832e+02 6.5058801270e+02 6.5103497314e+02 6.5148901367e+02 6.5194201660e+02 6.5241302490e+02 6.5281597900e+02 6.5317999268e+02 6.5353100586e+02 6.5389099121e+02 6.5429998779e+02 6.5480200195e+02 6.5532501221e+02 6.5582501221e+02 6.5639801025e+02 6.5694702148e+02 6.5748797607e+02 6.5808300781e+02 6.5855102539e+02 6.5892102051e+02 6.5933099365e+02 6.5986199951e+02 6.6038201904e+02 6.6086999512e+02 6.6130700684e+02 6.6170202637e+02 6.6215802002e+02 6.6264501953e+02 6.6314300537e+02
6.4272802734e+02 6.4318402100e+02 6.4385198975e+02 6.4466900635e+02 6.4531500244e+02 6.4582702637e+02 6.4626501465e+02 6.4659197998e+02 6.4699102783e+02 6.4743701172e+02 6.4785797119e+02 6.4832098389e+02 6.4879797363e+02 6.4902001953e+02 6.4912200928e+02 6.4927099609e+02 6.4960498047e+02 6.5013098145e+02 6.5071600342e+02 6.5117700195e+02 6.5163201904e+02 6.5208502197e+02 6.5256298828e+02 6.5295697021e+02 6.5328698730e+02 6.5359899902e+02 6.5392602539e+02 6.5434002686e+02 6.5485400391e+02 6.5538000488e+02 6.5586700439e+02 6.5645501709e+02 6.5705798340e+02 6.5760198975e+02 6.5816101074e+02 6.5864001465e+02 6.5899700928e+02 6.5937097168e+02 6.5987402344e+02 6.6041802979e+02 6.6092102051e+02 6.6137701416e+02 6.6178497314e+02 6.6222100830e+02 6.6271301270e+02 6.6321502686e+02
6.4280401611e+02 6.4328198242e+02 6.4395300293e+02 6.4474902344e+02 6.4542401123e+02 6.4594598389e+02 6.4639202881e+02 6.4674102783e+02 6.4710998535e+02 6.4754199219e+02 6.4802600098e+02 6.4844598389e+02 6.4887701416e+02 6.4910601807e+02 6.4920300293e+02 6.4936102295e+02 6.4969897461e+02 6.5024298096e+02 6.5088598633e+02 6.5135198975e+02 6.5179602051e+02 6.5224200439e+02 6.5273901367e+02 6.5308099365e+02 6.5338000488e+02 6.5367102051e+02 6.5401898193e+02 6.5440301514e+02 6.5489300537e+02 6.5541400146e+02 6.5593200684e+02 6.5647900391e+02 6.5706298828e+02 6.5757800293e+02 6.5808099365e+02 6.5854797363e+02 6.5892199707e+02 6.5930798340e+02 6.5981097412e+02 6.6038702393e+02 6.6091497803e+02 6.6140100098e+02 6.6182000732e+02 6.6224401855e+02 6.6272302246e+02 6.6322198486e+02
6.4284100342e+02 6.4330297852e+02 6.4392700195e+02 6.4469799805e+02 6.4537701416e+02 6.4594396973e+02 6.4644000244e+02 6.4685400391e+02 6.4724798584e+02 6.4769097900e+02 6.4816802979e+02 6.4858599854e+02 6.4896600342e+02 6.4920397949e+02 6.4933398438e+02 6.4948101807e+02 6.4980700684e+02 6.5036401367e+02 6.5098602295e+02 6.5148297119e+02 6.5191302490e+02 6.5232000732e+02 6.5274200439e+02 6.5305902100e+02 6.5337298584e+02 6.5370501709e+02 6.5408398438e+02 6.5448400879e+02 6.5490197754e+02 6.5535498047e+02 6.5583898926e+02 6.5641101074e+02 6.5699597168e+02 6.5752197266e+02 6.5799798584e+02 6.5840301514e+02 6.5879602051e+02 6.5924798584e+02 6.5980700684e+02 6.6038702393e+02 6.6092401123e+02 6.6142401123e+02 6.6186798096e+02 6.6228900146e+02 6.6274700928e+02 6.6324200439e+02
6.4289697266e+02 6.4335900879e+02 6.4388299561e+02 6.4458801270e+02 6.4527001953e+02 6.4588897705e+02 6.4644396973e+02 6.4690002441e+02 6.4732800293e+02 6.4778399658e+02 6.4825097656e+02 6.4869201660e+02 6.4907501221e+02 6.4932202148e+02 6.4949200439e+02 6.4965997314e+02 6.4997601318e+02 6.5047998047e+02 6.5104199219e+02 6.5152600098e+02 6.5195202637e+02 6.5233099365e+02 6.5269702148e+02 6.5300701904e+02 6.5333898926e+02 6.5370202637e+02 6.5411798096e+02 6.5450799561e+02 6.5487701416e+02 6.5527801514e+02 6.5573999023e+02 6.5635302734e+02 6.5696301270e+02 6.5750299072e+02 6.5795599365e+02 6.5833599854e+02 6.5874597168e+02 6.5922998047e+02 6.5980102539e+02 6.6034899902e+02 6.6088397217e+02 6.6140600586e+02 6.6190301514e+02 6.6235498047e+02 6.6282098389e+02 6.6331402588e+02
6.4294702148e+02 6.4344299316e+02 6.4389801025e+02 6.4455603027e+02 6.4524401855e+02 6.4589501953e+02 6.4648297119e+02 6.4697900391e+02 6.4743298340e+02 6.4789202881e+02 6.4835498047e+02 6.4881896973e+02 6.4920397949e+02 6.4944299316e+02 6.4961798096e+02 6.4982501221e+02 6.5012402344e+02 6.5055200195e+02 6.5103002930e+02 6.5149499512e+02 6.5192700195e+02 6.5230603027e+02 6.5265197754e+02 6.5296002197e+02 6.5330499268e+02 6.5368902588e+02 6.5413000488e+02 6.5450598145e+02 6.5483697510e+02 6.5520501709e+02 6.5567602539e+02 6.5634399414e+02 6.5697698975e+02 6.5752099609e+02 6.5794799805e+02 6.5833502197e+02 6.5876397705e+02 6.5925097656e+02 6.5978100586e+02 6.6028002930e+02 6.6080603027e+02 6.6135198975e+02 6.6190301514e+02 6.6239599609e+02 6.6288000488e+02 6.6337597656e+02
