TESTSERVER/12/0.asc
NCOLS 100
NROWS 100
XLLCORNER 8.0997500000e+03
YLLCORNER 2.8995025000e+05
CELLSIZE 5.0000000000e-01
NODATA_VALUE -9.9990000000e+03
[rows 0 to 19 of 100, columns 0 to 45 of 100]
6.2846301270e+02 6.2846899414e+02 6.2850598145e+02 6.2854199219e+02 6.2857000732e+02 6.2858801270e+02 6.2857501221e+02 6.2885601807e+02 6.2931097412e+02 6.2969799805e+02 6.2998797607e+02 6.3032098389e+02 6.3064697266e+02 6.3091400146e+02 6.3119500732e+02 6.3156799316e+02 6.3205297852e+02 6.3252502441e+02 6.3282598877e+02 6.3312597656e+02 6.3336297607e+02 6.3378002930e+02 6.3422100830e+02 6.3463299561e+02 6.3511401367e+02 6.3543103027e+02 6.3575701904e+02 6.3617401123e+02 6.3658502197e+02 6.3699298096e+02 6.3751702881e+02 6.3818402100e+02 6.3874700928e+02 6.3916998291e+02 6.3958697510e+02 6.4006201172e+02 6.4027301025e+02 6.4028100586e+02 6.4029699707e+02 6.4034002686e+02 6.4031799316e+02 6.4028198242e+02 6.4020697021e+02 6.4027502441e+02 6.4065997314e+02 6.4114697266e+02
6.2843103027e+02 6.2844299316e+02 6.2845599365e+02 6.2849200439e+02 6.2851501465e+02 6.2849298096e+02 6.2870300293e+02 6.2906097412e+02 6.2933599854e+02 6.2982202148e+02 6.3018402100e+02 6.3031500244e+02 6.3059899902e+02 6.3100500488e+02 6.3133398438e+02 6.3161700439e+02 6.3199401855e+02 6.3242901611e+02 6.3277697754e+02 6.3310302734e+02 6.3343701172e+02 6.3419598389e+02 6.3487902832e+02 6.3496398926e+02 6.3521697998e+02 6.3547601318e+02 6.3579400635e+02 6.3620397949e+02 6.3667102051e+02 6.3714001465e+02 6.3770202637e+02 6.3835601807e+02 6.3895501709e+02 6.3938201904e+02 6.3978100586e+02 6.4021002197e+02 6.4035198975e+02 6.4038702393e+02 6.4040100098e+02 6.4042498779e+02 6.4039398193e+02 6.4038598633e+02 6.4033599854e+02 6.4037597656e+02 6.4076599121e+02 6.4128601074e+02
6.2838702393e+02 6.2841101074e+02 6.2843402100e+02 6.2847399902e+02 6.2848400879e+02 6.2852801514e+02 6.2896801758e+02 6.2921002197e+02 6.2933001709e+02 6.2986999512e+02 6.3030499268e+02 6.3038098145e+02 6.3051300049e+02 6.3085900879e+02 6.3129498291e+02 6.3167700195e+02 6.3208801270e+02 6.3253100586e+02 6.3284997559e+02 6.3320599365e+02 6.3359997559e+02 6.3445599365e+02 6.3527197266e+02 6.3533502197e+02 6.3545397949e+02 6.3567498779e+02 6.3602197266e+02 6.3643402100e+02 6.3688000488e+02 6.3735101318e+02 6.3790600586e+02 6.3850799561e+02 6.3906799316e+02 6.3950000000e+02 6.3988800049e+02 6.4029400635e+02 6.4046398926e+02 6.4049499512e+02 6.4048901367e+02 6.4049102783e+02 6.4047399902e+02 6.4047601318e+02 6.4043499756e+02 6.4048797607e+02 6.4088201904e+02 6.4141400146e+02
6.2834100342e+02 6.2838201904e+02 6.2841400146e+02 6.2844500732e+02 6.2843701172e+02 6.2852001953e+02 6.2893402100e+02 6.2919799805e+02 6.2945800781e+02 6.2993103027e+02 6.3030499268e+02 6.3045300293e+02 6.3063897705e+02 6.3105200195e+02 6.3148797607e+02 6.3188201904e+02 6.3222900391e+02 6.3260302734e+02 6.3295098877e+02 6.3338897705e+02 6.3378802490e+02 6.3442999268e+02 6.3517901611e+02 6.3541198730e+02 6.3563702393e+02 6.3595501709e+02 6.3639300537e+02 6.3682000732e+02 6.3716601563e+02 6.3754400635e+02 6.3805700684e+02 6.3862597656e+02 6.3914001465e+02 6.3959600830e+02 6.4001599121e+02 6.4041601563e+02 6.4057800293e+02 6.4058898926e+02 6.4058801270e+02 6.4059997559e+02 6.4057299805e+02 6.4055499268e+02 6.4049798584e+02 6.4056201172e+02 6.4098400879e+02 6.4150799561e+02
6.2830700684e+02 6.2835498047e+02 6.2838098145e+02 6.2841400146e+02 6.2842102051e+02 6.2859197998e+02 6.2894897461e+02 6.2921899414e+02 6.2949401855e+02 6.2983898926e+02 6.3021301270e+02 6.3054302979e+02 6.3085498047e+02 6.3134399414e+02 6.3173101807e+02 6.3209197998e+02 6.3233697510e+02 6.3268701172e+02 6.3307098389e+02 6.3350701904e+02 6.3393402100e+02 6.3444299316e+02 6.3500799561e+02 6.3534997559e+02 6.3566900635e+02 6.3608197021e+02 6.3659698486e+02 6.3707800293e+02 6.3738897705e+02 6.3770599365e+02 6.3818103027e+02 6.3872698975e+02 6.3923297119e+02 6.3973498535e+02 6.4017297363e+02 6.4052197266e+02 6.4066400146e+02 6.4066802979e+02 6.4068200684e+02 6.4070800781e+02 6.4066101074e+02 6.4063201904e+02 6.4057000732e+02 6.4066601563e+02 6.4112799072e+02 6.4158099365e+02
6.2829699707e+02 6.2832501221e+02 6.2834802246e+02 6.2833197021e+02 6.2837200928e+02 6.2868597412e+02 6.2903802490e+02 6.2929699707e+02 6.2955401611e+02 6.2984197998e+02 6.3017999268e+02 6.3044396973e+02 6.3079602051e+02 6.3129797363e+02 6.3172802734e+02 6.3213000488e+02 6.3245599365e+02 6.3281500244e+02 6.3321002197e+02 6.3367102051e+02 6.3406097412e+02 6.3450097656e+02 6.3505297852e+02 6.3547399902e+02 6.3579699707e+02 6.3622198486e+02 6.3663098145e+02 6.3708502197e+02 6.3757202148e+02 6.3795202637e+02 6.3838397217e+02 6.3893402100e+02 6.3942102051e+02 6.3990197754e+02 6.4030499268e+02 6.4060302734e+02 6.4072302246e+02 6.4077600098e+02 6.4078601074e+02 6.4078002930e+02 6.4074700928e+02 6.4073101807e+02 6.4067901611e+02 6.4078601074e+02 6.4118701172e+02 6.4162500000e+02
6.2825701904e+02 6.2828900146e+02 6.2831799316e+02 6.2826599121e+02 6.2846099854e+02 6.2891400146e+02 6.2915997314e+02 6.2935998535e+02 6.2962500000e+02 6.2991400146e+02 6.3023901367e+02 6.3046697998e+02 6.3087500000e+02 6.3146997070e+02 6.3186798096e+02 6.3227197266e+02 6.3267297363e+02 6.3299798584e+02 6.3332098389e+02 6.3378497314e+02 6.3423199463e+02 6.3464898682e+02 6.3514398193e+02 6.3555200195e+02 6.3590600586e+02 6.3640399170e+02 6.3679699707e+02 6.3719396973e+02 6.3773797607e+02 6.3812097168e+02 6.3851800537e+02 6.3903997803e+02 6.3950097656e+02 6.3998498535e+02 6.4043103027e+02 6.4072302246e+02 6.4081896973e+02 6.4085900879e+02 6.4086401367e+02 6.4087402344e+02 6.4084497070e+02 6.4081701660e+02 6.4076702881e+02 6.4083898926e+02 6.4121197510e+02 6.4166699219e+02
6.2820001221e+02 6.2824499512e+02 6.2826702881e+02 6.2825000000e+02 6.2859802246e+02 6.2906500244e+02 6.2928900146e+02 6.2946600342e+02 6.2974200439e+02 6.3002899170e+02 6.3032202148e+02 6.3054400635e+02 6.3093298340e+02 6.3157702637e+02 6.3201300049e+02 6.3241497803e+02 6.3283300781e+02 6.3315197754e+02 6.3346600342e+02 6.3391998291e+02 6.3442102051e+02 6.3489398193e+02 6.3536700439e+02 6.3573297119e+02 6.3605297852e+02 6.3655700684e+02 6.3700598145e+02 6.3734997559e+02 6.3781701660e+02 6.3819097900e+02 6.3862500000e+02 6.3912298584e+02 6.3958599854e+02 6.4013201904e+02 6.4057397461e+02 6.4081298828e+02 6.4089697266e+02 6.4093298340e+02 6.4094500732e+02 6.4097302246e+02 6.4093902588e+02 6.4091198730e+02 6.4086102295e+02 6.4089202881e+02 6.4124200439e+02 6.4166400146e+02
6.2818499756e+02 6.2819799805e+02 6.2814398193e+02 6.2828198242e+02 6.2876800537e+02 6.2919799805e+02 6.2944598389e+02 6.2963000488e+02 6.2993298340e+02 6.3021301270e+02 6.3043798828e+02 6.3062097168e+02 6.3098999023e+02 6.3160101318e+02 6.3213000488e+02 6.3254602051e+02 6.3291400146e+02 6.3326000977e+02 6.3367401123e+02 6.3414599609e+02 6.3461102295e+02 6.3510699463e+02 6.3559899902e+02 6.3601800537e+02 6.3634399414e+02 6.3672497559e+02 6.3717700195e+02 6.3753100586e+02 6.3793103027e+02 6.3833001709e+02 6.3880401611e+02 6.3929400635e+02 6.3980603027e+02 6.4030200195e+02 6.4067401123e+02 6.4085900879e+02 6.4094598389e+02 6.4101599121e+02 6.4104998779e+02 6.4106201172e+02 6.4103601074e+02 6.4102697754e+02 6.4095599365e+02 6.4096099854e+02 6.4126702881e+02 6.4166900635e+02
6.2817401123e+02 6.2817199707e+02 6.2815698242e+02 6.2846197510e+02 6.2891198730e+02 6.2926202393e+02 6.2944299316e+02 6.2968103027e+02 6.3006500244e+02 6.3032702637e+02 6.3048699951e+02 6.3071301270e+02 6.3114202881e+02 6.3172900391e+02 6.3228698730e+02 6.3271997070e+02 6.3303698730e+02 6.3341400146e+02 6.3385900879e+02 6.3436102295e+02 6.3486297607e+02 6.3528802490e+02 6.3574298096e+02 6.3618499756e+02 6.3653302002e+02 6.3690698242e+02 6.3735400391e+02 6.3773400879e+02 6.3809899902e+02 6.3852697754e+02 6.3895501709e+02 6.3945300293e+02 6.3994097900e+02 6.4033502197e+02 6.4065698242e+02 6.4084100342e+02 6.4098699951e+02 6.4111999512e+02 6.4116198730e+02 6.4115301514e+02 6.4114501953e+02 6.4112597656e+02 6.4102899170e+02 6.4104901123e+02 6.4136798096e+02 6.4173297119e+02
6.2815399170e+02 6.2816998291e+02 6.2824200439e+02 6.2866497803e+02 6.2904101563e+02 6.2936401367e+02 6.2959600830e+02 6.2987500000e+02 6.3021502686e+02 6.3035900879e+02 6.3051098633e+02 6.3088000488e+02 6.3131500244e+02 6.3181298828e+02 6.3233697510e+02 6.3276599121e+02 6.3310302734e+02 6.3354797363e+02 6.3401599121e+02 6.3448699951e+02 6.3502600098e+02 6.3545501709e+02 6.3588500977e+02 6.3630902100e+02 6.3663397217e+02 6.3698101807e+02 6.3745599365e+02 6.3787298584e+02 6.3821801758e+02 6.3861297607e+02 6.3905401611e+02 6.3956597900e+02 6.3997497559e+02 6.4034600830e+02 6.4068298340e+02 6.4088598633e+02 6.4107702637e+02 6.4120697021e+02 6.4124902344e+02 6.4124902344e+02 6.4124798584e+02 6.4120501709e+02 6.4113000488e+02 6.4114801025e+02 6.4142498779e+02 6.4178198242e+02
6.2809698486e+02 6.2814599609e+02 6.2833001709e+02 6.2877697754e+02 6.2916900635e+02 6.2950500488e+02 6.2977398682e+02 6.3003698730e+02 6.3029699707e+02 6.3034301758e+02 6.3052600098e+02 6.3097802734e+02 6.3139001465e+02 6.3184698486e+02 6.3237902832e+02 6.3282897949e+02 6.3320898438e+02 6.3369702148e+02 6.3415600586e+02 6.3456701660e+02 6.3507299805e+02 6.3554302979e+02 6.3602801514e+02 6.3646398926e+02 6.3675402832e+02 6.3704302979e+02 6.3751501465e+02 6.3798498535e+02 6.3836499023e+02 6.3871301270e+02 6.3913098145e+02 6.3956701660e+02 6.3990502930e+02 6.4033001709e+02 6.4080798340e+02 6.4109100342e+02 6.4125598145e+02 6.4131896973e+02 6.4133300781e+02 6.4133398438e+02 6.4133697510e+02 6.4129101563e+02 6.4122998047e+02 6.4120898438e+02 6.4144097900e+02 6.4185198975e+02
6.2802001953e+02 6.2815698242e+02 6.2853497314e+02 6.2897198486e+02 6.2933599854e+02 6.2965698242e+02 6.2990600586e+02 6.3017199707e+02 6.3036499023e+02 6.3037097168e+02 6.3056597900e+02 6.3096502686e+02 6.3140502930e+02 6.3194598389e+02 6.3249298096e+02 6.3298699951e+02 6.3338500977e+02 6.3382598877e+02 6.3423901367e+02 6.3468402100e+02 6.3515002441e+02 6.3563800049e+02 6.3618798828e+02 6.3669702148e+02 6.3696197510e+02 6.3718499756e+02 6.3760797119e+02 6.3809399414e+02 6.3852600098e+02 6.3884301758e+02 6.3923901367e+02 6.3959399414e+02 6.3992401123e+02 6.4035998535e+02 6.4085302734e+02 6.4117901611e+02 6.4134698486e+02 6.4139801025e+02 6.4142901611e+02 6.4142901611e+02 6.4143902588e+02 6.4138800049e+02 6.4132202148e+02 6.4127600098e+02 6.4148199463e+02 6.4196398926e+02
6.2806799316e+02 6.2824902344e+02 6.2870098877e+02 6.2917199707e+02 6.2950000000e+02 6.2983398438e+02 6.3006500244e+02 6.3029901123e+02 6.3041900635e+02 6.3041601563e+02 6.3066302490e+02 6.3108801270e+02 6.3159399414e+02 6.3221899414e+02 6.3270800781e+02 6.3315502930e+02 6.3354498291e+02 6.3398498535e+02 6.3442901611e+02 6.3494799805e+02 6.3544000244e+02 6.3583300781e+02 6.3633801270e+02 6.3686798096e+02 6.3717999268e+02 6.3741101074e+02 6.3777899170e+02 6.3827099609e+02 6.3870001221e+02 6.3893499756e+02 6.3931799316e+02 6.3967797852e+02 6.4000598145e+02 6.4040899658e+02 6.4085101318e+02 6.4123999023e+02 6.4142401123e+02 6.4148602295e+02 6.4151202393e+02 6.4150897217e+02 6.4150598145e+02 6.4146600342e+02 6.4141998291e+02 6.4133898926e+02 6.4153997803e+02 6.4206500244e+02
6.2808599854e+02 6.2834698486e+02 6.2884002686e+02 6.2932098389e+02 6.2959899902e+02 6.2986901855e+02 6.3012402344e+02 6.3035900879e+02 6.3043103027e+02 6.3046398926e+02 6.3079101563e+02 6.3128002930e+02 6.3176098633e+02 6.3231298828e+02 6.3280999756e+02 6.3329602051e+02 6.3372302246e+02 6.3419702148e+02 6.3466302490e+02 6.3520001221e+02 6.3567700195e+02 6.3611602783e+02 6.3659899902e+02 6.3699902344e+02 6.3734997559e+02 6.3766198730e+02 6.3796301270e+02 6.3837402344e+02 6.3880401611e+02 6.3904998779e+02 6.3936798096e+02 6.3968103027e+02 6.4003302002e+02 6.4045599365e+02 6.4090502930e+02 6.4132397461e+02 6.4152099609e+02 6.4157397461e+02 6.4159100342e+02 6.4158801270e+02 6.4158599854e+02 6.4155798340e+02 6.4152301025e+02 6.4143499756e+02 6.4161102295e+02 6.4214801025e+02
6.2814599609e+02 6.2855200195e+02 6.2903900146e+02 6.2945800781e+02 6.2969097900e+02 6.2990399170e+02 6.3015899658e+02 6.3032299805e+02 6.3035498047e+02 6.3050897217e+02 6.3096997070e+02 6.3147497559e+02 6.3192797852e+02 6.3241998291e+02 6.3296398926e+02 6.3348199463e+02 6.3390600586e+02 6.3440399170e+02 6.3487298584e+02 6.3534002686e+02 6.3583001709e+02 6.3638800049e+02 6.3679797363e+02 6.3711798096e+02 6.3754302979e+02 6.3786401367e+02 6.3811401367e+02 6.3842999268e+02 6.3882299805e+02 6.3920098877e+02 6.3951098633e+02 6.3973602295e+02 6.4011700439e+02 6.4055603027e+02 6.4096398926e+02 6.4134100342e+02 6.4158398438e+02 6.4168200684e+02 6.4168597412e+02 6.4167401123e+02 6.4167297363e+02 6.4165301514e+02 6.4161901855e+02 6.4155297852e+02 6.4172100830e+02 6.4224401855e+02
6.2832202148e+02 6.2879797363e+02 6.2919201660e+02 6.2951702881e+02 6.2977600098e+02 6.3005200195e+02 6.3022900391e+02 6.3030200195e+02 6.3036999512e+02 6.3075598145e+02 6.3143902588e+02 6.3170898438e+02 6.3209399414e+02 6.3269396973e+02 6.3317297363e+02 6.3355297852e+02 6.3396502686e+02 6.3452801514e+02 6.3505297852e+02 6.3546502686e+02 6.3595202637e+02 6.3652801514e+02 6.3691497803e+02 6.3721997070e+02 6.3764898682e+02 6.3796600342e+02 6.3823101807e+02 6.3853100586e+02 6.3884399414e+02 6.3924200439e+02 6.3957000732e+02 6.3984301758e+02 6.4025000000e+02 6.4056402588e+02 6.4087402344e+02 6.4127697754e+02 6.4159002686e+02 6.4173602295e+02 6.4177899170e+02 6.4178100586e+02 6.4177502441e+02 6.4173297119e+02 6.4168902588e+02 6.4163598633e+02 6.4177398682e+02 6.4233197021e+02
6.2845800781e+02 6.2891998291e+02 6.2928100586e+02 6.2965600586e+02 6.3000598145e+02 6.3019500732e+02 6.3034301758e+02 6.3045397949e+02 6.3047698975e+02 6.3087902832e+02 6.3153997803e+02 6.3186102295e+02 6.3221197510e+02 6.3269097900e+02 6.3308697510e+02 6.3355499268e+02 6.3401000977e+02 6.3458599854e+02 6.3519799805e+02 6.3561297607e+02 6.3607598877e+02 6.3661199951e+02 6.3704498291e+02 6.3736700439e+02 6.3773797607e+02 6.3805798340e+02 6.3837902832e+02 6.3870098877e+02 6.3895501709e+02 6.3928100586e+02 6.3958197021e+02 6.3989099121e+02 6.4033599854e+02 6.4062200928e+02 6.4089697266e+02 6.4136602783e+02 6.4168499756e+02 6.4179998779e+02 6.4185198975e+02 6.4184497070e+02 6.4183398438e+02 6.4180200195e+02 6.4177099609e+02 6.4170202637e+02 6.4184197998e+02 6.4237597656e+02
6.2857702637e+02 6.2895501709e+02 6.2930902100e+02 6.2976501465e+02 6.3019299316e+02 6.3030700684e+02 6.3040899658e+02 6.3053497314e+02 6.3059301758e+02 6.3086401367e+02 6.3138299561e+02 6.3194396973e+02 6.3229998779e+02 6.3265502930e+02 6.3312597656e+02 6.3384997559e+02 6.3428997803e+02 6.3476202393e+02 6.3536297607e+02 6.3592797852e+02 6.3641497803e+02 6.3673999023e+02 6.3713702393e+02 6.3749200439e+02 6.3783197021e+02 6.3816497803e+02 6.3850299072e+02 6.3882800293e+02 6.3908898926e+02 6.3939599609e+02 6.3967700195e+02 6.3998400879e+02 6.4037200928e+02 6.4071099854e+02 6.4101501465e+02 6.4144000244e+02 6.4177001953e+02 6.4186901855e+02 6.4191998291e+02 6.4191802979e+02 6.4191302490e+02 6.4188397217e+02 6.4185699463e+02 6.4178601074e+02 6.4193902588e+02 6.4243298340e+02
6.2860101318e+02 6.2897698975e+02 6.2938800049e+02 6.2976202393e+02 6.3014801025e+02 6.3032702637e+02 6.3037298584e+02 6.3053997803e+02 6.3075897217e+02 6.3111700439e+02 6.3162500000e+02 6.3212799072e+02 6.3240802002e+02 6.3275097656e+02 6.3323297119e+02 6.3409301758e+02 6.3460797119e+02 6.3502600098e+02 6.3553997803e+02 6.3634497070e+02 6.3693597412e+02 6.3702697754e+02 6.3732702637e+02 6.3769598389e+02 6.3798999023e+02 6.3826000977e+02 6.3854400635e+02 6.3885400391e+02 6.3911602783e+02 6.3938897705e+02 6.3972399902e+02 6.4008099365e+02 6.4037500000e+02 6.4075897217e+02 6.4114599609e+02 6.4153997803e+02 6.4183502197e+02 6.4190802002e+02 6.4193200684e+02 6.4194396973e+02 6.4196301270e+02 6.4195501709e+02 6.4193701172e+02 6.4188500977e+02 6.4202697754e+02 6.4246002197e+02
