TESTSERVER/12/1.asc
NCOLS 100
NROWS 100
XLLCORNER 8.0997500000e+03
YLLCORNER 2.8990025000e+05
CELLSIZE 5.0000000000e-01
NODATA_VALUE -9.9990000000e+03
[rows 40 to 59 of 100, columns 46 to 91 of 100]
6.6716302490e+02 6.6722198486e+02 6.6726202393e+02 6.6732299805e+02 6.6748199463e+02 6.6787298584e+02 6.6831402588e+02 6.6865399170e+02 6.6896899414e+02 6.6932202148e+02 6.6971899414e+02 6.7023602295e+02 6.7076202393e+02 6.7121002197e+02 6.7153802490e+02 6.7184698486e+02 6.7217498779e+02 6.7248999023e+02 6.7278900146e+02 6.7309497070e+02 6.7338000488e+02 6.7365301514e+02 6.7390197754e+02 6.7415100098e+02 6.7441101074e+02 6.7466302490e+02 6.7489099121e+02 6.7509197998e+02 6.7525000000e+02 6.7540197754e+02 6.7556298828e+02 6.7577099609e+02 6.7601397705e+02 6.7626397705e+02 6.7649597168e+02 6.7672802734e+02 6.7698199463e+02 6.7723498535e+02 6.7747601318e+02 6.7771398926e+02 6.7794897461e+02 6.7817401123e+02 6.7839300537e+02 6.7861199951e+02 6.7884002686e+02 6.7908502197e+02
6.6714801025e+02 6.6717901611e+02 6.6730200195e+02 6.6757202148e+02 6.6794097900e+02 6.6837500000e+02 6.6876202393e+02 6.6902398682e+02 6.6937097168e+02 6.6981500244e+02 6.7023901367e+02 6.7067797852e+02 6.7108300781e+02 6.7143597412e+02 6.7173400879e+02 6.7202801514e+02 6.7233398438e+02 6.7263299561e+02 6.7292297363e+02 6.7320397949e+02 6.7347601318e+02 6.7373400879e+02 6.7397802734e+02 6.7421600342e+02 6.7446398926e+02 6.7471099854e+02 6.7496301270e+02 6.7517700195e+02 6.7535302734e+02 6.7551300049e+02 6.7566699219e+02 6.7586700439e+02 6.7610998535e+02 6.7636602783e+02 6.7659301758e+02 6.7681402588e+02 6.7707000732e+02 6.7733099365e+02 6.7758099365e+02 6.7779101563e+02 6.7798901367e+02 6.7820898438e+02 6.7843798828e+02 6.7865100098e+02 6.7887902832e+02 6.7913598633e+02
6.6713201904e+02 6.6724700928e+02 6.6759002686e+02 6.6811199951e+02 6.6857501221e+02 6.6894897461e+02 6.6923101807e+02 6.6950097656e+02 6.6992102051e+02 6.7040002441e+02 6.7074597168e+02 6.7106201172e+02 6.7136602783e+02 6.7163702393e+02 6.7190802002e+02 6.7220599365e+02 6.7248901367e+02 6.7276898193e+02 6.7304199219e+02 6.7330902100e+02 6.7356597900e+02 6.7381097412e+02 6.7404302979e+02 6.7427197266e+02 6.7451300049e+02 6.7475402832e+02 6.7501300049e+02 6.7524298096e+02 6.7542297363e+02 6.7558697510e+02 6.7574499512e+02 6.7594299316e+02 6.7618798828e+02 6.7644598389e+02 6.7668402100e+02 6.7690802002e+02 6.7716198730e+02 6.7742401123e+02 6.7767199707e+02 6.7785101318e+02 6.7802899170e+02 6.7824298096e+02 6.7848901367e+02 6.7870001221e+02 6.7891101074e+02 6.7915399170e+02
6.6724902344e+02 6.6757501221e+02 6.6815002441e+02 6.6872601318e+02 6.6910797119e+02 6.6936798096e+02 6.6957800293e+02 6.6994500732e+02 6.7042297363e+02 6.7082202148e+02 6.7106597900e+02 6.7133197021e+02 6.7158398438e+02 6.7181597900e+02 6.7207501221e+02 6.7236602783e+02 6.7262799072e+02 6.7288800049e+02 6.7314801025e+02 6.7340502930e+02 6.7364898682e+02 6.7388000488e+02 6.7409997559e+02 6.7432202148e+02 6.7455297852e+02 6.7478802490e+02 6.7504498291e+02 6.7528002930e+02 6.7546600342e+02 6.7563702393e+02 6.7580200195e+02 6.7599902344e+02 6.7624499512e+02 6.7650701904e+02 6.7675598145e+02 6.7698498535e+02 6.7723797607e+02 6.7750000000e+02 6.7774102783e+02 6.7790502930e+02 6.7807598877e+02 6.7828997803e+02 6.7854199219e+02 6.7874102783e+02 6.7893200684e+02 6.7915997314e+02
6.6766497803e+02 6.6820300293e+02 6.6890301514e+02 6.6933398438e+02 6.6955999756e+02 6.6967498779e+02 6.6983898926e+02 6.7027398682e+02 6.7073199463e+02 6.7102697754e+02 6.7120800781e+02 6.7148297119e+02 6.7175201416e+02 6.7200799561e+02 6.7226800537e+02 6.7250201416e+02 6.7274499512e+02 6.7298901367e+02 6.7324200439e+02 6.7349700928e+02 6.7372998047e+02 6.7395202637e+02 6.7415502930e+02 6.7436700439e+02 6.7458898926e+02 6.7481298828e+02 6.7503399658e+02 6.7527301025e+02 6.7547198486e+02 6.7566802979e+02 6.7585498047e+02 6.7605700684e+02 6.7629699707e+02 6.7654699707e+02 6.7678802490e+02 6.7703497314e+02 6.7729498291e+02 6.7755902100e+02 6.7778698730e+02 6.7797100830e+02 6.7815600586e+02 6.7836602783e+02 6.7859698486e+02 6.7876702881e+02 6.7894702148e+02 6.7918298340e+02
6.6832098389e+02 6.6884197998e+02 6.6932800293e+02 6.6967700195e+02 6.6991497803e+02 6.7004400635e+02 6.7026300049e+02 6.7062402344e+02 6.7096697998e+02 6.7120800781e+02 6.7142401123e+02 6.7167199707e+02 6.7192700195e+02 6.7218200684e+02 6.7240802002e+02 6.7262597656e+02 6.7285797119e+02 6.7309197998e+02 6.7333697510e+02 6.7358300781e+02 6.7381097412e+02 6.7402697754e+02 6.7422198486e+02 6.7442498779e+02 6.7463598633e+02 6.7484698486e+02 6.7505603027e+02 6.7526300049e+02 6.7547399902e+02 6.7569097900e+02 6.7591497803e+02 6.7614300537e+02 6.7636700439e+02 6.7659100342e+02 6.7681701660e+02 6.7705999756e+02 6.7733197021e+02 6.7759497070e+02 6.7782202148e+02 6.7801702881e+02 6.7820599365e+02 6.7840301514e+02 6.7860400391e+02 6.7881500244e+02 6.7900598145e+02 6.7922399902e+02
6.6887402344e+02 6.6929498291e+02 6.6965399170e+02 6.6999700928e+02 6.7025897217e+02 6.7044201660e+02 6.7070001221e+02 6.7098699951e+02 6.7125299072e+02 6.7146997070e+02 6.7167498779e+02 6.7187200928e+02 6.7208300781e+02 6.7230798340e+02 6.7252502441e+02 6.7273699951e+02 6.7295800781e+02 6.7318597412e+02 6.7342700195e+02 6.7366601563e+02 6.7388598633e+02 6.7409497070e+02 6.7428601074e+02 6.7447998047e+02 6.7468103027e+02 6.7488201904e+02 6.7507897949e+02 6.7528497314e+02 6.7550097656e+02 6.7572497559e+02 6.7597302246e+02 6.7621197510e+02 6.7642700195e+02 6.7663897705e+02 6.7684802246e+02 6.7708599854e+02 6.7735302734e+02 6.7761199951e+02 6.7783697510e+02 6.7802801514e+02 6.7820697021e+02 6.7839099121e+02 6.7857299805e+02 6.7880401611e+02 6.7902899170e+02 6.7923901367e+02
6.6926300049e+02 6.6960400391e+02 6.6993402100e+02 6.7026202393e+02 6.7050500488e+02 6.7071502686e+02 6.7100500488e+02 6.7126898193e+02 6.7150799561e+02 6.7171099854e+02 6.7189300537e+02 6.7205297852e+02 6.7222698975e+02 6.7241900635e+02 6.7262200928e+02 6.7283099365e+02 6.7304602051e+02 6.7327001953e+02 6.7351300049e+02 6.7374401855e+02 6.7395501709e+02 6.7415600586e+02 6.7434301758e+02 6.7453100586e+02 6.7472100830e+02 6.7491198730e+02 6.7510198975e+02 6.7530902100e+02 6.7552899170e+02 6.7575897217e+02 6.7602001953e+02 6.7626098633e+02 6.7646997070e+02 6.7667498779e+02 6.7687701416e+02 6.7710797119e+02 6.7736602783e+02 6.7761798096e+02 6.7784002686e+02 6.7801702881e+02 6.7818200684e+02 6.7835302734e+02 6.7851898193e+02 6.7872497559e+02 6.7897302246e+02 6.7920202637e+02
6.6955297852e+02 6.6986102295e+02 6.7018499756e+02 6.7044201660e+02 6.7066302490e+02 6.7090802002e+02 6.7119897461e+02 6.7145898438e+02 6.7166998291e+02 6.7185198975e+02 6.7202899170e+02 6.7219500732e+02 6.7235101318e+02 6.7251800537e+02 6.7269396973e+02 6.7289801025e+02 6.7311999512e+02 6.7335900879e+02 6.7361602783e+02 6.7382397461e+02 6.7402502441e+02 6.7421301270e+02 6.7439001465e+02 6.7457000732e+02 6.7475299072e+02 6.7493701172e+02 6.7512200928e+02 6.7533398438e+02 6.7555700684e+02 6.7579199219e+02 6.7605401611e+02 6.7628198242e+02 6.7648498535e+02 6.7668701172e+02 6.7688897705e+02 6.7712701416e+02 6.7737500000e+02 6.7761798096e+02 6.7783801270e+02 6.7799798584e+02 6.7814599609e+02 6.7830902100e+02 6.7847399902e+02 6.7866802979e+02 6.7892401123e+02 6.7917602539e+02
6.6979998779e+02 6.7005902100e+02 6.7032098389e+02 6.7056799316e+02 6.7081201172e+02 6.7106597900e+02 6.7132202148e+02 6.7154901123e+02 6.7174401855e+02 6.7191900635e+02 6.7209802246e+02 6.7228100586e+02 6.7245098877e+02 6.7261499023e+02 6.7278399658e+02 6.7297601318e+02 6.7320300293e+02 6.7345098877e+02 6.7369000244e+02 6.7388897705e+02 6.7407397461e+02 6.7425097656e+02 6.7442498779e+02 6.7460302734e+02 6.7478399658e+02 6.7496600342e+02 6.7515002441e+02 6.7535699463e+02 6.7557397461e+02 6.7580200195e+02 6.7603900146e+02 6.7625402832e+02 6.7646099854e+02 6.7667602539e+02 6.7690197754e+02 6.7715100098e+02 6.7740100098e+02 6.7762902832e+02 6.7781597900e+02 6.7797100830e+02 6.7812597656e+02 6.7829699707e+02 6.7847302246e+02 6.7865600586e+02 6.7886798096e+02 6.7907501221e+02
6.7000500488e+02 6.7021099854e+02 6.7043701172e+02 6.7068798828e+02 6.7093103027e+02 6.7117401123e+02 6.7141101074e+02 6.7162200928e+02 6.7180700684e+02 6.7197998047e+02 6.7216497803e+02 6.7236297607e+02 6.7254199219e+02 6.7270898438e+02 6.7287701416e+02 6.7306597900e+02 6.7328399658e+02 6.7351800537e+02 6.7373797607e+02 6.7392297363e+02 6.7409997559e+02 6.7427502441e+02 6.7445800781e+02 6.7464001465e+02 6.7481799316e+02 6.7499597168e+02 6.7517401123e+02 6.7536798096e+02 6.7557501221e+02 6.7579302979e+02 6.7601098633e+02 6.7621697998e+02 6.7643200684e+02 6.7666101074e+02 6.7691198730e+02 6.7718298340e+02 6.7743701172e+02 6.7765600586e+02 6.7782098389e+02 6.7797497559e+02 6.7813098145e+02 6.7830603027e+02 6.7849798584e+02 6.7867199707e+02 6.7883898926e+02 6.7900701904e+02
6.7020300293e+02 6.7036602783e+02 6.7055603027e+02 6.7079302979e+02 6.7102502441e+02 6.7125201416e+02 6.7147497559e+02 6.7168402100e+02 6.7187402344e+02 6.7205700684e+02 6.7224700928e+02 6.7245001221e+02 6.7263500977e+02 6.7280603027e+02 6.7297198486e+02 6.7315002441e+02 6.7335101318e+02 6.7356500244e+02 6.7376702881e+02 6.7394598389e+02 6.7412097168e+02 6.7429901123e+02 6.7449200439e+02 6.7467498779e+02 6.7484997559e+02 6.7502502441e+02 6.7519500732e+02 6.7537298584e+02 6.7556701660e+02 6.7577301025e+02 6.7597698975e+02 6.7617901611e+02 6.7640100098e+02 6.7664300537e+02 6.7691802979e+02 6.7721099854e+02 6.7746997070e+02 6.7768402100e+02 6.7784600830e+02 6.7799597168e+02 6.7814202881e+02 6.7831701660e+02 6.7853100586e+02 6.7871697998e+02 6.7887701416e+02 6.7901800537e+02
6.7037097168e+02 6.7051800537e+02 6.7068499756e+02 6.7088598633e+02 6.7109600830e+02 6.7131097412e+02 6.7152899170e+02 6.7174499512e+02 6.7196099854e+02 6.7216802979e+02 6.7238201904e+02 6.7256402588e+02 6.7274700928e+02 6.7291400146e+02 6.7307202148e+02 6.7322802734e+02 6.7340399170e+02 6.7358801270e+02 6.7375799561e+02 6.7395898438e+02 6.7414801025e+02 6.7433599854e+02 6.7453198242e+02 6.7471697998e+02 6.7488897705e+02 6.7505603027e+02 6.7521801758e+02 6.7537902832e+02 6.7555798340e+02 6.7574798584e+02 6.7595397949e+02 6.7615301514e+02 6.7638000488e+02 6.7663201904e+02 6.7692797852e+02 6.7723999023e+02 6.7750097656e+02 6.7770501709e+02 6.7784301758e+02 6.7798901367e+02 6.7813299561e+02 6.7831201172e+02 6.7852502441e+02 6.7875799561e+02 6.7894097900e+02 6.7907800293e+02
6.7046801758e+02 6.7061602783e+02 6.7077600098e+02 6.7096197510e+02 6.7116302490e+02 6.7137500000e+02 6.7159899902e+02 6.7182098389e+02 6.7204498291e+02 6.7226599121e+02 6.7248699951e+02 6.7268701172e+02 6.7285101318e+02 6.7299499512e+02 6.7313397217e+02 6.7329602051e+02 6.7345501709e+02 6.7361700439e+02 6.7380102539e+02 6.7400598145e+02 6.7420202637e+02 6.7439202881e+02 6.7457397461e+02 6.7475000000e+02 6.7491101074e+02 6.7506402588e+02 6.7521997070e+02 6.7538397217e+02 6.7555102539e+02 6.7573199463e+02 6.7592999268e+02 6.7614398193e+02 6.7637200928e+02 6.7662200928e+02 6.7690399170e+02 6.7721301270e+02 6.7746801758e+02 6.7765899658e+02 6.7778302002e+02 6.7793402100e+02 6.7812799072e+02 6.7834802246e+02 6.7858099365e+02 6.7881799316e+02 6.7898101807e+02 6.7910797119e+02
6.7056701660e+02 6.7070599365e+02 6.7085900879e+02 6.7103698730e+02 6.7123101807e+02 6.7143597412e+02 6.7165997314e+02 6.7188702393e+02 6.7210900879e+02 6.7232897949e+02 6.7256298828e+02 6.7277099609e+02 6.7292401123e+02 6.7305499268e+02 6.7319097900e+02 6.7336901855e+02 6.7353002930e+02 6.7368798828e+02 6.7386297607e+02 6.7405999756e+02 6.7424499512e+02 6.7442498779e+02 6.7459997559e+02 6.7476501465e+02 6.7491497803e+02 6.7505700684e+02 6.7520898438e+02 6.7536798096e+02 6.7552502441e+02 6.7569897461e+02 6.7589801025e+02 6.7611999512e+02 6.7634899902e+02 6.7659197998e+02 6.7684899902e+02 6.7711901855e+02 6.7736199951e+02 6.7755902100e+02 6.7769702148e+02 6.7788201904e+02 6.7813098145e+02 6.7839599609e+02 6.7864099121e+02 6.7885699463e+02 6.7900000000e+02 6.7913500977e+02
6.7064801025e+02 6.7078302002e+02 6.7093499756e+02 6.7110797119e+02 6.7129400635e+02 6.7149102783e+02 6.7171002197e+02 6.7193200684e+02 6.7214801025e+02 6.7236297607e+02 6.7259698486e+02 6.7280700684e+02 6.7295898438e+02 6.7309497070e+02 6.7324102783e+02 6.7344097900e+02 6.7361700439e+02 6.7377801514e+02 6.7393798828e+02 6.7410900879e+02 6.7427600098e+02 6.7444396973e+02 6.7461602783e+02 6.7477600098e+02 6.7491802979e+02 6.7504998779e+02 6.7519097900e+02 6.7533898926e+02 6.7548901367e+02 6.7565899658e+02 6.7585699463e+02 6.7608099365e+02 6.7630499268e+02 6.7653900146e+02 6.7677600098e+02 6.7700598145e+02 6.7723901367e+02 6.7744897461e+02 6.7761401367e+02 6.7783099365e+02 6.7811700439e+02 6.7840100098e+02 6.7863500977e+02 6.7881701660e+02 6.7896502686e+02 6.7914697266e+02
6.7069598389e+02 6.7084600830e+02 6.7100097656e+02 6.7117602539e+02 6.7135302734e+02 6.7154199219e+02 6.7172497559e+02 6.7193499756e+02 6.7213000488e+02 6.7233801270e+02 6.7254797363e+02 6.7278601074e+02 6.7296398926e+02 6.7312902832e+02 6.7330102539e+02 6.7350402832e+02 6.7370898438e+02 6.7388098145e+02 6.7402801514e+02 6.7415997314e+02 6.7429901123e+02 6.7445501709e+02 6.7463299561e+02 6.7479400635e+02 6.7493298340e+02 6.7505603027e+02 6.7517700195e+02 6.7530603027e+02 6.7545098877e+02 6.7561798096e+02 6.7580798340e+02 6.7602099609e+02 6.7624401855e+02 6.7647399902e+02 6.7670300293e+02 6.7691302490e+02 6.7714001465e+02 6.7736401367e+02 6.7755700684e+02 6.7777697754e+02 6.7805499268e+02 6.7832098389e+02 6.7852301025e+02 6.7871801758e+02 6.7892401123e+02 6.7918701172e+02
6.7076202393e+02 6.7092102051e+02 6.7108001709e+02 6.7125402832e+02 6.7142999268e+02 6.7160797119e+02 6.7177001953e+02 6.7192999268e+02 6.7210400391e+02 6.7229101563e+02 6.7250799561e+02 6.7275097656e+02 6.7296899414e+02 6.7316497803e+02 6.7333801270e+02 6.7355102539e+02 6.7378601074e+02 6.7397900391e+02 6.7410601807e+02 6.7421600342e+02 6.7433398438e+02 6.7448101807e+02 6.7466400146e+02 6.7483099365e+02 6.7496099854e+02 6.7506500244e+02 6.7515899658e+02 6.7527099609e+02 6.7540197754e+02 6.7555999756e+02 6.7573999023e+02 6.7593103027e+02 6.7614599609e+02 6.7637402344e+02 6.7660101318e+02 6.7682202148e+02 6.7705999756e+02 6.7729602051e+02 6.7750402832e+02 6.7771301270e+02 6.7796600342e+02 6.7821600342e+02 6.7843701172e+02 6.7865600586e+02 6.7891198730e+02 6.7922198486e+02
6.7083099365e+02 6.7099401855e+02 6.7115600586e+02 6.7132702637e+02 6.7150201416e+02 6.7167199707e+02 6.7181799316e+02 6.7195397949e+02 6.7210699463e+02 6.7227301025e+02 6.7246197510e+02 6.7270300293e+02 6.7293902588e+02 6.7315301514e+02 6.7333801270e+02 6.7355499268e+02 6.7379797363e+02 6.7400201416e+02 6.7412902832e+02 6.7422601318e+02 6.7433898926e+02 6.7448297119e+02 6.7466802979e+02 6.7483099365e+02 6.7494799805e+02 6.7503900146e+02 6.7512200928e+02 6.7522302246e+02 6.7534497070e+02 6.7549798584e+02 6.7567199707e+02 6.7585101318e+02 6.7605999756e+02 6.7628802490e+02 6.7651702881e+02 6.7672998047e+02 6.7697698975e+02 6.7722802734e+02 6.7745001221e+02 6.7766601563e+02 6.7791900635e+02 6.7816497803e+02 6.7838897705e+02 6.7861901855e+02 6.7889099121e+02 6.7919897461e+02
6.7089300537e+02 6.7105603027e+02 6.7122100830e+02 6.7139501953e+02 6.7156799316e+02 6.7173297119e+02 6.7186798096e+02 6.7198498535e+02 6.7211901855e+02 6.7226397705e+02 6.7242102051e+02 6.7264501953e+02 6.7288598633e+02 6.7310601807e+02 6.7329901123e+02 6.7351000977e+02 6.7374401855e+02 6.7394702148e+02 6.7408398438e+02 6.7418902588e+02 6.7430499268e+02 6.7445202637e+02 6.7463500977e+02 6.7478399658e+02 6.7489501953e+02 6.7498498535e+02 6.7506597900e+02 6.7516699219e+02 6.7529101563e+02 6.7545001221e+02 6.7563098145e+02 6.7581701660e+02 6.7602801514e+02 6.7626000977e+02 6.7649298096e+02 6.7669000244e+02 6.7692797852e+02 6.7718200684e+02 6.7741400146e+02 6.7765301514e+02 6.7791101074e+02 6.7815100098e+02 6.7836401367e+02 6.7861102295e+02 6.7890600586e+02 6.7920599365e+02
