TESTSERVER/12/1.asc
NCOLS 100
NROWS 100
XLLCORNER 8.0997500000e+03
YLLCORNER 2.8990025000e+05
CELLSIZE 5.0000000000e-01
NODATA_VALUE -9.9990000000e+03
[rows 80 to 99 of 100, columns 46 to 91 of 100]
6.7029199219e+02 6.7039300537e+02 6.7052899170e+02 6.7069299316e+02 6.7080902100e+02 6.7093499756e+02 6.7112200928e+02 6.7131500244e+02 6.7145800781e+02 6.7157501221e+02 6.7171099854e+02 6.7186999512e+02 6.7205401611e+02 6.7221398926e+02 6.7233300781e+02 6.7249597168e+02 6.7266101074e+02 6.7280401611e+02 6.7296002197e+02 6.7312597656e+02 6.7331298828e+02 6.7353198242e+02 6.7370898438e+02 6.7387799072e+02 6.7403302002e+02 6.7418597412e+02 6.7436999512e+02 6.7456097412e+02 6.7476000977e+02 6.7496801758e+02 6.7518798828e+02 6.7544201660e+02 6.7565301514e+02 6.7584600830e+02 6.7605603027e+02 6.7627899170e+02 6.7647497559e+02 6.7665997314e+02 6.7683502197e+02 6.7700799561e+02 6.7719897461e+02 6.7740502930e+02 6.7761901855e+02 6.7781500244e+02 6.7801000977e+02 6.7817401123e+02
6.7030102539e+02 6.7038098145e+02 6.7047601318e+02 6.7060498047e+02 6.7072399902e+02 6.7086102295e+02 6.7106298828e+02 6.7126599121e+02 6.7140997314e+02 6.7153399658e+02 6.7165002441e+02 6.7178601074e+02 6.7195202637e+02 6.7210998535e+02 6.7223498535e+02 6.7242999268e+02 6.7261999512e+02 6.7277301025e+02 6.7292602539e+02 6.7304699707e+02 6.7318798828e+02 6.7341198730e+02 6.7360601807e+02 6.7376300049e+02 6.7391699219e+02 6.7408001709e+02 6.7428900146e+02 6.7450799561e+02 6.7472302246e+02 6.7489398193e+02 6.7510601807e+02 6.7540197754e+02 6.7563702393e+02 6.7584197998e+02 6.7603900146e+02 6.7626000977e+02 6.7648400879e+02 6.7668798828e+02 6.7685601807e+02 6.7701501465e+02 6.7719598389e+02 6.7738897705e+02 6.7757501221e+02 6.7775598145e+02 6.7795898438e+02 6.7812500000e+02
6.7029302979e+02 6.7038397217e+02 6.7046398926e+02 6.7057299805e+02 6.7068298340e+02 6.7080102539e+02 6.7097998047e+02 6.7115399170e+02 6.7129901123e+02 6.7143701172e+02 6.7156597900e+02 6.7169702148e+02 6.7185400391e+02 6.7201000977e+02 6.7214202881e+02 6.7234100342e+02 6.7254901123e+02 6.7272302246e+02 6.7288397217e+02 6.7300500488e+02 6.7313098145e+02 6.7330700684e+02 6.7348199463e+02 6.7365399170e+02 6.7383898926e+02 6.7403698730e+02 6.7422998047e+02 6.7443402100e+02 6.7468499756e+02 6.7486602783e+02 6.7504998779e+02 6.7533697510e+02 6.7557501221e+02 6.7579602051e+02 6.7601599121e+02 6.7626202393e+02 6.7650500488e+02 6.7671997070e+02 6.7688397217e+02 6.7703302002e+02 6.7720300293e+02 6.7738000488e+02 6.7755700684e+02 6.7772302246e+02 6.7790399170e+02 6.7806799316e+02
6.7022998047e+02 6.7034197998e+02 6.7044799805e+02 6.7056896973e+02 6.7067401123e+02 6.7076702881e+02 6.7091699219e+02 6.7106597900e+02 6.7120202637e+02 6.7134497070e+02 6.7149401855e+02 6.7162597656e+02 6.7177099609e+02 6.7192199707e+02 6.7206097412e+02 6.7224700928e+02 6.7245800781e+02 6.7264599609e+02 6.7281097412e+02 6.7294201660e+02 6.7307702637e+02 6.7323297119e+02 6.7339300537e+02 6.7357598877e+02 6.7377801514e+02 6.7399798584e+02 6.7418103027e+02 6.7436199951e+02 6.7465301514e+02 6.7488500977e+02 6.7504901123e+02 6.7527001953e+02 6.7549798584e+02 6.7573498535e+02 6.7599200439e+02 6.7626599121e+02 6.7652197266e+02 6.7673901367e+02 6.7689501953e+02 6.7704199219e+02 6.7720898438e+02 6.7737701416e+02 6.7753997803e+02 6.7767498779e+02 6.7782800293e+02 6.7799102783e+02
6.7015002441e+02 6.7026898193e+02 6.7040600586e+02 6.7054602051e+02 6.7064801025e+02 6.7073901367e+02 6.7089099121e+02 6.7103497314e+02 6.7116497803e+02 6.7131097412e+02 6.7147900391e+02 6.7160900879e+02 6.7173101807e+02 6.7186297607e+02 6.7201501465e+02 6.7219201660e+02 6.7238800049e+02 6.7256701660e+02 6.7271801758e+02 6.7283697510e+02 6.7299499512e+02 6.7316802979e+02 6.7335400391e+02 6.7354302979e+02 6.7373199463e+02 6.7393597412e+02 6.7411901855e+02 6.7431201172e+02 6.7458599854e+02 6.7484002686e+02 6.7503399658e+02 6.7521301270e+02 6.7543402100e+02 6.7569299316e+02 6.7597900391e+02 6.7626300049e+02 6.7651202393e+02 6.7671301270e+02 6.7687402344e+02 6.7702697754e+02 6.7719897461e+02 6.7736602783e+02 6.7751397705e+02 6.7763800049e+02 6.7777801514e+02 6.7794598389e+02
6.7012298584e+02 6.7024102783e+02 6.7037097168e+02 6.7050500488e+02 6.7060699463e+02 6.7070697021e+02 6.7084802246e+02 6.7098400879e+02 6.7112902832e+02 6.7131500244e+02 6.7151898193e+02 6.7164599609e+02 6.7173498535e+02 6.7184997559e+02 6.7200701904e+02 6.7217901611e+02 6.7236297607e+02 6.7253997803e+02 6.7269799805e+02 6.7282897949e+02 6.7298101807e+02 6.7313800049e+02 6.7332098389e+02 6.7352697754e+02 6.7369396973e+02 6.7385900879e+02 6.7403997803e+02 6.7426202393e+02 6.7453198242e+02 6.7475897217e+02 6.7495697021e+02 6.7516900635e+02 6.7541900635e+02 6.7567999268e+02 6.7595397949e+02 6.7623297119e+02 6.7646600342e+02 6.7664697266e+02 6.7679302979e+02 6.7695001221e+02 6.7713098145e+02 6.7730603027e+02 6.7745098877e+02 6.7758697510e+02 6.7772900391e+02 6.7789599609e+02
6.7009698486e+02 6.7022302246e+02 6.7034002686e+02 6.7045800781e+02 6.7056701660e+02 6.7067999268e+02 6.7080200195e+02 6.7094000244e+02 6.7109802246e+02 6.7129602051e+02 6.7149597168e+02 6.7161999512e+02 6.7171301270e+02 6.7184301758e+02 6.7201397705e+02 6.7217999268e+02 6.7235900879e+02 6.7253302002e+02 6.7269201660e+02 6.7283801270e+02 6.7298498535e+02 6.7312597656e+02 6.7327697754e+02 6.7346997070e+02 6.7363598633e+02 6.7379901123e+02 6.7397100830e+02 6.7420202637e+02 6.7447698975e+02 6.7469598389e+02 6.7489599609e+02 6.7515002441e+02 6.7541198730e+02 6.7565600586e+02 6.7590502930e+02 6.7617297363e+02 6.7639697266e+02 6.7657702637e+02 6.7671398926e+02 6.7685101318e+02 6.7702197266e+02 6.7719500732e+02 6.7734399414e+02 6.7751702881e+02 6.7767498779e+02 6.7783197021e+02
6.7008398438e+02 6.7021502686e+02 6.7032299805e+02 6.7041802979e+02 6.7053002930e+02 6.7064398193e+02 6.7074902344e+02 6.7088299561e+02 6.7102301025e+02 6.7119201660e+02 6.7137200928e+02 6.7150897217e+02 6.7162902832e+02 6.7179498291e+02 6.7200097656e+02 6.7218298340e+02 6.7237200928e+02 6.7253997803e+02 6.7268701172e+02 6.7283197021e+02 6.7296398926e+02 6.7309301758e+02 6.7322698975e+02 6.7338500977e+02 6.7355999756e+02 6.7374700928e+02 6.7391802979e+02 6.7414300537e+02 6.7442797852e+02 6.7465600586e+02 6.7485101318e+02 6.7510900879e+02 6.7536999512e+02 6.7560400391e+02 6.7583502197e+02 6.7608801270e+02 6.7631500244e+02 6.7650799561e+02 6.7666601563e+02 6.7678497314e+02 6.7692999268e+02 6.7709002686e+02 6.7724902344e+02 6.7745397949e+02 6.7762902832e+02 6.7777600098e+02
6.7010601807e+02 6.7020599365e+02 6.7030401611e+02 6.7040100098e+02 6.7051202393e+02 6.7060498047e+02 6.7069897461e+02 6.7082202148e+02 6.7093798828e+02 6.7107800293e+02 6.7124499512e+02 6.7138500977e+02 6.7151397705e+02 6.7169396973e+02 6.7193597412e+02 6.7219097900e+02 6.7240399170e+02 6.7256201172e+02 6.7268402100e+02 6.7281298828e+02 6.7293902588e+02 6.7308898926e+02 6.7324401855e+02 6.7335498047e+02 6.7351300049e+02 6.7370001221e+02 6.7387402344e+02 6.7407598877e+02 6.7436602783e+02 6.7462701416e+02 6.7482202148e+02 6.7504699707e+02 6.7528900146e+02 6.7552301025e+02 6.7576300049e+02 6.7598699951e+02 6.7622198486e+02 6.7645098877e+02 6.7669299316e+02 6.7677502441e+02 6.7687402344e+02 6.7701702881e+02 6.7718402100e+02 6.7735797119e+02 6.7755700684e+02 6.7773297119e+02
6.7008599854e+02 6.7014501953e+02 6.7022100830e+02 6.7035198975e+02 6.7049200439e+02 6.7058300781e+02 6.7065997314e+02 6.7076501465e+02 6.7088500977e+02 6.7101800537e+02 6.7117498779e+02 6.7130297852e+02 6.7142797852e+02 6.7160601807e+02 6.7185699463e+02 6.7216601563e+02 6.7240600586e+02 6.7255798340e+02 6.7267498779e+02 6.7279901123e+02 6.7292297363e+02 6.7307702637e+02 6.7324401855e+02 6.7337402344e+02 6.7349798584e+02 6.7365802002e+02 6.7383697510e+02 6.7402301025e+02 6.7427099609e+02 6.7453601074e+02 6.7475097656e+02 6.7498602295e+02 6.7521197510e+02 6.7542602539e+02 6.7564398193e+02 6.7586499023e+02 6.7610400391e+02 6.7635198975e+02 6.7660498047e+02 6.7672399902e+02 6.7681201172e+02 6.7695300293e+02 6.7712597656e+02 6.7729797363e+02 6.7748199463e+02 6.7766400146e+02
6.7003399658e+02 6.7009100342e+02 6.7016400146e+02 6.7028900146e+02 6.7044097900e+02 6.7056896973e+02 6.7066601563e+02 6.7076000977e+02 6.7087097168e+02 6.7097601318e+02 6.7110601807e+02 6.7123901367e+02 6.7138800049e+02 6.7158099365e+02 6.7181402588e+02 6.7211297607e+02 6.7234899902e+02 6.7250799561e+02 6.7263299561e+02 6.7275701904e+02 6.7288000488e+02 6.7302398682e+02 6.7318499756e+02 6.7334698486e+02 6.7349401855e+02 6.7365399170e+02 6.7382598877e+02 6.7400402832e+02 6.7421899414e+02 6.7444897461e+02 6.7465899658e+02 6.7490301514e+02 6.7511602783e+02 6.7531500244e+02 6.7554498291e+02 6.7576800537e+02 6.7599401855e+02 6.7622900391e+02 6.7647100830e+02 6.7662402344e+02 6.7674597168e+02 6.7689501953e+02 6.7707000732e+02 6.7724700928e+02 6.7743701172e+02 6.7761798096e+02
6.6996801758e+02 6.7005102539e+02 6.7013897705e+02 6.7024200439e+02 6.7036499023e+02 6.7049700928e+02 6.7061798096e+02 6.7071502686e+02 6.7083502197e+02 6.7094097900e+02 6.7106298828e+02 6.7120599365e+02 6.7136901855e+02 6.7156799316e+02 6.7177899170e+02 6.7203601074e+02 6.7225402832e+02 6.7242297363e+02 6.7257098389e+02 6.7270898438e+02 6.7284497070e+02 6.7298101807e+02 6.7310400391e+02 6.7327697754e+02 6.7346697998e+02 6.7365002441e+02 6.7382598877e+02 6.7401898193e+02 6.7422302246e+02 6.7441699219e+02 6.7459399414e+02 6.7483099365e+02 6.7503002930e+02 6.7522698975e+02 6.7547601318e+02 6.7569799805e+02 6.7590399170e+02 6.7611700439e+02 6.7633502197e+02 6.7652801514e+02 6.7669598389e+02 6.7686297607e+02 6.7703198242e+02 6.7720599365e+02 6.7739801025e+02 6.7756799316e+02
6.6988397217e+02 6.6998199463e+02 6.7008197021e+02 6.7018798828e+02 6.7028399658e+02 6.7039099121e+02 6.7050500488e+02 6.7062500000e+02 6.7076599121e+02 6.7090899658e+02 6.7104998779e+02 6.7118298340e+02 6.7132897949e+02 6.7149298096e+02 6.7166900635e+02 6.7191900635e+02 6.7214099121e+02 6.7233599854e+02 6.7250402832e+02 6.7266302490e+02 6.7283001709e+02 6.7297302246e+02 6.7308502197e+02 6.7324902344e+02 6.7343798828e+02 6.7362500000e+02 6.7382397461e+02 6.7402502441e+02 6.7421899414e+02 6.7440100098e+02 6.7458898926e+02 6.7479101563e+02 6.7497198486e+02 6.7517102051e+02 6.7542901611e+02 6.7563098145e+02 6.7582299805e+02 6.7602197266e+02 6.7623199463e+02 6.7646197510e+02 6.7667999268e+02 6.7686297607e+02 6.7700897217e+02 6.7716198730e+02 6.7733197021e+02 6.7747900391e+02
6.6978601074e+02 6.6987701416e+02 6.6999499512e+02 6.7011602783e+02 6.7022198486e+02 6.7034197998e+02 6.7047497559e+02 6.7058502197e+02 6.7072100830e+02 6.7089300537e+02 6.7106597900e+02 6.7117901611e+02 6.7128900146e+02 6.7141101074e+02 6.7155999756e+02 6.7177600098e+02 6.7201800537e+02 6.7225701904e+02 6.7245800781e+02 6.7261401367e+02 6.7278900146e+02 6.7295202637e+02 6.7309301758e+02 6.7328497314e+02 6.7348602295e+02 6.7365698242e+02 6.7383502197e+02 6.7402697754e+02 6.7420697021e+02 6.7436798096e+02 6.7456597900e+02 6.7478302002e+02 6.7496002197e+02 6.7514898682e+02 6.7538098145e+02 6.7556597900e+02 6.7574597168e+02 6.7594299316e+02 6.7616601563e+02 6.7641998291e+02 6.7665997314e+02 6.7684899902e+02 6.7697399902e+02 6.7710998535e+02 6.7726898193e+02 6.7743597412e+02
6.6969897461e+02 6.6979797363e+02 6.6991198730e+02 6.7003399658e+02 6.7015899658e+02 6.7029498291e+02 6.7044000244e+02 6.7055700684e+02 6.7071899414e+02 6.7091400146e+02 6.7105999756e+02 6.7114801025e+02 6.7123901367e+02 6.7134899902e+02 6.7148901367e+02 6.7168200684e+02 6.7192602539e+02 6.7219000244e+02 6.7241400146e+02 6.7257098389e+02 6.7273400879e+02 6.7289697266e+02 6.7306701660e+02 6.7330499268e+02 6.7354699707e+02 6.7372698975e+02 6.7387298584e+02 6.7405102539e+02 6.7422900391e+02 6.7436499023e+02 6.7455200195e+02 6.7476702881e+02 6.7494500732e+02 6.7512799072e+02 6.7534600830e+02 6.7552899170e+02 6.7570599365e+02 6.7589898682e+02 6.7611999512e+02 6.7636798096e+02 6.7660101318e+02 6.7678802490e+02 6.7691900635e+02 6.7705603027e+02 6.7721697998e+02 6.7740399170e+02
6.6962701416e+02 6.6974597168e+02 6.6985498047e+02 6.6998901367e+02 6.7013098145e+02 6.7026501465e+02 6.7040002441e+02 6.7053100586e+02 6.7071600342e+02 6.7088897705e+02 6.7098699951e+02 6.7107202148e+02 6.7117199707e+02 6.7129498291e+02 6.7144201660e+02 6.7161102295e+02 6.7184100342e+02 6.7210302734e+02 6.7232598877e+02 6.7250500488e+02 6.7268298340e+02 6.7286199951e+02 6.7305102539e+02 6.7331201172e+02 6.7358502197e+02 6.7378497314e+02 6.7391101074e+02 6.7406402588e+02 6.7424597168e+02 6.7439202881e+02 6.7457501221e+02 6.7477099609e+02 6.7493298340e+02 6.7509600830e+02 6.7530700684e+02 6.7550500488e+02 6.7568499756e+02 6.7587200928e+02 6.7608898926e+02 6.7631097412e+02 6.7651800537e+02 6.7670098877e+02 6.7685400391e+02 6.7700799561e+02 6.7718298340e+02 6.7738800049e+02
6.6955700684e+02 6.6969799805e+02 6.6979602051e+02 6.6994897461e+02 6.7011798096e+02 6.7022998047e+02 6.7033099365e+02 6.7049597168e+02 6.7067602539e+02 6.7081097412e+02 6.7090600586e+02 6.7099798584e+02 6.7111401367e+02 6.7125097656e+02 6.7139697266e+02 6.7153900146e+02 6.7173699951e+02 6.7196502686e+02 6.7215600586e+02 6.7237200928e+02 6.7261798096e+02 6.7285998535e+02 6.7305999756e+02 6.7329901123e+02 6.7355999756e+02 6.7377502441e+02 6.7392901611e+02 6.7406500244e+02 6.7422802734e+02 6.7440802002e+02 6.7462701416e+02 6.7480999756e+02 6.7494201660e+02 6.7507098389e+02 6.7526397705e+02 6.7548297119e+02 6.7566998291e+02 6.7584698486e+02 6.7603900146e+02 6.7625402832e+02 6.7643597412e+02 6.7661297607e+02 6.7679101563e+02 6.7696099854e+02 6.7715002441e+02 6.7737500000e+02
6.6948602295e+02 6.6963598633e+02 6.6976202393e+02 6.6991900635e+02 6.7008001709e+02 6.7020898438e+02 6.7033801270e+02 6.7048602295e+02 6.7062701416e+02 6.7074298096e+02 6.7086102295e+02 6.7095098877e+02 6.7106597900e+02 6.7120501709e+02 6.7135900879e+02 6.7148498535e+02 6.7164801025e+02 6.7184600830e+02 6.7203802490e+02 6.7223602295e+02 6.7250402832e+02 6.7279998779e+02 6.7304901123e+02 6.7327502441e+02 6.7350799561e+02 6.7371899414e+02 6.7389801025e+02 6.7405102539e+02 6.7418701172e+02 6.7438702393e+02 6.7467199707e+02 6.7484497070e+02 6.7495098877e+02 6.7506097412e+02 6.7523101807e+02 6.7544799805e+02 6.7562902832e+02 6.7579101563e+02 6.7596301270e+02 6.7616400146e+02 6.7635302734e+02 6.7653601074e+02 6.7672698975e+02 6.7690899658e+02 6.7709197998e+02 6.7733502197e+02
6.6944097900e+02 6.6955999756e+02 6.6969598389e+02 6.6987097168e+02 6.7003399658e+02 6.7017297363e+02 6.7031896973e+02 6.7047802734e+02 6.7062097168e+02 6.7072399902e+02 6.7083502197e+02 6.7092498779e+02 6.7103302002e+02 6.7116601563e+02 6.7132202148e+02 6.7144598389e+02 6.7159399414e+02 6.7177600098e+02 6.7196801758e+02 6.7215197754e+02 6.7241302490e+02 6.7272698975e+02 6.7301800537e+02 6.7323602295e+02 6.7344299316e+02 6.7364501953e+02 6.7383599854e+02 6.7400701904e+02 6.7414300537e+02 6.7433599854e+02 6.7463500977e+02 6.7480297852e+02 6.7489697266e+02 6.7501501465e+02 6.7520898438e+02 6.7543597412e+02 6.7559997559e+02 6.7573699951e+02 6.7590100098e+02 6.7610400391e+02 6.7630102539e+02 6.7650799561e+02 6.7671899414e+02 6.7686798096e+02 6.7699700928e+02 6.7720697021e+02
6.6938897705e+02 6.6949401855e+02 6.6962799072e+02 6.6978198242e+02 6.6996398926e+02 6.7012902832e+02 6.7029101563e+02 6.7048797607e+02 6.7062597656e+02 6.7070898438e+02 6.7081500244e+02 6.7091900635e+02 6.7103100586e+02 6.7115502930e+02 6.7128802490e+02 6.7140802002e+02 6.7154302979e+02 6.7171502686e+02 6.7191400146e+02 6.7209698486e+02 6.7233898926e+02 6.7264697266e+02 6.7296301270e+02 6.7318298340e+02 6.7336999512e+02 6.7355902100e+02 6.7375201416e+02 6.7395898438e+02 6.7412500000e+02 6.7429998779e+02 6.7454400635e+02 6.7472198486e+02 6.7483599854e+02 6.7498999023e+02 6.7522497559e+02 6.7545300293e+02 6.7559497070e+02 6.7569897461e+02 6.7584002686e+02 6.7603302002e+02 6.7623797607e+02 6.7647601318e+02 6.7672900391e+02 6.7686401367e+02 6.7694201660e+02 6.7710498047e+02
