TESTSERVER/12/10.asc
NCOLS 100
NROWS 100
XLLCORNER 8.0997500000e+03
YLLCORNER 2.8945025000e+05
CELLSIZE 5.0000000000e-01
NODATA_VALUE -9.9990000000e+03
[rows 80 to 99 of 100, columns 46 to 91 of 100]
6.1120898438e+02 6.1121801758e+02 6.1124298096e+02 6.1128802490e+02 6.1131500244e+02 6.1134301758e+02 6.1136700439e+02 6.1142700195e+02 6.1146899414e+02 6.1153002930e+02 6.1160998535e+02 6.1169201660e+02 6.1177398682e+02 6.1187597656e+02 6.1195300293e+02 6.1203698730e+02 6.1213299561e+02 6.1222198486e+02 6.1229498291e+02 6.1237500000e+02 6.1246301270e+02 6.1254602051e+02 6.1264300537e+02 6.1274102783e+02 6.1283099365e+02 6.1293902588e+02 6.1303100586e+02 6.1311798096e+02 6.1323101807e+02 6.1337402344e+02 6.1349597168e+02 6.1358697510e+02 6.1371697998e+02 6.1384301758e+02 6.1390698242e+02 6.1400897217e+02 6.1415301514e+02 6.1428100586e+02 6.1439697266e+02 6.1451800537e+02 6.1465600586e+02 6.1480102539e+02 6.1496697998e+02 6.1513299561e+02 6.1531500244e+02 6.1554901123e+02
6.1103601074e+02 6.1104199219e+02 6.1106097412e+02 6.1111199951e+02 6.1115002441e+02 6.1118798828e+02 6.1122900391e+02 6.1128601074e+02 6.1134100342e+02 6.1139202881e+02 6.1146697998e+02 6.1155603027e+02 6.1164501953e+02 6.1174902344e+02 6.1181896973e+02 6.1189202881e+02 6.1197698975e+02 6.1206097412e+02 6.1214697266e+02 6.1223901367e+02 6.1231799316e+02 6.1239501953e+02 6.1248101807e+02 6.1259100342e+02 6.1269396973e+02 6.1279602051e+02 6.1290600586e+02 6.1301397705e+02 6.1313098145e+02 6.1324902344e+02 6.1335198975e+02 6.1344598389e+02 6.1357098389e+02 6.1366400146e+02 6.1375097656e+02 6.1387701416e+02 6.1401501465e+02 6.1411999512e+02 6.1424499512e+02 6.1438397217e+02 6.1450799561e+02 6.1465600586e+02 6.1485400391e+02 6.1503198242e+02 6.1517999268e+02 6.1538000488e+02
6.1086499023e+02 6.1089300537e+02 6.1091400146e+02 6.1095098877e+02 6.1098699951e+02 6.1103698730e+02 6.1108898926e+02 6.1113897705e+02 6.1119897461e+02 6.1127398682e+02 6.1135699463e+02 6.1143798828e+02 6.1152301025e+02 6.1161602783e+02 6.1169097900e+02 6.1177301025e+02 6.1184497070e+02 6.1191497803e+02 6.1201898193e+02 6.1212500000e+02 6.1218402100e+02 6.1226202393e+02 6.1234698486e+02 6.1245697021e+02 6.1255902100e+02 6.1265399170e+02 6.1277197266e+02 6.1289898682e+02 6.1300701904e+02 6.1311401367e+02 6.1321899414e+02 6.1331298828e+02 6.1341900635e+02 6.1351300049e+02 6.1362500000e+02 6.1375897217e+02 6.1386999512e+02 6.1396398926e+02 6.1409802246e+02 6.1424902344e+02 6.1437701416e+02 6.1454400635e+02 6.1474499512e+02 6.1493103027e+02 6.1506896973e+02 6.1524798584e+02
6.1068103027e+02 6.1072698975e+02 6.1075799561e+02 6.1079101563e+02 6.1082897949e+02 6.1089099121e+02 6.1096002197e+02 6.1101300049e+02 6.1105401611e+02 6.1113299561e+02 6.1123498535e+02 6.1132202148e+02 6.1139898682e+02 6.1147802734e+02 6.1156402588e+02 6.1164898682e+02 6.1171899414e+02 6.1178997803e+02 6.1189001465e+02 6.1198101807e+02 6.1204199219e+02 6.1213397217e+02 6.1223400879e+02 6.1233898926e+02 6.1242901611e+02 6.1252301025e+02 6.1263800049e+02 6.1275000000e+02 6.1285302734e+02 6.1297399902e+02 6.1308801270e+02 6.1318298340e+02 6.1326098633e+02 6.1337298584e+02 6.1348400879e+02 6.1360797119e+02 6.1371600342e+02 6.1380999756e+02 6.1395001221e+02 6.1410198975e+02 6.1424102783e+02 6.1440997314e+02 6.1459497070e+02 6.1478900146e+02 6.1496099854e+02 6.1512298584e+02
6.1049401855e+02 6.1054699707e+02 6.1057501221e+02 6.1063098145e+02 6.1069598389e+02 6.1075000000e+02 6.1082501221e+02 6.1087799072e+02 6.1092602539e+02 6.1100799561e+02 6.1111102295e+02 6.1119299316e+02 6.1126098633e+02 6.1133502197e+02 6.1143902588e+02 6.1150897217e+02 6.1160101318e+02 6.1169500732e+02 6.1176397705e+02 6.1183300781e+02 6.1191699219e+02 6.1200598145e+02 6.1209497070e+02 6.1219702148e+02 6.1229602051e+02 6.1239202881e+02 6.1250000000e+02 6.1261199951e+02 6.1272497559e+02 6.1283697510e+02 6.1293798828e+02 6.1303802490e+02 6.1311901855e+02 6.1323797607e+02 6.1333502197e+02 6.1346997070e+02 6.1360699463e+02 6.1370898438e+02 6.1384997559e+02 6.1398999023e+02 6.1413000488e+02 6.1427197266e+02 6.1443798828e+02 6.1463800049e+02 6.1483599854e+02 6.1500598145e+02
6.1032299805e+02 6.1037799072e+02 6.1043499756e+02 6.1049798584e+02 6.1055499268e+02 6.1061401367e+02 6.1067498779e+02 6.1072100830e+02 6.1079101563e+02 6.1088598633e+02 6.1098797607e+02 6.1106097412e+02 6.1113598633e+02 6.1121697998e+02 6.1130902100e+02 6.1137799072e+02 6.1146502686e+02 6.1155603027e+02 6.1161999512e+02 6.1170202637e+02 6.1179498291e+02 6.1187597656e+02 6.1197198486e+02 6.1206597900e+02 6.1216497803e+02 6.1226202393e+02 6.1236999512e+02 6.1246997070e+02 6.1258099365e+02 6.1270098877e+02 6.1279998779e+02 6.1289898682e+02 6.1300500488e+02 6.1310601807e+02 6.1319299316e+02 6.1333801270e+02 6.1346197510e+02 6.1358197021e+02 6.1372601318e+02 6.1386700439e+02 6.1404602051e+02 6.1420397949e+02 6.1435400391e+02 6.1453497314e+02 6.1468701172e+02 6.1488702393e+02
6.1017199707e+02 6.1022198486e+02 6.1028802490e+02 6.1035498047e+02 6.1041101074e+02 6.1047302246e+02 6.1052801514e+02 6.1059698486e+02 6.1068402100e+02 6.1077197266e+02 6.1086499023e+02 6.1094097900e+02 6.1101501465e+02 6.1108300781e+02 6.1117498779e+02 6.1127301025e+02 6.1135101318e+02 6.1142901611e+02 6.1149401855e+02 6.1158099365e+02 6.1166998291e+02 6.1175000000e+02 6.1185302734e+02 6.1194299316e+02 6.1203302002e+02 6.1212902832e+02 6.1225402832e+02 6.1235797119e+02 6.1244299316e+02 6.1256298828e+02 6.1266998291e+02 6.1275402832e+02 6.1285900879e+02 6.1296697998e+02 6.1306597900e+02 6.1320001221e+02 6.1330499268e+02 6.1343902588e+02 6.1359301758e+02 6.1373199463e+02 6.1390301514e+02 6.1408099365e+02 6.1424401855e+02 6.1441900635e+02 6.1455798340e+02 6.1475897217e+02
6.1002099609e+02 6.1008898926e+02 6.1015997314e+02 6.1022100830e+02 6.1027600098e+02 6.1033001709e+02 6.1039898682e+02 6.1049700928e+02 6.1057397461e+02 6.1065197754e+02 6.1073699951e+02 6.1082000732e+02 6.1089599609e+02 6.1095397949e+02 6.1104699707e+02 6.1114202881e+02 6.1122497559e+02 6.1132000732e+02 6.1139099121e+02 6.1147698975e+02 6.1154400635e+02 6.1162097168e+02 6.1172399902e+02 6.1181298828e+02 6.1189501953e+02 6.1199200439e+02 6.1212701416e+02 6.1223999023e+02 6.1232397461e+02 6.1243298340e+02 6.1252502441e+02 6.1261401367e+02 6.1271502686e+02 6.1283001709e+02 6.1293701172e+02 6.1305297852e+02 6.1314001465e+02 6.1326898193e+02 6.1343701172e+02 6.1359301758e+02 6.1374102783e+02 6.1392199707e+02 6.1410101318e+02 6.1428198242e+02 6.1443798828e+02 6.1461798096e+02
6.0986901855e+02 6.0995300293e+02 6.1003399658e+02 6.1008502197e+02 6.1015002441e+02 6.1021398926e+02 6.1028698730e+02 6.1038598633e+02 6.1044799805e+02 6.1052502441e+02 6.1060302734e+02 6.1067901611e+02 6.1075799561e+02 6.1083398438e+02 6.1094500732e+02 6.1102301025e+02 6.1109399414e+02 6.1117797852e+02 6.1124499512e+02 6.1134100342e+02 6.1143499756e+02 6.1150097656e+02 6.1159497070e+02 6.1168402100e+02 6.1177398682e+02 6.1188702393e+02 6.1197900391e+02 6.1208197021e+02 6.1219299316e+02 6.1230102539e+02 6.1239099121e+02 6.1250000000e+02 6.1260699463e+02 6.1269299316e+02 6.1280603027e+02 6.1293298340e+02 6.1303997803e+02 6.1312902832e+02 6.1326599121e+02 6.1342901611e+02 6.1359698486e+02 6.1375299072e+02 6.1391497803e+02 6.1410400391e+02 6.1429998779e+02 6.1447497559e+02
6.0975402832e+02 6.0982000732e+02 6.0988299561e+02 6.0993402100e+02 6.1000201416e+02 6.1008599854e+02 6.1016998291e+02 6.1025201416e+02 6.1031298828e+02 6.1038598633e+02 6.1047601318e+02 6.1055999756e+02 6.1062902832e+02 6.1071002197e+02 6.1082702637e+02 6.1090698242e+02 6.1097497559e+02 6.1105499268e+02 6.1112298584e+02 6.1122100830e+02 6.1130999756e+02 6.1139300537e+02 6.1148999023e+02 6.1156799316e+02 6.1166101074e+02 6.1175402832e+02 6.1184698486e+02 6.1196301270e+02 6.1206896973e+02 6.1216302490e+02 6.1224798584e+02 6.1235998535e+02 6.1247198486e+02 6.1254699707e+02 6.1265197754e+02 6.1278302002e+02 6.1291198730e+02 6.1302197266e+02 6.1313702393e+02 6.1328100586e+02 6.1345001221e+02 6.1361700439e+02 6.1377398682e+02 6.1395898438e+02 6.1416699219e+02 6.1433300781e+02
6.0962597656e+02 6.0968298340e+02 6.0974102783e+02 6.0981500244e+02 6.0988397217e+02 6.0996600342e+02 6.1004302979e+02 6.1011999512e+02 6.1019299316e+02 6.1027600098e+02 6.1035498047e+02 6.1042999268e+02 6.1050799561e+02 6.1059802246e+02 6.1069702148e+02 6.1077801514e+02 6.1085498047e+02 6.1093298340e+02 6.1100598145e+02 6.1109100342e+02 6.1117401123e+02 6.1126599121e+02 6.1136102295e+02 6.1143902588e+02 6.1153802490e+02 6.1161700439e+02 6.1170501709e+02 6.1182098389e+02 6.1192602539e+02 6.1203802490e+02 6.1211999512e+02 6.1221697998e+02 6.1233197021e+02 6.1243200684e+02 6.1253497314e+02 6.1264697266e+02 6.1277099609e+02 6.1289697266e+02 6.1301202393e+02 6.1314398193e+02 6.1329400635e+02 6.1348999023e+02 6.1365802002e+02 6.1382098389e+02 6.1401501465e+02 6.1419000244e+02
6.0948400879e+02 6.0954498291e+02 6.0959899902e+02 6.0968597412e+02 6.0976800537e+02 6.0983801270e+02 6.0990502930e+02 6.0999102783e+02 6.1007202148e+02 6.1016497803e+02 6.1023101807e+02 6.1029699707e+02 6.1038098145e+02 6.1047399902e+02 6.1056201172e+02 6.1063702393e+02 6.1072497559e+02 6.1080499268e+02 6.1088598633e+02 6.1096301270e+02 6.1105401611e+02 6.1114300537e+02 6.1123101807e+02 6.1131201172e+02 6.1139501953e+02 6.1148901367e+02 6.1159002686e+02 6.1169897461e+02 6.1179302979e+02 6.1190600586e+02 6.1199102783e+02 6.1208502197e+02 6.1219897461e+02 6.1230902100e+02 6.1240802002e+02 6.1251397705e+02 6.1264202881e+02 6.1277502441e+02 6.1289398193e+02 6.1301800537e+02 6.1314697266e+02 6.1335198975e+02 6.1353698730e+02 6.1368902588e+02 6.1385601807e+02 6.1403497314e+02
6.0934301758e+02 6.0941101074e+02 6.0947198486e+02 6.0955603027e+02 6.0963598633e+02 6.0970397949e+02 6.0977301025e+02 6.0986102295e+02 6.0994500732e+02 6.1002099609e+02 6.1008898926e+02 6.1016900635e+02 6.1026098633e+02 6.1034301758e+02 6.1042797852e+02 6.1050799561e+02 6.1060302734e+02 6.1068902588e+02 6.1076599121e+02 6.1084100342e+02 6.1093798828e+02 6.1103100586e+02 6.1111499023e+02 6.1118902588e+02 6.1125201416e+02 6.1135302734e+02 6.1146600342e+02 6.1158599854e+02 6.1169897461e+02 6.1177697754e+02 6.1186499023e+02 6.1196997070e+02 6.1208697510e+02 6.1218798828e+02 6.1227899170e+02 6.1239697266e+02 6.1253198242e+02 6.1264599609e+02 6.1276202393e+02 6.1288598633e+02 6.1302697754e+02 6.1320397949e+02 6.1339801025e+02 6.1357098389e+02 6.1372802734e+02 6.1388201904e+02
6.0920300293e+02 6.0926202393e+02 6.0932702637e+02 6.0941699219e+02 6.0950500488e+02 6.0958001709e+02 6.0965502930e+02 6.0973999023e+02 6.0980297852e+02 6.0987799072e+02 6.0996398926e+02 6.1004101563e+02 6.1013500977e+02 6.1021099854e+02 6.1029199219e+02 6.1038201904e+02 6.1046801758e+02 6.1055999756e+02 6.1064501953e+02 6.1072698975e+02 6.1079998779e+02 6.1088500977e+02 6.1096899414e+02 6.1104901123e+02 6.1113098145e+02 6.1122601318e+02 6.1132501221e+02 6.1142999268e+02 6.1152600098e+02 6.1162902832e+02 6.1173400879e+02 6.1184802246e+02 6.1196197510e+02 6.1206298828e+02 6.1215698242e+02 6.1227301025e+02 6.1240600586e+02 6.1252197266e+02 6.1262200928e+02 6.1273797607e+02 6.1288897705e+02 6.1304998779e+02 6.1322698975e+02 6.1341302490e+02 6.1358502197e+02 6.1373498535e+02
6.0906402588e+02 6.0910998535e+02 6.0918798828e+02 6.0928698730e+02 6.0937402344e+02 6.0944799805e+02 6.0952301025e+02 6.0960797119e+02 6.0967797852e+02 6.0976599121e+02 6.0984997559e+02 6.0991400146e+02 6.1000500488e+02 6.1009197998e+02 6.1016998291e+02 6.1025799561e+02 6.1034301758e+02 6.1043902588e+02 6.1051397705e+02 6.1059497070e+02 6.1067102051e+02 6.1076000977e+02 6.1084399414e+02 6.1091998291e+02 6.1100000000e+02 6.1109698486e+02 6.1120599365e+02 6.1131097412e+02 6.1138702393e+02 6.1150402832e+02 6.1161401367e+02 6.1171997070e+02 6.1182299805e+02 6.1192999268e+02 6.1204699707e+02 6.1215698242e+02 6.1228100586e+02 6.1241302490e+02 6.1250897217e+02 6.1260101318e+02 6.1275897217e+02 6.1292199707e+02 6.1307702637e+02 6.1325701904e+02 6.1344500732e+02 6.1360198975e+02
6.0892401123e+02 6.0897802734e+02 6.0906298828e+02 6.0915197754e+02 6.0923297119e+02 6.0932202148e+02 6.0940100098e+02 6.0947497559e+02 6.0954901123e+02 6.0964599609e+02 6.0973400879e+02 6.0980999756e+02 6.0989202881e+02 6.0997601318e+02 6.1004602051e+02 6.1012500000e+02 6.1021301270e+02 6.1031500244e+02 6.1038098145e+02 6.1046197510e+02 6.1055200195e+02 6.1064398193e+02 6.1072802734e+02 6.1079797363e+02 6.1087200928e+02 6.1096801758e+02 6.1108300781e+02 6.1119702148e+02 6.1127801514e+02 6.1139898682e+02 6.1150500488e+02 6.1160101318e+02 6.1170202637e+02 6.1180700684e+02 6.1193701172e+02 6.1204797363e+02 6.1216302490e+02 6.1229797363e+02 6.1240301514e+02 6.1248901367e+02 6.1263702393e+02 6.1278802490e+02 6.1292498779e+02 6.1310198975e+02 6.1329901123e+02 6.1346398926e+02
6.0877697754e+02 6.0885198975e+02 6.0893798828e+02 6.0902502441e+02 6.0910400391e+02 6.0919702148e+02 6.0926800537e+02 6.0933197021e+02 6.0941601563e+02 6.0951898193e+02 6.0960400391e+02 6.0968902588e+02 6.0977197266e+02 6.0985601807e+02 6.0992199707e+02 6.0999798584e+02 6.1008697510e+02 6.1018597412e+02 6.1026000977e+02 6.1034698486e+02 6.1043597412e+02 6.1052301025e+02 6.1060302734e+02 6.1069201660e+02 6.1078497314e+02 6.1085998535e+02 6.1097302246e+02 6.1108599854e+02 6.1118200684e+02 6.1129400635e+02 6.1139599609e+02 6.1148400879e+02 6.1157897949e+02 6.1167700195e+02 6.1178997803e+02 6.1190698242e+02 6.1205102539e+02 6.1218402100e+02 6.1228802490e+02 6.1238201904e+02 6.1250000000e+02 6.1263897705e+02 6.1278002930e+02 6.1296398926e+02 6.1316198730e+02 6.1332299805e+02
6.0864300537e+02 6.0871002197e+02 6.0878802490e+02 6.0888299561e+02 6.0897302246e+02 6.0907098389e+02 6.0913897705e+02 6.0920599365e+02 6.0929901123e+02 6.0939300537e+02 6.0947802734e+02 6.0955700684e+02 6.0962799072e+02 6.0971801758e+02 6.0979602051e+02 6.0988299561e+02 6.0997399902e+02 6.1005200195e+02 6.1013897705e+02 6.1023901367e+02 6.1032800293e+02 6.1041198730e+02 6.1048400879e+02 6.1056597900e+02 6.1066198730e+02 6.1074902344e+02 6.1087402344e+02 6.1099597168e+02 6.1106896973e+02 6.1116699219e+02 6.1126501465e+02 6.1134899902e+02 6.1145300293e+02 6.1157098389e+02 6.1169000244e+02 6.1180700684e+02 6.1192700195e+02 6.1204602051e+02 6.1215802002e+02 6.1226300049e+02 6.1239202881e+02 6.1251599121e+02 6.1265502930e+02 6.1283599854e+02 6.1302301025e+02 6.1319097900e+02
6.0852197266e+02 6.0859002686e+02 6.0865197754e+02 6.0873797607e+02 6.0884100342e+02 6.0893597412e+02 6.0900598145e+02 6.0908398438e+02 6.0917401123e+02 6.0924902344e+02 6.0933898926e+02 6.0943103027e+02 6.0950500488e+02 6.0958697510e+02 6.0966302490e+02 6.0974902344e+02 6.0984997559e+02 6.0993902588e+02 6.1003497314e+02 6.1011999512e+02 6.1019702148e+02 6.1028497314e+02 6.1037298584e+02 6.1045599365e+02 6.1055499268e+02 6.1064801025e+02 6.1076397705e+02 6.1087597656e+02 6.1094299316e+02 6.1104302979e+02 6.1114697266e+02 6.1124102783e+02 6.1134197998e+02 6.1144201660e+02 6.1155700684e+02 6.1168402100e+02 6.1178601074e+02 6.1190002441e+02 6.1203497314e+02 6.1215399170e+02 6.1227899170e+02 6.1240997314e+02 6.1255603027e+02 6.1272802734e+02 6.1289099121e+02 6.1306298828e+02
6.0838500977e+02 6.0845697021e+02 6.0852197266e+02 6.0860797119e+02 6.0870800781e+02 6.0879602051e+02 6.0887097168e+02 6.0894897461e+02 6.0904400635e+02 6.0913000488e+02 6.0920898438e+02 6.0930297852e+02 6.0939099121e+02 6.0946197510e+02 6.0954498291e+02 6.0964202881e+02 6.0973498535e+02 6.0983001709e+02 6.0990899658e+02 6.0997998047e+02 6.1005700684e+02 6.1014501953e+02 6.1024597168e+02 6.1033898926e+02 6.1043701172e+02 6.1052899170e+02 6.1063397217e+02 6.1073999023e+02 6.1082098389e+02 6.1092797852e+02 6.1103002930e+02 6.1112701416e+02 6.1123297119e+02 6.1133099365e+02 6.1144299316e+02 6.1157202148e+02 6.1166802979e+02 6.1178002930e+02 6.1192199707e+02 6.1204602051e+02 6.1216699219e+02 6.1230902100e+02 6.1246301270e+02 6.1262902832e+02 6.1276898193e+02 6.1294299316e+02
