TESTSERVER/12/10.asc
NCOLS 100
NROWS 100
XLLCORNER 8.0997500000e+03
YLLCORNER 2.8945025000e+05
CELLSIZE 5.0000000000e-01
NODATA_VALUE -9.9990000000e+03
[rows 40 to 59 of 100, columns 46 to 91 of 100]
6.2161199951e+02 6.2146002197e+02 6.2131799316e+02 6.2115301514e+02 6.2097601318e+02 6.2077801514e+02 6.2061602783e+02 6.2046002197e+02 6.2028900146e+02 6.2015698242e+02 6.2004797363e+02 6.1993103027e+02 6.1982299805e+02 6.1972601318e+02 6.1962500000e+02 6.1952001953e+02 6.1940997314e+02 6.1932397461e+02 6.1924700928e+02 6.1915899658e+02 6.1907598877e+02 6.1901098633e+02 6.1896301270e+02 6.1892498779e+02 6.1889202881e+02 6.1881701660e+02 6.1875500488e+02 6.1869702148e+02 6.1860900879e+02 6.1848498535e+02 6.1836798096e+02 6.1827502441e+02 6.1815899658e+02 6.1807397461e+02 6.1802398682e+02 6.1799700928e+02 6.1798297119e+02 6.1796502686e+02 6.1799200439e+02 6.1803997803e+02 6.1808300781e+02 6.1813397217e+02 6.1822302246e+02 6.1834301758e+02 6.1854199219e+02 6.1872601318e+02
6.2133099365e+02 6.2120697021e+02 6.2107098389e+02 6.2091497803e+02 6.2072100830e+02 6.2050598145e+02 6.2031799316e+02 6.2016900635e+02 6.2001300049e+02 6.1987597656e+02 6.1974102783e+02 6.1959698486e+02 6.1950897217e+02 6.1944097900e+02 6.1936297607e+02 6.1925897217e+02 6.1913098145e+02 6.1900897217e+02 6.1890698242e+02 6.1882098389e+02 6.1877398682e+02 6.1874902344e+02 6.1870397949e+02 6.1865100098e+02 6.1860498047e+02 6.1855902100e+02 6.1851000977e+02 6.1844000244e+02 6.1833502197e+02 6.1821502686e+02 6.1810601807e+02 6.1799102783e+02 6.1789697266e+02 6.1783502197e+02 6.1780999756e+02 6.1778997803e+02 6.1779797363e+02 6.1782501221e+02 6.1785198975e+02 6.1788800049e+02 6.1794299316e+02 6.1802099609e+02 6.1812200928e+02 6.1823901367e+02 6.1841601563e+02 6.1857598877e+02
6.2100000000e+02 6.2089099121e+02 6.2075598145e+02 6.2058898926e+02 6.2039202881e+02 6.2018597412e+02 6.2000598145e+02 6.1987200928e+02 6.1973498535e+02 6.1960400391e+02 6.1947198486e+02 6.1935498047e+02 6.1929101563e+02 6.1922100830e+02 6.1913299561e+02 6.1901000977e+02 6.1885498047e+02 6.1870697021e+02 6.1859802246e+02 6.1853601074e+02 6.1850201416e+02 6.1846002197e+02 6.1839099121e+02 6.1833099365e+02 6.1830297852e+02 6.1828900146e+02 6.1824499512e+02 6.1816802979e+02 6.1805200195e+02 6.1794396973e+02 6.1785601807e+02 6.1775500488e+02 6.1768597412e+02 6.1763702393e+02 6.1761798096e+02 6.1761999512e+02 6.1763299561e+02 6.1766400146e+02 6.1769897461e+02 6.1775500488e+02 6.1782800293e+02 6.1792602539e+02 6.1804199219e+02 6.1815802002e+02 6.1828900146e+02 6.1842797852e+02
6.2064898682e+02 6.2053100586e+02 6.2037200928e+02 6.2017901611e+02 6.1999597168e+02 6.1982800293e+02 6.1968499756e+02 6.1956896973e+02 6.1945300293e+02 6.1934002686e+02 6.1923699951e+02 6.1917199707e+02 6.1910101318e+02 6.1898400879e+02 6.1885198975e+02 6.1870098877e+02 6.1854602051e+02 6.1840698242e+02 6.1831896973e+02 6.1827502441e+02 6.1823101807e+02 6.1817102051e+02 6.1808898926e+02 6.1803100586e+02 6.1799798584e+02 6.1797399902e+02 6.1792797852e+02 6.1787200928e+02 6.1776501465e+02 6.1766198730e+02 6.1759301758e+02 6.1752099609e+02 6.1748297119e+02 6.1745697021e+02 6.1744897461e+02 6.1746801758e+02 6.1748699951e+02 6.1750799561e+02 6.1755999756e+02 6.1764898682e+02 6.1773400879e+02 6.1784100342e+02 6.1796997070e+02 6.1809497070e+02 6.1822302246e+02 6.1836199951e+02
6.2034698486e+02 6.2019500732e+02 6.1998400879e+02 6.1977398682e+02 6.1960400391e+02 6.1948400879e+02 6.1937200928e+02 6.1926599121e+02 6.1915502930e+02 6.1905200195e+02 6.1897497559e+02 6.1892199707e+02 6.1880902100e+02 6.1865301514e+02 6.1847601318e+02 6.1833001709e+02 6.1822399902e+02 6.1811401367e+02 6.1802697754e+02 6.1799298096e+02 6.1794000244e+02 6.1788098145e+02 6.1780603027e+02 6.1775000000e+02 6.1770599365e+02 6.1766400146e+02 6.1761102295e+02 6.1757897949e+02 6.1750799561e+02 6.1740502930e+02 6.1733801270e+02 6.1729400635e+02 6.1727801514e+02 6.1728802490e+02 6.1730499268e+02 6.1733001709e+02 6.1737597656e+02 6.1741101074e+02 6.1746502686e+02 6.1755297852e+02 6.1765301514e+02 6.1776898193e+02 6.1790100098e+02 6.1803399658e+02 6.1817700195e+02 6.1830401611e+02
6.2010400391e+02 6.1997100830e+02 6.1977197266e+02 6.1953302002e+02 6.1933398438e+02 6.1919097900e+02 6.1906701660e+02 6.1896502686e+02 6.1888000488e+02 6.1880200195e+02 6.1872998047e+02 6.1861602783e+02 6.1844598389e+02 6.1828698730e+02 6.1815002441e+02 6.1804199219e+02 6.1795501709e+02 6.1785900879e+02 6.1777899170e+02 6.1773602295e+02 6.1768499756e+02 6.1759802246e+02 6.1752600098e+02 6.1748297119e+02 6.1743902588e+02 6.1739099121e+02 6.1732800293e+02 6.1728198242e+02 6.1722900391e+02 6.1717901611e+02 6.1715002441e+02 6.1711901855e+02 6.1711401367e+02 6.1714099121e+02 6.1716699219e+02 6.1719097900e+02 6.1725500488e+02 6.1732397461e+02 6.1738500977e+02 6.1747802734e+02 6.1759100342e+02 6.1771398926e+02 6.1785601807e+02 6.1799597168e+02 6.1813897705e+02 6.1825897217e+02
6.1986102295e+02 6.1976800537e+02 6.1957000732e+02 6.1929901123e+02 6.1906201172e+02 6.1890197754e+02 6.1877301025e+02 6.1867602539e+02 6.1860498047e+02 6.1852502441e+02 6.1841699219e+02 6.1827099609e+02 6.1810998535e+02 6.1798999023e+02 6.1789001465e+02 6.1779602051e+02 6.1770599365e+02 6.1761700439e+02 6.1754302979e+02 6.1747998047e+02 6.1741497803e+02 6.1732299805e+02 6.1725701904e+02 6.1723498535e+02 6.1720202637e+02 6.1715002441e+02 6.1709802246e+02 6.1705499268e+02 6.1701000977e+02 6.1697900391e+02 6.1697802734e+02 6.1696600342e+02 6.1696801758e+02 6.1700000000e+02 6.1702801514e+02 6.1706298828e+02 6.1713500977e+02 6.1722601318e+02 6.1730102539e+02 6.1740399170e+02 6.1753100586e+02 6.1766699219e+02 6.1782397461e+02 6.1797399902e+02 6.1810900879e+02 6.1822601318e+02
6.1952899170e+02 6.1943701172e+02 6.1922302246e+02 6.1892797852e+02 6.1870599365e+02 6.1858001709e+02 6.1848101807e+02 6.1839398193e+02 6.1832098389e+02 6.1822497559e+02 6.1809100342e+02 6.1796398926e+02 6.1785302734e+02 6.1775598145e+02 6.1765600586e+02 6.1756298828e+02 6.1747302246e+02 6.1737402344e+02 6.1728802490e+02 6.1720800781e+02 6.1714697266e+02 6.1707397461e+02 6.1701202393e+02 6.1698999023e+02 6.1696099854e+02 6.1692199707e+02 6.1689898682e+02 6.1687402344e+02 6.1684002686e+02 6.1680902100e+02 6.1680999756e+02 6.1681896973e+02 6.1684002686e+02 6.1687298584e+02 6.1690002441e+02 6.1695599365e+02 6.1703997803e+02 6.1713800049e+02 6.1722698975e+02 6.1734100342e+02 6.1747802734e+02 6.1763000488e+02 6.1780200195e+02 6.1795202637e+02 6.1809100342e+02 6.1821301270e+02
6.1902099609e+02 6.1890002441e+02 6.1870098877e+02 6.1846600342e+02 6.1831597900e+02 6.1826397705e+02 6.1820202637e+02 6.1811499023e+02 6.1803900146e+02 6.1794097900e+02 6.1783599854e+02 6.1773999023e+02 6.1765197754e+02 6.1753198242e+02 6.1741998291e+02 6.1732598877e+02 6.1725500488e+02 6.1716198730e+02 6.1704699707e+02 6.1697497559e+02 6.1693402100e+02 6.1687902832e+02 6.1681896973e+02 6.1678002930e+02 6.1675402832e+02 6.1672698975e+02 6.1671301270e+02 6.1669702148e+02 6.1668298340e+02 6.1666601563e+02 6.1666900635e+02 6.1669500732e+02 6.1672497559e+02 6.1675701904e+02 6.1680102539e+02 6.1687701416e+02 6.1696600342e+02 6.1706896973e+02 6.1718402100e+02 6.1731097412e+02 6.1745397949e+02 6.1760699463e+02 6.1777001953e+02 6.1791998291e+02 6.1807501221e+02 6.1820800781e+02
6.1863000488e+02 6.1847998047e+02 6.1831799316e+02 6.1816302490e+02 6.1807202148e+02 6.1800799561e+02 6.1791497803e+02 6.1781097412e+02 6.1773999023e+02 6.1767401123e+02 6.1760797119e+02 6.1752899170e+02 6.1743103027e+02 6.1729797363e+02 6.1718200684e+02 6.1709899902e+02 6.1703900146e+02 6.1696502686e+02 6.1685998535e+02 6.1679498291e+02 6.1674902344e+02 6.1669000244e+02 6.1663500977e+02 6.1659600830e+02 6.1657202148e+02 6.1656402588e+02 6.1654302979e+02 6.1652502441e+02 6.1653100586e+02 6.1653497314e+02 6.1655603027e+02 6.1657800293e+02 6.1660998535e+02 6.1666101074e+02 6.1672601318e+02 6.1681201172e+02 6.1690600586e+02 6.1700000000e+02 6.1710998535e+02 6.1725897217e+02 6.1742700195e+02 6.1758697510e+02 6.1773297119e+02 6.1790197754e+02 6.1807702637e+02 6.1820800781e+02
6.1825897217e+02 6.1811297607e+02 6.1798797607e+02 6.1788000488e+02 6.1781201172e+02 6.1772601318e+02 6.1760101318e+02 6.1748699951e+02 6.1743798828e+02 6.1741699219e+02 6.1737902832e+02 6.1729998779e+02 6.1719500732e+02 6.1707397461e+02 6.1696899414e+02 6.1689501953e+02 6.1682800293e+02 6.1675299072e+02 6.1666302490e+02 6.1661199951e+02 6.1656201172e+02 6.1650299072e+02 6.1646697998e+02 6.1644000244e+02 6.1641302490e+02 6.1641198730e+02 6.1638897705e+02 6.1636999512e+02 6.1638000488e+02 6.1640301514e+02 6.1644000244e+02 6.1646301270e+02 6.1650299072e+02 6.1656597900e+02 6.1664300537e+02 6.1673297119e+02 6.1683697510e+02 6.1693701172e+02 6.1705401611e+02 6.1721197510e+02 6.1739801025e+02 6.1757897949e+02 6.1772802734e+02 6.1789801025e+02 6.1806500244e+02 6.1817999268e+02
6.1788897705e+02 6.1779101563e+02 6.1771502686e+02 6.1759497070e+02 6.1748199463e+02 6.1738000488e+02 6.1726702881e+02 6.1717498779e+02 6.1714202881e+02 6.1713598633e+02 6.1711102295e+02 6.1703002930e+02 6.1693298340e+02 6.1683599854e+02 6.1675299072e+02 6.1669000244e+02 6.1661999512e+02 6.1655401611e+02 6.1647601318e+02 6.1642999268e+02 6.1638897705e+02 6.1633398438e+02 6.1630798340e+02 6.1629302979e+02 6.1626300049e+02 6.1626202393e+02 6.1625402832e+02 6.1625097656e+02 6.1625799561e+02 6.1627600098e+02 6.1630999756e+02 6.1635101318e+02 6.1641601563e+02 6.1648199463e+02 6.1656799316e+02 6.1665997314e+02 6.1676300049e+02 6.1688500977e+02 6.1702697754e+02 6.1717999268e+02 6.1736401367e+02 6.1755798340e+02 6.1772601318e+02 6.1788500977e+02 6.1802899170e+02 6.1813500977e+02
6.1763299561e+02 6.1759399414e+02 6.1755297852e+02 6.1734997559e+02 6.1711901855e+02 6.1701800537e+02 6.1695697021e+02 6.1692602539e+02 6.1689099121e+02 6.1685699463e+02 6.1683197021e+02 6.1675000000e+02 6.1666998291e+02 6.1658197021e+02 6.1649902344e+02 6.1645697021e+02 6.1639398193e+02 6.1634100342e+02 6.1628802490e+02 6.1624200439e+02 6.1622601318e+02 6.1619702148e+02 6.1615997314e+02 6.1613201904e+02 6.1611602783e+02 6.1611999512e+02 6.1612200928e+02 6.1613000488e+02 6.1613598633e+02 6.1616101074e+02 6.1619299316e+02 6.1626501465e+02 6.1634997559e+02 6.1640698242e+02 6.1648602295e+02 6.1658801270e+02 6.1670202637e+02 6.1684002686e+02 6.1699700928e+02 6.1715899658e+02 6.1734197998e+02 6.1752197266e+02 6.1770001221e+02 6.1784399414e+02 6.1798101807e+02 6.1809600830e+02
6.1739202881e+02 6.1734600830e+02 6.1725299072e+02 6.1705999756e+02 6.1683502197e+02 6.1671697998e+02 6.1666400146e+02 6.1665399170e+02 6.1660998535e+02 6.1655902100e+02 6.1652899170e+02 6.1645501709e+02 6.1639801025e+02 6.1633502197e+02 6.1626599121e+02 6.1623101807e+02 6.1619097900e+02 6.1614599609e+02 6.1609698486e+02 6.1605297852e+02 6.1604101563e+02 6.1602301025e+02 6.1600500488e+02 6.1598199463e+02 6.1596697998e+02 6.1597198486e+02 6.1597900391e+02 6.1598400879e+02 6.1600299072e+02 6.1606701660e+02 6.1617700195e+02 6.1629699707e+02 6.1636999512e+02 6.1637097168e+02 6.1641900635e+02 6.1652600098e+02 6.1663201904e+02 6.1676000977e+02 6.1692999268e+02 6.1710601807e+02 6.1728399658e+02 6.1746997070e+02 6.1764300537e+02 6.1776702881e+02 6.1790502930e+02 6.1804199219e+02
6.1705200195e+02 6.1692297363e+02 6.1680798340e+02 6.1670397949e+02 6.1659301758e+02 6.1649401855e+02 6.1644299316e+02 6.1642999268e+02 6.1635498047e+02 6.1629400635e+02 6.1626599121e+02 6.1620098877e+02 6.1614501953e+02 6.1610101318e+02 6.1605200195e+02 6.1601599121e+02 6.1598999023e+02 6.1596099854e+02 6.1592797852e+02 6.1589599609e+02 6.1587500000e+02 6.1584399414e+02 6.1582702637e+02 6.1581402588e+02 6.1580999756e+02 6.1582397461e+02 6.1583697510e+02 6.1585900879e+02 6.1593200684e+02 6.1605603027e+02 6.1618701172e+02 6.1628698730e+02 6.1631097412e+02 6.1629302979e+02 6.1634899902e+02 6.1646197510e+02 6.1657299805e+02 6.1670599365e+02 6.1688000488e+02 6.1705603027e+02 6.1722698975e+02 6.1740301514e+02 6.1757397461e+02 6.1771099854e+02 6.1787500000e+02 6.1803997803e+02
6.1678198242e+02 6.1662902832e+02 6.1650701904e+02 6.1643103027e+02 6.1636199951e+02 6.1628302002e+02 6.1624597168e+02 6.1623498535e+02 6.1614398193e+02 6.1609197998e+02 6.1608801270e+02 6.1603601074e+02 6.1594299316e+02 6.1586901855e+02 6.1582702637e+02 6.1579901123e+02 6.1577398682e+02 6.1575897217e+02 6.1574200439e+02 6.1571899414e+02 6.1570300293e+02 6.1567700195e+02 6.1565997314e+02 6.1565899658e+02 6.1566601563e+02 6.1568402100e+02 6.1569799805e+02 6.1574499512e+02 6.1588500977e+02 6.1602899170e+02 6.1611798096e+02 6.1615997314e+02 6.1616302490e+02 6.1619000244e+02 6.1628100586e+02 6.1639801025e+02 6.1651702881e+02 6.1666400146e+02 6.1683697510e+02 6.1699700928e+02 6.1716198730e+02 6.1732501221e+02 6.1751098633e+02 6.1768902588e+02 6.1785601807e+02 6.1802398682e+02
6.1657202148e+02 6.1648498535e+02 6.1635998535e+02 6.1621997070e+02 6.1609698486e+02 6.1603997803e+02 6.1604199219e+02 6.1606402588e+02 6.1602001953e+02 6.1593701172e+02 6.1589898682e+02 6.1585900879e+02 6.1573797607e+02 6.1563500977e+02 6.1562200928e+02 6.1560498047e+02 6.1558001709e+02 6.1556597900e+02 6.1555700684e+02 6.1554400635e+02 6.1553802490e+02 6.1552197266e+02 6.1550701904e+02 6.1551800537e+02 6.1552899170e+02 6.1555499268e+02 6.1558300781e+02 6.1564697266e+02 6.1578497314e+02 6.1588397217e+02 6.1593798828e+02 6.1597698975e+02 6.1601599121e+02 6.1611102295e+02 6.1621899414e+02 6.1632702637e+02 6.1643902588e+02 6.1660797119e+02 6.1679901123e+02 6.1694598389e+02 6.1709497070e+02 6.1726800537e+02 6.1746301270e+02 6.1766198730e+02 6.1781097412e+02 6.1798797607e+02
6.1629101563e+02 6.1618902588e+02 6.1604797363e+02 6.1592199707e+02 6.1582098389e+02 6.1577301025e+02 6.1578698730e+02 6.1582397461e+02 6.1578399658e+02 6.1570098877e+02 6.1563598633e+02 6.1562298584e+02 6.1556500244e+02 6.1545202637e+02 6.1542901611e+02 6.1541497803e+02 6.1539300537e+02 6.1538000488e+02 6.1538000488e+02 6.1536798096e+02 6.1535900879e+02 6.1537097168e+02 6.1537799072e+02 6.1539099121e+02 6.1541302490e+02 6.1544396973e+02 6.1548400879e+02 6.1554101563e+02 6.1563598633e+02 6.1570202637e+02 6.1577801514e+02 6.1584899902e+02 6.1593402100e+02 6.1604400635e+02 6.1614501953e+02 6.1625402832e+02 6.1638800049e+02 6.1654998779e+02 6.1671301270e+02 6.1686798096e+02 6.1705297852e+02 6.1724102783e+02 6.1737799072e+02 6.1754498291e+02 6.1775097656e+02 6.1796899414e+02
6.1602001953e+02 6.1593701172e+02 6.1585498047e+02 6.1577502441e+02 6.1569299316e+02 6.1561999512e+02 6.1556298828e+02 6.1551501465e+02 6.1546502686e+02 6.1543597412e+02 6.1541497803e+02 6.1546600342e+02 6.1544598389e+02 6.1530401611e+02 6.1524597168e+02 6.1523101807e+02 6.1521600342e+02 6.1521502686e+02 6.1521398926e+02 6.1520300293e+02 6.1520697021e+02 6.1523199463e+02 6.1525097656e+02 6.1527099609e+02 6.1529901123e+02 6.1533300781e+02 6.1538598633e+02 6.1545599365e+02 6.1553698730e+02 6.1560998535e+02 6.1569396973e+02 6.1578002930e+02 6.1588098145e+02 6.1598699951e+02 6.1607800293e+02 6.1619299316e+02 6.1632501221e+02 6.1648101807e+02 6.1665399170e+02 6.1683398438e+02 6.1702001953e+02 6.1719396973e+02 6.1730200195e+02 6.1747100830e+02 6.1773101807e+02 6.1793902588e+02
6.1579797363e+02 6.1572998047e+02 6.1568902588e+02 6.1559600830e+02 6.1549499512e+02 6.1540100098e+02 6.1532897949e+02 6.1527502441e+02 6.1524499512e+02 6.1523901367e+02 6.1521899414e+02 6.1527600098e+02 6.1526501465e+02 6.1512200928e+02 6.1505798340e+02 6.1505700684e+02 6.1504400635e+02 6.1504400635e+02 6.1505401611e+02 6.1506097412e+02 6.1507897949e+02 6.1509497070e+02 6.1511798096e+02 6.1515197754e+02 6.1519000244e+02 6.1523400879e+02 6.1530102539e+02 6.1537902832e+02 6.1545800781e+02 6.1554400635e+02 6.1562902832e+02 6.1572399902e+02 6.1582098389e+02 6.1592102051e+02 6.1601599121e+02 6.1612902832e+02 6.1626000977e+02 6.1642102051e+02 6.1659497070e+02 6.1677600098e+02 6.1692700195e+02 6.1710998535e+02 6.1726397705e+02 6.1743701172e+02 6.1768701172e+02 6.1789099121e+02
