TESTSERVER/12/11.asc
NCOLS 100
NROWS 100
XLLCORNER 8.0997500000e+03
YLLCORNER 2.8940025000e+05
CELLSIZE 5.0000000000e-01
NODATA_VALUE -9.9990000000e+03
[rows 40 to 59 of 100, columns 46 to 91 of 100]
6.0399401855e+02 6.0405297852e+02 6.0411901855e+02 6.0417797852e+02 6.0424401855e+02 6.0430401611e+02 6.0436700439e+02 6.0444097900e+02 6.0450701904e+02 6.0456298828e+02 6.0460900879e+02 6.0465502930e+02 6.0471002197e+02 6.0477697754e+02 6.0483898926e+02 6.0490899658e+02 6.0495599365e+02 6.0501397705e+02 6.0506402588e+02 6.0513299561e+02 6.0520202637e+02 6.0526898193e+02 6.0534399414e+02 6.0541198730e+02 6.0548797607e+02 6.0557098389e+02 6.0565802002e+02 6.0574597168e+02 6.0586999512e+02 6.0599798584e+02 6.0612402344e+02 6.0626800537e+02 6.0640100098e+02 6.0654400635e+02 6.0666699219e+02 6.0680999756e+02 6.0695501709e+02 6.0708801270e+02 6.0722802734e+02 6.0736102295e+02 6.0748199463e+02 6.0760998535e+02 6.0774102783e+02 6.0787097168e+02 6.0798999023e+02 6.0813000488e+02
6.0391400146e+02 6.0397497559e+02 6.0403302002e+02 6.0409197998e+02 6.0415502930e+02 6.0422497559e+02 6.0428802490e+02 6.0435198975e+02 6.0441998291e+02 6.0448498535e+02 6.0453002930e+02 6.0457000732e+02 6.0461999512e+02 6.0468499756e+02 6.0474102783e+02 6.0479199219e+02 6.0484802246e+02 6.0491198730e+02 6.0496997070e+02 6.0503802490e+02 6.0510900879e+02 6.0516998291e+02 6.0524200439e+02 6.0529901123e+02 6.0537799072e+02 6.0546801758e+02 6.0554901123e+02 6.0562902832e+02 6.0574798584e+02 6.0587597656e+02 6.0599902344e+02 6.0613702393e+02 6.0626599121e+02 6.0641101074e+02 6.0654199219e+02 6.0668499756e+02 6.0683398438e+02 6.0697302246e+02 6.0710900879e+02 6.0723797607e+02 6.0735998535e+02 6.0748101807e+02 6.0760302734e+02 6.0773400879e+02 6.0784899902e+02 6.0796697998e+02
6.0382299805e+02 6.0389599609e+02 6.0395397949e+02 6.0400799561e+02 6.0406097412e+02 6.0413598633e+02 6.0419799805e+02 6.0425897217e+02 6.0432702637e+02 6.0439398193e+02 6.0444598389e+02 6.0449597168e+02 6.0453802490e+02 6.0459002686e+02 6.0464300537e+02 6.0469000244e+02 6.0475299072e+02 6.0481701660e+02 6.0487500000e+02 6.0494500732e+02 6.0501898193e+02 6.0507000732e+02 6.0513500977e+02 6.0519500732e+02 6.0527001953e+02 6.0535302734e+02 6.0543798828e+02 6.0551098633e+02 6.0561401367e+02 6.0574902344e+02 6.0587097168e+02 6.0599798584e+02 6.0612597656e+02 6.0626599121e+02 6.0640399170e+02 6.0654498291e+02 6.0669201660e+02 6.0682897949e+02 6.0697900391e+02 6.0711602783e+02 6.0723101807e+02 6.0735400391e+02 6.0746899414e+02 6.0759301758e+02 6.0770898438e+02 6.0781896973e+02
6.0372998047e+02 6.0380700684e+02 6.0386700439e+02 6.0391900635e+02 6.0396502686e+02 6.0403497314e+02 6.0409497070e+02 6.0415600586e+02 6.0422198486e+02 6.0428802490e+02 6.0434802246e+02 6.0440301514e+02 6.0445300293e+02 6.0450201416e+02 6.0454998779e+02 6.0459997559e+02 6.0465899658e+02 6.0472601318e+02 6.0478601074e+02 6.0484802246e+02 6.0491601563e+02 6.0496197510e+02 6.0502600098e+02 6.0509100342e+02 6.0516302490e+02 6.0523699951e+02 6.0532202148e+02 6.0539202881e+02 6.0548602295e+02 6.0561999512e+02 6.0573699951e+02 6.0585900879e+02 6.0598498535e+02 6.0612500000e+02 6.0626800537e+02 6.0640197754e+02 6.0654699707e+02 6.0667901611e+02 6.0684197998e+02 6.0699298096e+02 6.0710198975e+02 6.0722900391e+02 6.0733697510e+02 6.0744396973e+02 6.0756298828e+02 6.0769000244e+02
6.0364398193e+02 6.0370697021e+02 6.0376898193e+02 6.0383801270e+02 6.0389398193e+02 6.0395001221e+02 6.0400299072e+02 6.0406701660e+02 6.0412902832e+02 6.0419702148e+02 6.0425299072e+02 6.0429699707e+02 6.0435699463e+02 6.0441802979e+02 6.0447802734e+02 6.0451599121e+02 6.0457800293e+02 6.0464099121e+02 6.0469500732e+02 6.0475097656e+02 6.0481597900e+02 6.0486901855e+02 6.0491400146e+02 6.0496801758e+02 6.0503497314e+02 6.0510998535e+02 6.0518798828e+02 6.0527398682e+02 6.0539300537e+02 6.0549401855e+02 6.0560302734e+02 6.0573199463e+02 6.0585699463e+02 6.0598400879e+02 6.0612799072e+02 6.0626800537e+02 6.0641400146e+02 6.0653802490e+02 6.0669598389e+02 6.0685101318e+02 6.0696197510e+02 6.0708197021e+02 6.0719799805e+02 6.0731201172e+02 6.0742999268e+02 6.0755902100e+02
6.0358300781e+02 6.0362500000e+02 6.0368103027e+02 6.0373999023e+02 6.0380297852e+02 6.0386199951e+02 6.0391497803e+02 6.0398101807e+02 6.0404302979e+02 6.0410601807e+02 6.0414801025e+02 6.0419000244e+02 6.0425201416e+02 6.0430700684e+02 6.0438000488e+02 6.0443798828e+02 6.0448498535e+02 6.0455297852e+02 6.0460198975e+02 6.0465600586e+02 6.0471502686e+02 6.0476098633e+02 6.0482501221e+02 6.0488201904e+02 6.0494396973e+02 6.0501098633e+02 6.0508001709e+02 6.0516198730e+02 6.0528198242e+02 6.0537097168e+02 6.0546801758e+02 6.0559802246e+02 6.0572497559e+02 6.0584997559e+02 6.0597802734e+02 6.0611199951e+02 6.0625897217e+02 6.0639300537e+02 6.0654797363e+02 6.0670202637e+02 6.0682501221e+02 6.0694201660e+02 6.0705102539e+02 6.0717297363e+02 6.0730200195e+02 6.0742297363e+02
6.0351000977e+02 6.0355798340e+02 6.0360601807e+02 6.0365600586e+02 6.0371197510e+02 6.0376898193e+02 6.0382397461e+02 6.0388897705e+02 6.0395300293e+02 6.0401202393e+02 6.0404998779e+02 6.0409301758e+02 6.0415502930e+02 6.0421197510e+02 6.0428698730e+02 6.0435601807e+02 6.0440100098e+02 6.0446099854e+02 6.0450299072e+02 6.0457000732e+02 6.0462701416e+02 6.0466302490e+02 6.0472698975e+02 6.0479699707e+02 6.0486199951e+02 6.0491198730e+02 6.0497802734e+02 6.0504901123e+02 6.0515197754e+02 6.0524401855e+02 6.0533898926e+02 6.0546398926e+02 6.0558898926e+02 6.0571502686e+02 6.0583001709e+02 6.0595898438e+02 6.0610302734e+02 6.0624298096e+02 6.0639300537e+02 6.0654602051e+02 6.0668103027e+02 6.0680603027e+02 6.0691699219e+02 6.0703802490e+02 6.0716802979e+02 6.0728302002e+02
6.0342102051e+02 6.0347302246e+02 6.0351397705e+02 6.0356896973e+02 6.0361901855e+02 6.0366998291e+02 6.0372698975e+02 6.0378997803e+02 6.0385302734e+02 6.0391198730e+02 6.0395697021e+02 6.0400299072e+02 6.0406500244e+02 6.0412799072e+02 6.0419897461e+02 6.0425897217e+02 6.0430902100e+02 6.0436798096e+02 6.0440197754e+02 6.0445800781e+02 6.0451800537e+02 6.0457501221e+02 6.0462701416e+02 6.0469097900e+02 6.0475500488e+02 6.0479998779e+02 6.0487200928e+02 6.0493902588e+02 6.0503399658e+02 6.0514001465e+02 6.0522302246e+02 6.0532897949e+02 6.0544000244e+02 6.0556500244e+02 6.0568499756e+02 6.0581500244e+02 6.0594500732e+02 6.0608398438e+02 6.0623400879e+02 6.0638397217e+02 6.0651702881e+02 6.0664599609e+02 6.0677099609e+02 6.0690100098e+02 6.0702899170e+02 6.0714398193e+02
6.0334197998e+02 6.0339398193e+02 6.0342797852e+02 6.0347601318e+02 6.0353399658e+02 6.0357897949e+02 6.0363897705e+02 6.0370300293e+02 6.0376501465e+02 6.0382299805e+02 6.0387298584e+02 6.0392999268e+02 6.0399401855e+02 6.0404699707e+02 6.0409698486e+02 6.0414801025e+02 6.0419702148e+02 6.0426702881e+02 6.0431201172e+02 6.0434698486e+02 6.0440802002e+02 6.0447100830e+02 6.0453399658e+02 6.0459197998e+02 6.0464898682e+02 6.0470202637e+02 6.0478399658e+02 6.0484802246e+02 6.0493499756e+02 6.0502697754e+02 6.0510400391e+02 6.0520001221e+02 6.0529901123e+02 6.0541802979e+02 6.0555297852e+02 6.0567401123e+02 6.0577600098e+02 6.0591900635e+02 6.0608300781e+02 6.0624102783e+02 6.0636901855e+02 6.0648400879e+02 6.0661199951e+02 6.0675402832e+02 6.0687902832e+02 6.0699597168e+02
6.0327899170e+02 6.0331701660e+02 6.0334698486e+02 6.0339898682e+02 6.0346099854e+02 6.0350000000e+02 6.0355798340e+02 6.0361401367e+02 6.0366998291e+02 6.0372900391e+02 6.0377197266e+02 6.0383099365e+02 6.0390399170e+02 6.0396899414e+02 6.0400799561e+02 6.0404797363e+02 6.0409197998e+02 6.0415802002e+02 6.0420800781e+02 6.0425299072e+02 6.0431701660e+02 6.0437298584e+02 6.0443902588e+02 6.0449700928e+02 6.0455499268e+02 6.0461401367e+02 6.0469396973e+02 6.0475799561e+02 6.0483697510e+02 6.0491497803e+02 6.0498498535e+02 6.0508398438e+02 6.0518597412e+02 6.0528900146e+02 6.0539898682e+02 6.0551800537e+02 6.0564099121e+02 6.0577398682e+02 6.0592102051e+02 6.0607000732e+02 6.0620300293e+02 6.0632098389e+02 6.0643902588e+02 6.0658502197e+02 6.0672100830e+02 6.0685101318e+02
6.0320800781e+02 6.0324298096e+02 6.0326397705e+02 6.0330603027e+02 6.0336297607e+02 6.0341101074e+02 6.0347601318e+02 6.0353100586e+02 6.0358197021e+02 6.0363500977e+02 6.0367999268e+02 6.0373699951e+02 6.0380200195e+02 6.0387402344e+02 6.0393298340e+02 6.0397698975e+02 6.0400402832e+02 6.0405102539e+02 6.0410601807e+02 6.0416699219e+02 6.0423199463e+02 6.0428601074e+02 6.0434197998e+02 6.0439300537e+02 6.0445397949e+02 6.0451599121e+02 6.0458398438e+02 6.0464898682e+02 6.0473101807e+02 6.0480798340e+02 6.0486798096e+02 6.0496197510e+02 6.0506799316e+02 6.0516998291e+02 6.0526800537e+02 6.0538000488e+02 6.0550598145e+02 6.0562200928e+02 6.0576098633e+02 6.0590100098e+02 6.0603497314e+02 6.0615197754e+02 6.0627197266e+02 6.0641699219e+02 6.0656097412e+02 6.0669799805e+02
6.0313098145e+02 6.0317901611e+02 6.0320300293e+02 6.0323602295e+02 6.0327801514e+02 6.0333697510e+02 6.0340301514e+02 6.0345202637e+02 6.0350500488e+02 6.0355700684e+02 6.0361102295e+02 6.0366497803e+02 6.0371099854e+02 6.0377099609e+02 6.0383300781e+02 6.0388598633e+02 6.0392102051e+02 6.0395501709e+02 6.0401397705e+02 6.0407897949e+02 6.0414501953e+02 6.0419299316e+02 6.0424298096e+02 6.0429699707e+02 6.0436602783e+02 6.0442700195e+02 6.0448699951e+02 6.0455401611e+02 6.0463098145e+02 6.0470800781e+02 6.0475799561e+02 6.0485198975e+02 6.0494396973e+02 6.0504302979e+02 6.0514801025e+02 6.0525000000e+02 6.0536999512e+02 6.0548999023e+02 6.0562902832e+02 6.0574902344e+02 6.0586700439e+02 6.0597399902e+02 6.0610302734e+02 6.0625598145e+02 6.0640002441e+02 6.0653497314e+02
6.0304101563e+02 6.0309197998e+02 6.0313098145e+02 6.0317498779e+02 6.0320697021e+02 6.0325201416e+02 6.0331298828e+02 6.0337298584e+02 6.0342602539e+02 6.0348297119e+02 6.0353399658e+02 6.0359698486e+02 6.0364202881e+02 6.0368298340e+02 6.0373101807e+02 6.0378900146e+02 6.0384802246e+02 6.0387902832e+02 6.0392199707e+02 6.0397497559e+02 6.0403399658e+02 6.0409600830e+02 6.0415802002e+02 6.0421197510e+02 6.0426397705e+02 6.0431799316e+02 6.0437402344e+02 6.0444299316e+02 6.0452801514e+02 6.0460498047e+02 6.0465600586e+02 6.0473797607e+02 6.0482501221e+02 6.0491497803e+02 6.0502502441e+02 6.0511901855e+02 6.0523602295e+02 6.0536297607e+02 6.0548999023e+02 6.0559197998e+02 6.0568200684e+02 6.0580297852e+02 6.0593597412e+02 6.0609301758e+02 6.0623602295e+02 6.0637402344e+02
6.0296997070e+02 6.0301898193e+02 6.0305401611e+02 6.0309301758e+02 6.0314001465e+02 6.0319396973e+02 6.0325201416e+02 6.0330902100e+02 6.0336499023e+02 6.0341900635e+02 6.0345202637e+02 6.0350299072e+02 6.0356201172e+02 6.0361798096e+02 6.0365698242e+02 6.0369598389e+02 6.0374700928e+02 6.0380102539e+02 6.0386102295e+02 6.0390002441e+02 6.0394500732e+02 6.0400299072e+02 6.0406597900e+02 6.0412799072e+02 6.0417602539e+02 6.0423498535e+02 6.0429797363e+02 6.0435601807e+02 6.0442602539e+02 6.0451098633e+02 6.0457397461e+02 6.0463397217e+02 6.0471301270e+02 6.0479998779e+02 6.0490997314e+02 6.0500500488e+02 6.0511499023e+02 6.0520599365e+02 6.0532098389e+02 6.0543902588e+02 6.0553497314e+02 6.0565301514e+02 6.0578497314e+02 6.0593298340e+02 6.0607501221e+02 6.0621801758e+02
6.0288299561e+02 6.0293402100e+02 6.0298297119e+02 6.0302697754e+02 6.0306896973e+02 6.0311901855e+02 6.0318103027e+02 6.0323901367e+02 6.0329699707e+02 6.0334997559e+02 6.0338702393e+02 6.0342901611e+02 6.0348199463e+02 6.0353900146e+02 6.0358001709e+02 6.0361401367e+02 6.0365698242e+02 6.0371899414e+02 6.0378302002e+02 6.0382702637e+02 6.0386499023e+02 6.0390997314e+02 6.0396398926e+02 6.0402697754e+02 6.0407598877e+02 6.0414501953e+02 6.0421398926e+02 6.0426202393e+02 6.0432202148e+02 6.0440802002e+02 6.0448498535e+02 6.0453497314e+02 6.0460198975e+02 6.0468902588e+02 6.0479199219e+02 6.0488897705e+02 6.0500097656e+02 6.0507702637e+02 6.0517901611e+02 6.0529498291e+02 6.0539898682e+02 6.0551300049e+02 6.0564697266e+02 6.0578802490e+02 6.0591900635e+02 6.0605902100e+02
6.0280798340e+02 6.0285699463e+02 6.0291302490e+02 6.0295898438e+02 6.0300299072e+02 6.0304498291e+02 6.0309497070e+02 6.0314898682e+02 6.0321600342e+02 6.0326300049e+02 6.0331097412e+02 6.0335998535e+02 6.0340698242e+02 6.0345300293e+02 6.0348797607e+02 6.0352197266e+02 6.0356597900e+02 6.0362902832e+02 6.0368902588e+02 6.0374200439e+02 6.0379498291e+02 6.0384197998e+02 6.0388000488e+02 6.0392999268e+02 6.0397802734e+02 6.0404901123e+02 6.0411999512e+02 6.0416400146e+02 6.0421697998e+02 6.0429602051e+02 6.0437799072e+02 6.0444299316e+02 6.0451702881e+02 6.0459399414e+02 6.0468298340e+02 6.0476501465e+02 6.0486199951e+02 6.0495599365e+02 6.0506298828e+02 6.0516900635e+02 6.0526800537e+02 6.0537701416e+02 6.0551599121e+02 6.0566198730e+02 6.0578002930e+02 6.0589898682e+02
6.0275500488e+02 6.0280200195e+02 6.0283697510e+02 6.0288201904e+02 6.0293597412e+02 6.0298297119e+02 6.0301800537e+02 6.0306701660e+02 6.0314501953e+02 6.0318902588e+02 6.0322998047e+02 6.0328698730e+02 6.0332800293e+02 6.0336199951e+02 6.0339398193e+02 6.0344598389e+02 6.0348901367e+02 6.0354602051e+02 6.0360302734e+02 6.0365002441e+02 6.0370898438e+02 6.0376300049e+02 6.0380200195e+02 6.0384399414e+02 6.0388897705e+02 6.0395202637e+02 6.0402697754e+02 6.0408197021e+02 6.0414001465e+02 6.0419897461e+02 6.0425701904e+02 6.0433697510e+02 6.0443402100e+02 6.0449700928e+02 6.0456799316e+02 6.0464801025e+02 6.0473199463e+02 6.0483801270e+02 6.0494598389e+02 6.0504602051e+02 6.0514300537e+02 6.0525799561e+02 6.0538299561e+02 6.0552398682e+02 6.0563897705e+02 6.0575500488e+02
6.0269299316e+02 6.0273498535e+02 6.0276501465e+02 6.0280499268e+02 6.0285900879e+02 6.0290698242e+02 6.0294097900e+02 6.0298498535e+02 6.0305200195e+02 6.0310400391e+02 6.0315399170e+02 6.0320800781e+02 6.0323699951e+02 6.0329101563e+02 6.0333300781e+02 6.0337500000e+02 6.0340802002e+02 6.0345202637e+02 6.0350097656e+02 6.0354797363e+02 6.0360601807e+02 6.0367297363e+02 6.0372802734e+02 6.0376702881e+02 6.0380200195e+02 6.0384197998e+02 6.0390399170e+02 6.0396801758e+02 6.0404199219e+02 6.0412097168e+02 6.0417999268e+02 6.0423400879e+02 6.0429797363e+02 6.0439001465e+02 6.0447802734e+02 6.0456298828e+02 6.0464202881e+02 6.0472698975e+02 6.0482098389e+02 6.0492102051e+02 6.0500897217e+02 6.0511199951e+02 6.0523699951e+02 6.0537402344e+02 6.0548797607e+02 6.0561102295e+02
6.0261901855e+02 6.0265502930e+02 6.0270697021e+02 6.0275097656e+02 6.0278997803e+02 6.0283300781e+02 6.0286901855e+02 6.0290899658e+02 6.0296801758e+02 6.0302099609e+02 6.0306597900e+02 6.0311199951e+02 6.0314898682e+02 6.0321301270e+02 6.0324102783e+02 6.0326000977e+02 6.0330700684e+02 6.0335900879e+02 6.0340802002e+02 6.0346197510e+02 6.0352301025e+02 6.0358197021e+02 6.0363800049e+02 6.0368597412e+02 6.0372802734e+02 6.0376501465e+02 6.0381597900e+02 6.0387097168e+02 6.0394201660e+02 6.0402099609e+02 6.0409002686e+02 6.0414300537e+02 6.0419299316e+02 6.0429101563e+02 6.0437799072e+02 6.0445599365e+02 6.0454302979e+02 6.0461901855e+02 6.0470697021e+02 6.0480999756e+02 6.0490002441e+02 6.0500402832e+02 6.0511798096e+02 6.0523901367e+02 6.0535101318e+02 6.0546899414e+02
6.0255700684e+02 6.0259002686e+02 6.0264398193e+02 6.0268298340e+02 6.0271197510e+02 6.0275598145e+02 6.0279901123e+02 6.0284399414e+02 6.0290100098e+02 6.0294598389e+02 6.0297601318e+02 6.0301397705e+02 6.0306597900e+02 6.0312200928e+02 6.0314599609e+02 6.0316998291e+02 6.0322497559e+02 6.0327697754e+02 6.0332000732e+02 6.0337701416e+02 6.0343798828e+02 6.0348901367e+02 6.0353302002e+02 6.0358398438e+02 6.0363598633e+02 6.0368597412e+02 6.0373901367e+02 6.0378900146e+02 6.0384802246e+02 6.0390802002e+02 6.0397802734e+02 6.0405102539e+02 6.0411602783e+02 6.0420697021e+02 6.0427697754e+02 6.0434497070e+02 6.0444500732e+02 6.0452001953e+02 6.0460101318e+02 6.0470001221e+02 6.0479101563e+02 6.0489398193e+02 6.0499700928e+02 6.0510198975e+02 6.0521002197e+02 6.0531298828e+02
