TESTSERVER/12/11.asc
NCOLS 100
NROWS 100
XLLCORNER 8.0997500000e+03
YLLCORNER 2.8940025000e+05
CELLSIZE 5.0000000000e-01
NODATA_VALUE -9.9990000000e+03
[rows 60 to 79 of 100, columns 0 to 45 of 100]
6.0008001709e+02 6.0012402344e+02 6.0019097900e+02 6.0025598145e+02 6.0031896973e+02 6.0034399414e+02 6.0037500000e+02 6.0042297363e+02 6.0047998047e+02 6.0053100586e+02 6.0058001709e+02 6.0063397217e+02 6.0068798828e+02 6.0074298096e+02 6.0079901123e+02 6.0085101318e+02 6.0090802002e+02 6.0096398926e+02 6.0101501465e+02 6.0107299805e+02 6.0113702393e+02 6.0120397949e+02 6.0126599121e+02 6.0131500244e+02 6.0136401367e+02 6.0143402100e+02 6.0150299072e+02 6.0154901123e+02 6.0158898926e+02 6.0164501953e+02 6.0172601318e+02 6.0178302002e+02 6.0182702637e+02 6.0187200928e+02 6.0191802979e+02 6.0196801758e+02 6.0200299072e+02 6.0207897949e+02 6.0212799072e+02 6.0216998291e+02 6.0222302246e+02 6.0227001953e+02 6.0231500244e+02 6.0236102295e+02 6.0240502930e+02 6.0244299316e+02
6.0004302979e+02 6.0008197021e+02 6.0013098145e+02 6.0019000244e+02 6.0025598145e+02 6.0029699707e+02 6.0034698486e+02 6.0038800049e+02 6.0043701172e+02 6.0049499512e+02 6.0054498291e+02 6.0059197998e+02 6.0063500977e+02 6.0068798828e+02 6.0072998047e+02 6.0078601074e+02 6.0084698486e+02 6.0089398193e+02 6.0094897461e+02 6.0101098633e+02 6.0107098389e+02 6.0113598633e+02 6.0119598389e+02 6.0124597168e+02 6.0129699707e+02 6.0136102295e+02 6.0142297363e+02 6.0148400879e+02 6.0154400635e+02 6.0158801270e+02 6.0165899658e+02 6.0171899414e+02 6.0176599121e+02 6.0181097412e+02 6.0186297607e+02 6.0191101074e+02 6.0195098877e+02 6.0200701904e+02 6.0205102539e+02 6.0210601807e+02 6.0215997314e+02 6.0220397949e+02 6.0224902344e+02 6.0229400635e+02 6.0233502197e+02 6.0237097168e+02
6.0001800537e+02 6.0005401611e+02 6.0009100342e+02 6.0014398193e+02 6.0020501709e+02 6.0024902344e+02 6.0030102539e+02 6.0034197998e+02 6.0039599609e+02 6.0045001221e+02 6.0049597168e+02 6.0054101563e+02 6.0059301758e+02 6.0064001465e+02 6.0068103027e+02 6.0074499512e+02 6.0078601074e+02 6.0083197021e+02 6.0089001465e+02 6.0094598389e+02 6.0099798584e+02 6.0106097412e+02 6.0112097168e+02 6.0117498779e+02 6.0123297119e+02 6.0129302979e+02 6.0134899902e+02 6.0141198730e+02 6.0147998047e+02 6.0153302002e+02 6.0159600830e+02 6.0165301514e+02 6.0170800781e+02 6.0175201416e+02 6.0179400635e+02 6.0184399414e+02 6.0190399170e+02 6.0195202637e+02 6.0197698975e+02 6.0202600098e+02 6.0208599854e+02 6.0213500977e+02 6.0218200684e+02 6.0222698975e+02 6.0226397705e+02 6.0230200195e+02
5.9996899414e+02 6.0001397705e+02 6.0005297852e+02 6.0009399414e+02 6.0014801025e+02 6.0019500732e+02 6.0023901367e+02 6.0028601074e+02 6.0034997559e+02 6.0040600586e+02 6.0045098877e+02 6.0049902344e+02 6.0055297852e+02 6.0059197998e+02 6.0063702393e+02 6.0069097900e+02 6.0072900391e+02 6.0078100586e+02 6.0083398438e+02 6.0087902832e+02 6.0092797852e+02 6.0098797607e+02 6.0104602051e+02 6.0110302734e+02 6.0115997314e+02 6.0122497559e+02 6.0128198242e+02 6.0133502197e+02 6.0139501953e+02 6.0145202637e+02 6.0152001953e+02 6.0158197021e+02 6.0164300537e+02 6.0168902588e+02 6.0172802734e+02 6.0178100586e+02 6.0185198975e+02 6.0190301514e+02 6.0192700195e+02 6.0196801758e+02 6.0201702881e+02 6.0206701660e+02 6.0211499023e+02 6.0215899658e+02 6.0220098877e+02 6.0223797607e+02
5.9992199707e+02 5.9996502686e+02 6.0001397705e+02 6.0004400635e+02 6.0007800293e+02 6.0013598633e+02 6.0018902588e+02 6.0024700928e+02 6.0030297852e+02 6.0035302734e+02 6.0040197754e+02 6.0045501709e+02 6.0049902344e+02 6.0053497314e+02 6.0057800293e+02 6.0062200928e+02 6.0067602539e+02 6.0073498535e+02 6.0078399658e+02 6.0082202148e+02 6.0086102295e+02 6.0092297363e+02 6.0097998047e+02 6.0103002930e+02 6.0108599854e+02 6.0115100098e+02 6.0121197510e+02 6.0126202393e+02 6.0131402588e+02 6.0137799072e+02 6.0144000244e+02 6.0149798584e+02 6.0155999756e+02 6.0162200928e+02 6.0167498779e+02 6.0172100830e+02 6.0176300049e+02 6.0182098389e+02 6.0187402344e+02 6.0192797852e+02 6.0196002197e+02 6.0200000000e+02 6.0205200195e+02 6.0209698486e+02 6.0214300537e+02 6.0217102051e+02
5.9987200928e+02 5.9991101074e+02 5.9995300293e+02 5.9999200439e+02 6.0003497314e+02 6.0008398438e+02 6.0012402344e+02 6.0018597412e+02 6.0025598145e+02 6.0030102539e+02 6.0034600830e+02 6.0040502930e+02 6.0045599365e+02 6.0047998047e+02 6.0052099609e+02 6.0056896973e+02 6.0062402344e+02 6.0068597412e+02 6.0073101807e+02 6.0076800537e+02 6.0080603027e+02 6.0085498047e+02 6.0090301514e+02 6.0095202637e+02 6.0101000977e+02 6.0108502197e+02 6.0115698242e+02 6.0120697021e+02 6.0124798584e+02 6.0129699707e+02 6.0135601807e+02 6.0141998291e+02 6.0148498535e+02 6.0154602051e+02 6.0161199951e+02 6.0166998291e+02 6.0171002197e+02 6.0175097656e+02 6.0179901123e+02 6.0185900879e+02 6.0190698242e+02 6.0195001221e+02 6.0199102783e+02 6.0202801514e+02 6.0207598877e+02 6.0211999512e+02
5.9982501221e+02 5.9986499023e+02 5.9989801025e+02 5.9994598389e+02 5.9999902344e+02 6.0004901123e+02 6.0008197021e+02 6.0013702393e+02 6.0020501709e+02 6.0024597168e+02 6.0028698730e+02 6.0034600830e+02 6.0039801025e+02 6.0042401123e+02 6.0046697998e+02 6.0051300049e+02 6.0055902100e+02 6.0062402344e+02 6.0067199707e+02 6.0071002197e+02 6.0075299072e+02 6.0079199219e+02 6.0083599854e+02 6.0089202881e+02 6.0094702148e+02 6.0101000977e+02 6.0106701660e+02 6.0111798096e+02 6.0117901611e+02 6.0122198486e+02 6.0127301025e+02 6.0134197998e+02 6.0141198730e+02 6.0147601318e+02 6.0154101563e+02 6.0159899902e+02 6.0165002441e+02 6.0169299316e+02 6.0173498535e+02 6.0178900146e+02 6.0184497070e+02 6.0190197754e+02 6.0194500732e+02 6.0197601318e+02 6.0200897217e+02 6.0205297852e+02
5.9978100586e+02 5.9983502197e+02 5.9986199951e+02 5.9990899658e+02 5.9995898438e+02 6.0001098633e+02 6.0005297852e+02 6.0010302734e+02 6.0015002441e+02 6.0018597412e+02 6.0022900391e+02 6.0028802490e+02 6.0033801270e+02 6.0037298584e+02 6.0042297363e+02 6.0046697998e+02 6.0050299072e+02 6.0055603027e+02 6.0060601807e+02 6.0065399170e+02 6.0070397949e+02 6.0073797607e+02 6.0078302002e+02 6.0083898926e+02 6.0088702393e+02 6.0093798828e+02 6.0098101807e+02 6.0103399658e+02 6.0111102295e+02 6.0115502930e+02 6.0120501709e+02 6.0126898193e+02 6.0133300781e+02 6.0140197754e+02 6.0146398926e+02 6.0152099609e+02 6.0157800293e+02 6.0163800049e+02 6.0168200684e+02 6.0172399902e+02 6.0176898193e+02 6.0182598877e+02 6.0188702393e+02 6.0193499756e+02 6.0197100830e+02 6.0199798584e+02
5.9974499512e+02 5.9979400635e+02 5.9982397461e+02 5.9986297607e+02 5.9990997314e+02 5.9996301270e+02 6.0001202393e+02 6.0005999756e+02 6.0011102295e+02 6.0014300537e+02 6.0017901611e+02 6.0023602295e+02 6.0029699707e+02 6.0033697510e+02 6.0037799072e+02 6.0042199707e+02 6.0046697998e+02 6.0051000977e+02 6.0054400635e+02 6.0058300781e+02 6.0064898682e+02 6.0070501709e+02 6.0074499512e+02 6.0078302002e+02 6.0082501221e+02 6.0087701416e+02 6.0092102051e+02 6.0096801758e+02 6.0103302002e+02 6.0108300781e+02 6.0114801025e+02 6.0120599365e+02 6.0125299072e+02 6.0132098389e+02 6.0138098145e+02 6.0144396973e+02 6.0150897217e+02 6.0156298828e+02 6.0161102295e+02 6.0166198730e+02 6.0171600342e+02 6.0175799561e+02 6.0181597900e+02 6.0186798096e+02 6.0191601563e+02 6.0193298340e+02
5.9969000244e+02 5.9972698975e+02 5.9977197266e+02 5.9982299805e+02 5.9986602783e+02 5.9991101074e+02 5.9996197510e+02 6.0001501465e+02 6.0006701660e+02 6.0010699463e+02 6.0014599609e+02 6.0019299316e+02 6.0024102783e+02 6.0028198242e+02 6.0032202148e+02 6.0036999512e+02 6.0041101074e+02 6.0046197510e+02 6.0050299072e+02 6.0052600098e+02 6.0057501221e+02 6.0063897705e+02 6.0069598389e+02 6.0074298096e+02 6.0077600098e+02 6.0081201172e+02 6.0087097168e+02 6.0091699219e+02 6.0096697998e+02 6.0100897217e+02 6.0106896973e+02 6.0112799072e+02 6.0118200684e+02 6.0125500488e+02 6.0130902100e+02 6.0136999512e+02 6.0143499756e+02 6.0147900391e+02 6.0152697754e+02 6.0159497070e+02 6.0165002441e+02 6.0169396973e+02 6.0174401855e+02 6.0178302002e+02 6.0183398438e+02 6.0187097168e+02
5.9964099121e+02 5.9968499756e+02 5.9973498535e+02 5.9978900146e+02 5.9982397461e+02 5.9986602783e+02 5.9991802979e+02 5.9996697998e+02 6.0001397705e+02 6.0007299805e+02 6.0011798096e+02 6.0015301514e+02 6.0018402100e+02 6.0021899414e+02 6.0026098633e+02 6.0031500244e+02 6.0035601807e+02 6.0040698242e+02 6.0045800781e+02 6.0048498535e+02 6.0052301025e+02 6.0058197021e+02 6.0064398193e+02 6.0069299316e+02 6.0072601318e+02 6.0075897217e+02 6.0080999756e+02 6.0084997559e+02 6.0090600586e+02 6.0094299316e+02 6.0098901367e+02 6.0105102539e+02 6.0111901855e+02 6.0118402100e+02 6.0124102783e+02 6.0130102539e+02 6.0136102295e+02 6.0141400146e+02 6.0146600342e+02 6.0153497314e+02 6.0158197021e+02 6.0162701416e+02 6.0167401123e+02 6.0170800781e+02 6.0175598145e+02 6.0180102539e+02
5.9958502197e+02 5.9964398193e+02 5.9969702148e+02 5.9974401855e+02 5.9977001953e+02 5.9982000732e+02 5.9988201904e+02 5.9992498779e+02 5.9995501709e+02 6.0001202393e+02 6.0006298828e+02 6.0009997559e+02 6.0013598633e+02 6.0018402100e+02 6.0021502686e+02 6.0026000977e+02 6.0030297852e+02 6.0034899902e+02 6.0040600586e+02 6.0045098877e+02 6.0049499512e+02 6.0055102539e+02 6.0060101318e+02 6.0064099121e+02 6.0067602539e+02 6.0071301270e+02 6.0075402832e+02 6.0078698730e+02 6.0084100342e+02 6.0087298584e+02 6.0091802979e+02 6.0098199463e+02 6.0105499268e+02 6.0111297607e+02 6.0117602539e+02 6.0123602295e+02 6.0128698730e+02 6.0134600830e+02 6.0140002441e+02 6.0145697021e+02 6.0150701904e+02 6.0155499268e+02 6.0160601807e+02 6.0164801025e+02 6.0169201660e+02 6.0173199463e+02
5.9951800537e+02 5.9958502197e+02 5.9964001465e+02 5.9968298340e+02 5.9972100830e+02 5.9977697754e+02 5.9984600830e+02 5.9988299561e+02 5.9989501953e+02 5.9994299316e+02 5.9999499512e+02 6.0004498291e+02 6.0007800293e+02 6.0014697266e+02 6.0017401123e+02 6.0020202637e+02 6.0024200439e+02 6.0028601074e+02 6.0034301758e+02 6.0040698242e+02 6.0047302246e+02 6.0051300049e+02 6.0055297852e+02 6.0059197998e+02 6.0063201904e+02 6.0065997314e+02 6.0069598389e+02 6.0072601318e+02 6.0076599121e+02 6.0081298828e+02 6.0086999512e+02 6.0092602539e+02 6.0098901367e+02 6.0104699707e+02 6.0110302734e+02 6.0115997314e+02 6.0121197510e+02 6.0126898193e+02 6.0134002686e+02 6.0139599609e+02 6.0143701172e+02 6.0147998047e+02 6.0153198242e+02 6.0158197021e+02 6.0162701416e+02 6.0167700195e+02
5.9946099854e+02 5.9951702881e+02 5.9956896973e+02 5.9961602783e+02 5.9966802979e+02 5.9971398926e+02 5.9977001953e+02 5.9982000732e+02 5.9984899902e+02 5.9989398193e+02 5.9993701172e+02 5.9998498535e+02 6.0002001953e+02 6.0008599854e+02 6.0012097168e+02 6.0015399170e+02 6.0019799805e+02 6.0023797607e+02 6.0028399658e+02 6.0034399414e+02 6.0040399170e+02 6.0046600342e+02 6.0050799561e+02 6.0054498291e+02 6.0058099365e+02 6.0061102295e+02 6.0064898682e+02 6.0067797852e+02 6.0071502686e+02 6.0075897217e+02 6.0082397461e+02 6.0086499023e+02 6.0091302490e+02 6.0099298096e+02 6.0104199219e+02 6.0108898926e+02 6.0114599609e+02 6.0121301270e+02 6.0128802490e+02 6.0134002686e+02 6.0138299561e+02 6.0142797852e+02 6.0147399902e+02 6.0151501465e+02 6.0156701660e+02 6.0161401367e+02
5.9941400146e+02 5.9945300293e+02 5.9949798584e+02 5.9954498291e+02 5.9959899902e+02 5.9964599609e+02 5.9969897461e+02 5.9975897217e+02 5.9980499268e+02 5.9984997559e+02 5.9989300537e+02 5.9993902588e+02 5.9996600342e+02 6.0000701904e+02 6.0004998779e+02 6.0009698486e+02 6.0014599609e+02 6.0019598389e+02 6.0024200439e+02 6.0029400635e+02 6.0033697510e+02 6.0040002441e+02 6.0045001221e+02 6.0049200439e+02 6.0053002930e+02 6.0057299805e+02 6.0060302734e+02 6.0062500000e+02 6.0066400146e+02 6.0070800781e+02 6.0077197266e+02 6.0082000732e+02 6.0086700439e+02 6.0092797852e+02 6.0097900391e+02 6.0103497314e+02 6.0109100342e+02 6.0115600586e+02 6.0122497559e+02 6.0127398682e+02 6.0132702637e+02 6.0137902832e+02 6.0141601563e+02 6.0145599365e+02 6.0151300049e+02 6.0155401611e+02
5.9935198975e+02 5.9939001465e+02 5.9943298340e+02 5.9947998047e+02 5.9953198242e+02 5.9958300781e+02 5.9963500977e+02 5.9969097900e+02 5.9974499512e+02 5.9979302979e+02 5.9983502197e+02 5.9988000488e+02 5.9990600586e+02 5.9994299316e+02 5.9998797607e+02 6.0003302002e+02 6.0008898926e+02 6.0014300537e+02 6.0019000244e+02 6.0024298096e+02 6.0028399658e+02 6.0032501221e+02 6.0038000488e+02 6.0043597412e+02 6.0047601318e+02 6.0051898193e+02 6.0055102539e+02 6.0057897949e+02 6.0062200928e+02 6.0066497803e+02 6.0071398926e+02 6.0076599121e+02 6.0082897949e+02 6.0086700439e+02 6.0091400146e+02 6.0098101807e+02 6.0103997803e+02 6.0108801270e+02 6.0115197754e+02 6.0120697021e+02 6.0126397705e+02 6.0132202148e+02 6.0135900879e+02 6.0139697266e+02 6.0144396973e+02 6.0148699951e+02
5.9928698730e+02 5.9932397461e+02 5.9936901855e+02 5.9941497803e+02 5.9947601318e+02 5.9952001953e+02 5.9957000732e+02 5.9963397217e+02 5.9970098877e+02 5.9973199463e+02 5.9976098633e+02 5.9980603027e+02 5.9983502197e+02 5.9990301514e+02 5.9995397949e+02 5.9998400879e+02 6.0003198242e+02 6.0008300781e+02 6.0013000488e+02 6.0019299316e+02 6.0026000977e+02 6.0027697754e+02 6.0031799316e+02 6.0038397217e+02 6.0044396973e+02 6.0047302246e+02 6.0050897217e+02 6.0055102539e+02 6.0059399414e+02 6.0063299561e+02 6.0066998291e+02 6.0070800781e+02 6.0076898193e+02 6.0081500244e+02 6.0085797119e+02 6.0090997314e+02 6.0095599365e+02 6.0102099609e+02 6.0109002686e+02 6.0114697266e+02 6.0120098877e+02 6.0125897217e+02 6.0130603027e+02 6.0135198975e+02 6.0138098145e+02 6.0142102051e+02
5.9922601318e+02 5.9927197266e+02 5.9932800293e+02 5.9936999512e+02 5.9940899658e+02 5.9945501709e+02 5.9950799561e+02 5.9957501221e+02 5.9963201904e+02 5.9966400146e+02 5.9969201660e+02 5.9974401855e+02 5.9979199219e+02 5.9986102295e+02 5.9990899658e+02 5.9994097900e+02 5.9997998047e+02 6.0001501465e+02 6.0007202148e+02 6.0013397217e+02 6.0018200684e+02 6.0023199463e+02 6.0028399658e+02 6.0032501221e+02 6.0037097168e+02 6.0041699219e+02 6.0047100830e+02 6.0051800537e+02 6.0055603027e+02 6.0059301758e+02 6.0063299561e+02 6.0066198730e+02 6.0071301270e+02 6.0076898193e+02 6.0080798340e+02 6.0084802246e+02 6.0090399170e+02 6.0097698975e+02 6.0103802490e+02 6.0109002686e+02 6.0113098145e+02 6.0118402100e+02 6.0123999023e+02 6.0128399658e+02 6.0131896973e+02 6.0135900879e+02
5.9917401123e+02 5.9921697998e+02 5.9927398682e+02 5.9932000732e+02 5.9936102295e+02 5.9941302490e+02 5.9946099854e+02 5.9950701904e+02 5.9955200195e+02 5.9959997559e+02 5.9964001465e+02 5.9969500732e+02 5.9974597168e+02 5.9980603027e+02 5.9985101318e+02 5.9989398193e+02 5.9993701172e+02 5.9996801758e+02 6.0001702881e+02 6.0007897949e+02 6.0011798096e+02 6.0018701172e+02 6.0024597168e+02 6.0027197266e+02 6.0031701660e+02 6.0036602783e+02 6.0041302490e+02 6.0045697021e+02 6.0050201416e+02 6.0055102539e+02 6.0059301758e+02 6.0062298584e+02 6.0067700195e+02 6.0072802734e+02 6.0076000977e+02 6.0079199219e+02 6.0083099365e+02 6.0089697266e+02 6.0095800781e+02 6.0102001953e+02 6.0106701660e+02 6.0111297607e+02 6.0115698242e+02 6.0119299316e+02 6.0124499512e+02 6.0128997803e+02
5.9913397217e+02 5.9917199707e+02 5.9921600342e+02 5.9926000977e+02 5.9930798340e+02 5.9935302734e+02 5.9940197754e+02 5.9944702148e+02 5.9949700928e+02 5.9955200195e+02 5.9959301758e+02 5.9964202881e+02 5.9969000244e+02 5.9975598145e+02 5.9980102539e+02 5.9984497070e+02 5.9988897705e+02 5.9992901611e+02 5.9996997070e+02 6.0003399658e+02 6.0007598877e+02 6.0013397217e+02 6.0019396973e+02 6.0023199463e+02 6.0028002930e+02 6.0031597900e+02 6.0035400391e+02 6.0039599609e+02 6.0044702148e+02 6.0050897217e+02 6.0054998779e+02 6.0058099365e+02 6.0063201904e+02 6.0066400146e+02 6.0070098877e+02 6.0074200439e+02 6.0077301025e+02 6.0082598877e+02 6.0087701416e+02 6.0093902588e+02 6.0100299072e+02 6.0104998779e+02 6.0108197021e+02 6.0111401367e+02 6.0116998291e+02 6.0121697998e+02
