TESTSERVER/12/12.asc
NCOLS 100
NROWS 100
XLLCORNER 8.0997500000e+03
YLLCORNER 2.8935025000e+05
CELLSIZE 5.0000000000e-01
NODATA_VALUE -9.9990000000e+03
[rows 60 to 79 of 100, columns 46 to 91 of 100]
5.9655902100e+02 5.9661499023e+02 5.9667297363e+02 5.9674200439e+02 5.9681201172e+02 5.9685302734e+02 5.9689001465e+02 5.9695202637e+02 5.9702398682e+02 5.9708001709e+02 5.9713500977e+02 5.9719201660e+02 5.9725201416e+02 5.9730999756e+02 5.9737500000e+02 5.9743402100e+02 5.9746197510e+02 5.9751000977e+02 5.9756799316e+02 5.9762701416e+02 5.9766998291e+02 5.9769799805e+02 5.9774401855e+02 5.9778302002e+02 5.9784002686e+02 5.9788598633e+02 5.9792498779e+02 5.9797998047e+02 5.9802801514e+02 5.9806799316e+02 5.9808898926e+02 5.9813702393e+02 5.9818701172e+02 5.9822198486e+02 5.9826599121e+02 5.9831201172e+02 5.9834002686e+02 5.9837902832e+02 5.9840600586e+02 5.9842700195e+02 5.9846801758e+02 5.9851397705e+02 5.9855798340e+02 5.9858300781e+02 5.9861401367e+02 5.9864001465e+02
5.9646899414e+02 5.9652398682e+02 5.9658898926e+02 5.9666900635e+02 5.9673797607e+02 5.9677301025e+02 5.9683001709e+02 5.9689697266e+02 5.9696502686e+02 5.9701599121e+02 5.9707702637e+02 5.9712298584e+02 5.9717498779e+02 5.9724200439e+02 5.9730999756e+02 5.9736499023e+02 5.9740502930e+02 5.9744396973e+02 5.9749102783e+02 5.9754901123e+02 5.9758801270e+02 5.9762298584e+02 5.9767102051e+02 5.9772100830e+02 5.9778198242e+02 5.9782897949e+02 5.9786401367e+02 5.9791198730e+02 5.9795800781e+02 5.9801098633e+02 5.9804400635e+02 5.9808099365e+02 5.9812902832e+02 5.9817199707e+02 5.9821398926e+02 5.9824200439e+02 5.9826000977e+02 5.9831597900e+02 5.9835198975e+02 5.9839001465e+02 5.9842999268e+02 5.9845800781e+02 5.9849298096e+02 5.9852801514e+02 5.9856701660e+02 5.9860900879e+02
5.9638598633e+02 5.9644500732e+02 5.9651098633e+02 5.9658099365e+02 5.9664697266e+02 5.9670001221e+02 5.9676098633e+02 5.9681500244e+02 5.9688897705e+02 5.9694097900e+02 5.9699499512e+02 5.9704901123e+02 5.9709997559e+02 5.9715698242e+02 5.9722998047e+02 5.9729101563e+02 5.9734197998e+02 5.9739099121e+02 5.9743597412e+02 5.9747900391e+02 5.9751501465e+02 5.9756597900e+02 5.9762097168e+02 5.9766802979e+02 5.9771997070e+02 5.9777398682e+02 5.9781597900e+02 5.9784997559e+02 5.9789398193e+02 5.9794897461e+02 5.9799401855e+02 5.9803399658e+02 5.9807598877e+02 5.9811401367e+02 5.9815399170e+02 5.9817498779e+02 5.9819097900e+02 5.9825000000e+02 5.9829199219e+02 5.9834002686e+02 5.9838000488e+02 5.9840899658e+02 5.9843902588e+02 5.9846398926e+02 5.9850500488e+02 5.9856201172e+02
5.9631097412e+02 5.9637597656e+02 5.9644000244e+02 5.9649798584e+02 5.9656597900e+02 5.9662701416e+02 5.9668499756e+02 5.9674401855e+02 5.9681896973e+02 5.9686401367e+02 5.9690899658e+02 5.9696899414e+02 5.9702197266e+02 5.9706402588e+02 5.9713098145e+02 5.9720300293e+02 5.9726898193e+02 5.9733398438e+02 5.9739099121e+02 5.9743402100e+02 5.9745599365e+02 5.9750402832e+02 5.9756799316e+02 5.9761297607e+02 5.9766198730e+02 5.9771398926e+02 5.9775799561e+02 5.9779199219e+02 5.9783697510e+02 5.9789202881e+02 5.9793298340e+02 5.9797998047e+02 5.9802502441e+02 5.9806298828e+02 5.9810101318e+02 5.9812298584e+02 5.9814202881e+02 5.9819000244e+02 5.9822698975e+02 5.9827801514e+02 5.9832501221e+02 5.9836499023e+02 5.9839599609e+02 5.9841400146e+02 5.9844598389e+02 5.9849102783e+02
5.9620501709e+02 5.9628302002e+02 5.9634802246e+02 5.9642401123e+02 5.9649499512e+02 5.9655200195e+02 5.9659997559e+02 5.9666699219e+02 5.9673101807e+02 5.9679199219e+02 5.9684600830e+02 5.9689501953e+02 5.9695300293e+02 5.9700598145e+02 5.9706597900e+02 5.9712701416e+02 5.9719799805e+02 5.9726098633e+02 5.9731402588e+02 5.9738000488e+02 5.9742297363e+02 5.9744500732e+02 5.9748901367e+02 5.9753698730e+02 5.9759301758e+02 5.9764599609e+02 5.9768902588e+02 5.9774499512e+02 5.9779699707e+02 5.9784399414e+02 5.9788598633e+02 5.9792602539e+02 5.9795599365e+02 5.9799902344e+02 5.9804302979e+02 5.9807501221e+02 5.9810900879e+02 5.9813702393e+02 5.9816601563e+02 5.9821301270e+02 5.9826599121e+02 5.9829901123e+02 5.9833001709e+02 5.9835797119e+02 5.9839501953e+02 5.9842700195e+02
5.9611798096e+02 5.9618200684e+02 5.9625201416e+02 5.9633502197e+02 5.9640698242e+02 5.9647900391e+02 5.9653198242e+02 5.9659802246e+02 5.9664898682e+02 5.9670800781e+02 5.9678198242e+02 5.9683801270e+02 5.9690002441e+02 5.9694097900e+02 5.9699499512e+02 5.9705700684e+02 5.9711102295e+02 5.9716699219e+02 5.9722100830e+02 5.9727801514e+02 5.9733801270e+02 5.9738299561e+02 5.9741699219e+02 5.9745800781e+02 5.9750897217e+02 5.9757098389e+02 5.9762701416e+02 5.9769799805e+02 5.9774401855e+02 5.9778900146e+02 5.9782702637e+02 5.9785797119e+02 5.9789801025e+02 5.9793597412e+02 5.9797802734e+02 5.9802001953e+02 5.9804699707e+02 5.9808398438e+02 5.9811798096e+02 5.9815899658e+02 5.9821398926e+02 5.9825598145e+02 5.9827697754e+02 5.9830499268e+02 5.9834600830e+02 5.9838598633e+02
5.9605297852e+02 5.9611798096e+02 5.9618499756e+02 5.9625402832e+02 5.9631701660e+02 5.9639501953e+02 5.9646197510e+02 5.9653497314e+02 5.9659497070e+02 5.9665197754e+02 5.9672198486e+02 5.9676702881e+02 5.9682598877e+02 5.9685998535e+02 5.9690802002e+02 5.9698101807e+02 5.9703900146e+02 5.9709301758e+02 5.9714099121e+02 5.9719299316e+02 5.9726202393e+02 5.9733001709e+02 5.9736401367e+02 5.9740399170e+02 5.9744897461e+02 5.9751397705e+02 5.9757000732e+02 5.9762500000e+02 5.9766900635e+02 5.9772497559e+02 5.9777197266e+02 5.9780401611e+02 5.9783502197e+02 5.9787500000e+02 5.9791900635e+02 5.9795800781e+02 5.9798199463e+02 5.9802697754e+02 5.9807000732e+02 5.9810998535e+02 5.9815399170e+02 5.9820202637e+02 5.9822100830e+02 5.9825000000e+02 5.9829602051e+02 5.9834301758e+02
5.9597802734e+02 5.9605603027e+02 5.9611901855e+02 5.9617602539e+02 5.9622601318e+02 5.9630603027e+02 5.9638397217e+02 5.9644000244e+02 5.9651702881e+02 5.9658801270e+02 5.9665802002e+02 5.9669702148e+02 5.9675598145e+02 5.9680999756e+02 5.9685498047e+02 5.9692102051e+02 5.9697100830e+02 5.9702801514e+02 5.9707098389e+02 5.9713299561e+02 5.9719000244e+02 5.9725799561e+02 5.9730499268e+02 5.9735601807e+02 5.9740600586e+02 5.9745898438e+02 5.9750701904e+02 5.9755102539e+02 5.9759301758e+02 5.9765399170e+02 5.9770300293e+02 5.9773901367e+02 5.9777099609e+02 5.9781298828e+02 5.9785699463e+02 5.9790002441e+02 5.9792797852e+02 5.9796398926e+02 5.9801000977e+02 5.9805603027e+02 5.9809002686e+02 5.9813800049e+02 5.9816601563e+02 5.9819299316e+02 5.9823797607e+02 5.9828802490e+02
5.9590802002e+02 5.9597998047e+02 5.9603198242e+02 5.9610198975e+02 5.9615301514e+02 5.9622601318e+02 5.9630603027e+02 5.9635900879e+02 5.9642999268e+02 5.9650701904e+02 5.9657501221e+02 5.9663397217e+02 5.9669000244e+02 5.9676202393e+02 5.9681500244e+02 5.9685998535e+02 5.9689398193e+02 5.9695098877e+02 5.9700402832e+02 5.9706500244e+02 5.9711401367e+02 5.9718701172e+02 5.9724700928e+02 5.9730798340e+02 5.9736602783e+02 5.9741101074e+02 5.9743798828e+02 5.9747900391e+02 5.9753302002e+02 5.9758502197e+02 5.9762902832e+02 5.9766998291e+02 5.9771801758e+02 5.9775701904e+02 5.9778997803e+02 5.9783898926e+02 5.9789202881e+02 5.9790899658e+02 5.9794097900e+02 5.9798999023e+02 5.9803302002e+02 5.9808001709e+02 5.9812200928e+02 5.9815002441e+02 5.9818798828e+02 5.9822601318e+02
5.9583801270e+02 5.9589501953e+02 5.9595001221e+02 5.9603198242e+02 5.9609399414e+02 5.9615600586e+02 5.9622698975e+02 5.9628601074e+02 5.9635101318e+02 5.9642700195e+02 5.9649298096e+02 5.9655798340e+02 5.9661999512e+02 5.9668402100e+02 5.9673999023e+02 5.9679199219e+02 5.9684301758e+02 5.9690002441e+02 5.9695202637e+02 5.9701000977e+02 5.9706097412e+02 5.9713000488e+02 5.9717797852e+02 5.9722998047e+02 5.9729101563e+02 5.9735900879e+02 5.9740197754e+02 5.9743499756e+02 5.9746801758e+02 5.9751800537e+02 5.9756701660e+02 5.9762097168e+02 5.9767199707e+02 5.9770397949e+02 5.9773602295e+02 5.9777801514e+02 5.9782598877e+02 5.9786401367e+02 5.9788897705e+02 5.9792498779e+02 5.9796997070e+02 5.9801501465e+02 5.9805401611e+02 5.9808398438e+02 5.9812701416e+02 5.9817901611e+02
5.9576300049e+02 5.9581597900e+02 5.9587097168e+02 5.9594702148e+02 5.9602398682e+02 5.9608898926e+02 5.9614898682e+02 5.9620898438e+02 5.9626397705e+02 5.9633099365e+02 5.9640600586e+02 5.9647802734e+02 5.9654901123e+02 5.9660400391e+02 5.9666497803e+02 5.9672900391e+02 5.9679498291e+02 5.9684899902e+02 5.9689202881e+02 5.9694799805e+02 5.9699902344e+02 5.9706500244e+02 5.9711700439e+02 5.9717102051e+02 5.9722802734e+02 5.9728399658e+02 5.9733502197e+02 5.9738299561e+02 5.9741802979e+02 5.9746002197e+02 5.9749798584e+02 5.9755401611e+02 5.9760601807e+02 5.9764099121e+02 5.9768701172e+02 5.9772497559e+02 5.9775799561e+02 5.9779998779e+02 5.9783801270e+02 5.9787298584e+02 5.9791101074e+02 5.9795599365e+02 5.9800000000e+02 5.9803900146e+02 5.9808099365e+02 5.9812402344e+02
5.9568597412e+02 5.9574597168e+02 5.9580603027e+02 5.9586901855e+02 5.9594299316e+02 5.9601300049e+02 5.9607397461e+02 5.9614099121e+02 5.9618701172e+02 5.9624597168e+02 5.9632501221e+02 5.9639599609e+02 5.9646697998e+02 5.9651599121e+02 5.9658599854e+02 5.9666400146e+02 5.9673199463e+02 5.9678802490e+02 5.9682702637e+02 5.9688299561e+02 5.9693597412e+02 5.9699798584e+02 5.9705603027e+02 5.9711901855e+02 5.9716998291e+02 5.9720800781e+02 5.9726000977e+02 5.9731896973e+02 5.9736901855e+02 5.9740899658e+02 5.9743798828e+02 5.9749401855e+02 5.9753601074e+02 5.9757397461e+02 5.9763201904e+02 5.9767797852e+02 5.9770898438e+02 5.9774200439e+02 5.9778100586e+02 5.9781500244e+02 5.9785400391e+02 5.9790100098e+02 5.9795697021e+02 5.9799798584e+02 5.9803100586e+02 5.9806402588e+02
5.9559399414e+02 5.9566101074e+02 5.9573699951e+02 5.9581597900e+02 5.9588299561e+02 5.9594396973e+02 5.9601000977e+02 5.9607501221e+02 5.9612701416e+02 5.9617999268e+02 5.9624200439e+02 5.9630297852e+02 5.9638000488e+02 5.9644500732e+02 5.9651800537e+02 5.9659399414e+02 5.9665197754e+02 5.9671600342e+02 5.9676000977e+02 5.9681896973e+02 5.9688500977e+02 5.9695397949e+02 5.9700701904e+02 5.9705297852e+02 5.9709497070e+02 5.9713500977e+02 5.9719000244e+02 5.9724298096e+02 5.9730499268e+02 5.9734802246e+02 5.9737500000e+02 5.9741900635e+02 5.9744897461e+02 5.9750500488e+02 5.9756201172e+02 5.9763098145e+02 5.9768902588e+02 5.9768798828e+02 5.9771899414e+02 5.9775701904e+02 5.9781298828e+02 5.9785198975e+02 5.9789599609e+02 5.9793200684e+02 5.9796801758e+02 5.9799298096e+02
5.9553601074e+02 5.9560601807e+02 5.9567102051e+02 5.9575500488e+02 5.9581799316e+02 5.9587200928e+02 5.9593402100e+02 5.9598999023e+02 5.9604602051e+02 5.9611602783e+02 5.9618200684e+02 5.9622698975e+02 5.9628399658e+02 5.9634997559e+02 5.9644097900e+02 5.9651898193e+02 5.9657897949e+02 5.9663000488e+02 5.9668402100e+02 5.9675799561e+02 5.9681597900e+02 5.9687402344e+02 5.9693103027e+02 5.9697900391e+02 5.9703399658e+02 5.9708001709e+02 5.9712097168e+02 5.9717102051e+02 5.9722802734e+02 5.9728399658e+02 5.9732397461e+02 5.9736602783e+02 5.9740399170e+02 5.9744799805e+02 5.9749597168e+02 5.9755297852e+02 5.9759497070e+02 5.9763598633e+02 5.9767700195e+02 5.9771801758e+02 5.9776098633e+02 5.9780200195e+02 5.9784002686e+02 5.9787402344e+02 5.9791400146e+02 5.9794396973e+02
5.9547601318e+02 5.9554699707e+02 5.9560998535e+02 5.9568902588e+02 5.9575097656e+02 5.9580700684e+02 5.9586798096e+02 5.9591900635e+02 5.9597198486e+02 5.9604302979e+02 5.9611499023e+02 5.9616601563e+02 5.9621997070e+02 5.9627502441e+02 5.9635400391e+02 5.9642498779e+02 5.9649902344e+02 5.9655999756e+02 5.9660900879e+02 5.9667901611e+02 5.9673999023e+02 5.9679101563e+02 5.9685198975e+02 5.9691198730e+02 5.9697497559e+02 5.9702801514e+02 5.9706500244e+02 5.9711199951e+02 5.9715399170e+02 5.9720697021e+02 5.9726000977e+02 5.9730499268e+02 5.9734997559e+02 5.9739599609e+02 5.9744000244e+02 5.9749200439e+02 5.9752197266e+02 5.9758300781e+02 5.9762799072e+02 5.9766998291e+02 5.9770501709e+02 5.9774798584e+02 5.9779199219e+02 5.9783001709e+02 5.9786999512e+02 5.9789001465e+02
5.9541302490e+02 5.9547900391e+02 5.9554797363e+02 5.9561798096e+02 5.9567498779e+02 5.9573901367e+02 5.9580297852e+02 5.9585797119e+02 5.9591198730e+02 5.9596997070e+02 5.9603900146e+02 5.9610601807e+02 5.9616998291e+02 5.9621801758e+02 5.9627600098e+02 5.9634002686e+02 5.9641302490e+02 5.9648400879e+02 5.9653399658e+02 5.9660998535e+02 5.9668103027e+02 5.9672698975e+02 5.9678198242e+02 5.9684997559e+02 5.9690698242e+02 5.9696002197e+02 5.9700701904e+02 5.9705401611e+02 5.9709497070e+02 5.9714001465e+02 5.9718902588e+02 5.9723199463e+02 5.9728198242e+02 5.9734002686e+02 5.9737902832e+02 5.9741900635e+02 5.9745397949e+02 5.9751599121e+02 5.9755999756e+02 5.9760400391e+02 5.9765002441e+02 5.9769097900e+02 5.9772198486e+02 5.9776000977e+02 5.9781701660e+02 5.9783502197e+02
5.9535498047e+02 5.9540997314e+02 5.9547497559e+02 5.9554400635e+02 5.9560601807e+02 5.9567901611e+02 5.9573699951e+02 5.9578198242e+02 5.9584197998e+02 5.9590301514e+02 5.9596600342e+02 5.9602600098e+02 5.9609600830e+02 5.9616998291e+02 5.9622100830e+02 5.9627301025e+02 5.9633599854e+02 5.9640301514e+02 5.9644702148e+02 5.9652697754e+02 5.9660498047e+02 5.9665002441e+02 5.9669799805e+02 5.9676702881e+02 5.9682501221e+02 5.9688299561e+02 5.9693200684e+02 5.9697497559e+02 5.9702697754e+02 5.9707202148e+02 5.9712402344e+02 5.9717102051e+02 5.9722497559e+02 5.9727398682e+02 5.9732598877e+02 5.9736798096e+02 5.9741101074e+02 5.9745800781e+02 5.9750201416e+02 5.9754400635e+02 5.9757800293e+02 5.9764001465e+02 5.9766198730e+02 5.9769000244e+02 5.9773498535e+02 5.9777099609e+02
5.9529699707e+02 5.9535498047e+02 5.9540899658e+02 5.9547198486e+02 5.9553997803e+02 5.9559497070e+02 5.9565502930e+02 5.9571600342e+02 5.9576898193e+02 5.9582397461e+02 5.9589697266e+02 5.9595501709e+02 5.9603198242e+02 5.9611602783e+02 5.9617102051e+02 5.9621899414e+02 5.9627197266e+02 5.9633300781e+02 5.9637701416e+02 5.9644897461e+02 5.9650799561e+02 5.9656402588e+02 5.9663000488e+02 5.9669500732e+02 5.9674200439e+02 5.9680902100e+02 5.9686602783e+02 5.9690802002e+02 5.9695697021e+02 5.9700701904e+02 5.9706097412e+02 5.9711199951e+02 5.9716101074e+02 5.9720202637e+02 5.9725799561e+02 5.9730798340e+02 5.9735498047e+02 5.9739697266e+02 5.9743597412e+02 5.9747998047e+02 5.9753100586e+02 5.9758898926e+02 5.9761798096e+02 5.9763800049e+02 5.9766699219e+02 5.9771301270e+02
5.9522998047e+02 5.9528997803e+02 5.9534997559e+02 5.9541900635e+02 5.9547998047e+02 5.9552398682e+02 5.9558300781e+02 5.9564501953e+02 5.9570397949e+02 5.9576000977e+02 5.9583502197e+02 5.9589202881e+02 5.9596697998e+02 5.9604199219e+02 5.9610400391e+02 5.9615600586e+02 5.9620397949e+02 5.9626702881e+02 5.9632098389e+02 5.9639300537e+02 5.9644000244e+02 5.9649102783e+02 5.9655798340e+02 5.9662200928e+02 5.9667102051e+02 5.9674102783e+02 5.9679699707e+02 5.9684301758e+02 5.9689099121e+02 5.9694299316e+02 5.9699597168e+02 5.9704699707e+02 5.9709802246e+02 5.9714202881e+02 5.9718902588e+02 5.9723199463e+02 5.9728100586e+02 5.9733099365e+02 5.9737200928e+02 5.9742199707e+02 5.9747198486e+02 5.9751702881e+02 5.9755200195e+02 5.9758099365e+02 5.9761297607e+02 5.9765002441e+02
5.9516400146e+02 5.9521997070e+02 5.9528100586e+02 5.9534600830e+02 5.9540600586e+02 5.9546398926e+02 5.9552697754e+02 5.9558001709e+02 5.9564300537e+02 5.9569897461e+02 5.9576898193e+02 5.9583197021e+02 5.9590301514e+02 5.9596801758e+02 5.9602801514e+02 5.9608801270e+02 5.9614801025e+02 5.9621301270e+02 5.9626599121e+02 5.9632202148e+02 5.9637298584e+02 5.9642297363e+02 5.9648199463e+02 5.9655102539e+02 5.9661700439e+02 5.9668298340e+02 5.9672998047e+02 5.9678302002e+02 5.9682897949e+02 5.9687902832e+02 5.9692999268e+02 5.9698199463e+02 5.9703601074e+02 5.9709100342e+02 5.9713000488e+02 5.9716101074e+02 5.9720098877e+02 5.9726300049e+02 5.9730700684e+02 5.9735498047e+02 5.9739898682e+02 5.9744000244e+02 5.9747698975e+02 5.9751501465e+02 5.9756298828e+02 5.9759899902e+02
