TESTSERVER/12/12.asc
NCOLS 100
NROWS 100
XLLCORNER 8.0997500000e+03
YLLCORNER 2.8935025000e+05
CELLSIZE 5.0000000000e-01
NODATA_VALUE -9.9990000000e+03
[rows 0 to 19 of 100, columns 46 to 91 of 100]
6.0016302490e+02 6.0021801758e+02 6.0023699951e+02 6.0027398682e+02 6.0032397461e+02 6.0036297607e+02 6.0039599609e+02 6.0042199707e+02 6.0044097900e+02 6.0047698975e+02 6.0053100586e+02 6.0055401611e+02 6.0058300781e+02 6.0062402344e+02 6.0065399170e+02 6.0067602539e+02 6.0069097900e+02 6.0072802734e+02 6.0076898193e+02 6.0079400635e+02 6.0083197021e+02 6.0085400391e+02 6.0086700439e+02 6.0089398193e+02 6.0091101074e+02 6.0095599365e+02 6.0097302246e+02 6.0099700928e+02 6.0103002930e+02 6.0104797363e+02 6.0106701660e+02 6.0109100342e+02 6.0113098145e+02 6.0114202881e+02 6.0116198730e+02 6.0118701172e+02 6.0120501709e+02 6.0123797607e+02 6.0125598145e+02 6.0126202393e+02 6.0128002930e+02 6.0130297852e+02 6.0134399414e+02 6.0138201904e+02 6.0139501953e+02 6.0139501953e+02
6.0011798096e+02 6.0017401123e+02 6.0020599365e+02 6.0023101807e+02 6.0027099609e+02 6.0030603027e+02 6.0034997559e+02 6.0037597656e+02 6.0040399170e+02 6.0044000244e+02 6.0048297119e+02 6.0050897217e+02 6.0054199219e+02 6.0057702637e+02 6.0059301758e+02 6.0061499023e+02 6.0064202881e+02 6.0068103027e+02 6.0071899414e+02 6.0074798584e+02 6.0078698730e+02 6.0080902100e+02 6.0082897949e+02 6.0085797119e+02 6.0086901855e+02 6.0089898682e+02 6.0092797852e+02 6.0096301270e+02 6.0099102783e+02 6.0101098633e+02 6.0102801514e+02 6.0105102539e+02 6.0108801270e+02 6.0110101318e+02 6.0112500000e+02 6.0114202881e+02 6.0115502930e+02 6.0118499756e+02 6.0121502686e+02 6.0122900391e+02 6.0124200439e+02 6.0125402832e+02 6.0127697754e+02 6.0131896973e+02 6.0133898926e+02 6.0134802246e+02
6.0005401611e+02 6.0011602783e+02 6.0016101074e+02 6.0019000244e+02 6.0022900391e+02 6.0025299072e+02 6.0029602051e+02 6.0033502197e+02 6.0037902832e+02 6.0041900635e+02 6.0044500732e+02 6.0046697998e+02 6.0049597168e+02 6.0053198242e+02 6.0055297852e+02 6.0057397461e+02 6.0060797119e+02 6.0064099121e+02 6.0067401123e+02 6.0070501709e+02 6.0074298096e+02 6.0076800537e+02 6.0079901123e+02 6.0083197021e+02 6.0084301758e+02 6.0086297607e+02 6.0089801025e+02 6.0093298340e+02 6.0095001221e+02 6.0096099854e+02 6.0098602295e+02 6.0100500488e+02 6.0103100586e+02 6.0104998779e+02 6.0107598877e+02 6.0109399414e+02 6.0111999512e+02 6.0113000488e+02 6.0115301514e+02 6.0117602539e+02 6.0119396973e+02 6.0121099854e+02 6.0122601318e+02 6.0124401855e+02 6.0126702881e+02 6.0129498291e+02
6.0000500488e+02 6.0005700684e+02 6.0009997559e+02 6.0013897705e+02 6.0017797852e+02 6.0020898438e+02 6.0024902344e+02 6.0028802490e+02 6.0034301758e+02 6.0038500977e+02 6.0040997314e+02 6.0043103027e+02 6.0044396973e+02 6.0047399902e+02 6.0051202393e+02 6.0054302979e+02 6.0056896973e+02 6.0059399414e+02 6.0063397217e+02 6.0066699219e+02 6.0069702148e+02 6.0071997070e+02 6.0075000000e+02 6.0077899170e+02 6.0079797363e+02 6.0082501221e+02 6.0085601807e+02 6.0088397217e+02 6.0090399170e+02 6.0091101074e+02 6.0094201660e+02 6.0095898438e+02 6.0097802734e+02 6.0100500488e+02 6.0102398682e+02 6.0104699707e+02 6.0108502197e+02 6.0108300781e+02 6.0109600830e+02 6.0111602783e+02 6.0113897705e+02 6.0117700195e+02 6.0119897461e+02 6.0120300293e+02 6.0121600342e+02 6.0124700928e+02
5.9996801758e+02 6.0001000977e+02 6.0004498291e+02 6.0008300781e+02 6.0012902832e+02 6.0017999268e+02 6.0021002197e+02 6.0023400879e+02 6.0028601074e+02 6.0032397461e+02 6.0035900879e+02 6.0038098145e+02 6.0040100098e+02 6.0042901611e+02 6.0045599365e+02 6.0049200439e+02 6.0051800537e+02 6.0054199219e+02 6.0057897949e+02 6.0062402344e+02 6.0065399170e+02 6.0067797852e+02 6.0070300293e+02 6.0072698975e+02 6.0074401855e+02 6.0076898193e+02 6.0079400635e+02 6.0083398438e+02 6.0086199951e+02 6.0086798096e+02 6.0089599609e+02 6.0091699219e+02 6.0093798828e+02 6.0096398926e+02 6.0097698975e+02 6.0100097656e+02 6.0103900146e+02 6.0105603027e+02 6.0106701660e+02 6.0107098389e+02 6.0107501221e+02 6.0112500000e+02 6.0115802002e+02 6.0117297363e+02 6.0118798828e+02 6.0119396973e+02
5.9991101074e+02 5.9995800781e+02 5.9999700928e+02 6.0003497314e+02 6.0007598877e+02 6.0012402344e+02 6.0015698242e+02 6.0017999268e+02 6.0022100830e+02 6.0025598145e+02 6.0030102539e+02 6.0033898926e+02 6.0036401367e+02 6.0039501953e+02 6.0041998291e+02 6.0044702148e+02 6.0047198486e+02 6.0050097656e+02 6.0053302002e+02 6.0057000732e+02 6.0060601807e+02 6.0063299561e+02 6.0065698242e+02 6.0068298340e+02 6.0069500732e+02 6.0072497559e+02 6.0074597168e+02 6.0077899170e+02 6.0079901123e+02 6.0081298828e+02 6.0084997559e+02 6.0087799072e+02 6.0089300537e+02 6.0090197754e+02 6.0091497803e+02 6.0094500732e+02 6.0097497559e+02 6.0100500488e+02 6.0102502441e+02 6.0102899170e+02 6.0103601074e+02 6.0107202148e+02 6.0110400391e+02 6.0113397217e+02 6.0115197754e+02 6.0115100098e+02
5.9985302734e+02 5.9990698242e+02 5.9994598389e+02 5.9998297119e+02 6.0002398682e+02 6.0006597900e+02 6.0010302734e+02 6.0013500977e+02 6.0017797852e+02 6.0020898438e+02 6.0024597168e+02 6.0028601074e+02 6.0031402588e+02 6.0035601807e+02 6.0038500977e+02 6.0040997314e+02 6.0043597412e+02 6.0045800781e+02 6.0049298096e+02 6.0052801514e+02 6.0055499268e+02 6.0057897949e+02 6.0060699463e+02 6.0062701416e+02 6.0064001465e+02 6.0067297363e+02 6.0069500732e+02 6.0072998047e+02 6.0075500488e+02 6.0077197266e+02 6.0080102539e+02 6.0082397461e+02 6.0084301758e+02 6.0085797119e+02 6.0088299561e+02 6.0091302490e+02 6.0092901611e+02 6.0095697021e+02 6.0098602295e+02 6.0099499512e+02 6.0100701904e+02 6.0103002930e+02 6.0104498291e+02 6.0107299805e+02 6.0109497070e+02 6.0109899902e+02
5.9980297852e+02 5.9986401367e+02 5.9990002441e+02 5.9993701172e+02 5.9997802734e+02 6.0002099609e+02 6.0005297852e+02 6.0008502197e+02 6.0013500977e+02 6.0016601563e+02 6.0019702148e+02 6.0023602295e+02 6.0026501465e+02 6.0031896973e+02 6.0035699463e+02 6.0037902832e+02 6.0040399170e+02 6.0041400146e+02 6.0044598389e+02 6.0047802734e+02 6.0049902344e+02 6.0052697754e+02 6.0056500244e+02 6.0058697510e+02 6.0059802246e+02 6.0062402344e+02 6.0064099121e+02 6.0067297363e+02 6.0070001221e+02 6.0072399902e+02 6.0075299072e+02 6.0077099609e+02 6.0079199219e+02 6.0080603027e+02 6.0083801270e+02 6.0086700439e+02 6.0088299561e+02 6.0090698242e+02 6.0094097900e+02 6.0095898438e+02 6.0096899414e+02 6.0098400879e+02 6.0099499512e+02 6.0101098633e+02 6.0102398682e+02 6.0103497314e+02
5.9976202393e+02 5.9980700684e+02 5.9983898926e+02 5.9988800049e+02 5.9993499756e+02 5.9997698975e+02 6.0001202393e+02 6.0004602051e+02 6.0009600830e+02 6.0012701416e+02 6.0015802002e+02 6.0020001221e+02 6.0023199463e+02 6.0027600098e+02 6.0030902100e+02 6.0034197998e+02 6.0036901855e+02 6.0039300537e+02 6.0042498779e+02 6.0044299316e+02 6.0045800781e+02 6.0048602295e+02 6.0052398682e+02 6.0054699707e+02 6.0055798340e+02 6.0058099365e+02 6.0059002686e+02 6.0061700439e+02 6.0064300537e+02 6.0066497803e+02 6.0070001221e+02 6.0072302246e+02 6.0073901367e+02 6.0075701904e+02 6.0078399658e+02 6.0080999756e+02 6.0083197021e+02 6.0085900879e+02 6.0088201904e+02 6.0090100098e+02 6.0091802979e+02 6.0094201660e+02 6.0096099854e+02 6.0097698975e+02 6.0098699951e+02 6.0098797607e+02
5.9971899414e+02 5.9975097656e+02 5.9979101563e+02 5.9985101318e+02 5.9989300537e+02 5.9992797852e+02 5.9995898438e+02 6.0000402832e+02 6.0004602051e+02 6.0008502197e+02 6.0012701416e+02 6.0016101074e+02 6.0019396973e+02 6.0023199463e+02 6.0026800537e+02 6.0029302979e+02 6.0032098389e+02 6.0036199951e+02 6.0039099121e+02 6.0040802002e+02 6.0041302490e+02 6.0044201660e+02 6.0047900391e+02 6.0050000000e+02 6.0050402832e+02 6.0052398682e+02 6.0053997803e+02 6.0057202148e+02 6.0059399414e+02 6.0060198975e+02 6.0064099121e+02 6.0067797852e+02 6.0070202637e+02 6.0071899414e+02 6.0073901367e+02 6.0076397705e+02 6.0079101563e+02 6.0082501221e+02 6.0084301758e+02 6.0084600830e+02 6.0085302734e+02 6.0088201904e+02 6.0091601563e+02 6.0094799805e+02 6.0096099854e+02 6.0095397949e+02
5.9966400146e+02 5.9969500732e+02 5.9973901367e+02 5.9979302979e+02 5.9983502197e+02 5.9987298584e+02 5.9990802002e+02 5.9994897461e+02 5.9998699951e+02 6.0003802490e+02 6.0008697510e+02 6.0011700439e+02 6.0015301514e+02 6.0018402100e+02 6.0022601318e+02 6.0026000977e+02 6.0028302002e+02 6.0030902100e+02 6.0033197021e+02 6.0036499023e+02 6.0038702393e+02 6.0040997314e+02 6.0043200684e+02 6.0045098877e+02 6.0046398926e+02 6.0049102783e+02 6.0049798584e+02 6.0051702881e+02 6.0053997803e+02 6.0055499268e+02 6.0059399414e+02 6.0062500000e+02 6.0065002441e+02 6.0067700195e+02 6.0069799805e+02 6.0071899414e+02 6.0074700928e+02 6.0077502441e+02 6.0079302979e+02 6.0080200195e+02 6.0081799316e+02 6.0084997559e+02 6.0088000488e+02 6.0090899658e+02 6.0093298340e+02 6.0093798828e+02
5.9961199951e+02 5.9964898682e+02 5.9970001221e+02 5.9973699951e+02 5.9977099609e+02 5.9981402588e+02 5.9985498047e+02 5.9989300537e+02 5.9992999268e+02 5.9998101807e+02 6.0002697754e+02 6.0005999756e+02 6.0011102295e+02 6.0014501953e+02 6.0018103027e+02 6.0021899414e+02 6.0023498535e+02 6.0024597168e+02 6.0027301025e+02 6.0031799316e+02 6.0036102295e+02 6.0038098145e+02 6.0039501953e+02 6.0040399170e+02 6.0041699219e+02 6.0045599365e+02 6.0046600342e+02 6.0048101807e+02 6.0050500488e+02 6.0052301025e+02 6.0055700684e+02 6.0058300781e+02 6.0060601807e+02 6.0063702393e+02 6.0066601563e+02 6.0068298340e+02 6.0070599365e+02 6.0072198486e+02 6.0074298096e+02 6.0076702881e+02 6.0079797363e+02 6.0083502197e+02 6.0085198975e+02 6.0086297607e+02 6.0088800049e+02 6.0090899658e+02
5.9955999756e+02 5.9961999512e+02 5.9966601563e+02 5.9968402100e+02 5.9971899414e+02 5.9975701904e+02 5.9979498291e+02 5.9983502197e+02 5.9987200928e+02 5.9992199707e+02 5.9996697998e+02 6.0001000977e+02 6.0005603027e+02 6.0011199951e+02 6.0015399170e+02 6.0017498779e+02 6.0019299316e+02 6.0020898438e+02 6.0022998047e+02 6.0026300049e+02 6.0030700684e+02 6.0033300781e+02 6.0036199951e+02 6.0037902832e+02 6.0038201904e+02 6.0040301514e+02 6.0041900635e+02 6.0044000244e+02 6.0046899414e+02 6.0050402832e+02 6.0052697754e+02 6.0054602051e+02 6.0056402588e+02 6.0058502197e+02 6.0062097168e+02 6.0065698242e+02 6.0066998291e+02 6.0067102051e+02 6.0069396973e+02 6.0072399902e+02 6.0075299072e+02 6.0079101563e+02 6.0081402588e+02 6.0082501221e+02 6.0083001709e+02 6.0084997559e+02
5.9950701904e+02 5.9956402588e+02 5.9960900879e+02 5.9964202881e+02 5.9968798828e+02 5.9970898438e+02 5.9973297119e+02 5.9977001953e+02 5.9980999756e+02 5.9986401367e+02 5.9991198730e+02 5.9996002197e+02 6.0000402832e+02 6.0004901123e+02 6.0009600830e+02 6.0012298584e+02 6.0015100098e+02 6.0018103027e+02 6.0021398926e+02 6.0023602295e+02 6.0025097656e+02 6.0028002930e+02 6.0032098389e+02 6.0034802246e+02 6.0036102295e+02 6.0037500000e+02 6.0038397217e+02 6.0040197754e+02 6.0042297363e+02 6.0045202637e+02 6.0047802734e+02 6.0049200439e+02 6.0051702881e+02 6.0054199219e+02 6.0057098389e+02 6.0060699463e+02 6.0062298584e+02 6.0063897705e+02 6.0065698242e+02 6.0067401123e+02 6.0070397949e+02 6.0074102783e+02 6.0077001953e+02 6.0078900146e+02 6.0078497314e+02 6.0080700684e+02
5.9945599365e+02 5.9951397705e+02 5.9955999756e+02 5.9959899902e+02 5.9964300537e+02 5.9966302490e+02 5.9968200684e+02 5.9971801758e+02 5.9976397705e+02 5.9980999756e+02 5.9985498047e+02 5.9990002441e+02 5.9994396973e+02 5.9998699951e+02 6.0003399658e+02 6.0006799316e+02 6.0009997559e+02 6.0012597656e+02 6.0016198730e+02 6.0019799805e+02 6.0021801758e+02 6.0024102783e+02 6.0026800537e+02 6.0030102539e+02 6.0033099365e+02 6.0034997559e+02 6.0035998535e+02 6.0037200928e+02 6.0037701416e+02 6.0039697266e+02 6.0043103027e+02 6.0045300293e+02 6.0047497559e+02 6.0050299072e+02 6.0052899170e+02 6.0056097412e+02 6.0057897949e+02 6.0060601807e+02 6.0062298584e+02 6.0063598633e+02 6.0066400146e+02 6.0068402100e+02 6.0070501709e+02 6.0073297119e+02 6.0074700928e+02 6.0076702881e+02
5.9940502930e+02 5.9946002197e+02 5.9950402832e+02 5.9954602051e+02 5.9958197021e+02 5.9961297607e+02 5.9964099121e+02 5.9967797852e+02 5.9972497559e+02 5.9976098633e+02 5.9979998779e+02 5.9984301758e+02 5.9988000488e+02 5.9992498779e+02 5.9997698975e+02 6.0001800537e+02 6.0005798340e+02 6.0008398438e+02 6.0010900879e+02 6.0014697266e+02 6.0017901611e+02 6.0020202637e+02 6.0021099854e+02 6.0024102783e+02 6.0028002930e+02 6.0030798340e+02 6.0032397461e+02 6.0033398438e+02 6.0033502197e+02 6.0035601807e+02 6.0038897705e+02 6.0041302490e+02 6.0042999268e+02 6.0045397949e+02 6.0047698975e+02 6.0051599121e+02 6.0053399658e+02 6.0054797363e+02 6.0057397461e+02 6.0059899902e+02 6.0063000488e+02 6.0064300537e+02 6.0065502930e+02 6.0068200684e+02 6.0070800781e+02 6.0073797607e+02
5.9936297607e+02 5.9940197754e+02 5.9944097900e+02 5.9948498535e+02 5.9951702881e+02 5.9955401611e+02 5.9958502197e+02 5.9961901855e+02 5.9966302490e+02 5.9971600342e+02 5.9976300049e+02 5.9979901123e+02 5.9983898926e+02 5.9987200928e+02 5.9991998291e+02 5.9996398926e+02 6.0001202393e+02 6.0004699707e+02 6.0007702637e+02 6.0010900879e+02 6.0013897705e+02 6.0016699219e+02 6.0018200684e+02 6.0019097900e+02 6.0021697998e+02 6.0026098633e+02 6.0028002930e+02 6.0029199219e+02 6.0030700684e+02 6.0031597900e+02 6.0033099365e+02 6.0036401367e+02 6.0039001465e+02 6.0040802002e+02 6.0042498779e+02 6.0046600342e+02 6.0049499512e+02 6.0050402832e+02 6.0053497314e+02 6.0056799316e+02 6.0058898926e+02 6.0061199951e+02 6.0061999512e+02 6.0063098145e+02 6.0065698242e+02 6.0070098877e+02
5.9930499268e+02 5.9934399414e+02 5.9938800049e+02 5.9941900635e+02 5.9944598389e+02 5.9948699951e+02 5.9952398682e+02 5.9956298828e+02 5.9961199951e+02 5.9966302490e+02 5.9970599365e+02 5.9974401855e+02 5.9979199219e+02 5.9983001709e+02 5.9987701416e+02 5.9991998291e+02 5.9996197510e+02 5.9999700928e+02 6.0003302002e+02 6.0006500244e+02 6.0009197998e+02 6.0012097168e+02 6.0015197754e+02 6.0017102051e+02 6.0018200684e+02 6.0021398926e+02 6.0023297119e+02 6.0025402832e+02 6.0027398682e+02 6.0028497314e+02 6.0029901123e+02 6.0031597900e+02 6.0033599854e+02 6.0036700439e+02 6.0039099121e+02 6.0042102051e+02 6.0044000244e+02 6.0045898438e+02 6.0048797607e+02 6.0051599121e+02 6.0053900146e+02 6.0056298828e+02 6.0057702637e+02 6.0058898926e+02 6.0061798096e+02 6.0064898682e+02
5.9923999023e+02 5.9927697754e+02 5.9932299805e+02 5.9935302734e+02 5.9938897705e+02 5.9942797852e+02 5.9946899414e+02 5.9952001953e+02 5.9956500244e+02 5.9960900879e+02 5.9965698242e+02 5.9970098877e+02 5.9975097656e+02 5.9978900146e+02 5.9983398438e+02 5.9987597656e+02 5.9991198730e+02 5.9994500732e+02 5.9997900391e+02 6.0001397705e+02 6.0004797363e+02 6.0007702637e+02 6.0010198975e+02 6.0013098145e+02 6.0014599609e+02 6.0016802979e+02 6.0017999268e+02 6.0020397949e+02 6.0022497559e+02 6.0024102783e+02 6.0026800537e+02 6.0028997803e+02 6.0029998779e+02 6.0033197021e+02 6.0036401367e+02 6.0039300537e+02 6.0040100098e+02 6.0042498779e+02 6.0045697021e+02 6.0047601318e+02 6.0049298096e+02 6.0051898193e+02 6.0054199219e+02 6.0056201172e+02 6.0058599854e+02 6.0060900879e+02
5.9917498779e+02 5.9921600342e+02 5.9926000977e+02 5.9929998779e+02 5.9934399414e+02 5.9937402344e+02 5.9940997314e+02 5.9946502686e+02 5.9951599121e+02 5.9956597900e+02 5.9961199951e+02 5.9966302490e+02 5.9971002197e+02 5.9974499512e+02 5.9978497314e+02 5.9983001709e+02 5.9986499023e+02 5.9989501953e+02 5.9992797852e+02 5.9996197510e+02 5.9999700928e+02 6.0002502441e+02 6.0004400635e+02 6.0007098389e+02 6.0010101318e+02 6.0013201904e+02 6.0014501953e+02 6.0015997314e+02 6.0017498779e+02 6.0018902588e+02 6.0022302246e+02 6.0025500488e+02 6.0027398682e+02 6.0029498291e+02 6.0032501221e+02 6.0035601807e+02 6.0036199951e+02 6.0038598633e+02 6.0042199707e+02 6.0044000244e+02 6.0045300293e+02 6.0047601318e+02 6.0050402832e+02 6.0053002930e+02 6.0054901123e+02 6.0057299805e+02
