TESTSERVER/12/13.asc
NCOLS 100
NROWS 100
XLLCORNER 8.0997500000e+03
YLLCORNER 2.8930025000e+05
CELLSIZE 5.0000000000e-01
NODATA_VALUE -9.9990000000e+03
[rows 0 to 19 of 100, columns 0 to 45 of 100]
5.9253198242e+02 5.9255603027e+02 5.9257501221e+02 5.9259698486e+02 5.9261901855e+02 5.9264599609e+02 5.9265997314e+02 5.9266802979e+02 5.9269201660e+02 5.9271899414e+02 5.9273999023e+02 5.9276800537e+02 5.9278601074e+02 5.9281896973e+02 5.9284197998e+02 5.9284997559e+02 5.9286499023e+02 5.9288000488e+02 5.9290301514e+02 5.9292797852e+02 5.9297302246e+02 5.9300598145e+02 5.9304101563e+02 5.9308197021e+02 5.9310498047e+02 5.9315502930e+02 5.9319500732e+02 5.9323699951e+02 5.9330200195e+02 5.9333697510e+02 5.9338500977e+02 5.9344299316e+02 5.9349499512e+02 5.9355999756e+02 5.9364300537e+02 5.9374597168e+02 5.9382800293e+02 5.9388098145e+02 5.9395098877e+02 5.9404400635e+02 5.9413702393e+02 5.9416400146e+02 5.9415197754e+02 5.9416101074e+02 5.9419598389e+02 5.9423901367e+02
5.9250402832e+02 5.9251898193e+02 5.9252600098e+02 5.9253198242e+02 5.9254797363e+02 5.9257501221e+02 5.9260498047e+02 5.9262500000e+02 5.9265399170e+02 5.9268499756e+02 5.9271197510e+02 5.9273699951e+02 5.9275201416e+02 5.9276599121e+02 5.9278497314e+02 5.9279602051e+02 5.9282098389e+02 5.9284497070e+02 5.9284899902e+02 5.9286297607e+02 5.9290997314e+02 5.9296002197e+02 5.9300000000e+02 5.9303198242e+02 5.9303601074e+02 5.9308197021e+02 5.9313500977e+02 5.9317102051e+02 5.9322601318e+02 5.9327398682e+02 5.9332202148e+02 5.9338800049e+02 5.9344897461e+02 5.9350299072e+02 5.9356500244e+02 5.9365100098e+02 5.9374298096e+02 5.9378100586e+02 5.9383697510e+02 5.9394299316e+02 5.9407897949e+02 5.9414398193e+02 5.9416699219e+02 5.9415997314e+02 5.9415399170e+02 5.9419702148e+02
5.9246997070e+02 5.9248199463e+02 5.9247900391e+02 5.9247698975e+02 5.9249499512e+02 5.9251702881e+02 5.9254901123e+02 5.9257299805e+02 5.9260198975e+02 5.9263397217e+02 5.9266400146e+02 5.9268701172e+02 5.9270300293e+02 5.9271801758e+02 5.9273797607e+02 5.9275897217e+02 5.9278698730e+02 5.9280603027e+02 5.9281298828e+02 5.9283197021e+02 5.9286798096e+02 5.9291101074e+02 5.9294799805e+02 5.9298101807e+02 5.9299102783e+02 5.9302197266e+02 5.9306799316e+02 5.9311297607e+02 5.9316998291e+02 5.9322601318e+02 5.9327697754e+02 5.9333697510e+02 5.9340197754e+02 5.9347399902e+02 5.9351599121e+02 5.9356701660e+02 5.9364398193e+02 5.9368597412e+02 5.9374401855e+02 5.9384399414e+02 5.9396197510e+02 5.9404699707e+02 5.9413702393e+02 5.9417297363e+02 5.9415802002e+02 5.9416302490e+02
5.9242401123e+02 5.9244000244e+02 5.9243597412e+02 5.9243798828e+02 5.9245697021e+02 5.9247802734e+02 5.9250500488e+02 5.9252899170e+02 5.9255297852e+02 5.9258099365e+02 5.9261199951e+02 5.9263800049e+02 5.9265600586e+02 5.9267401123e+02 5.9269897461e+02 5.9271899414e+02 5.9274298096e+02 5.9275897217e+02 5.9277697754e+02 5.9281298828e+02 5.9283300781e+02 5.9286297607e+02 5.9289099121e+02 5.9292602539e+02 5.9294396973e+02 5.9297601318e+02 5.9301000977e+02 5.9304901123e+02 5.9310101318e+02 5.9316101074e+02 5.9322100830e+02 5.9328100586e+02 5.9333697510e+02 5.9342199707e+02 5.9345599365e+02 5.9348199463e+02 5.9353198242e+02 5.9359997559e+02 5.9366802979e+02 5.9374499512e+02 5.9382202148e+02 5.9391699219e+02 5.9404602051e+02 5.9415002441e+02 5.9417498779e+02 5.9415502930e+02
5.9237402344e+02 5.9239898682e+02 5.9239697266e+02 5.9240100098e+02 5.9241400146e+02 5.9243499756e+02 5.9245599365e+02 5.9248199463e+02 5.9251098633e+02 5.9254199219e+02 5.9257800293e+02 5.9260400391e+02 5.9260699463e+02 5.9262799072e+02 5.9266198730e+02 5.9267401123e+02 5.9268402100e+02 5.9271099854e+02 5.9273797607e+02 5.9276599121e+02 5.9278997803e+02 5.9283398438e+02 5.9285699463e+02 5.9288598633e+02 5.9291302490e+02 5.9292999268e+02 5.9296697998e+02 5.9299798584e+02 5.9302697754e+02 5.9308599854e+02 5.9315399170e+02 5.9321899414e+02 5.9326300049e+02 5.9332397461e+02 5.9338500977e+02 5.9343902588e+02 5.9346502686e+02 5.9351898193e+02 5.9359100342e+02 5.9365002441e+02 5.9371398926e+02 5.9380200195e+02 5.9389300537e+02 5.9402301025e+02 5.9414300537e+02 5.9416601563e+02
5.9230798340e+02 5.9233599854e+02 5.9234600830e+02 5.9236297607e+02 5.9238201904e+02 5.9240002441e+02 5.9241699219e+02 5.9244000244e+02 5.9246002197e+02 5.9248602295e+02 5.9251202393e+02 5.9253601074e+02 5.9256201172e+02 5.9257800293e+02 5.9260198975e+02 5.9261401367e+02 5.9264099121e+02 5.9266699219e+02 5.9268499756e+02 5.9270800781e+02 5.9274700928e+02 5.9278198242e+02 5.9279400635e+02 5.9281701660e+02 5.9285797119e+02 5.9289001465e+02 5.9292797852e+02 5.9296197510e+02 5.9298297119e+02 5.9302801514e+02 5.9310302734e+02 5.9317401123e+02 5.9322698975e+02 5.9326800537e+02 5.9333099365e+02 5.9342700195e+02 5.9346099854e+02 5.9345202637e+02 5.9349499512e+02 5.9355499268e+02 5.9363299561e+02 5.9369000244e+02 5.9376300049e+02 5.9388800049e+02 5.9402600098e+02 5.9411102295e+02
5.9223602295e+02 5.9226800537e+02 5.9228497314e+02 5.9230603027e+02 5.9233300781e+02 5.9235900879e+02 5.9237500000e+02 5.9239099121e+02 5.9240301514e+02 5.9242797852e+02 5.9245397949e+02 5.9248400879e+02 5.9251501465e+02 5.9253399658e+02 5.9254699707e+02 5.9256097412e+02 5.9258697510e+02 5.9261199951e+02 5.9263500977e+02 5.9266400146e+02 5.9269000244e+02 5.9271398926e+02 5.9273602295e+02 5.9276702881e+02 5.9281201172e+02 5.9285601807e+02 5.9288897705e+02 5.9293103027e+02 5.9295599365e+02 5.9299200439e+02 5.9305902100e+02 5.9311798096e+02 5.9317498779e+02 5.9323297119e+02 5.9326000977e+02 5.9332501221e+02 5.9338702393e+02 5.9340100098e+02 5.9344598389e+02 5.9349298096e+02 5.9355798340e+02 5.9361401367e+02 5.9368902588e+02 5.9377600098e+02 5.9386297607e+02 5.9398400879e+02
5.9217797852e+02 5.9220397949e+02 5.9221600342e+02 5.9223699951e+02 5.9227398682e+02 5.9231097412e+02 5.9233197021e+02 5.9234399414e+02 5.9235699463e+02 5.9237799072e+02 5.9240002441e+02 5.9242602539e+02 5.9245001221e+02 5.9248797607e+02 5.9250402832e+02 5.9251300049e+02 5.9253399658e+02 5.9255401611e+02 5.9257501221e+02 5.9260302734e+02 5.9262200928e+02 5.9264801025e+02 5.9268902588e+02 5.9273498535e+02 5.9277502441e+02 5.9282202148e+02 5.9284600830e+02 5.9288201904e+02 5.9290197754e+02 5.9293200684e+02 5.9298999023e+02 5.9303399658e+02 5.9309002686e+02 5.9317401123e+02 5.9318798828e+02 5.9321801758e+02 5.9328698730e+02 5.9333398438e+02 5.9339398193e+02 5.9344299316e+02 5.9349298096e+02 5.9354797363e+02 5.9362701416e+02 5.9369702148e+02 5.9375598145e+02 5.9387200928e+02
5.9213299561e+02 5.9215002441e+02 5.9215600586e+02 5.9218103027e+02 5.9222399902e+02 5.9225799561e+02 5.9228100586e+02 5.9229199219e+02 5.9231402588e+02 5.9232202148e+02 5.9234698486e+02 5.9237597656e+02 5.9239099121e+02 5.9242498779e+02 5.9244396973e+02 5.9246197510e+02 5.9249298096e+02 5.9253002930e+02 5.9254199219e+02 5.9255200195e+02 5.9257000732e+02 5.9259399414e+02 5.9263702393e+02 5.9269201660e+02 5.9274902344e+02 5.9278302002e+02 5.9279797363e+02 5.9282397461e+02 5.9285601807e+02 5.9289099121e+02 5.9294000244e+02 5.9298101807e+02 5.9303601074e+02 5.9309197998e+02 5.9312799072e+02 5.9316601563e+02 5.9321899414e+02 5.9326599121e+02 5.9332397461e+02 5.9338702393e+02 5.9344500732e+02 5.9348901367e+02 5.9353698730e+02 5.9360900879e+02 5.9370300293e+02 5.9381597900e+02
5.9209802246e+02 5.9210699463e+02 5.9211700439e+02 5.9213201904e+02 5.9216601563e+02 5.9219396973e+02 5.9221697998e+02 5.9223297119e+02 5.9225799561e+02 5.9226702881e+02 5.9229302979e+02 5.9232000732e+02 5.9233099365e+02 5.9236297607e+02 5.9238800049e+02 5.9241198730e+02 5.9243402100e+02 5.9246997070e+02 5.9248999023e+02 5.9250701904e+02 5.9253002930e+02 5.9254400635e+02 5.9256500244e+02 5.9261199951e+02 5.9268200684e+02 5.9272497559e+02 5.9275299072e+02 5.9278100586e+02 5.9281097412e+02 5.9285998535e+02 5.9289501953e+02 5.9292999268e+02 5.9297198486e+02 5.9301599121e+02 5.9306896973e+02 5.9311901855e+02 5.9318103027e+02 5.9321997070e+02 5.9326000977e+02 5.9330798340e+02 5.9336700439e+02 5.9343298340e+02 5.9346899414e+02 5.9352697754e+02 5.9361499023e+02 5.9370898438e+02
5.9205200195e+02 5.9206597900e+02 5.9207897949e+02 5.9209301758e+02 5.9211999512e+02 5.9214099121e+02 5.9216497803e+02 5.9218103027e+02 5.9219201660e+02 5.9220599365e+02 5.9224102783e+02 5.9227099609e+02 5.9227801514e+02 5.9229998779e+02 5.9232501221e+02 5.9235699463e+02 5.9237597656e+02 5.9240698242e+02 5.9243200684e+02 5.9245697021e+02 5.9248400879e+02 5.9250097656e+02 5.9252502441e+02 5.9256097412e+02 5.9261499023e+02 5.9266101074e+02 5.9270800781e+02 5.9274499512e+02 5.9276898193e+02 5.9280102539e+02 5.9282598877e+02 5.9287902832e+02 5.9292700195e+02 5.9295697021e+02 5.9300201416e+02 5.9304400635e+02 5.9310302734e+02 5.9314898682e+02 5.9319201660e+02 5.9323400879e+02 5.9329699707e+02 5.9336798096e+02 5.9341400146e+02 5.9346697998e+02 5.9353601074e+02 5.9361401367e+02
5.9197497559e+02 5.9199902344e+02 5.9202600098e+02 5.9205102539e+02 5.9207800293e+02 5.9209100342e+02 5.9211499023e+02 5.9212701416e+02 5.9213299561e+02 5.9215100098e+02 5.9218798828e+02 5.9221398926e+02 5.9222497559e+02 5.9224700928e+02 5.9227099609e+02 5.9230798340e+02 5.9232897949e+02 5.9234997559e+02 5.9237402344e+02 5.9240399170e+02 5.9243200684e+02 5.9245300293e+02 5.9248999023e+02 5.9252197266e+02 5.9255401611e+02 5.9259399414e+02 5.9265100098e+02 5.9269799805e+02 5.9272802734e+02 5.9275897217e+02 5.9277899170e+02 5.9282598877e+02 5.9289001465e+02 5.9292199707e+02 5.9296099854e+02 5.9298699951e+02 5.9302301025e+02 5.9307598877e+02 5.9313201904e+02 5.9318103027e+02 5.9324200439e+02 5.9329699707e+02 5.9335498047e+02 5.9341198730e+02 5.9346801758e+02 5.9353198242e+02
5.9191497803e+02 5.9193402100e+02 5.9196697998e+02 5.9199401855e+02 5.9202197266e+02 5.9203997803e+02 5.9205902100e+02 5.9207098389e+02 5.9208898926e+02 5.9209698486e+02 5.9212402344e+02 5.9215002441e+02 5.9216601563e+02 5.9219598389e+02 5.9221997070e+02 5.9225402832e+02 5.9228198242e+02 5.9230798340e+02 5.9232598877e+02 5.9235601807e+02 5.9239001465e+02 5.9241302490e+02 5.9244702148e+02 5.9247998047e+02 5.9252697754e+02 5.9253900146e+02 5.9257598877e+02 5.9262500000e+02 5.9266900635e+02 5.9271301270e+02 5.9274499512e+02 5.9279400635e+02 5.9284600830e+02 5.9285498047e+02 5.9290802002e+02 5.9294299316e+02 5.9296600342e+02 5.9302001953e+02 5.9307702637e+02 5.9312500000e+02 5.9316302490e+02 5.9321697998e+02 5.9327600098e+02 5.9334899902e+02 5.9340698242e+02 5.9345397949e+02
5.9184100342e+02 5.9186999512e+02 5.9190002441e+02 5.9193103027e+02 5.9195898438e+02 5.9198901367e+02 5.9200701904e+02 5.9201501465e+02 5.9203601074e+02 5.9205200195e+02 5.9207501221e+02 5.9210198975e+02 5.9210998535e+02 5.9214001465e+02 5.9216497803e+02 5.9219799805e+02 5.9223101807e+02 5.9224700928e+02 5.9226702881e+02 5.9229400635e+02 5.9232598877e+02 5.9236602783e+02 5.9239697266e+02 5.9242102051e+02 5.9246600342e+02 5.9249902344e+02 5.9252301025e+02 5.9256298828e+02 5.9261499023e+02 5.9266101074e+02 5.9270001221e+02 5.9274597168e+02 5.9279400635e+02 5.9280700684e+02 5.9284698486e+02 5.9290002441e+02 5.9294299316e+02 5.9296502686e+02 5.9299700928e+02 5.9304302979e+02 5.9309197998e+02 5.9315802002e+02 5.9321197510e+02 5.9326202393e+02 5.9331799316e+02 5.9338397217e+02
5.9175799561e+02 5.9179901123e+02 5.9184002686e+02 5.9186999512e+02 5.9189300537e+02 5.9192498779e+02 5.9194799805e+02 5.9195898438e+02 5.9197497559e+02 5.9199298096e+02 5.9202001953e+02 5.9205499268e+02 5.9207299805e+02 5.9209997559e+02 5.9211602783e+02 5.9214001465e+02 5.9217401123e+02 5.9219799805e+02 5.9222900391e+02 5.9224798584e+02 5.9226501465e+02 5.9230902100e+02 5.9234600830e+02 5.9236700439e+02 5.9239697266e+02 5.9244396973e+02 5.9247302246e+02 5.9250500488e+02 5.9255902100e+02 5.9261199951e+02 5.9265502930e+02 5.9269897461e+02 5.9274798584e+02 5.9276599121e+02 5.9278399658e+02 5.9283599854e+02 5.9289398193e+02 5.9291400146e+02 5.9293103027e+02 5.9296899414e+02 5.9302001953e+02 5.9308502197e+02 5.9314202881e+02 5.9319702148e+02 5.9325897217e+02 5.9332598877e+02
5.9168701172e+02 5.9171697998e+02 5.9175500488e+02 5.9178997803e+02 5.9181701660e+02 5.9184497070e+02 5.9187500000e+02 5.9189898682e+02 5.9191198730e+02 5.9191198730e+02 5.9193902588e+02 5.9198699951e+02 5.9202502441e+02 5.9205200195e+02 5.9206896973e+02 5.9208898926e+02 5.9211901855e+02 5.9215002441e+02 5.9218200684e+02 5.9220202637e+02 5.9222198486e+02 5.9225500488e+02 5.9229101563e+02 5.9231500244e+02 5.9233502197e+02 5.9237500000e+02 5.9241400146e+02 5.9244598389e+02 5.9249597168e+02 5.9254498291e+02 5.9258099365e+02 5.9263201904e+02 5.9268402100e+02 5.9270898438e+02 5.9272900391e+02 5.9277398682e+02 5.9282202148e+02 5.9284899902e+02 5.9288702393e+02 5.9292700195e+02 5.9296502686e+02 5.9301501465e+02 5.9306896973e+02 5.9313201904e+02 5.9319201660e+02 5.9324798584e+02
5.9163500977e+02 5.9161999512e+02 5.9164898682e+02 5.9170202637e+02 5.9174102783e+02 5.9175897217e+02 5.9178698730e+02 5.9180999756e+02 5.9182202148e+02 5.9183801270e+02 5.9186297607e+02 5.9190997314e+02 5.9196002197e+02 5.9198999023e+02 5.9202197266e+02 5.9204998779e+02 5.9208001709e+02 5.9210400391e+02 5.9212298584e+02 5.9215002441e+02 5.9218597412e+02 5.9221899414e+02 5.9224798584e+02 5.9227301025e+02 5.9229101563e+02 5.9231402588e+02 5.9236700439e+02 5.9240399170e+02 5.9243499756e+02 5.9246099854e+02 5.9249499512e+02 5.9255401611e+02 5.9262402344e+02 5.9266998291e+02 5.9270001221e+02 5.9273699951e+02 5.9277398682e+02 5.9278601074e+02 5.9284399414e+02 5.9289697266e+02 5.9291302490e+02 5.9295800781e+02 5.9301202393e+02 5.9307202148e+02 5.9313702393e+02 5.9318402100e+02
5.9154998779e+02 5.9156298828e+02 5.9158300781e+02 5.9162200928e+02 5.9168298340e+02 5.9169702148e+02 5.9171600342e+02 5.9173999023e+02 5.9175799561e+02 5.9178198242e+02 5.9181201172e+02 5.9184399414e+02 5.9188702393e+02 5.9191699219e+02 5.9195800781e+02 5.9199102783e+02 5.9201397705e+02 5.9204901123e+02 5.9207000732e+02 5.9209197998e+02 5.9212298584e+02 5.9216699219e+02 5.9218597412e+02 5.9220001221e+02 5.9223101807e+02 5.9226800537e+02 5.9230700684e+02 5.9233099365e+02 5.9236798096e+02 5.9239501953e+02 5.9244500732e+02 5.9250799561e+02 5.9257800293e+02 5.9262500000e+02 5.9267498779e+02 5.9271301270e+02 5.9272998047e+02 5.9275299072e+02 5.9281097412e+02 5.9285900879e+02 5.9287200928e+02 5.9290600586e+02 5.9295202637e+02 5.9299798584e+02 5.9306298828e+02 5.9311798096e+02
5.9146801758e+02 5.9150897217e+02 5.9152502441e+02 5.9155297852e+02 5.9161401367e+02 5.9162799072e+02 5.9165197754e+02 5.9168798828e+02 5.9170501709e+02 5.9172399902e+02 5.9175799561e+02 5.9178900146e+02 5.9182299805e+02 5.9185797119e+02 5.9189697266e+02 5.9193200684e+02 5.9195397949e+02 5.9198199463e+02 5.9201397705e+02 5.9205102539e+02 5.9207897949e+02 5.9211199951e+02 5.9212701416e+02 5.9214202881e+02 5.9217199707e+02 5.9221197510e+02 5.9224401855e+02 5.9227801514e+02 5.9232702637e+02 5.9235198975e+02 5.9239202881e+02 5.9244598389e+02 5.9250701904e+02 5.9254998779e+02 5.9261700439e+02 5.9266400146e+02 5.9268597412e+02 5.9271502686e+02 5.9275799561e+02 5.9279998779e+02 5.9283197021e+02 5.9286297607e+02 5.9290899658e+02 5.9294799805e+02 5.9299499512e+02 5.9304302979e+02
5.9139501953e+02 5.9143701172e+02 5.9145397949e+02 5.9147998047e+02 5.9152899170e+02 5.9154400635e+02 5.9157299805e+02 5.9161297607e+02 5.9163397217e+02 5.9166302490e+02 5.9170697021e+02 5.9173602295e+02 5.9175897217e+02 5.9179302979e+02 5.9182299805e+02 5.9185998535e+02 5.9189202881e+02 5.9192498779e+02 5.9196997070e+02 5.9202001953e+02 5.9203900146e+02 5.9205700684e+02 5.9207397461e+02 5.9209698486e+02 5.9212298584e+02 5.9215600586e+02 5.9218402100e+02 5.9222698975e+02 5.9228198242e+02 5.9230999756e+02 5.9232702637e+02 5.9236798096e+02 5.9244396973e+02 5.9247998047e+02 5.9253198242e+02 5.9258697510e+02 5.9263299561e+02 5.9267498779e+02 5.9270800781e+02 5.9273999023e+02 5.9278002930e+02 5.9281500244e+02 5.9285601807e+02 5.9289801025e+02 5.9294299316e+02 5.9297900391e+02
