TESTSERVER/12/13.asc
NCOLS 100
NROWS 100
XLLCORNER 8.0997500000e+03
YLLCORNER 2.8930025000e+05
CELLSIZE 5.0000000000e-01
NODATA_VALUE -9.9990000000e+03
[rows 20 to 39 of 100, columns 46 to 91 of 100]
5.9296099854e+02 5.9301800537e+02 5.9308197021e+02 5.9316302490e+02 5.9322302246e+02 5.9328302002e+02 5.9336199951e+02 5.9343499756e+02 5.9349200439e+02 5.9353302002e+02 5.9359997559e+02 5.9369897461e+02 5.9378601074e+02 5.9383197021e+02 5.9386602783e+02 5.9395098877e+02 5.9405499268e+02 5.9409002686e+02 5.9407098389e+02 5.9405798340e+02 5.9406896973e+02 5.9410900879e+02 5.9413897705e+02 5.9413500977e+02 5.9413000488e+02 5.9421997070e+02 5.9437500000e+02 5.9452398682e+02 5.9461102295e+02 5.9466998291e+02 5.9469702148e+02 5.9473699951e+02 5.9478900146e+02 5.9476898193e+02 5.9478100586e+02 5.9479699707e+02 5.9479302979e+02 5.9476202393e+02 5.9476800537e+02 5.9480297852e+02 5.9483697510e+02 5.9485302734e+02 5.9488598633e+02 5.9491302490e+02 5.9493597412e+02 5.9495599365e+02
5.9291302490e+02 5.9296600342e+02 5.9301898193e+02 5.9309802246e+02 5.9316699219e+02 5.9321997070e+02 5.9327600098e+02 5.9335198975e+02 5.9341998291e+02 5.9347802734e+02 5.9352801514e+02 5.9358898926e+02 5.9370001221e+02 5.9378399658e+02 5.9383898926e+02 5.9392700195e+02 5.9404199219e+02 5.9410198975e+02 5.9408099365e+02 5.9405603027e+02 5.9404199219e+02 5.9404602051e+02 5.9407897949e+02 5.9410601807e+02 5.9410797119e+02 5.9410797119e+02 5.9417297363e+02 5.9433502197e+02 5.9449902344e+02 5.9460699463e+02 5.9465899658e+02 5.9470202637e+02 5.9473699951e+02 5.9472802734e+02 5.9474499512e+02 5.9476702881e+02 5.9476898193e+02 5.9475598145e+02 5.9474499512e+02 5.9474700928e+02 5.9476202393e+02 5.9478997803e+02 5.9482000732e+02 5.9484497070e+02 5.9487200928e+02 5.9490100098e+02
5.9285601807e+02 5.9290502930e+02 5.9294396973e+02 5.9302001953e+02 5.9309600830e+02 5.9315600586e+02 5.9321301270e+02 5.9329101563e+02 5.9335699463e+02 5.9342498779e+02 5.9347601318e+02 5.9351702881e+02 5.9361199951e+02 5.9371600342e+02 5.9379998779e+02 5.9387597656e+02 5.9397998047e+02 5.9405902100e+02 5.9407098389e+02 5.9406298828e+02 5.9404602051e+02 5.9402502441e+02 5.9402398682e+02 5.9405102539e+02 5.9408898926e+02 5.9409802246e+02 5.9409002686e+02 5.9414001465e+02 5.9428399658e+02 5.9445300293e+02 5.9457098389e+02 5.9464801025e+02 5.9467700195e+02 5.9468499756e+02 5.9471600342e+02 5.9474298096e+02 5.9474401855e+02 5.9473498535e+02 5.9472302246e+02 5.9470800781e+02 5.9470800781e+02 5.9473498535e+02 5.9475500488e+02 5.9477301025e+02 5.9479998779e+02 5.9482800293e+02
5.9279998779e+02 5.9284899902e+02 5.9288397217e+02 5.9295599365e+02 5.9301800537e+02 5.9307800293e+02 5.9314599609e+02 5.9322399902e+02 5.9328100586e+02 5.9334802246e+02 5.9341400146e+02 5.9346301270e+02 5.9352697754e+02 5.9361798096e+02 5.9371197510e+02 5.9377801514e+02 5.9386602783e+02 5.9395300293e+02 5.9400897217e+02 5.9403601074e+02 5.9402001953e+02 5.9402099609e+02 5.9401702881e+02 5.9401202393e+02 5.9403198242e+02 5.9406896973e+02 5.9408099365e+02 5.9406097412e+02 5.9409100342e+02 5.9423400879e+02 5.9439697266e+02 5.9453302002e+02 5.9459698486e+02 5.9463000488e+02 5.9467602539e+02 5.9470501709e+02 5.9471099854e+02 5.9470001221e+02 5.9471099854e+02 5.9471099854e+02 5.9469201660e+02 5.9468298340e+02 5.9468701172e+02 5.9470098877e+02 5.9472900391e+02 5.9475000000e+02
5.9272998047e+02 5.9277301025e+02 5.9282299805e+02 5.9289001465e+02 5.9293798828e+02 5.9300598145e+02 5.9309197998e+02 5.9316101074e+02 5.9321899414e+02 5.9326702881e+02 5.9333599854e+02 5.9339697266e+02 5.9344799805e+02 5.9351501465e+02 5.9359497070e+02 5.9367700195e+02 5.9377099609e+02 5.9380999756e+02 5.9389898682e+02 5.9396502686e+02 5.9391699219e+02 5.9396502686e+02 5.9401501465e+02 5.9400201416e+02 5.9397998047e+02 5.9400598145e+02 5.9403900146e+02 5.9405297852e+02 5.9404998779e+02 5.9405200195e+02 5.9415502930e+02 5.9436102295e+02 5.9452099609e+02 5.9457000732e+02 5.9462597656e+02 5.9464300537e+02 5.9464898682e+02 5.9468298340e+02 5.9470300293e+02 5.9469702148e+02 5.9465502930e+02 5.9462902832e+02 5.9462097168e+02 5.9463397217e+02 5.9465997314e+02 5.9469000244e+02
5.9268597412e+02 5.9270599365e+02 5.9272998047e+02 5.9280798340e+02 5.9286401367e+02 5.9292199707e+02 5.9298797607e+02 5.9305603027e+02 5.9313598633e+02 5.9320001221e+02 5.9325000000e+02 5.9330499268e+02 5.9337200928e+02 5.9343902588e+02 5.9350897217e+02 5.9358898926e+02 5.9366802979e+02 5.9370202637e+02 5.9375500488e+02 5.9381298828e+02 5.9379797363e+02 5.9386102295e+02 5.9394097900e+02 5.9397497559e+02 5.9397497559e+02 5.9397497559e+02 5.9398400879e+02 5.9401300049e+02 5.9403997803e+02 5.9403497314e+02 5.9401501465e+02 5.9409997559e+02 5.9427801514e+02 5.9443103027e+02 5.9455700684e+02 5.9460400391e+02 5.9459600830e+02 5.9462701416e+02 5.9465399170e+02 5.9465600586e+02 5.9462799072e+02 5.9460302734e+02 5.9458398438e+02 5.9458398438e+02 5.9460797119e+02 5.9463098145e+02
5.9263000488e+02 5.9266302490e+02 5.9268701172e+02 5.9275897217e+02 5.9282202148e+02 5.9285198975e+02 5.9289300537e+02 5.9297302246e+02 5.9306597900e+02 5.9312500000e+02 5.9316998291e+02 5.9322601318e+02 5.9329400635e+02 5.9336700439e+02 5.9344396973e+02 5.9347998047e+02 5.9352301025e+02 5.9356896973e+02 5.9362500000e+02 5.9369299316e+02 5.9373199463e+02 5.9379101563e+02 5.9384002686e+02 5.9389099121e+02 5.9395599365e+02 5.9396600342e+02 5.9395001221e+02 5.9395898438e+02 5.9399102783e+02 5.9401397705e+02 5.9399902344e+02 5.9399499512e+02 5.9406701660e+02 5.9421197510e+02 5.9438500977e+02 5.9450500488e+02 5.9452600098e+02 5.9454199219e+02 5.9458197021e+02 5.9460900879e+02 5.9460699463e+02 5.9459600830e+02 5.9457098389e+02 5.9455102539e+02 5.9454901123e+02 5.9455700684e+02
5.9257598877e+02 5.9261999512e+02 5.9265600586e+02 5.9269897461e+02 5.9275097656e+02 5.9278497314e+02 5.9283398438e+02 5.9291601563e+02 5.9300201416e+02 5.9303698730e+02 5.9307897949e+02 5.9314398193e+02 5.9320501709e+02 5.9327301025e+02 5.9334997559e+02 5.9337402344e+02 5.9340802002e+02 5.9345300293e+02 5.9351800537e+02 5.9360302734e+02 5.9367401123e+02 5.9372998047e+02 5.9375097656e+02 5.9378900146e+02 5.9388000488e+02 5.9392498779e+02 5.9392498779e+02 5.9392901611e+02 5.9393402100e+02 5.9395098877e+02 5.9397698975e+02 5.9398602295e+02 5.9397497559e+02 5.9402600098e+02 5.9416198730e+02 5.9431799316e+02 5.9441802979e+02 5.9444299316e+02 5.9449298096e+02 5.9453997803e+02 5.9456097412e+02 5.9457000732e+02 5.9455401611e+02 5.9452697754e+02 5.9450500488e+02 5.9450799561e+02
5.9252398682e+02 5.9256298828e+02 5.9260101318e+02 5.9263299561e+02 5.9265997314e+02 5.9268597412e+02 5.9273901367e+02 5.9281701660e+02 5.9289801025e+02 5.9295202637e+02 5.9299499512e+02 5.9304797363e+02 5.9310699463e+02 5.9317199707e+02 5.9323699951e+02 5.9329400635e+02 5.9334301758e+02 5.9337298584e+02 5.9342797852e+02 5.9350201416e+02 5.9356097412e+02 5.9361199951e+02 5.9367401123e+02 5.9371697998e+02 5.9376000977e+02 5.9382098389e+02 5.9387597656e+02 5.9391198730e+02 5.9391497803e+02 5.9390399170e+02 5.9392199707e+02 5.9395202637e+02 5.9395800781e+02 5.9394598389e+02 5.9396002197e+02 5.9405102539e+02 5.9422698975e+02 5.9435198975e+02 5.9441302490e+02 5.9446002197e+02 5.9448797607e+02 5.9451098633e+02 5.9451098633e+02 5.9449401855e+02 5.9448101807e+02 5.9448901367e+02
5.9245397949e+02 5.9250402832e+02 5.9255297852e+02 5.9259197998e+02 5.9261199951e+02 5.9263201904e+02 5.9267102051e+02 5.9272198486e+02 5.9280297852e+02 5.9287200928e+02 5.9293499756e+02 5.9297802734e+02 5.9301599121e+02 5.9309100342e+02 5.9315502930e+02 5.9320300293e+02 5.9324700928e+02 5.9330102539e+02 5.9335699463e+02 5.9340698242e+02 5.9344500732e+02 5.9347998047e+02 5.9354797363e+02 5.9360400391e+02 5.9364501953e+02 5.9369396973e+02 5.9376800537e+02 5.9384600830e+02 5.9388299561e+02 5.9388598633e+02 5.9386999512e+02 5.9387799072e+02 5.9390802002e+02 5.9393902588e+02 5.9392700195e+02 5.9392498779e+02 5.9402801514e+02 5.9416601563e+02 5.9428399658e+02 5.9439099121e+02 5.9444000244e+02 5.9445397949e+02 5.9445501709e+02 5.9444500732e+02 5.9445397949e+02 5.9448699951e+02
5.9237902832e+02 5.9242297363e+02 5.9247601318e+02 5.9253100586e+02 5.9256097412e+02 5.9258001709e+02 5.9260400391e+02 5.9262701416e+02 5.9269201660e+02 5.9275402832e+02 5.9282098389e+02 5.9288000488e+02 5.9293103027e+02 5.9300897217e+02 5.9306201172e+02 5.9309497070e+02 5.9315600586e+02 5.9322100830e+02 5.9327197266e+02 5.9332299805e+02 5.9336602783e+02 5.9339202881e+02 5.9344299316e+02 5.9350799561e+02 5.9355999756e+02 5.9360699463e+02 5.9365802002e+02 5.9372601318e+02 5.9379199219e+02 5.9385601807e+02 5.9385699463e+02 5.9384399414e+02 5.9385601807e+02 5.9389099121e+02 5.9391198730e+02 5.9390802002e+02 5.9391302490e+02 5.9396997070e+02 5.9408001709e+02 5.9423101807e+02 5.9434301758e+02 5.9437902832e+02 5.9440002441e+02 5.9440002441e+02 5.9441400146e+02 5.9445697021e+02
5.9231799316e+02 5.9235998535e+02 5.9239801025e+02 5.9244897461e+02 5.9249499512e+02 5.9252697754e+02 5.9255401611e+02 5.9257397461e+02 5.9262597656e+02 5.9267102051e+02 5.9271398926e+02 5.9277099609e+02 5.9283801270e+02 5.9291802979e+02 5.9296801758e+02 5.9301202393e+02 5.9309301758e+02 5.9314398193e+02 5.9318103027e+02 5.9322900391e+02 5.9327600098e+02 5.9330200195e+02 5.9334497070e+02 5.9340600586e+02 5.9346600342e+02 5.9351397705e+02 5.9355999756e+02 5.9362298584e+02 5.9368298340e+02 5.9376000977e+02 5.9380902100e+02 5.9383502197e+02 5.9382299805e+02 5.9382800293e+02 5.9385400391e+02 5.9387799072e+02 5.9387500000e+02 5.9386199951e+02 5.9390399170e+02 5.9401599121e+02 5.9416302490e+02 5.9425897217e+02 5.9432299805e+02 5.9434997559e+02 5.9436297607e+02 5.9440399170e+02
5.9226098633e+02 5.9230102539e+02 5.9233801270e+02 5.9238500977e+02 5.9242999268e+02 5.9246697998e+02 5.9251098633e+02 5.9254901123e+02 5.9258099365e+02 5.9260498047e+02 5.9263598633e+02 5.9269702148e+02 5.9276898193e+02 5.9284197998e+02 5.9288201904e+02 5.9293701172e+02 5.9301000977e+02 5.9306402588e+02 5.9310601807e+02 5.9313800049e+02 5.9318597412e+02 5.9322198486e+02 5.9327099609e+02 5.9331799316e+02 5.9336401367e+02 5.9342498779e+02 5.9349401855e+02 5.9356799316e+02 5.9362902832e+02 5.9364801025e+02 5.9370697021e+02 5.9381298828e+02 5.9382202148e+02 5.9381298828e+02 5.9380700684e+02 5.9382098389e+02 5.9384899902e+02 5.9385601807e+02 5.9385101318e+02 5.9385900879e+02 5.9390899658e+02 5.9409497070e+02 5.9422399902e+02 5.9430798340e+02 5.9434497070e+02 5.9433898926e+02
5.9217797852e+02 5.9222399902e+02 5.9227502441e+02 5.9232800293e+02 5.9236901855e+02 5.9240802002e+02 5.9245001221e+02 5.9250299072e+02 5.9252197266e+02 5.9253002930e+02 5.9255902100e+02 5.9261401367e+02 5.9266699219e+02 5.9272601318e+02 5.9278802490e+02 5.9285302734e+02 5.9291101074e+02 5.9296502686e+02 5.9303198242e+02 5.9306298828e+02 5.9309997559e+02 5.9314001465e+02 5.9319299316e+02 5.9323498535e+02 5.9327301025e+02 5.9332598877e+02 5.9339501953e+02 5.9346801758e+02 5.9354602051e+02 5.9359600830e+02 5.9363702393e+02 5.9370397949e+02 5.9375000000e+02 5.9379199219e+02 5.9378802490e+02 5.9377697754e+02 5.9378900146e+02 5.9381500244e+02 5.9383599854e+02 5.9384197998e+02 5.9384100342e+02 5.9391198730e+02 5.9402502441e+02 5.9415002441e+02 5.9423400879e+02 5.9425701904e+02
5.9210498047e+02 5.9214202881e+02 5.9217999268e+02 5.9223101807e+02 5.9228601074e+02 5.9233398438e+02 5.9236999512e+02 5.9242901611e+02 5.9246398926e+02 5.9248400879e+02 5.9250000000e+02 5.9253100586e+02 5.9257702637e+02 5.9263598633e+02 5.9270599365e+02 5.9276702881e+02 5.9282397461e+02 5.9287597656e+02 5.9294000244e+02 5.9297399902e+02 5.9302600098e+02 5.9306701660e+02 5.9311297607e+02 5.9315899658e+02 5.9321002197e+02 5.9324102783e+02 5.9328601074e+02 5.9336499023e+02 5.9345599365e+02 5.9352801514e+02 5.9356799316e+02 5.9359497070e+02 5.9366302490e+02 5.9373797607e+02 5.9375402832e+02 5.9375097656e+02 5.9373999023e+02 5.9374798584e+02 5.9377600098e+02 5.9380603027e+02 5.9380902100e+02 5.9380102539e+02 5.9384698486e+02 5.9394097900e+02 5.9405999756e+02 5.9412597656e+02
5.9203698730e+02 5.9206500244e+02 5.9210699463e+02 5.9215301514e+02 5.9220697021e+02 5.9225500488e+02 5.9229199219e+02 5.9234600830e+02 5.9239801025e+02 5.9242602539e+02 5.9243597412e+02 5.9247399902e+02 5.9253002930e+02 5.9258099365e+02 5.9263598633e+02 5.9269000244e+02 5.9274401855e+02 5.9280102539e+02 5.9285198975e+02 5.9287799072e+02 5.9294799805e+02 5.9299798584e+02 5.9303497314e+02 5.9308398438e+02 5.9314099121e+02 5.9317199707e+02 5.9320501709e+02 5.9327502441e+02 5.9335797119e+02 5.9341998291e+02 5.9347399902e+02 5.9352600098e+02 5.9359497070e+02 5.9367602539e+02 5.9373199463e+02 5.9375500488e+02 5.9371997070e+02 5.9369897461e+02 5.9370898438e+02 5.9374102783e+02 5.9377600098e+02 5.9376300049e+02 5.9375598145e+02 5.9378802490e+02 5.9387200928e+02 5.9396398926e+02
5.9196697998e+02 5.9200897217e+02 5.9205603027e+02 5.9209002686e+02 5.9213000488e+02 5.9217297363e+02 5.9221801758e+02 5.9228302002e+02 5.9234997559e+02 5.9237298584e+02 5.9236798096e+02 5.9242297363e+02 5.9249700928e+02 5.9253698730e+02 5.9257800293e+02 5.9263201904e+02 5.9268200684e+02 5.9273999023e+02 5.9278601074e+02 5.9279101563e+02 5.9283099365e+02 5.9289898682e+02 5.9295397949e+02 5.9299798584e+02 5.9303601074e+02 5.9309497070e+02 5.9313598633e+02 5.9318902588e+02 5.9326397705e+02 5.9332098389e+02 5.9338897705e+02 5.9347399902e+02 5.9353497314e+02 5.9365100098e+02 5.9376300049e+02 5.9377197266e+02 5.9369299316e+02 5.9369799805e+02 5.9367999268e+02 5.9368597412e+02 5.9370898438e+02 5.9374102783e+02 5.9374298096e+02 5.9373498535e+02 5.9373699951e+02 5.9379199219e+02
5.9189099121e+02 5.9192999268e+02 5.9196899414e+02 5.9200000000e+02 5.9204101563e+02 5.9209002686e+02 5.9214697266e+02 5.9219598389e+02 5.9225201416e+02 5.9229797363e+02 5.9232202148e+02 5.9236102295e+02 5.9241302490e+02 5.9246197510e+02 5.9250799561e+02 5.9256402588e+02 5.9261999512e+02 5.9266101074e+02 5.9269897461e+02 5.9272601318e+02 5.9276000977e+02 5.9281097412e+02 5.9286999512e+02 5.9291802979e+02 5.9296697998e+02 5.9301599121e+02 5.9305401611e+02 5.9312597656e+02 5.9320300293e+02 5.9322399902e+02 5.9329101563e+02 5.9339202881e+02 5.9346801758e+02 5.9356201172e+02 5.9365301514e+02 5.9365802002e+02 5.9361499023e+02 5.9368402100e+02 5.9367297363e+02 5.9366699219e+02 5.9366497803e+02 5.9366497803e+02 5.9369299316e+02 5.9371502686e+02 5.9370202637e+02 5.9369500732e+02
5.9182397461e+02 5.9184899902e+02 5.9189300537e+02 5.9192901611e+02 5.9196502686e+02 5.9201000977e+02 5.9207598877e+02 5.9212298584e+02 5.9216699219e+02 5.9221398926e+02 5.9226000977e+02 5.9229602051e+02 5.9233502197e+02 5.9239099121e+02 5.9244500732e+02 5.9250201416e+02 5.9255499268e+02 5.9258801270e+02 5.9262402344e+02 5.9265399170e+02 5.9269000244e+02 5.9272302246e+02 5.9277099609e+02 5.9282202148e+02 5.9288299561e+02 5.9294097900e+02 5.9299102783e+02 5.9305798340e+02 5.9313201904e+02 5.9317498779e+02 5.9321997070e+02 5.9328802490e+02 5.9338000488e+02 5.9343798828e+02 5.9348101807e+02 5.9349798584e+02 5.9351898193e+02 5.9360302734e+02 5.9362200928e+02 5.9363598633e+02 5.9363500977e+02 5.9361602783e+02 5.9362902832e+02 5.9365197754e+02 5.9366400146e+02 5.9364801025e+02
5.9176898193e+02 5.9178497314e+02 5.9182202148e+02 5.9185400391e+02 5.9189398193e+02 5.9193798828e+02 5.9200000000e+02 5.9205297852e+02 5.9208502197e+02 5.9212097168e+02 5.9217498779e+02 5.9221801758e+02 5.9225201416e+02 5.9230603027e+02 5.9236499023e+02 5.9242700195e+02 5.9248699951e+02 5.9251898193e+02 5.9255401611e+02 5.9258099365e+02 5.9261401367e+02 5.9264300537e+02 5.9269000244e+02 5.9273602295e+02 5.9278802490e+02 5.9284997559e+02 5.9291198730e+02 5.9296801758e+02 5.9303497314e+02 5.9311602783e+02 5.9314300537e+02 5.9317700195e+02 5.9326300049e+02 5.9331799316e+02 5.9335601807e+02 5.9340002441e+02 5.9345300293e+02 5.9347698975e+02 5.9349902344e+02 5.9354901123e+02 5.9359497070e+02 5.9359698486e+02 5.9358898926e+02 5.9358599854e+02 5.9360198975e+02 5.9361401367e+02
