TESTSERVER/12/14.asc
NCOLS 100
NROWS 100
XLLCORNER 8.0997500000e+03
YLLCORNER 2.8925025000e+05
CELLSIZE 5.0000000000e-01
NODATA_VALUE -9.9990000000e+03
[rows 40 to 59 of 100, columns 0 to 45 of 100]
5.8217102051e+02 5.8232000732e+02 5.8253198242e+02 5.8271301270e+02 5.8285302734e+02 5.8304602051e+02 5.8320397949e+02 5.8331597900e+02 5.8354199219e+02 5.8367999268e+02 5.8370697021e+02 5.8364501953e+02 5.8361401367e+02 5.8374499512e+02 5.8378601074e+02 5.8382702637e+02 5.8391302490e+02 5.8391198730e+02 5.8392602539e+02 5.8398400879e+02 5.8402801514e+02 5.8409301758e+02 5.8415100098e+02 5.8418902588e+02 5.8421301270e+02 5.8426300049e+02 5.8430700684e+02 5.8435998535e+02 5.8439801025e+02 5.8440399170e+02 5.8442602539e+02 5.8443902588e+02 5.8446197510e+02 5.8451898193e+02 5.8454699707e+02 5.8454699707e+02 5.8455603027e+02 5.8456597900e+02 5.8458599854e+02 5.8460198975e+02 5.8460998535e+02 5.8460699463e+02 5.8463000488e+02 5.8464398193e+02 5.8463598633e+02 5.8464001465e+02
5.8186700439e+02 5.8210797119e+02 5.8226202393e+02 5.8240100098e+02 5.8260101318e+02 5.8285699463e+02 5.8302600098e+02 5.8319500732e+02 5.8346899414e+02 5.8366900635e+02 5.8368103027e+02 5.8357397461e+02 5.8353100586e+02 5.8361602783e+02 5.8365301514e+02 5.8373498535e+02 5.8383300781e+02 5.8384802246e+02 5.8386901855e+02 5.8391400146e+02 5.8392401123e+02 5.8399200439e+02 5.8406097412e+02 5.8410101318e+02 5.8414599609e+02 5.8419097900e+02 5.8422497559e+02 5.8425701904e+02 5.8428198242e+02 5.8432202148e+02 5.8435101318e+02 5.8436700439e+02 5.8439898682e+02 5.8445501709e+02 5.8448797607e+02 5.8449298096e+02 5.8448797607e+02 5.8449401855e+02 5.8451098633e+02 5.8453698730e+02 5.8455798340e+02 5.8456402588e+02 5.8457897949e+02 5.8457897949e+02 5.8457897949e+02 5.8459197998e+02
5.8162402344e+02 5.8189202881e+02 5.8202697754e+02 5.8216802979e+02 5.8229199219e+02 5.8266699219e+02 5.8294897461e+02 5.8306500244e+02 5.8323400879e+02 5.8342297363e+02 5.8343701172e+02 5.8334698486e+02 5.8332299805e+02 5.8342401123e+02 5.8352099609e+02 5.8363098145e+02 5.8371697998e+02 5.8372900391e+02 5.8378802490e+02 5.8385998535e+02 5.8385198975e+02 5.8389898682e+02 5.8395800781e+02 5.8399902344e+02 5.8405401611e+02 5.8410302734e+02 5.8414599609e+02 5.8418200684e+02 5.8420001221e+02 5.8425097656e+02 5.8428997803e+02 5.8430401611e+02 5.8433697510e+02 5.8437402344e+02 5.8439697266e+02 5.8441400146e+02 5.8442297363e+02 5.8443499756e+02 5.8445300293e+02 5.8446899414e+02 5.8449200439e+02 5.8450299072e+02 5.8451702881e+02 5.8451501465e+02 5.8452301025e+02 5.8453198242e+02
5.8129602051e+02 5.8153997803e+02 5.8176599121e+02 5.8211499023e+02 5.8221398926e+02 5.8259802246e+02 5.8294000244e+02 5.8300701904e+02 5.8303997803e+02 5.8308300781e+02 5.8309399414e+02 5.8315698242e+02 5.8328997803e+02 5.8340802002e+02 5.8346600342e+02 5.8353601074e+02 5.8364599609e+02 5.8365502930e+02 5.8368902588e+02 5.8374401855e+02 5.8375097656e+02 5.8380401611e+02 5.8386401367e+02 5.8390197754e+02 5.8395098877e+02 5.8400598145e+02 5.8405499268e+02 5.8410101318e+02 5.8413299561e+02 5.8417602539e+02 5.8421997070e+02 5.8423199463e+02 5.8425598145e+02 5.8428900146e+02 5.8431298828e+02 5.8434600830e+02 5.8437597656e+02 5.8439398193e+02 5.8440399170e+02 5.8440301514e+02 5.8442602539e+02 5.8443499756e+02 5.8444396973e+02 5.8445098877e+02 5.8446600342e+02 5.8446600342e+02
5.8075097656e+02 5.8099298096e+02 5.8139898682e+02 5.8198602295e+02 5.8232598877e+02 5.8258398438e+02 5.8283001709e+02 5.8294799805e+02 5.8305499268e+02 5.8305603027e+02 5.8305401611e+02 5.8322399902e+02 5.8344702148e+02 5.8353302002e+02 5.8353900146e+02 5.8352600098e+02 5.8353698730e+02 5.8357598877e+02 5.8359600830e+02 5.8361102295e+02 5.8362799072e+02 5.8373602295e+02 5.8379998779e+02 5.8383001709e+02 5.8384698486e+02 5.8391601563e+02 5.8396697998e+02 5.8400799561e+02 5.8404699707e+02 5.8409100342e+02 5.8413500977e+02 5.8416101074e+02 5.8418701172e+02 5.8422698975e+02 5.8425799561e+02 5.8428698730e+02 5.8430603027e+02 5.8432598877e+02 5.8433001709e+02 5.8433697510e+02 5.8436901855e+02 5.8438897705e+02 5.8438397217e+02 5.8437701416e+02 5.8440502930e+02 5.8440698242e+02
5.8032202148e+02 5.8067901611e+02 5.8145098877e+02 5.8201501465e+02 5.8174597168e+02 5.8183099365e+02 5.8215997314e+02 5.8244097900e+02 5.8265899658e+02 5.8273297119e+02 5.8292401123e+02 5.8325701904e+02 5.8343499756e+02 5.8352502441e+02 5.8363397217e+02 5.8365600586e+02 5.8358502197e+02 5.8347198486e+02 5.8348101807e+02 5.8355603027e+02 5.8360601807e+02 5.8367901611e+02 5.8371502686e+02 5.8376000977e+02 5.8379400635e+02 5.8382897949e+02 5.8387799072e+02 5.8392297363e+02 5.8396697998e+02 5.8400598145e+02 5.8405401611e+02 5.8409600830e+02 5.8413098145e+02 5.8416101074e+02 5.8418499756e+02 5.8422198486e+02 5.8424499512e+02 5.8426501465e+02 5.8427899170e+02 5.8430297852e+02 5.8431597900e+02 5.8432202148e+02 5.8433099365e+02 5.8432098389e+02 5.8433398438e+02 5.8434399414e+02
5.7990997314e+02 5.8014001465e+02 5.8086102295e+02 5.8131799316e+02 5.8088299561e+02 5.8093402100e+02 5.8144897461e+02 5.8202099609e+02 5.8240698242e+02 5.8246697998e+02 5.8268103027e+02 5.8306701660e+02 5.8329797363e+02 5.8345300293e+02 5.8361700439e+02 5.8368701172e+02 5.8362799072e+02 5.8344799805e+02 5.8337597656e+02 5.8344396973e+02 5.8351000977e+02 5.8358099365e+02 5.8362200928e+02 5.8366101074e+02 5.8371099854e+02 5.8374298096e+02 5.8379302979e+02 5.8384802246e+02 5.8389898682e+02 5.8394000244e+02 5.8398400879e+02 5.8402001953e+02 5.8405603027e+02 5.8408502197e+02 5.8410699463e+02 5.8415399170e+02 5.8418798828e+02 5.8420098877e+02 5.8421099854e+02 5.8422399902e+02 5.8423999023e+02 5.8425500488e+02 5.8427801514e+02 5.8426800537e+02 5.8426800537e+02 5.8427899170e+02
5.7965997314e+02 5.7971801758e+02 5.8007598877e+02 5.8042102051e+02 5.8034497070e+02 5.8048602295e+02 5.8097998047e+02 5.8162701416e+02 5.8217498779e+02 5.8241101074e+02 5.8257800293e+02 5.8284497070e+02 5.8306799316e+02 5.8327600098e+02 5.8351000977e+02 5.8362799072e+02 5.8356701660e+02 5.8341900635e+02 5.8333001709e+02 5.8334997559e+02 5.8337799072e+02 5.8349700928e+02 5.8356896973e+02 5.8356701660e+02 5.8359497070e+02 5.8364398193e+02 5.8371197510e+02 5.8377197266e+02 5.8381896973e+02 5.8386901855e+02 5.8391400146e+02 5.8394500732e+02 5.8397900391e+02 5.8401702881e+02 5.8403100586e+02 5.8406597900e+02 5.8410797119e+02 5.8411798096e+02 5.8413397217e+02 5.8413897705e+02 5.8416101074e+02 5.8418200684e+02 5.8421398926e+02 5.8421398926e+02 5.8421002197e+02 5.8421997070e+02
5.7946301270e+02 5.7963598633e+02 5.7987597656e+02 5.8016699219e+02 5.8041400146e+02 5.8044000244e+02 5.8065600586e+02 5.8105200195e+02 5.8156799316e+02 5.8226702881e+02 5.8258398438e+02 5.8273199463e+02 5.8290197754e+02 5.8308300781e+02 5.8335198975e+02 5.8348901367e+02 5.8335797119e+02 5.8324401855e+02 5.8325402832e+02 5.8329699707e+02 5.8324902344e+02 5.8337200928e+02 5.8346502686e+02 5.8345300293e+02 5.8345599365e+02 5.8352001953e+02 5.8361499023e+02 5.8368902588e+02 5.8371600342e+02 5.8377301025e+02 5.8383001709e+02 5.8386102295e+02 5.8388500977e+02 5.8392901611e+02 5.8394702148e+02 5.8397399902e+02 5.8401000977e+02 5.8401599121e+02 5.8404602051e+02 5.8406799316e+02 5.8409197998e+02 5.8410400391e+02 5.8412701416e+02 5.8414300537e+02 5.8413800049e+02 5.8414099121e+02
5.7921502686e+02 5.7938897705e+02 5.7962402344e+02 5.7984997559e+02 5.8015899658e+02 5.8032501221e+02 5.8047497559e+02 5.8065600586e+02 5.8111297607e+02 5.8196899414e+02 5.8243499756e+02 5.8249798584e+02 5.8254699707e+02 5.8274700928e+02 5.8300500488e+02 5.8316699219e+02 5.8312701416e+02 5.8303900146e+02 5.8308398438e+02 5.8319000244e+02 5.8319702148e+02 5.8320098877e+02 5.8323602295e+02 5.8326702881e+02 5.8331500244e+02 5.8338500977e+02 5.8350897217e+02 5.8360198975e+02 5.8363598633e+02 5.8367700195e+02 5.8374102783e+02 5.8377600098e+02 5.8380200195e+02 5.8384100342e+02 5.8386401367e+02 5.8389202881e+02 5.8394396973e+02 5.8395697021e+02 5.8396697998e+02 5.8398297119e+02 5.8401800537e+02 5.8405297852e+02 5.8406701660e+02 5.8407000732e+02 5.8406097412e+02 5.8405297852e+02
5.7903497314e+02 5.7918200684e+02 5.7934600830e+02 5.7951300049e+02 5.7981799316e+02 5.8007598877e+02 5.8029101563e+02 5.8046099854e+02 5.8075701904e+02 5.8133599854e+02 5.8195300293e+02 5.8221002197e+02 5.8226800537e+02 5.8253997803e+02 5.8275598145e+02 5.8288000488e+02 5.8288098145e+02 5.8284197998e+02 5.8292297363e+02 5.8308099365e+02 5.8316302490e+02 5.8309100342e+02 5.8307501221e+02 5.8313397217e+02 5.8322998047e+02 5.8332299805e+02 5.8343902588e+02 5.8353302002e+02 5.8358300781e+02 5.8359997559e+02 5.8362799072e+02 5.8366998291e+02 5.8371697998e+02 5.8375500488e+02 5.8378601074e+02 5.8381201172e+02 5.8384497070e+02 5.8386102295e+02 5.8387200928e+02 5.8389898682e+02 5.8394201660e+02 5.8397601318e+02 5.8398498535e+02 5.8398101807e+02 5.8398699951e+02 5.8398297119e+02
5.7876800537e+02 5.7890301514e+02 5.7898199463e+02 5.7910198975e+02 5.7939599609e+02 5.7969598389e+02 5.8002301025e+02 5.8032397461e+02 5.8054400635e+02 5.8073498535e+02 5.8153497314e+02 5.8217797852e+02 5.8225799561e+02 5.8249597168e+02 5.8268298340e+02 5.8275500488e+02 5.8272198486e+02 5.8275000000e+02 5.8285699463e+02 5.8297100830e+02 5.8299798584e+02 5.8294000244e+02 5.8295800781e+02 5.8305999756e+02 5.8318103027e+02 5.8325097656e+02 5.8334100342e+02 5.8344500732e+02 5.8352502441e+02 5.8354699707e+02 5.8352301025e+02 5.8354302979e+02 5.8361297607e+02 5.8365698242e+02 5.8369500732e+02 5.8372399902e+02 5.8374200439e+02 5.8377001953e+02 5.8378997803e+02 5.8382501221e+02 5.8386102295e+02 5.8388397217e+02 5.8389599609e+02 5.8389501953e+02 5.8392401123e+02 5.8393499756e+02
5.7836401367e+02 5.7852600098e+02 5.7861700439e+02 5.7872601318e+02 5.7894500732e+02 5.7931298828e+02 5.7971801758e+02 5.8012500000e+02 5.8042199707e+02 5.8052697754e+02 5.8124700928e+02 5.8203698730e+02 5.8237298584e+02 5.8240997314e+02 5.8252001953e+02 5.8261700439e+02 5.8265197754e+02 5.8265100098e+02 5.8273199463e+02 5.8279699707e+02 5.8278399658e+02 5.8276300049e+02 5.8283502197e+02 5.8299401855e+02 5.8320898438e+02 5.8320300293e+02 5.8325598145e+02 5.8334100342e+02 5.8341497803e+02 5.8351397705e+02 5.8349902344e+02 5.8346899414e+02 5.8352301025e+02 5.8355999756e+02 5.8361297607e+02 5.8365600586e+02 5.8368103027e+02 5.8369799805e+02 5.8370397949e+02 5.8371600342e+02 5.8375500488e+02 5.8379699707e+02 5.8382598877e+02 5.8383599854e+02 5.8388299561e+02 5.8388000488e+02
5.7813897705e+02 5.7827502441e+02 5.7836499023e+02 5.7846099854e+02 5.7860998535e+02 5.7896801758e+02 5.7938098145e+02 5.7975097656e+02 5.8007098389e+02 5.8020697021e+02 5.8068798828e+02 5.8148498535e+02 5.8230499268e+02 5.8248797607e+02 5.8247497559e+02 5.8249700928e+02 5.8250897217e+02 5.8237200928e+02 5.8239202881e+02 5.8246801758e+02 5.8254199219e+02 5.8260498047e+02 5.8265997314e+02 5.8278002930e+02 5.8294097900e+02 5.8299298096e+02 5.8310900879e+02 5.8322900391e+02 5.8327600098e+02 5.8338897705e+02 5.8345098877e+02 5.8341998291e+02 5.8345697021e+02 5.8348498535e+02 5.8352301025e+02 5.8357202148e+02 5.8361102295e+02 5.8363000488e+02 5.8363702393e+02 5.8364202881e+02 5.8367602539e+02 5.8372998047e+02 5.8375097656e+02 5.8375402832e+02 5.8380200195e+02 5.8381597900e+02
5.7794396973e+02 5.7809002686e+02 5.7817102051e+02 5.7824902344e+02 5.7835302734e+02 5.7867999268e+02 5.7908599854e+02 5.7941198730e+02 5.7971197510e+02 5.7987799072e+02 5.8018902588e+02 5.8087298584e+02 5.8192797852e+02 5.8238800049e+02 5.8235498047e+02 5.8231597900e+02 5.8236401367e+02 5.8222497559e+02 5.8216400146e+02 5.8217401123e+02 5.8229199219e+02 5.8240802002e+02 5.8248400879e+02 5.8258398438e+02 5.8266900635e+02 5.8272198486e+02 5.8288098145e+02 5.8305902100e+02 5.8313598633e+02 5.8322802734e+02 5.8333001709e+02 5.8332897949e+02 5.8336199951e+02 5.8340899658e+02 5.8344897461e+02 5.8349902344e+02 5.8353802490e+02 5.8355700684e+02 5.8356896973e+02 5.8357702637e+02 5.8359399414e+02 5.8362799072e+02 5.8365698242e+02 5.8366998291e+02 5.8369702148e+02 5.8372998047e+02
5.7775701904e+02 5.7792401123e+02 5.7801800537e+02 5.7809899902e+02 5.7820800781e+02 5.7851702881e+02 5.7882897949e+02 5.7901702881e+02 5.7926098633e+02 5.7952600098e+02 5.7968200684e+02 5.8012298584e+02 5.8107702637e+02 5.8165600586e+02 5.8173297119e+02 5.8179602051e+02 5.8205902100e+02 5.8209600830e+02 5.8198199463e+02 5.8192498779e+02 5.8207397461e+02 5.8221801758e+02 5.8233599854e+02 5.8246997070e+02 5.8253399658e+02 5.8257598877e+02 5.8273101807e+02 5.8292199707e+02 5.8302197266e+02 5.8308898926e+02 5.8321600342e+02 5.8325299072e+02 5.8325799561e+02 5.8329998779e+02 5.8335498047e+02 5.8341302490e+02 5.8346398926e+02 5.8349102783e+02 5.8349798584e+02 5.8350799561e+02 5.8352099609e+02 5.8354400635e+02 5.8357800293e+02 5.8359301758e+02 5.8360400391e+02 5.8364300537e+02
5.7752001953e+02 5.7772198486e+02 5.7785900879e+02 5.7798199463e+02 5.7819702148e+02 5.7843902588e+02 5.7855297852e+02 5.7854699707e+02 5.7854101563e+02 5.7897497559e+02 5.7917602539e+02 5.7945397949e+02 5.7995300293e+02 5.8045501709e+02 5.8068701172e+02 5.8097998047e+02 5.8154797363e+02 5.8173797607e+02 5.8167297363e+02 5.8167999268e+02 5.8185900879e+02 5.8202899170e+02 5.8218902588e+02 5.8235498047e+02 5.8238598633e+02 5.8246398926e+02 5.8261297607e+02 5.8278601074e+02 5.8294097900e+02 5.8298101807e+02 5.8310302734e+02 5.8317401123e+02 5.8320599365e+02 5.8325701904e+02 5.8328900146e+02 5.8331701660e+02 5.8335400391e+02 5.8342297363e+02 5.8341998291e+02 5.8342102051e+02 5.8343701172e+02 5.8346801758e+02 5.8350201416e+02 5.8352001953e+02 5.8352600098e+02 5.8354998779e+02
5.7729101563e+02 5.7748901367e+02 5.7766101074e+02 5.7782598877e+02 5.7801599121e+02 5.7822998047e+02 5.7829797363e+02 5.7828997803e+02 5.7832299805e+02 5.7849401855e+02 5.7869799805e+02 5.7900500488e+02 5.7939801025e+02 5.7975598145e+02 5.8007299805e+02 5.8046697998e+02 5.8106201172e+02 5.8133502197e+02 5.8146600342e+02 5.8166400146e+02 5.8182897949e+02 5.8190802002e+02 5.8200897217e+02 5.8214202881e+02 5.8215002441e+02 5.8225897217e+02 5.8245098877e+02 5.8260498047e+02 5.8274499512e+02 5.8279302979e+02 5.8287097168e+02 5.8297601318e+02 5.8309497070e+02 5.8318597412e+02 5.8321997070e+02 5.8323699951e+02 5.8323999023e+02 5.8330902100e+02 5.8333599854e+02 5.8335198975e+02 5.8337402344e+02 5.8338000488e+02 5.8340399170e+02 5.8342901611e+02 5.8344702148e+02 5.8347497559e+02
5.7705499268e+02 5.7726300049e+02 5.7745300293e+02 5.7763897705e+02 5.7784600830e+02 5.7806597900e+02 5.7816101074e+02 5.7819000244e+02 5.7825201416e+02 5.7834197998e+02 5.7848797607e+02 5.7876599121e+02 5.7911798096e+02 5.7944897461e+02 5.7974798584e+02 5.8009802246e+02 5.8061499023e+02 5.8103302002e+02 5.8129998779e+02 5.8157000732e+02 5.8177801514e+02 5.8173199463e+02 5.8168402100e+02 5.8176000977e+02 5.8183001709e+02 5.8201898193e+02 5.8227099609e+02 5.8242999268e+02 5.8253698730e+02 5.8258197021e+02 5.8266400146e+02 5.8279498291e+02 5.8293597412e+02 5.8303997803e+02 5.8311199951e+02 5.8313702393e+02 5.8313598633e+02 5.8319897461e+02 5.8324499512e+02 5.8326098633e+02 5.8328399658e+02 5.8329101563e+02 5.8331896973e+02 5.8335302734e+02 5.8337298584e+02 5.8339501953e+02
5.7681597900e+02 5.7702801514e+02 5.7723199463e+02 5.7743701172e+02 5.7765997314e+02 5.7791302490e+02 5.7806298828e+02 5.7813897705e+02 5.7819897461e+02 5.7824102783e+02 5.7835699463e+02 5.7859399414e+02 5.7889202881e+02 5.7917297363e+02 5.7941900635e+02 5.7968701172e+02 5.8007202148e+02 5.8050299072e+02 5.8077197266e+02 5.8109002686e+02 5.8158300781e+02 5.8146002197e+02 5.8129498291e+02 5.8137097168e+02 5.8155297852e+02 5.8178997803e+02 5.8206402588e+02 5.8223999023e+02 5.8233099365e+02 5.8235797119e+02 5.8249700928e+02 5.8266400146e+02 5.8278002930e+02 5.8287597656e+02 5.8296600342e+02 5.8301702881e+02 5.8305401611e+02 5.8309497070e+02 5.8315301514e+02 5.8317297363e+02 5.8319299316e+02 5.8320898438e+02 5.8323901367e+02 5.8327301025e+02 5.8328497314e+02 5.8329797363e+02
