TESTSERVER/12/14.asc
NCOLS 100
NROWS 100
XLLCORNER 8.0997500000e+03
YLLCORNER 2.8925025000e+05
CELLSIZE 5.0000000000e-01
NODATA_VALUE -9.9990000000e+03
[rows 80 to 99 of 100, columns 46 to 91 of 100]
5.7859497070e+02 5.7863098145e+02 5.7866601563e+02 5.7870501709e+02 5.7878198242e+02 5.7886102295e+02 5.7896600342e+02 5.7902001953e+02 5.7914202881e+02 5.7926300049e+02 5.7933001709e+02 5.7939801025e+02 5.7954998779e+02 5.7973101807e+02 5.7988299561e+02 5.7992199707e+02 5.7991101074e+02 5.8000500488e+02 5.8011102295e+02 5.8018597412e+02 5.8032501221e+02 5.8047900391e+02 5.8069000244e+02 5.8093499756e+02 5.8114501953e+02 5.8135900879e+02 5.8163098145e+02 5.8190502930e+02 5.8214801025e+02 5.8240899658e+02 5.8264697266e+02 5.8280603027e+02 5.8286602783e+02 5.8287799072e+02 5.8291198730e+02 5.8295202637e+02 5.8299902344e+02 5.8305401611e+02 5.8311602783e+02 5.8319500732e+02 5.8326202393e+02 5.8334399414e+02 5.8342102051e+02 5.8348101807e+02 5.8352801514e+02 5.8356597900e+02
5.7829699707e+02 5.7833398438e+02 5.7839898682e+02 5.7844299316e+02 5.7852301025e+02 5.7858502197e+02 5.7867602539e+02 5.7877301025e+02 5.7890802002e+02 5.7902502441e+02 5.7907397461e+02 5.7909899902e+02 5.7927600098e+02 5.7948400879e+02 5.7961401367e+02 5.7969702148e+02 5.7970001221e+02 5.7975097656e+02 5.7988000488e+02 5.7996301270e+02 5.8010900879e+02 5.8028497314e+02 5.8051800537e+02 5.8076000977e+02 5.8098400879e+02 5.8122497559e+02 5.8149200439e+02 5.8174597168e+02 5.8200000000e+02 5.8227600098e+02 5.8251300049e+02 5.8267401123e+02 5.8277301025e+02 5.8287597656e+02 5.8295397949e+02 5.8296600342e+02 5.8295098877e+02 5.8300897217e+02 5.8307000732e+02 5.8313702393e+02 5.8318798828e+02 5.8325799561e+02 5.8336602783e+02 5.8342700195e+02 5.8345898438e+02 5.8350701904e+02
5.7794097900e+02 5.7805297852e+02 5.7817297363e+02 5.7821002197e+02 5.7828302002e+02 5.7833001709e+02 5.7838000488e+02 5.7849902344e+02 5.7865197754e+02 5.7879199219e+02 5.7886602783e+02 5.7890502930e+02 5.7907800293e+02 5.7925000000e+02 5.7929797363e+02 5.7936798096e+02 5.7946099854e+02 5.7953802490e+02 5.7967999268e+02 5.7978100586e+02 5.7993597412e+02 5.8015997314e+02 5.8038201904e+02 5.8059802246e+02 5.8082202148e+02 5.8106500244e+02 5.8132897949e+02 5.8158502197e+02 5.8185302734e+02 5.8213397217e+02 5.8236798096e+02 5.8255200195e+02 5.8270300293e+02 5.8290301514e+02 5.8302801514e+02 5.8302600098e+02 5.8298699951e+02 5.8301599121e+02 5.8303900146e+02 5.8309399414e+02 5.8316101074e+02 5.8323297119e+02 5.8331701660e+02 5.8335400391e+02 5.8338800049e+02 5.8344299316e+02
5.7764398193e+02 5.7778601074e+02 5.7793298340e+02 5.7796697998e+02 5.7804302979e+02 5.7809497070e+02 5.7811297607e+02 5.7821002197e+02 5.7834100342e+02 5.7849700928e+02 5.7860498047e+02 5.7870001221e+02 5.7887597656e+02 5.7902899170e+02 5.7908197021e+02 5.7912701416e+02 5.7923602295e+02 5.7932501221e+02 5.7946997070e+02 5.7961102295e+02 5.7977801514e+02 5.8001202393e+02 5.8021301270e+02 5.8042401123e+02 5.8064697266e+02 5.8087799072e+02 5.8114697266e+02 5.8142498779e+02 5.8170599365e+02 5.8197399902e+02 5.8221197510e+02 5.8244201660e+02 5.8266998291e+02 5.8294702148e+02 5.8309100342e+02 5.8307000732e+02 5.8302398682e+02 5.8301501465e+02 5.8300402832e+02 5.8305603027e+02 5.8314398193e+02 5.8320697021e+02 5.8325701904e+02 5.8328601074e+02 5.8332702637e+02 5.8338000488e+02
5.7736798096e+02 5.7745501709e+02 5.7761199951e+02 5.7767999268e+02 5.7776300049e+02 5.7785400391e+02 5.7790698242e+02 5.7797601318e+02 5.7805603027e+02 5.7818798828e+02 5.7831896973e+02 5.7841497803e+02 5.7857598877e+02 5.7871801758e+02 5.7887597656e+02 5.7893597412e+02 5.7900097656e+02 5.7909997559e+02 5.7924102783e+02 5.7941900635e+02 5.7958697510e+02 5.7982397461e+02 5.8003997803e+02 5.8025299072e+02 5.8046502686e+02 5.8070599365e+02 5.8099597168e+02 5.8128497314e+02 5.8154699707e+02 5.8178698730e+02 5.8203601074e+02 5.8232702637e+02 5.8270501709e+02 5.8300299072e+02 5.8309002686e+02 5.8302197266e+02 5.8296398926e+02 5.8295001221e+02 5.8295300293e+02 5.8300598145e+02 5.8309002686e+02 5.8314300537e+02 5.8319000244e+02 5.8323797607e+02 5.8328198242e+02 5.8332000732e+02
5.7708898926e+02 5.7714398193e+02 5.7724298096e+02 5.7734899902e+02 5.7745397949e+02 5.7753997803e+02 5.7763800049e+02 5.7770202637e+02 5.7777899170e+02 5.7785699463e+02 5.7798400879e+02 5.7809600830e+02 5.7827697754e+02 5.7839300537e+02 5.7851800537e+02 5.7866802979e+02 5.7879400635e+02 5.7888702393e+02 5.7902600098e+02 5.7919000244e+02 5.7937799072e+02 5.7961999512e+02 5.7984497070e+02 5.8008697510e+02 5.8031597900e+02 5.8056597900e+02 5.8084600830e+02 5.8110998535e+02 5.8134100342e+02 5.8159197998e+02 5.8186901855e+02 5.8219702148e+02 5.8257702637e+02 5.8288299561e+02 5.8295501709e+02 5.8291601563e+02 5.8293902588e+02 5.8298297119e+02 5.8296697998e+02 5.8296099854e+02 5.8301800537e+02 5.8307202148e+02 5.8311798096e+02 5.8316699219e+02 5.8322100830e+02 5.8326800537e+02
5.7683197021e+02 5.7687500000e+02 5.7691802979e+02 5.7703198242e+02 5.7713500977e+02 5.7722198486e+02 5.7734399414e+02 5.7739300537e+02 5.7747900391e+02 5.7756298828e+02 5.7766302490e+02 5.7778601074e+02 5.7798199463e+02 5.7807098389e+02 5.7817199707e+02 5.7838397217e+02 5.7858801270e+02 5.7871301270e+02 5.7882397461e+02 5.7896502686e+02 5.7917999268e+02 5.7942297363e+02 5.7963201904e+02 5.7989599609e+02 5.8014398193e+02 5.8038500977e+02 5.8065301514e+02 5.8090600586e+02 5.8113000488e+02 5.8139202881e+02 5.8167999268e+02 5.8201599121e+02 5.8237200928e+02 5.8265698242e+02 5.8275799561e+02 5.8277398682e+02 5.8284497070e+02 5.8296099854e+02 5.8298199463e+02 5.8291699219e+02 5.8292901611e+02 5.8298999023e+02 5.8304901123e+02 5.8309600830e+02 5.8315002441e+02 5.8320800781e+02
5.7652398682e+02 5.7653900146e+02 5.7659899902e+02 5.7671600342e+02 5.7683898926e+02 5.7694299316e+02 5.7705102539e+02 5.7712298584e+02 5.7720397949e+02 5.7727502441e+02 5.7736999512e+02 5.7754797363e+02 5.7774401855e+02 5.7780902100e+02 5.7790301514e+02 5.7808300781e+02 5.7830297852e+02 5.7847399902e+02 5.7859899902e+02 5.7878497314e+02 5.7902899170e+02 5.7925598145e+02 5.7943798828e+02 5.7969702148e+02 5.7995098877e+02 5.8018402100e+02 5.8044396973e+02 5.8069799805e+02 5.8093200684e+02 5.8119702148e+02 5.8148101807e+02 5.8180297852e+02 5.8212402344e+02 5.8239398193e+02 5.8252301025e+02 5.8258398438e+02 5.8266900635e+02 5.8287902832e+02 5.8301800537e+02 5.8293597412e+02 5.8287298584e+02 5.8291699219e+02 5.8298297119e+02 5.8303002930e+02 5.8307702637e+02 5.8314801025e+02
5.7622497559e+02 5.7624200439e+02 5.7632897949e+02 5.7643902588e+02 5.7657202148e+02 5.7666302490e+02 5.7671697998e+02 5.7684497070e+02 5.7692401123e+02 5.7698901367e+02 5.7710400391e+02 5.7723400879e+02 5.7738800049e+02 5.7753198242e+02 5.7767901611e+02 5.7783099365e+02 5.7803302002e+02 5.7823602295e+02 5.7839398193e+02 5.7857501221e+02 5.7881701660e+02 5.7906799316e+02 5.7926702881e+02 5.7952398682e+02 5.7978698730e+02 5.8001800537e+02 5.8026702881e+02 5.8052301025e+02 5.8076898193e+02 5.8100897217e+02 5.8127398682e+02 5.8157000732e+02 5.8188800049e+02 5.8215301514e+02 5.8230401611e+02 5.8239300537e+02 5.8250500488e+02 5.8282598877e+02 5.8308599854e+02 5.8304699707e+02 5.8289801025e+02 5.8287902832e+02 5.8291601563e+02 5.8296301270e+02 5.8301397705e+02 5.8310699463e+02
5.7593402100e+02 5.7598101807e+02 5.7608599854e+02 5.7613201904e+02 5.7619897461e+02 5.7626397705e+02 5.7636901855e+02 5.7652301025e+02 5.7662402344e+02 5.7669799805e+02 5.7685699463e+02 5.7698400879e+02 5.7713702393e+02 5.7730902100e+02 5.7747399902e+02 5.7764599609e+02 5.7786602783e+02 5.7807598877e+02 5.7828002930e+02 5.7842999268e+02 5.7861499023e+02 5.7887200928e+02 5.7909100342e+02 5.7934698486e+02 5.7960998535e+02 5.7985900879e+02 5.8010601807e+02 5.8035498047e+02 5.8059497070e+02 5.8083197021e+02 5.8108801270e+02 5.8136798096e+02 5.8167602539e+02 5.8195397949e+02 5.8212298584e+02 5.8224597168e+02 5.8239599609e+02 5.8272601318e+02 5.8309600830e+02 5.8320599365e+02 5.8306402588e+02 5.8292498779e+02 5.8287298584e+02 5.8290802002e+02 5.8296099854e+02 5.8303601074e+02
5.7563500977e+02 5.7568200684e+02 5.7578601074e+02 5.7583398438e+02 5.7592901611e+02 5.7602301025e+02 5.7614099121e+02 5.7628302002e+02 5.7640997314e+02 5.7650097656e+02 5.7666699219e+02 5.7676800537e+02 5.7691802979e+02 5.7713299561e+02 5.7729901123e+02 5.7745697021e+02 5.7767797852e+02 5.7787500000e+02 5.7805603027e+02 5.7821502686e+02 5.7840698242e+02 5.7865002441e+02 5.7886602783e+02 5.7912200928e+02 5.7939501953e+02 5.7964099121e+02 5.7989001465e+02 5.8014501953e+02 5.8039697266e+02 5.8063897705e+02 5.8089300537e+02 5.8115802002e+02 5.8144000244e+02 5.8172601318e+02 5.8194299316e+02 5.8212799072e+02 5.8231701660e+02 5.8259399414e+02 5.8298199463e+02 5.8322601318e+02 5.8318103027e+02 5.8298400879e+02 5.8286999512e+02 5.8287902832e+02 5.8290899658e+02 5.8297399902e+02
5.7533197021e+02 5.7538000488e+02 5.7546502686e+02 5.7555999756e+02 5.7571398926e+02 5.7586499023e+02 5.7600701904e+02 5.7616699219e+02 5.7629901123e+02 5.7634399414e+02 5.7644396973e+02 5.7656097412e+02 5.7672497559e+02 5.7695397949e+02 5.7714202881e+02 5.7727600098e+02 5.7744000244e+02 5.7763397217e+02 5.7782397461e+02 5.7801397705e+02 5.7821801758e+02 5.7843103027e+02 5.7864398193e+02 5.7889898682e+02 5.7919396973e+02 5.7943902588e+02 5.7966998291e+02 5.7992102051e+02 5.8018298340e+02 5.8043798828e+02 5.8069097900e+02 5.8094201660e+02 5.8119702148e+02 5.8148199463e+02 5.8175799561e+02 5.8201202393e+02 5.8223101807e+02 5.8243402100e+02 5.8274200439e+02 5.8300701904e+02 5.8306298828e+02 5.8292700195e+02 5.8285101318e+02 5.8286602783e+02 5.8285998535e+02 5.8290802002e+02
5.7504797363e+02 5.7513000488e+02 5.7520397949e+02 5.7528198242e+02 5.7544299316e+02 5.7564599609e+02 5.7582598877e+02 5.7601599121e+02 5.7613000488e+02 5.7613897705e+02 5.7616601563e+02 5.7631799316e+02 5.7648400879e+02 5.7669000244e+02 5.7692700195e+02 5.7711297607e+02 5.7723699951e+02 5.7740002441e+02 5.7761700439e+02 5.7787597656e+02 5.7806402588e+02 5.7824401855e+02 5.7847698975e+02 5.7871197510e+02 5.7898901367e+02 5.7925897217e+02 5.7946697998e+02 5.7969702148e+02 5.7996997070e+02 5.8024401855e+02 5.8050500488e+02 5.8074499512e+02 5.8096002197e+02 5.8125299072e+02 5.8157000732e+02 5.8188000488e+02 5.8210699463e+02 5.8231597900e+02 5.8253100586e+02 5.8270202637e+02 5.8277398682e+02 5.8271899414e+02 5.8274200439e+02 5.8279797363e+02 5.8280499268e+02 5.8283197021e+02
5.7475402832e+02 5.7484301758e+02 5.7494201660e+02 5.7501702881e+02 5.7519000244e+02 5.7540899658e+02 5.7561700439e+02 5.7580200195e+02 5.7591101074e+02 5.7596398926e+02 5.7596002197e+02 5.7606201172e+02 5.7623400879e+02 5.7643402100e+02 5.7670202637e+02 5.7693798828e+02 5.7710900879e+02 5.7724902344e+02 5.7748400879e+02 5.7774200439e+02 5.7790899658e+02 5.7808502197e+02 5.7829699707e+02 5.7850598145e+02 5.7876599121e+02 5.7901898193e+02 5.7923498535e+02 5.7950201416e+02 5.7979699707e+02 5.8005798340e+02 5.8032897949e+02 5.8059100342e+02 5.8081701660e+02 5.8109100342e+02 5.8138098145e+02 5.8169097900e+02 5.8193103027e+02 5.8213500977e+02 5.8236102295e+02 5.8252697754e+02 5.8259399414e+02 5.8258898926e+02 5.8263299561e+02 5.8268402100e+02 5.8274401855e+02 5.8279199219e+02
5.7447802734e+02 5.7455200195e+02 5.7467199707e+02 5.7480798340e+02 5.7500897217e+02 5.7519396973e+02 5.7537701416e+02 5.7554199219e+02 5.7565197754e+02 5.7573400879e+02 5.7573498535e+02 5.7582501221e+02 5.7599902344e+02 5.7619299316e+02 5.7646099854e+02 5.7673602295e+02 5.7698797607e+02 5.7716699219e+02 5.7739001465e+02 5.7763500977e+02 5.7777502441e+02 5.7793402100e+02 5.7812200928e+02 5.7833197021e+02 5.7857501221e+02 5.7880297852e+02 5.7903302002e+02 5.7931597900e+02 5.7960601807e+02 5.7986297607e+02 5.8014300537e+02 5.8040997314e+02 5.8064801025e+02 5.8091699219e+02 5.8117797852e+02 5.8147998047e+02 5.8177001953e+02 5.8196398926e+02 5.8223400879e+02 5.8247399902e+02 5.8257800293e+02 5.8260498047e+02 5.8260302734e+02 5.8262500000e+02 5.8270697021e+02 5.8276202393e+02
5.7420001221e+02 5.7430200195e+02 5.7445501709e+02 5.7459399414e+02 5.7476599121e+02 5.7489898682e+02 5.7505700684e+02 5.7521099854e+02 5.7532702637e+02 5.7542401123e+02 5.7549298096e+02 5.7560797119e+02 5.7576898193e+02 5.7595599365e+02 5.7622497559e+02 5.7653002930e+02 5.7686999512e+02 5.7710699463e+02 5.7727801514e+02 5.7748199463e+02 5.7762701416e+02 5.7779498291e+02 5.7796398926e+02 5.7816497803e+02 5.7839300537e+02 5.7862597656e+02 5.7886602783e+02 5.7912500000e+02 5.7940502930e+02 5.7966900635e+02 5.7995300293e+02 5.8020599365e+02 5.8044299316e+02 5.8072698975e+02 5.8098199463e+02 5.8127697754e+02 5.8162402344e+02 5.8179998779e+02 5.8207202148e+02 5.8239001465e+02 5.8257000732e+02 5.8261700439e+02 5.8260699463e+02 5.8264898682e+02 5.8270697021e+02 5.8272100830e+02
5.7391699219e+02 5.7405401611e+02 5.7422100830e+02 5.7431896973e+02 5.7443200684e+02 5.7456097412e+02 5.7470501709e+02 5.7487200928e+02 5.7502801514e+02 5.7514300537e+02 5.7528601074e+02 5.7543499756e+02 5.7558599854e+02 5.7579498291e+02 5.7606597900e+02 5.7639501953e+02 5.7682897949e+02 5.7712402344e+02 5.7722302246e+02 5.7732598877e+02 5.7748901367e+02 5.7766101074e+02 5.7783099365e+02 5.7803302002e+02 5.7822998047e+02 5.7846899414e+02 5.7869799805e+02 5.7894299316e+02 5.7921502686e+02 5.7947302246e+02 5.7976000977e+02 5.8000097656e+02 5.8023999023e+02 5.8051300049e+02 5.8078698730e+02 5.8105297852e+02 5.8133001709e+02 5.8158398438e+02 5.8179901123e+02 5.8215100098e+02 5.8244201660e+02 5.8251702881e+02 5.8255798340e+02 5.8263500977e+02 5.8266900635e+02 5.8265197754e+02
5.7369500732e+02 5.7379400635e+02 5.7395898438e+02 5.7408300781e+02 5.7418701172e+02 5.7430999756e+02 5.7443402100e+02 5.7459197998e+02 5.7478302002e+02 5.7491497803e+02 5.7507098389e+02 5.7522601318e+02 5.7540399170e+02 5.7566497803e+02 5.7592602539e+02 5.7627001953e+02 5.7683099365e+02 5.7733001709e+02 5.7732000732e+02 5.7716802979e+02 5.7732397461e+02 5.7752899170e+02 5.7768701172e+02 5.7787298584e+02 5.7806500244e+02 5.7829302979e+02 5.7854998779e+02 5.7878802490e+02 5.7900299072e+02 5.7925201416e+02 5.7953198242e+02 5.7978198242e+02 5.8004699707e+02 5.8030297852e+02 5.8057800293e+02 5.8083001709e+02 5.8109698486e+02 5.8132501221e+02 5.8154901123e+02 5.8196099854e+02 5.8233300781e+02 5.8240399170e+02 5.8247399902e+02 5.8257800293e+02 5.8260302734e+02 5.8257800293e+02
5.7346099854e+02 5.7355102539e+02 5.7369000244e+02 5.7383801270e+02 5.7396600342e+02 5.7408502197e+02 5.7421502686e+02 5.7436700439e+02 5.7453698730e+02 5.7466900635e+02 5.7483099365e+02 5.7500598145e+02 5.7521002197e+02 5.7548297119e+02 5.7571801758e+02 5.7602001953e+02 5.7653900146e+02 5.7713201904e+02 5.7726202393e+02 5.7706201172e+02 5.7714898682e+02 5.7736199951e+02 5.7753802490e+02 5.7775000000e+02 5.7794097900e+02 5.7813397217e+02 5.7839398193e+02 5.7863098145e+02 5.7885101318e+02 5.7907000732e+02 5.7930499268e+02 5.7955700684e+02 5.7983898926e+02 5.8010101318e+02 5.8037097168e+02 5.8063500977e+02 5.8090502930e+02 5.8112902832e+02 5.8137500000e+02 5.8177801514e+02 5.8213800049e+02 5.8223602295e+02 5.8237500000e+02 5.8256597900e+02 5.8265100098e+02 5.8260998535e+02
5.7319201660e+02 5.7328601074e+02 5.7340301514e+02 5.7354998779e+02 5.7370501709e+02 5.7382598877e+02 5.7396801758e+02 5.7412597656e+02 5.7425799561e+02 5.7438500977e+02 5.7456701660e+02 5.7478002930e+02 5.7503002930e+02 5.7530297852e+02 5.7551702881e+02 5.7575701904e+02 5.7610198975e+02 5.7657397461e+02 5.7687402344e+02 5.7682702637e+02 5.7692797852e+02 5.7715301514e+02 5.7736901855e+02 5.7762097168e+02 5.7780200195e+02 5.7797601318e+02 5.7823602295e+02 5.7848297119e+02 5.7871197510e+02 5.7890997314e+02 5.7913598633e+02 5.7939099121e+02 5.7964801025e+02 5.7990399170e+02 5.8017797852e+02 5.8045501709e+02 5.8072399902e+02 5.8095001221e+02 5.8118902588e+02 5.8153302002e+02 5.8188201904e+02 5.8203302002e+02 5.8221899414e+02 5.8249102783e+02 5.8269201660e+02 5.8267700195e+02
