TESTSERVER/12/15.asc
NCOLS 100
NROWS 100
XLLCORNER 8.0997500000e+03
YLLCORNER 2.8920025000e+05
CELLSIZE 5.0000000000e-01
NODATA_VALUE -9.9990000000e+03
[rows 20 to 39 of 100, columns 0 to 45 of 100]
5.6222100830e+02 5.6212902832e+02 5.6209497070e+02 5.6222698975e+02 5.6237701416e+02 5.6247100830e+02 5.6259301758e+02 5.6272497559e+02 5.6286798096e+02 5.6304400635e+02 5.6320501709e+02 5.6334497070e+02 5.6350097656e+02 5.6367797852e+02 5.6387799072e+02 5.6403497314e+02 5.6418402100e+02 5.6434600830e+02 5.6451098633e+02 5.6465197754e+02 5.6476000977e+02 5.6486602783e+02 5.6496697998e+02 5.6504901123e+02 5.6510198975e+02 5.6525201416e+02 5.6541101074e+02 5.6553399658e+02 5.6567401123e+02 5.6584497070e+02 5.6597802734e+02 5.6611297607e+02 5.6629498291e+02 5.6644500732e+02 5.6656298828e+02 5.6668200684e+02 5.6678802490e+02 5.6690802002e+02 5.6710900879e+02 5.6726501465e+02 5.6741198730e+02 5.6761401367e+02 5.6774700928e+02 5.6791497803e+02 5.6808502197e+02 5.6823901367e+02
5.6232397461e+02 5.6230499268e+02 5.6218298340e+02 5.6207299805e+02 5.6204602051e+02 5.6219299316e+02 5.6235601807e+02 5.6248797607e+02 5.6258398438e+02 5.6275402832e+02 5.6291802979e+02 5.6307299805e+02 5.6323297119e+02 5.6338098145e+02 5.6356701660e+02 5.6375000000e+02 5.6391998291e+02 5.6405499268e+02 5.6419799805e+02 5.6434802246e+02 5.6449200439e+02 5.6462298584e+02 5.6474102783e+02 5.6483599854e+02 5.6491900635e+02 5.6504998779e+02 5.6518597412e+02 5.6529998779e+02 5.6542999268e+02 5.6560101318e+02 5.6574200439e+02 5.6590802002e+02 5.6607202148e+02 5.6618902588e+02 5.6633099365e+02 5.6645697021e+02 5.6656298828e+02 5.6671801758e+02 5.6686602783e+02 5.6701599121e+02 5.6720697021e+02 5.6739501953e+02 5.6755700684e+02 5.6772698975e+02 5.6788397217e+02 5.6802899170e+02
5.6244396973e+02 5.6238598633e+02 5.6232702637e+02 5.6221600342e+02 5.6202502441e+02 5.6198297119e+02 5.6207501221e+02 5.6223400879e+02 5.6233801270e+02 5.6248602295e+02 5.6262402344e+02 5.6277001953e+02 5.6294598389e+02 5.6311102295e+02 5.6328601074e+02 5.6344799805e+02 5.6360101318e+02 5.6374902344e+02 5.6388800049e+02 5.6402801514e+02 5.6419299316e+02 5.6434497070e+02 5.6449200439e+02 5.6462799072e+02 5.6472900391e+02 5.6483502197e+02 5.6495898438e+02 5.6506597900e+02 5.6517297363e+02 5.6534197998e+02 5.6550299072e+02 5.6567700195e+02 5.6583099365e+02 5.6593402100e+02 5.6609899902e+02 5.6627801514e+02 5.6640197754e+02 5.6656799316e+02 5.6668798828e+02 5.6681201172e+02 5.6698901367e+02 5.6716101074e+02 5.6734899902e+02 5.6753497314e+02 5.6768597412e+02 5.6781597900e+02
5.6241302490e+02 5.6245300293e+02 5.6238598633e+02 5.6235302734e+02 5.6223602295e+02 5.6192297363e+02 5.6183398438e+02 5.6198699951e+02 5.6211102295e+02 5.6224102783e+02 5.6234802246e+02 5.6247399902e+02 5.6264697266e+02 5.6284600830e+02 5.6302899170e+02 5.6317602539e+02 5.6329998779e+02 5.6347601318e+02 5.6364599609e+02 5.6378399658e+02 5.6392199707e+02 5.6405200195e+02 5.6420098877e+02 5.6435797119e+02 5.6447399902e+02 5.6457202148e+02 5.6470001221e+02 5.6481500244e+02 5.6491400146e+02 5.6508001709e+02 5.6525000000e+02 5.6542102051e+02 5.6557397461e+02 5.6570697021e+02 5.6586901855e+02 5.6606597900e+02 5.6620397949e+02 5.6632397461e+02 5.6647497559e+02 5.6662799072e+02 5.6679101563e+02 5.6696197510e+02 5.6716101074e+02 5.6735101318e+02 5.6748797607e+02 5.6760498047e+02
5.6194000244e+02 5.6221099854e+02 5.6234399414e+02 5.6233398438e+02 5.6228002930e+02 5.6169897461e+02 5.6160498047e+02 5.6175701904e+02 5.6183898926e+02 5.6198901367e+02 5.6211297607e+02 5.6224499512e+02 5.6239599609e+02 5.6258801270e+02 5.6276898193e+02 5.6292700195e+02 5.6304998779e+02 5.6321801758e+02 5.6336700439e+02 5.6349597168e+02 5.6364099121e+02 5.6375598145e+02 5.6387298584e+02 5.6401898193e+02 5.6417901611e+02 5.6429699707e+02 5.6443701172e+02 5.6456597900e+02 5.6468597412e+02 5.6484301758e+02 5.6500598145e+02 5.6516302490e+02 5.6531799316e+02 5.6547698975e+02 5.6564300537e+02 5.6581597900e+02 5.6596197510e+02 5.6603900146e+02 5.6624200439e+02 5.6641802979e+02 5.6657299805e+02 5.6678698730e+02 5.6698797607e+02 5.6715399170e+02 5.6727600098e+02 5.6740997314e+02
5.5977099609e+02 5.6117199707e+02 5.6205902100e+02 5.6235900879e+02 5.6189099121e+02 5.6133300781e+02 5.6141198730e+02 5.6157299805e+02 5.6164001465e+02 5.6177502441e+02 5.6189300537e+02 5.6203002930e+02 5.6216699219e+02 5.6233197021e+02 5.6249700928e+02 5.6266101074e+02 5.6281402588e+02 5.6296697998e+02 5.6310198975e+02 5.6319097900e+02 5.6331500244e+02 5.6345800781e+02 5.6358398438e+02 5.6373797607e+02 5.6391302490e+02 5.6405798340e+02 5.6421301270e+02 5.6433398438e+02 5.6444799805e+02 5.6462402344e+02 5.6478198242e+02 5.6491900635e+02 5.6510198975e+02 5.6525598145e+02 5.6539202881e+02 5.6555297852e+02 5.6570800781e+02 5.6582098389e+02 5.6600897217e+02 5.6617700195e+02 5.6634002686e+02 5.6655401611e+02 5.6676702881e+02 5.6694201660e+02 5.6707897949e+02 5.6722998047e+02
5.5864300537e+02 5.5962097168e+02 5.6088702393e+02 5.6177001953e+02 5.6154400635e+02 5.6114398193e+02 5.6114398193e+02 5.6122698975e+02 5.6138897705e+02 5.6155700684e+02 5.6167797852e+02 5.6180798340e+02 5.6194000244e+02 5.6208898926e+02 5.6223602295e+02 5.6237902832e+02 5.6254400635e+02 5.6271398926e+02 5.6286499023e+02 5.6296502686e+02 5.6307598877e+02 5.6319799805e+02 5.6332397461e+02 5.6347601318e+02 5.6363800049e+02 5.6378100586e+02 5.6394598389e+02 5.6408697510e+02 5.6421099854e+02 5.6438201904e+02 5.6454797363e+02 5.6469500732e+02 5.6489001465e+02 5.6504797363e+02 5.6516400146e+02 5.6531597900e+02 5.6547399902e+02 5.6561297607e+02 5.6576098633e+02 5.6591998291e+02 5.6611798096e+02 5.6634802246e+02 5.6656097412e+02 5.6673297119e+02 5.6688299561e+02 5.6704199219e+02
5.5859997559e+02 5.5866900635e+02 5.5941101074e+02 5.6036199951e+02 5.6097601318e+02 5.6115197754e+02 5.6109600830e+02 5.6100500488e+02 5.6112097168e+02 5.6128302002e+02 5.6141998291e+02 5.6157598877e+02 5.6172601318e+02 5.6183001709e+02 5.6196502686e+02 5.6210601807e+02 5.6225402832e+02 5.6245098877e+02 5.6262799072e+02 5.6274298096e+02 5.6286297607e+02 5.6298498535e+02 5.6311700439e+02 5.6326202393e+02 5.6340002441e+02 5.6350402832e+02 5.6365100098e+02 5.6380902100e+02 5.6395098877e+02 5.6411700439e+02 5.6428997803e+02 5.6445599365e+02 5.6464398193e+02 5.6481500244e+02 5.6493499756e+02 5.6508697510e+02 5.6524700928e+02 5.6538500977e+02 5.6551397705e+02 5.6568701172e+02 5.6591198730e+02 5.6614697266e+02 5.6634997559e+02 5.6651800537e+02 5.6668103027e+02 5.6685302734e+02
5.5870697021e+02 5.5870501709e+02 5.5863800049e+02 5.5878002930e+02 5.5939398193e+02 5.6048199463e+02 5.6110498047e+02 5.6110601807e+02 5.6096600342e+02 5.6106701660e+02 5.6113598633e+02 5.6129699707e+02 5.6152502441e+02 5.6149902344e+02 5.6162500000e+02 5.6182501221e+02 5.6201702881e+02 5.6217700195e+02 5.6237701416e+02 5.6250402832e+02 5.6261199951e+02 5.6278100586e+02 5.6293298340e+02 5.6308801270e+02 5.6323797607e+02 5.6330102539e+02 5.6339001465e+02 5.6352697754e+02 5.6370800781e+02 5.6387799072e+02 5.6404498291e+02 5.6420397949e+02 5.6435601807e+02 5.6453698730e+02 5.6469299316e+02 5.6486102295e+02 5.6503002930e+02 5.6514202881e+02 5.6527600098e+02 5.6546899414e+02 5.6570001221e+02 5.6592602539e+02 5.6611102295e+02 5.6629101563e+02 5.6646899414e+02 5.6666400146e+02
5.5871301270e+02 5.5873400879e+02 5.5874200439e+02 5.5863598633e+02 5.5865997314e+02 5.5913098145e+02 5.6006701660e+02 5.6082501221e+02 5.6104400635e+02 5.6112402344e+02 5.6112597656e+02 5.6109802246e+02 5.6120098877e+02 5.6121398926e+02 5.6129400635e+02 5.6149102783e+02 5.6172900391e+02 5.6192700195e+02 5.6211602783e+02 5.6225598145e+02 5.6240197754e+02 5.6257800293e+02 5.6272399902e+02 5.6288598633e+02 5.6300799561e+02 5.6312298584e+02 5.6320300293e+02 5.6330902100e+02 5.6347900391e+02 5.6364398193e+02 5.6381097412e+02 5.6398797607e+02 5.6415197754e+02 5.6430401611e+02 5.6447497559e+02 5.6466699219e+02 5.6485601807e+02 5.6496301270e+02 5.6507098389e+02 5.6525000000e+02 5.6550402832e+02 5.6572198486e+02 5.6590698242e+02 5.6609100342e+02 5.6628302002e+02 5.6648400879e+02
5.5870098877e+02 5.5870599365e+02 5.5874102783e+02 5.5871301270e+02 5.5861901855e+02 5.5836401367e+02 5.5872802734e+02 5.5954998779e+02 5.6033099365e+02 5.6083300781e+02 5.6111999512e+02 5.6111602783e+02 5.6104901123e+02 5.6108502197e+02 5.6113201904e+02 5.6125097656e+02 5.6140802002e+02 5.6160101318e+02 5.6181701660e+02 5.6199902344e+02 5.6218597412e+02 5.6235900879e+02 5.6250402832e+02 5.6266802979e+02 5.6278997803e+02 5.6291802979e+02 5.6301000977e+02 5.6312200928e+02 5.6327001953e+02 5.6341998291e+02 5.6357897949e+02 5.6376098633e+02 5.6394799805e+02 5.6410302734e+02 5.6427001953e+02 5.6446002197e+02 5.6465399170e+02 5.6477600098e+02 5.6489001465e+02 5.6505499268e+02 5.6529302979e+02 5.6550701904e+02 5.6570397949e+02 5.6589898682e+02 5.6609802246e+02 5.6630200195e+02
5.5869799805e+02 5.5875500488e+02 5.5875500488e+02 5.5872497559e+02 5.5871197510e+02 5.5810699463e+02 5.5778198242e+02 5.5810699463e+02 5.5906896973e+02 5.6010699463e+02 5.6087799072e+02 5.6115899658e+02 5.6105200195e+02 5.6109997559e+02 5.6113500977e+02 5.6114697266e+02 5.6113598633e+02 5.6126397705e+02 5.6148101807e+02 5.6170397949e+02 5.6194000244e+02 5.6212097168e+02 5.6226300049e+02 5.6242199707e+02 5.6257299805e+02 5.6270501709e+02 5.6279699707e+02 5.6291497803e+02 5.6304699707e+02 5.6321197510e+02 5.6336700439e+02 5.6353302002e+02 5.6372998047e+02 5.6390399170e+02 5.6406201172e+02 5.6422802734e+02 5.6439599609e+02 5.6453900146e+02 5.6469702148e+02 5.6487902832e+02 5.6508599854e+02 5.6529302979e+02 5.6550299072e+02 5.6570898438e+02 5.6591497803e+02 5.6611901855e+02
5.5875201416e+02 5.5878100586e+02 5.5875598145e+02 5.5870202637e+02 5.5872302246e+02 5.5851599121e+02 5.5824597168e+02 5.5808898926e+02 5.5834497070e+02 5.5922399902e+02 5.6045898438e+02 5.6116802979e+02 5.6118499756e+02 5.6117901611e+02 5.6123400879e+02 5.6121697998e+02 5.6130999756e+02 5.6110498047e+02 5.6120697021e+02 5.6139898682e+02 5.6166998291e+02 5.6188098145e+02 5.6202398682e+02 5.6217199707e+02 5.6234600830e+02 5.6250097656e+02 5.6260400391e+02 5.6269702148e+02 5.6279199219e+02 5.6298498535e+02 5.6315698242e+02 5.6332501221e+02 5.6353601074e+02 5.6371197510e+02 5.6386297607e+02 5.6399401855e+02 5.6411798096e+02 5.6426098633e+02 5.6447302246e+02 5.6469799805e+02 5.6488598633e+02 5.6509301758e+02 5.6530700684e+02 5.6552398682e+02 5.6573400879e+02 5.6593902588e+02
5.5874902344e+02 5.5878698730e+02 5.5874597168e+02 5.5869396973e+02 5.5869500732e+02 5.5873797607e+02 5.5873199463e+02 5.5855297852e+02 5.5822900391e+02 5.5865197754e+02 5.5978900146e+02 5.6063897705e+02 5.6065899658e+02 5.6065197754e+02 5.6078698730e+02 5.6091900635e+02 5.6094598389e+02 5.6092602539e+02 5.6101397705e+02 5.6116699219e+02 5.6138500977e+02 5.6161499023e+02 5.6178497314e+02 5.6195300293e+02 5.6214202881e+02 5.6232000732e+02 5.6243499756e+02 5.6252502441e+02 5.6261798096e+02 5.6274401855e+02 5.6289398193e+02 5.6308502197e+02 5.6333001709e+02 5.6353497314e+02 5.6366998291e+02 5.6377697754e+02 5.6390600586e+02 5.6406597900e+02 5.6427099609e+02 5.6449902344e+02 5.6469598389e+02 5.6490600586e+02 5.6512200928e+02 5.6534002686e+02 5.6555499268e+02 5.6576501465e+02
5.5862097168e+02 5.5877099609e+02 5.5878802490e+02 5.5874798584e+02 5.5870800781e+02 5.5871997070e+02 5.5874200439e+02 5.5864801025e+02 5.5841400146e+02 5.5846301270e+02 5.5901300049e+02 5.5948199463e+02 5.5954998779e+02 5.5954302979e+02 5.5972198486e+02 5.5999298096e+02 5.6027600098e+02 5.6052502441e+02 5.6075598145e+02 5.6097198486e+02 5.6115197754e+02 5.6138299561e+02 5.6155999756e+02 5.6173199463e+02 5.6192602539e+02 5.6211401367e+02 5.6223602295e+02 5.6234002686e+02 5.6248101807e+02 5.6259698486e+02 5.6270501709e+02 5.6286499023e+02 5.6312402344e+02 5.6336102295e+02 5.6348999023e+02 5.6358300781e+02 5.6371002197e+02 5.6388299561e+02 5.6407098389e+02 5.6428900146e+02 5.6450299072e+02 5.6472399902e+02 5.6494201660e+02 5.6516101074e+02 5.6537902832e+02 5.6559100342e+02
5.5834899902e+02 5.5857800293e+02 5.5872497559e+02 5.5878002930e+02 5.5874499512e+02 5.5872198486e+02 5.5873699951e+02 5.5870697021e+02 5.5865399170e+02 5.5860400391e+02 5.5867401123e+02 5.5871801758e+02 5.5862500000e+02 5.5847698975e+02 5.5863897705e+02 5.5898901367e+02 5.5946398926e+02 5.5998199463e+02 5.6042297363e+02 5.6080798340e+02 5.6101599121e+02 5.6122100830e+02 5.6140301514e+02 5.6156298828e+02 5.6174298096e+02 5.6193499756e+02 5.6206097412e+02 5.6217700195e+02 5.6236999512e+02 5.6251501465e+02 5.6259997559e+02 5.6271997070e+02 5.6293902588e+02 5.6317797852e+02 5.6331402588e+02 5.6340899658e+02 5.6353399658e+02 5.6370098877e+02 5.6386602783e+02 5.6407598877e+02 5.6431799316e+02 5.6454901123e+02 5.6476800537e+02 5.6498699951e+02 5.6520397949e+02 5.6541699219e+02
5.5818103027e+02 5.5829199219e+02 5.5849102783e+02 5.5866400146e+02 5.5878399658e+02 5.5877600098e+02 5.5876300049e+02 5.5872698975e+02 5.5868902588e+02 5.5872998047e+02 5.5870300293e+02 5.5866400146e+02 5.5860400391e+02 5.5817901611e+02 5.5819799805e+02 5.5840002441e+02 5.5871099854e+02 5.5917901611e+02 5.5982800293e+02 5.6058300781e+02 5.6128802490e+02 5.6117602539e+02 5.6128002930e+02 5.6144299316e+02 5.6170800781e+02 5.6182897949e+02 5.6193902588e+02 5.6205401611e+02 5.6226599121e+02 5.6243701172e+02 5.6253399658e+02 5.6263800049e+02 5.6278399658e+02 5.6297100830e+02 5.6312097168e+02 5.6324401855e+02 5.6337902832e+02 5.6352801514e+02 5.6369299316e+02 5.6390997314e+02 5.6416302490e+02 5.6438000488e+02 5.6460198975e+02 5.6481701660e+02 5.6503302002e+02 5.6524102783e+02
5.5801300049e+02 5.5809197998e+02 5.5820501709e+02 5.5833599854e+02 5.5852099609e+02 5.5869702148e+02 5.5879602051e+02 5.5881896973e+02 5.5876501465e+02 5.5873797607e+02 5.5871099854e+02 5.5869897461e+02 5.5858398438e+02 5.5832598877e+02 5.5826202393e+02 5.5832397461e+02 5.5850000000e+02 5.5874401855e+02 5.5929199219e+02 5.6009600830e+02 5.6098101807e+02 5.6127398682e+02 5.6124700928e+02 5.6132897949e+02 5.6160198975e+02 5.6173901367e+02 5.6181597900e+02 5.6192602539e+02 5.6211901855e+02 5.6227697754e+02 5.6238098145e+02 5.6251202393e+02 5.6268298340e+02 5.6282397461e+02 5.6292401123e+02 5.6302801514e+02 5.6317199707e+02 5.6333300781e+02 5.6351702881e+02 5.6373498535e+02 5.6397900391e+02 5.6420202637e+02 5.6442102051e+02 5.6463598633e+02 5.6484997559e+02 5.6505902100e+02
5.5788098145e+02 5.5790802002e+02 5.5798999023e+02 5.5809301758e+02 5.5825500488e+02 5.5851000977e+02 5.5871099854e+02 5.5881896973e+02 5.5877697754e+02 5.5875299072e+02 5.5874401855e+02 5.5873699951e+02 5.5865698242e+02 5.5845898438e+02 5.5838201904e+02 5.5839599609e+02 5.5848797607e+02 5.5856799316e+02 5.5890802002e+02 5.5948498535e+02 5.6022601318e+02 5.6093402100e+02 5.6120800781e+02 5.6130102539e+02 5.6142199707e+02 5.6151898193e+02 5.6159002686e+02 5.6171801758e+02 5.6191101074e+02 5.6205401611e+02 5.6216601563e+02 5.6231799316e+02 5.6249902344e+02 5.6261297607e+02 5.6268103027e+02 5.6278002930e+02 5.6295800781e+02 5.6313897705e+02 5.6333001709e+02 5.6354602051e+02 5.6378997803e+02 5.6401599121e+02 5.6423297119e+02 5.6444702148e+02 5.6466101074e+02 5.6487298584e+02
5.5778002930e+02 5.5778002930e+02 5.5783599854e+02 5.5791497803e+02 5.5802600098e+02 5.5826898193e+02 5.5851000977e+02 5.5866101074e+02 5.5864898682e+02 5.5868798828e+02 5.5873498535e+02 5.5876300049e+02 5.5873999023e+02 5.5863201904e+02 5.5856597900e+02 5.5855102539e+02 5.5860302734e+02 5.5856402588e+02 5.5865502930e+02 5.5891601563e+02 5.5924200439e+02 5.6007098389e+02 5.6088098145e+02 5.6124700928e+02 5.6122497559e+02 5.6124798584e+02 5.6132098389e+02 5.6146197510e+02 5.6164398193e+02 5.6177502441e+02 5.6189697266e+02 5.6206097412e+02 5.6223602295e+02 5.6234497070e+02 5.6242401123e+02 5.6254400635e+02 5.6275500488e+02 5.6295300293e+02 5.6314599609e+02 5.6335699463e+02 5.6359698486e+02 5.6382598877e+02 5.6404101563e+02 5.6425500488e+02 5.6447100830e+02 5.6468402100e+02
