TESTSERVER/12/15.asc
NCOLS 100
NROWS 100
XLLCORNER 8.0997500000e+03
YLLCORNER 2.8920025000e+05
CELLSIZE 5.0000000000e-01
NODATA_VALUE -9.9990000000e+03
[rows 0 to 19 of 100, columns 0 to 45 of 100]
5.6688201904e+02 5.6698297119e+02 5.6715997314e+02 5.6738800049e+02 5.6760198975e+02 5.6782299805e+02 5.6804302979e+02 5.6817797852e+02 5.6821997070e+02 5.6834399414e+02 5.6853802490e+02 5.6873602295e+02 5.6892401123e+02 5.6909802246e+02 5.6929199219e+02 5.6948797607e+02 5.6962799072e+02 5.6981298828e+02 5.6996801758e+02 5.7010699463e+02 5.7025598145e+02 5.7038299561e+02 5.7047399902e+02 5.7055401611e+02 5.7062200928e+02 5.7078900146e+02 5.7095001221e+02 5.7104602051e+02 5.7110601807e+02 5.7124597168e+02 5.7144500732e+02 5.7158697510e+02 5.7171697998e+02 5.7179602051e+02 5.7192700195e+02 5.7207598877e+02 5.7216302490e+02 5.7220098877e+02 5.7227600098e+02 5.7239202881e+02 5.7247698975e+02 5.7258697510e+02 5.7268402100e+02 5.7273797607e+02 5.7278198242e+02 5.7283398438e+02
5.6662500000e+02 5.6677801514e+02 5.6696002197e+02 5.6719897461e+02 5.6743103027e+02 5.6759802246e+02 5.6775000000e+02 5.6785699463e+02 5.6796301270e+02 5.6810797119e+02 5.6831701660e+02 5.6850897217e+02 5.6867999268e+02 5.6886401367e+02 5.6905401611e+02 5.6921502686e+02 5.6934899902e+02 5.6952099609e+02 5.6969097900e+02 5.6984100342e+02 5.6997900391e+02 5.7010699463e+02 5.7021002197e+02 5.7032299805e+02 5.7042602539e+02 5.7051800537e+02 5.7067401123e+02 5.7077197266e+02 5.7082501221e+02 5.7094702148e+02 5.7110797119e+02 5.7127099609e+02 5.7145397949e+02 5.7154400635e+02 5.7162701416e+02 5.7178198242e+02 5.7191699219e+02 5.7197399902e+02 5.7202801514e+02 5.7211199951e+02 5.7217797852e+02 5.7227099609e+02 5.7235198975e+02 5.7242700195e+02 5.7250897217e+02 5.7258801270e+02
5.6635601807e+02 5.6657702637e+02 5.6679498291e+02 5.6699597168e+02 5.6723101807e+02 5.6734399414e+02 5.6742297363e+02 5.6753802490e+02 5.6772998047e+02 5.6788500977e+02 5.6807397461e+02 5.6825402832e+02 5.6841601563e+02 5.6860797119e+02 5.6881402588e+02 5.6897998047e+02 5.6910400391e+02 5.6923699951e+02 5.6940399170e+02 5.6956799316e+02 5.6971301270e+02 5.6982397461e+02 5.6993103027e+02 5.7007299805e+02 5.7019500732e+02 5.7026202393e+02 5.7041699219e+02 5.7051599121e+02 5.7055499268e+02 5.7066998291e+02 5.7080603027e+02 5.7095397949e+02 5.7111499023e+02 5.7123901367e+02 5.7134197998e+02 5.7149700928e+02 5.7162902832e+02 5.7168597412e+02 5.7176300049e+02 5.7184698486e+02 5.7190899658e+02 5.7199401855e+02 5.7205798340e+02 5.7214898682e+02 5.7226202393e+02 5.7235198975e+02
5.6610797119e+02 5.6633502197e+02 5.6656298828e+02 5.6674700928e+02 5.6696398926e+02 5.6705200195e+02 5.6714001465e+02 5.6728399658e+02 5.6749499512e+02 5.6764697266e+02 5.6781896973e+02 5.6799597168e+02 5.6816998291e+02 5.6834301758e+02 5.6852600098e+02 5.6868701172e+02 5.6884802246e+02 5.6899499512e+02 5.6914398193e+02 5.6928601074e+02 5.6943298340e+02 5.6954699707e+02 5.6964697266e+02 5.6977301025e+02 5.6988500977e+02 5.6998297119e+02 5.7014501953e+02 5.7025299072e+02 5.7031402588e+02 5.7044598389e+02 5.7057299805e+02 5.7068200684e+02 5.7077502441e+02 5.7090698242e+02 5.7105603027e+02 5.7122302246e+02 5.7131097412e+02 5.7140399170e+02 5.7150598145e+02 5.7157800293e+02 5.7164599609e+02 5.7172802734e+02 5.7180297852e+02 5.7188397217e+02 5.7198699951e+02 5.7210498047e+02
5.6590899658e+02 5.6604302979e+02 5.6627398682e+02 5.6655102539e+02 5.6676702881e+02 5.6683398438e+02 5.6695599365e+02 5.6710400391e+02 5.6725500488e+02 5.6740002441e+02 5.6756201172e+02 5.6773297119e+02 5.6792498779e+02 5.6807897949e+02 5.6824102783e+02 5.6840802002e+02 5.6856298828e+02 5.6876599121e+02 5.6890100098e+02 5.6900000000e+02 5.6913299561e+02 5.6922601318e+02 5.6931701660e+02 5.6943902588e+02 5.6956799316e+02 5.6973400879e+02 5.6987597656e+02 5.6995599365e+02 5.7005297852e+02 5.7021301270e+02 5.7033697510e+02 5.7043499756e+02 5.7054101563e+02 5.7061102295e+02 5.7074902344e+02 5.7091101074e+02 5.7101800537e+02 5.7116802979e+02 5.7128802490e+02 5.7134197998e+02 5.7144000244e+02 5.7151098633e+02 5.7158898926e+02 5.7163000488e+02 5.7170697021e+02 5.7185601807e+02
5.6570098877e+02 5.6586102295e+02 5.6606701660e+02 5.6628399658e+02 5.6644000244e+02 5.6653100586e+02 5.6669299316e+02 5.6685900879e+02 5.6698999023e+02 5.6712200928e+02 5.6728100586e+02 5.6743103027e+02 5.6761999512e+02 5.6779498291e+02 5.6797601318e+02 5.6816699219e+02 5.6828198242e+02 5.6845001221e+02 5.6859399414e+02 5.6869396973e+02 5.6881201172e+02 5.6891302490e+02 5.6898901367e+02 5.6912097168e+02 5.6929901123e+02 5.6949499512e+02 5.6961901855e+02 5.6968200684e+02 5.6978698730e+02 5.6995098877e+02 5.7006500244e+02 5.7016601563e+02 5.7026000977e+02 5.7030700684e+02 5.7044201660e+02 5.7058099365e+02 5.7072998047e+02 5.7089697266e+02 5.7101501465e+02 5.7107299805e+02 5.7114202881e+02 5.7124200439e+02 5.7131701660e+02 5.7139697266e+02 5.7148699951e+02 5.7161199951e+02
5.6555499268e+02 5.6569396973e+02 5.6583599854e+02 5.6596600342e+02 5.6614001465e+02 5.6625897217e+02 5.6643402100e+02 5.6660302734e+02 5.6674798584e+02 5.6687902832e+02 5.6701202393e+02 5.6713897705e+02 5.6731896973e+02 5.6750402832e+02 5.6765600586e+02 5.6781896973e+02 5.6796099854e+02 5.6814099121e+02 5.6828497314e+02 5.6838098145e+02 5.6850201416e+02 5.6865100098e+02 5.6874401855e+02 5.6886102295e+02 5.6901098633e+02 5.6913299561e+02 5.6925701904e+02 5.6936901855e+02 5.6949200439e+02 5.6966998291e+02 5.6978601074e+02 5.6988000488e+02 5.6998498535e+02 5.7005499268e+02 5.7020300293e+02 5.7032702637e+02 5.7043103027e+02 5.7058599854e+02 5.7070300293e+02 5.7077001953e+02 5.7083801270e+02 5.7095898438e+02 5.7103100586e+02 5.7112701416e+02 5.7123901367e+02 5.7137701416e+02
5.6526202393e+02 5.6542797852e+02 5.6557098389e+02 5.6569201660e+02 5.6589898682e+02 5.6603100586e+02 5.6618798828e+02 5.6633197021e+02 5.6648199463e+02 5.6661499023e+02 5.6673602295e+02 5.6685601807e+02 5.6703601074e+02 5.6721801758e+02 5.6734899902e+02 5.6748699951e+02 5.6764801025e+02 5.6783197021e+02 5.6797601318e+02 5.6808197021e+02 5.6820898438e+02 5.6838897705e+02 5.6849902344e+02 5.6859497070e+02 5.6872198486e+02 5.6883502197e+02 5.6897601318e+02 5.6910101318e+02 5.6919097900e+02 5.6936901855e+02 5.6949401855e+02 5.6959497070e+02 5.6972900391e+02 5.6980902100e+02 5.6993200684e+02 5.7004797363e+02 5.7013098145e+02 5.7026501465e+02 5.7039300537e+02 5.7046899414e+02 5.7054400635e+02 5.7067602539e+02 5.7076800537e+02 5.7086602783e+02 5.7099597168e+02 5.7114599609e+02
5.6454400635e+02 5.6500598145e+02 5.6529400635e+02 5.6545202637e+02 5.6561297607e+02 5.6577301025e+02 5.6590399170e+02 5.6602197266e+02 5.6616302490e+02 5.6631201172e+02 5.6645098877e+02 5.6657202148e+02 5.6671301270e+02 5.6689697266e+02 5.6704400635e+02 5.6719598389e+02 5.6736499023e+02 5.6752099609e+02 5.6767602539e+02 5.6780999756e+02 5.6792102051e+02 5.6807501221e+02 5.6819598389e+02 5.6830700684e+02 5.6840698242e+02 5.6853698730e+02 5.6872998047e+02 5.6886199951e+02 5.6892999268e+02 5.6908197021e+02 5.6916601563e+02 5.6927197266e+02 5.6945202637e+02 5.6953302002e+02 5.6961199951e+02 5.6973400879e+02 5.6986297607e+02 5.6998699951e+02 5.7011499023e+02 5.7019702148e+02 5.7027697754e+02 5.7040600586e+02 5.7051501465e+02 5.7063897705e+02 5.7078997803e+02 5.7091998291e+02
5.6396197510e+02 5.6457897949e+02 5.6501898193e+02 5.6520599365e+02 5.6533099365e+02 5.6549798584e+02 5.6564099121e+02 5.6576202393e+02 5.6587799072e+02 5.6601202393e+02 5.6616497803e+02 5.6630499268e+02 5.6642901611e+02 5.6656799316e+02 5.6673797607e+02 5.6694000244e+02 5.6709899902e+02 5.6721697998e+02 5.6736102295e+02 5.6749597168e+02 5.6762402344e+02 5.6776800537e+02 5.6790997314e+02 5.6803802490e+02 5.6813000488e+02 5.6821197510e+02 5.6840997314e+02 5.6858801270e+02 5.6870300293e+02 5.6882202148e+02 5.6888098145e+02 5.6899902344e+02 5.6915802002e+02 5.6923498535e+02 5.6932000732e+02 5.6944702148e+02 5.6955499268e+02 5.6969799805e+02 5.6984600830e+02 5.6993402100e+02 5.7003399658e+02 5.7018103027e+02 5.7029998779e+02 5.7042901611e+02 5.7058300781e+02 5.7071600342e+02
5.6347302246e+02 5.6412597656e+02 5.6471502686e+02 5.6493902588e+02 5.6503601074e+02 5.6519598389e+02 5.6534399414e+02 5.6548699951e+02 5.6561297607e+02 5.6575000000e+02 5.6590698242e+02 5.6606799316e+02 5.6620098877e+02 5.6630700684e+02 5.6644799805e+02 5.6663702393e+02 5.6679199219e+02 5.6691699219e+02 5.6707000732e+02 5.6722198486e+02 5.6738000488e+02 5.6752099609e+02 5.6766601563e+02 5.6777697754e+02 5.6787298584e+02 5.6797802734e+02 5.6813897705e+02 5.6830297852e+02 5.6843701172e+02 5.6853497314e+02 5.6860900879e+02 5.6873901367e+02 5.6889099121e+02 5.6898602295e+02 5.6906896973e+02 5.6919299316e+02 5.6927600098e+02 5.6941802979e+02 5.6958502197e+02 5.6968701172e+02 5.6979199219e+02 5.6995098877e+02 5.7008898926e+02 5.7021697998e+02 5.7036602783e+02 5.7051300049e+02
5.6316601563e+02 5.6375000000e+02 5.6438397217e+02 5.6462701416e+02 5.6472900391e+02 5.6488299561e+02 5.6503002930e+02 5.6519598389e+02 5.6535998535e+02 5.6552099609e+02 5.6565899658e+02 5.6583001709e+02 5.6599798584e+02 5.6611102295e+02 5.6621502686e+02 5.6634802246e+02 5.6650701904e+02 5.6665502930e+02 5.6680603027e+02 5.6696697998e+02 5.6714599609e+02 5.6729797363e+02 5.6742102051e+02 5.6750598145e+02 5.6761297607e+02 5.6775402832e+02 5.6788000488e+02 5.6799700928e+02 5.6813598633e+02 5.6824798584e+02 5.6833801270e+02 5.6846197510e+02 5.6859997559e+02 5.6871301270e+02 5.6879400635e+02 5.6891198730e+02 5.6899499512e+02 5.6913000488e+02 5.6930401611e+02 5.6942498779e+02 5.6953997803e+02 5.6968798828e+02 5.6983197021e+02 5.6997399902e+02 5.7014202881e+02 5.7030902100e+02
5.6303802490e+02 5.6357098389e+02 5.6411999512e+02 5.6433801270e+02 5.6445697021e+02 5.6461401367e+02 5.6476800537e+02 5.6492901611e+02 5.6508801270e+02 5.6528399658e+02 5.6544702148e+02 5.6562500000e+02 5.6579998779e+02 5.6595898438e+02 5.6606097412e+02 5.6615698242e+02 5.6629998779e+02 5.6643597412e+02 5.6656201172e+02 5.6670202637e+02 5.6685400391e+02 5.6701898193e+02 5.6712597656e+02 5.6721099854e+02 5.6734600830e+02 5.6747497559e+02 5.6760400391e+02 5.6771398926e+02 5.6784197998e+02 5.6798901367e+02 5.6810498047e+02 5.6821099854e+02 5.6832299805e+02 5.6843103027e+02 5.6853997803e+02 5.6866198730e+02 5.6872302246e+02 5.6887298584e+02 5.6903997803e+02 5.6916900635e+02 5.6927301025e+02 5.6942199707e+02 5.6957702637e+02 5.6971899414e+02 5.6989697266e+02 5.7007501221e+02
5.6297497559e+02 5.6340997314e+02 5.6387902832e+02 5.6403997803e+02 5.6417199707e+02 5.6434002686e+02 5.6449499512e+02 5.6466101074e+02 5.6483197021e+02 5.6500701904e+02 5.6518499756e+02 5.6537597656e+02 5.6557000732e+02 5.6573400879e+02 5.6584301758e+02 5.6594799805e+02 5.6606097412e+02 5.6618200684e+02 5.6631097412e+02 5.6644097900e+02 5.6656201172e+02 5.6671197510e+02 5.6683502197e+02 5.6693499756e+02 5.6707299805e+02 5.6718499756e+02 5.6732397461e+02 5.6747601318e+02 5.6759600830e+02 5.6770697021e+02 5.6783398438e+02 5.6795800781e+02 5.6807501221e+02 5.6817102051e+02 5.6827600098e+02 5.6840002441e+02 5.6846197510e+02 5.6859197998e+02 5.6876898193e+02 5.6893902588e+02 5.6905999756e+02 5.6917297363e+02 5.6932299805e+02 5.6948999023e+02 5.6967401123e+02 5.6982800293e+02
5.6294097900e+02 5.6328399658e+02 5.6362799072e+02 5.6375799561e+02 5.6390899658e+02 5.6407501221e+02 5.6422998047e+02 5.6440100098e+02 5.6455999756e+02 5.6470397949e+02 5.6488098145e+02 5.6508197021e+02 5.6528302002e+02 5.6544201660e+02 5.6558001709e+02 5.6570501709e+02 5.6579498291e+02 5.6590301514e+02 5.6603100586e+02 5.6613098145e+02 5.6621997070e+02 5.6637097168e+02 5.6651300049e+02 5.6664398193e+02 5.6680200195e+02 5.6692797852e+02 5.6706500244e+02 5.6719000244e+02 5.6730798340e+02 5.6744396973e+02 5.6758697510e+02 5.6771899414e+02 5.6783398438e+02 5.6794299316e+02 5.6804699707e+02 5.6814898682e+02 5.6821099854e+02 5.6832702637e+02 5.6849902344e+02 5.6868402100e+02 5.6883197021e+02 5.6895501709e+02 5.6910498047e+02 5.6928002930e+02 5.6945898438e+02 5.6961297607e+02
5.6284497070e+02 5.6311999512e+02 5.6334802246e+02 5.6346600342e+02 5.6363598633e+02 5.6377600098e+02 5.6392401123e+02 5.6410198975e+02 5.6425201416e+02 5.6438702393e+02 5.6456701660e+02 5.6477099609e+02 5.6496197510e+02 5.6513702393e+02 5.6530297852e+02 5.6543597412e+02 5.6553302002e+02 5.6566101074e+02 5.6578997803e+02 5.6586999512e+02 5.6594799805e+02 5.6608599854e+02 5.6621099854e+02 5.6634399414e+02 5.6651898193e+02 5.6669201660e+02 5.6684497070e+02 5.6693798828e+02 5.6703802490e+02 5.6718402100e+02 5.6733398438e+02 5.6746997070e+02 5.6758502197e+02 5.6770300293e+02 5.6780798340e+02 5.6789398193e+02 5.6798699951e+02 5.6811297607e+02 5.6826898193e+02 5.6842797852e+02 5.6857098389e+02 5.6872900391e+02 5.6887597656e+02 5.6903100586e+02 5.6919299316e+02 5.6935998535e+02
5.6263702393e+02 5.6286297607e+02 5.6304199219e+02 5.6316400146e+02 5.6335900879e+02 5.6349298096e+02 5.6363201904e+02 5.6380102539e+02 5.6395697021e+02 5.6412799072e+02 5.6429901123e+02 5.6448400879e+02 5.6465502930e+02 5.6483599854e+02 5.6500799561e+02 5.6514001465e+02 5.6530200195e+02 5.6545098877e+02 5.6557299805e+02 5.6566400146e+02 5.6578802490e+02 5.6589898682e+02 5.6598699951e+02 5.6608197021e+02 5.6622601318e+02 5.6639801025e+02 5.6654302979e+02 5.6665301514e+02 5.6675799561e+02 5.6689501953e+02 5.6703002930e+02 5.6716802979e+02 5.6731500244e+02 5.6743701172e+02 5.6755902100e+02 5.6765301514e+02 5.6778900146e+02 5.6791400146e+02 5.6804602051e+02 5.6817602539e+02 5.6829498291e+02 5.6846600342e+02 5.6862500000e+02 5.6879699707e+02 5.6893298340e+02 5.6909002686e+02
5.6247802734e+02 5.6266601563e+02 5.6280499268e+02 5.6289697266e+02 5.6307598877e+02 5.6322198486e+02 5.6338500977e+02 5.6353497314e+02 5.6364599609e+02 5.6383300781e+02 5.6399102783e+02 5.6416900635e+02 5.6435498047e+02 5.6455499268e+02 5.6472802734e+02 5.6487200928e+02 5.6506799316e+02 5.6522399902e+02 5.6532598877e+02 5.6542602539e+02 5.6554400635e+02 5.6564801025e+02 5.6574499512e+02 5.6581701660e+02 5.6595202637e+02 5.6609197998e+02 5.6622802734e+02 5.6635900879e+02 5.6648199463e+02 5.6663598633e+02 5.6675500488e+02 5.6686901855e+02 5.6702697754e+02 5.6719702148e+02 5.6732897949e+02 5.6741198730e+02 5.6752099609e+02 5.6768200684e+02 5.6779101563e+02 5.6792102051e+02 5.6808001709e+02 5.6823400879e+02 5.6838098145e+02 5.6857098389e+02 5.6870300293e+02 5.6885900879e+02
5.6228302002e+02 5.6245800781e+02 5.6258599854e+02 5.6267700195e+02 5.6283300781e+02 5.6297302246e+02 5.6312597656e+02 5.6327301025e+02 5.6338000488e+02 5.6356201172e+02 5.6371398926e+02 5.6387701416e+02 5.6405798340e+02 5.6428698730e+02 5.6447399902e+02 5.6461499023e+02 5.6480798340e+02 5.6496899414e+02 5.6506298828e+02 5.6517401123e+02 5.6527899170e+02 5.6538098145e+02 5.6548498535e+02 5.6556402588e+02 5.6571301270e+02 5.6583801270e+02 5.6597399902e+02 5.6610601807e+02 5.6621301270e+02 5.6637298584e+02 5.6650402832e+02 5.6662902832e+02 5.6677502441e+02 5.6691998291e+02 5.6704797363e+02 5.6714300537e+02 5.6723297119e+02 5.6742797852e+02 5.6757202148e+02 5.6769000244e+02 5.6785302734e+02 5.6800097656e+02 5.6814202881e+02 5.6834301758e+02 5.6849102783e+02 5.6864300537e+02
5.6212200928e+02 5.6217498779e+02 5.6229699707e+02 5.6244500732e+02 5.6258599854e+02 5.6271600342e+02 5.6286102295e+02 5.6301300049e+02 5.6314300537e+02 5.6331896973e+02 5.6346697998e+02 5.6360601807e+02 5.6376702881e+02 5.6400500488e+02 5.6420599365e+02 5.6433801270e+02 5.6449902344e+02 5.6467700195e+02 5.6479699707e+02 5.6491497803e+02 5.6500299072e+02 5.6509698486e+02 5.6520800781e+02 5.6530700684e+02 5.6544396973e+02 5.6556097412e+02 5.6571002197e+02 5.6583001709e+02 5.6593597412e+02 5.6609197998e+02 5.6622998047e+02 5.6636199951e+02 5.6651098633e+02 5.6665399170e+02 5.6679400635e+02 5.6691302490e+02 5.6698797607e+02 5.6715002441e+02 5.6734399414e+02 5.6746899414e+02 5.6762298584e+02 5.6782000732e+02 5.6794396973e+02 5.6813098145e+02 5.6829699707e+02 5.6844396973e+02
