TESTSERVER/12/15.asc
NCOLS 100
NROWS 100
XLLCORNER 8.0997500000e+03
YLLCORNER 2.8920025000e+05
CELLSIZE 5.0000000000e-01
NODATA_VALUE -9.9990000000e+03
[rows 80 to 99 of 100, columns 46 to 91 of 100]
5.5781701660e+02 5.5801702881e+02 5.5812200928e+02 5.5833001709e+02 5.5853198242e+02 5.5867297363e+02 5.5879797363e+02 5.5896301270e+02 5.5912500000e+02 5.5933599854e+02 5.5959497070e+02 5.6002001953e+02 5.6037298584e+02 5.6066601563e+02 5.6074298096e+02 5.6073999023e+02 5.6077099609e+02 5.6089501953e+02 5.6105401611e+02 5.6121197510e+02 5.6131097412e+02 5.6149401855e+02 5.6178002930e+02 5.6192498779e+02 5.6207800293e+02 5.6237500000e+02 5.6250799561e+02 5.6275598145e+02 5.6302600098e+02 5.6324200439e+02 5.6349700928e+02 5.6374700928e+02 5.6397698975e+02 5.6421099854e+02 5.6444702148e+02 5.6474298096e+02 5.6499700928e+02 5.6511901855e+02 5.6533300781e+02 5.6554302979e+02 5.6572302246e+02 5.6591699219e+02 5.6609197998e+02 5.6629199219e+02 5.6652301025e+02 5.6671301270e+02
5.5767901611e+02 5.5785302734e+02 5.5796002197e+02 5.5813897705e+02 5.5834600830e+02 5.5847998047e+02 5.5860797119e+02 5.5877398682e+02 5.5894702148e+02 5.5912500000e+02 5.5934600830e+02 5.5967199707e+02 5.6000897217e+02 5.6029302979e+02 5.6043103027e+02 5.6047497559e+02 5.6051098633e+02 5.6064202881e+02 5.6084197998e+02 5.6102801514e+02 5.6114697266e+02 5.6130603027e+02 5.6154602051e+02 5.6169598389e+02 5.6180603027e+02 5.6211901855e+02 5.6227600098e+02 5.6248602295e+02 5.6278698730e+02 5.6300097656e+02 5.6322399902e+02 5.6343499756e+02 5.6366802979e+02 5.6396697998e+02 5.6420800781e+02 5.6442297363e+02 5.6467901611e+02 5.6487200928e+02 5.6512200928e+02 5.6529797363e+02 5.6547802734e+02 5.6579400635e+02 5.6596301270e+02 5.6607501221e+02 5.6630297852e+02 5.6650500488e+02
5.5753100586e+02 5.5769000244e+02 5.5779998779e+02 5.5798297119e+02 5.5817297363e+02 5.5830999756e+02 5.5843701172e+02 5.5859497070e+02 5.5877001953e+02 5.5893798828e+02 5.5912597656e+02 5.5939300537e+02 5.5969897461e+02 5.5999499512e+02 5.6016998291e+02 5.6024298096e+02 5.6028900146e+02 5.6042199707e+02 5.6062200928e+02 5.6081701660e+02 5.6095397949e+02 5.6108801270e+02 5.6126800537e+02 5.6142999268e+02 5.6157800293e+02 5.6184197998e+02 5.6204199219e+02 5.6223400879e+02 5.6249200439e+02 5.6272399902e+02 5.6294299316e+02 5.6314001465e+02 5.6339697266e+02 5.6371801758e+02 5.6400097656e+02 5.6422601318e+02 5.6443798828e+02 5.6462799072e+02 5.6487200928e+02 5.6508898926e+02 5.6526599121e+02 5.6560498047e+02 5.6581799316e+02 5.6592401123e+02 5.6612200928e+02 5.6628802490e+02
5.5736499023e+02 5.5752398682e+02 5.5766101074e+02 5.5785998535e+02 5.5799700928e+02 5.5813299561e+02 5.5827197266e+02 5.5841802979e+02 5.5859002686e+02 5.5875897217e+02 5.5893499756e+02 5.5916302490e+02 5.5944097900e+02 5.5973101807e+02 5.5992498779e+02 5.6002502441e+02 5.6008697510e+02 5.6021398926e+02 5.6039300537e+02 5.6057397461e+02 5.6071697998e+02 5.6085400391e+02 5.6102600098e+02 5.6122802734e+02 5.6138098145e+02 5.6154101563e+02 5.6180603027e+02 5.6207501221e+02 5.6227502441e+02 5.6253198242e+02 5.6277801514e+02 5.6297601318e+02 5.6320397949e+02 5.6345800781e+02 5.6373400879e+02 5.6399902344e+02 5.6422601318e+02 5.6440002441e+02 5.6460900879e+02 5.6484399414e+02 5.6503900146e+02 5.6527502441e+02 5.6550402832e+02 5.6567797852e+02 5.6589801025e+02 5.6607202148e+02
5.5716900635e+02 5.5732598877e+02 5.5750000000e+02 5.5769097900e+02 5.5776898193e+02 5.5788299561e+02 5.5803100586e+02 5.5821997070e+02 5.5842297363e+02 5.5860302734e+02 5.5878900146e+02 5.5898999023e+02 5.5922998047e+02 5.5947198486e+02 5.5963800049e+02 5.5977899170e+02 5.5988500977e+02 5.6000897217e+02 5.6016900635e+02 5.6031402588e+02 5.6046997070e+02 5.6064697266e+02 5.6082897949e+02 5.6104101563e+02 5.6120800781e+02 5.6137799072e+02 5.6167901611e+02 5.6204400635e+02 5.6221899414e+02 5.6237500000e+02 5.6263299561e+02 5.6285601807e+02 5.6303601074e+02 5.6325799561e+02 5.6349902344e+02 5.6375701904e+02 5.6398199463e+02 5.6415997314e+02 5.6435302734e+02 5.6457202148e+02 5.6480297852e+02 5.6498699951e+02 5.6516998291e+02 5.6538000488e+02 5.6564599609e+02 5.6584600830e+02
5.5706799316e+02 5.5717999268e+02 5.5730401611e+02 5.5742797852e+02 5.5751898193e+02 5.5762402344e+02 5.5778100586e+02 5.5800500488e+02 5.5824597168e+02 5.5847198486e+02 5.5866900635e+02 5.5886199951e+02 5.5905999756e+02 5.5925201416e+02 5.5941601563e+02 5.5956597900e+02 5.5969897461e+02 5.5981597900e+02 5.5993902588e+02 5.6007501221e+02 5.6027502441e+02 5.6043402100e+02 5.6058300781e+02 5.6085302734e+02 5.6116998291e+02 5.6137200928e+02 5.6156402588e+02 5.6184399414e+02 5.6200598145e+02 5.6216802979e+02 5.6243298340e+02 5.6266198730e+02 5.6284301758e+02 5.6305102539e+02 5.6329901123e+02 5.6356298828e+02 5.6375201416e+02 5.6389202881e+02 5.6412500000e+02 5.6431701660e+02 5.6455798340e+02 5.6476501465e+02 5.6493200684e+02 5.6511999512e+02 5.6538201904e+02 5.6559002686e+02
5.5702398682e+02 5.5710900879e+02 5.5718499756e+02 5.5726501465e+02 5.5733099365e+02 5.5741900635e+02 5.5756799316e+02 5.5777899170e+02 5.5801501465e+02 5.5825097656e+02 5.5847802734e+02 5.5868200684e+02 5.5887097168e+02 5.5904901123e+02 5.5920898438e+02 5.5935699463e+02 5.5948199463e+02 5.5959100342e+02 5.5970800781e+02 5.5986901855e+02 5.6005902100e+02 5.6017297363e+02 5.6041998291e+02 5.6087298584e+02 5.6129901123e+02 5.6145599365e+02 5.6151300049e+02 5.6167102051e+02 5.6180401611e+02 5.6199200439e+02 5.6227001953e+02 5.6248699951e+02 5.6265301514e+02 5.6284002686e+02 5.6308898926e+02 5.6334301758e+02 5.6354498291e+02 5.6370098877e+02 5.6392901611e+02 5.6411297607e+02 5.6433502197e+02 5.6453100586e+02 5.6470800781e+02 5.6487799072e+02 5.6510797119e+02 5.6531402588e+02
5.5701599121e+02 5.5708697510e+02 5.5712701416e+02 5.5717297363e+02 5.5721197510e+02 5.5727600098e+02 5.5739398193e+02 5.5756097412e+02 5.5775598145e+02 5.5797601318e+02 5.5822497559e+02 5.5846197510e+02 5.5866601563e+02 5.5884002686e+02 5.5898999023e+02 5.5911297607e+02 5.5920202637e+02 5.5929699707e+02 5.5942999268e+02 5.5959301758e+02 5.5975598145e+02 5.5989898682e+02 5.6033398438e+02 5.6100598145e+02 5.6150201416e+02 5.6159698486e+02 5.6154602051e+02 5.6160498047e+02 5.6168902588e+02 5.6184002686e+02 5.6209600830e+02 5.6231298828e+02 5.6248400879e+02 5.6266101074e+02 5.6290802002e+02 5.6314001465e+02 5.6333599854e+02 5.6352398682e+02 5.6369396973e+02 5.6386102295e+02 5.6408898926e+02 5.6430999756e+02 5.6448901367e+02 5.6466198730e+02 5.6489099121e+02 5.6506201172e+02
5.5699700928e+02 5.5706799316e+02 5.5709301758e+02 5.5710601807e+02 5.5713800049e+02 5.5718701172e+02 5.5727301025e+02 5.5737701416e+02 5.5749499512e+02 5.5768902588e+02 5.5793902588e+02 5.5823797607e+02 5.5848101807e+02 5.5862902832e+02 5.5873901367e+02 5.5882202148e+02 5.5886297607e+02 5.5896899414e+02 5.5911602783e+02 5.5927899170e+02 5.5952197266e+02 5.5978802490e+02 5.6020001221e+02 5.6075598145e+02 5.6118597412e+02 5.6159698486e+02 5.6165100098e+02 5.6159899902e+02 5.6157202148e+02 5.6163897705e+02 5.6183898926e+02 5.6210101318e+02 5.6233001709e+02 5.6251202393e+02 5.6274298096e+02 5.6294299316e+02 5.6308300781e+02 5.6334997559e+02 5.6353100586e+02 5.6367498779e+02 5.6382202148e+02 5.6408502197e+02 5.6427301025e+02 5.6446398926e+02 5.6470202637e+02 5.6486401367e+02
5.5690997314e+02 5.5697198486e+02 5.5698400879e+02 5.5698901367e+02 5.5702099609e+02 5.5708502197e+02 5.5716302490e+02 5.5724597168e+02 5.5734197998e+02 5.5749298096e+02 5.5771899414e+02 5.5802301025e+02 5.5826898193e+02 5.5838598633e+02 5.5843902588e+02 5.5850299072e+02 5.5860699463e+02 5.5869897461e+02 5.5873101807e+02 5.5891601563e+02 5.5938500977e+02 5.5992901611e+02 5.6018298340e+02 5.6039202881e+02 5.6081597900e+02 5.6144097900e+02 5.6178002930e+02 5.6171398926e+02 5.6152502441e+02 5.6145300293e+02 5.6159698486e+02 5.6188098145e+02 5.6214801025e+02 5.6235101318e+02 5.6260302734e+02 5.6281896973e+02 5.6292700195e+02 5.6308300781e+02 5.6326800537e+02 5.6345202637e+02 5.6365899658e+02 5.6391998291e+02 5.6409997559e+02 5.6426202393e+02 5.6444000244e+02 5.6462200928e+02
5.5679199219e+02 5.5684100342e+02 5.5684600830e+02 5.5685601807e+02 5.5689398193e+02 5.5696099854e+02 5.5704199219e+02 5.5712402344e+02 5.5722100830e+02 5.5735198975e+02 5.5754498291e+02 5.5780297852e+02 5.5801300049e+02 5.5809997559e+02 5.5813897705e+02 5.5821502686e+02 5.5833197021e+02 5.5833099365e+02 5.5824597168e+02 5.5844500732e+02 5.5909802246e+02 5.5982598877e+02 5.6009002686e+02 5.6017602539e+02 5.6043597412e+02 5.6107299805e+02 5.6156896973e+02 5.6163299561e+02 5.6141101074e+02 5.6125201416e+02 5.6134698486e+02 5.6162200928e+02 5.6191101074e+02 5.6213000488e+02 5.6239398193e+02 5.6262902832e+02 5.6276501465e+02 5.6287701416e+02 5.6303100586e+02 5.6323498535e+02 5.6352398682e+02 5.6375799561e+02 5.6391198730e+02 5.6407000732e+02 5.6422497559e+02 5.6439300537e+02
5.5663897705e+02 5.5667602539e+02 5.5668298340e+02 5.5670300293e+02 5.5675201416e+02 5.5682501221e+02 5.5691302490e+02 5.5700000000e+02 5.5710302734e+02 5.5722198486e+02 5.5738201904e+02 5.5758898926e+02 5.5777697754e+02 5.5786901855e+02 5.5791302490e+02 5.5799798584e+02 5.5809997559e+02 5.5802899170e+02 5.5786999512e+02 5.5805102539e+02 5.5874798584e+02 5.5955499268e+02 5.5988897705e+02 5.5997100830e+02 5.6009899902e+02 5.6050299072e+02 5.6092199707e+02 5.6110400391e+02 5.6104998779e+02 5.6097399902e+02 5.6108099365e+02 5.6134997559e+02 5.6164898682e+02 5.6187097168e+02 5.6212200928e+02 5.6236700439e+02 5.6256097412e+02 5.6271197510e+02 5.6285797119e+02 5.6303601074e+02 5.6331500244e+02 5.6351000977e+02 5.6364697266e+02 5.6383197021e+02 5.6401898193e+02 5.6417797852e+02
5.5642797852e+02 5.5644702148e+02 5.5645098877e+02 5.5652197266e+02 5.5659100342e+02 5.5667401123e+02 5.5675598145e+02 5.5685797119e+02 5.5696099854e+02 5.5707897949e+02 5.5722399902e+02 5.5738000488e+02 5.5755401611e+02 5.5769000244e+02 5.5778198242e+02 5.5786102295e+02 5.5792102051e+02 5.5791699219e+02 5.5793200684e+02 5.5799798584e+02 5.5848297119e+02 5.5907299805e+02 5.5945300293e+02 5.5972198486e+02 5.5993597412e+02 5.6004797363e+02 5.6019299316e+02 5.6036199951e+02 5.6048400879e+02 5.6062701416e+02 5.6083599854e+02 5.6110302734e+02 5.6137701416e+02 5.6163800049e+02 5.6189202881e+02 5.6213000488e+02 5.6230999756e+02 5.6251397705e+02 5.6273999023e+02 5.6290301514e+02 5.6301800537e+02 5.6319201660e+02 5.6335601807e+02 5.6355401611e+02 5.6376000977e+02 5.6396899414e+02
5.5621301270e+02 5.5621997070e+02 5.5625402832e+02 5.5633197021e+02 5.5642602539e+02 5.5652899170e+02 5.5662097168e+02 5.5670300293e+02 5.5677801514e+02 5.5688299561e+02 5.5702398682e+02 5.5716802979e+02 5.5731799316e+02 5.5745397949e+02 5.5757702637e+02 5.5768499756e+02 5.5776599121e+02 5.5783001709e+02 5.5789599609e+02 5.5804998779e+02 5.5834197998e+02 5.5872100830e+02 5.5908099365e+02 5.5938598633e+02 5.5961199951e+02 5.5974798584e+02 5.5987902832e+02 5.6002502441e+02 5.6016699219e+02 5.6033801270e+02 5.6057800293e+02 5.6083099365e+02 5.6109997559e+02 5.6137902832e+02 5.6165997314e+02 5.6191302490e+02 5.6211102295e+02 5.6231097412e+02 5.6255603027e+02 5.6272497559e+02 5.6283398438e+02 5.6298498535e+02 5.6315899658e+02 5.6336199951e+02 5.6359899902e+02 5.6376397705e+02
5.5599401855e+02 5.5602600098e+02 5.5607202148e+02 5.5615502930e+02 5.5625897217e+02 5.5637402344e+02 5.5647399902e+02 5.5653601074e+02 5.5658099365e+02 5.5668298340e+02 5.5683697510e+02 5.5697497559e+02 5.5711297607e+02 5.5725299072e+02 5.5738500977e+02 5.5750598145e+02 5.5760699463e+02 5.5769201660e+02 5.5777801514e+02 5.5792700195e+02 5.5816802979e+02 5.5847302246e+02 5.5880200195e+02 5.5909197998e+02 5.5931500244e+02 5.5945898438e+02 5.5959399414e+02 5.5975897217e+02 5.5996997070e+02 5.6017498779e+02 5.6039099121e+02 5.6060699463e+02 5.6085302734e+02 5.6111700439e+02 5.6137902832e+02 5.6161401367e+02 5.6184802246e+02 5.6206402588e+02 5.6231597900e+02 5.6252398682e+02 5.6264801025e+02 5.6275299072e+02 5.6289501953e+02 5.6306500244e+02 5.6328997803e+02 5.6349902344e+02
5.5576098633e+02 5.5582098389e+02 5.5588598633e+02 5.5597601318e+02 5.5608197021e+02 5.5619702148e+02 5.5629602051e+02 5.5634899902e+02 5.5640802002e+02 5.5654199219e+02 5.5669500732e+02 5.5680798340e+02 5.5692602539e+02 5.5706701660e+02 5.5720098877e+02 5.5732501221e+02 5.5743597412e+02 5.5753399658e+02 5.5763702393e+02 5.5778497314e+02 5.5799499512e+02 5.5824499512e+02 5.5854101563e+02 5.5880999756e+02 5.5903198242e+02 5.5919598389e+02 5.5935699463e+02 5.5955999756e+02 5.5983801270e+02 5.6006597900e+02 5.6023602295e+02 5.6040100098e+02 5.6062902832e+02 5.6094000244e+02 5.6119702148e+02 5.6137500000e+02 5.6152600098e+02 5.6172601318e+02 5.6199200439e+02 5.6226000977e+02 5.6244500732e+02 5.6255798340e+02 5.6268200684e+02 5.6279199219e+02 5.6296099854e+02 5.6321301270e+02
5.5552197266e+02 5.5560900879e+02 5.5570098877e+02 5.5581201172e+02 5.5592797852e+02 5.5599401855e+02 5.5608502197e+02 5.5617602539e+02 5.5634399414e+02 5.5649200439e+02 5.5658398438e+02 5.5663299561e+02 5.5673400879e+02 5.5685302734e+02 5.5696002197e+02 5.5709899902e+02 5.5720599365e+02 5.5734497070e+02 5.5747900391e+02 5.5764300537e+02 5.5783697510e+02 5.5804699707e+02 5.5828802490e+02 5.5854302979e+02 5.5876800537e+02 5.5897601318e+02 5.5919299316e+02 5.5942700195e+02 5.5978198242e+02 5.6002502441e+02 5.6012902832e+02 5.6020697021e+02 5.6047601318e+02 5.6095800781e+02 5.6133502197e+02 5.6140301514e+02 5.6121502686e+02 5.6135797119e+02 5.6162298584e+02 5.6191601563e+02 5.6219799805e+02 5.6238201904e+02 5.6251397705e+02 5.6261401367e+02 5.6276800537e+02 5.6298297119e+02
5.5530200195e+02 5.5539202881e+02 5.5548602295e+02 5.5560998535e+02 5.5569396973e+02 5.5578302002e+02 5.5598101807e+02 5.5609899902e+02 5.5614801025e+02 5.5620501709e+02 5.5626599121e+02 5.5633300781e+02 5.5645501709e+02 5.5658001709e+02 5.5671301270e+02 5.5684301758e+02 5.5698101807e+02 5.5713201904e+02 5.5729602051e+02 5.5747802734e+02 5.5765399170e+02 5.5785101318e+02 5.5806097412e+02 5.5827502441e+02 5.5848901367e+02 5.5872601318e+02 5.5894598389e+02 5.5918402100e+02 5.5952099609e+02 5.5982098389e+02 5.5983398438e+02 5.5976702881e+02 5.6014099121e+02 5.6110797119e+02 5.6147100830e+02 5.6133599854e+02 5.6109399414e+02 5.6116699219e+02 5.6136602783e+02 5.6160900879e+02 5.6189099121e+02 5.6213299561e+02 5.6231597900e+02 5.6245202637e+02 5.6257598877e+02 5.6272698975e+02
5.5514697266e+02 5.5522802734e+02 5.5530798340e+02 5.5539398193e+02 5.5547698975e+02 5.5565100098e+02 5.5577398682e+02 5.5569897461e+02 5.5566601563e+02 5.5575299072e+02 5.5587097168e+02 5.5600897217e+02 5.5616998291e+02 5.5632598877e+02 5.5648199463e+02 5.5662402344e+02 5.5677001953e+02 5.5692700195e+02 5.5709698486e+02 5.5728601074e+02 5.5746099854e+02 5.5764300537e+02 5.5783001709e+02 5.5801501465e+02 5.5820697021e+02 5.5842199707e+02 5.5862500000e+02 5.5883801270e+02 5.5916802979e+02 5.5942498779e+02 5.5934698486e+02 5.5917199707e+02 5.5944000244e+02 5.6063397217e+02 5.6111999512e+02 5.6097497559e+02 5.6083801270e+02 5.6095800781e+02 5.6111999512e+02 5.6134100342e+02 5.6160797119e+02 5.6184301758e+02 5.6202600098e+02 5.6217700195e+02 5.6233697510e+02 5.6247601318e+02
5.5502600098e+02 5.5512097168e+02 5.5516998291e+02 5.5520300293e+02 5.5531097412e+02 5.5549597168e+02 5.5533398438e+02 5.5505499268e+02 5.5506597900e+02 5.5525402832e+02 5.5545800781e+02 5.5568298340e+02 5.5589300537e+02 5.5608398438e+02 5.5626397705e+02 5.5641802979e+02 5.5656799316e+02 5.5672497559e+02 5.5689697266e+02 5.5708898926e+02 5.5726397705e+02 5.5743701172e+02 5.5760601807e+02 5.5776501465e+02 5.5793200684e+02 5.5811199951e+02 5.5828497314e+02 5.5845898438e+02 5.5873999023e+02 5.5891497803e+02 5.5876501465e+02 5.5852301025e+02 5.5857702637e+02 5.5968200684e+02 5.6047302246e+02 5.6064202881e+02 5.6063702393e+02 5.6073797607e+02 5.6086499023e+02 5.6106799316e+02 5.6133300781e+02 5.6155102539e+02 5.6171801758e+02 5.6186798096e+02 5.6207098389e+02 5.6223498535e+02
