TESTSERVER/12/16.asc
NCOLS 100
NROWS 100
XLLCORNER 8.0997500000e+03
YLLCORNER 2.8915025000e+05
CELLSIZE 5.0000000000e-01
NODATA_VALUE -9.9990000000e+03
[rows 20 to 39 of 100, columns 46 to 91 of 100]
5.5246002197e+02 5.5248400879e+02 5.5252502441e+02 5.5251202393e+02 5.5245501709e+02 5.5254602051e+02 5.5314599609e+02 5.5453601074e+02 5.5519201660e+02 5.5524902344e+02 5.5514398193e+02 5.5517297363e+02 5.5521398926e+02 5.5523999023e+02 5.5518701172e+02 5.5498498535e+02 5.5478900146e+02 5.5456298828e+02 5.5435498047e+02 5.5416198730e+02 5.5396398926e+02 5.5380102539e+02 5.5364398193e+02 5.5351300049e+02 5.5337500000e+02 5.5319396973e+02 5.5301397705e+02 5.5284997559e+02 5.5272497559e+02 5.5262500000e+02 5.5254498291e+02 5.5254797363e+02 5.5285498047e+02 5.5333898926e+02 5.5388598633e+02 5.5443499756e+02 5.5496899414e+02 5.5543701172e+02 5.5584399414e+02 5.5617901611e+02 5.5643798828e+02 5.5651702881e+02 5.5661199951e+02 5.5672497559e+02 5.5685400391e+02 5.5695501709e+02
5.5242498779e+02 5.5246197510e+02 5.5249499512e+02 5.5249798584e+02 5.5250402832e+02 5.5249902344e+02 5.5249499512e+02 5.5311499023e+02 5.5451898193e+02 5.5530999756e+02 5.5534197998e+02 5.5526202393e+02 5.5521697998e+02 5.5519097900e+02 5.5511798096e+02 5.5497998047e+02 5.5471899414e+02 5.5445202637e+02 5.5421697998e+02 5.5401000977e+02 5.5381298828e+02 5.5364398193e+02 5.5349102783e+02 5.5335400391e+02 5.5319201660e+02 5.5300701904e+02 5.5284899902e+02 5.5272601318e+02 5.5266900635e+02 5.5265399170e+02 5.5259002686e+02 5.5259301758e+02 5.5281896973e+02 5.5327801514e+02 5.5376202393e+02 5.5426202393e+02 5.5480902100e+02 5.5530200195e+02 5.5568798828e+02 5.5599200439e+02 5.5619201660e+02 5.5626397705e+02 5.5639099121e+02 5.5653900146e+02 5.5667999268e+02 5.5678198242e+02
5.5241400146e+02 5.5245098877e+02 5.5244201660e+02 5.5243902588e+02 5.5246398926e+02 5.5251898193e+02 5.5245300293e+02 5.5242901611e+02 5.5359698486e+02 5.5479901123e+02 5.5526098633e+02 5.5534301758e+02 5.5529302979e+02 5.5519702148e+02 5.5505401611e+02 5.5490002441e+02 5.5460498047e+02 5.5431896973e+02 5.5406701660e+02 5.5385101318e+02 5.5365899658e+02 5.5348901367e+02 5.5333099365e+02 5.5318701172e+02 5.5302001953e+02 5.5284600830e+02 5.5271398926e+02 5.5263299561e+02 5.5262097168e+02 5.5262200928e+02 5.5259197998e+02 5.5263702393e+02 5.5286798096e+02 5.5327001953e+02 5.5370501709e+02 5.5415600586e+02 5.5468701172e+02 5.5516802979e+02 5.5551000977e+02 5.5577398682e+02 5.5595001221e+02 5.5606097412e+02 5.5621997070e+02 5.5638598633e+02 5.5651599121e+02 5.5660400391e+02
5.5239300537e+02 5.5240100098e+02 5.5236297607e+02 5.5238000488e+02 5.5240100098e+02 5.5245098877e+02 5.5252301025e+02 5.5236199951e+02 5.5272302246e+02 5.5353698730e+02 5.5434600830e+02 5.5503802490e+02 5.5530200195e+02 5.5520800781e+02 5.5497100830e+02 5.5473699951e+02 5.5443103027e+02 5.5414898682e+02 5.5389300537e+02 5.5367797852e+02 5.5349597168e+02 5.5333300781e+02 5.5317297363e+02 5.5302502441e+02 5.5286401367e+02 5.5271697998e+02 5.5261901855e+02 5.5258197021e+02 5.5259002686e+02 5.5259399414e+02 5.5260998535e+02 5.5271398926e+02 5.5296997070e+02 5.5332897949e+02 5.5371197510e+02 5.5411102295e+02 5.5459301758e+02 5.5502697754e+02 5.5532397461e+02 5.5555102539e+02 5.5571502686e+02 5.5586999512e+02 5.5605401611e+02 5.5623199463e+02 5.5634301758e+02 5.5641400146e+02
5.5238098145e+02 5.5233099365e+02 5.5230700684e+02 5.5233697510e+02 5.5235797119e+02 5.5237200928e+02 5.5241900635e+02 5.5246398926e+02 5.5247998047e+02 5.5243200684e+02 5.5276702881e+02 5.5418499756e+02 5.5522399902e+02 5.5529901123e+02 5.5501800537e+02 5.5457397461e+02 5.5420300293e+02 5.5389898682e+02 5.5369097900e+02 5.5349597168e+02 5.5332897949e+02 5.5315899658e+02 5.5298400879e+02 5.5284600830e+02 5.5268402100e+02 5.5261297607e+02 5.5257800293e+02 5.5257202148e+02 5.5256896973e+02 5.5258300781e+02 5.5265899658e+02 5.5282397461e+02 5.5310797119e+02 5.5343298340e+02 5.5378302002e+02 5.5414599609e+02 5.5456896973e+02 5.5488201904e+02 5.5513702393e+02 5.5533801270e+02 5.5550500488e+02 5.5566497803e+02 5.5584399414e+02 5.5601300049e+02 5.5613000488e+02 5.5620898438e+02
5.5229101563e+02 5.5225201416e+02 5.5226599121e+02 5.5228802490e+02 5.5230700684e+02 5.5233197021e+02 5.5235900879e+02 5.5239001465e+02 5.5245599365e+02 5.5246899414e+02 5.5243902588e+02 5.5324200439e+02 5.5443402100e+02 5.5503601074e+02 5.5477301025e+02 5.5425097656e+02 5.5383300781e+02 5.5356896973e+02 5.5342999268e+02 5.5330499268e+02 5.5316998291e+02 5.5300701904e+02 5.5284997559e+02 5.5271398926e+02 5.5260498047e+02 5.5257501221e+02 5.5257000732e+02 5.5257299805e+02 5.5257897949e+02 5.5261199951e+02 5.5271502686e+02 5.5289697266e+02 5.5315301514e+02 5.5345800781e+02 5.5379101563e+02 5.5413299561e+02 5.5446899414e+02 5.5475402832e+02 5.5497698975e+02 5.5515100098e+02 5.5529302979e+02 5.5544702148e+02 5.5559997559e+02 5.5575097656e+02 5.5588897705e+02 5.5598297119e+02
5.5221197510e+02 5.5221600342e+02 5.5223297119e+02 5.5223199463e+02 5.5224597168e+02 5.5227899170e+02 5.5232098389e+02 5.5233801270e+02 5.5239202881e+02 5.5245098877e+02 5.5237402344e+02 5.5251501465e+02 5.5324700928e+02 5.5396502686e+02 5.5391900635e+02 5.5360198975e+02 5.5336901855e+02 5.5323699951e+02 5.5316601563e+02 5.5309698486e+02 5.5300299072e+02 5.5286999512e+02 5.5273797607e+02 5.5263201904e+02 5.5255999756e+02 5.5255798340e+02 5.5255999756e+02 5.5256402588e+02 5.5258099365e+02 5.5262200928e+02 5.5272998047e+02 5.5291101074e+02 5.5316400146e+02 5.5344097900e+02 5.5373901367e+02 5.5404400635e+02 5.5435198975e+02 5.5460699463e+02 5.5479498291e+02 5.5493902588e+02 5.5506500244e+02 5.5521301270e+02 5.5535797119e+02 5.5550201416e+02 5.5564099121e+02 5.5575000000e+02
5.5217199707e+02 5.5219000244e+02 5.5219500732e+02 5.5219598389e+02 5.5220697021e+02 5.5223400879e+02 5.5228100586e+02 5.5230297852e+02 5.5233398438e+02 5.5239001465e+02 5.5241900635e+02 5.5233898926e+02 5.5248498535e+02 5.5287500000e+02 5.5298699951e+02 5.5293701172e+02 5.5290802002e+02 5.5291497803e+02 5.5291198730e+02 5.5289599609e+02 5.5283898926e+02 5.5273602295e+02 5.5263702393e+02 5.5257098389e+02 5.5253601074e+02 5.5255200195e+02 5.5255297852e+02 5.5255297852e+02 5.5257000732e+02 5.5260998535e+02 5.5271502686e+02 5.5288800049e+02 5.5314099121e+02 5.5340002441e+02 5.5366302490e+02 5.5393103027e+02 5.5420800781e+02 5.5442297363e+02 5.5457598877e+02 5.5469799805e+02 5.5481799316e+02 5.5496600342e+02 5.5510601807e+02 5.5524499512e+02 5.5538598633e+02 5.5550897217e+02
5.5214599609e+02 5.5215197754e+02 5.5216699219e+02 5.5220397949e+02 5.5220599365e+02 5.5220397949e+02 5.5223602295e+02 5.5226202393e+02 5.5228997803e+02 5.5231402588e+02 5.5235998535e+02 5.5242700195e+02 5.5244500732e+02 5.5243200684e+02 5.5247399902e+02 5.5249102783e+02 5.5258898926e+02 5.5264202881e+02 5.5264801025e+02 5.5268298340e+02 5.5264599609e+02 5.5259698486e+02 5.5254400635e+02 5.5252197266e+02 5.5252502441e+02 5.5254699707e+02 5.5254602051e+02 5.5253802490e+02 5.5254998779e+02 5.5256298828e+02 5.5261602783e+02 5.5280499268e+02 5.5304797363e+02 5.5333502197e+02 5.5357098389e+02 5.5380499268e+02 5.5403900146e+02 5.5419702148e+02 5.5431298828e+02 5.5441198730e+02 5.5450500488e+02 5.5467602539e+02 5.5481799316e+02 5.5496002197e+02 5.5507397461e+02 5.5522802734e+02
5.5211199951e+02 5.5211499023e+02 5.5212500000e+02 5.5219500732e+02 5.5222399902e+02 5.5218902588e+02 5.5221002197e+02 5.5222998047e+02 5.5225701904e+02 5.5229797363e+02 5.5235101318e+02 5.5239801025e+02 5.5241998291e+02 5.5243499756e+02 5.5245202637e+02 5.5247802734e+02 5.5250402832e+02 5.5252697754e+02 5.5253997803e+02 5.5254101563e+02 5.5253399658e+02 5.5251800537e+02 5.5250799561e+02 5.5251599121e+02 5.5252600098e+02 5.5254101563e+02 5.5254602051e+02 5.5253198242e+02 5.5252600098e+02 5.5251599121e+02 5.5254602051e+02 5.5272900391e+02 5.5302600098e+02 5.5326397705e+02 5.5344000244e+02 5.5362500000e+02 5.5382299805e+02 5.5393499756e+02 5.5399798584e+02 5.5406201172e+02 5.5420098877e+02 5.5437500000e+02 5.5452600098e+02 5.5467700195e+02 5.5482501221e+02 5.5495397949e+02
5.5208898926e+02 5.5209600830e+02 5.5209802246e+02 5.5213598633e+02 5.5215899658e+02 5.5215100098e+02 5.5216998291e+02 5.5217901611e+02 5.5221697998e+02 5.5229400635e+02 5.5234002686e+02 5.5233099365e+02 5.5234399414e+02 5.5238000488e+02 5.5241198730e+02 5.5244702148e+02 5.5247399902e+02 5.5250201416e+02 5.5251702881e+02 5.5251800537e+02 5.5251300049e+02 5.5250799561e+02 5.5251202393e+02 5.5252600098e+02 5.5252801514e+02 5.5252502441e+02 5.5253399658e+02 5.5253302002e+02 5.5252099609e+02 5.5253198242e+02 5.5258001709e+02 5.5276300049e+02 5.5304302979e+02 5.5319702148e+02 5.5331097412e+02 5.5345501709e+02 5.5361499023e+02 5.5367700195e+02 5.5370001221e+02 5.5374298096e+02 5.5391302490e+02 5.5412298584e+02 5.5427801514e+02 5.5443200684e+02 5.5459399414e+02 5.5473199463e+02
5.5206402588e+02 5.5207397461e+02 5.5207598877e+02 5.5209100342e+02 5.5208898926e+02 5.5209997559e+02 5.5211901855e+02 5.5214001465e+02 5.5218597412e+02 5.5224102783e+02 5.5226098633e+02 5.5226098633e+02 5.5229199219e+02 5.5233398438e+02 5.5236199951e+02 5.5239599609e+02 5.5243298340e+02 5.5247100830e+02 5.5249798584e+02 5.5250701904e+02 5.5250598145e+02 5.5250701904e+02 5.5251202393e+02 5.5252197266e+02 5.5251702881e+02 5.5250598145e+02 5.5251599121e+02 5.5252001953e+02 5.5251702881e+02 5.5258697510e+02 5.5267498779e+02 5.5284600830e+02 5.5306298828e+02 5.5312701416e+02 5.5320001221e+02 5.5332202148e+02 5.5344097900e+02 5.5346197510e+02 5.5346002197e+02 5.5349102783e+02 5.5367297363e+02 5.5390197754e+02 5.5406097412e+02 5.5421697998e+02 5.5438702393e+02 5.5453100586e+02
5.5201300049e+02 5.5202502441e+02 5.5204101563e+02 5.5204998779e+02 5.5204602051e+02 5.5205200195e+02 5.5207299805e+02 5.5213500977e+02 5.5217401123e+02 5.5214697266e+02 5.5215502930e+02 5.5219702148e+02 5.5224700928e+02 5.5228100586e+02 5.5230603027e+02 5.5233398438e+02 5.5237500000e+02 5.5241601563e+02 5.5244500732e+02 5.5246801758e+02 5.5248498535e+02 5.5248999023e+02 5.5248699951e+02 5.5248999023e+02 5.5249200439e+02 5.5250402832e+02 5.5251000977e+02 5.5250201416e+02 5.5253698730e+02 5.5267401123e+02 5.5278997803e+02 5.5292498779e+02 5.5303997803e+02 5.5302001953e+02 5.5310498047e+02 5.5323699951e+02 5.5330499268e+02 5.5330999756e+02 5.5331500244e+02 5.5335400391e+02 5.5351898193e+02 5.5372900391e+02 5.5388702393e+02 5.5404101563e+02 5.5419598389e+02 5.5434301758e+02
5.5201098633e+02 5.5198699951e+02 5.5199700928e+02 5.5199798584e+02 5.5200097656e+02 5.5202502441e+02 5.5205999756e+02 5.5208697510e+02 5.5207098389e+02 5.5207000732e+02 5.5209600830e+02 5.5212298584e+02 5.5216802979e+02 5.5220800781e+02 5.5225402832e+02 5.5228802490e+02 5.5232098389e+02 5.5235601807e+02 5.5239202881e+02 5.5242797852e+02 5.5245599365e+02 5.5246600342e+02 5.5246600342e+02 5.5246899414e+02 5.5247802734e+02 5.5249499512e+02 5.5248797607e+02 5.5249298096e+02 5.5260699463e+02 5.5276599121e+02 5.5284899902e+02 5.5292700195e+02 5.5292498779e+02 5.5290899658e+02 5.5304101563e+02 5.5321502686e+02 5.5326702881e+02 5.5326599121e+02 5.5329602051e+02 5.5335797119e+02 5.5349902344e+02 5.5366998291e+02 5.5380499268e+02 5.5394000244e+02 5.5407897949e+02 5.5420501709e+02
5.5197698975e+02 5.5195501709e+02 5.5193200684e+02 5.5193902588e+02 5.5197302246e+02 5.5200402832e+02 5.5200701904e+02 5.5199298096e+02 5.5198699951e+02 5.5201501465e+02 5.5205297852e+02 5.5207501221e+02 5.5210900879e+02 5.5214300537e+02 5.5220098877e+02 5.5223498535e+02 5.5225897217e+02 5.5228997803e+02 5.5232800293e+02 5.5236401367e+02 5.5238897705e+02 5.5241400146e+02 5.5244299316e+02 5.5245599365e+02 5.5247100830e+02 5.5248101807e+02 5.5247399902e+02 5.5249298096e+02 5.5259100342e+02 5.5266302490e+02 5.5269097900e+02 5.5275598145e+02 5.5279901123e+02 5.5285699463e+02 5.5302600098e+02 5.5321600342e+02 5.5326300049e+02 5.5327600098e+02 5.5332000732e+02 5.5339001465e+02 5.5350097656e+02 5.5362500000e+02 5.5374102783e+02 5.5385699463e+02 5.5397802734e+02 5.5409301758e+02
5.5182299805e+02 5.5190997314e+02 5.5191101074e+02 5.5191302490e+02 5.5195098877e+02 5.5193402100e+02 5.5190802002e+02 5.5191497803e+02 5.5193402100e+02 5.5196099854e+02 5.5199499512e+02 5.5201702881e+02 5.5205700684e+02 5.5208099365e+02 5.5212298584e+02 5.5215399170e+02 5.5218701172e+02 5.5222900391e+02 5.5226000977e+02 5.5228900146e+02 5.5232800293e+02 5.5238800049e+02 5.5242901611e+02 5.5244299316e+02 5.5246002197e+02 5.5246801758e+02 5.5246697998e+02 5.5248400879e+02 5.5251599121e+02 5.5250500488e+02 5.5251397705e+02 5.5261297607e+02 5.5273101807e+02 5.5284997559e+02 5.5306402588e+02 5.5324499512e+02 5.5327099609e+02 5.5330499268e+02 5.5335998535e+02 5.5343499756e+02 5.5351501465e+02 5.5359600830e+02 5.5369299316e+02 5.5379101563e+02 5.5389398193e+02 5.5399597168e+02
5.5169500732e+02 5.5182501221e+02 5.5197399902e+02 5.5190002441e+02 5.5181896973e+02 5.5182098389e+02 5.5182800293e+02 5.5185601807e+02 5.5188299561e+02 5.5190399170e+02 5.5192297363e+02 5.5194897461e+02 5.5199200439e+02 5.5201501465e+02 5.5205200195e+02 5.5206799316e+02 5.5210400391e+02 5.5215301514e+02 5.5218103027e+02 5.5221697998e+02 5.5231298828e+02 5.5237200928e+02 5.5238702393e+02 5.5241400146e+02 5.5244500732e+02 5.5245697021e+02 5.5245098877e+02 5.5245202637e+02 5.5243798828e+02 5.5244000244e+02 5.5248901367e+02 5.5259698486e+02 5.5271301270e+02 5.5290698242e+02 5.5313598633e+02 5.5327197266e+02 5.5327398682e+02 5.5333502197e+02 5.5340698242e+02 5.5348498535e+02 5.5357598877e+02 5.5361297607e+02 5.5368402100e+02 5.5375500488e+02 5.5384497070e+02 5.5392602539e+02
5.5167498779e+02 5.5169299316e+02 5.5182897949e+02 5.5184100342e+02 5.5173699951e+02 5.5174401855e+02 5.5177301025e+02 5.5180200195e+02 5.5183502197e+02 5.5185699463e+02 5.5186401367e+02 5.5187298584e+02 5.5191601563e+02 5.5194598389e+02 5.5197601318e+02 5.5200598145e+02 5.5204302979e+02 5.5205603027e+02 5.5207501221e+02 5.5219598389e+02 5.5228198242e+02 5.5230798340e+02 5.5233099365e+02 5.5237097168e+02 5.5239099121e+02 5.5239202881e+02 5.5240399170e+02 5.5240997314e+02 5.5239202881e+02 5.5240399170e+02 5.5246899414e+02 5.5259197998e+02 5.5276800537e+02 5.5301599121e+02 5.5320397949e+02 5.5328497314e+02 5.5328802490e+02 5.5335900879e+02 5.5343402100e+02 5.5350799561e+02 5.5356298828e+02 5.5361499023e+02 5.5367498779e+02 5.5373101807e+02 5.5379199219e+02 5.5386602783e+02
5.5165399170e+02 5.5161602783e+02 5.5161901855e+02 5.5165802002e+02 5.5165997314e+02 5.5168597412e+02 5.5172802734e+02 5.5174298096e+02 5.5177197266e+02 5.5179699707e+02 5.5181201172e+02 5.5182397461e+02 5.5185797119e+02 5.5188000488e+02 5.5190301514e+02 5.5194000244e+02 5.5196801758e+02 5.5197399902e+02 5.5203601074e+02 5.5217199707e+02 5.5220898438e+02 5.5224597168e+02 5.5228198242e+02 5.5232098389e+02 5.5234197998e+02 5.5234802246e+02 5.5235198975e+02 5.5235101318e+02 5.5234899902e+02 5.5238098145e+02 5.5248498535e+02 5.5265502930e+02 5.5289300537e+02 5.5313299561e+02 5.5325500488e+02 5.5328198242e+02 5.5328900146e+02 5.5336401367e+02 5.5343103027e+02 5.5349700928e+02 5.5353802490e+02 5.5358001709e+02 5.5363500977e+02 5.5368798828e+02 5.5373797607e+02 5.5379400635e+02
5.5161401367e+02 5.5160699463e+02 5.5158898926e+02 5.5158697510e+02 5.5160601807e+02 5.5161602783e+02 5.5165301514e+02 5.5167901611e+02 5.5170800781e+02 5.5172802734e+02 5.5173797607e+02 5.5175701904e+02 5.5178900146e+02 5.5180499268e+02 5.5183697510e+02 5.5187402344e+02 5.5188702393e+02 5.5195300293e+02 5.5206799316e+02 5.5211199951e+02 5.5211700439e+02 5.5216497803e+02 5.5222698975e+02 5.5229699707e+02 5.5234301758e+02 5.5234197998e+02 5.5229998779e+02 5.5227697754e+02 5.5231500244e+02 5.5238098145e+02 5.5255401611e+02 5.5279101563e+02 5.5305603027e+02 5.5322100830e+02 5.5326599121e+02 5.5325097656e+02 5.5327600098e+02 5.5335400391e+02 5.5341101074e+02 5.5346801758e+02 5.5350097656e+02 5.5353997803e+02 5.5359197998e+02 5.5364099121e+02 5.5368103027e+02 5.5371997070e+02
