TESTSERVER/12/16.asc
NCOLS 100
NROWS 100
XLLCORNER 8.0997500000e+03
YLLCORNER 2.8915025000e+05
CELLSIZE 5.0000000000e-01
NODATA_VALUE -9.9990000000e+03
[rows 40 to 59 of 100, columns 0 to 45 of 100]
5.5155902100e+02 5.5154498291e+02 5.5153399658e+02 5.5152502441e+02 5.5151202393e+02 5.5149102783e+02 5.5146002197e+02 5.5144000244e+02 5.5143902588e+02 5.5140399170e+02 5.5136999512e+02 5.5135797119e+02 5.5134197998e+02 5.5136102295e+02 5.5136102295e+02 5.5132299805e+02 5.5133197021e+02 5.5136798096e+02 5.5137500000e+02 5.5138702393e+02 5.5140100098e+02 5.5139202881e+02 5.5136199951e+02 5.5135400391e+02 5.5136901855e+02 5.5137500000e+02 5.5134802246e+02 5.5134802246e+02 5.5137298584e+02 5.5136199951e+02 5.5138397217e+02 5.5143200684e+02 5.5150701904e+02 5.5157800293e+02 5.5169702148e+02 5.5182000732e+02 5.5184497070e+02 5.5181298828e+02 5.5176098633e+02 5.5171697998e+02 5.5170397949e+02 5.5167602539e+02 5.5165698242e+02 5.5163897705e+02 5.5162597656e+02 5.5159002686e+02
5.5153900146e+02 5.5151098633e+02 5.5148498535e+02 5.5147100830e+02 5.5144097900e+02 5.5143103027e+02 5.5141497803e+02 5.5138702393e+02 5.5137597656e+02 5.5135699463e+02 5.5134698486e+02 5.5133300781e+02 5.5130798340e+02 5.5132598877e+02 5.5131896973e+02 5.5129797363e+02 5.5130700684e+02 5.5132800293e+02 5.5131402588e+02 5.5131201172e+02 5.5133398438e+02 5.5134997559e+02 5.5131701660e+02 5.5130999756e+02 5.5131201172e+02 5.5130401611e+02 5.5129797363e+02 5.5130499268e+02 5.5133398438e+02 5.5132702637e+02 5.5133001709e+02 5.5136102295e+02 5.5141601563e+02 5.5147698975e+02 5.5159698486e+02 5.5173999023e+02 5.5183898926e+02 5.5186700439e+02 5.5179901123e+02 5.5170300293e+02 5.5165997314e+02 5.5164898682e+02 5.5163098145e+02 5.5159698486e+02 5.5158697510e+02 5.5155297852e+02
5.5149499512e+02 5.5146502686e+02 5.5145202637e+02 5.5144500732e+02 5.5142102051e+02 5.5140997314e+02 5.5138397217e+02 5.5135498047e+02 5.5134399414e+02 5.5132000732e+02 5.5130499268e+02 5.5129302979e+02 5.5127697754e+02 5.5129199219e+02 5.5128100586e+02 5.5126300049e+02 5.5126599121e+02 5.5128399658e+02 5.5126599121e+02 5.5125299072e+02 5.5127502441e+02 5.5129101563e+02 5.5126898193e+02 5.5126098633e+02 5.5124902344e+02 5.5123498535e+02 5.5123498535e+02 5.5124499512e+02 5.5127301025e+02 5.5127001953e+02 5.5128100586e+02 5.5130401611e+02 5.5133001709e+02 5.5138299561e+02 5.5149200439e+02 5.5164898682e+02 5.5180401611e+02 5.5189300537e+02 5.5185900879e+02 5.5175000000e+02 5.5164898682e+02 5.5161700439e+02 5.5160400391e+02 5.5156402588e+02 5.5155603027e+02 5.5153002930e+02
5.5145501709e+02 5.5143701172e+02 5.5143798828e+02 5.5143402100e+02 5.5140399170e+02 5.5138800049e+02 5.5134698486e+02 5.5132598877e+02 5.5132800293e+02 5.5130603027e+02 5.5127197266e+02 5.5125799561e+02 5.5124798584e+02 5.5125402832e+02 5.5124298096e+02 5.5122198486e+02 5.5119799805e+02 5.5121301270e+02 5.5120001221e+02 5.5119000244e+02 5.5121197510e+02 5.5121997070e+02 5.5122998047e+02 5.5123498535e+02 5.5120599365e+02 5.5117901611e+02 5.5117498779e+02 5.5118701172e+02 5.5122998047e+02 5.5124200439e+02 5.5124700928e+02 5.5125598145e+02 5.5126898193e+02 5.5130401611e+02 5.5138098145e+02 5.5152301025e+02 5.5169000244e+02 5.5180499268e+02 5.5183099365e+02 5.5178601074e+02 5.5168200684e+02 5.5158599854e+02 5.5157299805e+02 5.5154602051e+02 5.5153399658e+02 5.5149700928e+02
5.5143597412e+02 5.5141198730e+02 5.5140802002e+02 5.5139801025e+02 5.5136700439e+02 5.5135400391e+02 5.5131896973e+02 5.5128497314e+02 5.5127801514e+02 5.5126898193e+02 5.5123797607e+02 5.5123199463e+02 5.5122100830e+02 5.5121697998e+02 5.5120001221e+02 5.5118402100e+02 5.5117199707e+02 5.5117401123e+02 5.5116198730e+02 5.5117297363e+02 5.5116900635e+02 5.5115698242e+02 5.5118798828e+02 5.5120800781e+02 5.5117901611e+02 5.5115997314e+02 5.5115002441e+02 5.5114801025e+02 5.5115301514e+02 5.5119201660e+02 5.5117999268e+02 5.5119702148e+02 5.5123498535e+02 5.5124597168e+02 5.5129199219e+02 5.5141400146e+02 5.5155999756e+02 5.5163500977e+02 5.5171398926e+02 5.5177301025e+02 5.5175000000e+02 5.5161199951e+02 5.5153497314e+02 5.5151898193e+02 5.5153399658e+02 5.5147399902e+02
5.5140197754e+02 5.5137298584e+02 5.5135797119e+02 5.5135101318e+02 5.5132501221e+02 5.5131799316e+02 5.5129901123e+02 5.5125500488e+02 5.5123699951e+02 5.5123498535e+02 5.5121600342e+02 5.5120098877e+02 5.5117602539e+02 5.5118902588e+02 5.5117797852e+02 5.5115301514e+02 5.5114001465e+02 5.5113598633e+02 5.5112097168e+02 5.5113897705e+02 5.5111999512e+02 5.5110601807e+02 5.5111401367e+02 5.5111999512e+02 5.5111401367e+02 5.5111999512e+02 5.5111901855e+02 5.5112402344e+02 5.5111199951e+02 5.5110998535e+02 5.5111499023e+02 5.5114898682e+02 5.5117999268e+02 5.5120001221e+02 5.5126397705e+02 5.5134997559e+02 5.5143103027e+02 5.5151098633e+02 5.5161901855e+02 5.5174102783e+02 5.5179400635e+02 5.5173297119e+02 5.5157098389e+02 5.5147698975e+02 5.5149298096e+02 5.5145397949e+02
5.5138000488e+02 5.5135302734e+02 5.5132800293e+02 5.5131701660e+02 5.5129901123e+02 5.5127600098e+02 5.5126397705e+02 5.5123699951e+02 5.5121600342e+02 5.5121099854e+02 5.5118902588e+02 5.5115997314e+02 5.5113800049e+02 5.5114801025e+02 5.5113598633e+02 5.5110797119e+02 5.5110699463e+02 5.5109600830e+02 5.5107800293e+02 5.5109197998e+02 5.5107299805e+02 5.5106402588e+02 5.5106298828e+02 5.5105999756e+02 5.5106097412e+02 5.5108398438e+02 5.5108898926e+02 5.5108398438e+02 5.5109399414e+02 5.5108599854e+02 5.5109399414e+02 5.5111700439e+02 5.5113800049e+02 5.5116497803e+02 5.5123400879e+02 5.5130401611e+02 5.5135797119e+02 5.5141998291e+02 5.5151000977e+02 5.5164501953e+02 5.5177001953e+02 5.5179498291e+02 5.5163897705e+02 5.5148901367e+02 5.5146197510e+02 5.5142498779e+02
5.5134399414e+02 5.5132098389e+02 5.5129498291e+02 5.5128900146e+02 5.5127398682e+02 5.5125000000e+02 5.5123297119e+02 5.5121502686e+02 5.5118902588e+02 5.5118597412e+02 5.5116601563e+02 5.5114001465e+02 5.5112500000e+02 5.5111499023e+02 5.5109197998e+02 5.5106402588e+02 5.5107098389e+02 5.5107098389e+02 5.5105401611e+02 5.5103698730e+02 5.5102301025e+02 5.5102697754e+02 5.5102099609e+02 5.5100500488e+02 5.5100299072e+02 5.5102099609e+02 5.5102301025e+02 5.5102697754e+02 5.5105401611e+02 5.5104400635e+02 5.5104998779e+02 5.5105999756e+02 5.5107897949e+02 5.5112200928e+02 5.5119000244e+02 5.5126202393e+02 5.5132897949e+02 5.5136102295e+02 5.5141198730e+02 5.5152600098e+02 5.5167602539e+02 5.5171099854e+02 5.5161499023e+02 5.5150299072e+02 5.5145001221e+02 5.5138201904e+02
5.5132702637e+02 5.5129998779e+02 5.5126800537e+02 5.5126501465e+02 5.5124102783e+02 5.5121697998e+02 5.5120697021e+02 5.5119897461e+02 5.5115802002e+02 5.5115197754e+02 5.5113201904e+02 5.5111297607e+02 5.5110101318e+02 5.5109600830e+02 5.5107202148e+02 5.5104797363e+02 5.5105798340e+02 5.5103302002e+02 5.5101397705e+02 5.5099597168e+02 5.5097698975e+02 5.5098101807e+02 5.5097198486e+02 5.5094897461e+02 5.5095202637e+02 5.5096899414e+02 5.5096801758e+02 5.5097302246e+02 5.5099597168e+02 5.5100402832e+02 5.5100799561e+02 5.5101202393e+02 5.5103002930e+02 5.5107702637e+02 5.5115698242e+02 5.5122399902e+02 5.5128399658e+02 5.5129602051e+02 5.5131701660e+02 5.5139898682e+02 5.5152697754e+02 5.5158398438e+02 5.5158697510e+02 5.5154797363e+02 5.5146697998e+02 5.5137298584e+02
5.5130102539e+02 5.5127099609e+02 5.5124597168e+02 5.5123999023e+02 5.5121697998e+02 5.5119598389e+02 5.5118103027e+02 5.5117700195e+02 5.5115100098e+02 5.5112902832e+02 5.5110498047e+02 5.5108599854e+02 5.5106201172e+02 5.5106298828e+02 5.5105200195e+02 5.5103002930e+02 5.5102001953e+02 5.5099401855e+02 5.5097497559e+02 5.5095800781e+02 5.5093200684e+02 5.5093298340e+02 5.5092498779e+02 5.5091101074e+02 5.5091802979e+02 5.5092901611e+02 5.5093200684e+02 5.5093597412e+02 5.5095800781e+02 5.5096697998e+02 5.5096697998e+02 5.5097900391e+02 5.5099499512e+02 5.5102197266e+02 5.5109197998e+02 5.5115399170e+02 5.5122100830e+02 5.5122802734e+02 5.5121197510e+02 5.5122601318e+02 5.5128302002e+02 5.5138598633e+02 5.5152502441e+02 5.5158898926e+02 5.5154901123e+02 5.5142901611e+02
5.5127398682e+02 5.5125402832e+02 5.5122900391e+02 5.5120599365e+02 5.5116699219e+02 5.5116998291e+02 5.5116101074e+02 5.5114300537e+02 5.5111798096e+02 5.5109399414e+02 5.5107501221e+02 5.5106402588e+02 5.5104400635e+02 5.5103100586e+02 5.5101898193e+02 5.5099798584e+02 5.5098199463e+02 5.5096301270e+02 5.5094000244e+02 5.5092700195e+02 5.5090002441e+02 5.5090002441e+02 5.5090002441e+02 5.5088702393e+02 5.5088598633e+02 5.5089898682e+02 5.5089898682e+02 5.5089300537e+02 5.5091497803e+02 5.5092797852e+02 5.5092700195e+02 5.5093798828e+02 5.5094396973e+02 5.5097698975e+02 5.5102502441e+02 5.5106799316e+02 5.5111401367e+02 5.5111798096e+02 5.5111901855e+02 5.5110498047e+02 5.5110498047e+02 5.5118103027e+02 5.5133099365e+02 5.5149298096e+02 5.5156597900e+02 5.5149499512e+02
5.5123699951e+02 5.5122802734e+02 5.5120697021e+02 5.5118402100e+02 5.5115502930e+02 5.5114599609e+02 5.5113897705e+02 5.5111499023e+02 5.5109802246e+02 5.5108197021e+02 5.5105102539e+02 5.5103002930e+02 5.5102398682e+02 5.5101300049e+02 5.5099102783e+02 5.5096801758e+02 5.5095599365e+02 5.5093103027e+02 5.5090399170e+02 5.5090600586e+02 5.5089099121e+02 5.5087402344e+02 5.5086700439e+02 5.5085302734e+02 5.5085101318e+02 5.5086602783e+02 5.5087200928e+02 5.5086401367e+02 5.5087200928e+02 5.5087799072e+02 5.5088500977e+02 5.5089300537e+02 5.5088299561e+02 5.5092401123e+02 5.5095599365e+02 5.5098199463e+02 5.5100097656e+02 5.5100097656e+02 5.5102197266e+02 5.5101397705e+02 5.5101599121e+02 5.5104699707e+02 5.5109899902e+02 5.5127197266e+02 5.5142498779e+02 5.5145599365e+02
5.5119799805e+02 5.5119799805e+02 5.5118798828e+02 5.5115600586e+02 5.5115997314e+02 5.5111798096e+02 5.5110302734e+02 5.5109301758e+02 5.5106597900e+02 5.5105401611e+02 5.5102697754e+02 5.5101202393e+02 5.5099700928e+02 5.5098999023e+02 5.5096801758e+02 5.5094598389e+02 5.5092102051e+02 5.5089202881e+02 5.5086700439e+02 5.5087298584e+02 5.5086297607e+02 5.5084100342e+02 5.5082098389e+02 5.5081402588e+02 5.5083001709e+02 5.5082800293e+02 5.5082598877e+02 5.5083502197e+02 5.5083197021e+02 5.5081298828e+02 5.5082098389e+02 5.5082598877e+02 5.5082098389e+02 5.5086401367e+02 5.5089501953e+02 5.5090502930e+02 5.5089697266e+02 5.5089697266e+02 5.5092102051e+02 5.5092297363e+02 5.5092102051e+02 5.5095800781e+02 5.5092999268e+02 5.5103100586e+02 5.5117999268e+02 5.5128302002e+02
5.5119799805e+02 5.5119897461e+02 5.5118298340e+02 5.5114697266e+02 5.5113500977e+02 5.5109197998e+02 5.5107299805e+02 5.5106701660e+02 5.5103601074e+02 5.5102502441e+02 5.5100299072e+02 5.5099200439e+02 5.5097399902e+02 5.5095202637e+02 5.5093298340e+02 5.5093103027e+02 5.5092297363e+02 5.5087200928e+02 5.5084600830e+02 5.5085400391e+02 5.5084002686e+02 5.5081701660e+02 5.5079797363e+02 5.5079498291e+02 5.5080297852e+02 5.5079998779e+02 5.5078497314e+02 5.5079101563e+02 5.5079797363e+02 5.5077099609e+02 5.5076800537e+02 5.5077899170e+02 5.5077899170e+02 5.5078302002e+02 5.5081402588e+02 5.5083099365e+02 5.5082702637e+02 5.5079199219e+02 5.5082098389e+02 5.5082800293e+02 5.5079199219e+02 5.5084002686e+02 5.5083300781e+02 5.5086102295e+02 5.5095501709e+02 5.5109399414e+02
5.5118798828e+02 5.5117199707e+02 5.5116302490e+02 5.5113299561e+02 5.5110302734e+02 5.5107000732e+02 5.5105499268e+02 5.5104101563e+02 5.5100598145e+02 5.5099298096e+02 5.5096801758e+02 5.5096502686e+02 5.5095501709e+02 5.5092901611e+02 5.5090197754e+02 5.5089898682e+02 5.5089599609e+02 5.5085900879e+02 5.5083398438e+02 5.5082702637e+02 5.5079797363e+02 5.5078802490e+02 5.5077301025e+02 5.5076800537e+02 5.5076898193e+02 5.5076599121e+02 5.5075097656e+02 5.5074597168e+02 5.5077197266e+02 5.5075598145e+02 5.5072802734e+02 5.5072601318e+02 5.5074102783e+02 5.5073602295e+02 5.5074597168e+02 5.5075500488e+02 5.5075701904e+02 5.5069500732e+02 5.5071197510e+02 5.5073797607e+02 5.5071002197e+02 5.5074597168e+02 5.5074298096e+02 5.5072399902e+02 5.5077697754e+02 5.5090997314e+02
5.5115301514e+02 5.5113897705e+02 5.5113000488e+02 5.5110498047e+02 5.5108398438e+02 5.5106298828e+02 5.5103698730e+02 5.5100598145e+02 5.5097399902e+02 5.5096502686e+02 5.5093402100e+02 5.5093103027e+02 5.5092797852e+02 5.5091699219e+02 5.5089599609e+02 5.5088098145e+02 5.5085400391e+02 5.5083898926e+02 5.5081298828e+02 5.5079302979e+02 5.5076000977e+02 5.5076000977e+02 5.5074798584e+02 5.5074401855e+02 5.5074298096e+02 5.5074298096e+02 5.5073297119e+02 5.5071801758e+02 5.5074798584e+02 5.5075299072e+02 5.5071899414e+02 5.5069097900e+02 5.5068499756e+02 5.5068298340e+02 5.5067700195e+02 5.5066900635e+02 5.5067297363e+02 5.5062402344e+02 5.5061602783e+02 5.5064202881e+02 5.5065502930e+02 5.5067401123e+02 5.5064599609e+02 5.5061700439e+02 5.5064300537e+02 5.5074798584e+02
5.5113500977e+02 5.5113299561e+02 5.5111401367e+02 5.5108197021e+02 5.5104302979e+02 5.5104101563e+02 5.5101501465e+02 5.5098498535e+02 5.5098199463e+02 5.5094702148e+02 5.5091998291e+02 5.5090301514e+02 5.5089300537e+02 5.5088201904e+02 5.5087298584e+02 5.5086297607e+02 5.5082800293e+02 5.5079797363e+02 5.5077001953e+02 5.5076300049e+02 5.5075097656e+02 5.5073602295e+02 5.5072198486e+02 5.5072497559e+02 5.5071801758e+02 5.5071502686e+02 5.5070697021e+02 5.5069000244e+02 5.5068798828e+02 5.5069500732e+02 5.5069500732e+02 5.5067102051e+02 5.5064300537e+02 5.5064801025e+02 5.5064001465e+02 5.5060302734e+02 5.5057702637e+02 5.5056701660e+02 5.5054602051e+02 5.5054699707e+02 5.5056597900e+02 5.5060101318e+02 5.5057299805e+02 5.5055297852e+02 5.5054400635e+02 5.5061798096e+02
5.5110198975e+02 5.5109301758e+02 5.5109399414e+02 5.5107800293e+02 5.5103802490e+02 5.5102001953e+02 5.5099902344e+02 5.5097399902e+02 5.5092401123e+02 5.5090301514e+02 5.5090301514e+02 5.5089099121e+02 5.5086901855e+02 5.5086297607e+02 5.5084399414e+02 5.5081597900e+02 5.5079797363e+02 5.5079602051e+02 5.5076501465e+02 5.5075299072e+02 5.5073199463e+02 5.5070202637e+02 5.5069500732e+02 5.5070501709e+02 5.5069500732e+02 5.5069097900e+02 5.5068103027e+02 5.5066900635e+02 5.5066497803e+02 5.5064300537e+02 5.5064001465e+02 5.5062097168e+02 5.5059698486e+02 5.5057598877e+02 5.5057098389e+02 5.5055499268e+02 5.5050799561e+02 5.5047601318e+02 5.5048297119e+02 5.5048602295e+02 5.5047302246e+02 5.5048602295e+02 5.5048400879e+02 5.5049902344e+02 5.5049902344e+02 5.5053100586e+02
5.5108398438e+02 5.5107098389e+02 5.5106298828e+02 5.5104699707e+02 5.5101202393e+02 5.5098999023e+02 5.5097399902e+02 5.5095098877e+02 5.5090197754e+02 5.5088702393e+02 5.5088299561e+02 5.5086999512e+02 5.5084002686e+02 5.5083898926e+02 5.5082000732e+02 5.5078198242e+02 5.5075799561e+02 5.5075701904e+02 5.5072900391e+02 5.5070800781e+02 5.5070001221e+02 5.5070300293e+02 5.5068701172e+02 5.5067498779e+02 5.5066802979e+02 5.5066400146e+02 5.5065100098e+02 5.5063299561e+02 5.5062799072e+02 5.5060101318e+02 5.5059997559e+02 5.5058801270e+02 5.5056597900e+02 5.5052697754e+02 5.5050201416e+02 5.5050201416e+02 5.5047601318e+02 5.5043298340e+02 5.5043200684e+02 5.5044000244e+02 5.5042297363e+02 5.5040502930e+02 5.5040197754e+02 5.5041400146e+02 5.5042199707e+02 5.5044799805e+02
5.5106500244e+02 5.5104901123e+02 5.5103100586e+02 5.5100897217e+02 5.5098498535e+02 5.5097100830e+02 5.5094702148e+02 5.5093200684e+02 5.5090301514e+02 5.5088201904e+02 5.5086199951e+02 5.5084698486e+02 5.5082299805e+02 5.5080499268e+02 5.5078900146e+02 5.5076800537e+02 5.5074597168e+02 5.5072900391e+02 5.5071899414e+02 5.5069097900e+02 5.5067401123e+02 5.5068597412e+02 5.5067498779e+02 5.5065899658e+02 5.5064599609e+02 5.5063299561e+02 5.5062298584e+02 5.5060400391e+02 5.5058801270e+02 5.5056097412e+02 5.5055999756e+02 5.5054998779e+02 5.5054199219e+02 5.5051501465e+02 5.5045800781e+02 5.5044702148e+02 5.5045001221e+02 5.5041400146e+02 5.5038800049e+02 5.5039001465e+02 5.5038201904e+02 5.5035998535e+02 5.5034301758e+02 5.5035101318e+02 5.5035400391e+02 5.5036602783e+02
