TESTSERVER/12/17.asc
NCOLS 100
NROWS 100
XLLCORNER 8.0997500000e+03
YLLCORNER 2.8910025000e+05
CELLSIZE 5.0000000000e-01
NODATA_VALUE -9.9990000000e+03
[rows 20 to 39 of 100, columns 0 to 45 of 100]
5.4937402344e+02 5.4934997559e+02 5.4936102295e+02 5.4932800293e+02 5.4929901123e+02 5.4930499268e+02 5.4930798340e+02 5.4930999756e+02 5.4926501465e+02 5.4925701904e+02 5.4926098633e+02 5.4925201416e+02 5.4921801758e+02 5.4918103027e+02 5.4916802979e+02 5.4916302490e+02 5.4913500977e+02 5.4912500000e+02 5.4913397217e+02 5.4912799072e+02 5.4910302734e+02 5.4909002686e+02 5.4909197998e+02 5.4910101318e+02 5.4907299805e+02 5.4906298828e+02 5.4905798340e+02 5.4904602051e+02 5.4903601074e+02 5.4902600098e+02 5.4901501465e+02 5.4900000000e+02 5.4897601318e+02 5.4899200439e+02 5.4900299072e+02 5.4898297119e+02 5.4893298340e+02 5.4889202881e+02 5.4888598633e+02 5.4888800049e+02 5.4885699463e+02 5.4884997559e+02 5.4883099365e+02 5.4881799316e+02 5.4877502441e+02 5.4877301025e+02
5.4936102295e+02 5.4933099365e+02 5.4932598877e+02 5.4930102539e+02 5.4928002930e+02 5.4926898193e+02 5.4927001953e+02 5.4928601074e+02 5.4925598145e+02 5.4922900391e+02 5.4922802734e+02 5.4923400879e+02 5.4921398926e+02 5.4919897461e+02 5.4917700195e+02 5.4916302490e+02 5.4914898682e+02 5.4914501953e+02 5.4913397217e+02 5.4910198975e+02 5.4908099365e+02 5.4908801270e+02 5.4907397461e+02 5.4907397461e+02 5.4906201172e+02 5.4905102539e+02 5.4903497314e+02 5.4901800537e+02 5.4900299072e+02 5.4899102783e+02 5.4899401855e+02 5.4899700928e+02 5.4897601318e+02 5.4897399902e+02 5.4896899414e+02 5.4895001221e+02 5.4890802002e+02 5.4888201904e+02 5.4886499023e+02 5.4885601807e+02 5.4882598877e+02 5.4882501221e+02 5.4879602051e+02 5.4878399658e+02 5.4875897217e+02 5.4875799561e+02
5.4933001709e+02 5.4931500244e+02 5.4930499268e+02 5.4928601074e+02 5.4927301025e+02 5.4925598145e+02 5.4925000000e+02 5.4925897217e+02 5.4924499512e+02 5.4921398926e+02 5.4920300293e+02 5.4921002197e+02 5.4919897461e+02 5.4918902588e+02 5.4915100098e+02 5.4912097168e+02 5.4912298584e+02 5.4913702393e+02 5.4912799072e+02 5.4909497070e+02 5.4907501221e+02 5.4908502197e+02 5.4906402588e+02 5.4904797363e+02 5.4903497314e+02 5.4904302979e+02 5.4902899170e+02 5.4900799561e+02 5.4898699951e+02 5.4896600342e+02 5.4896600342e+02 5.4897601318e+02 5.4896301270e+02 5.4894897461e+02 5.4894000244e+02 5.4890802002e+02 5.4887402344e+02 5.4884899902e+02 5.4883898926e+02 5.4883197021e+02 5.4879101563e+02 5.4879602051e+02 5.4878497314e+02 5.4876599121e+02 5.4874298096e+02 5.4873999023e+02
5.4929199219e+02 5.4928900146e+02 5.4929101563e+02 5.4927600098e+02 5.4925500488e+02 5.4922698975e+02 5.4922802734e+02 5.4924200439e+02 5.4923602295e+02 5.4921002197e+02 5.4919598389e+02 5.4919097900e+02 5.4916900635e+02 5.4915698242e+02 5.4913800049e+02 5.4911798096e+02 5.4909600830e+02 5.4910400391e+02 5.4910302734e+02 5.4907397461e+02 5.4906597900e+02 5.4906402588e+02 5.4903900146e+02 5.4902301025e+02 5.4901800537e+02 5.4902099609e+02 5.4900402832e+02 5.4898602295e+02 5.4897601318e+02 5.4896002197e+02 5.4895599365e+02 5.4896099854e+02 5.4895098877e+02 5.4893597412e+02 5.4892700195e+02 5.4888299561e+02 5.4885498047e+02 5.4883099365e+02 5.4881500244e+02 5.4880200195e+02 5.4876501465e+02 5.4877099609e+02 5.4877301025e+02 5.4874700928e+02 5.4873101807e+02 5.4872302246e+02
5.4930700684e+02 5.4928997803e+02 5.4927600098e+02 5.4925500488e+02 5.4923297119e+02 5.4921600342e+02 5.4921002197e+02 5.4921398926e+02 5.4922302246e+02 5.4918597412e+02 5.4916400146e+02 5.4916400146e+02 5.4915899658e+02 5.4914501953e+02 5.4911199951e+02 5.4910900879e+02 5.4909399414e+02 5.4908300781e+02 5.4907897949e+02 5.4906097412e+02 5.4905999756e+02 5.4904699707e+02 5.4901501465e+02 5.4900201416e+02 5.4902600098e+02 5.4900897217e+02 5.4898901367e+02 5.4897497559e+02 5.4896697998e+02 5.4894097900e+02 5.4895098877e+02 5.4895300293e+02 5.4893298340e+02 5.4891699219e+02 5.4890399170e+02 5.4886999512e+02 5.4884802246e+02 5.4881896973e+02 5.4878198242e+02 5.4876702881e+02 5.4874902344e+02 5.4874499512e+02 5.4874499512e+02 5.4872900391e+02 5.4871398926e+02 5.4870697021e+02
5.4929498291e+02 5.4927301025e+02 5.4925500488e+02 5.4923602295e+02 5.4922802734e+02 5.4922698975e+02 5.4920501709e+02 5.4919000244e+02 5.4919000244e+02 5.4917797852e+02 5.4915600586e+02 5.4915197754e+02 5.4913299561e+02 5.4911700439e+02 5.4907000732e+02 5.4906298828e+02 5.4907397461e+02 5.4906500244e+02 5.4906597900e+02 5.4904400635e+02 5.4902301025e+02 5.4901702881e+02 5.4900299072e+02 5.4898199463e+02 5.4898199463e+02 5.4897998047e+02 5.4896997070e+02 5.4896502686e+02 5.4895501709e+02 5.4892700195e+02 5.4892797852e+02 5.4891699219e+02 5.4889599609e+02 5.4889599609e+02 5.4888702393e+02 5.4885198975e+02 5.4880200195e+02 5.4878002930e+02 5.4876501465e+02 5.4875000000e+02 5.4872998047e+02 5.4872900391e+02 5.4871600342e+02 5.4870898438e+02 5.4868902588e+02 5.4869598389e+02
5.4927301025e+02 5.4925598145e+02 5.4923999023e+02 5.4921600342e+02 5.4921002197e+02 5.4921197510e+02 5.4919097900e+02 5.4917199707e+02 5.4916601563e+02 5.4916900635e+02 5.4914398193e+02 5.4913897705e+02 5.4912200928e+02 5.4911199951e+02 5.4908398438e+02 5.4907397461e+02 5.4907800293e+02 5.4905700684e+02 5.4905499268e+02 5.4903399658e+02 5.4900897217e+02 5.4899401855e+02 5.4898297119e+02 5.4896301270e+02 5.4895098877e+02 5.4896002197e+02 5.4895098877e+02 5.4894201660e+02 5.4894000244e+02 5.4891101074e+02 5.4891198730e+02 5.4891101074e+02 5.4889501953e+02 5.4887799072e+02 5.4886700439e+02 5.4884497070e+02 5.4879400635e+02 5.4875897217e+02 5.4873699951e+02 5.4872802734e+02 5.4870800781e+02 5.4871301270e+02 5.4869299316e+02 5.4868798828e+02 5.4866601563e+02 5.4867797852e+02
5.4925402832e+02 5.4925201416e+02 5.4923498535e+02 5.4921398926e+02 5.4919702148e+02 5.4918798828e+02 5.4917602539e+02 5.4915600586e+02 5.4914898682e+02 5.4915002441e+02 5.4912799072e+02 5.4912902832e+02 5.4909600830e+02 5.4907299805e+02 5.4906701660e+02 5.4906701660e+02 5.4905798340e+02 5.4903100586e+02 5.4902899170e+02 5.4901300049e+02 5.4900201416e+02 5.4897497559e+02 5.4896398926e+02 5.4895501709e+02 5.4894598389e+02 5.4894201660e+02 5.4892602539e+02 5.4891699219e+02 5.4891302490e+02 5.4889697266e+02 5.4889697266e+02 5.4889099121e+02 5.4888299561e+02 5.4885699463e+02 5.4884002686e+02 5.4883300781e+02 5.4879302979e+02 5.4875201416e+02 5.4871197510e+02 5.4870898438e+02 5.4868499756e+02 5.4868499756e+02 5.4867602539e+02 5.4866497803e+02 5.4864001465e+02 5.4864300537e+02
5.4921997070e+02 5.4922100830e+02 5.4920599365e+02 5.4919500732e+02 5.4918402100e+02 5.4916302490e+02 5.4912902832e+02 5.4910797119e+02 5.4914202881e+02 5.4913000488e+02 5.4910998535e+02 5.4909497070e+02 5.4907000732e+02 5.4905499268e+02 5.4903497314e+02 5.4903997803e+02 5.4903698730e+02 5.4902600098e+02 5.4901000977e+02 5.4896697998e+02 5.4895697021e+02 5.4894702148e+02 5.4894000244e+02 5.4894598389e+02 5.4893597412e+02 5.4893298340e+02 5.4889898682e+02 5.4888800049e+02 5.4888397217e+02 5.4887500000e+02 5.4886499023e+02 5.4884997559e+02 5.4886401367e+02 5.4884497070e+02 5.4882098389e+02 5.4880401611e+02 5.4877697754e+02 5.4873498535e+02 5.4870001221e+02 5.4868902588e+02 5.4866699219e+02 5.4866699219e+02 5.4866302490e+02 5.4864697266e+02 5.4864001465e+02 5.4862500000e+02
5.4917401123e+02 5.4918103027e+02 5.4918103027e+02 5.4915899658e+02 5.4914398193e+02 5.4913897705e+02 5.4912097168e+02 5.4909197998e+02 5.4910302734e+02 5.4909802246e+02 5.4907397461e+02 5.4905999756e+02 5.4906298828e+02 5.4902899170e+02 5.4900097656e+02 5.4901702881e+02 5.4900897217e+02 5.4899200439e+02 5.4897601318e+02 5.4894299316e+02 5.4895001221e+02 5.4894702148e+02 5.4891400146e+02 5.4891302490e+02 5.4890698242e+02 5.4889697266e+02 5.4887902832e+02 5.4887402344e+02 5.4887402344e+02 5.4886297607e+02 5.4884497070e+02 5.4883099365e+02 5.4884698486e+02 5.4883898926e+02 5.4881402588e+02 5.4879199219e+02 5.4877099609e+02 5.4873101807e+02 5.4870800781e+02 5.4868103027e+02 5.4864001465e+02 5.4865399170e+02 5.4865197754e+02 5.4863702393e+02 5.4861700439e+02 5.4859399414e+02
5.4916802979e+02 5.4917498779e+02 5.4917199707e+02 5.4913897705e+02 5.4912500000e+02 5.4912500000e+02 5.4912298584e+02 5.4908599854e+02 5.4907000732e+02 5.4908398438e+02 5.4906500244e+02 5.4904101563e+02 5.4903399658e+02 5.4899597168e+02 5.4896697998e+02 5.4898400879e+02 5.4898297119e+02 5.4896801758e+02 5.4895397949e+02 5.4892700195e+02 5.4891802979e+02 5.4892401123e+02 5.4890100098e+02 5.4889300537e+02 5.4888000488e+02 5.4887097168e+02 5.4886602783e+02 5.4886199951e+02 5.4885498047e+02 5.4883197021e+02 5.4882397461e+02 5.4882202148e+02 5.4882702637e+02 5.4881298828e+02 5.4879400635e+02 5.4877600098e+02 5.4876300049e+02 5.4873498535e+02 5.4871099854e+02 5.4867901611e+02 5.4863000488e+02 5.4862799072e+02 5.4862701416e+02 5.4861700439e+02 5.4859698486e+02 5.4858502197e+02
5.4914599609e+02 5.4912701416e+02 5.4913000488e+02 5.4911700439e+02 5.4911102295e+02 5.4910302734e+02 5.4909997559e+02 5.4906799316e+02 5.4904901123e+02 5.4905102539e+02 5.4904602051e+02 5.4901599121e+02 5.4900201416e+02 5.4898901367e+02 5.4896197510e+02 5.4896301270e+02 5.4896197510e+02 5.4895202637e+02 5.4893798828e+02 5.4890502930e+02 5.4889001465e+02 5.4889099121e+02 5.4888000488e+02 5.4886901855e+02 5.4884802246e+02 5.4885900879e+02 5.4886297607e+02 5.4884802246e+02 5.4882702637e+02 5.4880700684e+02 5.4880798340e+02 5.4880297852e+02 5.4880297852e+02 5.4879400635e+02 5.4877801514e+02 5.4876098633e+02 5.4873999023e+02 5.4872100830e+02 5.4869500732e+02 5.4865802002e+02 5.4861499023e+02 5.4860601807e+02 5.4859802246e+02 5.4859100342e+02 5.4857299805e+02 5.4856896973e+02
5.4909399414e+02 5.4908197021e+02 5.4910400391e+02 5.4911297607e+02 5.4908398438e+02 5.4907202148e+02 5.4907000732e+02 5.4905499268e+02 5.4905200195e+02 5.4902001953e+02 5.4901000977e+02 5.4898901367e+02 5.4897900391e+02 5.4895800781e+02 5.4893798828e+02 5.4893298340e+02 5.4894097900e+02 5.4892602539e+02 5.4890802002e+02 5.4888299561e+02 5.4889898682e+02 5.4886102295e+02 5.4884002686e+02 5.4884802246e+02 5.4884301758e+02 5.4883502197e+02 5.4883898926e+02 5.4882501221e+02 5.4882501221e+02 5.4881500244e+02 5.4880401611e+02 5.4878399658e+02 5.4878302002e+02 5.4879400635e+02 5.4878002930e+02 5.4875897217e+02 5.4872497559e+02 5.4871002197e+02 5.4868103027e+02 5.4864697266e+02 5.4859997559e+02 5.4859100342e+02 5.4857202148e+02 5.4856097412e+02 5.4854498291e+02 5.4854602051e+02
5.4909997559e+02 5.4908599854e+02 5.4909802246e+02 5.4909301758e+02 5.4908197021e+02 5.4906097412e+02 5.4904498291e+02 5.4903900146e+02 5.4903198242e+02 5.4901300049e+02 5.4900000000e+02 5.4896197510e+02 5.4894799805e+02 5.4892401123e+02 5.4890997314e+02 5.4889898682e+02 5.4890899658e+02 5.4889202881e+02 5.4888800049e+02 5.4886999512e+02 5.4887200928e+02 5.4884002686e+02 5.4882702637e+02 5.4883697510e+02 5.4882501221e+02 5.4882397461e+02 5.4882000732e+02 5.4880200195e+02 5.4879602051e+02 5.4878399658e+02 5.4877697754e+02 5.4876800537e+02 5.4876898193e+02 5.4877697754e+02 5.4876300049e+02 5.4872998047e+02 5.4869201660e+02 5.4867999268e+02 5.4864202881e+02 5.4861499023e+02 5.4857702637e+02 5.4856597900e+02 5.4855999756e+02 5.4854498291e+02 5.4852801514e+02 5.4852301025e+02
5.4907000732e+02 5.4905999756e+02 5.4907501221e+02 5.4907897949e+02 5.4906896973e+02 5.4903802490e+02 5.4902099609e+02 5.4901098633e+02 5.4900201416e+02 5.4899700928e+02 5.4898699951e+02 5.4894702148e+02 5.4892297363e+02 5.4890698242e+02 5.4890399170e+02 5.4889099121e+02 5.4889099121e+02 5.4887097168e+02 5.4885601807e+02 5.4884197998e+02 5.4884997559e+02 5.4882800293e+02 5.4880603027e+02 5.4880902100e+02 5.4881201172e+02 5.4881402588e+02 5.4880700684e+02 5.4878997803e+02 5.4878002930e+02 5.4876599121e+02 5.4876898193e+02 5.4875402832e+02 5.4874597168e+02 5.4875500488e+02 5.4874200439e+02 5.4871099854e+02 5.4868200684e+02 5.4865899658e+02 5.4861700439e+02 5.4859600830e+02 5.4855798340e+02 5.4855401611e+02 5.4855700684e+02 5.4853802490e+02 5.4851202393e+02 5.4850500488e+02
5.4905200195e+02 5.4904998779e+02 5.4905798340e+02 5.4906402588e+02 5.4904199219e+02 5.4900598145e+02 5.4899401855e+02 5.4898199463e+02 5.4897601318e+02 5.4896398926e+02 5.4895599365e+02 5.4893499756e+02 5.4891198730e+02 5.4888897705e+02 5.4888000488e+02 5.4887500000e+02 5.4888800049e+02 5.4887500000e+02 5.4883801270e+02 5.4882397461e+02 5.4881896973e+02 5.4880798340e+02 5.4878802490e+02 5.4878601074e+02 5.4878601074e+02 5.4878497314e+02 5.4878100586e+02 5.4876000977e+02 5.4876098633e+02 5.4876000977e+02 5.4876300049e+02 5.4874499512e+02 5.4873400879e+02 5.4872497559e+02 5.4871398926e+02 5.4869598389e+02 5.4866699219e+02 5.4865002441e+02 5.4861499023e+02 5.4859197998e+02 5.4854998779e+02 5.4854400635e+02 5.4854602051e+02 5.4852899170e+02 5.4850000000e+02 5.4848101807e+02
5.4902099609e+02 5.4901898193e+02 5.4901702881e+02 5.4900897217e+02 5.4902001953e+02 5.4899499512e+02 5.4897497559e+02 5.4896398926e+02 5.4896301270e+02 5.4894396973e+02 5.4891900635e+02 5.4889599609e+02 5.4890100098e+02 5.4888299561e+02 5.4885302734e+02 5.4884301758e+02 5.4886401367e+02 5.4885699463e+02 5.4882800293e+02 5.4881402588e+02 5.4880102539e+02 5.4879498291e+02 5.4878399658e+02 5.4876702881e+02 5.4877301025e+02 5.4876098633e+02 5.4876000977e+02 5.4874700928e+02 5.4872698975e+02 5.4873498535e+02 5.4872399902e+02 5.4871301270e+02 5.4871099854e+02 5.4870202637e+02 5.4868298340e+02 5.4867498779e+02 5.4865100098e+02 5.4862097168e+02 5.4859899902e+02 5.4857598877e+02 5.4854602051e+02 5.4853302002e+02 5.4852600098e+02 5.4851202393e+02 5.4849798584e+02 5.4846697998e+02
5.4896997070e+02 5.4897399902e+02 5.4897198486e+02 5.4896398926e+02 5.4897802734e+02 5.4896502686e+02 5.4896398926e+02 5.4895397949e+02 5.4893798828e+02 5.4892901611e+02 5.4890600586e+02 5.4887799072e+02 5.4888000488e+02 5.4885797119e+02 5.4883898926e+02 5.4884600830e+02 5.4883697510e+02 5.4882000732e+02 5.4880798340e+02 5.4878601074e+02 5.4877001953e+02 5.4876202393e+02 5.4875000000e+02 5.4875097656e+02 5.4876397705e+02 5.4873602295e+02 5.4872399902e+02 5.4873400879e+02 5.4872198486e+02 5.4871600342e+02 5.4870599365e+02 5.4870202637e+02 5.4870800781e+02 5.4868902588e+02 5.4866802979e+02 5.4865698242e+02 5.4862701416e+02 5.4860400391e+02 5.4857598877e+02 5.4855603027e+02 5.4852099609e+02 5.4851702881e+02 5.4850598145e+02 5.4849102783e+02 5.4848498535e+02 5.4846801758e+02
5.4894500732e+02 5.4894702148e+02 5.4895697021e+02 5.4895697021e+02 5.4896301270e+02 5.4894396973e+02 5.4893597412e+02 5.4892297363e+02 5.4890802002e+02 5.4890100098e+02 5.4888800049e+02 5.4885998535e+02 5.4885101318e+02 5.4883697510e+02 5.4882397461e+02 5.4883502197e+02 5.4883001709e+02 5.4880401611e+02 5.4878198242e+02 5.4875897217e+02 5.4874499512e+02 5.4873602295e+02 5.4872900391e+02 5.4874102783e+02 5.4874298096e+02 5.4872399902e+02 5.4870697021e+02 5.4871398926e+02 5.4871099854e+02 5.4869396973e+02 5.4868402100e+02 5.4868701172e+02 5.4868798828e+02 5.4866802979e+02 5.4865399170e+02 5.4864202881e+02 5.4860699463e+02 5.4858197021e+02 5.4856500244e+02 5.4854302979e+02 5.4850299072e+02 5.4849798584e+02 5.4847698975e+02 5.4846997070e+02 5.4846600342e+02 5.4846099854e+02
5.4893597412e+02 5.4892797852e+02 5.4893798828e+02 5.4893798828e+02 5.4893200684e+02 5.4891101074e+02 5.4888800049e+02 5.4888598633e+02 5.4887298584e+02 5.4885601807e+02 5.4885699463e+02 5.4884002686e+02 5.4883398438e+02 5.4881701660e+02 5.4879602051e+02 5.4879699707e+02 5.4879602051e+02 5.4876800537e+02 5.4875299072e+02 5.4874102783e+02 5.4873699951e+02 5.4873101807e+02 5.4871899414e+02 5.4872100830e+02 5.4871099854e+02 5.4871002197e+02 5.4870001221e+02 5.4869201660e+02 5.4869201660e+02 5.4868103027e+02 5.4866699219e+02 5.4866802979e+02 5.4865899658e+02 5.4864801025e+02 5.4863897705e+02 5.4861901855e+02 5.4857397461e+02 5.4855999756e+02 5.4855902100e+02 5.4853601074e+02 5.4848999023e+02 5.4847399902e+02 5.4846099854e+02 5.4845697021e+02 5.4843701172e+02 5.4843298340e+02
