TESTSERVER/12/17.asc
NCOLS 100
NROWS 100
XLLCORNER 8.0997500000e+03
YLLCORNER 2.8910025000e+05
CELLSIZE 5.0000000000e-01
NODATA_VALUE -9.9990000000e+03
[rows 40 to 59 of 100, columns 0 to 45 of 100]
5.4891998291e+02 5.4890997314e+02 5.4890802002e+02 5.4889501953e+02 5.4888299561e+02 5.4888897705e+02 5.4886297607e+02 5.4885302734e+02 5.4883801270e+02 5.4883099365e+02 5.4882598877e+02 5.4880200195e+02 5.4880603027e+02 5.4878497314e+02 5.4878601074e+02 5.4879302979e+02 5.4876702881e+02 5.4873699951e+02 5.4872900391e+02 5.4870898438e+02 5.4869799805e+02 5.4870001221e+02 5.4869000244e+02 5.4869702148e+02 5.4870800781e+02 5.4869500732e+02 5.4867999268e+02 5.4866900635e+02 5.4867602539e+02 5.4867297363e+02 5.4865399170e+02 5.4864599609e+02 5.4864398193e+02 5.4864501953e+02 5.4862597656e+02 5.4860302734e+02 5.4857397461e+02 5.4854699707e+02 5.4852899170e+02 5.4851599121e+02 5.4849499512e+02 5.4846301270e+02 5.4844799805e+02 5.4843701172e+02 5.4840997314e+02 5.4840197754e+02
5.4888299561e+02 5.4888201904e+02 5.4887597656e+02 5.4886700439e+02 5.4886700439e+02 5.4885797119e+02 5.4883801270e+02 5.4882397461e+02 5.4881597900e+02 5.4880999756e+02 5.4880297852e+02 5.4877697754e+02 5.4878900146e+02 5.4875598145e+02 5.4875897217e+02 5.4876300049e+02 5.4874902344e+02 5.4872998047e+02 5.4871997070e+02 5.4870397949e+02 5.4869396973e+02 5.4869799805e+02 5.4868200684e+02 5.4868200684e+02 5.4868200684e+02 5.4867999268e+02 5.4865899658e+02 5.4865301514e+02 5.4865399170e+02 5.4864202881e+02 5.4862799072e+02 5.4861499023e+02 5.4860198975e+02 5.4861199951e+02 5.4860797119e+02 5.4859002686e+02 5.4856402588e+02 5.4854302979e+02 5.4852099609e+02 5.4849499512e+02 5.4846697998e+02 5.4845599365e+02 5.4843701172e+02 5.4842401123e+02 5.4840502930e+02 5.4839300537e+02
5.4884997559e+02 5.4884698486e+02 5.4884301758e+02 5.4883599854e+02 5.4883300781e+02 5.4882000732e+02 5.4880902100e+02 5.4879699707e+02 5.4878802490e+02 5.4878601074e+02 5.4878002930e+02 5.4874700928e+02 5.4875299072e+02 5.4872698975e+02 5.4872399902e+02 5.4873199463e+02 5.4872900391e+02 5.4871398926e+02 5.4870800781e+02 5.4869201660e+02 5.4867700195e+02 5.4868298340e+02 5.4867401123e+02 5.4866699219e+02 5.4866101074e+02 5.4866198730e+02 5.4864599609e+02 5.4863397217e+02 5.4863598633e+02 5.4863201904e+02 5.4862097168e+02 5.4861499023e+02 5.4859997559e+02 5.4859301758e+02 5.4859399414e+02 5.4858697510e+02 5.4856298828e+02 5.4854302979e+02 5.4851202393e+02 5.4848699951e+02 5.4845098877e+02 5.4844000244e+02 5.4842401123e+02 5.4840802002e+02 5.4839202881e+02 5.4838201904e+02
5.4882202148e+02 5.4881896973e+02 5.4881097412e+02 5.4880200195e+02 5.4879998779e+02 5.4880102539e+02 5.4879602051e+02 5.4878002930e+02 5.4877301025e+02 5.4876702881e+02 5.4875299072e+02 5.4872802734e+02 5.4873199463e+02 5.4871697998e+02 5.4870098877e+02 5.4870001221e+02 5.4871099854e+02 5.4869396973e+02 5.4868402100e+02 5.4867102051e+02 5.4866302490e+02 5.4866101074e+02 5.4865600586e+02 5.4864801025e+02 5.4864697266e+02 5.4863397217e+02 5.4862701416e+02 5.4861602783e+02 5.4861602783e+02 5.4861401367e+02 5.4860400391e+02 5.4860601807e+02 5.4859497070e+02 5.4858801270e+02 5.4858697510e+02 5.4858001709e+02 5.4854998779e+02 5.4853198242e+02 5.4849700928e+02 5.4846899414e+02 5.4843701172e+02 5.4841400146e+02 5.4839898682e+02 5.4838500977e+02 5.4836700439e+02 5.4835498047e+02
5.4878497314e+02 5.4878601074e+02 5.4878198242e+02 5.4877502441e+02 5.4879199219e+02 5.4877697754e+02 5.4877801514e+02 5.4875799561e+02 5.4875402832e+02 5.4874902344e+02 5.4874798584e+02 5.4872802734e+02 5.4872497559e+02 5.4871398926e+02 5.4868798828e+02 5.4867102051e+02 5.4868798828e+02 5.4866802979e+02 5.4866802979e+02 5.4866101074e+02 5.4867602539e+02 5.4865002441e+02 5.4863500977e+02 5.4863201904e+02 5.4863201904e+02 5.4863000488e+02 5.4862799072e+02 5.4860400391e+02 5.4860198975e+02 5.4858300781e+02 5.4857501221e+02 5.4857897949e+02 5.4855798340e+02 5.4858502197e+02 5.4858300781e+02 5.4855902100e+02 5.4852001953e+02 5.4851800537e+02 5.4848797607e+02 5.4843902588e+02 5.4841400146e+02 5.4838800049e+02 5.4838098145e+02 5.4837298584e+02 5.4835601807e+02 5.4833502197e+02
5.4876300049e+02 5.4875897217e+02 5.4876000977e+02 5.4875897217e+02 5.4875097656e+02 5.4873999023e+02 5.4874102783e+02 5.4872698975e+02 5.4872802734e+02 5.4872601318e+02 5.4873199463e+02 5.4869500732e+02 5.4868798828e+02 5.4868200684e+02 5.4867199707e+02 5.4865899658e+02 5.4865197754e+02 5.4865899658e+02 5.4865100098e+02 5.4862500000e+02 5.4863000488e+02 5.4862500000e+02 5.4861499023e+02 5.4861901855e+02 5.4861102295e+02 5.4860400391e+02 5.4859899902e+02 5.4858197021e+02 5.4858300781e+02 5.4857598877e+02 5.4857501221e+02 5.4856701660e+02 5.4854797363e+02 5.4856402588e+02 5.4854602051e+02 5.4852801514e+02 5.4850000000e+02 5.4847900391e+02 5.4845697021e+02 5.4842700195e+02 5.4840301514e+02 5.4837298584e+02 5.4836102295e+02 5.4835601807e+02 5.4833801270e+02 5.4830902100e+02
5.4875097656e+02 5.4873999023e+02 5.4873901367e+02 5.4874102783e+02 5.4872497559e+02 5.4871099854e+02 5.4870599365e+02 5.4869500732e+02 5.4869702148e+02 5.4869500732e+02 5.4870800781e+02 5.4867700195e+02 5.4866998291e+02 5.4865502930e+02 5.4864898682e+02 5.4865002441e+02 5.4863000488e+02 5.4864099121e+02 5.4863000488e+02 5.4860797119e+02 5.4860400391e+02 5.4859997559e+02 5.4858898926e+02 5.4859100342e+02 5.4858197021e+02 5.4857501221e+02 5.4856701660e+02 5.4855603027e+02 5.4855401611e+02 5.4855999756e+02 5.4856201172e+02 5.4854699707e+02 5.4853002930e+02 5.4853399658e+02 5.4852001953e+02 5.4850299072e+02 5.4848498535e+02 5.4846197510e+02 5.4843701172e+02 5.4841101074e+02 5.4836798096e+02 5.4834698486e+02 5.4833502197e+02 5.4832299805e+02 5.4830798340e+02 5.4828002930e+02
5.4872802734e+02 5.4872302246e+02 5.4871301270e+02 5.4870098877e+02 5.4869396973e+02 5.4869299316e+02 5.4867901611e+02 5.4866400146e+02 5.4867102051e+02 5.4866699219e+02 5.4867297363e+02 5.4865502930e+02 5.4865197754e+02 5.4863299561e+02 5.4862298584e+02 5.4863397217e+02 5.4861798096e+02 5.4862500000e+02 5.4860900879e+02 5.4859100342e+02 5.4858197021e+02 5.4858001709e+02 5.4856097412e+02 5.4856097412e+02 5.4856896973e+02 5.4855102539e+02 5.4853601074e+02 5.4853302002e+02 5.4853698730e+02 5.4853698730e+02 5.4853399658e+02 5.4852600098e+02 5.4850897217e+02 5.4850097656e+02 5.4849200439e+02 5.4847802734e+02 5.4845501709e+02 5.4843298340e+02 5.4840100098e+02 5.4837500000e+02 5.4832800293e+02 5.4831201172e+02 5.4830200195e+02 5.4828802490e+02 5.4828002930e+02 5.4825701904e+02
5.4869201660e+02 5.4869299316e+02 5.4867999268e+02 5.4865899658e+02 5.4866302490e+02 5.4866699219e+02 5.4865100098e+02 5.4864898682e+02 5.4864001465e+02 5.4864398193e+02 5.4863800049e+02 5.4861602783e+02 5.4862500000e+02 5.4862500000e+02 5.4860302734e+02 5.4860400391e+02 5.4859399414e+02 5.4860498047e+02 5.4859197998e+02 5.4857098389e+02 5.4855999756e+02 5.4854901123e+02 5.4852502441e+02 5.4852697754e+02 5.4853399658e+02 5.4852697754e+02 5.4850799561e+02 5.4850299072e+02 5.4850097656e+02 5.4850799561e+02 5.4849200439e+02 5.4849798584e+02 5.4847601318e+02 5.4846801758e+02 5.4846502686e+02 5.4845300293e+02 5.4841900635e+02 5.4841400146e+02 5.4837701416e+02 5.4834497070e+02 5.4832000732e+02 5.4830902100e+02 5.4828997803e+02 5.4826800537e+02 5.4825097656e+02 5.4822900391e+02
5.4865502930e+02 5.4865197754e+02 5.4864898682e+02 5.4863598633e+02 5.4862298584e+02 5.4863598633e+02 5.4863000488e+02 5.4862597656e+02 5.4862902832e+02 5.4862799072e+02 5.4862799072e+02 5.4859600830e+02 5.4860101318e+02 5.4860900879e+02 5.4857702637e+02 5.4856799316e+02 5.4858502197e+02 5.4858801270e+02 5.4856201172e+02 5.4853601074e+02 5.4852197266e+02 5.4852697754e+02 5.4850500488e+02 5.4850000000e+02 5.4850201416e+02 5.4850500488e+02 5.4849499512e+02 5.4849902344e+02 5.4850000000e+02 5.4848901367e+02 5.4847198486e+02 5.4848602295e+02 5.4846398926e+02 5.4845300293e+02 5.4844097900e+02 5.4842498779e+02 5.4838299561e+02 5.4838500977e+02 5.4835302734e+02 5.4830700684e+02 5.4829101563e+02 5.4829199219e+02 5.4825799561e+02 5.4823498535e+02 5.4822399902e+02 5.4820202637e+02
5.4863800049e+02 5.4862902832e+02 5.4863098145e+02 5.4863098145e+02 5.4861199951e+02 5.4860900879e+02 5.4859497070e+02 5.4859100342e+02 5.4860302734e+02 5.4858697510e+02 5.4859100342e+02 5.4855798340e+02 5.4855297852e+02 5.4855603027e+02 5.4853497314e+02 5.4853198242e+02 5.4855102539e+02 5.4854699707e+02 5.4851800537e+02 5.4848999023e+02 5.4847998047e+02 5.4850097656e+02 5.4848999023e+02 5.4849200439e+02 5.4848400879e+02 5.4848498535e+02 5.4847998047e+02 5.4847900391e+02 5.4848400879e+02 5.4846600342e+02 5.4844799805e+02 5.4845300293e+02 5.4843701172e+02 5.4842401123e+02 5.4840600586e+02 5.4838702393e+02 5.4834698486e+02 5.4834399414e+02 5.4832397461e+02 5.4828802490e+02 5.4826599121e+02 5.4825097656e+02 5.4823101807e+02 5.4821197510e+02 5.4818798828e+02 5.4817401123e+02
5.4861102295e+02 5.4860101318e+02 5.4859497070e+02 5.4859600830e+02 5.4858801270e+02 5.4857397461e+02 5.4855401611e+02 5.4855499268e+02 5.4856896973e+02 5.4854699707e+02 5.4854901123e+02 5.4852001953e+02 5.4852697754e+02 5.4852001953e+02 5.4850701904e+02 5.4850201416e+02 5.4851501465e+02 5.4851501465e+02 5.4848498535e+02 5.4846398926e+02 5.4846600342e+02 5.4847698975e+02 5.4846600342e+02 5.4846099854e+02 5.4844500732e+02 5.4846697998e+02 5.4846197510e+02 5.4844500732e+02 5.4845202637e+02 5.4843499756e+02 5.4842700195e+02 5.4842401123e+02 5.4840399170e+02 5.4839398193e+02 5.4837902832e+02 5.4835498047e+02 5.4832000732e+02 5.4831298828e+02 5.4829498291e+02 5.4826599121e+02 5.4824798584e+02 5.4821899414e+02 5.4821301270e+02 5.4820300293e+02 5.4816198730e+02 5.4815301514e+02
5.4858599854e+02 5.4858197021e+02 5.4856896973e+02 5.4855603027e+02 5.4854998779e+02 5.4855200195e+02 5.4854699707e+02 5.4852801514e+02 5.4852197266e+02 5.4852301025e+02 5.4851702881e+02 5.4850201416e+02 5.4851501465e+02 5.4848199463e+02 5.4846801758e+02 5.4848101807e+02 5.4849298096e+02 5.4847900391e+02 5.4846600342e+02 5.4845599365e+02 5.4846502686e+02 5.4843701172e+02 5.4842401123e+02 5.4842602539e+02 5.4842297363e+02 5.4843298340e+02 5.4841998291e+02 5.4841101074e+02 5.4842901611e+02 5.4842901611e+02 5.4841900635e+02 5.4840899658e+02 5.4837097168e+02 5.4836199951e+02 5.4834002686e+02 5.4830999756e+02 5.4828302002e+02 5.4830102539e+02 5.4827801514e+02 5.4824200439e+02 5.4820898438e+02 5.4817901611e+02 5.4817602539e+02 5.4817102051e+02 5.4813598633e+02 5.4813000488e+02
5.4858001709e+02 5.4856298828e+02 5.4854602051e+02 5.4852197266e+02 5.4852197266e+02 5.4853002930e+02 5.4852001953e+02 5.4849499512e+02 5.4850500488e+02 5.4849499512e+02 5.4848199463e+02 5.4848498535e+02 5.4849200439e+02 5.4846301270e+02 5.4845202637e+02 5.4846099854e+02 5.4846099854e+02 5.4845501709e+02 5.4844201660e+02 5.4842297363e+02 5.4842297363e+02 5.4842901611e+02 5.4840802002e+02 5.4839697266e+02 5.4840600586e+02 5.4840301514e+02 5.4839398193e+02 5.4839202881e+02 5.4839300537e+02 5.4839099121e+02 5.4838397217e+02 5.4837902832e+02 5.4834002686e+02 5.4833398438e+02 5.4832202148e+02 5.4829998779e+02 5.4825201416e+02 5.4826300049e+02 5.4823101807e+02 5.4819702148e+02 5.4817901611e+02 5.4815301514e+02 5.4813500977e+02 5.4811999512e+02 5.4809997559e+02 5.4809802246e+02
5.4853802490e+02 5.4851702881e+02 5.4851000977e+02 5.4850201416e+02 5.4849499512e+02 5.4849401855e+02 5.4848400879e+02 5.4847100830e+02 5.4847802734e+02 5.4846697998e+02 5.4845800781e+02 5.4846600342e+02 5.4846398926e+02 5.4845001221e+02 5.4843499756e+02 5.4843200684e+02 5.4843298340e+02 5.4843298340e+02 5.4842102051e+02 5.4840600586e+02 5.4840002441e+02 5.4841601563e+02 5.4838702393e+02 5.4836401367e+02 5.4836999512e+02 5.4837799072e+02 5.4836700439e+02 5.4836401367e+02 5.4836401367e+02 5.4835699463e+02 5.4835101318e+02 5.4835101318e+02 5.4832397461e+02 5.4830902100e+02 5.4829498291e+02 5.4827801514e+02 5.4823101807e+02 5.4823797607e+02 5.4820397949e+02 5.4816198730e+02 5.4814501953e+02 5.4812200928e+02 5.4810198975e+02 5.4807897949e+02 5.4805999756e+02 5.4805102539e+02
5.4850201416e+02 5.4848297119e+02 5.4848699951e+02 5.4847998047e+02 5.4846801758e+02 5.4845001221e+02 5.4844000244e+02 5.4844702148e+02 5.4845202637e+02 5.4844201660e+02 5.4843103027e+02 5.4842700195e+02 5.4841497803e+02 5.4841998291e+02 5.4841302490e+02 5.4840997314e+02 5.4841699219e+02 5.4841601563e+02 5.4839599609e+02 5.4837097168e+02 5.4834698486e+02 5.4837200928e+02 5.4835198975e+02 5.4832800293e+02 5.4833197021e+02 5.4833502197e+02 5.4832202148e+02 5.4832000732e+02 5.4833599854e+02 5.4832202148e+02 5.4832000732e+02 5.4832202148e+02 5.4830700684e+02 5.4828302002e+02 5.4826000977e+02 5.4825097656e+02 5.4821997070e+02 5.4821197510e+02 5.4817999268e+02 5.4813397217e+02 5.4811102295e+02 5.4808801270e+02 5.4806500244e+02 5.4803698730e+02 5.4801702881e+02 5.4800701904e+02
5.4848498535e+02 5.4847998047e+02 5.4846899414e+02 5.4843902588e+02 5.4843701172e+02 5.4841400146e+02 5.4841302490e+02 5.4841900635e+02 5.4842700195e+02 5.4840197754e+02 5.4839898682e+02 5.4840197754e+02 5.4840197754e+02 5.4838702393e+02 5.4837701416e+02 5.4838299561e+02 5.4838800049e+02 5.4838598633e+02 5.4836199951e+02 5.4834100342e+02 5.4832299805e+02 5.4834100342e+02 5.4832397461e+02 5.4829998779e+02 5.4830999756e+02 5.4829302979e+02 5.4826898193e+02 5.4827301025e+02 5.4829901123e+02 5.4829602051e+02 5.4828601074e+02 5.4827600098e+02 5.4826397705e+02 5.4826000977e+02 5.4822601318e+02 5.4820397949e+02 5.4819396973e+02 5.4816900635e+02 5.4814001465e+02 5.4809600830e+02 5.4806097412e+02 5.4804302979e+02 5.4801397705e+02 5.4799597168e+02 5.4798699951e+02 5.4797399902e+02
5.4844500732e+02 5.4844799805e+02 5.4844396973e+02 5.4842102051e+02 5.4841198730e+02 5.4840502930e+02 5.4840698242e+02 5.4840100098e+02 5.4841198730e+02 5.4838098145e+02 5.4837298584e+02 5.4836901855e+02 5.4838000488e+02 5.4835699463e+02 5.4835198975e+02 5.4835900879e+02 5.4833300781e+02 5.4835101318e+02 5.4835400391e+02 5.4834002686e+02 5.4832598877e+02 5.4832000732e+02 5.4829302979e+02 5.4827697754e+02 5.4827600098e+02 5.4827697754e+02 5.4827398682e+02 5.4827197266e+02 5.4828002930e+02 5.4826898193e+02 5.4826202393e+02 5.4826300049e+02 5.4824401855e+02 5.4822900391e+02 5.4820202637e+02 5.4817297363e+02 5.4813397217e+02 5.4812200928e+02 5.4808300781e+02 5.4803802490e+02 5.4800897217e+02 5.4799902344e+02 5.4798199463e+02 5.4796697998e+02 5.4794799805e+02 5.4793701172e+02
5.4840600586e+02 5.4840899658e+02 5.4840899658e+02 5.4839202881e+02 5.4837097168e+02 5.4837097168e+02 5.4838098145e+02 5.4838098145e+02 5.4839001465e+02 5.4835699463e+02 5.4834899902e+02 5.4835400391e+02 5.4836798096e+02 5.4834802246e+02 5.4834002686e+02 5.4834802246e+02 5.4831896973e+02 5.4832000732e+02 5.4831799316e+02 5.4830401611e+02 5.4829901123e+02 5.4827899170e+02 5.4825701904e+02 5.4825701904e+02 5.4825299072e+02 5.4825201416e+02 5.4825097656e+02 5.4824597168e+02 5.4824798584e+02 5.4823199463e+02 5.4821002197e+02 5.4821398926e+02 5.4820599365e+02 5.4818798828e+02 5.4816802979e+02 5.4815197754e+02 5.4811401367e+02 5.4809301758e+02 5.4804498291e+02 5.4800299072e+02 5.4798400879e+02 5.4796002197e+02 5.4794799805e+02 5.4792901611e+02 5.4790502930e+02 5.4790100098e+02
5.4835797119e+02 5.4836798096e+02 5.4837500000e+02 5.4836297607e+02 5.4833398438e+02 5.4833300781e+02 5.4835101318e+02 5.4835498047e+02 5.4835302734e+02 5.4833300781e+02 5.4833398438e+02 5.4834197998e+02 5.4833300781e+02 5.4832397461e+02 5.4831500244e+02 5.4831402588e+02 5.4829302979e+02 5.4829400635e+02 5.4828698730e+02 5.4827099609e+02 5.4827600098e+02 5.4825201416e+02 5.4823101807e+02 5.4823297119e+02 5.4823101807e+02 5.4822900391e+02 5.4822698975e+02 5.4821697998e+02 5.4821899414e+02 5.4821398926e+02 5.4818701172e+02 5.4818402100e+02 5.4817297363e+02 5.4815197754e+02 5.4812701416e+02 5.4811700439e+02 5.4808697510e+02 5.4805902100e+02 5.4801300049e+02 5.4796600342e+02 5.4795800781e+02 5.4792602539e+02 5.4790600586e+02 5.4788598633e+02 5.4786297607e+02 5.4785797119e+02
