TESTSERVER/12/19.asc
NCOLS 100
NROWS 100
XLLCORNER 8.0997500000e+03
YLLCORNER 2.8900025000e+05
CELLSIZE 5.0000000000e-01
NODATA_VALUE -9.9990000000e+03
[rows 60 to 79 of 100, columns 46 to 91 of 100]
5.4233300781e+02 5.4231597900e+02 5.4232501221e+02 5.4229998779e+02 5.4227398682e+02 5.4223901367e+02 5.4219396973e+02 5.4217401123e+02 5.4214898682e+02 5.4209997559e+02 5.4206500244e+02 5.4205200195e+02 5.4204901123e+02 5.4203900146e+02 5.4202600098e+02 5.4200598145e+02 5.4197302246e+02 5.4195501709e+02 5.4194897461e+02 5.4194000244e+02 5.4192999268e+02 5.4191699219e+02 5.4188201904e+02 5.4186700439e+02 5.4188397217e+02 5.4189697266e+02 5.4190399170e+02 5.4191699219e+02 5.4191802979e+02 5.4190600586e+02 5.4190100098e+02 5.4188201904e+02 5.4186199951e+02 5.4184698486e+02 5.4182598877e+02 5.4179602051e+02 5.4179602051e+02 5.4179699707e+02 5.4179199219e+02 5.4177301025e+02 5.4176898193e+02 5.4174700928e+02 5.4172497559e+02 5.4171099854e+02 5.4171801758e+02 5.4173602295e+02
5.4227801514e+02 5.4225897217e+02 5.4224902344e+02 5.4222601318e+02 5.4221197510e+02 5.4218902588e+02 5.4215002441e+02 5.4212500000e+02 5.4210601807e+02 5.4207202148e+02 5.4205102539e+02 5.4204400635e+02 5.4203399658e+02 5.4202197266e+02 5.4201800537e+02 5.4200500488e+02 5.4198199463e+02 5.4196697998e+02 5.4195898438e+02 5.4194799805e+02 5.4194201660e+02 5.4192901611e+02 5.4188897705e+02 5.4186401367e+02 5.4186199951e+02 5.4187097168e+02 5.4188000488e+02 5.4188000488e+02 5.4188598633e+02 5.4188397217e+02 5.4187200928e+02 5.4184600830e+02 5.4182800293e+02 5.4180499268e+02 5.4178002930e+02 5.4176202393e+02 5.4176702881e+02 5.4175799561e+02 5.4175097656e+02 5.4173498535e+02 5.4172601318e+02 5.4171697998e+02 5.4170098877e+02 5.4168597412e+02 5.4168701172e+02 5.4170397949e+02
5.4222100830e+02 5.4220397949e+02 5.4219000244e+02 5.4216699219e+02 5.4215698242e+02 5.4214501953e+02 5.4211401367e+02 5.4209399414e+02 5.4208099365e+02 5.4206799316e+02 5.4205999756e+02 5.4205200195e+02 5.4203497314e+02 5.4201702881e+02 5.4201202393e+02 5.4200500488e+02 5.4198999023e+02 5.4197802734e+02 5.4196801758e+02 5.4195501709e+02 5.4194897461e+02 5.4193597412e+02 5.4188702393e+02 5.4186102295e+02 5.4185198975e+02 5.4184600830e+02 5.4184399414e+02 5.4183197021e+02 5.4183697510e+02 5.4184399414e+02 5.4183898926e+02 5.4181701660e+02 5.4179699707e+02 5.4177001953e+02 5.4174597168e+02 5.4173297119e+02 5.4173498535e+02 5.4172601318e+02 5.4171600342e+02 5.4169799805e+02 5.4168597412e+02 5.4168298340e+02 5.4167999268e+02 5.4167797852e+02 5.4167700195e+02 5.4168103027e+02
5.4219000244e+02 5.4216699219e+02 5.4214898682e+02 5.4212200928e+02 5.4210699463e+02 5.4209802246e+02 5.4207702637e+02 5.4207800293e+02 5.4206799316e+02 5.4205902100e+02 5.4206298828e+02 5.4206097412e+02 5.4204302979e+02 5.4202001953e+02 5.4200799561e+02 5.4200000000e+02 5.4198901367e+02 5.4197900391e+02 5.4196600342e+02 5.4195001221e+02 5.4194500732e+02 5.4192797852e+02 5.4187597656e+02 5.4186199951e+02 5.4186199951e+02 5.4184301758e+02 5.4181896973e+02 5.4179998779e+02 5.4179901123e+02 5.4180401611e+02 5.4179797363e+02 5.4177398682e+02 5.4175799561e+02 5.4174200439e+02 5.4171997070e+02 5.4170001221e+02 5.4168902588e+02 5.4168200684e+02 5.4167700195e+02 5.4166497803e+02 5.4165997314e+02 5.4165100098e+02 5.4165698242e+02 5.4166998291e+02 5.4166198730e+02 5.4164202881e+02
5.4215899658e+02 5.4214300537e+02 5.4212298584e+02 5.4209301758e+02 5.4206402588e+02 5.4205401611e+02 5.4204302979e+02 5.4205200195e+02 5.4202801514e+02 5.4202001953e+02 5.4203497314e+02 5.4205200195e+02 5.4204101563e+02 5.4202197266e+02 5.4200299072e+02 5.4198602295e+02 5.4196801758e+02 5.4195697021e+02 5.4194201660e+02 5.4193103027e+02 5.4192102051e+02 5.4190997314e+02 5.4188299561e+02 5.4187902832e+02 5.4186700439e+02 5.4182897949e+02 5.4179101563e+02 5.4177600098e+02 5.4176397705e+02 5.4175799561e+02 5.4174700928e+02 5.4172698975e+02 5.4172198486e+02 5.4171002197e+02 5.4169000244e+02 5.4166699219e+02 5.4164801025e+02 5.4164001465e+02 5.4164398193e+02 5.4164202881e+02 5.4164001465e+02 5.4162597656e+02 5.4161901855e+02 5.4160900879e+02 5.4159600830e+02 5.4159802246e+02
5.4213000488e+02 5.4210797119e+02 5.4208502197e+02 5.4205401611e+02 5.4203002930e+02 5.4202099609e+02 5.4201501465e+02 5.4202899170e+02 5.4201702881e+02 5.4201501465e+02 5.4202697754e+02 5.4203802490e+02 5.4202801514e+02 5.4201098633e+02 5.4198999023e+02 5.4196899414e+02 5.4194897461e+02 5.4193298340e+02 5.4192102051e+02 5.4190997314e+02 5.4190100098e+02 5.4189099121e+02 5.4188000488e+02 5.4187402344e+02 5.4185101318e+02 5.4180603027e+02 5.4176702881e+02 5.4174298096e+02 5.4172802734e+02 5.4171899414e+02 5.4170599365e+02 5.4168798828e+02 5.4167102051e+02 5.4165802002e+02 5.4164501953e+02 5.4162298584e+02 5.4160302734e+02 5.4158898926e+02 5.4158898926e+02 5.4159399414e+02 5.4159600830e+02 5.4158599854e+02 5.4157598877e+02 5.4155902100e+02 5.4155401611e+02 5.4155700684e+02
5.4210302734e+02 5.4208001709e+02 5.4205297852e+02 5.4202301025e+02 5.4201098633e+02 5.4200500488e+02 5.4200799561e+02 5.4202600098e+02 5.4202099609e+02 5.4201898193e+02 5.4202301025e+02 5.4202697754e+02 5.4201501465e+02 5.4199700928e+02 5.4197601318e+02 5.4195501709e+02 5.4193499756e+02 5.4191699219e+02 5.4190301514e+02 5.4189099121e+02 5.4188000488e+02 5.4187097168e+02 5.4186401367e+02 5.4185601807e+02 5.4182897949e+02 5.4178601074e+02 5.4174902344e+02 5.4171997070e+02 5.4169396973e+02 5.4167700195e+02 5.4167199707e+02 5.4165997314e+02 5.4163702393e+02 5.4160998535e+02 5.4159497070e+02 5.4158001709e+02 5.4156201172e+02 5.4154901123e+02 5.4155297852e+02 5.4155999756e+02 5.4156402588e+02 5.4155499268e+02 5.4154901123e+02 5.4153497314e+02 5.4152099609e+02 5.4151800537e+02
5.4207702637e+02 5.4205499268e+02 5.4202899170e+02 5.4199902344e+02 5.4199902344e+02 5.4200000000e+02 5.4200799561e+02 5.4202899170e+02 5.4203302002e+02 5.4202697754e+02 5.4202197266e+02 5.4201702881e+02 5.4200201416e+02 5.4198400879e+02 5.4196398926e+02 5.4194396973e+02 5.4192297363e+02 5.4190399170e+02 5.4188702393e+02 5.4187200928e+02 5.4185797119e+02 5.4184698486e+02 5.4184002686e+02 5.4182897949e+02 5.4180102539e+02 5.4176599121e+02 5.4173400879e+02 5.4170300293e+02 5.4167199707e+02 5.4165197754e+02 5.4164398193e+02 5.4163299561e+02 5.4160699463e+02 5.4157501221e+02 5.4154901123e+02 5.4153399658e+02 5.4152502441e+02 5.4152398682e+02 5.4153002930e+02 5.4152801514e+02 5.4152301025e+02 5.4152398682e+02 5.4151599121e+02 5.4149298096e+02 5.4146899414e+02 5.4147198486e+02
5.4205499268e+02 5.4203601074e+02 5.4201000977e+02 5.4199700928e+02 5.4200097656e+02 5.4199298096e+02 5.4199298096e+02 5.4202099609e+02 5.4203802490e+02 5.4203399658e+02 5.4202197266e+02 5.4200897217e+02 5.4199298096e+02 5.4197497559e+02 5.4195697021e+02 5.4193701172e+02 5.4191601563e+02 5.4189697266e+02 5.4187799072e+02 5.4185699463e+02 5.4183801270e+02 5.4182501221e+02 5.4180902100e+02 5.4179302979e+02 5.4176702881e+02 5.4174102783e+02 5.4171398926e+02 5.4168499756e+02 5.4165600586e+02 5.4163702393e+02 5.4161499023e+02 5.4159002686e+02 5.4155999756e+02 5.4154400635e+02 5.4151000977e+02 5.4148199463e+02 5.4147601318e+02 5.4148602295e+02 5.4149200439e+02 5.4147900391e+02 5.4146899414e+02 5.4147601318e+02 5.4145898438e+02 5.4143200684e+02 5.4141998291e+02 5.4142700195e+02
5.4204199219e+02 5.4202899170e+02 5.4200598145e+02 5.4199798584e+02 5.4198498535e+02 5.4196801758e+02 5.4198297119e+02 5.4201098633e+02 5.4203100586e+02 5.4203601074e+02 5.4202301025e+02 5.4200598145e+02 5.4198999023e+02 5.4197399902e+02 5.4195697021e+02 5.4193597412e+02 5.4191601563e+02 5.4189801025e+02 5.4187701416e+02 5.4185400391e+02 5.4183099365e+02 5.4181201172e+02 5.4178802490e+02 5.4176599121e+02 5.4174200439e+02 5.4171600342e+02 5.4169000244e+02 5.4166302490e+02 5.4163598633e+02 5.4161199951e+02 5.4158398438e+02 5.4155297852e+02 5.4152502441e+02 5.4151599121e+02 5.4148400879e+02 5.4145397949e+02 5.4143298340e+02 5.4143597412e+02 5.4144396973e+02 5.4143701172e+02 5.4142901611e+02 5.4141601563e+02 5.4140399170e+02 5.4139300537e+02 5.4138598633e+02 5.4138800049e+02
5.4203698730e+02 5.4202001953e+02 5.4200000000e+02 5.4199401855e+02 5.4198901367e+02 5.4198101807e+02 5.4199200439e+02 5.4201501465e+02 5.4203698730e+02 5.4204400635e+02 5.4203100586e+02 5.4201397705e+02 5.4199700928e+02 5.4197900391e+02 5.4195898438e+02 5.4193798828e+02 5.4191699219e+02 5.4189801025e+02 5.4187597656e+02 5.4185101318e+02 5.4182397461e+02 5.4179797363e+02 5.4177001953e+02 5.4174401855e+02 5.4171899414e+02 5.4169396973e+02 5.4166699219e+02 5.4164099121e+02 5.4161401367e+02 5.4158502197e+02 5.4154901123e+02 5.4151202393e+02 5.4148498535e+02 5.4147802734e+02 5.4145898438e+02 5.4143298340e+02 5.4139898682e+02 5.4139599609e+02 5.4140698242e+02 5.4140002441e+02 5.4138897705e+02 5.4137298584e+02 5.4136499023e+02 5.4135998535e+02 5.4135998535e+02 5.4135900879e+02
5.4203302002e+02 5.4201501465e+02 5.4200000000e+02 5.4199902344e+02 5.4200402832e+02 5.4200598145e+02 5.4200598145e+02 5.4202600098e+02 5.4205499268e+02 5.4206298828e+02 5.4205102539e+02 5.4203198242e+02 5.4201000977e+02 5.4198797607e+02 5.4196502686e+02 5.4194201660e+02 5.4191900635e+02 5.4189898682e+02 5.4187597656e+02 5.4184802246e+02 5.4181597900e+02 5.4178399658e+02 5.4175201416e+02 5.4172302246e+02 5.4169598389e+02 5.4166998291e+02 5.4164501953e+02 5.4161999512e+02 5.4159399414e+02 5.4156201172e+02 5.4152001953e+02 5.4147998047e+02 5.4145098877e+02 5.4143103027e+02 5.4141400146e+02 5.4139099121e+02 5.4136102295e+02 5.4135998535e+02 5.4136999512e+02 5.4135797119e+02 5.4134301758e+02 5.4134802246e+02 5.4134100342e+02 5.4133099365e+02 5.4133599854e+02 5.4132800293e+02
5.4203198242e+02 5.4202001953e+02 5.4200299072e+02 5.4199700928e+02 5.4200897217e+02 5.4202502441e+02 5.4202600098e+02 5.4203497314e+02 5.4206896973e+02 5.4208801270e+02 5.4207598877e+02 5.4205999756e+02 5.4203601074e+02 5.4200701904e+02 5.4197998047e+02 5.4195001221e+02 5.4192999268e+02 5.4190399170e+02 5.4187597656e+02 5.4184100342e+02 5.4179998779e+02 5.4176599121e+02 5.4172998047e+02 5.4169897461e+02 5.4167102051e+02 5.4164501953e+02 5.4162200928e+02 5.4159802246e+02 5.4158001709e+02 5.4154797363e+02 5.4150097656e+02 5.4145001221e+02 5.4141302490e+02 5.4139099121e+02 5.4136499023e+02 5.4134002686e+02 5.4131701660e+02 5.4131896973e+02 5.4132501221e+02 5.4132000732e+02 5.4131500244e+02 5.4130999756e+02 5.4131298828e+02 5.4130999756e+02 5.4130902100e+02 5.4129400635e+02
5.4202398682e+02 5.4202301025e+02 5.4201000977e+02 5.4201098633e+02 5.4201702881e+02 5.4204302979e+02 5.4205798340e+02 5.4205798340e+02 5.4208502197e+02 5.4211297607e+02 5.4210900879e+02 5.4209802246e+02 5.4207299805e+02 5.4203399658e+02 5.4199102783e+02 5.4195397949e+02 5.4192498779e+02 5.4189697266e+02 5.4186297607e+02 5.4182299805e+02 5.4178002930e+02 5.4173797607e+02 5.4170001221e+02 5.4166601563e+02 5.4163897705e+02 5.4161499023e+02 5.4159197998e+02 5.4156896973e+02 5.4155401611e+02 5.4152801514e+02 5.4147497559e+02 5.4141802979e+02 5.4137799072e+02 5.4135198975e+02 5.4132800293e+02 5.4130603027e+02 5.4129302979e+02 5.4129498291e+02 5.4130297852e+02 5.4130297852e+02 5.4129602051e+02 5.4128198242e+02 5.4127899170e+02 5.4128002930e+02 5.4127899170e+02 5.4127697754e+02
5.4202197266e+02 5.4202398682e+02 5.4201702881e+02 5.4202697754e+02 5.4203802490e+02 5.4205700684e+02 5.4207202148e+02 5.4209100342e+02 5.4212200928e+02 5.4215197754e+02 5.4215301514e+02 5.4214202881e+02 5.4210797119e+02 5.4205499268e+02 5.4199700928e+02 5.4195001221e+02 5.4191400146e+02 5.4188299561e+02 5.4184802246e+02 5.4180700684e+02 5.4176000977e+02 5.4171301270e+02 5.4167102051e+02 5.4163500977e+02 5.4160601807e+02 5.4158300781e+02 5.4155902100e+02 5.4153497314e+02 5.4151702881e+02 5.4148602295e+02 5.4143200684e+02 5.4137701416e+02 5.4133599854e+02 5.4131500244e+02 5.4129998779e+02 5.4128497314e+02 5.4128100586e+02 5.4128100586e+02 5.4128100586e+02 5.4127099609e+02 5.4126098633e+02 5.4125799561e+02 5.4125799561e+02 5.4125897217e+02 5.4126501465e+02 5.4127801514e+02
5.4202398682e+02 5.4202801514e+02 5.4202197266e+02 5.4203302002e+02 5.4207598877e+02 5.4209399414e+02 5.4209600830e+02 5.4214202881e+02 5.4217700195e+02 5.4220098877e+02 5.4220501709e+02 5.4219097900e+02 5.4214300537e+02 5.4207202148e+02 5.4199902344e+02 5.4194201660e+02 5.4189898682e+02 5.4186798096e+02 5.4183398438e+02 5.4179400635e+02 5.4174597168e+02 5.4169500732e+02 5.4164801025e+02 5.4160699463e+02 5.4157598877e+02 5.4154998779e+02 5.4152398682e+02 5.4149798584e+02 5.4147198486e+02 5.4143402100e+02 5.4138299561e+02 5.4133398438e+02 5.4129699707e+02 5.4127899170e+02 5.4127600098e+02 5.4127197266e+02 5.4126702881e+02 5.4126397705e+02 5.4126000977e+02 5.4125000000e+02 5.4124499512e+02 5.4124401855e+02 5.4124700928e+02 5.4125299072e+02 5.4126202393e+02 5.4126599121e+02
5.4202899170e+02 5.4204302979e+02 5.4203601074e+02 5.4205102539e+02 5.4210797119e+02 5.4211999512e+02 5.4212799072e+02 5.4217297363e+02 5.4220397949e+02 5.4223498535e+02 5.4226098633e+02 5.4223999023e+02 5.4216900635e+02 5.4207897949e+02 5.4198999023e+02 5.4192602539e+02 5.4188000488e+02 5.4185101318e+02 5.4182397461e+02 5.4178601074e+02 5.4173602295e+02 5.4168701172e+02 5.4163397217e+02 5.4158697510e+02 5.4154199219e+02 5.4151397705e+02 5.4148199463e+02 5.4145697021e+02 5.4142901611e+02 5.4138201904e+02 5.4134100342e+02 5.4130200195e+02 5.4126599121e+02 5.4124597168e+02 5.4125701904e+02 5.4126702881e+02 5.4125000000e+02 5.4124902344e+02 5.4124200439e+02 5.4123699951e+02 5.4123699951e+02 5.4122198486e+02 5.4122302246e+02 5.4123498535e+02 5.4124499512e+02 5.4123101807e+02
5.4201800537e+02 5.4203802490e+02 5.4204699707e+02 5.4206201172e+02 5.4210302734e+02 5.4212597656e+02 5.4214501953e+02 5.4217297363e+02 5.4218200684e+02 5.4219598389e+02 5.4223498535e+02 5.4223101807e+02 5.4215899658e+02 5.4206201172e+02 5.4197900391e+02 5.4191497803e+02 5.4187500000e+02 5.4185498047e+02 5.4183599854e+02 5.4180297852e+02 5.4175598145e+02 5.4170202637e+02 5.4164398193e+02 5.4158599854e+02 5.4152600098e+02 5.4147802734e+02 5.4144097900e+02 5.4140997314e+02 5.4137902832e+02 5.4134100342e+02 5.4131500244e+02 5.4128399658e+02 5.4125598145e+02 5.4123699951e+02 5.4124102783e+02 5.4125000000e+02 5.4123797607e+02 5.4123699951e+02 5.4122998047e+02 5.4122497559e+02 5.4122497559e+02 5.4121197510e+02 5.4120300293e+02 5.4119500732e+02 5.4120001221e+02 5.4119702148e+02
5.4199597168e+02 5.4202899170e+02 5.4205999756e+02 5.4207397461e+02 5.4209698486e+02 5.4213201904e+02 5.4216497803e+02 5.4219702148e+02 5.4219598389e+02 5.4218597412e+02 5.4220300293e+02 5.4220098877e+02 5.4213897705e+02 5.4204998779e+02 5.4197100830e+02 5.4190802002e+02 5.4187402344e+02 5.4185797119e+02 5.4184399414e+02 5.4181500244e+02 5.4176898193e+02 5.4171301270e+02 5.4165100098e+02 5.4158599854e+02 5.4151702881e+02 5.4145800781e+02 5.4141302490e+02 5.4137402344e+02 5.4133898926e+02 5.4131097412e+02 5.4129699707e+02 5.4127398682e+02 5.4125299072e+02 5.4123602295e+02 5.4122998047e+02 5.4122802734e+02 5.4122100830e+02 5.4122198486e+02 5.4121502686e+02 5.4120898438e+02 5.4120397949e+02 5.4119201660e+02 5.4117401123e+02 5.4115502930e+02 5.4116900635e+02 5.4117797852e+02
5.4196997070e+02 5.4200701904e+02 5.4206097412e+02 5.4207299805e+02 5.4209100342e+02 5.4213598633e+02 5.4219598389e+02 5.4224597168e+02 5.4224700928e+02 5.4221099854e+02 5.4219000244e+02 5.4217401123e+02 5.4211798096e+02 5.4203802490e+02 5.4196099854e+02 5.4190100098e+02 5.4186700439e+02 5.4185198975e+02 5.4184002686e+02 5.4181298828e+02 5.4176898193e+02 5.4171301270e+02 5.4165002441e+02 5.4158099365e+02 5.4151000977e+02 5.4144396973e+02 5.4139202881e+02 5.4134600830e+02 5.4131097412e+02 5.4128997803e+02 5.4127502441e+02 5.4125897217e+02 5.4124597168e+02 5.4123101807e+02 5.4122198486e+02 5.4120800781e+02 5.4119897461e+02 5.4120697021e+02 5.4120202637e+02 5.4119201660e+02 5.4118103027e+02 5.4116900635e+02 5.4115399170e+02 5.4113598633e+02 5.4115502930e+02 5.4116400146e+02
