TESTSERVER/12/19.asc
NCOLS 100
NROWS 100
XLLCORNER 8.0997500000e+03
YLLCORNER 2.8900025000e+05
CELLSIZE 5.0000000000e-01
NODATA_VALUE -9.9990000000e+03
[rows 40 to 59 of 100, columns 0 to 45 of 100]
5.4349902344e+02 5.4348699951e+02 5.4348101807e+02 5.4346997070e+02 5.4345800781e+02 5.4345599365e+02 5.4346502686e+02 5.4347900391e+02 5.4348901367e+02 5.4350402832e+02 5.4351702881e+02 5.4351202393e+02 5.4351501465e+02 5.4353100586e+02 5.4352600098e+02 5.4352801514e+02 5.4353900146e+02 5.4354302979e+02 5.4354797363e+02 5.4357098389e+02 5.4359899902e+02 5.4361999512e+02 5.4361901855e+02 5.4360198975e+02 5.4359698486e+02 5.4359600830e+02 5.4358197021e+02 5.4355499268e+02 5.4353601074e+02 5.4350799561e+02 5.4347198486e+02 5.4344799805e+02 5.4343597412e+02 5.4338897705e+02 5.4334497070e+02 5.4332702637e+02 5.4330700684e+02 5.4328601074e+02 5.4326300049e+02 5.4325097656e+02 5.4323699951e+02 5.4322802734e+02 5.4320397949e+02 5.4316900635e+02 5.4313299561e+02 5.4311901855e+02
5.4346398926e+02 5.4345898438e+02 5.4345599365e+02 5.4346099854e+02 5.4346002197e+02 5.4344799805e+02 5.4345202637e+02 5.4345898438e+02 5.4346301270e+02 5.4347802734e+02 5.4349597168e+02 5.4350299072e+02 5.4350500488e+02 5.4351800537e+02 5.4351202393e+02 5.4350598145e+02 5.4350500488e+02 5.4350799561e+02 5.4351300049e+02 5.4354699707e+02 5.4358099365e+02 5.4359698486e+02 5.4360101318e+02 5.4360101318e+02 5.4360699463e+02 5.4359698486e+02 5.4356799316e+02 5.4353601074e+02 5.4352600098e+02 5.4348199463e+02 5.4344598389e+02 5.4342498779e+02 5.4340802002e+02 5.4335699463e+02 5.4331201172e+02 5.4330102539e+02 5.4328399658e+02 5.4326000977e+02 5.4322802734e+02 5.4321002197e+02 5.4319897461e+02 5.4319000244e+02 5.4316198730e+02 5.4311499023e+02 5.4308001709e+02 5.4306500244e+02
5.4345397949e+02 5.4345202637e+02 5.4344702148e+02 5.4345098877e+02 5.4345001221e+02 5.4343798828e+02 5.4343402100e+02 5.4342700195e+02 5.4342700195e+02 5.4344598389e+02 5.4346002197e+02 5.4347198486e+02 5.4347698975e+02 5.4348602295e+02 5.4347998047e+02 5.4347399902e+02 5.4347601318e+02 5.4348297119e+02 5.4348999023e+02 5.4352099609e+02 5.4354498291e+02 5.4356298828e+02 5.4357299805e+02 5.4357897949e+02 5.4359002686e+02 5.4357299805e+02 5.4355401611e+02 5.4353399658e+02 5.4352197266e+02 5.4346899414e+02 5.4342498779e+02 5.4339398193e+02 5.4337200928e+02 5.4332800293e+02 5.4328002930e+02 5.4327502441e+02 5.4326397705e+02 5.4323699951e+02 5.4320397949e+02 5.4318499756e+02 5.4317199707e+02 5.4315502930e+02 5.4311199951e+02 5.4305297852e+02 5.4301800537e+02 5.4298699951e+02
5.4344500732e+02 5.4345300293e+02 5.4344598389e+02 5.4343200684e+02 5.4342498779e+02 5.4341998291e+02 5.4341198730e+02 5.4340100098e+02 5.4340502930e+02 5.4342199707e+02 5.4342700195e+02 5.4343902588e+02 5.4344598389e+02 5.4345397949e+02 5.4344702148e+02 5.4344396973e+02 5.4345599365e+02 5.4346502686e+02 5.4346697998e+02 5.4347998047e+02 5.4348400879e+02 5.4350799561e+02 5.4353198242e+02 5.4354901123e+02 5.4355700684e+02 5.4354101563e+02 5.4353399658e+02 5.4352099609e+02 5.4349700928e+02 5.4344799805e+02 5.4339801025e+02 5.4335101318e+02 5.4331799316e+02 5.4329400635e+02 5.4325201416e+02 5.4324902344e+02 5.4324200439e+02 5.4321301270e+02 5.4317297363e+02 5.4315399170e+02 5.4314501953e+02 5.4311999512e+02 5.4305902100e+02 5.4299102783e+02 5.4296197510e+02 5.4291998291e+02
5.4341601563e+02 5.4343402100e+02 5.4343499756e+02 5.4341400146e+02 5.4340399170e+02 5.4339099121e+02 5.4337799072e+02 5.4337298584e+02 5.4339001465e+02 5.4339801025e+02 5.4339801025e+02 5.4340399170e+02 5.4340399170e+02 5.4340899658e+02 5.4340002441e+02 5.4339801025e+02 5.4341101074e+02 5.4342602539e+02 5.4342602539e+02 5.4342602539e+02 5.4342602539e+02 5.4345599365e+02 5.4348999023e+02 5.4351501465e+02 5.4351397705e+02 5.4350201416e+02 5.4349902344e+02 5.4348901367e+02 5.4346502686e+02 5.4341900635e+02 5.4336199951e+02 5.4330603027e+02 5.4326501465e+02 5.4325598145e+02 5.4324102783e+02 5.4323199463e+02 5.4319799805e+02 5.4317297363e+02 5.4313299561e+02 5.4311102295e+02 5.4310998535e+02 5.4307897949e+02 5.4301800537e+02 5.4295202637e+02 5.4292797852e+02 5.4288500977e+02
5.4341400146e+02 5.4341101074e+02 5.4340301514e+02 5.4338500977e+02 5.4337402344e+02 5.4336199951e+02 5.4335797119e+02 5.4335699463e+02 5.4335699463e+02 5.4335101318e+02 5.4334600830e+02 5.4334698486e+02 5.4333502197e+02 5.4333502197e+02 5.4333300781e+02 5.4333898926e+02 5.4335998535e+02 5.4336999512e+02 5.4337402344e+02 5.4338201904e+02 5.4338500977e+02 5.4339697266e+02 5.4342297363e+02 5.4344299316e+02 5.4344799805e+02 5.4345501709e+02 5.4345300293e+02 5.4344201660e+02 5.4342199707e+02 5.4338702393e+02 5.4332800293e+02 5.4327001953e+02 5.4322198486e+02 5.4320397949e+02 5.4319500732e+02 5.4318798828e+02 5.4316101074e+02 5.4312902832e+02 5.4309600830e+02 5.4307800293e+02 5.4307202148e+02 5.4304797363e+02 5.4300500488e+02 5.4294201660e+02 5.4288897705e+02 5.4284399414e+02
5.4339501953e+02 5.4339099121e+02 5.4337902832e+02 5.4336199951e+02 5.4334600830e+02 5.4333197021e+02 5.4332800293e+02 5.4332598877e+02 5.4330999756e+02 5.4329199219e+02 5.4328601074e+02 5.4328002930e+02 5.4325402832e+02 5.4325799561e+02 5.4327197266e+02 5.4328399658e+02 5.4329602051e+02 5.4329901123e+02 5.4331097412e+02 5.4333197021e+02 5.4333599854e+02 5.4333801270e+02 5.4335198975e+02 5.4336199951e+02 5.4337200928e+02 5.4338397217e+02 5.4338201904e+02 5.4337597656e+02 5.4336401367e+02 5.4333398438e+02 5.4327398682e+02 5.4322100830e+02 5.4318402100e+02 5.4316497803e+02 5.4314099121e+02 5.4312902832e+02 5.4311401367e+02 5.4307897949e+02 5.4305603027e+02 5.4304998779e+02 5.4303997803e+02 5.4301702881e+02 5.4297900391e+02 5.4292401123e+02 5.4286297607e+02 5.4280297852e+02
5.4334899902e+02 5.4334802246e+02 5.4333898926e+02 5.4332299805e+02 5.4330499268e+02 5.4329797363e+02 5.4329302979e+02 5.4328198242e+02 5.4325897217e+02 5.4324700928e+02 5.4324102783e+02 5.4322698975e+02 5.4319799805e+02 5.4319897461e+02 5.4320599365e+02 5.4321197510e+02 5.4321899414e+02 5.4321600342e+02 5.4323498535e+02 5.4326397705e+02 5.4327398682e+02 5.4327801514e+02 5.4328802490e+02 5.4328900146e+02 5.4329699707e+02 5.4330102539e+02 5.4330200195e+02 5.4330798340e+02 5.4330603027e+02 5.4327197266e+02 5.4321600342e+02 5.4317401123e+02 5.4314398193e+02 5.4312402344e+02 5.4309399414e+02 5.4308001709e+02 5.4306701660e+02 5.4302899170e+02 5.4301599121e+02 5.4302502441e+02 5.4301000977e+02 5.4298400879e+02 5.4294299316e+02 5.4289697266e+02 5.4285400391e+02 5.4278900146e+02
5.4329699707e+02 5.4327899170e+02 5.4326202393e+02 5.4324499512e+02 5.4322601318e+02 5.4325701904e+02 5.4326397705e+02 5.4324700928e+02 5.4321997070e+02 5.4321801758e+02 5.4320202637e+02 5.4317297363e+02 5.4315197754e+02 5.4314599609e+02 5.4313397217e+02 5.4313000488e+02 5.4314898682e+02 5.4315100098e+02 5.4317199707e+02 5.4320202637e+02 5.4322100830e+02 5.4322601318e+02 5.4323400879e+02 5.4323498535e+02 5.4323498535e+02 5.4323101807e+02 5.4323699951e+02 5.4325000000e+02 5.4325299072e+02 5.4321600342e+02 5.4316900635e+02 5.4313201904e+02 5.4310797119e+02 5.4307501221e+02 5.4305700684e+02 5.4305297852e+02 5.4302197266e+02 5.4299102783e+02 5.4298699951e+02 5.4299200439e+02 5.4296600342e+02 5.4294799805e+02 5.4291497803e+02 5.4287298584e+02 5.4283801270e+02 5.4278399658e+02
5.4322998047e+02 5.4319097900e+02 5.4318103027e+02 5.4320599365e+02 5.4321801758e+02 5.4322497559e+02 5.4322998047e+02 5.4322302246e+02 5.4319702148e+02 5.4317901611e+02 5.4315002441e+02 5.4312500000e+02 5.4311401367e+02 5.4310601807e+02 5.4309997559e+02 5.4309698486e+02 5.4311700439e+02 5.4311901855e+02 5.4312298584e+02 5.4314099121e+02 5.4317401123e+02 5.4318402100e+02 5.4319201660e+02 5.4320001221e+02 5.4319500732e+02 5.4318103027e+02 5.4317498779e+02 5.4317700195e+02 5.4318499756e+02 5.4315399170e+02 5.4312200928e+02 5.4308599854e+02 5.4304498291e+02 5.4302801514e+02 5.4302398682e+02 5.4301501465e+02 5.4297302246e+02 5.4295800781e+02 5.4295397949e+02 5.4294897461e+02 5.4292901611e+02 5.4290802002e+02 5.4287200928e+02 5.4283502197e+02 5.4280798340e+02 5.4275799561e+02
5.4313299561e+02 5.4309301758e+02 5.4309497070e+02 5.4313397217e+02 5.4316101074e+02 5.4315997314e+02 5.4316998291e+02 5.4317401123e+02 5.4315997314e+02 5.4313000488e+02 5.4309497070e+02 5.4308502197e+02 5.4309399414e+02 5.4310198975e+02 5.4310198975e+02 5.4309301758e+02 5.4310198975e+02 5.4309802246e+02 5.4308801270e+02 5.4309301758e+02 5.4312500000e+02 5.4313299561e+02 5.4313500977e+02 5.4314697266e+02 5.4314599609e+02 5.4312597656e+02 5.4310498047e+02 5.4309997559e+02 5.4311102295e+02 5.4308398438e+02 5.4307202148e+02 5.4304998779e+02 5.4300701904e+02 5.4299102783e+02 5.4298699951e+02 5.4296697998e+02 5.4292498779e+02 5.4291802979e+02 5.4291198730e+02 5.4290502930e+02 5.4289300537e+02 5.4287097168e+02 5.4283398438e+02 5.4280401611e+02 5.4277899170e+02 5.4273297119e+02
5.4302197266e+02 5.4298602295e+02 5.4301599121e+02 5.4305798340e+02 5.4307501221e+02 5.4308099365e+02 5.4310400391e+02 5.4311602783e+02 5.4310998535e+02 5.4308697510e+02 5.4305700684e+02 5.4305499268e+02 5.4307098389e+02 5.4308599854e+02 5.4308898926e+02 5.4307598877e+02 5.4308001709e+02 5.4307397461e+02 5.4305798340e+02 5.4305401611e+02 5.4307299805e+02 5.4307000732e+02 5.4306298828e+02 5.4308599854e+02 5.4310400391e+02 5.4308001709e+02 5.4305902100e+02 5.4305499268e+02 5.4305798340e+02 5.4303698730e+02 5.4303601074e+02 5.4301397705e+02 5.4297998047e+02 5.4295898438e+02 5.4294396973e+02 5.4292401123e+02 5.4289001465e+02 5.4288299561e+02 5.4287402344e+02 5.4286602783e+02 5.4284698486e+02 5.4281799316e+02 5.4279302979e+02 5.4277801514e+02 5.4275299072e+02 5.4270898438e+02
5.4293902588e+02 5.4291101074e+02 5.4295397949e+02 5.4299102783e+02 5.4299401855e+02 5.4301702881e+02 5.4305603027e+02 5.4307000732e+02 5.4305798340e+02 5.4303698730e+02 5.4301501465e+02 5.4301501465e+02 5.4302301025e+02 5.4305102539e+02 5.4306799316e+02 5.4305102539e+02 5.4304101563e+02 5.4303497314e+02 5.4302001953e+02 5.4301098633e+02 5.4301800537e+02 5.4300299072e+02 5.4300000000e+02 5.4303302002e+02 5.4307397461e+02 5.4306500244e+02 5.4303198242e+02 5.4301397705e+02 5.4300000000e+02 5.4300201416e+02 5.4300097656e+02 5.4297198486e+02 5.4293798828e+02 5.4292999268e+02 5.4291101074e+02 5.4288702393e+02 5.4284600830e+02 5.4283197021e+02 5.4283099365e+02 5.4283099365e+02 5.4280700684e+02 5.4277398682e+02 5.4275500488e+02 5.4274102783e+02 5.4271801758e+02 5.4268597412e+02
5.4287597656e+02 5.4285498047e+02 5.4287298584e+02 5.4289599609e+02 5.4289697266e+02 5.4295098877e+02 5.4301300049e+02 5.4303302002e+02 5.4300897217e+02 5.4299401855e+02 5.4296502686e+02 5.4295697021e+02 5.4296997070e+02 5.4301000977e+02 5.4303399658e+02 5.4301702881e+02 5.4300598145e+02 5.4299798584e+02 5.4298797607e+02 5.4297302246e+02 5.4295397949e+02 5.4292797852e+02 5.4293200684e+02 5.4295800781e+02 5.4298999023e+02 5.4298999023e+02 5.4296801758e+02 5.4295501709e+02 5.4295098877e+02 5.4294702148e+02 5.4294097900e+02 5.4292999268e+02 5.4291699219e+02 5.4289099121e+02 5.4286798096e+02 5.4284497070e+02 5.4281201172e+02 5.4279998779e+02 5.4279797363e+02 5.4279901123e+02 5.4277197266e+02 5.4273999023e+02 5.4271301270e+02 5.4268701172e+02 5.4267102051e+02 5.4264898682e+02
5.4281402588e+02 5.4278302002e+02 5.4278997803e+02 5.4282000732e+02 5.4285400391e+02 5.4291302490e+02 5.4295397949e+02 5.4297100830e+02 5.4296301270e+02 5.4294097900e+02 5.4289599609e+02 5.4288000488e+02 5.4289898682e+02 5.4293798828e+02 5.4296502686e+02 5.4296301270e+02 5.4295800781e+02 5.4295501709e+02 5.4296002197e+02 5.4294799805e+02 5.4291101074e+02 5.4287500000e+02 5.4288000488e+02 5.4290002441e+02 5.4291699219e+02 5.4292199707e+02 5.4291400146e+02 5.4292199707e+02 5.4294000244e+02 5.4291302490e+02 5.4288000488e+02 5.4287200928e+02 5.4288098145e+02 5.4284997559e+02 5.4282501221e+02 5.4281097412e+02 5.4278900146e+02 5.4277600098e+02 5.4276098633e+02 5.4276000977e+02 5.4273602295e+02 5.4270300293e+02 5.4268103027e+02 5.4265301514e+02 5.4263500977e+02 5.4261700439e+02
5.4275402832e+02 5.4272100830e+02 5.4273602295e+02 5.4278399658e+02 5.4283697510e+02 5.4288098145e+02 5.4290002441e+02 5.4291601563e+02 5.4292401123e+02 5.4290600586e+02 5.4284600830e+02 5.4280902100e+02 5.4283801270e+02 5.4286401367e+02 5.4288800049e+02 5.4290802002e+02 5.4291400146e+02 5.4291900635e+02 5.4293798828e+02 5.4293103027e+02 5.4288299561e+02 5.4283697510e+02 5.4283697510e+02 5.4285699463e+02 5.4287902832e+02 5.4287200928e+02 5.4285797119e+02 5.4287799072e+02 5.4292102051e+02 5.4288800049e+02 5.4283697510e+02 5.4281896973e+02 5.4282501221e+02 5.4280102539e+02 5.4278302002e+02 5.4277001953e+02 5.4274499512e+02 5.4272497559e+02 5.4270697021e+02 5.4270697021e+02 5.4268499756e+02 5.4265698242e+02 5.4264501953e+02 5.4262500000e+02 5.4261102295e+02 5.4259301758e+02
5.4269500732e+02 5.4267297363e+02 5.4269799805e+02 5.4275201416e+02 5.4279101563e+02 5.4282000732e+02 5.4284600830e+02 5.4285498047e+02 5.4284899902e+02 5.4288800049e+02 5.4284301758e+02 5.4278198242e+02 5.4280700684e+02 5.4282000732e+02 5.4284002686e+02 5.4288000488e+02 5.4287902832e+02 5.4290399170e+02 5.4292901611e+02 5.4291699219e+02 5.4285198975e+02 5.4279699707e+02 5.4279199219e+02 5.4282501221e+02 5.4286401367e+02 5.4285198975e+02 5.4282800293e+02 5.4283502197e+02 5.4285302734e+02 5.4283502197e+02 5.4280603027e+02 5.4279699707e+02 5.4280499268e+02 5.4276800537e+02 5.4274499512e+02 5.4272802734e+02 5.4269598389e+02 5.4267102051e+02 5.4265399170e+02 5.4264898682e+02 5.4263702393e+02 5.4261499023e+02 5.4259497070e+02 5.4258599854e+02 5.4258697510e+02 5.4256701660e+02
5.4261798096e+02 5.4263800049e+02 5.4267498779e+02 5.4272198486e+02 5.4274798584e+02 5.4276898193e+02 5.4282299805e+02 5.4283502197e+02 5.4279199219e+02 5.4281097412e+02 5.4280401611e+02 5.4277099609e+02 5.4279101563e+02 5.4277502441e+02 5.4277099609e+02 5.4280902100e+02 5.4282598877e+02 5.4288500977e+02 5.4291302490e+02 5.4288500977e+02 5.4280999756e+02 5.4275500488e+02 5.4273797607e+02 5.4276501465e+02 5.4281896973e+02 5.4281500244e+02 5.4279901123e+02 5.4281097412e+02 5.4281701660e+02 5.4277502441e+02 5.4275097656e+02 5.4275500488e+02 5.4273797607e+02 5.4270397949e+02 5.4268200684e+02 5.4266497803e+02 5.4263098145e+02 5.4261199951e+02 5.4260400391e+02 5.4259698486e+02 5.4258300781e+02 5.4258398438e+02 5.4255798340e+02 5.4253997803e+02 5.4254498291e+02 5.4252899170e+02
5.4255200195e+02 5.4260601807e+02 5.4266497803e+02 5.4271502686e+02 5.4273901367e+02 5.4275201416e+02 5.4279602051e+02 5.4279101563e+02 5.4273101807e+02 5.4274102783e+02 5.4275402832e+02 5.4274102783e+02 5.4274597168e+02 5.4272998047e+02 5.4271600342e+02 5.4274700928e+02 5.4277502441e+02 5.4283599854e+02 5.4286102295e+02 5.4283502197e+02 5.4276800537e+02 5.4272100830e+02 5.4269799805e+02 5.4271099854e+02 5.4274401855e+02 5.4273400879e+02 5.4273699951e+02 5.4275701904e+02 5.4276898193e+02 5.4273400879e+02 5.4270397949e+02 5.4270098877e+02 5.4267498779e+02 5.4264398193e+02 5.4262799072e+02 5.4260699463e+02 5.4256701660e+02 5.4255102539e+02 5.4255200195e+02 5.4254302979e+02 5.4252801514e+02 5.4254797363e+02 5.4252398682e+02 5.4249700928e+02 5.4250000000e+02 5.4248602295e+02
5.4250799561e+02 5.4257000732e+02 5.4263897705e+02 5.4270397949e+02 5.4274298096e+02 5.4274102783e+02 5.4275402832e+02 5.4272497559e+02 5.4267401123e+02 5.4269702148e+02 5.4272100830e+02 5.4270501709e+02 5.4269396973e+02 5.4268499756e+02 5.4266601563e+02 5.4269201660e+02 5.4271099854e+02 5.4273797607e+02 5.4276599121e+02 5.4277001953e+02 5.4273297119e+02 5.4269000244e+02 5.4265899658e+02 5.4265600586e+02 5.4266101074e+02 5.4264099121e+02 5.4265600586e+02 5.4268200684e+02 5.4269097900e+02 5.4268103027e+02 5.4266601563e+02 5.4265600586e+02 5.4263299561e+02 5.4260601807e+02 5.4257702637e+02 5.4253900146e+02 5.4249700928e+02 5.4249200439e+02 5.4249798584e+02 5.4248602295e+02 5.4247998047e+02 5.4249798584e+02 5.4247601318e+02 5.4245397949e+02 5.4245098877e+02 5.4243298340e+02
