TESTSERVER/12/2.asc
NCOLS 100
NROWS 100
XLLCORNER 8.0997500000e+03
YLLCORNER 2.8985025000e+05
CELLSIZE 5.0000000000e-01
NODATA_VALUE -9.9990000000e+03
[rows 20 to 39 of 100, columns 46 to 91 of 100]
6.6800799561e+02 6.6813598633e+02 6.6826098633e+02 6.6837597656e+02 6.6853198242e+02 6.6868103027e+02 6.6881701660e+02 6.6898498535e+02 6.6916699219e+02 6.6934802246e+02 6.6948901367e+02 6.6959301758e+02 6.6971301270e+02 6.6983801270e+02 6.6999597168e+02 6.7014001465e+02 6.7030499268e+02 6.7050799561e+02 6.7070397949e+02 6.7085101318e+02 6.7098699951e+02 6.7114001465e+02 6.7128802490e+02 6.7146398926e+02 6.7160900879e+02 6.7176098633e+02 6.7193902588e+02 6.7208502197e+02 6.7227502441e+02 6.7247198486e+02 6.7264099121e+02 6.7280700684e+02 6.7293902588e+02 6.7309802246e+02 6.7327697754e+02 6.7344000244e+02 6.7365002441e+02 6.7385900879e+02 6.7404998779e+02 6.7426397705e+02 6.7448901367e+02 6.7472100830e+02 6.7495599365e+02 6.7518798828e+02 6.7543499756e+02 6.7566101074e+02
6.6792297363e+02 6.6809100342e+02 6.6823297119e+02 6.6831298828e+02 6.6844897461e+02 6.6857897949e+02 6.6871197510e+02 6.6888201904e+02 6.6909899902e+02 6.6930798340e+02 6.6945898438e+02 6.6955798340e+02 6.6965100098e+02 6.6976300049e+02 6.6992102051e+02 6.7007397461e+02 6.7023999023e+02 6.7040899658e+02 6.7055499268e+02 6.7071697998e+02 6.7088000488e+02 6.7105102539e+02 6.7121899414e+02 6.7136499023e+02 6.7153100586e+02 6.7168298340e+02 6.7184802246e+02 6.7200201416e+02 6.7218597412e+02 6.7243200684e+02 6.7262200928e+02 6.7268200684e+02 6.7282202148e+02 6.7303802490e+02 6.7322399902e+02 6.7341198730e+02 6.7362200928e+02 6.7379797363e+02 6.7397302246e+02 6.7418298340e+02 6.7440197754e+02 6.7460797119e+02 6.7484497070e+02 6.7509197998e+02 6.7532598877e+02 6.7555798340e+02
6.6790600586e+02 6.6805102539e+02 6.6819097900e+02 6.6825500488e+02 6.6834301758e+02 6.6846099854e+02 6.6862902832e+02 6.6877801514e+02 6.6897198486e+02 6.6918200684e+02 6.6937298584e+02 6.6948699951e+02 6.6957702637e+02 6.6967901611e+02 6.6983099365e+02 6.6998999023e+02 6.7018902588e+02 6.7036700439e+02 6.7046502686e+02 6.7061401367e+02 6.7079199219e+02 6.7098400879e+02 6.7115802002e+02 6.7128601074e+02 6.7144299316e+02 6.7158001709e+02 6.7173297119e+02 6.7189501953e+02 6.7208099365e+02 6.7232598877e+02 6.7254498291e+02 6.7257299805e+02 6.7269500732e+02 6.7294000244e+02 6.7313500977e+02 6.7333197021e+02 6.7356402588e+02 6.7374200439e+02 6.7391302490e+02 6.7412298584e+02 6.7433001709e+02 6.7450402832e+02 6.7473400879e+02 6.7497802734e+02 6.7520501709e+02 6.7545898438e+02
6.6794897461e+02 6.6802001953e+02 6.6812701416e+02 6.6821002197e+02 6.6825598145e+02 6.6836199951e+02 6.6855798340e+02 6.6870300293e+02 6.6883898926e+02 6.6900897217e+02 6.6922302246e+02 6.6937701416e+02 6.6949401855e+02 6.6959899902e+02 6.6974200439e+02 6.6991302490e+02 6.7014398193e+02 6.7034100342e+02 6.7042102051e+02 6.7056201172e+02 6.7072302246e+02 6.7091198730e+02 6.7111199951e+02 6.7130603027e+02 6.7141400146e+02 6.7149401855e+02 6.7162902832e+02 6.7177697754e+02 6.7194500732e+02 6.7212402344e+02 6.7234497070e+02 6.7246600342e+02 6.7259301758e+02 6.7280297852e+02 6.7300500488e+02 6.7320001221e+02 6.7343298340e+02 6.7363897705e+02 6.7382598877e+02 6.7404302979e+02 6.7425299072e+02 6.7441497803e+02 6.7462200928e+02 6.7485302734e+02 6.7509301758e+02 6.7536798096e+02
6.6797998047e+02 6.6802301025e+02 6.6803302002e+02 6.6813098145e+02 6.6820001221e+02 6.6831201172e+02 6.6847302246e+02 6.6864801025e+02 6.6878302002e+02 6.6890100098e+02 6.6906500244e+02 6.6923602295e+02 6.6937902832e+02 6.6950799561e+02 6.6966900635e+02 6.6986700439e+02 6.7007702637e+02 6.7025598145e+02 6.7034301758e+02 6.7048901367e+02 6.7061199951e+02 6.7074798584e+02 6.7093200684e+02 6.7122302246e+02 6.7134899902e+02 6.7142700195e+02 6.7155499268e+02 6.7169000244e+02 6.7185302734e+02 6.7200500488e+02 6.7218701172e+02 6.7234301758e+02 6.7252301025e+02 6.7275097656e+02 6.7292700195e+02 6.7307800293e+02 6.7327502441e+02 6.7347698975e+02 6.7367401123e+02 6.7391101074e+02 6.7413500977e+02 6.7432098389e+02 6.7452197266e+02 6.7475500488e+02 6.7499902344e+02 6.7526501465e+02
6.6768902588e+02 6.6789398193e+02 6.6798999023e+02 6.6803198242e+02 6.6814501953e+02 6.6832702637e+02 6.6845501709e+02 6.6865802002e+02 6.6882299805e+02 6.6888897705e+02 6.6899401855e+02 6.6913800049e+02 6.6928399658e+02 6.6944201660e+02 6.6959802246e+02 6.6977301025e+02 6.6994897461e+02 6.7013201904e+02 6.7022998047e+02 6.7037200928e+02 6.7050402832e+02 6.7062902832e+02 6.7080297852e+02 6.7097998047e+02 6.7112597656e+02 6.7126599121e+02 6.7140997314e+02 6.7157397461e+02 6.7174298096e+02 6.7190997314e+02 6.7209698486e+02 6.7221600342e+02 6.7238000488e+02 6.7265502930e+02 6.7288702393e+02 6.7299700928e+02 6.7316497803e+02 6.7335797119e+02 6.7355700684e+02 6.7378497314e+02 6.7400000000e+02 6.7419201660e+02 6.7440802002e+02 6.7467297363e+02 6.7492498779e+02 6.7516900635e+02
6.6732897949e+02 6.6765002441e+02 6.6785900879e+02 6.6793902588e+02 6.6809100342e+02 6.6829602051e+02 6.6844000244e+02 6.6867401123e+02 6.6885797119e+02 6.6890002441e+02 6.6896600342e+02 6.6909002686e+02 6.6921600342e+02 6.6936901855e+02 6.6952398682e+02 6.6971600342e+02 6.6987500000e+02 6.7005999756e+02 6.7019897461e+02 6.7031402588e+02 6.7042700195e+02 6.7053698730e+02 6.7070001221e+02 6.7084698486e+02 6.7099499512e+02 6.7114398193e+02 6.7128302002e+02 6.7144299316e+02 6.7160400391e+02 6.7177600098e+02 6.7196997070e+02 6.7209497070e+02 6.7224499512e+02 6.7250000000e+02 6.7275897217e+02 6.7287701416e+02 6.7304498291e+02 6.7323199463e+02 6.7343298340e+02 6.7365002441e+02 6.7386602783e+02 6.7406597900e+02 6.7428100586e+02 6.7452502441e+02 6.7479901123e+02 6.7507702637e+02
6.6714099121e+02 6.6741998291e+02 6.6767700195e+02 6.6789001465e+02 6.6807299805e+02 6.6824200439e+02 6.6839697266e+02 6.6863598633e+02 6.6881597900e+02 6.6886901855e+02 6.6892999268e+02 6.6903497314e+02 6.6915002441e+02 6.6929797363e+02 6.6946301270e+02 6.6966400146e+02 6.6979797363e+02 6.6995898438e+02 6.7013500977e+02 6.7026000977e+02 6.7038897705e+02 6.7049401855e+02 6.7062799072e+02 6.7077502441e+02 6.7092102051e+02 6.7104602051e+02 6.7117297363e+02 6.7132098389e+02 6.7149499512e+02 6.7165502930e+02 6.7181298828e+02 6.7195202637e+02 6.7210498047e+02 6.7231402588e+02 6.7254602051e+02 6.7270202637e+02 6.7290197754e+02 6.7310797119e+02 6.7332702637e+02 6.7353997803e+02 6.7374700928e+02 6.7394897461e+02 6.7417401123e+02 6.7440899658e+02 6.7467999268e+02 6.7498101807e+02
6.6706597900e+02 6.6726397705e+02 6.6756201172e+02 6.6789099121e+02 6.6808898926e+02 6.6823400879e+02 6.6838897705e+02 6.6853002930e+02 6.6870800781e+02 6.6880700684e+02 6.6888201904e+02 6.6895898438e+02 6.6909301758e+02 6.6924499512e+02 6.6939501953e+02 6.6959497070e+02 6.6975500488e+02 6.6990301514e+02 6.7006097412e+02 6.7021997070e+02 6.7036798096e+02 6.7047497559e+02 6.7058502197e+02 6.7072399902e+02 6.7085998535e+02 6.7098699951e+02 6.7113098145e+02 6.7126098633e+02 6.7142901611e+02 6.7157202148e+02 6.7168902588e+02 6.7183898926e+02 6.7199298096e+02 6.7217297363e+02 6.7238598633e+02 6.7255499268e+02 6.7277600098e+02 6.7300799561e+02 6.7324401855e+02 6.7345898438e+02 6.7365197754e+02 6.7386102295e+02 6.7411297607e+02 6.7436102295e+02 6.7462298584e+02 6.7492602539e+02
6.6699700928e+02 6.6712799072e+02 6.6733599854e+02 6.6765997314e+02 6.6798797607e+02 6.6815002441e+02 6.6831201172e+02 6.6844299316e+02 6.6859399414e+02 6.6873699951e+02 6.6885498047e+02 6.6894500732e+02 6.6905902100e+02 6.6918902588e+02 6.6932299805e+02 6.6950500488e+02 6.6968499756e+02 6.6986901855e+02 6.7005999756e+02 6.7016400146e+02 6.7031896973e+02 6.7043902588e+02 6.7050500488e+02 6.7064801025e+02 6.7078497314e+02 6.7092102051e+02 6.7108099365e+02 6.7121197510e+02 6.7136102295e+02 6.7148602295e+02 6.7160900879e+02 6.7176599121e+02 6.7191699219e+02 6.7209698486e+02 6.7230102539e+02 6.7247601318e+02 6.7269897461e+02 6.7294097900e+02 6.7319000244e+02 6.7340197754e+02 6.7359600830e+02 6.7380297852e+02 6.7403997803e+02 6.7429199219e+02 6.7459899902e+02 6.7493103027e+02
6.6691400146e+02 6.6701300049e+02 6.6713800049e+02 6.6736401367e+02 6.6777697754e+02 6.6798699951e+02 6.6813500977e+02 6.6834497070e+02 6.6850402832e+02 6.6864801025e+02 6.6879101563e+02 6.6890600586e+02 6.6902697754e+02 6.6914001465e+02 6.6926702881e+02 6.6942297363e+02 6.6957000732e+02 6.6973400879e+02 6.6994799805e+02 6.7004400635e+02 6.7027001953e+02 6.7042901611e+02 6.7044000244e+02 6.7058599854e+02 6.7071398926e+02 6.7081597900e+02 6.7099200439e+02 6.7116198730e+02 6.7129797363e+02 6.7140899658e+02 6.7156799316e+02 6.7174499512e+02 6.7188500977e+02 6.7203900146e+02 6.7221801758e+02 6.7239501953e+02 6.7261297607e+02 6.7284997559e+02 6.7308300781e+02 6.7330603027e+02 6.7352398682e+02 6.7374102783e+02 6.7395697021e+02 6.7421301270e+02 6.7453399658e+02 6.7486999512e+02
6.6683801270e+02 6.6693499756e+02 6.6704998779e+02 6.6715600586e+02 6.6747302246e+02 6.6776300049e+02 6.6798199463e+02 6.6825500488e+02 6.6845501709e+02 6.6859301758e+02 6.6874401855e+02 6.6885699463e+02 6.6899102783e+02 6.6911102295e+02 6.6923602295e+02 6.6936499023e+02 6.6947698975e+02 6.6960198975e+02 6.6979699707e+02 6.6991998291e+02 6.7020001221e+02 6.7038702393e+02 6.7036602783e+02 6.7050897217e+02 6.7064801025e+02 6.7072399902e+02 6.7088702393e+02 6.7108502197e+02 6.7122198486e+02 6.7131597900e+02 6.7148199463e+02 6.7167901611e+02 6.7183697510e+02 6.7197900391e+02 6.7213299561e+02 6.7231298828e+02 6.7252697754e+02 6.7274700928e+02 6.7296099854e+02 6.7319396973e+02 6.7342199707e+02 6.7363598633e+02 6.7384698486e+02 6.7410400391e+02 6.7440997314e+02 6.7472900391e+02
6.6679901123e+02 6.6688397217e+02 6.6698400879e+02 6.6704797363e+02 6.6718402100e+02 6.6748400879e+02 6.6781701660e+02 6.6817102051e+02 6.6838201904e+02 6.6857098389e+02 6.6875701904e+02 6.6885101318e+02 6.6897601318e+02 6.6909802246e+02 6.6924902344e+02 6.6936102295e+02 6.6944396973e+02 6.6955200195e+02 6.6968902588e+02 6.6982800293e+02 6.7003399658e+02 6.7018701172e+02 6.7025500488e+02 6.7035797119e+02 6.7050799561e+02 6.7062799072e+02 6.7077197266e+02 6.7098797607e+02 6.7113098145e+02 6.7122497559e+02 6.7138500977e+02 6.7156402588e+02 6.7174700928e+02 6.7190301514e+02 6.7205102539e+02 6.7223400879e+02 6.7244299316e+02 6.7266101074e+02 6.7289898682e+02 6.7310998535e+02 6.7332800293e+02 6.7353601074e+02 6.7373699951e+02 6.7397998047e+02 6.7425701904e+02 6.7456298828e+02
6.6669598389e+02 6.6683099365e+02 6.6691601563e+02 6.6701202393e+02 6.6711499023e+02 6.6724200439e+02 6.6750201416e+02 6.6791802979e+02 6.6820300293e+02 6.6842999268e+02 6.6866400146e+02 6.6882897949e+02 6.6896502686e+02 6.6907397461e+02 6.6922497559e+02 6.6935998535e+02 6.6945001221e+02 6.6953997803e+02 6.6964898682e+02 6.6978002930e+02 6.6994000244e+02 6.7006597900e+02 6.7019299316e+02 6.7028601074e+02 6.7040197754e+02 6.7053698730e+02 6.7070300293e+02 6.7087701416e+02 6.7101098633e+02 6.7114300537e+02 6.7128002930e+02 6.7141601563e+02 6.7161102295e+02 6.7178302002e+02 6.7193103027e+02 6.7213500977e+02 6.7235699463e+02 6.7258300781e+02 6.7283001709e+02 6.7305297852e+02 6.7325598145e+02 6.7346099854e+02 6.7366998291e+02 6.7390698242e+02 6.7416302490e+02 6.7446398926e+02
6.6654998779e+02 6.6675201416e+02 6.6686901855e+02 6.6692401123e+02 6.6704101563e+02 6.6713897705e+02 6.6727301025e+02 6.6760699463e+02 6.6798901367e+02 6.6830200195e+02 6.6859301758e+02 6.6877899170e+02 6.6889300537e+02 6.6904101563e+02 6.6921697998e+02 6.6934497070e+02 6.6943701172e+02 6.6953399658e+02 6.6966400146e+02 6.6977502441e+02 6.6990502930e+02 6.7000897217e+02 6.7014202881e+02 6.7024798584e+02 6.7034301758e+02 6.7046502686e+02 6.7061401367e+02 6.7076098633e+02 6.7089398193e+02 6.7103698730e+02 6.7116601563e+02 6.7131896973e+02 6.7149902344e+02 6.7167102051e+02 6.7184497070e+02 6.7204901123e+02 6.7225897217e+02 6.7248101807e+02 6.7273699951e+02 6.7299298096e+02 6.7319702148e+02 6.7339801025e+02 6.7361199951e+02 6.7383099365e+02 6.7403900146e+02 6.7430902100e+02
6.6645501709e+02 6.6664300537e+02 6.6680902100e+02 6.6686901855e+02 6.6696801758e+02 6.6708599854e+02 6.6716101074e+02 6.6734301758e+02 6.6767797852e+02 6.6808300781e+02 6.6844500732e+02 6.6865197754e+02 6.6878399658e+02 6.6896997070e+02 6.6911901855e+02 6.6928997803e+02 6.6944799805e+02 6.6951098633e+02 6.6963000488e+02 6.6974200439e+02 6.6988598633e+02 6.6998297119e+02 6.7009997559e+02 6.7020599365e+02 6.7028399658e+02 6.7038397217e+02 6.7051000977e+02 6.7065698242e+02 6.7079797363e+02 6.7092498779e+02 6.7106298828e+02 6.7122698975e+02 6.7139099121e+02 6.7156597900e+02 6.7175598145e+02 6.7195599365e+02 6.7215100098e+02 6.7236700439e+02 6.7266302490e+02 6.7296600342e+02 6.7316302490e+02 6.7335699463e+02 6.7356201172e+02 6.7376599121e+02 6.7394799805e+02 6.7418902588e+02
6.6635998535e+02 6.6650097656e+02 6.6664501953e+02 6.6684197998e+02 6.6693798828e+02 6.6701300049e+02 6.6711499023e+02 6.6720300293e+02 6.6739898682e+02 6.6782598877e+02 6.6826202393e+02 6.6848498535e+02 6.6868298340e+02 6.6887097168e+02 6.6900000000e+02 6.6926098633e+02 6.6950402832e+02 6.6950299072e+02 6.6953100586e+02 6.6972100830e+02 6.6990802002e+02 6.6999902344e+02 6.7008502197e+02 6.7015600586e+02 6.7024102783e+02 6.7033697510e+02 6.7045001221e+02 6.7059002686e+02 6.7073699951e+02 6.7084002686e+02 6.7097399902e+02 6.7115301514e+02 6.7130700684e+02 6.7147802734e+02 6.7165301514e+02 6.7183599854e+02 6.7200897217e+02 6.7221801758e+02 6.7255902100e+02 6.7292199707e+02 6.7310900879e+02 6.7332000732e+02 6.7353698730e+02 6.7373602295e+02 6.7393798828e+02 6.7415197754e+02
6.6625000000e+02 6.6640600586e+02 6.6653002930e+02 6.6667401123e+02 6.6683502197e+02 6.6697998047e+02 6.6707800293e+02 6.6716198730e+02 6.6726599121e+02 6.6753900146e+02 6.6797900391e+02 6.6833898926e+02 6.6854400635e+02 6.6871502686e+02 6.6890002441e+02 6.6913201904e+02 6.6929199219e+02 6.6938598633e+02 6.6959399414e+02 6.6984497070e+02 6.6996697998e+02 6.6997802734e+02 6.7003900146e+02 6.7011602783e+02 6.7018298340e+02 6.7027697754e+02 6.7039099121e+02 6.7050897217e+02 6.7067999268e+02 6.7080200195e+02 6.7092498779e+02 6.7109600830e+02 6.7124401855e+02 6.7141802979e+02 6.7159698486e+02 6.7176098633e+02 6.7193298340e+02 6.7211199951e+02 6.7238500977e+02 6.7271997070e+02 6.7296099854e+02 6.7326501465e+02 6.7351000977e+02 6.7373699951e+02 6.7392999268e+02 6.7408398438e+02
6.6615399170e+02 6.6630499268e+02 6.6645202637e+02 6.6657000732e+02 6.6675097656e+02 6.6696997070e+02 6.6707501221e+02 6.6714801025e+02 6.6721398926e+02 6.6734899902e+02 6.6767102051e+02 6.6805401611e+02 6.6829699707e+02 6.6851000977e+02 6.6873602295e+02 6.6898101807e+02 6.6911199951e+02 6.6931097412e+02 6.6972802734e+02 6.7010198975e+02 6.7009698486e+02 6.6996002197e+02 6.7005297852e+02 6.7016302490e+02 6.7015002441e+02 6.7020697021e+02 6.7031799316e+02 6.7043402100e+02 6.7060797119e+02 6.7074298096e+02 6.7085998535e+02 6.7100500488e+02 6.7114697266e+02 6.7132800293e+02 6.7156097412e+02 6.7171197510e+02 6.7187097168e+02 6.7204602051e+02 6.7224597168e+02 6.7249597168e+02 6.7278002930e+02 6.7314599609e+02 6.7343200684e+02 6.7371398926e+02 6.7392999268e+02 6.7405700684e+02
6.6607501221e+02 6.6621697998e+02 6.6638800049e+02 6.6652001953e+02 6.6665698242e+02 6.6685198975e+02 6.6703100586e+02 6.6712298584e+02 6.6721002197e+02 6.6730902100e+02 6.6751702881e+02 6.6776702881e+02 6.6803100586e+02 6.6834497070e+02 6.6858502197e+02 6.6885900879e+02 6.6899902344e+02 6.6914801025e+02 6.6938201904e+02 6.6965197754e+02 6.6977197266e+02 6.6977197266e+02 6.7002099609e+02 6.7009698486e+02 6.7006201172e+02 6.7013702393e+02 6.7023400879e+02 6.7035998535e+02 6.7052899170e+02 6.7065600586e+02 6.7076501465e+02 6.7092199707e+02 6.7107299805e+02 6.7124401855e+02 6.7151702881e+02 6.7167401123e+02 6.7180200195e+02 6.7198199463e+02 6.7217999268e+02 6.7236901855e+02 6.7262298584e+02 6.7297998047e+02 6.7326202393e+02 6.7354400635e+02 6.7380102539e+02 6.7397100830e+02
