TESTSERVER/12/2.asc
NCOLS 100
NROWS 100
XLLCORNER 8.0997500000e+03
YLLCORNER 2.8985025000e+05
CELLSIZE 5.0000000000e-01
NODATA_VALUE -9.9990000000e+03
[rows 0 to 19 of 100, columns 46 to 91 of 100]
6.6933001709e+02 6.6944598389e+02 6.6958898926e+02 6.6971502686e+02 6.6988397217e+02 6.7005499268e+02 6.7021899414e+02 6.7046099854e+02 6.7061602783e+02 6.7070001221e+02 6.7080102539e+02 6.7089099121e+02 6.7101599121e+02 6.7114099121e+02 6.7125402832e+02 6.7137500000e+02 6.7149102783e+02 6.7164001465e+02 6.7185400391e+02 6.7204797363e+02 6.7226702881e+02 6.7255499268e+02 6.7288000488e+02 6.7308398438e+02 6.7326898193e+02 6.7346002197e+02 6.7366198730e+02 6.7388800049e+02 6.7410699463e+02 6.7428601074e+02 6.7445397949e+02 6.7463299561e+02 6.7479199219e+02 6.7500097656e+02 6.7527001953e+02 6.7547601318e+02 6.7559100342e+02 6.7566101074e+02 6.7577899170e+02 6.7594897461e+02 6.7615399170e+02 6.7639398193e+02 6.7665197754e+02 6.7683001709e+02 6.7695300293e+02 6.7711901855e+02
6.6931799316e+02 6.6940899658e+02 6.6952600098e+02 6.6963397217e+02 6.6978497314e+02 6.6994201660e+02 6.7008898926e+02 6.7033001709e+02 6.7052600098e+02 6.7067498779e+02 6.7078601074e+02 6.7087701416e+02 6.7101898193e+02 6.7115399170e+02 6.7124798584e+02 6.7135101318e+02 6.7143902588e+02 6.7156097412e+02 6.7178497314e+02 6.7199902344e+02 6.7218597412e+02 6.7242797852e+02 6.7271398926e+02 6.7290301514e+02 6.7313299561e+02 6.7335198975e+02 6.7353002930e+02 6.7379400635e+02 6.7405902100e+02 6.7425799561e+02 6.7439801025e+02 6.7455902100e+02 6.7471301270e+02 6.7491302490e+02 6.7518200684e+02 6.7542297363e+02 6.7555798340e+02 6.7561602783e+02 6.7571301270e+02 6.7588598633e+02 6.7610998535e+02 6.7634600830e+02 6.7659802246e+02 6.7676898193e+02 6.7692700195e+02 6.7711401367e+02
6.6929498291e+02 6.6938299561e+02 6.6947698975e+02 6.6957897949e+02 6.6972900391e+02 6.6987200928e+02 6.7001898193e+02 6.7026501465e+02 6.7047802734e+02 6.7065002441e+02 6.7076300049e+02 6.7086901855e+02 6.7100598145e+02 6.7113000488e+02 6.7121899414e+02 6.7131597900e+02 6.7139398193e+02 6.7149401855e+02 6.7169500732e+02 6.7191802979e+02 6.7209997559e+02 6.7232000732e+02 6.7257897949e+02 6.7277697754e+02 6.7302801514e+02 6.7326098633e+02 6.7341302490e+02 6.7368499756e+02 6.7398101807e+02 6.7420501709e+02 6.7434497070e+02 6.7451800537e+02 6.7467498779e+02 6.7484100342e+02 6.7505603027e+02 6.7528100586e+02 6.7544897461e+02 6.7554400635e+02 6.7564398193e+02 6.7583197021e+02 6.7608697510e+02 6.7634002686e+02 6.7657702637e+02 6.7674499512e+02 6.7691699219e+02 6.7711700439e+02
6.6922900391e+02 6.6932897949e+02 6.6943597412e+02 6.6954901123e+02 6.6968597412e+02 6.6982299805e+02 6.6997802734e+02 6.7017700195e+02 6.7040899658e+02 6.7062298584e+02 6.7075897217e+02 6.7087097168e+02 6.7099200439e+02 6.7109997559e+02 6.7118798828e+02 6.7127899170e+02 6.7136102295e+02 6.7145001221e+02 6.7161798096e+02 6.7181597900e+02 6.7199700928e+02 6.7221899414e+02 6.7247302246e+02 6.7268798828e+02 6.7295098877e+02 6.7319500732e+02 6.7334301758e+02 6.7359497070e+02 6.7388800049e+02 6.7413397217e+02 6.7430200195e+02 6.7450097656e+02 6.7467102051e+02 6.7479998779e+02 6.7493200684e+02 6.7510900879e+02 6.7529998779e+02 6.7544799805e+02 6.7557397461e+02 6.7578399658e+02 6.7606097412e+02 6.7630999756e+02 6.7652697754e+02 6.7670697021e+02 6.7689898682e+02 6.7713000488e+02
6.6915899658e+02 6.6926898193e+02 6.6939801025e+02 6.6953302002e+02 6.6963000488e+02 6.6974401855e+02 6.6990600586e+02 6.7006500244e+02 6.7028997803e+02 6.7054699707e+02 6.7072601318e+02 6.7086798096e+02 6.7097900391e+02 6.7108502197e+02 6.7118499756e+02 6.7126098633e+02 6.7134100342e+02 6.7143798828e+02 6.7160198975e+02 6.7175097656e+02 6.7191302490e+02 6.7212500000e+02 6.7235302734e+02 6.7261199951e+02 6.7291802979e+02 6.7317102051e+02 6.7332598877e+02 6.7354302979e+02 6.7379998779e+02 6.7405200195e+02 6.7428399658e+02 6.7448498535e+02 6.7466198730e+02 6.7477899170e+02 6.7485900879e+02 6.7501898193e+02 6.7521099854e+02 6.7537902832e+02 6.7552697754e+02 6.7574499512e+02 6.7600598145e+02 6.7625000000e+02 6.7646099854e+02 6.7667102051e+02 6.7689202881e+02 6.7715802002e+02
6.6909497070e+02 6.6920697021e+02 6.6935601807e+02 6.6950201416e+02 6.6957598877e+02 6.6967901611e+02 6.6980999756e+02 6.6997198486e+02 6.7018103027e+02 6.7042901611e+02 6.7064398193e+02 6.7083001709e+02 6.7093597412e+02 6.7104699707e+02 6.7116497803e+02 6.7122497559e+02 6.7130297852e+02 6.7142498779e+02 6.7158502197e+02 6.7170800781e+02 6.7185601807e+02 6.7205102539e+02 6.7226000977e+02 6.7254699707e+02 6.7288897705e+02 6.7313397217e+02 6.7326000977e+02 6.7351300049e+02 6.7378802490e+02 6.7401898193e+02 6.7421600342e+02 6.7440698242e+02 6.7458697510e+02 6.7471899414e+02 6.7480700684e+02 6.7498699951e+02 6.7515698242e+02 6.7530700684e+02 6.7548999023e+02 6.7573297119e+02 6.7597198486e+02 6.7619299316e+02 6.7640802002e+02 6.7663299561e+02 6.7691302490e+02 6.7721301270e+02
6.6904602051e+02 6.6919201660e+02 6.6933502197e+02 6.6943103027e+02 6.6950897217e+02 6.6961999512e+02 6.6974102783e+02 6.6989202881e+02 6.7010198975e+02 6.7034600830e+02 6.7056097412e+02 6.7076800537e+02 6.7088702393e+02 6.7100799561e+02 6.7113000488e+02 6.7118298340e+02 6.7126599121e+02 6.7141101074e+02 6.7159399414e+02 6.7171197510e+02 6.7183502197e+02 6.7200097656e+02 6.7217999268e+02 6.7240301514e+02 6.7271002197e+02 6.7298101807e+02 6.7316302490e+02 6.7342297363e+02 6.7370697021e+02 6.7394201660e+02 6.7412799072e+02 6.7429699707e+02 6.7446899414e+02 6.7461700439e+02 6.7473602295e+02 6.7491101074e+02 6.7507000732e+02 6.7523101807e+02 6.7544799805e+02 6.7569500732e+02 6.7592498779e+02 6.7614300537e+02 6.7637097168e+02 6.7659600830e+02 6.7688000488e+02 6.7716998291e+02
6.6902600098e+02 6.6917199707e+02 6.6927697754e+02 6.6933502197e+02 6.6943298340e+02 6.6955401611e+02 6.6968298340e+02 6.6981201172e+02 6.6999499512e+02 6.7024401855e+02 6.7047698975e+02 6.7067999268e+02 6.7082000732e+02 6.7095098877e+02 6.7107098389e+02 6.7113397217e+02 6.7122302246e+02 6.7137799072e+02 6.7158599854e+02 6.7172497559e+02 6.7183099365e+02 6.7196801758e+02 6.7212799072e+02 6.7230102539e+02 6.7254302979e+02 6.7281597900e+02 6.7306097412e+02 6.7330297852e+02 6.7356201172e+02 6.7380499268e+02 6.7401599121e+02 6.7418103027e+02 6.7434002686e+02 6.7449200439e+02 6.7463598633e+02 6.7478900146e+02 6.7494598389e+02 6.7514501953e+02 6.7539001465e+02 6.7561102295e+02 6.7583001709e+02 6.7605200195e+02 6.7628802490e+02 6.7652099609e+02 6.7675701904e+02 6.7698101807e+02
6.6896502686e+02 6.6911901855e+02 6.6921197510e+02 6.6928698730e+02 6.6939898682e+02 6.6951000977e+02 6.6961297607e+02 6.6973901367e+02 6.6987298584e+02 6.7009002686e+02 6.7036798096e+02 6.7058398438e+02 6.7074102783e+02 6.7086499023e+02 6.7097601318e+02 6.7108197021e+02 6.7117297363e+02 6.7130999756e+02 6.7150097656e+02 6.7165301514e+02 6.7176898193e+02 6.7192102051e+02 6.7208001709e+02 6.7227801514e+02 6.7247698975e+02 6.7270697021e+02 6.7295300293e+02 6.7319897461e+02 6.7342102051e+02 6.7365502930e+02 6.7389099121e+02 6.7407702637e+02 6.7423297119e+02 6.7437402344e+02 6.7451098633e+02 6.7464398193e+02 6.7480603027e+02 6.7502502441e+02 6.7525402832e+02 6.7547399902e+02 6.7569299316e+02 6.7592797852e+02 6.7614898682e+02 6.7644201660e+02 6.7672497559e+02 6.7692297363e+02
6.6892999268e+02 6.6908898926e+02 6.6915997314e+02 6.6924597168e+02 6.6935900879e+02 6.6947900391e+02 6.6956402588e+02 6.6966998291e+02 6.6979797363e+02 6.6995098877e+02 6.7018200684e+02 6.7042401123e+02 6.7059197998e+02 6.7071899414e+02 6.7085498047e+02 6.7101501465e+02 6.7112799072e+02 6.7124401855e+02 6.7139801025e+02 6.7152600098e+02 6.7167602539e+02 6.7186999512e+02 6.7202099609e+02 6.7220599365e+02 6.7241198730e+02 6.7261901855e+02 6.7284301758e+02 6.7307098389e+02 6.7328900146e+02 6.7352099609e+02 6.7374902344e+02 6.7394897461e+02 6.7411901855e+02 6.7426098633e+02 6.7439599609e+02 6.7453198242e+02 6.7469598389e+02 6.7490002441e+02 6.7511700439e+02 6.7532000732e+02 6.7555700684e+02 6.7582397461e+02 6.7609002686e+02 6.7632202148e+02 6.7661401367e+02 6.7690301514e+02
6.6892199707e+02 6.6905401611e+02 6.6909600830e+02 6.6918597412e+02 6.6930902100e+02 6.6946002197e+02 6.6955200195e+02 6.6962701416e+02 6.6973602295e+02 6.6986102295e+02 6.7003198242e+02 6.7025000000e+02 6.7042297363e+02 6.7057800293e+02 6.7074798584e+02 6.7093902588e+02 6.7107800293e+02 6.7119299316e+02 6.7132202148e+02 6.7143402100e+02 6.7161199951e+02 6.7181896973e+02 6.7196801758e+02 6.7214801025e+02 6.7234802246e+02 6.7254901123e+02 6.7277801514e+02 6.7297900391e+02 6.7318298340e+02 6.7340197754e+02 6.7361199951e+02 6.7381097412e+02 6.7398999023e+02 6.7414099121e+02 6.7428002930e+02 6.7442700195e+02 6.7460400391e+02 6.7481701660e+02 6.7503302002e+02 6.7522601318e+02 6.7546002197e+02 6.7573297119e+02 6.7599902344e+02 6.7618597412e+02 6.7646002197e+02 6.7677502441e+02
6.6889801025e+02 6.6901501465e+02 6.6903497314e+02 6.6912200928e+02 6.6924798584e+02 6.6940899658e+02 6.6952398682e+02 6.6958801270e+02 6.6969299316e+02 6.6982299805e+02 6.6996197510e+02 6.7013897705e+02 6.7031097412e+02 6.7050299072e+02 6.7070501709e+02 6.7089001465e+02 6.7103497314e+02 6.7115301514e+02 6.7127600098e+02 6.7139001465e+02 6.7156701660e+02 6.7175701904e+02 6.7191497803e+02 6.7210998535e+02 6.7229797363e+02 6.7249298096e+02 6.7273999023e+02 6.7292498779e+02 6.7311700439e+02 6.7332098389e+02 6.7350402832e+02 6.7368902588e+02 6.7386602783e+02 6.7401898193e+02 6.7416198730e+02 6.7431896973e+02 6.7451599121e+02 6.7474401855e+02 6.7496899414e+02 6.7516101074e+02 6.7539697266e+02 6.7566601563e+02 6.7590899658e+02 6.7609497070e+02 6.7633801270e+02 6.7659802246e+02
6.6873199463e+02 6.6889001465e+02 6.6897302246e+02 6.6906500244e+02 6.6918798828e+02 6.6932897949e+02 6.6946197510e+02 6.6954998779e+02 6.6964501953e+02 6.6976898193e+02 6.6990502930e+02 6.7006799316e+02 6.7025500488e+02 6.7049798584e+02 6.7073297119e+02 6.7085400391e+02 6.7097998047e+02 6.7110498047e+02 6.7123400879e+02 6.7137500000e+02 6.7153802490e+02 6.7170397949e+02 6.7186901855e+02 6.7206500244e+02 6.7223400879e+02 6.7241101074e+02 6.7267102051e+02 6.7288397217e+02 6.7307098389e+02 6.7325701904e+02 6.7342297363e+02 6.7360998535e+02 6.7378302002e+02 6.7392401123e+02 6.7404699707e+02 6.7421600342e+02 6.7442797852e+02 6.7466699219e+02 6.7487902832e+02 6.7508801270e+02 6.7533898926e+02 6.7561499023e+02 6.7585498047e+02 6.7604498291e+02 6.7626800537e+02 6.7648699951e+02
6.6861602783e+02 6.6878601074e+02 6.6891400146e+02 6.6900299072e+02 6.6912799072e+02 6.6925299072e+02 6.6938897705e+02 6.6950701904e+02 6.6959698486e+02 6.6970898438e+02 6.6984997559e+02 6.6999597168e+02 6.7019598389e+02 6.7046099854e+02 6.7069500732e+02 6.7082299805e+02 6.7091998291e+02 6.7105401611e+02 6.7120501709e+02 6.7133697510e+02 6.7149902344e+02 6.7168701172e+02 6.7185198975e+02 6.7201202393e+02 6.7218597412e+02 6.7233697510e+02 6.7256298828e+02 6.7278900146e+02 6.7298101807e+02 6.7315502930e+02 6.7331298828e+02 6.7352001953e+02 6.7372100830e+02 6.7385400391e+02 6.7394799805e+02 6.7411700439e+02 6.7434197998e+02 6.7458599854e+02 6.7480902100e+02 6.7500799561e+02 6.7523602295e+02 6.7548400879e+02 6.7571899414e+02 6.7595501709e+02 6.7618798828e+02 6.7639501953e+02
6.6862597656e+02 6.6875299072e+02 6.6886798096e+02 6.6895098877e+02 6.6907897949e+02 6.6918597412e+02 6.6930200195e+02 6.6944396973e+02 6.6955902100e+02 6.6966497803e+02 6.6978198242e+02 6.6991198730e+02 6.7010699463e+02 6.7034002686e+02 6.7054797363e+02 6.7073199463e+02 6.7085198975e+02 6.7099298096e+02 6.7115899658e+02 6.7129302979e+02 6.7145800781e+02 6.7163800049e+02 6.7179797363e+02 6.7193597412e+02 6.7213500977e+02 6.7229602051e+02 6.7249401855e+02 6.7268798828e+02 6.7287298584e+02 6.7304302979e+02 6.7318597412e+02 6.7338500977e+02 6.7360198975e+02 6.7375598145e+02 6.7385900879e+02 6.7403399658e+02 6.7426702881e+02 6.7450598145e+02 6.7471997070e+02 6.7491900635e+02 6.7512701416e+02 6.7534698486e+02 6.7557098389e+02 6.7584698486e+02 6.7607098389e+02 6.7625000000e+02
6.6870898438e+02 6.6877001953e+02 6.6880603027e+02 6.6886700439e+02 6.6900299072e+02 6.6911999512e+02 6.6922302246e+02 6.6936999512e+02 6.6950701904e+02 6.6962500000e+02 6.6972497559e+02 6.6984698486e+02 6.7002697754e+02 6.7021197510e+02 6.7038500977e+02 6.7062701416e+02 6.7078997803e+02 6.7095098877e+02 6.7113500977e+02 6.7128198242e+02 6.7145300293e+02 6.7160601807e+02 6.7172998047e+02 6.7185498047e+02 6.7202697754e+02 6.7220599365e+02 6.7246697998e+02 6.7260900879e+02 6.7276202393e+02 6.7292602539e+02 6.7307501221e+02 6.7326599121e+02 6.7347698975e+02 6.7364599609e+02 6.7377899170e+02 6.7396301270e+02 6.7419299316e+02 6.7441400146e+02 6.7460101318e+02 6.7480798340e+02 6.7501397705e+02 6.7522497559e+02 6.7544702148e+02 6.7572802734e+02 6.7595202637e+02 6.7613800049e+02
6.6869897461e+02 6.6869097900e+02 6.6864001465e+02 6.6873498535e+02 6.6888702393e+02 6.6903698730e+02 6.6916302490e+02 6.6929400635e+02 6.6942401123e+02 6.6955902100e+02 6.6968597412e+02 6.6978997803e+02 6.6994097900e+02 6.7009301758e+02 6.7026000977e+02 6.7047198486e+02 6.7064898682e+02 6.7085900879e+02 6.7110797119e+02 6.7125097656e+02 6.7142297363e+02 6.7158300781e+02 6.7166302490e+02 6.7178002930e+02 6.7192602539e+02 6.7213098145e+02 6.7241802979e+02 6.7252197266e+02 6.7265002441e+02 6.7280902100e+02 6.7298699951e+02 6.7320001221e+02 6.7337200928e+02 6.7352398682e+02 6.7368701172e+02 6.7386602783e+02 6.7409600830e+02 6.7432000732e+02 6.7449401855e+02 6.7469201660e+02 6.7490100098e+02 6.7511401367e+02 6.7533801270e+02 6.7560498047e+02 6.7585400391e+02 6.7610699463e+02
6.6853497314e+02 6.6855401611e+02 6.6854400635e+02 6.6863800049e+02 6.6878601074e+02 6.6893798828e+02 6.6908001709e+02 6.6923901367e+02 6.6936602783e+02 6.6950000000e+02 6.6964300537e+02 6.6974499512e+02 6.6985302734e+02 6.6997302246e+02 6.7015698242e+02 6.7033801270e+02 6.7049902344e+02 6.7069500732e+02 6.7095202637e+02 6.7116101074e+02 6.7134899902e+02 6.7151098633e+02 6.7159698486e+02 6.7172302246e+02 6.7190100098e+02 6.7204998779e+02 6.7226397705e+02 6.7239898682e+02 6.7254602051e+02 6.7269299316e+02 6.7286602783e+02 6.7311798096e+02 6.7328198242e+02 6.7341900635e+02 6.7357800293e+02 6.7374298096e+02 6.7396697998e+02 6.7421697998e+02 6.7441302490e+02 6.7459997559e+02 6.7480200195e+02 6.7501800537e+02 6.7525000000e+02 6.7549298096e+02 6.7572302246e+02 6.7599102783e+02
6.6832800293e+02 6.6841400146e+02 6.6845599365e+02 6.6853497314e+02 6.6868701172e+02 6.6884399414e+02 6.6899298096e+02 6.6916802979e+02 6.6931402588e+02 6.6945300293e+02 6.6958801270e+02 6.6971398926e+02 6.6981896973e+02 6.6992401123e+02 6.7009497070e+02 6.7027398682e+02 6.7042999268e+02 6.7059399414e+02 6.7079101563e+02 6.7098901367e+02 6.7118597412e+02 6.7136102295e+02 6.7148999023e+02 6.7161700439e+02 6.7182299805e+02 6.7197698975e+02 6.7213299561e+02 6.7227301025e+02 6.7244000244e+02 6.7259100342e+02 6.7275500488e+02 6.7298699951e+02 6.7315002441e+02 6.7330499268e+02 6.7346801758e+02 6.7363299561e+02 6.7383599854e+02 6.7407000732e+02 6.7429901123e+02 6.7449798584e+02 6.7469702148e+02 6.7491198730e+02 6.7515100098e+02 6.7538897705e+02 6.7561199951e+02 6.7587097168e+02
6.6814099121e+02 6.6826000977e+02 6.6833898926e+02 6.6844000244e+02 6.6859997559e+02 6.6876098633e+02 6.6891198730e+02 6.6908801270e+02 6.6925201416e+02 6.6940100098e+02 6.6952600098e+02 6.6966198730e+02 6.6978302002e+02 6.6989697266e+02 6.7004602051e+02 6.7021502686e+02 6.7038098145e+02 6.7055700684e+02 6.7073297119e+02 6.7088500977e+02 6.7105297852e+02 6.7122601318e+02 6.7137597656e+02 6.7150897217e+02 6.7167401123e+02 6.7183801270e+02 6.7201397705e+02 6.7215997314e+02 6.7234997559e+02 6.7252697754e+02 6.7270001221e+02 6.7288299561e+02 6.7301702881e+02 6.7318701172e+02 6.7336102295e+02 6.7352197266e+02 6.7373101807e+02 6.7395098877e+02 6.7417498779e+02 6.7438598633e+02 6.7459002686e+02 6.7480603027e+02 6.7504199219e+02 6.7528601074e+02 6.7551702881e+02 6.7575799561e+02
