TESTSERVER/12/2.asc
NCOLS 100
NROWS 100
XLLCORNER 8.0997500000e+03
YLLCORNER 2.8985025000e+05
CELLSIZE 5.0000000000e-01
NODATA_VALUE -9.9990000000e+03
[rows 80 to 99 of 100, columns 46 to 91 of 100]
6.6300299072e+02 6.6311901855e+02 6.6322802734e+02 6.6334100342e+02 6.6346301270e+02 6.6356799316e+02 6.6368499756e+02 6.6380200195e+02 6.6392102051e+02 6.6406201172e+02 6.6419500732e+02 6.6430102539e+02 6.6443200684e+02 6.6456701660e+02 6.6469799805e+02 6.6481701660e+02 6.6497802734e+02 6.6513098145e+02 6.6526702881e+02 6.6542901611e+02 6.6558001709e+02 6.6573297119e+02 6.6586199951e+02 6.6601599121e+02 6.6617797852e+02 6.6635498047e+02 6.6655798340e+02 6.6674902344e+02 6.6695397949e+02 6.6713598633e+02 6.6728900146e+02 6.6744097900e+02 6.6760302734e+02 6.6769799805e+02 6.6777801514e+02 6.6796099854e+02 6.6819500732e+02 6.6836102295e+02 6.6851300049e+02 6.6863800049e+02 6.6877502441e+02 6.6901501465e+02 6.6928601074e+02 6.6953100586e+02 6.6978100586e+02 6.6996801758e+02
6.6289801025e+02 6.6300000000e+02 6.6311102295e+02 6.6322698975e+02 6.6334997559e+02 6.6346801758e+02 6.6358898926e+02 6.6371002197e+02 6.6383001709e+02 6.6396600342e+02 6.6408502197e+02 6.6421099854e+02 6.6433801270e+02 6.6447198486e+02 6.6462402344e+02 6.6475000000e+02 6.6489300537e+02 6.6503698730e+02 6.6516900635e+02 6.6533099365e+02 6.6547601318e+02 6.6561999512e+02 6.6574700928e+02 6.6590399170e+02 6.6605798340e+02 6.6624298096e+02 6.6644201660e+02 6.6664001465e+02 6.6687097168e+02 6.6705297852e+02 6.6725897217e+02 6.6740502930e+02 6.6753100586e+02 6.6765802002e+02 6.6772302246e+02 6.6783099365e+02 6.6808197021e+02 6.6830200195e+02 6.6846600342e+02 6.6861401367e+02 6.6874298096e+02 6.6893402100e+02 6.6914599609e+02 6.6935601807e+02 6.6960101318e+02 6.6982800293e+02
6.6279400635e+02 6.6288299561e+02 6.6299798584e+02 6.6312097168e+02 6.6325000000e+02 6.6337097168e+02 6.6348498535e+02 6.6360601807e+02 6.6373101807e+02 6.6385601807e+02 6.6396600342e+02 6.6411297607e+02 6.6423999023e+02 6.6437402344e+02 6.6451898193e+02 6.6465502930e+02 6.6479901123e+02 6.6494598389e+02 6.6508001709e+02 6.6522998047e+02 6.6537799072e+02 6.6552001953e+02 6.6563598633e+02 6.6579498291e+02 6.6596002197e+02 6.6613598633e+02 6.6631201172e+02 6.6649597168e+02 6.6671301270e+02 6.6691900635e+02 6.6717700195e+02 6.6736602783e+02 6.6747302246e+02 6.6760998535e+02 6.6771502686e+02 6.6777099609e+02 6.6790698242e+02 6.6814898682e+02 6.6842297363e+02 6.6857098389e+02 6.6869000244e+02 6.6886901855e+02 6.6905798340e+02 6.6924200439e+02 6.6946697998e+02 6.6972302246e+02
6.6268701172e+02 6.6276501465e+02 6.6287701416e+02 6.6300299072e+02 6.6314801025e+02 6.6327801514e+02 6.6337701416e+02 6.6349798584e+02 6.6363000488e+02 6.6375897217e+02 6.6387500000e+02 6.6401702881e+02 6.6415600586e+02 6.6428900146e+02 6.6441601563e+02 6.6456298828e+02 6.6470098877e+02 6.6484997559e+02 6.6498400879e+02 6.6513201904e+02 6.6528198242e+02 6.6542602539e+02 6.6555102539e+02 6.6570098877e+02 6.6585699463e+02 6.6601202393e+02 6.6617797852e+02 6.6635498047e+02 6.6654199219e+02 6.6675598145e+02 6.6701202393e+02 6.6725598145e+02 6.6740399170e+02 6.6755102539e+02 6.6768701172e+02 6.6775799561e+02 6.6780200195e+02 6.6796997070e+02 6.6830999756e+02 6.6854498291e+02 6.6867602539e+02 6.6881896973e+02 6.6900097656e+02 6.6915997314e+02 6.6939599609e+02 6.6967102051e+02
6.6257000732e+02 6.6266802979e+02 6.6276501465e+02 6.6288598633e+02 6.6302301025e+02 6.6315100098e+02 6.6326702881e+02 6.6338500977e+02 6.6351800537e+02 6.6365301514e+02 6.6378198242e+02 6.6390802002e+02 6.6404498291e+02 6.6418298340e+02 6.6431298828e+02 6.6445800781e+02 6.6459399414e+02 6.6474597168e+02 6.6489599609e+02 6.6503100586e+02 6.6516101074e+02 6.6530603027e+02 6.6545697021e+02 6.6560900879e+02 6.6574102783e+02 6.6587799072e+02 6.6606896973e+02 6.6623602295e+02 6.6640399170e+02 6.6660699463e+02 6.6684600830e+02 6.6707501221e+02 6.6727197266e+02 6.6745397949e+02 6.6760797119e+02 6.6772900391e+02 6.6779199219e+02 6.6790002441e+02 6.6813098145e+02 6.6847497559e+02 6.6870501709e+02 6.6879498291e+02 6.6896398926e+02 6.6912200928e+02 6.6933300781e+02 6.6957000732e+02
6.6245599365e+02 6.6254998779e+02 6.6266198730e+02 6.6278900146e+02 6.6290197754e+02 6.6301702881e+02 6.6315301514e+02 6.6326898193e+02 6.6340399170e+02 6.6354797363e+02 6.6368402100e+02 6.6380297852e+02 6.6393701172e+02 6.6407598877e+02 6.6420202637e+02 6.6435101318e+02 6.6448498535e+02 6.6462500000e+02 6.6478198242e+02 6.6492797852e+02 6.6506097412e+02 6.6520898438e+02 6.6535198975e+02 6.6551000977e+02 6.6564697266e+02 6.6578900146e+02 6.6596197510e+02 6.6613000488e+02 6.6630999756e+02 6.6647302246e+02 6.6668798828e+02 6.6690899658e+02 6.6709600830e+02 6.6729199219e+02 6.6748901367e+02 6.6767498779e+02 6.6778002930e+02 6.6787701416e+02 6.6799597168e+02 6.6829998779e+02 6.6871600342e+02 6.6884802246e+02 6.6891101074e+02 6.6903601074e+02 6.6923400879e+02 6.6946997070e+02
6.6234399414e+02 6.6244097900e+02 6.6256701660e+02 6.6268402100e+02 6.6278802490e+02 6.6290197754e+02 6.6304101563e+02 6.6316497803e+02 6.6329998779e+02 6.6344897461e+02 6.6358001709e+02 6.6370001221e+02 6.6383197021e+02 6.6397302246e+02 6.6409899902e+02 6.6424597168e+02 6.6439001465e+02 6.6454199219e+02 6.6467797852e+02 6.6482202148e+02 6.6497302246e+02 6.6510900879e+02 6.6524102783e+02 6.6540899658e+02 6.6555102539e+02 6.6569201660e+02 6.6585400391e+02 6.6601098633e+02 6.6619500732e+02 6.6635900879e+02 6.6653198242e+02 6.6673297119e+02 6.6692999268e+02 6.6713201904e+02 6.6733898926e+02 6.6753802490e+02 6.6769799805e+02 6.6781896973e+02 6.6786999512e+02 6.6807299805e+02 6.6852899170e+02 6.6880102539e+02 6.6894299316e+02 6.6903100586e+02 6.6914202881e+02 6.6933898926e+02
6.6223699951e+02 6.6234698486e+02 6.6246801758e+02 6.6258001709e+02 6.6268798828e+02 6.6279101563e+02 6.6292602539e+02 6.6306402588e+02 6.6319598389e+02 6.6334399414e+02 6.6346697998e+02 6.6358099365e+02 6.6371301270e+02 6.6386798096e+02 6.6400402832e+02 6.6413397217e+02 6.6428302002e+02 6.6443902588e+02 6.6457202148e+02 6.6471002197e+02 6.6486700439e+02 6.6501202393e+02 6.6514898682e+02 6.6530297852e+02 6.6544500732e+02 6.6559002686e+02 6.6575000000e+02 6.6591101074e+02 6.6608398438e+02 6.6625799561e+02 6.6640698242e+02 6.6657501221e+02 6.6678100586e+02 6.6698602295e+02 6.6718103027e+02 6.6736199951e+02 6.6757501221e+02 6.6777001953e+02 6.6784197998e+02 6.6796697998e+02 6.6825402832e+02 6.6860302734e+02 6.6894598389e+02 6.6908398438e+02 6.6911199951e+02 6.6923797607e+02
6.6211798096e+02 6.6223602295e+02 6.6236401367e+02 6.6248602295e+02 6.6259399414e+02 6.6268902588e+02 6.6281896973e+02 6.6295001221e+02 6.6308898926e+02 6.6322601318e+02 6.6335101318e+02 6.6347302246e+02 6.6361199951e+02 6.6376702881e+02 6.6389697266e+02 6.6402801514e+02 6.6418597412e+02 6.6432800293e+02 6.6445800781e+02 6.6459802246e+02 6.6474700928e+02 6.6492401123e+02 6.6508001709e+02 6.6516802979e+02 6.6532202148e+02 6.6548199463e+02 6.6565002441e+02 6.6580999756e+02 6.6596502686e+02 6.6612902832e+02 6.6626702881e+02 6.6643298340e+02 6.6662597656e+02 6.6682299805e+02 6.6701898193e+02 6.6720599365e+02 6.6744201660e+02 6.6768597412e+02 6.6782202148e+02 6.6793597412e+02 6.6805102539e+02 6.6838299561e+02 6.6884197998e+02 6.6911901855e+02 6.6915197754e+02 6.6919097900e+02
6.6202197266e+02 6.6214398193e+02 6.6226300049e+02 6.6238397217e+02 6.6249902344e+02 6.6259997559e+02 6.6271697998e+02 6.6283502197e+02 6.6296697998e+02 6.6311297607e+02 6.6325598145e+02 6.6337500000e+02 6.6351098633e+02 6.6365899658e+02 6.6379699707e+02 6.6392700195e+02 6.6407299805e+02 6.6421997070e+02 6.6435101318e+02 6.6449798584e+02 6.6462097168e+02 6.6479101563e+02 6.6496502686e+02 6.6509399414e+02 6.6524700928e+02 6.6538598633e+02 6.6554998779e+02 6.6571398926e+02 6.6584997559e+02 6.6599597168e+02 6.6615197754e+02 6.6632800293e+02 6.6649902344e+02 6.6667498779e+02 6.6688397217e+02 6.6707202148e+02 6.6728601074e+02 6.6753302002e+02 6.6774200439e+02 6.6785699463e+02 6.6788598633e+02 6.6812200928e+02 6.6859497070e+02 6.6904302979e+02 6.6920300293e+02 6.6923199463e+02
6.6192498779e+02 6.6205102539e+02 6.6216497803e+02 6.6228601074e+02 6.6239898682e+02 6.6248999023e+02 6.6260198975e+02 6.6273498535e+02 6.6286102295e+02 6.6300299072e+02 6.6314001465e+02 6.6326898193e+02 6.6339697266e+02 6.6353302002e+02 6.6370202637e+02 6.6384197998e+02 6.6396600342e+02 6.6410101318e+02 6.6423901367e+02 6.6439801025e+02 6.6453198242e+02 6.6470001221e+02 6.6485900879e+02 6.6501397705e+02 6.6515899658e+02 6.6528900146e+02 6.6544799805e+02 6.6560302734e+02 6.6573297119e+02 6.6586999512e+02 6.6603900146e+02 6.6621197510e+02 6.6637402344e+02 6.6654101563e+02 6.6673699951e+02 6.6695202637e+02 6.6716302490e+02 6.6739697266e+02 6.6763800049e+02 6.6778997803e+02 6.6782501221e+02 6.6794799805e+02 6.6826300049e+02 6.6877301025e+02 6.6916802979e+02 6.6931799316e+02
6.6182897949e+02 6.6193597412e+02 6.6205102539e+02 6.6217498779e+02 6.6229400635e+02 6.6238800049e+02 6.6250201416e+02 6.6263201904e+02 6.6275299072e+02 6.6288500977e+02 6.6300598145e+02 6.6314898682e+02 6.6328802490e+02 6.6342797852e+02 6.6359002686e+02 6.6372802734e+02 6.6385400391e+02 6.6397900391e+02 6.6412402344e+02 6.6429302979e+02 6.6445001221e+02 6.6461401367e+02 6.6474700928e+02 6.6490802002e+02 6.6504797363e+02 6.6518701172e+02 6.6534100342e+02 6.6548400879e+02 6.6561901855e+02 6.6576800537e+02 6.6592401123e+02 6.6607897949e+02 6.6625701904e+02 6.6642602539e+02 6.6659399414e+02 6.6680102539e+02 6.6702301025e+02 6.6723901367e+02 6.6747100830e+02 6.6769598389e+02 6.6780401611e+02 6.6787402344e+02 6.6801702881e+02 6.6842901611e+02 6.6896099854e+02 6.6929199219e+02
6.6171099854e+02 6.6181597900e+02 6.6192999268e+02 6.6205200195e+02 6.6217297363e+02 6.6228601074e+02 6.6239300537e+02 6.6251300049e+02 6.6264501953e+02 6.6277801514e+02 6.6290100098e+02 6.6303601074e+02 6.6318499756e+02 6.6333099365e+02 6.6346099854e+02 6.6359399414e+02 6.6375799561e+02 6.6389898682e+02 6.6402600098e+02 6.6419702148e+02 6.6435699463e+02 6.6449597168e+02 6.6463702393e+02 6.6480401611e+02 6.6494201660e+02 6.6509301758e+02 6.6524597168e+02 6.6536602783e+02 6.6550402832e+02 6.6565899658e+02 6.6581896973e+02 6.6595599365e+02 6.6614599609e+02 6.6631298828e+02 6.6647497559e+02 6.6664697266e+02 6.6687701416e+02 6.6710198975e+02 6.6731896973e+02 6.6754998779e+02 6.6773400879e+02 6.6782501221e+02 6.6790899658e+02 6.6816699219e+02 6.6867199707e+02 6.6911999512e+02
6.6161199951e+02 6.6172302246e+02 6.6183398438e+02 6.6194799805e+02 6.6205297852e+02 6.6217102051e+02 6.6229602051e+02 6.6240399170e+02 6.6252600098e+02 6.6266302490e+02 6.6278900146e+02 6.6294500732e+02 6.6308697510e+02 6.6322399902e+02 6.6335998535e+02 6.6349401855e+02 6.6364398193e+02 6.6379498291e+02 6.6392602539e+02 6.6407702637e+02 6.6424200439e+02 6.6437799072e+02 6.6453198242e+02 6.6470697021e+02 6.6482598877e+02 6.6496899414e+02 6.6512902832e+02 6.6525799561e+02 6.6540802002e+02 6.6556701660e+02 6.6570501709e+02 6.6585302734e+02 6.6603100586e+02 6.6619000244e+02 6.6635498047e+02 6.6653198242e+02 6.6673101807e+02 6.6693597412e+02 6.6716400146e+02 6.6741400146e+02 6.6764599609e+02 6.6778802490e+02 6.6785302734e+02 6.6801300049e+02 6.6844500732e+02 6.6891497803e+02
6.6151300049e+02 6.6161700439e+02 6.6174700928e+02 6.6185400391e+02 6.6194201660e+02 6.6205401611e+02 6.6219000244e+02 6.6230102539e+02 6.6241497803e+02 6.6255102539e+02 6.6267999268e+02 6.6283001709e+02 6.6296197510e+02 6.6310699463e+02 6.6325799561e+02 6.6340100098e+02 6.6352899170e+02 6.6367401123e+02 6.6383001709e+02 6.6396697998e+02 6.6411297607e+02 6.6425701904e+02 6.6442602539e+02 6.6458099365e+02 6.6470098877e+02 6.6485400391e+02 6.6501397705e+02 6.6515997314e+02 6.6531298828e+02 6.6546899414e+02 6.6560498047e+02 6.6574798584e+02 6.6590100098e+02 6.6605999756e+02 6.6622198486e+02 6.6640502930e+02 6.6658801270e+02 6.6678002930e+02 6.6700000000e+02 6.6725201416e+02 6.6750598145e+02 6.6771502686e+02 6.6783398438e+02 6.6790600586e+02 6.6818298340e+02 6.6861102295e+02
6.6142498779e+02 6.6152099609e+02 6.6164300537e+02 6.6174902344e+02 6.6184698486e+02 6.6196099854e+02 6.6208300781e+02 6.6219598389e+02 6.6230700684e+02 6.6243402100e+02 6.6256201172e+02 6.6270800781e+02 6.6284997559e+02 6.6300402832e+02 6.6314801025e+02 6.6329998779e+02 6.6342901611e+02 6.6355700684e+02 6.6371398926e+02 6.6385302734e+02 6.6398699951e+02 6.6414300537e+02 6.6430902100e+02 6.6445697021e+02 6.6459100342e+02 6.6475799561e+02 6.6491802979e+02 6.6506701660e+02 6.6520697021e+02 6.6536798096e+02 6.6552001953e+02 6.6564599609e+02 6.6577301025e+02 6.6593402100e+02 6.6610400391e+02 6.6628100586e+02 6.6646197510e+02 6.6666302490e+02 6.6686499023e+02 6.6711102295e+02 6.6735998535e+02 6.6758502197e+02 6.6776397705e+02 6.6784301758e+02 6.6799798584e+02 6.6830297852e+02
6.6132702637e+02 6.6142797852e+02 6.6152899170e+02 6.6164599609e+02 6.6175201416e+02 6.6185601807e+02 6.6196301270e+02 6.6208801270e+02 6.6220599365e+02 6.6232800293e+02 6.6244897461e+02 6.6259899902e+02 6.6272698975e+02 6.6286602783e+02 6.6300701904e+02 6.6315802002e+02 6.6331201172e+02 6.6344799805e+02 6.6359301758e+02 6.6376000977e+02 6.6389801025e+02 6.6404400635e+02 6.6418499756e+02 6.6434997559e+02 6.6450201416e+02 6.6465802002e+02 6.6481298828e+02 6.6497698975e+02 6.6510900879e+02 6.6525201416e+02 6.6540802002e+02 6.6553698730e+02 6.6566601563e+02 6.6584600830e+02 6.6601000977e+02 6.6616302490e+02 6.6634600830e+02 6.6654602051e+02 6.6673199463e+02 6.6697601318e+02 6.6722998047e+02 6.6746502686e+02 6.6770202637e+02 6.6780700684e+02 6.6792401123e+02 6.6811700439e+02
6.6122998047e+02 6.6132702637e+02 6.6142498779e+02 6.6154901123e+02 6.6165997314e+02 6.6176397705e+02 6.6188598633e+02 6.6199298096e+02 6.6209802246e+02 6.6221997070e+02 6.6234698486e+02 6.6248101807e+02 6.6259997559e+02 6.6275299072e+02 6.6290502930e+02 6.6305401611e+02 6.6321002197e+02 6.6334997559e+02 6.6349499512e+02 6.6363397217e+02 6.6377697754e+02 6.6393499756e+02 6.6407299805e+02 6.6424298096e+02 6.6439202881e+02 6.6453601074e+02 6.6468798828e+02 6.6485101318e+02 6.6500201416e+02 6.6515899658e+02 6.6531500244e+02 6.6544702148e+02 6.6559301758e+02 6.6576397705e+02 6.6589801025e+02 6.6603399658e+02 6.6620501709e+02 6.6639202881e+02 6.6661602783e+02 6.6683801270e+02 6.6705603027e+02 6.6729797363e+02 6.6754699707e+02 6.6775701904e+02 6.6790802002e+02 6.6804602051e+02
6.6112402344e+02 6.6122399902e+02 6.6131597900e+02 6.6143798828e+02 6.6154199219e+02 6.6165100098e+02 6.6178399658e+02 6.6188702393e+02 6.6198901367e+02 6.6212097168e+02 6.6227197266e+02 6.6239202881e+02 6.6251000977e+02 6.6266302490e+02 6.6278698730e+02 6.6293597412e+02 6.6309497070e+02 6.6324200439e+02 6.6338800049e+02 6.6352697754e+02 6.6367602539e+02 6.6384002686e+02 6.6397497559e+02 6.6412902832e+02 6.6428302002e+02 6.6443200684e+02 6.6459600830e+02 6.6476501465e+02 6.6490100098e+02 6.6504998779e+02 6.6521600342e+02 6.6532897949e+02 6.6547698975e+02 6.6563598633e+02 6.6578198242e+02 6.6593200684e+02 6.6609698486e+02 6.6628302002e+02 6.6652001953e+02 6.6671997070e+02 6.6690600586e+02 6.6715802002e+02 6.6739501953e+02 6.6764099121e+02 6.6784698486e+02 6.6798101807e+02
6.6102301025e+02 6.6112902832e+02 6.6121398926e+02 6.6134197998e+02 6.6144201660e+02 6.6154699707e+02 6.6166802979e+02 6.6179498291e+02 6.6190502930e+02 6.6203198242e+02 6.6218701172e+02 6.6230102539e+02 6.6242498779e+02 6.6256402588e+02 6.6267901611e+02 6.6282397461e+02 6.6297998047e+02 6.6313702393e+02 6.6327502441e+02 6.6341302490e+02 6.6357202148e+02 6.6373199463e+02 6.6387799072e+02 6.6403002930e+02 6.6418798828e+02 6.6433599854e+02 6.6450701904e+02 6.6467401123e+02 6.6479498291e+02 6.6492498779e+02 6.6510101318e+02 6.6521899414e+02 6.6535699463e+02 6.6551397705e+02 6.6567102051e+02 6.6583398438e+02 6.6602099609e+02 6.6620202637e+02 6.6640100098e+02 6.6659497070e+02 6.6677801514e+02 6.6702801514e+02 6.6726300049e+02 6.6751000977e+02 6.6776300049e+02 6.6793902588e+02
