TESTSERVER/12/3.asc
NCOLS 100
NROWS 100
XLLCORNER 8.0997500000e+03
YLLCORNER 2.8980025000e+05
CELLSIZE 5.0000000000e-01
NODATA_VALUE -9.9990000000e+03
[rows 0 to 19 of 100, columns 46 to 91 of 100]
6.6091998291e+02 6.6102099609e+02 6.6112500000e+02 6.6124597168e+02 6.6135101318e+02 6.6145800781e+02 6.6156298828e+02 6.6168798828e+02 6.6181799316e+02 6.6193597412e+02 6.6206500244e+02 6.6220300293e+02 6.6232098389e+02 6.6244000244e+02 6.6258300781e+02 6.6272802734e+02 6.6287097168e+02 6.6302398682e+02 6.6317401123e+02 6.6330902100e+02 6.6345697021e+02 6.6360699463e+02 6.6377600098e+02 6.6394097900e+02 6.6408801270e+02 6.6423797607e+02 6.6438897705e+02 6.6454400635e+02 6.6469000244e+02 6.6481799316e+02 6.6497198486e+02 6.6512200928e+02 6.6525201416e+02 6.6540802002e+02 6.6557202148e+02 6.6571899414e+02 6.6590399170e+02 6.6608502197e+02 6.6625299072e+02 6.6648400879e+02 6.6669097900e+02 6.6690301514e+02 6.6712902832e+02 6.6737701416e+02 6.6765002441e+02 6.6787701416e+02
6.6080798340e+02 6.6092401123e+02 6.6103601074e+02 6.6115502930e+02 6.6125701904e+02 6.6136798096e+02 6.6148901367e+02 6.6161199951e+02 6.6173602295e+02 6.6184997559e+02 6.6196801758e+02 6.6210400391e+02 6.6223297119e+02 6.6236297607e+02 6.6248400879e+02 6.6261499023e+02 6.6276300049e+02 6.6290399170e+02 6.6304901123e+02 6.6319598389e+02 6.6334997559e+02 6.6351098633e+02 6.6366699219e+02 6.6382098389e+02 6.6396997070e+02 6.6411999512e+02 6.6426397705e+02 6.6441101074e+02 6.6457702637e+02 6.6473901367e+02 6.6485498047e+02 6.6499102783e+02 6.6513397217e+02 6.6528100586e+02 6.6544897461e+02 6.6560498047e+02 6.6580102539e+02 6.6599102783e+02 6.6615600586e+02 6.6634399414e+02 6.6654101563e+02 6.6675097656e+02 6.6699298096e+02 6.6725598145e+02 6.6753399658e+02 6.6778900146e+02
6.6069799805e+02 6.6081402588e+02 6.6092602539e+02 6.6104602051e+02 6.6114697266e+02 6.6127099609e+02 6.6139202881e+02 6.6150097656e+02 6.6162902832e+02 6.6175097656e+02 6.6188098145e+02 6.6201300049e+02 6.6213897705e+02 6.6227197266e+02 6.6238800049e+02 6.6252301025e+02 6.6266198730e+02 6.6279199219e+02 6.6293499756e+02 6.6308300781e+02 6.6323999023e+02 6.6340100098e+02 6.6354602051e+02 6.6369897461e+02 6.6385400391e+02 6.6400000000e+02 6.6414599609e+02 6.6430603027e+02 6.6446697998e+02 6.6463800049e+02 6.6476702881e+02 6.6490698242e+02 6.6504199219e+02 6.6518298340e+02 6.6534399414e+02 6.6550598145e+02 6.6568298340e+02 6.6585498047e+02 6.6603198242e+02 6.6619897461e+02 6.6639599609e+02 6.6661999512e+02 6.6684698486e+02 6.6710101318e+02 6.6738800049e+02 6.6766101074e+02
6.6059399414e+02 6.6069897461e+02 6.6080902100e+02 6.6093597412e+02 6.6104498291e+02 6.6116900635e+02 6.6128002930e+02 6.6139001465e+02 6.6152502441e+02 6.6165698242e+02 6.6179101563e+02 6.6190802002e+02 6.6202398682e+02 6.6216198730e+02 6.6228802490e+02 6.6242901611e+02 6.6255499268e+02 6.6267700195e+02 6.6281298828e+02 6.6296301270e+02 6.6312500000e+02 6.6327600098e+02 6.6342199707e+02 6.6358099365e+02 6.6374700928e+02 6.6390600586e+02 6.6403802490e+02 6.6419500732e+02 6.6434600830e+02 6.6450000000e+02 6.6466302490e+02 6.6480499268e+02 6.6494702148e+02 6.6509802246e+02 6.6522998047e+02 6.6538299561e+02 6.6554901123e+02 6.6571801758e+02 6.6589300537e+02 6.6605297852e+02 6.6625097656e+02 6.6647601318e+02 6.6669097900e+02 6.6692700195e+02 6.6721502686e+02 6.6750000000e+02
6.6049102783e+02 6.6059301758e+02 6.6070300293e+02 6.6083502197e+02 6.6095001221e+02 6.6105603027e+02 6.6116802979e+02 6.6129498291e+02 6.6143701172e+02 6.6156402588e+02 6.6167700195e+02 6.6178997803e+02 6.6191101074e+02 6.6205798340e+02 6.6219897461e+02 6.6233197021e+02 6.6245001221e+02 6.6256896973e+02 6.6269897461e+02 6.6286602783e+02 6.6302099609e+02 6.6315399170e+02 6.6332501221e+02 6.6347998047e+02 6.6364099121e+02 6.6378997803e+02 6.6391802979e+02 6.6406701660e+02 6.6422302246e+02 6.6438201904e+02 6.6454901123e+02 6.6468200684e+02 6.6484301758e+02 6.6500897217e+02 6.6513000488e+02 6.6526098633e+02 6.6542602539e+02 6.6560900879e+02 6.6576599121e+02 6.6592102051e+02 6.6611102295e+02 6.6630902100e+02 6.6651501465e+02 6.6675799561e+02 6.6702899170e+02 6.6731298828e+02
6.6038299561e+02 6.6048999023e+02 6.6058898926e+02 6.6073101807e+02 6.6085101318e+02 6.6096002197e+02 6.6106799316e+02 6.6118103027e+02 6.6131701660e+02 6.6146002197e+02 6.6157397461e+02 6.6170300293e+02 6.6183300781e+02 6.6195599365e+02 6.6207897949e+02 6.6222198486e+02 6.6234802246e+02 6.6248199463e+02 6.6259698486e+02 6.6274102783e+02 6.6288598633e+02 6.6303601074e+02 6.6319201660e+02 6.6334899902e+02 6.6349298096e+02 6.6365100098e+02 6.6379400635e+02 6.6393798828e+02 6.6408599854e+02 6.6424700928e+02 6.6442199707e+02 6.6457800293e+02 6.6472900391e+02 6.6487597656e+02 6.6501000977e+02 6.6514501953e+02 6.6529699707e+02 6.6546002197e+02 6.6561798096e+02 6.6579101563e+02 6.6599597168e+02 6.6618798828e+02 6.6638500977e+02 6.6661102295e+02 6.6687402344e+02 6.6715197754e+02
6.6028997803e+02 6.6039398193e+02 6.6049102783e+02 6.6061199951e+02 6.6072900391e+02 6.6084600830e+02 6.6095898438e+02 6.6106500244e+02 6.6119702148e+02 6.6134698486e+02 6.6147302246e+02 6.6159600830e+02 6.6172198486e+02 6.6184698486e+02 6.6197100830e+02 6.6210302734e+02 6.6223400879e+02 6.6238299561e+02 6.6250897217e+02 6.6264599609e+02 6.6278302002e+02 6.6293298340e+02 6.6305902100e+02 6.6322302246e+02 6.6335302734e+02 6.6350897217e+02 6.6366802979e+02 6.6381799316e+02 6.6396502686e+02 6.6411499023e+02 6.6428900146e+02 6.6446398926e+02 6.6460998535e+02 6.6474798584e+02 6.6489697266e+02 6.6502899170e+02 6.6517797852e+02 6.6533599854e+02 6.6550799561e+02 6.6567401123e+02 6.6585998535e+02 6.6604302979e+02 6.6624200439e+02 6.6645001221e+02 6.6668597412e+02 6.6695098877e+02
6.6017999268e+02 6.6029998779e+02 6.6041601563e+02 6.6051501465e+02 6.6061102295e+02 6.6072900391e+02 6.6085400391e+02 6.6096398926e+02 6.6110198975e+02 6.6124597168e+02 6.6137298584e+02 6.6149597168e+02 6.6160302734e+02 6.6173602295e+02 6.6186602783e+02 6.6199102783e+02 6.6212799072e+02 6.6227398682e+02 6.6239501953e+02 6.6253497314e+02 6.6268298340e+02 6.6283599854e+02 6.6294702148e+02 6.6310900879e+02 6.6324200439e+02 6.6338397217e+02 6.6352001953e+02 6.6367401123e+02 6.6384100342e+02 6.6399401855e+02 6.6415899658e+02 6.6432702637e+02 6.6447900391e+02 6.6463500977e+02 6.6479101563e+02 6.6491400146e+02 6.6507299805e+02 6.6523999023e+02 6.6541101074e+02 6.6555401611e+02 6.6572601318e+02 6.6591400146e+02 6.6610998535e+02 6.6629602051e+02 6.6650000000e+02 6.6674102783e+02
6.6009002686e+02 6.6021502686e+02 6.6032098389e+02 6.6042700195e+02 6.6051202393e+02 6.6061700439e+02 6.6074200439e+02 6.6085498047e+02 6.6099200439e+02 6.6112902832e+02 6.6123901367e+02 6.6138598633e+02 6.6150097656e+02 6.6163598633e+02 6.6177001953e+02 6.6189398193e+02 6.6202398682e+02 6.6215002441e+02 6.6227398682e+02 6.6242498779e+02 6.6255999756e+02 6.6270898438e+02 6.6284899902e+02 6.6297302246e+02 6.6310198975e+02 6.6325000000e+02 6.6338201904e+02 6.6352197266e+02 6.6368200684e+02 6.6385101318e+02 6.6403002930e+02 6.6416198730e+02 6.6433197021e+02 6.6451397705e+02 6.6467199707e+02 6.6479199219e+02 6.6495300293e+02 6.6510998535e+02 6.6528997803e+02 6.6541699219e+02 6.6558099365e+02 6.6578302002e+02 6.6598602295e+02 6.6616497803e+02 6.6635400391e+02 6.6657202148e+02
6.5999798584e+02 6.6010601807e+02 6.6020898438e+02 6.6032098389e+02 6.6041998291e+02 6.6052600098e+02 6.6063299561e+02 6.6076300049e+02 6.6090002441e+02 6.6101800537e+02 6.6113598633e+02 6.6128100586e+02 6.6140002441e+02 6.6153100586e+02 6.6165600586e+02 6.6178900146e+02 6.6190502930e+02 6.6202502441e+02 6.6217102051e+02 6.6230798340e+02 6.6242700195e+02 6.6258398438e+02 6.6271002197e+02 6.6284698486e+02 6.6297302246e+02 6.6311401367e+02 6.6325097656e+02 6.6340100098e+02 6.6355297852e+02 6.6370397949e+02 6.6388500977e+02 6.6401800537e+02 6.6417700195e+02 6.6434997559e+02 6.6452899170e+02 6.6468200684e+02 6.6484600830e+02 6.6497198486e+02 6.6513299561e+02 6.6529400635e+02 6.6546197510e+02 6.6564697266e+02 6.6583697510e+02 6.6602801514e+02 6.6622802734e+02 6.6642901611e+02
6.5991900635e+02 6.6001501465e+02 6.6011297607e+02 6.6022497559e+02 6.6032299805e+02 6.6043499756e+02 6.6054699707e+02 6.6067999268e+02 6.6079699707e+02 6.6089898682e+02 6.6102301025e+02 6.6116497803e+02 6.6129400635e+02 6.6142602539e+02 6.6155499268e+02 6.6169097900e+02 6.6179797363e+02 6.6191198730e+02 6.6205102539e+02 6.6218200684e+02 6.6231597900e+02 6.6246502686e+02 6.6257897949e+02 6.6272802734e+02 6.6284802246e+02 6.6297399902e+02 6.6310498047e+02 6.6325799561e+02 6.6341400146e+02 6.6355798340e+02 6.6373602295e+02 6.6386999512e+02 6.6401702881e+02 6.6419201660e+02 6.6438000488e+02 6.6454498291e+02 6.6471398926e+02 6.6484600830e+02 6.6498797607e+02 6.6515899658e+02 6.6532202148e+02 6.6550000000e+02 6.6569299316e+02 6.6588299561e+02 6.6608697510e+02 6.6628802490e+02
6.5982598877e+02 6.5991497803e+02 6.6001098633e+02 6.6012902832e+02 6.6023297119e+02 6.6033502197e+02 6.6044500732e+02 6.6056799316e+02 6.6069201660e+02 6.6079998779e+02 6.6091900635e+02 6.6105902100e+02 6.6118298340e+02 6.6131097412e+02 6.6144799805e+02 6.6158502197e+02 6.6169897461e+02 6.6181701660e+02 6.6195300293e+02 6.6207501221e+02 6.6220697021e+02 6.6234002686e+02 6.6245599365e+02 6.6259600830e+02 6.6271801758e+02 6.6285101318e+02 6.6297900391e+02 6.6313201904e+02 6.6328802490e+02 6.6342999268e+02 6.6358599854e+02 6.6371600342e+02 6.6386602783e+02 6.6404797363e+02 6.6422198486e+02 6.6437902832e+02 6.6454998779e+02 6.6470001221e+02 6.6484899902e+02 6.6502502441e+02 6.6517797852e+02 6.6534698486e+02 6.6555499268e+02 6.6575000000e+02 6.6594702148e+02 6.6614501953e+02
6.5973101807e+02 6.5983398438e+02 6.5993103027e+02 6.6003302002e+02 6.6013397217e+02 6.6023297119e+02 6.6034497070e+02 6.6046502686e+02 6.6060797119e+02 6.6071099854e+02 6.6082202148e+02 6.6094702148e+02 6.6106500244e+02 6.6119897461e+02 6.6134100342e+02 6.6146899414e+02 6.6158801270e+02 6.6170800781e+02 6.6185198975e+02 6.6197100830e+02 6.6209002686e+02 6.6220898438e+02 6.6231597900e+02 6.6246697998e+02 6.6258801270e+02 6.6271301270e+02 6.6284899902e+02 6.6299298096e+02 6.6314202881e+02 6.6328900146e+02 6.6342700195e+02 6.6358197021e+02 6.6373400879e+02 6.6389697266e+02 6.6405902100e+02 6.6421002197e+02 6.6437902832e+02 6.6455200195e+02 6.6472698975e+02 6.6487902832e+02 6.6504498291e+02 6.6520800781e+02 6.6538598633e+02 6.6559997559e+02 6.6579302979e+02 6.6597698975e+02
6.5962500000e+02 6.5972399902e+02 6.5983099365e+02 6.5993597412e+02 6.6003100586e+02 6.6014599609e+02 6.6026702881e+02 6.6037402344e+02 6.6050402832e+02 6.6059100342e+02 6.6071801758e+02 6.6083599854e+02 6.6096002197e+02 6.6110900879e+02 6.6123797607e+02 6.6135601807e+02 6.6148400879e+02 6.6160601807e+02 6.6173400879e+02 6.6184698486e+02 6.6198498535e+02 6.6210699463e+02 6.6220001221e+02 6.6234600830e+02 6.6245697021e+02 6.6258398438e+02 6.6272698975e+02 6.6285797119e+02 6.6300897217e+02 6.6315197754e+02 6.6328997803e+02 6.6343103027e+02 6.6357598877e+02 6.6374499512e+02 6.6391900635e+02 6.6407397461e+02 6.6424200439e+02 6.6439898682e+02 6.6457000732e+02 6.6472302246e+02 6.6491302490e+02 6.6508697510e+02 6.6524902344e+02 6.6544097900e+02 6.6563598633e+02 6.6582299805e+02
6.5953302002e+02 6.5963702393e+02 6.5974102783e+02 6.5985101318e+02 6.5994500732e+02 6.6006500244e+02 6.6017102051e+02 6.6027197266e+02 6.6039300537e+02 6.6048602295e+02 6.6061199951e+02 6.6072698975e+02 6.6085400391e+02 6.6100500488e+02 6.6112799072e+02 6.6124102783e+02 6.6137597656e+02 6.6150299072e+02 6.6162097168e+02 6.6173901367e+02 6.6187597656e+02 6.6199401855e+02 6.6208599854e+02 6.6221697998e+02 6.6232800293e+02 6.6246697998e+02 6.6261199951e+02 6.6273297119e+02 6.6286401367e+02 6.6300299072e+02 6.6314801025e+02 6.6327899170e+02 6.6342401123e+02 6.6359301758e+02 6.6376202393e+02 6.6392199707e+02 6.6409100342e+02 6.6424798584e+02 6.6442602539e+02 6.6458099365e+02 6.6477502441e+02 6.6494702148e+02 6.6509899902e+02 6.6527001953e+02 6.6547302246e+02 6.6566302490e+02
6.5944598389e+02 6.5955200195e+02 6.5964501953e+02 6.5974499512e+02 6.5984002686e+02 6.5995202637e+02 6.6006201172e+02 6.6017999268e+02 6.6030102539e+02 6.6040899658e+02 6.6051098633e+02 6.6061901855e+02 6.6074798584e+02 6.6089300537e+02 6.6100799561e+02 6.6111401367e+02 6.6124298096e+02 6.6136999512e+02 6.6150299072e+02 6.6162298584e+02 6.6174401855e+02 6.6186901855e+02 6.6197998047e+02 6.6209600830e+02 6.6221099854e+02 6.6234899902e+02 6.6247497559e+02 6.6258599854e+02 6.6270501709e+02 6.6285302734e+02 6.6299798584e+02 6.6314398193e+02 6.6329901123e+02 6.6345599365e+02 6.6360699463e+02 6.6375000000e+02 6.6391900635e+02 6.6408300781e+02 6.6426300049e+02 6.6442498779e+02 6.6462298584e+02 6.6479498291e+02 6.6494396973e+02 6.6510400391e+02 6.6531298828e+02 6.6550000000e+02
6.5934197998e+02 6.5944201660e+02 6.5954302979e+02 6.5964697266e+02 6.5975402832e+02 6.5984997559e+02 6.5997998047e+02 6.6007800293e+02 6.6020001221e+02 6.6031097412e+02 6.6042498779e+02 6.6052301025e+02 6.6063500977e+02 6.6077301025e+02 6.6088299561e+02 6.6100701904e+02 6.6112597656e+02 6.6124597168e+02 6.6139202881e+02 6.6150799561e+02 6.6162500000e+02 6.6175402832e+02 6.6186102295e+02 6.6197302246e+02 6.6208599854e+02 6.6221197510e+02 6.6233697510e+02 6.6244702148e+02 6.6257598877e+02 6.6271502686e+02 6.6284997559e+02 6.6301599121e+02 6.6316998291e+02 6.6329901123e+02 6.6343798828e+02 6.6358697510e+02 6.6375500488e+02 6.6390997314e+02 6.6408099365e+02 6.6426202393e+02 6.6445098877e+02 6.6461901855e+02 6.6476898193e+02 6.6495397949e+02 6.6518298340e+02 6.6536700439e+02
6.5924700928e+02 6.5935302734e+02 6.5944897461e+02 6.5954998779e+02 6.5965002441e+02 6.5975097656e+02 6.5988299561e+02 6.5997100830e+02 6.6008197021e+02 6.6019396973e+02 6.6031799316e+02 6.6042199707e+02 6.6053399658e+02 6.6067498779e+02 6.6077600098e+02 6.6090002441e+02 6.6102099609e+02 6.6113897705e+02 6.6127398682e+02 6.6138800049e+02 6.6151300049e+02 6.6163800049e+02 6.6175701904e+02 6.6185498047e+02 6.6196099854e+02 6.6209600830e+02 6.6221398926e+02 6.6232202148e+02 6.6244702148e+02 6.6257702637e+02 6.6272900391e+02 6.6286401367e+02 6.6300500488e+02 6.6314501953e+02 6.6329602051e+02 6.6345697021e+02 6.6361901855e+02 6.6374902344e+02 6.6394201660e+02 6.6412097168e+02 6.6428302002e+02 6.6445898438e+02 6.6464202881e+02 6.6481500244e+02 6.6501800537e+02 6.6520300293e+02
6.5915399170e+02 6.5925598145e+02 6.5935101318e+02 6.5945898438e+02 6.5954498291e+02 6.5965100098e+02 6.5976800537e+02 6.5987097168e+02 6.5996899414e+02 6.6008197021e+02 6.6021197510e+02 6.6030999756e+02 6.6041400146e+02 6.6055999756e+02 6.6067797852e+02 6.6079699707e+02 6.6091699219e+02 6.6103601074e+02 6.6115197754e+02 6.6126800537e+02 6.6139300537e+02 6.6150097656e+02 6.6162701416e+02 6.6174102783e+02 6.6184600830e+02 6.6197998047e+02 6.6208300781e+02 6.6220397949e+02 6.6232501221e+02 6.6244396973e+02 6.6259301758e+02 6.6271899414e+02 6.6284399414e+02 6.6298699951e+02 6.6313800049e+02 6.6328900146e+02 6.6345202637e+02 6.6359197998e+02 6.6378497314e+02 6.6396997070e+02 6.6412500000e+02 6.6429602051e+02 6.6449298096e+02 6.6466198730e+02 6.6484997559e+02 6.6504699707e+02
6.5907098389e+02 6.5915600586e+02 6.5924798584e+02 6.5936199951e+02 6.5944897461e+02 6.5955102539e+02 6.5965399170e+02 6.5978002930e+02 6.5987799072e+02 6.5998498535e+02 6.6010998535e+02 6.6021997070e+02 6.6031298828e+02 6.6044598389e+02 6.6057501221e+02 6.6068499756e+02 6.6079498291e+02 6.6091302490e+02 6.6103900146e+02 6.6115301514e+02 6.6127899170e+02 6.6138299561e+02 6.6150299072e+02 6.6162902832e+02 6.6172698975e+02 6.6185699463e+02 6.6196697998e+02 6.6208599854e+02 6.6220098877e+02 6.6231298828e+02 6.6244897461e+02 6.6256896973e+02 6.6269201660e+02 6.6284497070e+02 6.6299102783e+02 6.6313299561e+02 6.6329998779e+02 6.6345800781e+02 6.6363000488e+02 6.6381201172e+02 6.6398101807e+02 6.6415100098e+02 6.6434100342e+02 6.6450500488e+02 6.6469299316e+02 6.6489398193e+02
