TESTSERVER/12/3.asc
NCOLS 100
NROWS 100
XLLCORNER 8.0997500000e+03
YLLCORNER 2.8980025000e+05
CELLSIZE 5.0000000000e-01
NODATA_VALUE -9.9990000000e+03
[rows 40 to 59 of 100, columns 46 to 91 of 100]
6.5737200928e+02 6.5742102051e+02 6.5748699951e+02 6.5754797363e+02 6.5762200928e+02 6.5768499756e+02 6.5774597168e+02 6.5780798340e+02 6.5786401367e+02 6.5792401123e+02 6.5798999023e+02 6.5803997803e+02 6.5809600830e+02 6.5816900635e+02 6.5822900391e+02 6.5829901123e+02 6.5837402344e+02 6.5843798828e+02 6.5849200439e+02 6.5857299805e+02 6.5866802979e+02 6.5873901367e+02 6.5881298828e+02 6.5889001465e+02 6.5896899414e+02 6.5906201172e+02 6.5914501953e+02 6.5923101807e+02 6.5932598877e+02 6.5942401123e+02 6.5956097412e+02 6.5967401123e+02 6.5980999756e+02 6.5996600342e+02 6.6009197998e+02 6.6024798584e+02 6.6041302490e+02 6.6056201172e+02 6.6073199463e+02 6.6088598633e+02 6.6105700684e+02 6.6121502686e+02 6.6136602783e+02 6.6152899170e+02 6.6171197510e+02 6.6189099121e+02
6.5730297852e+02 6.5735900879e+02 6.5742498779e+02 6.5746997070e+02 6.5753002930e+02 6.5759698486e+02 6.5765899658e+02 6.5772399902e+02 6.5777899170e+02 6.5783898926e+02 6.5791900635e+02 6.5796997070e+02 6.5802099609e+02 6.5808502197e+02 6.5814099121e+02 6.5821502686e+02 6.5828997803e+02 6.5835998535e+02 6.5842199707e+02 6.5848400879e+02 6.5856097412e+02 6.5863098145e+02 6.5870800781e+02 6.5878997803e+02 6.5887402344e+02 6.5897302246e+02 6.5904699707e+02 6.5912799072e+02 6.5920599365e+02 6.5929602051e+02 6.5943200684e+02 6.5954498291e+02 6.5967199707e+02 6.5982000732e+02 6.5995800781e+02 6.6011401367e+02 6.6026800537e+02 6.6041302490e+02 6.6057299805e+02 6.6073901367e+02 6.6089697266e+02 6.6105798340e+02 6.6122497559e+02 6.6139300537e+02 6.6156201172e+02 6.6172399902e+02
6.5724499512e+02 6.5730297852e+02 6.5735498047e+02 6.5740698242e+02 6.5746197510e+02 6.5752502441e+02 6.5759002686e+02 6.5765600586e+02 6.5771697998e+02 6.5778100586e+02 6.5783599854e+02 6.5788299561e+02 6.5794201660e+02 6.5801000977e+02 6.5806402588e+02 6.5813299561e+02 6.5819897461e+02 6.5826300049e+02 6.5834002686e+02 6.5840301514e+02 6.5846697998e+02 6.5852801514e+02 6.5859802246e+02 6.5867498779e+02 6.5875799561e+02 6.5885797119e+02 6.5893798828e+02 6.5903302002e+02 6.5911798096e+02 6.5920501709e+02 6.5929998779e+02 6.5941101074e+02 6.5953997803e+02 6.5968701172e+02 6.5983898926e+02 6.5997998047e+02 6.6011401367e+02 6.6026702881e+02 6.6042700195e+02 6.6058697510e+02 6.6074200439e+02 6.6090399170e+02 6.6107397461e+02 6.6123901367e+02 6.6141101074e+02 6.6156701660e+02
6.5719702148e+02 6.5723699951e+02 6.5728399658e+02 6.5734100342e+02 6.5740197754e+02 6.5747100830e+02 6.5753100586e+02 6.5759100342e+02 6.5765698242e+02 6.5772698975e+02 6.5776098633e+02 6.5780999756e+02 6.5786700439e+02 6.5793701172e+02 6.5799798584e+02 6.5805102539e+02 6.5810498047e+02 6.5816998291e+02 6.5825097656e+02 6.5832299805e+02 6.5838702393e+02 6.5844396973e+02 6.5850500488e+02 6.5856298828e+02 6.5864202881e+02 6.5874597168e+02 6.5883697510e+02 6.5893499756e+02 6.5902398682e+02 6.5910797119e+02 6.5919500732e+02 6.5930700684e+02 6.5942700195e+02 6.5955999756e+02 6.5969598389e+02 6.5983398438e+02 6.5997100830e+02 6.6012298584e+02 6.6028497314e+02 6.6043402100e+02 6.6058697510e+02 6.6075000000e+02 6.6090197754e+02 6.6105603027e+02 6.6124597168e+02 6.6141198730e+02
6.5715197754e+02 6.5717999268e+02 6.5722802734e+02 6.5727197266e+02 6.5733801270e+02 6.5741497803e+02 6.5747601318e+02 6.5752697754e+02 6.5758697510e+02 6.5765197754e+02 6.5770001221e+02 6.5773901367e+02 6.5779199219e+02 6.5786401367e+02 6.5793597412e+02 6.5797399902e+02 6.5802197266e+02 6.5809899902e+02 6.5818597412e+02 6.5822802734e+02 6.5828997803e+02 6.5836700439e+02 6.5842498779e+02 6.5846197510e+02 6.5855200195e+02 6.5864599609e+02 6.5873699951e+02 6.5883001709e+02 6.5890100098e+02 6.5899401855e+02 6.5911102295e+02 6.5920697021e+02 6.5931402588e+02 6.5943701172e+02 6.5955102539e+02 6.5968402100e+02 6.5984301758e+02 6.5998699951e+02 6.6013702393e+02 6.6028698730e+02 6.6043798828e+02 6.6059899902e+02 6.6077398682e+02 6.6090502930e+02 6.6107397461e+02 6.6125000000e+02
6.5707098389e+02 6.5711602783e+02 6.5717297363e+02 6.5721899414e+02 6.5727801514e+02 6.5734197998e+02 6.5739697266e+02 6.5746301270e+02 6.5752398682e+02 6.5758398438e+02 6.5763098145e+02 6.5767901611e+02 6.5773901367e+02 6.5779602051e+02 6.5787298584e+02 6.5791400146e+02 6.5796398926e+02 6.5803100586e+02 6.5809002686e+02 6.5815802002e+02 6.5822198486e+02 6.5828497314e+02 6.5833801270e+02 6.5839099121e+02 6.5847900391e+02 6.5857202148e+02 6.5865197754e+02 6.5872399902e+02 6.5879400635e+02 6.5888598633e+02 6.5899298096e+02 6.5909100342e+02 6.5920202637e+02 6.5931097412e+02 6.5942498779e+02 6.5955401611e+02 6.5970001221e+02 6.5983599854e+02 6.5997998047e+02 6.6013000488e+02 6.6029302979e+02 6.6045898438e+02 6.6063098145e+02 6.6076702881e+02 6.6092700195e+02 6.6109698486e+02
6.5700000000e+02 6.5704302979e+02 6.5711102295e+02 6.5717102051e+02 6.5722900391e+02 6.5729199219e+02 6.5734100342e+02 6.5739398193e+02 6.5745202637e+02 6.5750598145e+02 6.5756500244e+02 6.5761102295e+02 6.5767199707e+02 6.5772900391e+02 6.5778900146e+02 6.5783502197e+02 6.5789398193e+02 6.5795898438e+02 6.5800201416e+02 6.5806298828e+02 6.5814099121e+02 6.5819598389e+02 6.5824499512e+02 6.5832202148e+02 6.5840399170e+02 6.5848498535e+02 6.5856500244e+02 6.5864001465e+02 6.5870098877e+02 6.5878601074e+02 6.5887902832e+02 6.5897900391e+02 6.5910498047e+02 6.5921002197e+02 6.5931097412e+02 6.5943701172e+02 6.5957299805e+02 6.5971002197e+02 6.5984399414e+02 6.5999700928e+02 6.6015899658e+02 6.6031500244e+02 6.6047497559e+02 6.6063098145e+02 6.6078302002e+02 6.6094299316e+02
6.5694598389e+02 6.5698901367e+02 6.5706201172e+02 6.5713098145e+02 6.5718902588e+02 6.5725500488e+02 6.5730603027e+02 6.5735400391e+02 6.5740100098e+02 6.5744799805e+02 6.5750799561e+02 6.5754998779e+02 6.5760900879e+02 6.5767498779e+02 6.5771801758e+02 6.5777001953e+02 6.5782397461e+02 6.5787902832e+02 6.5793597412e+02 6.5799200439e+02 6.5806799316e+02 6.5811602783e+02 6.5816601563e+02 6.5825097656e+02 6.5832098389e+02 6.5838800049e+02 6.5845697021e+02 6.5854199219e+02 6.5860198975e+02 6.5869000244e+02 6.5879199219e+02 6.5888897705e+02 6.5899798584e+02 6.5910302734e+02 6.5920898438e+02 6.5932800293e+02 6.5945202637e+02 6.5958099365e+02 6.5971197510e+02 6.5987298584e+02 6.6003100586e+02 6.6016900635e+02 6.6032397461e+02 6.6049499512e+02 6.6064501953e+02 6.6080603027e+02
6.5691601563e+02 6.5696002197e+02 6.5701702881e+02 6.5707501221e+02 6.5714001465e+02 6.5720202637e+02 6.5726501465e+02 6.5731799316e+02 6.5734802246e+02 6.5737200928e+02 6.5741497803e+02 6.5748101807e+02 6.5755401611e+02 6.5761798096e+02 6.5766900635e+02 6.5771301270e+02 6.5776397705e+02 6.5781701660e+02 6.5787298584e+02 6.5793200684e+02 6.5799700928e+02 6.5803302002e+02 6.5808398438e+02 6.5815997314e+02 6.5823602295e+02 6.5831201172e+02 6.5837597656e+02 6.5845800781e+02 6.5852398682e+02 6.5861798096e+02 6.5871002197e+02 6.5879199219e+02 6.5887298584e+02 6.5898101807e+02 6.5909100342e+02 6.5921099854e+02 6.5934600830e+02 6.5946301270e+02 6.5958001709e+02 6.5972100830e+02 6.5988397217e+02 6.6004199219e+02 6.6019799805e+02 6.6035998535e+02 6.6051300049e+02 6.6066497803e+02
6.5687799072e+02 6.5690997314e+02 6.5695599365e+02 6.5701800537e+02 6.5708502197e+02 6.5714898682e+02 6.5720300293e+02 6.5726000977e+02 6.5730102539e+02 6.5732800293e+02 6.5736999512e+02 6.5742700195e+02 6.5748797607e+02 6.5754400635e+02 6.5760900879e+02 6.5766497803e+02 6.5770898438e+02 6.5775201416e+02 6.5780102539e+02 6.5786798096e+02 6.5792498779e+02 6.5795697021e+02 6.5801898193e+02 6.5808398438e+02 6.5815301514e+02 6.5823199463e+02 6.5830999756e+02 6.5838897705e+02 6.5846099854e+02 6.5855200195e+02 6.5863000488e+02 6.5871899414e+02 6.5879602051e+02 6.5889300537e+02 6.5900598145e+02 6.5909997559e+02 6.5922601318e+02 6.5935101318e+02 6.5947497559e+02 6.5960900879e+02 6.5976000977e+02 6.5991998291e+02 6.6007897949e+02 6.6022198486e+02 6.6036297607e+02 6.6051397705e+02
6.5683099365e+02 6.5686499023e+02 6.5690399170e+02 6.5696197510e+02 6.5703100586e+02 6.5709802246e+02 6.5715399170e+02 6.5720898438e+02 6.5725000000e+02 6.5727502441e+02 6.5731896973e+02 6.5737500000e+02 6.5741497803e+02 6.5746997070e+02 6.5754498291e+02 6.5760900879e+02 6.5765698242e+02 6.5769897461e+02 6.5775000000e+02 6.5780902100e+02 6.5786401367e+02 6.5791400146e+02 6.5796398926e+02 6.5802697754e+02 6.5809100342e+02 6.5816400146e+02 6.5823400879e+02 6.5830798340e+02 6.5839099121e+02 6.5847998047e+02 6.5855798340e+02 6.5863201904e+02 6.5872198486e+02 6.5881799316e+02 6.5891400146e+02 6.5899798584e+02 6.5911700439e+02 6.5924298096e+02 6.5936499023e+02 6.5949401855e+02 6.5962799072e+02 6.5977899170e+02 6.5993402100e+02 6.6008300781e+02 6.6021697998e+02 6.6036499023e+02
6.5678198242e+02 6.5682098389e+02 6.5687200928e+02 6.5691497803e+02 6.5697802734e+02 6.5704998779e+02 6.5710601807e+02 6.5715997314e+02 6.5720501709e+02 6.5723699951e+02 6.5728100586e+02 6.5733001709e+02 6.5736999512e+02 6.5742297363e+02 6.5748199463e+02 6.5754302979e+02 6.5760198975e+02 6.5765301514e+02 6.5771002197e+02 6.5775799561e+02 6.5781500244e+02 6.5785998535e+02 6.5790502930e+02 6.5796899414e+02 6.5803601074e+02 6.5811102295e+02 6.5815899658e+02 6.5823101807e+02 6.5831500244e+02 6.5839599609e+02 6.5848498535e+02 6.5854199219e+02 6.5864202881e+02 6.5873699951e+02 6.5881201172e+02 6.5890197754e+02 6.5901702881e+02 6.5913299561e+02 6.5925402832e+02 6.5939300537e+02 6.5952301025e+02 6.5965698242e+02 6.5979302979e+02 6.5994500732e+02 6.6008001709e+02 6.6022497559e+02
6.5673498535e+02 6.5676898193e+02 6.5682800293e+02 6.5687298584e+02 6.5692602539e+02 6.5698797607e+02 6.5704101563e+02 6.5710302734e+02 6.5715301514e+02 6.5718597412e+02 6.5721899414e+02 6.5727398682e+02 6.5733697510e+02 6.5739697266e+02 6.5743298340e+02 6.5747998047e+02 6.5754602051e+02 6.5760302734e+02 6.5765802002e+02 6.5770501709e+02 6.5776702881e+02 6.5781298828e+02 6.5786999512e+02 6.5791802979e+02 6.5797900391e+02 6.5804400635e+02 6.5809399414e+02 6.5816802979e+02 6.5822802734e+02 6.5830297852e+02 6.5839898682e+02 6.5847698975e+02 6.5857299805e+02 6.5865399170e+02 6.5873400879e+02 6.5883099365e+02 6.5893103027e+02 6.5902301025e+02 6.5913098145e+02 6.5929199219e+02 6.5943798828e+02 6.5955200195e+02 6.5964501953e+02 6.5980902100e+02 6.5994702148e+02 6.6009301758e+02
6.5668597412e+02 6.5672198486e+02 6.5677301025e+02 6.5683502197e+02 6.5688299561e+02 6.5693298340e+02 6.5698199463e+02 6.5704602051e+02 6.5710302734e+02 6.5715698242e+02 6.5719598389e+02 6.5724902344e+02 6.5729302979e+02 6.5734698486e+02 6.5739202881e+02 6.5743701172e+02 6.5748699951e+02 6.5753997803e+02 6.5759100342e+02 6.5765399170e+02 6.5771899414e+02 6.5776501465e+02 6.5780902100e+02 6.5786297607e+02 6.5792401123e+02 6.5797802734e+02 6.5802502441e+02 6.5810198975e+02 6.5816400146e+02 6.5823400879e+02 6.5832202148e+02 6.5839300537e+02 6.5848297119e+02 6.5856298828e+02 6.5865301514e+02 6.5875701904e+02 6.5885400391e+02 6.5895202637e+02 6.5905999756e+02 6.5918597412e+02 6.5931799316e+02 6.5943103027e+02 6.5954699707e+02 6.5969097900e+02 6.5982098389e+02 6.5995697021e+02
6.5664099121e+02 6.5667700195e+02 6.5672399902e+02 6.5680200195e+02 6.5685699463e+02 6.5689099121e+02 6.5693701172e+02 6.5699902344e+02 6.5705700684e+02 6.5711499023e+02 6.5714599609e+02 6.5719897461e+02 6.5724597168e+02 6.5730200195e+02 6.5735101318e+02 6.5738299561e+02 6.5742700195e+02 6.5748199463e+02 6.5753900146e+02 6.5760101318e+02 6.5767102051e+02 6.5771600342e+02 6.5775598145e+02 6.5782098389e+02 6.5787097168e+02 6.5791198730e+02 6.5797399902e+02 6.5806402588e+02 6.5812402344e+02 6.5817901611e+02 6.5824902344e+02 6.5832000732e+02 6.5842199707e+02 6.5851098633e+02 6.5859301758e+02 6.5869201660e+02 6.5877099609e+02 6.5887500000e+02 6.5898901367e+02 6.5908197021e+02 6.5920001221e+02 6.5931896973e+02 6.5946002197e+02 6.5959497070e+02 6.5971697998e+02 6.5984399414e+02
6.5659100342e+02 6.5663397217e+02 6.5668902588e+02 6.5675402832e+02 6.5681097412e+02 6.5686499023e+02 6.5691302490e+02 6.5696301270e+02 6.5701397705e+02 6.5706402588e+02 6.5709600830e+02 6.5715002441e+02 6.5719799805e+02 6.5725701904e+02 6.5731500244e+02 6.5734997559e+02 6.5739801025e+02 6.5745202637e+02 6.5750897217e+02 6.5756097412e+02 6.5762097168e+02 6.5766400146e+02 6.5771197510e+02 6.5777899170e+02 6.5782501221e+02 6.5786999512e+02 6.5792797852e+02 6.5800897217e+02 6.5806298828e+02 6.5811199951e+02 6.5817602539e+02 6.5825799561e+02 6.5834997559e+02 6.5843902588e+02 6.5852600098e+02 6.5862500000e+02 6.5870098877e+02 6.5879498291e+02 6.5889898682e+02 6.5899597168e+02 6.5910198975e+02 6.5921099854e+02 6.5934802246e+02 6.5948400879e+02 6.5959899902e+02 6.5972302246e+02
6.5653900146e+02 6.5659899902e+02 6.5666802979e+02 6.5671398926e+02 6.5675897217e+02 6.5682702637e+02 6.5686700439e+02 6.5691998291e+02 6.5696997070e+02 6.5701000977e+02 6.5706701660e+02 6.5710797119e+02 6.5715197754e+02 6.5720001221e+02 6.5725500488e+02 6.5730902100e+02 6.5736297607e+02 6.5741802979e+02 6.5745501709e+02 6.5749597168e+02 6.5756298828e+02 6.5761999512e+02 6.5765899658e+02 6.5771099854e+02 6.5776800537e+02 6.5783502197e+02 6.5788299561e+02 6.5794299316e+02 6.5801000977e+02 6.5806500244e+02 6.5811700439e+02 6.5820202637e+02 6.5827801514e+02 6.5836401367e+02 6.5845697021e+02 6.5854498291e+02 6.5864398193e+02 6.5874200439e+02 6.5882897949e+02 6.5892797852e+02 6.5903198242e+02 6.5912701416e+02 6.5923498535e+02 6.5937097168e+02 6.5949298096e+02 6.5962500000e+02
6.5650402832e+02 6.5655902100e+02 6.5662200928e+02 6.5667602539e+02 6.5672198486e+02 6.5678497314e+02 6.5682202148e+02 6.5688000488e+02 6.5694000244e+02 6.5697698975e+02 6.5701397705e+02 6.5705603027e+02 6.5711199951e+02 6.5715399170e+02 6.5719598389e+02 6.5726202393e+02 6.5732299805e+02 6.5737701416e+02 6.5741497803e+02 6.5744500732e+02 6.5750598145e+02 6.5757000732e+02 6.5762597656e+02 6.5767700195e+02 6.5773199463e+02 6.5777697754e+02 6.5783697510e+02 6.5790100098e+02 6.5796301270e+02 6.5801898193e+02 6.5807202148e+02 6.5814001465e+02 6.5821002197e+02 6.5829699707e+02 6.5838000488e+02 6.5847497559e+02 6.5856597900e+02 6.5865802002e+02 6.5874401855e+02 6.5883801270e+02 6.5894097900e+02 6.5903497314e+02 6.5914099121e+02 6.5925799561e+02 6.5939202881e+02 6.5953302002e+02
6.5646002197e+02 6.5651501465e+02 6.5657598877e+02 6.5663702393e+02 6.5668701172e+02 6.5674798584e+02 6.5679199219e+02 6.5684197998e+02 6.5689697266e+02 6.5693298340e+02 6.5697302246e+02 6.5703002930e+02 6.5707598877e+02 6.5711297607e+02 6.5717498779e+02 6.5721997070e+02 6.5727197266e+02 6.5732800293e+02 6.5738201904e+02 6.5742401123e+02 6.5746600342e+02 6.5751202393e+02 6.5757800293e+02 6.5764398193e+02 6.5769897461e+02 6.5773199463e+02 6.5778997803e+02 6.5786401367e+02 6.5791802979e+02 6.5796899414e+02 6.5803399658e+02 6.5810101318e+02 6.5816601563e+02 6.5824401855e+02 6.5832202148e+02 6.5841699219e+02 6.5849798584e+02 6.5858697510e+02 6.5867498779e+02 6.5875897217e+02 6.5887097168e+02 6.5897100830e+02 6.5908001709e+02 6.5917797852e+02 6.5929400635e+02 6.5942199707e+02
6.5641302490e+02 6.5646600342e+02 6.5652398682e+02 6.5659197998e+02 6.5665197754e+02 6.5670898438e+02 6.5676300049e+02 6.5680297852e+02 6.5684802246e+02 6.5689801025e+02 6.5694201660e+02 6.5700500488e+02 6.5704400635e+02 6.5707800293e+02 6.5713702393e+02 6.5717297363e+02 6.5722802734e+02 6.5728997803e+02 6.5733801270e+02 6.5740002441e+02 6.5744097900e+02 6.5747100830e+02 6.5752801514e+02 6.5759301758e+02 6.5764898682e+02 6.5768499756e+02 6.5773297119e+02 6.5780999756e+02 6.5785998535e+02 6.5791198730e+02 6.5797900391e+02 6.5805297852e+02 6.5812500000e+02 6.5819598389e+02 6.5827398682e+02 6.5835302734e+02 6.5843103027e+02 6.5852197266e+02 6.5861999512e+02 6.5871600342e+02 6.5882000732e+02 6.5890100098e+02 6.5900402832e+02 6.5910699463e+02 6.5920898438e+02 6.5931896973e+02
