TESTSERVER/12/4.asc
NCOLS 100
NROWS 100
XLLCORNER 8.0997500000e+03
YLLCORNER 2.8975025000e+05
CELLSIZE 5.0000000000e-01
NODATA_VALUE -9.9990000000e+03
[rows 0 to 19 of 100, columns 0 to 45 of 100]
6.5372198486e+02 6.5373901367e+02 6.5374902344e+02 6.5376898193e+02 6.5379199219e+02 6.5380401611e+02 6.5380297852e+02 6.5383197021e+02 6.5383502197e+02 6.5384497070e+02 6.5385101318e+02 6.5387902832e+02 6.5391101074e+02 6.5394097900e+02 6.5398101807e+02 6.5403302002e+02 6.5407800293e+02 6.5412097168e+02 6.5413500977e+02 6.5417999268e+02 6.5421801758e+02 6.5425000000e+02 6.5428900146e+02 6.5434399414e+02 6.5439202881e+02 6.5442199707e+02 6.5445300293e+02 6.5450500488e+02 6.5455603027e+02 6.5459197998e+02 6.5461602783e+02 6.5466601563e+02 6.5469299316e+02 6.5474798584e+02 6.5479998779e+02 6.5481799316e+02 6.5485101318e+02 6.5490002441e+02 6.5493499756e+02 6.5498400879e+02 6.5503002930e+02 6.5508502197e+02 6.5513598633e+02 6.5518200684e+02 6.5522698975e+02 6.5528997803e+02
6.5375097656e+02 6.5377801514e+02 6.5378497314e+02 6.5381097412e+02 6.5384100342e+02 6.5386499023e+02 6.5386102295e+02 6.5387298584e+02 6.5388500977e+02 6.5390502930e+02 6.5392102051e+02 6.5394396973e+02 6.5397198486e+02 6.5399102783e+02 6.5401397705e+02 6.5403497314e+02 6.5407501221e+02 6.5412701416e+02 6.5415802002e+02 6.5418499756e+02 6.5421301270e+02 6.5425598145e+02 6.5430401611e+02 6.5435400391e+02 6.5440399170e+02 6.5444299316e+02 6.5447900391e+02 6.5451300049e+02 6.5454998779e+02 6.5460797119e+02 6.5463397217e+02 6.5466998291e+02 6.5469097900e+02 6.5474200439e+02 6.5479498291e+02 6.5483001709e+02 6.5485998535e+02 6.5489898682e+02 6.5493701172e+02 6.5497698975e+02 6.5502600098e+02 6.5507501221e+02 6.5512597656e+02 6.5516998291e+02 6.5521398926e+02 6.5526397705e+02
6.5379498291e+02 6.5382000732e+02 6.5381701660e+02 6.5383898926e+02 6.5386798096e+02 6.5389398193e+02 6.5389801025e+02 6.5390802002e+02 6.5393499756e+02 6.5395697021e+02 6.5396997070e+02 6.5398400879e+02 6.5400701904e+02 6.5403399658e+02 6.5406500244e+02 6.5408398438e+02 6.5411199951e+02 6.5414801025e+02 6.5418200684e+02 6.5420800781e+02 6.5424200439e+02 6.5428002930e+02 6.5431500244e+02 6.5435601807e+02 6.5440600586e+02 6.5444799805e+02 6.5448297119e+02 6.5452001953e+02 6.5455297852e+02 6.5460900879e+02 6.5464501953e+02 6.5468597412e+02 6.5470599365e+02 6.5475097656e+02 6.5479699707e+02 6.5483599854e+02 6.5486798096e+02 6.5490600586e+02 6.5494598389e+02 6.5498101807e+02 6.5502301025e+02 6.5507098389e+02 6.5513000488e+02 6.5517199707e+02 6.5521301270e+02 6.5525201416e+02
6.5384802246e+02 6.5386499023e+02 6.5385797119e+02 6.5387500000e+02 6.5389398193e+02 6.5391601563e+02 6.5393402100e+02 6.5395501709e+02 6.5397601318e+02 6.5399102783e+02 6.5401501465e+02 6.5402099609e+02 6.5402600098e+02 6.5405297852e+02 6.5410101318e+02 6.5411901855e+02 6.5414898682e+02 6.5417797852e+02 6.5419702148e+02 6.5423901367e+02 6.5427801514e+02 6.5430297852e+02 6.5433099365e+02 6.5436199951e+02 6.5440502930e+02 6.5444702148e+02 6.5448400879e+02 6.5453399658e+02 6.5458099365e+02 6.5463000488e+02 6.5466198730e+02 6.5469702148e+02 6.5471899414e+02 6.5475799561e+02 6.5479699707e+02 6.5482397461e+02 6.5486199951e+02 6.5490899658e+02 6.5495397949e+02 6.5498297119e+02 6.5501501465e+02 6.5505700684e+02 6.5511602783e+02 6.5515197754e+02 6.5519598389e+02 6.5524499512e+02
6.5389501953e+02 6.5390899658e+02 6.5388897705e+02 6.5390399170e+02 6.5393298340e+02 6.5397497559e+02 6.5399597168e+02 6.5399499512e+02 6.5400000000e+02 6.5401202393e+02 6.5406799316e+02 6.5409002686e+02 6.5408197021e+02 6.5410101318e+02 6.5413800049e+02 6.5416400146e+02 6.5418298340e+02 6.5421502686e+02 6.5423602295e+02 6.5426202393e+02 6.5428601074e+02 6.5431402588e+02 6.5435699463e+02 6.5438500977e+02 6.5441998291e+02 6.5445800781e+02 6.5449102783e+02 6.5454602051e+02 6.5459600830e+02 6.5465002441e+02 6.5469299316e+02 6.5471197510e+02 6.5472998047e+02 6.5476098633e+02 6.5479998779e+02 6.5483197021e+02 6.5487200928e+02 6.5490600586e+02 6.5495697021e+02 6.5498602295e+02 6.5500500488e+02 6.5504400635e+02 6.5510601807e+02 6.5515399170e+02 6.5518798828e+02 6.5523498535e+02
6.5393597412e+02 6.5394799805e+02 6.5394799805e+02 6.5397399902e+02 6.5398901367e+02 6.5401300049e+02 6.5402801514e+02 6.5403497314e+02 6.5405297852e+02 6.5405603027e+02 6.5409301758e+02 6.5412500000e+02 6.5415197754e+02 6.5416601563e+02 6.5416101074e+02 6.5418499756e+02 6.5420501709e+02 6.5424102783e+02 6.5425897217e+02 6.5428198242e+02 6.5430700684e+02 6.5433599854e+02 6.5436901855e+02 6.5439697266e+02 6.5442797852e+02 6.5446398926e+02 6.5450799561e+02 6.5454901123e+02 6.5459698486e+02 6.5464801025e+02 6.5469799805e+02 6.5473699951e+02 6.5477301025e+02 6.5479901123e+02 6.5482397461e+02 6.5484698486e+02 6.5488598633e+02 6.5492297363e+02 6.5495898438e+02 6.5498498535e+02 6.5501501465e+02 6.5505200195e+02 6.5509497070e+02 6.5514501953e+02 6.5517901611e+02 6.5522601318e+02
6.5397399902e+02 6.5399401855e+02 6.5400598145e+02 6.5402697754e+02 6.5403997803e+02 6.5405401611e+02 6.5406298828e+02 6.5407702637e+02 6.5409100342e+02 6.5409497070e+02 6.5412200928e+02 6.5415698242e+02 6.5419702148e+02 6.5420800781e+02 6.5419396973e+02 6.5421801758e+02 6.5425000000e+02 6.5428399658e+02 6.5429797363e+02 6.5431597900e+02 6.5434399414e+02 6.5436700439e+02 6.5438500977e+02 6.5441900635e+02 6.5444702148e+02 6.5447399902e+02 6.5451898193e+02 6.5455999756e+02 6.5460900879e+02 6.5464300537e+02 6.5469500732e+02 6.5474798584e+02 6.5478601074e+02 6.5480798340e+02 6.5484100342e+02 6.5486999512e+02 6.5490197754e+02 6.5493200684e+02 6.5496398926e+02 6.5499798584e+02 6.5502899170e+02 6.5505499268e+02 6.5509899902e+02 6.5514202881e+02 6.5517199707e+02 6.5520898438e+02
6.5402502441e+02 6.5404602051e+02 6.5405603027e+02 6.5406701660e+02 6.5407202148e+02 6.5408697510e+02 6.5410797119e+02 6.5411199951e+02 6.5412500000e+02 6.5414501953e+02 6.5415802002e+02 6.5419500732e+02 6.5423602295e+02 6.5424597168e+02 6.5423797607e+02 6.5426397705e+02 6.5428497314e+02 6.5430902100e+02 6.5433300781e+02 6.5435400391e+02 6.5439099121e+02 6.5441900635e+02 6.5443298340e+02 6.5446197510e+02 6.5447998047e+02 6.5450500488e+02 6.5453601074e+02 6.5458697510e+02 6.5463800049e+02 6.5466400146e+02 6.5470697021e+02 6.5475000000e+02 6.5478900146e+02 6.5482098389e+02 6.5485998535e+02 6.5489300537e+02 6.5492401123e+02 6.5494897461e+02 6.5497497559e+02 6.5500500488e+02 6.5503601074e+02 6.5506298828e+02 6.5510198975e+02 6.5514300537e+02 6.5518200684e+02 6.5520599365e+02
6.5408502197e+02 6.5409497070e+02 6.5410699463e+02 6.5411199951e+02 6.5410797119e+02 6.5412298584e+02 6.5414501953e+02 6.5416101074e+02 6.5417901611e+02 6.5419000244e+02 6.5419396973e+02 6.5423602295e+02 6.5426300049e+02 6.5426599121e+02 6.5428698730e+02 6.5431097412e+02 6.5432000732e+02 6.5433801270e+02 6.5435797119e+02 6.5438000488e+02 6.5442102051e+02 6.5445397949e+02 6.5447601318e+02 6.5449102783e+02 6.5451702881e+02 6.5455200195e+02 6.5455999756e+02 6.5460400391e+02 6.5465399170e+02 6.5467901611e+02 6.5470800781e+02 6.5473699951e+02 6.5478198242e+02 6.5481896973e+02 6.5486199951e+02 6.5490100098e+02 6.5492297363e+02 6.5496301270e+02 6.5498297119e+02 6.5499902344e+02 6.5503997803e+02 6.5507598877e+02 6.5511199951e+02 6.5515100098e+02 6.5519598389e+02 6.5521301270e+02
6.5415399170e+02 6.5415600586e+02 6.5415100098e+02 6.5416802979e+02 6.5417199707e+02 6.5417797852e+02 6.5419598389e+02 6.5420397949e+02 6.5421301270e+02 6.5422998047e+02 6.5426098633e+02 6.5428399658e+02 6.5429302979e+02 6.5429699707e+02 6.5432098389e+02 6.5433801270e+02 6.5436102295e+02 6.5438500977e+02 6.5440301514e+02 6.5442700195e+02 6.5445300293e+02 6.5447399902e+02 6.5450000000e+02 6.5452600098e+02 6.5454901123e+02 6.5457000732e+02 6.5458898926e+02 6.5463000488e+02 6.5467199707e+02 6.5469598389e+02 6.5473602295e+02 6.5475500488e+02 6.5478601074e+02 6.5481799316e+02 6.5486700439e+02 6.5491400146e+02 6.5493597412e+02 6.5498602295e+02 6.5499499512e+02 6.5502197266e+02 6.5505603027e+02 6.5508599854e+02 6.5512597656e+02 6.5515301514e+02 6.5519000244e+02 6.5521398926e+02
6.5419598389e+02 6.5420898438e+02 6.5419799805e+02 6.5421398926e+02 6.5423101807e+02 6.5423297119e+02 6.5424102783e+02 6.5425000000e+02 6.5425799561e+02 6.5428198242e+02 6.5429797363e+02 6.5431701660e+02 6.5433801270e+02 6.5434497070e+02 6.5435998535e+02 6.5437500000e+02 6.5439501953e+02 6.5442498779e+02 6.5444598389e+02 6.5447302246e+02 6.5448797607e+02 6.5451000977e+02 6.5454400635e+02 6.5456701660e+02 6.5458197021e+02 6.5459899902e+02 6.5463098145e+02 6.5466497803e+02 6.5468902588e+02 6.5470599365e+02 6.5475701904e+02 6.5478302002e+02 6.5480902100e+02 6.5484698486e+02 6.5488702393e+02 6.5492700195e+02 6.5493798828e+02 6.5497698975e+02 6.5500097656e+02 6.5504302979e+02 6.5507000732e+02 6.5509600830e+02 6.5513000488e+02 6.5515698242e+02 6.5518200684e+02 6.5521502686e+02
6.5423498535e+02 6.5425799561e+02 6.5426202393e+02 6.5426800537e+02 6.5427301025e+02 6.5426898193e+02 6.5428198242e+02 6.5429302979e+02 6.5431597900e+02 6.5434899902e+02 6.5434100342e+02 6.5435198975e+02 6.5438800049e+02 6.5439398193e+02 6.5440997314e+02 6.5442401123e+02 6.5443298340e+02 6.5446697998e+02 6.5448199463e+02 6.5450598145e+02 6.5452001953e+02 6.5454602051e+02 6.5457800293e+02 6.5460302734e+02 6.5461798096e+02 6.5464801025e+02 6.5467901611e+02 6.5469299316e+02 6.5470697021e+02 6.5472601318e+02 6.5477099609e+02 6.5479998779e+02 6.5483197021e+02 6.5487097168e+02 6.5489501953e+02 6.5492102051e+02 6.5494000244e+02 6.5498297119e+02 6.5502197266e+02 6.5505798340e+02 6.5507397461e+02 6.5510198975e+02 6.5513800049e+02 6.5516699219e+02 6.5518200684e+02 6.5521398926e+02
6.5428198242e+02 6.5428900146e+02 6.5430603027e+02 6.5432000732e+02 6.5431597900e+02 6.5433398438e+02 6.5434002686e+02 6.5432800293e+02 6.5435900879e+02 6.5439501953e+02 6.5441302490e+02 6.5442199707e+02 6.5444598389e+02 6.5445397949e+02 6.5444598389e+02 6.5447802734e+02 6.5449102783e+02 6.5451300049e+02 6.5453100586e+02 6.5453900146e+02 6.5456500244e+02 6.5459899902e+02 6.5461401367e+02 6.5462701416e+02 6.5464099121e+02 6.5467901611e+02 6.5471197510e+02 6.5472399902e+02 6.5473602295e+02 6.5476300049e+02 6.5478802490e+02 6.5481597900e+02 6.5484698486e+02 6.5487902832e+02 6.5490002441e+02 6.5492401123e+02 6.5495898438e+02 6.5499902344e+02 6.5504101563e+02 6.5507000732e+02 6.5507897949e+02 6.5510101318e+02 6.5514099121e+02 6.5516900635e+02 6.5519000244e+02 6.5521801758e+02
6.5433099365e+02 6.5434600830e+02 6.5435900879e+02 6.5437402344e+02 6.5436999512e+02 6.5440100098e+02 6.5440100098e+02 6.5439398193e+02 6.5441497803e+02 6.5442401123e+02 6.5444299316e+02 6.5447399902e+02 6.5448199463e+02 6.5448901367e+02 6.5449597168e+02 6.5452502441e+02 6.5453601074e+02 6.5455200195e+02 6.5457897949e+02 6.5460302734e+02 6.5462200928e+02 6.5465100098e+02 6.5467901611e+02 6.5468402100e+02 6.5467401123e+02 6.5469299316e+02 6.5472802734e+02 6.5476397705e+02 6.5478002930e+02 6.5479101563e+02 6.5480297852e+02 6.5483502197e+02 6.5485797119e+02 6.5489697266e+02 6.5492700195e+02 6.5494702148e+02 6.5496002197e+02 6.5500000000e+02 6.5503100586e+02 6.5507299805e+02 6.5508502197e+02 6.5511199951e+02 6.5515197754e+02 6.5517102051e+02 6.5519799805e+02 6.5522900391e+02
6.5436901855e+02 6.5440002441e+02 6.5441400146e+02 6.5443298340e+02 6.5442901611e+02 6.5444201660e+02 6.5443902588e+02 6.5445800781e+02 6.5447802734e+02 6.5448602295e+02 6.5450000000e+02 6.5453497314e+02 6.5453900146e+02 6.5455401611e+02 6.5456896973e+02 6.5459100342e+02 6.5459399414e+02 6.5459899902e+02 6.5462799072e+02 6.5465002441e+02 6.5466497803e+02 6.5469000244e+02 6.5471697998e+02 6.5472100830e+02 6.5471502686e+02 6.5472497559e+02 6.5475000000e+02 6.5479302979e+02 6.5481298828e+02 6.5482397461e+02 6.5483697510e+02 6.5486199951e+02 6.5488201904e+02 6.5492199707e+02 6.5495098877e+02 6.5496801758e+02 6.5496899414e+02 6.5501000977e+02 6.5503900146e+02 6.5507800293e+02 6.5509399414e+02 6.5512298584e+02 6.5515301514e+02 6.5516998291e+02 6.5520800781e+02 6.5523699951e+02
6.5437799072e+02 6.5443902588e+02 6.5447198486e+02 6.5448101807e+02 6.5448498535e+02 6.5449499512e+02 6.5448901367e+02 6.5451898193e+02 6.5453198242e+02 6.5454302979e+02 6.5456097412e+02 6.5458801270e+02 6.5459997559e+02 6.5461700439e+02 6.5462500000e+02 6.5462799072e+02 6.5464099121e+02 6.5466198730e+02 6.5469097900e+02 6.5469201660e+02 6.5469799805e+02 6.5472198486e+02 6.5473498535e+02 6.5475201416e+02 6.5476202393e+02 6.5477197266e+02 6.5478698730e+02 6.5482098389e+02 6.5484399414e+02 6.5485699463e+02 6.5487402344e+02 6.5490100098e+02 6.5491802979e+02 6.5493499756e+02 6.5496697998e+02 6.5500500488e+02 6.5500701904e+02 6.5502801514e+02 6.5505603027e+02 6.5508502197e+02 6.5510302734e+02 6.5513299561e+02 6.5516900635e+02 6.5519097900e+02 6.5522198486e+02 6.5524200439e+02
6.5437902832e+02 6.5445202637e+02 6.5451800537e+02 6.5451898193e+02 6.5452899170e+02 6.5454199219e+02 6.5453100586e+02 6.5455499268e+02 6.5457598877e+02 6.5460198975e+02 6.5464801025e+02 6.5463598633e+02 6.5465100098e+02 6.5465802002e+02 6.5466601563e+02 6.5467102051e+02 6.5470098877e+02 6.5474102783e+02 6.5474200439e+02 6.5475299072e+02 6.5475799561e+02 6.5477001953e+02 6.5477398682e+02 6.5479602051e+02 6.5480102539e+02 6.5481597900e+02 6.5483001709e+02 6.5484600830e+02 6.5487902832e+02 6.5489898682e+02 6.5490899658e+02 6.5492602539e+02 6.5493701172e+02 6.5495397949e+02 6.5496997070e+02 6.5501202393e+02 6.5503802490e+02 6.5505297852e+02 6.5507598877e+02 6.5509698486e+02 6.5511999512e+02 6.5514801025e+02 6.5518402100e+02 6.5520697021e+02 6.5521801758e+02 6.5523199463e+02
6.5441601563e+02 6.5446997070e+02 6.5453698730e+02 6.5456097412e+02 6.5457202148e+02 6.5459002686e+02 6.5460302734e+02 6.5461102295e+02 6.5463598633e+02 6.5466101074e+02 6.5468902588e+02 6.5467797852e+02 6.5468902588e+02 6.5469799805e+02 6.5472198486e+02 6.5474401855e+02 6.5474902344e+02 6.5478100586e+02 6.5478900146e+02 6.5480499268e+02 6.5480700684e+02 6.5481097412e+02 6.5481097412e+02 6.5481402588e+02 6.5482598877e+02 6.5484600830e+02 6.5485699463e+02 6.5487597656e+02 6.5491900635e+02 6.5492797852e+02 6.5493902588e+02 6.5494500732e+02 6.5496301270e+02 6.5498797607e+02 6.5499401855e+02 6.5502697754e+02 6.5505102539e+02 6.5507702637e+02 6.5509698486e+02 6.5511499023e+02 6.5513098145e+02 6.5515698242e+02 6.5519097900e+02 6.5521899414e+02 6.5523797607e+02 6.5525402832e+02
6.5446099854e+02 6.5448602295e+02 6.5453497314e+02 6.5459497070e+02 6.5461102295e+02 6.5462799072e+02 6.5466198730e+02 6.5466900635e+02 6.5468798828e+02 6.5470001221e+02 6.5471899414e+02 6.5472302246e+02 6.5472497559e+02 6.5474200439e+02 6.5476898193e+02 6.5479302979e+02 6.5479602051e+02 6.5483001709e+02 6.5484197998e+02 6.5484802246e+02 6.5483300781e+02 6.5483697510e+02 6.5484600830e+02 6.5484899902e+02 6.5487402344e+02 6.5489801025e+02 6.5490899658e+02 6.5492199707e+02 6.5495202637e+02 6.5495202637e+02 6.5496997070e+02 6.5497900391e+02 6.5498901367e+02 6.5501202393e+02 6.5502801514e+02 6.5505798340e+02 6.5506701660e+02 6.5509698486e+02 6.5511499023e+02 6.5513397217e+02 6.5515100098e+02 6.5516998291e+02 6.5519598389e+02 6.5521899414e+02 6.5524298096e+02 6.5526300049e+02
6.5448699951e+02 6.5451300049e+02 6.5454302979e+02 6.5461999512e+02 6.5466400146e+02 6.5468499756e+02 6.5470098877e+02 6.5470397949e+02 6.5472100830e+02 6.5474499512e+02 6.5476202393e+02 6.5476202393e+02 6.5475897217e+02 6.5478100586e+02 6.5479901123e+02 6.5483197021e+02 6.5484197998e+02 6.5485797119e+02 6.5487097168e+02 6.5488500977e+02 6.5487097168e+02 6.5487701416e+02 6.5489398193e+02 6.5489697266e+02 6.5492199707e+02 6.5494702148e+02 6.5495599365e+02 6.5495898438e+02 6.5496997070e+02 6.5497302246e+02 6.5500201416e+02 6.5501599121e+02 6.5501000977e+02 6.5503399658e+02 6.5506597900e+02 6.5508697510e+02 6.5508898926e+02 6.5511700439e+02 6.5512402344e+02 6.5513897705e+02 6.5517102051e+02 6.5519500732e+02 6.5521398926e+02 6.5522698975e+02 6.5525097656e+02 6.5527301025e+02
