TESTSERVER/12/4.asc
NCOLS 100
NROWS 100
XLLCORNER 8.0997500000e+03
YLLCORNER 2.8975025000e+05
CELLSIZE 5.0000000000e-01
NODATA_VALUE -9.9990000000e+03
[rows 80 to 99 of 100, columns 0 to 45 of 100]
6.5672601318e+02 6.5674499512e+02 6.5677001953e+02 6.5677801514e+02 6.5679302979e+02 6.5680297852e+02 6.5682098389e+02 6.5683801270e+02 6.5685302734e+02 6.5686199951e+02 6.5687097168e+02 6.5689001465e+02 6.5690899658e+02 6.5689300537e+02 6.5689599609e+02 6.5691198730e+02 6.5690600586e+02 6.5690802002e+02 6.5691101074e+02 6.5691900635e+02 6.5692401123e+02 6.5692401123e+02 6.5693499756e+02 6.5692102051e+02 6.5691302490e+02 6.5691101074e+02 6.5691699219e+02 6.5692199707e+02 6.5691198730e+02 6.5690802002e+02 6.5690502930e+02 6.5690502930e+02 6.5689801025e+02 6.5688702393e+02 6.5689898682e+02 6.5690698242e+02 6.5690100098e+02 6.5690197754e+02 6.5689501953e+02 6.5690100098e+02 6.5691400146e+02 6.5691699219e+02 6.5691302490e+02 6.5690899658e+02 6.5691400146e+02 6.5690802002e+02
6.5675402832e+02 6.5676501465e+02 6.5679199219e+02 6.5681896973e+02 6.5683099365e+02 6.5684002686e+02 6.5684698486e+02 6.5685699463e+02 6.5687298584e+02 6.5688702393e+02 6.5690502930e+02 6.5691699219e+02 6.5693798828e+02 6.5692901611e+02 6.5693298340e+02 6.5693597412e+02 6.5693103027e+02 6.5694598389e+02 6.5695098877e+02 6.5695397949e+02 6.5696099854e+02 6.5696899414e+02 6.5697802734e+02 6.5697497559e+02 6.5696502686e+02 6.5695397949e+02 6.5695800781e+02 6.5696997070e+02 6.5695697021e+02 6.5694598389e+02 6.5694396973e+02 6.5693701172e+02 6.5694201660e+02 6.5694396973e+02 6.5694000244e+02 6.5693499756e+02 6.5692401123e+02 6.5692700195e+02 6.5691497803e+02 6.5691998291e+02 6.5692602539e+02 6.5693597412e+02 6.5693597412e+02 6.5693798828e+02 6.5694097900e+02 6.5692602539e+02
6.5677600098e+02 6.5678997803e+02 6.5680902100e+02 6.5684002686e+02 6.5685400391e+02 6.5686798096e+02 6.5688000488e+02 6.5688800049e+02 6.5690502930e+02 6.5692199707e+02 6.5693597412e+02 6.5694097900e+02 6.5695098877e+02 6.5695397949e+02 6.5696502686e+02 6.5696801758e+02 6.5696997070e+02 6.5697601318e+02 6.5698199463e+02 6.5699298096e+02 6.5700299072e+02 6.5700701904e+02 6.5700402832e+02 6.5700701904e+02 6.5700799561e+02 6.5700201416e+02 6.5698999023e+02 6.5698797607e+02 6.5697998047e+02 6.5697900391e+02 6.5699102783e+02 6.5698999023e+02 6.5698999023e+02 6.5698797607e+02 6.5696997070e+02 6.5695697021e+02 6.5694897461e+02 6.5696099854e+02 6.5695501709e+02 6.5695697021e+02 6.5695397949e+02 6.5695800781e+02 6.5695599365e+02 6.5696197510e+02 6.5695697021e+02 6.5694201660e+02
6.5680902100e+02 6.5683197021e+02 6.5684100342e+02 6.5686700439e+02 6.5688397217e+02 6.5689599609e+02 6.5691302490e+02 6.5691900635e+02 6.5693402100e+02 6.5695001221e+02 6.5696301270e+02 6.5696899414e+02 6.5697100830e+02 6.5698400879e+02 6.5700201416e+02 6.5701098633e+02 6.5701599121e+02 6.5701501465e+02 6.5701702881e+02 6.5703100586e+02 6.5703900146e+02 6.5703802490e+02 6.5703198242e+02 6.5703302002e+02 6.5703399658e+02 6.5703497314e+02 6.5701898193e+02 6.5701397705e+02 6.5701501465e+02 6.5702801514e+02 6.5704400635e+02 6.5703100586e+02 6.5701397705e+02 6.5700402832e+02 6.5699798584e+02 6.5698901367e+02 6.5697399902e+02 6.5698400879e+02 6.5698602295e+02 6.5698602295e+02 6.5698901367e+02 6.5698699951e+02 6.5697998047e+02 6.5699102783e+02 6.5698400879e+02 6.5697399902e+02
6.5683300781e+02 6.5686602783e+02 6.5688098145e+02 6.5688897705e+02 6.5689898682e+02 6.5690802002e+02 6.5692602539e+02 6.5694702148e+02 6.5696398926e+02 6.5696600342e+02 6.5698498535e+02 6.5700097656e+02 6.5700500488e+02 6.5701702881e+02 6.5703399658e+02 6.5703997803e+02 6.5704998779e+02 6.5705297852e+02 6.5705200195e+02 6.5705999756e+02 6.5707202148e+02 6.5707702637e+02 6.5708300781e+02 6.5707501221e+02 6.5706597900e+02 6.5706896973e+02 6.5706500244e+02 6.5707299805e+02 6.5707098389e+02 6.5707397461e+02 6.5708197021e+02 6.5705401611e+02 6.5702600098e+02 6.5703302002e+02 6.5703497314e+02 6.5703302002e+02 6.5701202393e+02 6.5700500488e+02 6.5701000977e+02 6.5702001953e+02 6.5701599121e+02 6.5701300049e+02 6.5700299072e+02 6.5700897217e+02 6.5700402832e+02 6.5699902344e+02
6.5685601807e+02 6.5687597656e+02 6.5689898682e+02 6.5691699219e+02 6.5692297363e+02 6.5692797852e+02 6.5693798828e+02 6.5697198486e+02 6.5699700928e+02 6.5700299072e+02 6.5701800537e+02 6.5703900146e+02 6.5704699707e+02 6.5704602051e+02 6.5705798340e+02 6.5707501221e+02 6.5707800293e+02 6.5707299805e+02 6.5708197021e+02 6.5709100342e+02 6.5709497070e+02 6.5709600830e+02 6.5710998535e+02 6.5710900879e+02 6.5708801270e+02 6.5709497070e+02 6.5711102295e+02 6.5712200928e+02 6.5711999512e+02 6.5711499023e+02 6.5711297607e+02 6.5710101318e+02 6.5707800293e+02 6.5706896973e+02 6.5706201172e+02 6.5705999756e+02 6.5705200195e+02 6.5704602051e+02 6.5704199219e+02 6.5703997803e+02 6.5703900146e+02 6.5704302979e+02 6.5703997803e+02 6.5703900146e+02 6.5703698730e+02 6.5703198242e+02
6.5689202881e+02 6.5689599609e+02 6.5692401123e+02 6.5693597412e+02 6.5694897461e+02 6.5696801758e+02 6.5697302246e+02 6.5700598145e+02 6.5702801514e+02 6.5704302979e+02 6.5704998779e+02 6.5707000732e+02 6.5708300781e+02 6.5708099365e+02 6.5708801270e+02 6.5711102295e+02 6.5711199951e+02 6.5710302734e+02 6.5711602783e+02 6.5712298584e+02 6.5711798096e+02 6.5711798096e+02 6.5713397217e+02 6.5713598633e+02 6.5711901855e+02 6.5713598633e+02 6.5715399170e+02 6.5714801025e+02 6.5714001465e+02 6.5714099121e+02 6.5713702393e+02 6.5713897705e+02 6.5712597656e+02 6.5710797119e+02 6.5709802246e+02 6.5710101318e+02 6.5709899902e+02 6.5709399414e+02 6.5708801270e+02 6.5708300781e+02 6.5707299805e+02 6.5707598877e+02 6.5707598877e+02 6.5707598877e+02 6.5707299805e+02 6.5706799316e+02
6.5691302490e+02 6.5692102051e+02 6.5695898438e+02 6.5695599365e+02 6.5697497559e+02 6.5700402832e+02 6.5701000977e+02 6.5704101563e+02 6.5704797363e+02 6.5706597900e+02 6.5707702637e+02 6.5708697510e+02 6.5710101318e+02 6.5710797119e+02 6.5711602783e+02 6.5713201904e+02 6.5713800049e+02 6.5713897705e+02 6.5714501953e+02 6.5714099121e+02 6.5714398193e+02 6.5716101074e+02 6.5717901611e+02 6.5717797852e+02 6.5715899658e+02 6.5717498779e+02 6.5718402100e+02 6.5717297363e+02 6.5716699219e+02 6.5716900635e+02 6.5716497803e+02 6.5716198730e+02 6.5715698242e+02 6.5714501953e+02 6.5713897705e+02 6.5714202881e+02 6.5714501953e+02 6.5713598633e+02 6.5712597656e+02 6.5712799072e+02 6.5711499023e+02 6.5710900879e+02 6.5710699463e+02 6.5710797119e+02 6.5710797119e+02 6.5710101318e+02
6.5694201660e+02 6.5695501709e+02 6.5697998047e+02 6.5697998047e+02 6.5699401855e+02 6.5701898193e+02 6.5703399658e+02 6.5705902100e+02 6.5706701660e+02 6.5708502197e+02 6.5710101318e+02 6.5710198975e+02 6.5711602783e+02 6.5713598633e+02 6.5714501953e+02 6.5714398193e+02 6.5714898682e+02 6.5716998291e+02 6.5718597412e+02 6.5715997314e+02 6.5718499756e+02 6.5721197510e+02 6.5722198486e+02 6.5721197510e+02 6.5719000244e+02 6.5720202637e+02 6.5720800781e+02 6.5721398926e+02 6.5721301270e+02 6.5720697021e+02 6.5721002197e+02 6.5720397949e+02 6.5720098877e+02 6.5719702148e+02 6.5719000244e+02 6.5719201660e+02 6.5719299316e+02 6.5717999268e+02 6.5716198730e+02 6.5716198730e+02 6.5715301514e+02 6.5714501953e+02 6.5713598633e+02 6.5714099121e+02 6.5714001465e+02 6.5712500000e+02
6.5695599365e+02 6.5696899414e+02 6.5698498535e+02 6.5700598145e+02 6.5702398682e+02 6.5704101563e+02 6.5705200195e+02 6.5707598877e+02 6.5709399414e+02 6.5710900879e+02 6.5712402344e+02 6.5713201904e+02 6.5714697266e+02 6.5715802002e+02 6.5715002441e+02 6.5716198730e+02 6.5717102051e+02 6.5719299316e+02 6.5721197510e+02 6.5721899414e+02 6.5724298096e+02 6.5724200439e+02 6.5724597168e+02 6.5722399902e+02 6.5720599365e+02 6.5722900391e+02 6.5723602295e+02 6.5723602295e+02 6.5723297119e+02 6.5723400879e+02 6.5724200439e+02 6.5724700928e+02 6.5724597168e+02 6.5724102783e+02 6.5723297119e+02 6.5723498535e+02 6.5722998047e+02 6.5722601318e+02 6.5721398926e+02 6.5721301270e+02 6.5720202637e+02 6.5718402100e+02 6.5716497803e+02 6.5716101074e+02 6.5716302490e+02 6.5715197754e+02
6.5697998047e+02 6.5699700928e+02 6.5701000977e+02 6.5703399658e+02 6.5705401611e+02 6.5707397461e+02 6.5707800293e+02 6.5709802246e+02 6.5710900879e+02 6.5712402344e+02 6.5714599609e+02 6.5715502930e+02 6.5716400146e+02 6.5717102051e+02 6.5718103027e+02 6.5719396973e+02 6.5721502686e+02 6.5724499512e+02 6.5727001953e+02 6.5727899170e+02 6.5728698730e+02 6.5727600098e+02 6.5727301025e+02 6.5726098633e+02 6.5724798584e+02 6.5726599121e+02 6.5727600098e+02 6.5727801514e+02 6.5727502441e+02 6.5727899170e+02 6.5728100586e+02 6.5728198242e+02 6.5728302002e+02 6.5728997803e+02 6.5728802490e+02 6.5728002930e+02 6.5726599121e+02 6.5726202393e+02 6.5724700928e+02 6.5724200439e+02 6.5723297119e+02 6.5721997070e+02 6.5720599365e+02 6.5719097900e+02 6.5719299316e+02 6.5718798828e+02
6.5702099609e+02 6.5703698730e+02 6.5704199219e+02 6.5706402588e+02 6.5707897949e+02 6.5710198975e+02 6.5710900879e+02 6.5713098145e+02 6.5713598633e+02 6.5714599609e+02 6.5716400146e+02 6.5717401123e+02 6.5718902588e+02 6.5720599365e+02 6.5723602295e+02 6.5724597168e+02 6.5726702881e+02 6.5728997803e+02 6.5730499268e+02 6.5730700684e+02 6.5731201172e+02 6.5730700684e+02 6.5730297852e+02 6.5730102539e+02 6.5728997803e+02 6.5729400635e+02 6.5730700684e+02 6.5732299805e+02 6.5732299805e+02 6.5731896973e+02 6.5732000732e+02 6.5731896973e+02 6.5731799316e+02 6.5732397461e+02 6.5732299805e+02 6.5731298828e+02 6.5730297852e+02 6.5729901123e+02 6.5728601074e+02 6.5727697754e+02 6.5726000977e+02 6.5725097656e+02 6.5725000000e+02 6.5723797607e+02 6.5723602295e+02 6.5722497559e+02
6.5703601074e+02 6.5705297852e+02 6.5706402588e+02 6.5708599854e+02 6.5709497070e+02 6.5711297607e+02 6.5713000488e+02 6.5715899658e+02 6.5716998291e+02 6.5717401123e+02 6.5719702148e+02 6.5720898438e+02 6.5723699951e+02 6.5725402832e+02 6.5725701904e+02 6.5728100586e+02 6.5730297852e+02 6.5731097412e+02 6.5731298828e+02 6.5732299805e+02 6.5732501221e+02 6.5733300781e+02 6.5734698486e+02 6.5733502197e+02 6.5732202148e+02 6.5733099365e+02 6.5733599854e+02 6.5735601807e+02 6.5735998535e+02 6.5734997559e+02 6.5734802246e+02 6.5735498047e+02 6.5735900879e+02 6.5735498047e+02 6.5734600830e+02 6.5734802246e+02 6.5734399414e+02 6.5733398438e+02 6.5732202148e+02 6.5731298828e+02 6.5729998779e+02 6.5729199219e+02 6.5728198242e+02 6.5728100586e+02 6.5727697754e+02 6.5726202393e+02
6.5705401611e+02 6.5706597900e+02 6.5709100342e+02 6.5711199951e+02 6.5712500000e+02 6.5713702393e+02 6.5715100098e+02 6.5716198730e+02 6.5718499756e+02 6.5720001221e+02 6.5722698975e+02 6.5724298096e+02 6.5726501465e+02 6.5728399658e+02 6.5729498291e+02 6.5730902100e+02 6.5732702637e+02 6.5733599854e+02 6.5733300781e+02 6.5734600830e+02 6.5734698486e+02 6.5735302734e+02 6.5735998535e+02 6.5736901855e+02 6.5736901855e+02 6.5737500000e+02 6.5738299561e+02 6.5739398193e+02 6.5739599609e+02 6.5739501953e+02 6.5739398193e+02 6.5738201904e+02 6.5738702393e+02 6.5739697266e+02 6.5739202881e+02 6.5738800049e+02 6.5738098145e+02 6.5737298584e+02 6.5736102295e+02 6.5734600830e+02 6.5733801270e+02 6.5733697510e+02 6.5732501221e+02 6.5731597900e+02 6.5731298828e+02 6.5730297852e+02
6.5708197021e+02 6.5709197998e+02 6.5710998535e+02 6.5712200928e+02 6.5714398193e+02 6.5716101074e+02 6.5716900635e+02 6.5718499756e+02 6.5721697998e+02 6.5724700928e+02 6.5727398682e+02 6.5728198242e+02 6.5728698730e+02 6.5729699707e+02 6.5731896973e+02 6.5733099365e+02 6.5734600830e+02 6.5736401367e+02 6.5736199951e+02 6.5736999512e+02 6.5737902832e+02 6.5738397217e+02 6.5738201904e+02 6.5740100098e+02 6.5740802002e+02 6.5741699219e+02 6.5741497803e+02 6.5741601563e+02 6.5743103027e+02 6.5743402100e+02 6.5743298340e+02 6.5741900635e+02 6.5741699219e+02 6.5742999268e+02 6.5742700195e+02 6.5741802979e+02 6.5741400146e+02 6.5741101074e+02 6.5740802002e+02 6.5739202881e+02 6.5737298584e+02 6.5736901855e+02 6.5736901855e+02 6.5736297607e+02 6.5735797119e+02 6.5735101318e+02
6.5709802246e+02 6.5710797119e+02 6.5712298584e+02 6.5714001465e+02 6.5715600586e+02 6.5716699219e+02 6.5718902588e+02 6.5722302246e+02 6.5725402832e+02 6.5727899170e+02 6.5729901123e+02 6.5730499268e+02 6.5731097412e+02 6.5732098389e+02 6.5734600830e+02 6.5735601807e+02 6.5736401367e+02 6.5738598633e+02 6.5738702393e+02 6.5739398193e+02 6.5741198730e+02 6.5741601563e+02 6.5741302490e+02 6.5742700195e+02 6.5743200684e+02 6.5744702148e+02 6.5744201660e+02 6.5743902588e+02 6.5745697021e+02 6.5746197510e+02 6.5746301270e+02 6.5746099854e+02 6.5744897461e+02 6.5744702148e+02 6.5744598389e+02 6.5744299316e+02 6.5744299316e+02 6.5743902588e+02 6.5744000244e+02 6.5743701172e+02 6.5741802979e+02 6.5740002441e+02 6.5740301514e+02 6.5740399170e+02 6.5739599609e+02 6.5738702393e+02
6.5711999512e+02 6.5713500977e+02 6.5715502930e+02 6.5716198730e+02 6.5717401123e+02 6.5720098877e+02 6.5725299072e+02 6.5725500488e+02 6.5727398682e+02 6.5729302979e+02 6.5730102539e+02 6.5733197021e+02 6.5734100342e+02 6.5734399414e+02 6.5735900879e+02 6.5736999512e+02 6.5737597656e+02 6.5739398193e+02 6.5740502930e+02 6.5740502930e+02 6.5742999268e+02 6.5744000244e+02 6.5744396973e+02 6.5745800781e+02 6.5746600342e+02 6.5747698975e+02 6.5747802734e+02 6.5746600342e+02 6.5747198486e+02 6.5748797607e+02 6.5749200439e+02 6.5748602295e+02 6.5747900391e+02 6.5747698975e+02 6.5748901367e+02 6.5749700928e+02 6.5748699951e+02 6.5748199463e+02 6.5747302246e+02 6.5746600342e+02 6.5747100830e+02 6.5746697998e+02 6.5745599365e+02 6.5744299316e+02 6.5744000244e+02 6.5742199707e+02
6.5713897705e+02 6.5715197754e+02 6.5716998291e+02 6.5719097900e+02 6.5722302246e+02 6.5725000000e+02 6.5727697754e+02 6.5728100586e+02 6.5729302979e+02 6.5731298828e+02 6.5732702637e+02 6.5734399414e+02 6.5735797119e+02 6.5737298584e+02 6.5737902832e+02 6.5739202881e+02 6.5739898682e+02 6.5740301514e+02 6.5741601563e+02 6.5743298340e+02 6.5746197510e+02 6.5746997070e+02 6.5747998047e+02 6.5749700928e+02 6.5750598145e+02 6.5750000000e+02 6.5750402832e+02 6.5750701904e+02 6.5750598145e+02 6.5751397705e+02 6.5751202393e+02 6.5751000977e+02 6.5751800537e+02 6.5752899170e+02 6.5753198242e+02 6.5754699707e+02 6.5753601074e+02 6.5751800537e+02 6.5750799561e+02 6.5749902344e+02 6.5750598145e+02 6.5751800537e+02 6.5750500488e+02 6.5748498535e+02 6.5747198486e+02 6.5746002197e+02
6.5715698242e+02 6.5718200684e+02 6.5720501709e+02 6.5722399902e+02 6.5726000977e+02 6.5728002930e+02 6.5728900146e+02 6.5729998779e+02 6.5731298828e+02 6.5733197021e+02 6.5735601807e+02 6.5736700439e+02 6.5736602783e+02 6.5738299561e+02 6.5740197754e+02 6.5741699219e+02 6.5742999268e+02 6.5743902588e+02 6.5744396973e+02 6.5746697998e+02 6.5749102783e+02 6.5750201416e+02 6.5751501465e+02 6.5752801514e+02 6.5753497314e+02 6.5752398682e+02 6.5752899170e+02 6.5753100586e+02 6.5753198242e+02 6.5753302002e+02 6.5753601074e+02 6.5754699707e+02 6.5755798340e+02 6.5756701660e+02 6.5755603027e+02 6.5756701660e+02 6.5757800293e+02 6.5756097412e+02 6.5755102539e+02 6.5754699707e+02 6.5754797363e+02 6.5755297852e+02 6.5754199219e+02 6.5753100586e+02 6.5751599121e+02 6.5751000977e+02
6.5719299316e+02 6.5722198486e+02 6.5724401855e+02 6.5724700928e+02 6.5727600098e+02 6.5728601074e+02 6.5730102539e+02 6.5732098389e+02 6.5733398438e+02 6.5733898926e+02 6.5736102295e+02 6.5738397217e+02 6.5738201904e+02 6.5739501953e+02 6.5741900635e+02 6.5743298340e+02 6.5744897461e+02 6.5747198486e+02 6.5747802734e+02 6.5748602295e+02 6.5750701904e+02 6.5752600098e+02 6.5753802490e+02 6.5754302979e+02 6.5755700684e+02 6.5755798340e+02 6.5756097412e+02 6.5755499268e+02 6.5756500244e+02 6.5757598877e+02 6.5758001709e+02 6.5758300781e+02 6.5759002686e+02 6.5760101318e+02 6.5759399414e+02 6.5759802246e+02 6.5761798096e+02 6.5760601807e+02 6.5760302734e+02 6.5760797119e+02 6.5759698486e+02 6.5759002686e+02 6.5757897949e+02 6.5758001709e+02 6.5756701660e+02 6.5755798340e+02
