TESTSERVER/12/4.asc
NCOLS 100
NROWS 100
XLLCORNER 8.0997500000e+03
YLLCORNER 2.8975025000e+05
CELLSIZE 5.0000000000e-01
NODATA_VALUE -9.9990000000e+03
[rows 40 to 59 of 100, columns 46 to 91 of 100]
6.5556201172e+02 6.5555200195e+02 6.5554602051e+02 6.5550897217e+02 6.5548602295e+02 6.5548199463e+02 6.5548101807e+02 6.5546099854e+02 6.5544702148e+02 6.5544396973e+02 6.5545501709e+02 6.5546697998e+02 6.5546002197e+02 6.5546301270e+02 6.5547302246e+02 6.5548400879e+02 6.5547601318e+02 6.5547198486e+02 6.5548199463e+02 6.5549298096e+02 6.5550799561e+02 6.5553100586e+02 6.5554400635e+02 6.5554998779e+02 6.5555902100e+02 6.5558099365e+02 6.5559197998e+02 6.5560400391e+02 6.5561499023e+02 6.5562402344e+02 6.5564300537e+02 6.5565100098e+02 6.5566900635e+02 6.5567498779e+02 6.5566998291e+02 6.5570300293e+02 6.5573901367e+02 6.5576501465e+02 6.5578601074e+02 6.5580902100e+02 6.5581097412e+02 6.5581799316e+02 6.5583001709e+02 6.5585101318e+02 6.5588098145e+02 6.5590899658e+02
6.5556896973e+02 6.5556500244e+02 6.5555798340e+02 6.5553302002e+02 6.5551501465e+02 6.5550701904e+02 6.5549798584e+02 6.5547900391e+02 6.5546398926e+02 6.5545697021e+02 6.5546398926e+02 6.5546899414e+02 6.5545501709e+02 6.5545397949e+02 6.5546398926e+02 6.5547698975e+02 6.5548199463e+02 6.5548101807e+02 6.5548101807e+02 6.5549597168e+02 6.5551898193e+02 6.5553900146e+02 6.5554302979e+02 6.5555200195e+02 6.5557098389e+02 6.5557800293e+02 6.5558099365e+02 6.5558801270e+02 6.5559997559e+02 6.5560998535e+02 6.5562701416e+02 6.5564599609e+02 6.5566998291e+02 6.5567602539e+02 6.5568103027e+02 6.5571002197e+02 6.5573797607e+02 6.5576000977e+02 6.5576501465e+02 6.5578497314e+02 6.5579797363e+02 6.5580902100e+02 6.5581896973e+02 6.5582897949e+02 6.5586297607e+02 6.5588800049e+02
6.5558099365e+02 6.5556896973e+02 6.5556402588e+02 6.5554901123e+02 6.5553900146e+02 6.5553399658e+02 6.5550598145e+02 6.5548400879e+02 6.5546899414e+02 6.5544299316e+02 6.5545098877e+02 6.5546099854e+02 6.5544799805e+02 6.5545001221e+02 6.5545501709e+02 6.5546398926e+02 6.5547601318e+02 6.5549401855e+02 6.5550299072e+02 6.5550097656e+02 6.5552600098e+02 6.5554901123e+02 6.5555102539e+02 6.5555700684e+02 6.5556896973e+02 6.5556500244e+02 6.5556896973e+02 6.5557800293e+02 6.5558801270e+02 6.5560198975e+02 6.5561999512e+02 6.5562902832e+02 6.5564398193e+02 6.5566101074e+02 6.5568103027e+02 6.5571197510e+02 6.5574798584e+02 6.5576800537e+02 6.5575799561e+02 6.5576300049e+02 6.5577398682e+02 6.5578399658e+02 6.5579797363e+02 6.5581500244e+02 6.5585498047e+02 6.5587402344e+02
6.5560601807e+02 6.5558898926e+02 6.5557598877e+02 6.5555603027e+02 6.5554498291e+02 6.5554699707e+02 6.5552197266e+02 6.5549401855e+02 6.5547497559e+02 6.5543902588e+02 6.5544299316e+02 6.5544299316e+02 6.5542901611e+02 6.5544702148e+02 6.5546002197e+02 6.5545898438e+02 6.5547601318e+02 6.5550500488e+02 6.5552197266e+02 6.5551000977e+02 6.5552502441e+02 6.5554199219e+02 6.5554797363e+02 6.5555798340e+02 6.5556799316e+02 6.5556799316e+02 6.5556201172e+02 6.5557800293e+02 6.5558599854e+02 6.5559301758e+02 6.5561102295e+02 6.5560900879e+02 6.5561901855e+02 6.5564501953e+02 6.5566101074e+02 6.5569702148e+02 6.5574102783e+02 6.5575799561e+02 6.5575701904e+02 6.5575201416e+02 6.5576599121e+02 6.5578302002e+02 6.5579699707e+02 6.5582299805e+02 6.5585900879e+02 6.5586798096e+02
6.5562902832e+02 6.5561297607e+02 6.5558898926e+02 6.5557098389e+02 6.5555798340e+02 6.5555603027e+02 6.5553900146e+02 6.5552099609e+02 6.5549902344e+02 6.5547497559e+02 6.5545898438e+02 6.5544799805e+02 6.5541900635e+02 6.5542901611e+02 6.5544702148e+02 6.5546099854e+02 6.5548199463e+02 6.5550000000e+02 6.5551501465e+02 6.5551898193e+02 6.5551898193e+02 6.5551000977e+02 6.5551800537e+02 6.5554699707e+02 6.5556201172e+02 6.5556298828e+02 6.5555798340e+02 6.5557098389e+02 6.5558001709e+02 6.5559002686e+02 6.5559600830e+02 6.5559802246e+02 6.5560998535e+02 6.5563897705e+02 6.5566900635e+02 6.5569396973e+02 6.5572399902e+02 6.5573999023e+02 6.5576202393e+02 6.5576702881e+02 6.5578997803e+02 6.5579998779e+02 6.5578802490e+02 6.5581298828e+02 6.5584899902e+02 6.5586700439e+02
6.5564398193e+02 6.5562402344e+02 6.5560900879e+02 6.5559100342e+02 6.5557299805e+02 6.5556896973e+02 6.5554498291e+02 6.5553497314e+02 6.5552197266e+02 6.5550000000e+02 6.5546398926e+02 6.5544897461e+02 6.5542700195e+02 6.5542901611e+02 6.5543798828e+02 6.5545300293e+02 6.5547601318e+02 6.5548602295e+02 6.5549597168e+02 6.5550402832e+02 6.5550701904e+02 6.5549597168e+02 6.5550201416e+02 6.5553399658e+02 6.5555297852e+02 6.5555603027e+02 6.5555401611e+02 6.5557098389e+02 6.5557897949e+02 6.5558197021e+02 6.5558599854e+02 6.5558398438e+02 6.5560198975e+02 6.5562200928e+02 6.5563500977e+02 6.5567999268e+02 6.5571099854e+02 6.5572998047e+02 6.5575799561e+02 6.5577801514e+02 6.5580401611e+02 6.5581201172e+02 6.5579998779e+02 6.5581896973e+02 6.5584497070e+02 6.5586499023e+02
6.5564801025e+02 6.5564398193e+02 6.5564099121e+02 6.5562902832e+02 6.5559600830e+02 6.5558099365e+02 6.5556500244e+02 6.5554199219e+02 6.5553100586e+02 6.5552099609e+02 6.5548400879e+02 6.5547198486e+02 6.5545098877e+02 6.5544097900e+02 6.5543701172e+02 6.5544897461e+02 6.5546197510e+02 6.5547900391e+02 6.5549499512e+02 6.5548999023e+02 6.5549902344e+02 6.5550299072e+02 6.5550598145e+02 6.5551599121e+02 6.5553997803e+02 6.5555499268e+02 6.5555297852e+02 6.5556097412e+02 6.5556799316e+02 6.5557000732e+02 6.5558197021e+02 6.5557897949e+02 6.5559997559e+02 6.5561401367e+02 6.5562097168e+02 6.5566101074e+02 6.5569598389e+02 6.5572802734e+02 6.5576202393e+02 6.5578002930e+02 6.5580297852e+02 6.5582098389e+02 6.5582000732e+02 6.5582299805e+02 6.5582598877e+02 6.5584301758e+02
6.5565802002e+02 6.5566198730e+02 6.5565399170e+02 6.5565002441e+02 6.5562500000e+02 6.5560699463e+02 6.5558398438e+02 6.5556701660e+02 6.5555798340e+02 6.5555499268e+02 6.5552801514e+02 6.5551501465e+02 6.5548901367e+02 6.5547497559e+02 6.5545800781e+02 6.5546197510e+02 6.5546197510e+02 6.5547497559e+02 6.5549902344e+02 6.5549401855e+02 6.5549902344e+02 6.5550500488e+02 6.5550701904e+02 6.5549700928e+02 6.5551501465e+02 6.5554199219e+02 6.5555102539e+02 6.5555999756e+02 6.5556701660e+02 6.5556500244e+02 6.5557000732e+02 6.5557098389e+02 6.5559197998e+02 6.5560699463e+02 6.5562298584e+02 6.5564398193e+02 6.5567901611e+02 6.5572302246e+02 6.5576000977e+02 6.5577398682e+02 6.5578900146e+02 6.5581597900e+02 6.5583197021e+02 6.5582702637e+02 6.5581298828e+02 6.5582000732e+02
6.5566998291e+02 6.5567498779e+02 6.5567498779e+02 6.5566198730e+02 6.5564501953e+02 6.5562500000e+02 6.5559600830e+02 6.5558197021e+02 6.5557299805e+02 6.5556597900e+02 6.5555102539e+02 6.5554199219e+02 6.5551397705e+02 6.5550000000e+02 6.5548199463e+02 6.5547900391e+02 6.5547698975e+02 6.5547497559e+02 6.5548699951e+02 6.5549499512e+02 6.5550097656e+02 6.5550201416e+02 6.5549200439e+02 6.5549102783e+02 6.5549798584e+02 6.5552197266e+02 6.5554901123e+02 6.5554901123e+02 6.5555401611e+02 6.5554797363e+02 6.5554901123e+02 6.5553802490e+02 6.5555603027e+02 6.5558099365e+02 6.5561102295e+02 6.5562701416e+02 6.5566802979e+02 6.5570800781e+02 6.5573297119e+02 6.5577301025e+02 6.5579101563e+02 6.5581896973e+02 6.5583398438e+02 6.5585498047e+02 6.5585900879e+02 6.5584600830e+02
6.5568402100e+02 6.5568902588e+02 6.5568402100e+02 6.5567401123e+02 6.5566198730e+02 6.5564697266e+02 6.5563098145e+02 6.5561199951e+02 6.5559399414e+02 6.5559698486e+02 6.5556701660e+02 6.5555499268e+02 6.5554199219e+02 6.5553100586e+02 6.5551300049e+02 6.5550097656e+02 6.5550097656e+02 6.5548602295e+02 6.5548498535e+02 6.5548297119e+02 6.5549102783e+02 6.5550201416e+02 6.5550500488e+02 6.5550799561e+02 6.5549200439e+02 6.5549700928e+02 6.5552899170e+02 6.5554998779e+02 6.5554498291e+02 6.5553002930e+02 6.5554998779e+02 6.5554199219e+02 6.5555200195e+02 6.5556597900e+02 6.5558502197e+02 6.5561297607e+02 6.5565600586e+02 6.5568798828e+02 6.5571002197e+02 6.5574700928e+02 6.5579602051e+02 6.5585498047e+02 6.5587200928e+02 6.5590502930e+02 6.5590802002e+02 6.5587200928e+02
6.5571301270e+02 6.5571002197e+02 6.5568103027e+02 6.5566601563e+02 6.5567401123e+02 6.5566998291e+02 6.5565698242e+02 6.5563598633e+02 6.5561199951e+02 6.5561102295e+02 6.5558697510e+02 6.5558001709e+02 6.5557897949e+02 6.5557702637e+02 6.5553900146e+02 6.5551202393e+02 6.5552197266e+02 6.5551397705e+02 6.5550000000e+02 6.5549700928e+02 6.5550097656e+02 6.5549499512e+02 6.5549499512e+02 6.5551300049e+02 6.5551300049e+02 6.5551000977e+02 6.5551501465e+02 6.5553601074e+02 6.5553802490e+02 6.5553100586e+02 6.5554699707e+02 6.5553900146e+02 6.5554901123e+02 6.5555499268e+02 6.5557098389e+02 6.5558898926e+02 6.5562799072e+02 6.5567401123e+02 6.5571502686e+02 6.5573797607e+02 6.5579400635e+02 6.5587097168e+02 6.5590301514e+02 6.5594201660e+02 6.5594500732e+02 6.5590899658e+02
6.5573901367e+02 6.5573400879e+02 6.5569799805e+02 6.5567401123e+02 6.5568103027e+02 6.5568103027e+02 6.5567700195e+02 6.5567498779e+02 6.5565600586e+02 6.5564202881e+02 6.5562402344e+02 6.5561199951e+02 6.5559997559e+02 6.5559600830e+02 6.5556201172e+02 6.5554901123e+02 6.5553900146e+02 6.5552899170e+02 6.5550897217e+02 6.5551501465e+02 6.5550701904e+02 6.5548999023e+02 6.5549200439e+02 6.5550799561e+02 6.5552502441e+02 6.5552502441e+02 6.5550500488e+02 6.5551501465e+02 6.5552502441e+02 6.5552398682e+02 6.5553698730e+02 6.5554101563e+02 6.5554699707e+02 6.5554498291e+02 6.5556402588e+02 6.5557299805e+02 6.5560998535e+02 6.5566101074e+02 6.5571697998e+02 6.5575299072e+02 6.5579797363e+02 6.5586602783e+02 6.5591198730e+02 6.5594702148e+02 6.5594396973e+02 6.5590002441e+02
6.5576898193e+02 6.5575201416e+02 6.5572698975e+02 6.5571600342e+02 6.5569799805e+02 6.5568499756e+02 6.5568902588e+02 6.5568902588e+02 6.5567797852e+02 6.5566802979e+02 6.5566400146e+02 6.5564202881e+02 6.5561798096e+02 6.5561199951e+02 6.5559002686e+02 6.5559899902e+02 6.5556500244e+02 6.5554101563e+02 6.5553302002e+02 6.5552398682e+02 6.5550500488e+02 6.5549401855e+02 6.5550000000e+02 6.5548901367e+02 6.5549700928e+02 6.5550701904e+02 6.5552197266e+02 6.5551501465e+02 6.5550500488e+02 6.5550201416e+02 6.5552600098e+02 6.5553997803e+02 6.5554400635e+02 6.5555401611e+02 6.5556402588e+02 6.5555902100e+02 6.5560998535e+02 6.5566101074e+02 6.5570501709e+02 6.5576501465e+02 6.5581402588e+02 6.5587402344e+02 6.5592498779e+02 6.5593701172e+02 6.5592199707e+02 6.5586499023e+02
6.5579498291e+02 6.5575897217e+02 6.5574597168e+02 6.5574700928e+02 6.5573602295e+02 6.5572399902e+02 6.5572100830e+02 6.5571398926e+02 6.5570001221e+02 6.5569598389e+02 6.5569500732e+02 6.5567199707e+02 6.5564001465e+02 6.5562799072e+02 6.5561401367e+02 6.5561700439e+02 6.5558197021e+02 6.5555603027e+02 6.5554699707e+02 6.5553198242e+02 6.5552600098e+02 6.5551501465e+02 6.5551397705e+02 6.5550299072e+02 6.5550097656e+02 6.5550598145e+02 6.5551501465e+02 6.5551800537e+02 6.5550201416e+02 6.5548999023e+02 6.5552001953e+02 6.5553698730e+02 6.5553601074e+02 6.5553997803e+02 6.5556597900e+02 6.5557397461e+02 6.5564398193e+02 6.5570098877e+02 6.5572399902e+02 6.5575799561e+02 6.5580499268e+02 6.5586102295e+02 6.5591302490e+02 6.5592602539e+02 6.5590002441e+02 6.5584899902e+02
6.5580401611e+02 6.5578100586e+02 6.5577197266e+02 6.5577001953e+02 6.5577001953e+02 6.5576800537e+02 6.5575799561e+02 6.5574401855e+02 6.5572900391e+02 6.5572302246e+02 6.5571600342e+02 6.5570001221e+02 6.5567999268e+02 6.5566900635e+02 6.5564898682e+02 6.5563500977e+02 6.5560498047e+02 6.5559197998e+02 6.5557800293e+02 6.5555603027e+02 6.5553100586e+02 6.5551202393e+02 6.5550897217e+02 6.5550799561e+02 6.5550402832e+02 6.5550598145e+02 6.5551000977e+02 6.5550897217e+02 6.5550097656e+02 6.5548999023e+02 6.5550299072e+02 6.5550598145e+02 6.5552502441e+02 6.5553997803e+02 6.5556701660e+02 6.5559802246e+02 6.5567199707e+02 6.5572399902e+02 6.5573901367e+02 6.5576800537e+02 6.5580999756e+02 6.5584802246e+02 6.5589202881e+02 6.5590002441e+02 6.5585998535e+02 6.5582098389e+02
6.5583599854e+02 6.5581500244e+02 6.5578997803e+02 6.5578497314e+02 6.5579199219e+02 6.5579602051e+02 6.5578302002e+02 6.5576702881e+02 6.5575097656e+02 6.5574597168e+02 6.5574298096e+02 6.5572497559e+02 6.5571197510e+02 6.5569897461e+02 6.5567999268e+02 6.5566101074e+02 6.5563098145e+02 6.5562701416e+02 6.5561199951e+02 6.5557800293e+02 6.5553497314e+02 6.5552197266e+02 6.5551599121e+02 6.5551202393e+02 6.5550799561e+02 6.5551098633e+02 6.5550598145e+02 6.5549401855e+02 6.5549700928e+02 6.5550402832e+02 6.5551898193e+02 6.5550097656e+02 6.5552502441e+02 6.5555902100e+02 6.5559600830e+02 6.5563897705e+02 6.5569097900e+02 6.5572601318e+02 6.5574798584e+02 6.5577197266e+02 6.5581097412e+02 6.5583898926e+02 6.5587402344e+02 6.5586401367e+02 6.5582299805e+02 6.5580102539e+02
6.5589398193e+02 6.5585101318e+02 6.5581597900e+02 6.5581402588e+02 6.5581097412e+02 6.5580200195e+02 6.5579199219e+02 6.5578302002e+02 6.5576898193e+02 6.5577301025e+02 6.5577398682e+02 6.5575201416e+02 6.5573297119e+02 6.5571099854e+02 6.5569201660e+02 6.5567102051e+02 6.5565002441e+02 6.5563897705e+02 6.5563000488e+02 6.5561102295e+02 6.5556500244e+02 6.5554602051e+02 6.5553100586e+02 6.5553302002e+02 6.5552899170e+02 6.5553399658e+02 6.5552899170e+02 6.5550598145e+02 6.5549401855e+02 6.5550097656e+02 6.5554602051e+02 6.5554998779e+02 6.5556298828e+02 6.5559100342e+02 6.5563098145e+02 6.5567297363e+02 6.5571099854e+02 6.5573498535e+02 6.5576098633e+02 6.5578002930e+02 6.5580603027e+02 6.5582202148e+02 6.5584301758e+02 6.5583197021e+02 6.5581298828e+02 6.5581298828e+02
6.5592999268e+02 6.5589599609e+02 6.5587402344e+02 6.5585400391e+02 6.5583801270e+02 6.5583697510e+02 6.5583398438e+02 6.5582897949e+02 6.5580499268e+02 6.5579901123e+02 6.5580401611e+02 6.5577697754e+02 6.5575000000e+02 6.5573699951e+02 6.5571801758e+02 6.5571002197e+02 6.5570397949e+02 6.5567901611e+02 6.5565899658e+02 6.5564501953e+02 6.5561499023e+02 6.5559399414e+02 6.5556402588e+02 6.5554797363e+02 6.5554199219e+02 6.5554901123e+02 6.5554901123e+02 6.5552899170e+02 6.5550799561e+02 6.5549798584e+02 6.5553698730e+02 6.5555798340e+02 6.5557800293e+02 6.5559497070e+02 6.5562298584e+02 6.5567102051e+02 6.5571801758e+02 6.5575299072e+02 6.5578601074e+02 6.5578002930e+02 6.5579901123e+02 6.5581896973e+02 6.5583697510e+02 6.5582501221e+02 6.5580603027e+02 6.5580700684e+02
6.5596398926e+02 6.5594097900e+02 6.5593103027e+02 6.5590301514e+02 6.5587902832e+02 6.5587200928e+02 6.5585900879e+02 6.5585198975e+02 6.5583300781e+02 6.5582202148e+02 6.5581097412e+02 6.5579400635e+02 6.5577899170e+02 6.5576098633e+02 6.5573901367e+02 6.5573199463e+02 6.5573602295e+02 6.5571502686e+02 6.5568402100e+02 6.5566699219e+02 6.5564202881e+02 6.5563000488e+02 6.5560302734e+02 6.5557800293e+02 6.5556500244e+02 6.5557000732e+02 6.5556597900e+02 6.5555297852e+02 6.5555401611e+02 6.5554699707e+02 6.5553497314e+02 6.5554498291e+02 6.5557000732e+02 6.5559197998e+02 6.5562097168e+02 6.5567901611e+02 6.5572900391e+02 6.5575799561e+02 6.5578399658e+02 6.5578497314e+02 6.5579998779e+02 6.5582800293e+02 6.5583398438e+02 6.5581201172e+02 6.5578698730e+02 6.5577600098e+02
6.5599902344e+02 6.5597698975e+02 6.5596301270e+02 6.5595098877e+02 6.5593200684e+02 6.5591400146e+02 6.5588702393e+02 6.5586999512e+02 6.5585699463e+02 6.5585101318e+02 6.5583300781e+02 6.5582000732e+02 6.5580603027e+02 6.5578198242e+02 6.5576800537e+02 6.5574700928e+02 6.5575299072e+02 6.5575000000e+02 6.5571899414e+02 6.5568902588e+02 6.5566497803e+02 6.5565600586e+02 6.5563598633e+02 6.5561401367e+02 6.5558898926e+02 6.5558599854e+02 6.5558502197e+02 6.5557397461e+02 6.5558300781e+02 6.5558898926e+02 6.5556500244e+02 6.5556097412e+02 6.5557800293e+02 6.5561297607e+02 6.5565301514e+02 6.5570001221e+02 6.5573999023e+02 6.5575897217e+02 6.5577697754e+02 6.5579797363e+02 6.5581799316e+02 6.5584100342e+02 6.5582702637e+02 6.5579797363e+02 6.5577801514e+02 6.5575701904e+02
