TESTSERVER/12/5.asc
NCOLS 100
NROWS 100
XLLCORNER 8.0997500000e+03
YLLCORNER 2.8970025000e+05
CELLSIZE 5.0000000000e-01
NODATA_VALUE -9.9990000000e+03
[rows 40 to 59 of 100, columns 0 to 45 of 100]
6.5790502930e+02 6.5791198730e+02 6.5792999268e+02 6.5794097900e+02 6.5794897461e+02 6.5796002197e+02 6.5797601318e+02 6.5797399902e+02 6.5797497559e+02 6.5798602295e+02 6.5800799561e+02 6.5802600098e+02 6.5803900146e+02 6.5805200195e+02 6.5806896973e+02 6.5807501221e+02 6.5807397461e+02 6.5808801270e+02 6.5811700439e+02 6.5812097168e+02 6.5814001465e+02 6.5816198730e+02 6.5817297363e+02 6.5816601563e+02 6.5818200684e+02 6.5819201660e+02 6.5819799805e+02 6.5821099854e+02 6.5822399902e+02 6.5822998047e+02 6.5824597168e+02 6.5824401855e+02 6.5824798584e+02 6.5824700928e+02 6.5824102783e+02 6.5823498535e+02 6.5825097656e+02 6.5826202393e+02 6.5828002930e+02 6.5828497314e+02 6.5831298828e+02 6.5834997559e+02 6.5839202881e+02 6.5840802002e+02 6.5839801025e+02 6.5840600586e+02
6.5792602539e+02 6.5792901611e+02 6.5794598389e+02 6.5795898438e+02 6.5796502686e+02 6.5796600342e+02 6.5797198486e+02 6.5799200439e+02 6.5800097656e+02 6.5800598145e+02 6.5802301025e+02 6.5803997803e+02 6.5805297852e+02 6.5806597900e+02 6.5808099365e+02 6.5808502197e+02 6.5809100342e+02 6.5811297607e+02 6.5813201904e+02 6.5813800049e+02 6.5815197754e+02 6.5816900635e+02 6.5819000244e+02 6.5819097900e+02 6.5819299316e+02 6.5819702148e+02 6.5820599365e+02 6.5821899414e+02 6.5823101807e+02 6.5824200439e+02 6.5824700928e+02 6.5823101807e+02 6.5823498535e+02 6.5824298096e+02 6.5825500488e+02 6.5825097656e+02 6.5826800537e+02 6.5829699707e+02 6.5832702637e+02 6.5834002686e+02 6.5835699463e+02 6.5836999512e+02 6.5839099121e+02 6.5840698242e+02 6.5841400146e+02 6.5841998291e+02
6.5794500732e+02 6.5795001221e+02 6.5796099854e+02 6.5796398926e+02 6.5797802734e+02 6.5798400879e+02 6.5800000000e+02 6.5800598145e+02 6.5800598145e+02 6.5801898193e+02 6.5803900146e+02 6.5805499268e+02 6.5806896973e+02 6.5808197021e+02 6.5809301758e+02 6.5809600830e+02 6.5810699463e+02 6.5813000488e+02 6.5814599609e+02 6.5815802002e+02 6.5817297363e+02 6.5817297363e+02 6.5818701172e+02 6.5819702148e+02 6.5820202637e+02 6.5820800781e+02 6.5821197510e+02 6.5821899414e+02 6.5822601318e+02 6.5823101807e+02 6.5822698975e+02 6.5820800781e+02 6.5822601318e+02 6.5825299072e+02 6.5828302002e+02 6.5829302979e+02 6.5830902100e+02 6.5833502197e+02 6.5835900879e+02 6.5837597656e+02 6.5838800049e+02 6.5838500977e+02 6.5838598633e+02 6.5839898682e+02 6.5841101074e+02 6.5841198730e+02
6.5796099854e+02 6.5797100830e+02 6.5798699951e+02 6.5798699951e+02 6.5798498535e+02 6.5799102783e+02 6.5802801514e+02 6.5801898193e+02 6.5801702881e+02 6.5803002930e+02 6.5805401611e+02 6.5807098389e+02 6.5808398438e+02 6.5809698486e+02 6.5810900879e+02 6.5812097168e+02 6.5813098145e+02 6.5814398193e+02 6.5815802002e+02 6.5817297363e+02 6.5819000244e+02 6.5818402100e+02 6.5818402100e+02 6.5819500732e+02 6.5821002197e+02 6.5822497559e+02 6.5821600342e+02 6.5821398926e+02 6.5821697998e+02 6.5821398926e+02 6.5821301270e+02 6.5821997070e+02 6.5825598145e+02 6.5828399658e+02 6.5831298828e+02 6.5832598877e+02 6.5834600830e+02 6.5836901855e+02 6.5838299561e+02 6.5839398193e+02 6.5840197754e+02 6.5839697266e+02 6.5838800049e+02 6.5838800049e+02 6.5839501953e+02 6.5839300537e+02
6.5797601318e+02 6.5799102783e+02 6.5800097656e+02 6.5800201416e+02 6.5800500488e+02 6.5800598145e+02 6.5803198242e+02 6.5803399658e+02 6.5804602051e+02 6.5804699707e+02 6.5805499268e+02 6.5808697510e+02 6.5810302734e+02 6.5811297607e+02 6.5811999512e+02 6.5814001465e+02 6.5815100098e+02 6.5816497803e+02 6.5817602539e+02 6.5818103027e+02 6.5819299316e+02 6.5819897461e+02 6.5820300293e+02 6.5820697021e+02 6.5821899414e+02 6.5821801758e+02 6.5820300293e+02 6.5820397949e+02 6.5821697998e+02 6.5822601318e+02 6.5823901367e+02 6.5826599121e+02 6.5829302979e+02 6.5830999756e+02 6.5833099365e+02 6.5835198975e+02 6.5837597656e+02 6.5839398193e+02 6.5839202881e+02 6.5839599609e+02 6.5839801025e+02 6.5839202881e+02 6.5838702393e+02 6.5838201904e+02 6.5838098145e+02 6.5838201904e+02
6.5798901367e+02 6.5800201416e+02 6.5801098633e+02 6.5801898193e+02 6.5802899170e+02 6.5802301025e+02 6.5802099609e+02 6.5805200195e+02 6.5807098389e+02 6.5807702637e+02 6.5808801270e+02 6.5810699463e+02 6.5812500000e+02 6.5814001465e+02 6.5814398193e+02 6.5815197754e+02 6.5816198730e+02 6.5817999268e+02 6.5817797852e+02 6.5818701172e+02 6.5819201660e+02 6.5819500732e+02 6.5821197510e+02 6.5820898438e+02 6.5820202637e+02 6.5820001221e+02 6.5820898438e+02 6.5822698975e+02 6.5824700928e+02 6.5825201416e+02 6.5826800537e+02 6.5829199219e+02 6.5832202148e+02 6.5835101318e+02 6.5836602783e+02 6.5837200928e+02 6.5837902832e+02 6.5839099121e+02 6.5838598633e+02 6.5837097168e+02 6.5836798096e+02 6.5836602783e+02 6.5837097168e+02 6.5836798096e+02 6.5836901855e+02 6.5837902832e+02
6.5799700928e+02 6.5801000977e+02 6.5802398682e+02 6.5802697754e+02 6.5804302979e+02 6.5804797363e+02 6.5804302979e+02 6.5807397461e+02 6.5808801270e+02 6.5810400391e+02 6.5811798096e+02 6.5811999512e+02 6.5813000488e+02 6.5815002441e+02 6.5816198730e+02 6.5816101074e+02 6.5816699219e+02 6.5817602539e+02 6.5817901611e+02 6.5819299316e+02 6.5819799805e+02 6.5819299316e+02 6.5820098877e+02 6.5819897461e+02 6.5819799805e+02 6.5820098877e+02 6.5821997070e+02 6.5825201416e+02 6.5826702881e+02 6.5827398682e+02 6.5830401611e+02 6.5832800293e+02 6.5835400391e+02 6.5837200928e+02 6.5838201904e+02 6.5837597656e+02 6.5836999512e+02 6.5837500000e+02 6.5837402344e+02 6.5834997559e+02 6.5834899902e+02 6.5835400391e+02 6.5836401367e+02 6.5836798096e+02 6.5838000488e+02 6.5840802002e+02
6.5800598145e+02 6.5801898193e+02 6.5803497314e+02 6.5803497314e+02 6.5804797363e+02 6.5806402588e+02 6.5807800293e+02 6.5809600830e+02 6.5809802246e+02 6.5811499023e+02 6.5812902832e+02 6.5813201904e+02 6.5814001465e+02 6.5815899658e+02 6.5818298340e+02 6.5817901611e+02 6.5817999268e+02 6.5818103027e+02 6.5818402100e+02 6.5818597412e+02 6.5819702148e+02 6.5819702148e+02 6.5819000244e+02 6.5818200684e+02 6.5820300293e+02 6.5822399902e+02 6.5823797607e+02 6.5826800537e+02 6.5829199219e+02 6.5830102539e+02 6.5833099365e+02 6.5835302734e+02 6.5837097168e+02 6.5837200928e+02 6.5837097168e+02 6.5836401367e+02 6.5835498047e+02 6.5836602783e+02 6.5837200928e+02 6.5834399414e+02 6.5834899902e+02 6.5835900879e+02 6.5837298584e+02 6.5839001465e+02 6.5840899658e+02 6.5843902588e+02
6.5801300049e+02 6.5802600098e+02 6.5804101563e+02 6.5805700684e+02 6.5807299805e+02 6.5808502197e+02 6.5810998535e+02 6.5810797119e+02 6.5810400391e+02 6.5812500000e+02 6.5814801025e+02 6.5815502930e+02 6.5817199707e+02 6.5817999268e+02 6.5819500732e+02 6.5819396973e+02 6.5819396973e+02 6.5819097900e+02 6.5818597412e+02 6.5818798828e+02 6.5820599365e+02 6.5820300293e+02 6.5819897461e+02 6.5820300293e+02 6.5822802734e+02 6.5826000977e+02 6.5826202393e+02 6.5828302002e+02 6.5831597900e+02 6.5834301758e+02 6.5836102295e+02 6.5835998535e+02 6.5835900879e+02 6.5835400391e+02 6.5834899902e+02 6.5834301758e+02 6.5834301758e+02 6.5835900879e+02 6.5836700439e+02 6.5834600830e+02 6.5835498047e+02 6.5837500000e+02 6.5839501953e+02 6.5840997314e+02 6.5842498779e+02 6.5843798828e+02
6.5803002930e+02 6.5804199219e+02 6.5805798340e+02 6.5807702637e+02 6.5809301758e+02 6.5809301758e+02 6.5811602783e+02 6.5812597656e+02 6.5812799072e+02 6.5813800049e+02 6.5815399170e+02 6.5817297363e+02 6.5818402100e+02 6.5818402100e+02 6.5819598389e+02 6.5820098877e+02 6.5820800781e+02 6.5820300293e+02 6.5818701172e+02 6.5820001221e+02 6.5822497559e+02 6.5822198486e+02 6.5823297119e+02 6.5824597168e+02 6.5825799561e+02 6.5828302002e+02 6.5829400635e+02 6.5831402588e+02 6.5833801270e+02 6.5834802246e+02 6.5835699463e+02 6.5834600830e+02 6.5834600830e+02 6.5834802246e+02 6.5834100342e+02 6.5833898926e+02 6.5834301758e+02 6.5833502197e+02 6.5833898926e+02 6.5834997559e+02 6.5838098145e+02 6.5839099121e+02 6.5840002441e+02 6.5840802002e+02 6.5842602539e+02 6.5843298340e+02
6.5804699707e+02 6.5805999756e+02 6.5807800293e+02 6.5809600830e+02 6.5810797119e+02 6.5811199951e+02 6.5812402344e+02 6.5813702393e+02 6.5814300537e+02 6.5815399170e+02 6.5816101074e+02 6.5817901611e+02 6.5818499756e+02 6.5818798828e+02 6.5819396973e+02 6.5818597412e+02 6.5819799805e+02 6.5820098877e+02 6.5819897461e+02 6.5821502686e+02 6.5823797607e+02 6.5825000000e+02 6.5827801514e+02 6.5828900146e+02 6.5829498291e+02 6.5831597900e+02 6.5832800293e+02 6.5833599854e+02 6.5834399414e+02 6.5833801270e+02 6.5833697510e+02 6.5833502197e+02 6.5833599854e+02 6.5833801270e+02 6.5833898926e+02 6.5833898926e+02 6.5834100342e+02 6.5834802246e+02 6.5836199951e+02 6.5837298584e+02 6.5840301514e+02 6.5840002441e+02 6.5840100098e+02 6.5841198730e+02 6.5841900635e+02 6.5842297363e+02
6.5806500244e+02 6.5807800293e+02 6.5809301758e+02 6.5810101318e+02 6.5811199951e+02 6.5812701416e+02 6.5812799072e+02 6.5814202881e+02 6.5815301514e+02 6.5815997314e+02 6.5815899658e+02 6.5816900635e+02 6.5817797852e+02 6.5819299316e+02 6.5820202637e+02 6.5819299316e+02 6.5820001221e+02 6.5821002197e+02 6.5822998047e+02 6.5824902344e+02 6.5827001953e+02 6.5828802490e+02 6.5831500244e+02 6.5832501221e+02 6.5832598877e+02 6.5833898926e+02 6.5834002686e+02 6.5833099365e+02 6.5833197021e+02 6.5832598877e+02 6.5832098389e+02 6.5832702637e+02 6.5832299805e+02 6.5832800293e+02 6.5834100342e+02 6.5834997559e+02 6.5834698486e+02 6.5837298584e+02 6.5839697266e+02 6.5839300537e+02 6.5840698242e+02 6.5840899658e+02 6.5840802002e+02 6.5841802979e+02 6.5841302490e+02 6.5841302490e+02
6.5808502197e+02 6.5809600830e+02 6.5809698486e+02 6.5810797119e+02 6.5811901855e+02 6.5813702393e+02 6.5813098145e+02 6.5814300537e+02 6.5814898682e+02 6.5815197754e+02 6.5815997314e+02 6.5816699219e+02 6.5817498779e+02 6.5818902588e+02 6.5820397949e+02 6.5822698975e+02 6.5823602295e+02 6.5824700928e+02 6.5825701904e+02 6.5828302002e+02 6.5831201172e+02 6.5832299805e+02 6.5833197021e+02 6.5833801270e+02 6.5833898926e+02 6.5833502197e+02 6.5832202148e+02 6.5831201172e+02 6.5831799316e+02 6.5832202148e+02 6.5832202148e+02 6.5832397461e+02 6.5832098389e+02 6.5833099365e+02 6.5835400391e+02 6.5837902832e+02 6.5838500977e+02 6.5839501953e+02 6.5840997314e+02 6.5840600586e+02 6.5840301514e+02 6.5841802979e+02 6.5842999268e+02 6.5842901611e+02 6.5842297363e+02 6.5841900635e+02
6.5808502197e+02 6.5809802246e+02 6.5811102295e+02 6.5812402344e+02 6.5813000488e+02 6.5813000488e+02 6.5812500000e+02 6.5814001465e+02 6.5814501953e+02 6.5814801025e+02 6.5816998291e+02 6.5818200684e+02 6.5817999268e+02 6.5818902588e+02 6.5821398926e+02 6.5824597168e+02 6.5826397705e+02 6.5828399658e+02 6.5829400635e+02 6.5831298828e+02 6.5832702637e+02 6.5832098389e+02 6.5833099365e+02 6.5832800293e+02 6.5832098389e+02 6.5831402588e+02 6.5830603027e+02 6.5830603027e+02 6.5830902100e+02 6.5831402588e+02 6.5831799316e+02 6.5832000732e+02 6.5833502197e+02 6.5835498047e+02 6.5837701416e+02 6.5839300537e+02 6.5838800049e+02 6.5840301514e+02 6.5841900635e+02 6.5841302490e+02 6.5841802979e+02 6.5843298340e+02 6.5844500732e+02 6.5842901611e+02 6.5842199707e+02 6.5842498779e+02
6.5809301758e+02 6.5809997559e+02 6.5811297607e+02 6.5812500000e+02 6.5812799072e+02 6.5812097168e+02 6.5811901855e+02 6.5813897705e+02 6.5815002441e+02 6.5815502930e+02 6.5817700195e+02 6.5819799805e+02 6.5821600342e+02 6.5823999023e+02 6.5826202393e+02 6.5828399658e+02 6.5829602051e+02 6.5831298828e+02 6.5832598877e+02 6.5833898926e+02 6.5834197998e+02 6.5833099365e+02 6.5834197998e+02 6.5833001709e+02 6.5831597900e+02 6.5830603027e+02 6.5829901123e+02 6.5829901123e+02 6.5830499268e+02 6.5831402588e+02 6.5832501221e+02 6.5834002686e+02 6.5836199951e+02 6.5837200928e+02 6.5838702393e+02 6.5839599609e+02 6.5838800049e+02 6.5841101074e+02 6.5843103027e+02 6.5842498779e+02 6.5842498779e+02 6.5842999268e+02 6.5844097900e+02 6.5841900635e+02 6.5841699219e+02 6.5842901611e+02
6.5809399414e+02 6.5810302734e+02 6.5811401367e+02 6.5812402344e+02 6.5813397217e+02 6.5812701416e+02 6.5813500977e+02 6.5814001465e+02 6.5815698242e+02 6.5817401123e+02 6.5819897461e+02 6.5822100830e+02 6.5825402832e+02 6.5828399658e+02 6.5829199219e+02 6.5830603027e+02 6.5832000732e+02 6.5833697510e+02 6.5834301758e+02 6.5834600830e+02 6.5834899902e+02 6.5833001709e+02 6.5834002686e+02 6.5832598877e+02 6.5831097412e+02 6.5830297852e+02 6.5830297852e+02 6.5831201172e+02 6.5832598877e+02 6.5834100342e+02 6.5835400391e+02 6.5837097168e+02 6.5838397217e+02 6.5837597656e+02 6.5838500977e+02 6.5839801025e+02 6.5839898682e+02 6.5842102051e+02 6.5843298340e+02 6.5843200684e+02 6.5842297363e+02 6.5841699219e+02 6.5842999268e+02 6.5841497803e+02 6.5842102051e+02 6.5843103027e+02
6.5809100342e+02 6.5809600830e+02 6.5810101318e+02 6.5811499023e+02 6.5813098145e+02 6.5812402344e+02 6.5814300537e+02 6.5814300537e+02 6.5817199707e+02 6.5820501709e+02 6.5822698975e+02 6.5825402832e+02 6.5828698730e+02 6.5831097412e+02 6.5830200195e+02 6.5830999756e+02 6.5832501221e+02 6.5832598877e+02 6.5832501221e+02 6.5832397461e+02 6.5833197021e+02 6.5833099365e+02 6.5832897949e+02 6.5832501221e+02 6.5830700684e+02 6.5830297852e+02 6.5831799316e+02 6.5834301758e+02 6.5836999512e+02 6.5838702393e+02 6.5839300537e+02 6.5839398193e+02 6.5839898682e+02 6.5839501953e+02 6.5838702393e+02 6.5840301514e+02 6.5841101074e+02 6.5842102051e+02 6.5843298340e+02 6.5844201660e+02 6.5842602539e+02 6.5841802979e+02 6.5842498779e+02 6.5841699219e+02 6.5842602539e+02 6.5843103027e+02
6.5808898926e+02 6.5809698486e+02 6.5809802246e+02 6.5810400391e+02 6.5811798096e+02 6.5812402344e+02 6.5814300537e+02 6.5816699219e+02 6.5820501709e+02 6.5822802734e+02 6.5824401855e+02 6.5827197266e+02 6.5830297852e+02 6.5831597900e+02 6.5831097412e+02 6.5831799316e+02 6.5831701660e+02 6.5831402588e+02 6.5830902100e+02 6.5830499268e+02 6.5831402588e+02 6.5832098389e+02 6.5831701660e+02 6.5832598877e+02 6.5832501221e+02 6.5833300781e+02 6.5835101318e+02 6.5836999512e+02 6.5838397217e+02 6.5838500977e+02 6.5840100098e+02 6.5840100098e+02 6.5839300537e+02 6.5840502930e+02 6.5840197754e+02 6.5841400146e+02 6.5842102051e+02 6.5841802979e+02 6.5843298340e+02 6.5844598389e+02 6.5843499756e+02 6.5842901611e+02 6.5842797852e+02 6.5842602539e+02 6.5841497803e+02 6.5840802002e+02
6.5807000732e+02 6.5808197021e+02 6.5809802246e+02 6.5811499023e+02 6.5813098145e+02 6.5815002441e+02 6.5817102051e+02 6.5820098877e+02 6.5822998047e+02 6.5824200439e+02 6.5826599121e+02 6.5829199219e+02 6.5830902100e+02 6.5830297852e+02 6.5829400635e+02 6.5830700684e+02 6.5830902100e+02 6.5830102539e+02 6.5829302979e+02 6.5829400635e+02 6.5830902100e+02 6.5831896973e+02 6.5832202148e+02 6.5833801270e+02 6.5835101318e+02 6.5837298584e+02 6.5838598633e+02 6.5838201904e+02 6.5838397217e+02 6.5839001465e+02 6.5840301514e+02 6.5840600586e+02 6.5839398193e+02 6.5840502930e+02 6.5840802002e+02 6.5842102051e+02 6.5842797852e+02 6.5842401123e+02 6.5843402100e+02 6.5844097900e+02 6.5843597412e+02 6.5842602539e+02 6.5841900635e+02 6.5842297363e+02 6.5840698242e+02 6.5839898682e+02
6.5806597900e+02 6.5809002686e+02 6.5811199951e+02 6.5813598633e+02 6.5814801025e+02 6.5816802979e+02 6.5820001221e+02 6.5821801758e+02 6.5824200439e+02 6.5825500488e+02 6.5827899170e+02 6.5828497314e+02 6.5828997803e+02 6.5828497314e+02 6.5827197266e+02 6.5828100586e+02 6.5829400635e+02 6.5829101563e+02 6.5828302002e+02 6.5829199219e+02 6.5831896973e+02 6.5833697510e+02 6.5834698486e+02 6.5836199951e+02 6.5837597656e+02 6.5839001465e+02 6.5839202881e+02 6.5839202881e+02 6.5839501953e+02 6.5839300537e+02 6.5839599609e+02 6.5840502930e+02 6.5840698242e+02 6.5841302490e+02 6.5840997314e+02 6.5841699219e+02 6.5841998291e+02 6.5841497803e+02 6.5842401123e+02 6.5843298340e+02 6.5842700195e+02 6.5840502930e+02 6.5839898682e+02 6.5840698242e+02 6.5840802002e+02 6.5841699219e+02
