TESTSERVER/12/5.asc
NCOLS 100
NROWS 100
XLLCORNER 8.0997500000e+03
YLLCORNER 2.8970025000e+05
CELLSIZE 5.0000000000e-01
NODATA_VALUE -9.9990000000e+03
[rows 0 to 19 of 100, columns 0 to 45 of 100]
6.5722399902e+02 6.5724597168e+02 6.5726898193e+02 6.5727398682e+02 6.5729199219e+02 6.5730401611e+02 6.5732202148e+02 6.5734100342e+02 6.5735601807e+02 6.5736700439e+02 6.5738098145e+02 6.5738098145e+02 6.5739801025e+02 6.5740899658e+02 6.5742700195e+02 6.5744702148e+02 6.5746099854e+02 6.5748101807e+02 6.5750897217e+02 6.5751098633e+02 6.5752197266e+02 6.5754699707e+02 6.5756402588e+02 6.5756298828e+02 6.5757202148e+02 6.5758099365e+02 6.5759002686e+02 6.5758300781e+02 6.5758898926e+02 6.5761102295e+02 6.5762597656e+02 6.5762597656e+02 6.5761901855e+02 6.5763201904e+02 6.5763800049e+02 6.5764001465e+02 6.5764697266e+02 6.5763897705e+02 6.5763702393e+02 6.5764300537e+02 6.5763201904e+02 6.5761901855e+02 6.5761199951e+02 6.5761602783e+02 6.5761297607e+02 6.5760400391e+02
6.5724798584e+02 6.5726397705e+02 6.5728698730e+02 6.5729602051e+02 6.5730902100e+02 6.5732202148e+02 6.5733099365e+02 6.5734698486e+02 6.5736798096e+02 6.5738500977e+02 6.5739398193e+02 6.5739001465e+02 6.5741497803e+02 6.5743597412e+02 6.5745800781e+02 6.5746997070e+02 6.5748699951e+02 6.5750701904e+02 6.5753601074e+02 6.5753497314e+02 6.5753698730e+02 6.5755999756e+02 6.5757897949e+02 6.5759698486e+02 6.5759802246e+02 6.5760699463e+02 6.5762402344e+02 6.5761798096e+02 6.5762597656e+02 6.5764599609e+02 6.5764801025e+02 6.5764801025e+02 6.5764898682e+02 6.5765399170e+02 6.5766497803e+02 6.5766900635e+02 6.5767102051e+02 6.5766497803e+02 6.5766497803e+02 6.5766802979e+02 6.5766400146e+02 6.5765802002e+02 6.5765100098e+02 6.5765197754e+02 6.5765399170e+02 6.5764801025e+02
6.5726202393e+02 6.5726702881e+02 6.5729602051e+02 6.5731500244e+02 6.5732702637e+02 6.5734002686e+02 6.5734399414e+02 6.5735498047e+02 6.5738000488e+02 6.5740002441e+02 6.5741699219e+02 6.5743402100e+02 6.5745300293e+02 6.5746697998e+02 6.5748901367e+02 6.5749700928e+02 6.5751397705e+02 6.5753698730e+02 6.5755297852e+02 6.5754998779e+02 6.5756597900e+02 6.5758197021e+02 6.5758801270e+02 6.5762097168e+02 6.5764099121e+02 6.5764801025e+02 6.5764398193e+02 6.5764001465e+02 6.5765802002e+02 6.5767498779e+02 6.5767199707e+02 6.5768402100e+02 6.5769702148e+02 6.5769097900e+02 6.5769396973e+02 6.5769799805e+02 6.5769897461e+02 6.5769097900e+02 6.5769299316e+02 6.5769396973e+02 6.5768798828e+02 6.5768701172e+02 6.5768798828e+02 6.5768298340e+02 6.5768103027e+02 6.5767602539e+02
6.5728399658e+02 6.5728997803e+02 6.5731500244e+02 6.5733197021e+02 6.5734600830e+02 6.5735900879e+02 6.5736901855e+02 6.5738397217e+02 6.5740301514e+02 6.5742797852e+02 6.5745501709e+02 6.5746997070e+02 6.5747802734e+02 6.5748602295e+02 6.5750799561e+02 6.5752899170e+02 6.5754400635e+02 6.5756701660e+02 6.5757397461e+02 6.5757897949e+02 6.5760198975e+02 6.5760998535e+02 6.5760198975e+02 6.5762799072e+02 6.5765802002e+02 6.5766601563e+02 6.5765802002e+02 6.5766900635e+02 6.5769396973e+02 6.5770001221e+02 6.5769897461e+02 6.5771697998e+02 6.5772802734e+02 6.5772998047e+02 6.5772998047e+02 6.5772698975e+02 6.5772802734e+02 6.5771801758e+02 6.5771997070e+02 6.5772302246e+02 6.5772302246e+02 6.5772198486e+02 6.5772399902e+02 6.5771600342e+02 6.5770898438e+02 6.5769897461e+02
6.5729901123e+02 6.5732000732e+02 6.5734600830e+02 6.5734698486e+02 6.5736499023e+02 6.5737902832e+02 6.5739001465e+02 6.5741400146e+02 6.5742999268e+02 6.5745001221e+02 6.5747601318e+02 6.5748999023e+02 6.5749902344e+02 6.5751000977e+02 6.5754101563e+02 6.5756097412e+02 6.5756896973e+02 6.5758398438e+02 6.5758697510e+02 6.5760198975e+02 6.5761901855e+02 6.5763397217e+02 6.5763897705e+02 6.5764398193e+02 6.5766101074e+02 6.5767199707e+02 6.5768402100e+02 6.5768701172e+02 6.5771301270e+02 6.5772198486e+02 6.5773699951e+02 6.5775402832e+02 6.5774798584e+02 6.5774298096e+02 6.5775299072e+02 6.5775598145e+02 6.5775201416e+02 6.5774597168e+02 6.5774700928e+02 6.5775701904e+02 6.5775897217e+02 6.5775897217e+02 6.5775897217e+02 6.5775201416e+02 6.5774401855e+02 6.5772900391e+02
6.5732897949e+02 6.5734197998e+02 6.5735797119e+02 6.5737097168e+02 6.5739202881e+02 6.5739599609e+02 6.5740502930e+02 6.5743200684e+02 6.5745098877e+02 6.5747100830e+02 6.5748999023e+02 6.5751000977e+02 6.5753198242e+02 6.5753900146e+02 6.5755102539e+02 6.5756896973e+02 6.5758197021e+02 6.5759600830e+02 6.5760198975e+02 6.5761401367e+02 6.5763000488e+02 6.5765301514e+02 6.5766400146e+02 6.5765899658e+02 6.5767199707e+02 6.5768701172e+02 6.5771002197e+02 6.5771502686e+02 6.5773699951e+02 6.5775402832e+02 6.5776599121e+02 6.5777697754e+02 6.5777697754e+02 6.5775799561e+02 6.5776397705e+02 6.5777697754e+02 6.5778002930e+02 6.5777899170e+02 6.5778698730e+02 6.5778900146e+02 6.5777600098e+02 6.5777398682e+02 6.5778698730e+02 6.5778302002e+02 6.5778002930e+02 6.5777301025e+02
6.5735198975e+02 6.5736499023e+02 6.5737799072e+02 6.5739001465e+02 6.5740802002e+02 6.5741900635e+02 6.5743103027e+02 6.5745202637e+02 6.5747100830e+02 6.5749200439e+02 6.5750799561e+02 6.5753399658e+02 6.5755902100e+02 6.5756298828e+02 6.5756500244e+02 6.5757598877e+02 6.5759399414e+02 6.5760699463e+02 6.5762097168e+02 6.5763201904e+02 6.5765100098e+02 6.5766699219e+02 6.5767401123e+02 6.5767199707e+02 6.5769702148e+02 6.5772302246e+02 6.5773498535e+02 6.5774200439e+02 6.5775897217e+02 6.5778198242e+02 6.5778601074e+02 6.5778802490e+02 6.5779199219e+02 6.5778900146e+02 6.5780297852e+02 6.5781201172e+02 6.5780700684e+02 6.5780200195e+02 6.5781201172e+02 6.5781799316e+02 6.5780902100e+02 6.5779901123e+02 6.5780902100e+02 6.5781097412e+02 6.5781500244e+02 6.5781201172e+02
6.5736297607e+02 6.5737402344e+02 6.5738897705e+02 6.5740301514e+02 6.5741802979e+02 6.5743597412e+02 6.5745501709e+02 6.5747198486e+02 6.5749200439e+02 6.5751202393e+02 6.5752697754e+02 6.5754602051e+02 6.5757098389e+02 6.5757702637e+02 6.5758197021e+02 6.5758599854e+02 6.5760699463e+02 6.5762200928e+02 6.5763598633e+02 6.5765100098e+02 6.5766802979e+02 6.5767999268e+02 6.5769299316e+02 6.5769897461e+02 6.5772497559e+02 6.5775097656e+02 6.5776300049e+02 6.5776702881e+02 6.5777502441e+02 6.5779797363e+02 6.5780603027e+02 6.5780297852e+02 6.5780603027e+02 6.5782098389e+02 6.5783697510e+02 6.5784698486e+02 6.5784100342e+02 6.5783197021e+02 6.5783398438e+02 6.5784197998e+02 6.5784802246e+02 6.5784698486e+02 6.5784301758e+02 6.5784399414e+02 6.5784997559e+02 6.5784197998e+02
6.5738299561e+02 6.5739697266e+02 6.5740899658e+02 6.5741998291e+02 6.5743798828e+02 6.5745697021e+02 6.5747900391e+02 6.5749499512e+02 6.5751501465e+02 6.5753002930e+02 6.5755102539e+02 6.5755999756e+02 6.5757897949e+02 6.5758300781e+02 6.5758599854e+02 6.5759100342e+02 6.5761199951e+02 6.5763299561e+02 6.5765399170e+02 6.5767401123e+02 6.5768200684e+02 6.5770098877e+02 6.5772998047e+02 6.5774200439e+02 6.5774902344e+02 6.5775897217e+02 6.5778198242e+02 6.5779602051e+02 6.5780499268e+02 6.5781298828e+02 6.5781597900e+02 6.5782702637e+02 6.5783599854e+02 6.5784698486e+02 6.5785699463e+02 6.5787701416e+02 6.5787597656e+02 6.5785797119e+02 6.5784698486e+02 6.5785400391e+02 6.5785198975e+02 6.5786602783e+02 6.5786798096e+02 6.5785900879e+02 6.5787097168e+02 6.5786999512e+02
6.5738500977e+02 6.5740100098e+02 6.5741601563e+02 6.5743402100e+02 6.5745697021e+02 6.5747497559e+02 6.5749798584e+02 6.5751702881e+02 6.5753198242e+02 6.5754101563e+02 6.5756597900e+02 6.5758099365e+02 6.5759197998e+02 6.5759100342e+02 6.5760302734e+02 6.5761297607e+02 6.5762597656e+02 6.5764202881e+02 6.5767199707e+02 6.5770001221e+02 6.5771801758e+02 6.5773797607e+02 6.5775201416e+02 6.5775701904e+02 6.5776898193e+02 6.5778198242e+02 6.5779998779e+02 6.5780603027e+02 6.5782800293e+02 6.5783398438e+02 6.5783001709e+02 6.5785101318e+02 6.5787200928e+02 6.5787500000e+02 6.5787701416e+02 6.5787500000e+02 6.5787701416e+02 6.5787402344e+02 6.5787200928e+02 6.5788098145e+02 6.5788397217e+02 6.5789001465e+02 6.5789398193e+02 6.5790002441e+02 6.5790698242e+02 6.5789801025e+02
6.5739599609e+02 6.5741400146e+02 6.5742700195e+02 6.5745098877e+02 6.5748199463e+02 6.5749902344e+02 6.5752001953e+02 6.5753002930e+02 6.5754101563e+02 6.5755499268e+02 6.5757501221e+02 6.5759100342e+02 6.5760400391e+02 6.5760400391e+02 6.5762402344e+02 6.5763598633e+02 6.5765002441e+02 6.5766497803e+02 6.5769396973e+02 6.5772302246e+02 6.5774499512e+02 6.5776702881e+02 6.5777301025e+02 6.5777502441e+02 6.5778900146e+02 6.5780902100e+02 6.5782299805e+02 6.5781402588e+02 6.5784399414e+02 6.5785797119e+02 6.5784997559e+02 6.5785699463e+02 6.5787597656e+02 6.5788098145e+02 6.5788500977e+02 6.5788201904e+02 6.5789599609e+02 6.5789898682e+02 6.5790399170e+02 6.5791400146e+02 6.5791302490e+02 6.5791601563e+02 6.5791998291e+02 6.5793499756e+02 6.5793597412e+02 6.5792602539e+02
6.5740802002e+02 6.5742901611e+02 6.5744500732e+02 6.5747100830e+02 6.5750201416e+02 6.5751599121e+02 6.5753601074e+02 6.5754498291e+02 6.5755700684e+02 6.5757397461e+02 6.5758801270e+02 6.5759698486e+02 6.5761999512e+02 6.5763000488e+02 6.5764599609e+02 6.5765002441e+02 6.5766900635e+02 6.5769396973e+02 6.5771502686e+02 6.5774102783e+02 6.5776202393e+02 6.5778497314e+02 6.5779302979e+02 6.5779101563e+02 6.5779797363e+02 6.5782098389e+02 6.5784197998e+02 6.5783197021e+02 6.5785302734e+02 6.5786999512e+02 6.5787200928e+02 6.5787500000e+02 6.5788800049e+02 6.5790197754e+02 6.5791198730e+02 6.5790899658e+02 6.5792297363e+02 6.5792199707e+02 6.5792700195e+02 6.5794000244e+02 6.5793597412e+02 6.5794000244e+02 6.5794500732e+02 6.5795397949e+02 6.5795397949e+02 6.5796002197e+02
6.5741998291e+02 6.5744097900e+02 6.5746600342e+02 6.5747802734e+02 6.5750299072e+02 6.5752801514e+02 6.5754901123e+02 6.5756500244e+02 6.5757598877e+02 6.5758697510e+02 6.5760400391e+02 6.5762298584e+02 6.5764300537e+02 6.5765997314e+02 6.5767297363e+02 6.5766198730e+02 6.5767297363e+02 6.5770300293e+02 6.5772698975e+02 6.5776397705e+02 6.5778900146e+02 6.5781097412e+02 6.5783300781e+02 6.5782397461e+02 6.5782098389e+02 6.5784301758e+02 6.5785900879e+02 6.5785797119e+02 6.5786798096e+02 6.5788397217e+02 6.5790100098e+02 6.5790197754e+02 6.5791601563e+02 6.5792999268e+02 6.5793499756e+02 6.5793402100e+02 6.5794598389e+02 6.5794097900e+02 6.5794000244e+02 6.5796099854e+02 6.5796002197e+02 6.5796502686e+02 6.5797100830e+02 6.5797399902e+02 6.5797601318e+02 6.5798602295e+02
6.5742901611e+02 6.5745397949e+02 6.5748199463e+02 6.5750299072e+02 6.5752001953e+02 6.5753601074e+02 6.5755700684e+02 6.5757202148e+02 6.5758398438e+02 6.5759497070e+02 6.5760198975e+02 6.5763201904e+02 6.5765502930e+02 6.5767401123e+02 6.5768798828e+02 6.5767700195e+02 6.5768701172e+02 6.5771600342e+02 6.5774401855e+02 6.5777099609e+02 6.5779498291e+02 6.5781896973e+02 6.5783398438e+02 6.5783898926e+02 6.5784002686e+02 6.5785302734e+02 6.5786798096e+02 6.5786901855e+02 6.5788800049e+02 6.5791101074e+02 6.5792901611e+02 6.5793402100e+02 6.5793798828e+02 6.5793597412e+02 6.5793798828e+02 6.5794500732e+02 6.5795501709e+02 6.5795599365e+02 6.5796301270e+02 6.5797998047e+02 6.5797900391e+02 6.5798999023e+02 6.5800000000e+02 6.5799499512e+02 6.5799902344e+02 6.5801098633e+02
6.5744799805e+02 6.5746899414e+02 6.5749700928e+02 6.5752502441e+02 6.5753802490e+02 6.5754101563e+02 6.5755499268e+02 6.5757598877e+02 6.5759100342e+02 6.5759997559e+02 6.5761401367e+02 6.5764697266e+02 6.5766998291e+02 6.5767901611e+02 6.5769598389e+02 6.5769897461e+02 6.5770697021e+02 6.5773999023e+02 6.5777001953e+02 6.5778100586e+02 6.5779901123e+02 6.5782800293e+02 6.5783898926e+02 6.5784197998e+02 6.5784997559e+02 6.5787500000e+02 6.5789501953e+02 6.5789001465e+02 6.5791101074e+02 6.5791900635e+02 6.5792199707e+02 6.5794299316e+02 6.5795898438e+02 6.5795599365e+02 6.5795202637e+02 6.5796197510e+02 6.5796997070e+02 6.5797900391e+02 6.5798901367e+02 6.5800299072e+02 6.5800598145e+02 6.5801098633e+02 6.5802197266e+02 6.5803002930e+02 6.5803198242e+02 6.5803601074e+02
6.5746801758e+02 6.5747802734e+02 6.5750299072e+02 6.5753198242e+02 6.5754797363e+02 6.5755700684e+02 6.5756597900e+02 6.5759698486e+02 6.5761401367e+02 6.5762200928e+02 6.5764099121e+02 6.5766900635e+02 6.5768298340e+02 6.5768701172e+02 6.5771197510e+02 6.5772497559e+02 6.5773498535e+02 6.5776599121e+02 6.5778698730e+02 6.5780200195e+02 6.5781500244e+02 6.5783398438e+02 6.5784997559e+02 6.5785797119e+02 6.5786499023e+02 6.5788702393e+02 6.5790502930e+02 6.5790997314e+02 6.5793402100e+02 6.5793499756e+02 6.5792999268e+02 6.5794799805e+02 6.5796997070e+02 6.5797601318e+02 6.5797998047e+02 6.5798101807e+02 6.5798999023e+02 6.5800500488e+02 6.5801599121e+02 6.5803198242e+02 6.5803900146e+02 6.5804101563e+02 6.5804302979e+02 6.5805499268e+02 6.5806097412e+02 6.5806298828e+02
6.5749200439e+02 6.5749700928e+02 6.5751501465e+02 6.5754699707e+02 6.5756298828e+02 6.5757000732e+02 6.5758697510e+02 6.5761297607e+02 6.5762500000e+02 6.5763299561e+02 6.5765802002e+02 6.5769097900e+02 6.5769201660e+02 6.5769500732e+02 6.5772100830e+02 6.5773999023e+02 6.5775299072e+02 6.5778399658e+02 6.5780297852e+02 6.5781597900e+02 6.5782702637e+02 6.5783697510e+02 6.5785998535e+02 6.5787701416e+02 6.5788598633e+02 6.5790100098e+02 6.5791497803e+02 6.5792297363e+02 6.5793701172e+02 6.5794799805e+02 6.5795898438e+02 6.5796099854e+02 6.5797100830e+02 6.5798101807e+02 6.5799102783e+02 6.5799597168e+02 6.5800500488e+02 6.5802899170e+02 6.5804602051e+02 6.5805902100e+02 6.5806500244e+02 6.5806500244e+02 6.5806799316e+02 6.5807598877e+02 6.5807800293e+02 6.5808599854e+02
6.5749902344e+02 6.5751300049e+02 6.5751800537e+02 6.5753302002e+02 6.5756298828e+02 6.5758599854e+02 6.5759399414e+02 6.5761401367e+02 6.5763800049e+02 6.5765002441e+02 6.5766699219e+02 6.5769702148e+02 6.5770800781e+02 6.5771801758e+02 6.5772698975e+02 6.5774902344e+02 6.5776599121e+02 6.5778601074e+02 6.5779699707e+02 6.5781597900e+02 6.5783801270e+02 6.5785198975e+02 6.5786700439e+02 6.5788897705e+02 6.5790002441e+02 6.5791699219e+02 6.5792999268e+02 6.5794097900e+02 6.5795599365e+02 6.5795501709e+02 6.5797198486e+02 6.5797198486e+02 6.5798199463e+02 6.5799200439e+02 6.5799700928e+02 6.5800897217e+02 6.5801898193e+02 6.5804699707e+02 6.5806701660e+02 6.5808001709e+02 6.5808300781e+02 6.5807501221e+02 6.5808502197e+02 6.5810400391e+02 6.5809899902e+02 6.5810302734e+02
6.5750598145e+02 6.5752899170e+02 6.5753497314e+02 6.5754400635e+02 6.5756799316e+02 6.5759497070e+02 6.5760601807e+02 6.5762500000e+02 6.5765197754e+02 6.5766802979e+02 6.5768499756e+02 6.5769897461e+02 6.5771197510e+02 6.5772802734e+02 6.5773699951e+02 6.5775598145e+02 6.5776898193e+02 6.5779302979e+02 6.5781402588e+02 6.5783398438e+02 6.5785302734e+02 6.5788299561e+02 6.5789398193e+02 6.5789697266e+02 6.5791302490e+02 6.5793499756e+02 6.5794702148e+02 6.5794799805e+02 6.5795898438e+02 6.5796301270e+02 6.5798297119e+02 6.5798400879e+02 6.5799700928e+02 6.5800201416e+02 6.5800799561e+02 6.5803399658e+02 6.5804699707e+02 6.5806701660e+02 6.5808398438e+02 6.5810101318e+02 6.5810699463e+02 6.5809899902e+02 6.5810601807e+02 6.5812097168e+02 6.5811798096e+02 6.5812200928e+02
6.5751397705e+02 6.5753497314e+02 6.5753900146e+02 6.5756402588e+02 6.5758599854e+02 6.5761602783e+02 6.5763201904e+02 6.5764599609e+02 6.5766497803e+02 6.5768597412e+02 6.5771398926e+02 6.5771600342e+02 6.5772497559e+02 6.5773699951e+02 6.5775201416e+02 6.5776702881e+02 6.5777697754e+02 6.5780401611e+02 6.5783099365e+02 6.5784399414e+02 6.5785400391e+02 6.5789202881e+02 6.5791101074e+02 6.5791101074e+02 6.5793499756e+02 6.5795098877e+02 6.5795501709e+02 6.5795800781e+02 6.5796600342e+02 6.5797302246e+02 6.5800000000e+02 6.5800598145e+02 6.5801599121e+02 6.5801800537e+02 6.5803002930e+02 6.5806298828e+02 6.5807702637e+02 6.5808898926e+02 6.5809899902e+02 6.5811602783e+02 6.5812402344e+02 6.5811999512e+02 6.5812902832e+02 6.5814099121e+02 6.5813201904e+02 6.5814099121e+02
