TESTSERVER/12/6.asc
NCOLS 100
NROWS 100
XLLCORNER 8.0997500000e+03
YLLCORNER 2.8965025000e+05
CELLSIZE 5.0000000000e-01
NODATA_VALUE -9.9990000000e+03
[rows 60 to 79 of 100, columns 0 to 45 of 100]
6.5678601074e+02 6.5684600830e+02 6.5691400146e+02 6.5696801758e+02 6.5702301025e+02 6.5707202148e+02 6.5712597656e+02 6.5717401123e+02 6.5722601318e+02 6.5728002930e+02 6.5730902100e+02 6.5734301758e+02 6.5737097168e+02 6.5740197754e+02 6.5743499756e+02 6.5745397949e+02 6.5746899414e+02 6.5748901367e+02 6.5751000977e+02 6.5753900146e+02 6.5755401611e+02 6.5757800293e+02 6.5761499023e+02 6.5764300537e+02 6.5766198730e+02 6.5769097900e+02 6.5772399902e+02 6.5775097656e+02 6.5778497314e+02 6.5780700684e+02 6.5781896973e+02 6.5783197021e+02 6.5784197998e+02 6.5784802246e+02 6.5786297607e+02 6.5787799072e+02 6.5787298584e+02 6.5789300537e+02 6.5790502930e+02 6.5790197754e+02 6.5789801025e+02 6.5789898682e+02 6.5789898682e+02 6.5788800049e+02 6.5787402344e+02 6.5788702393e+02
6.5674200439e+02 6.5679998779e+02 6.5685601807e+02 6.5690100098e+02 6.5695800781e+02 6.5700598145e+02 6.5706298828e+02 6.5710699463e+02 6.5715698242e+02 6.5720898438e+02 6.5724401855e+02 6.5728601074e+02 6.5732098389e+02 6.5735198975e+02 6.5737799072e+02 6.5740899658e+02 6.5742901611e+02 6.5744299316e+02 6.5746398926e+02 6.5749798584e+02 6.5751397705e+02 6.5753601074e+02 6.5758197021e+02 6.5761199951e+02 6.5762701416e+02 6.5765698242e+02 6.5769598389e+02 6.5771899414e+02 6.5773699951e+02 6.5776000977e+02 6.5777697754e+02 6.5778900146e+02 6.5780700684e+02 6.5782202148e+02 6.5782501221e+02 6.5784197998e+02 6.5784802246e+02 6.5785998535e+02 6.5786901855e+02 6.5786297607e+02 6.5786999512e+02 6.5787597656e+02 6.5786999512e+02 6.5786102295e+02 6.5785498047e+02 6.5786297607e+02
6.5670501709e+02 6.5676202393e+02 6.5681597900e+02 6.5684197998e+02 6.5689300537e+02 6.5694097900e+02 6.5699798584e+02 6.5703399658e+02 6.5707800293e+02 6.5713098145e+02 6.5717797852e+02 6.5722497559e+02 6.5726397705e+02 6.5730102539e+02 6.5733398438e+02 6.5737200928e+02 6.5739202881e+02 6.5740301514e+02 6.5742700195e+02 6.5746600342e+02 6.5748602295e+02 6.5750799561e+02 6.5754302979e+02 6.5755999756e+02 6.5757897949e+02 6.5762200928e+02 6.5765997314e+02 6.5768103027e+02 6.5769396973e+02 6.5771002197e+02 6.5772198486e+02 6.5773199463e+02 6.5775402832e+02 6.5777600098e+02 6.5778002930e+02 6.5780200195e+02 6.5781701660e+02 6.5782098389e+02 6.5783001709e+02 6.5782897949e+02 6.5783599854e+02 6.5783801270e+02 6.5783801270e+02 6.5784100342e+02 6.5783599854e+02 6.5783001709e+02
6.5665802002e+02 6.5671197510e+02 6.5677197266e+02 6.5679400635e+02 6.5684600830e+02 6.5689001465e+02 6.5693402100e+02 6.5696002197e+02 6.5699499512e+02 6.5704699707e+02 6.5709997559e+02 6.5715002441e+02 6.5719500732e+02 6.5723999023e+02 6.5728997803e+02 6.5732897949e+02 6.5735699463e+02 6.5738098145e+02 6.5739801025e+02 6.5743298340e+02 6.5746697998e+02 6.5749401855e+02 6.5751599121e+02 6.5752600098e+02 6.5754400635e+02 6.5758599854e+02 6.5761199951e+02 6.5763397217e+02 6.5765399170e+02 6.5767498779e+02 6.5768701172e+02 6.5769201660e+02 6.5770397949e+02 6.5771997070e+02 6.5772497559e+02 6.5775299072e+02 6.5777398682e+02 6.5778302002e+02 6.5779699707e+02 6.5779498291e+02 6.5779901123e+02 6.5780102539e+02 6.5780603027e+02 6.5781201172e+02 6.5780200195e+02 6.5779602051e+02
6.5659997559e+02 6.5665399170e+02 6.5670001221e+02 6.5673101807e+02 6.5679101563e+02 6.5684100342e+02 6.5688000488e+02 6.5690002441e+02 6.5693103027e+02 6.5697198486e+02 6.5700598145e+02 6.5707202148e+02 6.5712597656e+02 6.5717700195e+02 6.5723699951e+02 6.5727099609e+02 6.5731896973e+02 6.5736401367e+02 6.5738299561e+02 6.5740899658e+02 6.5743499756e+02 6.5745501709e+02 6.5747399902e+02 6.5749902344e+02 6.5752301025e+02 6.5754901123e+02 6.5757598877e+02 6.5758898926e+02 6.5760699463e+02 6.5762298584e+02 6.5764501953e+02 6.5765802002e+02 6.5766601563e+02 6.5767401123e+02 6.5768499756e+02 6.5771197510e+02 6.5771600342e+02 6.5773400879e+02 6.5777502441e+02 6.5777600098e+02 6.5776397705e+02 6.5777301025e+02 6.5777600098e+02 6.5777697754e+02 6.5776501465e+02 6.5777197266e+02
6.5649499512e+02 6.5656298828e+02 6.5659997559e+02 6.5663897705e+02 6.5671002197e+02 6.5677600098e+02 6.5681097412e+02 6.5682397461e+02 6.5686199951e+02 6.5690502930e+02 6.5692901611e+02 6.5698199463e+02 6.5703698730e+02 6.5709997559e+02 6.5716900635e+02 6.5721197510e+02 6.5725500488e+02 6.5729602051e+02 6.5733001709e+02 6.5737701416e+02 6.5740100098e+02 6.5741900635e+02 6.5743902588e+02 6.5745898438e+02 6.5747998047e+02 6.5749798584e+02 6.5751800537e+02 6.5753497314e+02 6.5755603027e+02 6.5757098389e+02 6.5758801270e+02 6.5760998535e+02 6.5762298584e+02 6.5763800049e+02 6.5765899658e+02 6.5767102051e+02 6.5767199707e+02 6.5768902588e+02 6.5771502686e+02 6.5772399902e+02 6.5771997070e+02 6.5772998047e+02 6.5773797607e+02 6.5774798584e+02 6.5773901367e+02 6.5773400879e+02
6.5635900879e+02 6.5642999268e+02 6.5646801758e+02 6.5651397705e+02 6.5659399414e+02 6.5666802979e+02 6.5670501709e+02 6.5671697998e+02 6.5677502441e+02 6.5682501221e+02 6.5684600830e+02 6.5689697266e+02 6.5695501709e+02 6.5701501465e+02 6.5707598877e+02 6.5713397217e+02 6.5718298340e+02 6.5722998047e+02 6.5727301025e+02 6.5732299805e+02 6.5735797119e+02 6.5738598633e+02 6.5739898682e+02 6.5740997314e+02 6.5742797852e+02 6.5743701172e+02 6.5745202637e+02 6.5747802734e+02 6.5750598145e+02 6.5752099609e+02 6.5753601074e+02 6.5754901123e+02 6.5755297852e+02 6.5757800293e+02 6.5761102295e+02 6.5762200928e+02 6.5763500977e+02 6.5765399170e+02 6.5766101074e+02 6.5766198730e+02 6.5766302490e+02 6.5767199707e+02 6.5768402100e+02 6.5770202637e+02 6.5770898438e+02 6.5770697021e+02
6.5621002197e+02 6.5627801514e+02 6.5630999756e+02 6.5635797119e+02 6.5644097900e+02 6.5651702881e+02 6.5655102539e+02 6.5658300781e+02 6.5666699219e+02 6.5672399902e+02 6.5673602295e+02 6.5679302979e+02 6.5687200928e+02 6.5692999268e+02 6.5697497559e+02 6.5703399658e+02 6.5709698486e+02 6.5716101074e+02 6.5720898438e+02 6.5725299072e+02 6.5729199219e+02 6.5733099365e+02 6.5734197998e+02 6.5734698486e+02 6.5737097168e+02 6.5738500977e+02 6.5739599609e+02 6.5742602539e+02 6.5745800781e+02 6.5747698975e+02 6.5750000000e+02 6.5750701904e+02 6.5750402832e+02 6.5752197266e+02 6.5754797363e+02 6.5756500244e+02 6.5758099365e+02 6.5759600830e+02 6.5759997559e+02 6.5760797119e+02 6.5762097168e+02 6.5762799072e+02 6.5763201904e+02 6.5764300537e+02 6.5765399170e+02 6.5766101074e+02
6.5604699707e+02 6.5610998535e+02 6.5615698242e+02 6.5619799805e+02 6.5626702881e+02 6.5633398438e+02 6.5637402344e+02 6.5642797852e+02 6.5651599121e+02 6.5658801270e+02 6.5662500000e+02 6.5665301514e+02 6.5675402832e+02 6.5683502197e+02 6.5689501953e+02 6.5693902588e+02 6.5699200439e+02 6.5706298828e+02 6.5712902832e+02 6.5717199707e+02 6.5721197510e+02 6.5725000000e+02 6.5726702881e+02 6.5727001953e+02 6.5730200195e+02 6.5732800293e+02 6.5734497070e+02 6.5738201904e+02 6.5741302490e+02 6.5743200684e+02 6.5745697021e+02 6.5745501709e+02 6.5746002197e+02 6.5746600342e+02 6.5747900391e+02 6.5749499512e+02 6.5751098633e+02 6.5751898193e+02 6.5753198242e+02 6.5754699707e+02 6.5756500244e+02 6.5758599854e+02 6.5759698486e+02 6.5760900879e+02 6.5760998535e+02 6.5760198975e+02
6.5586499023e+02 6.5593902588e+02 6.5599200439e+02 6.5603698730e+02 6.5609899902e+02 6.5615899658e+02 6.5620599365e+02 6.5626202393e+02 6.5634497070e+02 6.5642498779e+02 6.5649798584e+02 6.5659997559e+02 6.5667602539e+02 6.5671899414e+02 6.5677398682e+02 6.5686102295e+02 6.5691998291e+02 6.5697497559e+02 6.5703399658e+02 6.5708001709e+02 6.5711798096e+02 6.5715399170e+02 6.5717498779e+02 6.5718298340e+02 6.5720501709e+02 6.5723999023e+02 6.5728399658e+02 6.5733001709e+02 6.5734899902e+02 6.5736199951e+02 6.5738299561e+02 6.5738098145e+02 6.5737799072e+02 6.5739697266e+02 6.5741802979e+02 6.5743597412e+02 6.5746099854e+02 6.5746301270e+02 6.5746398926e+02 6.5747698975e+02 6.5750299072e+02 6.5752099609e+02 6.5753601074e+02 6.5756701660e+02 6.5756799316e+02 6.5756402588e+02
6.5566900635e+02 6.5576098633e+02 6.5582702637e+02 6.5588098145e+02 6.5595300293e+02 6.5601599121e+02 6.5605999756e+02 6.5611798096e+02 6.5620599365e+02 6.5628698730e+02 6.5633502197e+02 6.5641802979e+02 6.5652001953e+02 6.5660601807e+02 6.5667199707e+02 6.5677600098e+02 6.5685198975e+02 6.5690698242e+02 6.5696197510e+02 6.5699102783e+02 6.5701000977e+02 6.5703497314e+02 6.5705603027e+02 6.5707598877e+02 6.5711499023e+02 6.5715399170e+02 6.5720599365e+02 6.5725299072e+02 6.5727600098e+02 6.5728802490e+02 6.5730401611e+02 6.5730700684e+02 6.5730401611e+02 6.5732702637e+02 6.5734698486e+02 6.5737200928e+02 6.5740399170e+02 6.5741601563e+02 6.5741900635e+02 6.5743402100e+02 6.5745501709e+02 6.5745697021e+02 6.5746600342e+02 6.5749102783e+02 6.5749902344e+02 6.5751202393e+02
6.5545397949e+02 6.5556896973e+02 6.5566497803e+02 6.5574499512e+02 6.5583001709e+02 6.5590002441e+02 6.5594500732e+02 6.5601397705e+02 6.5610302734e+02 6.5617797852e+02 6.5620599365e+02 6.5621697998e+02 6.5630200195e+02 6.5642901611e+02 6.5654302979e+02 6.5664697266e+02 6.5673297119e+02 6.5679797363e+02 6.5685400391e+02 6.5688598633e+02 6.5690698242e+02 6.5692102051e+02 6.5694299316e+02 6.5695800781e+02 6.5700598145e+02 6.5706402588e+02 6.5712298584e+02 6.5716802979e+02 6.5719000244e+02 6.5719500732e+02 6.5720501709e+02 6.5721801758e+02 6.5722998047e+02 6.5725402832e+02 6.5727502441e+02 6.5731201172e+02 6.5734002686e+02 6.5735601807e+02 6.5736700439e+02 6.5738397217e+02 6.5740100098e+02 6.5740502930e+02 6.5741900635e+02 6.5742297363e+02 6.5742102051e+02 6.5744000244e+02
6.5521002197e+02 6.5536102295e+02 6.5551702881e+02 6.5563702393e+02 6.5573400879e+02 6.5580999756e+02 6.5587402344e+02 6.5593402100e+02 6.5601300049e+02 6.5607501221e+02 6.5612902832e+02 6.5614501953e+02 6.5617102051e+02 6.5624798584e+02 6.5638000488e+02 6.5651702881e+02 6.5658398438e+02 6.5663000488e+02 6.5666497803e+02 6.5671398926e+02 6.5678100586e+02 6.5682598877e+02 6.5686499023e+02 6.5685101318e+02 6.5688598633e+02 6.5696002197e+02 6.5702600098e+02 6.5707702637e+02 6.5709802246e+02 6.5710601807e+02 6.5711102295e+02 6.5711700439e+02 6.5714099121e+02 6.5716497803e+02 6.5719897461e+02 6.5724200439e+02 6.5727099609e+02 6.5728698730e+02 6.5730297852e+02 6.5731896973e+02 6.5732897949e+02 6.5734899902e+02 6.5736297607e+02 6.5736297607e+02 6.5736297607e+02 6.5736700439e+02
6.5495898438e+02 6.5516302490e+02 6.5537402344e+02 6.5555102539e+02 6.5566699219e+02 6.5575000000e+02 6.5582397461e+02 6.5587799072e+02 6.5592999268e+02 6.5596801758e+02 6.5599798584e+02 6.5602001953e+02 6.5604199219e+02 6.5611297607e+02 6.5621502686e+02 6.5633697510e+02 6.5640899658e+02 6.5647100830e+02 6.5653698730e+02 6.5656799316e+02 6.5663000488e+02 6.5668298340e+02 6.5673498535e+02 6.5673901367e+02 6.5679998779e+02 6.5687597656e+02 6.5694299316e+02 6.5699401855e+02 6.5699700928e+02 6.5699401855e+02 6.5699798584e+02 6.5700402832e+02 6.5702697754e+02 6.5705999756e+02 6.5710998535e+02 6.5716601563e+02 6.5720501709e+02 6.5722198486e+02 6.5723699951e+02 6.5725097656e+02 6.5726397705e+02 6.5728002930e+02 6.5728302002e+02 6.5728698730e+02 6.5728997803e+02 6.5730102539e+02
6.5475000000e+02 6.5497998047e+02 6.5522100830e+02 6.5543597412e+02 6.5557202148e+02 6.5565802002e+02 6.5573101807e+02 6.5579699707e+02 6.5585198975e+02 6.5588598633e+02 6.5588098145e+02 6.5590100098e+02 6.5592199707e+02 6.5597198486e+02 6.5604101563e+02 6.5614398193e+02 6.5623999023e+02 6.5633300781e+02 6.5643200684e+02 6.5645898438e+02 6.5650000000e+02 6.5654901123e+02 6.5659600830e+02 6.5662902832e+02 6.5672100830e+02 6.5679498291e+02 6.5685498047e+02 6.5690802002e+02 6.5690301514e+02 6.5687799072e+02 6.5687402344e+02 6.5688800049e+02 6.5691101074e+02 6.5694897461e+02 6.5700897217e+02 6.5707397461e+02 6.5711999512e+02 6.5714001465e+02 6.5715802002e+02 6.5717297363e+02 6.5718499756e+02 6.5719299316e+02 6.5720397949e+02 6.5721801758e+02 6.5722100830e+02 6.5723797607e+02
6.5457598877e+02 6.5481201172e+02 6.5504901123e+02 6.5527001953e+02 6.5541400146e+02 6.5550201416e+02 6.5555999756e+02 6.5563500977e+02 6.5570501709e+02 6.5575897217e+02 6.5577801514e+02 6.5580798340e+02 6.5581896973e+02 6.5584002686e+02 6.5588098145e+02 6.5596398926e+02 6.5605999756e+02 6.5616497803e+02 6.5628198242e+02 6.5632098389e+02 6.5635400391e+02 6.5639801025e+02 6.5646197510e+02 6.5653900146e+02 6.5666198730e+02 6.5675097656e+02 6.5676898193e+02 6.5679199219e+02 6.5679699707e+02 6.5675799561e+02 6.5674200439e+02 6.5676702881e+02 6.5679101563e+02 6.5683398438e+02 6.5689898682e+02 6.5696398926e+02 6.5700701904e+02 6.5703100586e+02 6.5705603027e+02 6.5707800293e+02 6.5709399414e+02 6.5710198975e+02 6.5712200928e+02 6.5715002441e+02 6.5715100098e+02 6.5716699219e+02
6.5443200684e+02 6.5466198730e+02 6.5485699463e+02 6.5503802490e+02 6.5519396973e+02 6.5528698730e+02 6.5533502197e+02 6.5540899658e+02 6.5549499512e+02 6.5557800293e+02 6.5562799072e+02 6.5565600586e+02 6.5568200684e+02 6.5572302246e+02 6.5578698730e+02 6.5583099365e+02 6.5589697266e+02 6.5597802734e+02 6.5605603027e+02 6.5614300537e+02 6.5621697998e+02 6.5627301025e+02 6.5636901855e+02 6.5642199707e+02 6.5650402832e+02 6.5669799805e+02 6.5678997803e+02 6.5673797607e+02 6.5673498535e+02 6.5663800049e+02 6.5662597656e+02 6.5665502930e+02 6.5667297363e+02 6.5673101807e+02 6.5679101563e+02 6.5684301758e+02 6.5687597656e+02 6.5690698242e+02 6.5692498779e+02 6.5695697021e+02 6.5697998047e+02 6.5699499512e+02 6.5702697754e+02 6.5705902100e+02 6.5705499268e+02 6.5706896973e+02
6.5428302002e+02 6.5446600342e+02 6.5460998535e+02 6.5474102783e+02 6.5489599609e+02 6.5503002930e+02 6.5512097168e+02 6.5519097900e+02 6.5527398682e+02 6.5533599854e+02 6.5537902832e+02 6.5542401123e+02 6.5547399902e+02 6.5555902100e+02 6.5565802002e+02 6.5569396973e+02 6.5573797607e+02 6.5579901123e+02 6.5585900879e+02 6.5593597412e+02 6.5602600098e+02 6.5610302734e+02 6.5619396973e+02 6.5621099854e+02 6.5625201416e+02 6.5641601563e+02 6.5653100586e+02 6.5652197266e+02 6.5653198242e+02 6.5643499756e+02 6.5647399902e+02 6.5659899902e+02 6.5658398438e+02 6.5661901855e+02 6.5667498779e+02 6.5672100830e+02 6.5673901367e+02 6.5676300049e+02 6.5678198242e+02 6.5681402588e+02 6.5684399414e+02 6.5687402344e+02 6.5690197754e+02 6.5692901611e+02 6.5694201660e+02 6.5697497559e+02
6.5413299561e+02 6.5426300049e+02 6.5437402344e+02 6.5448101807e+02 6.5461602783e+02 6.5476300049e+02 6.5487298584e+02 6.5495202637e+02 6.5506500244e+02 6.5513800049e+02 6.5517999268e+02 6.5523199463e+02 6.5528399658e+02 6.5537597656e+02 6.5550897217e+02 6.5555102539e+02 6.5557897949e+02 6.5562701416e+02 6.5567498779e+02 6.5572900391e+02 6.5580700684e+02 6.5588800049e+02 6.5599200439e+02 6.5602197266e+02 6.5601501465e+02 6.5605700684e+02 6.5609301758e+02 6.5612701416e+02 6.5622497559e+02 6.5620800781e+02 6.5625402832e+02 6.5641400146e+02 6.5648101807e+02 6.5655200195e+02 6.5659197998e+02 6.5663299561e+02 6.5663702393e+02 6.5665399170e+02 6.5668597412e+02 6.5669799805e+02 6.5670599365e+02 6.5672698975e+02 6.5675500488e+02 6.5679302979e+02 6.5681701660e+02 6.5685302734e+02
6.5394897461e+02 6.5404699707e+02 6.5410400391e+02 6.5419299316e+02 6.5435498047e+02 6.5451898193e+02 6.5459301758e+02 6.5466198730e+02 6.5480499268e+02 6.5492199707e+02 6.5499902344e+02 6.5506701660e+02 6.5511297607e+02 6.5517999268e+02 6.5529901123e+02 6.5532800293e+02 6.5535900879e+02 6.5543798828e+02 6.5552099609e+02 6.5556597900e+02 6.5563098145e+02 6.5569702148e+02 6.5578002930e+02 6.5582702637e+02 6.5582800293e+02 6.5581896973e+02 6.5581201172e+02 6.5586499023e+02 6.5597198486e+02 6.5599798584e+02 6.5602600098e+02 6.5614398193e+02 6.5626599121e+02 6.5641400146e+02 6.5648400879e+02 6.5654101563e+02 6.5654699707e+02 6.5656500244e+02 6.5661102295e+02 6.5661901855e+02 6.5660797119e+02 6.5660498047e+02 6.5662799072e+02 6.5665802002e+02 6.5668103027e+02 6.5672198486e+02
