TESTSERVER/12/6.asc
NCOLS 100
NROWS 100
XLLCORNER 8.0997500000e+03
YLLCORNER 2.8965025000e+05
CELLSIZE 5.0000000000e-01
NODATA_VALUE -9.9990000000e+03
[rows 0 to 19 of 100, columns 46 to 91 of 100]
6.5828399658e+02 6.5829797363e+02 6.5830401611e+02 6.5831097412e+02 6.5832897949e+02 6.5834698486e+02 6.5833599854e+02 6.5833398438e+02 6.5833801270e+02 6.5833099365e+02 6.5833599854e+02 6.5835198975e+02 6.5837097168e+02 6.5837902832e+02 6.5836602783e+02 6.5837597656e+02 6.5838397217e+02 6.5838201904e+02 6.5839001465e+02 6.5839801025e+02 6.5839202881e+02 6.5838397217e+02 6.5838702393e+02 6.5838800049e+02 6.5839001465e+02 6.5838299561e+02 6.5836499023e+02 6.5837097168e+02 6.5836199951e+02 6.5834802246e+02 6.5833197021e+02 6.5832501221e+02 6.5832897949e+02 6.5833001709e+02 6.5832598877e+02 6.5831298828e+02 6.5831597900e+02 6.5832000732e+02 6.5829998779e+02 6.5831500244e+02 6.5832598877e+02 6.5831402588e+02 6.5831799316e+02 6.5831597900e+02 6.5831500244e+02 6.5830999756e+02
6.5828100586e+02 6.5830297852e+02 6.5831201172e+02 6.5830999756e+02 6.5831201172e+02 6.5833398438e+02 6.5832702637e+02 6.5833001709e+02 6.5833502197e+02 6.5833398438e+02 6.5834497070e+02 6.5836297607e+02 6.5836297607e+02 6.5835699463e+02 6.5835400391e+02 6.5836602783e+02 6.5838397217e+02 6.5839300537e+02 6.5838897705e+02 6.5838299561e+02 6.5838098145e+02 6.5838098145e+02 6.5838201904e+02 6.5838598633e+02 6.5838800049e+02 6.5837902832e+02 6.5835601807e+02 6.5835601807e+02 6.5834802246e+02 6.5834100342e+02 6.5833197021e+02 6.5831597900e+02 6.5831799316e+02 6.5831402588e+02 6.5832000732e+02 6.5832202148e+02 6.5832000732e+02 6.5832098389e+02 6.5831402588e+02 6.5831896973e+02 6.5832897949e+02 6.5832202148e+02 6.5831402588e+02 6.5831201172e+02 6.5831298828e+02 6.5830902100e+02
6.5828002930e+02 6.5829400635e+02 6.5829998779e+02 6.5830297852e+02 6.5830200195e+02 6.5831799316e+02 6.5832000732e+02 6.5832501221e+02 6.5833001709e+02 6.5833898926e+02 6.5835498047e+02 6.5836401367e+02 6.5834899902e+02 6.5834399414e+02 6.5835797119e+02 6.5836297607e+02 6.5837402344e+02 6.5838500977e+02 6.5838702393e+02 6.5838098145e+02 6.5837902832e+02 6.5837799072e+02 6.5837701416e+02 6.5837097168e+02 6.5836102295e+02 6.5835601807e+02 6.5834698486e+02 6.5834497070e+02 6.5834002686e+02 6.5833898926e+02 6.5833398438e+02 6.5831799316e+02 6.5831597900e+02 6.5831298828e+02 6.5833197021e+02 6.5833599854e+02 6.5832299805e+02 6.5831298828e+02 6.5831799316e+02 6.5831201172e+02 6.5832202148e+02 6.5832202148e+02 6.5830902100e+02 6.5830902100e+02 6.5831097412e+02 6.5830902100e+02
6.5827001953e+02 6.5828198242e+02 6.5828698730e+02 6.5829901123e+02 6.5830499268e+02 6.5831701660e+02 6.5832702637e+02 6.5833300781e+02 6.5833197021e+02 6.5834100342e+02 6.5835101318e+02 6.5835400391e+02 6.5834002686e+02 6.5834301758e+02 6.5835900879e+02 6.5836401367e+02 6.5837402344e+02 6.5838000488e+02 6.5838201904e+02 6.5838000488e+02 6.5837298584e+02 6.5836700439e+02 6.5836297607e+02 6.5836102295e+02 6.5835198975e+02 6.5835601807e+02 6.5834997559e+02 6.5833801270e+02 6.5833801270e+02 6.5833801270e+02 6.5832800293e+02 6.5832397461e+02 6.5832598877e+02 6.5832598877e+02 6.5834497070e+02 6.5834698486e+02 6.5833099365e+02 6.5831097412e+02 6.5831500244e+02 6.5830700684e+02 6.5831402588e+02 6.5831500244e+02 6.5830902100e+02 6.5831402588e+02 6.5831298828e+02 6.5830603027e+02
6.5825701904e+02 6.5827001953e+02 6.5828997803e+02 6.5829101563e+02 6.5829901123e+02 6.5831298828e+02 6.5832897949e+02 6.5833801270e+02 6.5832397461e+02 6.5832000732e+02 6.5833599854e+02 6.5834997559e+02 6.5834899902e+02 6.5835198975e+02 6.5835400391e+02 6.5836602783e+02 6.5838299561e+02 6.5838201904e+02 6.5837799072e+02 6.5837097168e+02 6.5836401367e+02 6.5835699463e+02 6.5834802246e+02 6.5835900879e+02 6.5834997559e+02 6.5835400391e+02 6.5835498047e+02 6.5834002686e+02 6.5834399414e+02 6.5834600830e+02 6.5833398438e+02 6.5832800293e+02 6.5833001709e+02 6.5833099365e+02 6.5834802246e+02 6.5832299805e+02 6.5831896973e+02 6.5831298828e+02 6.5830200195e+02 6.5831097412e+02 6.5832299805e+02 6.5832702637e+02 6.5831799316e+02 6.5831298828e+02 6.5830499268e+02 6.5829797363e+02
6.5826202393e+02 6.5826898193e+02 6.5828198242e+02 6.5828997803e+02 6.5829901123e+02 6.5830499268e+02 6.5831298828e+02 6.5831799316e+02 6.5830798340e+02 6.5830999756e+02 6.5832800293e+02 6.5834399414e+02 6.5834197998e+02 6.5834698486e+02 6.5834997559e+02 6.5836401367e+02 6.5838702393e+02 6.5838397217e+02 6.5836798096e+02 6.5836700439e+02 6.5836901855e+02 6.5837097168e+02 6.5835797119e+02 6.5835998535e+02 6.5834899902e+02 6.5835302734e+02 6.5835797119e+02 6.5835900879e+02 6.5834997559e+02 6.5834197998e+02 6.5833502197e+02 6.5832897949e+02 6.5832800293e+02 6.5832000732e+02 6.5833001709e+02 6.5831500244e+02 6.5831500244e+02 6.5831500244e+02 6.5830200195e+02 6.5830297852e+02 6.5830999756e+02 6.5831896973e+02 6.5832397461e+02 6.5831500244e+02 6.5830700684e+02 6.5830499268e+02
6.5826098633e+02 6.5826501465e+02 6.5827301025e+02 6.5828302002e+02 6.5829302979e+02 6.5830401611e+02 6.5830999756e+02 6.5830999756e+02 6.5830499268e+02 6.5830999756e+02 6.5832397461e+02 6.5833898926e+02 6.5833599854e+02 6.5833898926e+02 6.5834197998e+02 6.5835400391e+02 6.5836999512e+02 6.5837200928e+02 6.5836401367e+02 6.5836297607e+02 6.5836199951e+02 6.5836602783e+02 6.5836401367e+02 6.5836199951e+02 6.5834997559e+02 6.5835198975e+02 6.5835101318e+02 6.5835101318e+02 6.5833697510e+02 6.5833300781e+02 6.5833599854e+02 6.5832501221e+02 6.5832098389e+02 6.5831201172e+02 6.5831597900e+02 6.5831402588e+02 6.5831597900e+02 6.5831597900e+02 6.5830700684e+02 6.5830798340e+02 6.5831298828e+02 6.5831799316e+02 6.5831896973e+02 6.5831500244e+02 6.5830999756e+02 6.5830603027e+02
6.5824798584e+02 6.5825299072e+02 6.5826702881e+02 6.5827697754e+02 6.5828698730e+02 6.5830499268e+02 6.5831597900e+02 6.5831402588e+02 6.5831097412e+02 6.5831500244e+02 6.5832000732e+02 6.5832501221e+02 6.5832501221e+02 6.5833099365e+02 6.5833697510e+02 6.5835198975e+02 6.5835400391e+02 6.5835302734e+02 6.5836199951e+02 6.5836199951e+02 6.5835101318e+02 6.5834497070e+02 6.5835601807e+02 6.5836102295e+02 6.5835198975e+02 6.5834997559e+02 6.5834002686e+02 6.5833398438e+02 6.5832299805e+02 6.5832000732e+02 6.5832800293e+02 6.5832501221e+02 6.5832000732e+02 6.5831799316e+02 6.5831597900e+02 6.5832000732e+02 6.5832202148e+02 6.5832299805e+02 6.5830999756e+02 6.5830700684e+02 6.5830902100e+02 6.5831402588e+02 6.5830603027e+02 6.5830297852e+02 6.5830999756e+02 6.5830603027e+02
6.5823400879e+02 6.5824700928e+02 6.5826898193e+02 6.5827697754e+02 6.5828497314e+02 6.5830401611e+02 6.5831097412e+02 6.5830999756e+02 6.5830700684e+02 6.5831402588e+02 6.5833099365e+02 6.5832098389e+02 6.5832598877e+02 6.5833697510e+02 6.5834197998e+02 6.5835302734e+02 6.5835601807e+02 6.5834899902e+02 6.5835699463e+02 6.5836199951e+02 6.5835198975e+02 6.5834399414e+02 6.5834698486e+02 6.5834802246e+02 6.5834899902e+02 6.5834802246e+02 6.5833599854e+02 6.5832800293e+02 6.5833197021e+02 6.5832000732e+02 6.5830603027e+02 6.5832501221e+02 6.5832397461e+02 6.5832299805e+02 6.5830200195e+02 6.5831701660e+02 6.5832397461e+02 6.5832397461e+02 6.5831500244e+02 6.5831701660e+02 6.5831298828e+02 6.5830999756e+02 6.5830102539e+02 6.5830401611e+02 6.5831500244e+02 6.5830798340e+02
6.5824102783e+02 6.5825402832e+02 6.5826898193e+02 6.5827502441e+02 6.5828002930e+02 6.5829199219e+02 6.5829901123e+02 6.5830200195e+02 6.5830401611e+02 6.5831597900e+02 6.5834100342e+02 6.5833801270e+02 6.5833502197e+02 6.5833502197e+02 6.5834100342e+02 6.5834997559e+02 6.5835302734e+02 6.5834399414e+02 6.5834899902e+02 6.5835900879e+02 6.5834997559e+02 6.5835400391e+02 6.5836199951e+02 6.5834997559e+02 6.5834197998e+02 6.5833502197e+02 6.5832501221e+02 6.5833197021e+02 6.5833300781e+02 6.5831597900e+02 6.5831298828e+02 6.5833599854e+02 6.5832702637e+02 6.5832098389e+02 6.5831896973e+02 6.5832202148e+02 6.5833502197e+02 6.5833099365e+02 6.5830902100e+02 6.5830603027e+02 6.5830999756e+02 6.5830999756e+02 6.5829901123e+02 6.5830700684e+02 6.5831500244e+02 6.5830200195e+02
6.5823999023e+02 6.5825000000e+02 6.5826397705e+02 6.5827099609e+02 6.5827600098e+02 6.5828100586e+02 6.5829302979e+02 6.5830902100e+02 6.5831298828e+02 6.5831097412e+02 6.5832501221e+02 6.5832702637e+02 6.5832501221e+02 6.5832397461e+02 6.5833099365e+02 6.5833898926e+02 6.5834802246e+02 6.5834497070e+02 6.5834399414e+02 6.5835900879e+02 6.5835101318e+02 6.5835101318e+02 6.5836102295e+02 6.5835498047e+02 6.5834002686e+02 6.5832800293e+02 6.5831597900e+02 6.5833599854e+02 6.5833898926e+02 6.5831701660e+02 6.5831097412e+02 6.5833197021e+02 6.5832202148e+02 6.5832000732e+02 6.5832299805e+02 6.5832000732e+02 6.5833001709e+02 6.5832800293e+02 6.5831097412e+02 6.5830499268e+02 6.5831298828e+02 6.5831799316e+02 6.5830700684e+02 6.5830401611e+02 6.5831201172e+02 6.5830200195e+02
6.5824700928e+02 6.5824200439e+02 6.5825000000e+02 6.5826599121e+02 6.5827801514e+02 6.5828497314e+02 6.5830102539e+02 6.5831500244e+02 6.5831500244e+02 6.5830297852e+02 6.5830999756e+02 6.5832202148e+02 6.5832397461e+02 6.5832702637e+02 6.5833398438e+02 6.5834197998e+02 6.5835198975e+02 6.5835101318e+02 6.5834301758e+02 6.5835699463e+02 6.5835400391e+02 6.5834497070e+02 6.5834497070e+02 6.5834301758e+02 6.5832897949e+02 6.5832501221e+02 6.5832299805e+02 6.5833502197e+02 6.5834301758e+02 6.5833001709e+02 6.5831402588e+02 6.5832598877e+02 6.5831500244e+02 6.5831597900e+02 6.5832397461e+02 6.5831896973e+02 6.5831896973e+02 6.5832098389e+02 6.5831402588e+02 6.5832000732e+02 6.5833099365e+02 6.5833697510e+02 6.5831799316e+02 6.5830401611e+02 6.5830999756e+02 6.5830297852e+02
6.5825799561e+02 6.5825402832e+02 6.5825799561e+02 6.5827801514e+02 6.5828002930e+02 6.5828698730e+02 6.5830798340e+02 6.5831097412e+02 6.5830700684e+02 6.5830401611e+02 6.5832299805e+02 6.5833502197e+02 6.5833197021e+02 6.5833300781e+02 6.5833398438e+02 6.5833697510e+02 6.5834802246e+02 6.5834899902e+02 6.5833502197e+02 6.5833898926e+02 6.5834197998e+02 6.5834197998e+02 6.5833801270e+02 6.5833801270e+02 6.5833099365e+02 6.5833697510e+02 6.5833197021e+02 6.5833697510e+02 6.5833099365e+02 6.5833099365e+02 6.5832501221e+02 6.5832397461e+02 6.5831201172e+02 6.5830798340e+02 6.5831896973e+02 6.5832098389e+02 6.5832501221e+02 6.5833398438e+02 6.5831597900e+02 6.5831298828e+02 6.5832501221e+02 6.5833099365e+02 6.5831097412e+02 6.5830902100e+02 6.5830902100e+02 6.5830102539e+02
6.5825701904e+02 6.5825799561e+02 6.5825799561e+02 6.5826702881e+02 6.5826599121e+02 6.5827697754e+02 6.5829498291e+02 6.5829998779e+02 6.5830401611e+02 6.5830603027e+02 6.5831097412e+02 6.5832397461e+02 6.5832202148e+02 6.5832598877e+02 6.5832800293e+02 6.5833898926e+02 6.5835198975e+02 6.5834997559e+02 6.5834197998e+02 6.5833898926e+02 6.5834600830e+02 6.5835198975e+02 6.5834802246e+02 6.5834197998e+02 6.5833099365e+02 6.5833197021e+02 6.5832098389e+02 6.5833300781e+02 6.5832299805e+02 6.5832098389e+02 6.5832501221e+02 6.5832598877e+02 6.5832598877e+02 6.5832098389e+02 6.5832598877e+02 6.5832000732e+02 6.5832202148e+02 6.5832800293e+02 6.5831097412e+02 6.5831402588e+02 6.5832598877e+02 6.5832397461e+02 6.5830603027e+02 6.5830297852e+02 6.5830902100e+02 6.5831500244e+02
6.5825402832e+02 6.5825799561e+02 6.5826898193e+02 6.5827600098e+02 6.5826800537e+02 6.5827899170e+02 6.5828997803e+02 6.5828302002e+02 6.5828802490e+02 6.5830102539e+02 6.5830401611e+02 6.5831298828e+02 6.5831799316e+02 6.5832598877e+02 6.5832598877e+02 6.5834301758e+02 6.5835400391e+02 6.5834600830e+02 6.5834301758e+02 6.5834002686e+02 6.5834100342e+02 6.5834698486e+02 6.5834301758e+02 6.5833300781e+02 6.5832397461e+02 6.5833099365e+02 6.5832299805e+02 6.5833502197e+02 6.5833599854e+02 6.5833001709e+02 6.5832397461e+02 6.5832501221e+02 6.5832702637e+02 6.5832702637e+02 6.5833398438e+02 6.5832598877e+02 6.5831896973e+02 6.5831201172e+02 6.5830700684e+02 6.5832202148e+02 6.5832897949e+02 6.5832397461e+02 6.5831201172e+02 6.5831097412e+02 6.5830999756e+02 6.5830902100e+02
6.5825598145e+02 6.5826202393e+02 6.5827600098e+02 6.5827801514e+02 6.5826702881e+02 6.5827398682e+02 6.5828198242e+02 6.5827502441e+02 6.5828302002e+02 6.5830200195e+02 6.5831097412e+02 6.5831201172e+02 6.5831799316e+02 6.5832598877e+02 6.5831701660e+02 6.5832501221e+02 6.5833697510e+02 6.5833001709e+02 6.5833099365e+02 6.5833898926e+02 6.5833300781e+02 6.5833197021e+02 6.5833099365e+02 6.5832702637e+02 6.5832598877e+02 6.5833697510e+02 6.5833001709e+02 6.5832897949e+02 6.5833300781e+02 6.5833300781e+02 6.5832000732e+02 6.5831799316e+02 6.5831097412e+02 6.5831298828e+02 6.5832598877e+02 6.5832397461e+02 6.5831597900e+02 6.5830401611e+02 6.5830297852e+02 6.5830499268e+02 6.5831097412e+02 6.5831799316e+02 6.5831701660e+02 6.5831500244e+02 6.5831298828e+02 6.5830902100e+02
6.5825097656e+02 6.5825897217e+02 6.5826800537e+02 6.5827001953e+02 6.5826599121e+02 6.5827099609e+02 6.5828198242e+02 6.5828100586e+02 6.5829199219e+02 6.5831097412e+02 6.5832800293e+02 6.5831597900e+02 6.5831799316e+02 6.5832299805e+02 6.5831701660e+02 6.5832098389e+02 6.5833599854e+02 6.5834002686e+02 6.5833801270e+02 6.5834497070e+02 6.5833898926e+02 6.5832897949e+02 6.5832702637e+02 6.5832598877e+02 6.5832397461e+02 6.5833197021e+02 6.5833300781e+02 6.5833099365e+02 6.5833502197e+02 6.5833300781e+02 6.5832299805e+02 6.5831298828e+02 6.5829998779e+02 6.5830401611e+02 6.5831500244e+02 6.5831097412e+02 6.5830200195e+02 6.5829797363e+02 6.5830902100e+02 6.5829901123e+02 6.5829998779e+02 6.5830902100e+02 6.5830499268e+02 6.5830999756e+02 6.5832098389e+02 6.5832397461e+02
6.5825097656e+02 6.5825097656e+02 6.5826202393e+02 6.5827301025e+02 6.5827398682e+02 6.5827398682e+02 6.5827697754e+02 6.5828198242e+02 6.5828997803e+02 6.5830499268e+02 6.5831799316e+02 6.5832299805e+02 6.5832397461e+02 6.5832299805e+02 6.5832299805e+02 6.5832800293e+02 6.5833398438e+02 6.5834002686e+02 6.5834301758e+02 6.5834497070e+02 6.5833898926e+02 6.5832702637e+02 6.5832800293e+02 6.5832501221e+02 6.5832299805e+02 6.5832800293e+02 6.5832800293e+02 6.5833001709e+02 6.5832800293e+02 6.5831896973e+02 6.5831298828e+02 6.5832202148e+02 6.5831896973e+02 6.5831201172e+02 6.5831097412e+02 6.5830902100e+02 6.5829602051e+02 6.5829199219e+02 6.5829400635e+02 6.5830999756e+02 6.5830798340e+02 6.5830999756e+02 6.5831799316e+02 6.5831597900e+02 6.5832598877e+02 6.5833001709e+02
6.5825299072e+02 6.5825000000e+02 6.5826599121e+02 6.5828002930e+02 6.5827801514e+02 6.5828100586e+02 6.5828497314e+02 6.5829199219e+02 6.5829797363e+02 6.5830499268e+02 6.5830902100e+02 6.5832501221e+02 6.5832897949e+02 6.5833300781e+02 6.5833898926e+02 6.5832897949e+02 6.5833001709e+02 6.5833197021e+02 6.5833099365e+02 6.5833099365e+02 6.5833001709e+02 6.5832299805e+02 6.5832702637e+02 6.5832598877e+02 6.5832098389e+02 6.5832299805e+02 6.5833001709e+02 6.5833300781e+02 6.5832702637e+02 6.5831799316e+02 6.5831097412e+02 6.5831896973e+02 6.5831799316e+02 6.5830700684e+02 6.5830401611e+02 6.5831298828e+02 6.5830102539e+02 6.5830401611e+02 6.5829199219e+02 6.5829602051e+02 6.5831298828e+02 6.5832800293e+02 6.5833001709e+02 6.5831799316e+02 6.5832501221e+02 6.5832397461e+02
6.5825097656e+02 6.5825500488e+02 6.5827099609e+02 6.5828399658e+02 6.5828302002e+02 6.5829199219e+02 6.5829699707e+02 6.5830999756e+02 6.5831597900e+02 6.5831402588e+02 6.5830902100e+02 6.5832397461e+02 6.5832702637e+02 6.5833898926e+02 6.5835601807e+02 6.5833697510e+02 6.5833398438e+02 6.5832897949e+02 6.5832501221e+02 6.5832897949e+02 6.5832299805e+02 6.5831799316e+02 6.5832098389e+02 6.5832202148e+02 6.5831799316e+02 6.5832098389e+02 6.5833197021e+02 6.5833502197e+02 6.5832800293e+02 6.5831201172e+02 6.5830102539e+02 6.5830700684e+02 6.5830902100e+02 6.5829498291e+02 6.5829199219e+02 6.5830401611e+02 6.5828997803e+02 6.5829302979e+02 6.5829302979e+02 6.5829199219e+02 6.5831500244e+02 6.5833300781e+02 6.5831896973e+02 6.5831402588e+02 6.5833197021e+02 6.5833001709e+02
