TESTSERVER/12/7.asc
NCOLS 100
NROWS 100
XLLCORNER 8.0997500000e+03
YLLCORNER 2.8960025000e+05
CELLSIZE 5.0000000000e-01
NODATA_VALUE -9.9990000000e+03
[rows 80 to 99 of 100, columns 0 to 45 of 100]
6.2138201904e+02 6.2146398926e+02 6.2152697754e+02 6.2167901611e+02 6.2179699707e+02 6.2190899658e+02 6.2202301025e+02 6.2214099121e+02 6.2226098633e+02 6.2238201904e+02 6.2250598145e+02 6.2262200928e+02 6.2273699951e+02 6.2284600830e+02 6.2293798828e+02 6.2304302979e+02 6.2314001465e+02 6.2323101807e+02 6.2333398438e+02 6.2347399902e+02 6.2360498047e+02 6.2369000244e+02 6.2377697754e+02 6.2386700439e+02 6.2396801758e+02 6.2409802246e+02 6.2424902344e+02 6.2440698242e+02 6.2453601074e+02 6.2460900879e+02 6.2468798828e+02 6.2473199463e+02 6.2476098633e+02 6.2480999756e+02 6.2488500977e+02 6.2496697998e+02 6.2503497314e+02 6.2511102295e+02 6.2519097900e+02 6.2527697754e+02 6.2537097168e+02 6.2546600342e+02 6.2557299805e+02 6.2569097900e+02 6.2581799316e+02 6.2594702148e+02
6.2124200439e+02 6.2135601807e+02 6.2143103027e+02 6.2153002930e+02 6.2164099121e+02 6.2176599121e+02 6.2187597656e+02 6.2198297119e+02 6.2210302734e+02 6.2222302246e+02 6.2235302734e+02 6.2247900391e+02 6.2259497070e+02 6.2271600342e+02 6.2280902100e+02 6.2288800049e+02 6.2296398926e+02 6.2304400635e+02 6.2314001465e+02 6.2328997803e+02 6.2342297363e+02 6.2350097656e+02 6.2359100342e+02 6.2367199707e+02 6.2375598145e+02 6.2387097168e+02 6.2401800537e+02 6.2416900635e+02 6.2429602051e+02 6.2439099121e+02 6.2449798584e+02 6.2455700684e+02 6.2457501221e+02 6.2462597656e+02 6.2470501709e+02 6.2478399658e+02 6.2487097168e+02 6.2496899414e+02 6.2504797363e+02 6.2511602783e+02 6.2520001221e+02 6.2528900146e+02 6.2539398193e+02 6.2550500488e+02 6.2562500000e+02 6.2575097656e+02
6.2107897949e+02 6.2121301270e+02 6.2133001709e+02 6.2140899658e+02 6.2150500488e+02 6.2161999512e+02 6.2172100830e+02 6.2183300781e+02 6.2195599365e+02 6.2207000732e+02 6.2218402100e+02 6.2231597900e+02 6.2244299316e+02 6.2257397461e+02 6.2267999268e+02 6.2273797607e+02 6.2280297852e+02 6.2287298584e+02 6.2296002197e+02 6.2307598877e+02 6.2319396973e+02 6.2329302979e+02 6.2339001465e+02 6.2347198486e+02 6.2356799316e+02 6.2368798828e+02 6.2381402588e+02 6.2394299316e+02 6.2407000732e+02 6.2417102051e+02 6.2427502441e+02 6.2434497070e+02 6.2438299561e+02 6.2445098877e+02 6.2452899170e+02 6.2460400391e+02 6.2469500732e+02 6.2479998779e+02 6.2488598633e+02 6.2496398926e+02 6.2505700684e+02 6.2514801025e+02 6.2524700928e+02 6.2535198975e+02 6.2546502686e+02 6.2558502197e+02
6.2093200684e+02 6.2104699707e+02 6.2116900635e+02 6.2126702881e+02 6.2137298584e+02 6.2148199463e+02 6.2157000732e+02 6.2168902588e+02 6.2181500244e+02 6.2192498779e+02 6.2202600098e+02 6.2217498779e+02 6.2231701660e+02 6.2245397949e+02 6.2257702637e+02 6.2262799072e+02 6.2269097900e+02 6.2276501465e+02 6.2284399414e+02 6.2291101074e+02 6.2300299072e+02 6.2311102295e+02 6.2320697021e+02 6.2328399658e+02 6.2338500977e+02 6.2351202393e+02 6.2362500000e+02 6.2373498535e+02 6.2385498047e+02 6.2395599365e+02 6.2404498291e+02 6.2412298584e+02 6.2419201660e+02 6.2427197266e+02 6.2434997559e+02 6.2443597412e+02 6.2452099609e+02 6.2460797119e+02 6.2469598389e+02 6.2479901123e+02 6.2491497803e+02 6.2501599121e+02 6.2511401367e+02 6.2521899414e+02 6.2532202148e+02 6.2542401123e+02
6.2078698730e+02 6.2089599609e+02 6.2100402832e+02 6.2111999512e+02 6.2125402832e+02 6.2137500000e+02 6.2145202637e+02 6.2156500244e+02 6.2169000244e+02 6.2179400635e+02 6.2189398193e+02 6.2207897949e+02 6.2222399902e+02 6.2234600830e+02 6.2247601318e+02 6.2255297852e+02 6.2259497070e+02 6.2265698242e+02 6.2273400879e+02 6.2278997803e+02 6.2285498047e+02 6.2293902588e+02 6.2303802490e+02 6.2310699463e+02 6.2319000244e+02 6.2329101563e+02 6.2340802002e+02 6.2352502441e+02 6.2363897705e+02 6.2372998047e+02 6.2382397461e+02 6.2392102051e+02 6.2400201416e+02 6.2407299805e+02 6.2414398193e+02 6.2425701904e+02 6.2436401367e+02 6.2443200684e+02 6.2450897217e+02 6.2461401367e+02 6.2473297119e+02 6.2484698486e+02 6.2496197510e+02 6.2507501221e+02 6.2517999268e+02 6.2526599121e+02
6.2064202881e+02 6.2076098633e+02 6.2086700439e+02 6.2097100830e+02 6.2108502197e+02 6.2119598389e+02 6.2127398682e+02 6.2139300537e+02 6.2153497314e+02 6.2166802979e+02 6.2180603027e+02 6.2197900391e+02 6.2213702393e+02 6.2226501465e+02 6.2235900879e+02 6.2243103027e+02 6.2248199463e+02 6.2253198242e+02 6.2259997559e+02 6.2266400146e+02 6.2272399902e+02 6.2279498291e+02 6.2286901855e+02 6.2293298340e+02 6.2302502441e+02 6.2312097168e+02 6.2322198486e+02 6.2333300781e+02 6.2344299316e+02 6.2351501465e+02 6.2359600830e+02 6.2370001221e+02 6.2381097412e+02 6.2390997314e+02 6.2396801758e+02 6.2405297852e+02 6.2416198730e+02 6.2425000000e+02 6.2434399414e+02 6.2445001221e+02 6.2456701660e+02 6.2469598389e+02 6.2481402588e+02 6.2493200684e+02 6.2504602051e+02 6.2513702393e+02
6.2051000977e+02 6.2063299561e+02 6.2073699951e+02 6.2084899902e+02 6.2095800781e+02 6.2106201172e+02 6.2114300537e+02 6.2125402832e+02 6.2139898682e+02 6.2155401611e+02 6.2172497559e+02 6.2191302490e+02 6.2207800293e+02 6.2221002197e+02 6.2229199219e+02 6.2235302734e+02 6.2240802002e+02 6.2246600342e+02 6.2252502441e+02 6.2255798340e+02 6.2260400391e+02 6.2268701172e+02 6.2275500488e+02 6.2281298828e+02 6.2288598633e+02 6.2296899414e+02 6.2305902100e+02 6.2315600586e+02 6.2325799561e+02 6.2332800293e+02 6.2339697266e+02 6.2348699951e+02 6.2359399414e+02 6.2370202637e+02 6.2376800537e+02 6.2384802246e+02 6.2394500732e+02 6.2405200195e+02 6.2416699219e+02 6.2428100586e+02 6.2440600586e+02 6.2453698730e+02 6.2464398193e+02 6.2476599121e+02 6.2488598633e+02 6.2497100830e+02
6.2038201904e+02 6.2049700928e+02 6.2059600830e+02 6.2072399902e+02 6.2084002686e+02 6.2095800781e+02 6.2105700684e+02 6.2114801025e+02 6.2128900146e+02 6.2145098877e+02 6.2162597656e+02 6.2183398438e+02 6.2200598145e+02 6.2213897705e+02 6.2225097656e+02 6.2229998779e+02 6.2234002686e+02 6.2240301514e+02 6.2243798828e+02 6.2242297363e+02 6.2246398926e+02 6.2258197021e+02 6.2267602539e+02 6.2272198486e+02 6.2275799561e+02 6.2281597900e+02 6.2289300537e+02 6.2297100830e+02 6.2305603027e+02 6.2312200928e+02 6.2319201660e+02 6.2328100586e+02 6.2337097168e+02 6.2346801758e+02 6.2355102539e+02 6.2364001465e+02 6.2372802734e+02 6.2383697510e+02 6.2396099854e+02 6.2407800293e+02 6.2419500732e+02 6.2431500244e+02 6.2443402100e+02 6.2457299805e+02 6.2470800781e+02 6.2480297852e+02
6.2023602295e+02 6.2035699463e+02 6.2046801758e+02 6.2059002686e+02 6.2070697021e+02 6.2083197021e+02 6.2093200684e+02 6.2103100586e+02 6.2118200684e+02 6.2135498047e+02 6.2152899170e+02 6.2174798584e+02 6.2192102051e+02 6.2206402588e+02 6.2221801758e+02 6.2223901367e+02 6.2226898193e+02 6.2231201172e+02 6.2228997803e+02 6.2230200195e+02 6.2235699463e+02 6.2245501709e+02 6.2254699707e+02 6.2258599854e+02 6.2263098145e+02 6.2269702148e+02 6.2275598145e+02 6.2281097412e+02 6.2288299561e+02 6.2294396973e+02 6.2300402832e+02 6.2310699463e+02 6.2320001221e+02 6.2328802490e+02 6.2337701416e+02 6.2345098877e+02 6.2352398682e+02 6.2361901855e+02 6.2372198486e+02 6.2384899902e+02 6.2395599365e+02 6.2407397461e+02 6.2421502686e+02 6.2435400391e+02 6.2449499512e+02 6.2463500977e+02
6.2010498047e+02 6.2022198486e+02 6.2034399414e+02 6.2046099854e+02 6.2057800293e+02 6.2070599365e+02 6.2085699463e+02 6.2097100830e+02 6.2109197998e+02 6.2125000000e+02 6.2143499756e+02 6.2167602539e+02 6.2186401367e+02 6.2203497314e+02 6.2218499756e+02 6.2222802734e+02 6.2228100586e+02 6.2234399414e+02 6.2230401611e+02 6.2228002930e+02 6.2234002686e+02 6.2241998291e+02 6.2248699951e+02 6.2250097656e+02 6.2254699707e+02 6.2260302734e+02 6.2264801025e+02 6.2268103027e+02 6.2274902344e+02 6.2280603027e+02 6.2284899902e+02 6.2293798828e+02 6.2302899170e+02 6.2309802246e+02 6.2315802002e+02 6.2322497559e+02 6.2331402588e+02 6.2342401123e+02 6.2352697754e+02 6.2363500977e+02 6.2375000000e+02 6.2386499023e+02 6.2400500488e+02 6.2415899658e+02 6.2431896973e+02 6.2446997070e+02
6.1999298096e+02 6.2010400391e+02 6.2021697998e+02 6.2034100342e+02 6.2047998047e+02 6.2059600830e+02 6.2074102783e+02 6.2087799072e+02 6.2100701904e+02 6.2117602539e+02 6.2137597656e+02 6.2163500977e+02 6.2182299805e+02 6.2198699951e+02 6.2212097168e+02 6.2215698242e+02 6.2220898438e+02 6.2230200195e+02 6.2232299805e+02 6.2230603027e+02 6.2234301758e+02 6.2239099121e+02 6.2242199707e+02 6.2243902588e+02 6.2246899414e+02 6.2250500488e+02 6.2254498291e+02 6.2258001709e+02 6.2263800049e+02 6.2267901611e+02 6.2272100830e+02 6.2281500244e+02 6.2290698242e+02 6.2296002197e+02 6.2299597168e+02 6.2306298828e+02 6.2314801025e+02 6.2323699951e+02 6.2333502197e+02 6.2343103027e+02 6.2354602051e+02 6.2365802002e+02 6.2377899170e+02 6.2393103027e+02 6.2410601807e+02 6.2426599121e+02
6.1985498047e+02 6.1997698975e+02 6.2008801270e+02 6.2020202637e+02 6.2034600830e+02 6.2045098877e+02 6.2058801270e+02 6.2073498535e+02 6.2089001465e+02 6.2109100342e+02 6.2130401611e+02 6.2155603027e+02 6.2175299072e+02 6.2190899658e+02 6.2203698730e+02 6.2211700439e+02 6.2216101074e+02 6.2224298096e+02 6.2228302002e+02 6.2228900146e+02 6.2230700684e+02 6.2233801270e+02 6.2236901855e+02 6.2240002441e+02 6.2242297363e+02 6.2244396973e+02 6.2247698975e+02 6.2251898193e+02 6.2257000732e+02 6.2260101318e+02 6.2263598633e+02 6.2270599365e+02 6.2277197266e+02 6.2282202148e+02 6.2286199951e+02 6.2294097900e+02 6.2303002930e+02 6.2309197998e+02 6.2316400146e+02 6.2323602295e+02 6.2334301758e+02 6.2347302246e+02 6.2358300781e+02 6.2371197510e+02 6.2386401367e+02 6.2401501465e+02
6.1972399902e+02 6.1985302734e+02 6.1995697021e+02 6.2006896973e+02 6.2020599365e+02 6.2032299805e+02 6.2044299316e+02 6.2059899902e+02 6.2076501465e+02 6.2098699951e+02 6.2122998047e+02 6.2142797852e+02 6.2164099121e+02 6.2182598877e+02 6.2196099854e+02 6.2204797363e+02 6.2211297607e+02 6.2218200684e+02 6.2220098877e+02 6.2223797607e+02 6.2225897217e+02 6.2227899170e+02 6.2233898926e+02 6.2238598633e+02 6.2239300537e+02 6.2240899658e+02 6.2245098877e+02 6.2248602295e+02 6.2250897217e+02 6.2253601074e+02 6.2257098389e+02 6.2260101318e+02 6.2262500000e+02 6.2269201660e+02 6.2274298096e+02 6.2280999756e+02 6.2289501953e+02 6.2296197510e+02 6.2302197266e+02 6.2309197998e+02 6.2316998291e+02 6.2329797363e+02 6.2341198730e+02 6.2351702881e+02 6.2363702393e+02 6.2377801514e+02
6.1958697510e+02 6.1972100830e+02 6.1980200195e+02 6.1990100098e+02 6.2003497314e+02 6.2017401123e+02 6.2030603027e+02 6.2045800781e+02 6.2060198975e+02 6.2080902100e+02 6.2109698486e+02 6.2135400391e+02 6.2153698730e+02 6.2168402100e+02 6.2183300781e+02 6.2194897461e+02 6.2202398682e+02 6.2208898926e+02 6.2211798096e+02 6.2217297363e+02 6.2220697021e+02 6.2222198486e+02 6.2226599121e+02 6.2231402588e+02 6.2234698486e+02 6.2238000488e+02 6.2241802979e+02 6.2245202637e+02 6.2248297119e+02 6.2253100586e+02 6.2257397461e+02 6.2258398438e+02 6.2259197998e+02 6.2262500000e+02 6.2265698242e+02 6.2270800781e+02 6.2278198242e+02 6.2284899902e+02 6.2291998291e+02 6.2298901367e+02 6.2304498291e+02 6.2313598633e+02 6.2323297119e+02 6.2332598877e+02 6.2343499756e+02 6.2357702637e+02
6.1940301514e+02 6.1953997803e+02 6.1963500977e+02 6.1974102783e+02 6.1987298584e+02 6.2001300049e+02 6.2015002441e+02 6.2029302979e+02 6.2042297363e+02 6.2060101318e+02 6.2085498047e+02 6.2114099121e+02 6.2134002686e+02 6.2148999023e+02 6.2165197754e+02 6.2178198242e+02 6.2187701416e+02 6.2196398926e+02 6.2200799561e+02 6.2207702637e+02 6.2214300537e+02 6.2217797852e+02 6.2221697998e+02 6.2225598145e+02 6.2230401611e+02 6.2235302734e+02 6.2237597656e+02 6.2241302490e+02 6.2246697998e+02 6.2252001953e+02 6.2256298828e+02 6.2257501221e+02 6.2257299805e+02 6.2258001709e+02 6.2259600830e+02 6.2263397217e+02 6.2269097900e+02 6.2274700928e+02 6.2281402588e+02 6.2287500000e+02 6.2292401123e+02 6.2299200439e+02 6.2307202148e+02 6.2316198730e+02 6.2325598145e+02 6.2337200928e+02
6.1925097656e+02 6.1938397217e+02 6.1948297119e+02 6.1959698486e+02 6.1971301270e+02 6.1983001709e+02 6.1996801758e+02 6.2011401367e+02 6.2024597168e+02 6.2040899658e+02 6.2057800293e+02 6.2080297852e+02 6.2102600098e+02 6.2121502686e+02 6.2139099121e+02 6.2151898193e+02 6.2164300537e+02 6.2178100586e+02 6.2187200928e+02 6.2196301270e+02 6.2205499268e+02 6.2210198975e+02 6.2214001465e+02 6.2218200684e+02 6.2224298096e+02 6.2231402588e+02 6.2233898926e+02 6.2237597656e+02 6.2241400146e+02 6.2244500732e+02 6.2249401855e+02 6.2253002930e+02 6.2253601074e+02 6.2254699707e+02 6.2256701660e+02 6.2259997559e+02 6.2264001465e+02 6.2267498779e+02 6.2272100830e+02 6.2277099609e+02 6.2282202148e+02 6.2288000488e+02 6.2294396973e+02 6.2303399658e+02 6.2311700439e+02 6.2319799805e+02
6.1911602783e+02 6.1923999023e+02 6.1929901123e+02 6.1943798828e+02 6.1956097412e+02 6.1966400146e+02 6.1979199219e+02 6.1991497803e+02 6.2003698730e+02 6.2019201660e+02 6.2033502197e+02 6.2051202393e+02 6.2073297119e+02 6.2092901611e+02 6.2108898926e+02 6.2122601318e+02 6.2136602783e+02 6.2152801514e+02 6.2165899658e+02 6.2177600098e+02 6.2188397217e+02 6.2195697021e+02 6.2199700928e+02 6.2205200195e+02 6.2213500977e+02 6.2220697021e+02 6.2226000977e+02 6.2232800293e+02 6.2235400391e+02 6.2237500000e+02 6.2242700195e+02 6.2248602295e+02 6.2248400879e+02 6.2250598145e+02 6.2254302979e+02 6.2259002686e+02 6.2261901855e+02 6.2263397217e+02 6.2265600586e+02 6.2269799805e+02 6.2275402832e+02 6.2280200195e+02 6.2285601807e+02 6.2293298340e+02 6.2300500488e+02 6.2306701660e+02
6.1894097900e+02 6.1906097412e+02 6.1915899658e+02 6.1925402832e+02 6.1935797119e+02 6.1945697021e+02 6.1956097412e+02 6.1970501709e+02 6.1983099365e+02 6.1996997070e+02 6.2011499023e+02 6.2025799561e+02 6.2043902588e+02 6.2061901855e+02 6.2080499268e+02 6.2095202637e+02 6.2110101318e+02 6.2125299072e+02 6.2137298584e+02 6.2150598145e+02 6.2163702393e+02 6.2174499512e+02 6.2182501221e+02 6.2189599609e+02 6.2197998047e+02 6.2203698730e+02 6.2208502197e+02 6.2216497803e+02 6.2223699951e+02 6.2230401611e+02 6.2235797119e+02 6.2240600586e+02 6.2241802979e+02 6.2245300293e+02 6.2249499512e+02 6.2254797363e+02 6.2257000732e+02 6.2259197998e+02 6.2261401367e+02 6.2264801025e+02 6.2269201660e+02 6.2273901367e+02 6.2279602051e+02 6.2286199951e+02 6.2290698242e+02 6.2294396973e+02
6.1877197266e+02 6.1888000488e+02 6.1900000000e+02 6.1908300781e+02 6.1915600586e+02 6.1923999023e+02 6.1934100342e+02 6.1947998047e+02 6.1960198975e+02 6.1972900391e+02 6.1986798096e+02 6.1999102783e+02 6.2013598633e+02 6.2029998779e+02 6.2049401855e+02 6.2063702393e+02 6.2079400635e+02 6.2096502686e+02 6.2109399414e+02 6.2121801758e+02 6.2138299561e+02 6.2151000977e+02 6.2162097168e+02 6.2169799805e+02 6.2178698730e+02 6.2186798096e+02 6.2193103027e+02 6.2200299072e+02 6.2209197998e+02 6.2219500732e+02 6.2227301025e+02 6.2233197021e+02 6.2236700439e+02 6.2241302490e+02 6.2244500732e+02 6.2248400879e+02 6.2251501465e+02 6.2255902100e+02 6.2258001709e+02 6.2260101318e+02 6.2264398193e+02 6.2269598389e+02 6.2275402832e+02 6.2280297852e+02 6.2283502197e+02 6.2285601807e+02
6.1861700439e+02 6.1871099854e+02 6.1880700684e+02 6.1891900635e+02 6.1899798584e+02 6.1907702637e+02 6.1917498779e+02 6.1928802490e+02 6.1939898682e+02 6.1949597168e+02 6.1960900879e+02 6.1975097656e+02 6.1987298584e+02 6.2000201416e+02 6.2017999268e+02 6.2031896973e+02 6.2046301270e+02 6.2063598633e+02 6.2078198242e+02 6.2088299561e+02 6.2106097412e+02 6.2120001221e+02 6.2134002686e+02 6.2142102051e+02 6.2151800537e+02 6.2163299561e+02 6.2174102783e+02 6.2181799316e+02 6.2189898682e+02 6.2201202393e+02 6.2212298584e+02 6.2221997070e+02 6.2227899170e+02 6.2233502197e+02 6.2237597656e+02 6.2240802002e+02 6.2245697021e+02 6.2253002930e+02 6.2255401611e+02 6.2257098389e+02 6.2261297607e+02 6.2266802979e+02 6.2272497559e+02 6.2275500488e+02 6.2278100586e+02 6.2280102539e+02
