TESTSERVER/12/7.asc
NCOLS 100
NROWS 100
XLLCORNER 8.0997500000e+03
YLLCORNER 2.8960025000e+05
CELLSIZE 5.0000000000e-01
NODATA_VALUE -9.9990000000e+03
[rows 40 to 59 of 100, columns 46 to 91 of 100]
6.3771600342e+02 6.3784399414e+02 6.3800897217e+02 6.3820501709e+02 6.3832702637e+02 6.3845501709e+02 6.3858197021e+02 6.3871398926e+02 6.3879901123e+02 6.3888800049e+02 6.3899298096e+02 6.3912298584e+02 6.3928698730e+02 6.3944799805e+02 6.3955102539e+02 6.3956402588e+02 6.3956701660e+02 6.3965100098e+02 6.3974902344e+02 6.3981896973e+02 6.3986297607e+02 6.3993200684e+02 6.4002899170e+02 6.4015997314e+02 6.4028900146e+02 6.4041101074e+02 6.4052899170e+02 6.4065997314e+02 6.4077502441e+02 6.4090899658e+02 6.4108898926e+02 6.4129400635e+02 6.4147802734e+02 6.4162701416e+02 6.4180200195e+02 6.4200201416e+02 6.4217498779e+02 6.4231597900e+02 6.4241802979e+02 6.4261199951e+02 6.4281097412e+02 6.4303002930e+02 6.4327301025e+02 6.4337200928e+02 6.4343798828e+02 6.4354901123e+02
6.3736901855e+02 6.3750201416e+02 6.3761700439e+02 6.3774902344e+02 6.3786297607e+02 6.3796997070e+02 6.3809997559e+02 6.3824401855e+02 6.3837701416e+02 6.3849401855e+02 6.3860699463e+02 6.3873297119e+02 6.3887298584e+02 6.3899200439e+02 6.3908898926e+02 6.3914801025e+02 6.3919000244e+02 6.3924298096e+02 6.3934802246e+02 6.3945697021e+02 6.3954602051e+02 6.3963598633e+02 6.3975000000e+02 6.3989300537e+02 6.4003900146e+02 6.4015997314e+02 6.4026702881e+02 6.4035101318e+02 6.4045697021e+02 6.4060302734e+02 6.4077899170e+02 6.4095202637e+02 6.4112597656e+02 6.4129602051e+02 6.4149597168e+02 6.4169500732e+02 6.4185198975e+02 6.4197497559e+02 6.4207800293e+02 6.4230102539e+02 6.4247900391e+02 6.4263299561e+02 6.4286798096e+02 6.4306298828e+02 6.4315502930e+02 6.4326000977e+02
6.3711901855e+02 6.3725299072e+02 6.3735101318e+02 6.3745898438e+02 6.3755902100e+02 6.3765100098e+02 6.3774200439e+02 6.3785101318e+02 6.3796801758e+02 6.3807501221e+02 6.3817901611e+02 6.3828802490e+02 6.3841601563e+02 6.3852801514e+02 6.3863598633e+02 6.3876300049e+02 6.3886901855e+02 6.3895001221e+02 6.3903698730e+02 6.3914300537e+02 6.3925201416e+02 6.3936700439e+02 6.3950299072e+02 6.3968597412e+02 6.3986401367e+02 6.3999401855e+02 6.4007299805e+02 6.4012597656e+02 6.4020202637e+02 6.4032702637e+02 6.4048297119e+02 6.4063098145e+02 6.4080603027e+02 6.4099102783e+02 6.4121197510e+02 6.4145098877e+02 6.4161102295e+02 6.4171002197e+02 6.4177899170e+02 6.4198199463e+02 6.4215600586e+02 6.4226397705e+02 6.4242498779e+02 6.4265197754e+02 6.4280999756e+02 6.4295202637e+02
6.3691601563e+02 6.3704199219e+02 6.3713702393e+02 6.3722802734e+02 6.3732702637e+02 6.3742498779e+02 6.3749597168e+02 6.3755700684e+02 6.3763000488e+02 6.3770800781e+02 6.3779400635e+02 6.3788299561e+02 6.3799102783e+02 6.3808898926e+02 6.3819500732e+02 6.3836401367e+02 6.3854498291e+02 6.3868701172e+02 6.3876397705e+02 6.3887500000e+02 6.3900598145e+02 6.3912597656e+02 6.3925701904e+02 6.3948199463e+02 6.3968902588e+02 6.3982897949e+02 6.3990698242e+02 6.3998199463e+02 6.4002801514e+02 6.4010302734e+02 6.4021301270e+02 6.4036798096e+02 6.4055603027e+02 6.4072998047e+02 6.4090502930e+02 6.4113800049e+02 6.4129797363e+02 6.4140100098e+02 6.4146801758e+02 6.4163500977e+02 6.4182397461e+02 6.4194097900e+02 6.4205297852e+02 6.4227001953e+02 6.4244897461e+02 6.4259997559e+02
6.3668701172e+02 6.3681298828e+02 6.3691198730e+02 6.3696398926e+02 6.3705603027e+02 6.3717999268e+02 6.3726397705e+02 6.3730297852e+02 6.3734698486e+02 6.3741497803e+02 6.3751800537e+02 6.3758599854e+02 6.3765899658e+02 6.3771801758e+02 6.3777600098e+02 6.3790899658e+02 6.3809802246e+02 6.3827099609e+02 6.3838702393e+02 6.3858502197e+02 6.3876898193e+02 6.3890002441e+02 6.3898400879e+02 6.3915399170e+02 6.3933001709e+02 6.3948297119e+02 6.3962597656e+02 6.3979901123e+02 6.3984497070e+02 6.3987500000e+02 6.3994799805e+02 6.4014398193e+02 6.4036199951e+02 6.4051702881e+02 6.4062097168e+02 6.4074298096e+02 6.4087500000e+02 6.4100897217e+02 6.4113500977e+02 6.4126300049e+02 6.4145098877e+02 6.4162298584e+02 6.4177001953e+02 6.4194897461e+02 6.4211602783e+02 6.4224298096e+02
6.3639001465e+02 6.3649798584e+02 6.3658502197e+02 6.3667901611e+02 6.3677398682e+02 6.3687097168e+02 6.3694201660e+02 6.3698498535e+02 6.3702600098e+02 6.3709100342e+02 6.3718902588e+02 6.3728698730e+02 6.3736798096e+02 6.3744097900e+02 6.3750799561e+02 6.3759497070e+02 6.3771002197e+02 6.3782299805e+02 6.3797302246e+02 6.3821398926e+02 6.3843597412e+02 6.3859301758e+02 6.3864501953e+02 6.3873199463e+02 6.3885101318e+02 6.3899700928e+02 6.3918499756e+02 6.3938897705e+02 6.3951702881e+02 6.3960699463e+02 6.3969897461e+02 6.3986700439e+02 6.4008502197e+02 6.4028302002e+02 6.4040502930e+02 6.4047497559e+02 6.4058001709e+02 6.4071502686e+02 6.4085498047e+02 6.4099102783e+02 6.4116497803e+02 6.4134301758e+02 6.4148999023e+02 6.4167102051e+02 6.4185400391e+02 6.4196398926e+02
6.3606097412e+02 6.3614599609e+02 6.3621398926e+02 6.3632897949e+02 6.3643499756e+02 6.3651702881e+02 6.3659600830e+02 6.3665698242e+02 6.3670001221e+02 6.3675402832e+02 6.3682598877e+02 6.3691497803e+02 6.3701202393e+02 6.3711901855e+02 6.3722998047e+02 6.3733099365e+02 6.3744097900e+02 6.3753497314e+02 6.3763897705e+02 6.3784100342e+02 6.3804498291e+02 6.3819799805e+02 6.3825897217e+02 6.3833001709e+02 6.3843499756e+02 6.3857501221e+02 6.3874700928e+02 6.3893597412e+02 6.3910900879e+02 6.3926000977e+02 6.3938800049e+02 6.3952600098e+02 6.3971697998e+02 6.3992901611e+02 6.4011700439e+02 6.4022601318e+02 6.4033697510e+02 6.4046899414e+02 6.4061499023e+02 6.4076800537e+02 6.4093701172e+02 6.4109600830e+02 6.4122998047e+02 6.4141998291e+02 6.4161602783e+02 6.4172698975e+02
6.3571899414e+02 6.3581799316e+02 6.3587799072e+02 6.3597198486e+02 6.3606500244e+02 6.3614202881e+02 6.3624298096e+02 6.3632800293e+02 6.3638299561e+02 6.3643701172e+02 6.3649597168e+02 6.3657501221e+02 6.3667401123e+02 6.3679199219e+02 6.3692199707e+02 6.3705200195e+02 6.3719201660e+02 6.3730297852e+02 6.3737597656e+02 6.3750402832e+02 6.3765698242e+02 6.3778997803e+02 6.3788000488e+02 6.3797497559e+02 6.3808898926e+02 6.3822802734e+02 6.3838201904e+02 6.3853100586e+02 6.3870098877e+02 6.3886999512e+02 6.3901800537e+02 6.3914697266e+02 6.3931597900e+02 6.3952398682e+02 6.3974597168e+02 6.3991900635e+02 6.4007299805e+02 6.4022302246e+02 6.4037500000e+02 6.4055102539e+02 6.4071697998e+02 6.4085900879e+02 6.4097399902e+02 6.4114099121e+02 6.4132702637e+02 6.4144299316e+02
6.3530902100e+02 6.3546502686e+02 6.3557202148e+02 6.3565997314e+02 6.3573602295e+02 6.3580798340e+02 6.3590100098e+02 6.3598797607e+02 6.3607000732e+02 6.3614501953e+02 6.3624597168e+02 6.3631597900e+02 6.3639599609e+02 6.3648999023e+02 6.3658697510e+02 6.3673498535e+02 6.3689599609e+02 6.3703802490e+02 6.3715399170e+02 6.3722399902e+02 6.3731597900e+02 6.3742498779e+02 6.3757098389e+02 6.3769500732e+02 6.3782702637e+02 6.3796697998e+02 6.3810998535e+02 6.3824597168e+02 6.3838800049e+02 6.3852600098e+02 6.3864001465e+02 6.3878497314e+02 6.3895697021e+02 6.3915698242e+02 6.3936199951e+02 6.3956701660e+02 6.3978302002e+02 6.3996801758e+02 6.4012200928e+02 6.4031896973e+02 6.4048901367e+02 6.4062200928e+02 6.4074200439e+02 6.4088897705e+02 6.4104602051e+02 6.4117297363e+02
6.3488299561e+02 6.3500500488e+02 6.3513201904e+02 6.3529101563e+02 6.3541601563e+02 6.3550000000e+02 6.3555798340e+02 6.3560900879e+02 6.3568298340e+02 6.3578601074e+02 6.3591302490e+02 6.3600897217e+02 6.3609899902e+02 6.3621502686e+02 6.3633001709e+02 6.3647302246e+02 6.3660498047e+02 6.3672998047e+02 6.3685998535e+02 6.3696002197e+02 6.3703900146e+02 6.3713702393e+02 6.3729400635e+02 6.3742199707e+02 6.3754302979e+02 6.3769396973e+02 6.3786901855e+02 6.3802398682e+02 6.3817700195e+02 6.3831799316e+02 6.3843402100e+02 6.3854797363e+02 6.3869598389e+02 6.3886798096e+02 6.3904101563e+02 6.3922302246e+02 6.3943103027e+02 6.3962902832e+02 6.3981201172e+02 6.4002301025e+02 6.4020800781e+02 6.4037097168e+02 6.4052697754e+02 6.4070001221e+02 6.4084899902e+02 6.4096398926e+02
6.3454400635e+02 6.3462200928e+02 6.3471801758e+02 6.3486602783e+02 6.3500799561e+02 6.3511901855e+02 6.3519097900e+02 6.3520800781e+02 6.3525299072e+02 6.3534997559e+02 6.3548400879e+02 6.3559301758e+02 6.3572100830e+02 6.3588800049e+02 6.3605499268e+02 6.3619897461e+02 6.3631896973e+02 6.3643597412e+02 6.3657397461e+02 6.3669299316e+02 6.3678002930e+02 6.3687597656e+02 6.3702197266e+02 6.3714300537e+02 6.3726501465e+02 6.3742700195e+02 6.3761999512e+02 6.3777301025e+02 6.3793798828e+02 6.3809997559e+02 6.3823901367e+02 6.3836102295e+02 6.3849700928e+02 6.3864300537e+02 6.3878802490e+02 6.3893103027e+02 6.3909002686e+02 6.3926501465e+02 6.3947100830e+02 6.3967199707e+02 6.3985900879e+02 6.4004602051e+02 6.4022802734e+02 6.4039501953e+02 6.4057299805e+02 6.4071697998e+02
6.3424499512e+02 6.3432000732e+02 6.3439898682e+02 6.3450598145e+02 6.3461999512e+02 6.3473297119e+02 6.3483197021e+02 6.3483801270e+02 6.3485198975e+02 6.3492797852e+02 6.3504498291e+02 6.3515997314e+02 6.3531402588e+02 6.3550799561e+02 6.3570202637e+02 6.3585900879e+02 6.3599902344e+02 6.3614697266e+02 6.3630603027e+02 6.3642498779e+02 6.3651300049e+02 6.3660601807e+02 6.3674401855e+02 6.3689001465e+02 6.3701898193e+02 6.3716900635e+02 6.3734899902e+02 6.3750097656e+02 6.3766699219e+02 6.3784002686e+02 6.3800897217e+02 6.3816302490e+02 6.3830999756e+02 6.3844897461e+02 6.3858398438e+02 6.3871002197e+02 6.3883300781e+02 6.3897698975e+02 6.3916699219e+02 6.3935400391e+02 6.3953198242e+02 6.3972100830e+02 6.3989697266e+02 6.4004400635e+02 6.4023498535e+02 6.4040100098e+02
6.3391699219e+02 6.3403399658e+02 6.3417102051e+02 6.3426800537e+02 6.3433697510e+02 6.3441400146e+02 6.3449499512e+02 6.3454699707e+02 6.3457299805e+02 6.3461401367e+02 6.3468200684e+02 6.3480603027e+02 6.3494097900e+02 6.3509802246e+02 6.3526501465e+02 6.3543701172e+02 6.3562902832e+02 6.3584197998e+02 6.3604699707e+02 6.3615698242e+02 6.3623999023e+02 6.3632202148e+02 6.3644799805e+02 6.3663000488e+02 6.3677899170e+02 6.3690100098e+02 6.3703100586e+02 6.3722497559e+02 6.3739300537e+02 6.3755499268e+02 6.3770800781e+02 6.3791400146e+02 6.3808300781e+02 6.3822601318e+02 6.3835900879e+02 6.3850500488e+02 6.3863299561e+02 6.3876098633e+02 6.3890197754e+02 6.3907299805e+02 6.3924597168e+02 6.3942901611e+02 6.3960699463e+02 6.3979400635e+02 6.3996197510e+02 6.4009698486e+02
6.3358001709e+02 6.3369396973e+02 6.3384997559e+02 6.3400897217e+02 6.3411401367e+02 6.3419897461e+02 6.3428601074e+02 6.3436499023e+02 6.3442901611e+02 6.3447698975e+02 6.3451397705e+02 6.3455798340e+02 6.3461401367e+02 6.3469799805e+02 6.3482397461e+02 6.3498999023e+02 6.3519799805e+02 6.3541900635e+02 6.3563397217e+02 6.3580200195e+02 6.3592901611e+02 6.3603698730e+02 6.3616400146e+02 6.3633197021e+02 6.3649401855e+02 6.3663598633e+02 6.3678399658e+02 6.3696600342e+02 6.3713397217e+02 6.3729302979e+02 6.3746398926e+02 6.3765899658e+02 6.3783197021e+02 6.3797497559e+02 6.3810900879e+02 6.3825500488e+02 6.3841302490e+02 6.3857800293e+02 6.3871197510e+02 6.3884100342e+02 6.3896997070e+02 6.3910400391e+02 6.3927398682e+02 6.3947497559e+02 6.3966699219e+02 6.3982501221e+02
6.3326501465e+02 6.3335101318e+02 6.3347399902e+02 6.3364599609e+02 6.3379699707e+02 6.3392297363e+02 6.3404797363e+02 6.3415600586e+02 6.3425701904e+02 6.3434698486e+02 6.3439001465e+02 6.3437799072e+02 6.3437701416e+02 6.3441699219e+02 6.3450598145e+02 6.3463897705e+02 6.3482202148e+02 6.3502600098e+02 6.3523602295e+02 6.3544299316e+02 6.3560900879e+02 6.3574902344e+02 6.3590698242e+02 6.3608398438e+02 6.3624902344e+02 6.3639398193e+02 6.3653802490e+02 6.3671197510e+02 6.3687701416e+02 6.3703601074e+02 6.3721197510e+02 6.3739898682e+02 6.3756799316e+02 6.3772100830e+02 6.3787402344e+02 6.3801599121e+02 6.3816699219e+02 6.3833099365e+02 6.3847698975e+02 6.3864697266e+02 6.3878198242e+02 6.3889001465e+02 6.3902099609e+02 6.3919000244e+02 6.3937402344e+02 6.3954302979e+02
6.3299298096e+02 6.3306597900e+02 6.3313800049e+02 6.3327398682e+02 6.3342498779e+02 6.3356597900e+02 6.3371398926e+02 6.3383099365e+02 6.3396002197e+02 6.3410101318e+02 6.3419097900e+02 6.3418103027e+02 6.3418103027e+02 6.3423602295e+02 6.3432598877e+02 6.3441400146e+02 6.3453997803e+02 6.3471099854e+02 6.3491400146e+02 6.3513000488e+02 6.3530603027e+02 6.3546099854e+02 6.3564001465e+02 6.3584600830e+02 6.3604400635e+02 6.3619799805e+02 6.3631896973e+02 6.3647399902e+02 6.3662298584e+02 6.3677197266e+02 6.3693798828e+02 6.3711102295e+02 6.3727099609e+02 6.3743200684e+02 6.3762500000e+02 6.3777099609e+02 6.3790600586e+02 6.3805798340e+02 6.3820001221e+02 6.3842401123e+02 6.3862097168e+02 6.3876501465e+02 6.3887097168e+02 6.3898101807e+02 6.3912097168e+02 6.3927502441e+02
6.3271997070e+02 6.3282098389e+02 6.3288897705e+02 6.3299499512e+02 6.3311401367e+02 6.3320599365e+02 6.3329498291e+02 6.3337701416e+02 6.3348999023e+02 6.3366198730e+02 6.3380200195e+02 6.3388299561e+02 6.3395800781e+02 6.3408801270e+02 6.3422100830e+02 6.3422998047e+02 6.3429699707e+02 6.3441998291e+02 6.3459399414e+02 6.3481097412e+02 6.3499597168e+02 6.3517401123e+02 6.3535198975e+02 6.3556500244e+02 6.3579901123e+02 6.3599298096e+02 6.3614300537e+02 6.3626501465e+02 6.3638598633e+02 6.3650500488e+02 6.3663098145e+02 6.3679797363e+02 6.3694897461e+02 6.3711602783e+02 6.3730798340e+02 6.3746398926e+02 6.3759600830e+02 6.3776300049e+02 6.3794201660e+02 6.3810900879e+02 6.3833300781e+02 6.3855297852e+02 6.3870501709e+02 6.3878900146e+02 6.3890002441e+02 6.3904302979e+02
6.3243597412e+02 6.3253802490e+02 6.3263201904e+02 6.3272802734e+02 6.3281201172e+02 6.3289001465e+02 6.3298602295e+02 6.3306701660e+02 6.3314697266e+02 6.3325799561e+02 6.3340399170e+02 6.3354498291e+02 6.3367602539e+02 6.3382098389e+02 6.3394897461e+02 6.3402899170e+02 6.3415100098e+02 6.3428002930e+02 6.3439599609e+02 6.3453399658e+02 6.3470098877e+02 6.3487500000e+02 6.3505200195e+02 6.3527697754e+02 6.3550897217e+02 6.3571197510e+02 6.3588598633e+02 6.3604998779e+02 6.3617602539e+02 6.3628302002e+02 6.3638598633e+02 6.3650598145e+02 6.3664398193e+02 6.3680999756e+02 6.3698797607e+02 6.3713098145e+02 6.3724902344e+02 6.3743103027e+02 6.3765802002e+02 6.3781298828e+02 6.3799499512e+02 6.3821197510e+02 6.3840698242e+02 6.3853002930e+02 6.3868103027e+02 6.3884100342e+02
6.3213800049e+02 6.3224700928e+02 6.3237097168e+02 6.3245397949e+02 6.3251599121e+02 6.3258898926e+02 6.3271997070e+02 6.3284802246e+02 6.3293103027e+02 6.3301397705e+02 6.3313098145e+02 6.3330200195e+02 6.3344201660e+02 6.3354699707e+02 6.3363098145e+02 6.3376599121e+02 6.3397198486e+02 6.3415698242e+02 6.3424700928e+02 6.3432800293e+02 6.3445098877e+02 6.3459100342e+02 6.3474700928e+02 6.3496502686e+02 6.3518597412e+02 6.3538702393e+02 6.3558197021e+02 6.3577801514e+02 6.3593103027e+02 6.3606500244e+02 6.3618200684e+02 6.3628100586e+02 6.3639202881e+02 6.3653198242e+02 6.3669500732e+02 6.3682299805e+02 6.3692199707e+02 6.3707800293e+02 6.3729101563e+02 6.3747100830e+02 6.3765197754e+02 6.3787902832e+02 6.3809997559e+02 6.3823498535e+02 6.3841101074e+02 6.3860797119e+02
6.3180603027e+02 6.3192700195e+02 6.3207702637e+02 6.3219598389e+02 6.3228698730e+02 6.3237298584e+02 6.3251702881e+02 6.3265899658e+02 6.3273999023e+02 6.3281597900e+02 6.3291601563e+02 6.3309698486e+02 6.3323498535e+02 6.3330200195e+02 6.3333502197e+02 6.3346398926e+02 6.3369598389e+02 6.3391400146e+02 6.3402697754e+02 6.3410198975e+02 6.3420098877e+02 6.3431597900e+02 6.3444799805e+02 6.3462902832e+02 6.3482299805e+02 6.3502502441e+02 6.3524499512e+02 6.3545397949e+02 6.3563201904e+02 6.3580401611e+02 6.3596899414e+02 6.3608197021e+02 6.3616900635e+02 6.3626397705e+02 6.3638500977e+02 6.3649499512e+02 6.3659600830e+02 6.3672900391e+02 6.3689099121e+02 6.3708001709e+02 6.3727099609e+02 6.3751202393e+02 6.3777697754e+02 6.3794097900e+02 6.3810797119e+02 6.3831201172e+02
