TESTSERVER/12/8.asc
NCOLS 100
NROWS 100
XLLCORNER 8.0997500000e+03
YLLCORNER 2.8955025000e+05
CELLSIZE 5.0000000000e-01
NODATA_VALUE -9.9990000000e+03
[rows 80 to 99 of 100, columns 0 to 45 of 100]
6.1357000732e+02 6.1357098389e+02 6.1358398438e+02 6.1357800293e+02 6.1356799316e+02 6.1356201172e+02 6.1356597900e+02 6.1358599854e+02 6.1359002686e+02 6.1359002686e+02 6.1358398438e+02 6.1357702637e+02 6.1357598877e+02 6.1358801270e+02 6.1360998535e+02 6.1362402344e+02 6.1362097168e+02 6.1360900879e+02 6.1360498047e+02 6.1361700439e+02 6.1363098145e+02 6.1364599609e+02 6.1365301514e+02 6.1365399170e+02 6.1364202881e+02 6.1362500000e+02 6.1360998535e+02 6.1360400391e+02 6.1360302734e+02 6.1360601807e+02 6.1360699463e+02 6.1360699463e+02 6.1361199951e+02 6.1361499023e+02 6.1360101318e+02 6.1359197998e+02 6.1360601807e+02 6.1362298584e+02 6.1363702393e+02 6.1363201904e+02 6.1362097168e+02 6.1361999512e+02 6.1362402344e+02 6.1363397217e+02 6.1363598633e+02 6.1363201904e+02
6.1359100342e+02 6.1359497070e+02 6.1359399414e+02 6.1358697510e+02 6.1357702637e+02 6.1356701660e+02 6.1356402588e+02 6.1357501221e+02 6.1358197021e+02 6.1358398438e+02 6.1358099365e+02 6.1357202148e+02 6.1357299805e+02 6.1358502197e+02 6.1361602783e+02 6.1363702393e+02 6.1363397217e+02 6.1361999512e+02 6.1361199951e+02 6.1362799072e+02 6.1364300537e+02 6.1365502930e+02 6.1365802002e+02 6.1365899658e+02 6.1365899658e+02 6.1364501953e+02 6.1362402344e+02 6.1361297607e+02 6.1361199951e+02 6.1361401367e+02 6.1361700439e+02 6.1361999512e+02 6.1362200928e+02 6.1361798096e+02 6.1361199951e+02 6.1361401367e+02 6.1362701416e+02 6.1364202881e+02 6.1364697266e+02 6.1364300537e+02 6.1363299561e+02 6.1363098145e+02 6.1363800049e+02 6.1365002441e+02 6.1365301514e+02 6.1365100098e+02
6.1359698486e+02 6.1359997559e+02 6.1359802246e+02 6.1359497070e+02 6.1359002686e+02 6.1358099365e+02 6.1357299805e+02 6.1357800293e+02 6.1358398438e+02 6.1358801270e+02 6.1358801270e+02 6.1357800293e+02 6.1357702637e+02 6.1358599854e+02 6.1361199951e+02 6.1363098145e+02 6.1362799072e+02 6.1361798096e+02 6.1361297607e+02 6.1362799072e+02 6.1364099121e+02 6.1365002441e+02 6.1365802002e+02 6.1366497803e+02 6.1366497803e+02 6.1365301514e+02 6.1363299561e+02 6.1362200928e+02 6.1361798096e+02 6.1361999512e+02 6.1362402344e+02 6.1363098145e+02 6.1363500977e+02 6.1363299561e+02 6.1363000488e+02 6.1363397217e+02 6.1364398193e+02 6.1365502930e+02 6.1365600586e+02 6.1365002441e+02 6.1364300537e+02 6.1364300537e+02 6.1365197754e+02 6.1366601563e+02 6.1366699219e+02 6.1366699219e+02
6.1359802246e+02 6.1359899902e+02 6.1359698486e+02 6.1359802246e+02 6.1359802246e+02 6.1359399414e+02 6.1358801270e+02 6.1359100342e+02 6.1359600830e+02 6.1360101318e+02 6.1360498047e+02 6.1359600830e+02 6.1359197998e+02 6.1359301758e+02 6.1360699463e+02 6.1361700439e+02 6.1361798096e+02 6.1361499023e+02 6.1361499023e+02 6.1362597656e+02 6.1363500977e+02 6.1364202881e+02 6.1365399170e+02 6.1366302490e+02 6.1366497803e+02 6.1365502930e+02 6.1363897705e+02 6.1362902832e+02 6.1362402344e+02 6.1362500000e+02 6.1362902832e+02 6.1363800049e+02 6.1364599609e+02 6.1364898682e+02 6.1364898682e+02 6.1365197754e+02 6.1365899658e+02 6.1366497803e+02 6.1366302490e+02 6.1365600586e+02 6.1365197754e+02 6.1365502930e+02 6.1366302490e+02 6.1367498779e+02 6.1367498779e+02 6.1367602539e+02
6.1359399414e+02 6.1359002686e+02 6.1359997559e+02 6.1359997559e+02 6.1359997559e+02 6.1359997559e+02 6.1360302734e+02 6.1360797119e+02 6.1361102295e+02 6.1361602783e+02 6.1362200928e+02 6.1361798096e+02 6.1361499023e+02 6.1361199951e+02 6.1361700439e+02 6.1361297607e+02 6.1361901855e+02 6.1362402344e+02 6.1362902832e+02 6.1363299561e+02 6.1364001465e+02 6.1364501953e+02 6.1365002441e+02 6.1365997314e+02 6.1366101074e+02 6.1365399170e+02 6.1364599609e+02 6.1363800049e+02 6.1363000488e+02 6.1363000488e+02 6.1363098145e+02 6.1363800049e+02 6.1364398193e+02 6.1365698242e+02 6.1366400146e+02 6.1366900635e+02 6.1367102051e+02 6.1367102051e+02 6.1366400146e+02 6.1366101074e+02 6.1366101074e+02 6.1366302490e+02 6.1366900635e+02 6.1367602539e+02 6.1367999268e+02 6.1368200684e+02
6.1362402344e+02 6.1358801270e+02 6.1359600830e+02 6.1360699463e+02 6.1360699463e+02 6.1360498047e+02 6.1361102295e+02 6.1361199951e+02 6.1360400391e+02 6.1360198975e+02 6.1362097168e+02 6.1362799072e+02 6.1362799072e+02 6.1362701416e+02 6.1362298584e+02 6.1362402344e+02 6.1363000488e+02 6.1363800049e+02 6.1364202881e+02 6.1364599609e+02 6.1364801025e+02 6.1365100098e+02 6.1365399170e+02 6.1365997314e+02 6.1366198730e+02 6.1365997314e+02 6.1365698242e+02 6.1365100098e+02 6.1364398193e+02 6.1364001465e+02 6.1364001465e+02 6.1364599609e+02 6.1365301514e+02 6.1366400146e+02 6.1367199707e+02 6.1367700195e+02 6.1367498779e+02 6.1366900635e+02 6.1366400146e+02 6.1366400146e+02 6.1366601563e+02 6.1366802979e+02 6.1367102051e+02 6.1367401123e+02 6.1367999268e+02 6.1368597412e+02
6.1368103027e+02 6.1362097168e+02 6.1360797119e+02 6.1360498047e+02 6.1360101318e+02 6.1360302734e+02 6.1360900879e+02 6.1360601807e+02 6.1359997559e+02 6.1359899902e+02 6.1362200928e+02 6.1363201904e+02 6.1363397217e+02 6.1363299561e+02 6.1363000488e+02 6.1363500977e+02 6.1364300537e+02 6.1365100098e+02 6.1365399170e+02 6.1365502930e+02 6.1365600586e+02 6.1365600586e+02 6.1365698242e+02 6.1366198730e+02 6.1366497803e+02 6.1366601563e+02 6.1366497803e+02 6.1366302490e+02 6.1365600586e+02 6.1365197754e+02 6.1365301514e+02 6.1365899658e+02 6.1366601563e+02 6.1367401123e+02 6.1367999268e+02 6.1368103027e+02 6.1367700195e+02 6.1366998291e+02 6.1366497803e+02 6.1366699219e+02 6.1366998291e+02 6.1367199707e+02 6.1367401123e+02 6.1367602539e+02 6.1368200684e+02 6.1369000244e+02
6.1370501709e+02 6.1364697266e+02 6.1362597656e+02 6.1360900879e+02 6.1360101318e+02 6.1360302734e+02 6.1360400391e+02 6.1360498047e+02 6.1360699463e+02 6.1360797119e+02 6.1362701416e+02 6.1363500977e+02 6.1363598633e+02 6.1363500977e+02 6.1363397217e+02 6.1364300537e+02 6.1365197754e+02 6.1365899658e+02 6.1366198730e+02 6.1366198730e+02 6.1366101074e+02 6.1366198730e+02 6.1366198730e+02 6.1366497803e+02 6.1366802979e+02 6.1367102051e+02 6.1367199707e+02 6.1367199707e+02 6.1366802979e+02 6.1366601563e+02 6.1366699219e+02 6.1367199707e+02 6.1367700195e+02 6.1368298340e+02 6.1368597412e+02 6.1368499756e+02 6.1367901611e+02 6.1367297363e+02 6.1366900635e+02 6.1367102051e+02 6.1367401123e+02 6.1367602539e+02 6.1367700195e+02 6.1367999268e+02 6.1368597412e+02 6.1369500732e+02
6.1367401123e+02 6.1364300537e+02 6.1362597656e+02 6.1361602783e+02 6.1361401367e+02 6.1361102295e+02 6.1361102295e+02 6.1361199951e+02 6.1361602783e+02 6.1361700439e+02 6.1362500000e+02 6.1363500977e+02 6.1363397217e+02 6.1363000488e+02 6.1363397217e+02 6.1364501953e+02 6.1365399170e+02 6.1365997314e+02 6.1365997314e+02 6.1366101074e+02 6.1366302490e+02 6.1366601563e+02 6.1366699219e+02 6.1367498779e+02 6.1368103027e+02 6.1367797852e+02 6.1367700195e+02 6.1367602539e+02 6.1367401123e+02 6.1367498779e+02 6.1367700195e+02 6.1368402100e+02 6.1368701172e+02 6.1368798828e+02 6.1368798828e+02 6.1368701172e+02 6.1368200684e+02 6.1367797852e+02 6.1367498779e+02 6.1367797852e+02 6.1367901611e+02 6.1367901611e+02 6.1368103027e+02 6.1368701172e+02 6.1369598389e+02 6.1370300293e+02
6.1363201904e+02 6.1362799072e+02 6.1363098145e+02 6.1362500000e+02 6.1361798096e+02 6.1361199951e+02 6.1361798096e+02 6.1362200928e+02 6.1362298584e+02 6.1362298584e+02 6.1362298584e+02 6.1362902832e+02 6.1363201904e+02 6.1363397217e+02 6.1364001465e+02 6.1364599609e+02 6.1365100098e+02 6.1365301514e+02 6.1365502930e+02 6.1365698242e+02 6.1366198730e+02 6.1366998291e+02 6.1368103027e+02 6.1370001221e+02 6.1370397949e+02 6.1369702148e+02 6.1368402100e+02 6.1367797852e+02 6.1367498779e+02 6.1367602539e+02 6.1368200684e+02 6.1368902588e+02 6.1369299316e+02 6.1369396973e+02 6.1369500732e+02 6.1369396973e+02 6.1369299316e+02 6.1369201660e+02 6.1369201660e+02 6.1369396973e+02 6.1369396973e+02 6.1369097900e+02 6.1369097900e+02 6.1369500732e+02 6.1370300293e+02 6.1371197510e+02
6.1361798096e+02 6.1362200928e+02 6.1363397217e+02 6.1363098145e+02 6.1362298584e+02 6.1361901855e+02 6.1362701416e+02 6.1362799072e+02 6.1362902832e+02 6.1363000488e+02 6.1363000488e+02 6.1363500977e+02 6.1363897705e+02 6.1364099121e+02 6.1364501953e+02 6.1364697266e+02 6.1364898682e+02 6.1364898682e+02 6.1365100098e+02 6.1365502930e+02 6.1366198730e+02 6.1367297363e+02 6.1368701172e+02 6.1370697021e+02 6.1371099854e+02 6.1370202637e+02 6.1368499756e+02 6.1367602539e+02 6.1367401123e+02 6.1367797852e+02 6.1368798828e+02 6.1369500732e+02 6.1369897461e+02 6.1370001221e+02 6.1370202637e+02 6.1370300293e+02 6.1370501709e+02 6.1370697021e+02 6.1370898438e+02 6.1371002197e+02 6.1370697021e+02 6.1370202637e+02 6.1370001221e+02 6.1370202637e+02 6.1370800781e+02 6.1371801758e+02
6.1362298584e+02 6.1362902832e+02 6.1363598633e+02 6.1363500977e+02 6.1363000488e+02 6.1363000488e+02 6.1363598633e+02 6.1363500977e+02 6.1363500977e+02 6.1363598633e+02 6.1363702393e+02 6.1364202881e+02 6.1364599609e+02 6.1364801025e+02 6.1365197754e+02 6.1365399170e+02 6.1365399170e+02 6.1365301514e+02 6.1365197754e+02 6.1365698242e+02 6.1366497803e+02 6.1367700195e+02 6.1368902588e+02 6.1370397949e+02 6.1370501709e+02 6.1369598389e+02 6.1368103027e+02 6.1367297363e+02 6.1367297363e+02 6.1368200684e+02 6.1369598389e+02 6.1370300293e+02 6.1370599365e+02 6.1370599365e+02 6.1370697021e+02 6.1370898438e+02 6.1371301270e+02 6.1371801758e+02 6.1372100830e+02 6.1372100830e+02 6.1371600342e+02 6.1371002197e+02 6.1370697021e+02 6.1370800781e+02 6.1371398926e+02 6.1372302246e+02
6.1363098145e+02 6.1363800049e+02 6.1364202881e+02 6.1363897705e+02 6.1364001465e+02 6.1364202881e+02 6.1363897705e+02 6.1364001465e+02 6.1364001465e+02 6.1364001465e+02 6.1363800049e+02 6.1364599609e+02 6.1365600586e+02 6.1366497803e+02 6.1367102051e+02 6.1367297363e+02 6.1367102051e+02 6.1366802979e+02 6.1366400146e+02 6.1366497803e+02 6.1367102051e+02 6.1368103027e+02 6.1368902588e+02 6.1369500732e+02 6.1369299316e+02 6.1368701172e+02 6.1367999268e+02 6.1367401123e+02 6.1367498779e+02 6.1368798828e+02 6.1370397949e+02 6.1371502686e+02 6.1371899414e+02 6.1371197510e+02 6.1370697021e+02 6.1370697021e+02 6.1370800781e+02 6.1371899414e+02 6.1372497559e+02 6.1372698975e+02 6.1372302246e+02 6.1371801758e+02 6.1371502686e+02 6.1371502686e+02 6.1371899414e+02 6.1373199463e+02
6.1363397217e+02 6.1363702393e+02 6.1364697266e+02 6.1364697266e+02 6.1364697266e+02 6.1364697266e+02 6.1364697266e+02 6.1364697266e+02 6.1364599609e+02 6.1364599609e+02 6.1364599609e+02 6.1365002441e+02 6.1366198730e+02 6.1367901611e+02 6.1370001221e+02 6.1370599365e+02 6.1370098877e+02 6.1369000244e+02 6.1367797852e+02 6.1367498779e+02 6.1367797852e+02 6.1368402100e+02 6.1368902588e+02 6.1369201660e+02 6.1369201660e+02 6.1369097900e+02 6.1368597412e+02 6.1368298340e+02 6.1368701172e+02 6.1370098877e+02 6.1371697998e+02 6.1372802734e+02 6.1372802734e+02 6.1371899414e+02 6.1371197510e+02 6.1371002197e+02 6.1371197510e+02 6.1372198486e+02 6.1372900391e+02 6.1373101807e+02 6.1372998047e+02 6.1372998047e+02 6.1372900391e+02 6.1373101807e+02 6.1373498535e+02 6.1374597168e+02
6.1364801025e+02 6.1365100098e+02 6.1365802002e+02 6.1365502930e+02 6.1365502930e+02 6.1365502930e+02 6.1365502930e+02 6.1365502930e+02 6.1365502930e+02 6.1365399170e+02 6.1365399170e+02 6.1365301514e+02 6.1366198730e+02 6.1368499756e+02 6.1371600342e+02 6.1372497559e+02 6.1371997070e+02 6.1370697021e+02 6.1369000244e+02 6.1368402100e+02 6.1368701172e+02 6.1369201660e+02 6.1369598389e+02 6.1369598389e+02 6.1369598389e+02 6.1369598389e+02 6.1369299316e+02 6.1369201660e+02 6.1369702148e+02 6.1371002197e+02 6.1372302246e+02 6.1373199463e+02 6.1373199463e+02 6.1372601318e+02 6.1371997070e+02 6.1371801758e+02 6.1371997070e+02 6.1372802734e+02 6.1373297119e+02 6.1373602295e+02 6.1373602295e+02 6.1373901367e+02 6.1374200439e+02 6.1374597168e+02 6.1375000000e+02 6.1375799561e+02
6.1364898682e+02 6.1365802002e+02 6.1366497803e+02 6.1366198730e+02 6.1366198730e+02 6.1366198730e+02 6.1366400146e+02 6.1366400146e+02 6.1366302490e+02 6.1366302490e+02 6.1366400146e+02 6.1365802002e+02 6.1366302490e+02 6.1368402100e+02 6.1371697998e+02 6.1373101807e+02 6.1372802734e+02 6.1371600342e+02 6.1369897461e+02 6.1369500732e+02 6.1369897461e+02 6.1370397949e+02 6.1370599365e+02 6.1370397949e+02 6.1370202637e+02 6.1370300293e+02 6.1370001221e+02 6.1370001221e+02 6.1370397949e+02 6.1371197510e+02 6.1372198486e+02 6.1372998047e+02 6.1373400879e+02 6.1373297119e+02 6.1372900391e+02 6.1372802734e+02 6.1372998047e+02 6.1373498535e+02 6.1373901367e+02 6.1374102783e+02 6.1374200439e+02 6.1374597168e+02 6.1375097656e+02 6.1375701904e+02 6.1376202393e+02 6.1376702881e+02
6.1365600586e+02 6.1365899658e+02 6.1366302490e+02 6.1366802979e+02 6.1367102051e+02 6.1367199707e+02 6.1366998291e+02 6.1367297363e+02 6.1367297363e+02 6.1367297363e+02 6.1367297363e+02 6.1367297363e+02 6.1367401123e+02 6.1368200684e+02 6.1369598389e+02 6.1372100830e+02 6.1372100830e+02 6.1371398926e+02 6.1370202637e+02 6.1370397949e+02 6.1371099854e+02 6.1371697998e+02 6.1372302246e+02 6.1371502686e+02 6.1371099854e+02 6.1370697021e+02 6.1370397949e+02 6.1370599365e+02 6.1370599365e+02 6.1370898438e+02 6.1371398926e+02 6.1372302246e+02 6.1372998047e+02 6.1373498535e+02 6.1373797607e+02 6.1374102783e+02 6.1374298096e+02 6.1374298096e+02 6.1374499512e+02 6.1374597168e+02 6.1374499512e+02 6.1374798584e+02 6.1375402832e+02 6.1376098633e+02 6.1376898193e+02 6.1377301025e+02
6.1367901611e+02 6.1366900635e+02 6.1366699219e+02 6.1366699219e+02 6.1367102051e+02 6.1367401123e+02 6.1367297363e+02 6.1367602539e+02 6.1367602539e+02 6.1367700195e+02 6.1367602539e+02 6.1367700195e+02 6.1367999268e+02 6.1368200684e+02 6.1369500732e+02 6.1371099854e+02 6.1371301270e+02 6.1371002197e+02 6.1370697021e+02 6.1371197510e+02 6.1371997070e+02 6.1372802734e+02 6.1373199463e+02 6.1372998047e+02 6.1372601318e+02 6.1372198486e+02 6.1371697998e+02 6.1371502686e+02 6.1371099854e+02 6.1370898438e+02 6.1371301270e+02 6.1371899414e+02 6.1372698975e+02 6.1373297119e+02 6.1374102783e+02 6.1374597168e+02 6.1374798584e+02 6.1374798584e+02 6.1375000000e+02 6.1375000000e+02 6.1374902344e+02 6.1375097656e+02 6.1375500488e+02 6.1376202393e+02 6.1377001953e+02 6.1377600098e+02
6.1369097900e+02 6.1368402100e+02 6.1368103027e+02 6.1367297363e+02 6.1367401123e+02 6.1367401123e+02 6.1367498779e+02 6.1367797852e+02 6.1367901611e+02 6.1367999268e+02 6.1367901611e+02 6.1368103027e+02 6.1368298340e+02 6.1368597412e+02 6.1369500732e+02 6.1370599365e+02 6.1370898438e+02 6.1370898438e+02 6.1371002197e+02 6.1371801758e+02 6.1372601318e+02 6.1373297119e+02 6.1373602295e+02 6.1373498535e+02 6.1373400879e+02 6.1373199463e+02 6.1372900391e+02 6.1372399902e+02 6.1371899414e+02 6.1371502686e+02 6.1371600342e+02 6.1372198486e+02 6.1372998047e+02 6.1373602295e+02 6.1374298096e+02 6.1374798584e+02 6.1375000000e+02 6.1375201416e+02 6.1375299072e+02 6.1375201416e+02 6.1375097656e+02 6.1375299072e+02 6.1375799561e+02 6.1376501465e+02 6.1377301025e+02 6.1377899170e+02
6.1370098877e+02 6.1370001221e+02 6.1370001221e+02 6.1369097900e+02 6.1368902588e+02 6.1368597412e+02 6.1367999268e+02 6.1368103027e+02 6.1368103027e+02 6.1368200684e+02 6.1368200684e+02 6.1368402100e+02 6.1368701172e+02 6.1368902588e+02 6.1369500732e+02 6.1370397949e+02 6.1370697021e+02 6.1370898438e+02 6.1371099854e+02 6.1371899414e+02 6.1372802734e+02 6.1373199463e+02 6.1373400879e+02 6.1373297119e+02 6.1373297119e+02 6.1373498535e+02 6.1373498535e+02 6.1373297119e+02 6.1372802734e+02 6.1372198486e+02 6.1372100830e+02 6.1372601318e+02 6.1373297119e+02 6.1373797607e+02 6.1374401855e+02 6.1374798584e+02 6.1375201416e+02 6.1375402832e+02 6.1375598145e+02 6.1375402832e+02 6.1375201416e+02 6.1375500488e+02 6.1376000977e+02 6.1376702881e+02 6.1377502441e+02 6.1378100586e+02
