TESTSERVER/12/8.asc
NCOLS 100
NROWS 100
XLLCORNER 8.0997500000e+03
YLLCORNER 2.8955025000e+05
CELLSIZE 5.0000000000e-01
NODATA_VALUE -9.9990000000e+03
[rows 40 to 59 of 100, columns 46 to 91 of 100]
6.1306597900e+02 6.1317498779e+02 6.1331500244e+02 6.1341998291e+02 6.1356597900e+02 6.1373297119e+02 6.1389898682e+02 6.1405200195e+02 6.1422302246e+02 6.1441198730e+02 6.1455999756e+02 6.1474798584e+02 6.1500097656e+02 6.1526800537e+02 6.1552600098e+02 6.1578497314e+02 6.1597802734e+02 6.1618298340e+02 6.1639501953e+02 6.1654797363e+02 6.1670300293e+02 6.1684002686e+02 6.1699798584e+02 6.1728399658e+02 6.1743902588e+02 6.1751397705e+02 6.1763299561e+02 6.1775402832e+02 6.1784197998e+02 6.1793597412e+02 6.1802801514e+02 6.1812298584e+02 6.1828802490e+02 6.1850000000e+02 6.1868499756e+02 6.1886901855e+02 6.1904998779e+02 6.1918701172e+02 6.1922399902e+02 6.1928997803e+02 6.1977301025e+02 6.2022497559e+02 6.2035101318e+02 6.2035900879e+02 6.2040502930e+02 6.2045800781e+02
6.1294598389e+02 6.1303100586e+02 6.1314697266e+02 6.1327502441e+02 6.1344799805e+02 6.1361602783e+02 6.1375201416e+02 6.1387597656e+02 6.1403198242e+02 6.1421997070e+02 6.1435797119e+02 6.1450799561e+02 6.1470898438e+02 6.1493597412e+02 6.1520098877e+02 6.1547900391e+02 6.1570501709e+02 6.1590502930e+02 6.1609899902e+02 6.1627099609e+02 6.1644000244e+02 6.1657299805e+02 6.1669500732e+02 6.1696099854e+02 6.1719396973e+02 6.1727301025e+02 6.1734997559e+02 6.1746197510e+02 6.1756701660e+02 6.1769000244e+02 6.1779699707e+02 6.1787500000e+02 6.1800598145e+02 6.1820098877e+02 6.1837298584e+02 6.1855902100e+02 6.1877099609e+02 6.1898199463e+02 6.1907397461e+02 6.1905700684e+02 6.1934197998e+02 6.1972601318e+02 6.1993499756e+02 6.2009100342e+02 6.2020697021e+02 6.2024200439e+02
6.1284698486e+02 6.1293103027e+02 6.1302697754e+02 6.1313897705e+02 6.1329699707e+02 6.1348602295e+02 6.1363702393e+02 6.1375897217e+02 6.1389697266e+02 6.1405200195e+02 6.1418798828e+02 6.1434698486e+02 6.1452301025e+02 6.1470599365e+02 6.1491400146e+02 6.1516802979e+02 6.1542901611e+02 6.1564099121e+02 6.1580401611e+02 6.1599700928e+02 6.1619201660e+02 6.1633300781e+02 6.1642999268e+02 6.1661102295e+02 6.1686798096e+02 6.1699200439e+02 6.1707299805e+02 6.1716601563e+02 6.1727697754e+02 6.1741198730e+02 6.1753002930e+02 6.1762200928e+02 6.1774298096e+02 6.1791101074e+02 6.1808801270e+02 6.1826000977e+02 6.1844702148e+02 6.1867199707e+02 6.1885601807e+02 6.1887799072e+02 6.1899298096e+02 6.1918798828e+02 6.1935302734e+02 6.1959100342e+02 6.1979901123e+02 6.1988299561e+02
6.1277801514e+02 6.1285601807e+02 6.1295697021e+02 6.1304901123e+02 6.1314501953e+02 6.1332702637e+02 6.1351000977e+02 6.1363500977e+02 6.1376202393e+02 6.1390502930e+02 6.1405297852e+02 6.1420599365e+02 6.1436798096e+02 6.1453002930e+02 6.1470202637e+02 6.1492602539e+02 6.1519000244e+02 6.1540399170e+02 6.1553802490e+02 6.1572998047e+02 6.1593103027e+02 6.1608898926e+02 6.1622302246e+02 6.1637402344e+02 6.1657598877e+02 6.1670697021e+02 6.1681500244e+02 6.1690899658e+02 6.1701800537e+02 6.1713098145e+02 6.1726000977e+02 6.1740197754e+02 6.1752301025e+02 6.1765899658e+02 6.1782800293e+02 6.1799298096e+02 6.1815002441e+02 6.1834698486e+02 6.1855297852e+02 6.1865399170e+02 6.1870599365e+02 6.1876202393e+02 6.1882299805e+02 6.1901000977e+02 6.1923498535e+02 6.1939801025e+02
6.1271002197e+02 6.1277099609e+02 6.1286602783e+02 6.1296697998e+02 6.1305401611e+02 6.1321301270e+02 6.1339300537e+02 6.1351501465e+02 6.1362402344e+02 6.1377197266e+02 6.1395300293e+02 6.1409600830e+02 6.1423999023e+02 6.1437701416e+02 6.1453698730e+02 6.1473797607e+02 6.1497698975e+02 6.1518499756e+02 6.1531799316e+02 6.1550097656e+02 6.1569396973e+02 6.1585797119e+02 6.1601000977e+02 6.1617700195e+02 6.1632702637e+02 6.1643402100e+02 6.1653399658e+02 6.1665802002e+02 6.1677197266e+02 6.1687500000e+02 6.1698400879e+02 6.1716497803e+02 6.1729699707e+02 6.1741101074e+02 6.1753997803e+02 6.1773101807e+02 6.1790698242e+02 6.1808599854e+02 6.1824499512e+02 6.1834802246e+02 6.1842999268e+02 6.1849597168e+02 6.1858398438e+02 6.1865100098e+02 6.1879400635e+02 6.1898602295e+02
6.1268200684e+02 6.1271997070e+02 6.1277502441e+02 6.1285198975e+02 6.1296997070e+02 6.1313299561e+02 6.1328900146e+02 6.1341998291e+02 6.1352600098e+02 6.1367102051e+02 6.1383898926e+02 6.1398999023e+02 6.1413702393e+02 6.1427001953e+02 6.1442999268e+02 6.1459002686e+02 6.1479498291e+02 6.1498999023e+02 6.1513598633e+02 6.1532501221e+02 6.1550402832e+02 6.1564898682e+02 6.1580401611e+02 6.1596697998e+02 6.1609399414e+02 6.1619702148e+02 6.1631799316e+02 6.1641101074e+02 6.1652502441e+02 6.1665100098e+02 6.1676202393e+02 6.1689001465e+02 6.1703100586e+02 6.1717498779e+02 6.1730798340e+02 6.1748999023e+02 6.1767797852e+02 6.1783001709e+02 6.1796002197e+02 6.1806500244e+02 6.1816802979e+02 6.1827697754e+02 6.1841900635e+02 6.1855200195e+02 6.1865002441e+02 6.1875402832e+02
6.1264599609e+02 6.1269702148e+02 6.1272698975e+02 6.1277502441e+02 6.1288299561e+02 6.1302600098e+02 6.1317700195e+02 6.1332501221e+02 6.1344598389e+02 6.1359399414e+02 6.1371099854e+02 6.1383502197e+02 6.1400201416e+02 6.1414801025e+02 6.1429699707e+02 6.1445501709e+02 6.1464697266e+02 6.1483099365e+02 6.1496801758e+02 6.1516198730e+02 6.1533099365e+02 6.1546002197e+02 6.1562298584e+02 6.1578198242e+02 6.1587500000e+02 6.1598400879e+02 6.1613299561e+02 6.1622100830e+02 6.1633599854e+02 6.1645599365e+02 6.1656097412e+02 6.1666998291e+02 6.1679602051e+02 6.1694702148e+02 6.1709399414e+02 6.1725897217e+02 6.1743798828e+02 6.1757397461e+02 6.1768798828e+02 6.1779998779e+02 6.1790502930e+02 6.1802502441e+02 6.1817901611e+02 6.1835302734e+02 6.1848199463e+02 6.1858001709e+02
6.1259997559e+02 6.1266101074e+02 6.1269396973e+02 6.1273999023e+02 6.1283001709e+02 6.1293499756e+02 6.1308001709e+02 6.1321002197e+02 6.1333300781e+02 6.1349700928e+02 6.1360601807e+02 6.1371600342e+02 6.1387799072e+02 6.1401898193e+02 6.1415197754e+02 6.1431597900e+02 6.1450201416e+02 6.1468597412e+02 6.1482098389e+02 6.1500299072e+02 6.1516802979e+02 6.1529101563e+02 6.1544396973e+02 6.1558099365e+02 6.1567297363e+02 6.1579797363e+02 6.1594500732e+02 6.1604498291e+02 6.1617102051e+02 6.1627197266e+02 6.1635797119e+02 6.1647698975e+02 6.1659002686e+02 6.1673498535e+02 6.1690399170e+02 6.1705999756e+02 6.1722100830e+02 6.1734399414e+02 6.1744000244e+02 6.1754901123e+02 6.1764501953e+02 6.1774902344e+02 6.1787402344e+02 6.1806896973e+02 6.1824102783e+02 6.1837701416e+02
6.1258001709e+02 6.1262799072e+02 6.1265600586e+02 6.1272998047e+02 6.1281097412e+02 6.1287799072e+02 6.1299597168e+02 6.1311798096e+02 6.1322998047e+02 6.1337701416e+02 6.1350000000e+02 6.1363299561e+02 6.1376702881e+02 6.1389202881e+02 6.1402301025e+02 6.1417602539e+02 6.1434301758e+02 6.1452899170e+02 6.1469000244e+02 6.1486499023e+02 6.1500799561e+02 6.1512799072e+02 6.1526702881e+02 6.1537200928e+02 6.1547302246e+02 6.1559698486e+02 6.1573297119e+02 6.1584997559e+02 6.1595898438e+02 6.1605297852e+02 6.1614697266e+02 6.1626098633e+02 6.1638598633e+02 6.1654101563e+02 6.1670202637e+02 6.1685699463e+02 6.1699798584e+02 6.1711901855e+02 6.1721801758e+02 6.1733599854e+02 6.1743499756e+02 6.1751300049e+02 6.1758697510e+02 6.1776501465e+02 6.1792901611e+02 6.1807702637e+02
6.1254602051e+02 6.1259997559e+02 6.1264099121e+02 6.1269097900e+02 6.1274401855e+02 6.1280603027e+02 6.1290802002e+02 6.1303302002e+02 6.1313299561e+02 6.1326800537e+02 6.1340197754e+02 6.1351898193e+02 6.1364001465e+02 6.1376501465e+02 6.1389398193e+02 6.1402801514e+02 6.1418200684e+02 6.1437597656e+02 6.1454901123e+02 6.1469500732e+02 6.1482000732e+02 6.1494702148e+02 6.1508197021e+02 6.1517199707e+02 6.1527600098e+02 6.1540301514e+02 6.1553698730e+02 6.1564202881e+02 6.1573699951e+02 6.1585198975e+02 6.1596600342e+02 6.1605999756e+02 6.1617498779e+02 6.1632598877e+02 6.1649200439e+02 6.1664501953e+02 6.1677899170e+02 6.1691101074e+02 6.1702899170e+02 6.1714300537e+02 6.1725402832e+02 6.1733502197e+02 6.1737200928e+02 6.1749401855e+02 6.1763098145e+02 6.1775799561e+02
6.1253497314e+02 6.1258300781e+02 6.1261700439e+02 6.1265698242e+02 6.1269702148e+02 6.1275402832e+02 6.1284002686e+02 6.1294000244e+02 6.1302099609e+02 6.1314398193e+02 6.1326898193e+02 6.1338000488e+02 6.1349102783e+02 6.1360797119e+02 6.1376000977e+02 6.1389599609e+02 6.1402899170e+02 6.1420098877e+02 6.1437500000e+02 6.1450097656e+02 6.1463299561e+02 6.1477697754e+02 6.1490899658e+02 6.1498901367e+02 6.1508898926e+02 6.1521899414e+02 6.1535400391e+02 6.1546801758e+02 6.1554602051e+02 6.1564801025e+02 6.1577502441e+02 6.1587799072e+02 6.1600000000e+02 6.1615301514e+02 6.1631597900e+02 6.1645098877e+02 6.1657800293e+02 6.1671301270e+02 6.1684399414e+02 6.1695697021e+02 6.1707000732e+02 6.1715802002e+02 6.1719897461e+02 6.1729602051e+02 6.1741497803e+02 6.1754400635e+02
6.1253802490e+02 6.1258300781e+02 6.1260302734e+02 6.1264398193e+02 6.1268902588e+02 6.1273602295e+02 6.1279602051e+02 6.1286499023e+02 6.1293298340e+02 6.1303802490e+02 6.1314001465e+02 6.1324902344e+02 6.1334899902e+02 6.1345202637e+02 6.1361499023e+02 6.1375000000e+02 6.1386798096e+02 6.1401501465e+02 6.1418200684e+02 6.1430700684e+02 6.1445300293e+02 6.1459600830e+02 6.1471301270e+02 6.1482202148e+02 6.1492901611e+02 6.1504101563e+02 6.1516900635e+02 6.1529602051e+02 6.1537597656e+02 6.1546997070e+02 6.1558599854e+02 6.1569702148e+02 6.1584698486e+02 6.1601397705e+02 6.1615698242e+02 6.1626702881e+02 6.1638800049e+02 6.1652099609e+02 6.1665301514e+02 6.1676800537e+02 6.1688397217e+02 6.1698602295e+02 6.1704101563e+02 6.1711401367e+02 6.1720800781e+02 6.1733197021e+02
6.1253900146e+02 6.1258502197e+02 6.1261297607e+02 6.1265002441e+02 6.1268200684e+02 6.1272601318e+02 6.1278198242e+02 6.1282598877e+02 6.1288098145e+02 6.1296899414e+02 6.1305999756e+02 6.1315899658e+02 6.1325201416e+02 6.1334301758e+02 6.1346801758e+02 6.1358599854e+02 6.1372198486e+02 6.1387402344e+02 6.1402899170e+02 6.1414697266e+02 6.1427398682e+02 6.1438500977e+02 6.1447900391e+02 6.1462500000e+02 6.1474102783e+02 6.1483898926e+02 6.1495599365e+02 6.1510699463e+02 6.1521899414e+02 6.1532501221e+02 6.1542498779e+02 6.1553002930e+02 6.1568701172e+02 6.1585101318e+02 6.1595501709e+02 6.1608197021e+02 6.1620098877e+02 6.1633197021e+02 6.1646697998e+02 6.1657299805e+02 6.1668200684e+02 6.1678399658e+02 6.1686901855e+02 6.1695501709e+02 6.1701202393e+02 6.1708099365e+02
6.1254101563e+02 6.1259197998e+02 6.1262902832e+02 6.1265899658e+02 6.1268597412e+02 6.1272198486e+02 6.1276300049e+02 6.1280999756e+02 6.1284899902e+02 6.1290502930e+02 6.1299401855e+02 6.1307000732e+02 6.1314202881e+02 6.1323602295e+02 6.1337500000e+02 6.1349200439e+02 6.1361798096e+02 6.1373498535e+02 6.1385699463e+02 6.1397998047e+02 6.1410302734e+02 6.1420397949e+02 6.1428497314e+02 6.1440502930e+02 6.1453900146e+02 6.1466101074e+02 6.1480200195e+02 6.1493499756e+02 6.1502801514e+02 6.1513500977e+02 6.1526599121e+02 6.1538702393e+02 6.1552301025e+02 6.1567297363e+02 6.1580401611e+02 6.1593701172e+02 6.1605102539e+02 6.1615997314e+02 6.1627099609e+02 6.1638598633e+02 6.1647497559e+02 6.1654901123e+02 6.1663201904e+02 6.1675701904e+02 6.1687597656e+02 6.1697900391e+02
6.1253802490e+02 6.1259497070e+02 6.1264398193e+02 6.1267901611e+02 6.1270599365e+02 6.1272698975e+02 6.1275299072e+02 6.1280401611e+02 6.1283398438e+02 6.1287402344e+02 6.1295001221e+02 6.1302801514e+02 6.1309399414e+02 6.1316900635e+02 6.1328002930e+02 6.1338800049e+02 6.1349499512e+02 6.1358898926e+02 6.1369500732e+02 6.1381701660e+02 6.1392700195e+02 6.1401800537e+02 6.1411798096e+02 6.1424597168e+02 6.1437902832e+02 6.1450701904e+02 6.1466998291e+02 6.1479901123e+02 6.1487701416e+02 6.1496697998e+02 6.1510498047e+02 6.1525701904e+02 6.1537902832e+02 6.1549401855e+02 6.1561999512e+02 6.1574798584e+02 6.1586102295e+02 6.1596301270e+02 6.1606097412e+02 6.1616601563e+02 6.1625500488e+02 6.1633502197e+02 6.1641699219e+02 6.1652899170e+02 6.1668499756e+02 6.1684197998e+02
6.1255401611e+02 6.1260601807e+02 6.1266101074e+02 6.1271502686e+02 6.1275000000e+02 6.1275799561e+02 6.1276300049e+02 6.1279498291e+02 6.1282202148e+02 6.1286901855e+02 6.1292297363e+02 6.1298602295e+02 6.1305798340e+02 6.1312597656e+02 6.1319799805e+02 6.1329602051e+02 6.1339697266e+02 6.1349102783e+02 6.1358398438e+02 6.1368902588e+02 6.1378399658e+02 6.1386901855e+02 6.1397302246e+02 6.1410302734e+02 6.1423199463e+02 6.1436199951e+02 6.1453399658e+02 6.1467602539e+02 6.1476202393e+02 6.1484399414e+02 6.1497399902e+02 6.1514398193e+02 6.1525598145e+02 6.1532800293e+02 6.1542498779e+02 6.1553997803e+02 6.1565002441e+02 6.1575598145e+02 6.1585797119e+02 6.1595501709e+02 6.1605102539e+02 6.1614599609e+02 6.1624798584e+02 6.1634399414e+02 6.1648400879e+02 6.1664300537e+02
6.1260198975e+02 6.1265301514e+02 6.1269799805e+02 6.1276000977e+02 6.1279400635e+02 6.1278802490e+02 6.1279199219e+02 6.1280603027e+02 6.1282501221e+02 6.1287200928e+02 6.1290899658e+02 6.1294702148e+02 6.1301800537e+02 6.1309698486e+02 6.1315899658e+02 6.1322198486e+02 6.1331097412e+02 6.1339898682e+02 6.1348498535e+02 6.1357598877e+02 6.1366101074e+02 6.1373498535e+02 6.1383502197e+02 6.1395898438e+02 6.1409100342e+02 6.1422802734e+02 6.1438299561e+02 6.1452600098e+02 6.1464697266e+02 6.1474902344e+02 6.1486102295e+02 6.1497698975e+02 6.1509301758e+02 6.1517797852e+02 6.1525598145e+02 6.1536700439e+02 6.1546398926e+02 6.1556298828e+02 6.1567297363e+02 6.1578002930e+02 6.1586602783e+02 6.1594702148e+02 6.1605102539e+02 6.1617700195e+02 6.1628997803e+02 6.1641802979e+02
6.1263800049e+02 6.1269500732e+02 6.1272998047e+02 6.1278100586e+02 6.1282202148e+02 6.1280700684e+02 6.1279400635e+02 6.1280401611e+02 6.1282501221e+02 6.1286297607e+02 6.1289501953e+02 6.1292797852e+02 6.1297900391e+02 6.1304797363e+02 6.1311700439e+02 6.1316699219e+02 6.1325097656e+02 6.1332800293e+02 6.1339099121e+02 6.1347698975e+02 6.1356597900e+02 6.1364202881e+02 6.1374298096e+02 6.1385400391e+02 6.1397601318e+02 6.1410400391e+02 6.1424401855e+02 6.1439398193e+02 6.1452801514e+02 6.1463098145e+02 6.1471899414e+02 6.1483398438e+02 6.1494299316e+02 6.1503302002e+02 6.1510699463e+02 6.1520300293e+02 6.1529302979e+02 6.1537597656e+02 6.1546502686e+02 6.1557299805e+02 6.1565197754e+02 6.1571697998e+02 6.1580499268e+02 6.1593902588e+02 6.1605603027e+02 6.1617199707e+02
6.1265399170e+02 6.1269598389e+02 6.1273400879e+02 6.1278601074e+02 6.1283300781e+02 6.1282000732e+02 6.1280603027e+02 6.1281500244e+02 6.1282897949e+02 6.1285998535e+02 6.1289001465e+02 6.1292700195e+02 6.1296099854e+02 6.1301000977e+02 6.1307397461e+02 6.1312402344e+02 6.1319799805e+02 6.1326202393e+02 6.1331097412e+02 6.1338800049e+02 6.1347698975e+02 6.1355999756e+02 6.1365100098e+02 6.1374700928e+02 6.1384698486e+02 6.1395300293e+02 6.1408398438e+02 6.1423602295e+02 6.1437597656e+02 6.1447998047e+02 6.1455999756e+02 6.1466497803e+02 6.1476202393e+02 6.1485699463e+02 6.1494500732e+02 6.1502899170e+02 6.1511700439e+02 6.1519702148e+02 6.1526800537e+02 6.1535498047e+02 6.1544201660e+02 6.1552398682e+02 6.1560797119e+02 6.1571801758e+02 6.1581597900e+02 6.1591101074e+02
6.1265600586e+02 6.1268798828e+02 6.1273297119e+02 6.1278601074e+02 6.1283099365e+02 6.1283197021e+02 6.1284100342e+02 6.1285400391e+02 6.1284997559e+02 6.1286700439e+02 6.1289300537e+02 6.1293200684e+02 6.1295800781e+02 6.1299298096e+02 6.1303802490e+02 6.1308001709e+02 6.1314001465e+02 6.1319799805e+02 6.1325402832e+02 6.1332299805e+02 6.1339801025e+02 6.1347900391e+02 6.1355200195e+02 6.1363299561e+02 6.1371600342e+02 6.1380999756e+02 6.1394299316e+02 6.1408697510e+02 6.1421099854e+02 6.1431097412e+02 6.1440600586e+02 6.1450598145e+02 6.1458599854e+02 6.1466802979e+02 6.1475799561e+02 6.1484899902e+02 6.1495098877e+02 6.1504101563e+02 6.1511499023e+02 6.1517602539e+02 6.1525701904e+02 6.1534497070e+02 6.1542901611e+02 6.1552099609e+02 6.1559002686e+02 6.1565600586e+02
