TESTSERVER/12/9.asc
NCOLS 100
NROWS 100
XLLCORNER 8.0997500000e+03
YLLCORNER 2.8950025000e+05
CELLSIZE 5.0000000000e-01
NODATA_VALUE -9.9990000000e+03
[rows 0 to 19 of 100, columns 0 to 45 of 100]
6.1371398926e+02 6.1371002197e+02 6.1371502686e+02 6.1370599365e+02 6.1370001221e+02 6.1369897461e+02 6.1369500732e+02 6.1367999268e+02 6.1367999268e+02 6.1368402100e+02 6.1368103027e+02 6.1368103027e+02 6.1368499756e+02 6.1369097900e+02 6.1369299316e+02 6.1370501709e+02 6.1370898438e+02 6.1370697021e+02 6.1370599365e+02 6.1371697998e+02 6.1372399902e+02 6.1372601318e+02 6.1372198486e+02 6.1372399902e+02 6.1372601318e+02 6.1373101807e+02 6.1373297119e+02 6.1373602295e+02 6.1373400879e+02 6.1372998047e+02 6.1372900391e+02 6.1372998047e+02 6.1373797607e+02 6.1373999023e+02 6.1374298096e+02 6.1374902344e+02 6.1375201416e+02 6.1375701904e+02 6.1375897217e+02 6.1375598145e+02 6.1375402832e+02 6.1375500488e+02 6.1376202393e+02 6.1377001953e+02 6.1377697754e+02 6.1378198242e+02
6.1373199463e+02 6.1372302246e+02 6.1371899414e+02 6.1371997070e+02 6.1371301270e+02 6.1370697021e+02 6.1370202637e+02 6.1368701172e+02 6.1368597412e+02 6.1369500732e+02 6.1369299316e+02 6.1368200684e+02 6.1368103027e+02 6.1368701172e+02 6.1368902588e+02 6.1370098877e+02 6.1370501709e+02 6.1370300293e+02 6.1370202637e+02 6.1371002197e+02 6.1371502686e+02 6.1371600342e+02 6.1371697998e+02 6.1372100830e+02 6.1372497559e+02 6.1372900391e+02 6.1373101807e+02 6.1373199463e+02 6.1373400879e+02 6.1373297119e+02 6.1373199463e+02 6.1373297119e+02 6.1373797607e+02 6.1374102783e+02 6.1374298096e+02 6.1374700928e+02 6.1375402832e+02 6.1375897217e+02 6.1376000977e+02 6.1375799561e+02 6.1375500488e+02 6.1375500488e+02 6.1376000977e+02 6.1376898193e+02 6.1377697754e+02 6.1378100586e+02
6.1375000000e+02 6.1374499512e+02 6.1373498535e+02 6.1373101807e+02 6.1372399902e+02 6.1371899414e+02 6.1371099854e+02 6.1370001221e+02 6.1370300293e+02 6.1370898438e+02 6.1370599365e+02 6.1369702148e+02 6.1369000244e+02 6.1368798828e+02 6.1368597412e+02 6.1369299316e+02 6.1369897461e+02 6.1370202637e+02 6.1370501709e+02 6.1370800781e+02 6.1371099854e+02 6.1371301270e+02 6.1371502686e+02 6.1371997070e+02 6.1372399902e+02 6.1372802734e+02 6.1373199463e+02 6.1373297119e+02 6.1373400879e+02 6.1373400879e+02 6.1373297119e+02 6.1373400879e+02 6.1373901367e+02 6.1374298096e+02 6.1374700928e+02 6.1375097656e+02 6.1375701904e+02 6.1376202393e+02 6.1376300049e+02 6.1376000977e+02 6.1375701904e+02 6.1375799561e+02 6.1376202393e+02 6.1377001953e+02 6.1377801514e+02 6.1378198242e+02
6.1375097656e+02 6.1374902344e+02 6.1374597168e+02 6.1374200439e+02 6.1373797607e+02 6.1373797607e+02 6.1372302246e+02 6.1371502686e+02 6.1371502686e+02 6.1371197510e+02 6.1371197510e+02 6.1371197510e+02 6.1370397949e+02 6.1369702148e+02 6.1368902588e+02 6.1369097900e+02 6.1369702148e+02 6.1370397949e+02 6.1371099854e+02 6.1371002197e+02 6.1370898438e+02 6.1371099854e+02 6.1371502686e+02 6.1371997070e+02 6.1372399902e+02 6.1372802734e+02 6.1373101807e+02 6.1373297119e+02 6.1373400879e+02 6.1373400879e+02 6.1373297119e+02 6.1373602295e+02 6.1374298096e+02 6.1374798584e+02 6.1375201416e+02 6.1375598145e+02 6.1376098633e+02 6.1376501465e+02 6.1376702881e+02 6.1376501465e+02 6.1376300049e+02 6.1376397705e+02 6.1376599121e+02 6.1377301025e+02 6.1378002930e+02 6.1378399658e+02
6.1375598145e+02 6.1374700928e+02 6.1374700928e+02 6.1375500488e+02 6.1375000000e+02 6.1374298096e+02 6.1372900391e+02 6.1373797607e+02 6.1373797607e+02 6.1372998047e+02 6.1373101807e+02 6.1372698975e+02 6.1371600342e+02 6.1371099854e+02 6.1370001221e+02 6.1370001221e+02 6.1370501709e+02 6.1371099854e+02 6.1371502686e+02 6.1370898438e+02 6.1370397949e+02 6.1370800781e+02 6.1371697998e+02 6.1371997070e+02 6.1372497559e+02 6.1372601318e+02 6.1372497559e+02 6.1372900391e+02 6.1372900391e+02 6.1372998047e+02 6.1372601318e+02 6.1373297119e+02 6.1374700928e+02 6.1375799561e+02 6.1376501465e+02 6.1376300049e+02 6.1376501465e+02 6.1376898193e+02 6.1377099609e+02 6.1377099609e+02 6.1377001953e+02 6.1377197266e+02 6.1377600098e+02 6.1378100586e+02 6.1378497314e+02 6.1378601074e+02
6.1377801514e+02 6.1376098633e+02 6.1375701904e+02 6.1376098633e+02 6.1375402832e+02 6.1374597168e+02 6.1372900391e+02 6.1374298096e+02 6.1373901367e+02 6.1373101807e+02 6.1373400879e+02 6.1373101807e+02 6.1372601318e+02 6.1372601318e+02 6.1371099854e+02 6.1371301270e+02 6.1370697021e+02 6.1369500732e+02 6.1370098877e+02 6.1371002197e+02 6.1370098877e+02 6.1370300293e+02 6.1371301270e+02 6.1371099854e+02 6.1371197510e+02 6.1371301270e+02 6.1371502686e+02 6.1372198486e+02 6.1372900391e+02 6.1373199463e+02 6.1373101807e+02 6.1373602295e+02 6.1374902344e+02 6.1376202393e+02 6.1376800537e+02 6.1376800537e+02 6.1376800537e+02 6.1377001953e+02 6.1377197266e+02 6.1377502441e+02 6.1377801514e+02 6.1378399658e+02 6.1379101563e+02 6.1379602051e+02 6.1379199219e+02 6.1378997803e+02
6.1382897949e+02 6.1380999756e+02 6.1379998779e+02 6.1379602051e+02 6.1378601074e+02 6.1376202393e+02 6.1373602295e+02 6.1375500488e+02 6.1375897217e+02 6.1374102783e+02 6.1372302246e+02 6.1372198486e+02 6.1372802734e+02 6.1372998047e+02 6.1371502686e+02 6.1371398926e+02 6.1370501709e+02 6.1369500732e+02 6.1369799805e+02 6.1370898438e+02 6.1370098877e+02 6.1370800781e+02 6.1371600342e+02 6.1370898438e+02 6.1371099854e+02 6.1371600342e+02 6.1371899414e+02 6.1372601318e+02 6.1373400879e+02 6.1374102783e+02 6.1374102783e+02 6.1374499512e+02 6.1375598145e+02 6.1376599121e+02 6.1377099609e+02 6.1377197266e+02 6.1377099609e+02 6.1377301025e+02 6.1377502441e+02 6.1377899170e+02 6.1378497314e+02 6.1379199219e+02 6.1379998779e+02 6.1380401611e+02 6.1379998779e+02 6.1379797363e+02
6.1390002441e+02 6.1388800049e+02 6.1387402344e+02 6.1387097168e+02 6.1384899902e+02 6.1381298828e+02 6.1379101563e+02 6.1373797607e+02 6.1373602295e+02 6.1373199463e+02 6.1373400879e+02 6.1373199463e+02 6.1372998047e+02 6.1372900391e+02 6.1372601318e+02 6.1372601318e+02 6.1372698975e+02 6.1372802734e+02 6.1371600342e+02 6.1371197510e+02 6.1370300293e+02 6.1371099854e+02 6.1371697998e+02 6.1371398926e+02 6.1371899414e+02 6.1372497559e+02 6.1372900391e+02 6.1373400879e+02 6.1374102783e+02 6.1374798584e+02 6.1374902344e+02 6.1375097656e+02 6.1376000977e+02 6.1376800537e+02 6.1377099609e+02 6.1377197266e+02 6.1377197266e+02 6.1377398682e+02 6.1377801514e+02 6.1378302002e+02 6.1378997803e+02 6.1379699707e+02 6.1380401611e+02 6.1380902100e+02 6.1380603027e+02 6.1380700684e+02
6.1394500732e+02 6.1392401123e+02 6.1390301514e+02 6.1391497803e+02 6.1392297363e+02 6.1398699951e+02 6.1408099365e+02 6.1392602539e+02 6.1377600098e+02 6.1373901367e+02 6.1375402832e+02 6.1375799561e+02 6.1374298096e+02 6.1373498535e+02 6.1373602295e+02 6.1373400879e+02 6.1373602295e+02 6.1374298096e+02 6.1373699951e+02 6.1373101807e+02 6.1371899414e+02 6.1371002197e+02 6.1370800781e+02 6.1371801758e+02 6.1372100830e+02 6.1372399902e+02 6.1373602295e+02 6.1374102783e+02 6.1374102783e+02 6.1374499512e+02 6.1375201416e+02 6.1375402832e+02 6.1375402832e+02 6.1376300049e+02 6.1376202393e+02 6.1376599121e+02 6.1377099609e+02 6.1377600098e+02 6.1378302002e+02 6.1378802490e+02 6.1379498291e+02 6.1380102539e+02 6.1380499268e+02 6.1380798340e+02 6.1380798340e+02 6.1381597900e+02
6.1395898438e+02 6.1392602539e+02 6.1390002441e+02 6.1390997314e+02 6.1401300049e+02 6.1426800537e+02 6.1452502441e+02 6.1431201172e+02 6.1394097900e+02 6.1382598877e+02 6.1381896973e+02 6.1377697754e+02 6.1375201416e+02 6.1374700928e+02 6.1375201416e+02 6.1374798584e+02 6.1374798584e+02 6.1375097656e+02 6.1374499512e+02 6.1373699951e+02 6.1372802734e+02 6.1371600342e+02 6.1370300293e+02 6.1370501709e+02 6.1371502686e+02 6.1372601318e+02 6.1373400879e+02 6.1373498535e+02 6.1372900391e+02 6.1373297119e+02 6.1375201416e+02 6.1376202393e+02 6.1375598145e+02 6.1375500488e+02 6.1375598145e+02 6.1376599121e+02 6.1377301025e+02 6.1378002930e+02 6.1378900146e+02 6.1379602051e+02 6.1380102539e+02 6.1380902100e+02 6.1381298828e+02 6.1381500244e+02 6.1381799316e+02 6.1382501221e+02
6.1399499512e+02 6.1395800781e+02 6.1396502686e+02 6.1401397705e+02 6.1419396973e+02 6.1451000977e+02 6.1472802734e+02 6.1446099854e+02 6.1411401367e+02 6.1406097412e+02 6.1406500244e+02 6.1395898438e+02 6.1385601807e+02 6.1377600098e+02 6.1374298096e+02 6.1373901367e+02 6.1374798584e+02 6.1375799561e+02 6.1375500488e+02 6.1374597168e+02 6.1374401855e+02 6.1373400879e+02 6.1371801758e+02 6.1371600342e+02 6.1372302246e+02 6.1372601318e+02 6.1372302246e+02 6.1371600342e+02 6.1371899414e+02 6.1372900391e+02 6.1375000000e+02 6.1376300049e+02 6.1376397705e+02 6.1376397705e+02 6.1376599121e+02 6.1377398682e+02 6.1377697754e+02 6.1378100586e+02 6.1378997803e+02 6.1379901123e+02 6.1380499268e+02 6.1381500244e+02 6.1382202148e+02 6.1382598877e+02 6.1382897949e+02 6.1383502197e+02
6.1418200684e+02 6.1414398193e+02 6.1418499756e+02 6.1426000977e+02 6.1445397949e+02 6.1471398926e+02 6.1478497314e+02 6.1452801514e+02 6.1434100342e+02 6.1443298340e+02 6.1446697998e+02 6.1432800293e+02 6.1415301514e+02 6.1396697998e+02 6.1383801270e+02 6.1378399658e+02 6.1376397705e+02 6.1376800537e+02 6.1377301025e+02 6.1376300049e+02 6.1376000977e+02 6.1375000000e+02 6.1373400879e+02 6.1373797607e+02 6.1374597168e+02 6.1374401855e+02 6.1372998047e+02 6.1371997070e+02 6.1372601318e+02 6.1373297119e+02 6.1374298096e+02 6.1375897217e+02 6.1376800537e+02 6.1377001953e+02 6.1377301025e+02 6.1378002930e+02 6.1378198242e+02 6.1378302002e+02 6.1378802490e+02 6.1379602051e+02 6.1380603027e+02 6.1381896973e+02 6.1383001709e+02 6.1383502197e+02 6.1383898926e+02 6.1384600830e+02
6.1449597168e+02 6.1447302246e+02 6.1452301025e+02 6.1457397461e+02 6.1470800781e+02 6.1487597656e+02 6.1491998291e+02 6.1465899658e+02 6.1456097412e+02 6.1470501709e+02 6.1480102539e+02 6.1468902588e+02 6.1453601074e+02 6.1432702637e+02 6.1413000488e+02 6.1395800781e+02 6.1384600830e+02 6.1380499268e+02 6.1379797363e+02 6.1377001953e+02 6.1376397705e+02 6.1375500488e+02 6.1374401855e+02 6.1375402832e+02 6.1376800537e+02 6.1377099609e+02 6.1375799561e+02 6.1375000000e+02 6.1375201416e+02 6.1374298096e+02 6.1373199463e+02 6.1374298096e+02 6.1375701904e+02 6.1376300049e+02 6.1377197266e+02 6.1378002930e+02 6.1378399658e+02 6.1378802490e+02 6.1379199219e+02 6.1379498291e+02 6.1380902100e+02 6.1382397461e+02 6.1383599854e+02 6.1384100342e+02 6.1384301758e+02 6.1385601807e+02
6.1483197021e+02 6.1484600830e+02 6.1488800049e+02 6.1487902832e+02 6.1489300537e+02 6.1496398926e+02 6.1499401855e+02 6.1483801270e+02 6.1477398682e+02 6.1490197754e+02 6.1503802490e+02 6.1497198486e+02 6.1491900635e+02 6.1477600098e+02 6.1453198242e+02 6.1427899170e+02 6.1403997803e+02 6.1390802002e+02 6.1384899902e+02 6.1379101563e+02 6.1378100586e+02 6.1378698730e+02 6.1378302002e+02 6.1377600098e+02 6.1377899170e+02 6.1378302002e+02 6.1377197266e+02 6.1376300049e+02 6.1376599121e+02 6.1376599121e+02 6.1375701904e+02 6.1374700928e+02 6.1374597168e+02 6.1375402832e+02 6.1376501465e+02 6.1377001953e+02 6.1376800537e+02 6.1378002930e+02 6.1379199219e+02 6.1379699707e+02 6.1381097412e+02 6.1382702637e+02 6.1383599854e+02 6.1383300781e+02 6.1383697510e+02 6.1385400391e+02
6.1524499512e+02 6.1527398682e+02 6.1527001953e+02 6.1524102783e+02 6.1516198730e+02 6.1509802246e+02 6.1506799316e+02 6.1510400391e+02 6.1516900635e+02 6.1520501709e+02 6.1521398926e+02 6.1519500732e+02 6.1519897461e+02 6.1508398438e+02 6.1483801270e+02 6.1457202148e+02 6.1425201416e+02 6.1404302979e+02 6.1396301270e+02 6.1388500977e+02 6.1384698486e+02 6.1383001709e+02 6.1381500244e+02 6.1379901123e+02 6.1379302979e+02 6.1379498291e+02 6.1379101563e+02 6.1378100586e+02 6.1377899170e+02 6.1378100586e+02 6.1378399658e+02 6.1377899170e+02 6.1377398682e+02 6.1377301025e+02 6.1377600098e+02 6.1377398682e+02 6.1376202393e+02 6.1377398682e+02 6.1378802490e+02 6.1378900146e+02 6.1380102539e+02 6.1381701660e+02 6.1382702637e+02 6.1382397461e+02 6.1383001709e+02 6.1384802246e+02
6.1572601318e+02 6.1572399902e+02 6.1567498779e+02 6.1565399170e+02 6.1555499268e+02 6.1543200684e+02 6.1538299561e+02 6.1558300781e+02 6.1574597168e+02 6.1566198730e+02 6.1544702148e+02 6.1535900879e+02 6.1533898926e+02 6.1523999023e+02 6.1504602051e+02 6.1482397461e+02 6.1451300049e+02 6.1428497314e+02 6.1418902588e+02 6.1407800293e+02 6.1397497559e+02 6.1389801025e+02 6.1385198975e+02 6.1382299805e+02 6.1380499268e+02 6.1380401611e+02 6.1380700684e+02 6.1380200195e+02 6.1379498291e+02 6.1379302979e+02 6.1379998779e+02 6.1380102539e+02 6.1380297852e+02 6.1379901123e+02 6.1379699707e+02 6.1378997803e+02 6.1377301025e+02 6.1377697754e+02 6.1378302002e+02 6.1378198242e+02 6.1379498291e+02 6.1380902100e+02 6.1381500244e+02 6.1381500244e+02 6.1382299805e+02 6.1384002686e+02
6.1617602539e+02 6.1613201904e+02 6.1609497070e+02 6.1607299805e+02 6.1606896973e+02 6.1613000488e+02 6.1624200439e+02 6.1627301025e+02 6.1628100586e+02 6.1608099365e+02 6.1579498291e+02 6.1558398438e+02 6.1548901367e+02 6.1540502930e+02 6.1527697754e+02 6.1510699463e+02 6.1490301514e+02 6.1471002197e+02 6.1454199219e+02 6.1434100342e+02 6.1415502930e+02 6.1401300049e+02 6.1392498779e+02 6.1386798096e+02 6.1383001709e+02 6.1382098389e+02 6.1382098389e+02 6.1382501221e+02 6.1381701660e+02 6.1381597900e+02 6.1381298828e+02 6.1380499268e+02 6.1381097412e+02 6.1380902100e+02 6.1379998779e+02 6.1380401611e+02 6.1380200195e+02 6.1379498291e+02 6.1379400635e+02 6.1379400635e+02 6.1380401611e+02 6.1380902100e+02 6.1380603027e+02 6.1380798340e+02 6.1381896973e+02 6.1383599854e+02
6.1653002930e+02 6.1652197266e+02 6.1654498291e+02 6.1657098389e+02 6.1670501709e+02 6.1690600586e+02 6.1693402100e+02 6.1678997803e+02 6.1657501221e+02 6.1633001709e+02 6.1610198975e+02 6.1586700439e+02 6.1572497559e+02 6.1561499023e+02 6.1547998047e+02 6.1536499023e+02 6.1522198486e+02 6.1503900146e+02 6.1483099365e+02 6.1458099365e+02 6.1434698486e+02 6.1417102051e+02 6.1404302979e+02 6.1395501709e+02 6.1389801025e+02 6.1386798096e+02 6.1384997559e+02 6.1383599854e+02 6.1382598877e+02 6.1382598877e+02 6.1382598877e+02 6.1382299805e+02 6.1382501221e+02 6.1381896973e+02 6.1380999756e+02 6.1382098389e+02 6.1382897949e+02 6.1383099365e+02 6.1383398438e+02 6.1383001709e+02 6.1382702637e+02 6.1382397461e+02 6.1381597900e+02 6.1381701660e+02 6.1382800293e+02 6.1384600830e+02
6.1693902588e+02 6.1695098877e+02 6.1700402832e+02 6.1708697510e+02 6.1721502686e+02 6.1732598877e+02 6.1725097656e+02 6.1704901123e+02 6.1680700684e+02 6.1656500244e+02 6.1634301758e+02 6.1610998535e+02 6.1594000244e+02 6.1579901123e+02 6.1564801025e+02 6.1553698730e+02 6.1542102051e+02 6.1525598145e+02 6.1504199219e+02 6.1478100586e+02 6.1453997803e+02 6.1434497070e+02 6.1418902588e+02 6.1407702637e+02 6.1399902344e+02 6.1394598389e+02 6.1390301514e+02 6.1385998535e+02 6.1383502197e+02 6.1382897949e+02 6.1383197021e+02 6.1383398438e+02 6.1383599854e+02 6.1383099365e+02 6.1383197021e+02 6.1384301758e+02 6.1384100342e+02 6.1384497070e+02 6.1384899902e+02 6.1384997559e+02 6.1385900879e+02 6.1385998535e+02 6.1384600830e+02 6.1384197998e+02 6.1384899902e+02 6.1386401367e+02
6.1744396973e+02 6.1749298096e+02 6.1758300781e+02 6.1768597412e+02 6.1769396973e+02 6.1761199951e+02 6.1744897461e+02 6.1728399658e+02 6.1706799316e+02 6.1681597900e+02 6.1654498291e+02 6.1633099365e+02 6.1615698242e+02 6.1599499512e+02 6.1583898926e+02 6.1570800781e+02 6.1559698486e+02 6.1545098877e+02 6.1523498535e+02 6.1498199463e+02 6.1476300049e+02 6.1456402588e+02 6.1437799072e+02 6.1423999023e+02 6.1413598633e+02 6.1405401611e+02 6.1398199463e+02 6.1391302490e+02 6.1387097168e+02 6.1385198975e+02 6.1384197998e+02 6.1383697510e+02 6.1383801270e+02 6.1384197998e+02 6.1385998535e+02 6.1386700439e+02 6.1385198975e+02 6.1385302734e+02 6.1385101318e+02 6.1385699463e+02 6.1388000488e+02 6.1388397217e+02 6.1387200928e+02 6.1386901855e+02 6.1387597656e+02 6.1389099121e+02
