TESTSERVER/12/9.asc
NCOLS 100
NROWS 100
XLLCORNER 8.0997500000e+03
YLLCORNER 2.8950025000e+05
CELLSIZE 5.0000000000e-01
NODATA_VALUE -9.9990000000e+03
[rows 20 to 39 of 100, columns 0 to 45 of 100]
6.1800500488e+02 6.1813000488e+02 6.1826599121e+02 6.1821997070e+02 6.1808801270e+02 6.1789001465e+02 6.1769299316e+02 6.1750500488e+02 6.1729400635e+02 6.1703497314e+02 6.1675799561e+02 6.1655200195e+02 6.1638500977e+02 6.1622198486e+02 6.1609301758e+02 6.1596197510e+02 6.1582800293e+02 6.1567102051e+02 6.1545599365e+02 6.1522698975e+02 6.1503399658e+02 6.1482897949e+02 6.1461401367e+02 6.1443798828e+02 6.1429901123e+02 6.1418402100e+02 6.1407897949e+02 6.1399902344e+02 6.1394500732e+02 6.1390399170e+02 6.1386199951e+02 6.1383898926e+02 6.1383099365e+02 6.1384301758e+02 6.1386199951e+02 6.1386901855e+02 6.1386297607e+02 6.1386102295e+02 6.1385101318e+02 6.1386401367e+02 6.1388800049e+02 6.1388702393e+02 6.1388800049e+02 6.1389697266e+02 6.1390698242e+02 6.1392102051e+02
6.1854699707e+02 6.1864697266e+02 6.1862402344e+02 6.1849401855e+02 6.1834600830e+02 6.1814501953e+02 6.1790197754e+02 6.1771600342e+02 6.1752398682e+02 6.1726501465e+02 6.1699499512e+02 6.1678802490e+02 6.1661499023e+02 6.1646899414e+02 6.1639099121e+02 6.1626000977e+02 6.1606896973e+02 6.1586499023e+02 6.1566699219e+02 6.1549200439e+02 6.1530798340e+02 6.1508099365e+02 6.1485699463e+02 6.1467901611e+02 6.1452600098e+02 6.1438098145e+02 6.1424102783e+02 6.1412799072e+02 6.1404602051e+02 6.1398400879e+02 6.1392700195e+02 6.1387200928e+02 6.1384002686e+02 6.1385198975e+02 6.1387298584e+02 6.1387701416e+02 6.1387902832e+02 6.1388098145e+02 6.1387500000e+02 6.1388500977e+02 6.1390502930e+02 6.1390197754e+02 6.1390399170e+02 6.1391699219e+02 6.1392102051e+02 6.1392700195e+02
6.1908697510e+02 6.1906402588e+02 6.1893798828e+02 6.1877801514e+02 6.1863098145e+02 6.1843402100e+02 6.1816699219e+02 6.1797601318e+02 6.1779199219e+02 6.1753900146e+02 6.1726300049e+02 6.1703802490e+02 6.1685601807e+02 6.1670501709e+02 6.1662799072e+02 6.1650598145e+02 6.1630401611e+02 6.1608300781e+02 6.1590197754e+02 6.1577600098e+02 6.1560400391e+02 6.1536798096e+02 6.1513702393e+02 6.1495300293e+02 6.1478302002e+02 6.1461102295e+02 6.1444097900e+02 6.1429302979e+02 6.1417700195e+02 6.1409197998e+02 6.1403100586e+02 6.1395898438e+02 6.1388897705e+02 6.1387298584e+02 6.1388201904e+02 6.1388000488e+02 6.1387902832e+02 6.1389001465e+02 6.1389099121e+02 6.1389398193e+02 6.1390997314e+02 6.1391699219e+02 6.1392102051e+02 6.1393298340e+02 6.1394000244e+02 6.1394897461e+02
6.1951800537e+02 6.1939501953e+02 6.1923699951e+02 6.1908099365e+02 6.1892901611e+02 6.1874298096e+02 6.1848999023e+02 6.1826397705e+02 6.1806500244e+02 6.1783001709e+02 6.1756097412e+02 6.1733300781e+02 6.1712902832e+02 6.1693200684e+02 6.1680297852e+02 6.1669396973e+02 6.1652600098e+02 6.1633398438e+02 6.1617102051e+02 6.1606298828e+02 6.1590197754e+02 6.1566998291e+02 6.1543902588e+02 6.1524298096e+02 6.1505603027e+02 6.1486199951e+02 6.1467102051e+02 6.1449798584e+02 6.1434899902e+02 6.1423498535e+02 6.1416601563e+02 6.1409698486e+02 6.1399902344e+02 6.1394201660e+02 6.1391400146e+02 6.1388702393e+02 6.1387402344e+02 6.1388098145e+02 6.1388000488e+02 6.1388000488e+02 6.1389801025e+02 6.1391400146e+02 6.1392401123e+02 6.1393798828e+02 6.1394500732e+02 6.1396099854e+02
6.1986798096e+02 6.1970001221e+02 6.1953997803e+02 6.1941101074e+02 6.1922399902e+02 6.1900701904e+02 6.1880102539e+02 6.1856201172e+02 6.1832299805e+02 6.1811401367e+02 6.1787097168e+02 6.1765002441e+02 6.1742102051e+02 6.1719799805e+02 6.1703198242e+02 6.1688800049e+02 6.1675299072e+02 6.1660198975e+02 6.1644201660e+02 6.1631799316e+02 6.1615399170e+02 6.1595001221e+02 6.1573999023e+02 6.1553002930e+02 6.1532897949e+02 6.1512402344e+02 6.1492797852e+02 6.1473400879e+02 6.1456402588e+02 6.1441497803e+02 6.1432299805e+02 6.1426300049e+02 6.1415301514e+02 6.1406201172e+02 6.1399298096e+02 6.1392999268e+02 6.1389202881e+02 6.1388000488e+02 6.1385900879e+02 6.1386102295e+02 6.1388598633e+02 6.1389697266e+02 6.1390301514e+02 6.1392401123e+02 6.1393200684e+02 6.1394299316e+02
6.2019201660e+02 6.1999499512e+02 6.1979602051e+02 6.1968798828e+02 6.1954101563e+02 6.1931701660e+02 6.1909600830e+02 6.1886999512e+02 6.1860998535e+02 6.1838397217e+02 6.1816302490e+02 6.1797601318e+02 6.1772497559e+02 6.1745397949e+02 6.1726898193e+02 6.1711199951e+02 6.1696997070e+02 6.1682598877e+02 6.1667602539e+02 6.1654498291e+02 6.1638500977e+02 6.1620202637e+02 6.1600402832e+02 6.1580700684e+02 6.1561199951e+02 6.1540698242e+02 6.1519500732e+02 6.1497497559e+02 6.1477600098e+02 6.1462701416e+02 6.1453601074e+02 6.1445001221e+02 6.1431500244e+02 6.1420098877e+02 6.1412402344e+02 6.1403997803e+02 6.1396801758e+02 6.1391400146e+02 6.1386602783e+02 6.1385400391e+02 6.1387799072e+02 6.1389202881e+02 6.1389697266e+02 6.1390899658e+02 6.1391900635e+02 6.1392602539e+02
6.2046398926e+02 6.2029199219e+02 6.2009197998e+02 6.1995397949e+02 6.1982501221e+02 6.1964001465e+02 6.1943902588e+02 6.1923797607e+02 6.1896002197e+02 6.1868798828e+02 6.1845397949e+02 6.1830297852e+02 6.1804998779e+02 6.1774200439e+02 6.1752899170e+02 6.1733300781e+02 6.1716302490e+02 6.1703802490e+02 6.1692498779e+02 6.1678698730e+02 6.1662200928e+02 6.1644000244e+02 6.1625097656e+02 6.1606799316e+02 6.1588098145e+02 6.1567102051e+02 6.1544500732e+02 6.1520300293e+02 6.1498199463e+02 6.1483300781e+02 6.1474499512e+02 6.1463201904e+02 6.1449200439e+02 6.1436602783e+02 6.1427600098e+02 6.1418103027e+02 6.1408398438e+02 6.1399700928e+02 6.1393103027e+02 6.1389801025e+02 6.1389501953e+02 6.1388897705e+02 6.1389001465e+02 6.1390002441e+02 6.1390997314e+02 6.1391699219e+02
6.2069396973e+02 6.2055102539e+02 6.2039202881e+02 6.2025299072e+02 6.2013397217e+02 6.1998101807e+02 6.1980999756e+02 6.1964501953e+02 6.1934600830e+02 6.1900598145e+02 6.1870898438e+02 6.1857098389e+02 6.1835900879e+02 6.1805603027e+02 6.1779901123e+02 6.1755700684e+02 6.1736700439e+02 6.1726202393e+02 6.1717602539e+02 6.1703002930e+02 6.1685601807e+02 6.1666601563e+02 6.1648101807e+02 6.1630603027e+02 6.1611901855e+02 6.1590100098e+02 6.1566400146e+02 6.1541400146e+02 6.1518499756e+02 6.1502899170e+02 6.1492797852e+02 6.1480603027e+02 6.1467602539e+02 6.1454101563e+02 6.1442401123e+02 6.1432702637e+02 6.1422998047e+02 6.1413397217e+02 6.1405200195e+02 6.1399298096e+02 6.1395300293e+02 6.1391802979e+02 6.1389898682e+02 6.1390301514e+02 6.1391101074e+02 6.1392102051e+02
6.2094799805e+02 6.2076702881e+02 6.2060400391e+02 6.2053997803e+02 6.2044097900e+02 6.2028399658e+02 6.2009600830e+02 6.1995501709e+02 6.1966302490e+02 6.1929199219e+02 6.1895098877e+02 6.1876800537e+02 6.1862298584e+02 6.1836102295e+02 6.1804602051e+02 6.1777899170e+02 6.1759100342e+02 6.1748498535e+02 6.1738598633e+02 6.1723999023e+02 6.1706799316e+02 6.1688098145e+02 6.1669000244e+02 6.1650799561e+02 6.1630603027e+02 6.1608599854e+02 6.1584399414e+02 6.1559899902e+02 6.1537597656e+02 6.1519396973e+02 6.1504901123e+02 6.1494702148e+02 6.1482598877e+02 6.1466699219e+02 6.1452697754e+02 6.1444799805e+02 6.1438299561e+02 6.1428900146e+02 6.1418499756e+02 6.1408801270e+02 6.1402301025e+02 6.1397802734e+02 6.1393902588e+02 6.1392901611e+02 6.1393798828e+02 6.1393902588e+02
6.2123699951e+02 6.2102600098e+02 6.2085498047e+02 6.2077001953e+02 6.2069299316e+02 6.2054199219e+02 6.2032598877e+02 6.2017297363e+02 6.1992901611e+02 6.1957299805e+02 6.1922900391e+02 6.1895001221e+02 6.1877301025e+02 6.1854199219e+02 6.1828100586e+02 6.1802600098e+02 6.1782800293e+02 6.1768597412e+02 6.1756298828e+02 6.1740899658e+02 6.1725201416e+02 6.1708099365e+02 6.1689099121e+02 6.1669201660e+02 6.1647601318e+02 6.1624401855e+02 6.1599700928e+02 6.1574798584e+02 6.1552697754e+02 6.1534002686e+02 6.1520300293e+02 6.1510198975e+02 6.1496502686e+02 6.1477398682e+02 6.1462200928e+02 6.1455401611e+02 6.1450402832e+02 6.1441497803e+02 6.1430401611e+02 6.1418798828e+02 6.1410900879e+02 6.1406201172e+02 6.1402899170e+02 6.1400897217e+02 6.1400402832e+02 6.1398199463e+02
6.2157202148e+02 6.2134802246e+02 6.2116802979e+02 6.2105700684e+02 6.2096301270e+02 6.2080999756e+02 6.2059002686e+02 6.2038000488e+02 6.2011499023e+02 6.1977301025e+02 6.1946197510e+02 6.1917297363e+02 6.1894897461e+02 6.1872497559e+02 6.1852398682e+02 6.1830401611e+02 6.1810101318e+02 6.1792199707e+02 6.1775897217e+02 6.1759802246e+02 6.1744299316e+02 6.1727801514e+02 6.1709100342e+02 6.1688299561e+02 6.1665802002e+02 6.1641601563e+02 6.1616101074e+02 6.1590802002e+02 6.1568402100e+02 6.1549798584e+02 6.1536102295e+02 6.1523999023e+02 6.1508502197e+02 6.1489300537e+02 6.1473901367e+02 6.1466497803e+02 6.1461401367e+02 6.1454602051e+02 6.1445599365e+02 6.1434399414e+02 6.1424798584e+02 6.1417102051e+02 6.1412500000e+02 6.1409002686e+02 6.1406500244e+02 6.1403601074e+02
6.2188800049e+02 6.2166198730e+02 6.2146002197e+02 6.2132598877e+02 6.2121997070e+02 6.2106701660e+02 6.2084899902e+02 6.2058197021e+02 6.2029101563e+02 6.1997100830e+02 6.1968798828e+02 6.1942602539e+02 6.1920202637e+02 6.1899298096e+02 6.1878601074e+02 6.1859100342e+02 6.1839300537e+02 6.1818798828e+02 6.1798602295e+02 6.1781201172e+02 6.1765197754e+02 6.1748498535e+02 6.1729602051e+02 6.1708197021e+02 6.1685101318e+02 6.1660498047e+02 6.1634600830e+02 6.1609301758e+02 6.1586999512e+02 6.1568597412e+02 6.1553900146e+02 6.1538098145e+02 6.1520202637e+02 6.1501702881e+02 6.1487298584e+02 6.1478997803e+02 6.1474499512e+02 6.1471997070e+02 6.1464202881e+02 6.1451501465e+02 6.1439599609e+02 6.1429998779e+02 6.1422900391e+02 6.1416198730e+02 6.1410900879e+02 6.1408398438e+02
6.2213201904e+02 6.2189801025e+02 6.2167199707e+02 6.2151702881e+02 6.2141302490e+02 6.2126898193e+02 6.2103601074e+02 6.2075897217e+02 6.2050402832e+02 6.2021697998e+02 6.1992199707e+02 6.1966101074e+02 6.1946398926e+02 6.1929901123e+02 6.1906896973e+02 6.1886602783e+02 6.1867498779e+02 6.1846697998e+02 6.1825500488e+02 6.1805902100e+02 6.1788299561e+02 6.1770800781e+02 6.1751800537e+02 6.1729797363e+02 6.1706298828e+02 6.1680603027e+02 6.1654302979e+02 6.1630499268e+02 6.1609899902e+02 6.1592797852e+02 6.1578002930e+02 6.1559899902e+02 6.1540002441e+02 6.1518402100e+02 6.1503198242e+02 6.1495098877e+02 6.1491699219e+02 6.1492797852e+02 6.1484997559e+02 6.1467602539e+02 6.1454302979e+02 6.1444500732e+02 6.1434301758e+02 6.1423999023e+02 6.1415997314e+02 6.1412902832e+02
6.2233502197e+02 6.2209301758e+02 6.2186499023e+02 6.2168499756e+02 6.2156402588e+02 6.2143402100e+02 6.2122802734e+02 6.2100701904e+02 6.2078698730e+02 6.2047497559e+02 6.2015997314e+02 6.1989801025e+02 6.1967199707e+02 6.1948297119e+02 6.1928399658e+02 6.1909497070e+02 6.1891101074e+02 6.1872497559e+02 6.1851599121e+02 6.1831097412e+02 6.1812097168e+02 6.1793597412e+02 6.1774401855e+02 6.1752801514e+02 6.1728302002e+02 6.1702398682e+02 6.1677099609e+02 6.1654302979e+02 6.1636199951e+02 6.1621801758e+02 6.1608599854e+02 6.1594000244e+02 6.1574200439e+02 6.1547497559e+02 6.1528002930e+02 6.1516497803e+02 6.1510400391e+02 6.1509301758e+02 6.1500799561e+02 6.1485198975e+02 6.1470800781e+02 6.1458697510e+02 6.1447601318e+02 6.1437097168e+02 6.1429498291e+02 6.1424401855e+02
6.2251898193e+02 6.2227697754e+02 6.2205700684e+02 6.2185797119e+02 6.2172802734e+02 6.2162097168e+02 6.2146099854e+02 6.2127301025e+02 6.2105200195e+02 6.2073101807e+02 6.2042602539e+02 6.2017901611e+02 6.1990802002e+02 6.1966601563e+02 6.1948797607e+02 6.1930999756e+02 6.1912200928e+02 6.1894000244e+02 6.1874401855e+02 6.1853802490e+02 6.1834600830e+02 6.1815899658e+02 6.1796600342e+02 6.1775598145e+02 6.1752001953e+02 6.1727301025e+02 6.1703497314e+02 6.1682501221e+02 6.1666101074e+02 6.1653002930e+02 6.1640002441e+02 6.1624700928e+02 6.1605499268e+02 6.1579400635e+02 6.1556402588e+02 6.1539001465e+02 6.1527697754e+02 6.1523699951e+02 6.1515002441e+02 6.1500201416e+02 6.1484899902e+02 6.1472399902e+02 6.1462799072e+02 6.1453198242e+02 6.1445599365e+02 6.1440002441e+02
6.2271697998e+02 6.2247198486e+02 6.2224200439e+02 6.2202899170e+02 6.2187799072e+02 6.2176702881e+02 6.2163598633e+02 6.2148498535e+02 6.2130200195e+02 6.2102697754e+02 6.2073400879e+02 6.2046697998e+02 6.2017700195e+02 6.1991998291e+02 6.1972698975e+02 6.1953100586e+02 6.1931896973e+02 6.1911999512e+02 6.1893798828e+02 6.1874700928e+02 6.1856097412e+02 6.1837597656e+02 6.1818597412e+02 6.1798199463e+02 6.1776300049e+02 6.1753900146e+02 6.1732397461e+02 6.1713598633e+02 6.1698101807e+02 6.1684698486e+02 6.1669500732e+02 6.1649102783e+02 6.1628100586e+02 6.1605297852e+02 6.1581701660e+02 6.1559899902e+02 6.1544500732e+02 6.1539202881e+02 6.1530200195e+02 6.1515197754e+02 6.1501202393e+02 6.1490997314e+02 6.1481500244e+02 6.1471197510e+02 6.1461499023e+02 6.1453698730e+02
6.2288299561e+02 6.2264697266e+02 6.2239599609e+02 6.2218902588e+02 6.2200598145e+02 6.2185797119e+02 6.2170300293e+02 6.2160699463e+02 6.2148602295e+02 6.2127697754e+02 6.2102001953e+02 6.2074499512e+02 6.2045300293e+02 6.2020001221e+02 6.1998901367e+02 6.1975299072e+02 6.1951898193e+02 6.1930200195e+02 6.1911499023e+02 6.1894598389e+02 6.1877099609e+02 6.1859600830e+02 6.1842102051e+02 6.1821301270e+02 6.1801898193e+02 6.1781799316e+02 6.1762701416e+02 6.1746002197e+02 6.1730999756e+02 6.1716198730e+02 6.1695501709e+02 6.1668798828e+02 6.1645202637e+02 6.1624700928e+02 6.1603002930e+02 6.1581701660e+02 6.1565002441e+02 6.1555999756e+02 6.1546502686e+02 6.1532897949e+02 6.1521398926e+02 6.1511499023e+02 6.1499700928e+02 6.1489898682e+02 6.1479302979e+02 6.1469396973e+02
6.2303497314e+02 6.2280297852e+02 6.2258001709e+02 6.2235498047e+02 6.2216802979e+02 6.2201202393e+02 6.2186499023e+02 6.2174597168e+02 6.2161297607e+02 6.2142102051e+02 6.2120697021e+02 6.2096301270e+02 6.2068298340e+02 6.2042199707e+02 6.2019897461e+02 6.1996801758e+02 6.1973699951e+02 6.1951800537e+02 6.1931597900e+02 6.1911401367e+02 6.1892102051e+02 6.1874401855e+02 6.1856097412e+02 6.1836700439e+02 6.1819097900e+02 6.1803601074e+02 6.1787500000e+02 6.1771801758e+02 6.1755999756e+02 6.1738500977e+02 6.1715002441e+02 6.1690002441e+02 6.1668402100e+02 6.1646997070e+02 6.1624597168e+02 6.1604699707e+02 6.1587298584e+02 6.1575897217e+02 6.1566601563e+02 6.1554101563e+02 6.1544897461e+02 6.1535198975e+02 6.1524798584e+02 6.1514501953e+02 6.1502899170e+02 6.1492602539e+02
6.2323400879e+02 6.2300402832e+02 6.2280297852e+02 6.2259497070e+02 6.2240197754e+02 6.2221502686e+02 6.2204699707e+02 6.2190002441e+02 6.2175299072e+02 6.2155902100e+02 6.2134002686e+02 6.2111798096e+02 6.2084002686e+02 6.2057397461e+02 6.2035998535e+02 6.2014099121e+02 6.1991699219e+02 6.1969702148e+02 6.1948400879e+02 6.1925897217e+02 6.1905297852e+02 6.1887298584e+02 6.1870397949e+02 6.1851898193e+02 6.1835601807e+02 6.1822198486e+02 6.1807702637e+02 6.1791198730e+02 6.1773602295e+02 6.1753399658e+02 6.1729602051e+02 6.1706799316e+02 6.1686700439e+02 6.1665997314e+02 6.1644598389e+02 6.1626202393e+02 6.1609002686e+02 6.1596398926e+02 6.1586401367e+02 6.1575799561e+02 6.1567498779e+02 6.1558801270e+02 6.1550000000e+02 6.1537799072e+02 6.1524102783e+02 6.1513098145e+02
6.2347698975e+02 6.2323699951e+02 6.2302697754e+02 6.2285198975e+02 6.2266900635e+02 6.2245397949e+02 6.2225299072e+02 6.2208898926e+02 6.2192999268e+02 6.2172100830e+02 6.2148101807e+02 6.2126098633e+02 6.2097900391e+02 6.2071002197e+02 6.2050897217e+02 6.2030902100e+02 6.2008599854e+02 6.1985699463e+02 6.1963397217e+02 6.1940502930e+02 6.1919897461e+02 6.1902801514e+02 6.1888201904e+02 6.1870898438e+02 6.1854699707e+02 6.1840899658e+02 6.1826397705e+02 6.1809002686e+02 6.1789300537e+02 6.1767297363e+02 6.1743298340e+02 6.1720898438e+02 6.1700897217e+02 6.1681298828e+02 6.1662597656e+02 6.1646997070e+02 6.1631402588e+02 6.1617700195e+02 6.1606597900e+02 6.1597698975e+02 6.1588702393e+02 6.1580401611e+02 6.1574597168e+02 6.1563299561e+02 6.1548297119e+02 6.1534497070e+02
