TESTSERVER/12/9.asc
NCOLS 100
NROWS 100
XLLCORNER 8.0997500000e+03
YLLCORNER 2.8950025000e+05
CELLSIZE 5.0000000000e-01
NODATA_VALUE -9.9990000000e+03
[rows 80 to 99 of 100, columns 46 to 91 of 100]
6.2709698486e+02 6.2714300537e+02 6.2722198486e+02 6.2729101563e+02 6.2733898926e+02 6.2736798096e+02 6.2737597656e+02 6.2740502930e+02 6.2750299072e+02 6.2765100098e+02 6.2772497559e+02 6.2750598145e+02 6.2743597412e+02 6.2735900879e+02 6.2718597412e+02 6.2701800537e+02 6.2696697998e+02 6.2693597412e+02 6.2677697754e+02 6.2658398438e+02 6.2641998291e+02 6.2632702637e+02 6.2628198242e+02 6.2620001221e+02 6.2613397217e+02 6.2605798340e+02 6.2602301025e+02 6.2599102783e+02 6.2597900391e+02 6.2592797852e+02 6.2580700684e+02 6.2570202637e+02 6.2559002686e+02 6.2555603027e+02 6.2563702393e+02 6.2571899414e+02 6.2569097900e+02 6.2554400635e+02 6.2539099121e+02 6.2529101563e+02 6.2517199707e+02 6.2508099365e+02 6.2498797607e+02 6.2483801270e+02 6.2469598389e+02 6.2457501221e+02
6.2725000000e+02 6.2733099365e+02 6.2745599365e+02 6.2754901123e+02 6.2758502197e+02 6.2764398193e+02 6.2767498779e+02 6.2770599365e+02 6.2780902100e+02 6.2792102051e+02 6.2796301270e+02 6.2781402588e+02 6.2777301025e+02 6.2771099854e+02 6.2754302979e+02 6.2737097168e+02 6.2729699707e+02 6.2722497559e+02 6.2701898193e+02 6.2677301025e+02 6.2659497070e+02 6.2651202393e+02 6.2646600342e+02 6.2642901611e+02 6.2639202881e+02 6.2631298828e+02 6.2623498535e+02 6.2619500732e+02 6.2619500732e+02 6.2615502930e+02 6.2607000732e+02 6.2598602295e+02 6.2584002686e+02 6.2578900146e+02 6.2585498047e+02 6.2591802979e+02 6.2590698242e+02 6.2577099609e+02 6.2559899902e+02 6.2550897217e+02 6.2542297363e+02 6.2534600830e+02 6.2527600098e+02 6.2513800049e+02 6.2495098877e+02 6.2478399658e+02
6.2738098145e+02 6.2747698975e+02 6.2766302490e+02 6.2779901123e+02 6.2783801270e+02 6.2788598633e+02 6.2794702148e+02 6.2800000000e+02 6.2805700684e+02 6.2806896973e+02 6.2803302002e+02 6.2798797607e+02 6.2798699951e+02 6.2791400146e+02 6.2775402832e+02 6.2760498047e+02 6.2749902344e+02 6.2738897705e+02 6.2720202637e+02 6.2696502686e+02 6.2678900146e+02 6.2670098877e+02 6.2665197754e+02 6.2663702393e+02 6.2660797119e+02 6.2653302002e+02 6.2643701172e+02 6.2639099121e+02 6.2637799072e+02 6.2631402588e+02 6.2622698975e+02 6.2617797852e+02 6.2606896973e+02 6.2602899170e+02 6.2608502197e+02 6.2610601807e+02 6.2607397461e+02 6.2596197510e+02 6.2581201172e+02 6.2567401123e+02 6.2561401367e+02 6.2559399414e+02 6.2553497314e+02 6.2540899658e+02 6.2520397949e+02 6.2499597168e+02
6.2749298096e+02 6.2762298584e+02 6.2783197021e+02 6.2797399902e+02 6.2799200439e+02 6.2799798584e+02 6.2807098389e+02 6.2811199951e+02 6.2812701416e+02 6.2808801270e+02 6.2801397705e+02 6.2801098633e+02 6.2802301025e+02 6.2794097900e+02 6.2779797363e+02 6.2767797852e+02 6.2753997803e+02 6.2738397217e+02 6.2722399902e+02 6.2705999756e+02 6.2692401123e+02 6.2685302734e+02 6.2682702637e+02 6.2682702637e+02 6.2679400635e+02 6.2670001221e+02 6.2659600830e+02 6.2656201172e+02 6.2653497314e+02 6.2643103027e+02 6.2629998779e+02 6.2626397705e+02 6.2621997070e+02 6.2621697998e+02 6.2628002930e+02 6.2628198242e+02 6.2622198486e+02 6.2612402344e+02 6.2602001953e+02 6.2586102295e+02 6.2577600098e+02 6.2574798584e+02 6.2569702148e+02 6.2561798096e+02 6.2542700195e+02 6.2520300293e+02
6.2756597900e+02 6.2773999023e+02 6.2790698242e+02 6.2802099609e+02 6.2805200195e+02 6.2804998779e+02 6.2809197998e+02 6.2808300781e+02 6.2808001709e+02 6.2803900146e+02 6.2797399902e+02 6.2796697998e+02 6.2797399902e+02 6.2791802979e+02 6.2782098389e+02 6.2772100830e+02 6.2756896973e+02 6.2736999512e+02 6.2721099854e+02 6.2712597656e+02 6.2703100586e+02 6.2699597168e+02 6.2698699951e+02 6.2697601318e+02 6.2693200684e+02 6.2682098389e+02 6.2673901367e+02 6.2668499756e+02 6.2664599609e+02 6.2657598877e+02 6.2646398926e+02 6.2638598633e+02 6.2638702393e+02 6.2640899658e+02 6.2645397949e+02 6.2644799805e+02 6.2638000488e+02 6.2630102539e+02 6.2619799805e+02 6.2608398438e+02 6.2599298096e+02 6.2590802002e+02 6.2580902100e+02 6.2574298096e+02 6.2555297852e+02 6.2534002686e+02
6.2754998779e+02 6.2769799805e+02 6.2786401367e+02 6.2801702881e+02 6.2809197998e+02 6.2807800293e+02 6.2804901123e+02 6.2804498291e+02 6.2804699707e+02 6.2797198486e+02 6.2787200928e+02 6.2785498047e+02 6.2788397217e+02 6.2788702393e+02 6.2782501221e+02 6.2775598145e+02 6.2761499023e+02 6.2742602539e+02 6.2729699707e+02 6.2726702881e+02 6.2717901611e+02 6.2712902832e+02 6.2708898926e+02 6.2709002686e+02 6.2703802490e+02 6.2691802979e+02 6.2685198975e+02 6.2682202148e+02 6.2679699707e+02 6.2674298096e+02 6.2661602783e+02 6.2652801514e+02 6.2654699707e+02 6.2658697510e+02 6.2662402344e+02 6.2662200928e+02 6.2653802490e+02 6.2644396973e+02 6.2635900879e+02 6.2627899170e+02 6.2617102051e+02 6.2608898926e+02 6.2596099854e+02 6.2586401367e+02 6.2568798828e+02 6.2551702881e+02
6.2750799561e+02 6.2761499023e+02 6.2775598145e+02 6.2791699219e+02 6.2800500488e+02 6.2799902344e+02 6.2796899414e+02 6.2797802734e+02 6.2797399902e+02 6.2787902832e+02 6.2778698730e+02 6.2777801514e+02 6.2780999756e+02 6.2782202148e+02 6.2775500488e+02 6.2768402100e+02 6.2758197021e+02 6.2746301270e+02 6.2741400146e+02 6.2744702148e+02 6.2738702393e+02 6.2732000732e+02 6.2726397705e+02 6.2727197266e+02 6.2720001221e+02 6.2704901123e+02 6.2696502686e+02 6.2696301270e+02 6.2693597412e+02 6.2684997559e+02 6.2672198486e+02 6.2664697266e+02 6.2668103027e+02 6.2672698975e+02 6.2673400879e+02 6.2671997070e+02 6.2663897705e+02 6.2657397461e+02 6.2654101563e+02 6.2646099854e+02 6.2638397217e+02 6.2636999512e+02 6.2622100830e+02 6.2605902100e+02 6.2588299561e+02 6.2572802734e+02
6.2749298096e+02 6.2757397461e+02 6.2765899658e+02 6.2777301025e+02 6.2784802246e+02 6.2785797119e+02 6.2787298584e+02 6.2789099121e+02 6.2785900879e+02 6.2776599121e+02 6.2770800781e+02 6.2772802734e+02 6.2776599121e+02 6.2776000977e+02 6.2766900635e+02 6.2757800293e+02 6.2750701904e+02 6.2746600342e+02 6.2750598145e+02 6.2760302734e+02 6.2759301758e+02 6.2754797363e+02 6.2749499512e+02 6.2750201416e+02 6.2739300537e+02 6.2718597412e+02 6.2707098389e+02 6.2707897949e+02 6.2701397705e+02 6.2688397217e+02 6.2676599121e+02 6.2675000000e+02 6.2680798340e+02 6.2682702637e+02 6.2679101563e+02 6.2676000977e+02 6.2669000244e+02 6.2665100098e+02 6.2665002441e+02 6.2657000732e+02 6.2650701904e+02 6.2655297852e+02 6.2647497559e+02 6.2630200195e+02 6.2611199951e+02 6.2593298340e+02
6.2745001221e+02 6.2751599121e+02 6.2758001709e+02 6.2765899658e+02 6.2771398926e+02 6.2772399902e+02 6.2775000000e+02 6.2778399658e+02 6.2774200439e+02 6.2767199707e+02 6.2762799072e+02 6.2768597412e+02 6.2772900391e+02 6.2771002197e+02 6.2763397217e+02 6.2756097412e+02 6.2749200439e+02 6.2748498535e+02 6.2756896973e+02 6.2765997314e+02 6.2766601563e+02 6.2766101074e+02 6.2766699219e+02 6.2766900635e+02 6.2754699707e+02 6.2734100342e+02 6.2720397949e+02 6.2716900635e+02 6.2704998779e+02 6.2690802002e+02 6.2683398438e+02 6.2683898926e+02 6.2690002441e+02 6.2689398193e+02 6.2683599854e+02 6.2681402588e+02 6.2676599121e+02 6.2671899414e+02 6.2669897461e+02 6.2665502930e+02 6.2660400391e+02 6.2663800049e+02 6.2661798096e+02 6.2649700928e+02 6.2634899902e+02 6.2617297363e+02
6.2739801025e+02 6.2743902588e+02 6.2748400879e+02 6.2754699707e+02 6.2761102295e+02 6.2763500977e+02 6.2765802002e+02 6.2770098877e+02 6.2769097900e+02 6.2765002441e+02 6.2761401367e+02 6.2764697266e+02 6.2767297363e+02 6.2764697266e+02 6.2758801270e+02 6.2754400635e+02 6.2750598145e+02 6.2752502441e+02 6.2760998535e+02 6.2768298340e+02 6.2765698242e+02 6.2762902832e+02 6.2763397217e+02 6.2761700439e+02 6.2751599121e+02 6.2738098145e+02 6.2728002930e+02 6.2719897461e+02 6.2706201172e+02 6.2696398926e+02 6.2693402100e+02 6.2695898438e+02 6.2700799561e+02 6.2696197510e+02 6.2684899902e+02 6.2681500244e+02 6.2679400635e+02 6.2677502441e+02 6.2675701904e+02 6.2673699951e+02 6.2669000244e+02 6.2669201660e+02 6.2668298340e+02 6.2660699463e+02 6.2653198242e+02 6.2641497803e+02
6.2738000488e+02 6.2742102051e+02 6.2746697998e+02 6.2752502441e+02 6.2757000732e+02 6.2758502197e+02 6.2761199951e+02 6.2765002441e+02 6.2764300537e+02 6.2761602783e+02 6.2759600830e+02 6.2761297607e+02 6.2761999512e+02 6.2758898926e+02 6.2753900146e+02 6.2752801514e+02 6.2753601074e+02 6.2756097412e+02 6.2758801270e+02 6.2761602783e+02 6.2759301758e+02 6.2754199219e+02 6.2752697754e+02 6.2748999023e+02 6.2741497803e+02 6.2732800293e+02 6.2727398682e+02 6.2721600342e+02 6.2713800049e+02 6.2710198975e+02 6.2707098389e+02 6.2706799316e+02 6.2711401367e+02 6.2708300781e+02 6.2696301270e+02 6.2687500000e+02 6.2682598877e+02 6.2680902100e+02 6.2682098389e+02 6.2682000732e+02 6.2676702881e+02 6.2675897217e+02 6.2675000000e+02 6.2667102051e+02 6.2661102295e+02 6.2651000977e+02
6.2736297607e+02 6.2739697266e+02 6.2745501709e+02 6.2752398682e+02 6.2754602051e+02 6.2754302979e+02 6.2758001709e+02 6.2762097168e+02 6.2761297607e+02 6.2759002686e+02 6.2757800293e+02 6.2758001709e+02 6.2756799316e+02 6.2754199219e+02 6.2752398682e+02 6.2755102539e+02 6.2759002686e+02 6.2760900879e+02 6.2758898926e+02 6.2758099365e+02 6.2756097412e+02 6.2749902344e+02 6.2745697021e+02 6.2744201660e+02 6.2738098145e+02 6.2730297852e+02 6.2726300049e+02 6.2724200439e+02 6.2722998047e+02 6.2722998047e+02 6.2717700195e+02 6.2716198730e+02 6.2720397949e+02 6.2718597412e+02 6.2707501221e+02 6.2694299316e+02 6.2687701416e+02 6.2685998535e+02 6.2686798096e+02 6.2685900879e+02 6.2682598877e+02 6.2681500244e+02 6.2678802490e+02 6.2670697021e+02 6.2665002441e+02 6.2654602051e+02
6.2735400391e+02 6.2737097168e+02 6.2740600586e+02 6.2747900391e+02 6.2750598145e+02 6.2751397705e+02 6.2755999756e+02 6.2760900879e+02 6.2760900879e+02 6.2758001709e+02 6.2756799316e+02 6.2754302979e+02 6.2751397705e+02 6.2750402832e+02 6.2754199219e+02 6.2758898926e+02 6.2763098145e+02 6.2764001465e+02 6.2760302734e+02 6.2759399414e+02 6.2757800293e+02 6.2751397705e+02 6.2746301270e+02 6.2746899414e+02 6.2736901855e+02 6.2726800537e+02 6.2725897217e+02 6.2723901367e+02 6.2722900391e+02 6.2722497559e+02 6.2718499756e+02 6.2720202637e+02 6.2724200439e+02 6.2721997070e+02 6.2712902832e+02 6.2701501465e+02 6.2695001221e+02 6.2692498779e+02 6.2692401123e+02 6.2691601563e+02 6.2688598633e+02 6.2684997559e+02 6.2680102539e+02 6.2673901367e+02 6.2669000244e+02 6.2660101318e+02
6.2732397461e+02 6.2732098389e+02 6.2734997559e+02 6.2741998291e+02 6.2746002197e+02 6.2748400879e+02 6.2753497314e+02 6.2758502197e+02 6.2759301758e+02 6.2756201172e+02 6.2753198242e+02 6.2751202393e+02 6.2748699951e+02 6.2748199463e+02 6.2752197266e+02 6.2757299805e+02 6.2761401367e+02 6.2762097168e+02 6.2758502197e+02 6.2758898926e+02 6.2754101563e+02 6.2747698975e+02 6.2748999023e+02 6.2751800537e+02 6.2738702393e+02 6.2723699951e+02 6.2721801758e+02 6.2721801758e+02 6.2719201660e+02 6.2717498779e+02 6.2715100098e+02 6.2719299316e+02 6.2724597168e+02 6.2722900391e+02 6.2715698242e+02 6.2708898926e+02 6.2703399658e+02 6.2699499512e+02 6.2697601318e+02 6.2695001221e+02 6.2690802002e+02 6.2688397217e+02 6.2683599854e+02 6.2678698730e+02 6.2671197510e+02 6.2659802246e+02
6.2725799561e+02 6.2725299072e+02 6.2727697754e+02 6.2733898926e+02 6.2738500977e+02 6.2742401123e+02 6.2748498535e+02 6.2754199219e+02 6.2755798340e+02 6.2753302002e+02 6.2749200439e+02 6.2747698975e+02 6.2746502686e+02 6.2746502686e+02 6.2750000000e+02 6.2754998779e+02 6.2759100342e+02 6.2759698486e+02 6.2755999756e+02 6.2755700684e+02 6.2750299072e+02 6.2745300293e+02 6.2746301270e+02 6.2746099854e+02 6.2735601807e+02 6.2721398926e+02 6.2717297363e+02 6.2716601563e+02 6.2713702393e+02 6.2712701416e+02 6.2713500977e+02 6.2718701172e+02 6.2722698975e+02 6.2719702148e+02 6.2712200928e+02 6.2706896973e+02 6.2703399658e+02 6.2700402832e+02 6.2697198486e+02 6.2694299316e+02 6.2690197754e+02 6.2688500977e+02 6.2682598877e+02 6.2677801514e+02 6.2668798828e+02 6.2655999756e+02
6.2716802979e+02 6.2716900635e+02 6.2719799805e+02 6.2726300049e+02 6.2731500244e+02 6.2736199951e+02 6.2742797852e+02 6.2748602295e+02 6.2750799561e+02 6.2748999023e+02 6.2744500732e+02 6.2743499756e+02 6.2742901611e+02 6.2743200684e+02 6.2746600342e+02 6.2751501465e+02 6.2754998779e+02 6.2754699707e+02 6.2750299072e+02 6.2747698975e+02 6.2743798828e+02 6.2738800049e+02 6.2735101318e+02 6.2732000732e+02 6.2726202393e+02 6.2716900635e+02 6.2714099121e+02 6.2715197754e+02 6.2712902832e+02 6.2710998535e+02 6.2712701416e+02 6.2715502930e+02 6.2715002441e+02 6.2709197998e+02 6.2702301025e+02 6.2697900391e+02 6.2694500732e+02 6.2691400146e+02 6.2687597656e+02 6.2684997559e+02 6.2683697510e+02 6.2683099365e+02 6.2673999023e+02 6.2668103027e+02 6.2659197998e+02 6.2647998047e+02
6.2710101318e+02 6.2710699463e+02 6.2713000488e+02 6.2720697021e+02 6.2726397705e+02 6.2730700684e+02 6.2736901855e+02 6.2741699219e+02 6.2744097900e+02 6.2742901611e+02 6.2739898682e+02 6.2739898682e+02 6.2739001465e+02 6.2738702393e+02 6.2741699219e+02 6.2746002197e+02 6.2747998047e+02 6.2746502686e+02 6.2742297363e+02 6.2737500000e+02 6.2733697510e+02 6.2729498291e+02 6.2728100586e+02 6.2727197266e+02 6.2724298096e+02 6.2718402100e+02 6.2715802002e+02 6.2718200684e+02 6.2717797852e+02 6.2713598633e+02 6.2707397461e+02 6.2704797363e+02 6.2698999023e+02 6.2692401123e+02 6.2686999512e+02 6.2682098389e+02 6.2677899170e+02 6.2674798584e+02 6.2672497559e+02 6.2669598389e+02 6.2669799805e+02 6.2668798828e+02 6.2655200195e+02 6.2643597412e+02 6.2635400391e+02 6.2629498291e+02
6.2705603027e+02 6.2706799316e+02 6.2709802246e+02 6.2715100098e+02 6.2720001221e+02 6.2722998047e+02 6.2727301025e+02 6.2732202148e+02 6.2734802246e+02 6.2734002686e+02 6.2731799316e+02 6.2732501221e+02 6.2731701660e+02 6.2731402588e+02 6.2734301758e+02 6.2738000488e+02 6.2739398193e+02 6.2738702393e+02 6.2737402344e+02 6.2733398438e+02 6.2727301025e+02 6.2724499512e+02 6.2727301025e+02 6.2728900146e+02 6.2725402832e+02 6.2718103027e+02 6.2714202881e+02 6.2715399170e+02 6.2713000488e+02 6.2705297852e+02 6.2695098877e+02 6.2687500000e+02 6.2680200195e+02 6.2674102783e+02 6.2669201660e+02 6.2663702393e+02 6.2659197998e+02 6.2653997803e+02 6.2646697998e+02 6.2641802979e+02 6.2639099121e+02 6.2636102295e+02 6.2626800537e+02 6.2614501953e+02 6.2606201172e+02 6.2602502441e+02
6.2704302979e+02 6.2706298828e+02 6.2709301758e+02 6.2711297607e+02 6.2715502930e+02 6.2717797852e+02 6.2720501709e+02 6.2723999023e+02 6.2725799561e+02 6.2725000000e+02 6.2723400879e+02 6.2723400879e+02 6.2723101807e+02 6.2723498535e+02 6.2725701904e+02 6.2727099609e+02 6.2728302002e+02 6.2728698730e+02 6.2727600098e+02 6.2724902344e+02 6.2720202637e+02 6.2719897461e+02 6.2725402832e+02 6.2726501465e+02 6.2723400879e+02 6.2715600586e+02 6.2708099365e+02 6.2703900146e+02 6.2698297119e+02 6.2690002441e+02 6.2681597900e+02 6.2674700928e+02 6.2668103027e+02 6.2662500000e+02 6.2657598877e+02 6.2651599121e+02 6.2645501709e+02 6.2638397217e+02 6.2628997803e+02 6.2620898438e+02 6.2613299561e+02 6.2607397461e+02 6.2604302979e+02 6.2595800781e+02 6.2588299561e+02 6.2583398438e+02
6.2707501221e+02 6.2710302734e+02 6.2711499023e+02 6.2712298584e+02 6.2715802002e+02 6.2717102051e+02 6.2718902588e+02 6.2720697021e+02 6.2721002197e+02 6.2719702148e+02 6.2718597412e+02 6.2717999268e+02 6.2717797852e+02 6.2718298340e+02 6.2719097900e+02 6.2718798828e+02 6.2720001221e+02 6.2720898438e+02 6.2719500732e+02 6.2717498779e+02 6.2713201904e+02 6.2711901855e+02 6.2716900635e+02 6.2716802979e+02 6.2714202881e+02 6.2707202148e+02 6.2698400879e+02 6.2691101074e+02 6.2684301758e+02 6.2677301025e+02 6.2672100830e+02 6.2667901611e+02 6.2663201904e+02 6.2658001709e+02 6.2652600098e+02 6.2646099854e+02 6.2638201904e+02 6.2631097412e+02 6.2623400879e+02 6.2616400146e+02 6.2606500244e+02 6.2597198486e+02 6.2592498779e+02 6.2586999512e+02 6.2580999756e+02 6.2574597168e+02
