TESTSERVER/13/0.asc
NCOLS 100
NROWS 100
XLLCORNER 8.1497500000e+03
YLLCORNER 2.8995025000e+05
CELLSIZE 5.0000000000e-01
NODATA_VALUE -9.9990000000e+03
[rows 20 to 39 of 100, columns 46 to 91 of 100]
6.7749298096e+02 6.7753497314e+02 6.7755401611e+02 6.7779400635e+02 6.7814599609e+02 6.7853802490e+02 6.7882800293e+02 6.7910101318e+02 6.7930102539e+02 6.7947302246e+02 6.7967199707e+02 6.7994299316e+02 6.8022302246e+02 6.8043798828e+02 6.8066198730e+02 6.8091601563e+02 6.8114898682e+02 6.8137902832e+02 6.8156896973e+02 6.8161401367e+02 6.8176702881e+02 6.8195501709e+02 6.8209497070e+02 6.8220397949e+02 6.8234002686e+02 6.8246398926e+02 6.8254699707e+02 6.8265399170e+02 6.8265100098e+02 6.8261999512e+02 6.8267401123e+02 6.8275201416e+02 6.8287799072e+02 6.8308001709e+02 6.8333898926e+02 6.8382598877e+02 6.8413098145e+02 6.8430102539e+02 6.8448699951e+02 6.8470300293e+02 6.8500097656e+02 6.8528900146e+02 6.8540899658e+02 6.8543200684e+02 6.8545898438e+02 6.8556500244e+02
6.7737799072e+02 6.7741497803e+02 6.7764300537e+02 6.7791400146e+02 6.7817901611e+02 6.7854498291e+02 6.7884997559e+02 6.7912298584e+02 6.7931097412e+02 6.7950799561e+02 6.7968402100e+02 6.7992102051e+02 6.8017498779e+02 6.8042797852e+02 6.8068701172e+02 6.8091998291e+02 6.8118902588e+02 6.8141699219e+02 6.8157202148e+02 6.8164398193e+02 6.8180401611e+02 6.8199798584e+02 6.8214501953e+02 6.8226599121e+02 6.8245800781e+02 6.8258801270e+02 6.8266497803e+02 6.8284002686e+02 6.8294799805e+02 6.8296899414e+02 6.8295098877e+02 6.8290301514e+02 6.8298101807e+02 6.8311499023e+02 6.8327197266e+02 6.8352398682e+02 6.8392700195e+02 6.8426202393e+02 6.8453698730e+02 6.8473602295e+02 6.8495202637e+02 6.8522399902e+02 6.8541302490e+02 6.8547497559e+02 6.8549499512e+02 6.8556201172e+02
6.7726501465e+02 6.7748602295e+02 6.7784301758e+02 6.7802697754e+02 6.7824597168e+02 6.7860797119e+02 6.7888702393e+02 6.7913702393e+02 6.7933801270e+02 6.7953698730e+02 6.7972198486e+02 6.7992199707e+02 6.8012799072e+02 6.8045001221e+02 6.8080700684e+02 6.8102197266e+02 6.8123101807e+02 6.8142199707e+02 6.8155999756e+02 6.8173400879e+02 6.8191400146e+02 6.8206298828e+02 6.8217498779e+02 6.8232501221e+02 6.8253900146e+02 6.8266802979e+02 6.8272302246e+02 6.8290502930e+02 6.8309600830e+02 6.8321099854e+02 6.8325299072e+02 6.8320697021e+02 6.8318902588e+02 6.8322399902e+02 6.8331402588e+02 6.8340698242e+02 6.8365600586e+02 6.8398602295e+02 6.8437298584e+02 6.8470098877e+02 6.8492297363e+02 6.8512597656e+02 6.8530999756e+02 6.8542498779e+02 6.8551702881e+02 6.8562097168e+02
6.7732598877e+02 6.7772302246e+02 6.7805401611e+02 6.7819500732e+02 6.7832098389e+02 6.7865802002e+02 6.7895800781e+02 6.7916802979e+02 6.7935101318e+02 6.7951898193e+02 6.7974700928e+02 6.7998999023e+02 6.8024401855e+02 6.8062902832e+02 6.8099298096e+02 6.8112799072e+02 6.8120800781e+02 6.8136401367e+02 6.8156500244e+02 6.8178601074e+02 6.8195501709e+02 6.8207501221e+02 6.8219500732e+02 6.8236102295e+02 6.8255200195e+02 6.8268597412e+02 6.8277801514e+02 6.8294396973e+02 6.8315002441e+02 6.8331597900e+02 6.8342602539e+02 6.8349200439e+02 6.8345300293e+02 6.8339501953e+02 6.8341198730e+02 6.8349401855e+02 6.8359301758e+02 6.8375000000e+02 6.8404302979e+02 6.8445300293e+02 6.8482299805e+02 6.8509899902e+02 6.8526599121e+02 6.8539099121e+02 6.8550000000e+02 6.8562902832e+02
6.7754699707e+02 6.7786901855e+02 6.7807501221e+02 6.7832000732e+02 6.7843597412e+02 6.7869000244e+02 6.7900299072e+02 6.7920300293e+02 6.7938500977e+02 6.7953900146e+02 6.7978900146e+02 6.8009997559e+02 6.8045098877e+02 6.8082598877e+02 6.8111602783e+02 6.8117102051e+02 6.8121697998e+02 6.8138897705e+02 6.8158197021e+02 6.8178900146e+02 6.8195397949e+02 6.8207897949e+02 6.8225500488e+02 6.8238500977e+02 6.8251702881e+02 6.8266699219e+02 6.8282397461e+02 6.8305401611e+02 6.8325097656e+02 6.8338098145e+02 6.8345697021e+02 6.8358300781e+02 6.8367102051e+02 6.8367199707e+02 6.8364099121e+02 6.8361901855e+02 6.8368298340e+02 6.8377301025e+02 6.8389202881e+02 6.8412200928e+02 6.8453497314e+02 6.8494598389e+02 6.8523498535e+02 6.8535797119e+02 6.8541998291e+02 6.8556298828e+02
6.7772698975e+02 6.7803698730e+02 6.7823901367e+02 6.7845098877e+02 6.7861401367e+02 6.7879797363e+02 6.7897100830e+02 6.7914898682e+02 6.7936602783e+02 6.7956097412e+02 6.7984100342e+02 6.8027502441e+02 6.8066998291e+02 6.8090002441e+02 6.8105700684e+02 6.8113598633e+02 6.8118499756e+02 6.8135198975e+02 6.8155200195e+02 6.8179602051e+02 6.8197302246e+02 6.8210601807e+02 6.8231097412e+02 6.8240399170e+02 6.8250402832e+02 6.8265301514e+02 6.8285498047e+02 6.8314697266e+02 6.8336798096e+02 6.8343597412e+02 6.8350097656e+02 6.8364202881e+02 6.8378601074e+02 6.8385498047e+02 6.8388800049e+02 6.8383898926e+02 6.8380200195e+02 6.8384301758e+02 6.8395898438e+02 6.8405297852e+02 6.8422601318e+02 6.8450897217e+02 6.8492602539e+02 6.8518499756e+02 6.8531500244e+02 6.8553002930e+02
6.7790802002e+02 6.7818200684e+02 6.7832598877e+02 6.7849298096e+02 6.7872198486e+02 6.7890502930e+02 6.7899798584e+02 6.7919097900e+02 6.7941802979e+02 6.7966198730e+02 6.8000097656e+02 6.8041802979e+02 6.8073901367e+02 6.8085498047e+02 6.8089898682e+02 6.8102697754e+02 6.8117297363e+02 6.8141302490e+02 6.8161999512e+02 6.8184197998e+02 6.8198400879e+02 6.8211499023e+02 6.8230297852e+02 6.8242700195e+02 6.8255297852e+02 6.8269702148e+02 6.8290197754e+02 6.8317999268e+02 6.8340502930e+02 6.8348699951e+02 6.8354998779e+02 6.8366400146e+02 6.8382598877e+02 6.8396697998e+02 6.8405999756e+02 6.8410400391e+02 6.8409002686e+02 6.8405499268e+02 6.8407501221e+02 6.8413702393e+02 6.8422497559e+02 6.8434899902e+02 6.8461297607e+02 6.8489898682e+02 6.8513098145e+02 6.8541998291e+02
6.7796197510e+02 6.7816400146e+02 6.7826599121e+02 6.7846801758e+02 6.7873400879e+02 6.7892498779e+02 6.7905999756e+02 6.7928997803e+02 6.7950598145e+02 6.7977801514e+02 6.8013800049e+02 6.8044500732e+02 6.8071398926e+02 6.8082501221e+02 6.8084301758e+02 6.8099200439e+02 6.8121997070e+02 6.8148699951e+02 6.8165301514e+02 6.8183300781e+02 6.8197497559e+02 6.8214398193e+02 6.8228302002e+02 6.8243402100e+02 6.8261602783e+02 6.8278302002e+02 6.8298297119e+02 6.8317797852e+02 6.8333898926e+02 6.8341497803e+02 6.8349499512e+02 6.8367102051e+02 6.8386700439e+02 6.8401202393e+02 6.8413201904e+02 6.8428100586e+02 6.8437402344e+02 6.8434399414e+02 6.8428698730e+02 6.8430603027e+02 6.8434399414e+02 6.8442102051e+02 6.8452600098e+02 6.8470898438e+02 6.8492602539e+02 6.8521398926e+02
6.7783801270e+02 6.7800299072e+02 6.7813598633e+02 6.7842297363e+02 6.7866998291e+02 6.7888000488e+02 6.7906896973e+02 6.7935998535e+02 6.7960198975e+02 6.7988098145e+02 6.8021502686e+02 6.8046197510e+02 6.8071301270e+02 6.8085498047e+02 6.8086999512e+02 6.8103802490e+02 6.8127899170e+02 6.8149102783e+02 6.8164697266e+02 6.8179199219e+02 6.8193701172e+02 6.8213000488e+02 6.8228002930e+02 6.8244897461e+02 6.8266497803e+02 6.8285302734e+02 6.8301702881e+02 6.8311901855e+02 6.8322900391e+02 6.8329998779e+02 6.8342602539e+02 6.8370800781e+02 6.8392901611e+02 6.8404901123e+02 6.8422100830e+02 6.8435601807e+02 6.8446002197e+02 6.8451501465e+02 6.8456896973e+02 6.8461602783e+02 6.8454199219e+02 6.8453698730e+02 6.8459002686e+02 6.8469299316e+02 6.8481896973e+02 6.8501098633e+02
6.7784301758e+02 6.7795098877e+02 6.7819299316e+02 6.7845898438e+02 6.7869799805e+02 6.7893298340e+02 6.7912902832e+02 6.7944396973e+02 6.7972601318e+02 6.7996997070e+02 6.8022399902e+02 6.8048400879e+02 6.8068701172e+02 6.8083197021e+02 6.8096697998e+02 6.8114801025e+02 6.8128302002e+02 6.8146899414e+02 6.8165002441e+02 6.8179998779e+02 6.8193200684e+02 6.8210601807e+02 6.8228802490e+02 6.8249700928e+02 6.8269201660e+02 6.8286901855e+02 6.8305297852e+02 6.8315899658e+02 6.8326098633e+02 6.8332202148e+02 6.8344799805e+02 6.8374499512e+02 6.8395300293e+02 6.8411999512e+02 6.8430700684e+02 6.8441400146e+02 6.8451000977e+02 6.8461401367e+02 6.8471002197e+02 6.8489801025e+02 6.8492498779e+02 6.8482000732e+02 6.8471997070e+02 6.8475097656e+02 6.8484197998e+02 6.8500598145e+02
6.7788098145e+02 6.7800897217e+02 6.7833001709e+02 6.7853997803e+02 6.7875500488e+02 6.7902697754e+02 6.7929998779e+02 6.7957397461e+02 6.7982000732e+02 6.8004498291e+02 6.8026300049e+02 6.8050799561e+02 6.8066802979e+02 6.8083197021e+02 6.8102801514e+02 6.8114697266e+02 6.8124200439e+02 6.8147900391e+02 6.8165997314e+02 6.8182397461e+02 6.8197497559e+02 6.8215301514e+02 6.8235101318e+02 6.8258398438e+02 6.8276397705e+02 6.8290399170e+02 6.8306799316e+02 6.8319500732e+02 6.8330902100e+02 6.8337701416e+02 6.8351000977e+02 6.8375799561e+02 6.8394500732e+02 6.8416302490e+02 6.8439501953e+02 6.8449902344e+02 6.8457098389e+02 6.8467297363e+02 6.8476501465e+02 6.8492999268e+02 6.8505902100e+02 6.8510797119e+02 6.8506097412e+02 6.8503997803e+02 6.8503100586e+02 6.8507702637e+02
6.7792797852e+02 6.7813201904e+02 6.7840002441e+02 6.7858801270e+02 6.7880999756e+02 6.7909497070e+02 6.7941101074e+02 6.7963000488e+02 6.7985797119e+02 6.8008697510e+02 6.8029199219e+02 6.8050598145e+02 6.8064801025e+02 6.8082897949e+02 6.8102697754e+02 6.8108599854e+02 6.8122399902e+02 6.8147998047e+02 6.8165802002e+02 6.8183197021e+02 6.8197698975e+02 6.8216497803e+02 6.8237902832e+02 6.8264801025e+02 6.8283697510e+02 6.8294598389e+02 6.8303900146e+02 6.8315899658e+02 6.8329199219e+02 6.8338500977e+02 6.8354199219e+02 6.8378802490e+02 6.8396099854e+02 6.8417498779e+02 6.8440802002e+02 6.8454498291e+02 6.8461602783e+02 6.8471502686e+02 6.8483001709e+02 6.8493499756e+02 6.8504199219e+02 6.8520300293e+02 6.8534002686e+02 6.8543200684e+02 6.8540502930e+02 6.8536102295e+02
6.7794396973e+02 6.7821301270e+02 6.7844500732e+02 6.7865802002e+02 6.7890600586e+02 6.7914398193e+02 6.7933898926e+02 6.7960101318e+02 6.7986401367e+02 6.8007702637e+02 6.8024902344e+02 6.8044702148e+02 6.8061700439e+02 6.8081298828e+02 6.8101300049e+02 6.8114099121e+02 6.8129998779e+02 6.8146997070e+02 6.8164001465e+02 6.8182800293e+02 6.8198797607e+02 6.8219000244e+02 6.8238098145e+02 6.8262402344e+02 6.8281298828e+02 6.8293902588e+02 6.8300000000e+02 6.8313800049e+02 6.8326098633e+02 6.8336700439e+02 6.8358599854e+02 6.8378198242e+02 6.8393200684e+02 6.8413897705e+02 6.8435400391e+02 6.8452801514e+02 6.8460498047e+02 6.8478497314e+02 6.8493902588e+02 6.8501599121e+02 6.8506597900e+02 6.8517999268e+02 6.8534100342e+02 6.8551000977e+02 6.8564202881e+02 6.8576300049e+02
6.7802398682e+02 6.7833697510e+02 6.7855102539e+02 6.7879699707e+02 6.7908502197e+02 6.7927801514e+02 6.7937500000e+02 6.7958001709e+02 6.7988000488e+02 6.8008502197e+02 6.8023999023e+02 6.8044201660e+02 6.8060998535e+02 6.8080499268e+02 6.8098400879e+02 6.8113598633e+02 6.8130297852e+02 6.8149499512e+02 6.8166699219e+02 6.8177899170e+02 6.8195300293e+02 6.8219097900e+02 6.8240002441e+02 6.8257598877e+02 6.8272601318e+02 6.8285101318e+02 6.8292602539e+02 6.8307098389e+02 6.8323498535e+02 6.8339300537e+02 6.8363598633e+02 6.8379400635e+02 6.8390802002e+02 6.8410900879e+02 6.8434399414e+02 6.8450598145e+02 6.8469799805e+02 6.8505401611e+02 6.8501202393e+02 6.8504498291e+02 6.8512799072e+02 6.8522198486e+02 6.8532897949e+02 6.8545098877e+02 6.8563000488e+02 6.8586297607e+02
6.7816802979e+02 6.7840997314e+02 6.7865002441e+02 6.7887902832e+02 6.7910601807e+02 6.7925000000e+02 6.7933801270e+02 6.7952801514e+02 6.7984497070e+02 6.8011199951e+02 6.8032800293e+02 6.8050097656e+02 6.8064202881e+02 6.8084899902e+02 6.8106701660e+02 6.8119396973e+02 6.8133697510e+02 6.8152398682e+02 6.8169299316e+02 6.8178601074e+02 6.8194000244e+02 6.8216601563e+02 6.8238897705e+02 6.8255603027e+02 6.8269201660e+02 6.8280902100e+02 6.8289599609e+02 6.8306298828e+02 6.8326098633e+02 6.8345397949e+02 6.8369598389e+02 6.8380999756e+02 6.8391900635e+02 6.8406799316e+02 6.8426898193e+02 6.8445300293e+02 6.8477502441e+02 6.8522900391e+02 6.8518103027e+02 6.8523101807e+02 6.8525299072e+02 6.8525402832e+02 6.8531402588e+02 6.8543902588e+02 6.8561102295e+02 6.8584497070e+02
6.7828198242e+02 6.7844000244e+02 6.7870397949e+02 6.7889202881e+02 6.7898297119e+02 6.7914099121e+02 6.7930999756e+02 6.7949499512e+02 6.7979998779e+02 6.8010302734e+02 6.8034802246e+02 6.8054901123e+02 6.8071301270e+02 6.8090100098e+02 6.8116400146e+02 6.8125000000e+02 6.8141198730e+02 6.8158599854e+02 6.8169396973e+02 6.8182299805e+02 6.8197802734e+02 6.8217999268e+02 6.8237097168e+02 6.8254797363e+02 6.8268701172e+02 6.8279797363e+02 6.8290600586e+02 6.8310900879e+02 6.8330499268e+02 6.8348901367e+02 6.8375000000e+02 6.8386901855e+02 6.8395697021e+02 6.8407098389e+02 6.8425500488e+02 6.8446301270e+02 6.8470697021e+02 6.8505297852e+02 6.8517401123e+02 6.8526501465e+02 6.8527099609e+02 6.8526397705e+02 6.8529699707e+02 6.8545397949e+02 6.8564099121e+02 6.8584301758e+02
6.7839398193e+02 6.7860198975e+02 6.7888897705e+02 6.7897198486e+02 6.7897497559e+02 6.7913702393e+02 6.7934301758e+02 6.7948797607e+02 6.7978399658e+02 6.8006097412e+02 6.8022900391e+02 6.8052899170e+02 6.8073901367e+02 6.8089898682e+02 6.8109497070e+02 6.8124700928e+02 6.8146600342e+02 6.8165399170e+02 6.8176599121e+02 6.8184197998e+02 6.8200402832e+02 6.8219598389e+02 6.8238397217e+02 6.8255297852e+02 6.8269396973e+02 6.8280297852e+02 6.8291198730e+02 6.8314300537e+02 6.8334100342e+02 6.8348400879e+02 6.8370898438e+02 6.8387902832e+02 6.8402502441e+02 6.8414599609e+02 6.8428802490e+02 6.8456201172e+02 6.8472601318e+02 6.8492498779e+02 6.8510498047e+02 6.8520300293e+02 6.8522601318e+02 6.8524298096e+02 6.8528601074e+02 6.8551000977e+02 6.8571600342e+02 6.8595098877e+02
6.7842999268e+02 6.7865899658e+02 6.7888598633e+02 6.7897497559e+02 6.7902001953e+02 6.7920697021e+02 6.7940502930e+02 6.7956500244e+02 6.7980700684e+02 6.8007098389e+02 6.8030200195e+02 6.8057897949e+02 6.8083398438e+02 6.8097601318e+02 6.8110601807e+02 6.8123999023e+02 6.8140802002e+02 6.8157000732e+02 6.8170202637e+02 6.8183898926e+02 6.8201599121e+02 6.8221697998e+02 6.8240802002e+02 6.8259100342e+02 6.8275500488e+02 6.8286798096e+02 6.8297399902e+02 6.8318798828e+02 6.8342401123e+02 6.8356097412e+02 6.8376202393e+02 6.8390197754e+02 6.8402600098e+02 6.8418200684e+02 6.8438598633e+02 6.8457598877e+02 6.8473101807e+02 6.8494799805e+02 6.8511102295e+02 6.8517602539e+02 6.8521502686e+02 6.8528198242e+02 6.8538201904e+02 6.8562902832e+02 6.8586102295e+02 6.8608099365e+02
6.7851898193e+02 6.7867102051e+02 6.7885400391e+02 6.7897198486e+02 6.7908001709e+02 6.7927697754e+02 6.7945397949e+02 6.7967401123e+02 6.7988397217e+02 6.8010797119e+02 6.8033898926e+02 6.8055999756e+02 6.8084002686e+02 6.8101397705e+02 6.8111297607e+02 6.8124597168e+02 6.8144598389e+02 6.8159899902e+02 6.8169598389e+02 6.8185302734e+02 6.8202398682e+02 6.8220800781e+02 6.8241802979e+02 6.8269097900e+02 6.8289898682e+02 6.8301000977e+02 6.8310498047e+02 6.8335302734e+02 6.8358599854e+02 6.8370397949e+02 6.8383801270e+02 6.8389801025e+02 6.8396697998e+02 6.8415802002e+02 6.8443200684e+02 6.8457598877e+02 6.8470800781e+02 6.8489599609e+02 6.8505999756e+02 6.8515600586e+02 6.8520501709e+02 6.8536297607e+02 6.8553399658e+02 6.8568402100e+02 6.8590698242e+02 6.8611602783e+02
6.7863800049e+02 6.7873999023e+02 6.7893103027e+02 6.7907897949e+02 6.7921099854e+02 6.7938299561e+02 6.7951000977e+02 6.7973797607e+02 6.7995001221e+02 6.8015301514e+02 6.8032702637e+02 6.8054101563e+02 6.8078698730e+02 6.8094396973e+02 6.8108300781e+02 6.8129302979e+02 6.8157397461e+02 6.8171197510e+02 6.8174798584e+02 6.8189099121e+02 6.8203900146e+02 6.8221301270e+02 6.8241802979e+02 6.8265600586e+02 6.8288000488e+02 6.8304199219e+02 6.8320202637e+02 6.8344299316e+02 6.8362097168e+02 6.8375299072e+02 6.8388201904e+02 6.8392901611e+02 6.8397198486e+02 6.8411401367e+02 6.8431097412e+02 6.8447601318e+02 6.8467199707e+02 6.8486102295e+02 6.8503100586e+02 6.8525000000e+02 6.8528302002e+02 6.8539099121e+02 6.8560101318e+02 6.8576300049e+02 6.8593298340e+02 6.8611901855e+02
