TESTSERVER/13/0.asc
NCOLS 100
NROWS 100
XLLCORNER 8.1497500000e+03
YLLCORNER 2.8995025000e+05
CELLSIZE 5.0000000000e-01
NODATA_VALUE -9.9990000000e+03
[rows 40 to 59 of 100, columns 0 to 45 of 100]
6.6744097900e+02 6.6802502441e+02 6.6853198242e+02 6.6900201416e+02 6.6947601318e+02 6.6986602783e+02 6.7026702881e+02 6.7070397949e+02 6.7116198730e+02 6.7155200195e+02 6.7203698730e+02 6.7247100830e+02 6.7284698486e+02 6.7330401611e+02 6.7376501465e+02 6.7404602051e+02 6.7415002441e+02 6.7409399414e+02 6.7405999756e+02 6.7411199951e+02 6.7415100098e+02 6.7421301270e+02 6.7431298828e+02 6.7438702393e+02 6.7444299316e+02 6.7449102783e+02 6.7452899170e+02 6.7463897705e+02 6.7489300537e+02 6.7515301514e+02 6.7546197510e+02 6.7587200928e+02 6.7617797852e+02 6.7626599121e+02 6.7645599365e+02 6.7670098877e+02 6.7692602539e+02 6.7708398438e+02 6.7724700928e+02 6.7745697021e+02 6.7769000244e+02 6.7784899902e+02 6.7802398682e+02 6.7821899414e+02 6.7836102295e+02 6.7853100586e+02
6.6753601074e+02 6.6808502197e+02 6.6854101563e+02 6.6905499268e+02 6.6957098389e+02 6.6993402100e+02 6.7036199951e+02 6.7080798340e+02 6.7119598389e+02 6.7157000732e+02 6.7205401611e+02 6.7252899170e+02 6.7295300293e+02 6.7338299561e+02 6.7374798584e+02 6.7401098633e+02 6.7404199219e+02 6.7396600342e+02 6.7398901367e+02 6.7404302979e+02 6.7407897949e+02 6.7417199707e+02 6.7426300049e+02 6.7431402588e+02 6.7435900879e+02 6.7437097168e+02 6.7452697754e+02 6.7483502197e+02 6.7508398438e+02 6.7533801270e+02 6.7566400146e+02 6.7596697998e+02 6.7617797852e+02 6.7633300781e+02 6.7654498291e+02 6.7677899170e+02 6.7700500488e+02 6.7719799805e+02 6.7741699219e+02 6.7762799072e+02 6.7784002686e+02 6.7798602295e+02 6.7811798096e+02 6.7827600098e+02 6.7841699219e+02 6.7856896973e+02
6.6768103027e+02 6.6819897461e+02 6.6862902832e+02 6.6914202881e+02 6.6960400391e+02 6.6996600342e+02 6.7039300537e+02 6.7082202148e+02 6.7120697021e+02 6.7158197021e+02 6.7204400635e+02 6.7252697754e+02 6.7295898438e+02 6.7334899902e+02 6.7367297363e+02 6.7389599609e+02 6.7392297363e+02 6.7387597656e+02 6.7390100098e+02 6.7396600342e+02 6.7403698730e+02 6.7412402344e+02 6.7419396973e+02 6.7422698975e+02 6.7424102783e+02 6.7435302734e+02 6.7472100830e+02 6.7513000488e+02 6.7528100586e+02 6.7551098633e+02 6.7583502197e+02 6.7605200195e+02 6.7620800781e+02 6.7640997314e+02 6.7663500977e+02 6.7687200928e+02 6.7711602783e+02 6.7734899902e+02 6.7761901855e+02 6.7780999756e+02 6.7797497559e+02 6.7810998535e+02 6.7819097900e+02 6.7834100342e+02 6.7849298096e+02 6.7863800049e+02
6.6786798096e+02 6.6831597900e+02 6.6871600342e+02 6.6920202637e+02 6.6961499023e+02 6.7000598145e+02 6.7045800781e+02 6.7090399170e+02 6.7128497314e+02 6.7163897705e+02 6.7208697510e+02 6.7257800293e+02 6.7299401855e+02 6.7333001709e+02 6.7360101318e+02 6.7376800537e+02 6.7378698730e+02 6.7379400635e+02 6.7384002686e+02 6.7391802979e+02 6.7399102783e+02 6.7405102539e+02 6.7409997559e+02 6.7411602783e+02 6.7420300293e+02 6.7451702881e+02 6.7496301270e+02 6.7533801270e+02 6.7549499512e+02 6.7575701904e+02 6.7602301025e+02 6.7618103027e+02 6.7632897949e+02 6.7652899170e+02 6.7674200439e+02 6.7702600098e+02 6.7730499268e+02 6.7754998779e+02 6.7785198975e+02 6.7803497314e+02 6.7816601563e+02 6.7828100586e+02 6.7830603027e+02 6.7843701172e+02 6.7857598877e+02 6.7871600342e+02
6.6801800537e+02 6.6842700195e+02 6.6882202148e+02 6.6927697754e+02 6.6967102051e+02 6.7006097412e+02 6.7054400635e+02 6.7100799561e+02 6.7135302734e+02 6.7175000000e+02 6.7221600342e+02 6.7270599365e+02 6.7313397217e+02 6.7341802979e+02 6.7360198975e+02 6.7368499756e+02 6.7367797852e+02 6.7371801758e+02 6.7379302979e+02 6.7385302734e+02 6.7388800049e+02 6.7396801758e+02 6.7398699951e+02 6.7409399414e+02 6.7444000244e+02 6.7479901123e+02 6.7519897461e+02 6.7552697754e+02 6.7578302002e+02 6.7604199219e+02 6.7622497559e+02 6.7632501221e+02 6.7648199463e+02 6.7671099854e+02 6.7689599609e+02 6.7720697021e+02 6.7747998047e+02 6.7770397949e+02 6.7796002197e+02 6.7813299561e+02 6.7826702881e+02 6.7837701416e+02 6.7842297363e+02 6.7853002930e+02 6.7864501953e+02 6.7878302002e+02
6.6816699219e+02 6.6856597900e+02 6.6893499756e+02 6.6934399414e+02 6.6976898193e+02 6.7016101074e+02 6.7061499023e+02 6.7102197266e+02 6.7139300537e+02 6.7185998535e+02 6.7237097168e+02 6.7284600830e+02 6.7324499512e+02 6.7350598145e+02 6.7356799316e+02 6.7358099365e+02 6.7359002686e+02 6.7366198730e+02 6.7373101807e+02 6.7376800537e+02 6.7381597900e+02 6.7383898926e+02 6.7394097900e+02 6.7427099609e+02 6.7464801025e+02 6.7507202148e+02 6.7548602295e+02 6.7576000977e+02 6.7600402832e+02 6.7620599365e+02 6.7636798096e+02 6.7647802734e+02 6.7664300537e+02 6.7687200928e+02 6.7703997803e+02 6.7733099365e+02 6.7760101318e+02 6.7782202148e+02 6.7792901611e+02 6.7805401611e+02 6.7825402832e+02 6.7839697266e+02 6.7852801514e+02 6.7864801025e+02 6.7875000000e+02 6.7884600830e+02
6.6833001709e+02 6.6871697998e+02 6.6906597900e+02 6.6944299316e+02 6.6990698242e+02 6.7030401611e+02 6.7073699951e+02 6.7111901855e+02 6.7150897217e+02 6.7199798584e+02 6.7251702881e+02 6.7295800781e+02 6.7329901123e+02 6.7350000000e+02 6.7347399902e+02 6.7347399902e+02 6.7352398682e+02 6.7359802246e+02 6.7363800049e+02 6.7367199707e+02 6.7372399902e+02 6.7373901367e+02 6.7403198242e+02 6.7447100830e+02 6.7474401855e+02 6.7525897217e+02 6.7567999268e+02 6.7589099121e+02 6.7610302734e+02 6.7627801514e+02 6.7647399902e+02 6.7663397217e+02 6.7672497559e+02 6.7693902588e+02 6.7723400879e+02 6.7751000977e+02 6.7769201660e+02 6.7781597900e+02 6.7784802246e+02 6.7797802734e+02 6.7821301270e+02 6.7839697266e+02 6.7858099365e+02 6.7870697021e+02 6.7882202148e+02 6.7893701172e+02
6.6849798584e+02 6.6888000488e+02 6.6925000000e+02 6.6961602783e+02 6.7008801270e+02 6.7047698975e+02 6.7092297363e+02 6.7132598877e+02 6.7170898438e+02 6.7217102051e+02 6.7265301514e+02 6.7302899170e+02 6.7327301025e+02 6.7337701416e+02 6.7335498047e+02 6.7339599609e+02 6.7346899414e+02 6.7350897217e+02 6.7354101563e+02 6.7357800293e+02 6.7361297607e+02 6.7380200195e+02 6.7422302246e+02 6.7462500000e+02 6.7484399414e+02 6.7542797852e+02 6.7582098389e+02 6.7597900391e+02 6.7617797852e+02 6.7638000488e+02 6.7658801270e+02 6.7676000977e+02 6.7682000732e+02 6.7700500488e+02 6.7733001709e+02 6.7756201172e+02 6.7768701172e+02 6.7773901367e+02 6.7778302002e+02 6.7795898438e+02 6.7822497559e+02 6.7844396973e+02 6.7862701416e+02 6.7875299072e+02 6.7885498047e+02 6.7898999023e+02
6.6857397461e+02 6.6894500732e+02 6.6938800049e+02 6.6983697510e+02 6.7031402588e+02 6.7071301270e+02 6.7115197754e+02 6.7155798340e+02 6.7196197510e+02 6.7237902832e+02 6.7278698730e+02 6.7308898926e+02 6.7323400879e+02 6.7323999023e+02 6.7326800537e+02 6.7334600830e+02 6.7339599609e+02 6.7342102051e+02 6.7345599365e+02 6.7347399902e+02 6.7365301514e+02 6.7409301758e+02 6.7453802490e+02 6.7489001465e+02 6.7512597656e+02 6.7565197754e+02 6.7596997070e+02 6.7611401367e+02 6.7634100342e+02 6.7655499268e+02 6.7673602295e+02 6.7692199707e+02 6.7700897217e+02 6.7715698242e+02 6.7741198730e+02 6.7758599854e+02 6.7765301514e+02 6.7772698975e+02 6.7785601807e+02 6.7803198242e+02 6.7823602295e+02 6.7848101807e+02 6.7867401123e+02 6.7883099365e+02 6.7897497559e+02 6.7910302734e+02
6.6867102051e+02 6.6913500977e+02 6.6965802002e+02 6.7008300781e+02 6.7048297119e+02 6.7083697510e+02 6.7127398682e+02 6.7169000244e+02 6.7206597900e+02 6.7254199219e+02 6.7291198730e+02 6.7309399414e+02 6.7314099121e+02 6.7317102051e+02 6.7321502686e+02 6.7327697754e+02 6.7330999756e+02 6.7332702637e+02 6.7332598877e+02 6.7344097900e+02 6.7385998535e+02 6.7432000732e+02 6.7484698486e+02 6.7528900146e+02 6.7555401611e+02 6.7584698486e+02 6.7602301025e+02 6.7622399902e+02 6.7651702881e+02 6.7668200684e+02 6.7683502197e+02 6.7707897949e+02 6.7724401855e+02 6.7738299561e+02 6.7754498291e+02 6.7767999268e+02 6.7777398682e+02 6.7788598633e+02 6.7804797363e+02 6.7823101807e+02 6.7843402100e+02 6.7860498047e+02 6.7876000977e+02 6.7892700195e+02 6.7907202148e+02 6.7923297119e+02
6.6886401367e+02 6.6942797852e+02 6.6993402100e+02 6.7028100586e+02 6.7061297607e+02 6.7100897217e+02 6.7143298340e+02 6.7180700684e+02 6.7220001221e+02 6.7268902588e+02 6.7297198486e+02 6.7304199219e+02 6.7303997803e+02 6.7310601807e+02 6.7316802979e+02 6.7320898438e+02 6.7323297119e+02 6.7323498535e+02 6.7328497314e+02 6.7360198975e+02 6.7411102295e+02 6.7452502441e+02 6.7509802246e+02 6.7554498291e+02 6.7581402588e+02 6.7600598145e+02 6.7617401123e+02 6.7642102051e+02 6.7673797607e+02 6.7692498779e+02 6.7707299805e+02 6.7727001953e+02 6.7741998291e+02 6.7755798340e+02 6.7768701172e+02 6.7781097412e+02 6.7795397949e+02 6.7808801270e+02 6.7823297119e+02 6.7838397217e+02 6.7861999512e+02 6.7877301025e+02 6.7888598633e+02 6.7902899170e+02 6.7917199707e+02 6.7932598877e+02
6.6902502441e+02 6.6957397461e+02 6.7005499268e+02 6.7040301514e+02 6.7073999023e+02 6.7118103027e+02 6.7158398438e+02 6.7197302246e+02 6.7238598633e+02 6.7277398682e+02 6.7292901611e+02 6.7294299316e+02 6.7297399902e+02 6.7304400635e+02 6.7309600830e+02 6.7313000488e+02 6.7314697266e+02 6.7317797852e+02 6.7338201904e+02 6.7384301758e+02 6.7435498047e+02 6.7478698730e+02 6.7529602051e+02 6.7565502930e+02 6.7592297363e+02 6.7614801025e+02 6.7633502197e+02 6.7656896973e+02 6.7688500977e+02 6.7715197754e+02 6.7734100342e+02 6.7746997070e+02 6.7756097412e+02 6.7768200684e+02 6.7780700684e+02 6.7794097900e+02 6.7808001709e+02 6.7822601318e+02 6.7839099121e+02 6.7854699707e+02 6.7877697754e+02 6.7892297363e+02 6.7906701660e+02 6.7920202637e+02 6.7933697510e+02 6.7944799805e+02
6.6909100342e+02 6.6960699463e+02 6.7012097168e+02 6.7055297852e+02 6.7092797852e+02 6.7126702881e+02 6.7164501953e+02 6.7215899658e+02 6.7258898926e+02 6.7278900146e+02 6.7284197998e+02 6.7284301758e+02 6.7293200684e+02 6.7299102783e+02 6.7302899170e+02 6.7303997803e+02 6.7304302979e+02 6.7322698975e+02 6.7362097168e+02 6.7414898682e+02 6.7466497803e+02 6.7507397461e+02 6.7543103027e+02 6.7573498535e+02 6.7607202148e+02 6.7637799072e+02 6.7650701904e+02 6.7664398193e+02 6.7693200684e+02 6.7726898193e+02 6.7748199463e+02 6.7759899902e+02 6.7770697021e+02 6.7779901123e+02 6.7791302490e+02 6.7808502197e+02 6.7824200439e+02 6.7839501953e+02 6.7861401367e+02 6.7880401611e+02 6.7895300293e+02 6.7908099365e+02 6.7924200439e+02 6.7937402344e+02 6.7949200439e+02 6.7959997559e+02
6.6922998047e+02 6.6972802734e+02 6.7017199707e+02 6.7065802002e+02 6.7110601807e+02 6.7137402344e+02 6.7176702881e+02 6.7234497070e+02 6.7272302246e+02 6.7275097656e+02 6.7276202393e+02 6.7281097412e+02 6.7288299561e+02 6.7291900635e+02 6.7293402100e+02 6.7291900635e+02 6.7321697998e+02 6.7370898438e+02 6.7417102051e+02 6.7462597656e+02 6.7505902100e+02 6.7541198730e+02 6.7565197754e+02 6.7590502930e+02 6.7624102783e+02 6.7656896973e+02 6.7677099609e+02 6.7688000488e+02 6.7709399414e+02 6.7736102295e+02 6.7753698730e+02 6.7770501709e+02 6.7784802246e+02 6.7795898438e+02 6.7809002686e+02 6.7827502441e+02 6.7843298340e+02 6.7854199219e+02 6.7872198486e+02 6.7886297607e+02 6.7903198242e+02 6.7923999023e+02 6.7939898682e+02 6.7952197266e+02 6.7964501953e+02 6.7974401855e+02
6.6928997803e+02 6.6977899170e+02 6.7017797852e+02 6.7071398926e+02 6.7128198242e+02 6.7159002686e+02 6.7202099609e+02 6.7249401855e+02 6.7269500732e+02 6.7265997314e+02 6.7270001221e+02 6.7276800537e+02 6.7279302979e+02 6.7282897949e+02 6.7282800293e+02 6.7291802979e+02 6.7361901855e+02 6.7433300781e+02 6.7465698242e+02 6.7494299316e+02 6.7530200195e+02 6.7561700439e+02 6.7584997559e+02 6.7610400391e+02 6.7643103027e+02 6.7676501465e+02 6.7704699707e+02 6.7717498779e+02 6.7730999756e+02 6.7746997070e+02 6.7765002441e+02 6.7785601807e+02 6.7798400879e+02 6.7812597656e+02 6.7828698730e+02 6.7841302490e+02 6.7853601074e+02 6.7864697266e+02 6.7878198242e+02 6.7892102051e+02 6.7914202881e+02 6.7940600586e+02 6.7955798340e+02 6.7967297363e+02 6.7979101563e+02 6.7987500000e+02
6.6917401123e+02 6.6963598633e+02 6.7004498291e+02 6.7062200928e+02 6.7128497314e+02 6.7173999023e+02 6.7223400879e+02 6.7254101563e+02 6.7257598877e+02 6.7257800293e+02 6.7265100098e+02 6.7270098877e+02 6.7269097900e+02 6.7272302246e+02 6.7281298828e+02 6.7314801025e+02 6.7401800537e+02 6.7460699463e+02 6.7478497314e+02 6.7503601074e+02 6.7540100098e+02 6.7565899658e+02 6.7596197510e+02 6.7630102539e+02 6.7663702393e+02 6.7694598389e+02 6.7720800781e+02 6.7734497070e+02 6.7746301270e+02 6.7760998535e+02 6.7778802490e+02 6.7796801758e+02 6.7810797119e+02 6.7832000732e+02 6.7850500488e+02 6.7856896973e+02 6.7863000488e+02 6.7873901367e+02 6.7885797119e+02 6.7902001953e+02 6.7924401855e+02 6.7948400879e+02 6.7963000488e+02 6.7975097656e+02 6.7986700439e+02 6.7995599365e+02
6.6917498779e+02 6.6964501953e+02 6.7012701416e+02 6.7070501709e+02 6.7134802246e+02 6.7188800049e+02 6.7229400635e+02 6.7245202637e+02 6.7251000977e+02 6.7253497314e+02 6.7259197998e+02 6.7264099121e+02 6.7269598389e+02 6.7271600342e+02 6.7300097656e+02 6.7366699219e+02 6.7443701172e+02 6.7469201660e+02 6.7487298584e+02 6.7520001221e+02 6.7552099609e+02 6.7578698730e+02 6.7619097900e+02 6.7660302734e+02 6.7690502930e+02 6.7714202881e+02 6.7731597900e+02 6.7744097900e+02 6.7758697510e+02 6.7773602295e+02 6.7789099121e+02 6.7806799316e+02 6.7825500488e+02 6.7839898682e+02 6.7853399658e+02 6.7862500000e+02 6.7873297119e+02 6.7888299561e+02 6.7903399658e+02 6.7918402100e+02 6.7936401367e+02 6.7953002930e+02 6.7969702148e+02 6.7985198975e+02 6.7998602295e+02 6.8009399414e+02
6.6942199707e+02 6.6992199707e+02 6.7048901367e+02 6.7109899902e+02 6.7167797852e+02 6.7220599365e+02 6.7237597656e+02 6.7239801025e+02 6.7244702148e+02 6.7251202393e+02 6.7258197021e+02 6.7261401367e+02 6.7265502930e+02 6.7282098389e+02 6.7334899902e+02 6.7409802246e+02 6.7466302490e+02 6.7487097168e+02 6.7506298828e+02 6.7533197021e+02 6.7566998291e+02 6.7600299072e+02 6.7640802002e+02 6.7675701904e+02 6.7702001953e+02 6.7723498535e+02 6.7739501953e+02 6.7756597900e+02 6.7772698975e+02 6.7786700439e+02 6.7802899170e+02 6.7820800781e+02 6.7839099121e+02 6.7851599121e+02 6.7861499023e+02 6.7872302246e+02 6.7885302734e+02 6.7903399658e+02 6.7920202637e+02 6.7933697510e+02 6.7949401855e+02 6.7965802002e+02 6.7983801270e+02 6.7999200439e+02 6.8011297607e+02 6.8025500488e+02
6.6964501953e+02 6.7019897461e+02 6.7078601074e+02 6.7137298584e+02 6.7186602783e+02 6.7223797607e+02 6.7226599121e+02 6.7229101563e+02 6.7236297607e+02 6.7243798828e+02 6.7250000000e+02 6.7254699707e+02 6.7265698242e+02 6.7300799561e+02 6.7368798828e+02 6.7435699463e+02 6.7470697021e+02 6.7494000244e+02 6.7522601318e+02 6.7555401611e+02 6.7593298340e+02 6.7627001953e+02 6.7661499023e+02 6.7688598633e+02 6.7713598633e+02 6.7736199951e+02 6.7753198242e+02 6.7771801758e+02 6.7786499023e+02 6.7801300049e+02 6.7817901611e+02 6.7834600830e+02 6.7850701904e+02 6.7863397217e+02 6.7874102783e+02 6.7885498047e+02 6.7898199463e+02 6.7915301514e+02 6.7931597900e+02 6.7945697021e+02 6.7962701416e+02 6.7979901123e+02 6.7997100830e+02 6.8010302734e+02 6.8022198486e+02 6.8036401367e+02
6.6994097900e+02 6.7047900391e+02 6.7108001709e+02 6.7165600586e+02 6.7200701904e+02 6.7216699219e+02 6.7216601563e+02 6.7221899414e+02 6.7227697754e+02 6.7233099365e+02 6.7237402344e+02 6.7247698975e+02 6.7277697754e+02 6.7323199463e+02 6.7389801025e+02 6.7447601318e+02 6.7475201416e+02 6.7504199219e+02 6.7541998291e+02 6.7580700684e+02 6.7618597412e+02 6.7644897461e+02 6.7673297119e+02 6.7698797607e+02 6.7725299072e+02 6.7747802734e+02 6.7768103027e+02 6.7786901855e+02 6.7797998047e+02 6.7814099121e+02 6.7830603027e+02 6.7845599365e+02 6.7858898926e+02 6.7872198486e+02 6.7884802246e+02 6.7897302246e+02 6.7909399414e+02 6.7923498535e+02 6.7939398193e+02 6.7956201172e+02 6.7977398682e+02 6.7995397949e+02 6.8011199951e+02 6.8022900391e+02 6.8035400391e+02 6.8048797607e+02
