TESTSERVER/13/1.asc
NCOLS 100
NROWS 100
XLLCORNER 8.1497500000e+03
YLLCORNER 2.8990025000e+05
CELLSIZE 5.0000000000e-01
NODATA_VALUE -9.9990000000e+03
[rows 40 to 59 of 100, columns 0 to 45 of 100]
6.8122998047e+02 6.8144702148e+02 6.8170599365e+02 6.8196997070e+02 6.8219396973e+02 6.8239099121e+02 6.8258599854e+02 6.8283197021e+02 6.8317602539e+02 6.8354699707e+02 6.8388598633e+02 6.8418798828e+02 6.8445202637e+02 6.8469598389e+02 6.8491802979e+02 6.8514599609e+02 6.8539801025e+02 6.8574102783e+02 6.8610699463e+02 6.8645397949e+02 6.8679901123e+02 6.8711798096e+02 6.8740002441e+02 6.8763397217e+02 6.8783099365e+02 6.8805499268e+02 6.8829901123e+02 6.8857501221e+02 6.8887902832e+02 6.8918298340e+02 6.8945697021e+02 6.8971502686e+02 6.8994000244e+02 6.9016601563e+02 6.9036401367e+02 6.9051501465e+02 6.9064099121e+02 6.9076702881e+02 6.9093103027e+02 6.9110998535e+02 6.9128100586e+02 6.9136602783e+02 6.9145898438e+02 6.9158001709e+02 6.9170501709e+02 6.9179400635e+02
6.8125201416e+02 6.8148602295e+02 6.8174401855e+02 6.8197698975e+02 6.8216400146e+02 6.8236297607e+02 6.8257897949e+02 6.8284002686e+02 6.8318200684e+02 6.8354998779e+02 6.8389099121e+02 6.8419702148e+02 6.8446398926e+02 6.8469702148e+02 6.8492999268e+02 6.8517700195e+02 6.8544897461e+02 6.8577197266e+02 6.8611602783e+02 6.8647698975e+02 6.8685998535e+02 6.8715399170e+02 6.8739398193e+02 6.8760400391e+02 6.8780700684e+02 6.8800701904e+02 6.8824597168e+02 6.8853198242e+02 6.8885998535e+02 6.8916998291e+02 6.8945599365e+02 6.8973498535e+02 6.9002001953e+02 6.9028100586e+02 6.9046600342e+02 6.9060400391e+02 6.9073901367e+02 6.9090802002e+02 6.9108300781e+02 6.9123297119e+02 6.9134197998e+02 6.9140301514e+02 6.9149298096e+02 6.9161901855e+02 6.9173901367e+02 6.9180999756e+02
6.8129797363e+02 6.8153302002e+02 6.8176202393e+02 6.8196301270e+02 6.8213897705e+02 6.8234698486e+02 6.8257598877e+02 6.8284802246e+02 6.8320098877e+02 6.8358001709e+02 6.8391998291e+02 6.8421997070e+02 6.8447802734e+02 6.8471502686e+02 6.8496502686e+02 6.8523400879e+02 6.8553100586e+02 6.8583398438e+02 6.8615802002e+02 6.8652801514e+02 6.8693298340e+02 6.8720098877e+02 6.8741198730e+02 6.8760998535e+02 6.8781097412e+02 6.8801098633e+02 6.8824798584e+02 6.8852801514e+02 6.8884899902e+02 6.8916497803e+02 6.8946899414e+02 6.8976702881e+02 6.9008801270e+02 6.9039099121e+02 6.9057598877e+02 6.9069598389e+02 6.9082000732e+02 6.9099597168e+02 6.9115698242e+02 6.9127600098e+02 6.9136199951e+02 6.9144702148e+02 6.9156298828e+02 6.9168200684e+02 6.9176501465e+02 6.9183197021e+02
6.8133502197e+02 6.8155401611e+02 6.8176397705e+02 6.8196600342e+02 6.8216998291e+02 6.8238299561e+02 6.8261499023e+02 6.8288897705e+02 6.8323699951e+02 6.8361199951e+02 6.8393902588e+02 6.8422698975e+02 6.8447698975e+02 6.8473199463e+02 6.8500598145e+02 6.8530200195e+02 6.8562799072e+02 6.8592700195e+02 6.8624298096e+02 6.8661700439e+02 6.8701000977e+02 6.8724401855e+02 6.8743402100e+02 6.8762597656e+02 6.8783801270e+02 6.8804699707e+02 6.8828198242e+02 6.8855297852e+02 6.8885998535e+02 6.8917700195e+02 6.8948901367e+02 6.8979602051e+02 6.9011999512e+02 6.9043597412e+02 6.9064001465e+02 6.9076702881e+02 6.9088000488e+02 6.9101800537e+02 6.9114501953e+02 6.9124798584e+02 6.9134997559e+02 6.9146997070e+02 6.9160198975e+02 6.9170898438e+02 6.9177099609e+02 6.9184899902e+02
6.8134002686e+02 6.8157897949e+02 6.8180700684e+02 6.8204302979e+02 6.8229699707e+02 6.8249597168e+02 6.8272100830e+02 6.8298699951e+02 6.8332897949e+02 6.8363201904e+02 6.8392297363e+02 6.8418798828e+02 6.8442297363e+02 6.8471197510e+02 6.8501800537e+02 6.8534802246e+02 6.8569702148e+02 6.8599700928e+02 6.8633001709e+02 6.8671197510e+02 6.8707299805e+02 6.8727697754e+02 6.8744598389e+02 6.8763897705e+02 6.8786798096e+02 6.8811901855e+02 6.8836102295e+02 6.8861798096e+02 6.8890301514e+02 6.8921502686e+02 6.8952099609e+02 6.8982000732e+02 6.9011401367e+02 6.9040899658e+02 6.9062701416e+02 6.9079302979e+02 6.9094702148e+02 6.9105102539e+02 6.9114099121e+02 6.9123699951e+02 6.9135400391e+02 6.9147998047e+02 6.9160998535e+02 6.9172198486e+02 6.9179199219e+02 6.9188897705e+02
6.8141900635e+02 6.8167602539e+02 6.8190502930e+02 6.8214898682e+02 6.8241400146e+02 6.8262597656e+02 6.8283801270e+02 6.8309497070e+02 6.8338800049e+02 6.8364398193e+02 6.8388800049e+02 6.8413098145e+02 6.8438299561e+02 6.8466699219e+02 6.8499499512e+02 6.8534197998e+02 6.8569201660e+02 6.8600299072e+02 6.8636401367e+02 6.8674200439e+02 6.8706799316e+02 6.8724499512e+02 6.8743103027e+02 6.8767700195e+02 6.8796697998e+02 6.8823498535e+02 6.8848297119e+02 6.8873400879e+02 6.8898400879e+02 6.8926898193e+02 6.8956201172e+02 6.8984899902e+02 6.9013299561e+02 6.9040197754e+02 6.9061499023e+02 6.9078997803e+02 6.9094897461e+02 6.9106701660e+02 6.9117102051e+02 6.9127301025e+02 6.9136999512e+02 6.9146197510e+02 6.9157897949e+02 6.9171600342e+02 6.9184497070e+02 6.9196301270e+02
6.8153900146e+02 6.8179498291e+02 6.8201599121e+02 6.8224200439e+02 6.8249401855e+02 6.8270501709e+02 6.8290399170e+02 6.8314099121e+02 6.8341101074e+02 6.8363500977e+02 6.8386102295e+02 6.8409899902e+02 6.8436199951e+02 6.8465899658e+02 6.8499102783e+02 6.8533697510e+02 6.8568103027e+02 6.8600897217e+02 6.8637701416e+02 6.8674298096e+02 6.8703497314e+02 6.8721801758e+02 6.8745501709e+02 6.8775000000e+02 6.8805999756e+02 6.8830798340e+02 6.8854797363e+02 6.8880401611e+02 6.8905603027e+02 6.8931799316e+02 6.8959899902e+02 6.8988299561e+02 6.9017700195e+02 6.9044097900e+02 6.9064599609e+02 6.9081500244e+02 6.9097100830e+02 6.9110601807e+02 6.9122802734e+02 6.9133300781e+02 6.9140600586e+02 6.9146398926e+02 6.9155902100e+02 6.9169097900e+02 6.9183001709e+02 6.9194598389e+02
6.8162902832e+02 6.8189202881e+02 6.8210998535e+02 6.8231799316e+02 6.8254498291e+02 6.8274798584e+02 6.8293701172e+02 6.8315399170e+02 6.8340197754e+02 6.8362298584e+02 6.8384997559e+02 6.8409497070e+02 6.8437799072e+02 6.8468701172e+02 6.8501098633e+02 6.8534698486e+02 6.8568402100e+02 6.8600500488e+02 6.8635797119e+02 6.8670599365e+02 6.8699298096e+02 6.8723498535e+02 6.8753497314e+02 6.8784899902e+02 6.8811499023e+02 6.8830499268e+02 6.8852801514e+02 6.8879998779e+02 6.8910699463e+02 6.8937500000e+02 6.8964801025e+02 6.8992999268e+02 6.9024298096e+02 6.9050201416e+02 6.9069201660e+02 6.9084899902e+02 6.9100500488e+02 6.9116497803e+02 6.9129998779e+02 6.9139501953e+02 6.9143298340e+02 6.9146899414e+02 6.9154602051e+02 6.9165899658e+02 6.9177301025e+02 6.9188702393e+02
6.8165301514e+02 6.8193200684e+02 6.8217199707e+02 6.8239398193e+02 6.8260400391e+02 6.8279400635e+02 6.8296997070e+02 6.8315997314e+02 6.8337597656e+02 6.8362500000e+02 6.8386901855e+02 6.8414300537e+02 6.8448901367e+02 6.8476599121e+02 6.8507598877e+02 6.8539501953e+02 6.8571301270e+02 6.8600500488e+02 6.8630700684e+02 6.8663897705e+02 6.8698699951e+02 6.8733099365e+02 6.8770300293e+02 6.8798901367e+02 6.8810998535e+02 6.8820098877e+02 6.8840100098e+02 6.8871997070e+02 6.8913299561e+02 6.8946600342e+02 6.8972698975e+02 6.8999200439e+02 6.9031799316e+02 6.9055102539e+02 6.9072497559e+02 6.9086798096e+02 6.9101098633e+02 6.9118499756e+02 6.9132299805e+02 6.9140698242e+02 6.9141900635e+02 6.9143103027e+02 6.9152398682e+02 6.9164001465e+02 6.9175201416e+02 6.9187402344e+02
6.8166302490e+02 6.8194702148e+02 6.8221697998e+02 6.8245898438e+02 6.8264599609e+02 6.8281097412e+02 6.8297497559e+02 6.8316699219e+02 6.8340301514e+02 6.8369299316e+02 6.8396301270e+02 6.8424798584e+02 6.8454302979e+02 6.8482098389e+02 6.8513000488e+02 6.8545501709e+02 6.8576702881e+02 6.8601000977e+02 6.8627001953e+02 6.8660900879e+02 6.8702801514e+02 6.8751702881e+02 6.8792797852e+02 6.8813598633e+02 6.8812597656e+02 6.8809002686e+02 6.8824499512e+02 6.8861999512e+02 6.8912097168e+02 6.8952801514e+02 6.8979998779e+02 6.9002398682e+02 6.9030999756e+02 6.9055499268e+02 6.9073602295e+02 6.9088098145e+02 6.9100500488e+02 6.9114898682e+02 6.9127301025e+02 6.9135900879e+02 6.9140600586e+02 6.9140802002e+02 6.9150201416e+02 6.9163201904e+02 6.9175897217e+02 6.9189001465e+02
6.8168597412e+02 6.8197198486e+02 6.8224902344e+02 6.8247802734e+02 6.8263702393e+02 6.8278497314e+02 6.8295501709e+02 6.8317199707e+02 6.8344097900e+02 6.8374200439e+02 6.8401702881e+02 6.8429602051e+02 6.8457501221e+02 6.8485900879e+02 6.8517797852e+02 6.8551501465e+02 6.8583398438e+02 6.8605200195e+02 6.8630200195e+02 6.8665301514e+02 6.8709802246e+02 6.8764697266e+02 6.8805499268e+02 6.8821197510e+02 6.8814501953e+02 6.8804101563e+02 6.8815802002e+02 6.8854998779e+02 6.8908300781e+02 6.8950799561e+02 6.8980499268e+02 6.9003100586e+02 6.9028802490e+02 6.9054199219e+02 6.9073101807e+02 6.9087597656e+02 6.9098498535e+02 6.9110900879e+02 6.9122497559e+02 6.9131500244e+02 6.9138702393e+02 6.9141699219e+02 6.9150500488e+02 6.9163897705e+02 6.9177801514e+02 6.9191998291e+02
6.8169598389e+02 6.8199700928e+02 6.8227398682e+02 6.8247198486e+02 6.8259301758e+02 6.8272900391e+02 6.8291101074e+02 6.8316101074e+02 6.8346997070e+02 6.8375000000e+02 6.8401702881e+02 6.8430603027e+02 6.8459899902e+02 6.8489599609e+02 6.8522802734e+02 6.8557501221e+02 6.8590698242e+02 6.8611901855e+02 6.8636199951e+02 6.8671002197e+02 6.8713397217e+02 6.8767199707e+02 6.8807897949e+02 6.8822998047e+02 6.8816497803e+02 6.8801599121e+02 6.8809997559e+02 6.8848400879e+02 6.8902301025e+02 6.8943499756e+02 6.8974902344e+02 6.8999401855e+02 6.9024597168e+02 6.9050097656e+02 6.9069897461e+02 6.9084802246e+02 6.9095098877e+02 6.9105700684e+02 6.9116699219e+02 6.9126202393e+02 6.9134802246e+02 6.9141400146e+02 6.9150402832e+02 6.9163397217e+02 6.9178198242e+02 6.9193902588e+02
6.8169500732e+02 6.8201599121e+02 6.8228698730e+02 6.8245898438e+02 6.8253497314e+02 6.8266302490e+02 6.8285699463e+02 6.8312902832e+02 6.8346697998e+02 6.8373297119e+02 6.8399499512e+02 6.8430499268e+02 6.8463000488e+02 6.8494000244e+02 6.8528399658e+02 6.8563299561e+02 6.8593103027e+02 6.8617401123e+02 6.8641699219e+02 6.8673400879e+02 6.8712902832e+02 6.8765197754e+02 6.8808099365e+02 6.8824700928e+02 6.8817700195e+02 6.8798999023e+02 6.8803802490e+02 6.8841497803e+02 6.8896502686e+02 6.8934698486e+02 6.8965899658e+02 6.8991802979e+02 6.9017602539e+02 6.9043402100e+02 6.9063397217e+02 6.9078601074e+02 6.9090399170e+02 6.9101000977e+02 6.9111199951e+02 6.9121099854e+02 6.9130603027e+02 6.9140899658e+02 6.9148199463e+02 6.9160699463e+02 6.9175097656e+02 6.9192797852e+02
6.8169897461e+02 6.8201300049e+02 6.8225097656e+02 6.8239801025e+02 6.8247399902e+02 6.8260498047e+02 6.8280798340e+02 6.8307702637e+02 6.8340802002e+02 6.8368597412e+02 6.8395697021e+02 6.8428002930e+02 6.8463500977e+02 6.8499298096e+02 6.8537597656e+02 6.8572698975e+02 6.8599798584e+02 6.8623101807e+02 6.8645300293e+02 6.8669799805e+02 6.8703002930e+02 6.8757397461e+02 6.8807598877e+02 6.8825299072e+02 6.8813098145e+02 6.8800000000e+02 6.8806097412e+02 6.8842297363e+02 6.8892999268e+02 6.8931500244e+02 6.8961199951e+02 6.8986499023e+02 6.9011297607e+02 6.9035797119e+02 6.9054998779e+02 6.9071002197e+02 6.9085601807e+02 6.9097302246e+02 6.9106500244e+02 6.9115802002e+02 6.9126397705e+02 6.9140600586e+02 6.9147302246e+02 6.9160601807e+02 6.9176501465e+02 6.9191601563e+02
6.8165301514e+02 6.8195397949e+02 6.8217498779e+02 6.8232598877e+02 6.8243298340e+02 6.8257202148e+02 6.8276599121e+02 6.8301300049e+02 6.8332397461e+02 6.8360498047e+02 6.8388800049e+02 6.8423400879e+02 6.8462902832e+02 6.8503601074e+02 6.8545599365e+02 6.8580700684e+02 6.8603198242e+02 6.8622601318e+02 6.8643499756e+02 6.8664501953e+02 6.8687597656e+02 6.8736999512e+02 6.8788897705e+02 6.8810198975e+02 6.8803100586e+02 6.8801898193e+02 6.8814099121e+02 6.8847198486e+02 6.8891900635e+02 6.8928601074e+02 6.8956298828e+02 6.8980902100e+02 6.9005902100e+02 6.9029498291e+02 6.9047998047e+02 6.9064300537e+02 6.9081201172e+02 6.9094299316e+02 6.9103497314e+02 6.9112701416e+02 6.9125097656e+02 6.9139001465e+02 6.9149401855e+02 6.9162200928e+02 6.9176800537e+02 6.9190002441e+02
6.8159100342e+02 6.8188299561e+02 6.8210998535e+02 6.8227899170e+02 6.8241302490e+02 6.8256402588e+02 6.8274401855e+02 6.8296197510e+02 6.8325097656e+02 6.8352899170e+02 6.8381500244e+02 6.8416900635e+02 6.8458197021e+02 6.8500897217e+02 6.8543701172e+02 6.8577600098e+02 6.8596398926e+02 6.8612701416e+02 6.8635198975e+02 6.8657098389e+02 6.8673602295e+02 6.8712799072e+02 6.8760101318e+02 6.8784399414e+02 6.8790301514e+02 6.8802398682e+02 6.8821398926e+02 6.8851800537e+02 6.8890698242e+02 6.8921502686e+02 6.8946899414e+02 6.8971697998e+02 6.8998498535e+02 6.9023297119e+02 6.9041802979e+02 6.9058300781e+02 6.9076599121e+02 6.9091699219e+02 6.9101397705e+02 6.9110797119e+02 6.9124200439e+02 6.9136700439e+02 6.9148602295e+02 6.9161798096e+02 6.9174401855e+02 6.9186798096e+02
6.8154797363e+02 6.8183197021e+02 6.8208099365e+02 6.8225897217e+02 6.8240997314e+02 6.8258099365e+02 6.8275799561e+02 6.8296801758e+02 6.8324200439e+02 6.8348297119e+02 6.8375402832e+02 6.8408898926e+02 6.8446899414e+02 6.8486999512e+02 6.8527398682e+02 6.8560198975e+02 6.8579602051e+02 6.8597900391e+02 6.8623797607e+02 6.8647198486e+02 6.8666302490e+02 6.8695202637e+02 6.8733502197e+02 6.8761901855e+02 6.8781097412e+02 6.8805603027e+02 6.8833599854e+02 6.8859997559e+02 6.8888800049e+02 6.8914202881e+02 6.8937500000e+02 6.8961102295e+02 6.8987701416e+02 6.9014202881e+02 6.9033599854e+02 6.9050299072e+02 6.9070697021e+02 6.9089697266e+02 6.9100402832e+02 6.9109399414e+02 6.9120898438e+02 6.9133898926e+02 6.9145599365e+02 6.9159301758e+02 6.9173498535e+02 6.9184100342e+02
6.8152301025e+02 6.8180798340e+02 6.8205603027e+02 6.8222601318e+02 6.8240197754e+02 6.8265399170e+02 6.8285400391e+02 6.8304602051e+02 6.8327301025e+02 6.8348498535e+02 6.8373101807e+02 6.8403399658e+02 6.8436700439e+02 6.8470501709e+02 6.8506500244e+02 6.8537597656e+02 6.8559399414e+02 6.8581097412e+02 6.8609301758e+02 6.8634997559e+02 6.8656097412e+02 6.8683801270e+02 6.8717401123e+02 6.8749298096e+02 6.8774102783e+02 6.8799102783e+02 6.8830401611e+02 6.8853997803e+02 6.8878900146e+02 6.8906402588e+02 6.8929199219e+02 6.8949700928e+02 6.8972302246e+02 6.9001300049e+02 6.9023901367e+02 6.9041400146e+02 6.9061401367e+02 6.9082202148e+02 6.9096600342e+02 6.9107598877e+02 6.9117797852e+02 6.9128100586e+02 6.9140399170e+02 6.9156201172e+02 6.9172698975e+02 6.9184197998e+02
6.8151098633e+02 6.8177301025e+02 6.8200598145e+02 6.8218200684e+02 6.8237701416e+02 6.8266900635e+02 6.8289599609e+02 6.8308099365e+02 6.8327600098e+02 6.8348901367e+02 6.8372802734e+02 6.8401397705e+02 6.8432501221e+02 6.8460400391e+02 6.8489697266e+02 6.8516302490e+02 6.8539300537e+02 6.8566699219e+02 6.8594396973e+02 6.8623602295e+02 6.8648602295e+02 6.8675000000e+02 6.8705297852e+02 6.8736499023e+02 6.8764501953e+02 6.8789099121e+02 6.8815997314e+02 6.8839001465e+02 6.8865698242e+02 6.8892999268e+02 6.8915502930e+02 6.8938098145e+02 6.8962097168e+02 6.8990997314e+02 6.9015002441e+02 6.9033502197e+02 6.9050598145e+02 6.9067999268e+02 6.9085601807e+02 6.9099499512e+02 6.9109899902e+02 6.9122302246e+02 6.9138299561e+02 6.9155297852e+02 6.9169000244e+02 6.9180999756e+02
6.8153900146e+02 6.8175701904e+02 6.8196697998e+02 6.8214801025e+02 6.8234997559e+02 6.8262500000e+02 6.8285601807e+02 6.8304498291e+02 6.8323999023e+02 6.8346197510e+02 6.8369897461e+02 6.8397698975e+02 6.8428601074e+02 6.8454699707e+02 6.8479302979e+02 6.8501501465e+02 6.8522698975e+02 6.8551202393e+02 6.8579998779e+02 6.8610797119e+02 6.8641302490e+02 6.8668597412e+02 6.8696899414e+02 6.8724798584e+02 6.8752600098e+02 6.8778900146e+02 6.8803900146e+02 6.8826397705e+02 6.8853802490e+02 6.8880102539e+02 6.8903802490e+02 6.8930700684e+02 6.8957202148e+02 6.8983001709e+02 6.9007098389e+02 6.9027301025e+02 6.9045202637e+02 6.9060101318e+02 6.9076702881e+02 6.9090802002e+02 6.9101702881e+02 6.9117102051e+02 6.9137500000e+02 6.9154901123e+02 6.9165997314e+02 6.9179699707e+02
