TESTSERVER/13/1.asc
NCOLS 100
NROWS 100
XLLCORNER 8.1497500000e+03
YLLCORNER 2.8990025000e+05
CELLSIZE 5.0000000000e-01
NODATA_VALUE -9.9990000000e+03
[rows 80 to 99 of 100, columns 0 to 45 of 100]
6.8050299072e+02 6.8069702148e+02 6.8087799072e+02 6.8109802246e+02 6.8134997559e+02 6.8157098389e+02 6.8181597900e+02 6.8207202148e+02 6.8223901367e+02 6.8241198730e+02 6.8262298584e+02 6.8288598633e+02 6.8319799805e+02 6.8349401855e+02 6.8372100830e+02 6.8388598633e+02 6.8403601074e+02 6.8425500488e+02 6.8448498535e+02 6.8471301270e+02 6.8493701172e+02 6.8522698975e+02 6.8553497314e+02 6.8581701660e+02 6.8608300781e+02 6.8636901855e+02 6.8664801025e+02 6.8689501953e+02 6.8715997314e+02 6.8739398193e+02 6.8757598877e+02 6.8775201416e+02 6.8795898438e+02 6.8820599365e+02 6.8848199463e+02 6.8877197266e+02 6.8902301025e+02 6.8921697998e+02 6.8939099121e+02 6.8957598877e+02 6.8978698730e+02 6.8996502686e+02 6.9011700439e+02 6.9023297119e+02 6.9036700439e+02 6.9056402588e+02
6.8042797852e+02 6.8061602783e+02 6.8081298828e+02 6.8106298828e+02 6.8131097412e+02 6.8151000977e+02 6.8172601318e+02 6.8193902588e+02 6.8214898682e+02 6.8235498047e+02 6.8257702637e+02 6.8282501221e+02 6.8309997559e+02 6.8337597656e+02 6.8360400391e+02 6.8379602051e+02 6.8398498535e+02 6.8422900391e+02 6.8446301270e+02 6.8469000244e+02 6.8491198730e+02 6.8519500732e+02 6.8549902344e+02 6.8578601074e+02 6.8606597900e+02 6.8634399414e+02 6.8658300781e+02 6.8680499268e+02 6.8705200195e+02 6.8727899170e+02 6.8747698975e+02 6.8767700195e+02 6.8790197754e+02 6.8815698242e+02 6.8844299316e+02 6.8872601318e+02 6.8897100830e+02 6.8913201904e+02 6.8932897949e+02 6.8955700684e+02 6.8981701660e+02 6.8997100830e+02 6.9009497070e+02 6.9020397949e+02 6.9033001709e+02 6.9047698975e+02
6.8035101318e+02 6.8059497070e+02 6.8077001953e+02 6.8097601318e+02 6.8122497559e+02 6.8145202637e+02 6.8165802002e+02 6.8185900879e+02 6.8209002686e+02 6.8231097412e+02 6.8252899170e+02 6.8275799561e+02 6.8300402832e+02 6.8326599121e+02 6.8349798584e+02 6.8370697021e+02 6.8391601563e+02 6.8417901611e+02 6.8442901611e+02 6.8465997314e+02 6.8487597656e+02 6.8515698242e+02 6.8545501709e+02 6.8574798584e+02 6.8605102539e+02 6.8632000732e+02 6.8653100586e+02 6.8671600342e+02 6.8693200684e+02 6.8715197754e+02 6.8736602783e+02 6.8759899902e+02 6.8785601807e+02 6.8812701416e+02 6.8842297363e+02 6.8870599365e+02 6.8894396973e+02 6.8907202148e+02 6.8927001953e+02 6.8950799561e+02 6.8975097656e+02 6.8992401123e+02 6.9011199951e+02 6.9023602295e+02 6.9035400391e+02 6.9046997070e+02
6.8026397705e+02 6.8055603027e+02 6.8074798584e+02 6.8091699219e+02 6.8115600586e+02 6.8142199707e+02 6.8163299561e+02 6.8183502197e+02 6.8207397461e+02 6.8229400635e+02 6.8250097656e+02 6.8270898438e+02 6.8292901611e+02 6.8317700195e+02 6.8340802002e+02 6.8362799072e+02 6.8384497070e+02 6.8411798096e+02 6.8438397217e+02 6.8462402344e+02 6.8484197998e+02 6.8511700439e+02 6.8540197754e+02 6.8569897461e+02 6.8602502441e+02 6.8628497314e+02 6.8647698975e+02 6.8663800049e+02 6.8682800293e+02 6.8704400635e+02 6.8727099609e+02 6.8752502441e+02 6.8779998779e+02 6.8808502197e+02 6.8838098145e+02 6.8865301514e+02 6.8886901855e+02 6.8900598145e+02 6.8923797607e+02 6.8947802734e+02 6.8966998291e+02 6.8990399170e+02 6.9014697266e+02 6.9025897217e+02 6.9036999512e+02 6.9052197266e+02
6.8016802979e+02 6.8046301270e+02 6.8073101807e+02 6.8090899658e+02 6.8114801025e+02 6.8140802002e+02 6.8163397217e+02 6.8185198975e+02 6.8208599854e+02 6.8230200195e+02 6.8249700928e+02 6.8268499756e+02 6.8289099121e+02 6.8311199951e+02 6.8333599854e+02 6.8356597900e+02 6.8380798340e+02 6.8407702637e+02 6.8434497070e+02 6.8458502197e+02 6.8479998779e+02 6.8506701660e+02 6.8533697510e+02 6.8563702393e+02 6.8597998047e+02 6.8621801758e+02 6.8639697266e+02 6.8655798340e+02 6.8675598145e+02 6.8697998047e+02 6.8721099854e+02 6.8746099854e+02 6.8773699951e+02 6.8799902344e+02 6.8827001953e+02 6.8852001953e+02 6.8870599365e+02 6.8892602539e+02 6.8925299072e+02 6.8950500488e+02 6.8967700195e+02 6.8988800049e+02 6.9010400391e+02 6.9024102783e+02 6.9038500977e+02 6.9060797119e+02
6.8012298584e+02 6.8040698242e+02 6.8070001221e+02 6.8087500000e+02 6.8108801270e+02 6.8136199951e+02 6.8161102295e+02 6.8184997559e+02 6.8208398438e+02 6.8230102539e+02 6.8249499512e+02 6.8267999268e+02 6.8285998535e+02 6.8305700684e+02 6.8328497314e+02 6.8352502441e+02 6.8377899170e+02 6.8409399414e+02 6.8438000488e+02 6.8460400391e+02 6.8478302002e+02 6.8501898193e+02 6.8528900146e+02 6.8558898926e+02 6.8589898682e+02 6.8610797119e+02 6.8627600098e+02 6.8646697998e+02 6.8671002197e+02 6.8694799805e+02 6.8717901611e+02 6.8740698242e+02 6.8764202881e+02 6.8789099121e+02 6.8813897705e+02 6.8836999512e+02 6.8854101563e+02 6.8885699463e+02 6.8932501221e+02 6.8956298828e+02 6.8966699219e+02 6.8983697510e+02 6.9003900146e+02 6.9025097656e+02 6.9044799805e+02 6.9063800049e+02
6.8010797119e+02 6.8043103027e+02 6.8070098877e+02 6.8086499023e+02 6.8105603027e+02 6.8132897949e+02 6.8158398438e+02 6.8182598877e+02 6.8205902100e+02 6.8227502441e+02 6.8246899414e+02 6.8265502930e+02 6.8283099365e+02 6.8303002930e+02 6.8326300049e+02 6.8350598145e+02 6.8375097656e+02 6.8408300781e+02 6.8440899658e+02 6.8465197754e+02 6.8481201172e+02 6.8501800537e+02 6.8526800537e+02 6.8554699707e+02 6.8582098389e+02 6.8600201416e+02 6.8617102051e+02 6.8638500977e+02 6.8665502930e+02 6.8689697266e+02 6.8713397217e+02 6.8735699463e+02 6.8756298828e+02 6.8779602051e+02 6.8803497314e+02 6.8825701904e+02 6.8843200684e+02 6.8874700928e+02 6.8921002197e+02 6.8947802734e+02 6.8961297607e+02 6.8980200195e+02 6.9002502441e+02 6.9027099609e+02 6.9049298096e+02 6.9066802979e+02
6.8011700439e+02 6.8054901123e+02 6.8076098633e+02 6.8085400391e+02 6.8104400635e+02 6.8130798340e+02 6.8155401611e+02 6.8178601074e+02 6.8200897217e+02 6.8222399902e+02 6.8242102051e+02 6.8261297607e+02 6.8280102539e+02 6.8301599121e+02 6.8325799561e+02 6.8350402832e+02 6.8373699951e+02 6.8404302979e+02 6.8438897705e+02 6.8466699219e+02 6.8483898926e+02 6.8502801514e+02 6.8525799561e+02 6.8550500488e+02 6.8574102783e+02 6.8590997314e+02 6.8608801270e+02 6.8631799316e+02 6.8659197998e+02 6.8683001709e+02 6.8707800293e+02 6.8730999756e+02 6.8751300049e+02 6.8773797607e+02 6.8797399902e+02 6.8819396973e+02 6.8838000488e+02 6.8868499756e+02 6.8905700684e+02 6.8933099365e+02 6.8954400635e+02 6.8976098633e+02 6.9000598145e+02 6.9024499512e+02 6.9047198486e+02 6.9065502930e+02
6.8002801514e+02 6.8049200439e+02 6.8075201416e+02 6.8083599854e+02 6.8102301025e+02 6.8129901123e+02 6.8153100586e+02 6.8174298096e+02 6.8194396973e+02 6.8213897705e+02 6.8234002686e+02 6.8254901123e+02 6.8278100586e+02 6.8301898193e+02 6.8326599121e+02 6.8351397705e+02 6.8375799561e+02 6.8400402832e+02 6.8432000732e+02 6.8461401367e+02 6.8482098389e+02 6.8502197266e+02 6.8525097656e+02 6.8547998047e+02 6.8566400146e+02 6.8583801270e+02 6.8604101563e+02 6.8628497314e+02 6.8653698730e+02 6.8677099609e+02 6.8702197266e+02 6.8727099609e+02 6.8750500488e+02 6.8771398926e+02 6.8794097900e+02 6.8816802979e+02 6.8840600586e+02 6.8869702148e+02 6.8898699951e+02 6.8924298096e+02 6.8948699951e+02 6.8970202637e+02 6.8994500732e+02 6.9016699219e+02 6.9038500977e+02 6.9059698486e+02
6.7989501953e+02 6.8032098389e+02 6.8063299561e+02 6.8077099609e+02 6.8097497559e+02 6.8124200439e+02 6.8148602295e+02 6.8170202637e+02 6.8188397217e+02 6.8205902100e+02 6.8226300049e+02 6.8248199463e+02 6.8272399902e+02 6.8296398926e+02 6.8321502686e+02 6.8349499512e+02 6.8379302979e+02 6.8403100586e+02 6.8428997803e+02 6.8456298828e+02 6.8480700684e+02 6.8503198242e+02 6.8525000000e+02 6.8544897461e+02 6.8561602783e+02 6.8580297852e+02 6.8602801514e+02 6.8628198242e+02 6.8652801514e+02 6.8674700928e+02 6.8698297119e+02 6.8723498535e+02 6.8747802734e+02 6.8768298340e+02 6.8790399170e+02 6.8814001465e+02 6.8840399170e+02 6.8870397949e+02 6.8896502686e+02 6.8918902588e+02 6.8942102051e+02 6.8964501953e+02 6.8987597656e+02 6.9009698486e+02 6.9032000732e+02 6.9052801514e+02
6.7978399658e+02 6.8017297363e+02 6.8047399902e+02 6.8063000488e+02 6.8087200928e+02 6.8115899658e+02 6.8140600586e+02 6.8162799072e+02 6.8181097412e+02 6.8199102783e+02 6.8219897461e+02 6.8241900635e+02 6.8265301514e+02 6.8287500000e+02 6.8313098145e+02 6.8343597412e+02 6.8378900146e+02 6.8406799316e+02 6.8430499268e+02 6.8455902100e+02 6.8481298828e+02 6.8504699707e+02 6.8524798584e+02 6.8541601563e+02 6.8558398438e+02 6.8579498291e+02 6.8603698730e+02 6.8629602051e+02 6.8652801514e+02 6.8672900391e+02 6.8695599365e+02 6.8720501709e+02 6.8745001221e+02 6.8765899658e+02 6.8788299561e+02 6.8811798096e+02 6.8838500977e+02 6.8867297363e+02 6.8892102051e+02 6.8913702393e+02 6.8936199951e+02 6.8960601807e+02 6.8984698486e+02 6.9007202148e+02 6.9029302979e+02 6.9048498535e+02
6.7971801758e+02 6.8005700684e+02 6.8034100342e+02 6.8049798584e+02 6.8075299072e+02 6.8106402588e+02 6.8131402588e+02 6.8153997803e+02 6.8172802734e+02 6.8191497803e+02 6.8212701416e+02 6.8234802246e+02 6.8257501221e+02 6.8279602051e+02 6.8305297852e+02 6.8336102295e+02 6.8371801758e+02 6.8403997803e+02 6.8429400635e+02 6.8453900146e+02 6.8478002930e+02 6.8502899170e+02 6.8523400879e+02 6.8539202881e+02 6.8556701660e+02 6.8579498291e+02 6.8604699707e+02 6.8630297852e+02 6.8652398682e+02 6.8672302246e+02 6.8694702148e+02 6.8719000244e+02 6.8743200684e+02 6.8764599609e+02 6.8786901855e+02 6.8809899902e+02 6.8834002686e+02 6.8859497070e+02 6.8884399414e+02 6.8907397461e+02 6.8932202148e+02 6.8964001465e+02 6.8986297607e+02 6.9002801514e+02 6.9024298096e+02 6.9044799805e+02
6.7964202881e+02 6.7995397949e+02 6.8024700928e+02 6.8045800781e+02 6.8069500732e+02 6.8096398926e+02 6.8121301270e+02 6.8144097900e+02 6.8164801025e+02 6.8184197998e+02 6.8205102539e+02 6.8226800537e+02 6.8248999023e+02 6.8274798584e+02 6.8301501465e+02 6.8329901123e+02 6.8359002686e+02 6.8392498779e+02 6.8422302246e+02 6.8446697998e+02 6.8468798828e+02 6.8498699951e+02 6.8520300293e+02 6.8536401367e+02 6.8555499268e+02 6.8579602051e+02 6.8603997803e+02 6.8627697754e+02 6.8647601318e+02 6.8671301270e+02 6.8695098877e+02 6.8719299316e+02 6.8743298340e+02 6.8765301514e+02 6.8787597656e+02 6.8809997559e+02 6.8832397461e+02 6.8853302002e+02 6.8877398682e+02 6.8902197266e+02 6.8932397461e+02 6.8967602539e+02 6.8986401367e+02 6.8996398926e+02 6.9016400146e+02 6.9040197754e+02
6.7954199219e+02 6.7982598877e+02 6.8012597656e+02 6.8040197754e+02 6.8064202881e+02 6.8089300537e+02 6.8113500977e+02 6.8136401367e+02 6.8158898926e+02 6.8180102539e+02 6.8200201416e+02 6.8221398926e+02 6.8244598389e+02 6.8271697998e+02 6.8298297119e+02 6.8325097656e+02 6.8353601074e+02 6.8384997559e+02 6.8414501953e+02 6.8440301514e+02 6.8466497803e+02 6.8495397949e+02 6.8516302490e+02 6.8534301758e+02 6.8556799316e+02 6.8580999756e+02 6.8603100586e+02 6.8624700928e+02 6.8646997070e+02 6.8671697998e+02 6.8696801758e+02 6.8721502686e+02 6.8744500732e+02 6.8766400146e+02 6.8788897705e+02 6.8811102295e+02 6.8832397461e+02 6.8853399658e+02 6.8876501465e+02 6.8901898193e+02 6.8930798340e+02 6.8958697510e+02 6.8979602051e+02 6.8995898438e+02 6.9017401123e+02 6.9040600586e+02
6.7950500488e+02 6.7974597168e+02 6.8003399658e+02 6.8032702637e+02 6.8059002686e+02 6.8084100342e+02 6.8108099365e+02 6.8130798340e+02 6.8153900146e+02 6.8175402832e+02 6.8195098877e+02 6.8215997314e+02 6.8240100098e+02 6.8266302490e+02 6.8290899658e+02 6.8317602539e+02 6.8348297119e+02 6.8377801514e+02 6.8407299805e+02 6.8437799072e+02 6.8467602539e+02 6.8491998291e+02 6.8512097168e+02 6.8533300781e+02 6.8558599854e+02 6.8581701660e+02 6.8602899170e+02 6.8623901367e+02 6.8647198486e+02 6.8672900391e+02 6.8698498535e+02 6.8723400879e+02 6.8746197510e+02 6.8767797852e+02 6.8790002441e+02 6.8811798096e+02 6.8832897949e+02 6.8853601074e+02 6.8876000977e+02 6.8900598145e+02 6.8928698730e+02 6.8951702881e+02 6.8974401855e+02 6.8995501709e+02 6.9016802979e+02 6.9036999512e+02
6.7947497559e+02 6.7970300293e+02 6.7998199463e+02 6.8027301025e+02 6.8054400635e+02 6.8080297852e+02 6.8104101563e+02 6.8126702881e+02 6.8149597168e+02 6.8170300293e+02 6.8189099121e+02 6.8209497070e+02 6.8233398438e+02 6.8259399414e+02 6.8284100342e+02 6.8311798096e+02 6.8344201660e+02 6.8368798828e+02 6.8397998047e+02 6.8434497070e+02 6.8468798828e+02 6.8489202881e+02 6.8508801270e+02 6.8532598877e+02 6.8559301758e+02 6.8581201172e+02 6.8602197266e+02 6.8623498535e+02 6.8647998047e+02 6.8674298096e+02 6.8700201416e+02 6.8725299072e+02 6.8748498535e+02 6.8770098877e+02 6.8791998291e+02 6.8813500977e+02 6.8834100342e+02 6.8854101563e+02 6.8875701904e+02 6.8899597168e+02 6.8926000977e+02 6.8949902344e+02 6.8972998047e+02 6.8994799805e+02 6.9015100098e+02 6.9032501221e+02
6.7945397949e+02 6.7968103027e+02 6.7995202637e+02 6.8022998047e+02 6.8049798584e+02 6.8075598145e+02 6.8100000000e+02 6.8123602295e+02 6.8146899414e+02 6.8164099121e+02 6.8182202148e+02 6.8201202393e+02 6.8222998047e+02 6.8253302002e+02 6.8281597900e+02 6.8310400391e+02 6.8339501953e+02 6.8360797119e+02 6.8388000488e+02 6.8425799561e+02 6.8464501953e+02 6.8484301758e+02 6.8504302979e+02 6.8528900146e+02 6.8556500244e+02 6.8579498291e+02 6.8600500488e+02 6.8622100830e+02 6.8647399902e+02 6.8676599121e+02 6.8702600098e+02 6.8726599121e+02 6.8750897217e+02 6.8774102783e+02 6.8796502686e+02 6.8818200684e+02 6.8839099121e+02 6.8855798340e+02 6.8877099609e+02 6.8899902344e+02 6.8923699951e+02 6.8946997070e+02 6.8967498779e+02 6.8988397217e+02 6.9010302734e+02 6.9029400635e+02
6.7941601563e+02 6.7965899658e+02 6.7993200684e+02 6.8020697021e+02 6.8046600342e+02 6.8070898438e+02 6.8095599365e+02 6.8119598389e+02 6.8142498779e+02 6.8158801270e+02 6.8177001953e+02 6.8196301270e+02 6.8219702148e+02 6.8249798584e+02 6.8277899170e+02 6.8303100586e+02 6.8327398682e+02 6.8352502441e+02 6.8380902100e+02 6.8415802002e+02 6.8451300049e+02 6.8472497559e+02 6.8495397949e+02 6.8521899414e+02 6.8549401855e+02 6.8574499512e+02 6.8596899414e+02 6.8618597412e+02 6.8646301270e+02 6.8679901123e+02 6.8707000732e+02 6.8730102539e+02 6.8753997803e+02 6.8777899170e+02 6.8801000977e+02 6.8822900391e+02 6.8841699219e+02 6.8859100342e+02 6.8879199219e+02 6.8899798584e+02 6.8920001221e+02 6.8942199707e+02 6.8962097168e+02 6.8983398438e+02 6.9006500244e+02 6.9026202393e+02
6.7934002686e+02 6.7961401367e+02 6.7990399170e+02 6.8018798828e+02 6.8043701172e+02 6.8067602539e+02 6.8092199707e+02 6.8115698242e+02 6.8138800049e+02 6.8159301758e+02 6.8179302979e+02 6.8197698975e+02 6.8219396973e+02 6.8249298096e+02 6.8274902344e+02 6.8296997070e+02 6.8321197510e+02 6.8351300049e+02 6.8379602051e+02 6.8408801270e+02 6.8436999512e+02 6.8459497070e+02 6.8486199951e+02 6.8515997314e+02 6.8543103027e+02 6.8568499756e+02 6.8591900635e+02 6.8613800049e+02 6.8643298340e+02 6.8679498291e+02 6.8707397461e+02 6.8730999756e+02 6.8754602051e+02 6.8778601074e+02 6.8801898193e+02 6.8823400879e+02 6.8842401123e+02 6.8860101318e+02 6.8878997803e+02 6.8897998047e+02 6.8915600586e+02 6.8936999512e+02 6.8957000732e+02 6.8978997803e+02 6.9003399658e+02 6.9024798584e+02
6.7926702881e+02 6.7954901123e+02 6.7984899902e+02 6.8013702393e+02 6.8038299561e+02 6.8062200928e+02 6.8087097168e+02 6.8111102295e+02 6.8134497070e+02 6.8160998535e+02 6.8184698486e+02 6.8202197266e+02 6.8219897461e+02 6.8246899414e+02 6.8269598389e+02 6.8291699219e+02 6.8318902588e+02 6.8351202393e+02 6.8378497314e+02 6.8403100586e+02 6.8426000977e+02 6.8449798584e+02 6.8479400635e+02 6.8511297607e+02 6.8538397217e+02 6.8562500000e+02 6.8585699463e+02 6.8608099365e+02 6.8638299561e+02 6.8674200439e+02 6.8702398682e+02 6.8726501465e+02 6.8751202393e+02 6.8776501465e+02 6.8800000000e+02 6.8821502686e+02 6.8840600586e+02 6.8858502197e+02 6.8876800537e+02 6.8894897461e+02 6.8911199951e+02 6.8930603027e+02 6.8950201416e+02 6.8973101807e+02 6.8999200439e+02 6.9022900391e+02
