TESTSERVER/13/10.asc
NCOLS 100
NROWS 100
XLLCORNER 8.1497500000e+03
YLLCORNER 2.8945025000e+05
CELLSIZE 5.0000000000e-01
NODATA_VALUE -9.9990000000e+03
[rows 40 to 59 of 100, columns 46 to 91 of 100]
6.2532202148e+02 6.2539697266e+02 6.2547802734e+02 6.2546997070e+02 6.2542602539e+02 6.2541497803e+02 6.2537500000e+02 6.2522802734e+02 6.2522998047e+02 6.2529400635e+02 6.2532702637e+02 6.2535699463e+02 6.2538598633e+02 6.2537799072e+02 6.2535302734e+02 6.2538000488e+02 6.2537402344e+02 6.2534100342e+02 6.2536297607e+02 6.2537597656e+02 6.2536798096e+02 6.2538897705e+02 6.2547601318e+02 6.2555798340e+02 6.2558197021e+02 6.2553997803e+02 6.2542297363e+02 6.2531701660e+02 6.2523400879e+02 6.2518597412e+02 6.2519799805e+02 6.2522198486e+02 6.2521899414e+02 6.2519897461e+02 6.2519097900e+02 6.2518798828e+02 6.2518798828e+02 6.2517999268e+02 6.2515502930e+02 6.2513897705e+02 6.2516400146e+02 6.2518798828e+02 6.2517999268e+02 6.2512701416e+02 6.2504602051e+02 6.2494897461e+02
6.2550897217e+02 6.2555102539e+02 6.2554400635e+02 6.2552502441e+02 6.2551898193e+02 6.2552899170e+02 6.2553198242e+02 6.2537500000e+02 6.2527899170e+02 6.2535498047e+02 6.2541497803e+02 6.2542297363e+02 6.2547802734e+02 6.2554498291e+02 6.2554699707e+02 6.2553497314e+02 6.2551000977e+02 6.2551300049e+02 6.2554901123e+02 6.2554602051e+02 6.2552502441e+02 6.2555200195e+02 6.2564697266e+02 6.2572302246e+02 6.2574597168e+02 6.2571697998e+02 6.2562902832e+02 6.2548901367e+02 6.2537500000e+02 6.2536499023e+02 6.2539697266e+02 6.2540100098e+02 6.2537500000e+02 6.2536297607e+02 6.2537402344e+02 6.2538397217e+02 6.2535797119e+02 6.2533001709e+02 6.2532202148e+02 6.2531799316e+02 6.2534497070e+02 6.2537200928e+02 6.2536602783e+02 6.2535400391e+02 6.2531500244e+02 6.2521899414e+02
6.2566998291e+02 6.2568597412e+02 6.2564300537e+02 6.2561102295e+02 6.2560797119e+02 6.2563598633e+02 6.2569299316e+02 6.2559698486e+02 6.2542901611e+02 6.2540997314e+02 6.2546697998e+02 6.2549798584e+02 6.2555798340e+02 6.2561798096e+02 6.2563702393e+02 6.2565197754e+02 6.2563000488e+02 6.2565399170e+02 6.2571301270e+02 6.2573699951e+02 6.2571899414e+02 6.2574102783e+02 6.2582098389e+02 6.2589398193e+02 6.2592797852e+02 6.2591497803e+02 6.2585101318e+02 6.2571099854e+02 6.2557702637e+02 6.2555902100e+02 6.2558300781e+02 6.2556896973e+02 6.2554302979e+02 6.2553497314e+02 6.2555401611e+02 6.2556500244e+02 6.2552398682e+02 6.2547198486e+02 6.2546398926e+02 6.2546600342e+02 6.2550701904e+02 6.2552600098e+02 6.2552301025e+02 6.2552697754e+02 6.2550097656e+02 6.2541400146e+02
6.2581896973e+02 6.2585101318e+02 6.2583001709e+02 6.2579101563e+02 6.2577502441e+02 6.2577502441e+02 6.2581201172e+02 6.2578302002e+02 6.2568402100e+02 6.2558801270e+02 6.2555700684e+02 6.2558898926e+02 6.2565002441e+02 6.2567401123e+02 6.2570501709e+02 6.2577099609e+02 6.2577001953e+02 6.2579998779e+02 6.2585900879e+02 6.2589697266e+02 6.2589398193e+02 6.2591802979e+02 6.2598699951e+02 6.2608801270e+02 6.2615997314e+02 6.2616601563e+02 6.2612402344e+02 6.2600201416e+02 6.2585198975e+02 6.2580401611e+02 6.2578802490e+02 6.2577001953e+02 6.2576800537e+02 6.2575000000e+02 6.2574401855e+02 6.2573199463e+02 6.2569000244e+02 6.2563897705e+02 6.2560900879e+02 6.2558898926e+02 6.2562500000e+02 6.2561901855e+02 6.2560302734e+02 6.2559698486e+02 6.2557098389e+02 6.2551000977e+02
6.2597198486e+02 6.2603100586e+02 6.2603997803e+02 6.2600897217e+02 6.2598901367e+02 6.2595098877e+02 6.2592199707e+02 6.2589898682e+02 6.2592199707e+02 6.2589202881e+02 6.2577502441e+02 6.2569897461e+02 6.2573797607e+02 6.2576800537e+02 6.2581500244e+02 6.2590698242e+02 6.2594396973e+02 6.2598999023e+02 6.2604101563e+02 6.2603997803e+02 6.2604498291e+02 6.2608197021e+02 6.2615301514e+02 6.2630700684e+02 6.2643798828e+02 6.2646502686e+02 6.2642797852e+02 6.2630200195e+02 6.2615502930e+02 6.2606799316e+02 6.2601098633e+02 6.2598797607e+02 6.2600299072e+02 6.2597698975e+02 6.2594897461e+02 6.2588702393e+02 6.2581402588e+02 6.2575799561e+02 6.2570397949e+02 6.2566900635e+02 6.2569598389e+02 6.2569097900e+02 6.2566601563e+02 6.2564801025e+02 6.2563702393e+02 6.2561700439e+02
6.2607897949e+02 6.2616900635e+02 6.2618902588e+02 6.2616497803e+02 6.2612701416e+02 6.2611102295e+02 6.2610198975e+02 6.2606799316e+02 6.2608300781e+02 6.2611499023e+02 6.2609197998e+02 6.2594702148e+02 6.2586999512e+02 6.2586499023e+02 6.2591302490e+02 6.2603100586e+02 6.2611102295e+02 6.2614801025e+02 6.2619500732e+02 6.2619500732e+02 6.2621301270e+02 6.2627899170e+02 6.2636602783e+02 6.2656701660e+02 6.2670501709e+02 6.2671697998e+02 6.2664300537e+02 6.2650897217e+02 6.2635302734e+02 6.2627197266e+02 6.2622497559e+02 6.2619097900e+02 6.2618298340e+02 6.2616998291e+02 6.2614898682e+02 6.2610699463e+02 6.2601397705e+02 6.2590997314e+02 6.2581597900e+02 6.2573602295e+02 6.2574798584e+02 6.2576300049e+02 6.2576000977e+02 6.2577099609e+02 6.2578997803e+02 6.2578900146e+02
6.2621197510e+02 6.2629400635e+02 6.2630999756e+02 6.2627398682e+02 6.2624200439e+02 6.2625897217e+02 6.2625402832e+02 6.2621398926e+02 6.2622601318e+02 6.2626898193e+02 6.2630297852e+02 6.2623101807e+02 6.2610998535e+02 6.2603601074e+02 6.2606597900e+02 6.2616802979e+02 6.2623797607e+02 6.2626501465e+02 6.2634301758e+02 6.2636999512e+02 6.2637402344e+02 6.2643200684e+02 6.2652697754e+02 6.2675701904e+02 6.2688397217e+02 6.2685797119e+02 6.2676702881e+02 6.2664801025e+02 6.2652398682e+02 6.2647497559e+02 6.2643103027e+02 6.2637402344e+02 6.2634899902e+02 6.2631298828e+02 6.2628002930e+02 6.2625299072e+02 6.2617297363e+02 6.2606097412e+02 6.2596997070e+02 6.2590600586e+02 6.2588500977e+02 6.2587799072e+02 6.2588598633e+02 6.2592199707e+02 6.2596398926e+02 6.2597399902e+02
6.2639001465e+02 6.2646600342e+02 6.2648199463e+02 6.2642797852e+02 6.2639300537e+02 6.2640600586e+02 6.2639001465e+02 6.2636602783e+02 6.2637597656e+02 6.2640899658e+02 6.2644500732e+02 6.2646099854e+02 6.2640301514e+02 6.2625000000e+02 6.2622601318e+02 6.2631701660e+02 6.2638201904e+02 6.2641302490e+02 6.2648498535e+02 6.2652502441e+02 6.2653302002e+02 6.2658599854e+02 6.2666302490e+02 6.2688800049e+02 6.2700598145e+02 6.2695800781e+02 6.2686700439e+02 6.2677099609e+02 6.2668701172e+02 6.2665802002e+02 6.2658898926e+02 6.2650598145e+02 6.2647802734e+02 6.2641601563e+02 6.2636602783e+02 6.2632702637e+02 6.2626501465e+02 6.2617498779e+02 6.2613299561e+02 6.2614202881e+02 6.2610797119e+02 6.2606097412e+02 6.2605999756e+02 6.2609600830e+02 6.2613299561e+02 6.2614300537e+02
6.2658898926e+02 6.2667797852e+02 6.2673999023e+02 6.2670599365e+02 6.2664898682e+02 6.2659600830e+02 6.2655499268e+02 6.2653399658e+02 6.2653900146e+02 6.2657000732e+02 6.2663500977e+02 6.2664398193e+02 6.2660302734e+02 6.2646502686e+02 6.2638098145e+02 6.2646801758e+02 6.2652502441e+02 6.2655401611e+02 6.2658300781e+02 6.2663598633e+02 6.2668902588e+02 6.2676202393e+02 6.2683197021e+02 6.2702301025e+02 6.2716400146e+02 6.2709997559e+02 6.2699798584e+02 6.2689202881e+02 6.2682800293e+02 6.2678302002e+02 6.2668402100e+02 6.2660797119e+02 6.2659497070e+02 6.2653997803e+02 6.2650299072e+02 6.2645697021e+02 6.2639300537e+02 6.2634997559e+02 6.2633398438e+02 6.2637701416e+02 6.2635198975e+02 6.2627899170e+02 6.2625897217e+02 6.2626501465e+02 6.2626397705e+02 6.2625500488e+02
6.2679101563e+02 6.2686199951e+02 6.2693902588e+02 6.2695697021e+02 6.2689099121e+02 6.2681597900e+02 6.2678900146e+02 6.2675897217e+02 6.2674597168e+02 6.2678399658e+02 6.2686999512e+02 6.2686297607e+02 6.2681298828e+02 6.2674499512e+02 6.2666101074e+02 6.2662402344e+02 6.2665698242e+02 6.2672399902e+02 6.2678601074e+02 6.2683801270e+02 6.2687799072e+02 6.2692102051e+02 6.2699102783e+02 6.2716601563e+02 6.2733300781e+02 6.2730700684e+02 6.2720397949e+02 6.2707800293e+02 6.2697900391e+02 6.2690997314e+02 6.2683502197e+02 6.2675897217e+02 6.2670202637e+02 6.2666699219e+02 6.2665301514e+02 6.2665399170e+02 6.2662200928e+02 6.2661999512e+02 6.2661297607e+02 6.2660699463e+02 6.2655798340e+02 6.2647900391e+02 6.2642700195e+02 6.2640600586e+02 6.2639599609e+02 6.2637402344e+02
6.2697900391e+02 6.2705200195e+02 6.2710400391e+02 6.2711700439e+02 6.2707299805e+02 6.2701898193e+02 6.2702099609e+02 6.2700097656e+02 6.2698297119e+02 6.2698498535e+02 6.2700000000e+02 6.2697900391e+02 6.2695800781e+02 6.2694702148e+02 6.2690301514e+02 6.2682098389e+02 6.2683697510e+02 6.2690899658e+02 6.2697198486e+02 6.2702099609e+02 6.2706298828e+02 6.2709197998e+02 6.2713702393e+02 6.2727099609e+02 6.2744097900e+02 6.2747198486e+02 6.2739099121e+02 6.2727697754e+02 6.2716302490e+02 6.2708599854e+02 6.2702899170e+02 6.2695300293e+02 6.2687097168e+02 6.2684802246e+02 6.2681896973e+02 6.2684399414e+02 6.2684197998e+02 6.2684100342e+02 6.2684899902e+02 6.2680902100e+02 6.2673602295e+02 6.2664202881e+02 6.2655102539e+02 6.2650799561e+02 6.2651501465e+02 6.2651702881e+02
6.2715301514e+02 6.2723199463e+02 6.2726098633e+02 6.2726397705e+02 6.2725500488e+02 6.2722998047e+02 6.2724499512e+02 6.2722497559e+02 6.2721099854e+02 6.2718298340e+02 6.2713500977e+02 6.2709698486e+02 6.2710198975e+02 6.2712902832e+02 6.2713397217e+02 6.2708398438e+02 6.2707299805e+02 6.2708300781e+02 6.2710900879e+02 6.2715698242e+02 6.2722100830e+02 6.2726501465e+02 6.2729699707e+02 6.2739898682e+02 6.2756097412e+02 6.2761102295e+02 6.2751898193e+02 6.2744299316e+02 6.2736102295e+02 6.2729199219e+02 6.2723297119e+02 6.2715600586e+02 6.2709997559e+02 6.2709802246e+02 6.2702801514e+02 6.2701702881e+02 6.2699700928e+02 6.2697900391e+02 6.2700799561e+02 6.2698400879e+02 6.2692102051e+02 6.2680902100e+02 6.2668902588e+02 6.2663500977e+02 6.2663800049e+02 6.2666601563e+02
6.2734802246e+02 6.2740698242e+02 6.2743701172e+02 6.2745098877e+02 6.2748297119e+02 6.2747399902e+02 6.2747601318e+02 6.2745202637e+02 6.2743597412e+02 6.2742102051e+02 6.2737799072e+02 6.2732897949e+02 6.2729400635e+02 6.2731500244e+02 6.2733099365e+02 6.2734600830e+02 6.2733398438e+02 6.2727697754e+02 6.2725000000e+02 6.2729498291e+02 6.2736901855e+02 6.2742199707e+02 6.2745300293e+02 6.2756701660e+02 6.2772100830e+02 6.2774798584e+02 6.2764501953e+02 6.2762701416e+02 6.2759301758e+02 6.2753002930e+02 6.2746502686e+02 6.2738598633e+02 6.2733001709e+02 6.2729901123e+02 6.2722802734e+02 6.2716900635e+02 6.2713098145e+02 6.2710601807e+02 6.2713500977e+02 6.2716998291e+02 6.2714202881e+02 6.2701300049e+02 6.2691900635e+02 6.2688702393e+02 6.2684002686e+02 6.2684100342e+02
6.2758099365e+02 6.2762402344e+02 6.2762701416e+02 6.2765301514e+02 6.2772302246e+02 6.2775299072e+02 6.2775701904e+02 6.2772302246e+02 6.2770800781e+02 6.2771997070e+02 6.2766400146e+02 6.2759899902e+02 6.2755700684e+02 6.2752398682e+02 6.2748797607e+02 6.2750701904e+02 6.2750000000e+02 6.2746099854e+02 6.2742199707e+02 6.2744000244e+02 6.2752001953e+02 6.2758898926e+02 6.2761999512e+02 6.2771301270e+02 6.2787902832e+02 6.2795697021e+02 6.2786499023e+02 6.2784100342e+02 6.2781799316e+02 6.2774798584e+02 6.2766998291e+02 6.2763299561e+02 6.2759399414e+02 6.2753698730e+02 6.2744897461e+02 6.2736999512e+02 6.2735601807e+02 6.2732501221e+02 6.2729998779e+02 6.2732598877e+02 6.2733300781e+02 6.2725097656e+02 6.2719299316e+02 6.2714697266e+02 6.2707897949e+02 6.2703997803e+02
6.2779901123e+02 6.2783898926e+02 6.2782800293e+02 6.2782800293e+02 6.2790899658e+02 6.2797802734e+02 6.2800000000e+02 6.2798400879e+02 6.2799700928e+02 6.2803302002e+02 6.2797399902e+02 6.2790997314e+02 6.2785601807e+02 6.2779797363e+02 6.2773999023e+02 6.2773901367e+02 6.2768499756e+02 6.2763299561e+02 6.2759600830e+02 6.2759197998e+02 6.2766302490e+02 6.2775701904e+02 6.2780603027e+02 6.2787701416e+02 6.2803002930e+02 6.2815100098e+02 6.2810101318e+02 6.2805798340e+02 6.2800799561e+02 6.2792297363e+02 6.2784100342e+02 6.2783898926e+02 6.2782397461e+02 6.2776000977e+02 6.2767297363e+02 6.2759997559e+02 6.2760498047e+02 6.2756500244e+02 6.2751098633e+02 6.2753399658e+02 6.2756097412e+02 6.2753198242e+02 6.2750201416e+02 6.2743798828e+02 6.2735601807e+02 6.2729797363e+02
6.2798901367e+02 6.2803601074e+02 6.2802801514e+02 6.2802099609e+02 6.2809197998e+02 6.2816998291e+02 6.2821099854e+02 6.2821600342e+02 6.2824499512e+02 6.2829998779e+02 6.2826098633e+02 6.2820300293e+02 6.2814398193e+02 6.2807501221e+02 6.2802697754e+02 6.2802600098e+02 6.2791302490e+02 6.2782098389e+02 6.2777001953e+02 6.2773999023e+02 6.2779199219e+02 6.2790600586e+02 6.2797998047e+02 6.2802697754e+02 6.2814202881e+02 6.2829101563e+02 6.2833099365e+02 6.2830297852e+02 6.2822698975e+02 6.2815502930e+02 6.2807397461e+02 6.2807098389e+02 6.2804699707e+02 6.2797900391e+02 6.2792901611e+02 6.2788500977e+02 6.2789202881e+02 6.2783801270e+02 6.2777301025e+02 6.2778900146e+02 6.2781097412e+02 6.2781201172e+02 6.2780902100e+02 6.2773901367e+02 6.2765399170e+02 6.2760900879e+02
6.2819097900e+02 6.2823602295e+02 6.2821801758e+02 6.2824902344e+02 6.2831597900e+02 6.2838201904e+02 6.2844000244e+02 6.2845697021e+02 6.2848498535e+02 6.2856500244e+02 6.2856799316e+02 6.2847198486e+02 6.2840002441e+02 6.2830200195e+02 6.2822497559e+02 6.2819299316e+02 6.2812597656e+02 6.2805401611e+02 6.2796997070e+02 6.2789099121e+02 6.2791400146e+02 6.2803100586e+02 6.2813000488e+02 6.2817602539e+02 6.2824798584e+02 6.2840399170e+02 6.2853601074e+02 6.2856097412e+02 6.2853802490e+02 6.2848901367e+02 6.2840802002e+02 6.2835198975e+02 6.2828198242e+02 6.2823602295e+02 6.2823101807e+02 6.2823602295e+02 6.2822802734e+02 6.2814501953e+02 6.2805999756e+02 6.2804498291e+02 6.2805999756e+02 6.2806597900e+02 6.2807397461e+02 6.2800500488e+02 6.2792700195e+02 6.2788201904e+02
6.2839801025e+02 6.2842602539e+02 6.2841699219e+02 6.2846801758e+02 6.2855297852e+02 6.2866802979e+02 6.2873999023e+02 6.2870501709e+02 6.2869702148e+02 6.2876300049e+02 6.2877099609e+02 6.2869000244e+02 6.2860302734e+02 6.2851599121e+02 6.2844097900e+02 6.2840899658e+02 6.2839099121e+02 6.2837298584e+02 6.2825201416e+02 6.2812298584e+02 6.2809600830e+02 6.2816101074e+02 6.2825299072e+02 6.2832098389e+02 6.2838500977e+02 6.2851202393e+02 6.2867297363e+02 6.2880798340e+02 6.2884600830e+02 6.2881402588e+02 6.2875799561e+02 6.2870397949e+02 6.2864202881e+02 6.2859301758e+02 6.2855401611e+02 6.2851300049e+02 6.2845300293e+02 6.2838299561e+02 6.2832501221e+02 6.2826800537e+02 6.2823602295e+02 6.2824401855e+02 6.2826800537e+02 6.2823498535e+02 6.2814697266e+02 6.2806799316e+02
6.2856298828e+02 6.2856500244e+02 6.2860198975e+02 6.2869799805e+02 6.2881896973e+02 6.2897497559e+02 6.2906402588e+02 6.2899102783e+02 6.2891198730e+02 6.2890399170e+02 6.2889599609e+02 6.2883898926e+02 6.2877301025e+02 6.2871197510e+02 6.2864099121e+02 6.2861102295e+02 6.2860699463e+02 6.2860797119e+02 6.2849700928e+02 6.2833398438e+02 6.2824102783e+02 6.2827099609e+02 6.2837097168e+02 6.2846301270e+02 6.2852398682e+02 6.2862097168e+02 6.2875097656e+02 6.2891900635e+02 6.2904199219e+02 6.2907299805e+02 6.2905603027e+02 6.2902697754e+02 6.2898199463e+02 6.2892700195e+02 6.2884698486e+02 6.2874798584e+02 6.2865197754e+02 6.2859399414e+02 6.2856298828e+02 6.2848602295e+02 6.2841699219e+02 6.2840899658e+02 6.2840698242e+02 6.2838702393e+02 6.2831597900e+02 6.2823602295e+02
6.2876702881e+02 6.2876702881e+02 6.2884497070e+02 6.2896997070e+02 6.2908502197e+02 6.2921600342e+02 6.2930499268e+02 6.2924499512e+02 6.2913800049e+02 6.2906799316e+02 6.2904199219e+02 6.2900897217e+02 6.2897198486e+02 6.2893103027e+02 6.2885900879e+02 6.2882800293e+02 6.2881799316e+02 6.2880200195e+02 6.2870501709e+02 6.2852001953e+02 6.2839202881e+02 6.2841497803e+02 6.2851702881e+02 6.2861700439e+02 6.2867700195e+02 6.2875799561e+02 6.2884002686e+02 6.2896099854e+02 6.2912298584e+02 6.2924102783e+02 6.2927301025e+02 6.2927001953e+02 6.2923797607e+02 6.2917901611e+02 6.2908502197e+02 6.2897497559e+02 6.2887799072e+02 6.2882098389e+02 6.2878698730e+02 6.2870898438e+02 6.2863299561e+02 6.2859698486e+02 6.2855297852e+02 6.2853002930e+02 6.2847900391e+02 6.2840802002e+02
