TESTSERVER/13/10.asc
NCOLS 100
NROWS 100
XLLCORNER 8.1497500000e+03
YLLCORNER 2.8945025000e+05
CELLSIZE 5.0000000000e-01
NODATA_VALUE -9.9990000000e+03
[rows 0 to 19 of 100, columns 0 to 45 of 100]
6.2507897949e+02 6.2500000000e+02 6.2494702148e+02 6.2493798828e+02 6.2495697021e+02 6.2491998291e+02 6.2492102051e+02 6.2491198730e+02 6.2489599609e+02 6.2486199951e+02 6.2481298828e+02 6.2475402832e+02 6.2469500732e+02 6.2465899658e+02 6.2468701172e+02 6.2477099609e+02 6.2483398438e+02 6.2471697998e+02 6.2454998779e+02 6.2427697754e+02 6.2396502686e+02 6.2392102051e+02 6.2389599609e+02 6.2385101318e+02 6.2381799316e+02 6.2381500244e+02 6.2379602051e+02 6.2377398682e+02 6.2372399902e+02 6.2370098877e+02 6.2368298340e+02 6.2362597656e+02 6.2358197021e+02 6.2355603027e+02 6.2351599121e+02 6.2348297119e+02 6.2347601318e+02 6.2347198486e+02 6.2344396973e+02 6.2345098877e+02 6.2344598389e+02 6.2341601563e+02 6.2338397217e+02 6.2334301758e+02 6.2330200195e+02 6.2334698486e+02
6.2503601074e+02 6.2494598389e+02 6.2485797119e+02 6.2479998779e+02 6.2478698730e+02 6.2477099609e+02 6.2481298828e+02 6.2484399414e+02 6.2483898926e+02 6.2479498291e+02 6.2472302246e+02 6.2465698242e+02 6.2459600830e+02 6.2453900146e+02 6.2451599121e+02 6.2455902100e+02 6.2464599609e+02 6.2459002686e+02 6.2445898438e+02 6.2424298096e+02 6.2400201416e+02 6.2392401123e+02 6.2390301514e+02 6.2385601807e+02 6.2382000732e+02 6.2381799316e+02 6.2380297852e+02 6.2377600098e+02 6.2375897217e+02 6.2373297119e+02 6.2370001221e+02 6.2363299561e+02 6.2357501221e+02 6.2353002930e+02 6.2350000000e+02 6.2349700928e+02 6.2349798584e+02 6.2349798584e+02 6.2347399902e+02 6.2347100830e+02 6.2345697021e+02 6.2343902588e+02 6.2341699219e+02 6.2339001465e+02 6.2333898926e+02 6.2332501221e+02
6.2499298096e+02 6.2490197754e+02 6.2481298828e+02 6.2472698975e+02 6.2467401123e+02 6.2462097168e+02 6.2461999512e+02 6.2464801025e+02 6.2466198730e+02 6.2464898682e+02 6.2461602783e+02 6.2457800293e+02 6.2451300049e+02 6.2445098877e+02 6.2442297363e+02 6.2440600586e+02 6.2444201660e+02 6.2441497803e+02 6.2431402588e+02 6.2417498779e+02 6.2403601074e+02 6.2393701172e+02 6.2389099121e+02 6.2385601807e+02 6.2383300781e+02 6.2381597900e+02 6.2379998779e+02 6.2378601074e+02 6.2378100586e+02 6.2375500488e+02 6.2370300293e+02 6.2361602783e+02 6.2354998779e+02 6.2353002930e+02 6.2352398682e+02 6.2351702881e+02 6.2350598145e+02 6.2352801514e+02 6.2350500488e+02 6.2348297119e+02 6.2347497559e+02 6.2344799805e+02 6.2340502930e+02 6.2337402344e+02 6.2334301758e+02 6.2329602051e+02
6.2494897461e+02 6.2486401367e+02 6.2477197266e+02 6.2468402100e+02 6.2461700439e+02 6.2455200195e+02 6.2450201416e+02 6.2448498535e+02 6.2445599365e+02 6.2445501709e+02 6.2446697998e+02 6.2447802734e+02 6.2444799805e+02 6.2442498779e+02 6.2440600586e+02 6.2434301758e+02 6.2431402588e+02 6.2429797363e+02 6.2422302246e+02 6.2414001465e+02 6.2407800293e+02 6.2400598145e+02 6.2394000244e+02 6.2387500000e+02 6.2383398438e+02 6.2380798340e+02 6.2379699707e+02 6.2378698730e+02 6.2376898193e+02 6.2373999023e+02 6.2367401123e+02 6.2358697510e+02 6.2355499268e+02 6.2357800293e+02 6.2357702637e+02 6.2354699707e+02 6.2351202393e+02 6.2352001953e+02 6.2350500488e+02 6.2348901367e+02 6.2347198486e+02 6.2342999268e+02 6.2337902832e+02 6.2334301758e+02 6.2333300781e+02 6.2331701660e+02
6.2492297363e+02 6.2482000732e+02 6.2471697998e+02 6.2463897705e+02 6.2458801270e+02 6.2453198242e+02 6.2446600342e+02 6.2441101074e+02 6.2435101318e+02 6.2433599854e+02 6.2432397461e+02 6.2433099365e+02 6.2433898926e+02 6.2435699463e+02 6.2431201172e+02 6.2426501465e+02 6.2427899170e+02 6.2428002930e+02 6.2423699951e+02 6.2418402100e+02 6.2414099121e+02 6.2409997559e+02 6.2402099609e+02 6.2389398193e+02 6.2377899170e+02 6.2376501465e+02 6.2375897217e+02 6.2375000000e+02 6.2373199463e+02 6.2367498779e+02 6.2361499023e+02 6.2357702637e+02 6.2359698486e+02 6.2360699463e+02 6.2358898926e+02 6.2357202148e+02 6.2356597900e+02 6.2353997803e+02 6.2351599121e+02 6.2350402832e+02 6.2346398926e+02 6.2339599609e+02 6.2335198975e+02 6.2332202148e+02 6.2332501221e+02 6.2334301758e+02
6.2484997559e+02 6.2477502441e+02 6.2467498779e+02 6.2459301758e+02 6.2453497314e+02 6.2449597168e+02 6.2443402100e+02 6.2435900879e+02 6.2430200195e+02 6.2428002930e+02 6.2422198486e+02 6.2418200684e+02 6.2417401123e+02 6.2418298340e+02 6.2420697021e+02 6.2423400879e+02 6.2426599121e+02 6.2432702637e+02 6.2437500000e+02 6.2436297607e+02 6.2432897949e+02 6.2424298096e+02 6.2409600830e+02 6.2395800781e+02 6.2384002686e+02 6.2379699707e+02 6.2380200195e+02 6.2378497314e+02 6.2372802734e+02 6.2366497803e+02 6.2362402344e+02 6.2360400391e+02 6.2360198975e+02 6.2358001709e+02 6.2355499268e+02 6.2355700684e+02 6.2354199219e+02 6.2353900146e+02 6.2352600098e+02 6.2348297119e+02 6.2343701172e+02 6.2339202881e+02 6.2335101318e+02 6.2331799316e+02 6.2331402588e+02 6.2333801270e+02
6.2468902588e+02 6.2464898682e+02 6.2458898926e+02 6.2453497314e+02 6.2448498535e+02 6.2445098877e+02 6.2439099121e+02 6.2431402588e+02 6.2427001953e+02 6.2423602295e+02 6.2415502930e+02 6.2409802246e+02 6.2408502197e+02 6.2408599854e+02 6.2413201904e+02 6.2419000244e+02 6.2423199463e+02 6.2436199951e+02 6.2449499512e+02 6.2452099609e+02 6.2446600342e+02 6.2432501221e+02 6.2413598633e+02 6.2401000977e+02 6.2389300537e+02 6.2382501221e+02 6.2384002686e+02 6.2382702637e+02 6.2375000000e+02 6.2369897461e+02 6.2367102051e+02 6.2363897705e+02 6.2360198975e+02 6.2357000732e+02 6.2356896973e+02 6.2358502197e+02 6.2355902100e+02 6.2353601074e+02 6.2351599121e+02 6.2346197510e+02 6.2341497803e+02 6.2339099121e+02 6.2337597656e+02 6.2335699463e+02 6.2333398438e+02 6.2332000732e+02
6.2446398926e+02 6.2445800781e+02 6.2445300293e+02 6.2444299316e+02 6.2441699219e+02 6.2440002441e+02 6.2434899902e+02 6.2428698730e+02 6.2424700928e+02 6.2418597412e+02 6.2410302734e+02 6.2405499268e+02 6.2403802490e+02 6.2401599121e+02 6.2403198242e+02 6.2406500244e+02 6.2412402344e+02 6.2429498291e+02 6.2444897461e+02 6.2448400879e+02 6.2442199707e+02 6.2427301025e+02 6.2411499023e+02 6.2400500488e+02 6.2387902832e+02 6.2379797363e+02 6.2380401611e+02 6.2380102539e+02 6.2375500488e+02 6.2372198486e+02 6.2369201660e+02 6.2364898682e+02 6.2360498047e+02 6.2359002686e+02 6.2359497070e+02 6.2359497070e+02 6.2356500244e+02 6.2352600098e+02 6.2349597168e+02 6.2346697998e+02 6.2342901611e+02 6.2340600586e+02 6.2340100098e+02 6.2338098145e+02 6.2333801270e+02 6.2330700684e+02
6.2423602295e+02 6.2425000000e+02 6.2427398682e+02 6.2428997803e+02 6.2428601074e+02 6.2432202148e+02 6.2430499268e+02 6.2425701904e+02 6.2419201660e+02 6.2412097168e+02 6.2406597900e+02 6.2403497314e+02 6.2400598145e+02 6.2397497559e+02 6.2395202637e+02 6.2392797852e+02 6.2396801758e+02 6.2410400391e+02 6.2422698975e+02 6.2429199219e+02 6.2428900146e+02 6.2413201904e+02 6.2403002930e+02 6.2396099854e+02 6.2385601807e+02 6.2378399658e+02 6.2376800537e+02 6.2375897217e+02 6.2375402832e+02 6.2372497559e+02 6.2370001221e+02 6.2366400146e+02 6.2363201904e+02 6.2362597656e+02 6.2361102295e+02 6.2358801270e+02 6.2355200195e+02 6.2350897217e+02 6.2346099854e+02 6.2345001221e+02 6.2345001221e+02 6.2342999268e+02 6.2341198730e+02 6.2336999512e+02 6.2331097412e+02 6.2331500244e+02
6.2405700684e+02 6.2404498291e+02 6.2404797363e+02 6.2406500244e+02 6.2408898926e+02 6.2416101074e+02 6.2419799805e+02 6.2419000244e+02 6.2415197754e+02 6.2409497070e+02 6.2405200195e+02 6.2402001953e+02 6.2398901367e+02 6.2393798828e+02 6.2390600586e+02 6.2386401367e+02 6.2386700439e+02 6.2390600586e+02 6.2398498535e+02 6.2406896973e+02 6.2410400391e+02 6.2397698975e+02 6.2389898682e+02 6.2387597656e+02 6.2381201172e+02 6.2376397705e+02 6.2375201416e+02 6.2374499512e+02 6.2374902344e+02 6.2375500488e+02 6.2372497559e+02 6.2367199707e+02 6.2364801025e+02 6.2364898682e+02 6.2361499023e+02 6.2357098389e+02 6.2352301025e+02 6.2347100830e+02 6.2343902588e+02 6.2344201660e+02 6.2344500732e+02 6.2343499756e+02 6.2341497803e+02 6.2338500977e+02 6.2334802246e+02 6.2332098389e+02
6.2389898682e+02 6.2387097168e+02 6.2386602783e+02 6.2388897705e+02 6.2393200684e+02 6.2398199463e+02 6.2402001953e+02 6.2405297852e+02 6.2409497070e+02 6.2405700684e+02 6.2400000000e+02 6.2395800781e+02 6.2392102051e+02 6.2387597656e+02 6.2385498047e+02 6.2382800293e+02 6.2381896973e+02 6.2381701660e+02 6.2383099365e+02 6.2386102295e+02 6.2387500000e+02 6.2384301758e+02 6.2382897949e+02 6.2380700684e+02 6.2376202393e+02 6.2375897217e+02 6.2375701904e+02 6.2374298096e+02 6.2372900391e+02 6.2376397705e+02 6.2373498535e+02 6.2367700195e+02 6.2366198730e+02 6.2364898682e+02 6.2360101318e+02 6.2354797363e+02 6.2350799561e+02 6.2347100830e+02 6.2344598389e+02 6.2344000244e+02 6.2342602539e+02 6.2342401123e+02 6.2342199707e+02 6.2341198730e+02 6.2337402344e+02 6.2332202148e+02
6.2375000000e+02 6.2373199463e+02 6.2372998047e+02 6.2375299072e+02 6.2380499268e+02 6.2382397461e+02 6.2383502197e+02 6.2386102295e+02 6.2393402100e+02 6.2392602539e+02 6.2390002441e+02 6.2389398193e+02 6.2388800049e+02 6.2385601807e+02 6.2382800293e+02 6.2380297852e+02 6.2379199219e+02 6.2379797363e+02 6.2378100586e+02 6.2376000977e+02 6.2374499512e+02 6.2376397705e+02 6.2377899170e+02 6.2376000977e+02 6.2372698975e+02 6.2373797607e+02 6.2374298096e+02 6.2372399902e+02 6.2369500732e+02 6.2371301270e+02 6.2368701172e+02 6.2364599609e+02 6.2364599609e+02 6.2362799072e+02 6.2358599854e+02 6.2354602051e+02 6.2351098633e+02 6.2347399902e+02 6.2344500732e+02 6.2342199707e+02 6.2340002441e+02 6.2339697266e+02 6.2339202881e+02 6.2338598633e+02 6.2336199951e+02 6.2334899902e+02
6.2358898926e+02 6.2358599854e+02 6.2358697510e+02 6.2360498047e+02 6.2365100098e+02 6.2366302490e+02 6.2367602539e+02 6.2369396973e+02 6.2373797607e+02 6.2375500488e+02 6.2376000977e+02 6.2381799316e+02 6.2388800049e+02 6.2386401367e+02 6.2381298828e+02 6.2377197266e+02 6.2375897217e+02 6.2376898193e+02 6.2375897217e+02 6.2374597168e+02 6.2373901367e+02 6.2372497559e+02 6.2372198486e+02 6.2373101807e+02 6.2373498535e+02 6.2372302246e+02 6.2372802734e+02 6.2371899414e+02 6.2368798828e+02 6.2365301514e+02 6.2362097168e+02 6.2359600830e+02 6.2360302734e+02 6.2359802246e+02 6.2358197021e+02 6.2355297852e+02 6.2349597168e+02 6.2347998047e+02 6.2345001221e+02 6.2341699219e+02 6.2339099121e+02 6.2337902832e+02 6.2335900879e+02 6.2335198975e+02 6.2335998535e+02 6.2339099121e+02
6.2345397949e+02 6.2347601318e+02 6.2347497559e+02 6.2347100830e+02 6.2350402832e+02 6.2352899170e+02 6.2355200195e+02 6.2358300781e+02 6.2362902832e+02 6.2363000488e+02 6.2361102295e+02 6.2368402100e+02 6.2378997803e+02 6.2381402588e+02 6.2378002930e+02 6.2374200439e+02 6.2374102783e+02 6.2375701904e+02 6.2373699951e+02 6.2372399902e+02 6.2372698975e+02 6.2370001221e+02 6.2369702148e+02 6.2372198486e+02 6.2371197510e+02 6.2369799805e+02 6.2370599365e+02 6.2370898438e+02 6.2366802979e+02 6.2361798096e+02 6.2359197998e+02 6.2357800293e+02 6.2358300781e+02 6.2358398438e+02 6.2357800293e+02 6.2356597900e+02 6.2353100586e+02 6.2349401855e+02 6.2344702148e+02 6.2342700195e+02 6.2340600586e+02 6.2338397217e+02 6.2338000488e+02 6.2339202881e+02 6.2339501953e+02 6.2339501953e+02
6.2331298828e+02 6.2335601807e+02 6.2336602783e+02 6.2335900879e+02 6.2337298584e+02 6.2340899658e+02 6.2345001221e+02 6.2348602295e+02 6.2352398682e+02 6.2352899170e+02 6.2350799561e+02 6.2354302979e+02 6.2362701416e+02 6.2371099854e+02 6.2373199463e+02 6.2372497559e+02 6.2374200439e+02 6.2374700928e+02 6.2371600342e+02 6.2370202637e+02 6.2369299316e+02 6.2365802002e+02 6.2367297363e+02 6.2369598389e+02 6.2367797852e+02 6.2368499756e+02 6.2369396973e+02 6.2368402100e+02 6.2364697266e+02 6.2360900879e+02 6.2358898926e+02 6.2358197021e+02 6.2358300781e+02 6.2358099365e+02 6.2358502197e+02 6.2357000732e+02 6.2355700684e+02 6.2352801514e+02 6.2347698975e+02 6.2345001221e+02 6.2341601563e+02 6.2340600586e+02 6.2342498779e+02 6.2344702148e+02 6.2343597412e+02 6.2341497803e+02
6.2317797852e+02 6.2321002197e+02 6.2322601318e+02 6.2322998047e+02 6.2324200439e+02 6.2327099609e+02 6.2333099365e+02 6.2338897705e+02 6.2343103027e+02 6.2345300293e+02 6.2345098877e+02 6.2345697021e+02 6.2349401855e+02 6.2358898926e+02 6.2364599609e+02 6.2367999268e+02 6.2372900391e+02 6.2372302246e+02 6.2369500732e+02 6.2368298340e+02 6.2366302490e+02 6.2364697266e+02 6.2367797852e+02 6.2368701172e+02 6.2365301514e+02 6.2366302490e+02 6.2366802979e+02 6.2364697266e+02 6.2364001465e+02 6.2363800049e+02 6.2362402344e+02 6.2361499023e+02 6.2360797119e+02 6.2362597656e+02 6.2364300537e+02 6.2358502197e+02 6.2353997803e+02 6.2353002930e+02 6.2350299072e+02 6.2347698975e+02 6.2344897461e+02 6.2344598389e+02 6.2346099854e+02 6.2347698975e+02 6.2347198486e+02 6.2345001221e+02
6.2307000732e+02 6.2307598877e+02 6.2309301758e+02 6.2311401367e+02 6.2313000488e+02 6.2314501953e+02 6.2318200684e+02 6.2325201416e+02 6.2334100342e+02 6.2336700439e+02 6.2338702393e+02 6.2340399170e+02 6.2340698242e+02 6.2348400879e+02 6.2354998779e+02 6.2360498047e+02 6.2367297363e+02 6.2370697021e+02 6.2370697021e+02 6.2370800781e+02 6.2367602539e+02 6.2366998291e+02 6.2367498779e+02 6.2367102051e+02 6.2365899658e+02 6.2365399170e+02 6.2365899658e+02 6.2365100098e+02 6.2365502930e+02 6.2365899658e+02 6.2365399170e+02 6.2363500977e+02 6.2360900879e+02 6.2365899658e+02 6.2368499756e+02 6.2361199951e+02 6.2354998779e+02 6.2352197266e+02 6.2351501465e+02 6.2351397705e+02 6.2352001953e+02 6.2350000000e+02 6.2349902344e+02 6.2350500488e+02 6.2351000977e+02 6.2347998047e+02
6.2295098877e+02 6.2296099854e+02 6.2297998047e+02 6.2300701904e+02 6.2304797363e+02 6.2307702637e+02 6.2309399414e+02 6.2313299561e+02 6.2320397949e+02 6.2327801514e+02 6.2333599854e+02 6.2336102295e+02 6.2335498047e+02 6.2337902832e+02 6.2342498779e+02 6.2347698975e+02 6.2356500244e+02 6.2365600586e+02 6.2368597412e+02 6.2370098877e+02 6.2369097900e+02 6.2368103027e+02 6.2367199707e+02 6.2366198730e+02 6.2365802002e+02 6.2366900635e+02 6.2367901611e+02 6.2368798828e+02 6.2369299316e+02 6.2368499756e+02 6.2366900635e+02 6.2364501953e+02 6.2362200928e+02 6.2363299561e+02 6.2364300537e+02 6.2362298584e+02 6.2359002686e+02 6.2356097412e+02 6.2354602051e+02 6.2354199219e+02 6.2356298828e+02 6.2355700684e+02 6.2357702637e+02 6.2357800293e+02 6.2355798340e+02 6.2349902344e+02
6.2283300781e+02 6.2284698486e+02 6.2287402344e+02 6.2290997314e+02 6.2296801758e+02 6.2299597168e+02 6.2300598145e+02 6.2303002930e+02 6.2308197021e+02 6.2315802002e+02 6.2324102783e+02 6.2330499268e+02 6.2332098389e+02 6.2332000732e+02 6.2332501221e+02 6.2335400391e+02 6.2344000244e+02 6.2352697754e+02 6.2357202148e+02 6.2361297607e+02 6.2365698242e+02 6.2365802002e+02 6.2365802002e+02 6.2365698242e+02 6.2365802002e+02 6.2366900635e+02 6.2368902588e+02 6.2371301270e+02 6.2372198486e+02 6.2371502686e+02 6.2370001221e+02 6.2367797852e+02 6.2365600586e+02 6.2363800049e+02 6.2363397217e+02 6.2363598633e+02 6.2361102295e+02 6.2358801270e+02 6.2357098389e+02 6.2357202148e+02 6.2359600830e+02 6.2360797119e+02 6.2361999512e+02 6.2361901855e+02 6.2359802246e+02 6.2352502441e+02
6.2271997070e+02 6.2272802734e+02 6.2277001953e+02 6.2282397461e+02 6.2287597656e+02 6.2289801025e+02 6.2291900635e+02 6.2295098877e+02 6.2300598145e+02 6.2305297852e+02 6.2311798096e+02 6.2321002197e+02 6.2326501465e+02 6.2329400635e+02 6.2330200195e+02 6.2330798340e+02 6.2334600830e+02 6.2338897705e+02 6.2342797852e+02 6.2349298096e+02 6.2356799316e+02 6.2357702637e+02 6.2359600830e+02 6.2362500000e+02 6.2365100098e+02 6.2366302490e+02 6.2368701172e+02 6.2371301270e+02 6.2372698975e+02 6.2372802734e+02 6.2371899414e+02 6.2369702148e+02 6.2367102051e+02 6.2366198730e+02 6.2365301514e+02 6.2365399170e+02 6.2362200928e+02 6.2361401367e+02 6.2360699463e+02 6.2360400391e+02 6.2362097168e+02 6.2364398193e+02 6.2364599609e+02 6.2364202881e+02 6.2363299561e+02 6.2355700684e+02
