TESTSERVER/13/11.asc
NCOLS 100
NROWS 100
XLLCORNER 8.1497500000e+03
YLLCORNER 2.8940025000e+05
CELLSIZE 5.0000000000e-01
NODATA_VALUE -9.9990000000e+03
[rows 0 to 19 of 100, columns 46 to 91 of 100]
6.2493701172e+02 6.2516601563e+02 6.2530999756e+02 6.2542102051e+02 6.2554199219e+02 6.2565197754e+02 6.2582800293e+02 6.2602301025e+02 6.2616699219e+02 6.2627197266e+02 6.2641802979e+02 6.2659497070e+02 6.2675701904e+02 6.2692797852e+02 6.2712597656e+02 6.2732397461e+02 6.2747399902e+02 6.2758398438e+02 6.2773498535e+02 6.2786700439e+02 6.2798797607e+02 6.2812500000e+02 6.2832501221e+02 6.2854699707e+02 6.2875000000e+02 6.2898999023e+02 6.2924499512e+02 6.2941802979e+02 6.2954699707e+02 6.2973498535e+02 6.2992602539e+02 6.3007202148e+02 6.3017901611e+02 6.3027099609e+02 6.3038299561e+02 6.3052099609e+02 6.3068902588e+02 6.3089599609e+02 6.3108502197e+02 6.3122900391e+02 6.3135400391e+02 6.3146197510e+02 6.3159600830e+02 6.3180603027e+02 6.3196697998e+02 6.3210601807e+02
6.2462902832e+02 6.2483300781e+02 6.2495001221e+02 6.2506298828e+02 6.2524298096e+02 6.2539898682e+02 6.2554302979e+02 6.2570397949e+02 6.2585998535e+02 6.2598602295e+02 6.2613397217e+02 6.2630798340e+02 6.2647998047e+02 6.2665002441e+02 6.2683502197e+02 6.2703802490e+02 6.2718701172e+02 6.2731298828e+02 6.2745001221e+02 6.2757299805e+02 6.2770898438e+02 6.2786602783e+02 6.2807202148e+02 6.2828601074e+02 6.2846600342e+02 6.2865399170e+02 6.2880999756e+02 6.2891497803e+02 6.2908300781e+02 6.2931799316e+02 6.2956097412e+02 6.2977502441e+02 6.2994299316e+02 6.3007598877e+02 6.3017901611e+02 6.3029998779e+02 6.3044201660e+02 6.3060699463e+02 6.3080700684e+02 6.3098101807e+02 6.3110900879e+02 6.3121899414e+02 6.3136297607e+02 6.3154901123e+02 6.3167102051e+02 6.3179797363e+02
6.2427600098e+02 6.2445800781e+02 6.2457397461e+02 6.2470898438e+02 6.2493597412e+02 6.2512298584e+02 6.2526501465e+02 6.2540698242e+02 6.2554901123e+02 6.2568499756e+02 6.2584197998e+02 6.2601702881e+02 6.2618499756e+02 6.2638500977e+02 6.2660198975e+02 6.2678900146e+02 6.2691802979e+02 6.2705798340e+02 6.2719299316e+02 6.2731500244e+02 6.2746398926e+02 6.2761199951e+02 6.2779901123e+02 6.2798602295e+02 6.2815002441e+02 6.2835998535e+02 6.2850598145e+02 6.2859600830e+02 6.2874102783e+02 6.2894598389e+02 6.2917901611e+02 6.2940997314e+02 6.2961602783e+02 6.2977099609e+02 6.2989697266e+02 6.3003497314e+02 6.3017102051e+02 6.3030902100e+02 6.3050500488e+02 6.3071002197e+02 6.3086297607e+02 6.3096997070e+02 6.3108599854e+02 6.3123901367e+02 6.3135998535e+02 6.3147302246e+02
6.2394396973e+02 6.2411199951e+02 6.2425201416e+02 6.2443402100e+02 6.2468200684e+02 6.2486602783e+02 6.2500598145e+02 6.2513598633e+02 6.2526599121e+02 6.2540802002e+02 6.2556597900e+02 6.2573400879e+02 6.2590600586e+02 6.2613500977e+02 6.2635400391e+02 6.2651599121e+02 6.2664501953e+02 6.2679498291e+02 6.2693798828e+02 6.2707397461e+02 6.2723400879e+02 6.2737298584e+02 6.2753399658e+02 6.2768402100e+02 6.2781896973e+02 6.2803100586e+02 6.2820397949e+02 6.2832800293e+02 6.2847497559e+02 6.2863800049e+02 6.2883502197e+02 6.2905297852e+02 6.2926300049e+02 6.2941802979e+02 6.2956097412e+02 6.2972497559e+02 6.2988397217e+02 6.3002899170e+02 6.3021997070e+02 6.3042602539e+02 6.3060498047e+02 6.3072198486e+02 6.3080798340e+02 6.3093402100e+02 6.3106896973e+02 6.3118597412e+02
6.2360302734e+02 6.2376800537e+02 6.2393902588e+02 6.2417700195e+02 6.2446899414e+02 6.2462097168e+02 6.2473602295e+02 6.2485601807e+02 6.2501202393e+02 6.2514898682e+02 6.2528601074e+02 6.2543298340e+02 6.2560400391e+02 6.2585302734e+02 6.2606298828e+02 6.2623297119e+02 6.2639801025e+02 6.2651000977e+02 6.2664898682e+02 6.2680700684e+02 6.2698101807e+02 6.2714099121e+02 6.2729101563e+02 6.2742199707e+02 6.2753900146e+02 6.2768701172e+02 6.2784301758e+02 6.2797601318e+02 6.2814398193e+02 6.2834899902e+02 6.2853601074e+02 6.2875201416e+02 6.2898199463e+02 6.2913702393e+02 6.2927099609e+02 6.2943499756e+02 6.2962799072e+02 6.2976898193e+02 6.2995898438e+02 6.3014398193e+02 6.3028302002e+02 6.3046398926e+02 6.3053601074e+02 6.3063201904e+02 6.3076501465e+02 6.3090997314e+02
6.2324401855e+02 6.2343499756e+02 6.2362902832e+02 6.2384698486e+02 6.2410699463e+02 6.2428802490e+02 6.2440399170e+02 6.2453100586e+02 6.2471002197e+02 6.2485601807e+02 6.2498400879e+02 6.2513702393e+02 6.2533898926e+02 6.2557397461e+02 6.2578198242e+02 6.2595202637e+02 6.2612402344e+02 6.2625598145e+02 6.2640100098e+02 6.2655999756e+02 6.2673498535e+02 6.2689099121e+02 6.2704901123e+02 6.2720599365e+02 6.2733300781e+02 6.2745300293e+02 6.2757897949e+02 6.2768499756e+02 6.2784899902e+02 6.2803399658e+02 6.2821899414e+02 6.2843902588e+02 6.2868597412e+02 6.2890399170e+02 6.2905200195e+02 6.2918798828e+02 6.2936297607e+02 6.2953900146e+02 6.2972399902e+02 6.2988397217e+02 6.3000500488e+02 6.3017999268e+02 6.3027001953e+02 6.3035998535e+02 6.3047998047e+02 6.3063000488e+02
6.2294500732e+02 6.2316400146e+02 6.2337402344e+02 6.2355401611e+02 6.2374798584e+02 6.2393597412e+02 6.2406500244e+02 6.2420300293e+02 6.2438702393e+02 6.2453698730e+02 6.2467901611e+02 6.2485699463e+02 6.2510400391e+02 6.2535601807e+02 6.2555798340e+02 6.2571502686e+02 6.2585498047e+02 6.2598498535e+02 6.2616699219e+02 6.2636102295e+02 6.2653302002e+02 6.2666400146e+02 6.2680700684e+02 6.2696301270e+02 6.2710101318e+02 6.2722900391e+02 6.2734802246e+02 6.2744799805e+02 6.2760998535e+02 6.2778997803e+02 6.2796099854e+02 6.2815502930e+02 6.2837500000e+02 6.2861499023e+02 6.2880603027e+02 6.2893902588e+02 6.2906799316e+02 6.2926702881e+02 6.2943798828e+02 6.2957397461e+02 6.2969500732e+02 6.2986297607e+02 6.3000701904e+02 6.3012500000e+02 6.3021801758e+02 6.3038500977e+02
6.2271697998e+02 6.2290698242e+02 6.2311901855e+02 6.2328698730e+02 6.2343200684e+02 6.2361102295e+02 6.2375299072e+02 6.2390002441e+02 6.2406500244e+02 6.2421301270e+02 6.2436401367e+02 6.2455200195e+02 6.2480902100e+02 6.2511602783e+02 6.2535400391e+02 6.2550097656e+02 6.2559100342e+02 6.2570599365e+02 6.2591900635e+02 6.2617199707e+02 6.2637402344e+02 6.2649499512e+02 6.2660797119e+02 6.2671997070e+02 6.2682702637e+02 6.2698602295e+02 6.2713897705e+02 6.2725299072e+02 6.2741101074e+02 6.2758697510e+02 6.2774298096e+02 6.2792102051e+02 6.2811700439e+02 6.2833300781e+02 6.2854602051e+02 6.2869097900e+02 6.2878302002e+02 6.2896197510e+02 6.2912701416e+02 6.2927099609e+02 6.2941802979e+02 6.2958197021e+02 6.2974700928e+02 6.2989001465e+02 6.2998101807e+02 6.3015197754e+02
6.2250500488e+02 6.2264202881e+02 6.2283197021e+02 6.2301300049e+02 6.2315502930e+02 6.2329302979e+02 6.2345300293e+02 6.2361602783e+02 6.2378002930e+02 6.2391497803e+02 6.2404998779e+02 6.2420300293e+02 6.2440899658e+02 6.2479199219e+02 6.2510400391e+02 6.2525701904e+02 6.2531500244e+02 6.2543597412e+02 6.2564001465e+02 6.2591802979e+02 6.2618798828e+02 6.2636602783e+02 6.2649102783e+02 6.2656298828e+02 6.2662597656e+02 6.2679498291e+02 6.2697998047e+02 6.2710699463e+02 6.2724700928e+02 6.2738702393e+02 6.2753802490e+02 6.2773199463e+02 6.2796600342e+02 6.2812597656e+02 6.2830297852e+02 6.2844201660e+02 6.2853997803e+02 6.2866900635e+02 6.2882098389e+02 6.2895898438e+02 6.2909802246e+02 6.2930200195e+02 6.2946398926e+02 6.2962097168e+02 6.2976501465e+02 6.2991900635e+02
6.2227301025e+02 6.2239300537e+02 6.2254101563e+02 6.2269702148e+02 6.2284002686e+02 6.2297302246e+02 6.2311901855e+02 6.2327197266e+02 6.2344702148e+02 6.2364202881e+02 6.2379101563e+02 6.2394097900e+02 6.2412902832e+02 6.2449200439e+02 6.2486901855e+02 6.2503100586e+02 6.2503302002e+02 6.2513000488e+02 6.2531799316e+02 6.2557897949e+02 6.2587597656e+02 6.2613702393e+02 6.2633801270e+02 6.2646002197e+02 6.2652001953e+02 6.2665698242e+02 6.2683502197e+02 6.2698199463e+02 6.2711999512e+02 6.2724902344e+02 6.2738201904e+02 6.2755499268e+02 6.2777001953e+02 6.2793701172e+02 6.2810302734e+02 6.2824200439e+02 6.2832598877e+02 6.2840502930e+02 6.2856097412e+02 6.2872399902e+02 6.2885498047e+02 6.2904998779e+02 6.2923400879e+02 6.2941497803e+02 6.2958697510e+02 6.2975000000e+02
6.2202801514e+02 6.2214202881e+02 6.2226000977e+02 6.2239697266e+02 6.2255102539e+02 6.2269500732e+02 6.2281097412e+02 6.2291601563e+02 6.2307000732e+02 6.2327099609e+02 6.2343597412e+02 6.2361102295e+02 6.2382397461e+02 6.2418902588e+02 6.2458801270e+02 6.2478198242e+02 6.2479498291e+02 6.2489599609e+02 6.2507598877e+02 6.2531298828e+02 6.2557000732e+02 6.2582897949e+02 6.2607800293e+02 6.2626800537e+02 6.2637500000e+02 6.2648999023e+02 6.2665100098e+02 6.2680401611e+02 6.2695397949e+02 6.2708898926e+02 6.2722601318e+02 6.2738702393e+02 6.2756500244e+02 6.2771600342e+02 6.2788299561e+02 6.2803399658e+02 6.2812200928e+02 6.2816601563e+02 6.2829699707e+02 6.2847998047e+02 6.2865100098e+02 6.2883300781e+02 6.2900598145e+02 6.2917401123e+02 6.2933599854e+02 6.2951599121e+02
6.2177099609e+02 6.2189300537e+02 6.2200598145e+02 6.2214099121e+02 6.2230603027e+02 6.2247302246e+02 6.2257202148e+02 6.2264001465e+02 6.2274798584e+02 6.2290802002e+02 6.2307501221e+02 6.2327099609e+02 6.2351300049e+02 6.2383300781e+02 6.2418200684e+02 6.2440600586e+02 6.2452801514e+02 6.2467401123e+02 6.2485699463e+02 6.2508099365e+02 6.2531402588e+02 6.2553002930e+02 6.2577398682e+02 6.2599902344e+02 6.2615399170e+02 6.2629699707e+02 6.2645898438e+02 6.2660302734e+02 6.2674798584e+02 6.2688800049e+02 6.2703100586e+02 6.2719201660e+02 6.2735601807e+02 6.2748602295e+02 6.2765002441e+02 6.2780499268e+02 6.2790600586e+02 6.2795202637e+02 6.2806097412e+02 6.2825000000e+02 6.2846002197e+02 6.2861602783e+02 6.2876000977e+02 6.2889202881e+02 6.2902801514e+02 6.2920697021e+02
6.2147900391e+02 6.2161602783e+02 6.2175000000e+02 6.2190301514e+02 6.2208099365e+02 6.2224298096e+02 6.2235101318e+02 6.2243499756e+02 6.2253698730e+02 6.2265899658e+02 6.2282598877e+02 6.2303302002e+02 6.2328302002e+02 6.2356402588e+02 6.2383001709e+02 6.2403997803e+02 6.2423297119e+02 6.2442401123e+02 6.2461499023e+02 6.2483801270e+02 6.2508001709e+02 6.2528100586e+02 6.2548297119e+02 6.2568402100e+02 6.2585900879e+02 6.2607501221e+02 6.2626501465e+02 6.2640502930e+02 6.2653302002e+02 6.2665899658e+02 6.2678399658e+02 6.2694299316e+02 6.2713500977e+02 6.2727801514e+02 6.2743701172e+02 6.2757397461e+02 6.2765600586e+02 6.2775000000e+02 6.2786602783e+02 6.2803698730e+02 6.2822698975e+02 6.2837200928e+02 6.2851098633e+02 6.2864697266e+02 6.2879998779e+02 6.2897100830e+02
6.2118402100e+02 6.2131701660e+02 6.2147399902e+02 6.2165698242e+02 6.2184997559e+02 6.2201300049e+02 6.2214202881e+02 6.2224597168e+02 6.2235101318e+02 6.2248101807e+02 6.2264898682e+02 6.2284899902e+02 6.2307501221e+02 6.2336499023e+02 6.2363800049e+02 6.2384497070e+02 6.2400598145e+02 6.2417102051e+02 6.2435601807e+02 6.2456500244e+02 6.2480102539e+02 6.2502301025e+02 6.2522399902e+02 6.2540100098e+02 6.2557202148e+02 6.2580102539e+02 6.2599700928e+02 6.2614599609e+02 6.2627899170e+02 6.2641900635e+02 6.2654797363e+02 6.2670397949e+02 6.2691302490e+02 6.2708502197e+02 6.2726397705e+02 6.2740899658e+02 6.2751300049e+02 6.2761602783e+02 6.2771398926e+02 6.2782299805e+02 6.2797698975e+02 6.2817498779e+02 6.2833300781e+02 6.2846899414e+02 6.2862097168e+02 6.2876800537e+02
6.2090502930e+02 6.2104602051e+02 6.2121801758e+02 6.2141900635e+02 6.2163000488e+02 6.2181799316e+02 6.2196899414e+02 6.2208599854e+02 6.2218298340e+02 6.2229302979e+02 6.2244500732e+02 6.2263201904e+02 6.2284497070e+02 6.2309899902e+02 6.2337200928e+02 6.2360601807e+02 6.2377899170e+02 6.2393103027e+02 6.2411102295e+02 6.2431201172e+02 6.2453399658e+02 6.2476800537e+02 6.2496197510e+02 6.2512500000e+02 6.2529699707e+02 6.2551898193e+02 6.2572399902e+02 6.2590997314e+02 6.2609301758e+02 6.2622698975e+02 6.2635601807e+02 6.2650299072e+02 6.2668402100e+02 6.2686499023e+02 6.2706298828e+02 6.2724401855e+02 6.2739599609e+02 6.2752899170e+02 6.2760601807e+02 6.2765802002e+02 6.2775897217e+02 6.2796801758e+02 6.2812799072e+02 6.2824499512e+02 6.2836999512e+02 6.2852099609e+02
6.2064898682e+02 6.2079498291e+02 6.2097497559e+02 6.2118298340e+02 6.2140502930e+02 6.2161401367e+02 6.2178198242e+02 6.2191497803e+02 6.2201599121e+02 6.2210699463e+02 6.2224298096e+02 6.2242297363e+02 6.2266802979e+02 6.2289898682e+02 6.2312097168e+02 6.2334197998e+02 6.2354199219e+02 6.2371697998e+02 6.2389898682e+02 6.2409301758e+02 6.2430401611e+02 6.2454302979e+02 6.2473101807e+02 6.2489300537e+02 6.2508502197e+02 6.2531201172e+02 6.2548797607e+02 6.2565301514e+02 6.2585101318e+02 6.2596002197e+02 6.2608197021e+02 6.2623400879e+02 6.2640600586e+02 6.2658300781e+02 6.2678002930e+02 6.2698297119e+02 6.2717700195e+02 6.2734100342e+02 6.2742999268e+02 6.2747302246e+02 6.2754400635e+02 6.2772399902e+02 6.2787701416e+02 6.2797998047e+02 6.2807000732e+02 6.2822900391e+02
6.2038500977e+02 6.2054901123e+02 6.2073101807e+02 6.2093499756e+02 6.2115399170e+02 6.2135601807e+02 6.2152697754e+02 6.2168103027e+02 6.2182598877e+02 6.2193402100e+02 6.2206701660e+02 6.2225201416e+02 6.2251300049e+02 6.2278497314e+02 6.2296301270e+02 6.2313598633e+02 6.2333300781e+02 6.2354699707e+02 6.2373498535e+02 6.2392297363e+02 6.2409997559e+02 6.2429699707e+02 6.2447198486e+02 6.2465197754e+02 6.2488897705e+02 6.2511999512e+02 6.2526098633e+02 6.2535198975e+02 6.2545898438e+02 6.2562402344e+02 6.2578601074e+02 6.2596502686e+02 6.2615698242e+02 6.2630102539e+02 6.2646398926e+02 6.2663598633e+02 6.2677899170e+02 6.2698797607e+02 6.2713201904e+02 6.2724298096e+02 6.2734600830e+02 6.2748901367e+02 6.2764001465e+02 6.2774597168e+02 6.2781597900e+02 6.2792102051e+02
6.2014099121e+02 6.2034600830e+02 6.2054901123e+02 6.2075402832e+02 6.2097302246e+02 6.2115899658e+02 6.2131799316e+02 6.2147399902e+02 6.2164801025e+02 6.2177502441e+02 6.2190600586e+02 6.2207598877e+02 6.2232897949e+02 6.2258801270e+02 6.2279302979e+02 6.2296801758e+02 6.2314202881e+02 6.2332897949e+02 6.2352301025e+02 6.2372802734e+02 6.2388800049e+02 6.2401098633e+02 6.2416101074e+02 6.2434399414e+02 6.2458502197e+02 6.2483001709e+02 6.2501300049e+02 6.2513897705e+02 6.2522601318e+02 6.2534899902e+02 6.2552001953e+02 6.2571002197e+02 6.2589300537e+02 6.2602398682e+02 6.2617297363e+02 6.2633599854e+02 6.2646197510e+02 6.2666699219e+02 6.2684002686e+02 6.2699298096e+02 6.2713000488e+02 6.2727502441e+02 6.2739801025e+02 6.2748498535e+02 6.2760400391e+02 6.2770501709e+02
6.1992901611e+02 6.2016699219e+02 6.2039300537e+02 6.2060699463e+02 6.2082598877e+02 6.2101702881e+02 6.2117401123e+02 6.2132397461e+02 6.2148699951e+02 6.2161999512e+02 6.2175201416e+02 6.2190899658e+02 6.2213098145e+02 6.2237298584e+02 6.2257397461e+02 6.2274798584e+02 6.2291802979e+02 6.2308898926e+02 6.2329498291e+02 6.2351599121e+02 6.2366699219e+02 6.2375701904e+02 6.2389099121e+02 6.2406597900e+02 6.2429498291e+02 6.2454101563e+02 6.2474798584e+02 6.2490899658e+02 6.2503399658e+02 6.2513000488e+02 6.2526202393e+02 6.2543103027e+02 6.2560601807e+02 6.2573101807e+02 6.2588098145e+02 6.2605401611e+02 6.2618701172e+02 6.2639697266e+02 6.2657800293e+02 6.2672998047e+02 6.2686999512e+02 6.2701000977e+02 6.2711102295e+02 6.2719598389e+02 6.2736102295e+02 6.2751098633e+02
6.1973999023e+02 6.1998498535e+02 6.2021801758e+02 6.2043402100e+02 6.2065698242e+02 6.2085797119e+02 6.2101702881e+02 6.2116302490e+02 6.2131402588e+02 6.2145300293e+02 6.2158599854e+02 6.2173297119e+02 6.2191998291e+02 6.2213098145e+02 6.2232202148e+02 6.2249499512e+02 6.2266302490e+02 6.2282299805e+02 6.2303100586e+02 6.2326000977e+02 6.2342401123e+02 6.2351599121e+02 6.2365301514e+02 6.2382897949e+02 6.2403601074e+02 6.2426202393e+02 6.2447601318e+02 6.2465997314e+02 6.2483197021e+02 6.2493597412e+02 6.2502099609e+02 6.2514398193e+02 6.2531896973e+02 6.2545800781e+02 6.2560302734e+02 6.2577502441e+02 6.2591802979e+02 6.2613299561e+02 6.2632897949e+02 6.2648699951e+02 6.2662402344e+02 6.2675201416e+02 6.2683300781e+02 6.2690002441e+02 6.2706597900e+02 6.2723699951e+02
