TESTSERVER/13/11.asc
NCOLS 100
NROWS 100
XLLCORNER 8.1497500000e+03
YLLCORNER 2.8940025000e+05
CELLSIZE 5.0000000000e-01
NODATA_VALUE -9.9990000000e+03
[rows 40 to 59 of 100, columns 0 to 45 of 100]
6.0947399902e+02 6.0961901855e+02 6.0972998047e+02 6.0985601807e+02 6.1001000977e+02 6.1015002441e+02 6.1028302002e+02 6.1045202637e+02 6.1063000488e+02 6.1080902100e+02 6.1098101807e+02 6.1115502930e+02 6.1132098389e+02 6.1148699951e+02 6.1165301514e+02 6.1182800293e+02 6.1200097656e+02 6.1217498779e+02 6.1235797119e+02 6.1253497314e+02 6.1269897461e+02 6.1285400391e+02 6.1299298096e+02 6.1313299561e+02 6.1326898193e+02 6.1340698242e+02 6.1354400635e+02 6.1370001221e+02 6.1385198975e+02 6.1400000000e+02 6.1414501953e+02 6.1425897217e+02 6.1437200928e+02 6.1448400879e+02 6.1459197998e+02 6.1470501709e+02 6.1479901123e+02 6.1489300537e+02 6.1498901367e+02 6.1510400391e+02 6.1522601318e+02 6.1535302734e+02 6.1547198486e+02 6.1559899902e+02 6.1571899414e+02 6.1584100342e+02
6.0929498291e+02 6.0942297363e+02 6.0953399658e+02 6.0965197754e+02 6.0977099609e+02 6.0989599609e+02 6.1005499268e+02 6.1021899414e+02 6.1040002441e+02 6.1058398438e+02 6.1077001953e+02 6.1094201660e+02 6.1111401367e+02 6.1128399658e+02 6.1145202637e+02 6.1162402344e+02 6.1179901123e+02 6.1197601318e+02 6.1216101074e+02 6.1233697510e+02 6.1250000000e+02 6.1265399170e+02 6.1279699707e+02 6.1292999268e+02 6.1306597900e+02 6.1320397949e+02 6.1334399414e+02 6.1349102783e+02 6.1363897705e+02 6.1378698730e+02 6.1393298340e+02 6.1405603027e+02 6.1417102051e+02 6.1427899170e+02 6.1438201904e+02 6.1448199463e+02 6.1457800293e+02 6.1467602539e+02 6.1477899170e+02 6.1489300537e+02 6.1501000977e+02 6.1513201904e+02 6.1525897217e+02 6.1538702393e+02 6.1551800537e+02 6.1564501953e+02
6.0910900879e+02 6.0922900391e+02 6.0933697510e+02 6.0945397949e+02 6.0955902100e+02 6.0967498779e+02 6.0982299805e+02 6.0998999023e+02 6.1017401123e+02 6.1036102295e+02 6.1055401611e+02 6.1073101807e+02 6.1090399170e+02 6.1107702637e+02 6.1125000000e+02 6.1142401123e+02 6.1159899902e+02 6.1177600098e+02 6.1196197510e+02 6.1213897705e+02 6.1230200195e+02 6.1245697021e+02 6.1260101318e+02 6.1273699951e+02 6.1287298584e+02 6.1301000977e+02 6.1314697266e+02 6.1328997803e+02 6.1343200684e+02 6.1357397461e+02 6.1371899414e+02 6.1384997559e+02 6.1396697998e+02 6.1407501221e+02 6.1417401123e+02 6.1426702881e+02 6.1436199951e+02 6.1446099854e+02 6.1457202148e+02 6.1468902588e+02 6.1480499268e+02 6.1492297363e+02 6.1504602051e+02 6.1517498779e+02 6.1530902100e+02 6.1544396973e+02
6.0890197754e+02 6.0903002930e+02 6.0913897705e+02 6.0924798584e+02 6.0936297607e+02 6.0948602295e+02 6.0961901855e+02 6.0978698730e+02 6.0997198486e+02 6.1015502930e+02 6.1034197998e+02 6.1052301025e+02 6.1069702148e+02 6.1087097168e+02 6.1104699707e+02 6.1122399902e+02 6.1139898682e+02 6.1157598877e+02 6.1176098633e+02 6.1193798828e+02 6.1210101318e+02 6.1225701904e+02 6.1240301514e+02 6.1254400635e+02 6.1268200684e+02 6.1281701660e+02 6.1295202637e+02 6.1308898926e+02 6.1322497559e+02 6.1336102295e+02 6.1350500488e+02 6.1364398193e+02 6.1376501465e+02 6.1387500000e+02 6.1397198486e+02 6.1406500244e+02 6.1416101074e+02 6.1426202393e+02 6.1437799072e+02 6.1449902344e+02 6.1461297607e+02 6.1472698975e+02 6.1484100342e+02 6.1496398926e+02 6.1509899902e+02 6.1524298096e+02
6.0869702148e+02 6.0883001709e+02 6.0893597412e+02 6.0904101563e+02 6.0916198730e+02 6.0929699707e+02 6.0942999268e+02 6.0960101318e+02 6.0978399658e+02 6.0997497559e+02 6.1015802002e+02 6.1032299805e+02 6.1049298096e+02 6.1066601563e+02 6.1084197998e+02 6.1102301025e+02 6.1119897461e+02 6.1137500000e+02 6.1154901123e+02 6.1172698975e+02 6.1189300537e+02 6.1205499268e+02 6.1221002197e+02 6.1234802246e+02 6.1248797607e+02 6.1262402344e+02 6.1276098633e+02 6.1289697266e+02 6.1303002930e+02 6.1316302490e+02 6.1330999756e+02 6.1344299316e+02 6.1356799316e+02 6.1368402100e+02 6.1379199219e+02 6.1388201904e+02 6.1398101807e+02 6.1408502197e+02 6.1419598389e+02 6.1432501221e+02 6.1444396973e+02 6.1455798340e+02 6.1467102051e+02 6.1476702881e+02 6.1489599609e+02 6.1504602051e+02
6.0850500488e+02 6.0863201904e+02 6.0873797607e+02 6.0883599854e+02 6.0896197510e+02 6.0911199951e+02 6.0925500488e+02 6.0943701172e+02 6.0961199951e+02 6.0978198242e+02 6.0995697021e+02 6.1012902832e+02 6.1030102539e+02 6.1047100830e+02 6.1064398193e+02 6.1082098389e+02 6.1099597168e+02 6.1116900635e+02 6.1134197998e+02 6.1151098633e+02 6.1167797852e+02 6.1184301758e+02 6.1200097656e+02 6.1214501953e+02 6.1228802490e+02 6.1242602539e+02 6.1256500244e+02 6.1270800781e+02 6.1284301758e+02 6.1297802734e+02 6.1311102295e+02 6.1324597168e+02 6.1337402344e+02 6.1349499512e+02 6.1359997559e+02 6.1370098877e+02 6.1381097412e+02 6.1392602539e+02 6.1404901123e+02 6.1417700195e+02 6.1429901123e+02 6.1441198730e+02 6.1450897217e+02 6.1459899902e+02 6.1471398926e+02 6.1485198975e+02
6.0833398438e+02 6.0846398926e+02 6.0857501221e+02 6.0867797852e+02 6.0880603027e+02 6.0895397949e+02 6.0909399414e+02 6.0927301025e+02 6.0944097900e+02 6.0959197998e+02 6.0976000977e+02 6.0993902588e+02 6.1011499023e+02 6.1028399658e+02 6.1044897461e+02 6.1062200928e+02 6.1079400635e+02 6.1096600342e+02 6.1113500977e+02 6.1130200195e+02 6.1146697998e+02 6.1162902832e+02 6.1179101563e+02 6.1194201660e+02 6.1208599854e+02 6.1222497559e+02 6.1236499023e+02 6.1250897217e+02 6.1264398193e+02 6.1277899170e+02 6.1291302490e+02 6.1304901123e+02 6.1317901611e+02 6.1329998779e+02 6.1340802002e+02 6.1351800537e+02 6.1363897705e+02 6.1376702881e+02 6.1390502930e+02 6.1403302002e+02 6.1415197754e+02 6.1425897217e+02 6.1435101318e+02 6.1443798828e+02 6.1454302979e+02 6.1467102051e+02
6.0818298340e+02 6.0831500244e+02 6.0842901611e+02 6.0854602051e+02 6.0867199707e+02 6.0880700684e+02 6.0893103027e+02 6.0909197998e+02 6.0926300049e+02 6.0941497803e+02 6.0957702637e+02 6.0975402832e+02 6.0992999268e+02 6.1009600830e+02 6.1025500488e+02 6.1042498779e+02 6.1059497070e+02 6.1076397705e+02 6.1092999268e+02 6.1109399414e+02 6.1125701904e+02 6.1141699219e+02 6.1158001709e+02 6.1173498535e+02 6.1188098145e+02 6.1202099609e+02 6.1216198730e+02 6.1230700684e+02 6.1244299316e+02 6.1257800293e+02 6.1271301270e+02 6.1285101318e+02 6.1298101807e+02 6.1310400391e+02 6.1321398926e+02 6.1333001709e+02 6.1346197510e+02 6.1360198975e+02 6.1375201416e+02 6.1387701416e+02 6.1399200439e+02 6.1409600830e+02 6.1418597412e+02 6.1427099609e+02 6.1436999512e+02 6.1448999023e+02
6.0806597900e+02 6.0818103027e+02 6.0828399658e+02 6.0839697266e+02 6.0851898193e+02 6.0864801025e+02 6.0877099609e+02 6.0891497803e+02 6.0908398438e+02 6.0925000000e+02 6.0941802979e+02 6.0956701660e+02 6.0973699951e+02 6.0990502930e+02 6.1006298828e+02 6.1023199463e+02 6.1039801025e+02 6.1056097412e+02 6.1072302246e+02 6.1088800049e+02 6.1104699707e+02 6.1120202637e+02 6.1135498047e+02 6.1151898193e+02 6.1166699219e+02 6.1181201172e+02 6.1194500732e+02 6.1208801270e+02 6.1222698975e+02 6.1236602783e+02 6.1250799561e+02 6.1264697266e+02 6.1277502441e+02 6.1289898682e+02 6.1301300049e+02 6.1314001465e+02 6.1328002930e+02 6.1342700195e+02 6.1357098389e+02 6.1369201660e+02 6.1380200195e+02 6.1390301514e+02 6.1398199463e+02 6.1408099365e+02 6.1418298340e+02 6.1430297852e+02
6.0793902588e+02 6.0804602051e+02 6.0813897705e+02 6.0825201416e+02 6.0837701416e+02 6.0850097656e+02 6.0861102295e+02 6.0875299072e+02 6.0891302490e+02 6.0907897949e+02 6.0923999023e+02 6.0938397217e+02 6.0955401611e+02 6.0972900391e+02 6.0988598633e+02 6.1004998779e+02 6.1020697021e+02 6.1036102295e+02 6.1052502441e+02 6.1069201660e+02 6.1084600830e+02 6.1099798584e+02 6.1114697266e+02 6.1129699707e+02 6.1144299316e+02 6.1158898926e+02 6.1172998047e+02 6.1186700439e+02 6.1200799561e+02 6.1214898682e+02 6.1229498291e+02 6.1243103027e+02 6.1255798340e+02 6.1268298340e+02 6.1280499268e+02 6.1293798828e+02 6.1307897949e+02 6.1322100830e+02 6.1336102295e+02 6.1347698975e+02 6.1358599854e+02 6.1368597412e+02 6.1377697754e+02 6.1386999512e+02 6.1397698975e+02 6.1410198975e+02
6.0781201172e+02 6.0791802979e+02 6.0801098633e+02 6.0812200928e+02 6.0824200439e+02 6.0835900879e+02 6.0846197510e+02 6.0859497070e+02 6.0873602295e+02 6.0889099121e+02 6.0905102539e+02 6.0920397949e+02 6.0937799072e+02 6.0955603027e+02 6.0971697998e+02 6.0987200928e+02 6.1002398682e+02 6.1017297363e+02 6.1033197021e+02 6.1049700928e+02 6.1065002441e+02 6.1079901123e+02 6.1094299316e+02 6.1108502197e+02 6.1122900391e+02 6.1137298584e+02 6.1151501465e+02 6.1165502930e+02 6.1179400635e+02 6.1193402100e+02 6.1207702637e+02 6.1221197510e+02 6.1234002686e+02 6.1246600342e+02 6.1258801270e+02 6.1271997070e+02 6.1285797119e+02 6.1300000000e+02 6.1314099121e+02 6.1326098633e+02 6.1337298584e+02 6.1347802734e+02 6.1357000732e+02 6.1366302490e+02 6.1377301025e+02 6.1390100098e+02
6.0770300293e+02 6.0780999756e+02 6.0790301514e+02 6.0799298096e+02 6.0809997559e+02 6.0821899414e+02 6.0832098389e+02 6.0844598389e+02 6.0856597900e+02 6.0871002197e+02 6.0887597656e+02 6.0903497314e+02 6.0920501709e+02 6.0937701416e+02 6.0954199219e+02 6.0969897461e+02 6.0984899902e+02 6.0999401855e+02 6.1014501953e+02 6.1030401611e+02 6.1045397949e+02 6.1060101318e+02 6.1074102783e+02 6.1087902832e+02 6.1102001953e+02 6.1116101074e+02 6.1130200195e+02 6.1144097900e+02 6.1157897949e+02 6.1171697998e+02 6.1185699463e+02 6.1199102783e+02 6.1211901855e+02 6.1224401855e+02 6.1236499023e+02 6.1249298096e+02 6.1262902832e+02 6.1276898193e+02 6.1291302490e+02 6.1303900146e+02 6.1315600586e+02 6.1326800537e+02 6.1336602783e+02 6.1346002197e+02 6.1357501221e+02 6.1370599365e+02
6.0758300781e+02 6.0769000244e+02 6.0779199219e+02 6.0786901855e+02 6.0796899414e+02 6.0808502197e+02 6.0818499756e+02 6.0830700684e+02 6.0842199707e+02 6.0855999756e+02 6.0873101807e+02 6.0888800049e+02 6.0904602051e+02 6.0919702148e+02 6.0934497070e+02 6.0952697754e+02 6.0967700195e+02 6.0981896973e+02 6.0996099854e+02 6.1010998535e+02 6.1025701904e+02 6.1040100098e+02 6.1054498291e+02 6.1068200684e+02 6.1081701660e+02 6.1094897461e+02 6.1107202148e+02 6.1121997070e+02 6.1135699463e+02 6.1149499512e+02 6.1162597656e+02 6.1176501465e+02 6.1189599609e+02 6.1202301025e+02 6.1213897705e+02 6.1226000977e+02 6.1239202881e+02 6.1252899170e+02 6.1266601563e+02 6.1280700684e+02 6.1293402100e+02 6.1305902100e+02 6.1317700195e+02 6.1327801514e+02 6.1339898682e+02 6.1353100586e+02
6.0747399902e+02 6.0758502197e+02 6.0766998291e+02 6.0776000977e+02 6.0786102295e+02 6.0795202637e+02 6.0803601074e+02 6.0815997314e+02 6.0826599121e+02 6.0839898682e+02 6.0856701660e+02 6.0872601318e+02 6.0887701416e+02 6.0902600098e+02 6.0918103027e+02 6.0934997559e+02 6.0950097656e+02 6.0964099121e+02 6.0977502441e+02 6.0991802979e+02 6.1006097412e+02 6.1020501709e+02 6.1034899902e+02 6.1048999023e+02 6.1062298584e+02 6.1075097656e+02 6.1087298584e+02 6.1100402832e+02 6.1113702393e+02 6.1127197266e+02 6.1140899658e+02 6.1154400635e+02 6.1167700195e+02 6.1180499268e+02 6.1191802979e+02 6.1203198242e+02 6.1216198730e+02 6.1229797363e+02 6.1244000244e+02 6.1257800293e+02 6.1271398926e+02 6.1285101318e+02 6.1298297119e+02 6.1310900879e+02 6.1323901367e+02 6.1337298584e+02
6.0734997559e+02 6.0746197510e+02 6.0754602051e+02 6.0764202881e+02 6.0773901367e+02 6.0782299805e+02 6.0791101074e+02 6.0801599121e+02 6.0811401367e+02 6.0824102783e+02 6.0840002441e+02 6.0855401611e+02 6.0869097900e+02 6.0883398438e+02 6.0899499512e+02 6.0915698242e+02 6.0930999756e+02 6.0945202637e+02 6.0958398438e+02 6.0972601318e+02 6.0986901855e+02 6.1001098633e+02 6.1015600586e+02 6.1029699707e+02 6.1043200684e+02 6.1056097412e+02 6.1067999268e+02 6.1080297852e+02 6.1093298340e+02 6.1106402588e+02 6.1119897461e+02 6.1133398438e+02 6.1146502686e+02 6.1159100342e+02 6.1170501709e+02 6.1181799316e+02 6.1194702148e+02 6.1208300781e+02 6.1222399902e+02 6.1236499023e+02 6.1251000977e+02 6.1265502930e+02 6.1279901123e+02 6.1293798828e+02 6.1307800293e+02 6.1321899414e+02
6.0720300293e+02 6.0731500244e+02 6.0741198730e+02 6.0752001953e+02 6.0761901855e+02 6.0770800781e+02 6.0779901123e+02 6.0788201904e+02 6.0798400879e+02 6.0810601807e+02 6.0824401855e+02 6.0838000488e+02 6.0851098633e+02 6.0864801025e+02 6.0879901123e+02 6.0895800781e+02 6.0911499023e+02 6.0926300049e+02 6.0939599609e+02 6.0953601074e+02 6.0967700195e+02 6.0982000732e+02 6.0996398926e+02 6.1010797119e+02 6.1024401855e+02 6.1037500000e+02 6.1049298096e+02 6.1061102295e+02 6.1073699951e+02 6.1086401367e+02 6.1099700928e+02 6.1113000488e+02 6.1125897217e+02 6.1138397217e+02 6.1149798584e+02 6.1161199951e+02 6.1174102783e+02 6.1187597656e+02 6.1201800537e+02 6.1216497803e+02 6.1231597900e+02 6.1246997070e+02 6.1262597656e+02 6.1277801514e+02 6.1292602539e+02 6.1307299805e+02
6.0705102539e+02 6.0715899658e+02 6.0727801514e+02 6.0739801025e+02 6.0751098633e+02 6.0760400391e+02 6.0767700195e+02 6.0774700928e+02 6.0785400391e+02 6.0796997070e+02 6.0809100342e+02 6.0820697021e+02 6.0834002686e+02 6.0847998047e+02 6.0861798096e+02 6.0875701904e+02 6.0891802979e+02 6.0907702637e+02 6.0921197510e+02 6.0934301758e+02 6.0948400879e+02 6.0962799072e+02 6.0978802490e+02 6.0992901611e+02 6.1006500244e+02 6.1019396973e+02 6.1031597900e+02 6.1043200684e+02 6.1055102539e+02 6.1066802979e+02 6.1078698730e+02 6.1092797852e+02 6.1105297852e+02 6.1117797852e+02 6.1128698730e+02 6.1140502930e+02 6.1153198242e+02 6.1166900635e+02 6.1181799316e+02 6.1198101807e+02 6.1214300537e+02 6.1230700684e+02 6.1247802734e+02 6.1263500977e+02 6.1279199219e+02 6.1294299316e+02
6.0686199951e+02 6.0698999023e+02 6.0712097168e+02 6.0726599121e+02 6.0738397217e+02 6.0747900391e+02 6.0755200195e+02 6.0763098145e+02 6.0773901367e+02 6.0784600830e+02 6.0795898438e+02 6.0805798340e+02 6.0817297363e+02 6.0831298828e+02 6.0845800781e+02 6.0858898926e+02 6.0873699951e+02 6.0888500977e+02 6.0901898193e+02 6.0915600586e+02 6.0929901123e+02 6.0944897461e+02 6.0961297607e+02 6.0976501465e+02 6.0989697266e+02 6.1002197266e+02 6.1013897705e+02 6.1025598145e+02 6.1037200928e+02 6.1048498535e+02 6.1059997559e+02 6.1072399902e+02 6.1084600830e+02 6.1096899414e+02 6.1108398438e+02 6.1119598389e+02 6.1132702637e+02 6.1146997070e+02 6.1163299561e+02 6.1181097412e+02 6.1198602295e+02 6.1216198730e+02 6.1233599854e+02 6.1250701904e+02 6.1266497803e+02 6.1281097412e+02
6.0667700195e+02 6.0681597900e+02 6.0694897461e+02 6.0710198975e+02 6.0722601318e+02 6.0732501221e+02 6.0741198730e+02 6.0751397705e+02 6.0762500000e+02 6.0772100830e+02 6.0781799316e+02 6.0791497803e+02 6.0802301025e+02 6.0815100098e+02 6.0829302979e+02 6.0843597412e+02 6.0857800293e+02 6.0871002197e+02 6.0883502197e+02 6.0897601318e+02 6.0912402344e+02 6.0927697754e+02 6.0943902588e+02 6.0958801270e+02 6.0972100830e+02 6.0984698486e+02 6.0996301270e+02 6.1007897949e+02 6.1019702148e+02 6.1031298828e+02 6.1042297363e+02 6.1053900146e+02 6.1065802002e+02 6.1077801514e+02 6.1089398193e+02 6.1101098633e+02 6.1114300537e+02 6.1128997803e+02 6.1145800781e+02 6.1164599609e+02 6.1182800293e+02 6.1200897217e+02 6.1219000244e+02 6.1235998535e+02 6.1251300049e+02 6.1265600586e+02
6.0648999023e+02 6.0663098145e+02 6.0676599121e+02 6.0691802979e+02 6.0704498291e+02 6.0715002441e+02 6.0725201416e+02 6.0735998535e+02 6.0746600342e+02 6.0755499268e+02 6.0765197754e+02 6.0775897217e+02 6.0787200928e+02 6.0798901367e+02 6.0811499023e+02 6.0826397705e+02 6.0840600586e+02 6.0853302002e+02 6.0865502930e+02 6.0879901123e+02 6.0895202637e+02 6.0910797119e+02 6.0926397705e+02 6.0940600586e+02 6.0953997803e+02 6.0966900635e+02 6.0978698730e+02 6.0990802002e+02 6.1003002930e+02 6.1014801025e+02 6.1025897217e+02 6.1036999512e+02 6.1048699951e+02 6.1060302734e+02 6.1071899414e+02 6.1084002686e+02 6.1097399902e+02 6.1112200928e+02 6.1129400635e+02 6.1148602295e+02 6.1167102051e+02 6.1185302734e+02 6.1203497314e+02 6.1220001221e+02 6.1234698486e+02 6.1248400879e+02
