TESTSERVER/13/12.asc
NCOLS 100
NROWS 100
XLLCORNER 8.1497500000e+03
YLLCORNER 2.8935025000e+05
CELLSIZE 5.0000000000e-01
NODATA_VALUE -9.9990000000e+03
[rows 80 to 99 of 100, columns 46 to 91 of 100]
5.9980999756e+02 5.9986700439e+02 5.9991699219e+02 5.9995599365e+02 6.0000500488e+02 6.0004699707e+02 6.0009497070e+02 6.0015100098e+02 6.0020697021e+02 6.0025897217e+02 6.0031799316e+02 6.0038000488e+02 6.0043103027e+02 6.0045501709e+02 6.0051000977e+02 6.0057702637e+02 6.0062799072e+02 6.0067498779e+02 6.0071997070e+02 6.0077398682e+02 6.0083300781e+02 6.0088397217e+02 6.0093298340e+02 6.0098199463e+02 6.0103002930e+02 6.0109002686e+02 6.0113702393e+02 6.0119000244e+02 6.0123901367e+02 6.0128399658e+02 6.0133898926e+02 6.0138800049e+02 6.0144598389e+02 6.0148797607e+02 6.0152502441e+02 6.0156701660e+02 6.0159899902e+02 6.0162902832e+02 6.0167102051e+02 6.0172302246e+02 6.0178198242e+02 6.0182897949e+02 6.0187298584e+02 6.0191400146e+02 6.0195001221e+02 6.0198297119e+02
5.9975201416e+02 5.9981298828e+02 5.9986901855e+02 5.9991699219e+02 5.9996002197e+02 5.9999597168e+02 6.0004699707e+02 6.0010601807e+02 6.0015197754e+02 6.0020300293e+02 6.0026000977e+02 6.0031597900e+02 6.0036401367e+02 6.0040802002e+02 6.0046002197e+02 6.0051898193e+02 6.0057299805e+02 6.0063702393e+02 6.0069201660e+02 6.0074200439e+02 6.0078100586e+02 6.0083697510e+02 6.0090600586e+02 6.0095697021e+02 6.0099499512e+02 6.0105798340e+02 6.0110601807e+02 6.0115301514e+02 6.0121099854e+02 6.0126599121e+02 6.0131500244e+02 6.0135998535e+02 6.0141998291e+02 6.0146899414e+02 6.0150299072e+02 6.0154199219e+02 6.0157501221e+02 6.0161901855e+02 6.0167297363e+02 6.0172998047e+02 6.0178497314e+02 6.0183099365e+02 6.0187298584e+02 6.0191198730e+02 6.0194201660e+02 6.0197601318e+02
5.9970898438e+02 5.9976800537e+02 5.9981799316e+02 5.9985998535e+02 5.9990002441e+02 5.9994799805e+02 6.0000897217e+02 6.0006097412e+02 6.0010198975e+02 6.0016101074e+02 6.0021502686e+02 6.0026501465e+02 6.0031896973e+02 6.0036999512e+02 6.0042401123e+02 6.0047900391e+02 6.0052502441e+02 6.0058398438e+02 6.0065197754e+02 6.0070501709e+02 6.0073602295e+02 6.0079101563e+02 6.0086102295e+02 6.0091497803e+02 6.0095697021e+02 6.0102301025e+02 6.0107897949e+02 6.0112701416e+02 6.0118402100e+02 6.0124298096e+02 6.0129101563e+02 6.0133801270e+02 6.0139398193e+02 6.0144799805e+02 6.0148400879e+02 6.0151800537e+02 6.0155700684e+02 6.0161602783e+02 6.0167498779e+02 6.0173297119e+02 6.0178302002e+02 6.0182299805e+02 6.0186297607e+02 6.0190100098e+02 6.0193200684e+02 6.0196997070e+02
5.9964898682e+02 5.9970599365e+02 5.9975701904e+02 5.9979901123e+02 5.9984301758e+02 5.9989801025e+02 5.9995898438e+02 6.0000598145e+02 6.0005603027e+02 6.0013000488e+02 6.0017901611e+02 6.0022302246e+02 6.0028002930e+02 6.0032202148e+02 6.0037298584e+02 6.0042700195e+02 6.0047497559e+02 6.0052600098e+02 6.0059600830e+02 6.0065502930e+02 6.0069702148e+02 6.0074798584e+02 6.0081097412e+02 6.0086602783e+02 6.0091101074e+02 6.0097399902e+02 6.0104199219e+02 6.0109399414e+02 6.0114501953e+02 6.0120300293e+02 6.0125500488e+02 6.0131298828e+02 6.0136999512e+02 6.0141998291e+02 6.0146197510e+02 6.0150598145e+02 6.0154998779e+02 6.0161102295e+02 6.0166998291e+02 6.0172601318e+02 6.0177001953e+02 6.0180603027e+02 6.0184497070e+02 6.0188299561e+02 6.0191802979e+02 6.0196099854e+02
5.9958398438e+02 5.9963098145e+02 5.9968902588e+02 5.9974102783e+02 5.9979199219e+02 5.9984497070e+02 5.9989697266e+02 5.9994500732e+02 6.0000097656e+02 6.0007397461e+02 6.0011999512e+02 6.0016101074e+02 6.0020300293e+02 6.0026599121e+02 6.0032098389e+02 6.0037298584e+02 6.0042297363e+02 6.0048199463e+02 6.0054400635e+02 6.0060101318e+02 6.0065600586e+02 6.0070898438e+02 6.0076599121e+02 6.0082000732e+02 6.0085900879e+02 6.0092700195e+02 6.0100000000e+02 6.0104998779e+02 6.0109899902e+02 6.0115600586e+02 6.0121002197e+02 6.0127600098e+02 6.0133398438e+02 6.0137597656e+02 6.0142797852e+02 6.0148999023e+02 6.0154699707e+02 6.0159002686e+02 6.0164001465e+02 6.0168902588e+02 6.0172698975e+02 6.0177301025e+02 6.0181402588e+02 6.0185601807e+02 6.0189697266e+02 6.0195202637e+02
5.9951501465e+02 5.9957702637e+02 5.9964202881e+02 5.9969299316e+02 5.9974798584e+02 5.9980401611e+02 5.9985601807e+02 5.9990002441e+02 5.9995300293e+02 6.0001599121e+02 6.0006701660e+02 6.0012097168e+02 6.0016400146e+02 6.0021099854e+02 6.0026300049e+02 6.0032098389e+02 6.0038299561e+02 6.0043902588e+02 6.0049102783e+02 6.0054302979e+02 6.0059802246e+02 6.0066497803e+02 6.0072399902e+02 6.0077600098e+02 6.0082299805e+02 6.0089099121e+02 6.0095501709e+02 6.0100299072e+02 6.0105700684e+02 6.0112097168e+02 6.0117498779e+02 6.0123602295e+02 6.0130102539e+02 6.0134600830e+02 6.0139801025e+02 6.0145501709e+02 6.0151599121e+02 6.0155401611e+02 6.0159399414e+02 6.0163897705e+02 6.0168701172e+02 6.0173498535e+02 6.0178698730e+02 6.0184197998e+02 6.0190002441e+02 6.0195599365e+02
5.9946301270e+02 5.9952600098e+02 5.9958898926e+02 5.9964099121e+02 5.9970098877e+02 5.9975201416e+02 5.9980499268e+02 5.9985498047e+02 5.9990899658e+02 5.9996197510e+02 6.0000897217e+02 6.0006701660e+02 6.0011798096e+02 6.0016400146e+02 6.0021801758e+02 6.0027600098e+02 6.0033502197e+02 6.0038201904e+02 6.0044097900e+02 6.0049798584e+02 6.0054699707e+02 6.0060998535e+02 6.0066497803e+02 6.0071997070e+02 6.0077502441e+02 6.0083398438e+02 6.0089398193e+02 6.0095300293e+02 6.0101702881e+02 6.0107800293e+02 6.0113000488e+02 6.0118902588e+02 6.0126098633e+02 6.0131799316e+02 6.0137402344e+02 6.0142901611e+02 6.0148602295e+02 6.0152301025e+02 6.0155999756e+02 6.0160101318e+02 6.0164599609e+02 6.0170098877e+02 6.0176397705e+02 6.0183197021e+02 6.0190399170e+02 6.0196002197e+02
5.9940600586e+02 5.9945697021e+02 5.9951501465e+02 5.9957299805e+02 5.9963800049e+02 5.9967999268e+02 5.9973797607e+02 5.9979797363e+02 5.9985302734e+02 5.9990301514e+02 5.9994598389e+02 5.9999798584e+02 6.0005798340e+02 6.0011102295e+02 6.0016900635e+02 6.0022100830e+02 6.0026898193e+02 6.0031701660e+02 6.0039099121e+02 6.0045098877e+02 6.0049102783e+02 6.0054998779e+02 6.0060400391e+02 6.0066198730e+02 6.0071899414e+02 6.0077600098e+02 6.0083197021e+02 6.0089898682e+02 6.0097198486e+02 6.0103302002e+02 6.0108398438e+02 6.0114099121e+02 6.0121600342e+02 6.0128399658e+02 6.0134600830e+02 6.0140197754e+02 6.0145202637e+02 6.0148498535e+02 6.0152197266e+02 6.0156201172e+02 6.0160400391e+02 6.0166497803e+02 6.0173901367e+02 6.0181896973e+02 6.0190301514e+02 6.0195697021e+02
5.9934100342e+02 5.9939099121e+02 5.9944702148e+02 5.9951702881e+02 5.9958099365e+02 5.9961999512e+02 5.9967999268e+02 5.9973797607e+02 5.9979101563e+02 5.9984600830e+02 5.9989398193e+02 5.9993902588e+02 5.9999597168e+02 6.0005102539e+02 6.0010198975e+02 6.0015197754e+02 6.0020001221e+02 6.0025897217e+02 6.0033001709e+02 6.0038702393e+02 6.0043298340e+02 6.0049700928e+02 6.0055200195e+02 6.0060601807e+02 6.0065899658e+02 6.0072601318e+02 6.0077697754e+02 6.0084002686e+02 6.0091302490e+02 6.0098101807e+02 6.0104101563e+02 6.0109802246e+02 6.0116400146e+02 6.0123602295e+02 6.0129998779e+02 6.0135699463e+02 6.0139099121e+02 6.0142901611e+02 6.0146801758e+02 6.0151000977e+02 6.0154797363e+02 6.0162402344e+02 6.0171398926e+02 6.0180700684e+02 6.0189898682e+02 6.0194000244e+02
5.9928997803e+02 5.9934197998e+02 5.9939801025e+02 5.9946899414e+02 5.9951898193e+02 5.9955200195e+02 5.9961999512e+02 5.9967401123e+02 5.9972998047e+02 5.9978198242e+02 5.9982702637e+02 5.9987902832e+02 5.9993701172e+02 5.9998797607e+02 6.0003302002e+02 6.0008801270e+02 6.0014801025e+02 6.0021197510e+02 6.0027697754e+02 6.0033001709e+02 6.0038098145e+02 6.0044097900e+02 6.0048400879e+02 6.0053198242e+02 6.0058300781e+02 6.0065197754e+02 6.0071697998e+02 6.0078802490e+02 6.0085998535e+02 6.0092999268e+02 6.0099499512e+02 6.0105700684e+02 6.0111798096e+02 6.0118103027e+02 6.0123901367e+02 6.0129199219e+02 6.0133099365e+02 6.0136602783e+02 6.0140997314e+02 6.0145898438e+02 6.0151000977e+02 6.0159301758e+02 6.0169396973e+02 6.0179199219e+02 6.0186901855e+02 6.0190100098e+02
5.9921801758e+02 5.9927398682e+02 5.9932800293e+02 5.9938598633e+02 5.9943298340e+02 5.9947802734e+02 5.9955200195e+02 5.9960797119e+02 5.9966699219e+02 5.9971099854e+02 5.9975201416e+02 5.9980603027e+02 5.9986401367e+02 5.9991497803e+02 5.9996301270e+02 6.0002398682e+02 6.0009100342e+02 6.0015600586e+02 6.0021801758e+02 6.0027001953e+02 6.0032098389e+02 6.0037597656e+02 6.0041802979e+02 6.0046600342e+02 6.0051501465e+02 6.0058502197e+02 6.0065502930e+02 6.0072802734e+02 6.0079498291e+02 6.0086901855e+02 6.0093402100e+02 6.0099902344e+02 6.0105999756e+02 6.0112097168e+02 6.0117797852e+02 6.0122900391e+02 6.0127001953e+02 6.0131201172e+02 6.0136297607e+02 6.0142102051e+02 6.0147601318e+02 6.0155798340e+02 6.0165997314e+02 6.0175299072e+02 6.0181896973e+02 6.0184600830e+02
5.9914801025e+02 5.9921502686e+02 5.9927099609e+02 5.9931402588e+02 5.9936102295e+02 5.9942297363e+02 5.9949102783e+02 5.9953900146e+02 5.9959399414e+02 5.9964202881e+02 5.9967999268e+02 5.9972802734e+02 5.9978997803e+02 5.9984600830e+02 5.9989697266e+02 5.9995898438e+02 6.0002301025e+02 6.0008898926e+02 6.0015197754e+02 6.0020300293e+02 6.0024798584e+02 6.0030297852e+02 6.0035302734e+02 6.0040600586e+02 6.0045800781e+02 6.0053302002e+02 6.0060400391e+02 6.0066998291e+02 6.0072601318e+02 6.0079797363e+02 6.0086102295e+02 6.0092199707e+02 6.0098797607e+02 6.0105401611e+02 6.0111102295e+02 6.0116302490e+02 6.0120501709e+02 6.0125402832e+02 6.0131402588e+02 6.0138299561e+02 6.0144299316e+02 6.0152001953e+02 6.0161499023e+02 6.0169702148e+02 6.0174902344e+02 6.0177301025e+02
5.9909002686e+02 5.9915698242e+02 5.9921099854e+02 5.9924902344e+02 5.9930102539e+02 5.9936199951e+02 5.9941802979e+02 5.9946899414e+02 5.9952197266e+02 5.9957202148e+02 5.9961199951e+02 5.9965802002e+02 5.9972198486e+02 5.9977899170e+02 5.9982800293e+02 5.9988702393e+02 5.9994500732e+02 6.0001000977e+02 6.0007299805e+02 6.0012799072e+02 6.0017797852e+02 6.0023400879e+02 6.0028497314e+02 6.0034399414e+02 6.0041998291e+02 6.0048797607e+02 6.0055200195e+02 6.0060699463e+02 6.0066302490e+02 6.0072497559e+02 6.0078002930e+02 6.0083697510e+02 6.0090997314e+02 6.0097601318e+02 6.0103497314e+02 6.0109100342e+02 6.0115002441e+02 6.0119500732e+02 6.0125897217e+02 6.0133099365e+02 6.0141699219e+02 6.0149401855e+02 6.0156500244e+02 6.0162597656e+02 6.0165899658e+02 6.0168798828e+02
5.9903802490e+02 5.9909399414e+02 5.9912902832e+02 5.9916601563e+02 5.9922198486e+02 5.9927600098e+02 5.9933001709e+02 5.9938397217e+02 5.9943499756e+02 5.9949401855e+02 5.9955102539e+02 5.9959997559e+02 5.9964300537e+02 5.9969500732e+02 5.9975299072e+02 5.9981896973e+02 5.9987402344e+02 5.9993499756e+02 5.9999798584e+02 6.0005603027e+02 6.0010699463e+02 6.0017297363e+02 6.0022302246e+02 6.0027398682e+02 6.0035302734e+02 6.0043103027e+02 6.0048498535e+02 6.0053302002e+02 6.0058599854e+02 6.0064599609e+02 6.0070098877e+02 6.0075701904e+02 6.0083300781e+02 6.0090399170e+02 6.0095800781e+02 6.0101300049e+02 6.0107000732e+02 6.0112402344e+02 6.0119201660e+02 6.0127001953e+02 6.0136999512e+02 6.0145098877e+02 6.0149700928e+02 6.0153601074e+02 6.0157397461e+02 6.0161499023e+02
5.9898101807e+02 5.9902600098e+02 5.9904998779e+02 5.9908697510e+02 5.9914398193e+02 5.9920800781e+02 5.9926501465e+02 5.9930902100e+02 5.9935601807e+02 5.9941497803e+02 5.9947497559e+02 5.9952697754e+02 5.9957202148e+02 5.9962402344e+02 5.9968701172e+02 5.9975500488e+02 5.9981097412e+02 5.9986401367e+02 5.9991998291e+02 5.9997497559e+02 6.0002899170e+02 6.0010101318e+02 6.0015899658e+02 6.0021301270e+02 6.0028497314e+02 6.0035601807e+02 6.0041400146e+02 6.0046899414e+02 6.0051800537e+02 6.0057598877e+02 6.0063397217e+02 6.0069000244e+02 6.0076202393e+02 6.0083300781e+02 6.0088397217e+02 6.0093402100e+02 6.0098498535e+02 6.0103900146e+02 6.0111401367e+02 6.0120501709e+02 6.0130999756e+02 6.0138897705e+02 6.0142797852e+02 6.0145397949e+02 6.0148999023e+02 6.0153900146e+02
5.9891101074e+02 5.9894702148e+02 5.9897900391e+02 5.9902398682e+02 5.9907800293e+02 5.9914001465e+02 5.9919299316e+02 5.9923400879e+02 5.9928900146e+02 5.9934497070e+02 5.9940197754e+02 5.9945697021e+02 5.9951397705e+02 5.9955603027e+02 5.9961401367e+02 5.9967901611e+02 5.9973602295e+02 5.9978601074e+02 5.9983898926e+02 5.9989202881e+02 5.9994702148e+02 6.0002099609e+02 6.0008898926e+02 6.0015197754e+02 6.0021600342e+02 6.0027801514e+02 6.0034301758e+02 6.0040197754e+02 6.0044396973e+02 6.0050701904e+02 6.0057501221e+02 6.0063598633e+02 6.0069702148e+02 6.0075701904e+02 6.0080499268e+02 6.0085101318e+02 6.0089599609e+02 6.0095001221e+02 6.0103002930e+02 6.0113000488e+02 6.0125097656e+02 6.0134197998e+02 6.0137402344e+02 6.0138299561e+02 6.0140997314e+02 6.0146899414e+02
5.9883398438e+02 5.9886798096e+02 5.9891400146e+02 5.9896697998e+02 5.9902099609e+02 5.9906402588e+02 5.9910498047e+02 5.9915002441e+02 5.9920697021e+02 5.9927001953e+02 5.9932702637e+02 5.9938299561e+02 5.9944799805e+02 5.9948101807e+02 5.9953900146e+02 5.9960302734e+02 5.9966198730e+02 5.9970098877e+02 5.9975598145e+02 5.9981500244e+02 5.9987097168e+02 5.9993701172e+02 6.0000799561e+02 6.0007299805e+02 6.0013000488e+02 6.0019702148e+02 6.0026000977e+02 6.0031298828e+02 6.0034802246e+02 6.0042498779e+02 6.0050897217e+02 6.0058197021e+02 6.0063598633e+02 6.0067602539e+02 6.0071899414e+02 6.0076702881e+02 6.0081896973e+02 6.0086401367e+02 6.0094897461e+02 6.0105798340e+02 6.0120599365e+02 6.0129901123e+02 6.0132098389e+02 6.0132000732e+02 6.0134301758e+02 6.0141699219e+02
5.9874902344e+02 5.9880499268e+02 5.9884899902e+02 5.9889099121e+02 5.9893701172e+02 5.9898101807e+02 5.9902502441e+02 5.9906896973e+02 5.9912200928e+02 5.9919201660e+02 5.9925402832e+02 5.9930499268e+02 5.9936401367e+02 5.9940802002e+02 5.9946301270e+02 5.9951800537e+02 5.9957202148e+02 5.9960498047e+02 5.9966198730e+02 5.9972302246e+02 5.9976800537e+02 5.9983300781e+02 5.9991101074e+02 5.9997698975e+02 6.0003302002e+02 6.0010601807e+02 6.0017102051e+02 6.0022900391e+02 6.0027801514e+02 6.0035400391e+02 6.0043402100e+02 6.0050299072e+02 6.0055499268e+02 6.0058697510e+02 6.0062500000e+02 6.0067498779e+02 6.0073400879e+02 6.0079901123e+02 6.0088702393e+02 6.0098699951e+02 6.0109600830e+02 6.0116601563e+02 6.0120300293e+02 6.0123498535e+02 6.0128497314e+02 6.0136602783e+02
5.9866601563e+02 5.9873797607e+02 5.9878497314e+02 5.9882299805e+02 5.9886199951e+02 5.9890698242e+02 5.9894799805e+02 5.9898498535e+02 5.9903802490e+02 5.9909698486e+02 5.9916101074e+02 5.9921697998e+02 5.9927398682e+02 5.9931896973e+02 5.9938098145e+02 5.9943597412e+02 5.9948498535e+02 5.9952197266e+02 5.9958398438e+02 5.9964099121e+02 5.9968200684e+02 5.9974700928e+02 5.9982098389e+02 5.9988897705e+02 5.9995202637e+02 6.0001800537e+02 6.0008300781e+02 6.0015002441e+02 6.0021002197e+02 6.0027899170e+02 6.0034997559e+02 6.0041101074e+02 6.0045800781e+02 6.0048999023e+02 6.0052697754e+02 6.0058099365e+02 6.0065100098e+02 6.0072802734e+02 6.0081298828e+02 6.0089898682e+02 6.0097900391e+02 6.0103198242e+02 6.0107897949e+02 6.0113397217e+02 6.0121697998e+02 6.0129901123e+02
5.9859197998e+02 5.9865698242e+02 5.9870397949e+02 5.9874298096e+02 5.9877600098e+02 5.9881896973e+02 5.9886297607e+02 5.9890197754e+02 5.9896301270e+02 5.9901702881e+02 5.9907098389e+02 5.9912298584e+02 5.9918103027e+02 5.9922998047e+02 5.9929797363e+02 5.9935302734e+02 5.9939697266e+02 5.9944097900e+02 5.9950201416e+02 5.9955499268e+02 5.9959899902e+02 5.9966302490e+02 5.9972900391e+02 5.9980102539e+02 5.9987402344e+02 5.9993200684e+02 5.9999700928e+02 6.0007202148e+02 6.0013897705e+02 6.0019799805e+02 6.0025799561e+02 6.0030999756e+02 6.0035400391e+02 6.0038800049e+02 6.0042999268e+02 6.0048999023e+02 6.0057000732e+02 6.0065502930e+02 6.0073602295e+02 6.0080798340e+02 6.0086499023e+02 6.0090600586e+02 6.0095697021e+02 6.0102899170e+02 6.0113299561e+02 6.0121002197e+02
