TESTSERVER/13/12.asc
NCOLS 100
NROWS 100
XLLCORNER 8.1497500000e+03
YLLCORNER 2.8935025000e+05
CELLSIZE 5.0000000000e-01
NODATA_VALUE -9.9990000000e+03
[rows 40 to 59 of 100, columns 46 to 91 of 100]
6.0117401123e+02 6.0118200684e+02 6.0122302246e+02 6.0125598145e+02 6.0128802490e+02 6.0131500244e+02 6.0131097412e+02 6.0132897949e+02 6.0135900879e+02 6.0138299561e+02 6.0142401123e+02 6.0144097900e+02 6.0144500732e+02 6.0146997070e+02 6.0149298096e+02 6.0150701904e+02 6.0152197266e+02 6.0155999756e+02 6.0158197021e+02 6.0159997559e+02 6.0160998535e+02 6.0162799072e+02 6.0165399170e+02 6.0168298340e+02 6.0169897461e+02 6.0171697998e+02 6.0175201416e+02 6.0177899170e+02 6.0180401611e+02 6.0182202148e+02 6.0186798096e+02 6.0190899658e+02 6.0193597412e+02 6.0193902588e+02 6.0197399902e+02 6.0201599121e+02 6.0206298828e+02 6.0208801270e+02 6.0212500000e+02 6.0216198730e+02 6.0219500732e+02 6.0222998047e+02 6.0226898193e+02 6.0229602051e+02 6.0232702637e+02 6.0236700439e+02
6.0114898682e+02 6.0117102051e+02 6.0122802734e+02 6.0125500488e+02 6.0127301025e+02 6.0130499268e+02 6.0129400635e+02 6.0131097412e+02 6.0134698486e+02 6.0136102295e+02 6.0138897705e+02 6.0141601563e+02 6.0142102051e+02 6.0145501709e+02 6.0146899414e+02 6.0147601318e+02 6.0150402832e+02 6.0154797363e+02 6.0157800293e+02 6.0159698486e+02 6.0160198975e+02 6.0161401367e+02 6.0164001465e+02 6.0167102051e+02 6.0169702148e+02 6.0171301270e+02 6.0173199463e+02 6.0175598145e+02 6.0178698730e+02 6.0180999756e+02 6.0183898926e+02 6.0186297607e+02 6.0190802002e+02 6.0193902588e+02 6.0197100830e+02 6.0200000000e+02 6.0203399658e+02 6.0206402588e+02 6.0210101318e+02 6.0213598633e+02 6.0215698242e+02 6.0218902588e+02 6.0221801758e+02 6.0224298096e+02 6.0227600098e+02 6.0231500244e+02
6.0113000488e+02 6.0115899658e+02 6.0122399902e+02 6.0124902344e+02 6.0124798584e+02 6.0128198242e+02 6.0128302002e+02 6.0129400635e+02 6.0132897949e+02 6.0135400391e+02 6.0136999512e+02 6.0139398193e+02 6.0140197754e+02 6.0145098877e+02 6.0147802734e+02 6.0147998047e+02 6.0149298096e+02 6.0153698730e+02 6.0157598877e+02 6.0159399414e+02 6.0158898926e+02 6.0160101318e+02 6.0163000488e+02 6.0166601563e+02 6.0169897461e+02 6.0171899414e+02 6.0173297119e+02 6.0175201416e+02 6.0177197266e+02 6.0179498291e+02 6.0182098389e+02 6.0184002686e+02 6.0189202881e+02 6.0192901611e+02 6.0195098877e+02 6.0197198486e+02 6.0200097656e+02 6.0203997803e+02 6.0207299805e+02 6.0209600830e+02 6.0210900879e+02 6.0213800049e+02 6.0216497803e+02 6.0219299316e+02 6.0223199463e+02 6.0227197266e+02
6.0110699463e+02 6.0112701416e+02 6.0118902588e+02 6.0122601318e+02 6.0122698975e+02 6.0126599121e+02 6.0128698730e+02 6.0129602051e+02 6.0131298828e+02 6.0134899902e+02 6.0135699463e+02 6.0137402344e+02 6.0138500977e+02 6.0142498779e+02 6.0147198486e+02 6.0149200439e+02 6.0149597168e+02 6.0153497314e+02 6.0157397461e+02 6.0159399414e+02 6.0159301758e+02 6.0160302734e+02 6.0162902832e+02 6.0166302490e+02 6.0169396973e+02 6.0171301270e+02 6.0172998047e+02 6.0175402832e+02 6.0176800537e+02 6.0179602051e+02 6.0182098389e+02 6.0183300781e+02 6.0187701416e+02 6.0190899658e+02 6.0193103027e+02 6.0195202637e+02 6.0198400879e+02 6.0202600098e+02 6.0206097412e+02 6.0208197021e+02 6.0208599854e+02 6.0210302734e+02 6.0212597656e+02 6.0215600586e+02 6.0219799805e+02 6.0223400879e+02
6.0108502197e+02 6.0110498047e+02 6.0114398193e+02 6.0118701172e+02 6.0121600342e+02 6.0124401855e+02 6.0127099609e+02 6.0128302002e+02 6.0128900146e+02 6.0131597900e+02 6.0134100342e+02 6.0136798096e+02 6.0138299561e+02 6.0140100098e+02 6.0144097900e+02 6.0147698975e+02 6.0148797607e+02 6.0152001953e+02 6.0155401611e+02 6.0157800293e+02 6.0159301758e+02 6.0161499023e+02 6.0163800049e+02 6.0165802002e+02 6.0168597412e+02 6.0169897461e+02 6.0171997070e+02 6.0174700928e+02 6.0176098633e+02 6.0178900146e+02 6.0181799316e+02 6.0183300781e+02 6.0187097168e+02 6.0189801025e+02 6.0192498779e+02 6.0195599365e+02 6.0200000000e+02 6.0202001953e+02 6.0205200195e+02 6.0207897949e+02 6.0208599854e+02 6.0208197021e+02 6.0209997559e+02 6.0213098145e+02 6.0217498779e+02 6.0220501709e+02
6.0108801270e+02 6.0110797119e+02 6.0112402344e+02 6.0114898682e+02 6.0118597412e+02 6.0125097656e+02 6.0128302002e+02 6.0128497314e+02 6.0128399658e+02 6.0128997803e+02 6.0133001709e+02 6.0136401367e+02 6.0137298584e+02 6.0139300537e+02 6.0142102051e+02 6.0145501709e+02 6.0147399902e+02 6.0150402832e+02 6.0154199219e+02 6.0156701660e+02 6.0158398438e+02 6.0161102295e+02 6.0163201904e+02 6.0164801025e+02 6.0168200684e+02 6.0169000244e+02 6.0170599365e+02 6.0173101807e+02 6.0175402832e+02 6.0178601074e+02 6.0181597900e+02 6.0183599854e+02 6.0186499023e+02 6.0188500977e+02 6.0191699219e+02 6.0195098877e+02 6.0198400879e+02 6.0200299072e+02 6.0202398682e+02 6.0205401611e+02 6.0208502197e+02 6.0207501221e+02 6.0208801270e+02 6.0211199951e+02 6.0214898682e+02 6.0217901611e+02
6.0105297852e+02 6.0108197021e+02 6.0110601807e+02 6.0112701416e+02 6.0116302490e+02 6.0123297119e+02 6.0127001953e+02 6.0128002930e+02 6.0130297852e+02 6.0128698730e+02 6.0130798340e+02 6.0133801270e+02 6.0135900879e+02 6.0138299561e+02 6.0140997314e+02 6.0144000244e+02 6.0145599365e+02 6.0148400879e+02 6.0152697754e+02 6.0156298828e+02 6.0158697510e+02 6.0161297607e+02 6.0162799072e+02 6.0163800049e+02 6.0167797852e+02 6.0168597412e+02 6.0169598389e+02 6.0171997070e+02 6.0174700928e+02 6.0177801514e+02 6.0180200195e+02 6.0182098389e+02 6.0184899902e+02 6.0187799072e+02 6.0191601563e+02 6.0194598389e+02 6.0196997070e+02 6.0199798584e+02 6.0201000977e+02 6.0202697754e+02 6.0206201172e+02 6.0206201172e+02 6.0208197021e+02 6.0209802246e+02 6.0212597656e+02 6.0215002441e+02
6.0102301025e+02 6.0105200195e+02 6.0108801270e+02 6.0111499023e+02 6.0114202881e+02 6.0118597412e+02 6.0122601318e+02 6.0125500488e+02 6.0129602051e+02 6.0129901123e+02 6.0129998779e+02 6.0131597900e+02 6.0134600830e+02 6.0137500000e+02 6.0140301514e+02 6.0142999268e+02 6.0143402100e+02 6.0145800781e+02 6.0150299072e+02 6.0154498291e+02 6.0157397461e+02 6.0160601807e+02 6.0162097168e+02 6.0162500000e+02 6.0166497803e+02 6.0168298340e+02 6.0169201660e+02 6.0171697998e+02 6.0174597168e+02 6.0177697754e+02 6.0179400635e+02 6.0180603027e+02 6.0182501221e+02 6.0186297607e+02 6.0190399170e+02 6.0193298340e+02 6.0196301270e+02 6.0199298096e+02 6.0200402832e+02 6.0201501465e+02 6.0203802490e+02 6.0205297852e+02 6.0207897949e+02 6.0209100342e+02 6.0211700439e+02 6.0213500977e+02
6.0098602295e+02 6.0102398682e+02 6.0105999756e+02 6.0108801270e+02 6.0111499023e+02 6.0114697266e+02 6.0118798828e+02 6.0121301270e+02 6.0122399902e+02 6.0128802490e+02 6.0130102539e+02 6.0130902100e+02 6.0133398438e+02 6.0135998535e+02 6.0140002441e+02 6.0142797852e+02 6.0142700195e+02 6.0144500732e+02 6.0148400879e+02 6.0152099609e+02 6.0155401611e+02 6.0158801270e+02 6.0160797119e+02 6.0160900879e+02 6.0163299561e+02 6.0166101074e+02 6.0167901611e+02 6.0171301270e+02 6.0174597168e+02 6.0176800537e+02 6.0178399658e+02 6.0179797363e+02 6.0182897949e+02 6.0185998535e+02 6.0189599609e+02 6.0192901611e+02 6.0196502686e+02 6.0197302246e+02 6.0198699951e+02 6.0201000977e+02 6.0203302002e+02 6.0205200195e+02 6.0207299805e+02 6.0209002686e+02 6.0211602783e+02 6.0212799072e+02
6.0096398926e+02 6.0099102783e+02 6.0102502441e+02 6.0104998779e+02 6.0108197021e+02 6.0113201904e+02 6.0116802979e+02 6.0117401123e+02 6.0117102051e+02 6.0123400879e+02 6.0127398682e+02 6.0130200195e+02 6.0131201172e+02 6.0133099365e+02 6.0138098145e+02 6.0142102051e+02 6.0142901611e+02 6.0144799805e+02 6.0147601318e+02 6.0150299072e+02 6.0153900146e+02 6.0156097412e+02 6.0158502197e+02 6.0160498047e+02 6.0162597656e+02 6.0164801025e+02 6.0167901611e+02 6.0172399902e+02 6.0175701904e+02 6.0177301025e+02 6.0178302002e+02 6.0179302979e+02 6.0182299805e+02 6.0184399414e+02 6.0187500000e+02 6.0191601563e+02 6.0195397949e+02 6.0196099854e+02 6.0197698975e+02 6.0200500488e+02 6.0202502441e+02 6.0204302979e+02 6.0206201172e+02 6.0208197021e+02 6.0210601807e+02 6.0212500000e+02
6.0095001221e+02 6.0097698975e+02 6.0100500488e+02 6.0102502441e+02 6.0104901123e+02 6.0109600830e+02 6.0113897705e+02 6.0115600586e+02 6.0115197754e+02 6.0118103027e+02 6.0122601318e+02 6.0127697754e+02 6.0129602051e+02 6.0131799316e+02 6.0136499023e+02 6.0140002441e+02 6.0140802002e+02 6.0143597412e+02 6.0146600342e+02 6.0148797607e+02 6.0152197266e+02 6.0154199219e+02 6.0156701660e+02 6.0159301758e+02 6.0161602783e+02 6.0164599609e+02 6.0168701172e+02 6.0173297119e+02 6.0176098633e+02 6.0177301025e+02 6.0178100586e+02 6.0179101563e+02 6.0180700684e+02 6.0182098389e+02 6.0185601807e+02 6.0189697266e+02 6.0192999268e+02 6.0194598389e+02 6.0196899414e+02 6.0199499512e+02 6.0201599121e+02 6.0203198242e+02 6.0205102539e+02 6.0207098389e+02 6.0209002686e+02 6.0211798096e+02
6.0093200684e+02 6.0095800781e+02 6.0098297119e+02 6.0100500488e+02 6.0102398682e+02 6.0104998779e+02 6.0109399414e+02 6.0112799072e+02 6.0114398193e+02 6.0115502930e+02 6.0118701172e+02 6.0124499512e+02 6.0128302002e+02 6.0130700684e+02 6.0134899902e+02 6.0137701416e+02 6.0138800049e+02 6.0141998291e+02 6.0145202637e+02 6.0147302246e+02 6.0150500488e+02 6.0153002930e+02 6.0155297852e+02 6.0157800293e+02 6.0160900879e+02 6.0164501953e+02 6.0168103027e+02 6.0171502686e+02 6.0174200439e+02 6.0176202393e+02 6.0178002930e+02 6.0179400635e+02 6.0179797363e+02 6.0181097412e+02 6.0184802246e+02 6.0188397217e+02 6.0191198730e+02 6.0193798828e+02 6.0196099854e+02 6.0197998047e+02 6.0200299072e+02 6.0202099609e+02 6.0203997803e+02 6.0205999756e+02 6.0207702637e+02 6.0210998535e+02
6.0088800049e+02 6.0091302490e+02 6.0094299316e+02 6.0097998047e+02 6.0101800537e+02 6.0103002930e+02 6.0106298828e+02 6.0109100342e+02 6.0112200928e+02 6.0116198730e+02 6.0118200684e+02 6.0122399902e+02 6.0126501465e+02 6.0128900146e+02 6.0133197021e+02 6.0136999512e+02 6.0139599609e+02 6.0140997314e+02 6.0143103027e+02 6.0145800781e+02 6.0149499512e+02 6.0152001953e+02 6.0154498291e+02 6.0156799316e+02 6.0160900879e+02 6.0164697266e+02 6.0167297363e+02 6.0169799805e+02 6.0172497559e+02 6.0176599121e+02 6.0178900146e+02 6.0179498291e+02 6.0180700684e+02 6.0180102539e+02 6.0183300781e+02 6.0186901855e+02 6.0190399170e+02 6.0194000244e+02 6.0195697021e+02 6.0196899414e+02 6.0198699951e+02 6.0200701904e+02 6.0202697754e+02 6.0204699707e+02 6.0207000732e+02 6.0210101318e+02
6.0084698486e+02 6.0087402344e+02 6.0091601563e+02 6.0095697021e+02 6.0098999023e+02 6.0100201416e+02 6.0103100586e+02 6.0105798340e+02 6.0108599854e+02 6.0114398193e+02 6.0117700195e+02 6.0121099854e+02 6.0124798584e+02 6.0127697754e+02 6.0131896973e+02 6.0135400391e+02 6.0136901855e+02 6.0139300537e+02 6.0142297363e+02 6.0144897461e+02 6.0147302246e+02 6.0149798584e+02 6.0153302002e+02 6.0155999756e+02 6.0160198975e+02 6.0164099121e+02 6.0167102051e+02 6.0169500732e+02 6.0171600342e+02 6.0176000977e+02 6.0178698730e+02 6.0178399658e+02 6.0179699707e+02 6.0180902100e+02 6.0183398438e+02 6.0186199951e+02 6.0189501953e+02 6.0193701172e+02 6.0194897461e+02 6.0196301270e+02 6.0197998047e+02 6.0199200439e+02 6.0201202393e+02 6.0203302002e+02 6.0205603027e+02 6.0209100342e+02
6.0082098389e+02 6.0085101318e+02 6.0089398193e+02 6.0092602539e+02 6.0095300293e+02 6.0097900391e+02 6.0101599121e+02 6.0103997803e+02 6.0105700684e+02 6.0111499023e+02 6.0116198730e+02 6.0119598389e+02 6.0121899414e+02 6.0124200439e+02 6.0128198242e+02 6.0131597900e+02 6.0133300781e+02 6.0137200928e+02 6.0140899658e+02 6.0143499756e+02 6.0145800781e+02 6.0148797607e+02 6.0152301025e+02 6.0155200195e+02 6.0158898926e+02 6.0162701416e+02 6.0166198730e+02 6.0169097900e+02 6.0170898438e+02 6.0173797607e+02 6.0176000977e+02 6.0176397705e+02 6.0179199219e+02 6.0182202148e+02 6.0184802246e+02 6.0186999512e+02 6.0189300537e+02 6.0192602539e+02 6.0193298340e+02 6.0194299316e+02 6.0196197510e+02 6.0197998047e+02 6.0200000000e+02 6.0202001953e+02 6.0203997803e+02 6.0207501221e+02
6.0078802490e+02 6.0081799316e+02 6.0086102295e+02 6.0089099121e+02 6.0092401123e+02 6.0096002197e+02 6.0100097656e+02 6.0102502441e+02 6.0104199219e+02 6.0108502197e+02 6.0113201904e+02 6.0116601563e+02 6.0118902588e+02 6.0121398926e+02 6.0125201416e+02 6.0128802490e+02 6.0131097412e+02 6.0134497070e+02 6.0138500977e+02 6.0142102051e+02 6.0144897461e+02 6.0147302246e+02 6.0150402832e+02 6.0153002930e+02 6.0155999756e+02 6.0160400391e+02 6.0164697266e+02 6.0168103027e+02 6.0170599365e+02 6.0173199463e+02 6.0175000000e+02 6.0176501465e+02 6.0179797363e+02 6.0182598877e+02 6.0184899902e+02 6.0187200928e+02 6.0189501953e+02 6.0192102051e+02 6.0192999268e+02 6.0193798828e+02 6.0194799805e+02 6.0196801758e+02 6.0198797607e+02 6.0200799561e+02 6.0203100586e+02 6.0205999756e+02
6.0074798584e+02 6.0078198242e+02 6.0083001709e+02 6.0086602783e+02 6.0090100098e+02 6.0093499756e+02 6.0096801758e+02 6.0099597168e+02 6.0102502441e+02 6.0107098389e+02 6.0110302734e+02 6.0112799072e+02 6.0115197754e+02 6.0118701172e+02 6.0122497559e+02 6.0126202393e+02 6.0129498291e+02 6.0132202148e+02 6.0136102295e+02 6.0140698242e+02 6.0144000244e+02 6.0145202637e+02 6.0148297119e+02 6.0151300049e+02 6.0153997803e+02 6.0158300781e+02 6.0162500000e+02 6.0166400146e+02 6.0169500732e+02 6.0171997070e+02 6.0174401855e+02 6.0176800537e+02 6.0180102539e+02 6.0182397461e+02 6.0184600830e+02 6.0186700439e+02 6.0188800049e+02 6.0190899658e+02 6.0192401123e+02 6.0193798828e+02 6.0193902588e+02 6.0195697021e+02 6.0197802734e+02 6.0199902344e+02 6.0201800537e+02 6.0204901123e+02
6.0072100830e+02 6.0075402832e+02 6.0080401611e+02 6.0084802246e+02 6.0088000488e+02 6.0090698242e+02 6.0093701172e+02 6.0097497559e+02 6.0101000977e+02 6.0105603027e+02 6.0108898926e+02 6.0111901855e+02 6.0113598633e+02 6.0116601563e+02 6.0120599365e+02 6.0123999023e+02 6.0126898193e+02 6.0130798340e+02 6.0134600830e+02 6.0138702393e+02 6.0141497803e+02 6.0144097900e+02 6.0147698975e+02 6.0150799561e+02 6.0153997803e+02 6.0157501221e+02 6.0161401367e+02 6.0165997314e+02 6.0169000244e+02 6.0170501709e+02 6.0172900391e+02 6.0175402832e+02 6.0179302979e+02 6.0182000732e+02 6.0184100342e+02 6.0185797119e+02 6.0188500977e+02 6.0190197754e+02 6.0190899658e+02 6.0192102051e+02 6.0193701172e+02 6.0195800781e+02 6.0197900391e+02 6.0200000000e+02 6.0202001953e+02 6.0204699707e+02
6.0068200684e+02 6.0071697998e+02 6.0077001953e+02 6.0081799316e+02 6.0085198975e+02 6.0087902832e+02 6.0090301514e+02 6.0094500732e+02 6.0098901367e+02 6.0102197266e+02 6.0105798340e+02 6.0109399414e+02 6.0110601807e+02 6.0113299561e+02 6.0117401123e+02 6.0120898438e+02 6.0123999023e+02 6.0128601074e+02 6.0132098389e+02 6.0135797119e+02 6.0139001465e+02 6.0142401123e+02 6.0146398926e+02 6.0149798584e+02 6.0153601074e+02 6.0156799316e+02 6.0160797119e+02 6.0165002441e+02 6.0166998291e+02 6.0169000244e+02 6.0171899414e+02 6.0174401855e+02 6.0178198242e+02 6.0180401611e+02 6.0182897949e+02 6.0184802246e+02 6.0187597656e+02 6.0189202881e+02 6.0190100098e+02 6.0191900635e+02 6.0193701172e+02 6.0195697021e+02 6.0197802734e+02 6.0199902344e+02 6.0202197266e+02 6.0205102539e+02
6.0064398193e+02 6.0069097900e+02 6.0073901367e+02 6.0077600098e+02 6.0081597900e+02 6.0085498047e+02 6.0088201904e+02 6.0092297363e+02 6.0096301270e+02 6.0099200439e+02 6.0102398682e+02 6.0105798340e+02 6.0107299805e+02 6.0110198975e+02 6.0114202881e+02 6.0117797852e+02 6.0121398926e+02 6.0126300049e+02 6.0129199219e+02 6.0133001709e+02 6.0137902832e+02 6.0141400146e+02 6.0144799805e+02 6.0148297119e+02 6.0152502441e+02 6.0156298828e+02 6.0160302734e+02 6.0163397217e+02 6.0164398193e+02 6.0166998291e+02 6.0170202637e+02 6.0172601318e+02 6.0176397705e+02 6.0179101563e+02 6.0182598877e+02 6.0184600830e+02 6.0186999512e+02 6.0188397217e+02 6.0189697266e+02 6.0191601563e+02 6.0193499756e+02 6.0195599365e+02 6.0197601318e+02 6.0199798584e+02 6.0201898193e+02 6.0204602051e+02
