TESTSERVER/13/12.asc
NCOLS 100
NROWS 100
XLLCORNER 8.1497500000e+03
YLLCORNER 2.8935025000e+05
CELLSIZE 5.0000000000e-01
NODATA_VALUE -9.9990000000e+03
[rows 0 to 19 of 100, columns 46 to 91 of 100]
6.0395098877e+02 6.0405401611e+02 6.0414599609e+02 6.0423101807e+02 6.0433099365e+02 6.0441998291e+02 6.0452301025e+02 6.0464599609e+02 6.0477099609e+02 6.0489001465e+02 6.0502697754e+02 6.0516497803e+02 6.0529699707e+02 6.0543701172e+02 6.0556701660e+02 6.0569097900e+02 6.0580603027e+02 6.0590899658e+02 6.0602301025e+02 6.0613800049e+02 6.0625201416e+02 6.0637097168e+02 6.0648901367e+02 6.0660699463e+02 6.0672698975e+02 6.0684997559e+02 6.0696502686e+02 6.0707598877e+02 6.0717797852e+02 6.0727398682e+02 6.0737799072e+02 6.0748199463e+02 6.0759002686e+02 6.0770501709e+02 6.0782897949e+02 6.0795599365e+02 6.0809100342e+02 6.0823101807e+02 6.0836700439e+02 6.0850799561e+02 6.0865197754e+02 6.0880401611e+02 6.0895098877e+02 6.0909600830e+02 6.0923901367e+02 6.0936602783e+02
6.0378302002e+02 6.0388000488e+02 6.0396502686e+02 6.0405200195e+02 6.0415197754e+02 6.0423901367e+02 6.0433697510e+02 6.0445202637e+02 6.0458001709e+02 6.0469396973e+02 6.0481597900e+02 6.0495098877e+02 6.0509002686e+02 6.0522302246e+02 6.0535400391e+02 6.0547802734e+02 6.0559100342e+02 6.0569598389e+02 6.0580700684e+02 6.0591998291e+02 6.0603497314e+02 6.0615197754e+02 6.0626898193e+02 6.0638702393e+02 6.0650598145e+02 6.0662500000e+02 6.0673999023e+02 6.0685302734e+02 6.0696099854e+02 6.0706701660e+02 6.0717498779e+02 6.0728601074e+02 6.0739398193e+02 6.0751202393e+02 6.0763702393e+02 6.0776098633e+02 6.0788702393e+02 6.0801397705e+02 6.0814398193e+02 6.0827899170e+02 6.0842498779e+02 6.0857397461e+02 6.0872100830e+02 6.0886901855e+02 6.0901599121e+02 6.0915197754e+02
6.0360601807e+02 6.0370001221e+02 6.0379101563e+02 6.0388000488e+02 6.0396997070e+02 6.0406097412e+02 6.0416601563e+02 6.0427899170e+02 6.0439398193e+02 6.0449700928e+02 6.0460998535e+02 6.0474401855e+02 6.0488000488e+02 6.0500097656e+02 6.0512701416e+02 6.0525201416e+02 6.0536901855e+02 6.0547601318e+02 6.0558697510e+02 6.0570098877e+02 6.0581597900e+02 6.0593200684e+02 6.0604998779e+02 6.0616699219e+02 6.0628698730e+02 6.0640600586e+02 6.0652099609e+02 6.0663397217e+02 6.0674401855e+02 6.0685601807e+02 6.0696899414e+02 6.0708502197e+02 6.0719702148e+02 6.0731701660e+02 6.0744000244e+02 6.0756402588e+02 6.0768402100e+02 6.0780297852e+02 6.0792901611e+02 6.0805999756e+02 6.0820001221e+02 6.0834600830e+02 6.0849200439e+02 6.0864001465e+02 6.0878997803e+02 6.0893402100e+02
6.0342700195e+02 6.0352301025e+02 6.0362597656e+02 6.0372100830e+02 6.0379998779e+02 6.0388897705e+02 6.0399798584e+02 6.0410699463e+02 6.0420300293e+02 6.0429602051e+02 6.0440502930e+02 6.0453198242e+02 6.0465802002e+02 6.0477301025e+02 6.0489599609e+02 6.0502099609e+02 6.0514398193e+02 6.0525299072e+02 6.0536499023e+02 6.0547900391e+02 6.0559600830e+02 6.0571301270e+02 6.0583099365e+02 6.0594799805e+02 6.0606799316e+02 6.0618701172e+02 6.0630200195e+02 6.0641601563e+02 6.0652801514e+02 6.0664501953e+02 6.0676300049e+02 6.0688299561e+02 6.0700201416e+02 6.0712298584e+02 6.0724700928e+02 6.0736999512e+02 6.0748498535e+02 6.0759802246e+02 6.0771997070e+02 6.0784600830e+02 6.0797900391e+02 6.0812200928e+02 6.0826599121e+02 6.0841400146e+02 6.0856701660e+02 6.0871600342e+02
6.0327398682e+02 6.0336700439e+02 6.0346301270e+02 6.0355499268e+02 6.0364300537e+02 6.0372198486e+02 6.0382098389e+02 6.0391699219e+02 6.0399700928e+02 6.0409698486e+02 6.0419897461e+02 6.0431097412e+02 6.0441699219e+02 6.0453997803e+02 6.0466400146e+02 6.0479199219e+02 6.0491497803e+02 6.0502301025e+02 6.0513500977e+02 6.0525000000e+02 6.0536499023e+02 6.0548999023e+02 6.0560797119e+02 6.0572802734e+02 6.0584600830e+02 6.0596502686e+02 6.0608197021e+02 6.0619799805e+02 6.0631701660e+02 6.0643597412e+02 6.0655798340e+02 6.0668200684e+02 6.0682397461e+02 6.0694799805e+02 6.0706896973e+02 6.0718798828e+02 6.0729998779e+02 6.0740002441e+02 6.0751599121e+02 6.0763500977e+02 6.0775701904e+02 6.0790197754e+02 6.0804302979e+02 6.0818798828e+02 6.0833099365e+02 6.0848999023e+02
6.0312902832e+02 6.0320697021e+02 6.0329998779e+02 6.0338800049e+02 6.0347399902e+02 6.0355499268e+02 6.0365399170e+02 6.0374102783e+02 6.0381701660e+02 6.0392401123e+02 6.0402600098e+02 6.0413098145e+02 6.0423400879e+02 6.0434197998e+02 6.0446002197e+02 6.0457800293e+02 6.0469396973e+02 6.0479602051e+02 6.0490502930e+02 6.0501898193e+02 6.0514202881e+02 6.0526501465e+02 6.0538500977e+02 6.0550598145e+02 6.0562500000e+02 6.0574200439e+02 6.0586297607e+02 6.0598297119e+02 6.0610900879e+02 6.0623797607e+02 6.0636602783e+02 6.0649798584e+02 6.0664202881e+02 6.0677600098e+02 6.0689599609e+02 6.0701202393e+02 6.0710998535e+02 6.0720898438e+02 6.0732598877e+02 6.0744598389e+02 6.0756597900e+02 6.0770098877e+02 6.0783898926e+02 6.0797802734e+02 6.0812701416e+02 6.0827697754e+02
6.0296697998e+02 6.0304400635e+02 6.0314099121e+02 6.0322802734e+02 6.0330902100e+02 6.0339202881e+02 6.0349298096e+02 6.0358001709e+02 6.0364300537e+02 6.0373498535e+02 6.0383398438e+02 6.0394702148e+02 6.0405603027e+02 6.0415802002e+02 6.0426800537e+02 6.0437500000e+02 6.0448199463e+02 6.0458502197e+02 6.0469000244e+02 6.0480200195e+02 6.0492297363e+02 6.0504699707e+02 6.0516699219e+02 6.0528698730e+02 6.0540600586e+02 6.0552697754e+02 6.0565002441e+02 6.0577301025e+02 6.0590002441e+02 6.0603601074e+02 6.0617199707e+02 6.0631097412e+02 6.0645800781e+02 6.0658801270e+02 6.0670800781e+02 6.0682397461e+02 6.0691900635e+02 6.0701800537e+02 6.0713800049e+02 6.0726202393e+02 6.0738299561e+02 6.0751300049e+02 6.0764801025e+02 6.0778497314e+02 6.0793200684e+02 6.0807800293e+02
6.0282202148e+02 6.0289898682e+02 6.0298602295e+02 6.0306896973e+02 6.0314300537e+02 6.0321398926e+02 6.0330902100e+02 6.0339398193e+02 6.0345800781e+02 6.0354400635e+02 6.0364300537e+02 6.0376000977e+02 6.0387402344e+02 6.0397601318e+02 6.0408300781e+02 6.0418402100e+02 6.0428399658e+02 6.0438702393e+02 6.0448901367e+02 6.0459600830e+02 6.0471197510e+02 6.0483398438e+02 6.0495300293e+02 6.0507098389e+02 6.0519097900e+02 6.0531500244e+02 6.0544000244e+02 6.0556402588e+02 6.0569000244e+02 6.0582897949e+02 6.0597198486e+02 6.0611999512e+02 6.0626898193e+02 6.0639300537e+02 6.0651300049e+02 6.0662902832e+02 6.0672497559e+02 6.0683001709e+02 6.0695397949e+02 6.0708197021e+02 6.0720800781e+02 6.0733599854e+02 6.0746899414e+02 6.0760302734e+02 6.0774597168e+02 6.0788702393e+02
6.0267999268e+02 6.0275897217e+02 6.0282897949e+02 6.0290502930e+02 6.0298199463e+02 6.0303997803e+02 6.0312402344e+02 6.0321197510e+02 6.0328601074e+02 6.0336999512e+02 6.0347198486e+02 6.0358300781e+02 6.0367999268e+02 6.0378802490e+02 6.0389599609e+02 6.0400097656e+02 6.0410601807e+02 6.0420501709e+02 6.0429998779e+02 6.0439801025e+02 6.0450701904e+02 6.0462298584e+02 6.0473797607e+02 6.0485498047e+02 6.0497601318e+02 6.0511401367e+02 6.0524401855e+02 6.0536700439e+02 6.0548498535e+02 6.0561401367e+02 6.0576800537e+02 6.0593701172e+02 6.0612298584e+02 6.0620202637e+02 6.0631298828e+02 6.0641900635e+02 6.0652398682e+02 6.0664099121e+02 6.0676397705e+02 6.0689099121e+02 6.0701202393e+02 6.0717498779e+02 6.0731097412e+02 6.0744396973e+02 6.0758599854e+02 6.0770599365e+02
6.0253802490e+02 6.0260198975e+02 6.0266699219e+02 6.0273199463e+02 6.0280102539e+02 6.0288000488e+02 6.0296600342e+02 6.0304498291e+02 6.0310998535e+02 6.0318902588e+02 6.0329998779e+02 6.0341802979e+02 6.0350799561e+02 6.0360101318e+02 6.0369396973e+02 6.0379901123e+02 6.0391802979e+02 6.0402899170e+02 6.0411499023e+02 6.0420098877e+02 6.0430902100e+02 6.0442102051e+02 6.0452398682e+02 6.0463000488e+02 6.0474902344e+02 6.0489300537e+02 6.0502398682e+02 6.0514801025e+02 6.0527001953e+02 6.0539501953e+02 6.0554400635e+02 6.0571600342e+02 6.0588299561e+02 6.0598699951e+02 6.0609197998e+02 6.0619500732e+02 6.0630700684e+02 6.0643402100e+02 6.0657299805e+02 6.0671197510e+02 6.0687200928e+02 6.0703601074e+02 6.0716699219e+02 6.0729101563e+02 6.0740899658e+02 6.0752600098e+02
6.0239697266e+02 6.0245800781e+02 6.0252502441e+02 6.0258398438e+02 6.0264099121e+02 6.0271801758e+02 6.0280401611e+02 6.0288397217e+02 6.0294897461e+02 6.0302197266e+02 6.0312597656e+02 6.0323699951e+02 6.0332202148e+02 6.0340399170e+02 6.0348699951e+02 6.0359197998e+02 6.0371801758e+02 6.0383099365e+02 6.0392199707e+02 6.0401300049e+02 6.0411901855e+02 6.0422802734e+02 6.0432299805e+02 6.0441802979e+02 6.0453002930e+02 6.0466400146e+02 6.0479101563e+02 6.0491699219e+02 6.0505200195e+02 6.0517401123e+02 6.0531097412e+02 6.0546502686e+02 6.0562200928e+02 6.0573797607e+02 6.0584997559e+02 6.0596301270e+02 6.0608898926e+02 6.0624298096e+02 6.0640399170e+02 6.0656402588e+02 6.0674102783e+02 6.0689398193e+02 6.0701300049e+02 6.0712500000e+02 6.0722998047e+02 6.0733898926e+02
6.0227301025e+02 6.0233001709e+02 6.0239501953e+02 6.0245300293e+02 6.0250500488e+02 6.0256500244e+02 6.0264099121e+02 6.0272497559e+02 6.0279400635e+02 6.0286700439e+02 6.0295800781e+02 6.0305499268e+02 6.0313397217e+02 6.0321197510e+02 6.0329901123e+02 6.0340301514e+02 6.0351202393e+02 6.0362200928e+02 6.0372198486e+02 6.0382299805e+02 6.0392797852e+02 6.0403698730e+02 6.0413201904e+02 6.0422302246e+02 6.0432702637e+02 6.0445501709e+02 6.0457702637e+02 6.0470202637e+02 6.0484100342e+02 6.0496002197e+02 6.0508599854e+02 6.0522302246e+02 6.0536102295e+02 6.0548199463e+02 6.0560101318e+02 6.0572601318e+02 6.0587799072e+02 6.0606896973e+02 6.0625500488e+02 6.0643499756e+02 6.0661901855e+02 6.0675201416e+02 6.0685699463e+02 6.0695599365e+02 6.0704797363e+02 6.0714801025e+02
6.0217700195e+02 6.0221899414e+02 6.0227197266e+02 6.0232397461e+02 6.0236999512e+02 6.0242602539e+02 6.0249597168e+02 6.0257501221e+02 6.0264099121e+02 6.0271697998e+02 6.0279901123e+02 6.0288397217e+02 6.0295898438e+02 6.0304699707e+02 6.0313897705e+02 6.0323101807e+02 6.0330798340e+02 6.0342297363e+02 6.0353302002e+02 6.0363702393e+02 6.0373400879e+02 6.0384100342e+02 6.0394097900e+02 6.0403399658e+02 6.0413201904e+02 6.0427301025e+02 6.0439697266e+02 6.0451898193e+02 6.0464001465e+02 6.0475201416e+02 6.0488000488e+02 6.0500799561e+02 6.0511297607e+02 6.0523602295e+02 6.0535900879e+02 6.0548400879e+02 6.0561901855e+02 6.0590002441e+02 6.0615100098e+02 6.0638598633e+02 6.0662902832e+02 6.0666198730e+02 6.0673999023e+02 6.0679797363e+02 6.0685101318e+02 6.0695202637e+02
6.0209399414e+02 6.0213098145e+02 6.0216699219e+02 6.0220098877e+02 6.0224597168e+02 6.0231201172e+02 6.0237097168e+02 6.0243798828e+02 6.0250500488e+02 6.0256799316e+02 6.0265100098e+02 6.0273699951e+02 6.0280999756e+02 6.0288897705e+02 6.0297302246e+02 6.0305902100e+02 6.0313702393e+02 6.0323498535e+02 6.0334100342e+02 6.0344201660e+02 6.0353497314e+02 6.0364501953e+02 6.0375598145e+02 6.0386401367e+02 6.0397497559e+02 6.0410198975e+02 6.0422198486e+02 6.0433599854e+02 6.0443902588e+02 6.0453601074e+02 6.0466699219e+02 6.0479797363e+02 6.0490399170e+02 6.0504498291e+02 6.0517199707e+02 6.0528997803e+02 6.0543298340e+02 6.0572497559e+02 6.0604498291e+02 6.0634197998e+02 6.0651202393e+02 6.0657098389e+02 6.0663000488e+02 6.0666101074e+02 6.0666802979e+02 6.0674499512e+02
6.0199700928e+02 6.0203900146e+02 6.0208001709e+02 6.0211199951e+02 6.0214300537e+02 6.0219500732e+02 6.0224902344e+02 6.0231500244e+02 6.0238098145e+02 6.0243798828e+02 6.0252099609e+02 6.0260302734e+02 6.0266699219e+02 6.0273602295e+02 6.0281701660e+02 6.0290100098e+02 6.0298199463e+02 6.0306402588e+02 6.0316302490e+02 6.0326599121e+02 6.0335400391e+02 6.0346099854e+02 6.0357501221e+02 6.0369097900e+02 6.0380499268e+02 6.0391101074e+02 6.0402398682e+02 6.0414099121e+02 6.0424798584e+02 6.0434399414e+02 6.0447601318e+02 6.0460797119e+02 6.0471502686e+02 6.0485900879e+02 6.0499298096e+02 6.0511499023e+02 6.0525000000e+02 6.0553399658e+02 6.0585498047e+02 6.0615698242e+02 6.0632000732e+02 6.0637200928e+02 6.0643597412e+02 6.0647302246e+02 6.0647302246e+02 6.0653900146e+02
6.0189697266e+02 6.0194396973e+02 6.0199597168e+02 6.0203900146e+02 6.0206500244e+02 6.0209100342e+02 6.0213897705e+02 6.0221099854e+02 6.0227197266e+02 6.0232202148e+02 6.0239898682e+02 6.0247698975e+02 6.0253497314e+02 6.0259899902e+02 6.0267999268e+02 6.0276098633e+02 6.0283697510e+02 6.0291497803e+02 6.0300402832e+02 6.0310198975e+02 6.0318597412e+02 6.0328399658e+02 6.0339300537e+02 6.0350598145e+02 6.0361798096e+02 6.0370697021e+02 6.0381701660e+02 6.0394299316e+02 6.0405999756e+02 6.0415899658e+02 6.0429602051e+02 6.0442999268e+02 6.0453302002e+02 6.0466699219e+02 6.0479998779e+02 6.0492700195e+02 6.0504797363e+02 6.0528802490e+02 6.0558197021e+02 6.0586401367e+02 6.0603497314e+02 6.0611401367e+02 6.0619299316e+02 6.0624597168e+02 6.0626300049e+02 6.0633300781e+02
6.0182897949e+02 6.0185900879e+02 6.0190399170e+02 6.0195098877e+02 6.0200000000e+02 6.0202197266e+02 6.0205798340e+02 6.0211602783e+02 6.0217102051e+02 6.0221398926e+02 6.0228198242e+02 6.0235998535e+02 6.0241497803e+02 6.0247399902e+02 6.0255297852e+02 6.0263000488e+02 6.0269396973e+02 6.0277398682e+02 6.0284899902e+02 6.0292901611e+02 6.0300799561e+02 6.0310797119e+02 6.0320800781e+02 6.0331402588e+02 6.0341198730e+02 6.0350299072e+02 6.0361297607e+02 6.0374298096e+02 6.0386700439e+02 6.0397302246e+02 6.0410900879e+02 6.0424102783e+02 6.0434997559e+02 6.0446197510e+02 6.0459002686e+02 6.0471899414e+02 6.0483898926e+02 6.0498297119e+02 6.0520300293e+02 6.0544500732e+02 6.0563702393e+02 6.0575097656e+02 6.0584997559e+02 6.0594097900e+02 6.0600701904e+02 6.0613098145e+02
6.0176702881e+02 6.0179797363e+02 6.0183099365e+02 6.0186499023e+02 6.0190197754e+02 6.0194000244e+02 6.0198901367e+02 6.0203601074e+02 6.0207098389e+02 6.0212500000e+02 6.0219201660e+02 6.0225701904e+02 6.0230297852e+02 6.0236102295e+02 6.0244000244e+02 6.0251599121e+02 6.0257098389e+02 6.0264300537e+02 6.0271197510e+02 6.0279199219e+02 6.0286798096e+02 6.0295098877e+02 6.0303601074e+02 6.0313098145e+02 6.0322802734e+02 6.0332000732e+02 6.0342700195e+02 6.0354998779e+02 6.0367102051e+02 6.0378601074e+02 6.0391601563e+02 6.0403997803e+02 6.0415399170e+02 6.0426300049e+02 6.0439898682e+02 6.0454101563e+02 6.0466601563e+02 6.0478698730e+02 6.0492102051e+02 6.0506896973e+02 6.0523797607e+02 6.0538201904e+02 6.0552801514e+02 6.0567199707e+02 6.0580999756e+02 6.0594598389e+02
6.0171398926e+02 6.0173999023e+02 6.0176202393e+02 6.0178497314e+02 6.0180902100e+02 6.0185498047e+02 6.0191601563e+02 6.0196697998e+02 6.0199401855e+02 6.0203900146e+02 6.0209698486e+02 6.0215899658e+02 6.0220098877e+02 6.0225598145e+02 6.0233001709e+02 6.0239697266e+02 6.0245098877e+02 6.0251898193e+02 6.0258502197e+02 6.0265899658e+02 6.0273199463e+02 6.0281201172e+02 6.0288098145e+02 6.0295599365e+02 6.0304998779e+02 6.0314801025e+02 6.0324401855e+02 6.0335797119e+02 6.0347497559e+02 6.0359600830e+02 6.0372399902e+02 6.0384002686e+02 6.0395599365e+02 6.0407000732e+02 6.0421002197e+02 6.0435699463e+02 6.0449200439e+02 6.0462402344e+02 6.0474200439e+02 6.0485699463e+02 6.0497399902e+02 6.0513397217e+02 6.0530297852e+02 6.0546398926e+02 6.0561199951e+02 6.0575000000e+02
6.0166900635e+02 6.0168597412e+02 6.0170098877e+02 6.0172601318e+02 6.0175000000e+02 6.0179602051e+02 6.0185198975e+02 6.0190600586e+02 6.0194598389e+02 6.0196997070e+02 6.0200402832e+02 6.0206402588e+02 6.0211199951e+02 6.0216601563e+02 6.0223400879e+02 6.0229101563e+02 6.0234301758e+02 6.0240802002e+02 6.0247399902e+02 6.0253900146e+02 6.0259997559e+02 6.0267102051e+02 6.0273797607e+02 6.0280902100e+02 6.0289697266e+02 6.0298999023e+02 6.0306896973e+02 6.0317602539e+02 6.0329400635e+02 6.0341101074e+02 6.0353802490e+02 6.0365399170e+02 6.0377197266e+02 6.0388702393e+02 6.0402301025e+02 6.0416497803e+02 6.0429602051e+02 6.0442401123e+02 6.0454498291e+02 6.0466497803e+02 6.0477697754e+02 6.0493200684e+02 6.0509997559e+02 6.0525897217e+02 6.0540600586e+02 6.0554302979e+02
