TESTSERVER/13/13.asc
NCOLS 100
NROWS 100
XLLCORNER 8.1497500000e+03
YLLCORNER 2.8930025000e+05
CELLSIZE 5.0000000000e-01
NODATA_VALUE -9.9990000000e+03
[rows 60 to 79 of 100, columns 46 to 91 of 100]
5.9247497559e+02 5.9247998047e+02 5.9249499512e+02 5.9251501465e+02 5.9253802490e+02 5.9249798584e+02 5.9246697998e+02 5.9244799805e+02 5.9250097656e+02 5.9248297119e+02 5.9247497559e+02 5.9246997070e+02 5.9248101807e+02 5.9247900391e+02 5.9251501465e+02 5.9257702637e+02 5.9263702393e+02 5.9278997803e+02 5.9292999268e+02 5.9305297852e+02 5.9311199951e+02 5.9326000977e+02 5.9340399170e+02 5.9352899170e+02 5.9358697510e+02 5.9359301758e+02 5.9358502197e+02 5.9357299805e+02 5.9356298828e+02 5.9355798340e+02 5.9355102539e+02 5.9354998779e+02 5.9355700684e+02 5.9355401611e+02 5.9355297852e+02 5.9355401611e+02 5.9355999756e+02 5.9358001709e+02 5.9367901611e+02 5.9387298584e+02 5.9406701660e+02 5.9425701904e+02 5.9429699707e+02 5.9414202881e+02 5.9404699707e+02 5.9397399902e+02
5.9248400879e+02 5.9247900391e+02 5.9248400879e+02 5.9250598145e+02 5.9255200195e+02 5.9253900146e+02 5.9251702881e+02 5.9250097656e+02 5.9249200439e+02 5.9248297119e+02 5.9247900391e+02 5.9247900391e+02 5.9248400879e+02 5.9247900391e+02 5.9248901367e+02 5.9252600098e+02 5.9253497314e+02 5.9257897949e+02 5.9268298340e+02 5.9278698730e+02 5.9286499023e+02 5.9298999023e+02 5.9316400146e+02 5.9336297607e+02 5.9352801514e+02 5.9357702637e+02 5.9358099365e+02 5.9355902100e+02 5.9353900146e+02 5.9353399658e+02 5.9352301025e+02 5.9351800537e+02 5.9352502441e+02 5.9352301025e+02 5.9350799561e+02 5.9350097656e+02 5.9350598145e+02 5.9353802490e+02 5.9369201660e+02 5.9393200684e+02 5.9407897949e+02 5.9421398926e+02 5.9416900635e+02 5.9394299316e+02 5.9386199951e+02 5.9388201904e+02
5.9248797607e+02 5.9247802734e+02 5.9248199463e+02 5.9250897217e+02 5.9256597900e+02 5.9254699707e+02 5.9251599121e+02 5.9249499512e+02 5.9248602295e+02 5.9248400879e+02 5.9248101807e+02 5.9248199463e+02 5.9248699951e+02 5.9248699951e+02 5.9249102783e+02 5.9250500488e+02 5.9249298096e+02 5.9249902344e+02 5.9255700684e+02 5.9262097168e+02 5.9265698242e+02 5.9274597168e+02 5.9292797852e+02 5.9316601563e+02 5.9339001465e+02 5.9349102783e+02 5.9352801514e+02 5.9352001953e+02 5.9350299072e+02 5.9350500488e+02 5.9349902344e+02 5.9349499512e+02 5.9349798584e+02 5.9348797607e+02 5.9346899414e+02 5.9346197510e+02 5.9346502686e+02 5.9352899170e+02 5.9367901611e+02 5.9385601807e+02 5.9398400879e+02 5.9405200195e+02 5.9396002197e+02 5.9377197266e+02 5.9375299072e+02 5.9385498047e+02
5.9248400879e+02 5.9247601318e+02 5.9248199463e+02 5.9251300049e+02 5.9257202148e+02 5.9254400635e+02 5.9250897217e+02 5.9248699951e+02 5.9248297119e+02 5.9248602295e+02 5.9248297119e+02 5.9248199463e+02 5.9248602295e+02 5.9249298096e+02 5.9249798584e+02 5.9249902344e+02 5.9249102783e+02 5.9248699951e+02 5.9250799561e+02 5.9253302002e+02 5.9252502441e+02 5.9255603027e+02 5.9270202637e+02 5.9292297363e+02 5.9315899658e+02 5.9332598877e+02 5.9341497803e+02 5.9344201660e+02 5.9344201660e+02 5.9346899414e+02 5.9348797607e+02 5.9349102783e+02 5.9346801758e+02 5.9344702148e+02 5.9343200684e+02 5.9342700195e+02 5.9341900635e+02 5.9349200439e+02 5.9362097168e+02 5.9372399902e+02 5.9379797363e+02 5.9381298828e+02 5.9374798584e+02 5.9367498779e+02 5.9374798584e+02 5.9387200928e+02
5.9246801758e+02 5.9246600342e+02 5.9246997070e+02 5.9251202393e+02 5.9258801270e+02 5.9252301025e+02 5.9248498535e+02 5.9247998047e+02 5.9248297119e+02 5.9247998047e+02 5.9247900391e+02 5.9247698975e+02 5.9247698975e+02 5.9249298096e+02 5.9249700928e+02 5.9248999023e+02 5.9248101807e+02 5.9249298096e+02 5.9250500488e+02 5.9251800537e+02 5.9249298096e+02 5.9244897461e+02 5.9250701904e+02 5.9264001465e+02 5.9282397461e+02 5.9310498047e+02 5.9326098633e+02 5.9333099365e+02 5.9340502930e+02 5.9347302246e+02 5.9353900146e+02 5.9353302002e+02 5.9344299316e+02 5.9338702393e+02 5.9337500000e+02 5.9336798096e+02 5.9335302734e+02 5.9341699219e+02 5.9351300049e+02 5.9356500244e+02 5.9357000732e+02 5.9358001709e+02 5.9358398438e+02 5.9363897705e+02 5.9377600098e+02 5.9388000488e+02
5.9246398926e+02 5.9246002197e+02 5.9245800781e+02 5.9247802734e+02 5.9249200439e+02 5.9246502686e+02 5.9246502686e+02 5.9248101807e+02 5.9248699951e+02 5.9249200439e+02 5.9249102783e+02 5.9248602295e+02 5.9248602295e+02 5.9248797607e+02 5.9248101807e+02 5.9247302246e+02 5.9247198486e+02 5.9246997070e+02 5.9247998047e+02 5.9249700928e+02 5.9248602295e+02 5.9244000244e+02 5.9241900635e+02 5.9244500732e+02 5.9261297607e+02 5.9282702637e+02 5.9289801025e+02 5.9289898682e+02 5.9298797607e+02 5.9320300293e+02 5.9338397217e+02 5.9347802734e+02 5.9340802002e+02 5.9332299805e+02 5.9331097412e+02 5.9330999756e+02 5.9330798340e+02 5.9334802246e+02 5.9339697266e+02 5.9341497803e+02 5.9344702148e+02 5.9348101807e+02 5.9352398682e+02 5.9363500977e+02 5.9378900146e+02 5.9388397217e+02
5.9245202637e+02 5.9244000244e+02 5.9244097900e+02 5.9244799805e+02 5.9244097900e+02 5.9244500732e+02 5.9245501709e+02 5.9246502686e+02 5.9247399902e+02 5.9248297119e+02 5.9248297119e+02 5.9248199463e+02 5.9248602295e+02 5.9248101807e+02 5.9246600342e+02 5.9246197510e+02 5.9246697998e+02 5.9246301270e+02 5.9246301270e+02 5.9246899414e+02 5.9246899414e+02 5.9245898438e+02 5.9242999268e+02 5.9241601563e+02 5.9250598145e+02 5.9258398438e+02 5.9254797363e+02 5.9247100830e+02 5.9253302002e+02 5.9274700928e+02 5.9297900391e+02 5.9318103027e+02 5.9329699707e+02 5.9326599121e+02 5.9323999023e+02 5.9323297119e+02 5.9323901367e+02 5.9326098633e+02 5.9329199219e+02 5.9331298828e+02 5.9335302734e+02 5.9340600586e+02 5.9349597168e+02 5.9364599609e+02 5.9380297852e+02 5.9389801025e+02
5.9243200684e+02 5.9241497803e+02 5.9241998291e+02 5.9243103027e+02 5.9243902588e+02 5.9244897461e+02 5.9244799805e+02 5.9244799805e+02 5.9245202637e+02 5.9245697021e+02 5.9246099854e+02 5.9246502686e+02 5.9246899414e+02 5.9246600342e+02 5.9245397949e+02 5.9245397949e+02 5.9245501709e+02 5.9245599365e+02 5.9245397949e+02 5.9244702148e+02 5.9244000244e+02 5.9245397949e+02 5.9244097900e+02 5.9241802979e+02 5.9244897461e+02 5.9245300293e+02 5.9237902832e+02 5.9227801514e+02 5.9228900146e+02 5.9240997314e+02 5.9259899902e+02 5.9283001709e+02 5.9311102295e+02 5.9318103027e+02 5.9315698242e+02 5.9314300537e+02 5.9315301514e+02 5.9317102051e+02 5.9320501709e+02 5.9324102783e+02 5.9328497314e+02 5.9335998535e+02 5.9348498535e+02 5.9365698242e+02 5.9382000732e+02 5.9392297363e+02
5.9241601563e+02 5.9241400146e+02 5.9241497803e+02 5.9241497803e+02 5.9241900635e+02 5.9242901611e+02 5.9242999268e+02 5.9243200684e+02 5.9244500732e+02 5.9245001221e+02 5.9245397949e+02 5.9245501709e+02 5.9244702148e+02 5.9244201660e+02 5.9244000244e+02 5.9243798828e+02 5.9244000244e+02 5.9244000244e+02 5.9243902588e+02 5.9243103027e+02 5.9241802979e+02 5.9242401123e+02 5.9242102051e+02 5.9240197754e+02 5.9240802002e+02 5.9242700195e+02 5.9242297363e+02 5.9239898682e+02 5.9245501709e+02 5.9242297363e+02 5.9245098877e+02 5.9256298828e+02 5.9286499023e+02 5.9302502441e+02 5.9304901123e+02 5.9305297852e+02 5.9307202148e+02 5.9309600830e+02 5.9313397217e+02 5.9317401123e+02 5.9320898438e+02 5.9331597900e+02 5.9346997070e+02 5.9366497803e+02 5.9385400391e+02 5.9394299316e+02
5.9240997314e+02 5.9241601563e+02 5.9242498779e+02 5.9241998291e+02 5.9239697266e+02 5.9239398193e+02 5.9240197754e+02 5.9241400146e+02 5.9242102051e+02 5.9242797852e+02 5.9243298340e+02 5.9243499756e+02 5.9242797852e+02 5.9242297363e+02 5.9241998291e+02 5.9241699219e+02 5.9241601563e+02 5.9241302490e+02 5.9240899658e+02 5.9240399170e+02 5.9239300537e+02 5.9239599609e+02 5.9238598633e+02 5.9237500000e+02 5.9238000488e+02 5.9239099121e+02 5.9240301514e+02 5.9240997314e+02 5.9242401123e+02 5.9247198486e+02 5.9245800781e+02 5.9247900391e+02 5.9269897461e+02 5.9288201904e+02 5.9294000244e+02 5.9296002197e+02 5.9297698975e+02 5.9300598145e+02 5.9305102539e+02 5.9309600830e+02 5.9314898682e+02 5.9327301025e+02 5.9345098877e+02 5.9366998291e+02 5.9386297607e+02 5.9395501709e+02
5.9238397217e+02 5.9240002441e+02 5.9241998291e+02 5.9242102051e+02 5.9238299561e+02 5.9236700439e+02 5.9237402344e+02 5.9238299561e+02 5.9238397217e+02 5.9239898682e+02 5.9240802002e+02 5.9240698242e+02 5.9240399170e+02 5.9240002441e+02 5.9239801025e+02 5.9239501953e+02 5.9239202881e+02 5.9238702393e+02 5.9238201904e+02 5.9237799072e+02 5.9237298584e+02 5.9237701416e+02 5.9235998535e+02 5.9234698486e+02 5.9234997559e+02 5.9235302734e+02 5.9235797119e+02 5.9236401367e+02 5.9237597656e+02 5.9241198730e+02 5.9245397949e+02 5.9251800537e+02 5.9265002441e+02 5.9277899170e+02 5.9283300781e+02 5.9286499023e+02 5.9288800049e+02 5.9292700195e+02 5.9297302246e+02 5.9302301025e+02 5.9309100342e+02 5.9324298096e+02 5.9344097900e+02 5.9366802979e+02 5.9386297607e+02 5.9396002197e+02
5.9233300781e+02 5.9235198975e+02 5.9237402344e+02 5.9238598633e+02 5.9236199951e+02 5.9234997559e+02 5.9235699463e+02 5.9236297607e+02 5.9235198975e+02 5.9236901855e+02 5.9237701416e+02 5.9237402344e+02 5.9237701416e+02 5.9237799072e+02 5.9237500000e+02 5.9237298584e+02 5.9236798096e+02 5.9235998535e+02 5.9235601807e+02 5.9235198975e+02 5.9235198975e+02 5.9235302734e+02 5.9233697510e+02 5.9232702637e+02 5.9232501221e+02 5.9232000732e+02 5.9232000732e+02 5.9232501221e+02 5.9233898926e+02 5.9236401367e+02 5.9242297363e+02 5.9250799561e+02 5.9260601807e+02 5.9268499756e+02 5.9272698975e+02 5.9277197266e+02 5.9281298828e+02 5.9285101318e+02 5.9288897705e+02 5.9294799805e+02 5.9304400635e+02 5.9323699951e+02 5.9345202637e+02 5.9367700195e+02 5.9387500000e+02 5.9395202637e+02
5.9228002930e+02 5.9227398682e+02 5.9228900146e+02 5.9231500244e+02 5.9231896973e+02 5.9232702637e+02 5.9234301758e+02 5.9235198975e+02 5.9234399414e+02 5.9234002686e+02 5.9234600830e+02 5.9234301758e+02 5.9233898926e+02 5.9235101318e+02 5.9235400391e+02 5.9235400391e+02 5.9234100342e+02 5.9232897949e+02 5.9232800293e+02 5.9232598877e+02 5.9232202148e+02 5.9231201172e+02 5.9230102539e+02 5.9229699707e+02 5.9228698730e+02 5.9228601074e+02 5.9228302002e+02 5.9228802490e+02 5.9230700684e+02 5.9234600830e+02 5.9239697266e+02 5.9246099854e+02 5.9253900146e+02 5.9259802246e+02 5.9263897705e+02 5.9268798828e+02 5.9273797607e+02 5.9277197266e+02 5.9280297852e+02 5.9287500000e+02 5.9301397705e+02 5.9324298096e+02 5.9347497559e+02 5.9371398926e+02 5.9390399170e+02 5.9394201660e+02
5.9226300049e+02 5.9224798584e+02 5.9224700928e+02 5.9226397705e+02 5.9227398682e+02 5.9228601074e+02 5.9230401611e+02 5.9231597900e+02 5.9231799316e+02 5.9233001709e+02 5.9234100342e+02 5.9233697510e+02 5.9232202148e+02 5.9230902100e+02 5.9230401611e+02 5.9230700684e+02 5.9230902100e+02 5.9230499268e+02 5.9230700684e+02 5.9230401611e+02 5.9229199219e+02 5.9228497314e+02 5.9227801514e+02 5.9227502441e+02 5.9227398682e+02 5.9226501465e+02 5.9225897217e+02 5.9225897217e+02 5.9227801514e+02 5.9232000732e+02 5.9236602783e+02 5.9241497803e+02 5.9247698975e+02 5.9253601074e+02 5.9257598877e+02 5.9261499023e+02 5.9265502930e+02 5.9269299316e+02 5.9271697998e+02 5.9281500244e+02 5.9303997803e+02 5.9328497314e+02 5.9351098633e+02 5.9374200439e+02 5.9390197754e+02 5.9392297363e+02
5.9218597412e+02 5.9219799805e+02 5.9221002197e+02 5.9222198486e+02 5.9222198486e+02 5.9222900391e+02 5.9223699951e+02 5.9224298096e+02 5.9225897217e+02 5.9228900146e+02 5.9231097412e+02 5.9231799316e+02 5.9230999756e+02 5.9229498291e+02 5.9227600098e+02 5.9226800537e+02 5.9227197266e+02 5.9228497314e+02 5.9228698730e+02 5.9227801514e+02 5.9226397705e+02 5.9226501465e+02 5.9226000977e+02 5.9225701904e+02 5.9225897217e+02 5.9225201416e+02 5.9224298096e+02 5.9223297119e+02 5.9224102783e+02 5.9227600098e+02 5.9232000732e+02 5.9236297607e+02 5.9241101074e+02 5.9246398926e+02 5.9250299072e+02 5.9253601074e+02 5.9256896973e+02 5.9260699463e+02 5.9264300537e+02 5.9278601074e+02 5.9307000732e+02 5.9332897949e+02 5.9356500244e+02 5.9377600098e+02 5.9388800049e+02 5.9390502930e+02
5.9204797363e+02 5.9208801270e+02 5.9212200928e+02 5.9214398193e+02 5.9214697266e+02 5.9215399170e+02 5.9215301514e+02 5.9215100098e+02 5.9216699219e+02 5.9220300293e+02 5.9223297119e+02 5.9225897217e+02 5.9228002930e+02 5.9228802490e+02 5.9226800537e+02 5.9224102783e+02 5.9222998047e+02 5.9225701904e+02 5.9225897217e+02 5.9224499512e+02 5.9223297119e+02 5.9223999023e+02 5.9223498535e+02 5.9223101807e+02 5.9223297119e+02 5.9222698975e+02 5.9221801758e+02 5.9220697021e+02 5.9220599365e+02 5.9223199463e+02 5.9227301025e+02 5.9231597900e+02 5.9235198975e+02 5.9239202881e+02 5.9242797852e+02 5.9246099854e+02 5.9248999023e+02 5.9252697754e+02 5.9261199951e+02 5.9281799316e+02 5.9312500000e+02 5.9338598633e+02 5.9362298584e+02 5.9380700684e+02 5.9387701416e+02 5.9388702393e+02
5.9195501709e+02 5.9196002197e+02 5.9198797607e+02 5.9201800537e+02 5.9202001953e+02 5.9205297852e+02 5.9207202148e+02 5.9208099365e+02 5.9208801270e+02 5.9209802246e+02 5.9211901855e+02 5.9215002441e+02 5.9218902588e+02 5.9224597168e+02 5.9224298096e+02 5.9221600342e+02 5.9222998047e+02 5.9220898438e+02 5.9220599365e+02 5.9221600342e+02 5.9221801758e+02 5.9221801758e+02 5.9221197510e+02 5.9220697021e+02 5.9220202637e+02 5.9219097900e+02 5.9218902588e+02 5.9218499756e+02 5.9218701172e+02 5.9219500732e+02 5.9222497559e+02 5.9226702881e+02 5.9229998779e+02 5.9232397461e+02 5.9235797119e+02 5.9239801025e+02 5.9242700195e+02 5.9247198486e+02 5.9263098145e+02 5.9289300537e+02 5.9316302490e+02 5.9343200684e+02 5.9366699219e+02 5.9382202148e+02 5.9386499023e+02 5.9386999512e+02
5.9192102051e+02 5.9189501953e+02 5.9189599609e+02 5.9191302490e+02 5.9191998291e+02 5.9195300293e+02 5.9200799561e+02 5.9205102539e+02 5.9204199219e+02 5.9204602051e+02 5.9203802490e+02 5.9203100586e+02 5.9206201172e+02 5.9210998535e+02 5.9213897705e+02 5.9215197754e+02 5.9215997314e+02 5.9214801025e+02 5.9212200928e+02 5.9215197754e+02 5.9219299316e+02 5.9219396973e+02 5.9218402100e+02 5.9217999268e+02 5.9216900635e+02 5.9216400146e+02 5.9216802979e+02 5.9215399170e+02 5.9213897705e+02 5.9215197754e+02 5.9218103027e+02 5.9221801758e+02 5.9225500488e+02 5.9226800537e+02 5.9229199219e+02 5.9233300781e+02 5.9236102295e+02 5.9242297363e+02 5.9263598633e+02 5.9293701172e+02 5.9321002197e+02 5.9350097656e+02 5.9373297119e+02 5.9383197021e+02 5.9384399414e+02 5.9385601807e+02
5.9189398193e+02 5.9186901855e+02 5.9185601807e+02 5.9185900879e+02 5.9185797119e+02 5.9186700439e+02 5.9190100098e+02 5.9193597412e+02 5.9195098877e+02 5.9198101807e+02 5.9197698975e+02 5.9196301270e+02 5.9196899414e+02 5.9197698975e+02 5.9200097656e+02 5.9203100586e+02 5.9206500244e+02 5.9208599854e+02 5.9206701660e+02 5.9210302734e+02 5.9215899658e+02 5.9216101074e+02 5.9215600586e+02 5.9215399170e+02 5.9213598633e+02 5.9212701416e+02 5.9213000488e+02 5.9210998535e+02 5.9209301758e+02 5.9211700439e+02 5.9214001465e+02 5.9216802979e+02 5.9220800781e+02 5.9222302246e+02 5.9223901367e+02 5.9226501465e+02 5.9227801514e+02 5.9238397217e+02 5.9264501953e+02 5.9297302246e+02 5.9325201416e+02 5.9355603027e+02 5.9376202393e+02 5.9382000732e+02 5.9382501221e+02 5.9384399414e+02
5.9184899902e+02 5.9183697510e+02 5.9182800293e+02 5.9182598877e+02 5.9181799316e+02 5.9180999756e+02 5.9181298828e+02 5.9182598877e+02 5.9184899902e+02 5.9189398193e+02 5.9190600586e+02 5.9190600586e+02 5.9191198730e+02 5.9189300537e+02 5.9189898682e+02 5.9192901611e+02 5.9196899414e+02 5.9199499512e+02 5.9199597168e+02 5.9204797363e+02 5.9211602783e+02 5.9211297607e+02 5.9212597656e+02 5.9214398193e+02 5.9212298584e+02 5.9209301758e+02 5.9209497070e+02 5.9208099365e+02 5.9206597900e+02 5.9207598877e+02 5.9208599854e+02 5.9210601807e+02 5.9214099121e+02 5.9216198730e+02 5.9218402100e+02 5.9219897461e+02 5.9220300293e+02 5.9236700439e+02 5.9265100098e+02 5.9297497559e+02 5.9325598145e+02 5.9355401611e+02 5.9374200439e+02 5.9379699707e+02 5.9381701660e+02 5.9383502197e+02
