TESTSERVER/13/13.asc
NCOLS 100
NROWS 100
XLLCORNER 8.1497500000e+03
YLLCORNER 2.8930025000e+05
CELLSIZE 5.0000000000e-01
NODATA_VALUE -9.9990000000e+03
[rows 80 to 99 of 100, columns 0 to 45 of 100]
5.9072998047e+02 5.9075000000e+02 5.9077398682e+02 5.9080297852e+02 5.9083502197e+02 5.9085198975e+02 5.9087298584e+02 5.9089801025e+02 5.9093701172e+02 5.9097399902e+02 5.9100402832e+02 5.9102398682e+02 5.9104400635e+02 5.9105902100e+02 5.9107800293e+02 5.9108502197e+02 5.9109802246e+02 5.9112597656e+02 5.9114398193e+02 5.9117999268e+02 5.9122802734e+02 5.9126800537e+02 5.9128497314e+02 5.9129302979e+02 5.9129199219e+02 5.9128601074e+02 5.9127502441e+02 5.9130401611e+02 5.9132501221e+02 5.9133898926e+02 5.9137097168e+02 5.9141802979e+02 5.9144897461e+02 5.9147698975e+02 5.9150701904e+02 5.9156701660e+02 5.9162799072e+02 5.9167901611e+02 5.9169799805e+02 5.9170898438e+02 5.9173602295e+02 5.9177301025e+02 5.9182098389e+02 5.9184197998e+02 5.9184301758e+02 5.9182702637e+02
5.9064898682e+02 5.9066601563e+02 5.9067297363e+02 5.9070697021e+02 5.9074798584e+02 5.9076098633e+02 5.9076898193e+02 5.9080401611e+02 5.9084197998e+02 5.9086901855e+02 5.9090698242e+02 5.9092602539e+02 5.9095397949e+02 5.9097399902e+02 5.9098199463e+02 5.9099200439e+02 5.9100500488e+02 5.9102697754e+02 5.9104901123e+02 5.9107501221e+02 5.9111102295e+02 5.9115301514e+02 5.9117700195e+02 5.9118298340e+02 5.9118499756e+02 5.9118798828e+02 5.9119201660e+02 5.9121899414e+02 5.9123999023e+02 5.9125402832e+02 5.9127502441e+02 5.9130700684e+02 5.9135699463e+02 5.9140997314e+02 5.9144598389e+02 5.9148101807e+02 5.9154498291e+02 5.9158599854e+02 5.9158001709e+02 5.9160198975e+02 5.9164697266e+02 5.9169598389e+02 5.9175402832e+02 5.9177899170e+02 5.9179199219e+02 5.9179699707e+02
5.9055999756e+02 5.9058398438e+02 5.9058099365e+02 5.9060998535e+02 5.9065301514e+02 5.9066998291e+02 5.9068103027e+02 5.9072100830e+02 5.9074798584e+02 5.9077099609e+02 5.9081402588e+02 5.9082800293e+02 5.9085101318e+02 5.9087200928e+02 5.9089001465e+02 5.9091101074e+02 5.9093200684e+02 5.9095202637e+02 5.9096398926e+02 5.9098297119e+02 5.9101800537e+02 5.9106201172e+02 5.9109002686e+02 5.9109698486e+02 5.9110400391e+02 5.9111901855e+02 5.9112799072e+02 5.9114202881e+02 5.9116400146e+02 5.9118798828e+02 5.9119799805e+02 5.9122198486e+02 5.9126800537e+02 5.9131799316e+02 5.9134399414e+02 5.9136700439e+02 5.9140802002e+02 5.9143798828e+02 5.9144702148e+02 5.9146502686e+02 5.9151300049e+02 5.9157397461e+02 5.9163702393e+02 5.9165802002e+02 5.9168103027e+02 5.9171697998e+02
5.9045599365e+02 5.9048699951e+02 5.9048797607e+02 5.9051397705e+02 5.9055499268e+02 5.9057702637e+02 5.9059197998e+02 5.9063000488e+02 5.9065502930e+02 5.9067602539e+02 5.9071002197e+02 5.9071197510e+02 5.9073699951e+02 5.9076898193e+02 5.9080401611e+02 5.9082598877e+02 5.9085400391e+02 5.9087597656e+02 5.9087597656e+02 5.9089697266e+02 5.9093902588e+02 5.9097601318e+02 5.9099298096e+02 5.9101599121e+02 5.9102697754e+02 5.9104498291e+02 5.9105102539e+02 5.9106597900e+02 5.9107299805e+02 5.9108697510e+02 5.9109899902e+02 5.9111901855e+02 5.9114898682e+02 5.9118499756e+02 5.9121197510e+02 5.9123901367e+02 5.9125701904e+02 5.9128198242e+02 5.9131402588e+02 5.9132501221e+02 5.9135400391e+02 5.9139801025e+02 5.9145098877e+02 5.9146997070e+02 5.9151300049e+02 5.9158001709e+02
5.9035699463e+02 5.9038299561e+02 5.9039300537e+02 5.9042199707e+02 5.9046197510e+02 5.9047900391e+02 5.9049102783e+02 5.9052697754e+02 5.9055798340e+02 5.9058898926e+02 5.9061199951e+02 5.9060900879e+02 5.9062799072e+02 5.9066400146e+02 5.9070501709e+02 5.9071398926e+02 5.9074798584e+02 5.9076898193e+02 5.9076599121e+02 5.9079498291e+02 5.9083197021e+02 5.9084997559e+02 5.9085198975e+02 5.9089300537e+02 5.9091802979e+02 5.9094097900e+02 5.9096801758e+02 5.9099499512e+02 5.9098400879e+02 5.9097698975e+02 5.9099798584e+02 5.9101202393e+02 5.9103198242e+02 5.9105902100e+02 5.9109600830e+02 5.9112097168e+02 5.9115100098e+02 5.9118103027e+02 5.9119500732e+02 5.9121002197e+02 5.9122100830e+02 5.9122998047e+02 5.9125000000e+02 5.9128900146e+02 5.9134899902e+02 5.9142797852e+02
5.9023901367e+02 5.9026397705e+02 5.9028100586e+02 5.9032202148e+02 5.9036401367e+02 5.9038201904e+02 5.9039202881e+02 5.9042700195e+02 5.9045800781e+02 5.9049200439e+02 5.9051898193e+02 5.9052197266e+02 5.9054602051e+02 5.9057397461e+02 5.9059399414e+02 5.9060797119e+02 5.9063897705e+02 5.9065301514e+02 5.9065802002e+02 5.9068902588e+02 5.9072497559e+02 5.9074298096e+02 5.9073400879e+02 5.9076599121e+02 5.9081201172e+02 5.9083197021e+02 5.9084497070e+02 5.9087200928e+02 5.9088598633e+02 5.9088702393e+02 5.9090197754e+02 5.9092401123e+02 5.9094702148e+02 5.9096502686e+02 5.9098699951e+02 5.9102099609e+02 5.9104498291e+02 5.9108398438e+02 5.9111499023e+02 5.9112902832e+02 5.9112597656e+02 5.9112298584e+02 5.9113201904e+02 5.9114398193e+02 5.9117999268e+02 5.9123602295e+02
5.9012799072e+02 5.9015802002e+02 5.9018499756e+02 5.9022198486e+02 5.9025500488e+02 5.9027398682e+02 5.9029498291e+02 5.9033300781e+02 5.9035601807e+02 5.9038299561e+02 5.9041302490e+02 5.9041998291e+02 5.9045397949e+02 5.9048699951e+02 5.9049798584e+02 5.9051800537e+02 5.9054797363e+02 5.9055798340e+02 5.9056500244e+02 5.9059197998e+02 5.9062298584e+02 5.9063299561e+02 5.9063397217e+02 5.9065698242e+02 5.9069799805e+02 5.9071801758e+02 5.9072900391e+02 5.9075402832e+02 5.9078399658e+02 5.9078900146e+02 5.9080401611e+02 5.9083502197e+02 5.9085900879e+02 5.9087799072e+02 5.9089398193e+02 5.9092700195e+02 5.9094702148e+02 5.9097198486e+02 5.9100201416e+02 5.9102502441e+02 5.9102099609e+02 5.9101397705e+02 5.9101397705e+02 5.9101098633e+02 5.9104101563e+02 5.9109100342e+02
5.9003497314e+02 5.9006402588e+02 5.9009100342e+02 5.9012701416e+02 5.9015899658e+02 5.9017901611e+02 5.9020001221e+02 5.9023602295e+02 5.9025402832e+02 5.9027502441e+02 5.9030401611e+02 5.9031298828e+02 5.9034802246e+02 5.9038397217e+02 5.9039599609e+02 5.9041699219e+02 5.9044897461e+02 5.9046697998e+02 5.9048602295e+02 5.9050201416e+02 5.9052600098e+02 5.9053601074e+02 5.9056201172e+02 5.9057202148e+02 5.9058502197e+02 5.9060302734e+02 5.9061999512e+02 5.9065301514e+02 5.9068597412e+02 5.9069299316e+02 5.9070501709e+02 5.9073999023e+02 5.9076599121e+02 5.9078698730e+02 5.9079602051e+02 5.9082299805e+02 5.9084497070e+02 5.9085198975e+02 5.9087097168e+02 5.9090899658e+02 5.9091497803e+02 5.9091198730e+02 5.9090997314e+02 5.9090301514e+02 5.9093200684e+02 5.9097399902e+02
5.8993298340e+02 5.8995898438e+02 5.8998498535e+02 5.9001702881e+02 5.9004998779e+02 5.9007202148e+02 5.9010797119e+02 5.9013397217e+02 5.9015997314e+02 5.9018701172e+02 5.9020501709e+02 5.9021398926e+02 5.9024200439e+02 5.9027301025e+02 5.9028802490e+02 5.9030999756e+02 5.9033300781e+02 5.9036102295e+02 5.9039801025e+02 5.9041198730e+02 5.9043701172e+02 5.9045300293e+02 5.9046197510e+02 5.9048602295e+02 5.9049597168e+02 5.9050701904e+02 5.9051397705e+02 5.9055700684e+02 5.9058197021e+02 5.9059600830e+02 5.9062402344e+02 5.9065802002e+02 5.9067901611e+02 5.9069396973e+02 5.9069799805e+02 5.9070397949e+02 5.9073498535e+02 5.9074597168e+02 5.9074200439e+02 5.9078002930e+02 5.9080499268e+02 5.9081597900e+02 5.9082800293e+02 5.9083502197e+02 5.9085302734e+02 5.9086297607e+02
5.8983001709e+02 5.8985998535e+02 5.8987902832e+02 5.8990997314e+02 5.8993701172e+02 5.8995397949e+02 5.8999597168e+02 5.9002502441e+02 5.9004498291e+02 5.9007098389e+02 5.9009600830e+02 5.9012298584e+02 5.9014599609e+02 5.9017901611e+02 5.9020397949e+02 5.9021801758e+02 5.9022802734e+02 5.9025201416e+02 5.9028497314e+02 5.9030999756e+02 5.9034002686e+02 5.9036297607e+02 5.9036700439e+02 5.9037799072e+02 5.9039300537e+02 5.9039801025e+02 5.9040002441e+02 5.9043798828e+02 5.9047100830e+02 5.9050402832e+02 5.9053100586e+02 5.9056201172e+02 5.9058099365e+02 5.9059698486e+02 5.9060998535e+02 5.9059399414e+02 5.9061297607e+02 5.9064801025e+02 5.9065997314e+02 5.9068499756e+02 5.9070599365e+02 5.9070697021e+02 5.9071301270e+02 5.9073400879e+02 5.9074401855e+02 5.9074798584e+02
5.8972399902e+02 5.8975299072e+02 5.8977502441e+02 5.8981597900e+02 5.8984899902e+02 5.8986297607e+02 5.8988897705e+02 5.8991601563e+02 5.8994000244e+02 5.8996997070e+02 5.8999798584e+02 5.9003100586e+02 5.9005200195e+02 5.9007897949e+02 5.9010302734e+02 5.9011401367e+02 5.9013201904e+02 5.9015899658e+02 5.9018298340e+02 5.9021801758e+02 5.9025201416e+02 5.9027801514e+02 5.9028601074e+02 5.9029400635e+02 5.9030499268e+02 5.9031201172e+02 5.9030798340e+02 5.9032202148e+02 5.9035400391e+02 5.9039202881e+02 5.9041998291e+02 5.9045697021e+02 5.9047802734e+02 5.9048498535e+02 5.9049200439e+02 5.9049597168e+02 5.9051000977e+02 5.9053802490e+02 5.9055603027e+02 5.9056298828e+02 5.9057098389e+02 5.9059100342e+02 5.9061999512e+02 5.9064599609e+02 5.9065002441e+02 5.9065997314e+02
5.8959997559e+02 5.8962902832e+02 5.8966198730e+02 5.8971600342e+02 5.8975598145e+02 5.8977197266e+02 5.8978698730e+02 5.8980297852e+02 5.8983300781e+02 5.8986999512e+02 5.8990502930e+02 5.8993798828e+02 5.8996301270e+02 5.8998901367e+02 5.8999700928e+02 5.9000897217e+02 5.9003698730e+02 5.9006701660e+02 5.9007800293e+02 5.9011999512e+02 5.9015802002e+02 5.9018597412e+02 5.9019897461e+02 5.9020898438e+02 5.9021502686e+02 5.9022900391e+02 5.9023602295e+02 5.9024401855e+02 5.9026000977e+02 5.9028900146e+02 5.9031201172e+02 5.9033801270e+02 5.9034899902e+02 5.9034497070e+02 5.9035601807e+02 5.9037701416e+02 5.9040301514e+02 5.9043103027e+02 5.9044897461e+02 5.9046899414e+02 5.9046801758e+02 5.9048797607e+02 5.9052001953e+02 5.9054400635e+02 5.9055499268e+02 5.9058001709e+02
5.8947802734e+02 5.8951098633e+02 5.8954901123e+02 5.8960101318e+02 5.8962902832e+02 5.8964501953e+02 5.8967199707e+02 5.8969299316e+02 5.8971899414e+02 5.8975201416e+02 5.8979199219e+02 5.8981597900e+02 5.8984899902e+02 5.8988897705e+02 5.8991699219e+02 5.8993597412e+02 5.8995098877e+02 5.8996600342e+02 5.8997302246e+02 5.9001098633e+02 5.9005499268e+02 5.9008697510e+02 5.9009899902e+02 5.9010198975e+02 5.9011401367e+02 5.9013397217e+02 5.9013800049e+02 5.9015698242e+02 5.9017602539e+02 5.9020001221e+02 5.9020001221e+02 5.9020898438e+02 5.9020501709e+02 5.9019500732e+02 5.9020001221e+02 5.9023498535e+02 5.9027301025e+02 5.9031298828e+02 5.9034100342e+02 5.9038201904e+02 5.9039398193e+02 5.9039898682e+02 5.9040197754e+02 5.9041802979e+02 5.9043902588e+02 5.9045599365e+02
5.8937097168e+02 5.8940899658e+02 5.8944799805e+02 5.8949902344e+02 5.8952197266e+02 5.8954400635e+02 5.8957501221e+02 5.8960601807e+02 5.8963000488e+02 5.8965698242e+02 5.8969702148e+02 5.8971301270e+02 5.8974798584e+02 5.8978302002e+02 5.8979998779e+02 5.8983898926e+02 5.8985498047e+02 5.8986499023e+02 5.8988299561e+02 5.8991601563e+02 5.8994396973e+02 5.8998297119e+02 5.9001098633e+02 5.9001702881e+02 5.9002899170e+02 5.9004797363e+02 5.9004699707e+02 5.9005999756e+02 5.9008398438e+02 5.9010498047e+02 5.9010302734e+02 5.9010900879e+02 5.9010198975e+02 5.9009399414e+02 5.9010498047e+02 5.9013500977e+02 5.9016998291e+02 5.9019799805e+02 5.9024102783e+02 5.9028497314e+02 5.9030603027e+02 5.9031701660e+02 5.9031500244e+02 5.9032098389e+02 5.9034698486e+02 5.9036102295e+02
5.8923901367e+02 5.8927801514e+02 5.8932299805e+02 5.8937902832e+02 5.8941302490e+02 5.8944000244e+02 5.8947399902e+02 5.8951599121e+02 5.8954302979e+02 5.8956799316e+02 5.8959802246e+02 5.8960998535e+02 5.8964398193e+02 5.8968103027e+02 5.8969396973e+02 5.8972302246e+02 5.8974401855e+02 5.8976300049e+02 5.8978802490e+02 5.8981799316e+02 5.8984002686e+02 5.8987200928e+02 5.8990899658e+02 5.8992498779e+02 5.8993200684e+02 5.8994500732e+02 5.8994000244e+02 5.8994897461e+02 5.8997100830e+02 5.8998797607e+02 5.8998602295e+02 5.8999298096e+02 5.8999401855e+02 5.9000000000e+02 5.9002001953e+02 5.9003900146e+02 5.9007202148e+02 5.9010797119e+02 5.9014697266e+02 5.9018701172e+02 5.9021600342e+02 5.9023602295e+02 5.9025000000e+02 5.9027301025e+02 5.9028802490e+02 5.9029400635e+02
5.8910400391e+02 5.8914001465e+02 5.8918701172e+02 5.8924597168e+02 5.8928802490e+02 5.8932098389e+02 5.8936401367e+02 5.8940502930e+02 5.8944201660e+02 5.8947698975e+02 5.8950000000e+02 5.8951501465e+02 5.8955200195e+02 5.8959100342e+02 5.8960302734e+02 5.8961499023e+02 5.8964099121e+02 5.8966998291e+02 5.8969097900e+02 5.8971801758e+02 5.8973901367e+02 5.8976300049e+02 5.8979699707e+02 5.8981298828e+02 5.8982202148e+02 5.8983502197e+02 5.8983898926e+02 5.8984301758e+02 5.8985601807e+02 5.8986700439e+02 5.8986602783e+02 5.8987799072e+02 5.8988397217e+02 5.8990399170e+02 5.8993298340e+02 5.8995599365e+02 5.8997802734e+02 5.9001300049e+02 5.9005401611e+02 5.9009600830e+02 5.9013598633e+02 5.9016497803e+02 5.9018597412e+02 5.9021099854e+02 5.9020898438e+02 5.9020898438e+02
5.8898901367e+02 5.8903002930e+02 5.8907202148e+02 5.8912200928e+02 5.8916198730e+02 5.8920001221e+02 5.8925000000e+02 5.8928399658e+02 5.8932598877e+02 5.8937701416e+02 5.8939398193e+02 5.8941497803e+02 5.8946197510e+02 5.8949902344e+02 5.8949298096e+02 5.8950000000e+02 5.8953698730e+02 5.8957800293e+02 5.8960900879e+02 5.8963598633e+02 5.8965899658e+02 5.8967999268e+02 5.8970300293e+02 5.8971697998e+02 5.8972900391e+02 5.8973199463e+02 5.8973901367e+02 5.8976397705e+02 5.8976702881e+02 5.8976501465e+02 5.8977099609e+02 5.8979699707e+02 5.8980297852e+02 5.8982299805e+02 5.8986700439e+02 5.8989202881e+02 5.8990197754e+02 5.8992199707e+02 5.8995800781e+02 5.8999401855e+02 5.9003399658e+02 5.9007202148e+02 5.9013201904e+02 5.9011401367e+02 5.9012799072e+02 5.9016497803e+02
5.8886102295e+02 5.8889398193e+02 5.8893298340e+02 5.8898901367e+02 5.8903198242e+02 5.8907098389e+02 5.8912402344e+02 5.8915802002e+02 5.8920300293e+02 5.8926898193e+02 5.8929998779e+02 5.8931097412e+02 5.8935101318e+02 5.8939599609e+02 5.8940698242e+02 5.8941699219e+02 5.8944897461e+02 5.8948699951e+02 5.8951397705e+02 5.8952899170e+02 5.8954797363e+02 5.8957501221e+02 5.8961102295e+02 5.8963299561e+02 5.8964801025e+02 5.8964599609e+02 5.8964898682e+02 5.8966601563e+02 5.8966900635e+02 5.8966802979e+02 5.8968298340e+02 5.8969897461e+02 5.8970898438e+02 5.8972698975e+02 5.8977099609e+02 5.8980401611e+02 5.8982098389e+02 5.8984899902e+02 5.8985601807e+02 5.8989202881e+02 5.8992700195e+02 5.8994598389e+02 5.8996099854e+02 5.8998901367e+02 5.9010900879e+02 5.9018798828e+02
5.8875402832e+02 5.8878497314e+02 5.8881701660e+02 5.8886602783e+02 5.8890997314e+02 5.8895202637e+02 5.8901397705e+02 5.8905700684e+02 5.8910198975e+02 5.8915997314e+02 5.8920697021e+02 5.8922698975e+02 5.8925402832e+02 5.8928601074e+02 5.8930603027e+02 5.8932098389e+02 5.8934197998e+02 5.8937402344e+02 5.8940899658e+02 5.8942797852e+02 5.8945202637e+02 5.8948400879e+02 5.8950097656e+02 5.8952197266e+02 5.8955200195e+02 5.8955798340e+02 5.8956500244e+02 5.8957000732e+02 5.8957598877e+02 5.8958300781e+02 5.8959100342e+02 5.8960302734e+02 5.8961999512e+02 5.8964202881e+02 5.8969702148e+02 5.8973797607e+02 5.8973400879e+02 5.8974700928e+02 5.8975299072e+02 5.8979302979e+02 5.8982299805e+02 5.8985198975e+02 5.8989501953e+02 5.9004101563e+02 5.9020501709e+02 5.9020697021e+02
5.8865698242e+02 5.8868798828e+02 5.8871997070e+02 5.8876202393e+02 5.8880297852e+02 5.8884802246e+02 5.8890399170e+02 5.8894702148e+02 5.8899401855e+02 5.8903399658e+02 5.8908801270e+02 5.8912402344e+02 5.8914801025e+02 5.8917297363e+02 5.8920202637e+02 5.8923297119e+02 5.8925598145e+02 5.8928100586e+02 5.8930798340e+02 5.8932598877e+02 5.8936102295e+02 5.8940197754e+02 5.8940197754e+02 5.8941802979e+02 5.8946197510e+02 5.8947497559e+02 5.8948400879e+02 5.8948699951e+02 5.8949102783e+02 5.8950097656e+02 5.8951000977e+02 5.8952899170e+02 5.8955200195e+02 5.8957598877e+02 5.8963201904e+02 5.8965802002e+02 5.8963397217e+02 5.8962902832e+02 5.8965399170e+02 5.8970397949e+02 5.8976000977e+02 5.8984802246e+02 5.8997100830e+02 5.9012701416e+02 5.9020098877e+02 5.9012500000e+02
