TESTSERVER/13/14.asc
NCOLS 100
NROWS 100
XLLCORNER 8.1497500000e+03
YLLCORNER 2.8925025000e+05
CELLSIZE 5.0000000000e-01
NODATA_VALUE -9.9990000000e+03
[rows 0 to 19 of 100, columns 46 to 91 of 100]
5.8985498047e+02 5.8992199707e+02 5.9007202148e+02 5.9015197754e+02 5.9005902100e+02 5.8990600586e+02 5.8989697266e+02 5.8996197510e+02 5.9000201416e+02 5.9007299805e+02 5.9016601563e+02 5.9025500488e+02 5.9033697510e+02 5.9044097900e+02 5.9052899170e+02 5.9060400391e+02 5.9069097900e+02 5.9078497314e+02 5.9086901855e+02 5.9093798828e+02 5.9099200439e+02 5.9101098633e+02 5.9103900146e+02 5.9105902100e+02 5.9107000732e+02 5.9108001709e+02 5.9109802246e+02 5.9110601807e+02 5.9110498047e+02 5.9111199951e+02 5.9111798096e+02 5.9112902832e+02 5.9116900635e+02 5.9119598389e+02 5.9119500732e+02 5.9119396973e+02 5.9120898438e+02 5.9121801758e+02 5.9122497559e+02 5.9124401855e+02 5.9125500488e+02 5.9124200439e+02 5.9124298096e+02 5.9126599121e+02 5.9129400635e+02 5.9132202148e+02
5.8985101318e+02 5.9003997803e+02 5.9021197510e+02 5.9022497559e+02 5.9005603027e+02 5.8987097168e+02 5.8986901855e+02 5.8991699219e+02 5.8993902588e+02 5.9002697754e+02 5.9010900879e+02 5.9018402100e+02 5.9027001953e+02 5.9035998535e+02 5.9043499756e+02 5.9050097656e+02 5.9059100342e+02 5.9068200684e+02 5.9076702881e+02 5.9085101318e+02 5.9091601563e+02 5.9095300293e+02 5.9099401855e+02 5.9101898193e+02 5.9103100586e+02 5.9103601074e+02 5.9104699707e+02 5.9106298828e+02 5.9107800293e+02 5.9108502197e+02 5.9109600830e+02 5.9110797119e+02 5.9113098145e+02 5.9116101074e+02 5.9117102051e+02 5.9116802979e+02 5.9118103027e+02 5.9118499756e+02 5.9119097900e+02 5.9120697021e+02 5.9121398926e+02 5.9121002197e+02 5.9121398926e+02 5.9122802734e+02 5.9125598145e+02 5.9128497314e+02
5.9004998779e+02 5.9017901611e+02 5.9018701172e+02 5.9004998779e+02 5.8988500977e+02 5.8977801514e+02 5.8979498291e+02 5.8984802246e+02 5.8989398193e+02 5.8998699951e+02 5.9005902100e+02 5.9012200928e+02 5.9019897461e+02 5.9027001953e+02 5.9033197021e+02 5.9039202881e+02 5.9048199463e+02 5.9056097412e+02 5.9064398193e+02 5.9074902344e+02 5.9083697510e+02 5.9089099121e+02 5.9095098877e+02 5.9099102783e+02 5.9100799561e+02 5.9100201416e+02 5.9100799561e+02 5.9102502441e+02 5.9104998779e+02 5.9106201172e+02 5.9107299805e+02 5.9108599854e+02 5.9109997559e+02 5.9112097168e+02 5.9113702393e+02 5.9114398193e+02 5.9115997314e+02 5.9116497803e+02 5.9116400146e+02 5.9117102051e+02 5.9117999268e+02 5.9118798828e+02 5.9119799805e+02 5.9120800781e+02 5.9122802734e+02 5.9125299072e+02
5.9020202637e+02 5.9015899658e+02 5.8997900391e+02 5.8977099609e+02 5.8968298340e+02 5.8966601563e+02 5.8971398926e+02 5.8978497314e+02 5.8984997559e+02 5.8992797852e+02 5.8999298096e+02 5.9005200195e+02 5.9011700439e+02 5.9017602539e+02 5.9023901367e+02 5.9029498291e+02 5.9036602783e+02 5.9041198730e+02 5.9048797607e+02 5.9061602783e+02 5.9074298096e+02 5.9081402588e+02 5.9089001465e+02 5.9094799805e+02 5.9098101807e+02 5.9097198486e+02 5.9098101807e+02 5.9099700928e+02 5.9101599121e+02 5.9103198242e+02 5.9104498291e+02 5.9105999756e+02 5.9107202148e+02 5.9108599854e+02 5.9110797119e+02 5.9111700439e+02 5.9113098145e+02 5.9114099121e+02 5.9113897705e+02 5.9114202881e+02 5.9115399170e+02 5.9116699219e+02 5.9117999268e+02 5.9118798828e+02 5.9120001221e+02 5.9122399902e+02
5.9004797363e+02 5.8984997559e+02 5.8964001465e+02 5.8954199219e+02 5.8954797363e+02 5.8959197998e+02 5.8965399170e+02 5.8972802734e+02 5.8978997803e+02 5.8984497070e+02 5.8990698242e+02 5.8997100830e+02 5.9003399658e+02 5.9008599854e+02 5.9014300537e+02 5.9019097900e+02 5.9023699951e+02 5.9027502441e+02 5.9036297607e+02 5.9050402832e+02 5.9067102051e+02 5.9072802734e+02 5.9079901123e+02 5.9086499023e+02 5.9092102051e+02 5.9094201660e+02 5.9095800781e+02 5.9097900391e+02 5.9099700928e+02 5.9101098633e+02 5.9102697754e+02 5.9104101563e+02 5.9104400635e+02 5.9104998779e+02 5.9107098389e+02 5.9108502197e+02 5.9109301758e+02 5.9110302734e+02 5.9110601807e+02 5.9111297607e+02 5.9112200928e+02 5.9113598633e+02 5.9114599609e+02 5.9115301514e+02 5.9115899658e+02 5.9118103027e+02
5.8972698975e+02 5.8953497314e+02 5.8941699219e+02 5.8943402100e+02 5.8949298096e+02 5.8954797363e+02 5.8960699463e+02 5.8967102051e+02 5.8972802734e+02 5.8978100586e+02 5.8983599854e+02 5.8989001465e+02 5.8994097900e+02 5.8998400879e+02 5.9002398682e+02 5.9006597900e+02 5.9011499023e+02 5.9020898438e+02 5.9033599854e+02 5.9046697998e+02 5.9057897949e+02 5.9063397217e+02 5.9070300293e+02 5.9077099609e+02 5.9085498047e+02 5.9091497803e+02 5.9093298340e+02 5.9094500732e+02 5.9097698975e+02 5.9098901367e+02 5.9100299072e+02 5.9101098633e+02 5.9101000977e+02 5.9100897217e+02 5.9103601074e+02 5.9107000732e+02 5.9108599854e+02 5.9108398438e+02 5.9107702637e+02 5.9107897949e+02 5.9108599854e+02 5.9109698486e+02 5.9110699463e+02 5.9111401367e+02 5.9112298584e+02 5.9113598633e+02
5.8936602783e+02 5.8930603027e+02 5.8932598877e+02 5.8940502930e+02 5.8945599365e+02 5.8950201416e+02 5.8955603027e+02 5.8961401367e+02 5.8966497803e+02 5.8971099854e+02 5.8974902344e+02 5.8977899170e+02 5.8982098389e+02 5.8986700439e+02 5.8990197754e+02 5.8994598389e+02 5.9001098633e+02 5.9014001465e+02 5.9028601074e+02 5.9040600586e+02 5.9049401855e+02 5.9055999756e+02 5.9061700439e+02 5.9067498779e+02 5.9078399658e+02 5.9087298584e+02 5.9091601563e+02 5.9092797852e+02 5.9094897461e+02 5.9095001221e+02 5.9095898438e+02 5.9097100830e+02 5.9099200439e+02 5.9100201416e+02 5.9102502441e+02 5.9105200195e+02 5.9106896973e+02 5.9106298828e+02 5.9105102539e+02 5.9105401611e+02 5.9107598877e+02 5.9109399414e+02 5.9110198975e+02 5.9110302734e+02 5.9110198975e+02 5.9110400391e+02
5.8918200684e+02 5.8923101807e+02 5.8930200195e+02 5.8937097168e+02 5.8940399170e+02 5.8945202637e+02 5.8949298096e+02 5.8954302979e+02 5.8959197998e+02 5.8962500000e+02 5.8964501953e+02 5.8966101074e+02 5.8970501709e+02 5.8975799561e+02 5.8980700684e+02 5.8987097168e+02 5.8994299316e+02 5.9006597900e+02 5.9020898438e+02 5.9033001709e+02 5.9042602539e+02 5.9048699951e+02 5.9053601074e+02 5.9059899902e+02 5.9072399902e+02 5.9080798340e+02 5.9087597656e+02 5.9090899658e+02 5.9091400146e+02 5.9091198730e+02 5.9093798828e+02 5.9096697998e+02 5.9098901367e+02 5.9099902344e+02 5.9100897217e+02 5.9102001953e+02 5.9103399658e+02 5.9103497314e+02 5.9103601074e+02 5.9105798340e+02 5.9110699463e+02 5.9112701416e+02 5.9112701416e+02 5.9111602783e+02 5.9109497070e+02 5.9108197021e+02
5.8918402100e+02 5.8923297119e+02 5.8928302002e+02 5.8932397461e+02 5.8934997559e+02 5.8940197754e+02 5.8943499756e+02 5.8946600342e+02 5.8950701904e+02 5.8952600098e+02 5.8954400635e+02 5.8957897949e+02 5.8964599609e+02 5.8967700195e+02 5.8972698975e+02 5.8980603027e+02 5.8988800049e+02 5.8999401855e+02 5.9013500977e+02 5.9026898193e+02 5.9036199951e+02 5.9040997314e+02 5.9047198486e+02 5.9055297852e+02 5.9066400146e+02 5.9072302246e+02 5.9080499268e+02 5.9086999512e+02 5.9088800049e+02 5.9090698242e+02 5.9094201660e+02 5.9096502686e+02 5.9097302246e+02 5.9098498535e+02 5.9099200439e+02 5.9099597168e+02 5.9099700928e+02 5.9100799561e+02 5.9104602051e+02 5.9110998535e+02 5.9117602539e+02 5.9117901611e+02 5.9116900635e+02 5.9114501953e+02 5.9111999512e+02 5.9108099365e+02
5.8915399170e+02 5.8919500732e+02 5.8924102783e+02 5.8928002930e+02 5.8930798340e+02 5.8934197998e+02 5.8936297607e+02 5.8938201904e+02 5.8941198730e+02 5.8944000244e+02 5.8946697998e+02 5.8950799561e+02 5.8956597900e+02 5.8958898926e+02 5.8963397217e+02 5.8972399902e+02 5.8982000732e+02 5.8992102051e+02 5.9005200195e+02 5.9017199707e+02 5.9025402832e+02 5.9034497070e+02 5.9044396973e+02 5.9052899170e+02 5.9059497070e+02 5.9066101074e+02 5.9076397705e+02 5.9083898926e+02 5.9087097168e+02 5.9089501953e+02 5.9092498779e+02 5.9094500732e+02 5.9095300293e+02 5.9096099854e+02 5.9097302246e+02 5.9098101807e+02 5.9097698975e+02 5.9097601318e+02 5.9101501465e+02 5.9108502197e+02 5.9115100098e+02 5.9116400146e+02 5.9116601563e+02 5.9115002441e+02 5.9111401367e+02 5.9108599854e+02
5.8911199951e+02 5.8914599609e+02 5.8918298340e+02 5.8922198486e+02 5.8925201416e+02 5.8927099609e+02 5.8929699707e+02 5.8933099365e+02 5.8935601807e+02 5.8938598633e+02 5.8941601563e+02 5.8943798828e+02 5.8946301270e+02 5.8948999023e+02 5.8954302979e+02 5.8963598633e+02 5.8973498535e+02 5.8982897949e+02 5.8995098877e+02 5.9008398438e+02 5.9020098877e+02 5.9031201172e+02 5.9040002441e+02 5.9046600342e+02 5.9052099609e+02 5.9059600830e+02 5.9070898438e+02 5.9079400635e+02 5.9084002686e+02 5.9085900879e+02 5.9089501953e+02 5.9093103027e+02 5.9093798828e+02 5.9094097900e+02 5.9095599365e+02 5.9096502686e+02 5.9095697021e+02 5.9095202637e+02 5.9098297119e+02 5.9104400635e+02 5.9110797119e+02 5.9113397217e+02 5.9114099121e+02 5.9113201904e+02 5.9109899902e+02 5.9107598877e+02
5.8906097412e+02 5.8909100342e+02 5.8911602783e+02 5.8914501953e+02 5.8917102051e+02 5.8919897461e+02 5.8924700928e+02 5.8929797363e+02 5.8932098389e+02 5.8934802246e+02 5.8937402344e+02 5.8937597656e+02 5.8937298584e+02 5.8940502930e+02 5.8946002197e+02 5.8953997803e+02 5.8963397217e+02 5.8973400879e+02 5.8986297607e+02 5.9001702881e+02 5.9015802002e+02 5.9022998047e+02 5.9030102539e+02 5.9038598633e+02 5.9047698975e+02 5.9056298828e+02 5.9067297363e+02 5.9075897217e+02 5.9081799316e+02 5.9084197998e+02 5.9087298584e+02 5.9090997314e+02 5.9092102051e+02 5.9092602539e+02 5.9094097900e+02 5.9094897461e+02 5.9094299316e+02 5.9093499756e+02 5.9095501709e+02 5.9100201416e+02 5.9105798340e+02 5.9109100342e+02 5.9110498047e+02 5.9110198975e+02 5.9107702637e+02 5.9106201172e+02
5.8901501465e+02 5.8902301025e+02 5.8903198242e+02 5.8906500244e+02 5.8911901855e+02 5.8916802979e+02 5.8921398926e+02 5.8924902344e+02 5.8927099609e+02 5.8927697754e+02 5.8928601074e+02 5.8928997803e+02 5.8930499268e+02 5.8933502197e+02 5.8937701416e+02 5.8944000244e+02 5.8953399658e+02 5.8966400146e+02 5.8979400635e+02 5.8992901611e+02 5.9004101563e+02 5.9014001465e+02 5.9024798584e+02 5.9037200928e+02 5.9048999023e+02 5.9057202148e+02 5.9067297363e+02 5.9074902344e+02 5.9079901123e+02 5.9083801270e+02 5.9086700439e+02 5.9089099121e+02 5.9090301514e+02 5.9091198730e+02 5.9092297363e+02 5.9093298340e+02 5.9094500732e+02 5.9092797852e+02 5.9093701172e+02 5.9096197510e+02 5.9099597168e+02 5.9103497314e+02 5.9104901123e+02 5.9105297852e+02 5.9104199219e+02 5.9104498291e+02
5.8892102051e+02 5.8894396973e+02 5.8899798584e+02 5.8907800293e+02 5.8915301514e+02 5.8917602539e+02 5.8917199707e+02 5.8917102051e+02 5.8918298340e+02 5.8918798828e+02 5.8919097900e+02 5.8920098877e+02 5.8922100830e+02 5.8925402832e+02 5.8931201172e+02 5.8939099121e+02 5.8949798584e+02 5.8960900879e+02 5.8971002197e+02 5.8983502197e+02 5.9000201416e+02 5.9014001465e+02 5.9025402832e+02 5.9035400391e+02 5.9047100830e+02 5.9055798340e+02 5.9065997314e+02 5.9075097656e+02 5.9080401611e+02 5.9083197021e+02 5.9086102295e+02 5.9088201904e+02 5.9089001465e+02 5.9089898682e+02 5.9091101074e+02 5.9092102051e+02 5.9092102051e+02 5.9091900635e+02 5.9092797852e+02 5.9094598389e+02 5.9097399902e+02 5.9099102783e+02 5.9100201416e+02 5.9101098633e+02 5.9102001953e+02 5.9102600098e+02
5.8887200928e+02 5.8894799805e+02 5.8902801514e+02 5.8910998535e+02 5.8916802979e+02 5.8915100098e+02 5.8910302734e+02 5.8907202148e+02 5.8908599854e+02 5.8910498047e+02 5.8911297607e+02 5.8912500000e+02 5.8915197754e+02 5.8919799805e+02 5.8926800537e+02 5.8934997559e+02 5.8945001221e+02 5.8953997803e+02 5.8963897705e+02 5.8978002930e+02 5.8996099854e+02 5.9011602783e+02 5.9023498535e+02 5.9032702637e+02 5.9045501709e+02 5.9056201172e+02 5.9065899658e+02 5.9074200439e+02 5.9079498291e+02 5.9082598877e+02 5.9084899902e+02 5.9086297607e+02 5.9087500000e+02 5.9088702393e+02 5.9089801025e+02 5.9090301514e+02 5.9090002441e+02 5.9090600586e+02 5.9091699219e+02 5.9093597412e+02 5.9095800781e+02 5.9096801758e+02 5.9097998047e+02 5.9098999023e+02 5.9100201416e+02 5.9100897217e+02
5.8887200928e+02 5.8895599365e+02 5.8901000977e+02 5.8905798340e+02 5.8910797119e+02 5.8909100342e+02 5.8903698730e+02 5.8900598145e+02 5.8901702881e+02 5.8904400635e+02 5.8905999756e+02 5.8907702637e+02 5.8911102295e+02 5.8916101074e+02 5.8921899414e+02 5.8928698730e+02 5.8938201904e+02 5.8948999023e+02 5.8961798096e+02 5.8976000977e+02 5.8990502930e+02 5.9008197021e+02 5.9021600342e+02 5.9030297852e+02 5.9043103027e+02 5.9055700684e+02 5.9065301514e+02 5.9071997070e+02 5.9076898193e+02 5.9080700684e+02 5.9082800293e+02 5.9083300781e+02 5.9084899902e+02 5.9086297607e+02 5.9087298584e+02 5.9087799072e+02 5.9088500977e+02 5.9089801025e+02 5.9091101074e+02 5.9092999268e+02 5.9094598389e+02 5.9095300293e+02 5.9096398926e+02 5.9097497559e+02 5.9098602295e+02 5.9099499512e+02
5.8886700439e+02 5.8888397217e+02 5.8888500977e+02 5.8890002441e+02 5.8895202637e+02 5.8898699951e+02 5.8897198486e+02 5.8896600342e+02 5.8897198486e+02 5.8899700928e+02 5.8902801514e+02 5.8905798340e+02 5.8909600830e+02 5.8913299561e+02 5.8917602539e+02 5.8922802734e+02 5.8929901123e+02 5.8946899414e+02 5.8961401367e+02 5.8971997070e+02 5.8984698486e+02 5.9006500244e+02 5.9021697998e+02 5.9030798340e+02 5.9043402100e+02 5.9054797363e+02 5.9063598633e+02 5.9069201660e+02 5.9072998047e+02 5.9077001953e+02 5.9080200195e+02 5.9082202148e+02 5.9084399414e+02 5.9084497070e+02 5.9086102295e+02 5.9087298584e+02 5.9087799072e+02 5.9090100098e+02 5.9091802979e+02 5.9093103027e+02 5.9094201660e+02 5.9094299316e+02 5.9095098877e+02 5.9096002197e+02 5.9096997070e+02 5.9098400879e+02
5.8881201172e+02 5.8878100586e+02 5.8878399658e+02 5.8880902100e+02 5.8884600830e+02 5.8888897705e+02 5.8890802002e+02 5.8892602539e+02 5.8894598389e+02 5.8897302246e+02 5.8900500488e+02 5.8903002930e+02 5.8906500244e+02 5.8910601807e+02 5.8915301514e+02 5.8921002197e+02 5.8929699707e+02 5.8946197510e+02 5.8956597900e+02 5.8964001465e+02 5.8978698730e+02 5.8998901367e+02 5.9015698242e+02 5.9028698730e+02 5.9045397949e+02 5.9057299805e+02 5.9064697266e+02 5.9069799805e+02 5.9074102783e+02 5.9077801514e+02 5.9080999756e+02 5.9084002686e+02 5.9086401367e+02 5.9086602783e+02 5.9086999512e+02 5.9086901855e+02 5.9086602783e+02 5.9089599609e+02 5.9091400146e+02 5.9092102051e+02 5.9092498779e+02 5.9092901611e+02 5.9093499756e+02 5.9094500732e+02 5.9095800781e+02 5.9097302246e+02
5.8873602295e+02 5.8873498535e+02 5.8875500488e+02 5.8878002930e+02 5.8879498291e+02 5.8882501221e+02 5.8885400391e+02 5.8889099121e+02 5.8892199707e+02 5.8894598389e+02 5.8897698975e+02 5.8900201416e+02 5.8903601074e+02 5.8907702637e+02 5.8913397217e+02 5.8920599365e+02 5.8929302979e+02 5.8943402100e+02 5.8951800537e+02 5.8961297607e+02 5.8978601074e+02 5.8996002197e+02 5.9013800049e+02 5.9029998779e+02 5.9047497559e+02 5.9059600830e+02 5.9068402100e+02 5.9073797607e+02 5.9077801514e+02 5.9078802490e+02 5.9079302979e+02 5.9081701660e+02 5.9084802246e+02 5.9085797119e+02 5.9085900879e+02 5.9085101318e+02 5.9084600830e+02 5.9087500000e+02 5.9089398193e+02 5.9090301514e+02 5.9090899658e+02 5.9091699219e+02 5.9092797852e+02 5.9093902588e+02 5.9095001221e+02 5.9096502686e+02
5.8866497803e+02 5.8870300293e+02 5.8872998047e+02 5.8875000000e+02 5.8875598145e+02 5.8877398682e+02 5.8880700684e+02 5.8885302734e+02 5.8888702393e+02 5.8891400146e+02 5.8894897461e+02 5.8898199463e+02 5.8902001953e+02 5.8905700684e+02 5.8911602783e+02 5.8919097900e+02 5.8928302002e+02 5.8941400146e+02 5.8949401855e+02 5.8962298584e+02 5.8982202148e+02 5.8998400879e+02 5.9016497803e+02 5.9033801270e+02 5.9049102783e+02 5.9061999512e+02 5.9071997070e+02 5.9076000977e+02 5.9077398682e+02 5.9075402832e+02 5.9075097656e+02 5.9078198242e+02 5.9081402588e+02 5.9082598877e+02 5.9083502197e+02 5.9083197021e+02 5.9082800293e+02 5.9084997559e+02 5.9086798096e+02 5.9088098145e+02 5.9089099121e+02 5.9090399170e+02 5.9091998291e+02 5.9093499756e+02 5.9094396973e+02 5.9095599365e+02
