TESTSERVER/13/14.asc
NCOLS 100
NROWS 100
XLLCORNER 8.1497500000e+03
YLLCORNER 2.8925025000e+05
CELLSIZE 5.0000000000e-01
NODATA_VALUE -9.9990000000e+03
[rows 60 to 79 of 100, columns 0 to 45 of 100]
5.8474700928e+02 5.8478198242e+02 5.8481298828e+02 5.8484399414e+02 5.8489398193e+02 5.8496002197e+02 5.8499902344e+02 5.8504602051e+02 5.8511102295e+02 5.8517700195e+02 5.8525500488e+02 5.8534698486e+02 5.8539202881e+02 5.8539501953e+02 5.8539801025e+02 5.8547100830e+02 5.8554400635e+02 5.8559899902e+02 5.8564898682e+02 5.8582897949e+02 5.8609997559e+02 5.8628601074e+02 5.8643902588e+02 5.8671197510e+02 5.8694299316e+02 5.8709698486e+02 5.8723297119e+02 5.8735302734e+02 5.8746398926e+02 5.8757098389e+02 5.8765600586e+02 5.8774401855e+02 5.8785198975e+02 5.8792102051e+02 5.8795300293e+02 5.8796997070e+02 5.8797100830e+02 5.8797399902e+02 5.8798797607e+02 5.8801300049e+02 5.8802099609e+02 5.8804602051e+02 5.8808300781e+02 5.8806201172e+02 5.8805603027e+02 5.8807202148e+02
5.8470898438e+02 5.8474102783e+02 5.8478198242e+02 5.8480798340e+02 5.8486798096e+02 5.8492498779e+02 5.8494598389e+02 5.8500897217e+02 5.8508502197e+02 5.8515301514e+02 5.8520599365e+02 5.8527099609e+02 5.8533099365e+02 5.8537597656e+02 5.8539697266e+02 5.8543200684e+02 5.8550402832e+02 5.8556402588e+02 5.8559899902e+02 5.8570599365e+02 5.8592901611e+02 5.8612500000e+02 5.8632800293e+02 5.8658197021e+02 5.8677600098e+02 5.8692797852e+02 5.8709600830e+02 5.8722601318e+02 5.8734600830e+02 5.8747802734e+02 5.8758599854e+02 5.8767297363e+02 5.8775500488e+02 5.8783898926e+02 5.8790502930e+02 5.8794598389e+02 5.8795501709e+02 5.8794799805e+02 5.8798199463e+02 5.8800097656e+02 5.8801397705e+02 5.8804602051e+02 5.8806896973e+02 5.8805200195e+02 5.8802899170e+02 5.8802697754e+02
5.8468701172e+02 5.8471197510e+02 5.8474298096e+02 5.8475598145e+02 5.8481701660e+02 5.8487402344e+02 5.8490301514e+02 5.8496997070e+02 5.8505798340e+02 5.8512701416e+02 5.8516802979e+02 5.8522601318e+02 5.8527899170e+02 5.8533300781e+02 5.8536798096e+02 5.8537799072e+02 5.8544201660e+02 5.8551397705e+02 5.8555499268e+02 5.8562298584e+02 5.8579101563e+02 5.8598400879e+02 5.8621099854e+02 5.8644702148e+02 5.8661401367e+02 5.8677697754e+02 5.8698199463e+02 5.8712200928e+02 5.8723699951e+02 5.8736901855e+02 5.8749298096e+02 5.8758599854e+02 5.8765502930e+02 5.8775097656e+02 5.8783599854e+02 5.8789801025e+02 5.8793200684e+02 5.8794097900e+02 5.8797601318e+02 5.8799200439e+02 5.8799597168e+02 5.8801202393e+02 5.8802600098e+02 5.8803302002e+02 5.8802197266e+02 5.8802001953e+02
5.8464801025e+02 5.8467602539e+02 5.8471197510e+02 5.8472900391e+02 5.8477899170e+02 5.8483801270e+02 5.8489001465e+02 5.8493597412e+02 5.8501898193e+02 5.8509399414e+02 5.8513800049e+02 5.8518798828e+02 5.8523101807e+02 5.8528100586e+02 5.8532098389e+02 5.8533898926e+02 5.8539202881e+02 5.8546697998e+02 5.8552697754e+02 5.8558502197e+02 5.8570001221e+02 5.8587701416e+02 5.8609197998e+02 5.8629199219e+02 5.8645697021e+02 5.8663000488e+02 5.8684497070e+02 5.8701000977e+02 5.8713000488e+02 5.8723797607e+02 5.8735400391e+02 5.8746002197e+02 5.8754400635e+02 5.8764599609e+02 5.8772698975e+02 5.8781298828e+02 5.8788500977e+02 5.8792700195e+02 5.8795098877e+02 5.8797497559e+02 5.8797900391e+02 5.8798699951e+02 5.8800402832e+02 5.8803198242e+02 5.8803698730e+02 5.8803900146e+02
5.8459600830e+02 5.8463098145e+02 5.8468298340e+02 5.8472802734e+02 5.8475299072e+02 5.8480297852e+02 5.8488299561e+02 5.8491400146e+02 5.8498101807e+02 5.8506701660e+02 5.8513299561e+02 5.8516497803e+02 5.8519702148e+02 5.8524700928e+02 5.8529602051e+02 5.8533599854e+02 5.8535101318e+02 5.8539099121e+02 5.8546398926e+02 5.8554199219e+02 5.8561798096e+02 5.8576300049e+02 5.8594598389e+02 5.8613299561e+02 5.8632897949e+02 5.8652600098e+02 5.8669396973e+02 5.8687902832e+02 5.8701898193e+02 5.8711901855e+02 5.8721301270e+02 5.8731701660e+02 5.8743499756e+02 5.8754901123e+02 5.8764202881e+02 5.8772900391e+02 5.8781298828e+02 5.8789300537e+02 5.8793402100e+02 5.8793798828e+02 5.8795599365e+02 5.8797302246e+02 5.8798699951e+02 5.8801300049e+02 5.8803002930e+02 5.8803698730e+02
5.8457202148e+02 5.8460400391e+02 5.8464697266e+02 5.8468902588e+02 5.8471398926e+02 5.8475201416e+02 5.8482501221e+02 5.8486999512e+02 5.8493499756e+02 5.8502697754e+02 5.8509997559e+02 5.8512701416e+02 5.8515399170e+02 5.8521301270e+02 5.8526501465e+02 5.8530401611e+02 5.8531097412e+02 5.8533697510e+02 5.8541302490e+02 5.8551098633e+02 5.8559002686e+02 5.8568200684e+02 5.8580200195e+02 5.8599700928e+02 5.8620202637e+02 5.8641101074e+02 5.8656896973e+02 5.8672601318e+02 5.8688500977e+02 5.8702197266e+02 5.8712298584e+02 5.8723602295e+02 5.8735601807e+02 5.8745898438e+02 5.8756402588e+02 5.8763598633e+02 5.8770697021e+02 5.8781298828e+02 5.8789202881e+02 5.8791101074e+02 5.8794500732e+02 5.8796099854e+02 5.8795697021e+02 5.8797100830e+02 5.8799102783e+02 5.8800402832e+02
5.8455297852e+02 5.8458697510e+02 5.8461901855e+02 5.8466101074e+02 5.8469500732e+02 5.8472802734e+02 5.8479101563e+02 5.8484197998e+02 5.8490100098e+02 5.8497998047e+02 5.8504797363e+02 5.8508697510e+02 5.8512402344e+02 5.8518798828e+02 5.8523699951e+02 5.8526300049e+02 5.8528198242e+02 5.8530798340e+02 5.8536798096e+02 5.8544897461e+02 5.8553802490e+02 5.8562298584e+02 5.8569097900e+02 5.8588000488e+02 5.8608099365e+02 5.8627600098e+02 5.8644299316e+02 5.8659100342e+02 5.8674499512e+02 5.8689697266e+02 5.8700000000e+02 5.8711297607e+02 5.8724700928e+02 5.8735498047e+02 5.8745697021e+02 5.8753997803e+02 5.8761499023e+02 5.8770800781e+02 5.8780902100e+02 5.8788500977e+02 5.8794097900e+02 5.8796002197e+02 5.8795599365e+02 5.8796099854e+02 5.8796801758e+02 5.8797198486e+02
5.8451397705e+02 5.8455200195e+02 5.8458697510e+02 5.8463397217e+02 5.8467700195e+02 5.8471301270e+02 5.8476702881e+02 5.8481701660e+02 5.8486999512e+02 5.8493499756e+02 5.8499200439e+02 5.8505401611e+02 5.8509600830e+02 5.8515100098e+02 5.8521197510e+02 5.8523498535e+02 5.8526202393e+02 5.8528900146e+02 5.8533099365e+02 5.8538098145e+02 5.8544500732e+02 5.8552398682e+02 5.8560302734e+02 5.8574798584e+02 5.8594000244e+02 5.8613000488e+02 5.8630603027e+02 5.8646801758e+02 5.8661901855e+02 5.8678100586e+02 5.8688201904e+02 5.8697900391e+02 5.8710900879e+02 5.8721697998e+02 5.8731201172e+02 5.8742401123e+02 5.8751800537e+02 5.8760198975e+02 5.8770202637e+02 5.8781500244e+02 5.8788702393e+02 5.8791699219e+02 5.8793103027e+02 5.8793798828e+02 5.8794500732e+02 5.8794799805e+02
5.8447302246e+02 5.8451000977e+02 5.8455200195e+02 5.8460302734e+02 5.8464501953e+02 5.8468701172e+02 5.8473199463e+02 5.8477899170e+02 5.8482897949e+02 5.8489801025e+02 5.8496002197e+02 5.8501000977e+02 5.8504699707e+02 5.8508398438e+02 5.8514099121e+02 5.8518200684e+02 5.8522302246e+02 5.8525701904e+02 5.8527301025e+02 5.8530700684e+02 5.8535101318e+02 5.8542401123e+02 5.8553601074e+02 5.8562902832e+02 5.8578302002e+02 5.8595697021e+02 5.8610498047e+02 5.8627301025e+02 5.8644299316e+02 5.8662500000e+02 5.8675201416e+02 5.8685900879e+02 5.8698498535e+02 5.8707800293e+02 5.8716900635e+02 5.8729498291e+02 5.8740002441e+02 5.8749102783e+02 5.8758801270e+02 5.8768597412e+02 5.8777197266e+02 5.8782598877e+02 5.8786297607e+02 5.8790698242e+02 5.8792700195e+02 5.8793200684e+02
5.8444598389e+02 5.8447399902e+02 5.8451898193e+02 5.8456402588e+02 5.8459497070e+02 5.8464398193e+02 5.8469201660e+02 5.8475299072e+02 5.8481500244e+02 5.8490399170e+02 5.8497497559e+02 5.8500598145e+02 5.8501599121e+02 5.8502697754e+02 5.8506896973e+02 5.8511901855e+02 5.8516699219e+02 5.8520098877e+02 5.8522497559e+02 5.8527502441e+02 5.8531298828e+02 5.8536700439e+02 5.8544396973e+02 5.8551300049e+02 5.8563598633e+02 5.8579998779e+02 5.8594598389e+02 5.8608398438e+02 5.8625402832e+02 5.8643902588e+02 5.8657397461e+02 5.8670800781e+02 5.8682702637e+02 5.8694201660e+02 5.8706097412e+02 5.8718701172e+02 5.8726501465e+02 5.8735400391e+02 5.8745697021e+02 5.8756402588e+02 5.8767102051e+02 5.8775500488e+02 5.8780902100e+02 5.8787200928e+02 5.8789898682e+02 5.8790399170e+02
5.8441302490e+02 5.8444299316e+02 5.8447698975e+02 5.8451098633e+02 5.8453802490e+02 5.8458898926e+02 5.8464398193e+02 5.8471697998e+02 5.8478497314e+02 5.8486102295e+02 5.8493103027e+02 5.8497302246e+02 5.8498498535e+02 5.8499499512e+02 5.8503601074e+02 5.8509002686e+02 5.8513897705e+02 5.8516497803e+02 5.8518499756e+02 5.8524902344e+02 5.8527899170e+02 5.8532397461e+02 5.8539898682e+02 5.8546301270e+02 5.8554302979e+02 5.8567102051e+02 5.8580401611e+02 5.8591900635e+02 5.8605499268e+02 5.8621502686e+02 5.8638000488e+02 5.8653198242e+02 5.8666497803e+02 5.8680200195e+02 5.8691101074e+02 5.8705102539e+02 5.8712701416e+02 5.8721502686e+02 5.8732397461e+02 5.8744097900e+02 5.8754199219e+02 5.8765002441e+02 5.8774401855e+02 5.8782299805e+02 5.8785601807e+02 5.8785601807e+02
5.8436901855e+02 5.8440802002e+02 5.8443798828e+02 5.8447601318e+02 5.8450402832e+02 5.8455102539e+02 5.8460601807e+02 5.8467199707e+02 5.8472399902e+02 5.8476898193e+02 5.8484002686e+02 5.8489001465e+02 5.8492999268e+02 5.8497198486e+02 5.8501898193e+02 5.8506402588e+02 5.8511499023e+02 5.8514501953e+02 5.8516101074e+02 5.8521600342e+02 5.8523797607e+02 5.8528698730e+02 5.8535998535e+02 5.8542797852e+02 5.8547802734e+02 5.8556402588e+02 5.8566900635e+02 5.8577502441e+02 5.8588702393e+02 5.8603198242e+02 5.8619897461e+02 5.8633801270e+02 5.8649401855e+02 5.8664300537e+02 5.8673602295e+02 5.8688397217e+02 5.8697198486e+02 5.8707397461e+02 5.8718902588e+02 5.8731298828e+02 5.8741198730e+02 5.8752398682e+02 5.8764099121e+02 5.8773797607e+02 5.8779101563e+02 5.8781201172e+02
5.8432897949e+02 5.8437200928e+02 5.8440399170e+02 5.8444598389e+02 5.8447601318e+02 5.8451397705e+02 5.8457000732e+02 5.8463098145e+02 5.8468798828e+02 5.8474298096e+02 5.8481799316e+02 5.8483599854e+02 5.8488098145e+02 5.8495098877e+02 5.8498901367e+02 5.8502099609e+02 5.8506597900e+02 5.8509997559e+02 5.8513897705e+02 5.8517297363e+02 5.8520898438e+02 5.8526599121e+02 5.8531402588e+02 5.8537500000e+02 5.8542498779e+02 5.8548999023e+02 5.8557000732e+02 5.8566699219e+02 5.8576702881e+02 5.8589300537e+02 5.8603997803e+02 5.8616900635e+02 5.8632098389e+02 5.8645599365e+02 5.8653802490e+02 5.8668402100e+02 5.8681701660e+02 5.8692700195e+02 5.8701300049e+02 5.8715197754e+02 5.8728100586e+02 5.8740600586e+02 5.8751800537e+02 5.8760400391e+02 5.8768103027e+02 5.8775000000e+02
5.8430603027e+02 5.8433398438e+02 5.8436499023e+02 5.8438299561e+02 5.8440100098e+02 5.8445697021e+02 5.8453601074e+02 5.8461401367e+02 5.8468499756e+02 5.8474102783e+02 5.8479797363e+02 5.8485797119e+02 5.8487799072e+02 5.8489001465e+02 5.8490600586e+02 5.8500097656e+02 5.8505603027e+02 5.8506896973e+02 5.8509997559e+02 5.8515301514e+02 5.8521301270e+02 5.8525897217e+02 5.8528698730e+02 5.8533099365e+02 5.8538500977e+02 5.8545697021e+02 5.8554602051e+02 5.8561901855e+02 5.8569000244e+02 5.8577197266e+02 5.8589697266e+02 5.8600500488e+02 5.8615100098e+02 5.8630297852e+02 5.8640002441e+02 5.8651000977e+02 5.8666101074e+02 5.8679602051e+02 5.8687298584e+02 5.8700799561e+02 5.8715399170e+02 5.8729998779e+02 5.8741497803e+02 5.8748699951e+02 5.8754302979e+02 5.8761602783e+02
5.8427197266e+02 5.8428997803e+02 5.8432501221e+02 5.8435302734e+02 5.8438000488e+02 5.8443902588e+02 5.8450500488e+02 5.8457800293e+02 5.8465399170e+02 5.8470697021e+02 5.8475598145e+02 5.8484997559e+02 5.8488598633e+02 5.8486999512e+02 5.8485498047e+02 5.8496398926e+02 5.8502697754e+02 5.8503399658e+02 5.8507098389e+02 5.8512500000e+02 5.8519000244e+02 5.8522698975e+02 5.8525402832e+02 5.8530700684e+02 5.8535797119e+02 5.8542102051e+02 5.8551000977e+02 5.8558697510e+02 5.8563299561e+02 5.8567999268e+02 5.8576702881e+02 5.8585198975e+02 5.8598901367e+02 5.8613897705e+02 5.8626300049e+02 5.8637298584e+02 5.8650897217e+02 5.8666601563e+02 5.8676898193e+02 5.8689697266e+02 5.8702697754e+02 5.8715502930e+02 5.8727301025e+02 5.8735198975e+02 5.8738800049e+02 5.8745300293e+02
5.8424200439e+02 5.8426300049e+02 5.8429302979e+02 5.8433599854e+02 5.8437097168e+02 5.8442297363e+02 5.8447302246e+02 5.8453900146e+02 5.8462402344e+02 5.8468798828e+02 5.8473400879e+02 5.8482202148e+02 5.8488897705e+02 5.8489501953e+02 5.8486999512e+02 5.8493298340e+02 5.8498602295e+02 5.8500799561e+02 5.8507202148e+02 5.8509899902e+02 5.8513299561e+02 5.8517297363e+02 5.8522601318e+02 5.8529998779e+02 5.8534100342e+02 5.8537902832e+02 5.8545300293e+02 5.8553900146e+02 5.8558300781e+02 5.8561999512e+02 5.8569299316e+02 5.8575897217e+02 5.8584997559e+02 5.8595098877e+02 5.8608300781e+02 5.8622497559e+02 5.8634698486e+02 5.8649700928e+02 5.8663702393e+02 5.8676599121e+02 5.8687500000e+02 5.8696997070e+02 5.8707501221e+02 5.8717297363e+02 5.8721600342e+02 5.8728802490e+02
5.8421301270e+02 5.8424401855e+02 5.8426702881e+02 5.8430700684e+02 5.8434497070e+02 5.8439099121e+02 5.8444897461e+02 5.8450402832e+02 5.8460302734e+02 5.8469897461e+02 5.8476501465e+02 5.8479797363e+02 5.8487200928e+02 5.8491198730e+02 5.8489099121e+02 5.8490002441e+02 5.8493298340e+02 5.8497198486e+02 5.8504498291e+02 5.8506298828e+02 5.8508001709e+02 5.8512500000e+02 5.8517401123e+02 5.8526800537e+02 5.8530499268e+02 5.8533001709e+02 5.8538897705e+02 5.8549401855e+02 5.8555102539e+02 5.8559899902e+02 5.8566198730e+02 5.8570697021e+02 5.8576501465e+02 5.8583599854e+02 5.8594201660e+02 5.8610198975e+02 5.8624902344e+02 5.8637799072e+02 5.8651397705e+02 5.8661602783e+02 5.8671801758e+02 5.8680200195e+02 5.8689099121e+02 5.8698999023e+02 5.8705499268e+02 5.8714599609e+02
5.8417602539e+02 5.8420697021e+02 5.8422900391e+02 5.8427301025e+02 5.8433099365e+02 5.8437701416e+02 5.8441601563e+02 5.8448498535e+02 5.8457598877e+02 5.8466998291e+02 5.8473498535e+02 5.8477301025e+02 5.8485302734e+02 5.8488397217e+02 5.8486499023e+02 5.8486700439e+02 5.8489599609e+02 5.8491900635e+02 5.8495800781e+02 5.8497998047e+02 5.8502502441e+02 5.8509600830e+02 5.8512597656e+02 5.8519598389e+02 5.8525299072e+02 5.8529400635e+02 5.8534399414e+02 5.8542199707e+02 5.8549401855e+02 5.8557299805e+02 5.8564001465e+02 5.8568298340e+02 5.8573297119e+02 5.8579901123e+02 5.8588500977e+02 5.8597802734e+02 5.8610400391e+02 5.8625402832e+02 5.8638702393e+02 5.8647497559e+02 5.8657598877e+02 5.8666302490e+02 5.8673602295e+02 5.8682800293e+02 5.8690002441e+02 5.8698199463e+02
5.8413800049e+02 5.8416699219e+02 5.8419097900e+02 5.8423901367e+02 5.8429901123e+02 5.8434802246e+02 5.8437500000e+02 5.8446301270e+02 5.8455102539e+02 5.8461499023e+02 5.8466601563e+02 5.8473602295e+02 5.8482800293e+02 5.8483801270e+02 5.8481201172e+02 5.8482098389e+02 5.8485498047e+02 5.8487097168e+02 5.8488201904e+02 5.8492401123e+02 5.8500097656e+02 5.8508197021e+02 5.8509301758e+02 5.8515197754e+02 5.8521600342e+02 5.8526702881e+02 5.8531201172e+02 5.8538000488e+02 5.8545599365e+02 5.8553497314e+02 5.8559497070e+02 5.8565802002e+02 5.8572497559e+02 5.8578997803e+02 5.8584497070e+02 5.8588598633e+02 5.8597802734e+02 5.8611700439e+02 5.8624798584e+02 5.8634698486e+02 5.8645397949e+02 5.8653198242e+02 5.8658801270e+02 5.8665502930e+02 5.8673199463e+02 5.8681896973e+02
5.8410198975e+02 5.8413800049e+02 5.8416198730e+02 5.8420397949e+02 5.8426098633e+02 5.8432000732e+02 5.8434497070e+02 5.8442602539e+02 5.8451202393e+02 5.8456402588e+02 5.8459997559e+02 5.8466601563e+02 5.8475799561e+02 5.8476800537e+02 5.8475299072e+02 5.8477697754e+02 5.8481597900e+02 5.8484301758e+02 5.8485601807e+02 5.8490698242e+02 5.8498199463e+02 5.8505297852e+02 5.8506298828e+02 5.8511999512e+02 5.8517901611e+02 5.8523297119e+02 5.8528497314e+02 5.8535302734e+02 5.8541497803e+02 5.8547497559e+02 5.8552600098e+02 5.8559899902e+02 5.8568597412e+02 5.8576098633e+02 5.8580700684e+02 5.8584002686e+02 5.8590301514e+02 5.8600598145e+02 5.8611700439e+02 5.8621099854e+02 5.8630499268e+02 5.8637597656e+02 5.8644702148e+02 5.8651501465e+02 5.8658398438e+02 5.8666601563e+02
