TESTSERVER/13/15.asc
NCOLS 100
NROWS 100
XLLCORNER 8.1497500000e+03
YLLCORNER 2.8920025000e+05
CELLSIZE 5.0000000000e-01
NODATA_VALUE -9.9990000000e+03
[rows 20 to 39 of 100, columns 46 to 91 of 100]
5.8427801514e+02 5.8433398438e+02 5.8440502930e+02 5.8446197510e+02 5.8448602295e+02 5.8456298828e+02 5.8464501953e+02 5.8470300293e+02 5.8475097656e+02 5.8482000732e+02 5.8485400391e+02 5.8488800049e+02 5.8492999268e+02 5.8498797607e+02 5.8504101563e+02 5.8508599854e+02 5.8514898682e+02 5.8518798828e+02 5.8522998047e+02 5.8527600098e+02 5.8531500244e+02 5.8535302734e+02 5.8539398193e+02 5.8543103027e+02 5.8546398926e+02 5.8549798584e+02 5.8552197266e+02 5.8553997803e+02 5.8557397461e+02 5.8561297607e+02 5.8563897705e+02 5.8566400146e+02 5.8568597412e+02 5.8571197510e+02 5.8574700928e+02 5.8577301025e+02 5.8579602051e+02 5.8581097412e+02 5.8582897949e+02 5.8585101318e+02 5.8588800049e+02 5.8591699219e+02 5.8594799805e+02 5.8597802734e+02 5.8601202393e+02 5.8604199219e+02
5.8426397705e+02 5.8429498291e+02 5.8433001709e+02 5.8437597656e+02 5.8440502930e+02 5.8447198486e+02 5.8455297852e+02 5.8462902832e+02 5.8468902588e+02 5.8472900391e+02 5.8476501465e+02 5.8480999756e+02 5.8487200928e+02 5.8493798828e+02 5.8499298096e+02 5.8503900146e+02 5.8509002686e+02 5.8513000488e+02 5.8517602539e+02 5.8522698975e+02 5.8526702881e+02 5.8530902100e+02 5.8534899902e+02 5.8539300537e+02 5.8543103027e+02 5.8545898438e+02 5.8547802734e+02 5.8549499512e+02 5.8552398682e+02 5.8555499268e+02 5.8558502197e+02 5.8562200928e+02 5.8564398193e+02 5.8565899658e+02 5.8567901611e+02 5.8569897461e+02 5.8572698975e+02 5.8576000977e+02 5.8578698730e+02 5.8580700684e+02 5.8583599854e+02 5.8587402344e+02 5.8589697266e+02 5.8591900635e+02 5.8594396973e+02 5.8599700928e+02
5.8419201660e+02 5.8421697998e+02 5.8426098633e+02 5.8430700684e+02 5.8433599854e+02 5.8440002441e+02 5.8446398926e+02 5.8454101563e+02 5.8462097168e+02 5.8465399170e+02 5.8470202637e+02 5.8476098633e+02 5.8481298828e+02 5.8486602783e+02 5.8492498779e+02 5.8498400879e+02 5.8503302002e+02 5.8507598877e+02 5.8512902832e+02 5.8518200684e+02 5.8521997070e+02 5.8526599121e+02 5.8530798340e+02 5.8534899902e+02 5.8538598633e+02 5.8540997314e+02 5.8542901611e+02 5.8544799805e+02 5.8547698975e+02 5.8550201416e+02 5.8553198242e+02 5.8557098389e+02 5.8559497070e+02 5.8560797119e+02 5.8562298584e+02 5.8564398193e+02 5.8566802979e+02 5.8569500732e+02 5.8573199463e+02 5.8576202393e+02 5.8578497314e+02 5.8582702637e+02 5.8585498047e+02 5.8587902832e+02 5.8588702393e+02 5.8592901611e+02
5.8410198975e+02 5.8414099121e+02 5.8420202637e+02 5.8425402832e+02 5.8428698730e+02 5.8435699463e+02 5.8440197754e+02 5.8445599365e+02 5.8453497314e+02 5.8457397461e+02 5.8463397217e+02 5.8470300293e+02 5.8474902344e+02 5.8479699707e+02 5.8486199951e+02 5.8492999268e+02 5.8497601318e+02 5.8502398682e+02 5.8507501221e+02 5.8512402344e+02 5.8516400146e+02 5.8521002197e+02 5.8525299072e+02 5.8528497314e+02 5.8532501221e+02 5.8534997559e+02 5.8537402344e+02 5.8539801025e+02 5.8542602539e+02 5.8545501709e+02 5.8548297119e+02 5.8551202393e+02 5.8553198242e+02 5.8554998779e+02 5.8557202148e+02 5.8560198975e+02 5.8562597656e+02 5.8563897705e+02 5.8567901611e+02 5.8571899414e+02 5.8573999023e+02 5.8577001953e+02 5.8579400635e+02 5.8582098389e+02 5.8584002686e+02 5.8587097168e+02
5.8405999756e+02 5.8408697510e+02 5.8414801025e+02 5.8421398926e+02 5.8425897217e+02 5.8433001709e+02 5.8436602783e+02 5.8439099121e+02 5.8443902588e+02 5.8447998047e+02 5.8454400635e+02 5.8462500000e+02 5.8469000244e+02 5.8474401855e+02 5.8480401611e+02 5.8486401367e+02 5.8492199707e+02 5.8497100830e+02 5.8501800537e+02 5.8506597900e+02 5.8511499023e+02 5.8514697266e+02 5.8518499756e+02 5.8521697998e+02 5.8526202393e+02 5.8528997803e+02 5.8531402588e+02 5.8534301758e+02 5.8536798096e+02 5.8541101074e+02 5.8543798828e+02 5.8545001221e+02 5.8546398926e+02 5.8548498535e+02 5.8550897217e+02 5.8553900146e+02 5.8555603027e+02 5.8558300781e+02 5.8562200928e+02 5.8566497803e+02 5.8568701172e+02 5.8571099854e+02 5.8573498535e+02 5.8575897217e+02 5.8578497314e+02 5.8581298828e+02
5.8400897217e+02 5.8406097412e+02 5.8410699463e+02 5.8415002441e+02 5.8418597412e+02 5.8423699951e+02 5.8428399658e+02 5.8432397461e+02 5.8436102295e+02 5.8440399170e+02 5.8447497559e+02 5.8455603027e+02 5.8460797119e+02 5.8466900635e+02 5.8474200439e+02 5.8480200195e+02 5.8485998535e+02 5.8490997314e+02 5.8495599365e+02 5.8500402832e+02 5.8505700684e+02 5.8508801270e+02 5.8512701416e+02 5.8516699219e+02 5.8520001221e+02 5.8523297119e+02 5.8526800537e+02 5.8531402588e+02 5.8533197021e+02 5.8534899902e+02 5.8536999512e+02 5.8538299561e+02 5.8540399170e+02 5.8543701172e+02 5.8547399902e+02 5.8549401855e+02 5.8550201416e+02 5.8552801514e+02 5.8556402588e+02 5.8560101318e+02 5.8562200928e+02 5.8565301514e+02 5.8568499756e+02 5.8570501709e+02 5.8571899414e+02 5.8573999023e+02
5.8394500732e+02 5.8400097656e+02 5.8403900146e+02 5.8407897949e+02 5.8412597656e+02 5.8416400146e+02 5.8421502686e+02 5.8426702881e+02 5.8430200195e+02 5.8435101318e+02 5.8441302490e+02 5.8447802734e+02 5.8452697754e+02 5.8459301758e+02 5.8467999268e+02 5.8474700928e+02 5.8479998779e+02 5.8485400391e+02 5.8490002441e+02 5.8494299316e+02 5.8499597168e+02 5.8503399658e+02 5.8507397461e+02 5.8511901855e+02 5.8515100098e+02 5.8518499756e+02 5.8521197510e+02 5.8526000977e+02 5.8528900146e+02 5.8529101563e+02 5.8530499268e+02 5.8532098389e+02 5.8534100342e+02 5.8537298584e+02 5.8541802979e+02 5.8544299316e+02 5.8545202637e+02 5.8547601318e+02 5.8551000977e+02 5.8553997803e+02 5.8555902100e+02 5.8558801270e+02 5.8561700439e+02 5.8564398193e+02 5.8566400146e+02 5.8568103027e+02
5.8387902832e+02 5.8392700195e+02 5.8396099854e+02 5.8401501465e+02 5.8408197021e+02 5.8410302734e+02 5.8415002441e+02 5.8420599365e+02 5.8424700928e+02 5.8429699707e+02 5.8434497070e+02 5.8440002441e+02 5.8445800781e+02 5.8452197266e+02 5.8460900879e+02 5.8467602539e+02 5.8472601318e+02 5.8478997803e+02 5.8484100342e+02 5.8488201904e+02 5.8493103027e+02 5.8497497559e+02 5.8501397705e+02 5.8505700684e+02 5.8508898926e+02 5.8512298584e+02 5.8513702393e+02 5.8516900635e+02 5.8521301270e+02 5.8522900391e+02 5.8525201416e+02 5.8527600098e+02 5.8529699707e+02 5.8531500244e+02 5.8535198975e+02 5.8538800049e+02 5.8541101074e+02 5.8542901611e+02 5.8546002197e+02 5.8547998047e+02 5.8550500488e+02 5.8553497314e+02 5.8555102539e+02 5.8557800293e+02 5.8560797119e+02 5.8563000488e+02
5.8378399658e+02 5.8384802246e+02 5.8390802002e+02 5.8397198486e+02 5.8403002930e+02 5.8404901123e+02 5.8408801270e+02 5.8414697266e+02 5.8419097900e+02 5.8423797607e+02 5.8428698730e+02 5.8434802246e+02 5.8441497803e+02 5.8447900391e+02 5.8455401611e+02 5.8461297607e+02 5.8465502930e+02 5.8470898438e+02 5.8476599121e+02 5.8481402588e+02 5.8485797119e+02 5.8492797852e+02 5.8496801758e+02 5.8499798584e+02 5.8502502441e+02 5.8505999756e+02 5.8508801270e+02 5.8510797119e+02 5.8514300537e+02 5.8517199707e+02 5.8521398926e+02 5.8525201416e+02 5.8526397705e+02 5.8526898193e+02 5.8528997803e+02 5.8532202148e+02 5.8534301758e+02 5.8536999512e+02 5.8540698242e+02 5.8542999268e+02 5.8544201660e+02 5.8547900391e+02 5.8549298096e+02 5.8550897217e+02 5.8554101563e+02 5.8556597900e+02
5.8371801758e+02 5.8378997803e+02 5.8387298584e+02 5.8392102051e+02 5.8395599365e+02 5.8399401855e+02 5.8403802490e+02 5.8409997559e+02 5.8414099121e+02 5.8418402100e+02 5.8424401855e+02 5.8431097412e+02 5.8436901855e+02 5.8443597412e+02 5.8449798584e+02 5.8454302979e+02 5.8457800293e+02 5.8463000488e+02 5.8469598389e+02 5.8475402832e+02 5.8480102539e+02 5.8486297607e+02 5.8489501953e+02 5.8492498779e+02 5.8495800781e+02 5.8498901367e+02 5.8502801514e+02 5.8506799316e+02 5.8510797119e+02 5.8512597656e+02 5.8516198730e+02 5.8519000244e+02 5.8519201660e+02 5.8520800781e+02 5.8523297119e+02 5.8526000977e+02 5.8528497314e+02 5.8531402588e+02 5.8534497070e+02 5.8537500000e+02 5.8539099121e+02 5.8542700195e+02 5.8545202637e+02 5.8546600342e+02 5.8548602295e+02 5.8551098633e+02
5.8364001465e+02 5.8371600342e+02 5.8379797363e+02 5.8384997559e+02 5.8389398193e+02 5.8394097900e+02 5.8398498535e+02 5.8404699707e+02 5.8409399414e+02 5.8413500977e+02 5.8419500732e+02 5.8426300049e+02 5.8431201172e+02 5.8437597656e+02 5.8443499756e+02 5.8447399902e+02 5.8450897217e+02 5.8455798340e+02 5.8462500000e+02 5.8468597412e+02 5.8472998047e+02 5.8477301025e+02 5.8480700684e+02 5.8484899902e+02 5.8489398193e+02 5.8492999268e+02 5.8496197510e+02 5.8499700928e+02 5.8504498291e+02 5.8506402588e+02 5.8509899902e+02 5.8512799072e+02 5.8513800049e+02 5.8516198730e+02 5.8518701172e+02 5.8520800781e+02 5.8523199463e+02 5.8526898193e+02 5.8528997803e+02 5.8531298828e+02 5.8533398438e+02 5.8536401367e+02 5.8539099121e+02 5.8541101074e+02 5.8543597412e+02 5.8546197510e+02
5.8356799316e+02 5.8364697266e+02 5.8371600342e+02 5.8377001953e+02 5.8382702637e+02 5.8388598633e+02 5.8393499756e+02 5.8399597168e+02 5.8404400635e+02 5.8407800293e+02 5.8413598633e+02 5.8420501709e+02 5.8425097656e+02 5.8430999756e+02 5.8436999512e+02 5.8441198730e+02 5.8445300293e+02 5.8449597168e+02 5.8455200195e+02 5.8460797119e+02 5.8465100098e+02 5.8469201660e+02 5.8473297119e+02 5.8477899170e+02 5.8482299805e+02 5.8487200928e+02 5.8489801025e+02 5.8492199707e+02 5.8497100830e+02 5.8498901367e+02 5.8502197266e+02 5.8505297852e+02 5.8508099365e+02 5.8511199951e+02 5.8513702393e+02 5.8515502930e+02 5.8517199707e+02 5.8521099854e+02 5.8523297119e+02 5.8525598145e+02 5.8527899170e+02 5.8530200195e+02 5.8532299805e+02 5.8534399414e+02 5.8537402344e+02 5.8541302490e+02
5.8352099609e+02 5.8359002686e+02 5.8364697266e+02 5.8369396973e+02 5.8373297119e+02 5.8380200195e+02 5.8386602783e+02 5.8392901611e+02 5.8398199463e+02 5.8401800537e+02 5.8407202148e+02 5.8413702393e+02 5.8418200684e+02 5.8423498535e+02 5.8430297852e+02 5.8435400391e+02 5.8439398193e+02 5.8443402100e+02 5.8447802734e+02 5.8452600098e+02 5.8457299805e+02 5.8462902832e+02 5.8467498779e+02 5.8471099854e+02 5.8475299072e+02 5.8479199219e+02 5.8482501221e+02 5.8485498047e+02 5.8489801025e+02 5.8491601563e+02 5.8494396973e+02 5.8497802734e+02 5.8502197266e+02 5.8505700684e+02 5.8507702637e+02 5.8509497070e+02 5.8511901855e+02 5.8515002441e+02 5.8518298340e+02 5.8521301270e+02 5.8522900391e+02 5.8525000000e+02 5.8526800537e+02 5.8528399658e+02 5.8529302979e+02 5.8533398438e+02
5.8346099854e+02 5.8352398682e+02 5.8357598877e+02 5.8363098145e+02 5.8367797852e+02 5.8373101807e+02 5.8378997803e+02 5.8385699463e+02 5.8391998291e+02 5.8396099854e+02 5.8401202393e+02 5.8408197021e+02 5.8414398193e+02 5.8418701172e+02 5.8423901367e+02 5.8429498291e+02 5.8433197021e+02 5.8436499023e+02 5.8441302490e+02 5.8446002197e+02 5.8450799561e+02 5.8456298828e+02 5.8460900879e+02 5.8465002441e+02 5.8468200684e+02 5.8471502686e+02 5.8475097656e+02 5.8478900146e+02 5.8483001709e+02 5.8485400391e+02 5.8489501953e+02 5.8492498779e+02 5.8495898438e+02 5.8498797607e+02 5.8500000000e+02 5.8502502441e+02 5.8506500244e+02 5.8509301758e+02 5.8512097168e+02 5.8514501953e+02 5.8516302490e+02 5.8519000244e+02 5.8522100830e+02 5.8524902344e+02 5.8525097656e+02 5.8526702881e+02
5.8338897705e+02 5.8344299316e+02 5.8350097656e+02 5.8355999756e+02 5.8361401367e+02 5.8365698242e+02 5.8371099854e+02 5.8378302002e+02 5.8384802246e+02 5.8389202881e+02 5.8394702148e+02 5.8402197266e+02 5.8408898926e+02 5.8412500000e+02 5.8417102051e+02 5.8423602295e+02 5.8428497314e+02 5.8431701660e+02 5.8436297607e+02 5.8440600586e+02 5.8444201660e+02 5.8448498535e+02 5.8453002930e+02 5.8457702637e+02 5.8460699463e+02 5.8462500000e+02 5.8466198730e+02 5.8470800781e+02 5.8476000977e+02 5.8479199219e+02 5.8483898926e+02 5.8486798096e+02 5.8489099121e+02 5.8491802979e+02 5.8494097900e+02 5.8496697998e+02 5.8500000000e+02 5.8502697754e+02 5.8505297852e+02 5.8507501221e+02 5.8509802246e+02 5.8512500000e+02 5.8516497803e+02 5.8520001221e+02 5.8521997070e+02 5.8523901367e+02
5.8331896973e+02 5.8336499023e+02 5.8342602539e+02 5.8348400879e+02 5.8354400635e+02 5.8358599854e+02 5.8363800049e+02 5.8370800781e+02 5.8376898193e+02 5.8381799316e+02 5.8388000488e+02 5.8395599365e+02 5.8401098633e+02 5.8404901123e+02 5.8409802246e+02 5.8415802002e+02 5.8420697021e+02 5.8424401855e+02 5.8429101563e+02 5.8433502197e+02 5.8437298584e+02 5.8442199707e+02 5.8446002197e+02 5.8450598145e+02 5.8454101563e+02 5.8455297852e+02 5.8459100342e+02 5.8464001465e+02 5.8469500732e+02 5.8471899414e+02 5.8475701904e+02 5.8478997803e+02 5.8482000732e+02 5.8485601807e+02 5.8488702393e+02 5.8490802002e+02 5.8493597412e+02 5.8496697998e+02 5.8499102783e+02 5.8501300049e+02 5.8503497314e+02 5.8505603027e+02 5.8509802246e+02 5.8513299561e+02 5.8516802979e+02 5.8519201660e+02
5.8324499512e+02 5.8328900146e+02 5.8335198975e+02 5.8341699219e+02 5.8347497559e+02 5.8352600098e+02 5.8358300781e+02 5.8364300537e+02 5.8369000244e+02 5.8374700928e+02 5.8381298828e+02 5.8388098145e+02 5.8392602539e+02 5.8396997070e+02 5.8402502441e+02 5.8408099365e+02 5.8412799072e+02 5.8416998291e+02 5.8422399902e+02 5.8427697754e+02 5.8432702637e+02 5.8438000488e+02 5.8441302490e+02 5.8444702148e+02 5.8449298096e+02 5.8450897217e+02 5.8453900146e+02 5.8458001709e+02 5.8462500000e+02 5.8464202881e+02 5.8467199707e+02 5.8470898438e+02 5.8475000000e+02 5.8479998779e+02 5.8482897949e+02 5.8484997559e+02 5.8489001465e+02 5.8490899658e+02 5.8492199707e+02 5.8494598389e+02 5.8497802734e+02 5.8499700928e+02 5.8503601074e+02 5.8506896973e+02 5.8508697510e+02 5.8511297607e+02
5.8318298340e+02 5.8322998047e+02 5.8328002930e+02 5.8334301758e+02 5.8341198730e+02 5.8346899414e+02 5.8352899170e+02 5.8358599854e+02 5.8363098145e+02 5.8368298340e+02 5.8373797607e+02 5.8379998779e+02 5.8385998535e+02 5.8390197754e+02 5.8394897461e+02 5.8400701904e+02 5.8406597900e+02 5.8412298584e+02 5.8417498779e+02 5.8422399902e+02 5.8425598145e+02 5.8431402588e+02 5.8434802246e+02 5.8437500000e+02 5.8441198730e+02 5.8444500732e+02 5.8446801758e+02 5.8449401855e+02 5.8453997803e+02 5.8456298828e+02 5.8459497070e+02 5.8463299561e+02 5.8466900635e+02 5.8470800781e+02 5.8475000000e+02 5.8478601074e+02 5.8481097412e+02 5.8483300781e+02 5.8485302734e+02 5.8487500000e+02 5.8490600586e+02 5.8493298340e+02 5.8496697998e+02 5.8499597168e+02 5.8501800537e+02 5.8505401611e+02
5.8311602783e+02 5.8317297363e+02 5.8321099854e+02 5.8325897217e+02 5.8333502197e+02 5.8339202881e+02 5.8345001221e+02 5.8350299072e+02 5.8355200195e+02 5.8360400391e+02 5.8365698242e+02 5.8371997070e+02 5.8379199219e+02 5.8384100342e+02 5.8388397217e+02 5.8393499756e+02 5.8398699951e+02 5.8404498291e+02 5.8410101318e+02 5.8415197754e+02 5.8417999268e+02 5.8423498535e+02 5.8426898193e+02 5.8429797363e+02 5.8434100342e+02 5.8437799072e+02 5.8440399170e+02 5.8442999268e+02 5.8447198486e+02 5.8449798584e+02 5.8453002930e+02 5.8456298828e+02 5.8459399414e+02 5.8462902832e+02 5.8467401123e+02 5.8470898438e+02 5.8473699951e+02 5.8477398682e+02 5.8480798340e+02 5.8482800293e+02 5.8484802246e+02 5.8487799072e+02 5.8490899658e+02 5.8494299316e+02 5.8497302246e+02 5.8500500488e+02
5.8304498291e+02 5.8310998535e+02 5.8314898682e+02 5.8318902588e+02 5.8325799561e+02 5.8330999756e+02 5.8336602783e+02 5.8341998291e+02 5.8346899414e+02 5.8352197266e+02 5.8357702637e+02 5.8364501953e+02 5.8371997070e+02 5.8377697754e+02 5.8382702637e+02 5.8387597656e+02 5.8391900635e+02 5.8396899414e+02 5.8401898193e+02 5.8407000732e+02 5.8410797119e+02 5.8416198730e+02 5.8420202637e+02 5.8423498535e+02 5.8427600098e+02 5.8430902100e+02 5.8434600830e+02 5.8438500977e+02 5.8441400146e+02 5.8443798828e+02 5.8447198486e+02 5.8450000000e+02 5.8452398682e+02 5.8456097412e+02 5.8460699463e+02 5.8463397217e+02 5.8466497803e+02 5.8470697021e+02 5.8474298096e+02 5.8477197266e+02 5.8480297852e+02 5.8482897949e+02 5.8485198975e+02 5.8488702393e+02 5.8492102051e+02 5.8494201660e+02
