TESTSERVER/13/15.asc
NCOLS 100
NROWS 100
XLLCORNER 8.1497500000e+03
YLLCORNER 2.8920025000e+05
CELLSIZE 5.0000000000e-01
NODATA_VALUE -9.9990000000e+03
[rows 20 to 39 of 100, columns 0 to 45 of 100]
5.8098999023e+02 5.8126397705e+02 5.8153100586e+02 5.8185601807e+02 5.8203100586e+02 5.8203601074e+02 5.8196099854e+02 5.8190997314e+02 5.8188897705e+02 5.8194799805e+02 5.8207501221e+02 5.8220098877e+02 5.8229901123e+02 5.8235699463e+02 5.8239501953e+02 5.8247399902e+02 5.8255499268e+02 5.8262597656e+02 5.8266900635e+02 5.8272198486e+02 5.8278198242e+02 5.8286102295e+02 5.8294799805e+02 5.8300000000e+02 5.8306896973e+02 5.8313897705e+02 5.8318499756e+02 5.8325500488e+02 5.8330200195e+02 5.8334100342e+02 5.8339202881e+02 5.8346997070e+02 5.8355902100e+02 5.8365002441e+02 5.8371502686e+02 5.8375598145e+02 5.8376599121e+02 5.8378302002e+02 5.8380798340e+02 5.8388000488e+02 5.8396502686e+02 5.8400201416e+02 5.8404101563e+02 5.8412097168e+02 5.8414300537e+02 5.8418298340e+02
5.8069097900e+02 5.8097399902e+02 5.8120001221e+02 5.8142700195e+02 5.8165997314e+02 5.8186401367e+02 5.8189202881e+02 5.8184399414e+02 5.8185400391e+02 5.8189898682e+02 5.8197900391e+02 5.8210198975e+02 5.8221002197e+02 5.8227899170e+02 5.8232397461e+02 5.8237799072e+02 5.8244598389e+02 5.8253698730e+02 5.8260400391e+02 5.8266497803e+02 5.8273498535e+02 5.8281201172e+02 5.8288500977e+02 5.8292999268e+02 5.8299102783e+02 5.8306201172e+02 5.8311798096e+02 5.8319201660e+02 5.8325598145e+02 5.8330603027e+02 5.8335101318e+02 5.8341802979e+02 5.8350000000e+02 5.8357897949e+02 5.8364202881e+02 5.8367797852e+02 5.8369500732e+02 5.8372302246e+02 5.8378198242e+02 5.8384497070e+02 5.8391802979e+02 5.8395202637e+02 5.8399200439e+02 5.8404302979e+02 5.8409100342e+02 5.8416198730e+02
5.8036297607e+02 5.8063897705e+02 5.8085400391e+02 5.8102502441e+02 5.8128198242e+02 5.8161297607e+02 5.8176397705e+02 5.8178399658e+02 5.8184997559e+02 5.8190301514e+02 5.8194000244e+02 5.8200799561e+02 5.8210302734e+02 5.8218798828e+02 5.8224700928e+02 5.8230102539e+02 5.8235998535e+02 5.8244799805e+02 5.8253497314e+02 5.8260302734e+02 5.8268701172e+02 5.8276501465e+02 5.8281597900e+02 5.8286199951e+02 5.8291998291e+02 5.8298699951e+02 5.8304602051e+02 5.8312799072e+02 5.8320599365e+02 5.8326501465e+02 5.8331201172e+02 5.8337200928e+02 5.8344396973e+02 5.8351397705e+02 5.8357202148e+02 5.8361199951e+02 5.8364099121e+02 5.8368597412e+02 5.8376599121e+02 5.8380297852e+02 5.8384002686e+02 5.8388397217e+02 5.8394799805e+02 5.8400500488e+02 5.8407800293e+02 5.8414398193e+02
5.8008300781e+02 5.8035198975e+02 5.8058001709e+02 5.8078399658e+02 5.8102899170e+02 5.8133898926e+02 5.8155603027e+02 5.8168902588e+02 5.8181799316e+02 5.8189801025e+02 5.8195300293e+02 5.8198999023e+02 5.8204901123e+02 5.8211499023e+02 5.8216900635e+02 5.8225000000e+02 5.8232598877e+02 5.8239697266e+02 5.8246997070e+02 5.8253497314e+02 5.8262097168e+02 5.8269702148e+02 5.8273797607e+02 5.8278497314e+02 5.8284399414e+02 5.8290399170e+02 5.8296099854e+02 5.8305700684e+02 5.8314697266e+02 5.8321502686e+02 5.8326800537e+02 5.8332202148e+02 5.8338598633e+02 5.8345001221e+02 5.8351000977e+02 5.8356097412e+02 5.8359802246e+02 5.8364599609e+02 5.8371197510e+02 5.8373602295e+02 5.8376800537e+02 5.8382000732e+02 5.8389001465e+02 5.8396002197e+02 5.8403802490e+02 5.8408197021e+02
5.7988098145e+02 5.8014898682e+02 5.8039697266e+02 5.8061999512e+02 5.8083502197e+02 5.8106799316e+02 5.8130603027e+02 5.8153601074e+02 5.8170697021e+02 5.8182397461e+02 5.8190399170e+02 5.8198699951e+02 5.8202398682e+02 5.8204602051e+02 5.8208898926e+02 5.8218902588e+02 5.8228302002e+02 5.8234997559e+02 5.8241497803e+02 5.8247601318e+02 5.8255401611e+02 5.8262402344e+02 5.8266400146e+02 5.8271600342e+02 5.8278497314e+02 5.8284600830e+02 5.8289501953e+02 5.8299499512e+02 5.8309301758e+02 5.8316699219e+02 5.8322497559e+02 5.8327099609e+02 5.8331896973e+02 5.8337597656e+02 5.8346301270e+02 5.8352697754e+02 5.8354302979e+02 5.8356500244e+02 5.8362701416e+02 5.8367102051e+02 5.8371997070e+02 5.8377801514e+02 5.8383300781e+02 5.8390600586e+02 5.8396197510e+02 5.8400402832e+02
5.7968103027e+02 5.7994897461e+02 5.8022601318e+02 5.8044598389e+02 5.8064398193e+02 5.8085998535e+02 5.8110797119e+02 5.8135699463e+02 5.8155401611e+02 5.8171002197e+02 5.8180700684e+02 5.8188800049e+02 5.8197601318e+02 5.8201300049e+02 5.8203900146e+02 5.8210400391e+02 5.8218798828e+02 5.8226599121e+02 5.8234802246e+02 5.8241497803e+02 5.8249499512e+02 5.8256201172e+02 5.8261102295e+02 5.8267297363e+02 5.8274200439e+02 5.8280200195e+02 5.8285198975e+02 5.8294897461e+02 5.8303900146e+02 5.8310699463e+02 5.8317102051e+02 5.8321398926e+02 5.8325897217e+02 5.8331896973e+02 5.8343902588e+02 5.8358197021e+02 5.8358099365e+02 5.8353601074e+02 5.8357800293e+02 5.8362298584e+02 5.8366699219e+02 5.8372497559e+02 5.8379400635e+02 5.8384802246e+02 5.8387701416e+02 5.8392797852e+02
5.7949499512e+02 5.7976300049e+02 5.8004498291e+02 5.8028601074e+02 5.8051397705e+02 5.8073999023e+02 5.8098699951e+02 5.8120898438e+02 5.8139202881e+02 5.8158099365e+02 5.8175701904e+02 5.8189099121e+02 5.8197900391e+02 5.8198699951e+02 5.8198199463e+02 5.8202899170e+02 5.8210601807e+02 5.8218499756e+02 5.8227502441e+02 5.8233801270e+02 5.8242498779e+02 5.8250402832e+02 5.8255999756e+02 5.8262902832e+02 5.8269396973e+02 5.8275000000e+02 5.8282098389e+02 5.8289801025e+02 5.8296697998e+02 5.8303100586e+02 5.8309802246e+02 5.8315502930e+02 5.8320800781e+02 5.8326397705e+02 5.8336999512e+02 5.8353002930e+02 5.8356298828e+02 5.8352899170e+02 5.8353497314e+02 5.8356799316e+02 5.8361401367e+02 5.8366998291e+02 5.8372900391e+02 5.8377502441e+02 5.8380798340e+02 5.8386602783e+02
5.7931896973e+02 5.7957299805e+02 5.7983599854e+02 5.8011798096e+02 5.8041101074e+02 5.8065502930e+02 5.8086199951e+02 5.8105902100e+02 5.8121697998e+02 5.8142199707e+02 5.8171502686e+02 5.8195300293e+02 5.8200402832e+02 5.8193499756e+02 5.8188098145e+02 5.8192401123e+02 5.8200701904e+02 5.8210101318e+02 5.8220501709e+02 5.8226300049e+02 5.8235400391e+02 5.8244897461e+02 5.8251702881e+02 5.8257598877e+02 5.8264300537e+02 5.8272100830e+02 5.8281701660e+02 5.8286602783e+02 5.8290802002e+02 5.8296099854e+02 5.8301501465e+02 5.8308099365e+02 5.8313598633e+02 5.8318200684e+02 5.8325097656e+02 5.8336602783e+02 5.8343200684e+02 5.8345300293e+02 5.8345898438e+02 5.8348602295e+02 5.8354101563e+02 5.8360498047e+02 5.8364501953e+02 5.8369897461e+02 5.8375598145e+02 5.8381799316e+02
5.7913800049e+02 5.7937298584e+02 5.7960198975e+02 5.7988800049e+02 5.8022802734e+02 5.8050598145e+02 5.8068798828e+02 5.8090899658e+02 5.8108001709e+02 5.8125000000e+02 5.8153302002e+02 5.8189801025e+02 5.8196697998e+02 5.8187597656e+02 5.8179998779e+02 5.8184497070e+02 5.8191601563e+02 5.8200402832e+02 5.8211199951e+02 5.8219299316e+02 5.8227697754e+02 5.8237298584e+02 5.8247497559e+02 5.8252697754e+02 5.8258300781e+02 5.8266998291e+02 5.8276702881e+02 5.8282702637e+02 5.8286700439e+02 5.8290997314e+02 5.8294598389e+02 5.8298797607e+02 5.8304101563e+02 5.8309399414e+02 5.8316998291e+02 5.8324401855e+02 5.8330798340e+02 5.8334997559e+02 5.8336999512e+02 5.8340802002e+02 5.8346600342e+02 5.8354699707e+02 5.8360998535e+02 5.8361602783e+02 5.8366802979e+02 5.8372302246e+02
5.7897302246e+02 5.7920300293e+02 5.7941699219e+02 5.7964898682e+02 5.7994097900e+02 5.8025701904e+02 5.8049597168e+02 5.8077301025e+02 5.8097802734e+02 5.8108300781e+02 5.8126000977e+02 5.8158599854e+02 5.8173199463e+02 5.8176300049e+02 5.8179797363e+02 5.8186199951e+02 5.8190802002e+02 5.8195001221e+02 5.8203497314e+02 5.8212597656e+02 5.8221899414e+02 5.8230603027e+02 5.8239599609e+02 5.8246197510e+02 5.8251599121e+02 5.8258801270e+02 5.8266998291e+02 5.8274902344e+02 5.8279199219e+02 5.8284600830e+02 5.8289697266e+02 5.8294500732e+02 5.8299902344e+02 5.8305700684e+02 5.8310400391e+02 5.8316302490e+02 5.8321697998e+02 5.8326599121e+02 5.8331201172e+02 5.8336401367e+02 5.8341497803e+02 5.8347399902e+02 5.8353002930e+02 5.8358001709e+02 5.8363299561e+02 5.8367602539e+02
5.7878601074e+02 5.7902099609e+02 5.7924700928e+02 5.7945300293e+02 5.7969299316e+02 5.7999499512e+02 5.8024798584e+02 5.8050299072e+02 5.8072497559e+02 5.8085601807e+02 5.8100897217e+02 5.8124401855e+02 5.8142297363e+02 5.8158697510e+02 5.8177001953e+02 5.8189202881e+02 5.8194702148e+02 5.8194799805e+02 5.8197302246e+02 5.8203100586e+02 5.8213000488e+02 5.8223101807e+02 5.8232299805e+02 5.8239697266e+02 5.8244598389e+02 5.8249401855e+02 5.8254101563e+02 5.8264099121e+02 5.8270397949e+02 5.8276397705e+02 5.8282702637e+02 5.8288000488e+02 5.8292901611e+02 5.8297998047e+02 5.8302001953e+02 5.8308898926e+02 5.8315100098e+02 5.8319201660e+02 5.8323699951e+02 5.8330102539e+02 5.8336199951e+02 5.8341198730e+02 5.8345599365e+02 5.8353100586e+02 5.8357897949e+02 5.8360601807e+02
5.7859197998e+02 5.7883599854e+02 5.7907202148e+02 5.7929498291e+02 5.7951702881e+02 5.7978198242e+02 5.8000897217e+02 5.8022198486e+02 5.8046099854e+02 5.8065502930e+02 5.8085198975e+02 5.8104901123e+02 5.8123297119e+02 5.8145001221e+02 5.8169598389e+02 5.8187597656e+02 5.8198999023e+02 5.8198602295e+02 5.8194702148e+02 5.8194799805e+02 5.8201898193e+02 5.8212799072e+02 5.8224200439e+02 5.8232800293e+02 5.8238299561e+02 5.8240997314e+02 5.8243402100e+02 5.8254797363e+02 5.8263098145e+02 5.8268902588e+02 5.8274102783e+02 5.8278100586e+02 5.8283099365e+02 5.8289001465e+02 5.8294500732e+02 5.8301501465e+02 5.8308099365e+02 5.8311700439e+02 5.8315197754e+02 5.8320697021e+02 5.8327398682e+02 5.8334002686e+02 5.8338201904e+02 5.8344799805e+02 5.8349298096e+02 5.8352197266e+02
5.7839300537e+02 5.7861199951e+02 5.7885198975e+02 5.7911999512e+02 5.7936700439e+02 5.7959997559e+02 5.7981298828e+02 5.8004699707e+02 5.8028900146e+02 5.8052001953e+02 5.8075598145e+02 5.8096099854e+02 5.8115997314e+02 5.8137902832e+02 5.8163702393e+02 5.8187402344e+02 5.8203698730e+02 5.8206097412e+02 5.8200299072e+02 5.8192401123e+02 5.8193103027e+02 5.8200897217e+02 5.8213702393e+02 5.8225598145e+02 5.8232098389e+02 5.8235101318e+02 5.8238500977e+02 5.8246997070e+02 5.8254699707e+02 5.8259600830e+02 5.8265997314e+02 5.8271002197e+02 5.8277301025e+02 5.8283599854e+02 5.8287200928e+02 5.8292999268e+02 5.8299798584e+02 5.8304998779e+02 5.8308599854e+02 5.8312402344e+02 5.8318701172e+02 5.8326501465e+02 5.8330297852e+02 5.8333398438e+02 5.8339300537e+02 5.8345501709e+02
5.7822802734e+02 5.7838500977e+02 5.7861199951e+02 5.7889398193e+02 5.7916302490e+02 5.7940802002e+02 5.7964697266e+02 5.7991601563e+02 5.8014501953e+02 5.8036102295e+02 5.8061297607e+02 5.8086999512e+02 5.8112200928e+02 5.8137799072e+02 5.8163500977e+02 5.8188598633e+02 5.8203802490e+02 5.8208300781e+02 5.8201599121e+02 5.8192999268e+02 5.8190997314e+02 5.8195300293e+02 5.8205902100e+02 5.8217297363e+02 5.8225000000e+02 5.8230200195e+02 5.8234600830e+02 5.8241198730e+02 5.8247900391e+02 5.8252398682e+02 5.8259899902e+02 5.8265802002e+02 5.8270697021e+02 5.8276202393e+02 5.8280499268e+02 5.8287500000e+02 5.8292999268e+02 5.8296697998e+02 5.8301702881e+02 5.8306402588e+02 5.8312597656e+02 5.8319500732e+02 5.8324298096e+02 5.8328997803e+02 5.8334301758e+02 5.8339801025e+02
5.7811199951e+02 5.7820501709e+02 5.7840301514e+02 5.7867999268e+02 5.7894000244e+02 5.7919201660e+02 5.7946099854e+02 5.7973797607e+02 5.7996697998e+02 5.8018200684e+02 5.8044201660e+02 5.8073101807e+02 5.8101800537e+02 5.8130603027e+02 5.8155999756e+02 5.8179602051e+02 5.8195397949e+02 5.8201397705e+02 5.8196398926e+02 5.8189202881e+02 5.8187097168e+02 5.8189898682e+02 5.8198498535e+02 5.8209899902e+02 5.8218499756e+02 5.8224597168e+02 5.8228997803e+02 5.8236798096e+02 5.8244299316e+02 5.8248699951e+02 5.8254797363e+02 5.8260900879e+02 5.8265399170e+02 5.8270599365e+02 5.8275500488e+02 5.8281500244e+02 5.8287097168e+02 5.8291302490e+02 5.8296002197e+02 5.8301000977e+02 5.8306799316e+02 5.8313299561e+02 5.8318200684e+02 5.8323901367e+02 5.8328601074e+02 5.8333398438e+02
5.7801898193e+02 5.7806298828e+02 5.7821502686e+02 5.7845697021e+02 5.7869702148e+02 5.7895098877e+02 5.7923602295e+02 5.7951300049e+02 5.7976098633e+02 5.8000402832e+02 5.8026397705e+02 5.8053900146e+02 5.8083898926e+02 5.8114099121e+02 5.8139099121e+02 5.8160797119e+02 5.8176898193e+02 5.8184698486e+02 5.8183001709e+02 5.8179602051e+02 5.8179699707e+02 5.8182897949e+02 5.8190802002e+02 5.8202600098e+02 5.8210302734e+02 5.8215600586e+02 5.8220397949e+02 5.8230297852e+02 5.8239398193e+02 5.8245599365e+02 5.8250897217e+02 5.8256097412e+02 5.8261102295e+02 5.8266699219e+02 5.8271600342e+02 5.8273797607e+02 5.8278497314e+02 5.8284399414e+02 5.8289697266e+02 5.8294799805e+02 5.8300799561e+02 5.8307501221e+02 5.8312597656e+02 5.8317901611e+02 5.8321600342e+02 5.8326300049e+02
5.7793701172e+02 5.7794702148e+02 5.7804400635e+02 5.7823999023e+02 5.7847998047e+02 5.7873901367e+02 5.7898699951e+02 5.7926599121e+02 5.7954797363e+02 5.7983197021e+02 5.8008801270e+02 5.8032800293e+02 5.8060198975e+02 5.8087701416e+02 5.8110198975e+02 5.8131597900e+02 5.8146002197e+02 5.8155798340e+02 5.8157598877e+02 5.8163702393e+02 5.8168298340e+02 5.8173602295e+02 5.8181500244e+02 5.8192999268e+02 5.8198999023e+02 5.8203497314e+02 5.8210198975e+02 5.8219799805e+02 5.8228900146e+02 5.8237701416e+02 5.8244097900e+02 5.8250201416e+02 5.8255200195e+02 5.8260699463e+02 5.8267102051e+02 5.8268798828e+02 5.8272399902e+02 5.8278302002e+02 5.8284600830e+02 5.8287500000e+02 5.8293902588e+02 5.8301098633e+02 5.8306402588e+02 5.8310797119e+02 5.8314697266e+02 5.8319396973e+02
5.7782800293e+02 5.7780798340e+02 5.7787902832e+02 5.7806402588e+02 5.7829797363e+02 5.7855297852e+02 5.7878997803e+02 5.7904901123e+02 5.7932598877e+02 5.7960797119e+02 5.7987200928e+02 5.8012597656e+02 5.8038500977e+02 5.8063299561e+02 5.8085400391e+02 5.8103399658e+02 5.8117700195e+02 5.8128997803e+02 5.8138397217e+02 5.8147698975e+02 5.8155999756e+02 5.8163598633e+02 5.8171600342e+02 5.8181402588e+02 5.8188500977e+02 5.8194500732e+02 5.8201098633e+02 5.8210101318e+02 5.8218798828e+02 5.8227301025e+02 5.8236798096e+02 5.8243902588e+02 5.8248602295e+02 5.8253399658e+02 5.8259197998e+02 5.8263702393e+02 5.8267602539e+02 5.8273199463e+02 5.8280999756e+02 5.8284100342e+02 5.8288397217e+02 5.8294201660e+02 5.8299700928e+02 5.8304699707e+02 5.8309197998e+02 5.8313397217e+02
5.7763598633e+02 5.7763702393e+02 5.7770898438e+02 5.7788897705e+02 5.7810101318e+02 5.7833197021e+02 5.7856799316e+02 5.7883697510e+02 5.7910601807e+02 5.7937597656e+02 5.7964300537e+02 5.7990502930e+02 5.8016802979e+02 5.8041302490e+02 5.8061700439e+02 5.8079797363e+02 5.8095501709e+02 5.8108801270e+02 5.8120599365e+02 5.8133099365e+02 5.8144097900e+02 5.8153900146e+02 5.8161999512e+02 5.8169702148e+02 5.8177398682e+02 5.8184002686e+02 5.8190698242e+02 5.8201300049e+02 5.8209197998e+02 5.8216601563e+02 5.8227197266e+02 5.8234002686e+02 5.8240502930e+02 5.8246301270e+02 5.8252099609e+02 5.8257397461e+02 5.8261499023e+02 5.8266802979e+02 5.8275201416e+02 5.8279302979e+02 5.8282702637e+02 5.8288598633e+02 5.8294396973e+02 5.8298498535e+02 5.8302899170e+02 5.8306799316e+02
5.7735601807e+02 5.7741900635e+02 5.7753198242e+02 5.7770397949e+02 5.7790698242e+02 5.7811999512e+02 5.7834002686e+02 5.7861999512e+02 5.7889001465e+02 5.7914697266e+02 5.7940802002e+02 5.7967797852e+02 5.7994897461e+02 5.8019799805e+02 5.8039697266e+02 5.8058099365e+02 5.8075201416e+02 5.8090502930e+02 5.8104400635e+02 5.8119396973e+02 5.8132702637e+02 5.8144201660e+02 5.8153100586e+02 5.8160498047e+02 5.8168798828e+02 5.8175299072e+02 5.8180999756e+02 5.8192602539e+02 5.8199200439e+02 5.8204302979e+02 5.8214697266e+02 5.8223199463e+02 5.8232202148e+02 5.8239300537e+02 5.8245098877e+02 5.8250897217e+02 5.8256402588e+02 5.8261700439e+02 5.8267999268e+02 5.8272802734e+02 5.8276702881e+02 5.8282897949e+02 5.8288098145e+02 5.8291699219e+02 5.8296502686e+02 5.8300701904e+02
