TESTSERVER/13/16.asc
NCOLS 100
NROWS 100
XLLCORNER 8.1497500000e+03
YLLCORNER 2.8915025000e+05
CELLSIZE 5.0000000000e-01
NODATA_VALUE -9.9990000000e+03
[rows 40 to 59 of 100, columns 0 to 45 of 100]
5.5382000732e+02 5.5382000732e+02 5.5381298828e+02 5.5381896973e+02 5.5379498291e+02 5.5376098633e+02 5.5371398926e+02 5.5363598633e+02 5.5355499268e+02 5.5346197510e+02 5.5335198975e+02 5.5325500488e+02 5.5314099121e+02 5.5309600830e+02 5.5321099854e+02 5.5425097656e+02 5.5522698975e+02 5.5547601318e+02 5.5557800293e+02 5.5571801758e+02 5.5569097900e+02 5.5547100830e+02 5.5500299072e+02 5.5433599854e+02 5.5383898926e+02 5.5356097412e+02 5.5367602539e+02 5.5363098145e+02 5.5355999756e+02 5.5356097412e+02 5.5370501709e+02 5.5438000488e+02 5.5519598389e+02 5.5580499268e+02 5.5617102051e+02 5.5609100342e+02 5.5603802490e+02 5.5593103027e+02 5.5593597412e+02 5.5595001221e+02 5.5589501953e+02 5.5593701172e+02 5.5617401123e+02 5.5730999756e+02 5.5777600098e+02 5.5801202393e+02
5.5371301270e+02 5.5371197510e+02 5.5371099854e+02 5.5369799805e+02 5.5367700195e+02 5.5364898682e+02 5.5360900879e+02 5.5354400635e+02 5.5347198486e+02 5.5339398193e+02 5.5332702637e+02 5.5328100586e+02 5.5318499756e+02 5.5328802490e+02 5.5380999756e+02 5.5469897461e+02 5.5507897949e+02 5.5512701416e+02 5.5530499268e+02 5.5544702148e+02 5.5535900879e+02 5.5511999512e+02 5.5461102295e+02 5.5407598877e+02 5.5379400635e+02 5.5361602783e+02 5.5360198975e+02 5.5361798096e+02 5.5361999512e+02 5.5363397217e+02 5.5354797363e+02 5.5370300293e+02 5.5406896973e+02 5.5454998779e+02 5.5529901123e+02 5.5593103027e+02 5.5611102295e+02 5.5616400146e+02 5.5616802979e+02 5.5598999023e+02 5.5592199707e+02 5.5595501709e+02 5.5591699219e+02 5.5611999512e+02 5.5629602051e+02 5.5651800537e+02
5.5362701416e+02 5.5362701416e+02 5.5362200928e+02 5.5360498047e+02 5.5358398438e+02 5.5355700684e+02 5.5352099609e+02 5.5346801758e+02 5.5340802002e+02 5.5334399414e+02 5.5328601074e+02 5.5322802734e+02 5.5323797607e+02 5.5355102539e+02 5.5420001221e+02 5.5463098145e+02 5.5473999023e+02 5.5480798340e+02 5.5504998779e+02 5.5511602783e+02 5.5497900391e+02 5.5471600342e+02 5.5420599365e+02 5.5375201416e+02 5.5356402588e+02 5.5347399902e+02 5.5353997803e+02 5.5361602783e+02 5.5364801025e+02 5.5366802979e+02 5.5359100342e+02 5.5352099609e+02 5.5360198975e+02 5.5383398438e+02 5.5432202148e+02 5.5489501953e+02 5.5529101563e+02 5.5567797852e+02 5.5608300781e+02 5.5613897705e+02 5.5603900146e+02 5.5594799805e+02 5.5592602539e+02 5.5593298340e+02 5.5587500000e+02 5.5590600586e+02
5.5355200195e+02 5.5355200195e+02 5.5354498291e+02 5.5352600098e+02 5.5350500488e+02 5.5347802734e+02 5.5344702148e+02 5.5340600586e+02 5.5335699463e+02 5.5330603027e+02 5.5325500488e+02 5.5320697021e+02 5.5331097412e+02 5.5368902588e+02 5.5416497803e+02 5.5433599854e+02 5.5443298340e+02 5.5458197021e+02 5.5478302002e+02 5.5472900391e+02 5.5453497314e+02 5.5424597168e+02 5.5379302979e+02 5.5346697998e+02 5.5336602783e+02 5.5335699463e+02 5.5346801758e+02 5.5358099365e+02 5.5364398193e+02 5.5367199707e+02 5.5370300293e+02 5.5364801025e+02 5.5355200195e+02 5.5356201172e+02 5.5366601563e+02 5.5377600098e+02 5.5404901123e+02 5.5450299072e+02 5.5516802979e+02 5.5574298096e+02 5.5607202148e+02 5.5610302734e+02 5.5599298096e+02 5.5598699951e+02 5.5593402100e+02 5.5590100098e+02
5.5348901367e+02 5.5348797607e+02 5.5348797607e+02 5.5347100830e+02 5.5345001221e+02 5.5342102051e+02 5.5338201904e+02 5.5333898926e+02 5.5329901123e+02 5.5326599121e+02 5.5324401855e+02 5.5320898438e+02 5.5332702637e+02 5.5362597656e+02 5.5388000488e+02 5.5408898926e+02 5.5428002930e+02 5.5443701172e+02 5.5446301270e+02 5.5419598389e+02 5.5390502930e+02 5.5361102295e+02 5.5334301758e+02 5.5325299072e+02 5.5321099854e+02 5.5323400879e+02 5.5330499268e+02 5.5347497559e+02 5.5355401611e+02 5.5360400391e+02 5.5361297607e+02 5.5370697021e+02 5.5365002441e+02 5.5360601807e+02 5.5366400146e+02 5.5356201172e+02 5.5352600098e+02 5.5357897949e+02 5.5376300049e+02 5.5448498535e+02 5.5526300049e+02 5.5585900879e+02 5.5611999512e+02 5.5604602051e+02 5.5598901367e+02 5.5592797852e+02
5.5343597412e+02 5.5343597412e+02 5.5343499756e+02 5.5342700195e+02 5.5340600586e+02 5.5337597656e+02 5.5333001709e+02 5.5328802490e+02 5.5326300049e+02 5.5324700928e+02 5.5323297119e+02 5.5320501709e+02 5.5325897217e+02 5.5345202637e+02 5.5365600586e+02 5.5388800049e+02 5.5409197998e+02 5.5418103027e+02 5.5402899170e+02 5.5363598633e+02 5.5334301758e+02 5.5311401367e+02 5.5305200195e+02 5.5305902100e+02 5.5304400635e+02 5.5307397461e+02 5.5319598389e+02 5.5333197021e+02 5.5339898682e+02 5.5345898438e+02 5.5350299072e+02 5.5353100586e+02 5.5356402588e+02 5.5359802246e+02 5.5363897705e+02 5.5365502930e+02 5.5364697266e+02 5.5363201904e+02 5.5353497314e+02 5.5363098145e+02 5.5392297363e+02 5.5433898926e+02 5.5506298828e+02 5.5575201416e+02 5.5602899170e+02 5.5610101318e+02
5.5338702393e+02 5.5338897705e+02 5.5338897705e+02 5.5338201904e+02 5.5336102295e+02 5.5333197021e+02 5.5329199219e+02 5.5326202393e+02 5.5323901367e+02 5.5321899414e+02 5.5320697021e+02 5.5320300293e+02 5.5319702148e+02 5.5327600098e+02 5.5342401123e+02 5.5364202881e+02 5.5381402588e+02 5.5384100342e+02 5.5360900879e+02 5.5326898193e+02 5.5303302002e+02 5.5286602783e+02 5.5284802246e+02 5.5287799072e+02 5.5289898682e+02 5.5295898438e+02 5.5309899902e+02 5.5321801758e+02 5.5327801514e+02 5.5333197021e+02 5.5338598633e+02 5.5343902588e+02 5.5348400879e+02 5.5352899170e+02 5.5358801270e+02 5.5362500000e+02 5.5362902832e+02 5.5362298584e+02 5.5357702637e+02 5.5348297119e+02 5.5347399902e+02 5.5361798096e+02 5.5397998047e+02 5.5455999756e+02 5.5515600586e+02 5.5564202881e+02
5.5334600830e+02 5.5334899902e+02 5.5335101318e+02 5.5334399414e+02 5.5332397461e+02 5.5329699707e+02 5.5326702881e+02 5.5323901367e+02 5.5320098877e+02 5.5315899658e+02 5.5314202881e+02 5.5321801758e+02 5.5322399902e+02 5.5324102783e+02 5.5327001953e+02 5.5340197754e+02 5.5351702881e+02 5.5348797607e+02 5.5324499512e+02 5.5299401855e+02 5.5282598877e+02 5.5272601318e+02 5.5272302246e+02 5.5274298096e+02 5.5279199219e+02 5.5287402344e+02 5.5301202393e+02 5.5310601807e+02 5.5315802002e+02 5.5320800781e+02 5.5326397705e+02 5.5333099365e+02 5.5338598633e+02 5.5344097900e+02 5.5350799561e+02 5.5355603027e+02 5.5357299805e+02 5.5358099365e+02 5.5367297363e+02 5.5366699219e+02 5.5353497314e+02 5.5348101807e+02 5.5347998047e+02 5.5356701660e+02 5.5396502686e+02 5.5451397705e+02
5.5338702393e+02 5.5332299805e+02 5.5323999023e+02 5.5328198242e+02 5.5327502441e+02 5.5326599121e+02 5.5327697754e+02 5.5321697998e+02 5.5312200928e+02 5.5303100586e+02 5.5299200439e+02 5.5311602783e+02 5.5315399170e+02 5.5315399170e+02 5.5314801025e+02 5.5320697021e+02 5.5324700928e+02 5.5317401123e+02 5.5294097900e+02 5.5280401611e+02 5.5272399902e+02 5.5269299316e+02 5.5277301025e+02 5.5274298096e+02 5.5278802490e+02 5.5284802246e+02 5.5293298340e+02 5.5299401855e+02 5.5303698730e+02 5.5308197021e+02 5.5313299561e+02 5.5320001221e+02 5.5325500488e+02 5.5330999756e+02 5.5335498047e+02 5.5343103027e+02 5.5346301270e+02 5.5348999023e+02 5.5351800537e+02 5.5365698242e+02 5.5362500000e+02 5.5359399414e+02 5.5362500000e+02 5.5354998779e+02 5.5350201416e+02 5.5357299805e+02
5.5348901367e+02 5.5336199951e+02 5.5322998047e+02 5.5327301025e+02 5.5330401611e+02 5.5331402588e+02 5.5329498291e+02 5.5308099365e+02 5.5285498047e+02 5.5273797607e+02 5.5279998779e+02 5.5291302490e+02 5.5291497803e+02 5.5289898682e+02 5.5290600586e+02 5.5294097900e+02 5.5295202637e+02 5.5289001465e+02 5.5275701904e+02 5.5269299316e+02 5.5266497803e+02 5.5266699219e+02 5.5271600342e+02 5.5276501465e+02 5.5278802490e+02 5.5281298828e+02 5.5284497070e+02 5.5288500977e+02 5.5292498779e+02 5.5296899414e+02 5.5302197266e+02 5.5307501221e+02 5.5312402344e+02 5.5317602539e+02 5.5323797607e+02 5.5328802490e+02 5.5332598877e+02 5.5336401367e+02 5.5341302490e+02 5.5345697021e+02 5.5349401855e+02 5.5353997803e+02 5.5358801270e+02 5.5360400391e+02 5.5362200928e+02 5.5363500977e+02
5.5346197510e+02 5.5338000488e+02 5.5324298096e+02 5.5331201172e+02 5.5333300781e+02 5.5329699707e+02 5.5316900635e+02 5.5277899170e+02 5.5253698730e+02 5.5249499512e+02 5.5260797119e+02 5.5264398193e+02 5.5261798096e+02 5.5260998535e+02 5.5264202881e+02 5.5267498779e+02 5.5267700195e+02 5.5264001465e+02 5.5259100342e+02 5.5257098389e+02 5.5257397461e+02 5.5259698486e+02 5.5264300537e+02 5.5267700195e+02 5.5270202637e+02 5.5272802734e+02 5.5274902344e+02 5.5277697754e+02 5.5281597900e+02 5.5285900879e+02 5.5290899658e+02 5.5296002197e+02 5.5301000977e+02 5.5306201172e+02 5.5311798096e+02 5.5316601563e+02 5.5320800781e+02 5.5325097656e+02 5.5330401611e+02 5.5335498047e+02 5.5340399170e+02 5.5346099854e+02 5.5353802490e+02 5.5359600830e+02 5.5363598633e+02 5.5366198730e+02
5.5338598633e+02 5.5338397217e+02 5.5327001953e+02 5.5332202148e+02 5.5328198242e+02 5.5314001465e+02 5.5285601807e+02 5.5234899902e+02 5.5218798828e+02 5.5226898193e+02 5.5238500977e+02 5.5234497070e+02 5.5232397461e+02 5.5234197998e+02 5.5236700439e+02 5.5240698242e+02 5.5243103027e+02 5.5243103027e+02 5.5243597412e+02 5.5244201660e+02 5.5246899414e+02 5.5250701904e+02 5.5254901123e+02 5.5257299805e+02 5.5259997559e+02 5.5262799072e+02 5.5264501953e+02 5.5266802979e+02 5.5270599365e+02 5.5274700928e+02 5.5279400635e+02 5.5284301758e+02 5.5289300537e+02 5.5294500732e+02 5.5299798584e+02 5.5304498291e+02 5.5309100342e+02 5.5313702393e+02 5.5319000244e+02 5.5324597168e+02 5.5330297852e+02 5.5337097168e+02 5.5346801758e+02 5.5355902100e+02 5.5361999512e+02 5.5366198730e+02
5.5330902100e+02 5.5326000977e+02 5.5321801758e+02 5.5328399658e+02 5.5320098877e+02 5.5284802246e+02 5.5215399170e+02 5.5185601807e+02 5.5189697266e+02 5.5206097412e+02 5.5205603027e+02 5.5200799561e+02 5.5202099609e+02 5.5206701660e+02 5.5209600830e+02 5.5216198730e+02 5.5222399902e+02 5.5226098633e+02 5.5227502441e+02 5.5231597900e+02 5.5235797119e+02 5.5240100098e+02 5.5242700195e+02 5.5244702148e+02 5.5247698975e+02 5.5251000977e+02 5.5253601074e+02 5.5256097412e+02 5.5259698486e+02 5.5263397217e+02 5.5267401123e+02 5.5272497559e+02 5.5277398682e+02 5.5282397461e+02 5.5287402344e+02 5.5292401123e+02 5.5297302246e+02 5.5302301025e+02 5.5307000732e+02 5.5312701416e+02 5.5319000244e+02 5.5325897217e+02 5.5332501221e+02 5.5345202637e+02 5.5353002930e+02 5.5359197998e+02
5.5338500977e+02 5.5321197510e+02 5.5318103027e+02 5.5328198242e+02 5.5302197266e+02 5.5241802979e+02 5.5190698242e+02 5.5171502686e+02 5.5179602051e+02 5.5181298828e+02 5.5170300293e+02 5.5167401123e+02 5.5170300293e+02 5.5175897217e+02 5.5182897949e+02 5.5194097900e+02 5.5203601074e+02 5.5210101318e+02 5.5212701416e+02 5.5216998291e+02 5.5221502686e+02 5.5225402832e+02 5.5228100586e+02 5.5230499268e+02 5.5234002686e+02 5.5237701416e+02 5.5241302490e+02 5.5244598389e+02 5.5248297119e+02 5.5251898193e+02 5.5255798340e+02 5.5260699463e+02 5.5265399170e+02 5.5270300293e+02 5.5275299072e+02 5.5280401611e+02 5.5285400391e+02 5.5290301514e+02 5.5295300293e+02 5.5301098633e+02 5.5307098389e+02 5.5313299561e+02 5.5321398926e+02 5.5331500244e+02 5.5339001465e+02 5.5345599365e+02
5.5344897461e+02 5.5343200684e+02 5.5327697754e+02 5.5326300049e+02 5.5271301270e+02 5.5200701904e+02 5.5176501465e+02 5.5170501709e+02 5.5165698242e+02 5.5151501465e+02 5.5139501953e+02 5.5140997314e+02 5.5142700195e+02 5.5146899414e+02 5.5156500244e+02 5.5171197510e+02 5.5183898926e+02 5.5193402100e+02 5.5197601318e+02 5.5201202393e+02 5.5205798340e+02 5.5210101318e+02 5.5213500977e+02 5.5216802979e+02 5.5220697021e+02 5.5224798584e+02 5.5228802490e+02 5.5232598877e+02 5.5236499023e+02 5.5240399170e+02 5.5244299316e+02 5.5248901367e+02 5.5253497314e+02 5.5258300781e+02 5.5263299561e+02 5.5268402100e+02 5.5273400879e+02 5.5278399658e+02 5.5283502197e+02 5.5289300537e+02 5.5295202637e+02 5.5301202393e+02 5.5309497070e+02 5.5319299316e+02 5.5326397705e+02 5.5332598877e+02
5.5285797119e+02 5.5324499512e+02 5.5323400879e+02 5.5310900879e+02 5.5242498779e+02 5.5179302979e+02 5.5175299072e+02 5.5165100098e+02 5.5145599365e+02 5.5124102783e+02 5.5118402100e+02 5.5121197510e+02 5.5118701172e+02 5.5119000244e+02 5.5130200195e+02 5.5148297119e+02 5.5163299561e+02 5.5175299072e+02 5.5181597900e+02 5.5185302734e+02 5.5190197754e+02 5.5194799805e+02 5.5198901367e+02 5.5202899170e+02 5.5207202148e+02 5.5211700439e+02 5.5216302490e+02 5.5220501709e+02 5.5224700928e+02 5.5228802490e+02 5.5232800293e+02 5.5237097168e+02 5.5241601563e+02 5.5246301270e+02 5.5251300049e+02 5.5256402588e+02 5.5261401367e+02 5.5266400146e+02 5.5271502686e+02 5.5277197266e+02 5.5283001709e+02 5.5288897705e+02 5.5296899414e+02 5.5305902100e+02 5.5312500000e+02 5.5318402100e+02
5.5142901611e+02 5.5213299561e+02 5.5255798340e+02 5.5250799561e+02 5.5199902344e+02 5.5169097900e+02 5.5175097656e+02 5.5151000977e+02 5.5119598389e+02 5.5102099609e+02 5.5104797363e+02 5.5102801514e+02 5.5095898438e+02 5.5092700195e+02 5.5103802490e+02 5.5125402832e+02 5.5141400146e+02 5.5154998779e+02 5.5161999512e+02 5.5168701172e+02 5.5174902344e+02 5.5180499268e+02 5.5184899902e+02 5.5188598633e+02 5.5193402100e+02 5.5198199463e+02 5.5202502441e+02 5.5208099365e+02 5.5212799072e+02 5.5217199707e+02 5.5221301270e+02 5.5225201416e+02 5.5229699707e+02 5.5234197998e+02 5.5239001465e+02 5.5244299316e+02 5.5249298096e+02 5.5254302979e+02 5.5259497070e+02 5.5265100098e+02 5.5270697021e+02 5.5276300049e+02 5.5282098389e+02 5.5290100098e+02 5.5295898438e+02 5.5301501465e+02
5.5119702148e+02 5.5147100830e+02 5.5171997070e+02 5.5181701660e+02 5.5173101807e+02 5.5173400879e+02 5.5164398193e+02 5.5128399658e+02 5.5096997070e+02 5.5083502197e+02 5.5080603027e+02 5.5075799561e+02 5.5069396973e+02 5.5067102051e+02 5.5080200195e+02 5.5102502441e+02 5.5119000244e+02 5.5133398438e+02 5.5143701172e+02 5.5151098633e+02 5.5158801270e+02 5.5165197754e+02 5.5169897461e+02 5.5174597168e+02 5.5179797363e+02 5.5184698486e+02 5.5189898682e+02 5.5195697021e+02 5.5200598145e+02 5.5205200195e+02 5.5209301758e+02 5.5213299561e+02 5.5217700195e+02 5.5222198486e+02 5.5227301025e+02 5.5232397461e+02 5.5237402344e+02 5.5242498779e+02 5.5247802734e+02 5.5253399658e+02 5.5258599854e+02 5.5263800049e+02 5.5269299316e+02 5.5275097656e+02 5.5280401611e+02 5.5285601807e+02
5.5119500732e+02 5.5154901123e+02 5.5172698975e+02 5.5178497314e+02 5.5177697754e+02 5.5169598389e+02 5.5140399170e+02 5.5103002930e+02 5.5079797363e+02 5.5067797852e+02 5.5057397461e+02 5.5050097656e+02 5.5044799805e+02 5.5044097900e+02 5.5059002686e+02 5.5082299805e+02 5.5099499512e+02 5.5114599609e+02 5.5126501465e+02 5.5135198975e+02 5.5143103027e+02 5.5149798584e+02 5.5155499268e+02 5.5161199951e+02 5.5166802979e+02 5.5172100830e+02 5.5177697754e+02 5.5183599854e+02 5.5188500977e+02 5.5193103027e+02 5.5197302246e+02 5.5201501465e+02 5.5205999756e+02 5.5210498047e+02 5.5215399170e+02 5.5220599365e+02 5.5225500488e+02 5.5230603027e+02 5.5235900879e+02 5.5241198730e+02 5.5246301270e+02 5.5251202393e+02 5.5256201172e+02 5.5261499023e+02 5.5266601563e+02 5.5271600342e+02
5.5090197754e+02 5.5135797119e+02 5.5170098877e+02 5.5186401367e+02 5.5178698730e+02 5.5147802734e+02 5.5107897949e+02 5.5082000732e+02 5.5066699219e+02 5.5053997803e+02 5.5040197754e+02 5.5033898926e+02 5.5030603027e+02 5.5031097412e+02 5.5043902588e+02 5.5065600586e+02 5.5083001709e+02 5.5098498535e+02 5.5111199951e+02 5.5120501709e+02 5.5128497314e+02 5.5135302734e+02 5.5141802979e+02 5.5148400879e+02 5.5154400635e+02 5.5159997559e+02 5.5165997314e+02 5.5171801758e+02 5.5176800537e+02 5.5181298828e+02 5.5185498047e+02 5.5189697266e+02 5.5194201660e+02 5.5198797607e+02 5.5203601074e+02 5.5208599854e+02 5.5213598633e+02 5.5218701172e+02 5.5223901367e+02 5.5228900146e+02 5.5233599854e+02 5.5238299561e+02 5.5242901611e+02 5.5247802734e+02 5.5252600098e+02 5.5257299805e+02
