TESTSERVER/13/16.asc
NCOLS 100
NROWS 100
XLLCORNER 8.1497500000e+03
YLLCORNER 2.8915025000e+05
CELLSIZE 5.0000000000e-01
NODATA_VALUE -9.9990000000e+03
[rows 60 to 79 of 100, columns 46 to 91 of 100]
5.5248999023e+02 5.5252502441e+02 5.5255798340e+02 5.5258197021e+02 5.5260101318e+02 5.5257501221e+02 5.5256201172e+02 5.5257000732e+02 5.5261700439e+02 5.5285797119e+02 5.5327398682e+02 5.5391802979e+02 5.5472802734e+02 5.5542498779e+02 5.5567901611e+02 5.5573602295e+02 5.5571502686e+02 5.5555102539e+02 5.5548699951e+02 5.5543200684e+02 5.5537902832e+02 5.5535797119e+02 5.5535101318e+02 5.5535699463e+02 5.5535699463e+02 5.5536602783e+02 5.5536798096e+02 5.5536499023e+02 5.5538897705e+02 5.5536700439e+02 5.5532800293e+02 5.5528302002e+02 5.5528997803e+02 5.5522802734e+02 5.5544598389e+02 5.5593200684e+02 5.5643499756e+02 5.5699200439e+02 5.5728302002e+02 5.5739202881e+02 5.5752600098e+02 5.5737200928e+02 5.5732000732e+02 5.5725201416e+02 5.5725500488e+02 5.5726098633e+02
5.5234497070e+02 5.5239599609e+02 5.5243798828e+02 5.5247497559e+02 5.5250500488e+02 5.5251000977e+02 5.5250701904e+02 5.5254498291e+02 5.5269702148e+02 5.5299798584e+02 5.5336297607e+02 5.5386499023e+02 5.5459698486e+02 5.5520501709e+02 5.5557598877e+02 5.5575097656e+02 5.5565899658e+02 5.5547497559e+02 5.5538299561e+02 5.5530999756e+02 5.5525402832e+02 5.5520599365e+02 5.5518597412e+02 5.5518103027e+02 5.5519702148e+02 5.5518798828e+02 5.5518798828e+02 5.5521697998e+02 5.5527197266e+02 5.5529498291e+02 5.5532598877e+02 5.5534698486e+02 5.5534399414e+02 5.5528497314e+02 5.5522100830e+02 5.5523602295e+02 5.5535400391e+02 5.5558599854e+02 5.5589501953e+02 5.5634600830e+02 5.5691802979e+02 5.5722198486e+02 5.5742999268e+02 5.5747698975e+02 5.5734698486e+02 5.5719598389e+02
5.5219702148e+02 5.5225799561e+02 5.5230700684e+02 5.5235198975e+02 5.5239898682e+02 5.5243103027e+02 5.5246197510e+02 5.5254400635e+02 5.5276098633e+02 5.5306402588e+02 5.5338598633e+02 5.5381402588e+02 5.5448498535e+02 5.5510797119e+02 5.5546197510e+02 5.5562701416e+02 5.5553100586e+02 5.5534802246e+02 5.5525000000e+02 5.5516497803e+02 5.5508398438e+02 5.5502099609e+02 5.5499499512e+02 5.5498400879e+02 5.5499298096e+02 5.5498699951e+02 5.5499401855e+02 5.5503302002e+02 5.5511901855e+02 5.5523498535e+02 5.5533697510e+02 5.5540997314e+02 5.5538897705e+02 5.5535797119e+02 5.5534100342e+02 5.5528399658e+02 5.5518499756e+02 5.5511999512e+02 5.5516101074e+02 5.5536999512e+02 5.5572698975e+02 5.5608801270e+02 5.5672198486e+02 5.5719396973e+02 5.5729400635e+02 5.5736999512e+02
5.5204101563e+02 5.5210797119e+02 5.5216400146e+02 5.5221600342e+02 5.5227398682e+02 5.5232897949e+02 5.5239300537e+02 5.5251300049e+02 5.5274700928e+02 5.5305200195e+02 5.5337701416e+02 5.5377600098e+02 5.5438098145e+02 5.5496197510e+02 5.5527502441e+02 5.5541302490e+02 5.5531597900e+02 5.5514697266e+02 5.5504797363e+02 5.5495898438e+02 5.5486602783e+02 5.5479400635e+02 5.5476202393e+02 5.5474499512e+02 5.5474200439e+02 5.5473400879e+02 5.5474597168e+02 5.5479400635e+02 5.5490698242e+02 5.5508801270e+02 5.5523901367e+02 5.5534399414e+02 5.5535498047e+02 5.5533898926e+02 5.5535400391e+02 5.5535302734e+02 5.5533300781e+02 5.5529699707e+02 5.5522601318e+02 5.5516802979e+02 5.5514202881e+02 5.5516802979e+02 5.5554498291e+02 5.5596600342e+02 5.5625500488e+02 5.5687902832e+02
5.5184997559e+02 5.5192498779e+02 5.5198999023e+02 5.5206097412e+02 5.5212597656e+02 5.5219598389e+02 5.5228900146e+02 5.5242297363e+02 5.5258599854e+02 5.5291802979e+02 5.5329199219e+02 5.5370599365e+02 5.5414801025e+02 5.5464001465e+02 5.5491302490e+02 5.5507299805e+02 5.5503100586e+02 5.5484899902e+02 5.5476898193e+02 5.5468597412e+02 5.5457897949e+02 5.5452600098e+02 5.5448400879e+02 5.5445202637e+02 5.5438201904e+02 5.5440899658e+02 5.5443200684e+02 5.5448101807e+02 5.5448901367e+02 5.5465802002e+02 5.5478100586e+02 5.5490301514e+02 5.5511401367e+02 5.5535699463e+02 5.5539300537e+02 5.5539599609e+02 5.5545300293e+02 5.5534899902e+02 5.5530999756e+02 5.5527301025e+02 5.5527600098e+02 5.5524102783e+02 5.5519598389e+02 5.5519299316e+02 5.5525000000e+02 5.5551898193e+02
5.5167602539e+02 5.5172198486e+02 5.5179199219e+02 5.5187298584e+02 5.5195501709e+02 5.5203997803e+02 5.5211700439e+02 5.5220001221e+02 5.5236700439e+02 5.5272802734e+02 5.5310601807e+02 5.5351000977e+02 5.5392297363e+02 5.5423400879e+02 5.5447399902e+02 5.5464001465e+02 5.5462298584e+02 5.5447399902e+02 5.5442401123e+02 5.5435699463e+02 5.5426702881e+02 5.5421398926e+02 5.5417199707e+02 5.5413098145e+02 5.5408300781e+02 5.5406701660e+02 5.5407202148e+02 5.5408801270e+02 5.5410302734e+02 5.5408398438e+02 5.5410400391e+02 5.5416497803e+02 5.5428497314e+02 5.5459301758e+02 5.5500201416e+02 5.5536499023e+02 5.5555700684e+02 5.5550897217e+02 5.5543298340e+02 5.5533599854e+02 5.5529699707e+02 5.5527398682e+02 5.5525000000e+02 5.5523297119e+02 5.5519598389e+02 5.5511102295e+02
5.5150598145e+02 5.5154101563e+02 5.5160400391e+02 5.5167901611e+02 5.5176397705e+02 5.5185302734e+02 5.5190600586e+02 5.5195202637e+02 5.5211297607e+02 5.5250897217e+02 5.5288598633e+02 5.5327197266e+02 5.5365100098e+02 5.5391497803e+02 5.5410699463e+02 5.5422900391e+02 5.5421099854e+02 5.5411901855e+02 5.5408300781e+02 5.5402899170e+02 5.5395300293e+02 5.5390698242e+02 5.5386700439e+02 5.5382897949e+02 5.5378399658e+02 5.5375201416e+02 5.5373297119e+02 5.5372100830e+02 5.5370202637e+02 5.5361199951e+02 5.5354901123e+02 5.5352001953e+02 5.5333697510e+02 5.5337799072e+02 5.5388000488e+02 5.5444201660e+02 5.5488098145e+02 5.5517297363e+02 5.5534997559e+02 5.5537597656e+02 5.5533001709e+02 5.5531298828e+02 5.5528497314e+02 5.5526098633e+02 5.5526098633e+02 5.5522399902e+02
5.5134399414e+02 5.5136700439e+02 5.5141900635e+02 5.5148199463e+02 5.5155499268e+02 5.5163598633e+02 5.5167297363e+02 5.5169799805e+02 5.5183898926e+02 5.5223901367e+02 5.5260998535e+02 5.5297601318e+02 5.5333197021e+02 5.5356896973e+02 5.5372399902e+02 5.5381298828e+02 5.5380200195e+02 5.5375799561e+02 5.5373699951e+02 5.5369702148e+02 5.5363702393e+02 5.5359802246e+02 5.5356298828e+02 5.5352801514e+02 5.5348999023e+02 5.5344396973e+02 5.5340197754e+02 5.5336401367e+02 5.5330902100e+02 5.5315197754e+02 5.5301501465e+02 5.5290399170e+02 5.5259899902e+02 5.5238500977e+02 5.5268298340e+02 5.5310998535e+02 5.5356500244e+02 5.5433599854e+02 5.5495098877e+02 5.5525701904e+02 5.5528698730e+02 5.5529699707e+02 5.5529602051e+02 5.5529498291e+02 5.5528802490e+02 5.5530499268e+02
5.5119702148e+02 5.5121002197e+02 5.5124401855e+02 5.5128900146e+02 5.5133300781e+02 5.5139398193e+02 5.5143402100e+02 5.5147399902e+02 5.5160699463e+02 5.5194201660e+02 5.5229602051e+02 5.5264801025e+02 5.5300000000e+02 5.5316302490e+02 5.5328900146e+02 5.5337097168e+02 5.5338201904e+02 5.5338397217e+02 5.5338897705e+02 5.5337799072e+02 5.5334002686e+02 5.5327600098e+02 5.5324700928e+02 5.5321502686e+02 5.5318402100e+02 5.5315502930e+02 5.5309698486e+02 5.5303100586e+02 5.5295202637e+02 5.5277697754e+02 5.5260601807e+02 5.5244598389e+02 5.5238000488e+02 5.5219500732e+02 5.5212200928e+02 5.5214898682e+02 5.5249597168e+02 5.5342401123e+02 5.5428302002e+02 5.5482897949e+02 5.5492999268e+02 5.5510101318e+02 5.5520001221e+02 5.5526202393e+02 5.5528198242e+02 5.5528002930e+02
5.5105401611e+02 5.5105401611e+02 5.5105499268e+02 5.5107202148e+02 5.5109997559e+02 5.5116497803e+02 5.5122601318e+02 5.5129699707e+02 5.5140698242e+02 5.5166699219e+02 5.5195001221e+02 5.5225402832e+02 5.5256097412e+02 5.5270697021e+02 5.5283099365e+02 5.5293200684e+02 5.5298602295e+02 5.5300097656e+02 5.5302697754e+02 5.5304199219e+02 5.5301397705e+02 5.5296600342e+02 5.5294897461e+02 5.5292700195e+02 5.5291198730e+02 5.5289300537e+02 5.5284802246e+02 5.5278900146e+02 5.5270501709e+02 5.5259002686e+02 5.5248297119e+02 5.5237902832e+02 5.5232299805e+02 5.5229101563e+02 5.5220001221e+02 5.5220300293e+02 5.5235601807e+02 5.5305798340e+02 5.5371502686e+02 5.5421502686e+02 5.5453002930e+02 5.5474200439e+02 5.5488000488e+02 5.5494799805e+02 5.5502398682e+02 5.5515002441e+02
5.5090899658e+02 5.5088598633e+02 5.5085601807e+02 5.5085101318e+02 5.5087200928e+02 5.5094702148e+02 5.5101501465e+02 5.5108898926e+02 5.5118701172e+02 5.5138098145e+02 5.5160900879e+02 5.5186199951e+02 5.5214599609e+02 5.5231402588e+02 5.5243902588e+02 5.5254199219e+02 5.5260900879e+02 5.5264501953e+02 5.5267999268e+02 5.5270501709e+02 5.5270098877e+02 5.5267999268e+02 5.5267401123e+02 5.5266302490e+02 5.5265301514e+02 5.5263800049e+02 5.5260400391e+02 5.5255603027e+02 5.5248199463e+02 5.5240002441e+02 5.5232800293e+02 5.5226098633e+02 5.5226800537e+02 5.5228302002e+02 5.5219897461e+02 5.5218103027e+02 5.5223101807e+02 5.5278802490e+02 5.5335998535e+02 5.5379797363e+02 5.5412701416e+02 5.5438098145e+02 5.5452600098e+02 5.5460797119e+02 5.5473101807e+02 5.5491998291e+02
5.5076098633e+02 5.5071801758e+02 5.5067498779e+02 5.5065997314e+02 5.5067297363e+02 5.5074499512e+02 5.5080603027e+02 5.5086499023e+02 5.5095300293e+02 5.5111199951e+02 5.5129400635e+02 5.5150598145e+02 5.5176800537e+02 5.5194799805e+02 5.5207501221e+02 5.5217901611e+02 5.5225402832e+02 5.5230798340e+02 5.5235498047e+02 5.5238897705e+02 5.5240502930e+02 5.5240502930e+02 5.5240899658e+02 5.5240899658e+02 5.5240502930e+02 5.5239801025e+02 5.5237402344e+02 5.5233801270e+02 5.5228002930e+02 5.5223400879e+02 5.5219500732e+02 5.5216101074e+02 5.5220001221e+02 5.5223101807e+02 5.5215399170e+02 5.5211602783e+02 5.5210699463e+02 5.5255902100e+02 5.5303698730e+02 5.5340802002e+02 5.5373101807e+02 5.5401300049e+02 5.5416802979e+02 5.5426898193e+02 5.5441400146e+02 5.5461499023e+02
5.5060699463e+02 5.5055798340e+02 5.5052600098e+02 5.5052197266e+02 5.5053698730e+02 5.5057800293e+02 5.5061999512e+02 5.5064697266e+02 5.5071398926e+02 5.5088500977e+02 5.5102301025e+02 5.5117999268e+02 5.5135699463e+02 5.5159698486e+02 5.5173199463e+02 5.5184899902e+02 5.5194598389e+02 5.5198699951e+02 5.5204199219e+02 5.5208801270e+02 5.5210101318e+02 5.5213500977e+02 5.5215899658e+02 5.5217602539e+02 5.5217102051e+02 5.5215600586e+02 5.5215301514e+02 5.5214300537e+02 5.5214099121e+02 5.5209497070e+02 5.5208001709e+02 5.5206701660e+02 5.5207000732e+02 5.5210601807e+02 5.5207000732e+02 5.5204498291e+02 5.5210498047e+02 5.5236401367e+02 5.5269702148e+02 5.5300201416e+02 5.5325897217e+02 5.5356597900e+02 5.5376098633e+02 5.5392401123e+02 5.5407702637e+02 5.5421801758e+02
5.5048699951e+02 5.5043701172e+02 5.5041400146e+02 5.5042401123e+02 5.5043200684e+02 5.5044500732e+02 5.5046398926e+02 5.5047802734e+02 5.5054901123e+02 5.5071899414e+02 5.5083599854e+02 5.5095898438e+02 5.5111999512e+02 5.5129998779e+02 5.5142901611e+02 5.5154998779e+02 5.5164697266e+02 5.5169799805e+02 5.5175701904e+02 5.5180700684e+02 5.5184997559e+02 5.5189202881e+02 5.5192602539e+02 5.5195001221e+02 5.5194598389e+02 5.5193701172e+02 5.5194799805e+02 5.5196197510e+02 5.5196697998e+02 5.5195300293e+02 5.5194799805e+02 5.5194299316e+02 5.5194702148e+02 5.5195800781e+02 5.5196502686e+02 5.5197900391e+02 5.5199700928e+02 5.5218798828e+02 5.5241998291e+02 5.5267797852e+02 5.5295800781e+02 5.5318200684e+02 5.5338397217e+02 5.5357098389e+02 5.5372900391e+02 5.5383300781e+02
5.5037701416e+02 5.5033898926e+02 5.5033197021e+02 5.5034301758e+02 5.5033801270e+02 5.5032702637e+02 5.5033300781e+02 5.5034899902e+02 5.5041802979e+02 5.5055999756e+02 5.5066699219e+02 5.5077801514e+02 5.5090600586e+02 5.5104797363e+02 5.5116302490e+02 5.5127197266e+02 5.5137097168e+02 5.5143701172e+02 5.5150097656e+02 5.5155603027e+02 5.5161401367e+02 5.5166497803e+02 5.5169799805e+02 5.5172100830e+02 5.5172698975e+02 5.5173602295e+02 5.5175402832e+02 5.5177502441e+02 5.5179498291e+02 5.5180200195e+02 5.5180999756e+02 5.5181597900e+02 5.5182598877e+02 5.5183801270e+02 5.5185498047e+02 5.5188098145e+02 5.5190002441e+02 5.5203399658e+02 5.5221899414e+02 5.5242999268e+02 5.5267999268e+02 5.5289202881e+02 5.5307397461e+02 5.5323999023e+02 5.5338800049e+02 5.5349401855e+02
5.5029699707e+02 5.5028198242e+02 5.5028497314e+02 5.5028002930e+02 5.5024401855e+02 5.5021899414e+02 5.5022100830e+02 5.5025000000e+02 5.5031298828e+02 5.5041699219e+02 5.5051300049e+02 5.5061297607e+02 5.5071502686e+02 5.5082598877e+02 5.5092700195e+02 5.5102398682e+02 5.5112200928e+02 5.5119897461e+02 5.5126702881e+02 5.5132800293e+02 5.5139300537e+02 5.5144799805e+02 5.5147998047e+02 5.5150299072e+02 5.5151702881e+02 5.5154101563e+02 5.5156597900e+02 5.5159301758e+02 5.5162402344e+02 5.5164898682e+02 5.5166998291e+02 5.5168902588e+02 5.5170300293e+02 5.5171997070e+02 5.5174798584e+02 5.5178497314e+02 5.5181097412e+02 5.5190002441e+02 5.5204101563e+02 5.5220898438e+02 5.5242602539e+02 5.5261999512e+02 5.5277801514e+02 5.5292401123e+02 5.5305700684e+02 5.5316302490e+02
5.5024700928e+02 5.5025799561e+02 5.5026599121e+02 5.5023101807e+02 5.5014898682e+02 5.5011499023e+02 5.5012799072e+02 5.5018103027e+02 5.5023498535e+02 5.5027899170e+02 5.5036102295e+02 5.5044799805e+02 5.5054699707e+02 5.5064001465e+02 5.5072100830e+02 5.5079998779e+02 5.5088897705e+02 5.5099200439e+02 5.5106896973e+02 5.5113897705e+02 5.5120697021e+02 5.5123199463e+02 5.5126397705e+02 5.5128997803e+02 5.5130902100e+02 5.5134600830e+02 5.5137799072e+02 5.5141302490e+02 5.5145098877e+02 5.5149700928e+02 5.5153601074e+02 5.5157299805e+02 5.5160601807e+02 5.5161102295e+02 5.5165100098e+02 5.5169702148e+02 5.5175402832e+02 5.5180401611e+02 5.5189202881e+02 5.5199298096e+02 5.5213800049e+02 5.5235699463e+02 5.5248199463e+02 5.5260198975e+02 5.5270898438e+02 5.5282098389e+02
5.5022497559e+02 5.5026202393e+02 5.5025402832e+02 5.5015502930e+02 5.5003399658e+02 5.5000897217e+02 5.5003399658e+02 5.5008599854e+02 5.5010797119e+02 5.5014501953e+02 5.5022100830e+02 5.5030401611e+02 5.5040301514e+02 5.5049200439e+02 5.5056402588e+02 5.5063500977e+02 5.5071899414e+02 5.5081597900e+02 5.5089202881e+02 5.5096301270e+02 5.5101501465e+02 5.5103900146e+02 5.5107397461e+02 5.5110601807e+02 5.5113397217e+02 5.5116699219e+02 5.5120501709e+02 5.5124499512e+02 5.5129199219e+02 5.5134301758e+02 5.5139001465e+02 5.5143701172e+02 5.5147198486e+02 5.5150201416e+02 5.5154602051e+02 5.5159197998e+02 5.5164801025e+02 5.5172302246e+02 5.5178900146e+02 5.5185400391e+02 5.5196197510e+02 5.5210498047e+02 5.5220501709e+02 5.5230700684e+02 5.5241601563e+02 5.5249597168e+02
5.5021997070e+02 5.5025299072e+02 5.5018402100e+02 5.5001702881e+02 5.4989801025e+02 5.4987701416e+02 5.4988299561e+02 5.4990502930e+02 5.4992999268e+02 5.5000201416e+02 5.5007702637e+02 5.5015899658e+02 5.5025598145e+02 5.5034002686e+02 5.5041101074e+02 5.5047900391e+02 5.5055499268e+02 5.5063800049e+02 5.5070898438e+02 5.5077398682e+02 5.5082702637e+02 5.5085998535e+02 5.5089801025e+02 5.5093200684e+02 5.5096398926e+02 5.5100000000e+02 5.5104101563e+02 5.5108502197e+02 5.5113702393e+02 5.5119097900e+02 5.5123999023e+02 5.5128997803e+02 5.5133697510e+02 5.5137902832e+02 5.5142700195e+02 5.5147698975e+02 5.5153601074e+02 5.5160699463e+02 5.5166900635e+02 5.5172900391e+02 5.5179400635e+02 5.5188201904e+02 5.5196502686e+02 5.5205200195e+02 5.5214398193e+02 5.5221398926e+02
5.5022100830e+02 5.5021301270e+02 5.5009899902e+02 5.4991198730e+02 5.4979101563e+02 5.4975000000e+02 5.4972698975e+02 5.4971197510e+02 5.4974597168e+02 5.4985998535e+02 5.4993402100e+02 5.5001599121e+02 5.5011199951e+02 5.5019396973e+02 5.5026202393e+02 5.5032800293e+02 5.5039599609e+02 5.5046801758e+02 5.5053302002e+02 5.5059301758e+02 5.5064501953e+02 5.5068597412e+02 5.5072698975e+02 5.5076397705e+02 5.5079797363e+02 5.5083898926e+02 5.5088299561e+02 5.5092999268e+02 5.5098498535e+02 5.5104199219e+02 5.5109399414e+02 5.5114599609e+02 5.5120098877e+02 5.5125299072e+02 5.5130401611e+02 5.5135601807e+02 5.5141802979e+02 5.5148602295e+02 5.5154302979e+02 5.5159802246e+02 5.5163500977e+02 5.5168402100e+02 5.5175000000e+02 5.5182000732e+02 5.5189599609e+02 5.5195599365e+02
