TESTSERVER/13/16.asc
NCOLS 100
NROWS 100
XLLCORNER 8.1497500000e+03
YLLCORNER 2.8915025000e+05
CELLSIZE 5.0000000000e-01
NODATA_VALUE -9.9990000000e+03
[rows 20 to 39 of 100, columns 46 to 91 of 100]
5.6492297363e+02 5.6506896973e+02 5.6521899414e+02 5.6533898926e+02 5.6545599365e+02 5.6555297852e+02 5.6567102051e+02 5.6576898193e+02 5.6589697266e+02 5.6601000977e+02 5.6609100342e+02 5.6614001465e+02 5.6623199463e+02 5.6632800293e+02 5.6641198730e+02 5.6649499512e+02 5.6660101318e+02 5.6666198730e+02 5.6675299072e+02 5.6684698486e+02 5.6691699219e+02 5.6698498535e+02 5.6708001709e+02 5.6719299316e+02 5.6727697754e+02 5.6736999512e+02 5.6747900391e+02 5.6758599854e+02 5.6768798828e+02 5.6786499023e+02 5.6802398682e+02 5.6815899658e+02 5.6825799561e+02 5.6834197998e+02 5.6845001221e+02 5.6855603027e+02 5.6869396973e+02 5.6875097656e+02 5.6878802490e+02 5.6886297607e+02 5.6895001221e+02 5.6902600098e+02 5.6911102295e+02 5.6916998291e+02 5.6919500732e+02 5.6928997803e+02
5.6466198730e+02 5.6477600098e+02 5.6492102051e+02 5.6503601074e+02 5.6516400146e+02 5.6527600098e+02 5.6539300537e+02 5.6548498535e+02 5.6560198975e+02 5.6571899414e+02 5.6579302979e+02 5.6585797119e+02 5.6593499756e+02 5.6603198242e+02 5.6610400391e+02 5.6617199707e+02 5.6628302002e+02 5.6637200928e+02 5.6646002197e+02 5.6653198242e+02 5.6657800293e+02 5.6665399170e+02 5.6675201416e+02 5.6685101318e+02 5.6691198730e+02 5.6699298096e+02 5.6710699463e+02 5.6722198486e+02 5.6734100342e+02 5.6748699951e+02 5.6762799072e+02 5.6777197266e+02 5.6790698242e+02 5.6801202393e+02 5.6813098145e+02 5.6823901367e+02 5.6834899902e+02 5.6841699219e+02 5.6846997070e+02 5.6855798340e+02 5.6865399170e+02 5.6871502686e+02 5.6879302979e+02 5.6885498047e+02 5.6893200684e+02 5.6902099609e+02
5.6439599609e+02 5.6450500488e+02 5.6464898682e+02 5.6478399658e+02 5.6489300537e+02 5.6498297119e+02 5.6510699463e+02 5.6521697998e+02 5.6533599854e+02 5.6544299316e+02 5.6550000000e+02 5.6555499268e+02 5.6561602783e+02 5.6571197510e+02 5.6579199219e+02 5.6586602783e+02 5.6596197510e+02 5.6605297852e+02 5.6613702393e+02 5.6619702148e+02 5.6623199463e+02 5.6632897949e+02 5.6642602539e+02 5.6651397705e+02 5.6657202148e+02 5.6665698242e+02 5.6677001953e+02 5.6688897705e+02 5.6701300049e+02 5.6711297607e+02 5.6722399902e+02 5.6736602783e+02 5.6752301025e+02 5.6766998291e+02 5.6781500244e+02 5.6791497803e+02 5.6798999023e+02 5.6809399414e+02 5.6815997314e+02 5.6824200439e+02 5.6834802246e+02 5.6839898682e+02 5.6847302246e+02 5.6854498291e+02 5.6863000488e+02 5.6870397949e+02
5.6411401367e+02 5.6423797607e+02 5.6437298584e+02 5.6451098633e+02 5.6461499023e+02 5.6469201660e+02 5.6480700684e+02 5.6492700195e+02 5.6503100586e+02 5.6512799072e+02 5.6518298340e+02 5.6523797607e+02 5.6529498291e+02 5.6539398193e+02 5.6549902344e+02 5.6557598877e+02 5.6563897705e+02 5.6571997070e+02 5.6580200195e+02 5.6587701416e+02 5.6591998291e+02 5.6602099609e+02 5.6611798096e+02 5.6620098877e+02 5.6626098633e+02 5.6634802246e+02 5.6645599365e+02 5.6657598877e+02 5.6670599365e+02 5.6679797363e+02 5.6689501953e+02 5.6702197266e+02 5.6717797852e+02 5.6734600830e+02 5.6747802734e+02 5.6758001709e+02 5.6765002441e+02 5.6775799561e+02 5.6783398438e+02 5.6792102051e+02 5.6802600098e+02 5.6806799316e+02 5.6814801025e+02 5.6823199463e+02 5.6830902100e+02 5.6839697266e+02
5.6375598145e+02 5.6392297363e+02 5.6407501221e+02 5.6421997070e+02 5.6430798340e+02 5.6440399170e+02 5.6451098633e+02 5.6461499023e+02 5.6469598389e+02 5.6481298828e+02 5.6487097168e+02 5.6492401123e+02 5.6499700928e+02 5.6509698486e+02 5.6521600342e+02 5.6528900146e+02 5.6533801270e+02 5.6541101074e+02 5.6547998047e+02 5.6556799316e+02 5.6561901855e+02 5.6567901611e+02 5.6579199219e+02 5.6589001465e+02 5.6593902588e+02 5.6604101563e+02 5.6615698242e+02 5.6628100586e+02 5.6640899658e+02 5.6651702881e+02 5.6664001465e+02 5.6675799561e+02 5.6688598633e+02 5.6700897217e+02 5.6712402344e+02 5.6724298096e+02 5.6733099365e+02 5.6743902588e+02 5.6751800537e+02 5.6760101318e+02 5.6770300293e+02 5.6775500488e+02 5.6785101318e+02 5.6795300293e+02 5.6805401611e+02 5.6819598389e+02
5.6349102783e+02 5.6364202881e+02 5.6376501465e+02 5.6390100098e+02 5.6400097656e+02 5.6410998535e+02 5.6420599365e+02 5.6431402588e+02 5.6439801025e+02 5.6450799561e+02 5.6456701660e+02 5.6462402344e+02 5.6468701172e+02 5.6476202393e+02 5.6488201904e+02 5.6498101807e+02 5.6506597900e+02 5.6513702393e+02 5.6517901611e+02 5.6525897217e+02 5.6532000732e+02 5.6537298584e+02 5.6548297119e+02 5.6557098389e+02 5.6564300537e+02 5.6576098633e+02 5.6588098145e+02 5.6598797607e+02 5.6609100342e+02 5.6620800781e+02 5.6634997559e+02 5.6644702148e+02 5.6654302979e+02 5.6667498779e+02 5.6682202148e+02 5.6696099854e+02 5.6705200195e+02 5.6712500000e+02 5.6719299316e+02 5.6725799561e+02 5.6736798096e+02 5.6746697998e+02 5.6756201172e+02 5.6763598633e+02 5.6775500488e+02 5.6799700928e+02
5.6309197998e+02 5.6329998779e+02 5.6345800781e+02 5.6359899902e+02 5.6370599365e+02 5.6381298828e+02 5.6390802002e+02 5.6403198242e+02 5.6411499023e+02 5.6419799805e+02 5.6425799561e+02 5.6432897949e+02 5.6438500977e+02 5.6446301270e+02 5.6457202148e+02 5.6467401123e+02 5.6475897217e+02 5.6483398438e+02 5.6489398193e+02 5.6499499512e+02 5.6508300781e+02 5.6515002441e+02 5.6523797607e+02 5.6530200195e+02 5.6537200928e+02 5.6550097656e+02 5.6561499023e+02 5.6570098877e+02 5.6578997803e+02 5.6590399170e+02 5.6602801514e+02 5.6610699463e+02 5.6621301270e+02 5.6635797119e+02 5.6650201416e+02 5.6664697266e+02 5.6675402832e+02 5.6680401611e+02 5.6687200928e+02 5.6692602539e+02 5.6702197266e+02 5.6715997314e+02 5.6726397705e+02 5.6731097412e+02 5.6741497803e+02 5.6763299561e+02
5.6259698486e+02 5.6288702393e+02 5.6312500000e+02 5.6330200195e+02 5.6341497803e+02 5.6352197266e+02 5.6361700439e+02 5.6373199463e+02 5.6381701660e+02 5.6387097168e+02 5.6393200684e+02 5.6401599121e+02 5.6406201172e+02 5.6414202881e+02 5.6426000977e+02 5.6435998535e+02 5.6444299316e+02 5.6454498291e+02 5.6462200928e+02 5.6472900391e+02 5.6482897949e+02 5.6489697266e+02 5.6497698975e+02 5.6504498291e+02 5.6511700439e+02 5.6524401855e+02 5.6535498047e+02 5.6542797852e+02 5.6550500488e+02 5.6562402344e+02 5.6574401855e+02 5.6583599854e+02 5.6594000244e+02 5.6604498291e+02 5.6614697266e+02 5.6627099609e+02 5.6639300537e+02 5.6645202637e+02 5.6655102539e+02 5.6661199951e+02 5.6668701172e+02 5.6682299805e+02 5.6694000244e+02 5.6700299072e+02 5.6708898926e+02 5.6720098877e+02
5.6226098633e+02 5.6243902588e+02 5.6259301758e+02 5.6276098633e+02 5.6298199463e+02 5.6319897461e+02 5.6330902100e+02 5.6340698242e+02 5.6347900391e+02 5.6351098633e+02 5.6359301758e+02 5.6368902588e+02 5.6374401855e+02 5.6382000732e+02 5.6394097900e+02 5.6403802490e+02 5.6412298584e+02 5.6425701904e+02 5.6432800293e+02 5.6440802002e+02 5.6452600098e+02 5.6460400391e+02 5.6469598389e+02 5.6478497314e+02 5.6484997559e+02 5.6496600342e+02 5.6508300781e+02 5.6516101074e+02 5.6521697998e+02 5.6533197021e+02 5.6545001221e+02 5.6556201172e+02 5.6564501953e+02 5.6570898438e+02 5.6577301025e+02 5.6587200928e+02 5.6601300049e+02 5.6611999512e+02 5.6621197510e+02 5.6629101563e+02 5.6639099121e+02 5.6647698975e+02 5.6657800293e+02 5.6668298340e+02 5.6675598145e+02 5.6688500977e+02
5.6183801270e+02 5.6202398682e+02 5.6215899658e+02 5.6227801514e+02 5.6245397949e+02 5.6267297363e+02 5.6289001465e+02 5.6303002930e+02 5.6302697754e+02 5.6304101563e+02 5.6321899414e+02 5.6339697266e+02 5.6344500732e+02 5.6351800537e+02 5.6363201904e+02 5.6374798584e+02 5.6382598877e+02 5.6393701172e+02 5.6400500488e+02 5.6409100342e+02 5.6419500732e+02 5.6428900146e+02 5.6439099121e+02 5.6447601318e+02 5.6456896973e+02 5.6468701172e+02 5.6480401611e+02 5.6490802002e+02 5.6500000000e+02 5.6508099365e+02 5.6515502930e+02 5.6526397705e+02 5.6534497070e+02 5.6537402344e+02 5.6542999268e+02 5.6552301025e+02 5.6563702393e+02 5.6576300049e+02 5.6586602783e+02 5.6597100830e+02 5.6608099365e+02 5.6616101074e+02 5.6628002930e+02 5.6639398193e+02 5.6645202637e+02 5.6655200195e+02
5.6145001221e+02 5.6162298584e+02 5.6179998779e+02 5.6192999268e+02 5.6202502441e+02 5.6213397217e+02 5.6233099365e+02 5.6251397705e+02 5.6260101318e+02 5.6265002441e+02 5.6286602783e+02 5.6309997559e+02 5.6316601563e+02 5.6323999023e+02 5.6333697510e+02 5.6345697021e+02 5.6353900146e+02 5.6363098145e+02 5.6369500732e+02 5.6378302002e+02 5.6386901855e+02 5.6396997070e+02 5.6407897949e+02 5.6416497803e+02 5.6429302979e+02 5.6439898682e+02 5.6450000000e+02 5.6461602783e+02 5.6472998047e+02 5.6482299805e+02 5.6488897705e+02 5.6496697998e+02 5.6504400635e+02 5.6511999512e+02 5.6520098877e+02 5.6525299072e+02 5.6531500244e+02 5.6543298340e+02 5.6554302979e+02 5.6566699219e+02 5.6578100586e+02 5.6585400391e+02 5.6596899414e+02 5.6607299805e+02 5.6614898682e+02 5.6625897217e+02
5.6106701660e+02 5.6120397949e+02 5.6139202881e+02 5.6154901123e+02 5.6168200684e+02 5.6178900146e+02 5.6189099121e+02 5.6205700684e+02 5.6225799561e+02 5.6233300781e+02 5.6250500488e+02 5.6274102783e+02 5.6285198975e+02 5.6294598389e+02 5.6303302002e+02 5.6313800049e+02 5.6323602295e+02 5.6332800293e+02 5.6341802979e+02 5.6351800537e+02 5.6358697510e+02 5.6367901611e+02 5.6380499268e+02 5.6390997314e+02 5.6406097412e+02 5.6418798828e+02 5.6426202393e+02 5.6434899902e+02 5.6444097900e+02 5.6454797363e+02 5.6463500977e+02 5.6469201660e+02 5.6474298096e+02 5.6484600830e+02 5.6496502686e+02 5.6500402832e+02 5.6502001953e+02 5.6512200928e+02 5.6526000977e+02 5.6540698242e+02 5.6549298096e+02 5.6558502197e+02 5.6567901611e+02 5.6576898193e+02 5.6586102295e+02 5.6598297119e+02
5.6075799561e+02 5.6085400391e+02 5.6102600098e+02 5.6119097900e+02 5.6132598877e+02 5.6146301270e+02 5.6153900146e+02 5.6171600342e+02 5.6192999268e+02 5.6200701904e+02 5.6214898682e+02 5.6235101318e+02 5.6246697998e+02 5.6265197754e+02 5.6275201416e+02 5.6281201172e+02 5.6288897705e+02 5.6299597168e+02 5.6313000488e+02 5.6323498535e+02 5.6330200195e+02 5.6338800049e+02 5.6350201416e+02 5.6361901855e+02 5.6378302002e+02 5.6393701172e+02 5.6401202393e+02 5.6409802246e+02 5.6422698975e+02 5.6423901367e+02 5.6430401611e+02 5.6438897705e+02 5.6451000977e+02 5.6456896973e+02 5.6465997314e+02 5.6471197510e+02 5.6474200439e+02 5.6485998535e+02 5.6502801514e+02 5.6515802002e+02 5.6518701172e+02 5.6529400635e+02 5.6539202881e+02 5.6549700928e+02 5.6561499023e+02 5.6569799805e+02
5.6042401123e+02 5.6054302979e+02 5.6066400146e+02 5.6082397461e+02 5.6098199463e+02 5.6108001709e+02 5.6117602539e+02 5.6134899902e+02 5.6154101563e+02 5.6164501953e+02 5.6174700928e+02 5.6188598633e+02 5.6201501465e+02 5.6224298096e+02 5.6241900635e+02 5.6250500488e+02 5.6256701660e+02 5.6271002197e+02 5.6285302734e+02 5.6294299316e+02 5.6300299072e+02 5.6311102295e+02 5.6322698975e+02 5.6331597900e+02 5.6342401123e+02 5.6354498291e+02 5.6365100098e+02 5.6377502441e+02 5.6391900635e+02 5.6396697998e+02 5.6400500488e+02 5.6407800293e+02 5.6418902588e+02 5.6427801514e+02 5.6435998535e+02 5.6442700195e+02 5.6447302246e+02 5.6458697510e+02 5.6473797607e+02 5.6486602783e+02 5.6491998291e+02 5.6504302979e+02 5.6514099121e+02 5.6522100830e+02 5.6533599854e+02 5.6538598633e+02
5.5999902344e+02 5.6017297363e+02 5.6029901123e+02 5.6044799805e+02 5.6065002441e+02 5.6071002197e+02 5.6082501221e+02 5.6099597168e+02 5.6113897705e+02 5.6126098633e+02 5.6135900879e+02 5.6147399902e+02 5.6159497070e+02 5.6178997803e+02 5.6201800537e+02 5.6216699219e+02 5.6223199463e+02 5.6240002441e+02 5.6255200195e+02 5.6264099121e+02 5.6271301270e+02 5.6285498047e+02 5.6299200439e+02 5.6307501221e+02 5.6313000488e+02 5.6322100830e+02 5.6332897949e+02 5.6344396973e+02 5.6355401611e+02 5.6364697266e+02 5.6373297119e+02 5.6380902100e+02 5.6388000488e+02 5.6398498535e+02 5.6408001709e+02 5.6415600586e+02 5.6421398926e+02 5.6432299805e+02 5.6444097900e+02 5.6454101563e+02 5.6462597656e+02 5.6477899170e+02 5.6487097168e+02 5.6494000244e+02 5.6505603027e+02 5.6508599854e+02
5.5959100342e+02 5.5980902100e+02 5.5996398926e+02 5.6010601807e+02 5.6031402588e+02 5.6035302734e+02 5.6048797607e+02 5.6066198730e+02 5.6078399658e+02 5.6089099121e+02 5.6100299072e+02 5.6113598633e+02 5.6125799561e+02 5.6144598389e+02 5.6172998047e+02 5.6196398926e+02 5.6205102539e+02 5.6217901611e+02 5.6230401611e+02 5.6238800049e+02 5.6243103027e+02 5.6252301025e+02 5.6266802979e+02 5.6279101563e+02 5.6284802246e+02 5.6294097900e+02 5.6304797363e+02 5.6314001465e+02 5.6320300293e+02 5.6330401611e+02 5.6341900635e+02 5.6351098633e+02 5.6358801270e+02 5.6369799805e+02 5.6379797363e+02 5.6388598633e+02 5.6395098877e+02 5.6406201172e+02 5.6416497803e+02 5.6424798584e+02 5.6432098389e+02 5.6446398926e+02 5.6454602051e+02 5.6463000488e+02 5.6478802490e+02 5.6480999756e+02
5.5930700684e+02 5.5941400146e+02 5.5950897217e+02 5.5968902588e+02 5.5993402100e+02 5.6003399658e+02 5.6019299316e+02 5.6035400391e+02 5.6045397949e+02 5.6056097412e+02 5.6069500732e+02 5.6084698486e+02 5.6097198486e+02 5.6115997314e+02 5.6149401855e+02 5.6183898926e+02 5.6199102783e+02 5.6197399902e+02 5.6205297852e+02 5.6221301270e+02 5.6223498535e+02 5.6221301270e+02 5.6232299805e+02 5.6246398926e+02 5.6253497314e+02 5.6265100098e+02 5.6277197266e+02 5.6285900879e+02 5.6292297363e+02 5.6298999023e+02 5.6309301758e+02 5.6319702148e+02 5.6328601074e+02 5.6340600586e+02 5.6350500488e+02 5.6359698486e+02 5.6366802979e+02 5.6375897217e+02 5.6387097168e+02 5.6396099854e+02 5.6401898193e+02 5.6410101318e+02 5.6417102051e+02 5.6426898193e+02 5.6446099854e+02 5.6451300049e+02
5.5906701660e+02 5.5917901611e+02 5.5924798584e+02 5.5935498047e+02 5.5953601074e+02 5.5969299316e+02 5.5984600830e+02 5.6003698730e+02 5.6019000244e+02 5.6027697754e+02 5.6039599609e+02 5.6052099609e+02 5.6062500000e+02 5.6088598633e+02 5.6130401611e+02 5.6172802734e+02 5.6195898438e+02 5.6188201904e+02 5.6186999512e+02 5.6198602295e+02 5.6198699951e+02 5.6195898438e+02 5.6202697754e+02 5.6211901855e+02 5.6221600342e+02 5.6233801270e+02 5.6246899414e+02 5.6256896973e+02 5.6262402344e+02 5.6266497803e+02 5.6278002930e+02 5.6289300537e+02 5.6296997070e+02 5.6308801270e+02 5.6317797852e+02 5.6326800537e+02 5.6337402344e+02 5.6347399902e+02 5.6357501221e+02 5.6364801025e+02 5.6373602295e+02 5.6385498047e+02 5.6397302246e+02 5.6402899170e+02 5.6412298584e+02 5.6420001221e+02
5.5883502197e+02 5.5897399902e+02 5.5907702637e+02 5.5915399170e+02 5.5925097656e+02 5.5937701416e+02 5.5948498535e+02 5.5968902588e+02 5.5988500977e+02 5.5997698975e+02 5.6009399414e+02 5.6020397949e+02 5.6033398438e+02 5.6074700928e+02 5.6130102539e+02 5.6180499268e+02 5.6201300049e+02 5.6191497803e+02 5.6178002930e+02 5.6174102783e+02 5.6170501709e+02 5.6167602539e+02 5.6174700928e+02 5.6181597900e+02 5.6190997314e+02 5.6201202393e+02 5.6214501953e+02 5.6226098633e+02 5.6232897949e+02 5.6237500000e+02 5.6248999023e+02 5.6259002686e+02 5.6264697266e+02 5.6274298096e+02 5.6285198975e+02 5.6297302246e+02 5.6308801270e+02 5.6320098877e+02 5.6327398682e+02 5.6332397461e+02 5.6346099854e+02 5.6359997559e+02 5.6371197510e+02 5.6376202393e+02 5.6381298828e+02 5.6387500000e+02
5.5870001221e+02 5.5874102783e+02 5.5885900879e+02 5.5897497559e+02 5.5906799316e+02 5.5916601563e+02 5.5920397949e+02 5.5933197021e+02 5.5950500488e+02 5.5961798096e+02 5.5974597168e+02 5.5986602783e+02 5.6006097412e+02 5.6062799072e+02 5.6127600098e+02 5.6180700684e+02 5.6201599121e+02 5.6190802002e+02 5.6166802979e+02 5.6148297119e+02 5.6142297363e+02 5.6140802002e+02 5.6150897217e+02 5.6159802246e+02 5.6166802979e+02 5.6173101807e+02 5.6184002686e+02 5.6194897461e+02 5.6202801514e+02 5.6210998535e+02 5.6223498535e+02 5.6232800293e+02 5.6236401367e+02 5.6244500732e+02 5.6255700684e+02 5.6268200684e+02 5.6277197266e+02 5.6287597656e+02 5.6294799805e+02 5.6300097656e+02 5.6315399170e+02 5.6326702881e+02 5.6332299805e+02 5.6338201904e+02 5.6344799805e+02 5.6352301025e+02
