TESTSERVER/13/2.asc
NCOLS 100
NROWS 100
XLLCORNER 8.1497500000e+03
YLLCORNER 2.8985025000e+05
CELLSIZE 5.0000000000e-01
NODATA_VALUE -9.9990000000e+03
[rows 60 to 79 of 100, columns 0 to 45 of 100]
6.7421398926e+02 6.7454302979e+02 6.7484802246e+02 6.7514599609e+02 6.7545501709e+02 6.7576599121e+02 6.7607800293e+02 6.7639398193e+02 6.7668402100e+02 6.7705798340e+02 6.7747497559e+02 6.7790698242e+02 6.7833599854e+02 6.7869097900e+02 6.7898999023e+02 6.7925000000e+02 6.7948999023e+02 6.7972198486e+02 6.7999597168e+02 6.8029199219e+02 6.8061700439e+02 6.8095501709e+02 6.8124798584e+02 6.8148400879e+02 6.8165002441e+02 6.8181097412e+02 6.8200201416e+02 6.8220697021e+02 6.8243200684e+02 6.8262597656e+02 6.8280401611e+02 6.8297998047e+02 6.8316802979e+02 6.8339202881e+02 6.8365100098e+02 6.8387597656e+02 6.8405102539e+02 6.8418701172e+02 6.8433197021e+02 6.8447802734e+02 6.8463201904e+02 6.8479400635e+02 6.8497399902e+02 6.8514599609e+02 6.8526702881e+02 6.8533898926e+02
6.7409802246e+02 6.7441699219e+02 6.7472900391e+02 6.7503399658e+02 6.7533599854e+02 6.7565698242e+02 6.7596502686e+02 6.7627099609e+02 6.7658898926e+02 6.7697601318e+02 6.7741802979e+02 6.7788000488e+02 6.7830700684e+02 6.7864801025e+02 6.7894702148e+02 6.7920501709e+02 6.7941802979e+02 6.7964001465e+02 6.7990502930e+02 6.8019299316e+02 6.8050402832e+02 6.8083801270e+02 6.8114001465e+02 6.8139099121e+02 6.8157098389e+02 6.8173199463e+02 6.8191998291e+02 6.8212402344e+02 6.8234301758e+02 6.8254199219e+02 6.8271697998e+02 6.8288897705e+02 6.8307598877e+02 6.8330700684e+02 6.8356402588e+02 6.8379400635e+02 6.8393798828e+02 6.8406896973e+02 6.8420800781e+02 6.8435198975e+02 6.8449200439e+02 6.8461999512e+02 6.8477899170e+02 6.8495599365e+02 6.8509002686e+02 6.8520202637e+02
6.7400897217e+02 6.7430401611e+02 6.7461798096e+02 6.7493402100e+02 6.7523999023e+02 6.7557598877e+02 6.7590002441e+02 6.7621398926e+02 6.7653302002e+02 6.7690997314e+02 6.7734899902e+02 6.7781402588e+02 6.7823297119e+02 6.7856298828e+02 6.7885699463e+02 6.7910998535e+02 6.7932000732e+02 6.7954302979e+02 6.7980603027e+02 6.8008801270e+02 6.8038800049e+02 6.8071002197e+02 6.8101501465e+02 6.8127899170e+02 6.8148699951e+02 6.8166400146e+02 6.8184997559e+02 6.8204101563e+02 6.8224798584e+02 6.8245001221e+02 6.8263201904e+02 6.8280999756e+02 6.8298699951e+02 6.8318701172e+02 6.8341699219e+02 6.8362402344e+02 6.8375799561e+02 6.8390802002e+02 6.8407397461e+02 6.8422497559e+02 6.8436297607e+02 6.8447698975e+02 6.8461199951e+02 6.8476599121e+02 6.8490197754e+02 6.8505499268e+02
6.7395800781e+02 6.7421899414e+02 6.7452099609e+02 6.7484197998e+02 6.7515399170e+02 6.7550500488e+02 6.7584698486e+02 6.7617602539e+02 6.7647998047e+02 6.7682202148e+02 6.7724401855e+02 6.7769702148e+02 6.7810699463e+02 6.7842999268e+02 6.7872100830e+02 6.7897601318e+02 6.7919702148e+02 6.7943200684e+02 6.7969598389e+02 6.7997802734e+02 6.8027001953e+02 6.8057598877e+02 6.8087597656e+02 6.8114801025e+02 6.8138299561e+02 6.8158197021e+02 6.8176800537e+02 6.8194799805e+02 6.8213598633e+02 6.8233801270e+02 6.8253198242e+02 6.8272100830e+02 6.8289300537e+02 6.8306701660e+02 6.8326702881e+02 6.8344799805e+02 6.8357897949e+02 6.8375000000e+02 6.8393597412e+02 6.8409399414e+02 6.8424298096e+02 6.8436700439e+02 6.8447900391e+02 6.8461199951e+02 6.8476599121e+02 6.8492102051e+02
6.7390002441e+02 6.7417700195e+02 6.7447601318e+02 6.7478100586e+02 6.7507000732e+02 6.7540802002e+02 6.7575402832e+02 6.7609002686e+02 6.7637298584e+02 6.7669299316e+02 6.7709497070e+02 6.7752697754e+02 6.7789599609e+02 6.7822698975e+02 6.7852301025e+02 6.7880102539e+02 6.7904400635e+02 6.7930200195e+02 6.7957897949e+02 6.7986401367e+02 6.8015802002e+02 6.8045300293e+02 6.8073498535e+02 6.8100097656e+02 6.8124401855e+02 6.8147399902e+02 6.8166998291e+02 6.8183599854e+02 6.8197601318e+02 6.8218298340e+02 6.8238598633e+02 6.8258001709e+02 6.8275402832e+02 6.8297302246e+02 6.8317602539e+02 6.8334197998e+02 6.8347198486e+02 6.8362298584e+02 6.8379400635e+02 6.8394500732e+02 6.8409600830e+02 6.8425000000e+02 6.8436199951e+02 6.8448901367e+02 6.8465802002e+02 6.8478198242e+02
6.7380200195e+02 6.7412200928e+02 6.7444201660e+02 6.7474700928e+02 6.7505902100e+02 6.7537902832e+02 6.7568103027e+02 6.7597497559e+02 6.7623999023e+02 6.7653601074e+02 6.7691101074e+02 6.7732501221e+02 6.7771398926e+02 6.7802099609e+02 6.7832702637e+02 6.7862402344e+02 6.7890502930e+02 6.7917901611e+02 6.7946301270e+02 6.7974798584e+02 6.8004699707e+02 6.8034899902e+02 6.8061602783e+02 6.8086297607e+02 6.8110302734e+02 6.8135601807e+02 6.8157000732e+02 6.8173199463e+02 6.8186102295e+02 6.8206597900e+02 6.8227001953e+02 6.8243597412e+02 6.8258398438e+02 6.8282897949e+02 6.8308502197e+02 6.8328002930e+02 6.8339599609e+02 6.8350799561e+02 6.8367498779e+02 6.8383099365e+02 6.8395599365e+02 6.8406701660e+02 6.8419097900e+02 6.8432202148e+02 6.8445800781e+02 6.8458197021e+02
6.7367199707e+02 6.7399401855e+02 6.7428900146e+02 6.7458898926e+02 6.7498901367e+02 6.7538500977e+02 6.7567602539e+02 6.7592700195e+02 6.7614898682e+02 6.7641601563e+02 6.7675598145e+02 6.7714202881e+02 6.7753399658e+02 6.7785797119e+02 6.7816998291e+02 6.7847302246e+02 6.7877197266e+02 6.7906097412e+02 6.7934698486e+02 6.7963397217e+02 6.7993499756e+02 6.8022998047e+02 6.8048199463e+02 6.8071099854e+02 6.8093798828e+02 6.8120397949e+02 6.8143298340e+02 6.8160699463e+02 6.8173797607e+02 6.8196697998e+02 6.8218597412e+02 6.8234301758e+02 6.8244897461e+02 6.8265502930e+02 6.8291900635e+02 6.8315002441e+02 6.8330200195e+02 6.8342297363e+02 6.8358398438e+02 6.8373797607e+02 6.8385400391e+02 6.8392401123e+02 6.8403497314e+02 6.8417199707e+02 6.8429302979e+02 6.8442797852e+02
6.7354199219e+02 6.7383599854e+02 6.7407702637e+02 6.7437097168e+02 6.7484600830e+02 6.7528497314e+02 6.7559698486e+02 6.7587097168e+02 6.7610797119e+02 6.7634100342e+02 6.7664099121e+02 6.7698797607e+02 6.7736700439e+02 6.7770898438e+02 6.7802697754e+02 6.7833697510e+02 6.7864801025e+02 6.7894500732e+02 6.7923400879e+02 6.7952301025e+02 6.7982598877e+02 6.8010998535e+02 6.8034497070e+02 6.8055499268e+02 6.8075897217e+02 6.8101800537e+02 6.8125897217e+02 6.8144799805e+02 6.8159197998e+02 6.8183001709e+02 6.8207397461e+02 6.8225402832e+02 6.8235400391e+02 6.8250201416e+02 6.8273199463e+02 6.8296801758e+02 6.8315600586e+02 6.8331500244e+02 6.8348400879e+02 6.8364697266e+02 6.8378900146e+02 6.8386297607e+02 6.8395501709e+02 6.8409301758e+02 6.8419799805e+02 6.8431896973e+02
6.7346002197e+02 6.7369500732e+02 6.7390502930e+02 6.7421398926e+02 6.7475097656e+02 6.7510797119e+02 6.7540002441e+02 6.7573498535e+02 6.7607702637e+02 6.7632098389e+02 6.7658300781e+02 6.7687402344e+02 6.7720697021e+02 6.7756298828e+02 6.7789202881e+02 6.7821600342e+02 6.7853002930e+02 6.7883398438e+02 6.7913299561e+02 6.7942602539e+02 6.7971697998e+02 6.7998297119e+02 6.8021099854e+02 6.8041699219e+02 6.8060797119e+02 6.8082098389e+02 6.8105401611e+02 6.8126000977e+02 6.8143701172e+02 6.8164001465e+02 6.8189300537e+02 6.8211798096e+02 6.8227600098e+02 6.8240100098e+02 6.8257702637e+02 6.8278198242e+02 6.8298101807e+02 6.8315997314e+02 6.8336199951e+02 6.8356799316e+02 6.8372601318e+02 6.8382897949e+02 6.8391601563e+02 6.8403302002e+02 6.8413598633e+02 6.8423999023e+02
6.7339202881e+02 6.7361602783e+02 6.7380700684e+02 6.7406799316e+02 6.7459002686e+02 6.7497302246e+02 6.7527899170e+02 6.7563299561e+02 6.7597497559e+02 6.7623199463e+02 6.7649401855e+02 6.7677099609e+02 6.7709100342e+02 6.7743902588e+02 6.7778100586e+02 6.7811700439e+02 6.7843701172e+02 6.7874298096e+02 6.7904199219e+02 6.7933001709e+02 6.7961102295e+02 6.7986700439e+02 6.8009497070e+02 6.8030700684e+02 6.8048297119e+02 6.8066601563e+02 6.8087701416e+02 6.8108001709e+02 6.8127697754e+02 6.8147900391e+02 6.8171801758e+02 6.8194299316e+02 6.8210998535e+02 6.8226702881e+02 6.8244299316e+02 6.8263897705e+02 6.8283697510e+02 6.8300402832e+02 6.8321197510e+02 6.8344799805e+02 6.8362200928e+02 6.8374401855e+02 6.8385198975e+02 6.8397100830e+02 6.8409600830e+02 6.8418499756e+02
6.7331500244e+02 6.7354101563e+02 6.7373602295e+02 6.7396899414e+02 6.7443798828e+02 6.7484600830e+02 6.7518701172e+02 6.7552197266e+02 6.7583099365e+02 6.7610699463e+02 6.7637402344e+02 6.7665698242e+02 6.7698101807e+02 6.7733697510e+02 6.7769000244e+02 6.7803601074e+02 6.7835797119e+02 6.7865899658e+02 6.7895202637e+02 6.7922998047e+02 6.7950097656e+02 6.7975402832e+02 6.7997998047e+02 6.8018701172e+02 6.8036999512e+02 6.8054699707e+02 6.8073901367e+02 6.8092999268e+02 6.8112298584e+02 6.8132598877e+02 6.8155499268e+02 6.8177301025e+02 6.8195697021e+02 6.8214300537e+02 6.8232501221e+02 6.8251300049e+02 6.8270501709e+02 6.8287200928e+02 6.8306597900e+02 6.8332000732e+02 6.8355200195e+02 6.8371801758e+02 6.8383502197e+02 6.8395300293e+02 6.8407800293e+02 6.8415502930e+02
6.7325097656e+02 6.7346899414e+02 6.7369299316e+02 6.7394799805e+02 6.7433001709e+02 6.7471801758e+02 6.7508099365e+02 6.7538598633e+02 6.7566302490e+02 6.7595898438e+02 6.7623699951e+02 6.7653100586e+02 6.7686700439e+02 6.7723400879e+02 6.7760198975e+02 6.7796002197e+02 6.7828302002e+02 6.7857501221e+02 6.7886199951e+02 6.7913201904e+02 6.7939001465e+02 6.7963500977e+02 6.7985998535e+02 6.8006597900e+02 6.8025897217e+02 6.8043798828e+02 6.8061199951e+02 6.8078900146e+02 6.8097302246e+02 6.8117999268e+02 6.8140100098e+02 6.8161297607e+02 6.8181097412e+02 6.8201397705e+02 6.8219799805e+02 6.8237701416e+02 6.8256500244e+02 6.8276702881e+02 6.8299102783e+02 6.8329101563e+02 6.8355603027e+02 6.8372399902e+02 6.8383801270e+02 6.8394500732e+02 6.8405401611e+02 6.8411999512e+02
6.7319500732e+02 6.7341699219e+02 6.7364001465e+02 6.7390197754e+02 6.7421099854e+02 6.7458099365e+02 6.7495098877e+02 6.7525299072e+02 6.7552801514e+02 6.7580297852e+02 6.7608099365e+02 6.7638201904e+02 6.7672497559e+02 6.7712200928e+02 6.7750897217e+02 6.7787701416e+02 6.7821697998e+02 6.7850402832e+02 6.7878100586e+02 6.7903698730e+02 6.7926800537e+02 6.7950799561e+02 6.7973101807e+02 6.7994000244e+02 6.8012902832e+02 6.8031597900e+02 6.8048101807e+02 6.8064599609e+02 6.8081799316e+02 6.8102502441e+02 6.8123297119e+02 6.8142901611e+02 6.8160601807e+02 6.8183099365e+02 6.8202801514e+02 6.8221398926e+02 6.8239801025e+02 6.8261700439e+02 6.8288098145e+02 6.8320697021e+02 6.8344000244e+02 6.8363201904e+02 6.8376000977e+02 6.8386901855e+02 6.8396899414e+02 6.8404998779e+02
6.7308801270e+02 6.7334497070e+02 6.7358300781e+02 6.7386102295e+02 6.7416900635e+02 6.7451599121e+02 6.7485797119e+02 6.7514898682e+02 6.7540997314e+02 6.7566302490e+02 6.7591101074e+02 6.7620001221e+02 6.7657098389e+02 6.7697302246e+02 6.7736297607e+02 6.7773699951e+02 6.7808197021e+02 6.7840100098e+02 6.7868798828e+02 6.7894299316e+02 6.7917401123e+02 6.7939898682e+02 6.7961700439e+02 6.7982501221e+02 6.8002301025e+02 6.8019500732e+02 6.8035101318e+02 6.8050402832e+02 6.8067602539e+02 6.8088397217e+02 6.8107598877e+02 6.8124902344e+02 6.8141601563e+02 6.8162799072e+02 6.8183801270e+02 6.8203802490e+02 6.8221002197e+02 6.8238397217e+02 6.8261401367e+02 6.8287298584e+02 6.8312402344e+02 6.8334497070e+02 6.8352301025e+02 6.8366497803e+02 6.8380102539e+02 6.8392199707e+02
6.7295300293e+02 6.7322302246e+02 6.7349102783e+02 6.7380999756e+02 6.7414099121e+02 6.7446600342e+02 6.7478802490e+02 6.7506402588e+02 6.7530700684e+02 6.7554101563e+02 6.7577801514e+02 6.7605902100e+02 6.7642602539e+02 6.7681701660e+02 6.7720300293e+02 6.7758001709e+02 6.7793798828e+02 6.7827801514e+02 6.7858599854e+02 6.7885797119e+02 6.7909399414e+02 6.7930999756e+02 6.7952197266e+02 6.7972399902e+02 6.7991900635e+02 6.8008801270e+02 6.8023101807e+02 6.8036901855e+02 6.8052697754e+02 6.8073199463e+02 6.8092199707e+02 6.8109399414e+02 6.8125897217e+02 6.8145898438e+02 6.8166400146e+02 6.8185601807e+02 6.8202001953e+02 6.8217401123e+02 6.8236700439e+02 6.8259002686e+02 6.8283099365e+02 6.8307098389e+02 6.8327001953e+02 6.8344097900e+02 6.8360198975e+02 6.8375402832e+02
6.7280297852e+02 6.7308099365e+02 6.7337298584e+02 6.7370800781e+02 6.7407202148e+02 6.7439697266e+02 6.7470800781e+02 6.7497601318e+02 6.7520599365e+02 6.7544097900e+02 6.7568103027e+02 6.7595800781e+02 6.7630200195e+02 6.7667297363e+02 6.7705102539e+02 6.7742797852e+02 6.7779901123e+02 6.7815698242e+02 6.7848199463e+02 6.7877197266e+02 6.7901501465e+02 6.7921997070e+02 6.7942498779e+02 6.7961798096e+02 6.7980700684e+02 6.7997399902e+02 6.8010998535e+02 6.8023699951e+02 6.8036700439e+02 6.8054199219e+02 6.8072698975e+02 6.8090600586e+02 6.8108801270e+02 6.8129302979e+02 6.8150000000e+02 6.8168701172e+02 6.8184197998e+02 6.8199102783e+02 6.8216699219e+02 6.8236798096e+02 6.8258898926e+02 6.8281896973e+02 6.8302398682e+02 6.8320898438e+02 6.8338299561e+02 6.8355603027e+02
6.7267102051e+02 6.7298199463e+02 6.7328497314e+02 6.7359600830e+02 6.7394396973e+02 6.7427502441e+02 6.7458300781e+02 6.7485198975e+02 6.7509002686e+02 6.7534301758e+02 6.7561199951e+02 6.7591101074e+02 6.7626098633e+02 6.7659997559e+02 6.7695898438e+02 6.7731402588e+02 6.7765698242e+02 6.7802099609e+02 6.7836199951e+02 6.7866998291e+02 6.7892401123e+02 6.7911999512e+02 6.7931701660e+02 6.7950299072e+02 6.7969598389e+02 6.7984997559e+02 6.7998602295e+02 6.8010601807e+02 6.8021502686e+02 6.8035699463e+02 6.8052398682e+02 6.8070397949e+02 6.8089001465e+02 6.8111401367e+02 6.8133197021e+02 6.8152801514e+02 6.8169702148e+02 6.8184497070e+02 6.8202301025e+02 6.8221301270e+02 6.8240698242e+02 6.8259698486e+02 6.8279498291e+02 6.8298602295e+02 6.8317199707e+02 6.8334301758e+02
6.7254901123e+02 6.7284802246e+02 6.7315698242e+02 6.7345599365e+02 6.7375799561e+02 6.7408099365e+02 6.7441802979e+02 6.7471398926e+02 6.7494299316e+02 6.7519000244e+02 6.7552197266e+02 6.7591497803e+02 6.7626397705e+02 6.7658801270e+02 6.7691601563e+02 6.7723400879e+02 6.7755200195e+02 6.7790002441e+02 6.7823400879e+02 6.7853002930e+02 6.7877600098e+02 6.7897998047e+02 6.7916601563e+02 6.7934100342e+02 6.7951898193e+02 6.7970300293e+02 6.7985998535e+02 6.7999401855e+02 6.8010302734e+02 6.8023901367e+02 6.8040301514e+02 6.8057202148e+02 6.8074700928e+02 6.8096099854e+02 6.8116699219e+02 6.8135699463e+02 6.8153302002e+02 6.8170501709e+02 6.8187597656e+02 6.8205102539e+02 6.8222601318e+02 6.8239501953e+02 6.8257299805e+02 6.8275097656e+02 6.8291900635e+02 6.8310198975e+02
6.7244000244e+02 6.7273602295e+02 6.7303900146e+02 6.7333599854e+02 6.7360900879e+02 6.7390698242e+02 6.7424102783e+02 6.7454699707e+02 6.7477697754e+02 6.7501898193e+02 6.7537701416e+02 6.7582098389e+02 6.7621197510e+02 6.7651599121e+02 6.7683099365e+02 6.7713702393e+02 6.7745202637e+02 6.7779302979e+02 6.7810699463e+02 6.7838000488e+02 6.7860699463e+02 6.7880798340e+02 6.7898498535e+02 6.7915301514e+02 6.7932299805e+02 6.7951599121e+02 6.7968597412e+02 6.7983697510e+02 6.7996502686e+02 6.8012298584e+02 6.8029901123e+02 6.8046398926e+02 6.8062402344e+02 6.8082501221e+02 6.8102001953e+02 6.8119897461e+02 6.8136999512e+02 6.8153900146e+02 6.8169799805e+02 6.8185699463e+02 6.8202001953e+02 6.8217700195e+02 6.8234197998e+02 6.8250897217e+02 6.8266900635e+02 6.8283697510e+02
6.7234997559e+02 6.7263397217e+02 6.7291699219e+02 6.7321899414e+02 6.7350402832e+02 6.7377099609e+02 6.7407299805e+02 6.7436401367e+02 6.7461401367e+02 6.7484899902e+02 6.7519396973e+02 6.7564001465e+02 6.7608398438e+02 6.7641497803e+02 6.7672900391e+02 6.7703302002e+02 6.7735198975e+02 6.7767999268e+02 6.7797198486e+02 6.7821997070e+02 6.7842700195e+02 6.7862298584e+02 6.7879699707e+02 6.7896301270e+02 6.7912701416e+02 6.7930999756e+02 6.7947998047e+02 6.7964001465e+02 6.7979302979e+02 6.7998797607e+02 6.8018499756e+02 6.8035998535e+02 6.8051898193e+02 6.8070800781e+02 6.8089099121e+02 6.8105902100e+02 6.8121899414e+02 6.8137500000e+02 6.8151702881e+02 6.8165802002e+02 6.8180401611e+02 6.8195599365e+02 6.8211901855e+02 6.8228802490e+02 6.8244702148e+02 6.8259698486e+02
