TESTSERVER/13/2.asc
NCOLS 100
NROWS 100
XLLCORNER 8.1497500000e+03
YLLCORNER 2.8985025000e+05
CELLSIZE 5.0000000000e-01
NODATA_VALUE -9.9990000000e+03
[rows 20 to 39 of 100, columns 46 to 91 of 100]
6.8981896973e+02 6.9009997559e+02 6.9040002441e+02 6.9064398193e+02 6.9086102295e+02 6.9113500977e+02 6.9145001221e+02 6.9165899658e+02 6.9183898926e+02 6.9199401855e+02 6.9213098145e+02 6.9228802490e+02 6.9247998047e+02 6.9267602539e+02 6.9283197021e+02 6.9295300293e+02 6.9313000488e+02 6.9334100342e+02 6.9357202148e+02 6.9379699707e+02 6.9398901367e+02 6.9416900635e+02 6.9438598633e+02 6.9464599609e+02 6.9482000732e+02 6.9493902588e+02 6.9506597900e+02 6.9525701904e+02 6.9544299316e+02 6.9565197754e+02 6.9589202881e+02 6.9607800293e+02 6.9623400879e+02 6.9640100098e+02 6.9657702637e+02 6.9668798828e+02 6.9681201172e+02 6.9699499512e+02 6.9722698975e+02 6.9743701172e+02 6.9764697266e+02 6.9784899902e+02 6.9803198242e+02 6.9818902588e+02 6.9835699463e+02 6.9854400635e+02
6.8970800781e+02 6.9000799561e+02 6.9033001709e+02 6.9058697510e+02 6.9079699707e+02 6.9105499268e+02 6.9131896973e+02 6.9153302002e+02 6.9179998779e+02 6.9204199219e+02 6.9214001465e+02 6.9225402832e+02 6.9244299316e+02 6.9263397217e+02 6.9277301025e+02 6.9292498779e+02 6.9312799072e+02 6.9331500244e+02 6.9352697754e+02 6.9377398682e+02 6.9397802734e+02 6.9412902832e+02 6.9428302002e+02 6.9448901367e+02 6.9464202881e+02 6.9476000977e+02 6.9489801025e+02 6.9507397461e+02 6.9525402832e+02 6.9546197510e+02 6.9571197510e+02 6.9589398193e+02 6.9603900146e+02 6.9621099854e+02 6.9640100098e+02 6.9651599121e+02 6.9663000488e+02 6.9680999756e+02 6.9704199219e+02 6.9725799561e+02 6.9747998047e+02 6.9769598389e+02 6.9788201904e+02 6.9803802490e+02 6.9819000244e+02 6.9836297607e+02
6.8959100342e+02 6.8989099121e+02 6.9021502686e+02 6.9047198486e+02 6.9070001221e+02 6.9095800781e+02 6.9119799805e+02 6.9136199951e+02 6.9165997314e+02 6.9202001953e+02 6.9215997314e+02 6.9225299072e+02 6.9243298340e+02 6.9260198975e+02 6.9272497559e+02 6.9292102051e+02 6.9314501953e+02 6.9329498291e+02 6.9343902588e+02 6.9367901611e+02 6.9389300537e+02 6.9405200195e+02 6.9417797852e+02 6.9433300781e+02 6.9447302246e+02 6.9460101318e+02 6.9474200439e+02 6.9490301514e+02 6.9508300781e+02 6.9528900146e+02 6.9552697754e+02 6.9571398926e+02 6.9587597656e+02 6.9606597900e+02 6.9626397705e+02 6.9637902832e+02 6.9648400879e+02 6.9664898682e+02 6.9687097168e+02 6.9708502197e+02 6.9730999756e+02 6.9753302002e+02 6.9772698975e+02 6.9788897705e+02 6.9803997803e+02 6.9820697021e+02
6.8947100830e+02 6.8976098633e+02 6.9006896973e+02 6.9032397461e+02 6.9057000732e+02 6.9082299805e+02 6.9108197021e+02 6.9123901367e+02 6.9148699951e+02 6.9186602783e+02 6.9208300781e+02 6.9221697998e+02 6.9241900635e+02 6.9256597900e+02 6.9267297363e+02 6.9289300537e+02 6.9313098145e+02 6.9325402832e+02 6.9332000732e+02 6.9351098633e+02 6.9372399902e+02 6.9391198730e+02 6.9406402588e+02 6.9419799805e+02 6.9432800293e+02 6.9446099854e+02 6.9460198975e+02 6.9475799561e+02 6.9494299316e+02 6.9514300537e+02 6.9535498047e+02 6.9555700684e+02 6.9575201416e+02 6.9595697021e+02 6.9614398193e+02 6.9625598145e+02 6.9635198975e+02 6.9650701904e+02 6.9672497559e+02 6.9693499756e+02 6.9715997314e+02 6.9738299561e+02 6.9757800293e+02 6.9774102783e+02 6.9789099121e+02 6.9805102539e+02
6.8936199951e+02 6.8964202881e+02 6.8995202637e+02 6.9019299316e+02 6.9044702148e+02 6.9070098877e+02 6.9097497559e+02 6.9117498779e+02 6.9136499023e+02 6.9165100098e+02 6.9191101074e+02 6.9211499023e+02 6.9236999512e+02 6.9250598145e+02 6.9259698486e+02 6.9279101563e+02 6.9303497314e+02 6.9317999268e+02 6.9321197510e+02 6.9333801270e+02 6.9352398682e+02 6.9373498535e+02 6.9395800781e+02 6.9408197021e+02 6.9418701172e+02 6.9431201172e+02 6.9446099854e+02 6.9462097168e+02 6.9480999756e+02 6.9500799561e+02 6.9520001221e+02 6.9541699219e+02 6.9564099121e+02 6.9584197998e+02 6.9600097656e+02 6.9611798096e+02 6.9622302246e+02 6.9637402344e+02 6.9658599854e+02 6.9680499268e+02 6.9703399658e+02 6.9725897217e+02 6.9746899414e+02 6.9759698486e+02 6.9773999023e+02 6.9789599609e+02
6.8925201416e+02 6.8954199219e+02 6.8983599854e+02 6.9006597900e+02 6.9031799316e+02 6.9057501221e+02 6.9083398438e+02 6.9107501221e+02 6.9129699707e+02 6.9152001953e+02 6.9172900391e+02 6.9200897217e+02 6.9229602051e+02 6.9240698242e+02 6.9248101807e+02 6.9260498047e+02 6.9280499268e+02 6.9298297119e+02 6.9306500244e+02 6.9317901611e+02 6.9335198975e+02 6.9354901123e+02 6.9375402832e+02 6.9391802979e+02 6.9403497314e+02 6.9416900635e+02 6.9435101318e+02 6.9451800537e+02 6.9467401123e+02 6.9486102295e+02 6.9507000732e+02 6.9528399658e+02 6.9550201416e+02 6.9568499756e+02 6.9582800293e+02 6.9596002197e+02 6.9607299805e+02 6.9621600342e+02 6.9641998291e+02 6.9664501953e+02 6.9687701416e+02 6.9709899902e+02 6.9728997803e+02 6.9741900635e+02 6.9756597900e+02 6.9774102783e+02
6.8915399170e+02 6.8942797852e+02 6.8968798828e+02 6.8991699219e+02 6.9018200684e+02 6.9045300293e+02 6.9069897461e+02 6.9094097900e+02 6.9118499756e+02 6.9140399170e+02 6.9159997559e+02 6.9186499023e+02 6.9212701416e+02 6.9225897217e+02 6.9235601807e+02 6.9244299316e+02 6.9256597900e+02 6.9271899414e+02 6.9286199951e+02 6.9299798584e+02 6.9316198730e+02 6.9333697510e+02 6.9351202393e+02 6.9368298340e+02 6.9383898926e+02 6.9401000977e+02 6.9423400879e+02 6.9443597412e+02 6.9458502197e+02 6.9474902344e+02 6.9494897461e+02 6.9515002441e+02 6.9535900879e+02 6.9553399658e+02 6.9567297363e+02 6.9581799316e+02 6.9594201660e+02 6.9608300781e+02 6.9627001953e+02 6.9647900391e+02 6.9669000244e+02 6.9689398193e+02 6.9708001709e+02 6.9722198486e+02 6.9738702393e+02 6.9758398438e+02
6.8906402588e+02 6.8930999756e+02 6.8952398682e+02 6.8974298096e+02 6.9002301025e+02 6.9031701660e+02 6.9057501221e+02 6.9081298828e+02 6.9105902100e+02 6.9128601074e+02 6.9149700928e+02 6.9173297119e+02 6.9194000244e+02 6.9208502197e+02 6.9222900391e+02 6.9234002686e+02 6.9243200684e+02 6.9255499268e+02 6.9270697021e+02 6.9284497070e+02 6.9298699951e+02 6.9314501953e+02 6.9332702637e+02 6.9350201416e+02 6.9366802979e+02 6.9385198975e+02 6.9408300781e+02 6.9430102539e+02 6.9448400879e+02 6.9465301514e+02 6.9483099365e+02 6.9502099609e+02 6.9522601318e+02 6.9540002441e+02 6.9553900146e+02 6.9569500732e+02 6.9582800293e+02 6.9596697998e+02 6.9613702393e+02 6.9632800293e+02 6.9651800537e+02 6.9670898438e+02 6.9690100098e+02 6.9706402588e+02 6.9725000000e+02 6.9747497559e+02
6.8896801758e+02 6.8919396973e+02 6.8939099121e+02 6.8958502197e+02 6.8984600830e+02 6.9015399170e+02 6.9046099854e+02 6.9071002197e+02 6.9094598389e+02 6.9116497803e+02 6.9135498047e+02 6.9161102295e+02 6.9179699707e+02 6.9192498779e+02 6.9210302734e+02 6.9223901367e+02 6.9235101318e+02 6.9247698975e+02 6.9263299561e+02 6.9276702881e+02 6.9289697266e+02 6.9304998779e+02 6.9322802734e+02 6.9341900635e+02 6.9356298828e+02 6.9371801758e+02 6.9392797852e+02 6.9413299561e+02 6.9433898926e+02 6.9451599121e+02 6.9469201660e+02 6.9490802002e+02 6.9510900879e+02 6.9527502441e+02 6.9540997314e+02 6.9557098389e+02 6.9570599365e+02 6.9584197998e+02 6.9600500488e+02 6.9618798828e+02 6.9638098145e+02 6.9657800293e+02 6.9677801514e+02 6.9695697021e+02 6.9715502930e+02 6.9739001465e+02
6.8888598633e+02 6.8911401367e+02 6.8932501221e+02 6.8951599121e+02 6.8975500488e+02 6.9004101563e+02 6.9034100342e+02 6.9060302734e+02 6.9088098145e+02 6.9111297607e+02 6.9125299072e+02 6.9144598389e+02 6.9165197754e+02 6.9178601074e+02 6.9196801758e+02 6.9213598633e+02 6.9228002930e+02 6.9239898682e+02 6.9250299072e+02 6.9262097168e+02 6.9278601074e+02 6.9297698975e+02 6.9312799072e+02 6.9330401611e+02 6.9345300293e+02 6.9360101318e+02 6.9380297852e+02 6.9401800537e+02 6.9421099854e+02 6.9438500977e+02 6.9455999756e+02 6.9476300049e+02 6.9495800781e+02 6.9512701416e+02 6.9527600098e+02 6.9542999268e+02 6.9555499268e+02 6.9568701172e+02 6.9585101318e+02 6.9602301025e+02 6.9621398926e+02 6.9641802979e+02 6.9663598633e+02 6.9685797119e+02 6.9705902100e+02 6.9725299072e+02
6.8884399414e+02 6.8906402588e+02 6.8926300049e+02 6.8945599365e+02 6.8968402100e+02 6.8994000244e+02 6.9020001221e+02 6.9047900391e+02 6.9082098389e+02 6.9109100342e+02 6.9118798828e+02 6.9132702637e+02 6.9152398682e+02 6.9166198730e+02 6.9184698486e+02 6.9202099609e+02 6.9219702148e+02 6.9236798096e+02 6.9244097900e+02 6.9251599121e+02 6.9266601563e+02 6.9286297607e+02 6.9301800537e+02 6.9317700195e+02 6.9333398438e+02 6.9348199463e+02 6.9368597412e+02 6.9391998291e+02 6.9411199951e+02 6.9429901123e+02 6.9445697021e+02 6.9461199951e+02 6.9478002930e+02 6.9495202637e+02 6.9512097168e+02 6.9527301025e+02 6.9539801025e+02 6.9553802490e+02 6.9571801758e+02 6.9589300537e+02 6.9606701660e+02 6.9625701904e+02 6.9648101807e+02 6.9672497559e+02 6.9692297363e+02 6.9708300781e+02
6.8880401611e+02 6.8901898193e+02 6.8920397949e+02 6.8939898682e+02 6.8961901855e+02 6.8984698486e+02 6.9007202148e+02 6.9034600830e+02 6.9071697998e+02 6.9101898193e+02 6.9113000488e+02 6.9124499512e+02 6.9139599609e+02 6.9152899170e+02 6.9173901367e+02 6.9186901855e+02 6.9201599121e+02 6.9224102783e+02 6.9237701416e+02 6.9245202637e+02 6.9257397461e+02 6.9274902344e+02 6.9291802979e+02 6.9308197021e+02 6.9324401855e+02 6.9338598633e+02 6.9356597900e+02 6.9378698730e+02 6.9400500488e+02 6.9422698975e+02 6.9437799072e+02 6.9449700928e+02 6.9463702393e+02 6.9479797363e+02 6.9495800781e+02 6.9510400391e+02 6.9522998047e+02 6.9538000488e+02 6.9558001709e+02 6.9577600098e+02 6.9594702148e+02 6.9612298584e+02 6.9632702637e+02 6.9655902100e+02 6.9675402832e+02 6.9690301514e+02
6.8872998047e+02 6.8896697998e+02 6.8918200684e+02 6.8935797119e+02 6.8956896973e+02 6.8978302002e+02 6.8998797607e+02 6.9021899414e+02 6.9052801514e+02 6.9081097412e+02 6.9098101807e+02 6.9113098145e+02 6.9125701904e+02 6.9142700195e+02 6.9169500732e+02 6.9178698730e+02 6.9187799072e+02 6.9205297852e+02 6.9221301270e+02 6.9235498047e+02 6.9248699951e+02 6.9264001465e+02 6.9281896973e+02 6.9300701904e+02 6.9316900635e+02 6.9330102539e+02 6.9344500732e+02 6.9365997314e+02 6.9391400146e+02 6.9415698242e+02 6.9431597900e+02 6.9443200684e+02 6.9454302979e+02 6.9466302490e+02 6.9479400635e+02 6.9493701172e+02 6.9506799316e+02 6.9522198486e+02 6.9542901611e+02 6.9562902832e+02 6.9581597900e+02 6.9600000000e+02 6.9619702148e+02 6.9640600586e+02 6.9659802246e+02 6.9676599121e+02
6.8865899658e+02 6.8890698242e+02 6.8910699463e+02 6.8927502441e+02 6.8949298096e+02 6.8973199463e+02 6.8993597412e+02 6.9012597656e+02 6.9037298584e+02 6.9062097168e+02 6.9081298828e+02 6.9099499512e+02 6.9110101318e+02 6.9128002930e+02 6.9159100342e+02 6.9173602295e+02 6.9181201172e+02 6.9193798828e+02 6.9207299805e+02 6.9223101807e+02 6.9237200928e+02 6.9251397705e+02 6.9269000244e+02 6.9290899658e+02 6.9308801270e+02 6.9321899414e+02 6.9335498047e+02 6.9357598877e+02 6.9384497070e+02 6.9409997559e+02 6.9427001953e+02 6.9441302490e+02 6.9450897217e+02 6.9456597900e+02 6.9464599609e+02 6.9477502441e+02 6.9489599609e+02 6.9505297852e+02 6.9525598145e+02 6.9545501709e+02 6.9564398193e+02 6.9584399414e+02 6.9605798340e+02 6.9626800537e+02 6.9647198486e+02 6.9666101074e+02
6.8854302979e+02 6.8877502441e+02 6.8896502686e+02 6.8914801025e+02 6.8938299561e+02 6.8963800049e+02 6.8985998535e+02 6.9005102539e+02 6.9027301025e+02 6.9049200439e+02 6.9068902588e+02 6.9088000488e+02 6.9095898438e+02 6.9109301758e+02 6.9136499023e+02 6.9156298828e+02 6.9167498779e+02 6.9180200195e+02 6.9193798828e+02 6.9211297607e+02 6.9226098633e+02 6.9239202881e+02 6.9254101563e+02 6.9275701904e+02 6.9295300293e+02 6.9309899902e+02 6.9323699951e+02 6.9345098877e+02 6.9371197510e+02 6.9396398926e+02 6.9413397217e+02 6.9431597900e+02 6.9443798828e+02 6.9448797607e+02 6.9453399658e+02 6.9463397217e+02 6.9472601318e+02 6.9486102295e+02 6.9505499268e+02 6.9526098633e+02 6.9546197510e+02 6.9566699219e+02 6.9588702393e+02 6.9610900879e+02 6.9633398438e+02 6.9655102539e+02
6.8840399170e+02 6.8862298584e+02 6.8881201172e+02 6.8902398682e+02 6.8927099609e+02 6.8952301025e+02 6.8974499512e+02 6.8996502686e+02 6.9019299316e+02 6.9039599609e+02 6.9056201172e+02 6.9073797607e+02 6.9081896973e+02 6.9092498779e+02 6.9113201904e+02 6.9133502197e+02 6.9148797607e+02 6.9164501953e+02 6.9180200195e+02 6.9199902344e+02 6.9215802002e+02 6.9228100586e+02 6.9240197754e+02 6.9257800293e+02 6.9276800537e+02 6.9293902588e+02 6.9310900879e+02 6.9331500244e+02 6.9353802490e+02 6.9375201416e+02 6.9390899658e+02 6.9408697510e+02 6.9424102783e+02 6.9433502197e+02 6.9441101074e+02 6.9450598145e+02 6.9457800293e+02 6.9469201660e+02 6.9486798096e+02 6.9507202148e+02 6.9528900146e+02 6.9549401855e+02 6.9571301270e+02 6.9594299316e+02 6.9617700195e+02 6.9641900635e+02
6.8826397705e+02 6.8848901367e+02 6.8865899658e+02 6.8890399170e+02 6.8915197754e+02 6.8938598633e+02 6.8959301758e+02 6.8983502197e+02 6.9009997559e+02 6.9031402588e+02 6.9043200684e+02 6.9058697510e+02 6.9069201660e+02 6.9079998779e+02 6.9097198486e+02 6.9114599609e+02 6.9132000732e+02 6.9151300049e+02 6.9167498779e+02 6.9188800049e+02 6.9205798340e+02 6.9218402100e+02 6.9231799316e+02 6.9244799805e+02 6.9261499023e+02 6.9280798340e+02 6.9300701904e+02 6.9320202637e+02 6.9339697266e+02 6.9358001709e+02 6.9373699951e+02 6.9383502197e+02 6.9397698975e+02 6.9412500000e+02 6.9425799561e+02 6.9435198975e+02 6.9442999268e+02 6.9454797363e+02 6.9472900391e+02 6.9494097900e+02 6.9515698242e+02 6.9535601807e+02 6.9557000732e+02 6.9579199219e+02 6.9602301025e+02 6.9627197266e+02
6.8809600830e+02 6.8834100342e+02 6.8853601074e+02 6.8876599121e+02 6.8901098633e+02 6.8923199463e+02 6.8940997314e+02 6.8964398193e+02 6.8994396973e+02 6.9021301270e+02 6.9036199951e+02 6.9049298096e+02 6.9058599854e+02 6.9070300293e+02 6.9087097168e+02 6.9101300049e+02 6.9120800781e+02 6.9142102051e+02 6.9158398438e+02 6.9179901123e+02 6.9197802734e+02 6.9211901855e+02 6.9226800537e+02 6.9240002441e+02 6.9255200195e+02 6.9273199463e+02 6.9291699219e+02 6.9308898926e+02 6.9327502441e+02 6.9345800781e+02 6.9362200928e+02 6.9372198486e+02 6.9382800293e+02 6.9396997070e+02 6.9409399414e+02 6.9418200684e+02 6.9426397705e+02 6.9439898682e+02 6.9460302734e+02 6.9481402588e+02 6.9502502441e+02 6.9522900391e+02 6.9544598389e+02 6.9566400146e+02 6.9589202881e+02 6.9612902832e+02
6.8788702393e+02 6.8814300537e+02 6.8839001465e+02 6.8861901855e+02 6.8886297607e+02 6.8907702637e+02 6.8924499512e+02 6.8945697021e+02 6.8972601318e+02 6.8999597168e+02 6.9019396973e+02 6.9035998535e+02 6.9048297119e+02 6.9062097168e+02 6.9079400635e+02 6.9096002197e+02 6.9117999268e+02 6.9139202881e+02 6.9153601074e+02 6.9172100830e+02 6.9189099121e+02 6.9204498291e+02 6.9221398926e+02 6.9237200928e+02 6.9251898193e+02 6.9266900635e+02 6.9283502197e+02 6.9300299072e+02 6.9316400146e+02 6.9333001709e+02 6.9349902344e+02 6.9359802246e+02 6.9369598389e+02 6.9381896973e+02 6.9391699219e+02 6.9400500488e+02 6.9409997559e+02 6.9425402832e+02 6.9446899414e+02 6.9467602539e+02 6.9489697266e+02 6.9511297607e+02 6.9532800293e+02 6.9554302979e+02 6.9576000977e+02 6.9598400879e+02
6.8772302246e+02 6.8797399902e+02 6.8825000000e+02 6.8847698975e+02 6.8871801758e+02 6.8892901611e+02 6.8910400391e+02 6.8929797363e+02 6.8951800537e+02 6.8975897217e+02 6.8997698975e+02 6.9019097900e+02 6.9036102295e+02 6.9050299072e+02 6.9068298340e+02 6.9090100098e+02 6.9113897705e+02 6.9133001709e+02 6.9146197510e+02 6.9161602783e+02 6.9177600098e+02 6.9194500732e+02 6.9214300537e+02 6.9234600830e+02 6.9249798584e+02 6.9261401367e+02 6.9274798584e+02 6.9292297363e+02 6.9306597900e+02 6.9320501709e+02 6.9336700439e+02 6.9349597168e+02 6.9360900879e+02 6.9371197510e+02 6.9377099609e+02 6.9384997559e+02 6.9395697021e+02 6.9412097168e+02 6.9433697510e+02 6.9455102539e+02 6.9478302002e+02 6.9500598145e+02 6.9521099854e+02 6.9541601563e+02 6.9562097168e+02 6.9583197021e+02
