TESTSERVER/13/3.asc
NCOLS 100
NROWS 100
XLLCORNER 8.1497500000e+03
YLLCORNER 2.8980025000e+05
CELLSIZE 5.0000000000e-01
NODATA_VALUE -9.9990000000e+03
[rows 20 to 39 of 100, columns 46 to 91 of 100]
6.7601599121e+02 6.7614801025e+02 6.7626501465e+02 6.7643499756e+02 6.7658197021e+02 6.7675402832e+02 6.7697802734e+02 6.7717297363e+02 6.7733300781e+02 6.7749298096e+02 6.7765197754e+02 6.7772998047e+02 6.7779797363e+02 6.7787298584e+02 6.7793902588e+02 6.7799200439e+02 6.7804602051e+02 6.7810198975e+02 6.7818402100e+02 6.7830603027e+02 6.7845098877e+02 6.7862200928e+02 6.7878900146e+02 6.7894799805e+02 6.7911199951e+02 6.7926397705e+02 6.7938897705e+02 6.7946997070e+02 6.7954998779e+02 6.7961798096e+02 6.7970599365e+02 6.7979101563e+02 6.7990899658e+02 6.8007598877e+02 6.8029101563e+02 6.8050299072e+02 6.8074102783e+02 6.8103198242e+02 6.8138897705e+02 6.8172900391e+02 6.8201300049e+02 6.8225701904e+02 6.8246398926e+02 6.8262097168e+02 6.8276599121e+02 6.8292401123e+02
6.7587200928e+02 6.7599499512e+02 6.7609899902e+02 6.7624700928e+02 6.7638201904e+02 6.7658197021e+02 6.7686102295e+02 6.7703802490e+02 6.7713897705e+02 6.7725402832e+02 6.7741601563e+02 6.7754602051e+02 6.7761700439e+02 6.7765899658e+02 6.7771997070e+02 6.7778997803e+02 6.7785198975e+02 6.7794097900e+02 6.7805902100e+02 6.7818701172e+02 6.7831701660e+02 6.7847601318e+02 6.7866302490e+02 6.7882501221e+02 6.7900097656e+02 6.7917999268e+02 6.7931500244e+02 6.7943103027e+02 6.7953497314e+02 6.7960101318e+02 6.7970898438e+02 6.7978802490e+02 6.7986297607e+02 6.7998199463e+02 6.8018200684e+02 6.8036901855e+02 6.8057598877e+02 6.8085101318e+02 6.8119299316e+02 6.8151300049e+02 6.8179998779e+02 6.8205102539e+02 6.8224700928e+02 6.8238702393e+02 6.8254602051e+02 6.8272802734e+02
6.7563897705e+02 6.7576397705e+02 6.7587200928e+02 6.7601397705e+02 6.7613098145e+02 6.7632397461e+02 6.7663299561e+02 6.7682397461e+02 6.7693701172e+02 6.7703399658e+02 6.7715502930e+02 6.7730700684e+02 6.7738598633e+02 6.7740997314e+02 6.7745397949e+02 6.7754199219e+02 6.7762902832e+02 6.7772698975e+02 6.7783801270e+02 6.7797198486e+02 6.7810797119e+02 6.7827801514e+02 6.7850799561e+02 6.7868200684e+02 6.7887402344e+02 6.7907800293e+02 6.7924200439e+02 6.7940600586e+02 6.7955700684e+02 6.7965301514e+02 6.7977600098e+02 6.7986499023e+02 6.7991699219e+02 6.7998400879e+02 6.8015802002e+02 6.8034997559e+02 6.8053997803e+02 6.8078399658e+02 6.8109399414e+02 6.8138201904e+02 6.8162298584e+02 6.8184997559e+02 6.8203601074e+02 6.8218402100e+02 6.8235998535e+02 6.8254498291e+02
6.7539801025e+02 6.7551397705e+02 6.7563397217e+02 6.7580200195e+02 6.7592602539e+02 6.7607299805e+02 6.7632000732e+02 6.7653100586e+02 6.7669799805e+02 6.7681597900e+02 6.7689801025e+02 6.7704101563e+02 6.7713897705e+02 6.7718597412e+02 6.7722802734e+02 6.7730499268e+02 6.7741198730e+02 6.7751397705e+02 6.7759399414e+02 6.7774298096e+02 6.7790502930e+02 6.7808898926e+02 6.7833697510e+02 6.7854101563e+02 6.7877899170e+02 6.7901898193e+02 6.7920098877e+02 6.7940399170e+02 6.7959997559e+02 6.7973699951e+02 6.7988000488e+02 6.8000000000e+02 6.8005700684e+02 6.8008398438e+02 6.8020001221e+02 6.8038702393e+02 6.8056500244e+02 6.8077502441e+02 6.8103900146e+02 6.8127801514e+02 6.8146197510e+02 6.8165502930e+02 6.8183599854e+02 6.8199200439e+02 6.8216400146e+02 6.8232702637e+02
6.7517602539e+02 6.7528698730e+02 6.7540802002e+02 6.7555200195e+02 6.7569702148e+02 6.7583197021e+02 6.7599298096e+02 6.7619897461e+02 6.7638299561e+02 6.7653302002e+02 6.7663598633e+02 6.7676098633e+02 6.7687701416e+02 6.7697100830e+02 6.7706201172e+02 6.7709698486e+02 6.7718298340e+02 6.7729302979e+02 6.7738598633e+02 6.7754302979e+02 6.7771697998e+02 6.7791998291e+02 6.7817901611e+02 6.7842901611e+02 6.7870800781e+02 6.7898999023e+02 6.7920397949e+02 6.7942401123e+02 6.7965802002e+02 6.7983300781e+02 6.7996801758e+02 6.8010900879e+02 6.8017901611e+02 6.8018499756e+02 6.8023797607e+02 6.8039300537e+02 6.8056597900e+02 6.8075097656e+02 6.8094897461e+02 6.8112701416e+02 6.8128698730e+02 6.8147198486e+02 6.8166400146e+02 6.8179699707e+02 6.8194396973e+02 6.8207397461e+02
6.7496301270e+02 6.7505798340e+02 6.7517498779e+02 6.7530700684e+02 6.7544598389e+02 6.7559899902e+02 6.7576702881e+02 6.7594396973e+02 6.7610900879e+02 6.7625299072e+02 6.7635498047e+02 6.7646899414e+02 6.7658502197e+02 6.7669702148e+02 6.7681298828e+02 6.7689697266e+02 6.7697900391e+02 6.7708502197e+02 6.7719201660e+02 6.7735302734e+02 6.7754302979e+02 6.7775299072e+02 6.7804302979e+02 6.7838098145e+02 6.7868298340e+02 6.7893298340e+02 6.7913397217e+02 6.7938500977e+02 6.7965100098e+02 6.7984497070e+02 6.7994396973e+02 6.8007897949e+02 6.8015197754e+02 6.8016101074e+02 6.8017498779e+02 6.8032098389e+02 6.8048602295e+02 6.8066198730e+02 6.8084899902e+02 6.8104101563e+02 6.8120397949e+02 6.8134497070e+02 6.8147497559e+02 6.8159399414e+02 6.8171899414e+02 6.8183801270e+02
6.7474700928e+02 6.7484997559e+02 6.7497698975e+02 6.7511102295e+02 6.7523199463e+02 6.7536602783e+02 6.7553002930e+02 6.7567700195e+02 6.7582501221e+02 6.7596997070e+02 6.7608502197e+02 6.7620001221e+02 6.7632202148e+02 6.7644500732e+02 6.7656799316e+02 6.7669702148e+02 6.7680700684e+02 6.7691497803e+02 6.7703100586e+02 6.7719799805e+02 6.7739300537e+02 6.7761199951e+02 6.7790100098e+02 6.7823999023e+02 6.7855297852e+02 6.7879699707e+02 6.7902899170e+02 6.7926000977e+02 6.7948602295e+02 6.7967797852e+02 6.7980902100e+02 6.7991998291e+02 6.7998999023e+02 6.8001599121e+02 6.8004901123e+02 6.8019799805e+02 6.8033801270e+02 6.8048199463e+02 6.8066900635e+02 6.8091699219e+02 6.8109399414e+02 6.8120098877e+02 6.8127099609e+02 6.8137200928e+02 6.8148797607e+02 6.8159698486e+02
6.7459698486e+02 6.7473101807e+02 6.7486901855e+02 6.7502099609e+02 6.7509899902e+02 6.7515997314e+02 6.7528198242e+02 6.7540100098e+02 6.7553399658e+02 6.7568798828e+02 6.7582897949e+02 6.7596197510e+02 6.7609802246e+02 6.7622497559e+02 6.7633197021e+02 6.7648999023e+02 6.7664398193e+02 6.7677001953e+02 6.7688397217e+02 6.7707098389e+02 6.7728198242e+02 6.7749401855e+02 6.7776202393e+02 6.7808197021e+02 6.7836700439e+02 6.7861102295e+02 6.7891400146e+02 6.7911297607e+02 6.7926300049e+02 6.7943499756e+02 6.7959997559e+02 6.7969598389e+02 6.7976800537e+02 6.7980902100e+02 6.7985601807e+02 6.8000799561e+02 6.8014001465e+02 6.8025701904e+02 6.8041497803e+02 6.8065899658e+02 6.8084600830e+02 6.8096099854e+02 6.8102697754e+02 6.8112701416e+02 6.8125402832e+02 6.8136901855e+02
6.7451898193e+02 6.7465997314e+02 6.7477600098e+02 6.7493701172e+02 6.7498199463e+02 6.7498101807e+02 6.7504302979e+02 6.7514599609e+02 6.7528100586e+02 6.7544702148e+02 6.7560198975e+02 6.7572998047e+02 6.7586297607e+02 6.7599200439e+02 6.7611102295e+02 6.7626000977e+02 6.7644097900e+02 6.7660400391e+02 6.7675000000e+02 6.7694299316e+02 6.7720098877e+02 6.7742199707e+02 6.7762200928e+02 6.7793298340e+02 6.7818298340e+02 6.7840600586e+02 6.7875897217e+02 6.7893200684e+02 6.7900299072e+02 6.7912701416e+02 6.7925598145e+02 6.7937902832e+02 6.7946099854e+02 6.7952099609e+02 6.7960302734e+02 6.7977197266e+02 6.7993200684e+02 6.8006500244e+02 6.8017297363e+02 6.8034497070e+02 6.8051098633e+02 6.8064801025e+02 6.8075897217e+02 6.8086700439e+02 6.8099902344e+02 6.8113800049e+02
6.7446502686e+02 6.7457397461e+02 6.7462799072e+02 6.7470397949e+02 6.7473901367e+02 6.7476397705e+02 6.7482702637e+02 6.7491699219e+02 6.7502099609e+02 6.7518298340e+02 6.7539398193e+02 6.7554797363e+02 6.7565502930e+02 6.7576098633e+02 6.7588800049e+02 6.7602398682e+02 6.7619702148e+02 6.7638201904e+02 6.7656097412e+02 6.7673199463e+02 6.7701397705e+02 6.7729901123e+02 6.7746801758e+02 6.7771197510e+02 6.7794396973e+02 6.7812298584e+02 6.7834600830e+02 6.7855798340e+02 6.7868798828e+02 6.7877301025e+02 6.7888598633e+02 6.7900598145e+02 6.7911798096e+02 6.7924700928e+02 6.7937799072e+02 6.7953100586e+02 6.7971301270e+02 6.7990197754e+02 6.8002502441e+02 6.8013201904e+02 6.8025500488e+02 6.8036798096e+02 6.8047998047e+02 6.8061199951e+02 6.8076599121e+02 6.8093200684e+02
6.7439501953e+02 6.7445098877e+02 6.7446801758e+02 6.7448797607e+02 6.7453198242e+02 6.7458001709e+02 6.7461602783e+02 6.7469500732e+02 6.7478100586e+02 6.7489099121e+02 6.7507000732e+02 6.7525402832e+02 6.7540002441e+02 6.7553997803e+02 6.7568402100e+02 6.7581799316e+02 6.7599700928e+02 6.7619000244e+02 6.7636700439e+02 6.7648797607e+02 6.7670098877e+02 6.7700000000e+02 6.7726501465e+02 6.7748101807e+02 6.7767199707e+02 6.7783099365e+02 6.7796899414e+02 6.7820800781e+02 6.7839398193e+02 6.7849102783e+02 6.7859399414e+02 6.7872698975e+02 6.7885400391e+02 6.7896997070e+02 6.7908697510e+02 6.7926599121e+02 6.7946301270e+02 6.7966601563e+02 6.7980902100e+02 6.7989300537e+02 6.7999102783e+02 6.8009399414e+02 6.8021002197e+02 6.8034997559e+02 6.8050402832e+02 6.8065301514e+02
6.7430297852e+02 6.7433001709e+02 6.7431701660e+02 6.7430700684e+02 6.7437298584e+02 6.7443701172e+02 6.7443798828e+02 6.7451397705e+02 6.7461999512e+02 6.7471697998e+02 6.7482397461e+02 6.7498400879e+02 6.7515997314e+02 6.7533801270e+02 6.7548999023e+02 6.7564001465e+02 6.7583599854e+02 6.7602502441e+02 6.7617901611e+02 6.7631896973e+02 6.7647100830e+02 6.7672302246e+02 6.7703198242e+02 6.7721600342e+02 6.7738897705e+02 6.7754699707e+02 6.7766699219e+02 6.7791302490e+02 6.7808001709e+02 6.7813702393e+02 6.7821997070e+02 6.7838897705e+02 6.7854998779e+02 6.7863800049e+02 6.7873297119e+02 6.7895898438e+02 6.7915802002e+02 6.7932800293e+02 6.7947100830e+02 6.7959497070e+02 6.7970898438e+02 6.7981402588e+02 6.7992498779e+02 6.8006298828e+02 6.8021398926e+02 6.8033099365e+02
6.7410400391e+02 6.7414599609e+02 6.7412298584e+02 6.7412097168e+02 6.7420098877e+02 6.7426800537e+02 6.7428302002e+02 6.7437402344e+02 6.7450097656e+02 6.7465002441e+02 6.7477801514e+02 6.7487799072e+02 6.7502502441e+02 6.7518200684e+02 6.7529498291e+02 6.7546600342e+02 6.7566802979e+02 6.7583502197e+02 6.7596398926e+02 6.7614300537e+02 6.7629199219e+02 6.7646801758e+02 6.7668298340e+02 6.7691601563e+02 6.7711999512e+02 6.7728100586e+02 6.7738598633e+02 6.7760797119e+02 6.7777502441e+02 6.7778802490e+02 6.7779699707e+02 6.7795397949e+02 6.7812298584e+02 6.7825500488e+02 6.7839099121e+02 6.7863800049e+02 6.7883099365e+02 6.7897100830e+02 6.7912200928e+02 6.7930603027e+02 6.7945501709e+02 6.7955401611e+02 6.7961602783e+02 6.7973797607e+02 6.7991601563e+02 6.8003900146e+02
6.7369299316e+02 6.7378100586e+02 6.7380401611e+02 6.7387200928e+02 6.7400000000e+02 6.7408599854e+02 6.7412200928e+02 6.7424499512e+02 6.7441101074e+02 6.7460400391e+02 6.7476202393e+02 6.7484997559e+02 6.7495599365e+02 6.7505401611e+02 6.7514898682e+02 6.7529199219e+02 6.7545898438e+02 6.7562402344e+02 6.7577801514e+02 6.7592901611e+02 6.7606402588e+02 6.7620697021e+02 6.7636999512e+02 6.7655798340e+02 6.7677001953e+02 6.7698297119e+02 6.7711700439e+02 6.7719702148e+02 6.7734002686e+02 6.7743200684e+02 6.7747900391e+02 6.7756896973e+02 6.7771301270e+02 6.7789501953e+02 6.7807299805e+02 6.7826000977e+02 6.7844500732e+02 6.7862500000e+02 6.7882598877e+02 6.7901702881e+02 6.7916302490e+02 6.7927197266e+02 6.7933300781e+02 6.7943298340e+02 6.7956896973e+02 6.7966101074e+02
6.7327197266e+02 6.7341400146e+02 6.7351702881e+02 6.7366400146e+02 6.7381500244e+02 6.7391400146e+02 6.7399499512e+02 6.7423901367e+02 6.7447601318e+02 6.7463397217e+02 6.7474401855e+02 6.7482897949e+02 6.7490802002e+02 6.7497497559e+02 6.7506201172e+02 6.7514501953e+02 6.7527801514e+02 6.7547698975e+02 6.7565899658e+02 6.7576202393e+02 6.7586102295e+02 6.7598901367e+02 6.7614202881e+02 6.7627899170e+02 6.7644299316e+02 6.7666497803e+02 6.7683398438e+02 6.7688500977e+02 6.7698699951e+02 6.7709301758e+02 6.7717700195e+02 6.7725701904e+02 6.7740997314e+02 6.7761999512e+02 6.7780902100e+02 6.7794799805e+02 6.7812097168e+02 6.7832202148e+02 6.7853802490e+02 6.7870202637e+02 6.7884899902e+02 6.7897302246e+02 6.7905499268e+02 6.7914202881e+02 6.7923602295e+02 6.7930700684e+02
6.7296997070e+02 6.7313397217e+02 6.7328399658e+02 6.7348797607e+02 6.7365100098e+02 6.7375701904e+02 6.7385101318e+02 6.7414697266e+02 6.7449298096e+02 6.7466400146e+02 6.7471099854e+02 6.7477600098e+02 6.7482598877e+02 6.7487799072e+02 6.7495599365e+02 6.7499298096e+02 6.7510601807e+02 6.7532098389e+02 6.7552001953e+02 6.7560601807e+02 6.7566900635e+02 6.7577301025e+02 6.7592797852e+02 6.7607000732e+02 6.7619500732e+02 6.7636297607e+02 6.7651000977e+02 6.7662902832e+02 6.7673901367e+02 6.7681097412e+02 6.7689099121e+02 6.7697497559e+02 6.7711602783e+02 6.7731799316e+02 6.7752899170e+02 6.7766900635e+02 6.7784600830e+02 6.7806597900e+02 6.7828900146e+02 6.7844000244e+02 6.7858801270e+02 6.7871301270e+02 6.7878802490e+02 6.7884802246e+02 6.7892700195e+02 6.7901501465e+02
6.7276202393e+02 6.7289300537e+02 6.7304400635e+02 6.7325701904e+02 6.7344598389e+02 6.7358898926e+02 6.7370397949e+02 6.7397100830e+02 6.7434997559e+02 6.7457000732e+02 6.7459301758e+02 6.7463897705e+02 6.7467498779e+02 6.7470001221e+02 6.7474200439e+02 6.7479498291e+02 6.7489801025e+02 6.7505999756e+02 6.7521801758e+02 6.7538397217e+02 6.7546801758e+02 6.7554901123e+02 6.7568298340e+02 6.7584399414e+02 6.7598901367e+02 6.7612200928e+02 6.7622399902e+02 6.7636401367e+02 6.7648797607e+02 6.7654699707e+02 6.7660101318e+02 6.7669097900e+02 6.7680297852e+02 6.7696099854e+02 6.7716998291e+02 6.7737701416e+02 6.7758300781e+02 6.7782000732e+02 6.7806896973e+02 6.7825598145e+02 6.7840997314e+02 6.7851202393e+02 6.7856097412e+02 6.7859899902e+02 6.7866900635e+02 6.7876800537e+02
6.7256298828e+02 6.7266601563e+02 6.7283502197e+02 6.7301599121e+02 6.7320397949e+02 6.7337701416e+02 6.7353900146e+02 6.7381597900e+02 6.7418200684e+02 6.7439898682e+02 6.7439001465e+02 6.7437402344e+02 6.7442901611e+02 6.7447900391e+02 6.7452001953e+02 6.7460498047e+02 6.7469097900e+02 6.7478002930e+02 6.7487200928e+02 6.7505499268e+02 6.7522998047e+02 6.7534899902e+02 6.7547399902e+02 6.7562200928e+02 6.7576599121e+02 6.7591302490e+02 6.7602801514e+02 6.7615399170e+02 6.7626599121e+02 6.7633502197e+02 6.7639501953e+02 6.7646997070e+02 6.7654498291e+02 6.7666198730e+02 6.7687799072e+02 6.7709100342e+02 6.7729602051e+02 6.7752502441e+02 6.7778198242e+02 6.7803100586e+02 6.7820300293e+02 6.7828497314e+02 6.7832897949e+02 6.7835198975e+02 6.7842602539e+02 6.7852099609e+02
6.7239501953e+02 6.7248400879e+02 6.7264001465e+02 6.7277801514e+02 6.7292102051e+02 6.7306799316e+02 6.7325097656e+02 6.7354602051e+02 6.7385498047e+02 6.7401000977e+02 6.7402398682e+02 6.7398901367e+02 6.7404400635e+02 6.7413702393e+02 6.7422399902e+02 6.7434002686e+02 6.7441198730e+02 6.7445898438e+02 6.7453399658e+02 6.7473101807e+02 6.7495599365e+02 6.7511798096e+02 6.7524499512e+02 6.7539898682e+02 6.7554901123e+02 6.7570501709e+02 6.7584997559e+02 6.7597900391e+02 6.7608599854e+02 6.7616699219e+02 6.7623999023e+02 6.7631097412e+02 6.7636102295e+02 6.7643798828e+02 6.7661199951e+02 6.7680798340e+02 6.7700097656e+02 6.7721899414e+02 6.7746502686e+02 6.7770800781e+02 6.7786901855e+02 6.7795800781e+02 6.7804101563e+02 6.7809997559e+02 6.7819799805e+02 6.7829901123e+02
6.7228399658e+02 6.7233300781e+02 6.7244702148e+02 6.7255999756e+02 6.7266400146e+02 6.7276800537e+02 6.7292102051e+02 6.7317901611e+02 6.7342199707e+02 6.7353601074e+02 6.7361199951e+02 6.7363800049e+02 6.7369396973e+02 6.7379400635e+02 6.7388702393e+02 6.7400402832e+02 6.7409301758e+02 6.7415600586e+02 6.7425000000e+02 6.7442498779e+02 6.7463897705e+02 6.7482397461e+02 6.7498901367e+02 6.7517700195e+02 6.7534899902e+02 6.7551501465e+02 6.7567797852e+02 6.7582299805e+02 6.7595300293e+02 6.7605200195e+02 6.7613702393e+02 6.7621997070e+02 6.7625701904e+02 6.7629699707e+02 6.7641400146e+02 6.7658197021e+02 6.7675000000e+02 6.7694299316e+02 6.7715600586e+02 6.7735498047e+02 6.7750598145e+02 6.7761999512e+02 6.7774597168e+02 6.7784197998e+02 6.7797900391e+02 6.7811199951e+02
