TESTSERVER/13/3.asc
NCOLS 100
NROWS 100
XLLCORNER 8.1497500000e+03
YLLCORNER 2.8980025000e+05
CELLSIZE 5.0000000000e-01
NODATA_VALUE -9.9990000000e+03
[rows 40 to 59 of 100, columns 0 to 45 of 100]
6.6341802979e+02 6.6358599854e+02 6.6374200439e+02 6.6394299316e+02 6.6413702393e+02 6.6431402588e+02 6.6448901367e+02 6.6466400146e+02 6.6483801270e+02 6.6507397461e+02 6.6528198242e+02 6.6546099854e+02 6.6563299561e+02 6.6578198242e+02 6.6600299072e+02 6.6622100830e+02 6.6641601563e+02 6.6661199951e+02 6.6682397461e+02 6.6703802490e+02 6.6722998047e+02 6.6740899658e+02 6.6760900879e+02 6.6782202148e+02 6.6802301025e+02 6.6822698975e+02 6.6844000244e+02 6.6868298340e+02 6.6894799805e+02 6.6928198242e+02 6.6952197266e+02 6.6967602539e+02 6.6978997803e+02 6.6982098389e+02 6.6990002441e+02 6.7001202393e+02 6.7015802002e+02 6.7044000244e+02 6.7080297852e+02 6.7110601807e+02 6.7125897217e+02 6.7144299316e+02 6.7158099365e+02 6.7173901367e+02 6.7201300049e+02 6.7215197754e+02
6.6329602051e+02 6.6343798828e+02 6.6359197998e+02 6.6379199219e+02 6.6400402832e+02 6.6415899658e+02 6.6432000732e+02 6.6451300049e+02 6.6469201660e+02 6.6490600586e+02 6.6509698486e+02 6.6528302002e+02 6.6545300293e+02 6.6561602783e+02 6.6581500244e+02 6.6601702881e+02 6.6623199463e+02 6.6642401123e+02 6.6661401367e+02 6.6682202148e+02 6.6704302979e+02 6.6723199463e+02 6.6742401123e+02 6.6764001465e+02 6.6782897949e+02 6.6802502441e+02 6.6822497559e+02 6.6841998291e+02 6.6864398193e+02 6.6892401123e+02 6.6920300293e+02 6.6946099854e+02 6.6961401367e+02 6.6972100830e+02 6.6981799316e+02 6.6990698242e+02 6.6998400879e+02 6.7010302734e+02 6.7035699463e+02 6.7067498779e+02 6.7090002441e+02 6.7117498779e+02 6.7136499023e+02 6.7147399902e+02 6.7167999268e+02 6.7191400146e+02
6.6315997314e+02 6.6330999756e+02 6.6346600342e+02 6.6364001465e+02 6.6384197998e+02 6.6401501465e+02 6.6417401123e+02 6.6436499023e+02 6.6453802490e+02 6.6472601318e+02 6.6490997314e+02 6.6512097168e+02 6.6530999756e+02 6.6546301270e+02 6.6565600586e+02 6.6585699463e+02 6.6606500244e+02 6.6625598145e+02 6.6642901611e+02 6.6662200928e+02 6.6684497070e+02 6.6705297852e+02 6.6723999023e+02 6.6744897461e+02 6.6763800049e+02 6.6783197021e+02 6.6802600098e+02 6.6819396973e+02 6.6838299561e+02 6.6863598633e+02 6.6890997314e+02 6.6917999268e+02 6.6938397217e+02 6.6956701660e+02 6.6971002197e+02 6.6983300781e+02 6.6991998291e+02 6.6999597168e+02 6.7009600830e+02 6.7026098633e+02 6.7049499512e+02 6.7081896973e+02 6.7110198975e+02 6.7125897217e+02 6.7145800781e+02 6.7168298340e+02
6.6301202393e+02 6.6316497803e+02 6.6333001709e+02 6.6349200439e+02 6.6365997314e+02 6.6384899902e+02 6.6402197266e+02 6.6419799805e+02 6.6437701416e+02 6.6455200195e+02 6.6472601318e+02 6.6494097900e+02 6.6514300537e+02 6.6530401611e+02 6.6551898193e+02 6.6572100830e+02 6.6589398193e+02 6.6607702637e+02 6.6624902344e+02 6.6643798828e+02 6.6664599609e+02 6.6685101318e+02 6.6704199219e+02 6.6725299072e+02 6.6744598389e+02 6.6762701416e+02 6.6781298828e+02 6.6797497559e+02 6.6814898682e+02 6.6837799072e+02 6.6859100342e+02 6.6882202148e+02 6.6910498047e+02 6.6936102295e+02 6.6954302979e+02 6.6970800781e+02 6.6984899902e+02 6.6995898438e+02 6.7004302979e+02 6.7012701416e+02 6.7027398682e+02 6.7048498535e+02 6.7074401855e+02 6.7097399902e+02 6.7127600098e+02 6.7149700928e+02
6.6283801270e+02 6.6300299072e+02 6.6316601563e+02 6.6331799316e+02 6.6349700928e+02 6.6368701172e+02 6.6385601807e+02 6.6403900146e+02 6.6421697998e+02 6.6438897705e+02 6.6456896973e+02 6.6475402832e+02 6.6494396973e+02 6.6513299561e+02 6.6535302734e+02 6.6555297852e+02 6.6573699951e+02 6.6591699219e+02 6.6608502197e+02 6.6627502441e+02 6.6647198486e+02 6.6664801025e+02 6.6684100342e+02 6.6704302979e+02 6.6722601318e+02 6.6740600586e+02 6.6759698486e+02 6.6776000977e+02 6.6792999268e+02 6.6813098145e+02 6.6831500244e+02 6.6851397705e+02 6.6877398682e+02 6.6901300049e+02 6.6924597168e+02 6.6945697021e+02 6.6966998291e+02 6.6984399414e+02 6.6998602295e+02 6.7010601807e+02 6.7023400879e+02 6.7035998535e+02 6.7049597168e+02 6.7066900635e+02 6.7093200684e+02 6.7121301270e+02
6.6265502930e+02 6.6282501221e+02 6.6300000000e+02 6.6316302490e+02 6.6335601807e+02 6.6351898193e+02 6.6366601563e+02 6.6385400391e+02 6.6401397705e+02 6.6420001221e+02 6.6440197754e+02 6.6457702637e+02 6.6476300049e+02 6.6496197510e+02 6.6517700195e+02 6.6536499023e+02 6.6556597900e+02 6.6576501465e+02 6.6592700195e+02 6.6611102295e+02 6.6628698730e+02 6.6647601318e+02 6.6667102051e+02 6.6685900879e+02 6.6702801514e+02 6.6719201660e+02 6.6737500000e+02 6.6755999756e+02 6.6773901367e+02 6.6789801025e+02 6.6807598877e+02 6.6826800537e+02 6.6848297119e+02 6.6867797852e+02 6.6892700195e+02 6.6917199707e+02 6.6941998291e+02 6.6964801025e+02 6.6986199951e+02 6.7004199219e+02 6.7016699219e+02 6.7030603027e+02 6.7041302490e+02 6.7050097656e+02 6.7062902832e+02 6.7084002686e+02
6.6247302246e+02 6.6264697266e+02 6.6284197998e+02 6.6300897217e+02 6.6317797852e+02 6.6333801270e+02 6.6349597168e+02 6.6368298340e+02 6.6384197998e+02 6.6403198242e+02 6.6421997070e+02 6.6440002441e+02 6.6459997559e+02 6.6479400635e+02 6.6499902344e+02 6.6518200684e+02 6.6538702393e+02 6.6558197021e+02 6.6574200439e+02 6.6591802979e+02 6.6609002686e+02 6.6629199219e+02 6.6648699951e+02 6.6667401123e+02 6.6686199951e+02 6.6703601074e+02 6.6720098877e+02 6.6738702393e+02 6.6756500244e+02 6.6771197510e+02 6.6788500977e+02 6.6808197021e+02 6.6828399658e+02 6.6846099854e+02 6.6868902588e+02 6.6891900635e+02 6.6914898682e+02 6.6937701416e+02 6.6964099121e+02 6.6988098145e+02 6.7004302979e+02 6.7022100830e+02 6.7035601807e+02 6.7044897461e+02 6.7053802490e+02 6.7063397217e+02
6.6230603027e+02 6.6247302246e+02 6.6266198730e+02 6.6283001709e+02 6.6300299072e+02 6.6318200684e+02 6.6333599854e+02 6.6350402832e+02 6.6367999268e+02 6.6386700439e+02 6.6403302002e+02 6.6421398926e+02 6.6441699219e+02 6.6460998535e+02 6.6480200195e+02 6.6498699951e+02 6.6519097900e+02 6.6537799072e+02 6.6554602051e+02 6.6572998047e+02 6.6592700195e+02 6.6613000488e+02 6.6631701660e+02 6.6649597168e+02 6.6667999268e+02 6.6685699463e+02 6.6702899170e+02 6.6721600342e+02 6.6738000488e+02 6.6752697754e+02 6.6769702148e+02 6.6791101074e+02 6.6811999512e+02 6.6830102539e+02 6.6851202393e+02 6.6870800781e+02 6.6891101074e+02 6.6911401367e+02 6.6937402344e+02 6.6962597656e+02 6.6984002686e+02 6.7006597900e+02 6.7024200439e+02 6.7039501953e+02 6.7052600098e+02 6.7058300781e+02
6.6213500977e+02 6.6230401611e+02 6.6247698975e+02 6.6263897705e+02 6.6283801270e+02 6.6303497314e+02 6.6318200684e+02 6.6333599854e+02 6.6352600098e+02 6.6370001221e+02 6.6387097168e+02 6.6405102539e+02 6.6422198486e+02 6.6441302490e+02 6.6460400391e+02 6.6479797363e+02 6.6499499512e+02 6.6517602539e+02 6.6537298584e+02 6.6557000732e+02 6.6577600098e+02 6.6596099854e+02 6.6613299561e+02 6.6629797363e+02 6.6646502686e+02 6.6665600586e+02 6.6684399414e+02 6.6702197266e+02 6.6716900635e+02 6.6733300781e+02 6.6750897217e+02 6.6772497559e+02 6.6794000244e+02 6.6810797119e+02 6.6830700684e+02 6.6849902344e+02 6.6869500732e+02 6.6889599609e+02 6.6913201904e+02 6.6936901855e+02 6.6958599854e+02 6.6981597900e+02 6.7001800537e+02 6.7022399902e+02 6.7042297363e+02 6.7054602051e+02
6.6195800781e+02 6.6212799072e+02 6.6232000732e+02 6.6248901367e+02 6.6266998291e+02 6.6284197998e+02 6.6300500488e+02 6.6318103027e+02 6.6334899902e+02 6.6352801514e+02 6.6370300293e+02 6.6386999512e+02 6.6404199219e+02 6.6422100830e+02 6.6442700195e+02 6.6462902832e+02 6.6479901123e+02 6.6498297119e+02 6.6521301270e+02 6.6542700195e+02 6.6561102295e+02 6.6579199219e+02 6.6596398926e+02 6.6612701416e+02 6.6628601074e+02 6.6647802734e+02 6.6667700195e+02 6.6683898926e+02 6.6699597168e+02 6.6718597412e+02 6.6734997559e+02 6.6753002930e+02 6.6773901367e+02 6.6791900635e+02 6.6812402344e+02 6.6832000732e+02 6.6850897217e+02 6.6870898438e+02 6.6892797852e+02 6.6913598633e+02 6.6931799316e+02 6.6960998535e+02 6.6984100342e+02 6.7000701904e+02 6.7017999268e+02 6.7036901855e+02
6.6179498291e+02 6.6194799805e+02 6.6212500000e+02 6.6229302979e+02 6.6247601318e+02 6.6265899658e+02 6.6283697510e+02 6.6302502441e+02 6.6318200684e+02 6.6335998535e+02 6.6353198242e+02 6.6369702148e+02 6.6385998535e+02 6.6404699707e+02 6.6425799561e+02 6.6444396973e+02 6.6461798096e+02 6.6480603027e+02 6.6500897217e+02 6.6522198486e+02 6.6542401123e+02 6.6561999512e+02 6.6579602051e+02 6.6596899414e+02 6.6612701416e+02 6.6630700684e+02 6.6650097656e+02 6.6665997314e+02 6.6682800293e+02 6.6700799561e+02 6.6716400146e+02 6.6734002686e+02 6.6755102539e+02 6.6772802734e+02 6.6793402100e+02 6.6811999512e+02 6.6829901123e+02 6.6850500488e+02 6.6873498535e+02 6.6893103027e+02 6.6909802246e+02 6.6934497070e+02 6.6954602051e+02 6.6972198486e+02 6.6991802979e+02 6.7011798096e+02
6.6164398193e+02 6.6180200195e+02 6.6195599365e+02 6.6211401367e+02 6.6228997803e+02 6.6246899414e+02 6.6265197754e+02 6.6283697510e+02 6.6300097656e+02 6.6319396973e+02 6.6336999512e+02 6.6354302979e+02 6.6370098877e+02 6.6390002441e+02 6.6407897949e+02 6.6423901367e+02 6.6443798828e+02 6.6462500000e+02 6.6480999756e+02 6.6502197266e+02 6.6524298096e+02 6.6544000244e+02 6.6561798096e+02 6.6580798340e+02 6.6597399902e+02 6.6614398193e+02 6.6631896973e+02 6.6647900391e+02 6.6666699219e+02 6.6684997559e+02 6.6698999023e+02 6.6717102051e+02 6.6737799072e+02 6.6754602051e+02 6.6774298096e+02 6.6791302490e+02 6.6810198975e+02 6.6829998779e+02 6.6851599121e+02 6.6871197510e+02 6.6890197754e+02 6.6910498047e+02 6.6926898193e+02 6.6943798828e+02 6.6965301514e+02 6.6984899902e+02
6.6145599365e+02 6.6163897705e+02 6.6180200195e+02 6.6195501709e+02 6.6212701416e+02 6.6229101563e+02 6.6246899414e+02 6.6264697266e+02 6.6283502197e+02 6.6302801514e+02 6.6321697998e+02 6.6339001465e+02 6.6354400635e+02 6.6372802734e+02 6.6389697266e+02 6.6407098389e+02 6.6426800537e+02 6.6445098877e+02 6.6465002441e+02 6.6485601807e+02 6.6505102539e+02 6.6524700928e+02 6.6542700195e+02 6.6563098145e+02 6.6579699707e+02 6.6596398926e+02 6.6614599609e+02 6.6631402588e+02 6.6650897217e+02 6.6669702148e+02 6.6682598877e+02 6.6699902344e+02 6.6722998047e+02 6.6739001465e+02 6.6757000732e+02 6.6774200439e+02 6.6793798828e+02 6.6811499023e+02 6.6830297852e+02 6.6850500488e+02 6.6869598389e+02 6.6889202881e+02 6.6908502197e+02 6.6924102783e+02 6.6940002441e+02 6.6959002686e+02
6.6132000732e+02 6.6148699951e+02 6.6164697266e+02 6.6180603027e+02 6.6196801758e+02 6.6213397217e+02 6.6230798340e+02 6.6248199463e+02 6.6266198730e+02 6.6285498047e+02 6.6303802490e+02 6.6322601318e+02 6.6340802002e+02 6.6357598877e+02 6.6373699951e+02 6.6390698242e+02 6.6410498047e+02 6.6428997803e+02 6.6446398926e+02 6.6467297363e+02 6.6486999512e+02 6.6504602051e+02 6.6521502686e+02 6.6541101074e+02 6.6559100342e+02 6.6577600098e+02 6.6597497559e+02 6.6615399170e+02 6.6634997559e+02 6.6653601074e+02 6.6667901611e+02 6.6683197021e+02 6.6701898193e+02 6.6719897461e+02 6.6740002441e+02 6.6756298828e+02 6.6774597168e+02 6.6793597412e+02 6.6810998535e+02 6.6830798340e+02 6.6850299072e+02 6.6870001221e+02 6.6887902832e+02 6.6903802490e+02 6.6918402100e+02 6.6935498047e+02
6.6118597412e+02 6.6134197998e+02 6.6150097656e+02 6.6167901611e+02 6.6181799316e+02 6.6197497559e+02 6.6214501953e+02 6.6232098389e+02 6.6250097656e+02 6.6268798828e+02 6.6285699463e+02 6.6304498291e+02 6.6323797607e+02 6.6341601563e+02 6.6358599854e+02 6.6375402832e+02 6.6394500732e+02 6.6413702393e+02 6.6429998779e+02 6.6448797607e+02 6.6468597412e+02 6.6487200928e+02 6.6504101563e+02 6.6523101807e+02 6.6540899658e+02 6.6560498047e+02 6.6581597900e+02 6.6599200439e+02 6.6615698242e+02 6.6634002686e+02 6.6650897217e+02 6.6667199707e+02 6.6682397461e+02 6.6699597168e+02 6.6721002197e+02 6.6738800049e+02 6.6756201172e+02 6.6773199463e+02 6.6789202881e+02 6.6808099365e+02 6.6827099609e+02 6.6847302246e+02 6.6865802002e+02 6.6884197998e+02 6.6899298096e+02 6.6913800049e+02
6.6103002930e+02 6.6118402100e+02 6.6133599854e+02 6.6150799561e+02 6.6165698242e+02 6.6181896973e+02 6.6198999023e+02 6.6216601563e+02 6.6235101318e+02 6.6253399658e+02 6.6269598389e+02 6.6287500000e+02 6.6304901123e+02 6.6324499512e+02 6.6342401123e+02 6.6358898926e+02 6.6377801514e+02 6.6395697021e+02 6.6412799072e+02 6.6429699707e+02 6.6448901367e+02 6.6468402100e+02 6.6486602783e+02 6.6505603027e+02 6.6522698975e+02 6.6542401123e+02 6.6563201904e+02 6.6579602051e+02 6.6594598389e+02 6.6611798096e+02 6.6629498291e+02 6.6647198486e+02 6.6664300537e+02 6.6681201172e+02 6.6702001953e+02 6.6721099854e+02 6.6738897705e+02 6.6754998779e+02 6.6770599365e+02 6.6788702393e+02 6.6805999756e+02 6.6825799561e+02 6.6842999268e+02 6.6863098145e+02 6.6879998779e+02 6.6893298340e+02
6.6086499023e+02 6.6104498291e+02 6.6120098877e+02 6.6133801270e+02 6.6150500488e+02 6.6166198730e+02 6.6183697510e+02 6.6201501465e+02 6.6219598389e+02 6.6235498047e+02 6.6251800537e+02 6.6271197510e+02 6.6288201904e+02 6.6307598877e+02 6.6325598145e+02 6.6342700195e+02 6.6361700439e+02 6.6378302002e+02 6.6396600342e+02 6.6413201904e+02 6.6431799316e+02 6.6449102783e+02 6.6468103027e+02 6.6487701416e+02 6.6503497314e+02 6.6521002197e+02 6.6541101074e+02 6.6558697510e+02 6.6576397705e+02 6.6593902588e+02 6.6610101318e+02 6.6626098633e+02 6.6645397949e+02 6.6661999512e+02 6.6681701660e+02 6.6699298096e+02 6.6717999268e+02 6.6737799072e+02 6.6751898193e+02 6.6767102051e+02 6.6787298584e+02 6.6806097412e+02 6.6821600342e+02 6.6839398193e+02 6.6855999756e+02 6.6871502686e+02
6.6073901367e+02 6.6091101074e+02 6.6106298828e+02 6.6118798828e+02 6.6135400391e+02 6.6151702881e+02 6.6169897461e+02 6.6187597656e+02 6.6203302002e+02 6.6218902588e+02 6.6234399414e+02 6.6253497314e+02 6.6271398926e+02 6.6290399170e+02 6.6308898926e+02 6.6326300049e+02 6.6344201660e+02 6.6361602783e+02 6.6378900146e+02 6.6396697998e+02 6.6415197754e+02 6.6431597900e+02 6.6450299072e+02 6.6470098877e+02 6.6485198975e+02 6.6502600098e+02 6.6522698975e+02 6.6540301514e+02 6.6557800293e+02 6.6575897217e+02 6.6589398193e+02 6.6605902100e+02 6.6625799561e+02 6.6642498779e+02 6.6662097168e+02 6.6679998779e+02 6.6697802734e+02 6.6718103027e+02 6.6734497070e+02 6.6748297119e+02 6.6767199707e+02 6.6785101318e+02 6.6801599121e+02 6.6819897461e+02 6.6835400391e+02 6.6849499512e+02
6.6058898926e+02 6.6075097656e+02 6.6091699219e+02 6.6106799316e+02 6.6122198486e+02 6.6136999512e+02 6.6154302979e+02 6.6171697998e+02 6.6187701416e+02 6.6204101563e+02 6.6220397949e+02 6.6238098145e+02 6.6255102539e+02 6.6272998047e+02 6.6291198730e+02 6.6309698486e+02 6.6327899170e+02 6.6344000244e+02 6.6361102295e+02 6.6380401611e+02 6.6397497559e+02 6.6414898682e+02 6.6433197021e+02 6.6452801514e+02 6.6469000244e+02 6.6485998535e+02 6.6505102539e+02 6.6522399902e+02 6.6538897705e+02 6.6557702637e+02 6.6571801758e+02 6.6587597656e+02 6.6607299805e+02 6.6623901367e+02 6.6642498779e+02 6.6660699463e+02 6.6678100586e+02 6.6697998047e+02 6.6716302490e+02 6.6730603027e+02 6.6746997070e+02 6.6765698242e+02 6.6780798340e+02 6.6797601318e+02 6.6812200928e+02 6.6827801514e+02
6.6045397949e+02 6.6060797119e+02 6.6077502441e+02 6.6093298340e+02 6.6109197998e+02 6.6123297119e+02 6.6138098145e+02 6.6154302979e+02 6.6171600342e+02 6.6188897705e+02 6.6205603027e+02 6.6222802734e+02 6.6239099121e+02 6.6254699707e+02 6.6273297119e+02 6.6292797852e+02 6.6310302734e+02 6.6325402832e+02 6.6343200684e+02 6.6363098145e+02 6.6378802490e+02 6.6397601318e+02 6.6416699219e+02 6.6437799072e+02 6.6455200195e+02 6.6470397949e+02 6.6486700439e+02 6.6503601074e+02 6.6519702148e+02 6.6538397217e+02 6.6554699707e+02 6.6567797852e+02 6.6586602783e+02 6.6603302002e+02 6.6620397949e+02 6.6638800049e+02 6.6657397461e+02 6.6676202393e+02 6.6694097900e+02 6.6710302734e+02 6.6726501465e+02 6.6745300293e+02 6.6758398438e+02 6.6773602295e+02 6.6790002441e+02 6.6806500244e+02
