TESTSERVER/13/4.asc
NCOLS 100
NROWS 100
XLLCORNER 8.1497500000e+03
YLLCORNER 2.8975025000e+05
CELLSIZE 5.0000000000e-01
NODATA_VALUE -9.9990000000e+03
[rows 80 to 99 of 100, columns 46 to 91 of 100]
6.5619702148e+02 6.5623101807e+02 6.5625201416e+02 6.5629901123e+02 6.5631402588e+02 6.5632299805e+02 6.5635198975e+02 6.5637597656e+02 6.5640698242e+02 6.5644799805e+02 6.5647802734e+02 6.5653302002e+02 6.5659997559e+02 6.5666198730e+02 6.5669702148e+02 6.5674798584e+02 6.5679998779e+02 6.5686199951e+02 6.5692401123e+02 6.5697900391e+02 6.5705297852e+02 6.5711401367e+02 6.5715802002e+02 6.5723699951e+02 6.5730499268e+02 6.5736999512e+02 6.5744201660e+02 6.5750701904e+02 6.5757501221e+02 6.5764697266e+02 6.5771197510e+02 6.5779400635e+02 6.5786901855e+02 6.5793798828e+02 6.5800000000e+02 6.5807501221e+02 6.5815301514e+02 6.5821197510e+02 6.5827398682e+02 6.5835498047e+02 6.5842999268e+02 6.5850799561e+02 6.5860198975e+02 6.5867700195e+02 6.5874798584e+02 6.5881896973e+02
6.5620098877e+02 6.5623498535e+02 6.5624298096e+02 6.5626599121e+02 6.5628698730e+02 6.5629699707e+02 6.5632299805e+02 6.5633099365e+02 6.5634100342e+02 6.5637200928e+02 6.5640399170e+02 6.5645300293e+02 6.5652398682e+02 6.5659802246e+02 6.5663702393e+02 6.5670202637e+02 6.5675897217e+02 6.5681097412e+02 6.5685900879e+02 6.5691198730e+02 6.5697900391e+02 6.5704699707e+02 6.5709997559e+02 6.5717297363e+02 6.5724499512e+02 6.5731298828e+02 6.5737799072e+02 6.5744598389e+02 6.5750598145e+02 6.5757098389e+02 6.5764801025e+02 6.5772900391e+02 6.5779998779e+02 6.5786999512e+02 6.5794598389e+02 6.5801501465e+02 6.5807897949e+02 6.5813702393e+02 6.5820697021e+02 6.5828198242e+02 6.5835601807e+02 6.5843103027e+02 6.5851702881e+02 6.5859600830e+02 6.5865997314e+02 6.5872497559e+02
6.5619799805e+02 6.5623101807e+02 6.5624700928e+02 6.5623797607e+02 6.5624798584e+02 6.5626702881e+02 6.5628802490e+02 6.5629400635e+02 6.5631201172e+02 6.5634399414e+02 6.5636401367e+02 6.5640502930e+02 6.5646997070e+02 6.5653399658e+02 6.5657800293e+02 6.5664202881e+02 6.5670202637e+02 6.5674798584e+02 6.5678900146e+02 6.5684002686e+02 6.5690899658e+02 6.5698297119e+02 6.5704199219e+02 6.5710797119e+02 6.5717102051e+02 6.5723999023e+02 6.5730999756e+02 6.5739697266e+02 6.5745202637e+02 6.5750799561e+02 6.5758502197e+02 6.5765600586e+02 6.5772399902e+02 6.5779101563e+02 6.5788098145e+02 6.5795697021e+02 6.5801702881e+02 6.5808001709e+02 6.5815002441e+02 6.5822302246e+02 6.5830798340e+02 6.5838201904e+02 6.5844000244e+02 6.5851501465e+02 6.5857598877e+02 6.5864801025e+02
6.5618597412e+02 6.5621197510e+02 6.5623699951e+02 6.5623199463e+02 6.5622698975e+02 6.5624102783e+02 6.5626300049e+02 6.5626501465e+02 6.5629101563e+02 6.5633502197e+02 6.5635302734e+02 6.5638397217e+02 6.5643103027e+02 6.5646899414e+02 6.5651800537e+02 6.5657897949e+02 6.5663897705e+02 6.5668902588e+02 6.5673400879e+02 6.5678601074e+02 6.5685302734e+02 6.5692199707e+02 6.5697900391e+02 6.5704400635e+02 6.5710797119e+02 6.5717498779e+02 6.5723199463e+02 6.5731799316e+02 6.5737799072e+02 6.5744000244e+02 6.5752197266e+02 6.5758898926e+02 6.5766302490e+02 6.5772399902e+02 6.5779101563e+02 6.5786901855e+02 6.5795098877e+02 6.5803497314e+02 6.5809197998e+02 6.5816198730e+02 6.5824499512e+02 6.5832098389e+02 6.5837799072e+02 6.5845300293e+02 6.5851202393e+02 6.5857897949e+02
6.5617401123e+02 6.5618402100e+02 6.5620001221e+02 6.5622497559e+02 6.5622497559e+02 6.5622399902e+02 6.5623797607e+02 6.5624902344e+02 6.5627099609e+02 6.5632800293e+02 6.5635900879e+02 6.5637597656e+02 6.5640600586e+02 6.5641802979e+02 6.5645202637e+02 6.5650701904e+02 6.5656500244e+02 6.5662402344e+02 6.5668103027e+02 6.5673999023e+02 6.5679602051e+02 6.5685601807e+02 6.5691497803e+02 6.5697900391e+02 6.5704901123e+02 6.5711798096e+02 6.5716400146e+02 6.5722497559e+02 6.5729602051e+02 6.5738299561e+02 6.5744702148e+02 6.5750598145e+02 6.5759197998e+02 6.5766900635e+02 6.5771600342e+02 6.5777197266e+02 6.5785797119e+02 6.5796099854e+02 6.5804400635e+02 6.5811102295e+02 6.5816497803e+02 6.5823101807e+02 6.5830700684e+02 6.5836798096e+02 6.5842700195e+02 6.5849298096e+02
6.5615301514e+02 6.5615997314e+02 6.5618402100e+02 6.5619897461e+02 6.5622399902e+02 6.5622100830e+02 6.5623901367e+02 6.5623400879e+02 6.5625201416e+02 6.5630499268e+02 6.5633801270e+02 6.5636602783e+02 6.5637799072e+02 6.5637799072e+02 6.5641101074e+02 6.5646502686e+02 6.5650897217e+02 6.5656500244e+02 6.5662402344e+02 6.5667700195e+02 6.5673400879e+02 6.5679901123e+02 6.5685797119e+02 6.5692602539e+02 6.5698498535e+02 6.5704797363e+02 6.5710400391e+02 6.5716400146e+02 6.5723797607e+02 6.5732000732e+02 6.5736700439e+02 6.5741497803e+02 6.5749200439e+02 6.5758697510e+02 6.5765802002e+02 6.5772302246e+02 6.5778997803e+02 6.5786999512e+02 6.5795001221e+02 6.5803002930e+02 6.5809698486e+02 6.5816601563e+02 6.5823602295e+02 6.5830401611e+02 6.5836602783e+02 6.5842999268e+02
6.5612597656e+02 6.5615301514e+02 6.5618103027e+02 6.5619201660e+02 6.5621002197e+02 6.5619799805e+02 6.5621398926e+02 6.5622601318e+02 6.5624597168e+02 6.5628601074e+02 6.5631402588e+02 6.5634698486e+02 6.5636798096e+02 6.5637799072e+02 6.5638397217e+02 6.5641601563e+02 6.5645098877e+02 6.5649798584e+02 6.5655499268e+02 6.5661499023e+02 6.5667797852e+02 6.5675201416e+02 6.5681298828e+02 6.5687200928e+02 6.5691802979e+02 6.5697698975e+02 6.5703698730e+02 6.5710699463e+02 6.5717901611e+02 6.5724200439e+02 6.5728900146e+02 6.5734698486e+02 6.5741900635e+02 6.5750299072e+02 6.5757202148e+02 6.5765600586e+02 6.5773199463e+02 6.5781201172e+02 6.5787500000e+02 6.5795001221e+02 6.5802697754e+02 6.5809698486e+02 6.5816198730e+02 6.5823400879e+02 6.5829998779e+02 6.5836901855e+02
6.5612597656e+02 6.5615997314e+02 6.5618200684e+02 6.5619500732e+02 6.5621197510e+02 6.5620300293e+02 6.5619097900e+02 6.5621899414e+02 6.5624401855e+02 6.5627697754e+02 6.5629400635e+02 6.5632098389e+02 6.5634600830e+02 6.5635498047e+02 6.5635198975e+02 6.5636700439e+02 6.5640698242e+02 6.5645001221e+02 6.5649597168e+02 6.5656298828e+02 6.5662799072e+02 6.5670300293e+02 6.5676000977e+02 6.5682397461e+02 6.5686401367e+02 6.5691699219e+02 6.5696301270e+02 6.5703399658e+02 6.5709997559e+02 6.5715698242e+02 6.5721398926e+02 6.5727301025e+02 6.5734802246e+02 6.5742797852e+02 6.5749401855e+02 6.5758001709e+02 6.5766302490e+02 6.5775000000e+02 6.5780999756e+02 6.5787402344e+02 6.5794500732e+02 6.5802099609e+02 6.5809497070e+02 6.5815698242e+02 6.5822198486e+02 6.5829302979e+02
6.5613800049e+02 6.5615002441e+02 6.5616497803e+02 6.5618200684e+02 6.5618798828e+02 6.5619702148e+02 6.5620800781e+02 6.5620898438e+02 6.5622900391e+02 6.5626800537e+02 6.5628698730e+02 6.5628198242e+02 6.5629998779e+02 6.5631402588e+02 6.5632598877e+02 6.5634197998e+02 6.5637701416e+02 6.5641601563e+02 6.5644799805e+02 6.5651202393e+02 6.5657397461e+02 6.5663800049e+02 6.5668902588e+02 6.5675299072e+02 6.5680603027e+02 6.5684802246e+02 6.5688800049e+02 6.5695800781e+02 6.5702001953e+02 6.5708801270e+02 6.5714300537e+02 6.5719702148e+02 6.5727197266e+02 6.5735900879e+02 6.5744000244e+02 6.5751397705e+02 6.5758599854e+02 6.5766400146e+02 6.5773797607e+02 6.5779498291e+02 6.5785900879e+02 6.5793402100e+02 6.5801898193e+02 6.5809002686e+02 6.5815698242e+02 6.5822198486e+02
6.5611901855e+02 6.5612902832e+02 6.5615502930e+02 6.5618103027e+02 6.5618798828e+02 6.5619097900e+02 6.5620300293e+02 6.5621997070e+02 6.5623199463e+02 6.5623699951e+02 6.5625201416e+02 6.5625000000e+02 6.5627899170e+02 6.5629498291e+02 6.5631500244e+02 6.5633398438e+02 6.5636102295e+02 6.5639599609e+02 6.5642700195e+02 6.5647698975e+02 6.5653698730e+02 6.5659301758e+02 6.5663397217e+02 6.5668499756e+02 6.5674102783e+02 6.5678601074e+02 6.5682202148e+02 6.5690399170e+02 6.5696099854e+02 6.5702001953e+02 6.5707299805e+02 6.5713397217e+02 6.5721899414e+02 6.5729602051e+02 6.5736401367e+02 6.5744000244e+02 6.5751300049e+02 6.5758697510e+02 6.5765002441e+02 6.5772198486e+02 6.5780102539e+02 6.5786901855e+02 6.5793402100e+02 6.5801501465e+02 6.5809197998e+02 6.5816198730e+02
6.5610400391e+02 6.5612298584e+02 6.5615100098e+02 6.5616699219e+02 6.5616900635e+02 6.5616802979e+02 6.5618200684e+02 6.5620501709e+02 6.5622399902e+02 6.5621600342e+02 6.5624200439e+02 6.5623999023e+02 6.5625701904e+02 6.5626397705e+02 6.5629302979e+02 6.5630902100e+02 6.5633001709e+02 6.5635699463e+02 6.5638800049e+02 6.5642797852e+02 6.5647698975e+02 6.5653198242e+02 6.5658197021e+02 6.5661499023e+02 6.5665197754e+02 6.5670697021e+02 6.5676300049e+02 6.5682897949e+02 6.5688702393e+02 6.5694396973e+02 6.5699700928e+02 6.5706097412e+02 6.5714501953e+02 6.5722302246e+02 6.5728997803e+02 6.5735400391e+02 6.5741998291e+02 6.5749597168e+02 6.5756597900e+02 6.5765002441e+02 6.5773999023e+02 6.5780999756e+02 6.5786602783e+02 6.5793298340e+02 6.5800402832e+02 6.5807598877e+02
6.5609802246e+02 6.5611901855e+02 6.5614001465e+02 6.5615802002e+02 6.5615899658e+02 6.5616101074e+02 6.5617797852e+02 6.5618701172e+02 6.5621398926e+02 6.5622100830e+02 6.5624499512e+02 6.5623699951e+02 6.5624298096e+02 6.5623901367e+02 6.5627099609e+02 6.5628100586e+02 6.5630102539e+02 6.5632397461e+02 6.5635101318e+02 6.5638897705e+02 6.5642102051e+02 6.5646398926e+02 6.5651800537e+02 6.5655200195e+02 6.5657000732e+02 6.5663098145e+02 6.5670501709e+02 6.5674401855e+02 6.5680401611e+02 6.5687298584e+02 6.5692797852e+02 6.5698999023e+02 6.5705999756e+02 6.5713800049e+02 6.5721398926e+02 6.5728302002e+02 6.5734698486e+02 6.5741699219e+02 6.5750299072e+02 6.5758398438e+02 6.5766101074e+02 6.5772998047e+02 6.5779602051e+02 6.5786199951e+02 6.5792901611e+02 6.5800000000e+02
6.5609899902e+02 6.5611999512e+02 6.5613500977e+02 6.5615502930e+02 6.5615002441e+02 6.5615100098e+02 6.5617102051e+02 6.5616699219e+02 6.5619201660e+02 6.5621197510e+02 6.5622900391e+02 6.5622399902e+02 6.5621997070e+02 6.5620501709e+02 6.5622601318e+02 6.5625097656e+02 6.5627600098e+02 6.5628302002e+02 6.5631500244e+02 6.5635601807e+02 6.5638897705e+02 6.5641400146e+02 6.5643103027e+02 6.5648797607e+02 6.5651800537e+02 6.5657299805e+02 6.5661199951e+02 6.5666802979e+02 6.5673602295e+02 6.5680999756e+02 6.5687200928e+02 6.5693701172e+02 6.5699902344e+02 6.5707202148e+02 6.5714398193e+02 6.5721997070e+02 6.5728802490e+02 6.5735498047e+02 6.5744799805e+02 6.5752301025e+02 6.5759997559e+02 6.5766998291e+02 6.5772302246e+02 6.5779998779e+02 6.5786798096e+02 6.5793200684e+02
6.5609002686e+02 6.5611199951e+02 6.5612298584e+02 6.5614398193e+02 6.5615502930e+02 6.5614202881e+02 6.5616101074e+02 6.5617102051e+02 6.5618200684e+02 6.5619299316e+02 6.5620501709e+02 6.5620697021e+02 6.5620697021e+02 6.5619598389e+02 6.5621398926e+02 6.5623101807e+02 6.5625598145e+02 6.5627301025e+02 6.5630999756e+02 6.5633197021e+02 6.5636602783e+02 6.5639501953e+02 6.5640100098e+02 6.5643298340e+02 6.5647399902e+02 6.5652899170e+02 6.5657202148e+02 6.5662799072e+02 6.5668798828e+02 6.5675799561e+02 6.5683502197e+02 6.5688598633e+02 6.5695202637e+02 6.5701800537e+02 6.5707397461e+02 6.5715301514e+02 6.5722601318e+02 6.5730603027e+02 6.5738897705e+02 6.5744097900e+02 6.5752099609e+02 6.5760900879e+02 6.5766497803e+02 6.5771697998e+02 6.5777398682e+02 6.5784002686e+02
6.5606701660e+02 6.5608801270e+02 6.5611499023e+02 6.5613098145e+02 6.5615698242e+02 6.5615002441e+02 6.5615997314e+02 6.5617700195e+02 6.5619299316e+02 6.5619702148e+02 6.5619702148e+02 6.5618103027e+02 6.5618597412e+02 6.5619396973e+02 6.5622698975e+02 6.5623498535e+02 6.5625299072e+02 6.5627197266e+02 6.5631597900e+02 6.5633300781e+02 6.5634600830e+02 6.5637097168e+02 6.5639202881e+02 6.5641900635e+02 6.5644500732e+02 6.5648602295e+02 6.5652099609e+02 6.5658001709e+02 6.5664398193e+02 6.5670202637e+02 6.5677001953e+02 6.5681597900e+02 6.5689300537e+02 6.5696801758e+02 6.5702697754e+02 6.5710302734e+02 6.5716601563e+02 6.5724102783e+02 6.5732598877e+02 6.5737500000e+02 6.5745001221e+02 6.5753497314e+02 6.5759802246e+02 6.5765100098e+02 6.5771002197e+02 6.5776702881e+02
6.5605499268e+02 6.5607501221e+02 6.5611102295e+02 6.5611499023e+02 6.5614099121e+02 6.5615197754e+02 6.5617401123e+02 6.5617999268e+02 6.5618798828e+02 6.5619598389e+02 6.5620397949e+02 6.5618298340e+02 6.5619702148e+02 6.5621600342e+02 6.5624597168e+02 6.5626800537e+02 6.5628601074e+02 6.5629602051e+02 6.5633001709e+02 6.5634399414e+02 6.5633898926e+02 6.5635601807e+02 6.5637902832e+02 6.5641302490e+02 6.5644000244e+02 6.5647100830e+02 6.5649597168e+02 6.5654901123e+02 6.5661297607e+02 6.5666302490e+02 6.5671301270e+02 6.5675299072e+02 6.5682202148e+02 6.5689398193e+02 6.5696899414e+02 6.5704797363e+02 6.5710601807e+02 6.5717498779e+02 6.5725402832e+02 6.5731097412e+02 6.5738598633e+02 6.5745098877e+02 6.5750799561e+02 6.5758197021e+02 6.5765100098e+02 6.5769897461e+02
6.5604602051e+02 6.5606298828e+02 6.5608502197e+02 6.5610601807e+02 6.5613000488e+02 6.5614501953e+02 6.5617297363e+02 6.5616802979e+02 6.5617498779e+02 6.5619500732e+02 6.5622399902e+02 6.5622698975e+02 6.5624401855e+02 6.5625402832e+02 6.5626202393e+02 6.5628997803e+02 6.5632098389e+02 6.5633502197e+02 6.5635601807e+02 6.5635302734e+02 6.5634802246e+02 6.5635797119e+02 6.5638000488e+02 6.5640600586e+02 6.5645202637e+02 6.5649102783e+02 6.5651000977e+02 6.5653997803e+02 6.5658300781e+02 6.5661901855e+02 6.5665997314e+02 6.5672302246e+02 6.5677801514e+02 6.5682202148e+02 6.5689202881e+02 6.5698498535e+02 6.5705700684e+02 6.5713098145e+02 6.5721099854e+02 6.5727502441e+02 6.5732897949e+02 6.5737701416e+02 6.5742901611e+02 6.5750799561e+02 6.5757800293e+02 6.5763000488e+02
6.5603802490e+02 6.5605297852e+02 6.5607202148e+02 6.5609399414e+02 6.5611999512e+02 6.5613598633e+02 6.5615802002e+02 6.5618499756e+02 6.5620300293e+02 6.5620697021e+02 6.5623101807e+02 6.5624798584e+02 6.5627301025e+02 6.5628997803e+02 6.5629400635e+02 6.5630603027e+02 6.5633398438e+02 6.5635797119e+02 6.5637701416e+02 6.5637902832e+02 6.5637298584e+02 6.5636798096e+02 6.5637799072e+02 6.5640802002e+02 6.5644500732e+02 6.5648999023e+02 6.5651599121e+02 6.5653601074e+02 6.5655499268e+02 6.5657000732e+02 6.5661700439e+02 6.5667602539e+02 6.5673400879e+02 6.5677801514e+02 6.5683801270e+02 6.5692401123e+02 6.5698999023e+02 6.5705499268e+02 6.5712701416e+02 6.5719702148e+02 6.5725799561e+02 6.5731597900e+02 6.5737298584e+02 6.5744702148e+02 6.5750299072e+02 6.5755499268e+02
6.5601599121e+02 6.5603399658e+02 6.5607397461e+02 6.5610101318e+02 6.5611401367e+02 6.5612402344e+02 6.5615197754e+02 6.5618701172e+02 6.5620800781e+02 6.5621997070e+02 6.5625000000e+02 6.5626702881e+02 6.5628997803e+02 6.5630603027e+02 6.5631097412e+02 6.5631701660e+02 6.5634100342e+02 6.5636102295e+02 6.5637402344e+02 6.5637298584e+02 6.5637597656e+02 6.5636700439e+02 6.5636901855e+02 6.5640899658e+02 6.5644500732e+02 6.5648297119e+02 6.5651397705e+02 6.5653997803e+02 6.5655401611e+02 6.5655999756e+02 6.5659301758e+02 6.5661602783e+02 6.5666400146e+02 6.5671697998e+02 6.5678100586e+02 6.5685498047e+02 6.5690899658e+02 6.5697802734e+02 6.5706896973e+02 6.5712701416e+02 6.5718597412e+02 6.5725402832e+02 6.5731896973e+02 6.5738500977e+02 6.5743298340e+02 6.5748297119e+02
6.5599499512e+02 6.5601000977e+02 6.5607000732e+02 6.5610699463e+02 6.5611999512e+02 6.5612402344e+02 6.5614801025e+02 6.5617797852e+02 6.5620001221e+02 6.5621600342e+02 6.5625000000e+02 6.5626702881e+02 6.5628399658e+02 6.5629199219e+02 6.5630700684e+02 6.5631701660e+02 6.5633099365e+02 6.5634100342e+02 6.5636102295e+02 6.5634997559e+02 6.5635797119e+02 6.5636499023e+02 6.5637597656e+02 6.5640802002e+02 6.5644702148e+02 6.5648498535e+02 6.5651300049e+02 6.5654797363e+02 6.5656201172e+02 6.5656402588e+02 6.5658502197e+02 6.5658599854e+02 6.5661297607e+02 6.5665502930e+02 6.5671002197e+02 6.5678802490e+02 6.5684399414e+02 6.5691400146e+02 6.5700799561e+02 6.5705798340e+02 6.5710797119e+02 6.5717999268e+02 6.5725000000e+02 6.5731597900e+02 6.5737402344e+02 6.5742901611e+02
