TESTSERVER/13/4.asc
NCOLS 100
NROWS 100
XLLCORNER 8.1497500000e+03
YLLCORNER 2.8975025000e+05
CELLSIZE 5.0000000000e-01
NODATA_VALUE -9.9990000000e+03
[rows 0 to 19 of 100, columns 46 to 91 of 100]
6.6058502197e+02 6.6067700195e+02 6.6072601318e+02 6.6082598877e+02 6.6091900635e+02 6.6100299072e+02 6.6108801270e+02 6.6118298340e+02 6.6126800537e+02 6.6135400391e+02 6.6143902588e+02 6.6154199219e+02 6.6161700439e+02 6.6170599365e+02 6.6184197998e+02 6.6191998291e+02 6.6200201416e+02 6.6209802246e+02 6.6218902588e+02 6.6230499268e+02 6.6240698242e+02 6.6250201416e+02 6.6261102295e+02 6.6270697021e+02 6.6283099365e+02 6.6296502686e+02 6.6304400635e+02 6.6318298340e+02 6.6331298828e+02 6.6344000244e+02 6.6355902100e+02 6.6367901611e+02 6.6379400635e+02 6.6390997314e+02 6.6403802490e+02 6.6420397949e+02 6.6432000732e+02 6.6445800781e+02 6.6459997559e+02 6.6471398926e+02 6.6484497070e+02 6.6499401855e+02 6.6514099121e+02 6.6526202393e+02 6.6538500977e+02 6.6552502441e+02
6.6050701904e+02 6.6059497070e+02 6.6065197754e+02 6.6073699951e+02 6.6081701660e+02 6.6090002441e+02 6.6099401855e+02 6.6107098389e+02 6.6115899658e+02 6.6124700928e+02 6.6132299805e+02 6.6142901611e+02 6.6151898193e+02 6.6159600830e+02 6.6171002197e+02 6.6179498291e+02 6.6188897705e+02 6.6198400879e+02 6.6207299805e+02 6.6218798828e+02 6.6226898193e+02 6.6237597656e+02 6.6251098633e+02 6.6260900879e+02 6.6271398926e+02 6.6284100342e+02 6.6293200684e+02 6.6305798340e+02 6.6318902588e+02 6.6331097412e+02 6.6342999268e+02 6.6353302002e+02 6.6364898682e+02 6.6379101563e+02 6.6392199707e+02 6.6405603027e+02 6.6418402100e+02 6.6431701660e+02 6.6445800781e+02 6.6456896973e+02 6.6468298340e+02 6.6483001709e+02 6.6497998047e+02 6.6510498047e+02 6.6523297119e+02 6.6536401367e+02
6.6041998291e+02 6.6049298096e+02 6.6056201172e+02 6.6065197754e+02 6.6072802734e+02 6.6080700684e+02 6.6090197754e+02 6.6096398926e+02 6.6104101563e+02 6.6113500977e+02 6.6121502686e+02 6.6131500244e+02 6.6142297363e+02 6.6150097656e+02 6.6160400391e+02 6.6167999268e+02 6.6178198242e+02 6.6189099121e+02 6.6198602295e+02 6.6210302734e+02 6.6217297363e+02 6.6227697754e+02 6.6239398193e+02 6.6249298096e+02 6.6260302734e+02 6.6272698975e+02 6.6283099365e+02 6.6293499756e+02 6.6304998779e+02 6.6317102051e+02 6.6331896973e+02 6.6342999268e+02 6.6353900146e+02 6.6367199707e+02 6.6378399658e+02 6.6391198730e+02 6.6404400635e+02 6.6418597412e+02 6.6432000732e+02 6.6442199707e+02 6.6454400635e+02 6.6469201660e+02 6.6481701660e+02 6.6495001221e+02 6.6507501221e+02 6.6519799805e+02
6.6034197998e+02 6.6041400146e+02 6.6049200439e+02 6.6057702637e+02 6.6064398193e+02 6.6073400879e+02 6.6082397461e+02 6.6088397217e+02 6.6095098877e+02 6.6105102539e+02 6.6115399170e+02 6.6124401855e+02 6.6132897949e+02 6.6139599609e+02 6.6150701904e+02 6.6158300781e+02 6.6168597412e+02 6.6179602051e+02 6.6188201904e+02 6.6198901367e+02 6.6208001709e+02 6.6219000244e+02 6.6228997803e+02 6.6238598633e+02 6.6249298096e+02 6.6260400391e+02 6.6271600342e+02 6.6282501221e+02 6.6293597412e+02 6.6305401611e+02 6.6318597412e+02 6.6331402588e+02 6.6343200684e+02 6.6355297852e+02 6.6365197754e+02 6.6377697754e+02 6.6389801025e+02 6.6403601074e+02 6.6417700195e+02 6.6429699707e+02 6.6442297363e+02 6.6454699707e+02 6.6465802002e+02 6.6480902100e+02 6.6493103027e+02 6.6504797363e+02
6.6025299072e+02 6.6034100342e+02 6.6042401123e+02 6.6050598145e+02 6.6056597900e+02 6.6066497803e+02 6.6075402832e+02 6.6082202148e+02 6.6088897705e+02 6.6096899414e+02 6.6104400635e+02 6.6114501953e+02 6.6123999023e+02 6.6132000732e+02 6.6141802979e+02 6.6150000000e+02 6.6159100342e+02 6.6168798828e+02 6.6178100586e+02 6.6187799072e+02 6.6197601318e+02 6.6208398438e+02 6.6218499756e+02 6.6228100586e+02 6.6237200928e+02 6.6247302246e+02 6.6258599854e+02 6.6269799805e+02 6.6281896973e+02 6.6293597412e+02 6.6304101563e+02 6.6318298340e+02 6.6331500244e+02 6.6343200684e+02 6.6354901123e+02 6.6364697266e+02 6.6376202393e+02 6.6389697266e+02 6.6403497314e+02 6.6413800049e+02 6.6425598145e+02 6.6438098145e+02 6.6452301025e+02 6.6466802979e+02 6.6479498291e+02 6.6492102051e+02
6.6019897461e+02 6.6027197266e+02 6.6034100342e+02 6.6043200684e+02 6.6049597168e+02 6.6057897949e+02 6.6066900635e+02 6.6075299072e+02 6.6083398438e+02 6.6091900635e+02 6.6099597168e+02 6.6108099365e+02 6.6117199707e+02 6.6124700928e+02 6.6132397461e+02 6.6141802979e+02 6.6150897217e+02 6.6159600830e+02 6.6168902588e+02 6.6178900146e+02 6.6189001465e+02 6.6198797607e+02 6.6209698486e+02 6.6219396973e+02 6.6227697754e+02 6.6237799072e+02 6.6248999023e+02 6.6259197998e+02 6.6270202637e+02 6.6282098389e+02 6.6295397949e+02 6.6307897949e+02 6.6319799805e+02 6.6330999756e+02 6.6343597412e+02 6.6352600098e+02 6.6365399170e+02 6.6378198242e+02 6.6390502930e+02 6.6401599121e+02 6.6412097168e+02 6.6424597168e+02 6.6439202881e+02 6.6452398682e+02 6.6465802002e+02 6.6478601074e+02
6.6012500000e+02 6.6021301270e+02 6.6029797363e+02 6.6037701416e+02 6.6045001221e+02 6.6053399658e+02 6.6061297607e+02 6.6069396973e+02 6.6077398682e+02 6.6084997559e+02 6.6093200684e+02 6.6101800537e+02 6.6110101318e+02 6.6117102051e+02 6.6125201416e+02 6.6134301758e+02 6.6143103027e+02 6.6152899170e+02 6.6161297607e+02 6.6169702148e+02 6.6179302979e+02 6.6189501953e+02 6.6201000977e+02 6.6209301758e+02 6.6218200684e+02 6.6228497314e+02 6.6239801025e+02 6.6251000977e+02 6.6261499023e+02 6.6271697998e+02 6.6285797119e+02 6.6298199463e+02 6.6308697510e+02 6.6320202637e+02 6.6331896973e+02 6.6340502930e+02 6.6353698730e+02 6.6366101074e+02 6.6379101563e+02 6.6390698242e+02 6.6400097656e+02 6.6413000488e+02 6.6428399658e+02 6.6439898682e+02 6.6451702881e+02 6.6463800049e+02
6.6005499268e+02 6.6014398193e+02 6.6024597168e+02 6.6032299805e+02 6.6039697266e+02 6.6047998047e+02 6.6055401611e+02 6.6063098145e+02 6.6071600342e+02 6.6078997803e+02 6.6086999512e+02 6.6096197510e+02 6.6103497314e+02 6.6110900879e+02 6.6119396973e+02 6.6127301025e+02 6.6135797119e+02 6.6145001221e+02 6.6153802490e+02 6.6162298584e+02 6.6170501709e+02 6.6180200195e+02 6.6191101074e+02 6.6199597168e+02 6.6210900879e+02 6.6221002197e+02 6.6231097412e+02 6.6242797852e+02 6.6252398682e+02 6.6262200928e+02 6.6276300049e+02 6.6286297607e+02 6.6296002197e+02 6.6308599854e+02 6.6321099854e+02 6.6332501221e+02 6.6345202637e+02 6.6355499268e+02 6.6368103027e+02 6.6380401611e+02 6.6390301514e+02 6.6404101563e+02 6.6417602539e+02 6.6428601074e+02 6.6439501953e+02 6.6451501465e+02
6.6000897217e+02 6.6008300781e+02 6.6017498779e+02 6.6027001953e+02 6.6033898926e+02 6.6040899658e+02 6.6048901367e+02 6.6056402588e+02 6.6065197754e+02 6.6073699951e+02 6.6080401611e+02 6.6089898682e+02 6.6097900391e+02 6.6105499268e+02 6.6113897705e+02 6.6120098877e+02 6.6128601074e+02 6.6136999512e+02 6.6146600342e+02 6.6154901123e+02 6.6163299561e+02 6.6172802734e+02 6.6181500244e+02 6.6190502930e+02 6.6202301025e+02 6.6212298584e+02 6.6223101807e+02 6.6233300781e+02 6.6242401123e+02 6.6253802490e+02 6.6268499756e+02 6.6277801514e+02 6.6286199951e+02 6.6298699951e+02 6.6310998535e+02 6.6322698975e+02 6.6334497070e+02 6.6343902588e+02 6.6355499268e+02 6.6369000244e+02 6.6379797363e+02 6.6393103027e+02 6.6405499268e+02 6.6418200684e+02 6.6430200195e+02 6.6440502930e+02
6.5994702148e+02 6.6002801514e+02 6.6011700439e+02 6.6019897461e+02 6.6026800537e+02 6.6034399414e+02 6.6043103027e+02 6.6051800537e+02 6.6059301758e+02 6.6067602539e+02 6.6074499512e+02 6.6083300781e+02 6.6091400146e+02 6.6098199463e+02 6.6107098389e+02 6.6114501953e+02 6.6121997070e+02 6.6130401611e+02 6.6138397217e+02 6.6146801758e+02 6.6155401611e+02 6.6165399170e+02 6.6173901367e+02 6.6182598877e+02 6.6193402100e+02 6.6204199219e+02 6.6216302490e+02 6.6225701904e+02 6.6234100342e+02 6.6245599365e+02 6.6257397461e+02 6.6267498779e+02 6.6277197266e+02 6.6289599609e+02 6.6300402832e+02 6.6312597656e+02 6.6324298096e+02 6.6333599854e+02 6.6345300293e+02 6.6359002686e+02 6.6371002197e+02 6.6383502197e+02 6.6395501709e+02 6.6407702637e+02 6.6418902588e+02 6.6430902100e+02
6.5990600586e+02 6.5999200439e+02 6.6008001709e+02 6.6014697266e+02 6.6022198486e+02 6.6029699707e+02 6.6037402344e+02 6.6045697021e+02 6.6053698730e+02 6.6062597656e+02 6.6070001221e+02 6.6078100586e+02 6.6085198975e+02 6.6092401123e+02 6.6101501465e+02 6.6109802246e+02 6.6117401123e+02 6.6125201416e+02 6.6132202148e+02 6.6141302490e+02 6.6149200439e+02 6.6158300781e+02 6.6166601563e+02 6.6176397705e+02 6.6185498047e+02 6.6194201660e+02 6.6205700684e+02 6.6215600586e+02 6.6226501465e+02 6.6237701416e+02 6.6246301270e+02 6.6256201172e+02 6.6266302490e+02 6.6279901123e+02 6.6291601563e+02 6.6303601074e+02 6.6315997314e+02 6.6325701904e+02 6.6336401367e+02 6.6349597168e+02 6.6361499023e+02 6.6372998047e+02 6.6385699463e+02 6.6397399902e+02 6.6408398438e+02 6.6419702148e+02
6.5985699463e+02 6.5995202637e+02 6.6003100586e+02 6.6009197998e+02 6.6017102051e+02 6.6024200439e+02 6.6032397461e+02 6.6040301514e+02 6.6048297119e+02 6.6057000732e+02 6.6064501953e+02 6.6072900391e+02 6.6080297852e+02 6.6088598633e+02 6.6097198486e+02 6.6104302979e+02 6.6112097168e+02 6.6119396973e+02 6.6126599121e+02 6.6136199951e+02 6.6142901611e+02 6.6151098633e+02 6.6158300781e+02 6.6168798828e+02 6.6177899170e+02 6.6184997559e+02 6.6196002197e+02 6.6207000732e+02 6.6217700195e+02 6.6227899170e+02 6.6238000488e+02 6.6250299072e+02 6.6259100342e+02 6.6271301270e+02 6.6283599854e+02 6.6293902588e+02 6.6306201172e+02 6.6316802979e+02 6.6328302002e+02 6.6341302490e+02 6.6352600098e+02 6.6364001465e+02 6.6377600098e+02 6.6386499023e+02 6.6398199463e+02 6.6409997559e+02
6.5982202148e+02 6.5990197754e+02 6.5995697021e+02 6.6004199219e+02 6.6011999512e+02 6.6019000244e+02 6.6026800537e+02 6.6035998535e+02 6.6044299316e+02 6.6051397705e+02 6.6057397461e+02 6.6067297363e+02 6.6076800537e+02 6.6085797119e+02 6.6092797852e+02 6.6099499512e+02 6.6107397461e+02 6.6115197754e+02 6.6121301270e+02 6.6129699707e+02 6.6134899902e+02 6.6142498779e+02 6.6151599121e+02 6.6160601807e+02 6.6169396973e+02 6.6177899170e+02 6.6190002441e+02 6.6200402832e+02 6.6208697510e+02 6.6218597412e+02 6.6230700684e+02 6.6241601563e+02 6.6250701904e+02 6.6263500977e+02 6.6277099609e+02 6.6285900879e+02 6.6295697021e+02 6.6307098389e+02 6.6318597412e+02 6.6331097412e+02 6.6342401123e+02 6.6353399658e+02 6.6365600586e+02 6.6376202393e+02 6.6387902832e+02 6.6400897217e+02
6.5977899170e+02 6.5986401367e+02 6.5993298340e+02 6.6000598145e+02 6.6008300781e+02 6.6015899658e+02 6.6023699951e+02 6.6033099365e+02 6.6040899658e+02 6.6048699951e+02 6.6055902100e+02 6.6063397217e+02 6.6071398926e+02 6.6080102539e+02 6.6087402344e+02 6.6094897461e+02 6.6100799561e+02 6.6108599854e+02 6.6116101074e+02 6.6123999023e+02 6.6128302002e+02 6.6136102295e+02 6.6145697021e+02 6.6153900146e+02 6.6162701416e+02 6.6170898438e+02 6.6181500244e+02 6.6191198730e+02 6.6199700928e+02 6.6210797119e+02 6.6223400879e+02 6.6233398438e+02 6.6242999268e+02 6.6255499268e+02 6.6268402100e+02 6.6277001953e+02 6.6286602783e+02 6.6298797607e+02 6.6310498047e+02 6.6322802734e+02 6.6333801270e+02 6.6343499756e+02 6.6354998779e+02 6.6366601563e+02 6.6377600098e+02 6.6389599609e+02
6.5974401855e+02 6.5983197021e+02 6.5990100098e+02 6.5996801758e+02 6.6004498291e+02 6.6012799072e+02 6.6021002197e+02 6.6029400635e+02 6.6036602783e+02 6.6045300293e+02 6.6052899170e+02 6.6059197998e+02 6.6066802979e+02 6.6074798584e+02 6.6082397461e+02 6.6090197754e+02 6.6095800781e+02 6.6104199219e+02 6.6111401367e+02 6.6119000244e+02 6.6124298096e+02 6.6132397461e+02 6.6140002441e+02 6.6147302246e+02 6.6156597900e+02 6.6164099121e+02 6.6172998047e+02 6.6182897949e+02 6.6191497803e+02 6.6202600098e+02 6.6215100098e+02 6.6226702881e+02 6.6237298584e+02 6.6247900391e+02 6.6259399414e+02 6.6268701172e+02 6.6279498291e+02 6.6290997314e+02 6.6302099609e+02 6.6313800049e+02 6.6324200439e+02 6.6334899902e+02 6.6346997070e+02 6.6358001709e+02 6.6368499756e+02 6.6379400635e+02
6.5970898438e+02 6.5978997803e+02 6.5986401367e+02 6.5993200684e+02 6.6000000000e+02 6.6009100342e+02 6.6019000244e+02 6.6026300049e+02 6.6033300781e+02 6.6041497803e+02 6.6047900391e+02 6.6054901123e+02 6.6063000488e+02 6.6070800781e+02 6.6077197266e+02 6.6085998535e+02 6.6092401123e+02 6.6100402832e+02 6.6106597900e+02 6.6114001465e+02 6.6120300293e+02 6.6128399658e+02 6.6134997559e+02 6.6142102051e+02 6.6150701904e+02 6.6157897949e+02 6.6165899658e+02 6.6176300049e+02 6.6185699463e+02 6.6195397949e+02 6.6205999756e+02 6.6219299316e+02 6.6230700684e+02 6.6240301514e+02 6.6250701904e+02 6.6261102295e+02 6.6272399902e+02 6.6282800293e+02 6.6294598389e+02 6.6305499268e+02 6.6316198730e+02 6.6328198242e+02 6.6339398193e+02 6.6348797607e+02 6.6359698486e+02 6.6370001221e+02
6.5966900635e+02 6.5973400879e+02 6.5981500244e+02 6.5989202881e+02 6.5996301270e+02 6.6005603027e+02 6.6014599609e+02 6.6022698975e+02 6.6029797363e+02 6.6037597656e+02 6.6045098877e+02 6.6052099609e+02 6.6060101318e+02 6.6067797852e+02 6.6073199463e+02 6.6081896973e+02 6.6088098145e+02 6.6094897461e+02 6.6101898193e+02 6.6109197998e+02 6.6116302490e+02 6.6124102783e+02 6.6129199219e+02 6.6135797119e+02 6.6145300293e+02 6.6152697754e+02 6.6159301758e+02 6.6169201660e+02 6.6178997803e+02 6.6189202881e+02 6.6198901367e+02 6.6210998535e+02 6.6221801758e+02 6.6231500244e+02 6.6241900635e+02 6.6253900146e+02 6.6265502930e+02 6.6274597168e+02 6.6286700439e+02 6.6298101807e+02 6.6309600830e+02 6.6320599365e+02 6.6329498291e+02 6.6339898682e+02 6.6351501465e+02 6.6361700439e+02
6.5962799072e+02 6.5970800781e+02 6.5977398682e+02 6.5984497070e+02 6.5992602539e+02 6.6002099609e+02 6.6011999512e+02 6.6019097900e+02 6.6025097656e+02 6.6033300781e+02 6.6041198730e+02 6.6048797607e+02 6.6056402588e+02 6.6064501953e+02 6.6071002197e+02 6.6078002930e+02 6.6083599854e+02 6.6090399170e+02 6.6098400879e+02 6.6106201172e+02 6.6112701416e+02 6.6119598389e+02 6.6125402832e+02 6.6132000732e+02 6.6140399170e+02 6.6146801758e+02 6.6153900146e+02 6.6164099121e+02 6.6172302246e+02 6.6183001709e+02 6.6193200684e+02 6.6204199219e+02 6.6213897705e+02 6.6223699951e+02 6.6234997559e+02 6.6246301270e+02 6.6257202148e+02 6.6267401123e+02 6.6279400635e+02 6.6289398193e+02 6.6300299072e+02 6.6311700439e+02 6.6321398926e+02 6.6332397461e+02 6.6343798828e+02 6.6354302979e+02
6.5958398438e+02 6.5966699219e+02 6.5974499512e+02 6.5982299805e+02 6.5989501953e+02 6.5998297119e+02 6.6008398438e+02 6.6014398193e+02 6.6020202637e+02 6.6029101563e+02 6.6036999512e+02 6.6045800781e+02 6.6052899170e+02 6.6059698486e+02 6.6066302490e+02 6.6073199463e+02 6.6079199219e+02 6.6086401367e+02 6.6094897461e+02 6.6102197266e+02 6.6109002686e+02 6.6115899658e+02 6.6121502686e+02 6.6127899170e+02 6.6134899902e+02 6.6140698242e+02 6.6149200439e+02 6.6159197998e+02 6.6166497803e+02 6.6176898193e+02 6.6187500000e+02 6.6196301270e+02 6.6205700684e+02 6.6216802979e+02 6.6228997803e+02 6.6238800049e+02 6.6248498535e+02 6.6259399414e+02 6.6270800781e+02 6.6282299805e+02 6.6292602539e+02 6.6303002930e+02 6.6313299561e+02 6.6323999023e+02 6.6334997559e+02 6.6345501709e+02
6.5955401611e+02 6.5963598633e+02 6.5971398926e+02 6.5978002930e+02 6.5984600830e+02 6.5992901611e+02 6.6001599121e+02 6.6009197998e+02 6.6016497803e+02 6.6025500488e+02 6.6033001709e+02 6.6042199707e+02 6.6049401855e+02 6.6055297852e+02 6.6062597656e+02 6.6069097900e+02 6.6074700928e+02 6.6082598877e+02 6.6091699219e+02 6.6097399902e+02 6.6103997803e+02 6.6111199951e+02 6.6117199707e+02 6.6124102783e+02 6.6130999756e+02 6.6137097168e+02 6.6145599365e+02 6.6154699707e+02 6.6161401367e+02 6.6170001221e+02 6.6180700684e+02 6.6189202881e+02 6.6198699951e+02 6.6209399414e+02 6.6221899414e+02 6.6232501221e+02 6.6241998291e+02 6.6252099609e+02 6.6262200928e+02 6.6275299072e+02 6.6286602783e+02 6.6296502686e+02 6.6306402588e+02 6.6316198730e+02 6.6327099609e+02 6.6337402344e+02
