TESTSERVER/13/4.asc
NCOLS 100
NROWS 100
XLLCORNER 8.1497500000e+03
YLLCORNER 2.8975025000e+05
CELLSIZE 5.0000000000e-01
NODATA_VALUE -9.9990000000e+03
[rows 20 to 39 of 100, columns 46 to 91 of 100]
6.5953399658e+02 6.5960699463e+02 6.5966101074e+02 6.5973101807e+02 6.5981201172e+02 6.5988098145e+02 6.5995898438e+02 6.6005401611e+02 6.6013397217e+02 6.6021997070e+02 6.6028997803e+02 6.6037298584e+02 6.6045001221e+02 6.6051599121e+02 6.6059899902e+02 6.6065802002e+02 6.6071002197e+02 6.6078497314e+02 6.6086798096e+02 6.6091802979e+02 6.6098101807e+02 6.6105700684e+02 6.6113702393e+02 6.6118902588e+02 6.6126599121e+02 6.6134002686e+02 6.6141198730e+02 6.6150097656e+02 6.6158300781e+02 6.6165802002e+02 6.6175701904e+02 6.6184600830e+02 6.6194097900e+02 6.6203802490e+02 6.6214697266e+02 6.6225402832e+02 6.6235900879e+02 6.6244799805e+02 6.6253002930e+02 6.6266400146e+02 6.6277899170e+02 6.6288702393e+02 6.6300201416e+02 6.6310400391e+02 6.6321502686e+02 6.6330798340e+02
6.5947601318e+02 6.5956097412e+02 6.5964001465e+02 6.5969799805e+02 6.5977801514e+02 6.5984100342e+02 6.5991400146e+02 6.5999102783e+02 6.6008001709e+02 6.6018402100e+02 6.6025097656e+02 6.6032800293e+02 6.6041198730e+02 6.6048199463e+02 6.6055798340e+02 6.6061999512e+02 6.6067297363e+02 6.6075299072e+02 6.6082702637e+02 6.6088702393e+02 6.6094299316e+02 6.6100402832e+02 6.6108300781e+02 6.6114300537e+02 6.6121002197e+02 6.6128997803e+02 6.6136602783e+02 6.6143798828e+02 6.6151300049e+02 6.6159600830e+02 6.6170397949e+02 6.6178601074e+02 6.6189599609e+02 6.6200402832e+02 6.6208398438e+02 6.6218902588e+02 6.6228900146e+02 6.6239801025e+02 6.6248797607e+02 6.6258801270e+02 6.6269598389e+02 6.6280297852e+02 6.6292401123e+02 6.6303100586e+02 6.6313299561e+02 6.6322900391e+02
6.5944598389e+02 6.5952899170e+02 6.5960498047e+02 6.5965698242e+02 6.5972399902e+02 6.5979797363e+02 6.5988702393e+02 6.5996197510e+02 6.6004101563e+02 6.6013201904e+02 6.6019799805e+02 6.6027697754e+02 6.6036798096e+02 6.6044097900e+02 6.6051397705e+02 6.6058599854e+02 6.6065698242e+02 6.6074200439e+02 6.6080401611e+02 6.6085601807e+02 6.6090997314e+02 6.6096600342e+02 6.6103198242e+02 6.6110400391e+02 6.6117297363e+02 6.6125299072e+02 6.6132397461e+02 6.6139898682e+02 6.6148400879e+02 6.6156298828e+02 6.6165002441e+02 6.6173101807e+02 6.6182702637e+02 6.6193701172e+02 6.6203100586e+02 6.6211602783e+02 6.6220697021e+02 6.6232098389e+02 6.6243798828e+02 6.6254602051e+02 6.6265100098e+02 6.6275201416e+02 6.6286297607e+02 6.6296301270e+02 6.6305902100e+02 6.6315301514e+02
6.5940899658e+02 6.5949798584e+02 6.5956097412e+02 6.5961999512e+02 6.5968103027e+02 6.5975799561e+02 6.5985302734e+02 6.5993103027e+02 6.6000201416e+02 6.6008398438e+02 6.6015100098e+02 6.6023901367e+02 6.6033001709e+02 6.6039801025e+02 6.6046697998e+02 6.6054302979e+02 6.6062097168e+02 6.6070098877e+02 6.6075598145e+02 6.6080798340e+02 6.6086102295e+02 6.6091101074e+02 6.6097601318e+02 6.6105499268e+02 6.6112799072e+02 6.6120697021e+02 6.6127600098e+02 6.6134997559e+02 6.6144500732e+02 6.6151702881e+02 6.6159899902e+02 6.6168499756e+02 6.6177099609e+02 6.6187200928e+02 6.6198602295e+02 6.6207397461e+02 6.6216101074e+02 6.6224902344e+02 6.6235101318e+02 6.6247100830e+02 6.6258001709e+02 6.6267999268e+02 6.6278802490e+02 6.6288598633e+02 6.6298400879e+02 6.6307800293e+02
6.5938000488e+02 6.5947100830e+02 6.5951300049e+02 6.5958801270e+02 6.5965100098e+02 6.5971301270e+02 6.5979998779e+02 6.5988897705e+02 6.5997198486e+02 6.6005401611e+02 6.6011602783e+02 6.6020001221e+02 6.6028100586e+02 6.6035900879e+02 6.6043103027e+02 6.6050897217e+02 6.6057800293e+02 6.6064801025e+02 6.6071301270e+02 6.6077600098e+02 6.6082098389e+02 6.6085797119e+02 6.6093499756e+02 6.6101397705e+02 6.6107598877e+02 6.6114898682e+02 6.6123699951e+02 6.6130999756e+02 6.6139697266e+02 6.6147497559e+02 6.6155102539e+02 6.6163397217e+02 6.6172100830e+02 6.6181201172e+02 6.6191198730e+02 6.6201098633e+02 6.6210198975e+02 6.6218499756e+02 6.6227899170e+02 6.6238800049e+02 6.6249298096e+02 6.6259197998e+02 6.6270300293e+02 6.6281402588e+02 6.6291900635e+02 6.6301599121e+02
6.5932501221e+02 6.5941900635e+02 6.5947802734e+02 6.5956097412e+02 6.5963098145e+02 6.5968499756e+02 6.5976702881e+02 6.5985198975e+02 6.5992797852e+02 6.5999700928e+02 6.6006701660e+02 6.6014801025e+02 6.6022399902e+02 6.6031201172e+02 6.6038397217e+02 6.6047302246e+02 6.6054400635e+02 6.6060400391e+02 6.6065997314e+02 6.6071600342e+02 6.6077001953e+02 6.6083001709e+02 6.6090997314e+02 6.6097302246e+02 6.6103698730e+02 6.6111700439e+02 6.6119500732e+02 6.6126397705e+02 6.6134997559e+02 6.6143402100e+02 6.6151599121e+02 6.6159997559e+02 6.6167199707e+02 6.6175299072e+02 6.6186102295e+02 6.6194201660e+02 6.6202398682e+02 6.6211798096e+02 6.6220599365e+02 6.6232397461e+02 6.6242602539e+02 6.6252600098e+02 6.6263800049e+02 6.6275000000e+02 6.6285601807e+02 6.6294500732e+02
6.5928997803e+02 6.5938299561e+02 6.5944702148e+02 6.5952801514e+02 6.5960498047e+02 6.5966198730e+02 6.5973498535e+02 6.5980200195e+02 6.5987402344e+02 6.5995001221e+02 6.6002899170e+02 6.6010400391e+02 6.6017797852e+02 6.6025701904e+02 6.6032800293e+02 6.6042602539e+02 6.6049902344e+02 6.6055297852e+02 6.6061199951e+02 6.6067102051e+02 6.6072302246e+02 6.6079400635e+02 6.6088098145e+02 6.6093902588e+02 6.6100701904e+02 6.6108197021e+02 6.6115002441e+02 6.6121697998e+02 6.6130102539e+02 6.6137902832e+02 6.6145300293e+02 6.6153900146e+02 6.6162200928e+02 6.6171197510e+02 6.6181799316e+02 6.6188299561e+02 6.6196502686e+02 6.6206402588e+02 6.6215100098e+02 6.6226300049e+02 6.6235797119e+02 6.6245397949e+02 6.6255499268e+02 6.6266400146e+02 6.6277502441e+02 6.6287902832e+02
6.5924298096e+02 6.5933502197e+02 6.5941198730e+02 6.5948297119e+02 6.5955798340e+02 6.5961602783e+02 6.5969000244e+02 6.5976397705e+02 6.5983502197e+02 6.5991302490e+02 6.5999298096e+02 6.6006097412e+02 6.6013000488e+02 6.6020898438e+02 6.6028100586e+02 6.6035998535e+02 6.6043103027e+02 6.6049700928e+02 6.6057299805e+02 6.6063500977e+02 6.6067999268e+02 6.6074597168e+02 6.6083599854e+02 6.6090399170e+02 6.6096899414e+02 6.6103497314e+02 6.6110400391e+02 6.6117401123e+02 6.6125799561e+02 6.6133099365e+02 6.6140002441e+02 6.6148400879e+02 6.6157098389e+02 6.6166400146e+02 6.6175799561e+02 6.6182598877e+02 6.6190899658e+02 6.6200701904e+02 6.6209399414e+02 6.6219396973e+02 6.6228399658e+02 6.6238397217e+02 6.6249102783e+02 6.6259301758e+02 6.6269299316e+02 6.6280499268e+02
6.5920001221e+02 6.5928302002e+02 6.5937701416e+02 6.5943902588e+02 6.5951800537e+02 6.5957897949e+02 6.5964202881e+02 6.5972900391e+02 6.5979699707e+02 6.5987200928e+02 6.5994396973e+02 6.5999597168e+02 6.6007098389e+02 6.6016198730e+02 6.6025201416e+02 6.6029998779e+02 6.6036401367e+02 6.6043902588e+02 6.6051599121e+02 6.6058300781e+02 6.6063201904e+02 6.6069396973e+02 6.6077197266e+02 6.6085101318e+02 6.6090698242e+02 6.6097998047e+02 6.6107202148e+02 6.6114300537e+02 6.6122100830e+02 6.6128100586e+02 6.6134301758e+02 6.6143798828e+02 6.6151702881e+02 6.6159497070e+02 6.6168103027e+02 6.6176800537e+02 6.6185302734e+02 6.6195501709e+02 6.6203399658e+02 6.6211700439e+02 6.6221099854e+02 6.6231298828e+02 6.6242401123e+02 6.6252099609e+02 6.6261798096e+02 6.6272302246e+02
6.5916400146e+02 6.5923901367e+02 6.5932598877e+02 6.5939898682e+02 6.5947998047e+02 6.5954199219e+02 6.5959899902e+02 6.5969299316e+02 6.5976599121e+02 6.5983697510e+02 6.5990399170e+02 6.5996197510e+02 6.6003997803e+02 6.6010601807e+02 6.6019201660e+02 6.6025201416e+02 6.6031298828e+02 6.6038897705e+02 6.6045697021e+02 6.6053198242e+02 6.6059802246e+02 6.6066497803e+02 6.6073400879e+02 6.6080700684e+02 6.6086798096e+02 6.6094702148e+02 6.6103100586e+02 6.6108599854e+02 6.6115997314e+02 6.6122998047e+02 6.6128900146e+02 6.6137298584e+02 6.6145599365e+02 6.6153302002e+02 6.6161999512e+02 6.6171502686e+02 6.6178997803e+02 6.6188000488e+02 6.6196398926e+02 6.6205700684e+02 6.6215899658e+02 6.6224298096e+02 6.6234197998e+02 6.6244598389e+02 6.6255603027e+02 6.6264801025e+02
6.5911102295e+02 6.5920098877e+02 6.5927301025e+02 6.5934301758e+02 6.5941998291e+02 6.5948101807e+02 6.5954797363e+02 6.5964697266e+02 6.5971301270e+02 6.5978198242e+02 6.5985498047e+02 6.5992999268e+02 6.6000201416e+02 6.6005297852e+02 6.6013098145e+02 6.6021002197e+02 6.6026300049e+02 6.6032501221e+02 6.6040301514e+02 6.6048999023e+02 6.6055798340e+02 6.6062402344e+02 6.6069500732e+02 6.6075799561e+02 6.6081500244e+02 6.6089501953e+02 6.6097601318e+02 6.6103997803e+02 6.6111199951e+02 6.6117901611e+02 6.6123199463e+02 6.6132202148e+02 6.6140301514e+02 6.6147100830e+02 6.6155999756e+02 6.6166302490e+02 6.6173498535e+02 6.6181298828e+02 6.6190502930e+02 6.6200000000e+02 6.6210101318e+02 6.6218597412e+02 6.6227001953e+02 6.6236798096e+02 6.6247399902e+02 6.6256500244e+02
6.5905999756e+02 6.5915802002e+02 6.5921997070e+02 6.5929199219e+02 6.5936700439e+02 6.5942797852e+02 6.5950299072e+02 6.5959899902e+02 6.5966497803e+02 6.5973797607e+02 6.5980999756e+02 6.5987799072e+02 6.5994299316e+02 6.6000799561e+02 6.6008599854e+02 6.6015802002e+02 6.6021502686e+02 6.6028399658e+02 6.6036401367e+02 6.6044500732e+02 6.6049902344e+02 6.6055401611e+02 6.6063800049e+02 6.6070800781e+02 6.6077197266e+02 6.6084600830e+02 6.6092102051e+02 6.6100000000e+02 6.6106402588e+02 6.6114099121e+02 6.6120001221e+02 6.6126397705e+02 6.6134301758e+02 6.6141302490e+02 6.6150201416e+02 6.6158898926e+02 6.6166699219e+02 6.6176300049e+02 6.6186199951e+02 6.6194799805e+02 6.6202801514e+02 6.6210797119e+02 6.6220001221e+02 6.6229498291e+02 6.6239398193e+02 6.6248999023e+02
6.5900097656e+02 6.5909899902e+02 6.5916699219e+02 6.5924298096e+02 6.5931701660e+02 6.5937500000e+02 6.5944396973e+02 6.5953601074e+02 6.5961297607e+02 6.5969299316e+02 6.5975799561e+02 6.5982501221e+02 6.5989599609e+02 6.5997302246e+02 6.6004998779e+02 6.6011297607e+02 6.6016998291e+02 6.6024700928e+02 6.6032897949e+02 6.6039501953e+02 6.6044396973e+02 6.6049902344e+02 6.6058398438e+02 6.6065399170e+02 6.6073400879e+02 6.6081298828e+02 6.6087799072e+02 6.6094799805e+02 6.6100598145e+02 6.6109100342e+02 6.6115600586e+02 6.6121899414e+02 6.6128802490e+02 6.6136199951e+02 6.6145397949e+02 6.6153302002e+02 6.6160797119e+02 6.6170697021e+02 6.6179498291e+02 6.6189099121e+02 6.6196099854e+02 6.6202600098e+02 6.6212500000e+02 6.6222198486e+02 6.6231597900e+02 6.6240698242e+02
6.5892700195e+02 6.5902600098e+02 6.5911102295e+02 6.5919201660e+02 6.5927001953e+02 6.5933801270e+02 6.5939599609e+02 6.5948699951e+02 6.5955700684e+02 6.5963897705e+02 6.5971301270e+02 6.5978497314e+02 6.5984997559e+02 6.5991699219e+02 6.6000402832e+02 6.6007598877e+02 6.6013000488e+02 6.6020202637e+02 6.6028100586e+02 6.6035601807e+02 6.6042498779e+02 6.6047698975e+02 6.6054602051e+02 6.6060101318e+02 6.6067401123e+02 6.6074902344e+02 6.6081402588e+02 6.6088397217e+02 6.6095599365e+02 6.6102600098e+02 6.6109802246e+02 6.6116101074e+02 6.6123199463e+02 6.6131500244e+02 6.6140100098e+02 6.6147900391e+02 6.6155102539e+02 6.6164202881e+02 6.6171997070e+02 6.6181402588e+02 6.6189697266e+02 6.6196600342e+02 6.6204797363e+02 6.6214202881e+02 6.6223999023e+02 6.6233300781e+02
6.5886102295e+02 6.5896099854e+02 6.5904302979e+02 6.5910101318e+02 6.5918402100e+02 6.5927899170e+02 6.5935797119e+02 6.5944396973e+02 6.5951397705e+02 6.5959899902e+02 6.5966198730e+02 6.5973400879e+02 6.5979101563e+02 6.5985198975e+02 6.5995599365e+02 6.6003198242e+02 6.6009002686e+02 6.6016198730e+02 6.6023297119e+02 6.6030102539e+02 6.6036700439e+02 6.6042102051e+02 6.6049298096e+02 6.6055603027e+02 6.6062097168e+02 6.6068902588e+02 6.6075598145e+02 6.6083300781e+02 6.6090698242e+02 6.6098101807e+02 6.6104498291e+02 6.6109899902e+02 6.6118597412e+02 6.6127600098e+02 6.6134100342e+02 6.6141302490e+02 6.6148797607e+02 6.6157397461e+02 6.6165301514e+02 6.6175299072e+02 6.6184301758e+02 6.6192102051e+02 6.6199700928e+02 6.6207501221e+02 6.6216601563e+02 6.6225097656e+02
6.5879602051e+02 6.5888800049e+02 6.5896697998e+02 6.5903100586e+02 6.5911798096e+02 6.5921899414e+02 6.5930499268e+02 6.5937500000e+02 6.5945098877e+02 6.5954400635e+02 6.5960998535e+02 6.5968298340e+02 6.5975000000e+02 6.5981597900e+02 6.5991699219e+02 6.5999102783e+02 6.6004797363e+02 6.6011297607e+02 6.6017700195e+02 6.6025097656e+02 6.6031201172e+02 6.6036999512e+02 6.6043701172e+02 6.6050402832e+02 6.6056799316e+02 6.6063299561e+02 6.6070800781e+02 6.6078900146e+02 6.6085601807e+02 6.6092700195e+02 6.6099200439e+02 6.6105902100e+02 6.6114398193e+02 6.6122802734e+02 6.6129302979e+02 6.6136401367e+02 6.6143298340e+02 6.6151800537e+02 6.6159301758e+02 6.6167797852e+02 6.6177001953e+02 6.6185699463e+02 6.6194598389e+02 6.6203002930e+02 6.6211798096e+02 6.6219702148e+02
6.5872399902e+02 6.5881799316e+02 6.5889001465e+02 6.5897698975e+02 6.5905603027e+02 6.5914898682e+02 6.5923199463e+02 6.5930999756e+02 6.5938397217e+02 6.5947399902e+02 6.5956201172e+02 6.5963397217e+02 6.5971099854e+02 6.5978802490e+02 6.5988098145e+02 6.5995202637e+02 6.6001397705e+02 6.6006201172e+02 6.6014300537e+02 6.6018902588e+02 6.6025000000e+02 6.6031701660e+02 6.6039398193e+02 6.6046301270e+02 6.6051501465e+02 6.6057098389e+02 6.6065502930e+02 6.6073400879e+02 6.6080200195e+02 6.6086901855e+02 6.6095001221e+02 6.6101800537e+02 6.6108502197e+02 6.6117102051e+02 6.6126397705e+02 6.6132202148e+02 6.6138299561e+02 6.6146099854e+02 6.6153698730e+02 6.6161499023e+02 6.6170501709e+02 6.6179302979e+02 6.6188201904e+02 6.6197698975e+02 6.6207202148e+02 6.6215600586e+02
6.5865502930e+02 6.5874700928e+02 6.5882202148e+02 6.5889001465e+02 6.5896801758e+02 6.5906701660e+02 6.5915002441e+02 6.5923901367e+02 6.5932000732e+02 6.5939001465e+02 6.5947601318e+02 6.5957098389e+02 6.5964697266e+02 6.5971801758e+02 6.5980499268e+02 6.5987902832e+02 6.5995800781e+02 6.6000299072e+02 6.6007598877e+02 6.6013702393e+02 6.6019299316e+02 6.6025097656e+02 6.6033801270e+02 6.6041601563e+02 6.6046197510e+02 6.6052001953e+02 6.6059497070e+02 6.6066101074e+02 6.6073901367e+02 6.6081201172e+02 6.6088299561e+02 6.6095800781e+02 6.6103302002e+02 6.6109802246e+02 6.6117700195e+02 6.6125299072e+02 6.6132800293e+02 6.6140100098e+02 6.6147399902e+02 6.6155902100e+02 6.6163397217e+02 6.6171002197e+02 6.6180902100e+02 6.6190600586e+02 6.6200402832e+02 6.6208801270e+02
6.5857598877e+02 6.5867297363e+02 6.5877001953e+02 6.5882897949e+02 6.5891198730e+02 6.5900402832e+02 6.5907800293e+02 6.5916198730e+02 6.5923999023e+02 6.5931201172e+02 6.5940301514e+02 6.5950000000e+02 6.5958197021e+02 6.5966302490e+02 6.5975097656e+02 6.5982897949e+02 6.5989599609e+02 6.5994201660e+02 6.6002099609e+02 6.6009698486e+02 6.6014398193e+02 6.6021697998e+02 6.6028698730e+02 6.6034399414e+02 6.6040100098e+02 6.6046899414e+02 6.6054400635e+02 6.6061901855e+02 6.6068701172e+02 6.6075000000e+02 6.6082098389e+02 6.6089801025e+02 6.6098297119e+02 6.6105102539e+02 6.6112902832e+02 6.6121099854e+02 6.6128601074e+02 6.6135900879e+02 6.6141601563e+02 6.6149102783e+02 6.6156597900e+02 6.6164898682e+02 6.6175097656e+02 6.6182800293e+02 6.6192700195e+02 6.6201898193e+02
6.5850097656e+02 6.5859301758e+02 6.5868902588e+02 6.5875598145e+02 6.5884399414e+02 6.5892602539e+02 6.5900201416e+02 6.5909100342e+02 6.5916802979e+02 6.5923797607e+02 6.5932000732e+02 6.5941802979e+02 6.5951000977e+02 6.5959100342e+02 6.5967999268e+02 6.5977502441e+02 6.5984997559e+02 6.5991699219e+02 6.5999700928e+02 6.6006097412e+02 6.6010198975e+02 6.6016802979e+02 6.6022998047e+02 6.6028497314e+02 6.6035198975e+02 6.6041998291e+02 6.6049298096e+02 6.6056799316e+02 6.6062097168e+02 6.6068200684e+02 6.6076202393e+02 6.6083898926e+02 6.6092498779e+02 6.6099499512e+02 6.6107702637e+02 6.6115301514e+02 6.6122998047e+02 6.6130902100e+02 6.6136700439e+02 6.6144000244e+02 6.6152001953e+02 6.6159899902e+02 6.6169201660e+02 6.6176599121e+02 6.6184497070e+02 6.6193499756e+02
