TESTSERVER/13/5.asc
NCOLS 100
NROWS 100
XLLCORNER 8.1497500000e+03
YLLCORNER 2.8970025000e+05
CELLSIZE 5.0000000000e-01
NODATA_VALUE -9.9990000000e+03
[rows 0 to 19 of 100, columns 0 to 45 of 100]
6.5683197021e+02 6.5680499268e+02 6.5678698730e+02 6.5675299072e+02 6.5670001221e+02 6.5665698242e+02 6.5661700439e+02 6.5658197021e+02 6.5656799316e+02 6.5655200195e+02 6.5650701904e+02 6.5647198486e+02 6.5645697021e+02 6.5642901611e+02 6.5639898682e+02 6.5636199951e+02 6.5632299805e+02 6.5629901123e+02 6.5629901123e+02 6.5628497314e+02 6.5626098633e+02 6.5621502686e+02 6.5617901611e+02 6.5616601563e+02 6.5615100098e+02 6.5612402344e+02 6.5611798096e+02 6.5611499023e+02 6.5608099365e+02 6.5605499268e+02 6.5603698730e+02 6.5602697754e+02 6.5602099609e+02 6.5602301025e+02 6.5601202393e+02 6.5597399902e+02 6.5596197510e+02 6.5597198486e+02 6.5596997070e+02 6.5598199463e+02 6.5598199463e+02 6.5598797607e+02 6.5598797607e+02 6.5598699951e+02 6.5598400879e+02 6.5601202393e+02
6.5688702393e+02 6.5686102295e+02 6.5683697510e+02 6.5681402588e+02 6.5677398682e+02 6.5672302246e+02 6.5668103027e+02 6.5664801025e+02 6.5663098145e+02 6.5659802246e+02 6.5656597900e+02 6.5654498291e+02 6.5651898193e+02 6.5648101807e+02 6.5645397949e+02 6.5642700195e+02 6.5637701416e+02 6.5635699463e+02 6.5634600830e+02 6.5633398438e+02 6.5630499268e+02 6.5626000977e+02 6.5623101807e+02 6.5620697021e+02 6.5619000244e+02 6.5616497803e+02 6.5615100098e+02 6.5613897705e+02 6.5611401367e+02 6.5608697510e+02 6.5605700684e+02 6.5605700684e+02 6.5605401611e+02 6.5605700684e+02 6.5604498291e+02 6.5601898193e+02 6.5598602295e+02 6.5597998047e+02 6.5597900391e+02 6.5598901367e+02 6.5599102783e+02 6.5597900391e+02 6.5598400879e+02 6.5599298096e+02 6.5600299072e+02 6.5601098633e+02
6.5694598389e+02 6.5693200684e+02 6.5690600586e+02 6.5687200928e+02 6.5683502197e+02 6.5678601074e+02 6.5674499512e+02 6.5671002197e+02 6.5668597412e+02 6.5664697266e+02 6.5661999512e+02 6.5660302734e+02 6.5657800293e+02 6.5654797363e+02 6.5651800537e+02 6.5648101807e+02 6.5642999268e+02 6.5642401123e+02 6.5640301514e+02 6.5638000488e+02 6.5634600830e+02 6.5631597900e+02 6.5629602051e+02 6.5626800537e+02 6.5625299072e+02 6.5623199463e+02 6.5620501709e+02 6.5618298340e+02 6.5616601563e+02 6.5612902832e+02 6.5608502197e+02 6.5606896973e+02 6.5606402588e+02 6.5607397461e+02 6.5607299805e+02 6.5605700684e+02 6.5601397705e+02 6.5600402832e+02 6.5599902344e+02 6.5600097656e+02 6.5599298096e+02 6.5597497559e+02 6.5599902344e+02 6.5601202393e+02 6.5600000000e+02 6.5599597168e+02
6.5701000977e+02 6.5699401855e+02 6.5696899414e+02 6.5692602539e+02 6.5688800049e+02 6.5684600830e+02 6.5680499268e+02 6.5676098633e+02 6.5672601318e+02 6.5670599365e+02 6.5668402100e+02 6.5666601563e+02 6.5664001465e+02 6.5660900879e+02 6.5657397461e+02 6.5653601074e+02 6.5649200439e+02 6.5646997070e+02 6.5645599365e+02 6.5644598389e+02 6.5640802002e+02 6.5637200928e+02 6.5635400391e+02 6.5633197021e+02 6.5630999756e+02 6.5629998779e+02 6.5626599121e+02 6.5622198486e+02 6.5620098877e+02 6.5616998291e+02 6.5613897705e+02 6.5610900879e+02 6.5608300781e+02 6.5608398438e+02 6.5608502197e+02 6.5608099365e+02 6.5605200195e+02 6.5603698730e+02 6.5602398682e+02 6.5602001953e+02 6.5600799561e+02 6.5599499512e+02 6.5601098633e+02 6.5601202393e+02 6.5599798584e+02 6.5600897217e+02
6.5705401611e+02 6.5703198242e+02 6.5701202393e+02 6.5696997070e+02 6.5694299316e+02 6.5690301514e+02 6.5685900879e+02 6.5681500244e+02 6.5677697754e+02 6.5677001953e+02 6.5673999023e+02 6.5671801758e+02 6.5669396973e+02 6.5664697266e+02 6.5661499023e+02 6.5659802246e+02 6.5657501221e+02 6.5654498291e+02 6.5651300049e+02 6.5650299072e+02 6.5647802734e+02 6.5644299316e+02 6.5640600586e+02 6.5637402344e+02 6.5633801270e+02 6.5633300781e+02 6.5630999756e+02 6.5626501465e+02 6.5621899414e+02 6.5618701172e+02 6.5618298340e+02 6.5616497803e+02 6.5614202881e+02 6.5610998535e+02 6.5608197021e+02 6.5607299805e+02 6.5607299805e+02 6.5606097412e+02 6.5605102539e+02 6.5603997803e+02 6.5602801514e+02 6.5601702881e+02 6.5601501465e+02 6.5602197266e+02 6.5601702881e+02 6.5603002930e+02
6.5713598633e+02 6.5709399414e+02 6.5703900146e+02 6.5698699951e+02 6.5698400879e+02 6.5696301270e+02 6.5691900635e+02 6.5686602783e+02 6.5682202148e+02 6.5681298828e+02 6.5678002930e+02 6.5676000977e+02 6.5672998047e+02 6.5668701172e+02 6.5666802979e+02 6.5665502930e+02 6.5663299561e+02 6.5660498047e+02 6.5658001709e+02 6.5656500244e+02 6.5652502441e+02 6.5650402832e+02 6.5647198486e+02 6.5644299316e+02 6.5640698242e+02 6.5637200928e+02 6.5634802246e+02 6.5633001709e+02 6.5628002930e+02 6.5621197510e+02 6.5620098877e+02 6.5620397949e+02 6.5619299316e+02 6.5617602539e+02 6.5614898682e+02 6.5610797119e+02 6.5607202148e+02 6.5607702637e+02 6.5608300781e+02 6.5606597900e+02 6.5606597900e+02 6.5605200195e+02 6.5604699707e+02 6.5604101563e+02 6.5602502441e+02 6.5604302979e+02
6.5721398926e+02 6.5716998291e+02 6.5710302734e+02 6.5703698730e+02 6.5701702881e+02 6.5700299072e+02 6.5697497559e+02 6.5693200684e+02 6.5687799072e+02 6.5685601807e+02 6.5683300781e+02 6.5681402588e+02 6.5678302002e+02 6.5675402832e+02 6.5672998047e+02 6.5670697021e+02 6.5667901611e+02 6.5665399170e+02 6.5663598633e+02 6.5661901855e+02 6.5657299805e+02 6.5655798340e+02 6.5653497314e+02 6.5650402832e+02 6.5646398926e+02 6.5640899658e+02 6.5638098145e+02 6.5636602783e+02 6.5633300781e+02 6.5627001953e+02 6.5624401855e+02 6.5623498535e+02 6.5622998047e+02 6.5622100830e+02 6.5620397949e+02 6.5616802979e+02 6.5612097168e+02 6.5610998535e+02 6.5609600830e+02 6.5608898926e+02 6.5609301758e+02 6.5606701660e+02 6.5606298828e+02 6.5605200195e+02 6.5604400635e+02 6.5605798340e+02
6.5727197266e+02 6.5724200439e+02 6.5719201660e+02 6.5713000488e+02 6.5708300781e+02 6.5704101563e+02 6.5701501465e+02 6.5699102783e+02 6.5695501709e+02 6.5691601563e+02 6.5689501953e+02 6.5687298584e+02 6.5683898926e+02 6.5681298828e+02 6.5679302979e+02 6.5677301025e+02 6.5673699951e+02 6.5670202637e+02 6.5669299316e+02 6.5668103027e+02 6.5664001465e+02 6.5660601807e+02 6.5657897949e+02 6.5654400635e+02 6.5650500488e+02 6.5645501709e+02 6.5641998291e+02 6.5638098145e+02 6.5636499023e+02 6.5633801270e+02 6.5631201172e+02 6.5628302002e+02 6.5625897217e+02 6.5623297119e+02 6.5621600342e+02 6.5619500732e+02 6.5617199707e+02 6.5614801025e+02 6.5611700439e+02 6.5611602783e+02 6.5610601807e+02 6.5606597900e+02 6.5606298828e+02 6.5605700684e+02 6.5605297852e+02 6.5605297852e+02
6.5733599854e+02 6.5730499268e+02 6.5726800537e+02 6.5721697998e+02 6.5717401123e+02 6.5711297607e+02 6.5706701660e+02 6.5704901123e+02 6.5704302979e+02 6.5700000000e+02 6.5696197510e+02 6.5693902588e+02 6.5690100098e+02 6.5686401367e+02 6.5685198975e+02 6.5683898926e+02 6.5680603027e+02 6.5675598145e+02 6.5674401855e+02 6.5673901367e+02 6.5670001221e+02 6.5665002441e+02 6.5661499023e+02 6.5658197021e+02 6.5654998779e+02 6.5650201416e+02 6.5646600342e+02 6.5642999268e+02 6.5640197754e+02 6.5637097168e+02 6.5636199951e+02 6.5633502197e+02 6.5628698730e+02 6.5626202393e+02 6.5625299072e+02 6.5621997070e+02 6.5618402100e+02 6.5617797852e+02 6.5616601563e+02 6.5614501953e+02 6.5610601807e+02 6.5608801270e+02 6.5610198975e+02 6.5610498047e+02 6.5609002686e+02 6.5604602051e+02
6.5737097168e+02 6.5734802246e+02 6.5731402588e+02 6.5727801514e+02 6.5724499512e+02 6.5719299316e+02 6.5713702393e+02 6.5711199951e+02 6.5710302734e+02 6.5708099365e+02 6.5704699707e+02 6.5700701904e+02 6.5694897461e+02 6.5691497803e+02 6.5689599609e+02 6.5687902832e+02 6.5685601807e+02 6.5682501221e+02 6.5680102539e+02 6.5676702881e+02 6.5671899414e+02 6.5668200684e+02 6.5665600586e+02 6.5663500977e+02 6.5659497070e+02 6.5655798340e+02 6.5651300049e+02 6.5647802734e+02 6.5645001221e+02 6.5641198730e+02 6.5639202881e+02 6.5636999512e+02 6.5634100342e+02 6.5630401611e+02 6.5627398682e+02 6.5623498535e+02 6.5621099854e+02 6.5619598389e+02 6.5620001221e+02 6.5618597412e+02 6.5614099121e+02 6.5612597656e+02 6.5611199951e+02 6.5612097168e+02 6.5609497070e+02 6.5602197266e+02
6.5742297363e+02 6.5739599609e+02 6.5735797119e+02 6.5733197021e+02 6.5730499268e+02 6.5726898193e+02 6.5721899414e+02 6.5718298340e+02 6.5715301514e+02 6.5714599609e+02 6.5711901855e+02 6.5706701660e+02 6.5701300049e+02 6.5698498535e+02 6.5694799805e+02 6.5691400146e+02 6.5689501953e+02 6.5686602783e+02 6.5683697510e+02 6.5679400635e+02 6.5673699951e+02 6.5671899414e+02 6.5669799805e+02 6.5667102051e+02 6.5663000488e+02 6.5659997559e+02 6.5655499268e+02 6.5651501465e+02 6.5649102783e+02 6.5645397949e+02 6.5643499756e+02 6.5641198730e+02 6.5638201904e+02 6.5634197998e+02 6.5630102539e+02 6.5626800537e+02 6.5625201416e+02 6.5622900391e+02 6.5621997070e+02 6.5620898438e+02 6.5618499756e+02 6.5617401123e+02 6.5614898682e+02 6.5613500977e+02 6.5606799316e+02 6.5599102783e+02
6.5750000000e+02 6.5747100830e+02 6.5743499756e+02 6.5740600586e+02 6.5736499023e+02 6.5732397461e+02 6.5728002930e+02 6.5724298096e+02 6.5720397949e+02 6.5718701172e+02 6.5716900635e+02 6.5713098145e+02 6.5708801270e+02 6.5704998779e+02 6.5700701904e+02 6.5696697998e+02 6.5694396973e+02 6.5690600586e+02 6.5687597656e+02 6.5684100342e+02 6.5677801514e+02 6.5676599121e+02 6.5673797607e+02 6.5671099854e+02 6.5667297363e+02 6.5663098145e+02 6.5659698486e+02 6.5654901123e+02 6.5651800537e+02 6.5648101807e+02 6.5646899414e+02 6.5644299316e+02 6.5640301514e+02 6.5637402344e+02 6.5633197021e+02 6.5629699707e+02 6.5628198242e+02 6.5627301025e+02 6.5625799561e+02 6.5623901367e+02 6.5621997070e+02 6.5621099854e+02 6.5618200684e+02 6.5614099121e+02 6.5605902100e+02 6.5599499512e+02
6.5754699707e+02 6.5753997803e+02 6.5752301025e+02 6.5749102783e+02 6.5744000244e+02 6.5738897705e+02 6.5733599854e+02 6.5729901123e+02 6.5727398682e+02 6.5723101807e+02 6.5720098877e+02 6.5718103027e+02 6.5715002441e+02 6.5710302734e+02 6.5706097412e+02 6.5703302002e+02 6.5700299072e+02 6.5694299316e+02 6.5690399170e+02 6.5688000488e+02 6.5682598877e+02 6.5680603027e+02 6.5676501465e+02 6.5673400879e+02 6.5668499756e+02 6.5665399170e+02 6.5663098145e+02 6.5658599854e+02 6.5655798340e+02 6.5653100586e+02 6.5650500488e+02 6.5647100830e+02 6.5645001221e+02 6.5641497803e+02 6.5636700439e+02 6.5632202148e+02 6.5632098389e+02 6.5630700684e+02 6.5628302002e+02 6.5625299072e+02 6.5623400879e+02 6.5622198486e+02 6.5620397949e+02 6.5616802979e+02 6.5611297607e+02 6.5604498291e+02
6.5751898193e+02 6.5757598877e+02 6.5758300781e+02 6.5754699707e+02 6.5750402832e+02 6.5745697021e+02 6.5739801025e+02 6.5735797119e+02 6.5733697510e+02 6.5730603027e+02 6.5726599121e+02 6.5723101807e+02 6.5718597412e+02 6.5716699219e+02 6.5712500000e+02 6.5708001709e+02 6.5704101563e+02 6.5699902344e+02 6.5694897461e+02 6.5690502930e+02 6.5686798096e+02 6.5685699463e+02 6.5681701660e+02 6.5676098633e+02 6.5671301270e+02 6.5669201660e+02 6.5667999268e+02 6.5663598633e+02 6.5660699463e+02 6.5658099365e+02 6.5654901123e+02 6.5651202393e+02 6.5648199463e+02 6.5645800781e+02 6.5642700195e+02 6.5636999512e+02 6.5633502197e+02 6.5632501221e+02 6.5629998779e+02 6.5627398682e+02 6.5626300049e+02 6.5623297119e+02 6.5620898438e+02 6.5619598389e+02 6.5616497803e+02 6.5609301758e+02
6.5750299072e+02 6.5755401611e+02 6.5759600830e+02 6.5759197998e+02 6.5756799316e+02 6.5752502441e+02 6.5746899414e+02 6.5743103027e+02 6.5740899658e+02 6.5738000488e+02 6.5733898926e+02 6.5730603027e+02 6.5725402832e+02 6.5722601318e+02 6.5718103027e+02 6.5713201904e+02 6.5709301758e+02 6.5705999756e+02 6.5701098633e+02 6.5696502686e+02 6.5693298340e+02 6.5690600586e+02 6.5685601807e+02 6.5680297852e+02 6.5676599121e+02 6.5671801758e+02 6.5669396973e+02 6.5666400146e+02 6.5664801025e+02 6.5660699463e+02 6.5658197021e+02 6.5656701660e+02 6.5653002930e+02 6.5649902344e+02 6.5647497559e+02 6.5642401123e+02 6.5637097168e+02 6.5634802246e+02 6.5633099365e+02 6.5631201172e+02 6.5630200195e+02 6.5626202393e+02 6.5623101807e+02 6.5622302246e+02 6.5620001221e+02 6.5615802002e+02
6.5756298828e+02 6.5754998779e+02 6.5758502197e+02 6.5762799072e+02 6.5763397217e+02 6.5759197998e+02 6.5754602051e+02 6.5751702881e+02 6.5748400879e+02 6.5744000244e+02 6.5739300537e+02 6.5736602783e+02 6.5732800293e+02 6.5727801514e+02 6.5723400879e+02 6.5719396973e+02 6.5715899658e+02 6.5712597656e+02 6.5708398438e+02 6.5703302002e+02 6.5697497559e+02 6.5693597412e+02 6.5689202881e+02 6.5684899902e+02 6.5681597900e+02 6.5676202393e+02 6.5672900391e+02 6.5670397949e+02 6.5668902588e+02 6.5665002441e+02 6.5661602783e+02 6.5660498047e+02 6.5657598877e+02 6.5654302979e+02 6.5650799561e+02 6.5646502686e+02 6.5642297363e+02 6.5637597656e+02 6.5635601807e+02 6.5634197998e+02 6.5632800293e+02 6.5629199219e+02 6.5627001953e+02 6.5626300049e+02 6.5624200439e+02 6.5623498535e+02
6.5764202881e+02 6.5760900879e+02 6.5758197021e+02 6.5762097168e+02 6.5767297363e+02 6.5763800049e+02 6.5759802246e+02 6.5757800293e+02 6.5753302002e+02 6.5748999023e+02 6.5744897461e+02 6.5741998291e+02 6.5739300537e+02 6.5734399414e+02 6.5730700684e+02 6.5727398682e+02 6.5720202637e+02 6.5717102051e+02 6.5713397217e+02 6.5707702637e+02 6.5701000977e+02 6.5697100830e+02 6.5693902588e+02 6.5688800049e+02 6.5682702637e+02 6.5679302979e+02 6.5677099609e+02 6.5675000000e+02 6.5671801758e+02 6.5668597412e+02 6.5666302490e+02 6.5664300537e+02 6.5662097168e+02 6.5659002686e+02 6.5653302002e+02 6.5647802734e+02 6.5645300293e+02 6.5641601563e+02 6.5638000488e+02 6.5635498047e+02 6.5633898926e+02 6.5631201172e+02 6.5629797363e+02 6.5628802490e+02 6.5626800537e+02 6.5628698730e+02
6.5763702393e+02 6.5767401123e+02 6.5765100098e+02 6.5761602783e+02 6.5764801025e+02 6.5768200684e+02 6.5765802002e+02 6.5762597656e+02 6.5758898926e+02 6.5755999756e+02 6.5752801514e+02 6.5748699951e+02 6.5745397949e+02 6.5740899658e+02 6.5737298584e+02 6.5733599854e+02 6.5724700928e+02 6.5720397949e+02 6.5716998291e+02 6.5711102295e+02 6.5706799316e+02 6.5703497314e+02 6.5700201416e+02 6.5696099854e+02 6.5690100098e+02 6.5685797119e+02 6.5682800293e+02 6.5679699707e+02 6.5677301025e+02 6.5672802734e+02 6.5670098877e+02 6.5667199707e+02 6.5663800049e+02 6.5661901855e+02 6.5657000732e+02 6.5650402832e+02 6.5647302246e+02 6.5644500732e+02 6.5640502930e+02 6.5635797119e+02 6.5634399414e+02 6.5634197998e+02 6.5633001709e+02 6.5630499268e+02 6.5629302979e+02 6.5630603027e+02
6.5761602783e+02 6.5767700195e+02 6.5770202637e+02 6.5765899658e+02 6.5762701416e+02 6.5767700195e+02 6.5769299316e+02 6.5767297363e+02 6.5765002441e+02 6.5762402344e+02 6.5758502197e+02 6.5754699707e+02 6.5752197266e+02 6.5745898438e+02 6.5741198730e+02 6.5738500977e+02 6.5731896973e+02 6.5726898193e+02 6.5723199463e+02 6.5716400146e+02 6.5710797119e+02 6.5708197021e+02 6.5704998779e+02 6.5701000977e+02 6.5696099854e+02 6.5692797852e+02 6.5688702393e+02 6.5683697510e+02 6.5682098389e+02 6.5677899170e+02 6.5674700928e+02 6.5670001221e+02 6.5665997314e+02 6.5664202881e+02 6.5660400391e+02 6.5654901123e+02 6.5651702881e+02 6.5648101807e+02 6.5643597412e+02 6.5638800049e+02 6.5636999512e+02 6.5636999512e+02 6.5635699463e+02 6.5633502197e+02 6.5632800293e+02 6.5632299805e+02
6.5766400146e+02 6.5765698242e+02 6.5770300293e+02 6.5772601318e+02 6.5767797852e+02 6.5766699219e+02 6.5769598389e+02 6.5771899414e+02 6.5770501709e+02 6.5767700195e+02 6.5763702393e+02 6.5759600830e+02 6.5757897949e+02 6.5754199219e+02 6.5747497559e+02 6.5743402100e+02 6.5739300537e+02 6.5731402588e+02 6.5727398682e+02 6.5722497559e+02 6.5715698242e+02 6.5713000488e+02 6.5710302734e+02 6.5705499268e+02 6.5700000000e+02 6.5697399902e+02 6.5693298340e+02 6.5687200928e+02 6.5685699463e+02 6.5682098389e+02 6.5679797363e+02 6.5674700928e+02 6.5669500732e+02 6.5667401123e+02 6.5664202881e+02 6.5659497070e+02 6.5656597900e+02 6.5651397705e+02 6.5646899414e+02 6.5643902588e+02 6.5642199707e+02 6.5639001465e+02 6.5635900879e+02 6.5635302734e+02 6.5635900879e+02 6.5633898926e+02
