TESTSERVER/13/5.asc
NCOLS 100
NROWS 100
XLLCORNER 8.1497500000e+03
YLLCORNER 2.8970025000e+05
CELLSIZE 5.0000000000e-01
NODATA_VALUE -9.9990000000e+03
[rows 0 to 19 of 100, columns 46 to 91 of 100]
6.5601000977e+02 6.5602099609e+02 6.5605499268e+02 6.5609100342e+02 6.5612701416e+02 6.5613800049e+02 6.5613500977e+02 6.5616998291e+02 6.5619396973e+02 6.5620202637e+02 6.5623297119e+02 6.5625402832e+02 6.5628802490e+02 6.5629498291e+02 6.5630102539e+02 6.5630999756e+02 6.5632800293e+02 6.5633197021e+02 6.5634197998e+02 6.5633398438e+02 6.5632202148e+02 6.5635400391e+02 6.5640301514e+02 6.5641998291e+02 6.5644702148e+02 6.5648101807e+02 6.5651800537e+02 6.5653802490e+02 6.5653997803e+02 6.5655401611e+02 6.5657897949e+02 6.5656298828e+02 6.5657897949e+02 6.5662402344e+02 6.5666699219e+02 6.5673199463e+02 6.5679302979e+02 6.5685998535e+02 6.5692999268e+02 6.5698297119e+02 6.5703698730e+02 6.5711798096e+02 6.5719201660e+02 6.5724700928e+02 6.5730999756e+02 6.5737298584e+02
6.5600897217e+02 6.5602099609e+02 6.5604199219e+02 6.5608001709e+02 6.5610900879e+02 6.5612597656e+02 6.5615100098e+02 6.5616900635e+02 6.5618200684e+02 6.5620001221e+02 6.5623699951e+02 6.5624298096e+02 6.5627502441e+02 6.5628900146e+02 6.5629901123e+02 6.5631298828e+02 6.5633197021e+02 6.5633300781e+02 6.5631701660e+02 6.5633001709e+02 6.5632397461e+02 6.5636297607e+02 6.5640502930e+02 6.5642498779e+02 6.5644500732e+02 6.5647198486e+02 6.5651202393e+02 6.5653698730e+02 6.5653002930e+02 6.5653802490e+02 6.5656097412e+02 6.5655603027e+02 6.5656402588e+02 6.5660400391e+02 6.5663598633e+02 6.5668902588e+02 6.5673999023e+02 6.5680401611e+02 6.5685797119e+02 6.5692901611e+02 6.5700097656e+02 6.5707501221e+02 6.5712701416e+02 6.5718200684e+02 6.5724700928e+02 6.5730999756e+02
6.5600598145e+02 6.5602398682e+02 6.5603302002e+02 6.5605798340e+02 6.5608300781e+02 6.5610797119e+02 6.5615197754e+02 6.5616998291e+02 6.5617999268e+02 6.5619799805e+02 6.5621997070e+02 6.5623498535e+02 6.5625799561e+02 6.5627398682e+02 6.5630401611e+02 6.5632800293e+02 6.5633898926e+02 6.5633599854e+02 6.5632598877e+02 6.5634100342e+02 6.5634002686e+02 6.5637097168e+02 6.5640100098e+02 6.5641601563e+02 6.5644000244e+02 6.5646899414e+02 6.5650500488e+02 6.5652301025e+02 6.5652600098e+02 6.5652697754e+02 6.5653997803e+02 6.5654602051e+02 6.5655700684e+02 6.5658801270e+02 6.5661102295e+02 6.5665600586e+02 6.5669702148e+02 6.5675598145e+02 6.5680401611e+02 6.5688000488e+02 6.5696398926e+02 6.5702301025e+02 6.5705798340e+02 6.5711297607e+02 6.5717199707e+02 6.5723297119e+02
6.5602502441e+02 6.5603399658e+02 6.5603802490e+02 6.5605700684e+02 6.5608697510e+02 6.5611297607e+02 6.5614202881e+02 6.5616699219e+02 6.5617999268e+02 6.5618902588e+02 6.5619799805e+02 6.5622802734e+02 6.5625402832e+02 6.5627301025e+02 6.5629101563e+02 6.5631896973e+02 6.5634497070e+02 6.5634802246e+02 6.5634399414e+02 6.5635998535e+02 6.5636499023e+02 6.5638000488e+02 6.5639898682e+02 6.5640997314e+02 6.5644097900e+02 6.5647601318e+02 6.5649102783e+02 6.5649700928e+02 6.5650402832e+02 6.5651397705e+02 6.5653900146e+02 6.5652398682e+02 6.5653900146e+02 6.5657702637e+02 6.5659802246e+02 6.5663098145e+02 6.5666601563e+02 6.5672601318e+02 6.5678497314e+02 6.5684002686e+02 6.5690399170e+02 6.5695202637e+02 6.5700000000e+02 6.5705902100e+02 6.5710699463e+02 6.5715899658e+02
6.5603698730e+02 6.5604199219e+02 6.5604699707e+02 6.5604998779e+02 6.5607299805e+02 6.5610601807e+02 6.5611901855e+02 6.5614300537e+02 6.5616302490e+02 6.5617700195e+02 6.5621099854e+02 6.5621301270e+02 6.5624401855e+02 6.5627899170e+02 6.5628601074e+02 6.5630798340e+02 6.5634600830e+02 6.5635797119e+02 6.5635998535e+02 6.5638397217e+02 6.5639501953e+02 6.5639099121e+02 6.5640698242e+02 6.5642199707e+02 6.5644500732e+02 6.5646301270e+02 6.5646398926e+02 6.5647198486e+02 6.5648101807e+02 6.5650000000e+02 6.5653198242e+02 6.5651202393e+02 6.5653100586e+02 6.5656799316e+02 6.5658502197e+02 6.5662097168e+02 6.5664501953e+02 6.5668902588e+02 6.5674798584e+02 6.5680499268e+02 6.5684802246e+02 6.5689001465e+02 6.5693701172e+02 6.5697802734e+02 6.5703198242e+02 6.5708197021e+02
6.5604302979e+02 6.5605700684e+02 6.5606097412e+02 6.5606799316e+02 6.5607299805e+02 6.5609899902e+02 6.5610900879e+02 6.5612701416e+02 6.5615600586e+02 6.5617401123e+02 6.5620202637e+02 6.5620599365e+02 6.5625500488e+02 6.5627099609e+02 6.5627899170e+02 6.5629901123e+02 6.5633502197e+02 6.5635699463e+02 6.5637402344e+02 6.5638299561e+02 6.5639300537e+02 6.5639501953e+02 6.5641198730e+02 6.5641998291e+02 6.5642602539e+02 6.5642602539e+02 6.5643798828e+02 6.5644500732e+02 6.5645501709e+02 6.5647802734e+02 6.5651098633e+02 6.5652398682e+02 6.5653302002e+02 6.5654797363e+02 6.5655999756e+02 6.5660498047e+02 6.5664001465e+02 6.5668298340e+02 6.5673999023e+02 6.5678698730e+02 6.5680999756e+02 6.5684600830e+02 6.5688000488e+02 6.5689599609e+02 6.5696002197e+02 6.5701800537e+02
6.5605200195e+02 6.5605999756e+02 6.5606701660e+02 6.5607897949e+02 6.5608599854e+02 6.5609600830e+02 6.5610498047e+02 6.5612402344e+02 6.5614501953e+02 6.5616400146e+02 6.5618902588e+02 6.5619396973e+02 6.5624798584e+02 6.5627197266e+02 6.5629199219e+02 6.5630999756e+02 6.5633502197e+02 6.5634497070e+02 6.5636999512e+02 6.5638598633e+02 6.5640399170e+02 6.5641101074e+02 6.5641601563e+02 6.5641198730e+02 6.5639001465e+02 6.5637097168e+02 6.5639501953e+02 6.5641998291e+02 6.5644000244e+02 6.5646801758e+02 6.5649200439e+02 6.5651202393e+02 6.5650897217e+02 6.5652899170e+02 6.5655200195e+02 6.5659802246e+02 6.5663500977e+02 6.5667999268e+02 6.5672802734e+02 6.5675097656e+02 6.5676300049e+02 6.5678302002e+02 6.5680902100e+02 6.5683197021e+02 6.5688397217e+02 6.5694396973e+02
6.5604699707e+02 6.5605102539e+02 6.5605700684e+02 6.5607098389e+02 6.5607800293e+02 6.5608300781e+02 6.5609399414e+02 6.5611901855e+02 6.5612799072e+02 6.5614300537e+02 6.5616900635e+02 6.5618499756e+02 6.5622399902e+02 6.5624798584e+02 6.5628497314e+02 6.5631402588e+02 6.5633599854e+02 6.5632897949e+02 6.5635302734e+02 6.5638800049e+02 6.5640997314e+02 6.5641400146e+02 6.5640600586e+02 6.5639801025e+02 6.5637902832e+02 6.5636102295e+02 6.5636798096e+02 6.5639501953e+02 6.5641601563e+02 6.5644598389e+02 6.5647998047e+02 6.5651300049e+02 6.5651202393e+02 6.5653302002e+02 6.5654998779e+02 6.5658001709e+02 6.5661602783e+02 6.5666900635e+02 6.5670697021e+02 6.5671398926e+02 6.5671997070e+02 6.5672497559e+02 6.5674401855e+02 6.5678997803e+02 6.5682598877e+02 6.5686798096e+02
6.5600598145e+02 6.5600299072e+02 6.5602099609e+02 6.5605297852e+02 6.5605902100e+02 6.5607598877e+02 6.5610900879e+02 6.5611499023e+02 6.5611499023e+02 6.5612500000e+02 6.5615899658e+02 6.5618499756e+02 6.5620898438e+02 6.5622802734e+02 6.5627197266e+02 6.5629199219e+02 6.5631298828e+02 6.5631701660e+02 6.5634399414e+02 6.5638897705e+02 6.5640802002e+02 6.5640197754e+02 6.5638598633e+02 6.5637402344e+02 6.5637500000e+02 6.5638098145e+02 6.5637902832e+02 6.5639501953e+02 6.5641302490e+02 6.5643902588e+02 6.5646899414e+02 6.5650000000e+02 6.5651898193e+02 6.5654901123e+02 6.5657000732e+02 6.5658099365e+02 6.5659600830e+02 6.5664001465e+02 6.5669396973e+02 6.5669000244e+02 6.5668200684e+02 6.5668200684e+02 6.5670300293e+02 6.5675701904e+02 6.5678698730e+02 6.5681500244e+02
6.5598797607e+02 6.5597399902e+02 6.5598901367e+02 6.5604199219e+02 6.5606701660e+02 6.5607897949e+02 6.5608599854e+02 6.5610498047e+02 6.5612500000e+02 6.5613000488e+02 6.5615600586e+02 6.5616198730e+02 6.5618499756e+02 6.5621398926e+02 6.5625201416e+02 6.5627197266e+02 6.5630499268e+02 6.5632800293e+02 6.5634002686e+02 6.5636297607e+02 6.5639099121e+02 6.5639599609e+02 6.5638201904e+02 6.5635797119e+02 6.5635699463e+02 6.5637298584e+02 6.5639202881e+02 6.5639300537e+02 6.5641101074e+02 6.5645697021e+02 6.5647601318e+02 6.5649499512e+02 6.5651898193e+02 6.5655401611e+02 6.5656500244e+02 6.5658801270e+02 6.5659899902e+02 6.5662701416e+02 6.5665698242e+02 6.5665100098e+02 6.5665301514e+02 6.5666400146e+02 6.5668200684e+02 6.5669702148e+02 6.5672900391e+02 6.5677099609e+02
6.5598199463e+02 6.5598400879e+02 6.5599401855e+02 6.5602600098e+02 6.5606201172e+02 6.5607702637e+02 6.5606097412e+02 6.5609301758e+02 6.5612701416e+02 6.5613500977e+02 6.5615100098e+02 6.5614398193e+02 6.5616198730e+02 6.5618902588e+02 6.5622399902e+02 6.5623901367e+02 6.5626898193e+02 6.5630297852e+02 6.5632000732e+02 6.5632800293e+02 6.5636102295e+02 6.5638000488e+02 6.5637500000e+02 6.5634899902e+02 6.5634197998e+02 6.5635302734e+02 6.5638299561e+02 6.5639300537e+02 6.5640997314e+02 6.5644897461e+02 6.5646301270e+02 6.5647802734e+02 6.5650402832e+02 6.5654901123e+02 6.5656701660e+02 6.5659997559e+02 6.5662500000e+02 6.5664001465e+02 6.5665100098e+02 6.5664898682e+02 6.5664501953e+02 6.5664501953e+02 6.5666198730e+02 6.5667102051e+02 6.5669897461e+02 6.5673699951e+02
6.5598699951e+02 6.5599401855e+02 6.5601599121e+02 6.5601800537e+02 6.5604699707e+02 6.5606896973e+02 6.5605700684e+02 6.5607299805e+02 6.5610601807e+02 6.5612500000e+02 6.5613397217e+02 6.5613800049e+02 6.5615197754e+02 6.5617102051e+02 6.5620202637e+02 6.5622399902e+02 6.5624798584e+02 6.5627801514e+02 6.5630603027e+02 6.5631298828e+02 6.5634899902e+02 6.5635797119e+02 6.5634997559e+02 6.5633898926e+02 6.5634002686e+02 6.5634997559e+02 6.5636297607e+02 6.5638897705e+02 6.5640698242e+02 6.5642901611e+02 6.5645501709e+02 6.5647198486e+02 6.5648602295e+02 6.5652600098e+02 6.5656201172e+02 6.5659197998e+02 6.5662799072e+02 6.5664398193e+02 6.5665100098e+02 6.5664202881e+02 6.5662402344e+02 6.5661602783e+02 6.5663098145e+02 6.5664202881e+02 6.5667498779e+02 6.5671099854e+02
6.5602197266e+02 6.5602502441e+02 6.5603601074e+02 6.5601800537e+02 6.5602801514e+02 6.5605401611e+02 6.5605297852e+02 6.5606500244e+02 6.5608697510e+02 6.5610302734e+02 6.5611199951e+02 6.5611700439e+02 6.5614099121e+02 6.5616601563e+02 6.5618798828e+02 6.5620599365e+02 6.5623901367e+02 6.5627197266e+02 6.5630902100e+02 6.5631298828e+02 6.5633697510e+02 6.5635101318e+02 6.5634698486e+02 6.5633502197e+02 6.5634197998e+02 6.5635400391e+02 6.5634497070e+02 6.5637701416e+02 6.5640197754e+02 6.5641497803e+02 6.5644000244e+02 6.5647497559e+02 6.5648400879e+02 6.5649700928e+02 6.5652099609e+02 6.5655499268e+02 6.5658599854e+02 6.5660302734e+02 6.5661901855e+02 6.5662097168e+02 6.5660797119e+02 6.5660101318e+02 6.5661297607e+02 6.5661401367e+02 6.5664300537e+02 6.5667700195e+02
6.5604400635e+02 6.5606201172e+02 6.5606201172e+02 6.5603100586e+02 6.5601300049e+02 6.5603601074e+02 6.5604199219e+02 6.5605902100e+02 6.5607598877e+02 6.5608197021e+02 6.5609497070e+02 6.5610101318e+02 6.5612097168e+02 6.5614202881e+02 6.5614801025e+02 6.5618298340e+02 6.5624298096e+02 6.5625897217e+02 6.5628302002e+02 6.5631201172e+02 6.5633502197e+02 6.5634301758e+02 6.5634899902e+02 6.5635797119e+02 6.5636297607e+02 6.5635998535e+02 6.5635302734e+02 6.5637799072e+02 6.5640698242e+02 6.5641601563e+02 6.5642602539e+02 6.5645501709e+02 6.5646197510e+02 6.5646899414e+02 6.5649200439e+02 6.5651501465e+02 6.5654901123e+02 6.5656597900e+02 6.5658502197e+02 6.5659698486e+02 6.5659301758e+02 6.5659399414e+02 6.5660797119e+02 6.5660699463e+02 6.5662402344e+02 6.5665399170e+02
6.5610900879e+02 6.5610797119e+02 6.5609698486e+02 6.5607800293e+02 6.5602899170e+02 6.5601300049e+02 6.5602398682e+02 6.5603002930e+02 6.5603900146e+02 6.5605200195e+02 6.5607800293e+02 6.5610198975e+02 6.5611499023e+02 6.5611102295e+02 6.5611901855e+02 6.5615899658e+02 6.5622198486e+02 6.5625500488e+02 6.5627197266e+02 6.5629699707e+02 6.5633099365e+02 6.5635797119e+02 6.5637298584e+02 6.5636999512e+02 6.5637902832e+02 6.5637902832e+02 6.5637097168e+02 6.5638397217e+02 6.5641302490e+02 6.5642199707e+02 6.5642797852e+02 6.5645001221e+02 6.5645697021e+02 6.5646899414e+02 6.5648297119e+02 6.5649102783e+02 6.5652001953e+02 6.5653698730e+02 6.5654602051e+02 6.5657000732e+02 6.5657501221e+02 6.5658697510e+02 6.5660797119e+02 6.5662097168e+02 6.5662902832e+02 6.5664697266e+02
6.5620697021e+02 6.5618798828e+02 6.5615997314e+02 6.5614697266e+02 6.5608801270e+02 6.5602801514e+02 6.5601898193e+02 6.5602801514e+02 6.5602398682e+02 6.5602001953e+02 6.5604498291e+02 6.5608697510e+02 6.5610400391e+02 6.5609002686e+02 6.5610400391e+02 6.5613800049e+02 6.5619897461e+02 6.5624700928e+02 6.5626599121e+02 6.5628002930e+02 6.5631597900e+02 6.5635198975e+02 6.5636999512e+02 6.5635900879e+02 6.5637597656e+02 6.5638800049e+02 6.5638201904e+02 6.5638800049e+02 6.5640899658e+02 6.5641900635e+02 6.5644000244e+02 6.5645001221e+02 6.5644500732e+02 6.5646600342e+02 6.5649401855e+02 6.5650000000e+02 6.5652001953e+02 6.5653497314e+02 6.5653900146e+02 6.5656298828e+02 6.5656597900e+02 6.5657800293e+02 6.5659899902e+02 6.5663800049e+02 6.5665698242e+02 6.5666900635e+02
6.5627697754e+02 6.5625201416e+02 6.5622100830e+02 6.5619598389e+02 6.5614001465e+02 6.5607299805e+02 6.5605700684e+02 6.5608300781e+02 6.5607397461e+02 6.5604699707e+02 6.5603997803e+02 6.5604998779e+02 6.5607098389e+02 6.5607702637e+02 6.5609600830e+02 6.5611401367e+02 6.5615698242e+02 6.5621099854e+02 6.5625897217e+02 6.5627398682e+02 6.5629699707e+02 6.5632202148e+02 6.5633898926e+02 6.5633898926e+02 6.5634899902e+02 6.5636401367e+02 6.5637402344e+02 6.5639501953e+02 6.5640899658e+02 6.5641699219e+02 6.5643902588e+02 6.5644396973e+02 6.5644201660e+02 6.5646398926e+02 6.5648797607e+02 6.5650701904e+02 6.5653002930e+02 6.5654302979e+02 6.5655401611e+02 6.5656402588e+02 6.5657000732e+02 6.5657800293e+02 6.5658099365e+02 6.5662500000e+02 6.5665899658e+02 6.5667797852e+02
6.5630297852e+02 6.5626098633e+02 6.5623498535e+02 6.5622302246e+02 6.5617901611e+02 6.5613201904e+02 6.5610198975e+02 6.5609698486e+02 6.5607299805e+02 6.5604998779e+02 6.5604498291e+02 6.5603900146e+02 6.5605401611e+02 6.5606701660e+02 6.5608502197e+02 6.5609899902e+02 6.5612500000e+02 6.5616900635e+02 6.5622698975e+02 6.5626202393e+02 6.5627899170e+02 6.5629400635e+02 6.5632397461e+02 6.5633099365e+02 6.5633001709e+02 6.5634997559e+02 6.5636999512e+02 6.5639599609e+02 6.5642498779e+02 6.5643798828e+02 6.5643103027e+02 6.5643798828e+02 6.5644702148e+02 6.5646697998e+02 6.5648101807e+02 6.5650402832e+02 6.5652697754e+02 6.5653002930e+02 6.5654602051e+02 6.5656597900e+02 6.5657702637e+02 6.5658099365e+02 6.5658697510e+02 6.5661499023e+02 6.5665197754e+02 6.5667700195e+02
6.5631298828e+02 6.5628698730e+02 6.5626397705e+02 6.5624298096e+02 6.5621197510e+02 6.5617999268e+02 6.5613702393e+02 6.5608801270e+02 6.5603399658e+02 6.5600402832e+02 6.5601098633e+02 6.5601702881e+02 6.5603002930e+02 6.5603302002e+02 6.5603997803e+02 6.5607397461e+02 6.5610198975e+02 6.5613800049e+02 6.5618402100e+02 6.5622399902e+02 6.5625500488e+02 6.5627697754e+02 6.5629998779e+02 6.5632202148e+02 6.5632800293e+02 6.5635302734e+02 6.5637298584e+02 6.5639801025e+02 6.5642700195e+02 6.5642901611e+02 6.5641400146e+02 6.5643701172e+02 6.5644396973e+02 6.5644299316e+02 6.5645599365e+02 6.5650000000e+02 6.5652197266e+02 6.5653198242e+02 6.5655499268e+02 6.5657202148e+02 6.5657501221e+02 6.5657397461e+02 6.5658898926e+02 6.5661499023e+02 6.5664697266e+02 6.5667199707e+02
6.5631298828e+02 6.5629998779e+02 6.5628002930e+02 6.5626599121e+02 6.5624200439e+02 6.5621398926e+02 6.5618103027e+02 6.5612597656e+02 6.5604998779e+02 6.5599597168e+02 6.5599298096e+02 6.5599798584e+02 6.5600500488e+02 6.5599902344e+02 6.5599401855e+02 6.5603100586e+02 6.5607501221e+02 6.5612298584e+02 6.5616198730e+02 6.5617999268e+02 6.5621801758e+02 6.5625000000e+02 6.5627801514e+02 6.5630999756e+02 6.5632702637e+02 6.5635601807e+02 6.5636499023e+02 6.5638098145e+02 6.5640002441e+02 6.5639300537e+02 6.5638500977e+02 6.5641699219e+02 6.5641998291e+02 6.5639697266e+02 6.5640399170e+02 6.5647998047e+02 6.5652502441e+02 6.5655200195e+02 6.5656402588e+02 6.5657897949e+02 6.5657501221e+02 6.5657098389e+02 6.5658801270e+02 6.5661999512e+02 6.5665197754e+02 6.5667102051e+02
