TESTSERVER/13/5.asc
NCOLS 100
NROWS 100
XLLCORNER 8.1497500000e+03
YLLCORNER 2.8970025000e+05
CELLSIZE 5.0000000000e-01
NODATA_VALUE -9.9990000000e+03
[rows 40 to 59 of 100, columns 46 to 91 of 100]
6.5667999268e+02 6.5666699219e+02 6.5663098145e+02 6.5660797119e+02 6.5658502197e+02 6.5656701660e+02 6.5654199219e+02 6.5652398682e+02 6.5650799561e+02 6.5652398682e+02 6.5653997803e+02 6.5652697754e+02 6.5651397705e+02 6.5651098633e+02 6.5650897217e+02 6.5650500488e+02 6.5649200439e+02 6.5648297119e+02 6.5647100830e+02 6.5644299316e+02 6.5643402100e+02 6.5642700195e+02 6.5640502930e+02 6.5638201904e+02 6.5637298584e+02 6.5637298584e+02 6.5636401367e+02 6.5636602783e+02 6.5636401367e+02 6.5635498047e+02 6.5635101318e+02 6.5632098389e+02 6.5631097412e+02 6.5630603027e+02 6.5629901123e+02 6.5630102539e+02 6.5629400635e+02 6.5628399658e+02 6.5625799561e+02 6.5627600098e+02 6.5627502441e+02 6.5608599854e+02 6.5565502930e+02 6.5552099609e+02 6.5549102783e+02 6.5551202393e+02
6.5667999268e+02 6.5665197754e+02 6.5664099121e+02 6.5663800049e+02 6.5661602783e+02 6.5658697510e+02 6.5655401611e+02 6.5653601074e+02 6.5653399658e+02 6.5654199219e+02 6.5654400635e+02 6.5654302979e+02 6.5653497314e+02 6.5652502441e+02 6.5651098633e+02 6.5652099609e+02 6.5651800537e+02 6.5650897217e+02 6.5648400879e+02 6.5645300293e+02 6.5644500732e+02 6.5644201660e+02 6.5642602539e+02 6.5640002441e+02 6.5638702393e+02 6.5639099121e+02 6.5639599609e+02 6.5638598633e+02 6.5637097168e+02 6.5636499023e+02 6.5636901855e+02 6.5635302734e+02 6.5634301758e+02 6.5633801270e+02 6.5632702637e+02 6.5632897949e+02 6.5631896973e+02 6.5631402588e+02 6.5630102539e+02 6.5629797363e+02 6.5629498291e+02 6.5622399902e+02 6.5600799561e+02 6.5585498047e+02 6.5565899658e+02 6.5554998779e+02
6.5668701172e+02 6.5666699219e+02 6.5665802002e+02 6.5664801025e+02 6.5663299561e+02 6.5661401367e+02 6.5658599854e+02 6.5656896973e+02 6.5656597900e+02 6.5656896973e+02 6.5656201172e+02 6.5656201172e+02 6.5655999756e+02 6.5654901123e+02 6.5652502441e+02 6.5652697754e+02 6.5653100586e+02 6.5652600098e+02 6.5648999023e+02 6.5646398926e+02 6.5645098877e+02 6.5644500732e+02 6.5643798828e+02 6.5642102051e+02 6.5640899658e+02 6.5640802002e+02 6.5641900635e+02 6.5640100098e+02 6.5637799072e+02 6.5637200928e+02 6.5637799072e+02 6.5636199951e+02 6.5635302734e+02 6.5634997559e+02 6.5634100342e+02 6.5634497070e+02 6.5633898926e+02 6.5634698486e+02 6.5635302734e+02 6.5634600830e+02 6.5632598877e+02 6.5631201172e+02 6.5627301025e+02 6.5618798828e+02 6.5598901367e+02 6.5583801270e+02
6.5670300293e+02 6.5669500732e+02 6.5668701172e+02 6.5666699219e+02 6.5665399170e+02 6.5664801025e+02 6.5662200928e+02 6.5660900879e+02 6.5659997559e+02 6.5659802246e+02 6.5658502197e+02 6.5658197021e+02 6.5657800293e+02 6.5656402588e+02 6.5654699707e+02 6.5653601074e+02 6.5652899170e+02 6.5652301025e+02 6.5649902344e+02 6.5647601318e+02 6.5646301270e+02 6.5645898438e+02 6.5645697021e+02 6.5644500732e+02 6.5643902588e+02 6.5643298340e+02 6.5643798828e+02 6.5642102051e+02 6.5640698242e+02 6.5639898682e+02 6.5639599609e+02 6.5638299561e+02 6.5637597656e+02 6.5637298584e+02 6.5636199951e+02 6.5636102295e+02 6.5635601807e+02 6.5636499023e+02 6.5636199951e+02 6.5636401367e+02 6.5635601807e+02 6.5632598877e+02 6.5631298828e+02 6.5628997803e+02 6.5622698975e+02 6.5617602539e+02
6.5672900391e+02 6.5672802734e+02 6.5673602295e+02 6.5670001221e+02 6.5667901611e+02 6.5668200684e+02 6.5665502930e+02 6.5664202881e+02 6.5664001465e+02 6.5663201904e+02 6.5661297607e+02 6.5660498047e+02 6.5660101318e+02 6.5658898926e+02 6.5656402588e+02 6.5654998779e+02 6.5653997803e+02 6.5652099609e+02 6.5650897217e+02 6.5648498535e+02 6.5647802734e+02 6.5648602295e+02 6.5649401855e+02 6.5647998047e+02 6.5647497559e+02 6.5646398926e+02 6.5646301270e+02 6.5644299316e+02 6.5643701172e+02 6.5642999268e+02 6.5640802002e+02 6.5641900635e+02 6.5641198730e+02 6.5639697266e+02 6.5639099121e+02 6.5638800049e+02 6.5637097168e+02 6.5637097168e+02 6.5636700439e+02 6.5636297607e+02 6.5637597656e+02 6.5635797119e+02 6.5633697510e+02 6.5632000732e+02 6.5633099365e+02 6.5636297607e+02
6.5675701904e+02 6.5674902344e+02 6.5675598145e+02 6.5673400879e+02 6.5670898438e+02 6.5671197510e+02 6.5669000244e+02 6.5668597412e+02 6.5667498779e+02 6.5666497803e+02 6.5665600586e+02 6.5665002441e+02 6.5663800049e+02 6.5661401367e+02 6.5658001709e+02 6.5655499268e+02 6.5654602051e+02 6.5652697754e+02 6.5651000977e+02 6.5650897217e+02 6.5651501465e+02 6.5652398682e+02 6.5652099609e+02 6.5649102783e+02 6.5648101807e+02 6.5646997070e+02 6.5647601318e+02 6.5645898438e+02 6.5644799805e+02 6.5645300293e+02 6.5644500732e+02 6.5644201660e+02 6.5643200684e+02 6.5641400146e+02 6.5639501953e+02 6.5639599609e+02 6.5637500000e+02 6.5637298584e+02 6.5638397217e+02 6.5637902832e+02 6.5638397217e+02 6.5637799072e+02 6.5637701416e+02 6.5636999512e+02 6.5636199951e+02 6.5637402344e+02
6.5678802490e+02 6.5676800537e+02 6.5675897217e+02 6.5676501465e+02 6.5676300049e+02 6.5676098633e+02 6.5672497559e+02 6.5671002197e+02 6.5669598389e+02 6.5668798828e+02 6.5668200684e+02 6.5668103027e+02 6.5667297363e+02 6.5664697266e+02 6.5661199951e+02 6.5657897949e+02 6.5656201172e+02 6.5654302979e+02 6.5653002930e+02 6.5652899170e+02 6.5653100586e+02 6.5653601074e+02 6.5652197266e+02 6.5649401855e+02 6.5647802734e+02 6.5646997070e+02 6.5648602295e+02 6.5646899414e+02 6.5646002197e+02 6.5647100830e+02 6.5647998047e+02 6.5647497559e+02 6.5645898438e+02 6.5644897461e+02 6.5643402100e+02 6.5641601563e+02 6.5639099121e+02 6.5638201904e+02 6.5639099121e+02 6.5639099121e+02 6.5640197754e+02 6.5639202881e+02 6.5639202881e+02 6.5639001465e+02 6.5637097168e+02 6.5636401367e+02
6.5681799316e+02 6.5679901123e+02 6.5678698730e+02 6.5678497314e+02 6.5678497314e+02 6.5678399658e+02 6.5675097656e+02 6.5672497559e+02 6.5671099854e+02 6.5670397949e+02 6.5669097900e+02 6.5668902588e+02 6.5668701172e+02 6.5666497803e+02 6.5663598633e+02 6.5661602783e+02 6.5659600830e+02 6.5657202148e+02 6.5655902100e+02 6.5654302979e+02 6.5653900146e+02 6.5653900146e+02 6.5652197266e+02 6.5649700928e+02 6.5647900391e+02 6.5647100830e+02 6.5648797607e+02 6.5647900391e+02 6.5647601318e+02 6.5648901367e+02 6.5650799561e+02 6.5651000977e+02 6.5649401855e+02 6.5647998047e+02 6.5647198486e+02 6.5646197510e+02 6.5643902588e+02 6.5641998291e+02 6.5640399170e+02 6.5640002441e+02 6.5640600586e+02 6.5639202881e+02 6.5639599609e+02 6.5639898682e+02 6.5639398193e+02 6.5638500977e+02
6.5683099365e+02 6.5681097412e+02 6.5681799316e+02 6.5679400635e+02 6.5677001953e+02 6.5675799561e+02 6.5672998047e+02 6.5673498535e+02 6.5672100830e+02 6.5671099854e+02 6.5670898438e+02 6.5671197510e+02 6.5669799805e+02 6.5667102051e+02 6.5664697266e+02 6.5665802002e+02 6.5664202881e+02 6.5660498047e+02 6.5658001709e+02 6.5656597900e+02 6.5655798340e+02 6.5654998779e+02 6.5652600098e+02 6.5650402832e+02 6.5648101807e+02 6.5646997070e+02 6.5647601318e+02 6.5648901367e+02 6.5649700928e+02 6.5651300049e+02 6.5653100586e+02 6.5653698730e+02 6.5652899170e+02 6.5650701904e+02 6.5648699951e+02 6.5648498535e+02 6.5646002197e+02 6.5644500732e+02 6.5643298340e+02 6.5642401123e+02 6.5641900635e+02 6.5640502930e+02 6.5639801025e+02 6.5639697266e+02 6.5640399170e+02 6.5640002441e+02
6.5686102295e+02 6.5683599854e+02 6.5683197021e+02 6.5681701660e+02 6.5678802490e+02 6.5676501465e+02 6.5674499512e+02 6.5674700928e+02 6.5672998047e+02 6.5671099854e+02 6.5671502686e+02 6.5672399902e+02 6.5671600342e+02 6.5670001221e+02 6.5667999268e+02 6.5668103027e+02 6.5666198730e+02 6.5663500977e+02 6.5661499023e+02 6.5659600830e+02 6.5657702637e+02 6.5656097412e+02 6.5654699707e+02 6.5652899170e+02 6.5649700928e+02 6.5647998047e+02 6.5647802734e+02 6.5648999023e+02 6.5650701904e+02 6.5653002930e+02 6.5656097412e+02 6.5655999756e+02 6.5654901123e+02 6.5652301025e+02 6.5649401855e+02 6.5648999023e+02 6.5647601318e+02 6.5646398926e+02 6.5645098877e+02 6.5644201660e+02 6.5644299316e+02 6.5643298340e+02 6.5642297363e+02 6.5641101074e+02 6.5640698242e+02 6.5640002441e+02
6.5689202881e+02 6.5686297607e+02 6.5686401367e+02 6.5684899902e+02 6.5681701660e+02 6.5679797363e+02 6.5678399658e+02 6.5677301025e+02 6.5675402832e+02 6.5673498535e+02 6.5673199463e+02 6.5672497559e+02 6.5670800781e+02 6.5670800781e+02 6.5670300293e+02 6.5669702148e+02 6.5669097900e+02 6.5667199707e+02 6.5664501953e+02 6.5662500000e+02 6.5660198975e+02 6.5657897949e+02 6.5656298828e+02 6.5654400635e+02 6.5651599121e+02 6.5650299072e+02 6.5650799561e+02 6.5651599121e+02 6.5652899170e+02 6.5655297852e+02 6.5658398438e+02 6.5658502197e+02 6.5656701660e+02 6.5653601074e+02 6.5650598145e+02 6.5650701904e+02 6.5649597168e+02 6.5648297119e+02 6.5646899414e+02 6.5645697021e+02 6.5645397949e+02 6.5644897461e+02 6.5645397949e+02 6.5643298340e+02 6.5642297363e+02 6.5641400146e+02
6.5690997314e+02 6.5687200928e+02 6.5687902832e+02 6.5686798096e+02 6.5684100342e+02 6.5683197021e+02 6.5682397461e+02 6.5680102539e+02 6.5677899170e+02 6.5675598145e+02 6.5674401855e+02 6.5673199463e+02 6.5670599365e+02 6.5670300293e+02 6.5671002197e+02 6.5670800781e+02 6.5672198486e+02 6.5671301270e+02 6.5667102051e+02 6.5664501953e+02 6.5662597656e+02 6.5659997559e+02 6.5657800293e+02 6.5656201172e+02 6.5654400635e+02 6.5653497314e+02 6.5653698730e+02 6.5653802490e+02 6.5653997803e+02 6.5655902100e+02 6.5658197021e+02 6.5659100342e+02 6.5656799316e+02 6.5653698730e+02 6.5651800537e+02 6.5651599121e+02 6.5650598145e+02 6.5649798584e+02 6.5648797607e+02 6.5647900391e+02 6.5647100830e+02 6.5646600342e+02 6.5647497559e+02 6.5644396973e+02 6.5642901611e+02 6.5642297363e+02
6.5691802979e+02 6.5689202881e+02 6.5687701416e+02 6.5687500000e+02 6.5687097168e+02 6.5686798096e+02 6.5685302734e+02 6.5683398438e+02 6.5680297852e+02 6.5677301025e+02 6.5675201416e+02 6.5675000000e+02 6.5674401855e+02 6.5672998047e+02 6.5671697998e+02 6.5670397949e+02 6.5672399902e+02 6.5673199463e+02 6.5668701172e+02 6.5664801025e+02 6.5663299561e+02 6.5661700439e+02 6.5659802246e+02 6.5659100342e+02 6.5658398438e+02 6.5657397461e+02 6.5655200195e+02 6.5655499268e+02 6.5655499268e+02 6.5656298828e+02 6.5658697510e+02 6.5657800293e+02 6.5656097412e+02 6.5653497314e+02 6.5651898193e+02 6.5652398682e+02 6.5651300049e+02 6.5650402832e+02 6.5649597168e+02 6.5649700928e+02 6.5648498535e+02 6.5647100830e+02 6.5646099854e+02 6.5645098877e+02 6.5643103027e+02 6.5642498779e+02
6.5695697021e+02 6.5691601563e+02 6.5688800049e+02 6.5688397217e+02 6.5690502930e+02 6.5691601563e+02 6.5688897705e+02 6.5685998535e+02 6.5681896973e+02 6.5678900146e+02 6.5676300049e+02 6.5675897217e+02 6.5676898193e+02 6.5675598145e+02 6.5673400879e+02 6.5670501709e+02 6.5672802734e+02 6.5675000000e+02 6.5671997070e+02 6.5667901611e+02 6.5664898682e+02 6.5664001465e+02 6.5663299561e+02 6.5662701416e+02 6.5661602783e+02 6.5659997559e+02 6.5658801270e+02 6.5658898926e+02 6.5658697510e+02 6.5657800293e+02 6.5657397461e+02 6.5656201172e+02 6.5655499268e+02 6.5653900146e+02 6.5651202393e+02 6.5652502441e+02 6.5651300049e+02 6.5651300049e+02 6.5651000977e+02 6.5649902344e+02 6.5648699951e+02 6.5648101807e+02 6.5647302246e+02 6.5646600342e+02 6.5645898438e+02 6.5646002197e+02
6.5699298096e+02 6.5694799805e+02 6.5692199707e+02 6.5689599609e+02 6.5691101074e+02 6.5693298340e+02 6.5690997314e+02 6.5687500000e+02 6.5683197021e+02 6.5681298828e+02 6.5678997803e+02 6.5677899170e+02 6.5677600098e+02 6.5676599121e+02 6.5677099609e+02 6.5674700928e+02 6.5674200439e+02 6.5675402832e+02 6.5674401855e+02 6.5670697021e+02 6.5668200684e+02 6.5668103027e+02 6.5666900635e+02 6.5666601563e+02 6.5665399170e+02 6.5663299561e+02 6.5662597656e+02 6.5662402344e+02 6.5661602783e+02 6.5659802246e+02 6.5658099365e+02 6.5656701660e+02 6.5656298828e+02 6.5655700684e+02 6.5653198242e+02 6.5653198242e+02 6.5651800537e+02 6.5652301025e+02 6.5651800537e+02 6.5649798584e+02 6.5649200439e+02 6.5649102783e+02 6.5647998047e+02 6.5647601318e+02 6.5647900391e+02 6.5648101807e+02
6.5701599121e+02 6.5697399902e+02 6.5695300293e+02 6.5690698242e+02 6.5690002441e+02 6.5692797852e+02 6.5691400146e+02 6.5687597656e+02 6.5683300781e+02 6.5682501221e+02 6.5682098389e+02 6.5682000732e+02 6.5681097412e+02 6.5679998779e+02 6.5680401611e+02 6.5678997803e+02 6.5676202393e+02 6.5674499512e+02 6.5673699951e+02 6.5671197510e+02 6.5670599365e+02 6.5671801758e+02 6.5670300293e+02 6.5670202637e+02 6.5669396973e+02 6.5666900635e+02 6.5665399170e+02 6.5664501953e+02 6.5663598633e+02 6.5662200928e+02 6.5660797119e+02 6.5658001709e+02 6.5656500244e+02 6.5656500244e+02 6.5655902100e+02 6.5654199219e+02 6.5652001953e+02 6.5651501465e+02 6.5652197266e+02 6.5650799561e+02 6.5650201416e+02 6.5650201416e+02 6.5650201416e+02 6.5649499512e+02 6.5649102783e+02 6.5648602295e+02
6.5704498291e+02 6.5698901367e+02 6.5695599365e+02 6.5693298340e+02 6.5691101074e+02 6.5691802979e+02 6.5690802002e+02 6.5688598633e+02 6.5685400391e+02 6.5684997559e+02 6.5686297607e+02 6.5687902832e+02 6.5687500000e+02 6.5685797119e+02 6.5682397461e+02 6.5680200195e+02 6.5678198242e+02 6.5675701904e+02 6.5673199463e+02 6.5672100830e+02 6.5673199463e+02 6.5673498535e+02 6.5670898438e+02 6.5670599365e+02 6.5670098877e+02 6.5667797852e+02 6.5666400146e+02 6.5665600586e+02 6.5663598633e+02 6.5662200928e+02 6.5661297607e+02 6.5659197998e+02 6.5657397461e+02 6.5656298828e+02 6.5654797363e+02 6.5655102539e+02 6.5652801514e+02 6.5651397705e+02 6.5652197266e+02 6.5651599121e+02 6.5652502441e+02 6.5652398682e+02 6.5651501465e+02 6.5651098633e+02 6.5649597168e+02 6.5648297119e+02
6.5709497070e+02 6.5703997803e+02 6.5699798584e+02 6.5696697998e+02 6.5694201660e+02 6.5693402100e+02 6.5692401123e+02 6.5690399170e+02 6.5688897705e+02 6.5689898682e+02 6.5691101074e+02 6.5691998291e+02 6.5691101074e+02 6.5689697266e+02 6.5685498047e+02 6.5680297852e+02 6.5678399658e+02 6.5676898193e+02 6.5674298096e+02 6.5673699951e+02 6.5674798584e+02 6.5674102783e+02 6.5671398926e+02 6.5670202637e+02 6.5670098877e+02 6.5668103027e+02 6.5667199707e+02 6.5666802979e+02 6.5665802002e+02 6.5663598633e+02 6.5663098145e+02 6.5660498047e+02 6.5657702637e+02 6.5657000732e+02 6.5655401611e+02 6.5654998779e+02 6.5653601074e+02 6.5653601074e+02 6.5653698730e+02 6.5651702881e+02 6.5652600098e+02 6.5653802490e+02 6.5653198242e+02 6.5651300049e+02 6.5649902344e+02 6.5649700928e+02
6.5714801025e+02 6.5709600830e+02 6.5705200195e+02 6.5700701904e+02 6.5697302246e+02 6.5694799805e+02 6.5693902588e+02 6.5692901611e+02 6.5692102051e+02 6.5692901611e+02 6.5693103027e+02 6.5694000244e+02 6.5692498779e+02 6.5690600586e+02 6.5687200928e+02 6.5682202148e+02 6.5680902100e+02 6.5679998779e+02 6.5676800537e+02 6.5675897217e+02 6.5675000000e+02 6.5672601318e+02 6.5671697998e+02 6.5670300293e+02 6.5669396973e+02 6.5667999268e+02 6.5668298340e+02 6.5667700195e+02 6.5667498779e+02 6.5665997314e+02 6.5664801025e+02 6.5661700439e+02 6.5658801270e+02 6.5658502197e+02 6.5657098389e+02 6.5657000732e+02 6.5655902100e+02 6.5656701660e+02 6.5657598877e+02 6.5655700684e+02 6.5655200195e+02 6.5654797363e+02 6.5654901123e+02 6.5652502441e+02 6.5650701904e+02 6.5650701904e+02
6.5721002197e+02 6.5715802002e+02 6.5710302734e+02 6.5704901123e+02 6.5701000977e+02 6.5697802734e+02 6.5695501709e+02 6.5695599365e+02 6.5695300293e+02 6.5694299316e+02 6.5693200684e+02 6.5694201660e+02 6.5692401123e+02 6.5689898682e+02 6.5687799072e+02 6.5685302734e+02 6.5685101318e+02 6.5684100342e+02 6.5680102539e+02 6.5678302002e+02 6.5674499512e+02 6.5670001221e+02 6.5670898438e+02 6.5671197510e+02 6.5670098877e+02 6.5668902588e+02 6.5669097900e+02 6.5668103027e+02 6.5667498779e+02 6.5667401123e+02 6.5666699219e+02 6.5662701416e+02 6.5660900879e+02 6.5661102295e+02 6.5658398438e+02 6.5658099365e+02 6.5658502197e+02 6.5660101318e+02 6.5661297607e+02 6.5659497070e+02 6.5658197021e+02 6.5656701660e+02 6.5655902100e+02 6.5654101563e+02 6.5652697754e+02 6.5651898193e+02
