TESTSERVER/13/6.asc
NCOLS 100
NROWS 100
XLLCORNER 8.1497500000e+03
YLLCORNER 2.8965025000e+05
CELLSIZE 5.0000000000e-01
NODATA_VALUE -9.9990000000e+03
[rows 40 to 59 of 100, columns 0 to 45 of 100]
6.5839501953e+02 6.5840698242e+02 6.5841900635e+02 6.5842199707e+02 6.5844097900e+02 6.5841998291e+02 6.5841802979e+02 6.5843298340e+02 6.5845898438e+02 6.5844897461e+02 6.5844702148e+02 6.5846899414e+02 6.5849499512e+02 6.5847497559e+02 6.5846997070e+02 6.5847497559e+02 6.5847698975e+02 6.5847399902e+02 6.5847900391e+02 6.5847998047e+02 6.5846398926e+02 6.5847900391e+02 6.5848297119e+02 6.5849200439e+02 6.5851202393e+02 6.5848999023e+02 6.5848297119e+02 6.5848699951e+02 6.5848297119e+02 6.5848602295e+02 6.5848400879e+02 6.5847497559e+02 6.5847601318e+02 6.5849499512e+02 6.5850201416e+02 6.5851000977e+02 6.5850897217e+02 6.5851098633e+02 6.5851599121e+02 6.5851898193e+02 6.5853601074e+02 6.5852197266e+02 6.5851702881e+02 6.5851599121e+02 6.5850897217e+02 6.5851599121e+02
6.5839501953e+02 6.5840502930e+02 6.5841802979e+02 6.5841699219e+02 6.5842700195e+02 6.5841101074e+02 6.5840698242e+02 6.5841198730e+02 6.5844299316e+02 6.5845697021e+02 6.5846099854e+02 6.5846899414e+02 6.5847399902e+02 6.5847302246e+02 6.5848199463e+02 6.5848400879e+02 6.5847601318e+02 6.5846899414e+02 6.5847698975e+02 6.5847601318e+02 6.5846301270e+02 6.5847998047e+02 6.5848797607e+02 6.5848999023e+02 6.5850201416e+02 6.5848797607e+02 6.5848602295e+02 6.5849597168e+02 6.5848901367e+02 6.5848699951e+02 6.5849200439e+02 6.5849798584e+02 6.5849902344e+02 6.5850299072e+02 6.5850799561e+02 6.5852197266e+02 6.5851501465e+02 6.5850701904e+02 6.5850402832e+02 6.5850598145e+02 6.5852801514e+02 6.5852301025e+02 6.5851800537e+02 6.5851599121e+02 6.5851300049e+02 6.5852301025e+02
6.5840197754e+02 6.5840600586e+02 6.5841101074e+02 6.5840698242e+02 6.5841302490e+02 6.5840100098e+02 6.5840698242e+02 6.5841302490e+02 6.5842797852e+02 6.5844396973e+02 6.5845397949e+02 6.5845697021e+02 6.5845599365e+02 6.5846002197e+02 6.5846899414e+02 6.5847900391e+02 6.5847302246e+02 6.5846697998e+02 6.5847998047e+02 6.5848797607e+02 6.5847698975e+02 6.5848999023e+02 6.5849401855e+02 6.5848498535e+02 6.5847900391e+02 6.5847601318e+02 6.5848199463e+02 6.5849200439e+02 6.5848999023e+02 6.5848602295e+02 6.5849700928e+02 6.5851800537e+02 6.5851599121e+02 6.5851000977e+02 6.5851098633e+02 6.5851800537e+02 6.5851702881e+02 6.5851599121e+02 6.5851202393e+02 6.5850799561e+02 6.5852398682e+02 6.5852801514e+02 6.5853198242e+02 6.5853100586e+02 6.5852398682e+02 6.5852301025e+02
6.5840197754e+02 6.5840002441e+02 6.5839202881e+02 6.5838897705e+02 6.5840399170e+02 6.5839898682e+02 6.5841497803e+02 6.5842901611e+02 6.5842797852e+02 6.5843701172e+02 6.5844299316e+02 6.5844702148e+02 6.5846099854e+02 6.5845697021e+02 6.5844500732e+02 6.5845202637e+02 6.5845898438e+02 6.5845898438e+02 6.5847698975e+02 6.5849200439e+02 6.5848602295e+02 6.5849597168e+02 6.5850299072e+02 6.5849401855e+02 6.5847601318e+02 6.5847998047e+02 6.5848797607e+02 6.5848699951e+02 6.5848901367e+02 6.5848400879e+02 6.5849401855e+02 6.5851501465e+02 6.5851702881e+02 6.5851599121e+02 6.5851501465e+02 6.5851599121e+02 6.5851599121e+02 6.5851501465e+02 6.5852197266e+02 6.5852600098e+02 6.5853900146e+02 6.5853399658e+02 6.5853497314e+02 6.5853497314e+02 6.5853698730e+02 6.5852801514e+02
6.5838800049e+02 6.5839398193e+02 6.5838897705e+02 6.5838702393e+02 6.5839697266e+02 6.5840100098e+02 6.5841400146e+02 6.5842700195e+02 6.5843597412e+02 6.5845098877e+02 6.5845202637e+02 6.5845800781e+02 6.5847601318e+02 6.5846697998e+02 6.5844500732e+02 6.5845599365e+02 6.5846301270e+02 6.5846002197e+02 6.5846899414e+02 6.5847601318e+02 6.5847198486e+02 6.5848602295e+02 6.5849499512e+02 6.5849200439e+02 6.5848699951e+02 6.5850897217e+02 6.5850201416e+02 6.5847900391e+02 6.5848297119e+02 6.5849102783e+02 6.5850701904e+02 6.5851300049e+02 6.5850897217e+02 6.5851501465e+02 6.5851501465e+02 6.5851702881e+02 6.5851599121e+02 6.5850799561e+02 6.5851702881e+02 6.5852801514e+02 6.5854602051e+02 6.5854602051e+02 6.5853698730e+02 6.5852899170e+02 6.5853399658e+02 6.5853601074e+02
6.5838201904e+02 6.5839001465e+02 6.5839300537e+02 6.5839202881e+02 6.5841400146e+02 6.5841400146e+02 6.5841601563e+02 6.5842102051e+02 6.5842901611e+02 6.5844598389e+02 6.5845098877e+02 6.5845599365e+02 6.5846697998e+02 6.5846099854e+02 6.5845501709e+02 6.5847100830e+02 6.5846801758e+02 6.5846697998e+02 6.5847198486e+02 6.5847302246e+02 6.5846899414e+02 6.5848699951e+02 6.5848699951e+02 6.5847302246e+02 6.5848199463e+02 6.5850000000e+02 6.5849102783e+02 6.5848602295e+02 6.5850299072e+02 6.5850000000e+02 6.5850598145e+02 6.5851000977e+02 6.5851397705e+02 6.5851800537e+02 6.5851898193e+02 6.5852001953e+02 6.5851898193e+02 6.5851501465e+02 6.5852099609e+02 6.5852502441e+02 6.5853802490e+02 6.5854498291e+02 6.5853900146e+02 6.5854199219e+02 6.5854602051e+02 6.5853802490e+02
6.5838800049e+02 6.5839202881e+02 6.5839398193e+02 6.5839697266e+02 6.5842297363e+02 6.5841400146e+02 6.5841302490e+02 6.5842297363e+02 6.5843499756e+02 6.5844299316e+02 6.5844000244e+02 6.5844299316e+02 6.5845599365e+02 6.5845501709e+02 6.5845501709e+02 6.5846899414e+02 6.5846697998e+02 6.5846697998e+02 6.5847698975e+02 6.5847998047e+02 6.5846502686e+02 6.5847497559e+02 6.5847900391e+02 6.5847399902e+02 6.5848400879e+02 6.5848797607e+02 6.5848602295e+02 6.5849700928e+02 6.5851202393e+02 6.5850598145e+02 6.5850799561e+02 6.5851599121e+02 6.5851702881e+02 6.5852099609e+02 6.5852197266e+02 6.5852301025e+02 6.5852301025e+02 6.5852600098e+02 6.5853399658e+02 6.5853302002e+02 6.5853802490e+02 6.5853900146e+02 6.5852697754e+02 6.5852801514e+02 6.5853399658e+02 6.5853100586e+02
6.5839300537e+02 6.5839801025e+02 6.5840301514e+02 6.5840997314e+02 6.5842401123e+02 6.5841101074e+02 6.5841302490e+02 6.5842901611e+02 6.5843597412e+02 6.5843798828e+02 6.5844299316e+02 6.5845001221e+02 6.5845397949e+02 6.5844500732e+02 6.5843798828e+02 6.5845098877e+02 6.5845898438e+02 6.5845501709e+02 6.5846301270e+02 6.5846997070e+02 6.5845501709e+02 6.5845800781e+02 6.5847100830e+02 6.5847698975e+02 6.5849298096e+02 6.5849499512e+02 6.5849102783e+02 6.5849401855e+02 6.5850402832e+02 6.5850799561e+02 6.5851501465e+02 6.5852301025e+02 6.5851898193e+02 6.5852398682e+02 6.5852502441e+02 6.5852600098e+02 6.5852398682e+02 6.5852301025e+02 6.5853601074e+02 6.5854498291e+02 6.5854199219e+02 6.5853497314e+02 6.5852197266e+02 6.5851599121e+02 6.5852001953e+02 6.5852899170e+02
6.5839501953e+02 6.5838897705e+02 6.5839898682e+02 6.5841302490e+02 6.5843103027e+02 6.5842102051e+02 6.5841900635e+02 6.5843298340e+02 6.5843402100e+02 6.5843402100e+02 6.5844201660e+02 6.5844500732e+02 6.5844598389e+02 6.5844396973e+02 6.5844097900e+02 6.5845397949e+02 6.5846502686e+02 6.5845202637e+02 6.5845501709e+02 6.5846600342e+02 6.5846801758e+02 6.5846502686e+02 6.5847601318e+02 6.5848199463e+02 6.5848901367e+02 6.5849597168e+02 6.5848101807e+02 6.5847302246e+02 6.5848999023e+02 6.5849499512e+02 6.5850402832e+02 6.5851599121e+02 6.5852001953e+02 6.5852899170e+02 6.5852801514e+02 6.5852502441e+02 6.5851702881e+02 6.5851599121e+02 6.5852697754e+02 6.5854101563e+02 6.5854498291e+02 6.5854101563e+02 6.5853802490e+02 6.5852502441e+02 6.5852301025e+02 6.5853399658e+02
6.5838897705e+02 6.5839697266e+02 6.5841198730e+02 6.5841497803e+02 6.5842498779e+02 6.5842602539e+02 6.5841699219e+02 6.5843103027e+02 6.5844299316e+02 6.5843402100e+02 6.5842999268e+02 6.5842700195e+02 6.5843499756e+02 6.5843902588e+02 6.5843402100e+02 6.5844500732e+02 6.5845800781e+02 6.5845001221e+02 6.5845397949e+02 6.5846398926e+02 6.5847302246e+02 6.5847698975e+02 6.5848101807e+02 6.5847802734e+02 6.5846899414e+02 6.5847399902e+02 6.5846502686e+02 6.5846398926e+02 6.5848498535e+02 6.5848999023e+02 6.5849902344e+02 6.5851599121e+02 6.5851702881e+02 6.5852899170e+02 6.5852301025e+02 6.5851702881e+02 6.5851702881e+02 6.5851898193e+02 6.5852899170e+02 6.5852899170e+02 6.5852697754e+02 6.5853100586e+02 6.5852801514e+02 6.5852099609e+02 6.5852301025e+02 6.5853698730e+02
6.5838397217e+02 6.5839398193e+02 6.5840502930e+02 6.5840802002e+02 6.5841601563e+02 6.5841900635e+02 6.5841101074e+02 6.5842602539e+02 6.5844000244e+02 6.5842498779e+02 6.5841900635e+02 6.5841900635e+02 6.5842498779e+02 6.5843597412e+02 6.5842999268e+02 6.5843701172e+02 6.5844702148e+02 6.5844396973e+02 6.5845098877e+02 6.5845501709e+02 6.5846398926e+02 6.5846502686e+02 6.5846997070e+02 6.5847198486e+02 6.5846997070e+02 6.5847900391e+02 6.5847497559e+02 6.5847900391e+02 6.5848498535e+02 6.5848101807e+02 6.5848999023e+02 6.5850701904e+02 6.5852099609e+02 6.5854302979e+02 6.5852502441e+02 6.5851599121e+02 6.5852502441e+02 6.5853302002e+02 6.5854199219e+02 6.5853302002e+02 6.5852600098e+02 6.5853997803e+02 6.5853399658e+02 6.5853100586e+02 6.5853399658e+02 6.5854199219e+02
6.5837500000e+02 6.5837298584e+02 6.5837402344e+02 6.5838299561e+02 6.5840197754e+02 6.5840997314e+02 6.5841101074e+02 6.5842199707e+02 6.5843200684e+02 6.5842498779e+02 6.5841601563e+02 6.5841302490e+02 6.5841601563e+02 6.5843298340e+02 6.5843200684e+02 6.5843701172e+02 6.5844299316e+02 6.5844500732e+02 6.5845501709e+02 6.5845202637e+02 6.5845898438e+02 6.5845501709e+02 6.5846002197e+02 6.5847100830e+02 6.5847302246e+02 6.5847802734e+02 6.5848101807e+02 6.5848797607e+02 6.5847802734e+02 6.5847302246e+02 6.5848498535e+02 6.5849597168e+02 6.5851397705e+02 6.5853802490e+02 6.5853100586e+02 6.5852502441e+02 6.5852398682e+02 6.5853198242e+02 6.5853900146e+02 6.5853302002e+02 6.5853100586e+02 6.5854699707e+02 6.5854602051e+02 6.5854199219e+02 6.5854101563e+02 6.5855297852e+02
6.5835498047e+02 6.5834899902e+02 6.5835498047e+02 6.5837500000e+02 6.5840100098e+02 6.5840802002e+02 6.5841101074e+02 6.5840997314e+02 6.5841198730e+02 6.5841302490e+02 6.5841198730e+02 6.5841101074e+02 6.5840197754e+02 6.5840698242e+02 6.5841998291e+02 6.5843200684e+02 6.5843902588e+02 6.5845098877e+02 6.5846002197e+02 6.5845300293e+02 6.5845898438e+02 6.5846600342e+02 6.5846502686e+02 6.5846600342e+02 6.5847601318e+02 6.5847198486e+02 6.5847698975e+02 6.5848400879e+02 6.5847900391e+02 6.5848400879e+02 6.5850097656e+02 6.5850000000e+02 6.5850500488e+02 6.5851599121e+02 6.5851898193e+02 6.5853002930e+02 6.5852502441e+02 6.5852801514e+02 6.5853002930e+02 6.5853302002e+02 6.5853802490e+02 6.5854901123e+02 6.5855999756e+02 6.5856201172e+02 6.5855999756e+02 6.5856402588e+02
6.5834100342e+02 6.5834899902e+02 6.5836102295e+02 6.5838098145e+02 6.5840399170e+02 6.5840698242e+02 6.5839898682e+02 6.5839001465e+02 6.5838702393e+02 6.5839697266e+02 6.5840301514e+02 6.5840802002e+02 6.5840502930e+02 6.5839501953e+02 6.5840802002e+02 6.5842102051e+02 6.5843103027e+02 6.5843402100e+02 6.5845098877e+02 6.5845098877e+02 6.5844799805e+02 6.5846398926e+02 6.5847399902e+02 6.5846899414e+02 6.5846697998e+02 6.5846502686e+02 6.5846801758e+02 6.5847601318e+02 6.5848297119e+02 6.5849102783e+02 6.5850299072e+02 6.5850799561e+02 6.5851501465e+02 6.5851599121e+02 6.5850598145e+02 6.5851098633e+02 6.5851800537e+02 6.5852600098e+02 6.5852801514e+02 6.5853302002e+02 6.5853399658e+02 6.5854901123e+02 6.5854602051e+02 6.5854901123e+02 6.5855200195e+02 6.5854901123e+02
6.5832000732e+02 6.5833398438e+02 6.5834899902e+02 6.5836102295e+02 6.5838098145e+02 6.5839599609e+02 6.5839300537e+02 6.5838299561e+02 6.5838098145e+02 6.5839398193e+02 6.5839501953e+02 6.5839398193e+02 6.5840002441e+02 6.5839501953e+02 6.5840600586e+02 6.5842297363e+02 6.5843597412e+02 6.5842602539e+02 6.5843798828e+02 6.5843597412e+02 6.5842901611e+02 6.5844598389e+02 6.5846099854e+02 6.5845697021e+02 6.5845800781e+02 6.5846600342e+02 6.5846197510e+02 6.5846502686e+02 6.5847601318e+02 6.5848602295e+02 6.5849401855e+02 6.5850000000e+02 6.5850402832e+02 6.5850799561e+02 6.5849298096e+02 6.5849597168e+02 6.5851202393e+02 6.5851599121e+02 6.5851800537e+02 6.5852600098e+02 6.5852899170e+02 6.5855499268e+02 6.5854302979e+02 6.5853399658e+02 6.5854602051e+02 6.5854797363e+02
6.5830499268e+02 6.5832000732e+02 6.5833197021e+02 6.5833801270e+02 6.5835498047e+02 6.5837597656e+02 6.5838098145e+02 6.5837402344e+02 6.5837402344e+02 6.5838000488e+02 6.5838397217e+02 6.5839099121e+02 6.5839300537e+02 6.5839599609e+02 6.5840997314e+02 6.5842297363e+02 6.5842700195e+02 6.5841900635e+02 6.5842999268e+02 6.5841998291e+02 6.5841400146e+02 6.5843597412e+02 6.5844799805e+02 6.5844598389e+02 6.5845202637e+02 6.5846197510e+02 6.5846600342e+02 6.5847100830e+02 6.5848101807e+02 6.5848297119e+02 6.5848602295e+02 6.5849499512e+02 6.5849902344e+02 6.5849700928e+02 6.5848498535e+02 6.5848797607e+02 6.5850598145e+02 6.5851599121e+02 6.5852099609e+02 6.5853002930e+02 6.5853900146e+02 6.5855902100e+02 6.5855401611e+02 6.5854998779e+02 6.5855700684e+02 6.5856097412e+02
6.5829602051e+02 6.5831298828e+02 6.5832098389e+02 6.5832501221e+02 6.5834002686e+02 6.5834399414e+02 6.5835101318e+02 6.5835601807e+02 6.5836499023e+02 6.5836901855e+02 6.5838397217e+02 6.5839599609e+02 6.5839202881e+02 6.5839697266e+02 6.5840698242e+02 6.5841497803e+02 6.5841601563e+02 6.5841900635e+02 6.5841699219e+02 6.5840600586e+02 6.5841198730e+02 6.5842700195e+02 6.5842901611e+02 6.5843298340e+02 6.5844598389e+02 6.5845800781e+02 6.5847100830e+02 6.5847698975e+02 6.5847198486e+02 6.5846697998e+02 6.5846997070e+02 6.5848602295e+02 6.5850000000e+02 6.5848101807e+02 6.5847698975e+02 6.5849200439e+02 6.5850701904e+02 6.5851397705e+02 6.5852398682e+02 6.5853198242e+02 6.5853900146e+02 6.5854199219e+02 6.5854901123e+02 6.5855700684e+02 6.5855102539e+02 6.5856597900e+02
6.5827398682e+02 6.5828802490e+02 6.5829602051e+02 6.5831201172e+02 6.5832800293e+02 6.5832702637e+02 6.5832800293e+02 6.5833300781e+02 6.5834002686e+02 6.5835101318e+02 6.5836102295e+02 6.5836602783e+02 6.5837500000e+02 6.5838800049e+02 6.5838598633e+02 6.5839501953e+02 6.5841101074e+02 6.5841900635e+02 6.5842102051e+02 6.5841802979e+02 6.5841802979e+02 6.5841900635e+02 6.5842401123e+02 6.5843701172e+02 6.5844598389e+02 6.5845800781e+02 6.5846301270e+02 6.5845800781e+02 6.5845098877e+02 6.5845501709e+02 6.5845800781e+02 6.5846801758e+02 6.5846801758e+02 6.5846301270e+02 6.5846801758e+02 6.5848901367e+02 6.5850799561e+02 6.5851098633e+02 6.5851800537e+02 6.5853302002e+02 6.5853900146e+02 6.5853399658e+02 6.5854199219e+02 6.5855499268e+02 6.5855102539e+02 6.5855902100e+02
6.5826098633e+02 6.5826800537e+02 6.5827099609e+02 6.5829199219e+02 6.5831799316e+02 6.5831799316e+02 6.5831799316e+02 6.5832598877e+02 6.5833398438e+02 6.5834002686e+02 6.5834002686e+02 6.5833898926e+02 6.5834600830e+02 6.5835900879e+02 6.5835797119e+02 6.5837701416e+02 6.5840100098e+02 6.5840600586e+02 6.5840698242e+02 6.5841400146e+02 6.5842401123e+02 6.5842401123e+02 6.5843798828e+02 6.5845098877e+02 6.5844201660e+02 6.5844702148e+02 6.5845397949e+02 6.5844702148e+02 6.5844000244e+02 6.5844396973e+02 6.5844598389e+02 6.5845898438e+02 6.5846398926e+02 6.5846301270e+02 6.5846801758e+02 6.5847802734e+02 6.5849401855e+02 6.5850701904e+02 6.5851898193e+02 6.5853997803e+02 6.5854602051e+02 6.5854101563e+02 6.5854400635e+02 6.5855603027e+02 6.5856097412e+02 6.5856896973e+02
6.5823999023e+02 6.5825000000e+02 6.5825299072e+02 6.5826898193e+02 6.5828497314e+02 6.5829400635e+02 6.5830102539e+02 6.5831500244e+02 6.5832897949e+02 6.5833099365e+02 6.5832897949e+02 6.5833099365e+02 6.5833599854e+02 6.5834802246e+02 6.5834698486e+02 6.5836700439e+02 6.5838598633e+02 6.5839697266e+02 6.5839801025e+02 6.5840600586e+02 6.5842102051e+02 6.5842498779e+02 6.5844097900e+02 6.5845202637e+02 6.5844097900e+02 6.5844097900e+02 6.5845098877e+02 6.5844897461e+02 6.5844598389e+02 6.5844201660e+02 6.5844299316e+02 6.5845800781e+02 6.5846697998e+02 6.5846600342e+02 6.5847497559e+02 6.5847198486e+02 6.5848101807e+02 6.5849700928e+02 6.5851000977e+02 6.5853100586e+02 6.5853698730e+02 6.5854797363e+02 6.5854498291e+02 6.5854998779e+02 6.5856097412e+02 6.5857000732e+02
