TESTSERVER/13/7.asc
NCOLS 100
NROWS 100
XLLCORNER 8.1497500000e+03
YLLCORNER 2.8960025000e+05
CELLSIZE 5.0000000000e-01
NODATA_VALUE -9.9990000000e+03
[rows 20 to 39 of 100, columns 46 to 91 of 100]
6.5616998291e+02 6.5618499756e+02 6.5620001221e+02 6.5621899414e+02 6.5622900391e+02 6.5625701904e+02 6.5628002930e+02 6.5629602051e+02 6.5632000732e+02 6.5633801270e+02 6.5635601807e+02 6.5638500977e+02 6.5641497803e+02 6.5644299316e+02 6.5646697998e+02 6.5648498535e+02 6.5651501465e+02 6.5654901123e+02 6.5657598877e+02 6.5660198975e+02 6.5663098145e+02 6.5667199707e+02 6.5670501709e+02 6.5671899414e+02 6.5675097656e+02 6.5679101563e+02 6.5680700684e+02 6.5684497070e+02 6.5689099121e+02 6.5691302490e+02 6.5694500732e+02 6.5696801758e+02 6.5700097656e+02 6.5704199219e+02 6.5708697510e+02 6.5711602783e+02 6.5714398193e+02 6.5717297363e+02 6.5720300293e+02 6.5723400879e+02 6.5728302002e+02 6.5732800293e+02 6.5734197998e+02 6.5736798096e+02 6.5740899658e+02 6.5745098877e+02
6.5608599854e+02 6.5611297607e+02 6.5614398193e+02 6.5616802979e+02 6.5617700195e+02 6.5619702148e+02 6.5621997070e+02 6.5623699951e+02 6.5626202393e+02 6.5628497314e+02 6.5631097412e+02 6.5632800293e+02 6.5634997559e+02 6.5637402344e+02 6.5640502930e+02 6.5642602539e+02 6.5645697021e+02 6.5648498535e+02 6.5650402832e+02 6.5653497314e+02 6.5656097412e+02 6.5659100342e+02 6.5661602783e+02 6.5664300537e+02 6.5667999268e+02 6.5673101807e+02 6.5675598145e+02 6.5678100586e+02 6.5682202148e+02 6.5684600830e+02 6.5688299561e+02 6.5690399170e+02 6.5692602539e+02 6.5696197510e+02 6.5700598145e+02 6.5703002930e+02 6.5706799316e+02 6.5710101318e+02 6.5712402344e+02 6.5715100098e+02 6.5720001221e+02 6.5725500488e+02 6.5728002930e+02 6.5730999756e+02 6.5734100342e+02 6.5738800049e+02
6.5600000000e+02 6.5602801514e+02 6.5606799316e+02 6.5611297607e+02 6.5613000488e+02 6.5614898682e+02 6.5617498779e+02 6.5619299316e+02 6.5621301270e+02 6.5623699951e+02 6.5626098633e+02 6.5627801514e+02 6.5629602051e+02 6.5631298828e+02 6.5634301758e+02 6.5636499023e+02 6.5639801025e+02 6.5641699219e+02 6.5643298340e+02 6.5646997070e+02 6.5650097656e+02 6.5653198242e+02 6.5655102539e+02 6.5657897949e+02 6.5660400391e+02 6.5665197754e+02 6.5669396973e+02 6.5673101807e+02 6.5676501465e+02 6.5677197266e+02 6.5680200195e+02 6.5683300781e+02 6.5686602783e+02 6.5689501953e+02 6.5692102051e+02 6.5694598389e+02 6.5698602295e+02 6.5702600098e+02 6.5705499268e+02 6.5709399414e+02 6.5713897705e+02 6.5717700195e+02 6.5720202637e+02 6.5723400879e+02 6.5727301025e+02 6.5732299805e+02
6.5591497803e+02 6.5593798828e+02 6.5597302246e+02 6.5602502441e+02 6.5605700684e+02 6.5609301758e+02 6.5612402344e+02 6.5615600586e+02 6.5617102051e+02 6.5618499756e+02 6.5619396973e+02 6.5621502686e+02 6.5623797607e+02 6.5625701904e+02 6.5628900146e+02 6.5630603027e+02 6.5633099365e+02 6.5634497070e+02 6.5635998535e+02 6.5640197754e+02 6.5644500732e+02 6.5647198486e+02 6.5648797607e+02 6.5652099609e+02 6.5654400635e+02 6.5657702637e+02 6.5661297607e+02 6.5666302490e+02 6.5669500732e+02 6.5669396973e+02 6.5672198486e+02 6.5675701904e+02 6.5680401611e+02 6.5684002686e+02 6.5685302734e+02 6.5687200928e+02 6.5690197754e+02 6.5693103027e+02 6.5696801758e+02 6.5701702881e+02 6.5706896973e+02 6.5710302734e+02 6.5713299561e+02 6.5716198730e+02 6.5720800781e+02 6.5725000000e+02
6.5585198975e+02 6.5587597656e+02 6.5591497803e+02 6.5592602539e+02 6.5596697998e+02 6.5602001953e+02 6.5604797363e+02 6.5609997559e+02 6.5611602783e+02 6.5611901855e+02 6.5614300537e+02 6.5615100098e+02 6.5618298340e+02 6.5621002197e+02 6.5623699951e+02 6.5625000000e+02 6.5627301025e+02 6.5629901123e+02 6.5631097412e+02 6.5633801270e+02 6.5638800049e+02 6.5641198730e+02 6.5642700195e+02 6.5645001221e+02 6.5648101807e+02 6.5651000977e+02 6.5654498291e+02 6.5657202148e+02 6.5660400391e+02 6.5663000488e+02 6.5666900635e+02 6.5668402100e+02 6.5672399902e+02 6.5677001953e+02 6.5678802490e+02 6.5680499268e+02 6.5683502197e+02 6.5686199951e+02 6.5690698242e+02 6.5694201660e+02 6.5698498535e+02 6.5703698730e+02 6.5709197998e+02 6.5711199951e+02 6.5714599609e+02 6.5717602539e+02
6.5578002930e+02 6.5580999756e+02 6.5584802246e+02 6.5586199951e+02 6.5589398193e+02 6.5594097900e+02 6.5597302246e+02 6.5602301025e+02 6.5605902100e+02 6.5607702637e+02 6.5609301758e+02 6.5610498047e+02 6.5611999512e+02 6.5614599609e+02 6.5618103027e+02 6.5619702148e+02 6.5621600342e+02 6.5624102783e+02 6.5626397705e+02 6.5628601074e+02 6.5631402588e+02 6.5634002686e+02 6.5636901855e+02 6.5639099121e+02 6.5641302490e+02 6.5644201660e+02 6.5646997070e+02 6.5649102783e+02 6.5651702881e+02 6.5655401611e+02 6.5659698486e+02 6.5663000488e+02 6.5665997314e+02 6.5668499756e+02 6.5669799805e+02 6.5673199463e+02 6.5677099609e+02 6.5680603027e+02 6.5683801270e+02 6.5686901855e+02 6.5690301514e+02 6.5694396973e+02 6.5698699951e+02 6.5703698730e+02 6.5708300781e+02 6.5711602783e+02
6.5567199707e+02 6.5572198486e+02 6.5577398682e+02 6.5579998779e+02 6.5582397461e+02 6.5586199951e+02 6.5589501953e+02 6.5594396973e+02 6.5598699951e+02 6.5601702881e+02 6.5602899170e+02 6.5604699707e+02 6.5606701660e+02 6.5609600830e+02 6.5612701416e+02 6.5614300537e+02 6.5616699219e+02 6.5618597412e+02 6.5620501709e+02 6.5623101807e+02 6.5625799561e+02 6.5628002930e+02 6.5630999756e+02 6.5633502197e+02 6.5635302734e+02 6.5638098145e+02 6.5640698242e+02 6.5642797852e+02 6.5645599365e+02 6.5648699951e+02 6.5652398682e+02 6.5655999756e+02 6.5659399414e+02 6.5661102295e+02 6.5661499023e+02 6.5665997314e+02 6.5669702148e+02 6.5672900391e+02 6.5676397705e+02 6.5679699707e+02 6.5683099365e+02 6.5686999512e+02 6.5690997314e+02 6.5696801758e+02 6.5701898193e+02 6.5705297852e+02
6.5553497314e+02 6.5560699463e+02 6.5568103027e+02 6.5574700928e+02 6.5578002930e+02 6.5581896973e+02 6.5584002686e+02 6.5588000488e+02 6.5590802002e+02 6.5594500732e+02 6.5596099854e+02 6.5598101807e+02 6.5601098633e+02 6.5604400635e+02 6.5606201172e+02 6.5607000732e+02 6.5609899902e+02 6.5611602783e+02 6.5613897705e+02 6.5616802979e+02 6.5619598389e+02 6.5621697998e+02 6.5624401855e+02 6.5627502441e+02 6.5629101563e+02 6.5632299805e+02 6.5634497070e+02 6.5636798096e+02 6.5640600586e+02 6.5643798828e+02 6.5646398926e+02 6.5648498535e+02 6.5651898193e+02 6.5654302979e+02 6.5654797363e+02 6.5658898926e+02 6.5662402344e+02 6.5666101074e+02 6.5671197510e+02 6.5673699951e+02 6.5677697754e+02 6.5682202148e+02 6.5685601807e+02 6.5690197754e+02 6.5694396973e+02 6.5697601318e+02
6.5535302734e+02 6.5545599365e+02 6.5555603027e+02 6.5565197754e+02 6.5570001221e+02 6.5574200439e+02 6.5578601074e+02 6.5582501221e+02 6.5583898926e+02 6.5587097168e+02 6.5589001465e+02 6.5590899658e+02 6.5594500732e+02 6.5598101807e+02 6.5599200439e+02 6.5600897217e+02 6.5603302002e+02 6.5604797363e+02 6.5608001709e+02 6.5611297607e+02 6.5612298584e+02 6.5614898682e+02 6.5619500732e+02 6.5621197510e+02 6.5623199463e+02 6.5626000977e+02 6.5626202393e+02 6.5629199219e+02 6.5633801270e+02 6.5637500000e+02 6.5639801025e+02 6.5641802979e+02 6.5644396973e+02 6.5647399902e+02 6.5650402832e+02 6.5653002930e+02 6.5655999756e+02 6.5660198975e+02 6.5665600586e+02 6.5667102051e+02 6.5671697998e+02 6.5676501465e+02 6.5679901123e+02 6.5682299805e+02 6.5685699463e+02 6.5688800049e+02
6.5513397217e+02 6.5524200439e+02 6.5539001465e+02 6.5558197021e+02 6.5563800049e+02 6.5565399170e+02 6.5570397949e+02 6.5575500488e+02 6.5578302002e+02 6.5581896973e+02 6.5583197021e+02 6.5584899902e+02 6.5586700439e+02 6.5589599609e+02 6.5592602539e+02 6.5595501709e+02 6.5597497559e+02 6.5599102783e+02 6.5600299072e+02 6.5603601074e+02 6.5604901123e+02 6.5608001709e+02 6.5612500000e+02 6.5614501953e+02 6.5616302490e+02 6.5619396973e+02 6.5621301270e+02 6.5623797607e+02 6.5626202393e+02 6.5628997803e+02 6.5632897949e+02 6.5636102295e+02 6.5638000488e+02 6.5640600586e+02 6.5642700195e+02 6.5645001221e+02 6.5647900391e+02 6.5652197266e+02 6.5656799316e+02 6.5661199951e+02 6.5665399170e+02 6.5669897461e+02 6.5674102783e+02 6.5675598145e+02 6.5679101563e+02 6.5682897949e+02
6.5495599365e+02 6.5506201172e+02 6.5520898438e+02 6.5542102051e+02 6.5549597168e+02 6.5553601074e+02 6.5560198975e+02 6.5565997314e+02 6.5569799805e+02 6.5573498535e+02 6.5574401855e+02 6.5578002930e+02 6.5579998779e+02 6.5582098389e+02 6.5585998535e+02 6.5589599609e+02 6.5590600586e+02 6.5592102051e+02 6.5593902588e+02 6.5597998047e+02 6.5601000977e+02 6.5603900146e+02 6.5605999756e+02 6.5607800293e+02 6.5609698486e+02 6.5612500000e+02 6.5615600586e+02 6.5618902588e+02 6.5620300293e+02 6.5621997070e+02 6.5626000977e+02 6.5629797363e+02 6.5632299805e+02 6.5635198975e+02 6.5636297607e+02 6.5638201904e+02 6.5641101074e+02 6.5644897461e+02 6.5648999023e+02 6.5654797363e+02 6.5657800293e+02 6.5661700439e+02 6.5667102051e+02 6.5670501709e+02 6.5673699951e+02 6.5677001953e+02
6.5477697754e+02 6.5488500977e+02 6.5502197266e+02 6.5519299316e+02 6.5527099609e+02 6.5535900879e+02 6.5546002197e+02 6.5550097656e+02 6.5555798340e+02 6.5563098145e+02 6.5566400146e+02 6.5571197510e+02 6.5575000000e+02 6.5576501465e+02 6.5578802490e+02 6.5581799316e+02 6.5583398438e+02 6.5585302734e+02 6.5587500000e+02 6.5591302490e+02 6.5595501709e+02 6.5597802734e+02 6.5599499512e+02 6.5602197266e+02 6.5604302979e+02 6.5606402588e+02 6.5609997559e+02 6.5613500977e+02 6.5615002441e+02 6.5616699219e+02 6.5619799805e+02 6.5622698975e+02 6.5625701904e+02 6.5629101563e+02 6.5630200195e+02 6.5632897949e+02 6.5635601807e+02 6.5638397217e+02 6.5642901611e+02 6.5647998047e+02 6.5650598145e+02 6.5654199219e+02 6.5659197998e+02 6.5663800049e+02 6.5666802979e+02 6.5669799805e+02
6.5457098389e+02 6.5470898438e+02 6.5485302734e+02 6.5500000000e+02 6.5507800293e+02 6.5517102051e+02 6.5529901123e+02 6.5534100342e+02 6.5539099121e+02 6.5547399902e+02 6.5556298828e+02 6.5560498047e+02 6.5564599609e+02 6.5567297363e+02 6.5569500732e+02 6.5572698975e+02 6.5576397705e+02 6.5579901123e+02 6.5582000732e+02 6.5585198975e+02 6.5587402344e+02 6.5588702393e+02 6.5590698242e+02 6.5595800781e+02 6.5597802734e+02 6.5600897217e+02 6.5605798340e+02 6.5605902100e+02 6.5607397461e+02 6.5610198975e+02 6.5615100098e+02 6.5617901611e+02 6.5619299316e+02 6.5621697998e+02 6.5624700928e+02 6.5627502441e+02 6.5629901123e+02 6.5631799316e+02 6.5636901855e+02 6.5641497803e+02 6.5643597412e+02 6.5646600342e+02 6.5650799561e+02 6.5654998779e+02 6.5659002686e+02 6.5662500000e+02
6.5438897705e+02 6.5454101563e+02 6.5466802979e+02 6.5479199219e+02 6.5488397217e+02 6.5494702148e+02 6.5506597900e+02 6.5514599609e+02 6.5521301270e+02 6.5528802490e+02 6.5537500000e+02 6.5543499756e+02 6.5551300049e+02 6.5558001709e+02 6.5561499023e+02 6.5565002441e+02 6.5568103027e+02 6.5571301270e+02 6.5573999023e+02 6.5577001953e+02 6.5579498291e+02 6.5580401611e+02 6.5582501221e+02 6.5586401367e+02 6.5588800049e+02 6.5594396973e+02 6.5598199463e+02 6.5599200439e+02 6.5601898193e+02 6.5604699707e+02 6.5608697510e+02 6.5611297607e+02 6.5612500000e+02 6.5615600586e+02 6.5619000244e+02 6.5621899414e+02 6.5623498535e+02 6.5625799561e+02 6.5628900146e+02 6.5632202148e+02 6.5635699463e+02 6.5640301514e+02 6.5645001221e+02 6.5647100830e+02 6.5651397705e+02 6.5655401611e+02
6.5423999023e+02 6.5438397217e+02 6.5450000000e+02 6.5460998535e+02 6.5471502686e+02 6.5475299072e+02 6.5483697510e+02 6.5493701172e+02 6.5503601074e+02 6.5513098145e+02 6.5521002197e+02 6.5528302002e+02 6.5535302734e+02 6.5541601563e+02 6.5547399902e+02 6.5553997803e+02 6.5558898926e+02 6.5562902832e+02 6.5565600586e+02 6.5569396973e+02 6.5572601318e+02 6.5575299072e+02 6.5578698730e+02 6.5581500244e+02 6.5583801270e+02 6.5586901855e+02 6.5590600586e+02 6.5593597412e+02 6.5596801758e+02 6.5598797607e+02 6.5601702881e+02 6.5604602051e+02 6.5606500244e+02 6.5609997559e+02 6.5613098145e+02 6.5615600586e+02 6.5617401123e+02 6.5620898438e+02 6.5623199463e+02 6.5625402832e+02 6.5629901123e+02 6.5634301758e+02 6.5638098145e+02 6.5639898682e+02 6.5643499756e+02 6.5647900391e+02
6.5406701660e+02 6.5416497803e+02 6.5428900146e+02 6.5443402100e+02 6.5456097412e+02 6.5458300781e+02 6.5463201904e+02 6.5471899414e+02 6.5480603027e+02 6.5490399170e+02 6.5499401855e+02 6.5507202148e+02 6.5514001465e+02 6.5520800781e+02 6.5528997803e+02 6.5538598633e+02 6.5545800781e+02 6.5551098633e+02 6.5555401611e+02 6.5561700439e+02 6.5564300537e+02 6.5568597412e+02 6.5574298096e+02 6.5576397705e+02 6.5577801514e+02 6.5579199219e+02 6.5583898926e+02 6.5586700439e+02 6.5590197754e+02 6.5592297363e+02 6.5594897461e+02 6.5598602295e+02 6.5601098633e+02 6.5603900146e+02 6.5606201172e+02 6.5608197021e+02 6.5610198975e+02 6.5614599609e+02 6.5617498779e+02 6.5620098877e+02 6.5623901367e+02 6.5626599121e+02 6.5629199219e+02 6.5633300781e+02 6.5636798096e+02 6.5640997314e+02
6.5387597656e+02 6.5395098877e+02 6.5404199219e+02 6.5417700195e+02 6.5430401611e+02 6.5435601807e+02 6.5440899658e+02 6.5448101807e+02 6.5456701660e+02 6.5467102051e+02 6.5475897217e+02 6.5482397461e+02 6.5489398193e+02 6.5498498535e+02 6.5509100342e+02 6.5519396973e+02 6.5528399658e+02 6.5536499023e+02 6.5543298340e+02 6.5550897217e+02 6.5554699707e+02 6.5559698486e+02 6.5565997314e+02 6.5567297363e+02 6.5571197510e+02 6.5574499512e+02 6.5574798584e+02 6.5576599121e+02 6.5581597900e+02 6.5584899902e+02 6.5588000488e+02 6.5591900635e+02 6.5594500732e+02 6.5596899414e+02 6.5598699951e+02 6.5600000000e+02 6.5603198242e+02 6.5608697510e+02 6.5613098145e+02 6.5613702393e+02 6.5616101074e+02 6.5618902588e+02 6.5622900391e+02 6.5626599121e+02 6.5630297852e+02 6.5634002686e+02
6.5361199951e+02 6.5370300293e+02 6.5377197266e+02 6.5387902832e+02 6.5399902344e+02 6.5408300781e+02 6.5415899658e+02 6.5424700928e+02 6.5432098389e+02 6.5442199707e+02 6.5455902100e+02 6.5463201904e+02 6.5466802979e+02 6.5475299072e+02 6.5488299561e+02 6.5502502441e+02 6.5511199951e+02 6.5520397949e+02 6.5530999756e+02 6.5538800049e+02 6.5544097900e+02 6.5550000000e+02 6.5557202148e+02 6.5560498047e+02 6.5564898682e+02 6.5568597412e+02 6.5570501709e+02 6.5572802734e+02 6.5574401855e+02 6.5576397705e+02 6.5581201172e+02 6.5584899902e+02 6.5587298584e+02 6.5589697266e+02 6.5592797852e+02 6.5596099854e+02 6.5598901367e+02 6.5601898193e+02 6.5605297852e+02 6.5607598877e+02 6.5609997559e+02 6.5613000488e+02 6.5617102051e+02 6.5621197510e+02 6.5623400879e+02 6.5626898193e+02
6.5334802246e+02 6.5346801758e+02 6.5353399658e+02 6.5363201904e+02 6.5374102783e+02 6.5381799316e+02 6.5390002441e+02 6.5400701904e+02 6.5407702637e+02 6.5416400146e+02 6.5432299805e+02 6.5442498779e+02 6.5446502686e+02 6.5455603027e+02 6.5469000244e+02 6.5483197021e+02 6.5492297363e+02 6.5503100586e+02 6.5516198730e+02 6.5524298096e+02 6.5531402588e+02 6.5539599609e+02 6.5548400879e+02 6.5552301025e+02 6.5556597900e+02 6.5560601807e+02 6.5563800049e+02 6.5567999268e+02 6.5569500732e+02 6.5570397949e+02 6.5573199463e+02 6.5576501465e+02 6.5579400635e+02 6.5582000732e+02 6.5586102295e+02 6.5589801025e+02 6.5592401123e+02 6.5594598389e+02 6.5597302246e+02 6.5601000977e+02 6.5603497314e+02 6.5606597900e+02 6.5610797119e+02 6.5614599609e+02 6.5615899658e+02 6.5619299316e+02
6.5301800537e+02 6.5317297363e+02 6.5328198242e+02 6.5339001465e+02 6.5348297119e+02 6.5354400635e+02 6.5363397217e+02 6.5375598145e+02 6.5383197021e+02 6.5390997314e+02 6.5406298828e+02 6.5417297363e+02 6.5422399902e+02 6.5432598877e+02 6.5447302246e+02 6.5460797119e+02 6.5471002197e+02 6.5483197021e+02 6.5496398926e+02 6.5506402588e+02 6.5515100098e+02 6.5524298096e+02 6.5534997559e+02 6.5539202881e+02 6.5544897461e+02 6.5549902344e+02 6.5554797363e+02 6.5559600830e+02 6.5562402344e+02 6.5563800049e+02 6.5566400146e+02 6.5569598389e+02 6.5572399902e+02 6.5574798584e+02 6.5579400635e+02 6.5581597900e+02 6.5584399414e+02 6.5587402344e+02 6.5590002441e+02 6.5594097900e+02 6.5596697998e+02 6.5599401855e+02 6.5603100586e+02 6.5606298828e+02 6.5608197021e+02 6.5612597656e+02
