TESTSERVER/13/7.asc
NCOLS 100
NROWS 100
XLLCORNER 8.1497500000e+03
YLLCORNER 2.8960025000e+05
CELLSIZE 5.0000000000e-01
NODATA_VALUE -9.9990000000e+03
[rows 40 to 59 of 100, columns 46 to 91 of 100]
6.5261602783e+02 6.5277697754e+02 6.5295800781e+02 6.5310302734e+02 6.5321697998e+02 6.5328900146e+02 6.5337200928e+02 6.5352801514e+02 6.5361199951e+02 6.5369097900e+02 6.5384100342e+02 6.5391699219e+02 6.5397100830e+02 6.5406597900e+02 6.5419799805e+02 6.5436602783e+02 6.5448901367e+02 6.5461798096e+02 6.5475897217e+02 6.5491101074e+02 6.5501000977e+02 6.5507098389e+02 6.5515002441e+02 6.5523797607e+02 6.5531201172e+02 6.5536999512e+02 6.5544201660e+02 6.5550000000e+02 6.5553399658e+02 6.5557000732e+02 6.5562402344e+02 6.5562902832e+02 6.5563800049e+02 6.5566601563e+02 6.5571301270e+02 6.5573797607e+02 6.5576599121e+02 6.5579699707e+02 6.5583197021e+02 6.5586999512e+02 6.5590002441e+02 6.5592199707e+02 6.5594299316e+02 6.5597802734e+02 6.5601098633e+02 6.5606402588e+02
6.5226300049e+02 6.5240802002e+02 6.5255999756e+02 6.5267602539e+02 6.5288299561e+02 6.5305902100e+02 6.5313598633e+02 6.5327899170e+02 6.5336999512e+02 6.5343902588e+02 6.5352398682e+02 6.5363098145e+02 6.5373400879e+02 6.5383599854e+02 6.5397399902e+02 6.5414599609e+02 6.5429998779e+02 6.5444897461e+02 6.5458898926e+02 6.5475598145e+02 6.5487500000e+02 6.5494201660e+02 6.5501000977e+02 6.5509301758e+02 6.5515899658e+02 6.5523602295e+02 6.5533502197e+02 6.5539697266e+02 6.5543597412e+02 6.5548101807e+02 6.5552801514e+02 6.5553802490e+02 6.5556201172e+02 6.5559600830e+02 6.5562402344e+02 6.5565698242e+02 6.5569897461e+02 6.5573498535e+02 6.5576702881e+02 6.5579998779e+02 6.5583398438e+02 6.5586602783e+02 6.5589300537e+02 6.5592401123e+02 6.5594201660e+02 6.5598199463e+02
6.5194097900e+02 6.5206799316e+02 6.5219702148e+02 6.5231597900e+02 6.5254498291e+02 6.5278002930e+02 6.5291802979e+02 6.5304302979e+02 6.5313397217e+02 6.5321099854e+02 6.5326898193e+02 6.5337701416e+02 6.5349902344e+02 6.5362298584e+02 6.5376202393e+02 6.5392602539e+02 6.5410400391e+02 6.5427697754e+02 6.5439501953e+02 6.5451000977e+02 6.5463500977e+02 6.5473999023e+02 6.5483697510e+02 6.5495001221e+02 6.5501501465e+02 6.5508697510e+02 6.5520397949e+02 6.5527398682e+02 6.5533697510e+02 6.5539697266e+02 6.5542797852e+02 6.5544201660e+02 6.5548400879e+02 6.5553497314e+02 6.5555603027e+02 6.5557501221e+02 6.5561499023e+02 6.5565502930e+02 6.5569500732e+02 6.5573101807e+02 6.5576800537e+02 6.5579998779e+02 6.5582202148e+02 6.5584301758e+02 6.5586297607e+02 6.5589501953e+02
6.5158697510e+02 6.5171899414e+02 6.5189001465e+02 6.5202801514e+02 6.5222497559e+02 6.5246801758e+02 6.5269299316e+02 6.5280700684e+02 6.5289801025e+02 6.5301397705e+02 6.5310498047e+02 6.5320202637e+02 6.5331597900e+02 6.5344799805e+02 6.5358099365e+02 6.5371502686e+02 6.5389501953e+02 6.5408599854e+02 6.5420800781e+02 6.5428198242e+02 6.5440600586e+02 6.5453497314e+02 6.5464001465e+02 6.5478002930e+02 6.5485198975e+02 6.5490399170e+02 6.5502697754e+02 6.5512597656e+02 6.5522802734e+02 6.5530902100e+02 6.5533001709e+02 6.5534497070e+02 6.5539398193e+02 6.5546301270e+02 6.5550097656e+02 6.5550799561e+02 6.5553198242e+02 6.5555999756e+02 6.5560900879e+02 6.5565301514e+02 6.5569097900e+02 6.5571600342e+02 6.5572802734e+02 6.5575402832e+02 6.5578802490e+02 6.5581597900e+02
6.5122302246e+02 6.5138702393e+02 6.5158197021e+02 6.5173901367e+02 6.5193499756e+02 6.5218298340e+02 6.5242602539e+02 6.5253900146e+02 6.5263299561e+02 6.5277801514e+02 6.5296697998e+02 6.5307000732e+02 6.5317199707e+02 6.5329101563e+02 6.5342401123e+02 6.5351898193e+02 6.5367700195e+02 6.5388000488e+02 6.5406896973e+02 6.5414099121e+02 6.5424499512e+02 6.5436798096e+02 6.5447802734e+02 6.5458099365e+02 6.5466802979e+02 6.5470599365e+02 6.5478497314e+02 6.5490997314e+02 6.5502197266e+02 6.5511602783e+02 6.5518200684e+02 6.5524401855e+02 6.5530102539e+02 6.5536798096e+02 6.5543103027e+02 6.5544897461e+02 6.5545898438e+02 6.5546801758e+02 6.5551000977e+02 6.5556298828e+02 6.5559899902e+02 6.5561798096e+02 6.5563299561e+02 6.5566900635e+02 6.5568701172e+02 6.5572100830e+02
6.5093902588e+02 6.5110101318e+02 6.5124102783e+02 6.5138098145e+02 6.5158398438e+02 6.5183398438e+02 6.5208599854e+02 6.5226702881e+02 6.5238098145e+02 6.5252099609e+02 6.5273797607e+02 6.5288299561e+02 6.5300402832e+02 6.5313098145e+02 6.5325402832e+02 6.5334399414e+02 6.5348199463e+02 6.5368200684e+02 6.5390600586e+02 6.5400201416e+02 6.5408099365e+02 6.5417999268e+02 6.5428302002e+02 6.5438800049e+02 6.5445001221e+02 6.5446197510e+02 6.5453900146e+02 6.5463000488e+02 6.5475402832e+02 6.5489501953e+02 6.5502001953e+02 6.5513201904e+02 6.5521997070e+02 6.5527301025e+02 6.5531097412e+02 6.5534497070e+02 6.5537298584e+02 6.5539398193e+02 6.5541998291e+02 6.5544299316e+02 6.5548602295e+02 6.5552801514e+02 6.5555999756e+02 6.5558001709e+02 6.5559600830e+02 6.5563702393e+02
6.5065802002e+02 6.5079302979e+02 6.5094000244e+02 6.5109100342e+02 6.5128198242e+02 6.5149700928e+02 6.5173297119e+02 6.5195800781e+02 6.5210302734e+02 6.5224499512e+02 6.5243798828e+02 6.5261901855e+02 6.5277801514e+02 6.5291802979e+02 6.5304101563e+02 6.5315698242e+02 6.5328900146e+02 6.5345397949e+02 6.5363098145e+02 6.5372998047e+02 6.5384899902e+02 6.5397698975e+02 6.5408801270e+02 6.5418499756e+02 6.5422399902e+02 6.5423901367e+02 6.5433300781e+02 6.5441497803e+02 6.5453997803e+02 6.5468597412e+02 6.5481298828e+02 6.5494598389e+02 6.5507098389e+02 6.5515802002e+02 6.5521600342e+02 6.5522900391e+02 6.5525701904e+02 6.5529998779e+02 6.5532897949e+02 6.5534002686e+02 6.5537799072e+02 6.5542602539e+02 6.5546502686e+02 6.5548199463e+02 6.5550201416e+02 6.5553997803e+02
6.5040502930e+02 6.5054199219e+02 6.5072100830e+02 6.5088800049e+02 6.5106500244e+02 6.5123199463e+02 6.5142102051e+02 6.5165802002e+02 6.5182800293e+02 6.5196600342e+02 6.5210797119e+02 6.5229797363e+02 6.5248699951e+02 6.5264501953e+02 6.5277099609e+02 6.5291998291e+02 6.5305700684e+02 6.5317700195e+02 6.5326800537e+02 6.5336401367e+02 6.5353497314e+02 6.5371502686e+02 6.5385601807e+02 6.5397100830e+02 6.5401501465e+02 6.5402801514e+02 6.5411901855e+02 6.5421801758e+02 6.5433898926e+02 6.5446801758e+02 6.5457397461e+02 6.5470898438e+02 6.5485101318e+02 6.5497198486e+02 6.5508001709e+02 6.5512402344e+02 6.5516699219e+02 6.5521697998e+02 6.5523699951e+02 6.5524200439e+02 6.5526397705e+02 6.5529602051e+02 6.5533099365e+02 6.5537402344e+02 6.5540997314e+02 6.5543701172e+02
6.5011602783e+02 6.5028399658e+02 6.5047601318e+02 6.5065100098e+02 6.5083197021e+02 6.5098999023e+02 6.5112097168e+02 6.5134399414e+02 6.5153497314e+02 6.5168499756e+02 6.5179699707e+02 6.5196997070e+02 6.5216400146e+02 6.5234899902e+02 6.5252001953e+02 6.5264801025e+02 6.5278698730e+02 6.5287402344e+02 6.5291198730e+02 6.5303002930e+02 6.5321801758e+02 6.5340802002e+02 6.5356201172e+02 6.5375402832e+02 6.5386102295e+02 6.5387597656e+02 6.5390301514e+02 6.5399798584e+02 6.5412200928e+02 6.5425799561e+02 6.5437701416e+02 6.5447601318e+02 6.5461199951e+02 6.5474902344e+02 6.5487500000e+02 6.5498602295e+02 6.5506097412e+02 6.5509497070e+02 6.5509600830e+02 6.5514898682e+02 6.5516998291e+02 6.5517999268e+02 6.5519897461e+02 6.5523901367e+02 6.5528100586e+02 6.5531201172e+02
6.4981799316e+02 6.5001202393e+02 6.5017700195e+02 6.5030603027e+02 6.5047802734e+02 6.5066198730e+02 6.5080401611e+02 6.5096398926e+02 6.5113201904e+02 6.5129699707e+02 6.5144201660e+02 6.5167102051e+02 6.5189697266e+02 6.5206402588e+02 6.5219598389e+02 6.5234997559e+02 6.5245098877e+02 6.5252600098e+02 6.5259698486e+02 6.5272698975e+02 6.5289599609e+02 6.5309899902e+02 6.5328802490e+02 6.5346600342e+02 6.5358300781e+02 6.5362902832e+02 6.5368298340e+02 6.5376202393e+02 6.5386499023e+02 6.5400799561e+02 6.5415698242e+02 6.5425799561e+02 6.5439697266e+02 6.5453900146e+02 6.5463800049e+02 6.5474499512e+02 6.5484100342e+02 6.5489801025e+02 6.5495501709e+02 6.5500000000e+02 6.5504199219e+02 6.5506402588e+02 6.5507299805e+02 6.5509600830e+02 6.5514099121e+02 6.5518499756e+02
6.4954901123e+02 6.4975097656e+02 6.4989898682e+02 6.4997802734e+02 6.5011602783e+02 6.5028997803e+02 6.5044396973e+02 6.5060198975e+02 6.5077398682e+02 6.5095202637e+02 6.5111199951e+02 6.5137298584e+02 6.5159899902e+02 6.5170202637e+02 6.5174798584e+02 6.5188397217e+02 6.5198400879e+02 6.5209698486e+02 6.5225701904e+02 6.5242297363e+02 6.5258502197e+02 6.5278399658e+02 6.5298297119e+02 6.5314898682e+02 6.5326000977e+02 6.5334997559e+02 6.5346600342e+02 6.5354602051e+02 6.5362402344e+02 6.5374499512e+02 6.5390502930e+02 6.5404797363e+02 6.5420001221e+02 6.5432702637e+02 6.5440802002e+02 6.5452099609e+02 6.5463098145e+02 6.5471899414e+02 6.5481201172e+02 6.5484899902e+02 6.5489398193e+02 6.5492297363e+02 6.5493499756e+02 6.5494396973e+02 6.5499102783e+02 6.5504699707e+02
6.4925402832e+02 6.4947601318e+02 6.4961102295e+02 6.4965899658e+02 6.4976202393e+02 6.4991400146e+02 6.5007897949e+02 6.5026397705e+02 6.5046899414e+02 6.5065802002e+02 6.5079400635e+02 6.5101202393e+02 6.5117401123e+02 6.5121997070e+02 6.5124401855e+02 6.5138098145e+02 6.5151397705e+02 6.5168103027e+02 6.5190899658e+02 6.5210900879e+02 6.5228002930e+02 6.5245300293e+02 6.5261700439e+02 6.5279199219e+02 6.5293499756e+02 6.5307702637e+02 6.5322497559e+02 6.5331298828e+02 6.5340197754e+02 6.5351702881e+02 6.5367297363e+02 6.5384600830e+02 6.5400598145e+02 6.5412799072e+02 6.5421002197e+02 6.5433001709e+02 6.5444500732e+02 6.5453900146e+02 6.5462200928e+02 6.5467797852e+02 6.5472601318e+02 6.5474798584e+02 6.5478997803e+02 6.5480499268e+02 6.5483801270e+02 6.5489501953e+02
6.4894396973e+02 6.4921301270e+02 6.4937097168e+02 6.4936401367e+02 6.4942199707e+02 6.4955200195e+02 6.4973699951e+02 6.4992700195e+02 6.5014501953e+02 6.5034197998e+02 6.5046502686e+02 6.5053698730e+02 6.5060601807e+02 6.5068798828e+02 6.5083197021e+02 6.5098699951e+02 6.5115802002e+02 6.5134698486e+02 6.5155297852e+02 6.5170202637e+02 6.5187799072e+02 6.5204400635e+02 6.5216802979e+02 6.5237200928e+02 6.5258599854e+02 6.5278900146e+02 6.5295397949e+02 6.5307000732e+02 6.5318798828e+02 6.5332202148e+02 6.5347802734e+02 6.5363299561e+02 6.5378100586e+02 6.5390698242e+02 6.5401300049e+02 6.5411999512e+02 6.5422198486e+02 6.5430401611e+02 6.5438397217e+02 6.5447802734e+02 6.5453601074e+02 6.5455297852e+02 6.5461798096e+02 6.5466802979e+02 6.5469799805e+02 6.5473901367e+02
6.4852099609e+02 6.4877502441e+02 6.4899200439e+02 6.4907397461e+02 6.4912799072e+02 6.4922998047e+02 6.4940600586e+02 6.4958197021e+02 6.4979101563e+02 6.5001098633e+02 6.5018200684e+02 6.5021398926e+02 6.5023602295e+02 6.5032397461e+02 6.5049499512e+02 6.5071600342e+02 6.5089099121e+02 6.5102099609e+02 6.5115600586e+02 6.5130200195e+02 6.5149499512e+02 6.5169702148e+02 6.5187097168e+02 6.5208502197e+02 6.5230200195e+02 6.5250097656e+02 6.5267102051e+02 6.5282800293e+02 6.5297399902e+02 6.5311999512e+02 6.5330798340e+02 6.5344500732e+02 6.5355798340e+02 6.5365997314e+02 6.5376300049e+02 6.5385699463e+02 6.5395397949e+02 6.5405603027e+02 6.5418298340e+02 6.5428302002e+02 6.5434399414e+02 6.5438598633e+02 6.5445397949e+02 6.5451702881e+02 6.5455902100e+02 6.5459997559e+02
6.4815802002e+02 6.4833801270e+02 6.4854901123e+02 6.4868902588e+02 6.4878900146e+02 6.4890899658e+02 6.4907202148e+02 6.4923797607e+02 6.4941900635e+02 6.4961199951e+02 6.4977197266e+02 6.4982202148e+02 6.4987298584e+02 6.4998199463e+02 6.5016802979e+02 6.5041497803e+02 6.5061700439e+02 6.5073400879e+02 6.5085601807e+02 6.5103802490e+02 6.5123797607e+02 6.5144897461e+02 6.5163299561e+02 6.5184997559e+02 6.5207202148e+02 6.5224798584e+02 6.5238598633e+02 6.5255102539e+02 6.5272198486e+02 6.5288098145e+02 6.5307702637e+02 6.5322601318e+02 6.5333801270e+02 6.5343701172e+02 6.5353900146e+02 6.5362902832e+02 6.5372100830e+02 6.5382800293e+02 6.5395501709e+02 6.5406402588e+02 6.5415698242e+02 6.5424298096e+02 6.5431701660e+02 6.5435900879e+02 6.5441198730e+02 6.5445300293e+02
6.4783300781e+02 6.4796002197e+02 6.4812799072e+02 6.4829400635e+02 6.4845300293e+02 6.4861700439e+02 6.4877398682e+02 6.4890301514e+02 6.4902600098e+02 6.4915100098e+02 6.4926800537e+02 6.4935998535e+02 6.4948699951e+02 6.4965899658e+02 6.4985699463e+02 6.5005401611e+02 6.5028601074e+02 6.5045501709e+02 6.5061102295e+02 6.5078802490e+02 6.5098199463e+02 6.5120800781e+02 6.5142102051e+02 6.5164599609e+02 6.5186102295e+02 6.5201501465e+02 6.5215100098e+02 6.5230902100e+02 6.5248101807e+02 6.5263397217e+02 6.5280200195e+02 6.5295599365e+02 6.5308697510e+02 6.5319299316e+02 6.5329400635e+02 6.5338897705e+02 6.5347802734e+02 6.5357397461e+02 6.5367700195e+02 6.5379699707e+02 6.5393402100e+02 6.5407202148e+02 6.5417602539e+02 6.5418499756e+02 6.5424499512e+02 6.5430700684e+02
6.4743402100e+02 6.4757000732e+02 6.4773699951e+02 6.4793597412e+02 6.4812799072e+02 6.4828698730e+02 6.4844500732e+02 6.4857397461e+02 6.4864697266e+02 6.4872302246e+02 6.4884600830e+02 6.4898498535e+02 6.4917797852e+02 6.4940698242e+02 6.4965997314e+02 6.4980499268e+02 6.4998602295e+02 6.5017401123e+02 6.5034698486e+02 6.5052502441e+02 6.5073101807e+02 6.5098999023e+02 6.5126098633e+02 6.5147998047e+02 6.5166101074e+02 6.5181097412e+02 6.5197399902e+02 6.5210900879e+02 6.5227801514e+02 6.5243597412e+02 6.5258398438e+02 6.5270202637e+02 6.5283001709e+02 6.5292901611e+02 6.5301599121e+02 6.5311499023e+02 6.5320501709e+02 6.5329699707e+02 6.5340301514e+02 6.5353497314e+02 6.5368402100e+02 6.5383801270e+02 6.5395697021e+02 6.5403198242e+02 6.5410797119e+02 6.5419000244e+02
6.4703601074e+02 6.4718701172e+02 6.4738500977e+02 6.4761602783e+02 6.4780902100e+02 6.4793499756e+02 6.4808801270e+02 6.4823498535e+02 6.4832800293e+02 6.4844897461e+02 6.4861499023e+02 6.4878900146e+02 6.4900799561e+02 6.4927001953e+02 6.4956896973e+02 6.4971502686e+02 6.4984997559e+02 6.5001501465e+02 6.5017797852e+02 6.5033502197e+02 6.5054302979e+02 6.5079498291e+02 6.5106597900e+02 6.5128997803e+02 6.5144799805e+02 6.5159399414e+02 6.5174798584e+02 6.5187902832e+02 6.5205401611e+02 6.5222601318e+02 6.5235797119e+02 6.5248199463e+02 6.5260498047e+02 6.5269097900e+02 6.5276702881e+02 6.5285400391e+02 6.5293103027e+02 6.5304602051e+02 6.5320397949e+02 6.5334399414e+02 6.5348101807e+02 6.5361401367e+02 6.5374499512e+02 6.5386401367e+02 6.5397601318e+02 6.5406597900e+02
6.4673797607e+02 6.4689398193e+02 6.4709399414e+02 6.4731896973e+02 6.4750201416e+02 6.4766400146e+02 6.4783099365e+02 6.4797100830e+02 6.4808697510e+02 6.4824401855e+02 6.4841400146e+02 6.4862402344e+02 6.4888201904e+02 6.4916198730e+02 6.4944000244e+02 6.4958099365e+02 6.4971697998e+02 6.4989801025e+02 6.5008697510e+02 6.5023999023e+02 6.5041198730e+02 6.5060101318e+02 6.5080700684e+02 6.5102099609e+02 6.5119097900e+02 6.5136102295e+02 6.5152899170e+02 6.5165802002e+02 6.5181500244e+02 6.5197900391e+02 6.5212097168e+02 6.5224499512e+02 6.5236401367e+02 6.5246099854e+02 6.5254699707e+02 6.5263702393e+02 6.5273199463e+02 6.5286602783e+02 6.5303698730e+02 6.5317602539e+02 6.5330401611e+02 6.5342901611e+02 6.5355902100e+02 6.5369598389e+02 6.5382702637e+02 6.5393499756e+02
6.4652001953e+02 6.4668298340e+02 6.4688299561e+02 6.4711499023e+02 6.4730700684e+02 6.4751300049e+02 6.4768701172e+02 6.4781201172e+02 6.4792401123e+02 6.4809399414e+02 6.4824200439e+02 6.4844299316e+02 6.4869799805e+02 6.4894598389e+02 6.4916699219e+02 6.4931701660e+02 6.4946997070e+02 6.4968200684e+02 6.4993103027e+02 6.5014501953e+02 6.5032702637e+02 6.5049597168e+02 6.5063897705e+02 6.5079101563e+02 6.5094000244e+02 6.5110797119e+02 6.5128002930e+02 6.5142199707e+02 6.5156298828e+02 6.5171301270e+02 6.5186901855e+02 6.5198999023e+02 6.5211499023e+02 6.5224298096e+02 6.5236700439e+02 6.5247198486e+02 6.5258398438e+02 6.5271697998e+02 6.5285797119e+02 6.5298297119e+02 6.5310699463e+02 6.5323901367e+02 6.5337799072e+02 6.5352697754e+02 6.5366998291e+02 6.5379498291e+02
