TESTSERVER/13/8.asc
NCOLS 100
NROWS 100
XLLCORNER 8.1497500000e+03
YLLCORNER 2.8955025000e+05
CELLSIZE 5.0000000000e-01
NODATA_VALUE -9.9990000000e+03
[rows 20 to 39 of 100, columns 46 to 91 of 100]
6.2938702393e+02 6.2952301025e+02 6.2964300537e+02 6.2978198242e+02 6.2992602539e+02 6.3006799316e+02 6.3020300293e+02 6.3036297607e+02 6.3052398682e+02 6.3066699219e+02 6.3077099609e+02 6.3091198730e+02 6.3102697754e+02 6.3111700439e+02 6.3119396973e+02 6.3133398438e+02 6.3145202637e+02 6.3155902100e+02 6.3167297363e+02 6.3180401611e+02 6.3192999268e+02 6.3207501221e+02 6.3223199463e+02 6.3235900879e+02 6.3250299072e+02 6.3266400146e+02 6.3279302979e+02 6.3293200684e+02 6.3310498047e+02 6.3325097656e+02 6.3337597656e+02 6.3352099609e+02 6.3368200684e+02 6.3383398438e+02 6.3399401855e+02 6.3415698242e+02 6.3429498291e+02 6.3445697021e+02 6.3465002441e+02 6.3480297852e+02 6.3497900391e+02 6.3519201660e+02 6.3543499756e+02 6.3559197998e+02 6.3574798584e+02 6.3590899658e+02
6.2912902832e+02 6.2926098633e+02 6.2937597656e+02 6.2951501465e+02 6.2966302490e+02 6.2980902100e+02 6.2994897461e+02 6.3010699463e+02 6.3027899170e+02 6.3042999268e+02 6.3054602051e+02 6.3068499756e+02 6.3080297852e+02 6.3088800049e+02 6.3096801758e+02 6.3109899902e+02 6.3122302246e+02 6.3133502197e+02 6.3145898438e+02 6.3157299805e+02 6.3168597412e+02 6.3181701660e+02 6.3196301270e+02 6.3207598877e+02 6.3221099854e+02 6.3237500000e+02 6.3251397705e+02 6.3264501953e+02 6.3282501221e+02 6.3298901367e+02 6.3311901855e+02 6.3326397705e+02 6.3341400146e+02 6.3353601074e+02 6.3366101074e+02 6.3384802246e+02 6.3401202393e+02 6.3419000244e+02 6.3436798096e+02 6.3451898193e+02 6.3469299316e+02 6.3489001465e+02 6.3511901855e+02 6.3530603027e+02 6.3546600342e+02 6.3561700439e+02
6.2887200928e+02 6.2898498535e+02 6.2909197998e+02 6.2923498535e+02 6.2940600586e+02 6.2957397461e+02 6.2971697998e+02 6.2985699463e+02 6.3001300049e+02 6.3015997314e+02 6.3028802490e+02 6.3042297363e+02 6.3054302979e+02 6.3063897705e+02 6.3073400879e+02 6.3084899902e+02 6.3097198486e+02 6.3109698486e+02 6.3123602295e+02 6.3133599854e+02 6.3144702148e+02 6.3158001709e+02 6.3171801758e+02 6.3181701660e+02 6.3193701172e+02 6.3209399414e+02 6.3224401855e+02 6.3237402344e+02 6.3253900146e+02 6.3270300293e+02 6.3283898926e+02 6.3300000000e+02 6.3315502930e+02 6.3326800537e+02 6.3338201904e+02 6.3356799316e+02 6.3372900391e+02 6.3389300537e+02 6.3408197021e+02 6.3425799561e+02 6.3441900635e+02 6.3458099365e+02 6.3477697754e+02 6.3496502686e+02 6.3515002441e+02 6.3531701660e+02
6.2869598389e+02 6.2878698730e+02 6.2886999512e+02 6.2900097656e+02 6.2917602539e+02 6.2935198975e+02 6.2949200439e+02 6.2961199951e+02 6.2975000000e+02 6.2988702393e+02 6.3001800537e+02 6.3014501953e+02 6.3026599121e+02 6.3037500000e+02 6.3048199463e+02 6.3060302734e+02 6.3072900391e+02 6.3085601807e+02 6.3099200439e+02 6.3106201172e+02 6.3117297363e+02 6.3132098389e+02 6.3147698975e+02 6.3158502197e+02 6.3169702148e+02 6.3184301758e+02 6.3199200439e+02 6.3211999512e+02 6.3226599121e+02 6.3241497803e+02 6.3254602051e+02 6.3271197510e+02 6.3287200928e+02 6.3299499512e+02 6.3312200928e+02 6.3330499268e+02 6.3346301270e+02 6.3360900879e+02 6.3379101563e+02 6.3397900391e+02 6.3413397217e+02 6.3428698730e+02 6.3447497559e+02 6.3463098145e+02 6.3481799316e+02 6.3500201416e+02
6.2855499268e+02 6.2863800049e+02 6.2871301270e+02 6.2884899902e+02 6.2899798584e+02 6.2913299561e+02 6.2922900391e+02 6.2936602783e+02 6.2950701904e+02 6.2964501953e+02 6.2976000977e+02 6.2988299561e+02 6.2999798584e+02 6.3010699463e+02 6.3021301270e+02 6.3035498047e+02 6.3048797607e+02 6.3061102295e+02 6.3073498535e+02 6.3079998779e+02 6.3090698242e+02 6.3105499268e+02 6.3120098877e+02 6.3133001709e+02 6.3145898438e+02 6.3160498047e+02 6.3174298096e+02 6.3188098145e+02 6.3201300049e+02 6.3215399170e+02 6.3230700684e+02 6.3243597412e+02 6.3258599854e+02 6.3272698975e+02 6.3287799072e+02 6.3303601074e+02 6.3319396973e+02 6.3335302734e+02 6.3352600098e+02 6.3366601563e+02 6.3381597900e+02 6.3400097656e+02 6.3423199463e+02 6.3435302734e+02 6.3450201416e+02 6.3466497803e+02
6.2834399414e+02 6.2844097900e+02 6.2850500488e+02 6.2866601563e+02 6.2884301758e+02 6.2897998047e+02 6.2906298828e+02 6.2913500977e+02 6.2924700928e+02 6.2937902832e+02 6.2949200439e+02 6.2964501953e+02 6.2976800537e+02 6.2986297607e+02 6.2996002197e+02 6.3011901855e+02 6.3024102783e+02 6.3033502197e+02 6.3044500732e+02 6.3053997803e+02 6.3066101074e+02 6.3081799316e+02 6.3095697021e+02 6.3109497070e+02 6.3122802734e+02 6.3134002686e+02 6.3143402100e+02 6.3160601807e+02 6.3179302979e+02 6.3196502686e+02 6.3211798096e+02 6.3225701904e+02 6.3238098145e+02 6.3249597168e+02 6.3261102295e+02 6.3275299072e+02 6.3290002441e+02 6.3306201172e+02 6.3323498535e+02 6.3337701416e+02 6.3351599121e+02 6.3369000244e+02 6.3390698242e+02 6.3404998779e+02 6.3420800781e+02 6.3435198975e+02
6.2808398438e+02 6.2819702148e+02 6.2827197266e+02 6.2843499756e+02 6.2861602783e+02 6.2876898193e+02 6.2886102295e+02 6.2889099121e+02 6.2897198486e+02 6.2909399414e+02 6.2921899414e+02 6.2939001465e+02 6.2951702881e+02 6.2961297607e+02 6.2971002197e+02 6.2986901855e+02 6.2998699951e+02 6.3007397461e+02 6.3017602539e+02 6.3026702881e+02 6.3037902832e+02 6.3052502441e+02 6.3066302490e+02 6.3082000732e+02 6.3097802734e+02 6.3109899902e+02 6.3116802979e+02 6.3132098389e+02 6.3150000000e+02 6.3165600586e+02 6.3180700684e+02 6.3196301270e+02 6.3210400391e+02 6.3223400879e+02 6.3235498047e+02 6.3249700928e+02 6.3264099121e+02 6.3279498291e+02 6.3295202637e+02 6.3309100342e+02 6.3322900391e+02 6.3338702393e+02 6.3357299805e+02 6.3371899414e+02 6.3388598633e+02 6.3403399658e+02
6.2780499268e+02 6.2792901611e+02 6.2802301025e+02 6.2814898682e+02 6.2829602051e+02 6.2844598389e+02 6.2856799316e+02 6.2861297607e+02 6.2869702148e+02 6.2881500244e+02 6.2894897461e+02 6.2911999512e+02 6.2925299072e+02 6.2936401367e+02 6.2947399902e+02 6.2961602783e+02 6.2972198486e+02 6.2981298828e+02 6.2992901611e+02 6.3001501465e+02 6.3011499023e+02 6.3024597168e+02 6.3037097168e+02 6.3051397705e+02 6.3068200684e+02 6.3083398438e+02 6.3092797852e+02 6.3106402588e+02 6.3121697998e+02 6.3134600830e+02 6.3147497559e+02 6.3164801025e+02 6.3181597900e+02 6.3196600342e+02 6.3210198975e+02 6.3225201416e+02 6.3239801025e+02 6.3255297852e+02 6.3270202637e+02 6.3282897949e+02 6.3296002197e+02 6.3310198975e+02 6.3325701904e+02 6.3338598633e+02 6.3353399658e+02 6.3368103027e+02
6.2755297852e+02 6.2768103027e+02 6.2780902100e+02 6.2790600586e+02 6.2799902344e+02 6.2810900879e+02 6.2823297119e+02 6.2835797119e+02 6.2846899414e+02 6.2857702637e+02 6.2868103027e+02 6.2886401367e+02 6.2900799561e+02 6.2913397217e+02 6.2926397705e+02 6.2938201904e+02 6.2946398926e+02 6.2956298828e+02 6.2971197510e+02 6.2977801514e+02 6.2988598633e+02 6.3001702881e+02 6.3012097168e+02 6.3025201416e+02 6.3040899658e+02 6.3056201172e+02 6.3065399170e+02 6.3080401611e+02 6.3096697998e+02 6.3109698486e+02 6.3120001221e+02 6.3139398193e+02 6.3156597900e+02 6.3169299316e+02 6.3182000732e+02 6.3198199463e+02 6.3213397217e+02 6.3230297852e+02 6.3247100830e+02 6.3258300781e+02 6.3270501709e+02 6.3282800293e+02 6.3294799805e+02 6.3307000732e+02 6.3317401123e+02 6.3329901123e+02
6.2731597900e+02 6.2742297363e+02 6.2754901123e+02 6.2769396973e+02 6.2779901123e+02 6.2788397217e+02 6.2799200439e+02 6.2814801025e+02 6.2827697754e+02 6.2839501953e+02 6.2848498535e+02 6.2860198975e+02 6.2871502686e+02 6.2885498047e+02 6.2901702881e+02 6.2915002441e+02 6.2924700928e+02 6.2935400391e+02 6.2948199463e+02 6.2954498291e+02 6.2964801025e+02 6.2976300049e+02 6.2987597656e+02 6.3000500488e+02 6.3015802002e+02 6.3030700684e+02 6.3039697266e+02 6.3052801514e+02 6.3069097900e+02 6.3083197021e+02 6.3094000244e+02 6.3110998535e+02 6.3128198242e+02 6.3140899658e+02 6.3153997803e+02 6.3169702148e+02 6.3184301758e+02 6.3200000000e+02 6.3215600586e+02 6.3228198242e+02 6.3243597412e+02 6.3257598877e+02 6.3269097900e+02 6.3280798340e+02 6.3290802002e+02 6.3302197266e+02
6.2709899902e+02 6.2720397949e+02 6.2732800293e+02 6.2747601318e+02 6.2758300781e+02 6.2766802979e+02 6.2776800537e+02 6.2790698242e+02 6.2802600098e+02 6.2814398193e+02 6.2825500488e+02 6.2837298584e+02 6.2847900391e+02 6.2860797119e+02 6.2875500488e+02 6.2889202881e+02 6.2902301025e+02 6.2915002441e+02 6.2925201416e+02 6.2933300781e+02 6.2943499756e+02 6.2953997803e+02 6.2966101074e+02 6.2977301025e+02 6.2990002441e+02 6.3003399658e+02 6.3014801025e+02 6.3026202393e+02 6.3039599609e+02 6.3053802490e+02 6.3068298340e+02 6.3084399414e+02 6.3100897217e+02 6.3114697266e+02 6.3127502441e+02 6.3141998291e+02 6.3155798340e+02 6.3170202637e+02 6.3183898926e+02 6.3196600342e+02 6.3213800049e+02 6.3229302979e+02 6.3240502930e+02 6.3252801514e+02 6.3265600586e+02 6.3278302002e+02
6.2689501953e+02 6.2700799561e+02 6.2714202881e+02 6.2727398682e+02 6.2735601807e+02 6.2744097900e+02 6.2755200195e+02 6.2766198730e+02 6.2777301025e+02 6.2789202881e+02 6.2801000977e+02 6.2815002441e+02 6.2826702881e+02 6.2837902832e+02 6.2851000977e+02 6.2863897705e+02 6.2877398682e+02 6.2890899658e+02 6.2900799561e+02 6.2910699463e+02 6.2922399902e+02 6.2933300781e+02 6.2944500732e+02 6.2956201172e+02 6.2968298340e+02 6.2979998779e+02 6.2990301514e+02 6.3001800537e+02 6.3013299561e+02 6.3026300049e+02 6.3041802979e+02 6.3056701660e+02 6.3071301270e+02 6.3085198975e+02 6.3099597168e+02 6.3114398193e+02 6.3127398682e+02 6.3140698242e+02 6.3153997803e+02 6.3166601563e+02 6.3183801270e+02 6.3199200439e+02 6.3209399414e+02 6.3221502686e+02 6.3236401367e+02 6.3250500488e+02
6.2668701172e+02 6.2678900146e+02 6.2688397217e+02 6.2705499268e+02 6.2712402344e+02 6.2720898438e+02 6.2734997559e+02 6.2744396973e+02 6.2756298828e+02 6.2768597412e+02 6.2780102539e+02 6.2794000244e+02 6.2804699707e+02 6.2815502930e+02 6.2828100586e+02 6.2841601563e+02 6.2853100586e+02 6.2864697266e+02 6.2877398682e+02 6.2888397217e+02 6.2900000000e+02 6.2909698486e+02 6.2918200684e+02 6.2930902100e+02 6.2945397949e+02 6.2959100342e+02 6.2969702148e+02 6.2978802490e+02 6.2990600586e+02 6.3002301025e+02 6.3015301514e+02 6.3028698730e+02 6.3040899658e+02 6.3053900146e+02 6.3071099854e+02 6.3085900879e+02 6.3098199463e+02 6.3111602783e+02 6.3127899170e+02 6.3139501953e+02 6.3154998779e+02 6.3169598389e+02 6.3181097412e+02 6.3191601563e+02 6.3205798340e+02 6.3219500732e+02
6.2648901367e+02 6.2659997559e+02 6.2668701172e+02 6.2683398438e+02 6.2691601563e+02 6.2700701904e+02 6.2714202881e+02 6.2725097656e+02 6.2735797119e+02 6.2746502686e+02 6.2756201172e+02 6.2769500732e+02 6.2782000732e+02 6.2795800781e+02 6.2806097412e+02 6.2818499756e+02 6.2831500244e+02 6.2842797852e+02 6.2854498291e+02 6.2863800049e+02 6.2874597168e+02 6.2886798096e+02 6.2899102783e+02 6.2908502197e+02 6.2920599365e+02 6.2933898926e+02 6.2947399902e+02 6.2956799316e+02 6.2966900635e+02 6.2978601074e+02 6.2991699219e+02 6.3005297852e+02 6.3015997314e+02 6.3027197266e+02 6.3041699219e+02 6.3055200195e+02 6.3068200684e+02 6.3082598877e+02 6.3098297119e+02 6.3112200928e+02 6.3126397705e+02 6.3140502930e+02 6.3153002930e+02 6.3164898682e+02 6.3177600098e+02 6.3189501953e+02
6.2631201172e+02 6.2643902588e+02 6.2652001953e+02 6.2663897705e+02 6.2672198486e+02 6.2681500244e+02 6.2694097900e+02 6.2705102539e+02 6.2715600586e+02 6.2726000977e+02 6.2735198975e+02 6.2748199463e+02 6.2759600830e+02 6.2772802734e+02 6.2783502197e+02 6.2796502686e+02 6.2810101318e+02 6.2820898438e+02 6.2830700684e+02 6.2840197754e+02 6.2850799561e+02 6.2862799072e+02 6.2875500488e+02 6.2884600830e+02 6.2896002197e+02 6.2908300781e+02 6.2921197510e+02 6.2931799316e+02 6.2941998291e+02 6.2953100586e+02 6.2966900635e+02 6.2982098389e+02 6.2992498779e+02 6.3002502441e+02 6.3014099121e+02 6.3026098633e+02 6.3040600586e+02 6.3055798340e+02 6.3069000244e+02 6.3081597900e+02 6.3095599365e+02 6.3109002686e+02 6.3121398926e+02 6.3135198975e+02 6.3149700928e+02 6.3162200928e+02
6.2612097168e+02 6.2624200439e+02 6.2633898926e+02 6.2644897461e+02 6.2652899170e+02 6.2662298584e+02 6.2673999023e+02 6.2684399414e+02 6.2695697021e+02 6.2706701660e+02 6.2715002441e+02 6.2727801514e+02 6.2738598633e+02 6.2750500488e+02 6.2761602783e+02 6.2775701904e+02 6.2788598633e+02 6.2798199463e+02 6.2807501221e+02 6.2819897461e+02 6.2830603027e+02 6.2840301514e+02 6.2850500488e+02 6.2860198975e+02 6.2871801758e+02 6.2883502197e+02 6.2894500732e+02 6.2907299805e+02 6.2919000244e+02 6.2929498291e+02 6.2942199707e+02 6.2957299805e+02 6.2968200684e+02 6.2978802490e+02 6.2989697266e+02 6.3000299072e+02 6.3014202881e+02 6.3028601074e+02 6.3040600586e+02 6.3052899170e+02 6.3067498779e+02 6.3080700684e+02 6.3091101074e+02 6.3106201172e+02 6.3122497559e+02 6.3136401367e+02
6.2593902588e+02 6.2601098633e+02 6.2613299561e+02 6.2625201416e+02 6.2633099365e+02 6.2642297363e+02 6.2654101563e+02 6.2666998291e+02 6.2676397705e+02 6.2685400391e+02 6.2695001221e+02 6.2708001709e+02 6.2718499756e+02 6.2728399658e+02 6.2739501953e+02 6.2752502441e+02 6.2766101074e+02 6.2777001953e+02 6.2785601807e+02 6.2797601318e+02 6.2809899902e+02 6.2820898438e+02 6.2831701660e+02 6.2839099121e+02 6.2848699951e+02 6.2859002686e+02 6.2867297363e+02 6.2881799316e+02 6.2896099854e+02 6.2908001709e+02 6.2918798828e+02 6.2931298828e+02 6.2942199707e+02 6.2953497314e+02 6.2965002441e+02 6.2976702881e+02 6.2987500000e+02 6.2999102783e+02 6.3010998535e+02 6.3025799561e+02 6.3042199707e+02 6.3056500244e+02 6.3067700195e+02 6.3080102539e+02 6.3094702148e+02 6.3108398438e+02
6.2576202393e+02 6.2582702637e+02 6.2594799805e+02 6.2604901123e+02 6.2614202881e+02 6.2625299072e+02 6.2636602783e+02 6.2649102783e+02 6.2657098389e+02 6.2665502930e+02 6.2676300049e+02 6.2689599609e+02 6.2698999023e+02 6.2709899902e+02 6.2723699951e+02 6.2730297852e+02 6.2741802979e+02 6.2754699707e+02 6.2765100098e+02 6.2775402832e+02 6.2786602783e+02 6.2797900391e+02 6.2808801270e+02 6.2819598389e+02 6.2829998779e+02 6.2840600586e+02 6.2848797607e+02 6.2858398438e+02 6.2871398926e+02 6.2883197021e+02 6.2893798828e+02 6.2906799316e+02 6.2919299316e+02 6.2931298828e+02 6.2941601563e+02 6.2953002930e+02 6.2963397217e+02 6.2973901367e+02 6.2986700439e+02 6.3000500488e+02 6.3014001465e+02 6.3027600098e+02 6.3041900635e+02 6.3053100586e+02 6.3065301514e+02 6.3078900146e+02
6.2557702637e+02 6.2564697266e+02 6.2576000977e+02 6.2584899902e+02 6.2594702148e+02 6.2605798340e+02 6.2615600586e+02 6.2626397705e+02 6.2636297607e+02 6.2646600342e+02 6.2656097412e+02 6.2668103027e+02 6.2677697754e+02 6.2689501953e+02 6.2704101563e+02 6.2711199951e+02 6.2720697021e+02 6.2732202148e+02 6.2743701172e+02 6.2754101563e+02 6.2763500977e+02 6.2773498535e+02 6.2783898926e+02 6.2795697021e+02 6.2808197021e+02 6.2821099854e+02 6.2832702637e+02 6.2839801025e+02 6.2849700928e+02 6.2859399414e+02 6.2867999268e+02 6.2878997803e+02 6.2891302490e+02 6.2904302979e+02 6.2915100098e+02 6.2927001953e+02 6.2939300537e+02 6.2951898193e+02 6.2966101074e+02 6.2978100586e+02 6.2988000488e+02 6.2999401855e+02 6.3014801025e+02 6.3025799561e+02 6.3037701416e+02 6.3051300049e+02
6.2538702393e+02 6.2545800781e+02 6.2555102539e+02 6.2564501953e+02 6.2573999023e+02 6.2583197021e+02 6.2593402100e+02 6.2604498291e+02 6.2616400146e+02 6.2627600098e+02 6.2635601807e+02 6.2646197510e+02 6.2654901123e+02 6.2664898682e+02 6.2678802490e+02 6.2691302490e+02 6.2701397705e+02 6.2711199951e+02 6.2721197510e+02 6.2732299805e+02 6.2741400146e+02 6.2751397705e+02 6.2761499023e+02 6.2772399902e+02 6.2784600830e+02 6.2798101807e+02 6.2811602783e+02 6.2819598389e+02 6.2829498291e+02 6.2839300537e+02 6.2846997070e+02 6.2855401611e+02 6.2865100098e+02 6.2876202393e+02 6.2886700439e+02 6.2899200439e+02 6.2912799072e+02 6.2928100586e+02 6.2943902588e+02 6.2955401611e+02 6.2963897705e+02 6.2973498535e+02 6.2986999512e+02 6.2999200439e+02 6.3012902832e+02 6.3027099609e+02
