TESTSERVER/13/8.asc
NCOLS 100
NROWS 100
XLLCORNER 8.1497500000e+03
YLLCORNER 2.8955025000e+05
CELLSIZE 5.0000000000e-01
NODATA_VALUE -9.9990000000e+03
[rows 60 to 79 of 100, columns 46 to 91 of 100]
6.2134997559e+02 6.2142700195e+02 6.2151202393e+02 6.2158697510e+02 6.2165802002e+02 6.2174499512e+02 6.2183001709e+02 6.2191601563e+02 6.2202398682e+02 6.2212799072e+02 6.2221301270e+02 6.2233300781e+02 6.2244396973e+02 6.2253198242e+02 6.2264001465e+02 6.2276397705e+02 6.2287597656e+02 6.2297198486e+02 6.2305902100e+02 6.2314898682e+02 6.2327099609e+02 6.2340502930e+02 6.2352099609e+02 6.2362097168e+02 6.2371801758e+02 6.2382897949e+02 6.2395202637e+02 6.2407202148e+02 6.2415698242e+02 6.2422601318e+02 6.2434698486e+02 6.2448101807e+02 6.2458001709e+02 6.2467102051e+02 6.2476000977e+02 6.2484802246e+02 6.2496600342e+02 6.2509100342e+02 6.2521197510e+02 6.2532501221e+02 6.2555902100e+02 6.2590997314e+02 6.2630798340e+02 6.2667700195e+02 6.2703900146e+02 6.2736901855e+02
6.2111602783e+02 6.2117700195e+02 6.2127197266e+02 6.2136901855e+02 6.2145800781e+02 6.2154699707e+02 6.2162402344e+02 6.2171502686e+02 6.2182598877e+02 6.2192797852e+02 6.2202697754e+02 6.2213098145e+02 6.2224298096e+02 6.2233197021e+02 6.2243798828e+02 6.2254602051e+02 6.2265399170e+02 6.2277502441e+02 6.2290802002e+02 6.2302301025e+02 6.2312500000e+02 6.2323901367e+02 6.2334600830e+02 6.2346502686e+02 6.2357702637e+02 6.2368402100e+02 6.2379199219e+02 6.2391198730e+02 6.2400201416e+02 6.2406896973e+02 6.2418103027e+02 6.2429797363e+02 6.2440399170e+02 6.2450500488e+02 6.2459899902e+02 6.2467700195e+02 6.2478698730e+02 6.2491802979e+02 6.2506097412e+02 6.2517901611e+02 6.2542102051e+02 6.2578302002e+02 6.2614300537e+02 6.2649798584e+02 6.2690301514e+02 6.2728601074e+02
6.2090100098e+02 6.2096502686e+02 6.2105700684e+02 6.2116497803e+02 6.2126898193e+02 6.2135498047e+02 6.2141998291e+02 6.2151702881e+02 6.2162298584e+02 6.2171600342e+02 6.2182098389e+02 6.2192901611e+02 6.2203601074e+02 6.2212701416e+02 6.2224902344e+02 6.2237701416e+02 6.2248297119e+02 6.2259600830e+02 6.2271301270e+02 6.2283398438e+02 6.2295202637e+02 6.2307501221e+02 6.2318200684e+02 6.2329199219e+02 6.2341699219e+02 6.2353002930e+02 6.2362597656e+02 6.2375201416e+02 6.2385302734e+02 6.2393200684e+02 6.2403601074e+02 6.2414099121e+02 6.2425201416e+02 6.2436297607e+02 6.2445501709e+02 6.2452398682e+02 6.2462097168e+02 6.2474902344e+02 6.2489001465e+02 6.2502197266e+02 6.2528497314e+02 6.2565399170e+02 6.2598699951e+02 6.2631097412e+02 6.2672302246e+02 6.2713201904e+02
6.2070697021e+02 6.2077697754e+02 6.2085601807e+02 6.2095098877e+02 6.2105401611e+02 6.2114202881e+02 6.2120898438e+02 6.2131097412e+02 6.2141400146e+02 6.2149499512e+02 6.2159698486e+02 6.2172802734e+02 6.2184100342e+02 6.2193597412e+02 6.2205700684e+02 6.2218402100e+02 6.2229498291e+02 6.2241101074e+02 6.2250402832e+02 6.2261297607e+02 6.2275500488e+02 6.2289801025e+02 6.2301300049e+02 6.2312298584e+02 6.2325201416e+02 6.2335900879e+02 6.2344299316e+02 6.2357800293e+02 6.2369201660e+02 6.2378601074e+02 6.2389099121e+02 6.2399902344e+02 6.2411102295e+02 6.2422399902e+02 6.2432598877e+02 6.2439398193e+02 6.2449298096e+02 6.2463098145e+02 6.2475000000e+02 6.2486901855e+02 6.2513397217e+02 6.2550598145e+02 6.2584698486e+02 6.2614801025e+02 6.2654797363e+02 6.2695300293e+02
6.2051098633e+02 6.2057598877e+02 6.2065197754e+02 6.2072198486e+02 6.2081402588e+02 6.2090899658e+02 6.2099597168e+02 6.2110998535e+02 6.2121997070e+02 6.2131097412e+02 6.2140698242e+02 6.2152099609e+02 6.2162902832e+02 6.2173498535e+02 6.2184301758e+02 6.2196099854e+02 6.2208001709e+02 6.2221502686e+02 6.2233099365e+02 6.2241802979e+02 6.2255603027e+02 6.2271301270e+02 6.2283502197e+02 6.2294500732e+02 6.2307501221e+02 6.2317297363e+02 6.2325097656e+02 6.2337701416e+02 6.2351000977e+02 6.2362597656e+02 6.2373797607e+02 6.2384002686e+02 6.2395501709e+02 6.2407202148e+02 6.2418902588e+02 6.2426898193e+02 6.2435198975e+02 6.2446899414e+02 6.2460302734e+02 6.2474798584e+02 6.2499298096e+02 6.2534997559e+02 6.2569299316e+02 6.2595599365e+02 6.2634301758e+02 6.2673797607e+02
6.2027099609e+02 6.2035198975e+02 6.2045397949e+02 6.2051300049e+02 6.2059899902e+02 6.2070397949e+02 6.2079699707e+02 6.2088702393e+02 6.2100402832e+02 6.2112200928e+02 6.2123101807e+02 6.2134600830e+02 6.2145599365e+02 6.2155798340e+02 6.2165100098e+02 6.2178497314e+02 6.2189599609e+02 6.2201202393e+02 6.2213598633e+02 6.2223400879e+02 6.2235498047e+02 6.2249798584e+02 6.2263098145e+02 6.2275402832e+02 6.2288500977e+02 6.2298901367e+02 6.2307501221e+02 6.2320501709e+02 6.2334197998e+02 6.2345501709e+02 6.2356701660e+02 6.2368798828e+02 6.2381701660e+02 6.2393902588e+02 6.2403198242e+02 6.2411602783e+02 6.2422998047e+02 6.2436901855e+02 6.2452398682e+02 6.2467297363e+02 6.2486798096e+02 6.2515502930e+02 6.2541998291e+02 6.2566400146e+02 6.2602697754e+02 6.2639599609e+02
6.2003002930e+02 6.2013000488e+02 6.2024102783e+02 6.2029998779e+02 6.2039898682e+02 6.2051397705e+02 6.2060498047e+02 6.2067102051e+02 6.2078601074e+02 6.2090802002e+02 6.2102099609e+02 6.2113702393e+02 6.2126098633e+02 6.2137200928e+02 6.2147198486e+02 6.2160198975e+02 6.2170397949e+02 6.2181097412e+02 6.2193499756e+02 6.2204199219e+02 6.2215502930e+02 6.2228601074e+02 6.2241998291e+02 6.2254400635e+02 6.2268499756e+02 6.2280999756e+02 6.2290698242e+02 6.2302899170e+02 6.2316497803e+02 6.2328399658e+02 6.2339898682e+02 6.2352099609e+02 6.2364202881e+02 6.2376202393e+02 6.2387298584e+02 6.2395898438e+02 6.2407000732e+02 6.2420800781e+02 6.2435797119e+02 6.2450799561e+02 6.2465899658e+02 6.2486700439e+02 6.2509399414e+02 6.2535498047e+02 6.2570098877e+02 6.2603399658e+02
6.1982598877e+02 6.1992700195e+02 6.2002600098e+02 6.2009399414e+02 6.2018902588e+02 6.2029998779e+02 6.2041802979e+02 6.2050598145e+02 6.2061798096e+02 6.2072399902e+02 6.2081597900e+02 6.2092401123e+02 6.2104901123e+02 6.2115997314e+02 6.2126397705e+02 6.2138397217e+02 6.2149298096e+02 6.2160797119e+02 6.2172601318e+02 6.2183599854e+02 6.2194598389e+02 6.2207598877e+02 6.2220800781e+02 6.2232202148e+02 6.2247497559e+02 6.2261798096e+02 6.2272399902e+02 6.2284002686e+02 6.2297698975e+02 6.2310400391e+02 6.2321899414e+02 6.2334100342e+02 6.2345300293e+02 6.2357202148e+02 6.2370300293e+02 6.2378002930e+02 6.2387298584e+02 6.2398602295e+02 6.2411901855e+02 6.2426702881e+02 6.2439599609e+02 6.2457397461e+02 6.2480603027e+02 6.2506597900e+02 6.2538598633e+02 6.2568200684e+02
6.1966497803e+02 6.1974902344e+02 6.1982000732e+02 6.1990502930e+02 6.1997998047e+02 6.2007397461e+02 6.2023101807e+02 6.2035601807e+02 6.2046398926e+02 6.2054998779e+02 6.2063201904e+02 6.2073999023e+02 6.2085601807e+02 6.2096002197e+02 6.2107000732e+02 6.2119799805e+02 6.2130999756e+02 6.2141302490e+02 6.2152398682e+02 6.2161798096e+02 6.2173199463e+02 6.2186700439e+02 6.2199298096e+02 6.2210699463e+02 6.2226300049e+02 6.2239697266e+02 6.2250500488e+02 6.2264697266e+02 6.2278802490e+02 6.2291198730e+02 6.2302600098e+02 6.2315100098e+02 6.2325897217e+02 6.2338098145e+02 6.2353399658e+02 6.2363397217e+02 6.2374200439e+02 6.2383197021e+02 6.2394299316e+02 6.2409197998e+02 6.2420599365e+02 6.2435900879e+02 6.2458197021e+02 6.2478399658e+02 6.2504901123e+02 6.2530499268e+02
6.1943597412e+02 6.1952801514e+02 6.1963098145e+02 6.1973699951e+02 6.1981896973e+02 6.1989398193e+02 6.2001599121e+02 6.2013800049e+02 6.2023999023e+02 6.2033099365e+02 6.2042297363e+02 6.2054302979e+02 6.2066601563e+02 6.2078302002e+02 6.2088897705e+02 6.2100402832e+02 6.2112500000e+02 6.2124499512e+02 6.2136602783e+02 6.2144702148e+02 6.2155200195e+02 6.2168701172e+02 6.2179101563e+02 6.2189099121e+02 6.2203302002e+02 6.2216900635e+02 6.2229797363e+02 6.2244799805e+02 6.2258300781e+02 6.2270599365e+02 6.2282897949e+02 6.2295599365e+02 6.2308300781e+02 6.2321197510e+02 6.2334698486e+02 6.2346899414e+02 6.2358001709e+02 6.2366900635e+02 6.2381896973e+02 6.2397900391e+02 6.2408398438e+02 6.2417602539e+02 6.2430102539e+02 6.2447998047e+02 6.2472399902e+02 6.2492999268e+02
6.1922601318e+02 6.1931500244e+02 6.1944097900e+02 6.1955401611e+02 6.1964202881e+02 6.1972497559e+02 6.1982202148e+02 6.1991900635e+02 6.2002197266e+02 6.2012097168e+02 6.2022198486e+02 6.2034399414e+02 6.2046301270e+02 6.2058197021e+02 6.2069799805e+02 6.2080499268e+02 6.2091900635e+02 6.2104797363e+02 6.2117999268e+02 6.2126599121e+02 6.2136297607e+02 6.2148999023e+02 6.2159698486e+02 6.2169598389e+02 6.2182299805e+02 6.2196099854e+02 6.2209100342e+02 6.2225500488e+02 6.2238500977e+02 6.2249798584e+02 6.2262402344e+02 6.2275500488e+02 6.2290002441e+02 6.2304199219e+02 6.2316302490e+02 6.2328997803e+02 6.2340002441e+02 6.2349499512e+02 6.2364398193e+02 6.2379901123e+02 6.2394799805e+02 6.2405200195e+02 6.2411499023e+02 6.2425897217e+02 6.2448101807e+02 6.2465502930e+02
6.1906402588e+02 6.1913897705e+02 6.1924597168e+02 6.1934698486e+02 6.1942602539e+02 6.1952502441e+02 6.1964300537e+02 6.1972802734e+02 6.1983197021e+02 6.1993200684e+02 6.2002899170e+02 6.2015997314e+02 6.2027697754e+02 6.2039398193e+02 6.2051000977e+02 6.2061901855e+02 6.2072900391e+02 6.2084100342e+02 6.2095300293e+02 6.2105999756e+02 6.2116302490e+02 6.2128399658e+02 6.2140399170e+02 6.2151397705e+02 6.2162597656e+02 6.2175500488e+02 6.2188098145e+02 6.2205297852e+02 6.2217498779e+02 6.2227899170e+02 6.2240997314e+02 6.2253497314e+02 6.2268200684e+02 6.2283197021e+02 6.2295697021e+02 6.2308801270e+02 6.2321398926e+02 6.2332000732e+02 6.2343701172e+02 6.2358001709e+02 6.2378002930e+02 6.2393402100e+02 6.2398602295e+02 6.2408502197e+02 6.2428002930e+02 6.2445800781e+02
6.1889001465e+02 6.1896099854e+02 6.1903802490e+02 6.1916198730e+02 6.1924597168e+02 6.1934497070e+02 6.1946697998e+02 6.1954797363e+02 6.1964398193e+02 6.1974200439e+02 6.1983697510e+02 6.1997497559e+02 6.2009600830e+02 6.2021398926e+02 6.2031402588e+02 6.2041802979e+02 6.2055102539e+02 6.2066998291e+02 6.2077197266e+02 6.2089099121e+02 6.2098797607e+02 6.2109197998e+02 6.2122198486e+02 6.2132897949e+02 6.2143103027e+02 6.2154400635e+02 6.2166302490e+02 6.2181500244e+02 6.2194201660e+02 6.2206402588e+02 6.2221197510e+02 6.2233001709e+02 6.2245300293e+02 6.2259600830e+02 6.2275097656e+02 6.2288397217e+02 6.2301599121e+02 6.2313098145e+02 6.2322302246e+02 6.2338397217e+02 6.2359899902e+02 6.2379498291e+02 6.2390502930e+02 6.2397198486e+02 6.2412402344e+02 6.2429602051e+02
6.1868298340e+02 6.1877301025e+02 6.1886499023e+02 6.1898101807e+02 6.1907702637e+02 6.1917498779e+02 6.1928698730e+02 6.1937701416e+02 6.1947802734e+02 6.1957598877e+02 6.1967999268e+02 6.1979901123e+02 6.1990100098e+02 6.2001000977e+02 6.2011297607e+02 6.2021697998e+02 6.2033300781e+02 6.2045098877e+02 6.2057000732e+02 6.2070202637e+02 6.2080700684e+02 6.2090997314e+02 6.2103900146e+02 6.2114398193e+02 6.2124102783e+02 6.2135302734e+02 6.2146600342e+02 6.2159197998e+02 6.2171801758e+02 6.2185101318e+02 6.2200097656e+02 6.2211602783e+02 6.2222100830e+02 6.2235101318e+02 6.2252398682e+02 6.2267498779e+02 6.2278802490e+02 6.2290698242e+02 6.2305200195e+02 6.2323101807e+02 6.2343103027e+02 6.2362701416e+02 6.2377099609e+02 6.2389697266e+02 6.2404498291e+02 6.2418701172e+02
6.1851000977e+02 6.1861199951e+02 6.1870599365e+02 6.1880499268e+02 6.1890002441e+02 6.1900402832e+02 6.1910900879e+02 6.1920397949e+02 6.1931201172e+02 6.1940399170e+02 6.1950201416e+02 6.1961401367e+02 6.1971697998e+02 6.1982702637e+02 6.1993298340e+02 6.2003399658e+02 6.2013201904e+02 6.2024298096e+02 6.2037097168e+02 6.2050097656e+02 6.2061102295e+02 6.2071398926e+02 6.2083502197e+02 6.2095300293e+02 6.2106402588e+02 6.2116900635e+02 6.2127398682e+02 6.2139202881e+02 6.2151501465e+02 6.2164501953e+02 6.2178601074e+02 6.2188702393e+02 6.2199798584e+02 6.2213500977e+02 6.2230401611e+02 6.2245898438e+02 6.2257098389e+02 6.2269500732e+02 6.2284899902e+02 6.2301300049e+02 6.2319897461e+02 6.2340802002e+02 6.2358502197e+02 6.2378002930e+02 6.2397100830e+02 6.2411297607e+02
6.1834399414e+02 6.1844299316e+02 6.1853302002e+02 6.1862701416e+02 6.1871697998e+02 6.1882702637e+02 6.1892999268e+02 6.1903198242e+02 6.1914001465e+02 6.1922198486e+02 6.1932098389e+02 6.1943798828e+02 6.1954199219e+02 6.1965002441e+02 6.1975701904e+02 6.1986901855e+02 6.1996801758e+02 6.2006896973e+02 6.2018298340e+02 6.2030603027e+02 6.2040997314e+02 6.2051397705e+02 6.2063800049e+02 6.2076800537e+02 6.2088702393e+02 6.2098199463e+02 6.2108099365e+02 6.2120697021e+02 6.2132702637e+02 6.2144500732e+02 6.2158300781e+02 6.2168798828e+02 6.2180297852e+02 6.2194097900e+02 6.2207800293e+02 6.2221697998e+02 6.2233599854e+02 6.2247198486e+02 6.2261798096e+02 6.2277001953e+02 6.2294396973e+02 6.2315002441e+02 6.2334497070e+02 6.2360198975e+02 6.2384197998e+02 6.2400897217e+02
6.1815002441e+02 6.1823797607e+02 6.1833801270e+02 6.1844897461e+02 6.1853497314e+02 6.1863897705e+02 6.1875598145e+02 6.1887597656e+02 6.1897802734e+02 6.1905297852e+02 6.1915002441e+02 6.1925897217e+02 6.1934399414e+02 6.1944897461e+02 6.1957202148e+02 6.1969000244e+02 6.1979797363e+02 6.1989001465e+02 6.1998999023e+02 6.2011901855e+02 6.2022802734e+02 6.2033697510e+02 6.2045397949e+02 6.2055700684e+02 6.2067901611e+02 6.2078302002e+02 6.2089099121e+02 6.2102197266e+02 6.2113098145e+02 6.2123999023e+02 6.2137902832e+02 6.2150000000e+02 6.2161499023e+02 6.2173498535e+02 6.2185498047e+02 6.2198297119e+02 6.2210998535e+02 6.2225799561e+02 6.2240997314e+02 6.2259100342e+02 6.2274798584e+02 6.2290899658e+02 6.2313500977e+02 6.2340600586e+02 6.2365997314e+02 6.2385498047e+02
6.1798101807e+02 6.1807000732e+02 6.1816900635e+02 6.1828100586e+02 6.1836700439e+02 6.1845501709e+02 6.1857299805e+02 6.1869299316e+02 6.1879797363e+02 6.1889300537e+02 6.1901202393e+02 6.1911798096e+02 6.1917297363e+02 6.1925402832e+02 6.1938800049e+02 6.1950000000e+02 6.1961700439e+02 6.1971997070e+02 6.1981097412e+02 6.1992297363e+02 6.2003802490e+02 6.2014599609e+02 6.2025097656e+02 6.2035302734e+02 6.2047802734e+02 6.2059497070e+02 6.2070898438e+02 6.2082299805e+02 6.2093902588e+02 6.2106298828e+02 6.2118597412e+02 6.2129797363e+02 6.2140997314e+02 6.2152801514e+02 6.2165301514e+02 6.2177502441e+02 6.2189501953e+02 6.2204602051e+02 6.2221398926e+02 6.2241802979e+02 6.2256896973e+02 6.2270898438e+02 6.2292297363e+02 6.2319897461e+02 6.2345800781e+02 6.2365502930e+02
6.1782501221e+02 6.1791601563e+02 6.1799401855e+02 6.1809802246e+02 6.1820898438e+02 6.1830499268e+02 6.1839697266e+02 6.1850402832e+02 6.1861199951e+02 6.1871899414e+02 6.1884997559e+02 6.1895697021e+02 6.1902099609e+02 6.1909997559e+02 6.1922302246e+02 6.1932299805e+02 6.1943103027e+02 6.1954400635e+02 6.1964898682e+02 6.1975701904e+02 6.1987597656e+02 6.1998101807e+02 6.2007098389e+02 6.2017102051e+02 6.2028900146e+02 6.2041601563e+02 6.2054998779e+02 6.2064001465e+02 6.2075097656e+02 6.2088000488e+02 6.2099798584e+02 6.2110198975e+02 6.2121997070e+02 6.2134002686e+02 6.2146697998e+02 6.2158300781e+02 6.2169299316e+02 6.2183197021e+02 6.2199200439e+02 6.2219799805e+02 6.2234698486e+02 6.2247900391e+02 6.2268298340e+02 6.2294702148e+02 6.2322302246e+02 6.2345001221e+02
6.1767602539e+02 6.1776800537e+02 6.1782800293e+02 6.1792102051e+02 6.1805102539e+02 6.1815997314e+02 6.1822802734e+02 6.1831799316e+02 6.1842901611e+02 6.1853698730e+02 6.1865399170e+02 6.1876702881e+02 6.1886199951e+02 6.1895300293e+02 6.1906201172e+02 6.1917297363e+02 6.1926397705e+02 6.1936401367e+02 6.1947601318e+02 6.1958300781e+02 6.1969396973e+02 6.1979797363e+02 6.1989898682e+02 6.2000402832e+02 6.2011102295e+02 6.2023498535e+02 6.2037799072e+02 6.2045300293e+02 6.2055401611e+02 6.2068200684e+02 6.2081500244e+02 6.2091400146e+02 6.2103002930e+02 6.2114801025e+02 6.2127301025e+02 6.2139697266e+02 6.2150598145e+02 6.2163000488e+02 6.2177301025e+02 6.2197302246e+02 6.2211798096e+02 6.2224597168e+02 6.2244299316e+02 6.2269299316e+02 6.2297802734e+02 6.2324200439e+02
