TESTSERVER/13/8.asc
NCOLS 100
NROWS 100
XLLCORNER 8.1497500000e+03
YLLCORNER 2.8955025000e+05
CELLSIZE 5.0000000000e-01
NODATA_VALUE -9.9990000000e+03
[rows 40 to 59 of 100, columns 46 to 91 of 100]
6.2521301270e+02 6.2528601074e+02 6.2537097168e+02 6.2546002197e+02 6.2554400635e+02 6.2562097168e+02 6.2572302246e+02 6.2584698486e+02 6.2596301270e+02 6.2605603027e+02 6.2613299561e+02 6.2625701904e+02 6.2634301758e+02 6.2642999268e+02 6.2654602051e+02 6.2667797852e+02 6.2678399658e+02 6.2687701416e+02 6.2696997070e+02 6.2707397461e+02 6.2718499756e+02 6.2730798340e+02 6.2740997314e+02 6.2751397705e+02 6.2762298584e+02 6.2773602295e+02 6.2784497070e+02 6.2795202637e+02 6.2806701660e+02 6.2817901611e+02 6.2827801514e+02 6.2838702393e+02 6.2845098877e+02 6.2852197266e+02 6.2860198975e+02 6.2872399902e+02 6.2884698486e+02 6.2899298096e+02 6.2913702393e+02 6.2929797363e+02 6.2942700195e+02 6.2953302002e+02 6.2962799072e+02 6.2973699951e+02 6.2988897705e+02 6.3003601074e+02
6.2502099609e+02 6.2509497070e+02 6.2520098877e+02 6.2528302002e+02 6.2536102295e+02 6.2544201660e+02 6.2554498291e+02 6.2564599609e+02 6.2574700928e+02 6.2582598877e+02 6.2589300537e+02 6.2601702881e+02 6.2612097168e+02 6.2622399902e+02 6.2633197021e+02 6.2643402100e+02 6.2655902100e+02 6.2668200684e+02 6.2677697754e+02 6.2685601807e+02 6.2696997070e+02 6.2709600830e+02 6.2719097900e+02 6.2729998779e+02 6.2739300537e+02 6.2748498535e+02 6.2759600830e+02 6.2771099854e+02 6.2782000732e+02 6.2792901611e+02 6.2804797363e+02 6.2815698242e+02 6.2822198486e+02 6.2830401611e+02 6.2838500977e+02 6.2848999023e+02 6.2860101318e+02 6.2872601318e+02 6.2884997559e+02 6.2899597168e+02 6.2915002441e+02 6.2928198242e+02 6.2939501953e+02 6.2952502441e+02 6.2965301514e+02 6.2978399658e+02
6.2484899902e+02 6.2491900635e+02 6.2501702881e+02 6.2511798096e+02 6.2519799805e+02 6.2526098633e+02 6.2534899902e+02 6.2542999268e+02 6.2551800537e+02 6.2558898926e+02 6.2565197754e+02 6.2578497314e+02 6.2589898682e+02 6.2601300049e+02 6.2611999512e+02 6.2620800781e+02 6.2634197998e+02 6.2647802734e+02 6.2658502197e+02 6.2667901611e+02 6.2678497314e+02 6.2688897705e+02 6.2697497559e+02 6.2708197021e+02 6.2717401123e+02 6.2726800537e+02 6.2738598633e+02 6.2748797607e+02 6.2758502197e+02 6.2769201660e+02 6.2780902100e+02 6.2790698242e+02 6.2799102783e+02 6.2809802246e+02 6.2818402100e+02 6.2827502441e+02 6.2837701416e+02 6.2848797607e+02 6.2858898926e+02 6.2870397949e+02 6.2883697510e+02 6.2896801758e+02 6.2910699463e+02 6.2925299072e+02 6.2937902832e+02 6.2951202393e+02
6.2470098877e+02 6.2475299072e+02 6.2481500244e+02 6.2491699219e+02 6.2500402832e+02 6.2505700684e+02 6.2513800049e+02 6.2522998047e+02 6.2532000732e+02 6.2539001465e+02 6.2544598389e+02 6.2557202148e+02 6.2569396973e+02 6.2581201172e+02 6.2591302490e+02 6.2599401855e+02 6.2611499023e+02 6.2622900391e+02 6.2633898926e+02 6.2645898438e+02 6.2657897949e+02 6.2668200684e+02 6.2676397705e+02 6.2686999512e+02 6.2696099854e+02 6.2705603027e+02 6.2717901611e+02 6.2727001953e+02 6.2736901855e+02 6.2748498535e+02 6.2758697510e+02 6.2767102051e+02 6.2776300049e+02 6.2787799072e+02 6.2797601318e+02 6.2806896973e+02 6.2816601563e+02 6.2826800537e+02 6.2835900879e+02 6.2845202637e+02 6.2855999756e+02 6.2867602539e+02 6.2881402588e+02 6.2896398926e+02 6.2908599854e+02 6.2922900391e+02
6.2452801514e+02 6.2458599854e+02 6.2464001465e+02 6.2470397949e+02 6.2478100586e+02 6.2484197998e+02 6.2492297363e+02 6.2503399658e+02 6.2514202881e+02 6.2522998047e+02 6.2529199219e+02 6.2537701416e+02 6.2548699951e+02 6.2560101318e+02 6.2568103027e+02 6.2578198242e+02 6.2590002441e+02 6.2599298096e+02 6.2608398438e+02 6.2621002197e+02 6.2634100342e+02 6.2645501709e+02 6.2653497314e+02 6.2665502930e+02 6.2674499512e+02 6.2683300781e+02 6.2694500732e+02 6.2705102539e+02 6.2716699219e+02 6.2729797363e+02 6.2740600586e+02 6.2748297119e+02 6.2756500244e+02 6.2765899658e+02 6.2776702881e+02 6.2786499023e+02 6.2795300293e+02 6.2805499268e+02 6.2816198730e+02 6.2825500488e+02 6.2835900879e+02 6.2845800781e+02 6.2857202148e+02 6.2870397949e+02 6.2883001709e+02 6.2898199463e+02
6.2432000732e+02 6.2438201904e+02 6.2446398926e+02 6.2452001953e+02 6.2458502197e+02 6.2466101074e+02 6.2474499512e+02 6.2482098389e+02 6.2492199707e+02 6.2502301025e+02 6.2508898926e+02 6.2518103027e+02 6.2527899170e+02 6.2538598633e+02 6.2549102783e+02 6.2558898926e+02 6.2571600342e+02 6.2581298828e+02 6.2588897705e+02 6.2600897217e+02 6.2613000488e+02 6.2623797607e+02 6.2632800293e+02 6.2643902588e+02 6.2653302002e+02 6.2662402344e+02 6.2673999023e+02 6.2684997559e+02 6.2694396973e+02 6.2704901123e+02 6.2716302490e+02 6.2726501465e+02 6.2735498047e+02 6.2744598389e+02 6.2755200195e+02 6.2764099121e+02 6.2772900391e+02 6.2784100342e+02 6.2796301270e+02 6.2805798340e+02 6.2816302490e+02 6.2826501465e+02 6.2837701416e+02 6.2847497559e+02 6.2857897949e+02 6.2871197510e+02
6.2416601563e+02 6.2422601318e+02 6.2428002930e+02 6.2432299805e+02 6.2438897705e+02 6.2447497559e+02 6.2456201172e+02 6.2463500977e+02 6.2472900391e+02 6.2482397461e+02 6.2489599609e+02 6.2500500488e+02 6.2509698486e+02 6.2518499756e+02 6.2529199219e+02 6.2538702393e+02 6.2551000977e+02 6.2560900879e+02 6.2568798828e+02 6.2579199219e+02 6.2591198730e+02 6.2602801514e+02 6.2612402344e+02 6.2622302246e+02 6.2631896973e+02 6.2641400146e+02 6.2653002930e+02 6.2664599609e+02 6.2673999023e+02 6.2683697510e+02 6.2693798828e+02 6.2703997803e+02 6.2713397217e+02 6.2722998047e+02 6.2734301758e+02 6.2743902588e+02 6.2752398682e+02 6.2762500000e+02 6.2773602295e+02 6.2783001709e+02 6.2794097900e+02 6.2806201172e+02 6.2818902588e+02 6.2826300049e+02 6.2832897949e+02 6.2843200684e+02
6.2400598145e+02 6.2404699707e+02 6.2409002686e+02 6.2414801025e+02 6.2421398926e+02 6.2428002930e+02 6.2435998535e+02 6.2444097900e+02 6.2453399658e+02 6.2463500977e+02 6.2471301270e+02 6.2481799316e+02 6.2490399170e+02 6.2498699951e+02 6.2510400391e+02 6.2520501709e+02 6.2531097412e+02 6.2539801025e+02 6.2547998047e+02 6.2558599854e+02 6.2570501709e+02 6.2582098389e+02 6.2592297363e+02 6.2602301025e+02 6.2612799072e+02 6.2622698975e+02 6.2632800293e+02 6.2643200684e+02 6.2653497314e+02 6.2663500977e+02 6.2672601318e+02 6.2682397461e+02 6.2691998291e+02 6.2701898193e+02 6.2713299561e+02 6.2723797607e+02 6.2732702637e+02 6.2742199707e+02 6.2752398682e+02 6.2763098145e+02 6.2774902344e+02 6.2787200928e+02 6.2799401855e+02 6.2806701660e+02 6.2812402344e+02 6.2822497559e+02
6.2381500244e+02 6.2384399414e+02 6.2389801025e+02 6.2398797607e+02 6.2405102539e+02 6.2409802246e+02 6.2417498779e+02 6.2424200439e+02 6.2432501221e+02 6.2442401123e+02 6.2451098633e+02 6.2461602783e+02 6.2469598389e+02 6.2478601074e+02 6.2492199707e+02 6.2502801514e+02 6.2511297607e+02 6.2518499756e+02 6.2530603027e+02 6.2541400146e+02 6.2551300049e+02 6.2562200928e+02 6.2575201416e+02 6.2584301758e+02 6.2594396973e+02 6.2604400635e+02 6.2613897705e+02 6.2622900391e+02 6.2633697510e+02 6.2642498779e+02 6.2649700928e+02 6.2661102295e+02 6.2670898438e+02 6.2680700684e+02 6.2692297363e+02 6.2702600098e+02 6.2712097168e+02 6.2723199463e+02 6.2733801270e+02 6.2745397949e+02 6.2756799316e+02 6.2767901611e+02 6.2778399658e+02 6.2788897705e+02 6.2798400879e+02 6.2811499023e+02
6.2363598633e+02 6.2367999268e+02 6.2374700928e+02 6.2380401611e+02 6.2386297607e+02 6.2392797852e+02 6.2401898193e+02 6.2409100342e+02 6.2417199707e+02 6.2425000000e+02 6.2433099365e+02 6.2442901611e+02 6.2449499512e+02 6.2458697510e+02 6.2471502686e+02 6.2479901123e+02 6.2490399170e+02 6.2500897217e+02 6.2512799072e+02 6.2522497559e+02 6.2530902100e+02 6.2541101074e+02 6.2554199219e+02 6.2563800049e+02 6.2572302246e+02 6.2582000732e+02 6.2592700195e+02 6.2604400635e+02 6.2616101074e+02 6.2624902344e+02 6.2632000732e+02 6.2644299316e+02 6.2653802490e+02 6.2661199951e+02 6.2671002197e+02 6.2682299805e+02 6.2691802979e+02 6.2702801514e+02 6.2713000488e+02 6.2723400879e+02 6.2733599854e+02 6.2744598389e+02 6.2756799316e+02 6.2770098877e+02 6.2782397461e+02 6.2794500732e+02
6.2343902588e+02 6.2348797607e+02 6.2356298828e+02 6.2361798096e+02 6.2367901611e+02 6.2373602295e+02 6.2381896973e+02 6.2390301514e+02 6.2399200439e+02 6.2407501221e+02 6.2416198730e+02 6.2425799561e+02 6.2432098389e+02 6.2440698242e+02 6.2454498291e+02 6.2461401367e+02 6.2471301270e+02 6.2483697510e+02 6.2493701172e+02 6.2501501465e+02 6.2509997559e+02 6.2520300293e+02 6.2533099365e+02 6.2543902588e+02 6.2553198242e+02 6.2562500000e+02 6.2572399902e+02 6.2583898926e+02 6.2595001221e+02 6.2604302979e+02 6.2612902832e+02 6.2624298096e+02 6.2634497070e+02 6.2642297363e+02 6.2650402832e+02 6.2661999512e+02 6.2672900391e+02 6.2683801270e+02 6.2692498779e+02 6.2702099609e+02 6.2712799072e+02 6.2724798584e+02 6.2737500000e+02 6.2753497314e+02 6.2770300293e+02 6.2783001709e+02
6.2324798584e+02 6.2328802490e+02 6.2335998535e+02 6.2341802979e+02 6.2347698975e+02 6.2352398682e+02 6.2361102295e+02 6.2370202637e+02 6.2378198242e+02 6.2386700439e+02 6.2396600342e+02 6.2407800293e+02 6.2414697266e+02 6.2422698975e+02 6.2436499023e+02 6.2442102051e+02 6.2450897217e+02 6.2463800049e+02 6.2471997070e+02 6.2479400635e+02 6.2489202881e+02 6.2499798584e+02 6.2511401367e+02 6.2522497559e+02 6.2532800293e+02 6.2542901611e+02 6.2553002930e+02 6.2563702393e+02 6.2573999023e+02 6.2583697510e+02 6.2593200684e+02 6.2603601074e+02 6.2614501953e+02 6.2623297119e+02 6.2629998779e+02 6.2640600586e+02 6.2653601074e+02 6.2665502930e+02 6.2672802734e+02 6.2681298828e+02 6.2694500732e+02 6.2709802246e+02 6.2724499512e+02 6.2744799805e+02 6.2766198730e+02 6.2779699707e+02
6.2304901123e+02 6.2309497070e+02 6.2316302490e+02 6.2322601318e+02 6.2328198242e+02 6.2333898926e+02 6.2342999268e+02 6.2352301025e+02 6.2359600830e+02 6.2367102051e+02 6.2375701904e+02 6.2387298584e+02 6.2395800781e+02 6.2403698730e+02 6.2414599609e+02 6.2422302246e+02 6.2432299805e+02 6.2442199707e+02 6.2449597168e+02 6.2460302734e+02 6.2471899414e+02 6.2482299805e+02 6.2490899658e+02 6.2501702881e+02 6.2513201904e+02 6.2524499512e+02 6.2534399414e+02 6.2545300293e+02 6.2555297852e+02 6.2565301514e+02 6.2576300049e+02 6.2586297607e+02 6.2596099854e+02 6.2604302979e+02 6.2612799072e+02 6.2621899414e+02 6.2633898926e+02 6.2646002197e+02 6.2655603027e+02 6.2663299561e+02 6.2677099609e+02 6.2695397949e+02 6.2714801025e+02 6.2740600586e+02 6.2764099121e+02 6.2777801514e+02
6.2283502197e+02 6.2290600586e+02 6.2297497559e+02 6.2303601074e+02 6.2310302734e+02 6.2318798828e+02 6.2326898193e+02 6.2334002686e+02 6.2343103027e+02 6.2350701904e+02 6.2356799316e+02 6.2366302490e+02 6.2375097656e+02 6.2382702637e+02 6.2392297363e+02 6.2401800537e+02 6.2413500977e+02 6.2423400879e+02 6.2431201172e+02 6.2442700195e+02 6.2453900146e+02 6.2464300537e+02 6.2473999023e+02 6.2484197998e+02 6.2495202637e+02 6.2505798340e+02 6.2515600586e+02 6.2526800537e+02 6.2537097168e+02 6.2547399902e+02 6.2557397461e+02 6.2567602539e+02 6.2576702881e+02 6.2586499023e+02 6.2596398926e+02 6.2603997803e+02 6.2613000488e+02 6.2623498535e+02 6.2635302734e+02 6.2646997070e+02 6.2660900879e+02 6.2680999756e+02 6.2706597900e+02 6.2736901855e+02 6.2762402344e+02 6.2778698730e+02
6.2261700439e+02 6.2269097900e+02 6.2276098633e+02 6.2281701660e+02 6.2289300537e+02 6.2298498535e+02 6.2306201172e+02 6.2313299561e+02 6.2323699951e+02 6.2332000732e+02 6.2338098145e+02 6.2347900391e+02 6.2357000732e+02 6.2363598633e+02 6.2371801758e+02 6.2383001709e+02 6.2393499756e+02 6.2403698730e+02 6.2412799072e+02 6.2423602295e+02 6.2434497070e+02 6.2445098877e+02 6.2455700684e+02 6.2465399170e+02 6.2475598145e+02 6.2485900879e+02 6.2496398926e+02 6.2507000732e+02 6.2517401123e+02 6.2528302002e+02 6.2538800049e+02 6.2547998047e+02 6.2556701660e+02 6.2566998291e+02 6.2577600098e+02 6.2585400391e+02 6.2594598389e+02 6.2605700684e+02 6.2617102051e+02 6.2628900146e+02 6.2644897461e+02 6.2668103027e+02 6.2698699951e+02 6.2731799316e+02 6.2760198975e+02 6.2778997803e+02
6.2241101074e+02 6.2247100830e+02 6.2253997803e+02 6.2261700439e+02 6.2270202637e+02 6.2278302002e+02 6.2284002686e+02 6.2291497803e+02 6.2303601074e+02 6.2313098145e+02 6.2319201660e+02 6.2328601074e+02 6.2338201904e+02 6.2345300293e+02 6.2354602051e+02 6.2367602539e+02 6.2376202393e+02 6.2384899902e+02 6.2394000244e+02 6.2404101563e+02 6.2415899658e+02 6.2427600098e+02 6.2436798096e+02 6.2445599365e+02 6.2456298828e+02 6.2466900635e+02 6.2477099609e+02 6.2487500000e+02 6.2498797607e+02 6.2510601807e+02 6.2521801758e+02 6.2530200195e+02 6.2538201904e+02 6.2548400879e+02 6.2559399414e+02 6.2568597412e+02 6.2578802490e+02 6.2590197754e+02 6.2600000000e+02 6.2610601807e+02 6.2628900146e+02 6.2655102539e+02 6.2687902832e+02 6.2721697998e+02 6.2752001953e+02 6.2772497559e+02
6.2221502686e+02 6.2226300049e+02 6.2232897949e+02 6.2241302490e+02 6.2251202393e+02 6.2260400391e+02 6.2266302490e+02 6.2272900391e+02 6.2283898926e+02 6.2292901611e+02 6.2300201416e+02 6.2307098389e+02 6.2316101074e+02 6.2326000977e+02 6.2338598633e+02 6.2349597168e+02 6.2358099365e+02 6.2366699219e+02 6.2374298096e+02 6.2384399414e+02 6.2396697998e+02 6.2409497070e+02 6.2419598389e+02 6.2427600098e+02 6.2438397217e+02 6.2448797607e+02 6.2457098389e+02 6.2468798828e+02 6.2482000732e+02 6.2494396973e+02 6.2505902100e+02 6.2514501953e+02 6.2522302246e+02 6.2532202148e+02 6.2543902588e+02 6.2552398682e+02 6.2562799072e+02 6.2574298096e+02 6.2585101318e+02 6.2595800781e+02 6.2614801025e+02 6.2642102051e+02 6.2674597168e+02 6.2709100342e+02 6.2740600586e+02 6.2761999512e+02
6.2199597168e+02 6.2204901123e+02 6.2214898682e+02 6.2221697998e+02 6.2228900146e+02 6.2239398193e+02 6.2247497559e+02 6.2251501465e+02 6.2259997559e+02 6.2269000244e+02 6.2280700684e+02 6.2289001465e+02 6.2299102783e+02 6.2309100342e+02 6.2320098877e+02 6.2330200195e+02 6.2339001465e+02 6.2348797607e+02 6.2358300781e+02 6.2371801758e+02 6.2381402588e+02 6.2389501953e+02 6.2400701904e+02 6.2410601807e+02 6.2421197510e+02 6.2431097412e+02 6.2440698242e+02 6.2452001953e+02 6.2464001465e+02 6.2475500488e+02 6.2487097168e+02 6.2497497559e+02 6.2505999756e+02 6.2515600586e+02 6.2526397705e+02 6.2535400391e+02 6.2546197510e+02 6.2558197021e+02 6.2570202637e+02 6.2582397461e+02 6.2602197266e+02 6.2629901123e+02 6.2662902832e+02 6.2698797607e+02 6.2730700684e+02 6.2753497314e+02
6.2178601074e+02 6.2184002686e+02 6.2194897461e+02 6.2201397705e+02 6.2206402588e+02 6.2216400146e+02 6.2227301025e+02 6.2232702637e+02 6.2239801025e+02 6.2248297119e+02 6.2259997559e+02 6.2269598389e+02 6.2280798340e+02 6.2291497803e+02 6.2303601074e+02 6.2313397217e+02 6.2320697021e+02 6.2330700684e+02 6.2340997314e+02 6.2354797363e+02 6.2365502930e+02 6.2373101807e+02 6.2384399414e+02 6.2392797852e+02 6.2402899170e+02 6.2413897705e+02 6.2424298096e+02 6.2434899902e+02 6.2446301270e+02 6.2457501221e+02 6.2468798828e+02 6.2479602051e+02 6.2488598633e+02 6.2497198486e+02 6.2507000732e+02 6.2517102051e+02 6.2528900146e+02 6.2540698242e+02 6.2553198242e+02 6.2567700195e+02 6.2589501953e+02 6.2618597412e+02 6.2653302002e+02 6.2687799072e+02 6.2719097900e+02 6.2746301270e+02
6.2157397461e+02 6.2163702393e+02 6.2173901367e+02 6.2180902100e+02 6.2185699463e+02 6.2194299316e+02 6.2204901123e+02 6.2212799072e+02 6.2221899414e+02 6.2231201172e+02 6.2240399170e+02 6.2250799561e+02 6.2261798096e+02 6.2272198486e+02 6.2285498047e+02 6.2295697021e+02 6.2303302002e+02 6.2312799072e+02 6.2322100830e+02 6.2333300781e+02 6.2345501709e+02 6.2356500244e+02 6.2369598389e+02 6.2376800537e+02 6.2385797119e+02 6.2397698975e+02 6.2409002686e+02 6.2420300293e+02 6.2430700684e+02 6.2440502930e+02 6.2451501465e+02 6.2463000488e+02 6.2471899414e+02 6.2480700684e+02 6.2490600586e+02 6.2500598145e+02 6.2512097168e+02 6.2523101807e+02 6.2535900879e+02 6.2550097656e+02 6.2573400879e+02 6.2605401611e+02 6.2643298340e+02 6.2678100586e+02 6.2710699463e+02 6.2741900635e+02
