TESTSERVER/13/9.asc
NCOLS 100
NROWS 100
XLLCORNER 8.1497500000e+03
YLLCORNER 2.8950025000e+05
CELLSIZE 5.0000000000e-01
NODATA_VALUE -9.9990000000e+03
[rows 80 to 99 of 100, columns 0 to 45 of 100]
6.2366198730e+02 6.2341699219e+02 6.2315002441e+02 6.2297399902e+02 6.2295202637e+02 6.2288500977e+02 6.2277801514e+02 6.2265399170e+02 6.2253601074e+02 6.2243701172e+02 6.2238098145e+02 6.2233599854e+02 6.2228399658e+02 6.2222100830e+02 6.2214202881e+02 6.2206500244e+02 6.2199902344e+02 6.2194702148e+02 6.2185302734e+02 6.2175701904e+02 6.2165197754e+02 6.2168103027e+02 6.2169799805e+02 6.2167401123e+02 6.2170800781e+02 6.2178497314e+02 6.2183697510e+02 6.2185498047e+02 6.2185198975e+02 6.2182397461e+02 6.2177099609e+02 6.2168798828e+02 6.2159600830e+02 6.2145501709e+02 6.2131201172e+02 6.2115002441e+02 6.2095800781e+02 6.2084301758e+02 6.2079699707e+02 6.2074700928e+02 6.2067797852e+02 6.2060302734e+02 6.2053601074e+02 6.2042797852e+02 6.2029199219e+02 6.2019299316e+02
6.2383001709e+02 6.2362402344e+02 6.2341998291e+02 6.2327801514e+02 6.2321099854e+02 6.2312701416e+02 6.2301397705e+02 6.2288800049e+02 6.2275799561e+02 6.2265197754e+02 6.2258197021e+02 6.2252899170e+02 6.2247100830e+02 6.2238897705e+02 6.2230603027e+02 6.2223699951e+02 6.2217602539e+02 6.2212799072e+02 6.2202502441e+02 6.2192498779e+02 6.2185302734e+02 6.2186102295e+02 6.2183898926e+02 6.2181500244e+02 6.2186602783e+02 6.2194799805e+02 6.2200097656e+02 6.2202600098e+02 6.2203100586e+02 6.2201397705e+02 6.2197399902e+02 6.2190600586e+02 6.2180700684e+02 6.2168701172e+02 6.2154998779e+02 6.2139001465e+02 6.2119396973e+02 6.2103997803e+02 6.2093597412e+02 6.2087597656e+02 6.2083300781e+02 6.2077001953e+02 6.2070898438e+02 6.2061499023e+02 6.2048400879e+02 6.2038000488e+02
6.2400402832e+02 6.2381097412e+02 6.2362402344e+02 6.2348901367e+02 6.2340698242e+02 6.2332202148e+02 6.2321801758e+02 6.2309899902e+02 6.2297100830e+02 6.2285797119e+02 6.2278198242e+02 6.2272399902e+02 6.2266400146e+02 6.2258001709e+02 6.2249102783e+02 6.2241101074e+02 6.2233502197e+02 6.2225701904e+02 6.2215002441e+02 6.2207598877e+02 6.2205499268e+02 6.2202001953e+02 6.2197998047e+02 6.2196899414e+02 6.2202398682e+02 6.2209197998e+02 6.2214398193e+02 6.2217297363e+02 6.2218902588e+02 6.2218902588e+02 6.2216302490e+02 6.2210699463e+02 6.2201397705e+02 6.2190899658e+02 6.2179101563e+02 6.2164697266e+02 6.2144897461e+02 6.2123602295e+02 6.2108599854e+02 6.2099902344e+02 6.2098901367e+02 6.2097601318e+02 6.2091400146e+02 6.2082098389e+02 6.2070001221e+02 6.2058197021e+02
6.2418499756e+02 6.2397399902e+02 6.2377502441e+02 6.2362799072e+02 6.2354602051e+02 6.2348101807e+02 6.2338897705e+02 6.2328302002e+02 6.2316601563e+02 6.2305297852e+02 6.2297497559e+02 6.2291802979e+02 6.2286102295e+02 6.2278601074e+02 6.2269396973e+02 6.2259399414e+02 6.2249597168e+02 6.2238299561e+02 6.2227801514e+02 6.2223199463e+02 6.2225201416e+02 6.2219396973e+02 6.2214099121e+02 6.2212500000e+02 6.2217102051e+02 6.2222900391e+02 6.2227197266e+02 6.2229901123e+02 6.2232702637e+02 6.2234899902e+02 6.2233398438e+02 6.2229101563e+02 6.2221197510e+02 6.2213598633e+02 6.2204199219e+02 6.2191998291e+02 6.2172399902e+02 6.2146801758e+02 6.2127502441e+02 6.2115197754e+02 6.2114501953e+02 6.2117999268e+02 6.2112402344e+02 6.2103100586e+02 6.2092199707e+02 6.2078900146e+02
6.2436602783e+02 6.2415997314e+02 6.2395898438e+02 6.2379998779e+02 6.2369500732e+02 6.2360400391e+02 6.2351599121e+02 6.2342199707e+02 6.2330902100e+02 6.2323101807e+02 6.2316198730e+02 6.2311401367e+02 6.2307702637e+02 6.2298297119e+02 6.2288800049e+02 6.2277600098e+02 6.2265698242e+02 6.2253002930e+02 6.2245300293e+02 6.2242297363e+02 6.2239801025e+02 6.2236499023e+02 6.2231201172e+02 6.2228198242e+02 6.2233197021e+02 6.2238702393e+02 6.2241601563e+02 6.2243200684e+02 6.2243902588e+02 6.2246197510e+02 6.2246801758e+02 6.2246502686e+02 6.2245501709e+02 6.2236499023e+02 6.2230297852e+02 6.2221502686e+02 6.2209600830e+02 6.2183502197e+02 6.2161798096e+02 6.2142602539e+02 6.2127502441e+02 6.2133300781e+02 6.2131799316e+02 6.2124499512e+02 6.2111999512e+02 6.2098297119e+02
6.2450701904e+02 6.2431701660e+02 6.2415399170e+02 6.2404302979e+02 6.2391601563e+02 6.2378601074e+02 6.2367102051e+02 6.2357299805e+02 6.2349798584e+02 6.2342102051e+02 6.2335699463e+02 6.2331097412e+02 6.2328601074e+02 6.2321197510e+02 6.2309002686e+02 6.2295599365e+02 6.2283697510e+02 6.2271301270e+02 6.2264099121e+02 6.2262597656e+02 6.2258398438e+02 6.2252697754e+02 6.2248297119e+02 6.2248199463e+02 6.2254901123e+02 6.2259301758e+02 6.2260400391e+02 6.2260400391e+02 6.2258300781e+02 6.2257000732e+02 6.2258300781e+02 6.2260900879e+02 6.2262799072e+02 6.2260198975e+02 6.2257501221e+02 6.2252801514e+02 6.2246301270e+02 6.2231597900e+02 6.2210400391e+02 6.2186401367e+02 6.2159497070e+02 6.2152001953e+02 6.2148602295e+02 6.2140997314e+02 6.2128302002e+02 6.2114801025e+02
6.2463201904e+02 6.2444897461e+02 6.2430999756e+02 6.2425299072e+02 6.2416302490e+02 6.2402398682e+02 6.2390600586e+02 6.2380499268e+02 6.2371697998e+02 6.2362500000e+02 6.2355700684e+02 6.2350598145e+02 6.2346899414e+02 6.2340002441e+02 6.2327001953e+02 6.2312402344e+02 6.2300500488e+02 6.2288000488e+02 6.2281597900e+02 6.2279797363e+02 6.2274499512e+02 6.2268103027e+02 6.2266802979e+02 6.2271600342e+02 6.2278497314e+02 6.2279498291e+02 6.2278698730e+02 6.2277099609e+02 6.2273498535e+02 6.2271697998e+02 6.2272998047e+02 6.2275402832e+02 6.2279699707e+02 6.2282299805e+02 6.2282702637e+02 6.2281402588e+02 6.2281896973e+02 6.2273101807e+02 6.2252600098e+02 6.2227502441e+02 6.2196301270e+02 6.2176300049e+02 6.2165698242e+02 6.2155102539e+02 6.2143200684e+02 6.2131201172e+02
6.2475097656e+02 6.2459100342e+02 6.2446600342e+02 6.2442297363e+02 6.2437097168e+02 6.2426397705e+02 6.2415698242e+02 6.2405798340e+02 6.2394897461e+02 6.2383300781e+02 6.2375402832e+02 6.2369396973e+02 6.2363500977e+02 6.2356201172e+02 6.2343402100e+02 6.2328497314e+02 6.2315301514e+02 6.2303100586e+02 6.2296997070e+02 6.2294598389e+02 6.2289202881e+02 6.2282702637e+02 6.2285998535e+02 6.2296099854e+02 6.2301800537e+02 6.2298901367e+02 6.2296600342e+02 6.2293798828e+02 6.2289001465e+02 6.2286999512e+02 6.2288201904e+02 6.2290502930e+02 6.2296099854e+02 6.2302502441e+02 6.2305798340e+02 6.2307897949e+02 6.2314202881e+02 6.2310198975e+02 6.2291198730e+02 6.2265997314e+02 6.2235400391e+02 6.2208300781e+02 6.2190002441e+02 6.2174499512e+02 6.2160797119e+02 6.2149597168e+02
6.2485198975e+02 6.2474597168e+02 6.2465002441e+02 6.2457897949e+02 6.2451702881e+02 6.2445098877e+02 6.2436602783e+02 6.2427197266e+02 6.2415197754e+02 6.2403698730e+02 6.2394799805e+02 6.2387799072e+02 6.2382299805e+02 6.2374499512e+02 6.2361499023e+02 6.2345202637e+02 6.2329602051e+02 6.2321197510e+02 6.2314697266e+02 6.2309802246e+02 6.2304602051e+02 6.2301000977e+02 6.2307501221e+02 6.2318402100e+02 6.2321398926e+02 6.2315802002e+02 6.2311901855e+02 6.2307897949e+02 6.2303997803e+02 6.2303698730e+02 6.2305200195e+02 6.2308099365e+02 6.2316497803e+02 6.2323199463e+02 6.2329998779e+02 6.2334899902e+02 6.2342498779e+02 6.2341302490e+02 6.2326800537e+02 6.2305297852e+02 6.2286700439e+02 6.2253997803e+02 6.2230999756e+02 6.2207897949e+02 6.2188897705e+02 6.2173699951e+02
6.2498199463e+02 6.2490997314e+02 6.2485900879e+02 6.2477899170e+02 6.2471801758e+02 6.2464501953e+02 6.2456097412e+02 6.2445800781e+02 6.2433697510e+02 6.2422900391e+02 6.2414001465e+02 6.2406799316e+02 6.2401501465e+02 6.2395800781e+02 6.2383697510e+02 6.2367102051e+02 6.2348999023e+02 6.2338500977e+02 6.2330200195e+02 6.2324798584e+02 6.2320098877e+02 6.2318103027e+02 6.2323699951e+02 6.2331201172e+02 6.2333801270e+02 6.2329199219e+02 6.2325598145e+02 6.2322399902e+02 6.2320599365e+02 6.2321398926e+02 6.2322998047e+02 6.2325799561e+02 6.2332501221e+02 6.2340600586e+02 6.2345001221e+02 6.2346899414e+02 6.2345898438e+02 6.2341802979e+02 6.2334600830e+02 6.2325299072e+02 6.2313299561e+02 6.2299401855e+02 6.2282000732e+02 6.2257397461e+02 6.2225500488e+02 6.2204602051e+02
6.2514599609e+02 6.2506298828e+02 6.2500897217e+02 6.2493200684e+02 6.2487200928e+02 6.2480200195e+02 6.2471697998e+02 6.2461602783e+02 6.2449700928e+02 6.2438702393e+02 6.2430102539e+02 6.2422698975e+02 6.2417297363e+02 6.2412097168e+02 6.2401397705e+02 6.2386102295e+02 6.2368298340e+02 6.2357299805e+02 6.2345001221e+02 6.2335998535e+02 6.2334301758e+02 6.2334301758e+02 6.2338897705e+02 6.2343902588e+02 6.2344396973e+02 6.2341198730e+02 6.2338702393e+02 6.2336602783e+02 6.2335198975e+02 6.2335699463e+02 6.2336901855e+02 6.2338897705e+02 6.2344500732e+02 6.2348797607e+02 6.2348797607e+02 6.2346899414e+02 6.2341802979e+02 6.2335198975e+02 6.2330902100e+02 6.2327398682e+02 6.2325097656e+02 6.2323999023e+02 6.2317199707e+02 6.2299798584e+02 6.2263702393e+02 6.2235101318e+02
6.2532702637e+02 6.2522198486e+02 6.2513702393e+02 6.2505297852e+02 6.2497302246e+02 6.2490100098e+02 6.2481597900e+02 6.2472100830e+02 6.2461401367e+02 6.2451098633e+02 6.2442901611e+02 6.2435699463e+02 6.2428997803e+02 6.2422497559e+02 6.2413397217e+02 6.2400500488e+02 6.2385400391e+02 6.2374499512e+02 6.2360101318e+02 6.2348498535e+02 6.2348498535e+02 6.2349700928e+02 6.2352502441e+02 6.2354699707e+02 6.2353302002e+02 6.2351202393e+02 6.2349700928e+02 6.2348602295e+02 6.2347601318e+02 6.2347302246e+02 6.2347998047e+02 6.2349102783e+02 6.2352697754e+02 6.2352398682e+02 6.2348400879e+02 6.2343402100e+02 6.2337500000e+02 6.2332800293e+02 6.2329998779e+02 6.2328002930e+02 6.2328100586e+02 6.2333502197e+02 6.2336199951e+02 6.2328302002e+02 6.2297900391e+02 6.2265802002e+02
6.2551898193e+02 6.2537500000e+02 6.2527301025e+02 6.2517199707e+02 6.2505499268e+02 6.2496398926e+02 6.2486999512e+02 6.2477502441e+02 6.2467999268e+02 6.2460198975e+02 6.2452197266e+02 6.2445300293e+02 6.2437500000e+02 6.2429797363e+02 6.2420599365e+02 6.2410101318e+02 6.2399902344e+02 6.2387402344e+02 6.2373297119e+02 6.2360900879e+02 6.2360601807e+02 6.2363201904e+02 6.2363299561e+02 6.2362500000e+02 6.2360400391e+02 6.2359497070e+02 6.2359497070e+02 6.2359399414e+02 6.2359301758e+02 6.2356896973e+02 6.2356896973e+02 6.2357598877e+02 6.2358001709e+02 6.2353497314e+02 6.2347998047e+02 6.2341802979e+02 6.2335998535e+02 6.2334899902e+02 6.2333502197e+02 6.2331597900e+02 6.2330499268e+02 6.2333197021e+02 6.2338598633e+02 6.2340100098e+02 6.2328997803e+02 6.2301397705e+02
6.2561297607e+02 6.2547399902e+02 6.2534899902e+02 6.2523297119e+02 6.2513000488e+02 6.2504101563e+02 6.2493798828e+02 6.2483398438e+02 6.2475000000e+02 6.2469000244e+02 6.2463500977e+02 6.2459197998e+02 6.2453601074e+02 6.2443701172e+02 6.2431896973e+02 6.2420202637e+02 6.2410302734e+02 6.2403399658e+02 6.2390698242e+02 6.2376202393e+02 6.2374298096e+02 6.2373999023e+02 6.2371899414e+02 6.2369598389e+02 6.2367901611e+02 6.2368200684e+02 6.2368798828e+02 6.2368701172e+02 6.2367401123e+02 6.2363000488e+02 6.2358502197e+02 6.2355902100e+02 6.2353601074e+02 6.2354797363e+02 6.2354302979e+02 6.2348297119e+02 6.2341101074e+02 6.2337799072e+02 6.2335400391e+02 6.2333502197e+02 6.2332702637e+02 6.2334100342e+02 6.2334002686e+02 6.2332800293e+02 6.2330297852e+02 6.2321502686e+02
6.2566198730e+02 6.2553399658e+02 6.2539599609e+02 6.2528198242e+02 6.2517901611e+02 6.2508801270e+02 6.2498901367e+02 6.2489001465e+02 6.2481799316e+02 6.2478497314e+02 6.2476599121e+02 6.2476300049e+02 6.2475097656e+02 6.2467297363e+02 6.2453802490e+02 6.2438201904e+02 6.2424401855e+02 6.2415399170e+02 6.2401397705e+02 6.2386499023e+02 6.2383001709e+02 6.2380798340e+02 6.2378497314e+02 6.2376397705e+02 6.2374102783e+02 6.2373699951e+02 6.2373797607e+02 6.2373101807e+02 6.2371197510e+02 6.2365802002e+02 6.2359301758e+02 6.2354797363e+02 6.2352801514e+02 6.2355200195e+02 6.2355902100e+02 6.2351501465e+02 6.2343798828e+02 6.2338299561e+02 6.2334802246e+02 6.2333197021e+02 6.2333197021e+02 6.2335400391e+02 6.2334197998e+02 6.2329199219e+02 6.2328198242e+02 6.2326202393e+02
6.2566699219e+02 6.2555297852e+02 6.2540502930e+02 6.2528002930e+02 6.2517102051e+02 6.2509698486e+02 6.2500897217e+02 6.2492602539e+02 6.2487500000e+02 6.2486401367e+02 6.2487500000e+02 6.2490899658e+02 6.2495098877e+02 6.2492401123e+02 6.2479400635e+02 6.2460498047e+02 6.2440997314e+02 6.2426397705e+02 6.2409698486e+02 6.2392901611e+02 6.2385797119e+02 6.2383502197e+02 6.2381896973e+02 6.2380902100e+02 6.2378302002e+02 6.2376202393e+02 6.2375402832e+02 6.2373999023e+02 6.2371600342e+02 6.2366198730e+02 6.2359497070e+02 6.2355102539e+02 6.2353997803e+02 6.2352600098e+02 6.2351898193e+02 6.2349298096e+02 6.2340802002e+02 6.2336602783e+02 6.2334497070e+02 6.2332598877e+02 6.2332098389e+02 6.2334698486e+02 6.2334600830e+02 6.2329199219e+02 6.2327001953e+02 6.2326202393e+02
6.2568701172e+02 6.2554101563e+02 6.2536602783e+02 6.2524298096e+02 6.2513702393e+02 6.2507702637e+02 6.2500299072e+02 6.2493402100e+02 6.2491497803e+02 6.2492297363e+02 6.2492602539e+02 6.2496197510e+02 6.2504199219e+02 6.2509100342e+02 6.2500500488e+02 6.2480798340e+02 6.2456097412e+02 6.2440197754e+02 6.2421899414e+02 6.2399798584e+02 6.2384301758e+02 6.2382000732e+02 6.2383099365e+02 6.2385101318e+02 6.2386798096e+02 6.2377801514e+02 6.2374298096e+02 6.2372302246e+02 6.2370697021e+02 6.2365502930e+02 6.2359600830e+02 6.2356500244e+02 6.2356201172e+02 6.2352197266e+02 6.2349798584e+02 6.2346197510e+02 6.2339202881e+02 6.2337597656e+02 6.2334997559e+02 6.2332800293e+02 6.2333001709e+02 6.2334997559e+02 6.2334100342e+02 6.2329302979e+02 6.2328100586e+02 6.2328302002e+02
6.2564501953e+02 6.2550500488e+02 6.2532598877e+02 6.2519598389e+02 6.2508599854e+02 6.2503601074e+02 6.2499200439e+02 6.2495397949e+02 6.2495697021e+02 6.2495800781e+02 6.2493103027e+02 6.2490997314e+02 6.2495898438e+02 6.2504302979e+02 6.2507202148e+02 6.2496301270e+02 6.2471301270e+02 6.2452197266e+02 6.2433001709e+02 6.2409002686e+02 6.2391497803e+02 6.2382202148e+02 6.2381896973e+02 6.2384197998e+02 6.2383801270e+02 6.2378601074e+02 6.2373797607e+02 6.2370397949e+02 6.2366998291e+02 6.2364898682e+02 6.2360699463e+02 6.2357598877e+02 6.2356799316e+02 6.2353399658e+02 6.2350299072e+02 6.2345397949e+02 6.2341101074e+02 6.2339501953e+02 6.2337597656e+02 6.2335998535e+02 6.2334399414e+02 6.2334497070e+02 6.2332800293e+02 6.2330700684e+02 6.2332202148e+02 6.2331799316e+02
6.2547900391e+02 6.2540899658e+02 6.2527502441e+02 6.2514697266e+02 6.2503900146e+02 6.2499597168e+02 6.2496600342e+02 6.2494702148e+02 6.2494897461e+02 6.2495001221e+02 6.2493701172e+02 6.2490502930e+02 6.2489501953e+02 6.2494299316e+02 6.2501202393e+02 6.2500897217e+02 6.2483197021e+02 6.2463000488e+02 6.2443701172e+02 6.2420898438e+02 6.2402398682e+02 6.2389501953e+02 6.2384100342e+02 6.2382000732e+02 6.2379797363e+02 6.2376599121e+02 6.2373602295e+02 6.2371301270e+02 6.2368402100e+02 6.2367602539e+02 6.2363500977e+02 6.2358502197e+02 6.2356500244e+02 6.2353698730e+02 6.2351202393e+02 6.2348101807e+02 6.2345697021e+02 6.2343402100e+02 6.2341400146e+02 6.2339801025e+02 6.2336700439e+02 6.2333697510e+02 6.2332800293e+02 6.2333398438e+02 6.2335198975e+02 6.2334301758e+02
6.2522698975e+02 6.2519500732e+02 6.2513500977e+02 6.2506701660e+02 6.2501300049e+02 6.2497399902e+02 6.2494097900e+02 6.2492102051e+02 6.2491302490e+02 6.2491400146e+02 6.2490197754e+02 6.2486102295e+02 6.2481201172e+02 6.2479998779e+02 6.2485797119e+02 6.2492999268e+02 6.2486798096e+02 6.2469897461e+02 6.2451202393e+02 6.2427502441e+02 6.2405297852e+02 6.2394000244e+02 6.2387298584e+02 6.2382800293e+02 6.2379797363e+02 6.2377502441e+02 6.2375402832e+02 6.2374401855e+02 6.2371502686e+02 6.2369500732e+02 6.2365899658e+02 6.2359802246e+02 6.2357202148e+02 6.2354699707e+02 6.2351702881e+02 6.2348199463e+02 6.2346301270e+02 6.2345697021e+02 6.2343499756e+02 6.2342102051e+02 6.2340197754e+02 6.2336798096e+02 6.2335198975e+02 6.2333801270e+02 6.2334497070e+02 6.2335699463e+02
