TESTSERVER/13/9.asc
NCOLS 100
NROWS 100
XLLCORNER 8.1497500000e+03
YLLCORNER 2.8950025000e+05
CELLSIZE 5.0000000000e-01
NODATA_VALUE -9.9990000000e+03
[rows 20 to 39 of 100, columns 0 to 45 of 100]
6.1477899170e+02 6.1477899170e+02 6.1478601074e+02 6.1479498291e+02 6.1480999756e+02 6.1483697510e+02 6.1485601807e+02 6.1487298584e+02 6.1488800049e+02 6.1490399170e+02 6.1491302490e+02 6.1492498779e+02 6.1493798828e+02 6.1496197510e+02 6.1498498535e+02 6.1500897217e+02 6.1503698730e+02 6.1506201172e+02 6.1508398438e+02 6.1510601807e+02 6.1512799072e+02 6.1514898682e+02 6.1516900635e+02 6.1519097900e+02 6.1521600342e+02 6.1523199463e+02 6.1525897217e+02 6.1528900146e+02 6.1530798340e+02 6.1533398438e+02 6.1536199951e+02 6.1539001465e+02 6.1541302490e+02 6.1542498779e+02 6.1544000244e+02 6.1545501709e+02 6.1546899414e+02 6.1548699951e+02 6.1551098633e+02 6.1553399658e+02 6.1554797363e+02 6.1555499268e+02 6.1555297852e+02 6.1555401611e+02 6.1557000732e+02 6.1559399414e+02
6.1478399658e+02 6.1477001953e+02 6.1477099609e+02 6.1478198242e+02 6.1480999756e+02 6.1484100342e+02 6.1486297607e+02 6.1488201904e+02 6.1489898682e+02 6.1491198730e+02 6.1491900635e+02 6.1492498779e+02 6.1493402100e+02 6.1495300293e+02 6.1498101807e+02 6.1501599121e+02 6.1505603027e+02 6.1508001709e+02 6.1509899902e+02 6.1511798096e+02 6.1513702393e+02 6.1515698242e+02 6.1518103027e+02 6.1520599365e+02 6.1522698975e+02 6.1524298096e+02 6.1526898193e+02 6.1529602051e+02 6.1531701660e+02 6.1534197998e+02 6.1537402344e+02 6.1540502930e+02 6.1542498779e+02 6.1543103027e+02 6.1544097900e+02 6.1545397949e+02 6.1546899414e+02 6.1549499512e+02 6.1552801514e+02 6.1555999756e+02 6.1559301758e+02 6.1560601807e+02 6.1557897949e+02 6.1555902100e+02 6.1557702637e+02 6.1560601807e+02
6.1478302002e+02 6.1476202393e+02 6.1476098633e+02 6.1477398682e+02 6.1480999756e+02 6.1484600830e+02 6.1487097168e+02 6.1489202881e+02 6.1490502930e+02 6.1490997314e+02 6.1491400146e+02 6.1492102051e+02 6.1493597412e+02 6.1496099854e+02 6.1499298096e+02 6.1503198242e+02 6.1507397461e+02 6.1509698486e+02 6.1511602783e+02 6.1513299561e+02 6.1514898682e+02 6.1516998291e+02 6.1519396973e+02 6.1521697998e+02 6.1523699951e+02 6.1525701904e+02 6.1527697754e+02 6.1529901123e+02 6.1532598877e+02 6.1535302734e+02 6.1538500977e+02 6.1541497803e+02 6.1543103027e+02 6.1543402100e+02 6.1544201660e+02 6.1545397949e+02 6.1546997070e+02 6.1550500488e+02 6.1554602051e+02 6.1558300781e+02 6.1562402344e+02 6.1564202881e+02 6.1560498047e+02 6.1557800293e+02 6.1558898926e+02 6.1560400391e+02
6.1478198242e+02 6.1476397705e+02 6.1476098633e+02 6.1477600098e+02 6.1481298828e+02 6.1484802246e+02 6.1487500000e+02 6.1489801025e+02 6.1490502930e+02 6.1489898682e+02 6.1490502930e+02 6.1491601563e+02 6.1494500732e+02 6.1497900391e+02 6.1501098633e+02 6.1504901123e+02 6.1508697510e+02 6.1510900879e+02 6.1513000488e+02 6.1514697266e+02 6.1516302490e+02 6.1518597412e+02 6.1520898438e+02 6.1522900391e+02 6.1524298096e+02 6.1526702881e+02 6.1528601074e+02 6.1530700684e+02 6.1533599854e+02 6.1536602783e+02 6.1539697266e+02 6.1542199707e+02 6.1543402100e+02 6.1543499756e+02 6.1544201660e+02 6.1545501709e+02 6.1547302246e+02 6.1551501465e+02 6.1556201172e+02 6.1560302734e+02 6.1563098145e+02 6.1562701416e+02 6.1559698486e+02 6.1558300781e+02 6.1559802246e+02 6.1561102295e+02
6.1478601074e+02 6.1478900146e+02 6.1478399658e+02 6.1478698730e+02 6.1481201172e+02 6.1484899902e+02 6.1486798096e+02 6.1488702393e+02 6.1489501953e+02 6.1488897705e+02 6.1490002441e+02 6.1491900635e+02 6.1495098877e+02 6.1499200439e+02 6.1502301025e+02 6.1505798340e+02 6.1509197998e+02 6.1511700439e+02 6.1514001465e+02 6.1516101074e+02 6.1518499756e+02 6.1520397949e+02 6.1522497559e+02 6.1524200439e+02 6.1525500488e+02 6.1527899170e+02 6.1529797363e+02 6.1531896973e+02 6.1534899902e+02 6.1538000488e+02 6.1540802002e+02 6.1542700195e+02 6.1542401123e+02 6.1542797852e+02 6.1543902588e+02 6.1545697021e+02 6.1547601318e+02 6.1552301025e+02 6.1558502197e+02 6.1563897705e+02 6.1567199707e+02 6.1559600830e+02 6.1557397461e+02 6.1557897949e+02 6.1559899902e+02 6.1561798096e+02
6.1477899170e+02 6.1479498291e+02 6.1480999756e+02 6.1482098389e+02 6.1484399414e+02 6.1485998535e+02 6.1485498047e+02 6.1485498047e+02 6.1487902832e+02 6.1489501953e+02 6.1491101074e+02 6.1493298340e+02 6.1495202637e+02 6.1497497559e+02 6.1500201416e+02 6.1503698730e+02 6.1507800293e+02 6.1511297607e+02 6.1514001465e+02 6.1516497803e+02 6.1518902588e+02 6.1521398926e+02 6.1523498535e+02 6.1525000000e+02 6.1526501465e+02 6.1528802490e+02 6.1530798340e+02 6.1533398438e+02 6.1536602783e+02 6.1539300537e+02 6.1541400146e+02 6.1542797852e+02 6.1542700195e+02 6.1542797852e+02 6.1544598389e+02 6.1546899414e+02 6.1548498535e+02 6.1552398682e+02 6.1558502197e+02 6.1564099121e+02 6.1565399170e+02 6.1559899902e+02 6.1557098389e+02 6.1558502197e+02 6.1561602783e+02 6.1563098145e+02
6.1477801514e+02 6.1479101563e+02 6.1482000732e+02 6.1484399414e+02 6.1486999512e+02 6.1488397217e+02 6.1488000488e+02 6.1487701416e+02 6.1489398193e+02 6.1491601563e+02 6.1493499756e+02 6.1495501709e+02 6.1497302246e+02 6.1499200439e+02 6.1500799561e+02 6.1502801514e+02 6.1506201172e+02 6.1510198975e+02 6.1513299561e+02 6.1515899658e+02 6.1518597412e+02 6.1521301270e+02 6.1523797607e+02 6.1525701904e+02 6.1527398682e+02 6.1529498291e+02 6.1531597900e+02 6.1534399414e+02 6.1538000488e+02 6.1540301514e+02 6.1541900635e+02 6.1543103027e+02 6.1543499756e+02 6.1544500732e+02 6.1546502686e+02 6.1548602295e+02 6.1549700928e+02 6.1552600098e+02 6.1557000732e+02 6.1560601807e+02 6.1561199951e+02 6.1558398438e+02 6.1557702637e+02 6.1559997559e+02 6.1562701416e+02 6.1564300537e+02
6.1479199219e+02 6.1479901123e+02 6.1482598877e+02 6.1485101318e+02 6.1487701416e+02 6.1489099121e+02 6.1490002441e+02 6.1490899658e+02 6.1492700195e+02 6.1494702148e+02 6.1496697998e+02 6.1498400879e+02 6.1500201416e+02 6.1502502441e+02 6.1503002930e+02 6.1503198242e+02 6.1505102539e+02 6.1509497070e+02 6.1512597656e+02 6.1515197754e+02 6.1517700195e+02 6.1520800781e+02 6.1523901367e+02 6.1526397705e+02 6.1528399658e+02 6.1530401611e+02 6.1532598877e+02 6.1535601807e+02 6.1539202881e+02 6.1541101074e+02 6.1542498779e+02 6.1543597412e+02 6.1544702148e+02 6.1546301270e+02 6.1548101807e+02 6.1549700928e+02 6.1550897217e+02 6.1553497314e+02 6.1556097412e+02 6.1557800293e+02 6.1557702637e+02 6.1557397461e+02 6.1558898926e+02 6.1561700439e+02 6.1563800049e+02 6.1565502930e+02
6.1481799316e+02 6.1481597900e+02 6.1482501221e+02 6.1484600830e+02 6.1487200928e+02 6.1489300537e+02 6.1490600586e+02 6.1491998291e+02 6.1495001221e+02 6.1497698975e+02 6.1499401855e+02 6.1500598145e+02 6.1501300049e+02 6.1503802490e+02 6.1504498291e+02 6.1503698730e+02 6.1505200195e+02 6.1509600830e+02 6.1512298584e+02 6.1514300537e+02 6.1515002441e+02 6.1519799805e+02 6.1523901367e+02 6.1527001953e+02 6.1528601074e+02 6.1531097412e+02 6.1533697510e+02 6.1536999512e+02 6.1540502930e+02 6.1541802979e+02 6.1542999268e+02 6.1544396973e+02 6.1546697998e+02 6.1547497559e+02 6.1548901367e+02 6.1549798584e+02 6.1551000977e+02 6.1554302979e+02 6.1555200195e+02 6.1556097412e+02 6.1558197021e+02 6.1558898926e+02 6.1560498047e+02 6.1563098145e+02 6.1566497803e+02 6.1567700195e+02
6.1481402588e+02 6.1482098389e+02 6.1483801270e+02 6.1485601807e+02 6.1486297607e+02 6.1488500977e+02 6.1490301514e+02 6.1491900635e+02 6.1495300293e+02 6.1497900391e+02 6.1499298096e+02 6.1501000977e+02 6.1502197266e+02 6.1501898193e+02 6.1503997803e+02 6.1506597900e+02 6.1507598877e+02 6.1510601807e+02 6.1512902832e+02 6.1514599609e+02 6.1515802002e+02 6.1519201660e+02 6.1523199463e+02 6.1526501465e+02 6.1528802490e+02 6.1531298828e+02 6.1533898926e+02 6.1537097168e+02 6.1540197754e+02 6.1541900635e+02 6.1543200684e+02 6.1544702148e+02 6.1546899414e+02 6.1547998047e+02 6.1549401855e+02 6.1550897217e+02 6.1552099609e+02 6.1554101563e+02 6.1553302002e+02 6.1554302979e+02 6.1557501221e+02 6.1558697510e+02 6.1561297607e+02 6.1563598633e+02 6.1565899658e+02 6.1567602539e+02
6.1480700684e+02 6.1481799316e+02 6.1484100342e+02 6.1485198975e+02 6.1485302734e+02 6.1489001465e+02 6.1491101074e+02 6.1492700195e+02 6.1495800781e+02 6.1498901367e+02 6.1500402832e+02 6.1502001953e+02 6.1503497314e+02 6.1503399658e+02 6.1505499268e+02 6.1509002686e+02 6.1509802246e+02 6.1512097168e+02 6.1514300537e+02 6.1516198730e+02 6.1517999268e+02 6.1520300293e+02 6.1523699951e+02 6.1526702881e+02 6.1528900146e+02 6.1531298828e+02 6.1533599854e+02 6.1536401367e+02 6.1539501953e+02 6.1541802979e+02 6.1543402100e+02 6.1544702148e+02 6.1546002197e+02 6.1547302246e+02 6.1549499512e+02 6.1551599121e+02 6.1552197266e+02 6.1553399658e+02 6.1553900146e+02 6.1555297852e+02 6.1557897949e+02 6.1559600830e+02 6.1562298584e+02 6.1563897705e+02 6.1565802002e+02 6.1568103027e+02
6.1482202148e+02 6.1482897949e+02 6.1485302734e+02 6.1485699463e+02 6.1484997559e+02 6.1489599609e+02 6.1491699219e+02 6.1493103027e+02 6.1496197510e+02 6.1499902344e+02 6.1501501465e+02 6.1502801514e+02 6.1504602051e+02 6.1506097412e+02 6.1507098389e+02 6.1509002686e+02 6.1510900879e+02 6.1513397217e+02 6.1515600586e+02 6.1517602539e+02 6.1519598389e+02 6.1521600342e+02 6.1524401855e+02 6.1527001953e+02 6.1528399658e+02 6.1530999756e+02 6.1533099365e+02 6.1535498047e+02 6.1538500977e+02 6.1541699219e+02 6.1543499756e+02 6.1544500732e+02 6.1544897461e+02 6.1547100830e+02 6.1550299072e+02 6.1552899170e+02 6.1552899170e+02 6.1554199219e+02 6.1555798340e+02 6.1557000732e+02 6.1558398438e+02 6.1560900879e+02 6.1563000488e+02 6.1563800049e+02 6.1565502930e+02 6.1567999268e+02
6.1484899902e+02 6.1485998535e+02 6.1488500977e+02 6.1489801025e+02 6.1491302490e+02 6.1491998291e+02 6.1492297363e+02 6.1493597412e+02 6.1497198486e+02 6.1499597168e+02 6.1500598145e+02 6.1501702881e+02 6.1505297852e+02 6.1508099365e+02 6.1508502197e+02 6.1508300781e+02 6.1510302734e+02 6.1514202881e+02 6.1516101074e+02 6.1517700195e+02 6.1519000244e+02 6.1521398926e+02 6.1524401855e+02 6.1526397705e+02 6.1527001953e+02 6.1530499268e+02 6.1532598877e+02 6.1534497070e+02 6.1535998535e+02 6.1540899658e+02 6.1543499756e+02 6.1544299316e+02 6.1543701172e+02 6.1546099854e+02 6.1550000000e+02 6.1553002930e+02 6.1553802490e+02 6.1555700684e+02 6.1556402588e+02 6.1557598877e+02 6.1560400391e+02 6.1560998535e+02 6.1563000488e+02 6.1564599609e+02 6.1567297363e+02 6.1567999268e+02
6.1485198975e+02 6.1486798096e+02 6.1489398193e+02 6.1489697266e+02 6.1490600586e+02 6.1493597412e+02 6.1495001221e+02 6.1497198486e+02 6.1499798584e+02 6.1501800537e+02 6.1502899170e+02 6.1503802490e+02 6.1506097412e+02 6.1508099365e+02 6.1508697510e+02 6.1508300781e+02 6.1510198975e+02 6.1514398193e+02 6.1516497803e+02 6.1518902588e+02 6.1520800781e+02 6.1521899414e+02 6.1524298096e+02 6.1526898193e+02 6.1529101563e+02 6.1531298828e+02 6.1533300781e+02 6.1535400391e+02 6.1536999512e+02 6.1539599609e+02 6.1542700195e+02 6.1544897461e+02 6.1545599365e+02 6.1546398926e+02 6.1548101807e+02 6.1550000000e+02 6.1552600098e+02 6.1554797363e+02 6.1556500244e+02 6.1559002686e+02 6.1560302734e+02 6.1562402344e+02 6.1564599609e+02 6.1566802979e+02 6.1569897461e+02 6.1569799805e+02
6.1487097168e+02 6.1488897705e+02 6.1490899658e+02 6.1491400146e+02 6.1492102051e+02 6.1495501709e+02 6.1497998047e+02 6.1500097656e+02 6.1501898193e+02 6.1503497314e+02 6.1505102539e+02 6.1506402588e+02 6.1507702637e+02 6.1509301758e+02 6.1510101318e+02 6.1510101318e+02 6.1511602783e+02 6.1514697266e+02 6.1516497803e+02 6.1519000244e+02 6.1521398926e+02 6.1523400879e+02 6.1525201416e+02 6.1526501465e+02 6.1528601074e+02 6.1531298828e+02 6.1534002686e+02 6.1536901855e+02 6.1539001465e+02 6.1539801025e+02 6.1542401123e+02 6.1545202637e+02 6.1547399902e+02 6.1548297119e+02 6.1549902344e+02 6.1551397705e+02 6.1553900146e+02 6.1555102539e+02 6.1557000732e+02 6.1560400391e+02 6.1561602783e+02 6.1564099121e+02 6.1566101074e+02 6.1567700195e+02 6.1570202637e+02 6.1572399902e+02
6.1489202881e+02 6.1489599609e+02 6.1490399170e+02 6.1491802979e+02 6.1493902588e+02 6.1496398926e+02 6.1498602295e+02 6.1500201416e+02 6.1502899170e+02 6.1504602051e+02 6.1505798340e+02 6.1507598877e+02 6.1509002686e+02 6.1510498047e+02 6.1511999512e+02 6.1513098145e+02 6.1514099121e+02 6.1516699219e+02 6.1518200684e+02 6.1520098877e+02 6.1521502686e+02 6.1523797607e+02 6.1525799561e+02 6.1525897217e+02 6.1527197266e+02 6.1531097412e+02 6.1533898926e+02 6.1536700439e+02 6.1540301514e+02 6.1540399170e+02 6.1542401123e+02 6.1545697021e+02 6.1547998047e+02 6.1548400879e+02 6.1550598145e+02 6.1552301025e+02 6.1554302979e+02 6.1556097412e+02 6.1557501221e+02 6.1560900879e+02 6.1562597656e+02 6.1564599609e+02 6.1566101074e+02 6.1567602539e+02 6.1569500732e+02 6.1573901367e+02
6.1491198730e+02 6.1489599609e+02 6.1489599609e+02 6.1492297363e+02 6.1495397949e+02 6.1496600342e+02 6.1498999023e+02 6.1500500488e+02 6.1503698730e+02 6.1505798340e+02 6.1506402588e+02 6.1508099365e+02 6.1510101318e+02 6.1511700439e+02 6.1513800049e+02 6.1515802002e+02 6.1516900635e+02 6.1519299316e+02 6.1521697998e+02 6.1523101807e+02 6.1522802734e+02 6.1523999023e+02 6.1526202393e+02 6.1526800537e+02 6.1528497314e+02 6.1532501221e+02 6.1534197998e+02 6.1536199951e+02 6.1539697266e+02 6.1540997314e+02 6.1542901611e+02 6.1546301270e+02 6.1550598145e+02 6.1549902344e+02 6.1550701904e+02 6.1553497314e+02 6.1557397461e+02 6.1558099365e+02 6.1558599854e+02 6.1560797119e+02 6.1561999512e+02 6.1563800049e+02 6.1566699219e+02 6.1569097900e+02 6.1570898438e+02 6.1574401855e+02
6.1491198730e+02 6.1490698242e+02 6.1492199707e+02 6.1494500732e+02 6.1495697021e+02 6.1496600342e+02 6.1500000000e+02 6.1501501465e+02 6.1502899170e+02 6.1506402588e+02 6.1508599854e+02 6.1510601807e+02 6.1511999512e+02 6.1513299561e+02 6.1514599609e+02 6.1516400146e+02 6.1518701172e+02 6.1520800781e+02 6.1522802734e+02 6.1524401855e+02 6.1525598145e+02 6.1526898193e+02 6.1528601074e+02 6.1529400635e+02 6.1532000732e+02 6.1535400391e+02 6.1536401367e+02 6.1538098145e+02 6.1540197754e+02 6.1541699219e+02 6.1544097900e+02 6.1546600342e+02 6.1548901367e+02 6.1551397705e+02 6.1552899170e+02 6.1555297852e+02 6.1557202148e+02 6.1558898926e+02 6.1559197998e+02 6.1561901855e+02 6.1564099121e+02 6.1565502930e+02 6.1568298340e+02 6.1570697021e+02 6.1572998047e+02 6.1576599121e+02
6.1490399170e+02 6.1491302490e+02 6.1493902588e+02 6.1495397949e+02 6.1495697021e+02 6.1496801758e+02 6.1501098633e+02 6.1503002930e+02 6.1503002930e+02 6.1506097412e+02 6.1508801270e+02 6.1511297607e+02 6.1513500977e+02 6.1515100098e+02 6.1516400146e+02 6.1517901611e+02 6.1520800781e+02 6.1522900391e+02 6.1524200439e+02 6.1525799561e+02 6.1528302002e+02 6.1528802490e+02 6.1529498291e+02 6.1530999756e+02 6.1535699463e+02 6.1537597656e+02 6.1537500000e+02 6.1539300537e+02 6.1541699219e+02 6.1543798828e+02 6.1546301270e+02 6.1548297119e+02 6.1549700928e+02 6.1552197266e+02 6.1554699707e+02 6.1556402588e+02 6.1556896973e+02 6.1559197998e+02 6.1560699463e+02 6.1562701416e+02 6.1565899658e+02 6.1567498779e+02 6.1569201660e+02 6.1571197510e+02 6.1573699951e+02 6.1577697754e+02
6.1490502930e+02 6.1490802002e+02 6.1492999268e+02 6.1494097900e+02 6.1495098877e+02 6.1496301270e+02 6.1500799561e+02 6.1503601074e+02 6.1504498291e+02 6.1507299805e+02 6.1509100342e+02 6.1510900879e+02 6.1514001465e+02 6.1516198730e+02 6.1517901611e+02 6.1519299316e+02 6.1521398926e+02 6.1523699951e+02 6.1524798584e+02 6.1526202393e+02 6.1529498291e+02 6.1530603027e+02 6.1532397461e+02 6.1534899902e+02 6.1538299561e+02 6.1538800049e+02 6.1538598633e+02 6.1540802002e+02 6.1543902588e+02 6.1546002197e+02 6.1548498535e+02 6.1550701904e+02 6.1552001953e+02 6.1551501465e+02 6.1554199219e+02 6.1557299805e+02 6.1559100342e+02 6.1561401367e+02 6.1563397217e+02 6.1564501953e+02 6.1566900635e+02 6.1568902588e+02 6.1571099854e+02 6.1572900391e+02 6.1574902344e+02 6.1578601074e+02
