TESTSERVER/13/9.asc
NCOLS 100
NROWS 100
XLLCORNER 8.1497500000e+03
YLLCORNER 2.8950025000e+05
CELLSIZE 5.0000000000e-01
NODATA_VALUE -9.9990000000e+03
[rows 60 to 79 of 100, columns 0 to 45 of 100]
6.1796099854e+02 6.1803100586e+02 6.1808197021e+02 6.1799401855e+02 6.1773999023e+02 6.1762701416e+02 6.1754998779e+02 6.1741302490e+02 6.1726800537e+02 6.1715197754e+02 6.1708502197e+02 6.1710400391e+02 6.1719097900e+02 6.1735400391e+02 6.1758197021e+02 6.1782501221e+02 6.1800201416e+02 6.1809899902e+02 6.1817401123e+02 6.1821697998e+02 6.1822698975e+02 6.1829199219e+02 6.1834002686e+02 6.1834002686e+02 6.1827001953e+02 6.1817199707e+02 6.1809997559e+02 6.1803198242e+02 6.1797998047e+02 6.1791802979e+02 6.1779998779e+02 6.1765100098e+02 6.1750201416e+02 6.1738598633e+02 6.1732098389e+02 6.1729199219e+02 6.1722900391e+02 6.1714398193e+02 6.1701098633e+02 6.1685900879e+02 6.1673297119e+02 6.1664202881e+02 6.1657098389e+02 6.1643902588e+02 6.1634698486e+02 6.1633801270e+02
6.1827099609e+02 6.1825097656e+02 6.1825500488e+02 6.1824298096e+02 6.1810101318e+02 6.1794000244e+02 6.1789099121e+02 6.1782598877e+02 6.1770800781e+02 6.1758398438e+02 6.1749200439e+02 6.1747399902e+02 6.1751702881e+02 6.1762402344e+02 6.1779602051e+02 6.1797399902e+02 6.1809899902e+02 6.1817700195e+02 6.1826702881e+02 6.1834399414e+02 6.1838897705e+02 6.1847100830e+02 6.1854302979e+02 6.1857397461e+02 6.1853100586e+02 6.1845599365e+02 6.1838897705e+02 6.1831799316e+02 6.1825799561e+02 6.1816802979e+02 6.1803198242e+02 6.1788500977e+02 6.1773797607e+02 6.1761700439e+02 6.1756097412e+02 6.1752899170e+02 6.1746801758e+02 6.1735699463e+02 6.1720501709e+02 6.1705102539e+02 6.1692297363e+02 6.1682397461e+02 6.1674298096e+02 6.1663098145e+02 6.1653601074e+02 6.1644897461e+02
6.1872198486e+02 6.1858300781e+02 6.1849700928e+02 6.1847601318e+02 6.1842498779e+02 6.1829998779e+02 6.1826800537e+02 6.1823101807e+02 6.1813098145e+02 6.1800701904e+02 6.1790802002e+02 6.1786901855e+02 6.1787902832e+02 6.1792999268e+02 6.1802697754e+02 6.1813299561e+02 6.1820001221e+02 6.1826300049e+02 6.1836798096e+02 6.1847601318e+02 6.1855200195e+02 6.1864697266e+02 6.1874102783e+02 6.1879998779e+02 6.1878601074e+02 6.1873297119e+02 6.1867901611e+02 6.1860998535e+02 6.1853802490e+02 6.1842602539e+02 6.1827697754e+02 6.1812597656e+02 6.1798498535e+02 6.1787298584e+02 6.1782202148e+02 6.1779101563e+02 6.1772601318e+02 6.1759002686e+02 6.1741699219e+02 6.1725201416e+02 6.1710797119e+02 6.1701202393e+02 6.1692498779e+02 6.1682702637e+02 6.1671697998e+02 6.1659698486e+02
6.1928399658e+02 6.1911401367e+02 6.1892901611e+02 6.1879498291e+02 6.1872302246e+02 6.1864599609e+02 6.1861901855e+02 6.1859100342e+02 6.1850701904e+02 6.1839300537e+02 6.1830401611e+02 6.1825799561e+02 6.1824902344e+02 6.1825299072e+02 6.1828302002e+02 6.1832501221e+02 6.1835601807e+02 6.1841699219e+02 6.1852301025e+02 6.1863598633e+02 6.1871997070e+02 6.1882501221e+02 6.1893298340e+02 6.1901202393e+02 6.1902697754e+02 6.1899700928e+02 6.1895697021e+02 6.1889398193e+02 6.1881298828e+02 6.1867901611e+02 6.1852099609e+02 6.1836602783e+02 6.1823101807e+02 6.1813897705e+02 6.1810101318e+02 6.1806500244e+02 6.1798699951e+02 6.1784997559e+02 6.1767401123e+02 6.1749902344e+02 6.1730798340e+02 6.1719299316e+02 6.1710797119e+02 6.1701397705e+02 6.1690899658e+02 6.1682598877e+02
6.1979699707e+02 6.1972900391e+02 6.1954101563e+02 6.1928497314e+02 6.1909197998e+02 6.1899102783e+02 6.1891198730e+02 6.1888897705e+02 6.1885699463e+02 6.1872900391e+02 6.1867297363e+02 6.1864001465e+02 6.1861401367e+02 6.1857000732e+02 6.1855499268e+02 6.1856500244e+02 6.1859698486e+02 6.1865698242e+02 6.1874902344e+02 6.1883697510e+02 6.1890301514e+02 6.1900402832e+02 6.1911999512e+02 6.1921801758e+02 6.1926300049e+02 6.1925402832e+02 6.1924200439e+02 6.1918597412e+02 6.1909399414e+02 6.1891198730e+02 6.1873901367e+02 6.1858398438e+02 6.1845697021e+02 6.1837799072e+02 6.1834997559e+02 6.1829797363e+02 6.1819299316e+02 6.1806500244e+02 6.1790197754e+02 6.1772698975e+02 6.1754302979e+02 6.1739202881e+02 6.1727398682e+02 6.1717797852e+02 6.1710400391e+02 6.1704901123e+02
6.2022100830e+02 6.2017901611e+02 6.2007897949e+02 6.1988299561e+02 6.1966699219e+02 6.1947302246e+02 6.1927099609e+02 6.1913800049e+02 6.1909100342e+02 6.1901702881e+02 6.1898699951e+02 6.1898498535e+02 6.1894702148e+02 6.1887402344e+02 6.1886102295e+02 6.1887799072e+02 6.1890802002e+02 6.1894799805e+02 6.1901000977e+02 6.1907000732e+02 6.1911102295e+02 6.1917797852e+02 6.1927502441e+02 6.1938098145e+02 6.1945599365e+02 6.1950000000e+02 6.1951702881e+02 6.1946997070e+02 6.1934899902e+02 6.1914001465e+02 6.1893200684e+02 6.1877001953e+02 6.1866699219e+02 6.1862799072e+02 6.1860198975e+02 6.1853302002e+02 6.1841900635e+02 6.1830297852e+02 6.1813598633e+02 6.1796398926e+02 6.1778497314e+02 6.1762298584e+02 6.1753698730e+02 6.1746197510e+02 6.1735302734e+02 6.1729498291e+02
6.2058099365e+02 6.2054101563e+02 6.2048901367e+02 6.2037402344e+02 6.2019201660e+02 6.2002099609e+02 6.1980297852e+02 6.1958398438e+02 6.1940502930e+02 6.1930200195e+02 6.1925598145e+02 6.1925402832e+02 6.1923498535e+02 6.1917498779e+02 6.1917102051e+02 6.1919799805e+02 6.1923901367e+02 6.1926501465e+02 6.1929699707e+02 6.1932397461e+02 6.1933502197e+02 6.1936102295e+02 6.1942297363e+02 6.1950897217e+02 6.1959497070e+02 6.1965002441e+02 6.1967401123e+02 6.1964398193e+02 6.1954602051e+02 6.1933898926e+02 6.1911700439e+02 6.1895001221e+02 6.1885900879e+02 6.1882702637e+02 6.1879400635e+02 6.1872698975e+02 6.1861999512e+02 6.1851599121e+02 6.1835900879e+02 6.1816998291e+02 6.1796899414e+02 6.1780603027e+02 6.1777600098e+02 6.1775897217e+02 6.1763397217e+02 6.1757098389e+02
6.2087500000e+02 6.2082897949e+02 6.2077197266e+02 6.2067102051e+02 6.2053198242e+02 6.2041400146e+02 6.2025097656e+02 6.2005297852e+02 6.1980798340e+02 6.1963299561e+02 6.1954199219e+02 6.1950701904e+02 6.1949298096e+02 6.1945800781e+02 6.1946398926e+02 6.1950201416e+02 6.1955499268e+02 6.1957202148e+02 6.1958099365e+02 6.1958398438e+02 6.1956896973e+02 6.1955102539e+02 6.1957000732e+02 6.1961999512e+02 6.1968798828e+02 6.1972998047e+02 6.1975299072e+02 6.1973901367e+02 6.1967401123e+02 6.1950000000e+02 6.1929400635e+02 6.1913299561e+02 6.1904699707e+02 6.1900097656e+02 6.1895397949e+02 6.1889501953e+02 6.1881097412e+02 6.1871002197e+02 6.1855401611e+02 6.1834100342e+02 6.1811700439e+02 6.1796398926e+02 6.1792999268e+02 6.1794396973e+02 6.1785900879e+02 6.1775701904e+02
6.2117901611e+02 6.2111999512e+02 6.2103601074e+02 6.2092102051e+02 6.2080499268e+02 6.2066198730e+02 6.2052001953e+02 6.2038702393e+02 6.2025500488e+02 6.2007397461e+02 6.1992901611e+02 6.1982098389e+02 6.1975701904e+02 6.1972998047e+02 6.1972802734e+02 6.1977398682e+02 6.1984301758e+02 6.1982397461e+02 6.1982800293e+02 6.1983001709e+02 6.1980603027e+02 6.1974200439e+02 6.1972302246e+02 6.1972900391e+02 6.1974902344e+02 6.1978399658e+02 6.1979498291e+02 6.1978497314e+02 6.1975299072e+02 6.1963800049e+02 6.1947601318e+02 6.1933099365e+02 6.1925500488e+02 6.1919097900e+02 6.1913500977e+02 6.1907702637e+02 6.1900500488e+02 6.1888598633e+02 6.1873297119e+02 6.1852301025e+02 6.1828601074e+02 6.1818701172e+02 6.1810900879e+02 6.1806597900e+02 6.1798999023e+02 6.1786901855e+02
6.2149200439e+02 6.2142199707e+02 6.2131799316e+02 6.2118701172e+02 6.2105999756e+02 6.2090997314e+02 6.2075701904e+02 6.2062500000e+02 6.2051202393e+02 6.2042102051e+02 6.2033398438e+02 6.2024102783e+02 6.2012597656e+02 6.2000500488e+02 6.1992401123e+02 6.1990600586e+02 6.1995001221e+02 6.1996600342e+02 6.1999798584e+02 6.2002697754e+02 6.2000402832e+02 6.1994396973e+02 6.1990600586e+02 6.1987902832e+02 6.1986499023e+02 6.1986499023e+02 6.1984301758e+02 6.1981402588e+02 6.1979699707e+02 6.1972998047e+02 6.1962298584e+02 6.1950799561e+02 6.1942602539e+02 6.1936499023e+02 6.1931298828e+02 6.1925299072e+02 6.1917297363e+02 6.1904998779e+02 6.1887799072e+02 6.1868902588e+02 6.1849499512e+02 6.1835601807e+02 6.1820898438e+02 6.1810900879e+02 6.1804199219e+02 6.1796301270e+02
6.2171997070e+02 6.2164501953e+02 6.2153399658e+02 6.2140399170e+02 6.2128002930e+02 6.2112097168e+02 6.2095300293e+02 6.2081402588e+02 6.2069897461e+02 6.2063098145e+02 6.2058697510e+02 6.2053198242e+02 6.2043902588e+02 6.2030401611e+02 6.2018200684e+02 6.2010498047e+02 6.2008801270e+02 6.2008398438e+02 6.2010998535e+02 6.2014398193e+02 6.2015399170e+02 6.2013598633e+02 6.2009802246e+02 6.2005700684e+02 6.2003100586e+02 6.1999102783e+02 6.1992297363e+02 6.1986499023e+02 6.1985601807e+02 6.1983398438e+02 6.1978002930e+02 6.1970300293e+02 6.1962799072e+02 6.1955102539e+02 6.1948297119e+02 6.1941497803e+02 6.1933898926e+02 6.1921600342e+02 6.1902001953e+02 6.1881896973e+02 6.1864697266e+02 6.1848101807e+02 6.1832501221e+02 6.1821502686e+02 6.1817602539e+02 6.1815698242e+02
6.2185498047e+02 6.2179400635e+02 6.2169097900e+02 6.2157501221e+02 6.2145697021e+02 6.2129699707e+02 6.2111602783e+02 6.2096697998e+02 6.2086401367e+02 6.2079699707e+02 6.2076702881e+02 6.2073498535e+02 6.2067999268e+02 6.2058502197e+02 6.2047601318e+02 6.2038098145e+02 6.2030798340e+02 6.2024499512e+02 6.2022802734e+02 6.2023699951e+02 6.2025598145e+02 6.2028900146e+02 6.2028802490e+02 6.2027197266e+02 6.2026501465e+02 6.2021502686e+02 6.2012597656e+02 6.2004901123e+02 6.2003497314e+02 6.2002398682e+02 6.1998797607e+02 6.1992401123e+02 6.1985198975e+02 6.1976202393e+02 6.1967797852e+02 6.1960400391e+02 6.1951098633e+02 6.1938397217e+02 6.1920202637e+02 6.1900000000e+02 6.1882000732e+02 6.1868200684e+02 6.1853802490e+02 6.1840100098e+02 6.1831701660e+02 6.1827899170e+02
6.2196301270e+02 6.2190600586e+02 6.2182598877e+02 6.2171899414e+02 6.2158398438e+02 6.2143798828e+02 6.2127899170e+02 6.2114697266e+02 6.2104998779e+02 6.2098498535e+02 6.2094799805e+02 6.2091302490e+02 6.2086700439e+02 6.2080603027e+02 6.2072900391e+02 6.2064898682e+02 6.2058300781e+02 6.2047497559e+02 6.2040399170e+02 6.2036499023e+02 6.2032598877e+02 6.2038397217e+02 6.2044396973e+02 6.2048999023e+02 6.2052899170e+02 6.2051898193e+02 6.2046997070e+02 6.2041302490e+02 6.2038098145e+02 6.2032299805e+02 6.2025402832e+02 6.2015997314e+02 6.2005200195e+02 6.1994500732e+02 6.1985998535e+02 6.1979699707e+02 6.1970098877e+02 6.1953601074e+02 6.1938098145e+02 6.1920098877e+02 6.1902502441e+02 6.1891900635e+02 6.1876501465e+02 6.1860601807e+02 6.1850299072e+02 6.1839898682e+02
6.2208099365e+02 6.2200097656e+02 6.2191699219e+02 6.2179998779e+02 6.2166601563e+02 6.2153900146e+02 6.2140802002e+02 6.2129602051e+02 6.2122100830e+02 6.2117102051e+02 6.2113000488e+02 6.2108599854e+02 6.2102801514e+02 6.2095599365e+02 6.2087701416e+02 6.2080401611e+02 6.2075701904e+02 6.2068200684e+02 6.2062902832e+02 6.2058502197e+02 6.2051397705e+02 6.2053698730e+02 6.2060498047e+02 6.2066101074e+02 6.2071301270e+02 6.2075402832e+02 6.2075500488e+02 6.2072998047e+02 6.2068298340e+02 6.2061499023e+02 6.2050799561e+02 6.2037701416e+02 6.2025000000e+02 6.2013800049e+02 6.2006298828e+02 6.2000097656e+02 6.1989300537e+02 6.1972802734e+02 6.1959698486e+02 6.1946502686e+02 6.1930999756e+02 6.1916101074e+02 6.1899200439e+02 6.1883801270e+02 6.1872399902e+02 6.1858502197e+02
6.2222802734e+02 6.2211999512e+02 6.2201898193e+02 6.2190399170e+02 6.2178601074e+02 6.2168103027e+02 6.2156500244e+02 6.2146099854e+02 6.2138800049e+02 6.2134002686e+02 6.2129998779e+02 6.2125799561e+02 6.2121301270e+02 6.2115301514e+02 6.2107098389e+02 6.2098297119e+02 6.2091998291e+02 6.2084802246e+02 6.2078497314e+02 6.2073797607e+02 6.2069097900e+02 6.2071697998e+02 6.2078198242e+02 6.2084002686e+02 6.2088897705e+02 6.2093298340e+02 6.2094702148e+02 6.2092999268e+02 6.2088201904e+02 6.2079699707e+02 6.2067700195e+02 6.2054302979e+02 6.2042498779e+02 6.2033801270e+02 6.2026397705e+02 6.2018298340e+02 6.2007397461e+02 6.1994897461e+02 6.1983001709e+02 6.1971398926e+02 6.1958197021e+02 6.1940997314e+02 6.1925598145e+02 6.1911401367e+02 6.1898101807e+02 6.1881799316e+02
6.2245202637e+02 6.2232202148e+02 6.2219897461e+02 6.2207202148e+02 6.2195098877e+02 6.2185498047e+02 6.2174597168e+02 6.2163702393e+02 6.2154901123e+02 6.2150097656e+02 6.2146502686e+02 6.2142700195e+02 6.2138702393e+02 6.2133502197e+02 6.2125799561e+02 6.2116400146e+02 6.2108502197e+02 6.2100598145e+02 6.2092498779e+02 6.2087402344e+02 6.2085302734e+02 6.2088201904e+02 6.2094000244e+02 6.2100799561e+02 6.2106097412e+02 6.2109002686e+02 6.2109698486e+02 6.2107202148e+02 6.2101702881e+02 6.2091601563e+02 6.2079302979e+02 6.2067102051e+02 6.2057299805e+02 6.2050897217e+02 6.2043402100e+02 6.2034100342e+02 6.2024499512e+02 6.2018402100e+02 6.2010302734e+02 6.1997601318e+02 6.1983197021e+02 6.1967102051e+02 6.1954302979e+02 6.1940399170e+02 6.1924298096e+02 6.1908502197e+02
6.2270800781e+02 6.2258001709e+02 6.2243597412e+02 6.2228497314e+02 6.2216601563e+02 6.2204101563e+02 6.2192602539e+02 6.2181097412e+02 6.2171697998e+02 6.2166302490e+02 6.2163201904e+02 6.2159997559e+02 6.2154901123e+02 6.2148602295e+02 6.2142999268e+02 6.2135400391e+02 6.2127001953e+02 6.2118499756e+02 6.2111401367e+02 6.2106597900e+02 6.2103302002e+02 6.2103698730e+02 6.2107598877e+02 6.2114898682e+02 6.2122100830e+02 6.2123797607e+02 6.2123999023e+02 6.2121002197e+02 6.2114801025e+02 6.2104302979e+02 6.2092297363e+02 6.2081298828e+02 6.2073602295e+02 6.2067199707e+02 6.2059600830e+02 6.2050701904e+02 6.2042297363e+02 6.2036602783e+02 6.2032397461e+02 6.2021197510e+02 6.2006201172e+02 6.1990600586e+02 6.1978302002e+02 6.1965301514e+02 6.1948797607e+02 6.1933898926e+02
6.2298101807e+02 6.2280401611e+02 6.2262500000e+02 6.2246502686e+02 6.2233099365e+02 6.2220898438e+02 6.2209600830e+02 6.2199200439e+02 6.2190502930e+02 6.2184497070e+02 6.2180902100e+02 6.2178002930e+02 6.2173797607e+02 6.2166699219e+02 6.2159002686e+02 6.2151800537e+02 6.2144097900e+02 6.2136798096e+02 6.2130902100e+02 6.2125701904e+02 6.2120098877e+02 6.2117498779e+02 6.2118902588e+02 6.2123699951e+02 6.2131896973e+02 6.2136499023e+02 6.2138702393e+02 6.2136798096e+02 6.2130102539e+02 6.2120898438e+02 6.2110400391e+02 6.2100701904e+02 6.2093597412e+02 6.2087500000e+02 6.2078900146e+02 6.2069299316e+02 6.2059802246e+02 6.2050402832e+02 6.2042602539e+02 6.2035699463e+02 6.2026397705e+02 6.2010900879e+02 6.1996398926e+02 6.1986602783e+02 6.1971697998e+02 6.1956097412e+02
6.2325701904e+02 6.2301898193e+02 6.2278302002e+02 6.2260302734e+02 6.2249597168e+02 6.2240100098e+02 6.2229699707e+02 6.2219396973e+02 6.2210400391e+02 6.2203802490e+02 6.2199499512e+02 6.2196197510e+02 6.2192602539e+02 6.2185302734e+02 6.2176501465e+02 6.2169299316e+02 6.2163598633e+02 6.2156402588e+02 6.2147900391e+02 6.2140502930e+02 6.2134399414e+02 6.2132598877e+02 6.2134497070e+02 6.2136199951e+02 6.2142297363e+02 6.2148901367e+02 6.2152899170e+02 6.2152398682e+02 6.2146899414e+02 6.2139501953e+02 6.2130499268e+02 6.2121398926e+02 6.2113500977e+02 6.2105902100e+02 6.2095697021e+02 6.2084301758e+02 6.2073498535e+02 6.2061700439e+02 6.2052801514e+02 6.2047802734e+02 6.2041699219e+02 6.2029602051e+02 6.2014202881e+02 6.2003997803e+02 6.1990997314e+02 6.1976702881e+02
6.2349499512e+02 6.2321899414e+02 6.2293902588e+02 6.2275201416e+02 6.2268499756e+02 6.2262200928e+02 6.2252398682e+02 6.2241497803e+02 6.2230798340e+02 6.2223400879e+02 6.2218499756e+02 6.2214697266e+02 6.2210601807e+02 6.2203601074e+02 6.2195001221e+02 6.2187500000e+02 6.2181298828e+02 6.2172900391e+02 6.2163598633e+02 6.2155700684e+02 6.2148797607e+02 6.2150402832e+02 6.2153698730e+02 6.2152600098e+02 6.2154998779e+02 6.2162500000e+02 6.2167602539e+02 6.2168499756e+02 6.2165100098e+02 6.2160400391e+02 6.2153198242e+02 6.2144299316e+02 6.2134197998e+02 6.2123901367e+02 6.2111901855e+02 6.2098400879e+02 6.2083801270e+02 6.2072399902e+02 6.2066198730e+02 6.2060797119e+02 6.2053497314e+02 6.2047601318e+02 6.2035699463e+02 6.2023602295e+02 6.2008398438e+02 6.1997802734e+02
